High_resolution/powerplant/Shangrao/OMI_NO2_2011_06-08.asc
ncols      200
nrows      200
xllcorner       115.451
yllcorner       27.0350
cellsize     0.0166667
NODATA_Value      -999.000
[rows 145 to 173 of 187, columns 132 to 197 of 200]
g g02g g.w8u g1i0v g v5w g g0r8g g.w8 g v5p g g2q9g g.u8~ g1i8 g v9q g w1r5M g.~3p g0i6p g w5v5g g8s1w g.8p g0i4q g g8s7s g.~9w g v5 g g0u8g g.w3v g1i3v g g6~9g g.q9q g1i3u g v2u g g4r4g g.r8p g v6r g g5q6g g.r1u g1i1 g v3q g g3s0M g1i8 g v3v g g0p7g g.w2u g1i1w g0i0v g g9q5r g.~9v g0i0w
g2p4g g.w4p g2i8 g g6v5g g.t5s g2i6t g u6v g g4q3g g.~6q g u6s g g6q8g g.r9 g1i4t g v7w g g5t1M g1i6u g v3q g g5t1g g.r2v g1i6u g v3q g g.t5~ g1i5w g v8v g g3r0g g.t6~ g1i7v g g4s4g g.r4q g1i1 g v7~ g g4~3g g.s4 g v7t g g4w7g g.s4t g1i3v g v6~ g g5v3M g1i4u g v6u g g4t5g g.r3 g1i1s
g w7r2g g8t1q g0i0w g w0w g g.w0w g0i0w g w0w g g0w0g g.w0w g0i0w g g0w0g g.w0w g0i0w g w0w g g0w0g g.w0w g.w5s g w1r1g g1v9v g.v3~ g0i5t g0i6r9M g.v3~ g0i5t g w7t6g g3s8t g.t8 g0i8 g g3q0w g.s8v g0i9r g w7s3g g7~6~ g.5t g w35g g6s9q g.q9~ g0i9 g w58g g2r7 g0i8v g w58g g2r7 g.u2~ g0i4p g w6s0M g.v7q g0i4p g g.w0w
g1i1w g v4p g g0u1g g8~1t g.~5r g0i9s g g90q g1i3 g0i5w g w97g g8p7q g.6r g w8s4g g.w4p g1i0r g v4t g g0s3g g.w8 g v5s g g0r0g g.w8 g1i0v g v1u g g1t6M g1i3v g v4s g g1t6g g.v9t g1i0p g v1s g g9p9~ g1i1r g v4v g g0s1g g.w5v g1i1r g g0s3g g.w1t g1i6w g v2r g g1r0g g.w1t g v6v g g0t9g
g1i5w g v7q g g7u0M g1i1r g v2p g g5p5g g.r4s g1i8p g v1 g g.t9v g1i8~ g v4w g g3u9g g.t4r g1i3u g g2u3g g.v5p g1i3 g v2p g g2r2g g.u5r g v3v g g2u0g g.u3p g1i0w g v1~ g g4u2M g1i8v g v5t g g4u2g g.r8t g1i9 g v6s g g.r9u g1i9~ g v1q g w8v6g g9p3r g.~9r g w3t6g g7q5t g.p9r g0i2s g
g.w0w g0i0w g g0w0g g.w0w g0i0w g w0w g g0w0g g.w0w g w0w g w1r1g g1v9v g.v3~ g0i6 g w2w4M g.v7w g0i2u g w1~4g g4~0v g.s2p g0i6u g g4~6~ g.s2q g0i6u g w9q9g g6q9r g.7s g w35g g6s8 g.p3u g0i8w g w4v3g g7u5r g0i1w g w7q3g g55u g.q9r g w0w g g0w0M g0i0w g w0w g g.w0w g0i0w g v1r g g4~0g g.w0t g2i0r g g0t1g
g.v3q g1i8q g v9q g g0w3g g.w4v g1i5~ g g0w4g g.w9 g1i6r g v8r g g1w7g g.v4t g v3r g g16g g.u9t g1i7t g v1p g g2v7M g1i6s g v2w g g2v8g g.u5r g1i8v g v6v g g.v8v g1i6u g v2~ g g1u9g g.v3t g1i8q g g0~5g g.w4s g1i2u g v9u g g1w4g g.w0u g v2w g g1p5g g.u9u g1i6p g v1u g g5~3M g1i9t g
v2r g g3w4g g.u1w g1i2u g v6s g g9w6u g.~4 g v3u g g1t2g g.v2p g1i8s g g1r4g g.v6t g1i8v g v2v g g3s3g g.t6t g v4~ g g3s7g g.t7w g1i0u g v8v g g3s6M g1i2r g v0v g g2q1g g.u9v g1i4~ g v6s g g.t0~ g1i8~ g0i5w g w9w0g g8~6w g.8 g w6t7g g7~5q g.p7 g0i2~ g w1s0g g9r0~ g v5t g g1s4g g.u6r g1i5u
w4w0g g3s0w g.u6w g0i4q g w90g g2q0w g w0w g g0w0g g.w0w g0i0w g w0w g g0w0M g0i0w g w0w g g0w0g g.w0w g.t5~ g0i5 g g5p2q g.7s g0i7w g g1u9g g.v4~ g1i0r g g2u0g g.u2w g1i4s g v4s g g00g g.w5q g0i2r g w3t2g g7t4u g.p8s g0i3 g g0w0M g0i0w g w0w g g.w0w g0i0w g v0 g g4w3g g.s4t g1i8s g g4w7g g.s0v g1i0w
g v9t g g2w4g g.u3p g1i3w g g2t9g g.u7 g1i0r g v6w g g1q0g g.v8w g v6q g g2v4g g.u3t g1i7v g v1t g g3r9M g1i1u g v7 g g3r9g g.u0u g1i2q g0i0u g g9r8r g1i2s g v9s g g1~4g g.u7~ g1.32942 1.44384 1.58429 1.31220 1.31220 1.36688 1.17161 1.23019 1.17118 1.14790 1.03787 1.00416 0.873340 0.924913 1.09537 1.09537 1.09537 1.04321 1.04321 0.912805 1.01423 0.912805 0.00000 0.00000 0.00000
1.63983 1.57157 1.55699 1.39956 1.39956 1.38652 1.38624 1.38448 1.41771 1.49296 1.33739 1.34709 1.38134 1.36698 1.38831 1.30312 1.23575 1.23575 1.23614 1.25688 1.27027 1.27760 1.34207 1.41237 1.47842 1.45611 1.35376 1.35376 1.33642 1.28345 1.19606 1.06095 0.951426 0.951426 0.951426 0.951426 0.967985 1.18118 1.42220 1.56001 1.64025 1.64025 1.64025 1.64025 1.31166 1.28525 1.29658 1.07516 1.09128 1.00357 0.990651 0.924608 0.924608 0.832147 0.861410 1.09537 1.09537 1.09537 1.04321 1.04321 1.04321 1.14101 0.00000 0.00000 0.00000 0.00000
1.63980 1.56223 1.54909 1.40946 1.44945 1.49307 1.53614 1.58272 1.62300 1.64606 1.48662 1.38298 1.39257 1.37692 1.43429 1.41938 1.34212 1.38297 1.41204 1.41683 1.45885 1.46778 1.45016 1.43518 1.43694 1.48150 1.22810 1.12576 1.02527 1.01582 0.845712 0.832498 0.958724 1.00428 1.05537 1.10647 1.14100 1.32055 1.66623 1.63939 1.60555 1.55506 1.50472 1.45405 1.17012 1.15576 1.18878 1.15576 1.15576 1.10953 1.10953 1.04018 1.04018 0.921235 0.885810 1.13365 1.21707 1.21707 0.00000 0.00000 0.00000 0.00000 0.665443 0.665443 0.570380 0.665443
1.48858 1.47959 1.47612 1.58243 1.62303 1.62303 1.62303 1.62301 1.64496 1.64956 1.65163 1.53618 1.57508 1.53962 1.57814 1.51705 1.46764 1.46654 1.46116 1.46116 1.50632 1.50106 1.47280 1.43632 1.39518 1.37852 0.825219 0.792855 0.817027 0.866627 1.04154 1.09264 1.13643 1.14197 1.14266 1.22500 1.33115 1.41631 1.62547 1.40373 1.38691 1.38691 1.38691 1.38691 1.15576 1.15576 1.18878 1.15576 1.15576 1.10810 1.07148 0.942845 0.856110 0.656848 0.632142 0.632142 0.00000 0.665443 0.798531 0.798531 0.798531 0.798531 0.798531 0.798531 0.665443 0.798531
1.46329 1.47062 1.47053 1.52541 1.60728 1.60707 1.60714 1.60874 1.63714 1.62092 1.63684 1.44256 1.44644 1.39739 1.50848 1.46087 1.46101 1.45480 1.44218 1.42753 1.41133 1.39855 1.38718 1.38718 1.38718 1.39766 0.905286 0.770576 0.846089 0.888200 1.05659 1.13026 1.16615 1.21725 1.25723 1.22058 1.27144 1.27144 1.37114 1.15576 1.15576 1.15576 1.15576 1.15576 0.990651 1.15561 1.15790 1.06074 0.970143 0.806507 0.758570 0.711159 0.711159 0.632142 1.29758 1.29758 0.665443 0.665443 0.798531 0.798531 0.798531 0.798531 0.499082 0.499082 0.399266 0.499082
1.47250 1.48065 1.48214 1.49943 1.62791 1.62132 1.61044 1.59826 1.60525 1.58137 1.57556 1.44195 1.44355 1.39479 1.49577 1.43810 1.42317 1.40714 1.40714 1.40714 1.40714 1.40754 1.41319 1.43448 1.45577 1.47352 1.11498 0.992619 1.08988 1.16892 1.33498 1.27144 1.22058 1.22058 1.22058 1.14430 1.14430 1.14430 1.22338 1.07230 1.04018 1.04018 1.02125 0.965819 0.711217 0.776371 0.758570 0.711159 0.711159 0.632142 0.632142 0.474106 0.474106 0.474106 1.47227 1.47227 1.47227 0.998164 0.998164 0.998164 0.998164 0.998164 0.499082 0.499082 0.499082 0.665443
1.48689 1.47909 1.46656 1.44529 1.56726 1.58137 1.58137 1.58137 1.60055 1.58137 1.59124 1.48769 1.42947 1.38409 1.48105 1.44632 1.44577 1.43472 1.44669 1.46129 1.46996 1.45264 1.52167 1.54703 1.55870 1.56559 1.40972 1.14430 1.18668 1.18668 1.30777 1.22058 1.14430 1.14430 1.14430 1.01715 1.01715 1.01715 1.02732 1.00020 0.803519 0.709761 0.632726 0.632142 0.474106 0.632142 0.711159 0.632142 0.632142 0.632142 0.632142 0.474106 0.474106 0.474106 0.474106 1.47227 1.47227 0.998164 0.998164 0.998164 0.998164 0.998164 0.499082 0.499082 0.499082 0.665443
1.50709 1.51539 1.51539 1.51539 1.61778 1.68684 1.68684 1.68684 1.68684 1.68684 1.68684 1.57873 1.51869 1.46603 1.47346 1.48326 1.47634 1.45358 1.42036 1.38969 1.36508 1.36297 1.51778 1.58777 1.58777 1.58777 1.46673 1.23794 1.24832 1.24832 1.35620 1.30777 1.27144 1.22058 1.22058 1.14430 1.14430 1.14430 1.14430 1.09860 0.711159 0.711159 0.711159 0.711159 0.568928 0.711159 0.758570 0.711159 0.632142 0.632142 0.632142 0.474106 0.474106 0.474106 0.474106 1.47227 1.47227 0.998164 0.998164 0.998164 0.998164 0.998164 0.499082 0.499082 0.499082 0.665443
1.50227 1.51539 1.51539 1.51539 1.56878 1.68684 1.68684 1.68684 1.68684 1.68684 1.68677 1.51335 1.53383 1.42570 1.40685 1.38568 1.38086 1.36799 1.34553 1.34553 1.34553 1.34543 1.40891 1.49310 1.44662 1.40034 1.24826 1.16265 1.22058 1.22058 1.33501 1.27144 1.27144 1.22058 1.22058 1.14430 1.14430 1.14430 1.14482 1.21219 0.716062 0.711159 0.711159 0.711159 0.568928 0.711159 0.758570 0.711159 0.632142 0.632142 0.632142 0.474106 0.474106 0.00000 0.00000 0.998164 0.998164 0.998164 0.998164 0.998164 0.998164 0.998164 0.499082 0.499082 0.499082 0.665443
1.50227 1.51539 1.51539 1.51539 1.52391 1.68272 1.67613 1.64192 1.60685 1.57183 1.53684 1.38845 1.47595 1.38086 1.38086 1.38086 1.37123 1.33239 1.24148 1.19514 1.14875 1.10252 1.11031 1.30254 1.30260 1.30260 1.20337 1.13848 1.22058 1.22058 1.33501 1.27144 1.27144 1.22058 1.22058 1.17532 1.26194 1.34967 1.43688 1.46989 0.864265 0.711159 0.711159 0.711159 0.568928 0.711159 0.711159 0.632142 0.00000 0.00000 0.00000 0.00000 0.00000 0.00000 0.00000 1.99633 1.99633 1.99633 0.998164 0.998164 0.998164 0.998164 0.00000 0.00000 0.00000 0.00000
1.49904 1.51278 1.48397 1.44833 1.41271 1.50291 1.52233 1.52150 1.52150 1.52150 1.52042 1.50745 1.52412 1.41555 1.36719 1.32552 1.28077 1.25992 1.18896 1.17800 1.17800 1.17800 1.17800 1.39525 1.43492 1.43492 1.25556 1.28376 1.35620 1.35620 1.33501 1.32411 1.41518 1.47335 1.57079 1.56845 1.56964 1.56913 1.54089 1.49697 1.23327 0.758570 0.758570 0.00000 0.00000 0.00000 0.00000 0.00000 0.00000 0.00000 0.00000 0.00000 0.00000 0.00000 0.00000 0.00000 1.99633 1.99633 1.99633 1.99633 1.96199 1.75723 0.00000 0.00000 0.00000 0.00000
1.39252 1.35950 1.35270 1.35270 1.35270 1.42396 1.49912 1.48279 1.46654 1.45021 1.43495 1.42966 1.38594 1.27277 1.23932 1.22087 1.21664 1.21664 1.19849 1.17800 1.17800 1.17800 1.17800 1.32308 1.43492 1.43492 1.22993 1.25868 1.39903 1.51941 1.58863 1.67256 1.68176 1.61148 1.56574 1.45919 1.41528 1.37187 1.35620 1.35620 1.31521 0.00000 0.00000 0.00000 0.00000 0.00000 0.00000 0.00000 0.00000 0.00000 0.00000 0.00000 0.00000 0.00000 0.00000 0.00000 0.00000 0.00000 0.00000 0.00000 0.00000 0.00000 0.00000 0.00000 0.00000 0.00000
1.33832 1.32199 1.30573 1.28941 1.27307 1.29278 1.43167 1.42906 1.40695 1.38084 1.35476 1.33067 1.32318 1.23626 1.21664 1.21664 1.21664 1.21664 1.20906 1.17800 1.17800 1.17800 1.17800 1.25090 1.23034 1.29530 1.22426 1.32750 1.42361 1.46734 1.37371 1.33257 1.29139 1.21090 1.21090 1.13017 1.13017 1.13017 1.13017 1.13017 1.11582 0.918785 0.00000 0.00000 0.00000 0.00000 0.00000 0.00000 0.00000 0.00000 0.00000 0.00000 0.00000 0.00000 0.00000 0.00000 0.00000 0.00000 0.00000 0.00000 0.00000 0.00000 0.00000 0.00000 0.00000 0.00000
1.26286 1.26286 1.26286 1.25961 1.23679 1.21105 1.33513 1.32990 1.32590 1.32590 1.32590 1.32590 1.32590 1.26364 1.21799 1.21664 1.21664 1.21664 1.21618 1.18136 1.20060 1.27643 1.35439 1.42204 1.43011 1.40913 1.25017 1.22174 1.23459 1.27144 1.21090 1.21090 1.21090 1.13017 1.13017 1.01715 1.01715 1.01715 1.01715 1.01715 1.01714 0.957117 0.00000 0.00000 0.00000 0.00000 0.00000 0.00000 0.00000 0.00000 0.00000 0.00000 0.00000 0.00000 0.00000 0.00000 0.00000 0.00000 0.00000 0.00000 0.00000 0.00000 0.00000 0.00000 0.00000 0.00000
1.23543 1.20931 1.18320 1.16039 1.15710 1.15710 1.26034 1.32590 1.32590 1.32590 1.32590 1.32590 1.32590 1.28691 1.22422 1.21664 1.22373 1.27467 1.32785 1.33882 1.31746 1.24213 1.16466 1.10684 1.18695 1.28995 1.16095 1.16095 1.11222 1.12960 1.01715 1.01715 1.01715 0.847627 0.847627 0.847627 0.847627 0.844897 0.837141 0.830783 0.825615 0.814000 0.00000 0.00000 0.00000 0.00000 0.00000 0.00000 0.00000 0.00000 0.00000 0.00000 0.00000 0.00000 0.00000 0.00000 0.00000 0.00000 0.00000 0.00000 0.00000 0.00000 0.00000 0.00000 0.00000 0.00000
1.15710 1.15710 1.15710 1.15710 1.15710 1.15710 1.21268 1.32590 1.32590 1.32590 1.32590 1.32590 1.32590 1.30873 1.22283 1.28047 1.27382 1.22324 1.17042 1.14404 1.10363 1.10363 1.10363 1.10363 1.08271 1.33018 1.21364 1.22027 1.18308 1.19234 1.13017 1.13017 1.13017 1.01577 1.00696 0.998861 0.992309 0.988383 0.988241 0.988241 0.988241 0.981603 0.917264 0.00000 0.00000 0.00000 0.00000 0.00000 0.00000 0.00000 0.00000 0.00000 0.00000 0.00000 0.00000 0.00000 0.00000 0.00000 0.00000 0.00000 0.00000 0.00000 0.00000 0.00000 0.00000 0.00000
1.15710 1.15710 1.15710 1.15710 1.15710 1.15710 1.16768 1.32325 1.32590 1.29748 1.22082 1.14335 1.06584 0.988554 0.898284 1.15283 1.16086 1.16086 1.16086 1.15892 1.11417 1.12176 1.13029 1.13881 0.974402 1.33019 1.36819 1.36819 1.33019 1.31290 1.34602 1.33453 1.32529 1.23614 1.23530 1.23530 1.23530 1.23500 1.21811 1.18740 1.14952 1.10597 1.14569 0.00000 0.00000 0.00000 0.00000 0.00000 0.00000 0.00000 0.00000 0.00000 0.00000 0.00000 0.00000 0.00000 0.00000 0.00000 0.00000 0.00000 0.00000 1.08993 1.08993 1.08993 1.08993 1.08993
1.15710 1.15710 1.15710 1.15710 1.15884 1.17128 1.18555 1.12084 1.01050 0.961450 0.960646 0.960646 0.960646 0.961442 0.914569 1.10170 1.17873 1.18512 1.18516 1.15519 1.13903 1.15192 1.15192 1.15192 0.960151 1.32131 1.36669 1.36372 1.32338 1.33386 1.37256 1.37256 1.37256 1.31765 1.30691 1.27602 1.23790 1.19066 1.17064 1.17064 1.17083 1.17634 1.23019 0.00000 0.00000 0.00000 0.00000 0.00000 0.00000 0.00000 0.00000 0.00000 0.00000 0.00000 0.00000 0.00000 0.00000 0.00000 0.00000 0.00000 0.00000 1.08993 1.08993 1.08993 1.08993 1.08993
1.16532 1.17959 1.19386 1.20813 1.22065 1.22249 1.22249 1.09672 0.967026 0.987492 1.00847 1.02945 1.05032 1.07050 1.00634 0.994718 1.11497 1.07642 1.04417 1.04071 1.08502 1.15192 1.15986 1.18981 1.01402 1.23981 1.35844 1.35844 1.32070 1.32259 1.36579 1.33851 1.30099 1.20404 1.17101 1.17067 1.17525 1.18441 1.19615 1.21171 1.23261 1.24056 1.29224 0.00000 0.00000 0.00000 0.00000 0.00000 0.00000 0.00000 0.00000 0.00000 0.00000 0.00000 0.00000 0.00000 0.00000 0.00000 0.00000 0.00000 0.00000 1.08993 1.08993 1.08993 1.08993 1.08993
1.22249 1.22249 1.22334 1.23895 1.25992 1.28091 1.30188 1.27142 1.07551 1.07601 1.06399 1.01520 0.963718 0.912282 0.851920 0.748914 1.03736 1.04071 1.04345 1.06979 1.11403 1.23409 1.25054 1.25161 1.04301 1.16275 1.35691 1.33615 1.27000 1.23614 1.21762 1.22313 1.23239 1.19443 1.20937 1.22990 1.24056 1.24056 1.24056 1.24056 1.24056 1.24056 1.29168 1.55069 0.00000 0.00000 0.00000 0.00000 0.00000 0.00000 0.00000 0.00000 0.00000 0.00000 0.00000 0.00000 0.00000 0.00000 0.00000 0.00000 0.00000 0.00000 1.08993 1.08993 1.08993 1.08993
