High_resolution/powerplant/Shangrao/OMI_NO2_200501.asc
ncols      200
nrows      200
xllcorner       115.451
yllcorner       27.0350
cellsize     0.0166667
NODATA_Value      -999.000
[rows 60 to 89 of 185, columns 66 to 131 of 200]
9.37121 9.37123 9.21459 9.06819 7.62852 7.58245 7.58245 7.63052 7.38704 6.41709 6.44749 6.29507 6.10277 6.10751 5.96956 5.76033 5.55105 5.35052 5.27430 5.24748 5.23380 4.92652 4.82080 4.84814 5.12782 4.54778 4.58715 4.83116 4.86413 4.87449 4.84650 4.84650 4.84650 4.84650 4.84650 4.84650 4.84650 4.85266 4.90952 4.71339 4.69943 4.43362 4.09648 4.08912 4.14913 4.23141 4.31378 4.39668 4.42014 4.42722 4.42926 4.43138 4.43012 4.32808 3.77021 3.69301 3.69267 3.61790 3.46464 3.70149 3.70234 3.67672 2.63607 2.60264 2.60264 2.60264
9.33889 9.29318 9.17365 9.08957 7.98681 7.52009 7.51959 7.51017 7.62801 6.37931 6.27078 6.01259 5.39506 5.19739 5.12638 5.12638 5.12638 5.12638 5.12638 5.12638 5.12638 5.07293 5.00477 5.00477 5.19273 4.80008 4.61989 4.89061 4.98342 5.05031 5.08098 5.14725 5.21571 5.28402 5.35212 5.42079 5.48881 5.55118 5.56257 5.38668 5.28540 5.15085 4.28988 4.36638 4.39085 4.39296 4.39500 4.38977 4.37611 4.36967 4.36967 4.36967 4.36967 4.36962 3.86658 3.69245 3.69245 3.68016 3.45310 3.65622 3.70234 3.70234 2.84623 2.60264 2.60264 2.60264
8.79557 8.79327 8.77267 8.81336 8.19951 7.29894 7.22060 7.03680 7.01514 5.96192 5.65204 5.65179 5.19323 5.12638 5.12638 5.12638 5.12638 5.10699 5.05229 4.99711 4.94192 4.85997 4.70983 4.65459 4.71024 4.98304 5.18090 5.45679 5.60360 5.60360 5.57598 5.56257 5.56257 5.56758 5.58246 5.59893 5.68497 5.86665 6.06052 6.11115 5.81765 5.78041 4.55862 4.36967 4.36967 4.36967 4.36967 4.36967 4.36967 4.36967 4.36967 4.36967 4.36967 4.36967 4.06542 3.69503 3.69245 3.69245 3.50845 3.59199 3.70234 3.70234 3.08178 2.60264 2.60264 2.60264
8.48620 8.44042 8.42056 8.39002 8.12182 6.74122 6.59990 6.57866 6.56846 5.98016 5.47659 5.42133 5.04878 4.78539 4.73015 4.67491 4.61972 4.58388 4.58322 4.58322 4.58322 4.57989 4.46495 4.46161 4.49563 4.88878 5.22758 5.38036 5.64917 5.66431 5.66474 5.67170 5.82208 6.01079 6.18985 6.36713 6.47503 6.48707 6.48707 6.46382 5.92720 5.87474 4.86244 4.36967 4.36967 4.36967 4.36967 4.36967 4.36967 4.36967 4.36967 4.36967 4.36967 4.36967 4.24110 3.72099 3.69245 3.69245 3.57608 3.53416 3.70234 3.70234 3.38113 2.95368 3.25931 3.56506
7.88999 7.61440 7.36139 7.33769 7.25398 6.14745 5.69587 5.60522 5.61749 5.57872 5.10797 5.10869 4.93284 4.58322 4.58322 4.58322 4.58322 4.58322 4.58837 4.60055 4.61273 4.62496 4.54215 4.52775 4.53993 4.84202 5.32919 5.45353 5.95242 6.11678 6.28017 6.44303 6.48707 6.48707 6.48707 6.48707 6.48707 6.48707 6.48707 6.48707 6.04575 5.91365 5.20010 4.36967 4.36967 4.36967 4.36967 4.36967 4.36967 4.36967 4.36967 4.36967 4.36967 4.36967 4.36407 3.79952 3.69245 3.69245 3.70077 3.78115 4.36999 4.67587 4.76734 3.83652 3.83652 3.83652
6.81177 6.81177 6.81177 6.88634 6.93821 6.36677 5.59491 5.59491 5.59491 5.70688 5.10791 5.11860 5.09162 4.62216 4.62973 4.64195 4.65413 4.66635 4.67339 4.67343 4.67343 4.66495 4.57336 4.49636 4.49163 4.72470 5.61289 5.89381 6.37952 6.46295 6.46295 6.48059 6.48707 6.48707 6.48707 6.48707 6.48707 6.48707 6.48707 6.48707 6.18754 5.91436 5.57494 4.37055 4.36967 4.36967 4.36967 4.36967 4.36967 4.36967 4.36967 4.36940 4.36459 4.35826 4.33408 4.11853 4.20493 4.44317 4.62283 4.40782 4.82366 4.86950 4.87439 4.16133 4.14319 4.17570
6.81177 6.81177 6.81177 6.85980 6.95473 6.82247 5.65209 5.66375 5.68122 5.81835 5.31292 5.19889 5.19889 4.78036 4.67343 4.67343 4.66467 4.64124 4.61749 4.59382 4.58100 4.62616 4.66065 4.68460 4.77681 4.94914 5.76662 6.37746 6.45740 6.46295 6.46295 6.47300 6.48707 6.48707 6.48709 6.48739 6.48776 6.48814 6.48851 6.48888 6.33148 5.91692 5.75403 4.48237 4.30111 4.29479 4.28842 4.28213 4.27579 4.26949 4.24863 4.17298 4.09672 4.03974 4.01045 4.25113 4.63602 4.60340 4.57157 4.59648 4.82504 4.87477 4.87231 4.44491 4.26832 4.26587
6.88285 6.90032 6.91776 6.95148 7.06259 7.06259 6.00326 5.71929 5.71929 5.77376 5.49550 5.18991 5.16623 4.86544 4.59350 4.56975 4.56963 4.66128 4.77308 4.89785 5.02548 5.10302 5.14312 4.97212 4.97249 5.01443 5.63291 6.46627 6.46665 6.46702 6.46739 6.47035 6.49216 6.49264 6.49299 6.49306 6.49306 6.49306 6.49306 6.49306 6.46643 5.93084 5.80589 4.78842 4.35312 4.38997 4.41570 4.38000 4.33419 4.28656 4.21911 4.16959 4.12756 4.09640 4.06013 4.07215 4.68446 4.63730 4.63485 4.71616 4.85658 4.85570 4.85570 4.55807 4.25662 4.25662
6.93615 6.93615 6.93615 6.93641 7.05282 7.07288 6.45390 5.75842 5.77437 5.79364 5.62411 5.14041 5.12594 5.07812 4.98762 5.13505 5.26781 5.29944 5.31368 5.32137 5.32137 5.32137 5.32130 5.01119 4.97628 4.97628 5.35341 6.41021 6.46894 6.46894 6.46894 6.46729 6.47977 6.47800 6.47114 6.46427 6.45739 6.45052 6.44367 6.43678 6.42993 5.97633 5.81416 5.16504 4.52746 4.41192 4.29596 4.25004 4.21341 4.17706 4.17697 4.22467 4.26882 4.27745 4.27745 4.27745 4.59703 4.62908 4.62908 4.65103 4.85490 4.85570 4.85570 4.68546 4.25662 4.25662
7.07157 7.08710 7.10570 7.12447 7.20951 7.22693 7.00318 5.84185 5.81930 5.83080 5.83319 5.29935 5.35221 5.37246 5.32375 5.32137 5.32137 5.32137 5.32137 5.32137 5.32137 5.33889 5.39148 5.21090 5.15343 5.20708 5.49027 6.19801 6.41631 6.40946 6.40258 6.39736 6.40847 6.42116 6.42116 6.42116 6.42116 6.42113 6.41460 6.34323 6.19687 5.83045 5.54464 5.10225 4.30413 4.27745 4.27745 4.27745 4.27745 4.27745 4.27745 4.27745 4.27745 4.27745 4.27745 4.27745 4.45157 4.62908 4.62908 4.62908 4.81419 4.85570 4.85570 4.81123 4.25830 4.25662
7.10576 7.08662 7.06448 7.04205 7.07077 7.04667 6.78733 5.98924 5.99975 6.03242 6.06551 5.46966 5.42686 5.47149 5.49969 5.54577 5.59937 5.65287 5.70642 5.75996 5.81356 5.84955 5.85050 5.69271 5.50540 5.50540 5.64057 6.04317 6.39704 6.39702 6.39698 6.39693 6.40073 6.42096 6.39908 6.26206 6.10404 5.94597 5.79434 5.70758 5.69592 5.62025 5.43044 5.18078 4.43282 4.27745 4.27745 4.27745 4.27745 4.27745 4.27745 4.27745 4.27745 4.27745 4.27745 4.27745 4.31254 4.62249 4.62908 4.62908 4.75158 4.85570 4.85570 4.85570 4.34127 4.22585
7.02037 6.98974 6.73127 6.37584 6.01329 5.78441 5.70477 5.67870 5.65496 5.59649 5.54719 5.75793 5.81485 5.81467 5.82939 5.85050 5.85050 5.85050 5.85050 5.85050 5.85050 5.85408 5.88785 5.84416 5.60046 5.63677 5.70647 5.90322 6.38975 6.36844 6.28688 6.20728 6.12169 5.88191 5.71708 5.69592 5.69592 5.69592 5.69592 5.69592 5.69592 5.68191 5.43449 5.26809 4.64786 4.27745 4.27745 4.27745 4.27745 4.27745 4.27745 4.27745 4.27745 4.27745 4.27745 4.27745 4.27745 4.51198 4.62908 4.62908 4.68902 4.82216 4.74097 4.65949 4.19095 3.92820
5.72979 5.33544 5.24584 5.24577 5.25114 5.36525 5.36735 5.39531 5.49095 5.49095 5.49095 5.67892 5.82006 5.81467 5.83245 5.90541 5.94879 5.99484 6.04359 6.09549 6.15076 6.20421 6.21411 6.19854 5.76122 5.67204 5.59094 5.62529 5.90171 5.94643 5.93464 5.93105 5.93105 5.79309 5.69592 5.69592 5.69592 5.69592 5.69592 5.69592 5.69592 5.69592 5.48619 5.35440 4.84306 4.27745 4.27745 4.27745 4.27745 4.27745 4.27745 4.27745 4.27745 4.27745 4.27745 4.27745 4.27745 4.33925 4.49089 4.38770 4.29073 4.43184 4.41887 4.39636 4.06672 3.63169
5.24577 5.24577 5.24577 5.24577 5.24577 5.34343 5.36735 5.37988 5.51234 5.54894 5.57381 5.71157 6.02885 6.06908 6.09838 6.20204 6.21411 6.21411 6.21411 6.18309 6.10332 6.02231 5.94120 5.85426 5.40488 5.24493 5.17247 5.32701 5.64825 5.93105 5.93105 5.93105 5.93105 5.87029 5.69592 5.69592 5.69592 5.69592 5.69592 5.69592 5.70461 5.72461 5.60077 5.49315 4.92320 4.19680 4.12628 4.10446 4.08264 4.06074 4.03900 4.01702 3.99532 3.95468 3.87553 3.78381 3.67734 3.52133 3.90629 3.90482 3.90293 3.88959 3.79285 3.71122 3.55285 3.10277
5.27653 5.27860 5.29999 5.32274 5.34691 5.45705 5.54991 5.56565 5.63219 5.67431 5.67431 5.70477 6.08180 6.09839 6.07358 6.06526 6.02149 5.94039 5.85929 5.80499 5.78409 5.75931 5.73042 5.70894 5.38630 5.18210 5.21570 5.35954 5.61409 6.06834 6.09353 6.11881 6.14409 6.16717 5.93044 5.92667 5.94692 5.96708 5.98723 6.00742 6.01896 6.01896 5.94067 5.75347 4.96109 4.08186 3.88429 3.88429 3.88429 3.86706 3.80692 3.73623 3.65419 3.59398 3.59038 3.58785 3.57598 3.47374 3.75558 3.89447 3.89379 3.79891 3.67616 3.67548 3.65697 3.11066
5.62460 5.41368 5.41368 5.41368 5.41368 5.46855 5.56565 5.56565 5.59634 5.67224 5.65267 5.62967 5.74329 5.73315 5.67238 5.64799 5.59294 5.52320 5.44218 5.36078 5.32096 5.28506 5.24915 5.21330 5.36179 5.67171 5.67171 5.69259 5.80298 6.29135 6.33484 6.33484 6.33484 6.33484 6.13164 6.01886 6.01830 6.01766 6.01699 6.01630 6.01557 6.01481 5.99584 5.70344 5.01476 4.20633 3.81177 3.74177 3.64844 3.54382 3.50113 3.46071 3.42033 3.38096 3.34302 3.30526 3.27674 3.27509 3.52010 3.89101 3.89101 3.85659 3.67474 3.67474 3.67474 3.21537
5.73111 5.26971 5.24247 5.21509 5.18691 5.17442 5.25513 5.22283 5.17837 5.31898 5.31673 5.30226 5.27198 5.33198 5.26785 5.20315 5.19186 5.19186 5.19186 5.19186 5.19186 5.19186 5.19186 5.19186 5.25649 5.66096 5.62924 5.59692 5.71960 6.14717 6.37827 6.38751 6.39726 6.40761 6.28182 6.01110 6.01100 6.01100 6.01100 6.01100 6.00889 6.01669 6.09661 5.82777 5.28014 4.08569 3.35112 3.30349 3.27610 3.27509 3.27509 3.27509 3.27509 3.27509 3.27509 3.27509 3.27509 3.27509 3.28065 3.89101 3.89101 3.89084 3.70025 3.67474 3.67474 3.33795
5.70809 5.04623 5.02396 4.99120 4.95632 4.92174 5.02411 5.00568 4.99839 5.11644 5.10532 5.02290 4.99890 5.19186 5.19186 5.18570 5.15578 5.12346 5.09120 5.05895 5.02669 4.99450 4.96218 4.92992 4.89829 5.31487 5.35547 5.35547 5.51250 5.94409 6.42953 6.42953 6.42993 6.43514 6.42830 6.00344 5.97164 5.97894 6.08571 6.23792 6.44121 6.65176 6.70348 6.13196 5.63342 4.09370 3.44640 3.27509 3.27509 3.27509 3.27509 3.27509 3.27509 3.27509 3.27509 3.27509 3.27509 3.27509 3.12560 3.80952 3.89101 3.89101 3.75988 3.67474 3.67474 3.46045
5.11084 4.84846 4.83453 4.83453 4.83453 4.83453 4.91704 4.90920 4.85129 4.79337 4.73540 4.67748 4.60439 4.91891 4.90405 4.87796 4.87562 4.87562 4.87562 4.87562 4.87562 4.87562 4.87562 4.87562 4.87562 5.20959 5.35547 5.35547 5.41572 5.58322 6.47083 6.48690 6.51240 6.55484 6.59486 6.36796 6.46958 6.68276 6.70905 6.70905 6.70905 6.70905 6.70905 6.35647 5.81984 4.28116 3.67388 3.27509 3.27509 3.27509 3.27509 3.27509 3.27509 3.27509 3.27509 3.27509 3.27509 3.27509 3.22843 3.53382 3.89101 3.89101 3.81969 3.67268 3.53379 3.18633
4.61255 4.55457 4.49660 4.43874 4.38082 4.32291 4.37364 4.46013 4.46013 4.46013 4.46013 4.46013 4.46013 4.76599 4.87562 4.87562 4.87562 4.87562 4.87562 4.87562 4.87562 4.87562 4.87562 4.87562 4.87562 5.10446 5.35547 5.36227 5.38483 5.42121 6.41818 6.68190 6.70843 6.70905 6.70905 6.70905 6.70905 6.70905 6.70905 6.70905 6.70905 6.70905 6.70905 6.62371 5.82525 4.65504 3.90132 3.27509 3.27509 3.27509 3.27509 3.27509 3.27509 3.27509 3.27509 3.27509 3.27509 3.27509 3.27509 3.25372 3.74988 3.51849 3.23563 2.66882 2.49708 2.45249
4.29626 4.29626 4.29626 4.29626 4.29626 4.29626 4.33633 4.46013 4.46013 4.46013 4.46013 4.46013 4.46013 4.68342 4.87562 4.87562 4.87562 4.87562 4.87562 4.87562 4.87562 4.87562 4.88271 4.90530 4.92825 5.07462 5.45367 5.46988 5.47028 5.48345 6.15473 6.70905 6.70905 6.70905 6.70905 6.70905 6.70905 6.70905 6.70905 6.70905 6.70905 6.70905 6.70905 6.70905 5.94049 5.02633 4.04664 3.25038 3.16210 3.12237 3.08286 3.04334 3.00368 2.96410 2.92408 2.88478 2.84505 2.80561 2.76581 2.44776 2.23215 2.19005 2.13432 2.11380 2.28777 2.44191
4.29626 4.29626 4.29626 4.29626 4.29626 4.29626 4.30326 4.45751 4.46013 4.46013 4.46013 4.46013 4.46013 4.60083 4.87562 4.87562 4.87562 4.88271 4.90530 4.92825 4.95119 4.97414 4.99006 4.99043 4.99043 5.01433 5.46466 5.47028 5.47028 5.47115 5.79091 6.64044 6.60365 6.56687 6.53009 6.49313 6.45664 6.41986 6.38308 6.34611 6.30927 6.27249 6.23571 6.19875 5.69688 4.93618 3.38170 2.82555 2.56310 2.56310 2.56310 2.56310 2.56310 2.56310 2.56310 2.56310 2.55654 2.53793 2.51900 2.33318 2.03494 2.03264 2.04455 2.38855 2.72998 2.74432
4.29626 4.29626 4.29626 4.29626 4.29626 4.29626 4.29626 4.42808 4.46013 4.46013 4.46013 4.46013 4.42371 4.36691 4.91372 4.95674 4.98778 5.01184 5.02031 5.02840 5.03650 5.04458 5.05268 5.06080 5.06889 5.07699 5.14883 5.12980 5.10528 5.08233 5.00077 6.05684 6.11958 6.11958 6.11958 6.11958 6.11958 6.11958 6.11958 6.11958 6.11958 6.11958 6.11958 6.11958 5.83743 5.34098 3.41263 3.05287 2.56310 2.56310 2.56282 2.55037 2.53143 2.51240 2.49341 2.47441 2.46195 2.46158 2.46148 2.42017 2.12809 2.12809 2.12809 2.27701 2.78485 2.78485
4.29626 4.30351 4.31796 4.33241 4.34681 4.36126 4.37568 4.44069 4.40141 4.30594 4.21028 4.11486 4.05572 4.06247 4.88774 5.10783 5.10783 5.10783 5.10783 5.10783 5.10783 5.10783 5.10783 5.10783 5.10783 5.10783 5.08954 5.07730 5.07730 5.05777 4.96976 5.75151 6.11958 6.11958 6.11958 6.11958 6.11958 6.11958 6.11958 6.11958 6.11958 6.11958 6.11958 6.11958 6.04611 5.42035 3.67391 3.09724 2.50581 2.48668 2.46793 2.46137 2.46133 2.46133 2.46133 2.46133 2.46133 2.46133 2.46133 2.46133 2.16866 2.12809 2.12809 2.13762 2.74367 2.78485
4.47828 4.48543 4.46844 4.37411 4.27055 4.16699 4.06323 4.01902 4.07311 4.07311 4.07311 4.07311 4.07311 4.07311 4.63183 5.10783 5.10783 5.10783 5.10783 5.09485 5.03355 4.96765 4.90188 4.83610 4.77026 4.70455 4.62699 4.54243 4.47657 4.43032 4.56166 5.42199 6.11958 6.11958 6.11958 6.11958 6.11958 6.11958 6.11958 6.11958 6.09254 5.95550 5.80686 5.65823 5.50974 4.98691 3.69492 2.86877 2.52404 2.46133 2.46133 2.46133 2.46133 2.46133 2.46133 2.46133 2.46133 2.46133 2.46133 2.46133 2.25034 2.12809 2.12809 2.12809 2.57252 2.78485
4.18061 4.07705 3.99039 3.98101 3.98101 3.98101 3.98101 3.99387 4.07311 4.07278 4.06024 4.04149 4.02270 4.00395 4.20920 4.71359 4.64818 4.58232 4.51654 4.46367 4.45916 4.45916 4.45916 4.45916 4.45916 4.45916 4.45416 4.42863 4.42863 4.42863 4.46767 5.09233 6.11923 6.11958 6.11958 6.07534 5.93077 5.78205 5.63342 5.48478 5.36310 5.35142 5.35142 5.35142 5.35142 5.05973 4.13561 2.86877 2.63724 2.46133 2.46133 2.46133 2.46133 2.46133 2.46133 2.46133 2.46133 2.46133 2.46133 2.46133 2.33187 2.12809 2.12809 2.12809 2.39198 2.78485
3.97896 3.96287 3.94410 3.92533 3.90658 3.88781 3.86905 3.85043 3.91581 3.90519 3.89899 3.89899 3.89899 3.89899 3.93165 4.41217 4.45916 4.45916 4.45916 4.45916 4.45916 4.45916 4.45916 4.45916 4.45916 4.45916 4.45899 4.43063 4.42863 4.42863 4.44569 4.94055 5.67947 5.60837 5.45973 5.35527 5.35142 5.35142 5.35142 5.35142 5.35142 5.35142 5.35142 5.35142 5.35142 5.16849 4.57644 2.86877 2.75037 2.46133 2.46133 2.46133 2.46133 2.46133 2.46133 2.46133 2.46133 2.46133 2.46133 2.46133 2.41351 2.12809 2.12809 2.12809 2.21144 2.78472
3.80954 3.80689 3.80689 3.80689 3.80689 3.80689 3.80689 3.80689 3.87043 3.89899 3.89899 3.89899 3.89899 3.89899 3.89899 4.29879 4.45916 4.45916 4.45916 4.45916 4.45916 4.45916 4.45916 4.45916 4.45916 4.47740 4.52136 4.54358 4.57945 4.62392 4.65102 4.99325 5.32020 5.35142 5.35142 5.35142 5.35142 5.35142 5.35142 5.35142 5.35142 5.35142 5.35142 5.35142 5.35142 5.30046 4.89967 2.98763 2.85190 2.47299 2.46133 2.46223 2.46925 2.47768 2.48640 2.49550 2.50486 2.51481 2.52505 2.53576 2.54653 2.19142 2.15234 2.15515 2.15622 2.88762
3.80689 3.80689 3.80689 3.80689 3.80689 3.80689 3.80689 3.80689 3.84985 3.89899 3.89899 3.89899 3.89899 3.89899 3.89899 4.15269 4.45916 4.45916 4.45916 4.45916 4.47822 4.52262 4.56678 4.61125 4.65541 4.68164 4.68184 4.66654 4.65131 4.65131 4.65131 4.84940 5.29954 5.35142 5.35142 5.34342 5.32532 5.30722 5.28906 5.27090 5.25280 5.23470 5.21643 5.19821 5.18011 5.16201 4.82010 3.67431 3.18923 2.79443 2.65765 2.67288 2.67528 2.67528 2.67528 2.67528 2.67528 2.67528 2.67528 2.66855 2.64677 2.29769 2.10224 2.07093 1.94565 2.11079
3.80689 3.80689 3.80689 3.80689 3.80689 3.80689 3.80689 3.80689 3.82928 3.89899 3.89899 3.89899 3.89899 3.89899 3.89899 4.08913 4.52593 4.56805 4.61218 4.65668 4.66026 4.62099 4.58163 4.54221 4.50291 4.46343 4.42413 4.42349 4.53733 4.52526 4.51317 4.56968 5.03762 5.08733 5.07151 5.06136 5.06136 5.06136 5.06136 5.06136 5.06136 5.06136 5.06136 5.06136 5.06136 5.06136 4.83117 4.12320 3.28643 3.00701 2.67528 2.67528 2.67528 2.67515 2.66165 2.63391 2.57354 2.50811 2.44244 2.38365 2.33982 1.86987 1.10739 0.985593 0.960050 0.939743
