High_resolution/powerplant/Shangrao/OMI_NO2_200709.asc
ncols      200
nrows      200
xllcorner       115.451
yllcorner       27.0350
cellsize     0.0166667
NODATA_Value      -999.000
[rows 29 to 57 of 164, columns 130 to 194 of 200]
2.40247 2.44334 2.47012 2.33113 2.15535 2.13799 2.12155 2.16929 2.19670 2.02619 2.02526 2.02298 1.97789 1.91334 1.84696 1.78094 1.63086 1.41543 1.37890 1.59904 1.62498 1.76644 1.87257 1.87236 1.71461 1.72785 1.74164 1.74572 1.75863 1.78063 1.80016 1.81717 1.82200 1.82200 1.82200 1.82200 1.82200 1.75231 1.81754 2.26075 2.30488 2.31856 2.35002 2.38237 2.39512 2.39611 2.37569 2.35304 2.33054 2.32164 2.32164 2.32164 2.32164 2.32033 1.77919 1.63015 1.60180 1.54642 1.53075 1.55258 1.57893 1.62267 1.67857 1.73457 1.79056
2.29877 2.22689 2.16753 2.15435 2.09524 2.09089 2.08754 2.11651 2.13450 1.90122 1.78792 1.72380 1.70250 1.70067 1.70067 1.70067 1.67175 1.34221 1.39252 1.54315 1.57728 1.66479 1.95317 1.95317 1.78403 1.77653 1.79650 1.81432 1.82200 1.82200 1.82870 1.85353 1.87937 1.90518 1.93017 1.93620 1.93438 1.88090 1.81170 2.26756 2.37002 2.35387 2.34787 2.35992 2.34734 2.35171 2.35816 2.36484 2.37117 2.37765 2.38390 2.39018 2.39635 2.40246 2.07513 1.76401 1.65413 1.65898 1.67265 1.73610 1.86170 1.87387 1.87387 1.87387 1.87387
2.13728 2.12285 2.12285 2.11721 2.04899 2.01109 1.98497 1.97642 2.04670 1.86936 1.70067 1.70067 1.68990 1.65898 1.62758 1.59620 1.56483 1.26977 1.22992 1.38292 1.53160 1.59142 1.97583 1.99073 1.91374 1.88961 1.91539 1.94122 1.96708 1.99198 1.99110 2.13790 2.13288 2.11724 2.10264 2.10481 2.12752 2.13075 2.10343 2.36367 2.47932 2.44830 2.44871 2.48961 2.49417 2.49417 2.49417 2.49417 2.49417 2.49417 2.49510 2.49781 2.50058 2.50334 2.33335 1.97087 1.84033 1.81594 1.76927 1.77051 1.86484 1.87387 1.87387 1.87387 1.87387
2.17123 2.09607 2.06672 2.04300 2.01851 1.99549 1.99592 1.99338 2.04315 1.91189 1.60093 1.56956 1.54892 1.54847 1.54847 1.54847 1.54506 1.39438 1.30462 1.45027 1.63975 1.64428 1.90539 1.99667 2.00135 1.99182 1.96413 1.93648 1.90904 1.88226 1.87458 2.09611 2.17028 2.18991 2.20952 2.22861 2.23443 2.22722 2.15587 2.28188 2.51630 2.44830 2.44830 2.47452 2.49417 2.49548 2.49824 2.50101 2.50377 2.50654 2.50617 2.45468 2.38288 2.31112 2.20437 2.00393 1.83224 1.83146 1.76927 1.76927 1.83132 1.87387 1.87387 1.87308 1.86118
2.11846 2.04614 2.04712 2.05505 2.04941 1.93992 1.92030 1.90517 1.94705 1.89255 1.54740 1.54847 1.54816 1.52405 1.48489 1.44578 1.41005 1.39782 1.36340 1.46634 1.61229 1.67502 1.78539 1.86638 1.83679 1.87412 1.87458 1.88208 1.90517 1.92871 1.95224 2.12824 2.23443 2.23443 2.23443 2.23443 2.23443 2.23443 2.16599 2.17445 2.54568 2.45272 2.45822 2.45035 2.40323 2.33294 2.26113 2.18938 2.11763 2.04582 1.97628 1.95606 1.95606 1.95606 1.95648 2.02747 1.83888 1.84029 1.77261 1.75031 1.76395 1.81920 1.79768 1.77479 1.76495
2.16889 2.07705 2.05599 2.01579 1.97427 1.77561 1.70989 1.66844 1.63922 1.62627 1.49580 1.45726 1.41842 1.40339 1.40340 1.41316 1.43138 1.44960 1.43277 1.52749 1.63437 1.73266 1.74575 1.84082 1.87025 1.92934 1.95892 1.97496 1.97544 1.97544 1.97544 2.07663 2.23443 2.23443 2.23408 2.21067 2.17488 2.14240 2.07239 2.03980 2.24401 2.12861 2.04900 2.01306 1.95984 1.95606 1.95606 1.95616 1.95646 1.95678 1.95710 1.95742 1.95774 1.96693 1.99078 2.07417 1.93893 1.76974 1.66489 1.60361 1.57025 1.52178 1.47055 1.41889 1.37158
1.94187 1.81621 1.79946 1.79946 1.79946 1.69127 1.59259 1.56812 1.54617 1.53293 1.45349 1.42863 1.44685 1.46509 1.48330 1.49177 1.49177 1.49177 1.47201 1.53447 1.64547 1.80011 1.82367 1.93410 1.94972 1.96506 1.97544 1.97544 1.97700 1.98084 1.96416 1.97631 2.13816 2.10348 2.07310 2.06703 2.07062 2.07403 2.06675 2.06042 2.10097 2.07431 2.01739 2.01767 1.98220 1.96061 1.96093 1.96115 1.97277 1.96389 1.93803 1.91266 1.89933 1.88134 1.84595 1.90553 1.92802 1.48333 1.42505 1.36262 1.36262 1.36262 1.36262 1.36262 1.36262
1.88153 1.81728 1.78132 1.75685 1.73238 1.66072 1.54130 1.55269 1.56550 1.58766 1.55014 1.49177 1.49177 1.49177 1.49483 1.52137 1.55560 1.59412 1.63209 1.63964 1.68852 1.80005 1.84437 1.93557 2.01511 1.96746 1.87439 1.84803 1.82200 1.79412 1.78010 1.78200 1.99348 2.01639 2.02499 2.02633 2.02633 2.02633 2.03382 2.06257 2.08201 2.09418 1.96007 1.93041 1.88539 1.80855 1.78271 1.75972 1.73368 1.72878 1.74237 1.75656 1.76105 1.76105 1.76105 1.79517 1.99908 1.54510 1.45080 1.36262 1.36262 1.36262 1.36262 1.36305 1.37000
1.81350 1.74936 1.71143 1.71292 1.71539 1.71697 1.59500 1.59325 1.59693 1.61601 1.60643 1.56054 1.61423 1.67337 1.77874 1.86131 1.93154 1.99811 2.04931 2.01692 1.89794 1.99487 2.05927 2.05165 1.91340 1.87963 1.76880 1.77602 1.78707 1.79812 1.80874 1.81161 1.97337 2.02590 2.01642 2.00339 1.99033 1.97790 1.97999 2.02129 2.03097 1.88393 1.79786 1.79971 1.80908 1.73777 1.74842 1.76014 1.76105 1.76090 1.75637 1.74997 1.74356 1.73715 1.73071 1.72483 1.96274 1.61954 1.47679 1.37448 1.38213 1.39128 1.40046 1.40919 1.41141
1.82594 1.79049 1.78413 1.79110 1.79701 1.79763 1.68651 1.66790 1.69740 1.76099 1.81002 1.97320 2.09916 2.13932 2.15206 2.17740 2.24225 2.30762 2.37298 2.40994 2.16558 2.14520 2.15999 2.14872 1.92755 1.93712 1.82017 1.80249 1.78970 1.77710 1.76460 1.75226 1.82566 1.88829 1.90006 1.91536 1.93074 1.94543 1.94219 1.91828 1.86461 1.68536 1.66841 1.73157 1.72616 1.64265 1.59740 1.59094 1.58459 1.57827 1.57639 1.57639 1.57639 1.56733 1.54076 1.51370 1.64132 1.57141 1.52864 1.43315 1.41141 1.41141 1.41603 1.43120 1.44552
1.91463 1.81031 1.83616 1.88699 1.94249 2.00316 1.94569 1.82998 1.83959 1.84619 1.85096 2.04930 2.27183 2.32683 2.38087 2.41241 2.41003 2.40729 2.40460 2.37955 2.16864 2.08695 2.09227 2.07462 1.89879 1.83041 1.76696 1.75089 1.76530 1.78544 1.80559 1.82573 1.85821 1.89215 1.87941 1.82497 1.76735 1.70970 1.65623 1.66486 1.68151 1.60246 1.56740 1.69713 1.69713 1.65514 1.57639 1.57639 1.56320 1.53616 1.50907 1.48207 1.45501 1.43699 1.43920 1.45047 1.54491 1.60342 1.56855 1.52217 1.49406 1.50412 1.51101 1.51130 1.51130
2.20698 2.18383 2.22025 2.22046 2.22046 2.22151 2.19028 2.04893 2.09243 2.10536 2.06943 2.14600 2.37460 2.32967 2.28679 2.24574 2.20139 2.15391 2.10400 2.06663 2.04364 1.96973 1.99329 2.00692 1.93105 1.86887 1.85733 1.84527 1.85102 1.85102 1.82517 1.76759 1.71440 1.69341 1.64850 1.64527 1.64527 1.64527 1.64527 1.65675 1.68151 1.63979 1.52549 1.67353 1.65859 1.61486 1.47927 1.46078 1.45892 1.47174 1.48515 1.49922 1.51399 1.52951 1.54203 1.54291 1.56221 1.65468 1.58859 1.56620 1.51130 1.51130 1.51130 1.51130 1.51130
2.22067 2.22597 2.23345 2.24093 2.24841 2.25068 2.23864 2.15528 2.13363 2.11278 2.01315 2.00943 2.10249 2.09335 2.08056 2.06752 2.06474 2.06475 2.06732 2.07227 2.07254 1.97149 1.98627 2.01331 1.99483 1.91276 1.85857 1.74938 1.69368 1.63598 1.60421 1.60414 1.60414 1.64128 1.64527 1.64527 1.64527 1.64556 1.65673 1.68073 1.73915 1.74265 1.43728 1.52943 1.58263 1.58832 1.55746 1.54291 1.54291 1.54291 1.54291 1.54291 1.54306 1.54513 1.54786 1.55067 1.54723 1.65775 1.57517 1.62032 1.58972 1.61481 1.64111 1.66825 1.69626
2.22469 2.21382 2.20071 2.18759 2.17444 2.16552 2.16525 2.12287 2.09066 2.07876 1.96740 1.93490 2.03413 2.06666 2.07154 2.07688 2.08274 2.08918 2.09226 2.09226 2.10512 1.97780 1.97435 1.88764 1.81503 1.69273 1.66741 1.60460 1.60414 1.60414 1.60414 1.60456 1.61169 1.66052 1.69862 1.72429 1.74995 1.77137 1.77065 1.75988 1.78460 1.78524 1.51216 1.49393 1.62938 1.63281 1.61180 1.57585 1.57941 1.58307 1.58686 1.58069 1.56737 1.56585 1.56509 1.56428 1.57333 1.72646 1.65079 1.82010 1.83310 1.83350 1.83350 1.83350 1.83350
2.16525 2.16525 2.16525 2.16525 2.16398 2.15489 2.14341 2.10750 2.04570 2.04922 1.96461 1.92142 2.00769 2.09224 2.09226 2.09226 2.09226 2.09226 2.09226 2.09226 2.09295 2.00394 1.97234 1.79473 1.72910 1.67427 1.63255 1.61739 1.65731 1.68368 1.71002 1.73595 1.75519 1.77932 1.78619 1.77031 1.75442 1.74249 1.74185 1.74185 1.79679 1.83029 1.64029 1.44926 1.65859 1.67156 1.67332 1.62021 1.62227 1.62489 1.62779 1.64306 1.66456 1.66673 1.66673 1.66673 1.66673 1.74006 1.69765 1.80161 1.83350 1.83350 1.83350 1.83350 1.83350
2.16502 2.15802 2.14691 2.13440 2.12217 2.12038 2.12038 2.11906 2.06971 2.06668 1.99702 1.91871 1.96459 2.09226 2.09226 2.09226 2.09226 2.08224 2.04744 2.01153 1.97565 1.90928 1.85954 1.70887 1.52731 1.52015 1.61054 1.66551 1.76383 1.76290 1.74997 1.73340 1.71682 1.71430 1.74185 1.74185 1.74185 1.74570 1.75870 1.77207 1.82264 1.88271 1.79084 1.46713 1.67099 1.73313 1.72920 1.68235 1.66673 1.66673 1.66673 1.66673 1.66673 1.66673 1.66673 1.66673 1.66673 1.68840 1.74000 1.75412 1.83350 1.83459 1.84029 1.84651 1.85273
2.12491 2.12038 2.12038 2.12038 2.12038 2.12038 2.12038 2.12038 2.08451 2.06668 2.01781 1.86866 1.83412 1.96424 1.93422 1.89832 1.86241 1.83652 1.80041 1.72394 1.64743 1.59049 1.58724 1.54459 1.38433 1.40096 1.61795 1.61306 1.71725 1.70457 1.70950 1.72211 1.73476 1.75069 1.79046 1.80062 1.79922 1.78893 1.76780 1.74468 1.74064 1.82689 1.87018 1.48045 1.57084 1.61646 1.60823 1.54683 1.45199 1.43741 1.42221 1.40676 1.39055 1.37419 1.35681 1.33941 1.30309 1.23166 1.53443 1.61704 1.86102 1.86614 1.86666 1.86666 1.86666
2.12038 2.12038 2.12038 2.11412 2.08476 2.05106 2.01421 1.96682 1.88547 1.77550 1.70602 1.56715 1.56595 1.74794 1.72245 1.64443 1.56641 1.48837 1.44537 1.44379 1.44228 1.43820 1.52993 1.51494 1.34779 1.29542 1.48936 1.54383 1.71176 1.77770 1.78107 1.76840 1.75059 1.73183 1.67980 1.64986 1.64305 1.66187 1.71763 1.77884 1.84897 2.09459 2.11271 1.69265 1.49845 1.49845 1.49845 1.47378 1.28937 1.28937 1.28937 1.26324 1.20762 1.15199 1.09632 1.04067 1.00322 1.00222 1.34301 1.50636 1.88635 1.92213 1.93748 1.95279 1.96814
1.80042 1.71763 1.62107 1.52703 1.49422 1.46596 1.43744 1.42990 1.39540 1.14600 0.992051 1.16677 1.10624 1.26989 1.42781 1.42739 1.42409 1.42026 1.41644 1.41261 1.40879 1.40496 1.41635 1.44029 1.35222 1.27520 1.39622 1.49497 1.60283 1.71203 1.69197 1.68645 1.68681 1.71631 1.74652 1.79745 1.86589 1.91374 1.91472 1.91472 1.91472 2.05966 2.11271 1.86089 1.49845 1.49816 1.47510 1.43596 1.18537 1.08742 1.03177 1.00225 1.00222 1.00222 1.00222 1.00222 1.00222 1.00222 1.28839 1.59566 1.86654 1.98928 1.98928 1.98928 1.98928
1.42990 1.42990 1.42990 1.42309 1.32125 1.16021 0.950073 0.664819 0.358584 0.592029 0.658127 0.997391 1.14193 1.26144 1.40452 1.40113 1.40059 1.40059 1.40059 1.40059 1.40059 1.40059 1.39668 1.44029 1.40454 1.27520 1.29796 1.40735 1.48165 1.73044 1.78190 1.83709 1.89614 1.92007 1.91783 1.91472 1.91472 1.91472 1.91472 1.91472 1.91508 2.02840 2.15195 2.05677 1.33164 1.22258 1.12555 1.02976 1.00222 1.00222 1.00222 1.00222 1.00222 1.00222 1.00222 1.00222 1.00222 1.00222 1.11507 1.57084 1.70779 1.95439 1.98809 1.98639 1.99142
1.21263 1.02191 0.812852 0.559981 0.549582 0.630993 0.712404 0.793702 0.868105 0.867468 0.860420 1.04826 1.22255 1.24048 1.40320 1.40059 1.40059 1.40059 1.40059 1.40059 1.40059 1.40059 1.37848 1.43659 1.43979 1.32743 1.35378 1.52418 1.59719 1.90836 1.92007 1.92007 1.92007 1.92007 1.91887 1.90822 1.90090 1.89924 1.89751 1.89559 1.89241 1.94391 2.12355 2.09598 1.14815 0.972583 0.964937 0.957639 0.950743 0.944226 0.938000 0.932101 0.926434 0.921046 0.915931 0.911009 0.910633 0.924221 0.994589 1.42111 1.52614 1.86618 2.04617 2.05562 2.05926
0.784900 0.862330 0.881842 0.881842 0.881842 0.881842 0.881842 0.881842 0.881842 0.874255 0.860420 0.962317 1.22255 1.22255 1.37904 1.40059 1.40059 1.40059 1.40059 1.40059 1.40059 1.40059 1.38777 1.41238 1.44029 1.44029 1.44029 1.53267 1.58922 1.82303 1.89897 1.90216 1.91124 1.92125 1.93196 1.95205 1.97863 2.00368 2.03524 2.07573 2.11812 2.07792 1.67885 1.67879 1.22426 0.898748 0.898748 0.898748 0.900664 0.908289 0.916301 0.924302 0.932289 0.971577 1.04616 1.11145 1.16555 1.20521 1.21048 1.43931 1.54960 1.79575 2.05926 2.05926 2.05926
0.881842 0.881842 0.881842 0.881842 0.881842 0.881842 0.910171 1.04624 1.15481 1.23272 0.889520 0.873568 1.21561 1.22255 1.32909 1.37021 1.34947 1.32964 1.31045 1.29182 1.27278 1.23270 1.18341 1.33652 1.40438 1.38330 1.37557 1.44634 1.62027 1.82013 2.04480 2.05200 2.05338 2.06207 2.07310 2.13589 2.17118 2.17228 2.17228 2.17228 2.17054 2.12338 1.63485 1.56084 1.41677 0.937656 0.945662 0.953674 0.963756 1.01905 1.08157 1.13636 1.18475 1.21033 1.21048 1.21048 1.21048 1.21048 1.21048 1.35649 1.54960 1.68786 2.04840 2.05926 2.05894
0.882770 0.887868 0.996325 1.09763 1.16282 1.11342 1.13564 1.11363 1.08768 1.06323 0.809429 0.682791 0.944430 0.985257 1.03752 1.10885 1.07474 1.03841 0.999762 0.958449 0.916198 0.917689 0.943379 1.14933 1.41054 1.43926 1.44812 1.45937 1.66818 1.74497 2.07088 2.08335 2.09557 2.08806 2.04620 2.01620 1.96144 1.89426 1.83249 1.84852 1.88531 1.95236 1.76314 1.73137 1.74719 1.04009 1.01925 1.15698 1.20072 1.21048 1.21048 1.21048 1.21048 1.21048 1.21048 1.21048 1.21048 1.21048 1.21048 1.26923 1.58056 1.65454 1.96391 2.04600 2.04247
1.15128 1.17068 1.18239 1.18239 1.18239 0.990914 0.966946 0.966946 0.966946 0.966946 0.848555 0.653555 0.861259 0.975584 0.966425 0.889404 0.880387 0.895352 0.910852 0.926727 0.942959 0.945026 0.933440 1.03804 1.33469 1.34762 1.32323 1.34767 1.65913 1.86608 1.90619 1.81574 1.75228 1.70494 1.77943 1.87067 1.95313 2.02483 2.08397 2.09741 2.09741 2.09741 1.91340 1.74601 1.74643 1.29945 0.991696 1.20946 1.21048 1.21048 1.21048 1.21048 1.21048 1.21048 1.21656 1.23138 1.24788 1.26627 1.28694 1.30465 1.66223 1.70631 1.88660 2.08677 2.10949
1.22962 1.18239 1.18239 1.18092 1.16805 1.03883 0.966946 0.966946 0.966946 0.966946 0.938313 0.663303 0.700776 0.731239 0.763352 0.735009 0.722613 0.722961 0.723021 0.768135 0.851350 0.934565 1.01778 1.19627 1.65838 1.78105 1.85549 1.85612 2.06560 2.35788 2.02936 1.95391 2.02549 2.08438 2.09741 2.09741 2.09741 2.09741 2.09741 2.09741 2.09741 2.09741 1.99676 1.74601 1.74601 1.52026 0.960145 1.16958 1.21056 1.21900 1.23414 1.25092 1.26969 1.29199 1.33507 1.37453 1.41095 1.44461 1.47588 1.50500 1.71295 1.83923 1.94709 2.22489 2.22489
1.23775 1.15420 1.14265 1.13339 1.13182 1.07763 0.970681 1.00332 1.03801 1.06865 1.09587 0.894426 0.830161 0.849610 0.869085 0.936790 1.11288 1.19610 1.27925 1.31735 1.31735 1.31735 1.31735 1.34671 1.84110 1.82689 1.81323 1.80160 1.92437 2.52091 2.33009 2.09741 2.09741 2.09741 2.09741 2.09741 2.09741 2.09741 2.09741 2.09741 2.09741 2.09741 2.08207 1.75141 1.72756 1.65554 1.00117 1.22163 1.39011 1.43511 1.46709 1.49677 1.52445 1.54966 1.55688 1.55688 1.55688 1.55688 1.55688 1.55688 1.66029 1.84162 1.88636 2.22489 2.22536
1.20926 1.13292 1.14579 1.16602 1.18439 1.19405 1.13236 1.15074 1.16536 1.17994 1.19454 1.09532 0.953457 0.953457 0.953457 1.00295 1.31735 1.31735 1.31735 1.32914 1.34961 1.36767 1.38374 1.39793 1.71734 1.79003 1.79003 1.79003 1.79168 2.43973 2.43761 2.09741 2.09741 2.09741 2.09741 2.09741 2.09741 2.09741 2.10011 2.13496 2.18037 2.22790 2.27752 1.96064 1.93258 1.91713 1.51356 1.45556 1.56429 1.57338 1.58250 1.59161 1.60072 1.60980 1.61892 1.62805 1.63712 1.69050 1.78603 1.87389 1.98897 2.26790 2.27409 2.22753 2.29204
1.31463 1.27168 1.26785 1.27953 1.29122 1.29963 1.22083 1.21577 1.21577 1.21577 1.21577 1.17178 0.953457 0.953457 0.971195 1.01400 1.32738 1.38138 1.39601 1.40248 1.40248 1.40248 1.40248 1.40248 1.61946 1.79003 1.79003 1.79003 1.79003 2.23229 2.51676 2.13788 2.15768 2.20325 2.24549 2.28858 2.33342 2.38017 2.42649 2.43869 2.43869 2.43869 2.43869 2.22614 2.11817 2.11351 1.78542 1.61322 1.69501 1.70213 1.70213 1.70325 1.76561 1.85626 1.93930 2.01532 2.08868 2.13544 2.15198 2.16941 2.18065 2.33781 2.35748 2.20129 2.27167
