High_resolution/powerplant/Shangrao/OMI_NO2_200708.asc
ncols      200
nrows      200
xllcorner       115.451
yllcorner       27.0350
cellsize     0.0166667
NODATA_Value      -999.000
[rows 58 to 86 of 200, columns 0 to 66 of 200]
2.30723 2.31219 2.32056 2.32731 2.33913 2.36307 2.41789 2.54134 2.65292 2.54985 2.61914 2.67075 2.64679 2.64072 2.63499 2.62945 2.62401 2.61872 2.61355 2.60853 2.60359 2.62958 2.85411 4.28069 4.36177 4.26930 4.05353 4.01131 3.95659 3.95659 3.86337 3.82168 3.76412 3.70364 3.64764 3.60152 3.59345 3.49994 3.24306 3.12232 2.92645 2.81794 2.75567 2.61792 2.62485 2.41912 1.82819 1.82819 1.82819 1.82819 1.82819 1.82819 1.84490 1.85946 1.87189 1.98779 2.05465 2.08555 2.12269 2.12269 2.12269 2.12269 2.12269 2.09867 2.04606 2.01365 2.06172
2.41787 2.43422 2.47437 2.57903 2.67918 2.77159 2.83626 2.83864 2.83864 2.56615 2.47879 2.57166 2.57264 2.57264 2.57242 2.56348 2.54936 2.53427 2.51814 2.50082 2.48219 2.47580 2.61941 3.94150 4.43958 4.39957 4.03592 4.01706 3.88369 3.81763 3.69875 3.60544 3.60790 3.55868 3.48176 3.40479 3.32910 3.30719 3.11156 3.05955 2.89882 2.75229 2.72939 2.55500 2.58498 2.59796 1.88762 1.82819 1.82819 1.82819 1.82819 1.82819 1.84084 1.85357 1.87189 1.94292 2.05465 2.06813 2.11912 2.07277 2.00681 1.94510 1.88706 1.85009 1.84430 1.87430 2.05833
2.67283 2.76493 2.83459 2.83864 2.83864 2.83864 2.83864 2.83864 2.83456 2.62787 2.42290 2.49809 2.51103 2.49316 2.47428 2.46757 2.46757 2.46757 2.46757 2.46757 2.46757 2.46889 2.53792 3.41543 4.28414 4.13284 3.76518 3.64867 3.70856 3.69019 3.57950 3.42351 3.33825 3.31058 3.31058 3.31058 3.31058 3.31058 3.16265 3.07600 2.90918 2.76254 2.74897 2.58574 2.56882 2.60840 2.11623 1.82819 1.82819 1.82793 1.82667 1.82531 1.83253 1.84276 1.86268 1.83968 1.85839 1.79522 1.78575 1.76869 1.77677 1.80849 1.84166 1.89407 1.94773 1.97261 2.09866
2.83864 2.83864 2.83018 2.80093 2.77077 2.74056 2.71039 2.68021 2.65410 2.55605 2.32425 2.39112 2.46757 2.46757 2.46757 2.46757 2.46757 2.46757 2.46973 2.47595 2.49113 2.50654 2.47245 2.73474 3.73833 3.68012 3.47561 3.32137 3.34013 3.41849 3.40784 3.31060 3.31058 3.31058 3.31058 3.31058 3.31058 3.31058 3.21496 3.09531 2.94525 2.79930 2.74667 2.63257 2.55139 2.59887 2.34730 1.81874 1.81561 1.81012 1.80157 1.76286 1.73080 1.71067 1.62349 1.58467 1.65102 1.71216 1.80033 1.86830 1.92131 1.95065 1.97864 1.98737 1.98737 1.98737 2.05239
2.67770 2.67331 2.65160 2.65064 2.65064 2.65064 2.65064 2.65064 2.65064 2.62800 2.33177 2.35248 2.42645 2.39581 2.47970 2.48461 2.49787 2.51187 2.52410 2.53347 2.53716 2.61261 2.68452 2.84503 3.27541 3.34716 3.30244 3.21163 3.26094 3.41849 3.41849 3.32306 3.31575 3.32966 3.34373 3.35778 3.37184 3.38591 3.35669 3.19775 3.05230 2.81971 2.72604 2.65964 2.52532 2.56194 2.53602 1.78571 1.72941 1.69998 1.67556 1.67694 1.70059 1.75270 1.72975 1.71783 1.80824 1.88285 1.93715 1.98730 1.98737 1.98738 1.98749 1.98763 1.98777 1.98791 2.00499
2.54106 2.65064 2.65064 2.65064 2.65064 2.64128 2.59150 2.54058 2.49330 2.44934 2.20447 2.14602 2.22486 2.24183 2.50547 2.53306 2.53571 2.60450 2.71325 2.82199 2.92808 2.96137 2.95102 2.93052 3.15170 3.35385 3.38498 3.26659 3.28349 3.49053 3.51347 3.43544 3.37800 3.34740 3.31660 3.28586 3.25508 3.22522 3.21006 3.21347 3.17092 2.90052 2.74807 2.74136 2.56834 2.50914 2.36473 1.87560 1.70575 1.74186 1.77798 1.81560 1.85201 1.89446 1.89427 1.84239 1.87436 1.95247 1.96591 1.97587 1.97369 1.97149 1.96919 1.96687 1.96454 1.96220 1.95987
2.36870 2.52969 2.48320 2.43984 2.39941 2.36760 2.36422 2.36478 2.37326 2.38427 2.25625 2.17183 2.23597 2.32293 2.61447 2.80152 2.89291 2.91402 2.89589 2.87801 2.86018 2.84268 2.82734 2.77854 2.84186 3.14098 3.23814 3.10839 3.05215 3.15697 3.17703 3.12321 3.08260 3.10027 3.24428 3.26748 3.29005 3.31167 3.31759 3.32005 3.31915 3.00828 2.79139 2.75895 2.50207 2.31887 2.00377 1.87004 1.86411 1.90489 1.94572 1.98470 2.00283 1.98261 1.96427 1.86100 1.86101 1.94629 1.94976 1.93372 1.93221 1.93221 1.93221 1.93221 1.93221 1.93221 1.93221
2.06870 2.34764 2.36422 2.36456 2.37243 2.38344 2.39446 2.39458 2.23847 2.21727 2.21702 2.25246 2.36328 2.44351 2.53182 2.67083 2.68843 2.70843 2.72784 2.74701 2.76562 2.78389 2.80017 2.77400 2.52029 2.77774 3.02045 3.01253 3.03084 3.15006 3.28846 3.25524 3.10511 3.10585 3.29859 3.32983 3.32776 3.32568 3.32410 3.31562 3.19846 2.84074 2.47601 2.26909 2.16762 2.14435 2.02941 2.01895 2.02862 2.02859 2.02859 2.02859 2.02859 2.00666 1.97287 1.88205 1.85943 1.92467 1.94983 1.93816 1.93221 1.93221 1.93221 1.93221 1.93221 1.93238 1.95436
2.03990 2.18374 2.22060 2.15656 2.08499 2.05650 2.09024 2.12481 2.10290 2.20362 2.25615 2.44454 2.48928 2.61026 2.66494 2.86207 2.86229 2.86229 2.86229 2.86229 2.86229 2.86229 2.86229 2.84869 2.61354 2.69571 3.03886 3.08597 3.11826 3.15899 3.32450 3.31154 3.10439 3.10000 3.24251 3.30619 3.17873 3.02599 2.87325 2.73227 2.70316 2.59233 2.41860 2.31135 2.30490 2.23977 2.14741 2.03551 2.02999 2.02859 2.02859 2.02859 2.02859 2.01835 1.97287 1.90931 1.85957 1.90131 1.94983 1.94268 1.93221 1.93351 1.96075 1.99832 2.03591 2.07327 2.08888
1.38610 1.58087 1.98016 2.08882 2.19752 2.26000 2.26034 2.26034 2.17179 2.26411 2.32750 2.47592 2.52259 2.63070 2.63457 2.83784 2.86229 2.86229 2.86229 2.86229 2.86229 2.86229 2.86229 2.86214 2.68912 2.59238 2.98394 3.07122 3.11196 3.11193 3.29125 3.28547 2.98896 2.82309 2.76393 2.72140 2.69617 2.69617 2.69617 2.69627 2.70094 2.65590 2.51475 2.33234 2.32759 2.24155 2.20994 2.03554 2.03210 2.02859 2.02859 2.02859 2.02859 2.02876 1.97893 1.94322 1.86905 1.88888 1.98704 2.02199 2.04455 2.08374 2.09308 2.08523 2.07288 2.05932 2.03775
1.29187 1.44739 2.23737 2.26034 2.26034 2.26277 2.27840 2.29709 2.24073 2.27185 2.40490 2.54169 2.63429 2.63429 2.63429 2.77813 2.86229 2.86229 2.86229 2.86229 2.86229 2.86184 2.86003 2.86477 2.79020 2.55933 2.91327 3.05135 2.96791 2.84160 2.78199 2.71075 2.59995 2.54926 2.58620 2.69617 2.69617 2.69617 2.69617 2.69617 2.69985 2.69918 2.52519 2.36532 2.33266 2.26411 2.24588 2.07719 2.04599 2.04322 2.04606 2.04886 2.04779 2.05000 2.03548 2.04968 2.03951 2.08191 2.11300 2.10280 2.07474 2.05740 2.03884 2.02369 2.01332 2.01117 2.01952
1.10372 1.36490 2.07700 2.34342 2.36693 2.38860 2.39142 2.39142 2.33504 2.25069 2.42607 2.49516 2.63429 2.63429 2.63432 2.72047 2.85904 2.85915 2.86654 2.87348 2.87997 2.88650 2.89390 2.89080 2.83078 2.51978 2.46013 2.48974 2.52999 2.58509 2.58329 2.68889 2.62947 2.54926 2.55976 2.69592 2.69036 2.68150 2.67263 2.66376 2.65737 2.65100 2.54861 2.44034 2.34782 2.29419 2.24300 2.12779 2.03014 2.03505 2.07208 2.11256 2.15887 2.20229 2.18020 2.14694 2.13445 2.12236 2.06417 2.04433 2.02241 2.01707 2.03643 2.04518 2.05331 2.05739 2.06150
0.299375 1.27503 1.78821 2.39142 2.39142 2.39142 2.39142 2.39142 2.37564 2.22564 2.42178 2.46775 2.66552 2.67457 2.71361 2.75134 2.89021 2.89615 2.89602 2.89230 2.85224 2.80288 2.75356 2.70942 2.70096 2.48372 2.36619 2.44447 2.48969 2.57004 2.53210 2.65281 2.61693 2.50217 2.49387 2.60078 2.60955 2.60341 2.59726 2.59110 2.58420 2.56231 2.46439 2.40788 2.34343 2.32664 2.25231 2.22618 2.19572 2.22103 2.21762 2.20898 2.19903 2.18907 2.15520 2.09984 2.08581 2.07242 2.03327 2.01915 2.01643 2.03009 2.07599 2.08225 2.08854 2.09302 2.09517
0.0333616 1.14656 1.40610 2.39423 2.41683 2.42944 2.44203 2.45462 2.46665 2.29969 2.41513 2.47714 2.65028 2.68320 2.72883 2.75400 2.83371 2.80645 2.75715 2.71090 2.69882 2.69578 2.69274 2.68969 2.68429 2.53524 2.36340 2.32648 2.36521 2.47611 2.43617 2.52983 2.53800 2.41449 2.39749 2.48116 2.51643 2.49087 2.46530 2.43974 2.41334 2.38612 2.34143 2.29424 2.34211 2.32987 2.23286 2.24898 2.26117 2.25167 2.15853 2.14557 2.13108 2.11659 2.10378 2.11529 2.11655 2.11702 2.09765 2.06967 2.07431 2.09260 2.13332 2.13631 2.13631 2.13631 2.13631
0.0328876 0.992241 1.38848 2.25950 2.46975 2.46975 2.46955 2.46813 2.46652 2.24579 2.24338 2.36343 2.44222 2.45300 2.42741 2.44946 2.51135 2.56297 2.54402 2.50902 2.47643 2.44389 2.41124 2.37865 2.34862 2.28607 2.17867 2.14965 2.21001 2.28739 2.27229 2.25071 2.29475 2.18411 2.13903 2.24229 2.36846 2.36151 2.34833 2.33516 2.32256 2.31023 2.30691 2.22774 2.33074 2.34859 2.29510 2.28732 2.26798 2.24776 2.10150 2.09042 2.09041 2.09041 2.09051 2.12843 2.13117 2.12855 2.11873 2.07656 2.07508 2.09052 2.12270 2.13631 2.13631 2.13631 2.13631
0.0328876 0.574118 1.38771 1.94421 2.48621 2.50922 2.53243 2.55564 2.52365 2.25514 2.05854 2.17064 2.14049 2.14240 2.11897 2.23402 2.25235 2.31956 2.30288 2.30277 2.30277 2.30583 2.32049 2.33567 2.35022 2.36073 2.27157 2.25775 2.30254 2.25689 2.19846 2.15052 2.24587 2.17287 2.11298 2.16379 2.32125 2.30843 2.30608 2.32015 2.33496 2.34568 2.35590 2.26756 2.32961 2.33056 2.27313 2.24571 2.24395 2.23645 2.13977 2.09041 2.09041 2.09041 2.09041 2.11988 2.13155 2.12889 2.12595 2.08210 2.07508 2.08601 2.11103 2.13631 2.13539 2.12856 2.12290
0.477098 0.656081 1.51851 1.79526 2.60096 2.51550 2.42913 2.34397 2.31429 2.20055 1.94971 1.93828 1.94225 1.99010 1.99021 2.13730 2.20098 2.34053 2.35643 2.37014 2.38333 2.39362 2.39455 2.39455 2.39455 2.39455 2.31837 2.27778 2.29025 2.27858 2.18328 2.10289 2.19931 2.15238 2.08794 2.12198 2.32662 2.34688 2.36358 2.36492 2.36492 2.36310 2.35857 2.29586 2.28201 2.31522 2.29301 2.23740 2.24689 2.23683 2.18429 2.09041 2.09041 2.09041 2.09041 2.11123 2.13155 2.12984 2.12919 2.10679 2.09605 2.10029 2.11443 2.14814 2.14655 2.14674 2.15023
0.793001 0.793001 1.42411 1.63533 2.21518 2.31429 2.31429 2.31429 2.31425 2.28439 1.96909 1.96655 1.96950 2.01679 2.03014 2.19335 2.27247 2.36874 2.39455 2.39455 2.39455 2.39455 2.39455 2.39455 2.39342 2.34564 2.22667 2.15130 2.08910 2.05072 1.91042 1.90072 2.18405 2.23351 2.15585 2.15675 2.34076 2.36492 2.36492 2.36492 2.36492 2.36457 2.35864 2.32705 2.25619 2.31500 2.31341 2.23414 2.24750 2.24026 2.22741 2.09419 2.09219 2.09260 2.09300 2.10480 2.12122 2.10023 2.08082 2.07323 2.05878 2.05347 2.07093 2.11411 2.12124 2.10779 2.08642
0.793001 0.793001 1.21157 1.66959 2.04670 2.31148 2.31068 2.30993 2.30926 2.30910 2.04219 1.99786 1.98735 2.01456 2.03279 2.12720 2.27247 2.33662 2.38902 2.37173 2.34845 2.27222 2.15930 2.04628 1.93442 1.86923 1.85040 1.88435 1.90531 2.03929 1.98577 1.95246 2.14705 2.26374 2.16645 2.15675 2.29677 2.36492 2.36492 2.36341 2.35131 2.33720 2.31801 2.29859 2.23546 2.31186 2.31763 2.24592 2.23083 2.21439 2.19575 2.07280 2.01530 1.99006 1.96574 1.94640 1.96931 1.97120 1.99654 2.01834 2.05897 2.05220 2.03739 2.02028 1.98381 1.95483 1.92927
1.07812 1.47820 1.53391 1.76691 1.91357 2.30910 2.30910 2.30910 2.30910 2.30910 2.09772 2.00284 1.99666 2.02951 2.07592 2.13951 2.29315 2.23322 2.08217 1.98648 1.89675 1.85999 1.84826 1.79487 1.73783 1.68075 1.63744 1.70240 1.77694 2.05529 2.01349 1.94599 2.04711 2.23034 2.14401 2.10198 2.18352 2.27508 2.26002 2.24419 2.23885 2.23553 2.21125 2.18225 2.16457 2.20379 2.21305 2.16057 2.13161 2.15158 2.07422 2.00468 1.92859 1.93122 1.94197 1.95328 1.99440 1.98871 1.97230 1.94265 1.94049 1.93257 1.95672 1.96810 1.95580 1.97536 1.99492
0.923354 1.53953 1.54045 1.69581 1.79966 2.25742 2.32788 2.35154 2.37523 2.39892 2.27717 2.16664 2.16250 2.16621 2.16360 2.12294 2.04026 1.94164 1.85345 1.79891 1.74185 1.68474 1.63932 1.63692 1.63964 1.64234 1.64504 1.68194 1.74501 1.92653 1.92859 1.82735 1.85903 2.13111 2.08519 2.03903 2.09102 2.22061 2.21212 2.20363 2.19522 2.18683 2.15569 2.09867 2.10408 2.16125 2.24010 2.24654 2.19995 2.19054 2.00629 1.90367 1.95316 1.94855 1.92048 1.90759 1.92365 1.94322 1.97778 2.00574 2.05513 2.08305 2.08795 2.09119 2.04932 2.04889 2.04282
0.793001 1.47031 1.54066 1.73301 1.94881 2.29322 2.49666 2.51775 2.53739 2.53370 2.39226 2.15694 2.07133 2.02415 2.05311 2.01350 1.97710 1.83966 1.73577 1.71439 1.72033 1.72644 1.73599 1.74550 1.75360 1.76170 1.76979 1.75843 1.82375 1.91729 2.01087 1.91876 1.90690 2.15487 2.17460 2.09782 2.09895 2.16973 2.16786 2.16857 2.18574 2.21240 2.23331 2.19430 2.20287 2.18093 2.19778 2.13570 2.00417 1.95772 1.88473 1.81024 1.94369 1.96555 1.97384 1.96804 1.97848 1.99219 1.99151 1.99264 2.00130 2.01046 2.00273 2.00086 1.96084 1.94368 1.94169
1.02817 1.66498 1.87982 2.01356 2.18749 2.28880 2.46885 2.38288 2.28745 2.21333 2.18245 2.01116 1.93064 1.85965 1.88460 1.93480 1.97518 1.87379 1.83797 1.79883 1.80367 1.80836 1.80962 1.80962 1.80866 1.79615 1.78026 1.73939 1.75624 1.79497 1.92921 1.88390 1.86246 2.04412 2.16942 2.08637 2.10133 2.20626 2.24182 2.26752 2.27404 2.23195 2.13625 1.98021 1.87165 1.79174 1.85005 1.83391 1.95204 1.96982 1.90313 1.74734 1.82036 1.88865 1.88865 1.88865 1.89809 1.92682 1.93021 1.94314 1.95236 1.97520 1.97628 1.98186 1.96255 1.94169 1.94169
1.35411 1.92282 1.98157 1.97767 1.88960 1.73597 2.11397 2.07223 1.99566 1.91957 1.85037 1.78328 1.78322 1.82527 1.87677 1.96512 1.99164 1.92464 1.87049 1.78883 1.77297 1.75707 1.74121 1.72529 1.71040 1.70702 1.70702 1.70500 1.67579 1.73212 1.89829 1.89942 1.88149 2.00779 2.23893 2.15377 2.11953 2.12570 2.05603 1.95987 1.86657 1.81225 1.81162 1.76929 1.74010 1.73450 1.75187 1.77570 1.86920 1.97064 1.94300 1.75555 1.77423 1.88865 1.88865 1.88865 1.89050 1.92641 1.92709 1.94236 1.94685 1.97704 1.98614 1.99509 1.99306 1.96540 1.96981
0.415211 1.64960 1.85144 1.85674 1.86649 1.69416 1.79685 1.83793 1.83793 1.83793 1.83793 1.79499 1.77024 1.81050 1.82304 1.93796 1.93340 1.87799 1.79024 1.71218 1.70702 1.70702 1.70702 1.70702 1.70702 1.70702 1.70702 1.70852 1.70588 1.82264 1.97511 2.09924 2.07863 2.08421 1.98839 1.88014 1.80014 1.78807 1.81162 1.81162 1.81162 1.81162 1.81162 1.78661 1.74010 1.73623 1.73815 1.77537 1.81285 1.97927 1.96257 1.79654 1.74059 1.87225 1.88264 1.88034 1.87802 1.90732 1.91157 1.92093 1.92383 2.01154 2.01474 2.00578 1.99867 1.94654 1.92980
0.175610 1.47693 1.81799 1.85408 1.92450 1.70564 1.73641 1.81992 1.80978 1.79962 1.78947 1.75291 1.72093 1.76165 1.77919 1.89973 1.91785 1.90456 1.79104 1.73309 1.70702 1.71130 1.73681 1.76509 1.81830 1.88640 1.95441 2.02095 1.98366 2.00853 2.06401 2.01376 1.89997 1.85859 1.83274 1.79353 1.76556 1.77894 1.81162 1.81162 1.81162 1.81162 1.81162 1.80388 1.74008 1.73620 1.72333 1.75584 1.76258 1.95157 1.94611 1.84465 1.74390 1.84812 1.91647 1.92493 1.93241 1.96348 1.98551 1.95218 1.90754 1.95791 1.94198 1.93761 1.93150 1.89183 1.86663
0.175610 1.17775 1.73367 1.77326 1.81904 1.69429 1.62612 1.77005 1.77490 1.77490 1.77490 1.76014 1.72093 1.74744 1.77919 1.86270 1.90693 1.91373 1.76952 1.78010 1.87676 1.94052 1.98312 2.02287 2.03768 2.05565 2.10208 2.14885 2.16738 2.14977 2.16180 1.92485 1.87901 1.85507 1.84591 1.80452 1.76552 1.77038 1.81151 1.81148 1.81145 1.81140 1.80560 1.79550 1.77836 1.79504 1.78071 1.81414 1.84200 1.99509 2.04805 1.95715 1.80993 1.85061 1.94718 1.94618 1.94470 1.95655 1.97536 1.95216 1.88686 1.92233 1.92629 1.91584 1.92382 1.87604 1.80222
0.175610 0.742813 1.66627 1.72802 1.75779 1.76744 1.63100 1.73642 1.77487 1.76865 1.75782 1.74402 1.68807 1.67846 1.70150 1.72716 1.81661 1.84964 1.85128 1.89553 2.03768 2.05282 2.09868 2.14545 2.19225 2.22106 2.22107 2.21734 2.20941 2.11788 2.15782 1.99340 1.89374 1.85376 1.84570 1.79409 1.74025 1.72984 1.75768 1.75125 1.74117 1.73023 1.72399 1.72205 1.81347 1.86785 1.83731 1.79551 1.77864 1.83111 1.90668 1.85929 1.80992 1.84423 1.93841 1.93977 1.93768 1.93836 1.94208 1.90235 1.79381 1.78030 1.79381 1.74542 1.71781 1.69899 1.63273
2.30122 1.29317 1.94019 1.96532 1.97888 1.99581 1.77803 1.69404 1.69220 1.65913 1.63069 1.60223 1.57221 1.60549 1.71701 1.78345 1.92350 1.93534 1.97857 1.97346 2.14808 2.18823 2.18309 2.17704 2.17093 2.16261 2.14779 2.13596 2.12497 2.02596 2.05157 1.97004 1.79893 1.73584 1.73959 1.69166 1.65581 1.64402 1.69159 1.71175 1.70904 1.70723 1.70354 1.67043 1.68668 1.73835 1.68114 1.65484 1.68864 1.73270 1.93924 1.97346 1.86607 1.83259 1.81155 1.77813 1.74174 1.71419 1.73890 1.74755 1.69398 1.68473 1.76180 1.74422 1.75295 1.76294 1.70368
