High_resolution/powerplant/Shangrao/OMI_NO2_200501.asc
ncols      200
nrows      200
xllcorner       115.451
yllcorner       27.0350
cellsize     0.0166667
NODATA_Value      -999.000
[rows 30 to 59 of 185, columns 0 to 65 of 200]
14.2897 12.5949 11.4636 10.8968 10.6032 10.7466 10.6685 10.5366 9.70269 9.69432 10.0829 10.2691 10.3865 10.5039 10.6214 10.7246 10.7399 10.7399 10.7399 10.7399 11.1622 11.2869 11.1249 10.9173 10.9173 10.0965 9.68017 9.68017 9.68017 9.95093 10.0095 10.0095 10.6556 11.6122 11.6159 11.7579 12.0939 12.1853 12.6872 13.0545 13.1816 13.1942 13.2017 13.9149 14.0459 14.0487 14.0487 13.3341 12.8192 12.9741 13.1290 13.4923 13.6287 13.4820 13.5844 13.5888 13.5888 13.5888 13.5888 13.5875 14.1000 14.2863 14.1501 14.1416 14.1331 13.8397
10.8333 10.6906 10.6909 10.7035 10.7201 10.8890 10.7707 10.7981 10.5664 10.3991 10.5698 10.7399 10.7399 10.7399 10.7399 10.7399 10.7399 10.7399 10.7399 10.7399 11.0267 11.2869 11.2215 10.9173 10.9173 10.3820 9.68017 9.68660 9.75930 10.0545 10.3982 10.6189 10.9569 12.4823 12.7065 12.8269 12.6147 12.5913 12.8122 13.2194 13.2194 13.2194 13.2194 13.7433 14.1737 14.3286 14.4835 14.2760 13.2220 13.2220 13.2220 13.3604 13.7074 13.4689 13.5389 13.5618 13.5533 13.5448 13.5363 13.5292 13.7879 14.2930 14.1155 14.1155 14.1155 13.9278
10.7497 10.7605 10.7700 10.7730 10.7730 10.8660 10.8303 10.7573 10.7991 10.3995 10.4686 10.7399 10.7399 10.7399 10.7399 10.7399 10.7399 10.7399 10.7399 10.7792 11.0580 11.4936 11.5856 11.3367 11.4721 11.4119 10.5943 10.7136 10.7650 10.9282 11.5175 11.5331 11.5331 12.5328 12.8819 12.8819 12.6715 12.6072 12.6260 13.2194 13.2984 13.4533 13.6082 14.0836 14.6224 14.6265 14.6514 14.6584 13.4011 13.3346 13.3624 13.4099 13.9358 13.4448 13.4668 13.5283 13.5283 13.5283 13.5283 13.5288 13.5704 14.3226 14.1308 14.0708 14.0186 13.9584
10.7730 10.7730 10.7730 10.7730 10.7730 10.8313 10.8816 10.7450 10.8766 10.3995 10.4012 10.7492 10.9275 11.0769 11.2263 11.3751 11.5249 11.6734 11.8629 12.1582 12.3671 12.6601 12.8094 12.2806 12.0353 11.9500 10.7433 10.6861 10.6861 10.6967 11.4709 11.5331 11.5331 12.1004 12.8819 12.8819 12.7781 12.7962 12.8976 13.6452 13.8464 13.8742 13.9021 14.0686 14.7871 14.8109 14.8154 14.8264 13.9206 13.4510 13.4636 13.4761 13.9100 13.6621 13.5371 13.6413 13.6538 13.6595 13.6224 13.5773 13.5081 13.8647 13.6845 13.4423 13.2838 12.9900
10.7730 10.7730 10.7730 10.7730 10.7730 10.8055 11.5248 11.4195 11.7098 11.3598 11.4872 11.8006 11.9383 12.0294 12.2277 12.4264 12.6249 12.7965 12.8899 12.8381 12.7728 12.7939 12.8028 12.3695 11.9232 11.9232 11.0072 10.6861 10.6861 10.6861 11.2324 11.5335 11.6209 11.8846 13.5059 13.8933 14.1344 14.1452 14.0153 14.0786 14.4391 14.5109 14.5828 14.6595 14.9465 14.9672 14.9782 14.9798 14.4695 13.5793 13.5793 13.5793 13.8643 13.8314 13.4770 13.4031 13.1875 12.9786 12.8126 12.6540 12.5110 12.7490 12.7455 12.2935 11.9921 11.8307
10.7730 10.7730 10.7730 10.7730 10.7730 10.7730 12.2195 12.1190 12.1813 12.1306 12.1502 12.4542 12.8803 12.9313 12.8663 12.8011 12.7359 12.6979 12.6976 12.6976 12.6976 12.7540 12.8015 12.6013 11.9097 11.9424 11.6463 11.5016 11.7439 11.9863 12.5257 13.3176 13.4722 13.5585 14.8084 15.1910 15.1773 14.9216 14.7914 14.3748 14.8550 14.8550 14.8550 14.8550 14.9443 14.9798 14.9798 14.9769 14.7369 13.4707 13.3669 13.2705 13.3340 13.5678 13.0946 12.7149 12.4864 12.5018 12.6421 12.8110 12.9802 13.0653 12.2732 12.0733 12.1153 12.1572
10.7730 10.7730 10.7618 10.6735 10.5808 10.4980 11.3756 12.1534 12.9286 12.7294 12.2282 12.0771 12.6724 12.6830 12.6766 12.6703 12.6640 12.6577 12.6550 12.7863 12.9846 13.2132 13.4872 13.6735 12.8598 12.8835 12.8559 12.7685 12.7685 12.7685 12.8279 13.6037 13.6156 13.6156 14.3101 15.1910 15.1910 14.9750 14.9151 14.2695 14.8404 14.8550 14.8550 14.7750 14.6113 14.4463 14.2174 13.9912 13.8931 13.3262 13.2416 13.3287 13.4448 13.8364 13.4630 13.3883 13.1653 13.3189 13.3477 13.3477 13.3477 13.3477 12.7469 12.2218 12.2209 12.2209
10.4746 10.3128 10.1553 10.0337 9.75999 9.43822 9.78088 10.5618 11.5488 11.7449 11.8092 11.8050 12.4335 12.8594 13.0641 13.2681 13.4729 13.6772 13.8781 13.9448 13.9448 13.9508 14.0486 14.0499 13.2782 12.8901 12.8828 12.7695 12.7685 12.7685 12.7685 13.4140 13.6156 13.6156 13.7710 15.1735 15.1910 15.0465 15.0171 14.5386 14.4097 14.2679 14.1264 14.0649 14.1805 14.3600 14.4472 14.5343 14.6162 14.2487 13.8961 14.0221 14.1492 14.4111 14.1184 13.8987 13.3524 13.3477 13.3477 13.3477 13.3477 13.3477 13.0338 12.2494 12.1747 12.1465
9.01711 8.78015 8.55969 8.35190 8.30367 8.30367 8.58105 10.2279 11.2492 11.9903 12.7422 12.9466 13.4510 13.9448 13.9448 13.9448 13.9448 13.9448 13.9448 13.9448 13.9448 13.9448 14.0287 14.0499 13.5901 12.8901 12.8901 12.7901 12.7685 12.7685 12.7685 13.1842 13.7740 14.0629 14.2005 15.4165 15.8078 15.8201 15.6998 15.4748 14.7884 14.5096 14.5096 14.5096 14.5155 14.6327 14.6554 14.7710 14.8983 14.8687 14.3175 14.3185 14.3185 14.4140 14.2584 13.9451 13.4473 13.2980 13.2698 13.2416 13.2135 13.1853 13.0935 12.1492 12.0201 12.0201
8.37458 8.47882 8.58307 8.68731 8.79163 8.89581 8.95231 10.4265 11.2070 12.0460 13.1228 13.1228 13.2206 13.9434 13.9448 13.9448 13.9448 13.9448 13.9448 13.9448 13.9448 13.9448 14.0032 14.1001 14.0372 13.1136 13.2048 13.3729 13.6291 13.9405 14.2600 14.6264 14.7485 14.5376 14.4775 15.1398 15.9092 15.9020 15.8006 15.7009 14.9357 14.5096 14.5145 14.6088 14.7359 14.9638 15.0938 15.1051 15.1044 15.0621 14.2970 14.1622 14.1037 14.0991 14.0930 13.7530 13.4318 13.1470 13.1470 13.1470 13.1470 13.1470 13.1470 12.4182 12.0218 12.0388
8.95237 8.95237 8.95237 8.95237 8.95237 8.95237 8.95237 10.0534 10.8510 11.8879 12.9553 13.1228 13.1228 13.7957 13.9447 13.9354 13.9203 13.9054 13.8903 13.8753 13.8602 13.8384 14.0744 14.6964 14.6602 14.5719 14.7856 14.8199 14.7566 14.7652 14.7653 14.7651 14.5129 14.4775 14.4775 14.6443 15.9000 15.9092 15.8203 15.8613 15.3263 14.8679 14.9163 14.8906 14.8320 14.8457 14.8394 14.7808 14.7229 14.7026 14.2169 13.9269 13.9706 14.0302 14.2311 13.9686 13.8335 13.4308 13.4766 13.5225 13.5690 13.6192 13.6699 13.2713 12.3407 12.3774
8.95237 8.95237 8.95237 8.95237 8.95237 8.95237 8.95285 9.65660 10.6048 11.7135 12.5751 13.0530 13.0380 13.4506 13.8300 13.8242 13.8083 13.7714 13.7344 13.6973 13.6675 13.6516 13.7266 14.6195 14.6402 14.8136 14.8870 14.8705 14.7653 14.7653 14.7653 14.7653 14.5969 14.4775 14.4775 14.4581 15.6592 16.0573 16.0651 16.0394 15.5316 14.8447 14.6514 14.6709 14.6904 14.8200 15.0874 15.1333 15.1790 15.2250 15.0141 14.5191 14.5212 14.5212 14.6635 14.4686 14.3409 13.7899 13.7861 13.8207 13.8546 13.8848 13.9144 13.8531 12.3991 12.0907
9.06330 9.14155 9.21523 9.28471 9.35035 9.41246 9.47100 9.60296 10.5053 11.2794 12.1828 12.9748 12.9378 13.0830 13.6856 13.6509 13.6426 13.6567 13.6709 13.6851 13.6921 13.6921 13.6921 14.4627 14.6424 14.7346 14.8855 14.8572 14.7983 14.7695 14.7233 14.6771 14.5474 14.2970 14.2508 14.2240 15.1847 16.2059 16.1894 16.1201 15.8487 15.1465 14.8139 14.8139 14.8139 14.8771 15.3078 15.3078 15.3078 15.3078 15.2615 14.5390 14.4895 14.3846 14.3793 14.2061 13.8909 13.8967 13.9497 13.9497 13.8992 13.7128 13.5279 13.3458 11.9317 11.5223
9.49353 9.49353 9.49353 9.49353 9.49353 9.49594 9.51729 9.54260 10.4384 10.9417 11.6801 12.8581 12.9790 13.0995 13.6456 13.6869 13.6555 13.6171 13.5787 13.5402 13.5019 13.4634 13.3956 13.8268 14.1377 14.0504 14.1452 14.0694 14.4048 14.5850 14.5850 14.5850 14.5752 14.3084 14.2971 14.2971 14.5607 16.2233 16.2209 16.1206 16.0473 15.2947 14.8150 14.8139 14.8139 14.8141 15.2095 15.0828 14.8938 14.7049 14.5183 14.0888 13.9234 13.9694 14.0576 14.0761 13.7782 13.7165 13.6508 13.4687 13.3372 13.3414 13.3443 13.3443 12.5115 11.5904
9.49810 9.52142 9.54672 9.57208 9.59627 9.58395 9.54857 9.59428 10.2735 10.7909 11.7125 12.7738 12.9941 12.9557 13.1586 13.2635 13.2042 13.1384 13.0727 13.0068 12.9410 12.8752 12.8388 13.1389 13.7890 13.7890 13.9364 13.9938 14.2564 14.5850 14.5850 14.5850 14.5850 14.3829 14.2971 14.2971 14.2971 15.8725 16.2297 16.1387 16.1182 15.3249 14.5939 14.3520 14.2056 14.0706 14.3186 14.5193 14.5731 14.6271 14.6809 14.5538 14.3832 14.2681 14.0522 13.6890 13.2100 13.1722 13.3443 13.3443 13.3443 13.3443 13.3443 13.3443 13.0100 11.5914
9.30379 9.25460 9.24788 9.30927 9.37212 9.46933 9.57050 9.58694 9.95260 10.6931 11.7372 12.5411 12.6580 12.5921 12.6530 12.8510 12.8387 12.8387 12.8387 12.8387 12.8387 12.8387 12.8387 12.9092 13.7833 13.7890 13.8676 13.9938 14.1200 14.5850 14.5850 14.5850 14.5850 14.4676 14.2971 14.1760 13.7772 14.3541 14.9735 14.9380 15.0131 14.4846 14.2193 14.2831 14.2946 14.2946 14.5165 14.7885 14.7885 14.7195 14.5274 14.2670 13.7433 13.6705 13.6705 13.5053 13.2655 13.1395 13.3212 13.3175 13.2415 13.1645 13.0875 13.0105 12.8900 11.3126
9.40454 9.51763 9.58624 9.74240 10.0784 10.4146 10.7510 11.0870 11.5376 12.6777 13.1452 13.2841 12.4531 12.4531 12.4740 12.8297 12.8387 12.8387 12.8387 12.8387 12.8387 12.8387 12.8387 12.8387 13.6185 13.7890 13.7891 13.8650 13.7280 14.1326 13.8425 13.4324 12.9335 12.3203 11.6747 11.2928 11.1881 11.5558 13.6203 14.1064 15.0359 14.7967 14.2733 14.2946 14.2946 14.2652 14.2007 14.3898 14.1952 14.0698 14.0673 14.0670 13.7060 13.6128 13.5682 13.4037 13.1072 12.7168 12.7662 12.7946 12.7936 12.7936 12.7936 12.7936 12.7936 11.7050
10.8231 11.1593 11.4957 11.6763 11.6765 11.6765 11.6765 11.6765 11.6765 12.5499 12.8828 13.5701 12.4797 12.4531 12.4531 12.7360 12.8387 12.8387 12.8643 13.0560 13.2782 13.4996 13.7197 13.9414 13.4643 12.8748 12.8829 11.9922 11.4728 11.4839 11.3580 11.1829 11.0968 11.0968 11.1556 11.1690 11.1690 11.1690 13.2158 13.7643 15.0345 14.9813 14.1286 13.9520 13.7584 13.5838 13.5354 13.9569 13.9270 13.8825 13.8379 13.7933 13.5304 13.3652 13.3652 13.2910 13.1031 12.5764 12.6376 12.7625 12.7532 12.7439 12.7345 12.7261 12.7219 12.2863
11.6765 11.6765 11.6765 11.6765 11.6765 11.6765 11.6765 11.6765 11.6765 12.2991 12.7240 13.7685 13.1816 13.1165 13.3385 13.7284 14.1678 14.3874 14.5841 14.6768 14.8387 15.0016 15.1631 15.2161 14.4985 12.9403 12.7652 11.1642 10.5056 10.8137 11.0968 11.0968 11.0968 11.0968 11.1346 11.1690 11.1690 11.1690 12.3960 13.2676 14.2032 14.1400 13.4961 13.3492 13.3439 13.3422 13.3731 13.6580 13.7113 13.7020 13.6927 13.6833 13.5564 13.2679 13.2585 13.2209 13.0531 12.5485 12.4833 12.6751 12.6822 12.6216 12.4889 12.3551 12.2171 11.9728
11.6765 11.6765 11.6794 11.7510 11.8517 11.9524 12.0531 12.1537 12.2544 13.0453 14.4363 15.0669 14.8277 14.2317 14.3434 14.5598 15.0552 15.2182 15.3378 15.2706 15.0968 14.9217 14.7484 14.6834 14.5072 12.6105 12.6030 11.7194 10.5056 10.6772 11.0968 11.1098 11.0966 11.0422 11.0046 11.0055 10.9513 10.8969 11.1733 12.6550 13.5545 14.1352 13.8766 13.6583 13.6768 13.6768 13.6768 13.6566 13.6397 13.6397 13.6397 13.6397 13.6239 13.2562 13.2473 13.2571 13.1078 12.7596 12.5492 12.2064 11.9606 11.8882 11.8882 11.8359 11.7242 11.5591
12.2248 12.3254 12.4232 12.4522 12.4522 12.4522 12.4522 12.4522 12.4647 12.8073 14.7120 15.2210 15.7980 15.0450 15.0706 15.0326 15.0112 14.8228 14.6910 14.6832 14.6712 14.6525 14.6338 14.6151 14.5964 12.8289 12.4110 12.0045 10.0411 10.0001 11.0570 10.9978 10.9567 10.9567 10.9575 11.0237 11.0290 11.0290 11.0290 12.5303 13.3075 14.1980 14.0484 13.6524 13.6768 13.6768 13.6768 13.6651 13.6397 13.5997 13.5355 13.4747 13.4138 13.3448 13.3561 13.3693 13.2178 12.8532 12.3685 11.8694 11.3303 11.1177 10.9053 10.7450 10.6443 10.5494
12.4522 12.4522 12.4522 12.4765 12.5949 12.7225 12.8503 12.9780 13.0933 13.0951 14.7864 15.0996 16.0600 14.9202 14.8185 14.7997 14.6471 14.5171 14.4983 14.4461 14.3799 14.3204 14.2609 14.2014 14.1418 12.8695 12.0099 11.9944 9.94897 9.66491 10.7385 10.9567 10.9567 10.9567 10.9567 11.0035 11.0290 11.0290 11.0290 11.9966 12.9642 14.1980 14.1766 13.6618 13.6624 13.6076 13.5467 13.4801 13.3711 13.3341 13.3212 13.3051 13.2890 13.2728 13.2570 13.2323 12.7091 11.9756 11.3322 11.0632 10.5331 10.5331 10.5331 10.5331 10.5331 10.5331
12.7073 12.8164 12.9255 13.0103 13.0010 12.9618 12.9051 12.8483 12.7916 12.7527 13.9934 14.7617 15.6655 15.0069 14.5993 14.5398 14.4188 14.1756 14.1162 14.0903 14.0903 14.0903 14.0903 14.0903 14.0903 13.3779 12.0099 12.0099 10.5690 9.66491 10.4425 10.9567 10.9567 10.9567 10.9567 10.9825 11.0290 11.0290 11.0323 11.4159 12.7611 13.8980 13.9724 13.4794 13.3019 13.2973 13.2812 13.2671 13.2333 13.2281 13.2281 13.2274 13.1603 13.0482 12.9368 12.8335 12.6302 11.8251 11.3380 11.2197 10.5630 10.5331 10.5325 10.5241 10.5135 10.5030
12.9143 12.8818 12.8437 12.8056 12.7676 12.7499 12.7142 12.5765 12.4325 12.2888 12.8892 14.0128 14.4854 14.7311 14.3355 14.3355 14.3312 14.1057 14.0903 14.0903 14.0903 14.0903 14.0903 14.0903 14.0903 13.8870 12.0130 12.0099 11.2045 9.66491 10.1487 10.9702 10.9821 11.0047 11.0373 11.1297 11.0242 10.9527 10.8870 10.8098 12.3684 13.3503 13.7777 13.5052 13.2404 13.2651 13.2651 13.2651 13.2042 13.0805 12.9687 12.8572 12.8125 12.8125 12.8127 12.8087 12.7520 11.7766 11.3932 11.1966 10.6837 10.4702 10.4603 10.4581 10.4581 10.4581
12.6922 12.5429 12.3992 12.2552 12.1113 11.9675 11.8593 11.8531 11.8531 11.8531 12.0945 13.8649 14.1465 14.9121 14.3355 14.3355 14.3355 14.1739 14.0903 14.0903 14.0903 14.0903 14.1463 14.2998 14.4548 14.6100 12.4939 12.0821 11.9200 9.84847 10.0313 11.2432 11.3518 11.4498 11.5378 11.5714 10.9729 10.7949 10.7949 10.7949 11.8291 13.0613 13.7777 13.6479 13.2142 13.1493 13.0377 12.9258 12.8345 12.7676 12.7078 12.6480 12.5882 12.5285 12.4688 12.4133 12.4015 11.7059 11.3344 11.1635 10.8532 10.4439 10.4131 10.3826 10.3517 10.3211
11.8534 11.8531 11.8531 11.8531 11.8531 11.8531 11.8531 11.8531 11.8531 11.8531 11.8531 13.6075 13.8882 14.9544 14.4704 14.5464 14.7015 14.7677 14.7661 14.9202 15.0752 15.2304 15.3470 15.3989 15.4495 15.5032 13.6673 12.5303 12.6221 10.7220 10.2776 11.4582 11.5714 11.5714 11.5714 11.5714 11.2001 10.7949 10.7949 10.7949 11.2200 12.6883 13.5315 13.3166 12.6840 12.6249 12.5727 12.5129 12.4376 12.3510 12.3204 12.2897 12.2589 12.2283 12.1976 12.1672 12.1366 11.6477 11.0701 10.8087 10.6575 10.0550 10.0625 10.0711 10.0959 10.1519
11.8531 11.8531 11.8531 11.8531 11.8531 11.8531 11.9045 12.1259 12.3609 12.5959 12.8307 14.0876 14.8514 15.7914 15.8419 15.5764 15.5771 15.5915 15.4189 15.4670 15.5178 15.5978 15.7182 15.8077 15.8964 15.9824 14.8457 12.7862 12.7862 11.4718 10.2795 11.1642 11.5714 11.5714 11.5714 11.5431 11.2794 10.5165 10.3860 10.2555 10.1303 11.3548 12.5277 12.6195 12.3452 12.2478 12.2482 12.2305 12.2206 12.0105 11.9983 12.2481 12.6604 13.0456 13.4070 12.2561 11.9979 11.7840 11.0163 10.7694 10.6639 10.2746 10.3150 10.3760 10.4180 10.4144
12.2893 12.5241 12.7591 12.9940 13.2290 13.4638 13.6475 13.6608 13.6608 13.6608 13.6608 14.2112 15.2238 15.7606 16.1774 15.7804 15.8293 15.8292 15.7705 15.8574 15.9462 16.0057 16.0073 16.0073 16.0161 16.0441 15.6997 12.8805 12.8934 12.1277 10.2557 10.6009 10.9598 10.8293 10.6988 10.5965 10.5835 9.89420 9.80917 9.80917 9.80917 10.7411 12.1444 12.5407 12.3761 12.1939 12.3556 12.7588 13.1446 13.3600 13.6487 13.7896 13.7890 13.8066 13.8325 12.8349 11.9529 11.9035 10.7707 10.5545 10.4001 10.3385 10.2094 10.0019 9.79437 9.59106
13.6608 13.6608 13.6608 13.6608 13.6608 13.6608 13.6840 13.7992 13.9238 14.0487 14.1733 14.4662 15.7436 15.8223 16.4441 15.8474 15.8536 15.8769 16.0302 16.1936 16.2222 16.2508 16.1938 15.9505 15.6922 15.4150 15.1365 12.0530 11.3748 11.3213 10.0486 10.0348 10.5856 10.5856 10.5856 10.5856 10.5856 10.1191 9.80917 9.80917 9.80917 10.2977 12.2866 13.3321 13.6253 13.7160 13.9741 13.9965 14.0271 13.9568 13.8818 13.9155 13.9629 13.9883 14.0043 13.4973 12.0037 12.0229 10.6805 9.92335 9.52162 9.37569 9.29712 9.29696 9.29696 9.29696
13.5554 13.6981 13.8198 13.9473 14.0753 14.2033 14.3084 14.3209 14.3097 14.2905 14.2712 14.2520 15.5023 15.6851 16.4066 16.1827 15.8637 15.5855 15.3550 15.2887 15.0108 14.7328 14.5403 14.5340 14.5340 14.5340 14.5340 12.5171 11.3129 11.3129 10.4587 9.89310 10.5641 10.5856 10.5856 10.5856 10.5856 10.4068 10.8032 11.3269 11.8118 12.2180 13.3726 14.3631 14.4238 14.1773 14.2195 14.2588 14.2748 14.2292 14.0812 14.0934 14.0941 14.0941 14.0858 13.9244 11.8832 11.6584 10.5712 9.58167 9.30198 9.29696 9.29696 9.29696 9.29696 9.29696
