High_resolution/powerplant/Shangrao/OMI_NO2_201108.asc
ncols      200
nrows      200
xllcorner       115.451
yllcorner       27.0350
cellsize     0.0166667
NODATA_Value      -999.000
[rows 90 to 119 of 200, columns 132 to 197 of 200]
0.00000 0.00000 0.00000 0.00000 0.00000 0.00000 0.00000 1.08046 1.08046 1.08046 1.08046 1.08046 1.08046 1.08046 1.08046 1.08046 1.08046 1.08046 1.08046 1.07943 1.02302 0.934855 0.846835 0.690079 0.0698426 0.0698426 0.0698426 0.0698426 0.0698426 0.0698426 0.0698426 0.0698426 0.0698426 0.0698426 0.0698426 0.0698426 0.104634 1.86651 1.95775 2.31361 3.84566 3.84566 3.84566 3.63188 3.40284 3.40284 3.40284 3.40284 3.40284 3.40284 3.40284 3.40284 3.40121 3.39640 3.39152 3.38663 3.38279 3.38250 3.38250 3.38250 3.38250 3.38401 3.43625 3.51290 3.36952 2.91934
0.00000 0.00000 0.00000 0.00000 0.00000 0.00000 0.00000 1.08046 1.08046 1.08046 1.08046 1.08046 1.08046 1.08046 1.07019 0.993988 0.905827 0.817854 0.729928 0.643034 0.611521 0.611521 0.611521 0.611467 0.140715 0.0698426 0.0698426 0.0698426 0.0698426 0.0698426 0.0698426 0.0698426 0.0698426 0.0698426 0.0698426 0.0698426 0.0698426 1.48105 1.95775 2.01644 3.78986 3.84566 3.84566 3.80688 3.40972 3.40284 3.40284 3.40284 3.40050 3.39561 3.39073 3.38584 3.38258 3.38250 3.38250 3.38250 3.38250 3.38250 3.41487 3.49130 3.56803 3.64320 3.66768 3.66415 3.52673 2.91934
0.00000 0.00000 0.00000 0.00000 0.00000 0.00000 0.00000 0.00000 1.08046 1.05139 0.964961 0.876753 0.788874 0.700901 0.623244 0.611521 0.611521 0.611521 0.611521 0.611521 0.611521 0.611521 0.611521 0.611521 0.289764 0.0698426 0.0698426 0.0698426 0.0698426 0.0698426 0.0698426 0.0698426 0.0698426 0.0698426 0.0698426 0.0698426 0.0698426 0.888178 1.95775 1.95775 3.14837 3.84566 3.84566 3.84413 3.46663 3.39482 3.38993 3.38505 3.38250 3.38250 3.38250 3.38250 3.38250 3.38250 3.39807 3.46974 3.54642 3.62311 3.66743 3.66768 3.57814 3.38885 3.23713 3.11512 3.16641 3.15328
0.00000 0.00000 0.00000 0.00000 0.00000 0.00000 0.00000 0.00000 0.664293 0.613021 0.611521 0.611521 0.611521 0.611521 0.611521 0.611521 0.611521 0.611521 0.611521 0.611521 0.611521 0.611521 0.611521 0.611521 0.438725 0.0698426 0.0698426 0.0698426 0.0698426 0.0698426 0.0698426 0.0698426 0.0698426 0.0698426 0.0698426 0.0698426 0.0698426 0.148228 1.89454 1.95977 2.63877 3.62153 3.54080 3.48141 3.42959 3.38250 3.38250 3.38250 3.38250 3.38250 3.38735 3.44818 3.52486 3.60155 3.66264 3.66768 3.62486 3.43815 3.27688 3.14601 3.07847 3.07784 3.07784 3.07784 3.07953 3.28608
0.00000 0.00000 0.00000 0.00000 0.00000 0.00000 0.00000 0.00000 0.611521 0.611521 0.611521 0.611521 0.611521 0.611521 0.611521 0.611521 0.611521 0.611521 0.611521 0.611521 0.611521 0.611521 0.611521 0.611521 0.579074 0.0784552 0.0698426 0.0698426 0.0698426 0.0698426 0.0698426 0.0698426 0.0698426 0.0698426 0.0698426 0.0877912 0.523704 0.966786 1.98655 2.33211 2.61124 3.46245 3.46245 3.46245 3.45352 3.38273 3.38273 3.42659 3.50328 3.57996 3.65180 3.66768 3.65512 3.49096 3.31526 3.10394 2.98915 3.07784 3.07784 3.07784 3.07784 3.07784 3.07784 3.07784 3.07784 3.24901
0.00000 0.00000 0.00000 0.00000 0.00000 0.00000 0.00000 0.00000 0.611521 0.611521 0.611521 0.611521 0.611521 0.611521 0.611521 0.611521 0.611521 0.611521 0.611521 0.611521 0.611521 0.611521 0.611521 0.611521 0.611521 0.194970 0.0698426 0.0698426 0.0698426 0.0698426 0.0698426 0.0949108 0.548206 0.987445 1.39919 1.74340 1.92244 2.05168 2.40757 2.79960 2.81034 3.40624 3.46245 3.48660 3.56166 3.57385 3.63489 3.66768 3.66751 3.47826 3.18654 2.97801 2.82533 2.74725 2.69193 2.67622 2.71869 3.07784 3.07784 3.07784 3.07784 3.07784 3.07784 3.05439 2.95867 2.94576
0.00000 0.00000 0.00000 0.00000 0.00000 0.00000 0.00000 0.00000 0.00000 0.611521 0.611521 0.611521 0.611521 0.611521 0.611521 0.611521 0.611521 0.611521 0.611521 0.611521 0.611521 0.611521 0.611521 0.611521 0.611521 0.343932 0.0698426 0.105527 0.624691 1.21409 1.63798 1.94905 2.11535 2.24133 2.28194 2.28194 2.28194 2.28194 2.31102 2.79511 2.85495 3.32688 3.69347 3.71073 3.54683 3.31249 3.04440 2.86863 2.73442 2.67637 2.67622 2.67622 2.67622 2.67622 2.67622 2.67622 2.67622 3.00949 3.07784 3.04141 2.94170 2.84089 2.74017 2.66278 2.65765 2.66205
0.00000 0.00000 0.00000 0.00000 0.00000 0.00000 0.00000 0.00000 0.00000 0.611521 0.611521 0.611521 0.611521 0.611521 0.611521 0.611521 0.611521 0.611521 0.611521 0.611521 0.611521 0.611521 0.611521 0.654549 1.18584 1.68810 1.87318 2.15179 2.27621 2.28194 2.28194 2.28194 2.28194 2.28194 2.28194 2.28194 2.28194 2.28169 2.26743 2.73782 2.85863 2.96463 2.97401 2.83010 2.75906 2.70973 2.67622 2.67622 2.67622 2.67622 2.67622 2.67622 2.67622 2.67622 2.67622 2.63701 2.56138 2.66381 2.72316 2.65878 2.65765 2.65765 2.65765 2.65765 2.64756 2.57721
0.00000 0.00000 0.00000 0.00000 0.00000 0.00000 0.00000 0.00000 0.00000 0.611521 0.611521 0.611521 0.611521 0.611521 0.611521 0.611521 0.611521 0.611521 0.611521 0.611521 0.611521 0.611521 0.611521 3.07923 3.07923 3.05985 2.30966 2.28194 2.28194 2.28194 2.28194 2.28194 2.27716 2.25735 2.23929 2.22379 2.21029 2.19861 2.19466 2.38507 2.61934 2.61687 2.73563 2.71619 2.71619 2.71602 2.68042 2.67622 2.67622 2.67622 2.67489 2.62422 2.54865 2.47301 2.39738 2.36108 2.36108 2.44055 2.65765 2.65765 2.65577 2.60015 2.51983 2.43951 2.36925 2.35928
0.00000 0.00000 0.00000 0.00000 0.00000 0.00000 0.00000 0.00000 0.00000 0.00000 0.611521 0.611521 0.611521 0.611521 0.611521 0.611521 0.611521 0.611521 0.00000 0.00000 0.00000 0.00000 0.00000 3.07923 3.07923 3.07923 2.43848 2.26776 2.24810 2.23134 2.21690 2.20432 2.19536 2.19466 2.19466 2.19466 2.19466 2.19466 2.19466 2.20028 2.57066 2.57963 2.73194 2.71619 2.71619 2.71619 2.68754 2.61142 2.53588 2.46028 2.38597 2.36108 2.36108 2.36108 2.36108 2.36108 2.36108 2.35023 2.53897 2.46246 2.38399 2.35928 2.35999 2.39625 2.45224 2.50824
0.00000 0.00000 0.00000 0.00000 0.00000 0.00000 0.00000 0.00000 0.00000 0.00000 0.611521 0.611521 0.611521 0.00000 0.00000 0.00000 0.00000 0.00000 0.00000 0.00000 0.00000 1.80534 1.80534 1.81974 2.59100 2.53612 2.30816 2.19454 2.19466 2.19466 2.19466 2.19466 2.19466 2.19466 2.19466 2.19466 2.19466 2.19466 2.19466 2.18731 2.47038 2.57963 2.68313 2.64898 2.57497 2.50092 2.41543 2.36108 2.36108 2.36108 2.36108 2.36108 2.36108 2.34857 2.29213 2.23189 2.17165 2.13744 2.30099 2.38096 2.43655 2.49254 2.54783 2.56756 2.56756 2.56756
0.00000 0.00000 0.00000 0.00000 0.00000 0.00000 0.00000 0.00000 0.00000 0.00000 0.00000 0.00000 0.00000 0.00000 0.00000 0.00000 1.80534 1.80534 1.80534 1.80534 1.80534 1.80534 1.80534 1.80534 2.27940 2.44229 2.38668 2.18288 2.19466 2.19466 2.19466 2.19466 2.19466 2.19466 2.19466 2.19466 2.19466 2.19466 2.18423 2.10009 2.21321 2.40447 2.40703 2.41872 2.41654 2.41654 2.41469 2.36343 2.36108 2.35720 2.30936 2.24910 2.18886 2.14111 2.13730 2.14485 2.18349 2.22517 2.37858 2.56716 2.56756 2.56756 2.56756 2.56756 2.56756 2.56756
0.00000 0.00000 0.00000 0.00000 0.00000 0.00000 0.00000 0.00000 0.00000 0.00000 1.86126 1.81855 1.80534 1.80534 1.80534 1.80534 1.80534 1.80534 1.80534 1.80534 1.80534 1.80534 1.80534 1.80534 2.08980 2.44229 2.44229 2.19921 2.19466 2.19466 2.19466 2.19466 2.19466 2.19466 2.18183 2.09510 1.99684 1.91504 1.84598 1.85475 1.96204 2.50891 2.55077 2.44796 2.41654 2.41639 2.38204 2.28363 2.20607 2.14970 2.13730 2.13943 2.16359 2.18108 2.19816 2.20767 2.18607 2.16145 2.23607 2.56756 2.56756 2.56756 2.56756 2.56756 2.56756 2.56756
3.36260 3.36260 0.00000 0.00000 0.00000 1.86126 1.86126 1.86126 1.86126 1.86126 1.86126 1.83868 1.80534 1.80534 1.80534 1.80534 1.80534 1.80534 1.80534 1.80534 1.80534 1.80534 1.80534 1.80534 1.84209 2.42676 2.44229 2.25238 2.19466 2.19466 2.17919 2.09865 2.03031 1.95460 1.88375 1.90002 1.93606 1.95037 1.95037 1.95037 1.94766 2.43240 2.53506 2.40772 2.27874 2.21866 2.19012 2.14757 2.11108 2.12810 2.14516 2.16010 2.15299 2.15254 2.15254 2.15254 2.15254 2.15254 2.16062 2.54458 2.56756 2.56765 2.60912 2.69576 2.79989 2.92708
3.33691 2.88301 1.86126 1.86126 1.86126 1.86126 1.86126 1.86126 1.86126 1.86126 1.86126 1.85414 1.80536 1.80534 1.80534 1.80534 1.80534 1.80534 1.80534 1.80534 1.80534 1.80534 1.80534 1.80534 1.80534 2.31823 2.32450 2.07264 2.08172 2.00355 1.93155 1.94814 1.95037 1.95037 1.95037 1.95037 1.95037 1.95037 1.95037 1.95037 1.95031 2.13445 2.24961 2.17720 2.11477 2.13060 2.15028 2.18369 2.15300 2.15254 2.15254 2.15254 2.15254 2.15254 2.15254 2.15254 2.15254 2.15324 2.17476 2.53382 2.81976 2.95168 3.02195 3.02195 3.02195 3.02195
2.62421 2.47344 1.86126 1.86126 1.86126 1.86126 1.86126 1.86126 1.86126 1.86126 1.86126 1.86126 1.81372 1.80534 1.80534 1.80534 1.80534 1.80534 1.80534 1.80534 1.78692 1.65122 1.56436 1.62492 1.67366 1.65969 1.49625 1.50042 1.91008 1.95037 1.95037 1.95037 1.95037 1.95037 1.95037 1.93428 1.83913 1.73292 1.62659 1.52062 1.41447 1.59015 2.11958 2.16284 2.20601 2.20800 2.20800 2.20800 2.16492 2.15254 2.15254 2.15254 2.15254 2.15481 2.18034 2.21560 2.25597 2.30144 2.31712 2.56484 3.02195 3.02195 3.02195 2.98766 2.74865 2.47596
2.61193 2.59657 1.91469 1.86126 1.86126 1.86126 1.86126 1.86126 1.86126 1.86126 1.86126 1.86126 1.82919 1.80534 1.80534 1.75253 1.60889 1.49953 1.43957 1.51356 1.58340 1.67628 1.74871 1.75625 1.75625 1.73536 1.49197 1.48865 1.77103 1.95019 1.89124 1.78503 1.67870 1.57273 1.46652 1.37628 1.36551 1.36551 1.36551 1.36551 1.36551 1.44542 2.12227 2.19373 2.20358 2.20800 2.20800 2.20800 2.18174 2.15722 2.18607 2.22211 2.26349 2.30746 2.31712 2.31712 2.31712 2.31712 2.31712 2.40260 2.82483 2.55204 2.27955 2.04115 2.00747 1.98862
2.61193 2.61193 2.21179 1.86126 1.86126 1.86126 1.86126 1.86126 1.86126 1.86126 1.86126 1.86126 1.61604 1.39283 1.34725 1.44029 1.56599 1.66968 1.74607 1.75625 1.75625 1.75625 1.75625 1.75625 1.75478 1.74138 1.52224 1.44179 1.51676 1.41248 1.36551 1.36551 1.36551 1.36551 1.36551 1.36551 1.36551 1.36551 1.36551 1.36551 1.36551 1.36551 1.96649 2.19373 2.19972 2.20535 2.19283 2.17938 2.18040 2.31211 2.31712 2.31712 2.31712 2.31712 2.31712 2.31712 2.23610 2.05458 1.87292 1.69667 1.95955 2.00498 1.87770 1.68053 1.48342 1.30510
2.61193 2.61193 2.43188 1.86126 1.86126 1.86126 1.86126 1.86126 1.86126 1.86126 1.87397 2.00764 1.88826 1.66354 1.74296 1.75625 1.75625 1.75625 1.75625 1.75155 1.73599 1.72004 1.70407 1.68807 1.67355 1.67096 1.54976 1.40336 1.44795 1.39562 1.36551 1.36551 1.36551 1.36551 1.36551 1.36551 1.36551 1.36551 1.36551 1.36551 1.36551 1.35941 1.69033 2.16449 2.15317 2.15452 2.15359 2.15359 2.15368 2.29002 2.31712 2.31712 2.27695 2.10537 1.92371 1.74185 1.64108 1.64081 1.59004 1.45952 1.44339 1.34368 1.27392 1.27392 1.27392 1.27392
2.61193 2.61193 2.57726 1.87480 1.86126 1.86126 1.86932 1.99755 2.11774 2.20201 2.26105 2.27235 2.23297 1.76734 1.74666 1.73066 1.71467 1.69868 1.68268 1.67139 1.67096 1.67096 1.67096 1.67096 1.67096 1.67096 1.63175 1.40339 1.40521 1.46326 1.36551 1.36551 1.36551 1.36551 1.36551 1.36551 1.36551 1.35852 1.33270 1.30578 1.27889 1.25810 1.36740 2.08097 2.13932 2.15178 2.15359 2.15359 2.14345 2.09430 1.97437 1.79257 1.65102 1.64081 1.61719 1.50490 1.39969 1.28191 1.20968 1.23207 1.26277 1.27392 1.27392 1.27392 1.27392 1.27392
2.61193 2.61193 2.60821 2.15991 2.11061 2.19686 2.25836 2.27235 2.27225 2.27043 2.26793 2.26548 2.26301 1.80704 1.67096 1.67096 1.67096 1.67096 1.67096 1.67096 1.67096 1.67096 1.67096 1.67096 1.67096 1.67096 1.67096 1.44621 1.40336 1.46767 1.36551 1.36551 1.36551 1.35760 1.33143 1.30453 1.27765 1.25776 1.25670 1.25670 1.25670 1.25670 1.25771 1.92855 2.13856 2.06524 1.93462 1.79827 1.67207 1.64751 1.67318 1.61015 1.50172 1.37683 1.26454 1.27250 1.27392 1.27392 1.27392 1.27392 1.27392 1.27392 1.27392 1.27392 1.27392 1.27392
2.31644 2.12213 1.93153 2.05487 2.27003 2.26755 2.26508 2.26261 2.26023 2.25959 2.25959 2.25959 2.25959 1.95041 1.67096 1.67096 1.67096 1.67096 1.67096 1.67096 1.67096 1.67096 1.67096 1.67096 1.67096 1.67096 1.67096 1.52818 1.40328 1.45361 1.33111 1.30331 1.27640 1.25741 1.25670 1.25670 1.25670 1.25670 1.25670 1.25670 1.25670 1.25670 1.25670 1.59250 1.67180 1.61968 1.73944 1.71975 1.64134 1.55012 1.32844 1.27392 1.27392 1.27392 1.27392 1.27392 1.27392 1.27392 1.27392 1.27392 1.27392 1.27392 1.27392 1.27392 1.27392 1.27392
1.86338 1.86091 1.85843 1.91774 2.25959 2.25959 2.25959 2.25959 2.25959 2.25959 2.25959 2.25959 2.25959 2.12163 1.67937 1.67096 1.67096 1.67096 1.67096 1.67096 1.67096 1.67096 1.67096 1.66916 1.65217 1.60338 1.48004 1.30984 1.24266 1.25240 1.31732 1.25670 1.25670 1.25670 1.25670 1.25670 1.25670 1.25670 1.24956 1.19695 1.13631 1.07567 1.01502 1.10686 1.33616 1.26143 1.45958 1.40362 1.40362 1.40362 1.32907 1.27392 1.27392 1.27392 1.27392 1.27392 1.27392 1.27392 1.27392 1.27392 1.27392 1.27392 1.27392 1.27392 1.27392 1.27392
1.85581 1.85581 1.85581 1.85581 2.19618 2.25959 2.25959 2.25959 2.25959 2.25959 2.25959 2.25959 2.25959 2.25384 1.73050 1.67096 1.67096 1.67096 1.66516 1.64536 1.62494 1.58033 1.45737 1.30647 1.14116 1.00613 1.00135 1.00445 1.20898 1.22190 1.34178 1.25670 1.25670 1.22697 1.16633 1.10569 1.04504 0.984367 0.931096 0.923123 0.923123 0.923123 0.923123 0.923718 1.05036 1.09852 1.32378 1.40362 1.40362 1.40362 1.36724 1.27392 1.27392 1.27392 1.27392 1.27392 1.27392 1.27392 1.27392 1.27392 1.27392 1.27392 1.27012 1.23989 1.19354 1.12639
1.85581 1.85581 1.85581 1.85581 2.07117 2.25959 2.25959 2.25959 2.25959 2.25959 2.25959 2.25959 2.25959 2.25959 1.83354 1.61820 1.59779 1.55709 1.44133 1.31193 1.15323 1.00956 1.00135 1.00135 1.00135 1.00135 1.00135 1.00752 1.21242 1.32260 1.42506 1.01469 0.954045 0.923123 0.923123 0.923123 0.923123 0.923123 0.923123 0.923123 0.923123 0.923123 0.923123 0.923123 1.00054 1.09852 1.23505 1.40362 1.39599 1.37164 1.33462 1.27392 1.27392 1.27392 1.27392 1.27392 1.27392 1.27392 1.27316 1.25026 1.20800 1.14780 1.06976 1.05587 1.07577 1.23306
1.85581 1.85581 1.85581 1.85581 1.94618 2.25959 2.25959 2.25959 2.25959 2.25959 2.25959 2.25959 2.25959 2.25016 1.86771 1.32180 1.16511 1.01412 1.00135 1.00135 1.00135 1.00135 1.02220 1.09896 1.17874 1.25852 1.33830 1.41217 1.45917 1.50557 1.58887 0.957712 0.923123 0.923123 0.923123 0.923123 0.923123 0.923123 0.923123 0.923123 0.923123 0.923123 0.923123 0.923123 0.910920 1.03555 1.06531 1.30346 1.27460 1.27392 1.27392 1.27392 1.27392 1.27392 1.27392 1.25979 1.22110 1.16684 1.08813 1.05587 1.05900 1.18127 1.36467 1.54793 1.71136 1.73739
1.85581 1.85581 1.85581 1.85581 1.85892 2.22187 2.25959 2.25959 2.25959 2.25226 2.19662 2.11332 1.99587 1.85398 1.70664 1.02824 1.00148 1.04548 1.12526 1.20529 1.28512 1.36490 1.42379 1.42685 1.42685 1.42685 1.42685 1.42685 1.43205 1.50390 1.52141 1.20874 0.923123 0.923123 0.923123 0.923123 0.923123 0.923123 0.923123 0.923123 0.881054 0.763999 0.605276 0.378377 0.206195 0.818765 0.916103 1.24930 1.27392 1.27392 1.27392 1.26703 1.23304 1.18392 1.11179 1.05600 1.05587 1.13043 1.31287 1.49627 1.67633 1.73739 1.73739 1.73739 1.73739 1.73739
1.85581 1.85581 1.85581 1.85581 1.85581 2.09238 2.20138 2.11981 2.00522 1.86011 1.83574 1.83718 1.86622 1.90565 1.94512 1.34523 1.39111 1.42685 1.42685 1.42685 1.42685 1.42685 1.42685 1.42685 1.42685 1.42685 1.42685 1.42685 1.42685 1.48872 1.50557 1.39998 0.923123 0.923123 0.923123 0.923123 0.876148 0.757175 0.595816 0.364511 0.184129 0.183242 0.183242 0.183242 0.183242 0.672974 0.910362 1.13098 1.24399 1.19929 1.13489 1.06197 1.05587 1.09110 1.26114 1.44454 1.62780 1.73658 1.73739 1.73739 1.73739 1.73739 1.73739 1.73739 1.73739 1.73739
1.85581 1.85858 1.91153 1.98325 2.05491 2.06636 1.83963 1.87300 1.91245 1.95192 1.99136 2.02936 2.03981 2.03981 2.03981 1.53851 1.42685 1.42685 1.42685 1.42685 1.42685 1.42685 1.42685 1.42685 1.42685 1.42685 1.42685 1.42685 1.42685 1.46675 1.50557 1.53635 0.870925 0.750191 0.586108 0.350343 0.183242 0.183242 0.183242 0.183242 0.183242 0.183242 0.183242 0.183242 0.183242 0.423440 0.731928 0.766907 1.05587 1.06636 1.20948 1.39275 1.57614 1.72417 1.73739 1.73739 1.73739 1.73739 1.73739 1.73739 1.73739 1.73739 1.73739 1.73739 1.73739 1.73739
2.04254 2.11524 2.15219 2.17194 2.19166 2.20786 2.05049 2.03981 2.03981 2.03981 2.03981 2.03981 2.03981 2.03981 2.03981 1.70564 1.41985 1.42685 1.42685 1.42685 1.42685 1.42685 1.42685 1.42685 1.42685 1.42685 1.43143 1.49209 1.56916 1.64703 1.71425 1.84536 0.378799 0.183242 0.183242 0.183242 0.183242 0.183242 0.183242 0.183242 0.183242 0.185851 0.209035 0.236618 0.264202 0.325612 0.731621 0.883467 1.52442 1.69725 1.73739 1.73739 1.73739 1.73739 1.73739 1.73739 1.73739 1.73739 1.73739 1.73739 1.73739 1.73739 1.73739 1.73739 1.73739 1.73739
