High_resolution/powerplant/Shangrao/OMI_NO2_200801.asc
ncols      200
nrows      200
xllcorner       115.451
yllcorner       27.0350
cellsize     0.0166667
NODATA_Value      -999.000
[rows 116 to 144 of 190, columns 0 to 66 of 200]
14.7446 13.6493 13.5894 13.5888 13.5888 13.5888 13.5888 13.5888 13.5888 13.5888 13.5888 13.5888 13.5888 13.5888 13.5888 13.2622 13.5012 13.6589 13.6589 13.2410 13.1488 13.0246 12.0668 12.0632 12.0632 12.0632 12.0627 12.0116 11.9272 11.8429 11.7587 11.6744 10.1465 9.53398 9.48637 9.41122 9.28281 8.32409 8.25289 8.64874 10.9706 10.9616 10.9509 10.5936 10.2129 10.2127 10.2127 10.2127 10.2039 9.93084 9.91904 9.89079 9.67845 9.65434 9.63176 9.62193 9.62193 9.62193 9.62193 9.62193 9.62193 9.62193 9.62193 9.46005 8.82902 8.50502 8.44087
15.1926 13.5888 13.5888 13.5888 13.5888 13.5888 13.5888 13.5888 13.5888 13.5888 13.5888 13.5888 13.5888 13.5888 13.5888 13.3939 13.3745 13.6180 13.5068 13.0815 12.7721 12.6594 11.7453 11.5276 11.4433 11.3589 11.2752 11.2420 11.2420 11.2362 11.1301 10.9876 10.1155 9.19934 9.14955 9.12722 9.11778 8.36455 8.11620 8.11620 10.5208 10.9323 10.9323 10.7305 10.2127 10.2127 10.2127 10.2029 10.1796 9.93598 9.84137 9.83003 9.66037 9.62193 9.62193 9.62193 9.62193 9.62193 9.62193 9.62193 9.62193 9.62193 9.62193 9.61389 8.97961 8.52697 8.44849
15.9467 13.6020 13.5888 13.5888 13.5888 13.5888 13.5888 13.5887 13.5790 13.5633 13.5476 13.5319 13.5162 13.5004 13.4847 13.4060 12.9011 12.5652 12.5641 12.3557 12.0539 12.0539 11.5484 11.2420 11.2354 11.1273 10.9806 10.8287 10.6768 10.5316 10.4861 10.4767 10.2251 9.10529 9.10363 9.10363 9.10363 8.61821 8.11620 8.11620 9.72504 10.9323 10.9323 10.8663 10.1826 10.1592 10.1366 10.1237 10.1238 9.98337 9.86408 9.88418 9.78881 9.71628 9.73638 9.75648 9.77658 9.79648 9.81658 9.83668 9.85678 9.87688 9.89698 9.91708 9.46810 8.90517 8.75302
16.1959 13.8813 13.5281 13.5124 13.4966 13.4809 13.4652 13.4495 13.4434 13.4434 13.4434 13.4434 13.4434 13.4434 13.4434 13.4434 13.0340 12.5761 12.5641 12.4512 11.8920 11.6904 11.2462 10.6340 10.4797 10.4273 10.4145 10.4056 10.3969 10.3881 10.3794 10.3705 10.3472 9.11355 8.97559 8.96688 8.95806 8.72404 7.95300 7.94443 8.63398 10.7289 10.6992 10.6780 10.7052 10.7407 10.7608 10.7809 10.8009 10.7215 10.5137 10.5137 10.4525 10.3056 10.3056 10.3056 10.3056 10.3056 10.3024 10.2432 10.1638 10.0844 10.0049 9.92545 9.65876 9.12863 9.01452
16.1197 14.2574 13.3671 13.3544 13.3417 13.3290 13.3162 13.3035 13.2908 13.2780 13.2653 13.2526 13.2400 13.2271 13.2103 13.1179 12.6470 11.8570 11.5573 11.3513 10.7900 10.7755 10.7426 10.2355 10.2261 10.2261 10.2261 10.2261 10.2261 10.2261 10.2261 10.2261 10.2261 9.33196 8.85741 8.85741 8.85741 8.84014 7.92241 7.86998 7.88627 10.4079 10.6463 10.6463 10.7551 10.8073 10.8073 10.8073 10.8073 10.7874 10.5161 10.5137 10.5030 10.2945 10.2176 10.1380 10.0586 9.97917 9.90299 9.88264 9.87067 9.84063 9.81071 9.78891 9.73665 9.05133 8.80615
15.7492 14.6024 13.1457 13.1457 13.1457 13.1457 13.1457 13.1457 13.1457 13.1447 13.0778 12.9700 12.8622 12.7542 12.6506 12.6224 12.3639 11.5107 11.3161 11.3161 10.8880 10.7755 10.7755 10.3321 10.2261 10.2261 10.2261 10.2261 10.2261 10.2261 10.2261 10.2261 10.2261 9.69203 8.85741 8.85741 8.85741 8.85741 8.16521 7.86998 7.86998 9.65828 10.6463 10.6463 10.7227 10.8073 10.8073 10.8073 10.7965 10.7680 10.3860 10.2416 10.1717 9.95648 9.89221 9.87395 9.85568 9.83741 9.81914 9.80085 9.79455 9.79369 9.65956 9.48307 9.30306 8.88768 8.63434
15.7492 15.3589 13.1276 12.8858 12.6071 12.3120 11.9999 11.7165 12.3618 12.6633 12.6224 12.6224 12.6224 12.6224 12.6224 12.6224 12.5866 11.6347 11.3161 11.3161 10.9991 10.7755 10.7755 10.4652 10.2261 10.2261 10.2261 10.2261 10.2261 10.2261 10.2261 10.2261 10.2261 10.0514 8.85811 8.85741 8.85741 8.85741 8.42530 7.86998 7.86998 8.80789 10.7074 10.7364 10.7965 10.9296 10.9457 10.9577 10.9600 10.9769 10.4577 10.1099 10.0850 9.94060 9.82149 9.82149 9.82149 9.81278 9.67540 9.49511 9.31517 9.14805 9.11335 9.11335 9.11335 8.97155 8.67662
13.7937 13.2907 11.7500 11.5018 11.4209 11.3790 11.3790 11.3790 11.8716 12.6224 12.6224 12.6224 12.6224 12.6224 12.6224 12.6224 12.6224 11.9424 11.3192 11.3161 11.1102 10.7755 10.7755 10.6201 10.2261 10.2261 10.2261 10.2261 10.2261 10.2261 10.2258 10.1880 10.1247 10.0606 9.19096 9.12576 9.18138 9.23645 9.09573 8.30013 8.32023 8.39937 10.8296 10.9020 10.8863 11.0077 10.9806 10.9572 10.9544 10.9544 10.6179 10.0525 10.0525 9.98855 9.68758 9.50711 9.32728 9.15598 9.11335 9.11335 9.11335 9.11335 9.11335 9.11335 9.11335 9.07504 8.72011
12.2423 12.5258 11.7336 11.3790 11.3790 11.3790 11.3790 11.3790 11.5743 12.6224 12.6224 12.6224 12.6224 12.6224 12.6224 12.6224 12.6224 12.2197 11.3890 11.3161 11.2214 10.7416 10.6575 10.5617 10.0306 9.94775 9.88444 9.82113 9.75782 9.69452 9.63152 9.60603 9.60354 9.56687 9.52133 9.33872 9.30866 9.27944 9.27061 8.22633 8.07881 8.05464 10.0114 10.7933 10.7933 10.9333 10.9544 10.9544 10.9544 10.9515 10.7158 9.75086 9.57044 9.38904 9.12145 9.11335 9.11335 9.11335 9.11335 9.11335 9.11335 9.11335 9.11335 9.11335 9.11335 9.11335 8.82692
11.6254 12.5258 12.0017 11.3790 11.3790 11.3790 11.3790 11.3790 11.3863 12.4984 12.6224 12.6214 12.6024 12.5767 12.5510 12.5253 12.4996 12.3209 11.0646 10.6246 10.5333 9.97246 9.94874 9.94874 9.68981 9.60603 9.60603 9.60321 9.56637 9.52121 9.47935 9.43783 9.39861 9.39340 9.48328 9.28887 9.28892 9.28892 9.28892 8.48792 8.05375 8.05375 9.18246 10.7933 10.7933 10.8997 10.8446 10.6647 10.4844 10.3073 10.2457 9.44828 9.34440 9.34440 9.17426 9.11335 9.11335 9.11335 9.11300 9.10943 9.10512 9.10080 9.09650 9.09218 9.08787 9.08356 8.90858
10.8576 12.5258 12.3102 11.3597 11.3404 11.3211 11.3019 11.2826 11.2634 11.9590 12.4168 12.3921 12.3854 12.3854 12.3854 12.3854 12.3854 12.3838 11.2377 10.4894 10.4894 10.0762 9.94475 9.94326 9.77173 9.48466 9.44281 9.40377 9.39691 9.39024 9.38001 9.36963 9.35927 9.34902 9.45988 9.24091 9.20427 9.19388 9.18364 8.69587 7.92772 7.91737 8.13838 10.3624 10.2016 10.1113 10.1498 10.1455 10.1412 10.1369 10.1326 9.54978 9.22213 9.21782 9.10343 8.97814 8.97379 8.96948 8.96553 8.96479 8.96479 8.96547 8.98097 9.00246 9.02395 9.04544 9.00059
10.0104 12.4628 12.5228 11.2959 11.2130 11.2275 11.2418 11.2562 11.2706 11.6845 12.5164 12.5356 12.5547 12.5741 12.5933 12.6125 12.6316 12.6589 12.0560 10.8367 10.8613 10.3662 9.97957 10.0152 9.86198 9.14484 9.13443 9.12410 9.11612 9.11561 9.11561 9.11561 9.11561 9.11561 9.13016 9.19790 9.00198 9.00198 9.00198 8.84845 7.76694 7.76681 7.76681 9.40253 9.85564 9.91971 10.0977 10.0977 10.0977 10.0977 10.0977 9.73901 9.19584 9.19584 9.14548 8.96479 8.96826 8.98778 9.00928 9.03076 9.05226 9.07306 9.07906 9.08941 9.14042 9.19546 9.24958
10.4605 12.4295 12.9566 11.9234 11.5415 11.5415 11.5415 11.5415 11.5415 11.6704 12.8391 12.8332 12.8033 12.9285 13.1163 13.2866 13.4416 13.5876 13.0041 11.0893 10.9985 10.6343 9.96589 9.96589 9.96384 9.19959 9.11561 9.11561 9.11561 9.11561 9.11561 9.11561 9.11561 9.11561 9.11561 9.27549 9.00198 9.00198 9.00198 9.00198 7.93716 7.76681 7.76681 8.79036 9.85564 9.87171 10.0968 10.0977 10.0977 10.0977 10.0977 9.95403 9.23179 9.24714 9.26509 9.07199 9.07479 9.10151 9.15218 9.20293 9.25360 9.30431 9.35503 9.39538 9.32153 8.95296 8.55546
10.5523 11.8548 12.9794 12.2522 11.5415 11.5427 11.5729 11.6155 11.7654 12.0082 13.0796 13.3717 13.5622 13.6279 13.6279 13.6279 13.6279 13.6279 13.5052 11.2933 10.9985 10.8466 9.96589 9.96589 9.96589 9.42273 9.11561 9.11561 9.11561 9.11561 9.11561 9.11561 9.11561 9.11561 9.11561 9.33833 9.00198 9.00198 9.00198 9.00198 8.26089 7.76681 7.76681 8.08993 9.85363 9.83999 9.99053 9.96627 9.90882 9.85110 9.79183 9.69252 9.26976 9.17903 9.14148 9.24004 9.35786 9.38386 9.38386 9.38386 9.32484 8.97148 8.57769 8.18436 7.86416 7.83472 7.83472
10.5874 11.1816 13.1159 12.9046 12.0057 12.2472 12.4597 12.6597 12.7524 12.7524 13.2729 13.6279 13.6279 13.6279 13.6279 13.6279 13.6279 13.6279 13.6279 11.8758 10.9985 10.9938 10.0315 9.96589 9.96589 9.64797 9.11561 9.11561 9.11561 9.11561 9.11561 9.11561 9.11561 9.11561 9.11572 9.32476 8.95523 8.78951 8.70885 8.62794 8.13020 7.23734 7.16527 7.09328 8.91646 9.18195 9.30902 9.35807 9.32487 9.29175 9.26031 9.25259 9.16269 9.05464 9.05464 9.20021 9.33770 8.99658 8.60325 8.20931 7.87485 7.83472 7.83472 7.83472 7.83472 7.83472 7.83472
11.0339 11.0352 14.1073 14.5612 12.8276 12.7524 12.7524 12.7524 12.7524 12.7524 13.0390 13.6279 13.6279 13.6279 13.6279 13.6279 13.6279 13.6279 13.6279 12.5808 10.9985 10.9985 10.2392 9.96589 9.96589 9.89315 9.19476 9.25199 9.31007 9.36820 9.42639 9.48447 9.54260 9.60074 9.65881 9.64113 8.48168 8.17542 8.13360 7.95064 7.66600 6.83388 6.79075 6.74930 8.01472 9.01057 9.12166 9.25259 9.25259 9.25259 9.25259 9.25259 9.18277 8.69261 8.29897 7.96533 7.88709 7.83472 7.83472 7.83472 7.83472 7.83472 7.83472 7.83472 7.83472 7.83472 7.83472
11.0342 11.0342 13.4609 14.5940 13.1658 12.7524 12.7524 12.7524 12.7524 12.7524 12.8141 13.6192 13.6279 13.6279 13.6279 13.6281 13.6305 13.6336 13.6368 13.2448 11.3174 11.3544 10.8658 10.4380 10.4961 10.5335 9.81643 9.68387 9.68387 9.68387 9.68400 9.68565 9.63365 9.44294 9.24450 9.04753 8.00115 7.15807 7.00863 7.00021 7.00021 6.76402 6.71049 6.71049 7.26412 9.01057 9.07286 9.25259 9.22750 8.91581 8.52233 8.12838 7.77141 7.52304 7.50550 7.50722 7.80747 7.83472 7.83472 7.83472 7.83472 7.83472 7.83472 7.83472 7.83472 7.83472 7.83472
11.0342 11.0342 12.4493 14.5940 13.5706 12.7524 12.7529 12.7557 12.7589 12.7620 12.7651 13.4633 13.6468 13.6499 13.6530 13.6559 13.6566 13.6566 13.6566 13.6414 11.7829 11.5668 11.2324 10.5342 10.5342 10.5343 9.98349 9.43536 9.23827 9.03972 8.84249 8.64266 8.49684 8.49009 8.49009 8.49009 8.01927 6.99424 6.97271 6.95786 6.94341 6.76852 6.62439 6.60987 6.60583 8.41886 8.20394 7.94898 7.56454 7.46723 7.45150 7.43587 7.42101 7.27990 7.19100 7.17527 7.37813 7.47324 7.45751 7.44188 7.42610 7.41047 7.39485 7.37923 7.36414 7.36307 7.36845
10.9799 11.0342 11.2820 14.5344 14.0417 12.7782 12.7809 12.7812 12.7812 12.7812 12.7812 13.2351 13.6341 13.6193 13.6046 13.5900 13.5751 13.5605 13.5458 13.5310 12.1588 11.1307 10.7356 9.52265 9.25208 8.98093 8.61017 8.21390 8.19925 8.18476 8.16995 8.15555 8.14074 8.12625 8.11160 8.09712 7.83793 6.75692 6.59103 6.59103 6.59103 6.50676 6.30131 6.30131 6.30131 6.83393 7.13409 7.16650 7.17201 7.17201 7.17201 7.17201 7.17201 7.10258 6.97406 6.97406 7.10694 7.30328 7.30328 7.30634 7.32513 7.34612 7.36713 7.38813 7.40860 7.41488 7.41284
10.3956 10.6255 10.5959 13.5768 14.1847 12.5511 12.5031 12.4885 12.4738 12.4589 12.4442 12.6655 13.3128 13.3128 13.2880 13.0636 12.6628 12.2084 11.7539 11.2998 10.5227 9.72402 9.72347 8.72141 8.62602 8.62602 8.59138 8.08761 8.08092 8.08092 8.08092 8.08092 8.08092 8.08092 8.08092 8.08092 7.99812 6.97729 6.59103 6.59103 6.59103 6.57681 6.30710 6.30131 6.30131 6.57381 7.13409 7.15885 7.17201 7.17201 7.17201 7.17201 7.17201 7.15677 6.98215 7.00250 7.07096 7.37371 7.39472 7.41267 7.40347 7.36711 7.32993 7.29267 7.25548 7.21826 7.18308
9.84750 10.3466 10.3466 12.4616 14.1355 12.7464 12.4373 12.4373 12.4349 12.3377 12.1903 11.9505 12.0121 11.5639 11.1343 10.9042 10.8508 10.8508 10.8508 10.8508 10.7609 9.73545 9.72402 8.94496 8.62602 8.62602 8.62602 8.19636 8.08092 8.08092 8.08092 8.08092 8.08092 8.08092 8.08092 8.08092 8.08092 7.27801 6.59103 6.59103 6.75081 7.74263 8.55500 9.41934 8.96801 6.32840 7.09847 7.15120 7.17201 7.16846 7.15887 7.14874 7.13861 7.12969 7.11933 7.19475 7.28187 7.27785 7.20774 7.17050 7.14473 7.14381 7.14381 7.08150 6.89913 6.71406 6.52900
9.50141 10.3466 10.3466 11.1631 13.8740 12.7217 11.8549 11.5128 11.1727 10.9276 10.7329 10.6566 10.7982 10.8508 10.8508 10.8508 10.8508 10.8508 10.8508 10.8508 10.8508 9.95077 9.72402 9.16913 8.62602 8.62602 8.62602 8.33980 8.08092 8.08092 8.08092 8.08092 8.08092 8.08092 8.08092 8.08092 8.44237 9.00318 9.07627 9.91693 10.6110 10.6958 10.5741 10.4548 10.1990 6.31788 6.84360 7.08943 7.18029 7.26748 7.36072 7.45443 7.54825 7.63870 7.62300 7.59247 7.59247 7.31180 7.14381 7.09125 6.91179 6.72644 6.54152 6.41871 6.41579 6.41579 6.41579
7.48125 9.17523 8.88277 8.70649 11.9246 11.4890 10.6566 10.6566 10.6566 10.6566 10.6566 10.6566 10.7469 10.8508 10.8508 10.8508 10.8508 10.8508 10.8508 10.8508 10.8508 10.2555 9.72402 9.39322 8.62602 8.62602 8.62602 8.48340 8.08092 8.05201 7.96442 7.88158 8.45196 9.36581 10.1871 10.9300 11.3641 11.3019 10.8659 10.6545 10.6489 10.6362 10.5535 10.5915 10.6835 7.79902 7.09887 7.62062 7.67744 7.67770 7.67770 7.67770 7.67770 7.67767 7.64329 7.54886 7.37297 7.02315 6.55397 6.42147 6.41579 6.41579 6.41579 6.41579 6.41579 6.41579 6.41579
5.31673 8.55860 8.69049 8.69049 10.8422 11.6660 10.6630 10.6566 10.6566 10.6566 10.6566 10.6566 10.6947 10.8508 10.8508 10.8508 10.8508 10.8508 10.8508 10.8413 10.7575 10.3708 9.44920 9.25302 8.17244 8.08302 7.99377 7.97916 8.28566 9.20414 10.0966 10.9012 11.2003 11.2015 11.2149 11.2237 11.1876 11.1616 10.8951 10.3909 10.3310 10.2786 10.2883 10.9510 10.9809 9.27190 6.99374 7.63049 7.67188 7.67770 7.67770 7.64232 7.47072 7.28552 7.08643 6.87600 6.86445 6.81566 6.41620 6.41579 6.41579 6.41579 6.41579 6.41579 6.41579 6.41579 6.41579
5.30050 8.13588 8.69049 8.69049 9.98540 11.7613 10.8120 10.6566 10.6566 10.6566 10.6361 10.5430 10.4449 10.5233 10.4389 10.3394 10.2399 10.1404 10.0409 9.95107 9.93541 9.90504 8.89924 9.19927 9.77039 10.6061 10.8043 11.5085 11.3171 11.2063 11.1698 11.1264 11.0833 11.0392 10.9823 10.9305 10.9236 10.9246 10.9194 10.2713 10.2710 10.2710 10.2710 10.7831 10.9809 10.3538 6.92659 7.45010 7.47441 7.31824 7.13665 6.99063 6.98084 6.98456 6.98045 6.92541 6.91035 6.91402 6.53696 6.47273 6.47639 6.48008 6.48376 6.48742 6.49113 6.49479 6.49846
5.30050 7.59162 8.69049 8.69049 8.96359 11.7273 10.7118 10.0254 9.92591 9.82660 9.74769 9.74128 9.74128 9.86991 9.93541 9.93541 9.93541 9.93541 9.92247 10.4163 11.8574 13.1731 13.7139 14.3317 13.8147 13.1722 11.3481 11.2566 11.0601 10.8895 10.8799 10.8767 10.8734 10.8701 10.8670 10.8636 10.8603 10.8570 10.9208 10.3127 10.1946 10.1913 10.1881 10.5119 10.8914 10.8812 7.35808 6.82083 6.93331 7.07432 7.07432 7.07432 7.07432 7.07432 7.07053 7.02670 6.98909 6.98909 6.72447 6.54043 6.54043 6.54043 6.55133 6.62414 6.70674 6.78925 6.87189
5.30050 6.64693 7.99685 7.90832 7.81917 10.5385 10.2978 9.17293 9.12845 9.08419 9.04002 8.99576 8.95118 8.98392 9.05698 9.81814 11.3055 12.6335 13.7573 14.2876 14.0266 13.7464 13.3874 13.2481 13.1692 13.0986 11.2823 11.0160 10.9782 10.8330 10.8330 10.8330 10.8330 10.8330 10.8330 10.8330 10.8330 10.8330 10.8787 10.5013 10.1804 10.1804 10.1804 10.3224 10.8903 10.8903 8.65802 6.82033 6.88223 7.07432 7.07432 7.07432 7.07432 7.07432 7.07386 7.04599 6.98909 7.01945 6.95277 6.73511 6.81771 6.90031 6.97188 6.97694 6.94554 6.90475 6.86235
5.30050 5.52337 6.60228 6.60248 6.60248 8.79002 10.1315 8.69740 8.69728 8.69728 8.71821 9.79037 11.2663 12.5765 13.6488 13.9603 13.6800 13.4037 13.2082 13.1634 13.1634 13.1634 13.1433 13.2339 13.1969 13.1001 11.8999 11.0160 11.0139 10.8450 10.8330 10.8330 10.8330 10.8330 10.8330 10.8330 10.8330 10.8330 10.8570 10.7076 10.1804 10.1804 10.1804 10.1476 10.6477 10.5369 9.43188 6.82017 6.83384 7.07197 7.07432 7.07445 7.10873 7.17210 7.26251 7.28670 7.34978 7.38933 7.32053 6.85491 6.80924 6.76677 6.72432 6.68656 6.67554 6.67388 6.67869
5.30050 5.30050 6.52305 6.60248 6.60248 7.61903 10.4601 10.1695 11.3968 12.5759 13.5395 13.7127 13.5105 13.3366 13.1792 13.1634 13.1634 13.1634 13.1634 13.1634 13.1634 13.1634 13.1474 13.2033 13.2239 13.1004 12.5157 11.0160 11.0160 10.8915 10.8330 10.8330 10.8330 10.8330 10.8330 10.8330 10.8330 10.8330 10.8371 10.8119 9.95987 9.77909 9.61852 9.50812 10.0185 10.2837 10.1950 7.18539 7.15289 7.43198 7.57087 7.65206 7.68851 7.69589 7.67625 7.38795 7.17317 7.17788 7.17771 6.76829 6.67386 6.67386 6.67815 6.68652 6.69492 6.70327 6.70685
