High_resolution/powerplant/Shangrao/OMI_NO2_200501.asc
ncols      200
nrows      200
xllcorner       115.451
yllcorner       27.0350
cellsize     0.0166667
NODATA_Value      -999.000
[rows 90 to 119 of 185, columns 0 to 65 of 200]
0.00000 0.00000 0.00000 0.00000 16.3170 12.0550 10.5438 9.98822 8.66664 8.60691 8.72102 8.71275 8.69033 8.66796 8.64557 8.62315 8.60646 8.60554 8.60554 8.52490 8.20311 8.23366 9.24035 9.36919 9.41147 9.41147 9.41147 9.42557 9.57505 9.57639 9.57639 9.57639 9.53449 9.37316 9.19870 8.94207 8.72665 8.51563 7.96827 7.00499 6.72348 6.64183 6.59024 6.53869 6.48857 6.47359 6.07815 5.15252 5.15252 5.15252 4.68318 4.44991 4.45330 4.72442 4.74576 4.74576 4.86855 5.20564 5.20564 5.20564 5.20564 5.20564 5.20564 5.20564 5.09116 4.58762
0.00000 4.96656 4.96656 4.96656 5.33203 9.92371 8.86742 8.86638 8.66216 8.61801 8.60559 8.60554 8.60554 8.60554 8.60554 8.60554 8.60554 8.60554 8.60554 8.60071 8.22657 8.20311 9.02436 9.33274 9.36229 9.19425 9.00964 8.81272 8.75062 8.57168 8.33488 8.07885 7.87632 7.86608 7.86608 7.86863 7.82909 7.77749 7.49877 6.75595 6.47463 6.47359 6.47359 6.47359 6.47359 6.47359 6.41860 5.19321 5.15252 5.15252 4.85320 4.44991 4.45202 4.64197 4.74576 4.74576 4.76966 5.20026 5.20603 5.21212 5.21998 5.22791 5.23579 5.24370 5.24806 4.74765
4.96656 4.96656 4.96656 4.96656 4.96656 9.36496 8.86638 8.86638 8.69948 8.58973 8.60554 8.60554 8.60554 8.60554 8.60554 8.60554 8.57937 8.45864 8.32936 8.20007 7.49500 6.91738 7.33015 7.70517 7.65394 7.64618 7.64618 7.64618 7.75448 7.86608 7.86608 7.83698 7.76850 7.69973 7.63094 7.61695 7.63820 7.63820 7.51992 6.89080 6.47359 6.47359 6.47359 6.47359 6.47359 6.47458 6.48381 5.56651 5.24108 5.28202 5.19392 4.66153 4.70040 4.87218 5.14302 5.19248 5.24182 5.30114 5.30801 5.30985 5.30985 5.30985 5.30985 5.30985 5.30985 4.95563
4.96656 4.96656 4.96656 4.96656 4.96656 8.63608 8.95930 8.86638 8.85279 8.38419 8.36837 8.23909 8.10980 7.98052 7.85124 7.72195 7.61884 7.61028 7.61028 7.61028 6.99409 6.03504 6.47273 7.46012 7.62958 7.64618 7.67327 7.93086 8.16986 7.66116 7.59243 7.55273 7.55251 7.55251 7.55378 7.61591 7.70175 7.73856 7.76310 7.25433 6.70862 6.74960 6.79064 6.83168 6.87266 6.91266 6.94442 6.37450 5.62711 5.62711 5.62142 4.97116 4.92451 4.98779 5.34314 5.34314 5.34314 5.32340 5.30985 5.30985 5.30985 5.31192 5.37864 5.47576 5.57279 5.56961
4.96656 4.96656 4.96656 4.96656 4.96656 6.70871 8.20862 7.74028 7.57758 7.41958 7.61028 7.61028 7.61028 7.61028 7.61028 7.61028 7.61028 7.61028 7.61028 7.61028 7.34145 6.03504 6.26161 7.87803 8.35515 8.77891 9.11094 9.21255 9.25435 7.98347 7.89099 7.94007 8.03292 8.23710 8.46821 8.66824 8.61360 8.77731 8.94744 7.89275 6.97468 6.94819 6.94819 6.94819 6.94819 6.94819 6.94819 6.75528 5.62711 5.62711 5.62711 5.13550 4.92451 4.92696 5.30373 5.34314 5.34314 5.37299 5.44884 5.54592 5.64300 5.74011 5.78461 5.80055 5.81657 5.81691
4.96656 4.96656 4.96656 4.96656 4.96656 5.12520 7.95647 7.53937 7.53937 7.35779 7.61028 7.61028 7.61028 7.61443 7.62443 7.63451 7.64453 7.66426 7.84833 8.09077 8.31619 7.40169 7.53303 9.09359 9.45622 9.57403 9.73165 9.98775 10.2748 9.47669 9.02443 9.30335 9.52475 9.53290 9.53290 9.53290 9.06009 8.98702 8.98702 8.22009 7.12141 6.94819 6.94819 6.94819 6.94819 6.94819 6.94819 6.94819 5.81510 5.62711 5.62711 5.30553 4.94078 5.01861 5.39700 5.69477 5.80781 5.87396 5.86169 5.87764 5.89361 5.90750 5.90937 5.90937 5.90937 5.90937
4.96656 4.96656 4.96656 4.96656 4.96656 4.96656 7.77957 7.60489 7.61833 7.52077 7.57550 7.69961 7.70969 7.77672 8.00059 8.23297 8.46567 8.68835 8.74704 8.76524 8.91180 8.30443 8.09171 9.75416 11.0891 11.5759 11.7363 11.7363 11.7363 11.0192 9.53290 9.53290 9.53290 9.53290 9.53290 9.53290 9.17053 8.98702 8.98702 8.58109 7.28264 6.94819 6.94819 6.94819 6.93154 6.87694 6.82083 6.75603 5.94545 5.46811 5.48486 5.45702 5.36720 5.37414 5.57583 5.94266 5.94266 5.94260 5.91225 5.90937 5.90937 5.90937 5.90937 5.90937 5.90937 5.90937
4.96656 4.96656 4.96656 4.96656 4.96656 4.96656 7.33868 7.70233 7.67965 7.66463 7.67400 8.33447 8.56695 8.78138 8.95633 9.14423 9.34939 9.57430 9.82195 10.0641 10.1039 9.68245 8.98788 10.0460 11.7363 11.7363 11.7363 11.7363 11.7363 11.6138 9.58005 9.53290 9.53290 9.53290 9.53290 9.53290 9.28222 8.86343 8.78862 8.66805 7.21599 6.63103 6.57497 6.45844 6.27515 6.12952 5.98514 5.84966 5.72957 5.50075 5.50075 5.49841 5.37983 5.37414 5.44845 5.94266 5.94266 5.94266 5.91959 5.90937 5.90937 5.90937 5.85485 5.71339 5.58284 5.46295
4.96656 4.96656 4.96656 4.96656 4.96065 4.89937 6.25377 7.77271 7.58263 7.57268 7.94146 9.63455 9.88849 10.0931 10.1039 10.1039 10.1039 10.1039 10.1039 10.1039 10.1039 9.91815 8.98788 9.41168 11.7363 11.7363 11.7363 11.7363 11.7363 11.7363 10.1003 9.53290 9.53290 9.53290 9.53290 9.53290 9.39075 8.36279 8.33766 8.17099 7.07406 6.05016 5.90337 5.81948 5.81896 5.81896 5.81896 5.81896 5.80863 5.51338 5.50075 5.50075 5.40812 5.37414 5.37534 5.83759 5.76333 5.62982 5.49387 5.36714 5.26435 5.16930 5.11185 5.10890 5.09086 5.06949
4.94889 4.87765 4.80275 4.72785 4.65886 4.64524 4.82696 7.85008 7.57268 7.57268 7.63141 9.96850 10.1039 10.1039 10.1039 10.1039 10.1039 10.1039 10.1039 10.1042 10.1479 10.2070 9.07710 8.99695 11.5170 11.7363 11.7363 11.7363 11.7363 11.7363 10.7423 9.53290 9.53290 9.53251 9.37436 9.08561 8.79725 7.77342 7.50703 7.48138 6.96021 5.92825 5.81896 5.81896 5.81896 5.81896 5.81896 5.81896 5.81677 5.56811 5.44376 5.40074 5.27604 5.14834 5.08538 5.00658 4.95995 4.92723 4.90355 4.91764 4.89621 4.87467 4.85336 4.83378 4.83036 4.83036
4.64890 4.64524 4.64524 4.64524 4.64524 4.64524 4.64524 7.59681 7.57268 7.57268 7.57268 9.28279 10.1263 10.1999 10.2754 10.3508 10.4263 10.5018 10.5773 10.6526 10.6844 10.6844 9.57658 8.98788 10.8917 11.7363 11.7363 11.7363 11.7363 11.7276 11.3040 8.92192 8.63344 8.34521 8.21501 8.21501 8.21501 7.71299 7.48138 7.47539 7.20090 6.02951 5.68904 5.62604 5.56309 5.50013 5.43710 5.37410 5.31355 5.14248 4.92408 4.90418 4.87262 4.77734 4.77734 4.76291 4.74108 4.74108 4.74445 4.82854 4.83036 4.83036 4.83036 4.83036 4.82580 4.75466
4.64524 4.64524 4.64524 4.64524 4.64524 4.64524 4.64524 7.30210 7.87713 7.94708 8.02254 9.06305 10.6824 10.6844 10.6844 10.6844 10.6844 10.6844 10.6844 10.6844 10.6844 10.6844 10.0194 8.98788 10.2574 11.7095 11.6564 11.6032 11.5352 11.4624 11.4281 8.54977 8.08669 8.05834 8.02996 8.00161 7.97320 7.65994 7.28236 7.26945 7.24953 5.85345 5.22215 5.22215 5.22215 5.22215 5.22215 5.22215 5.22215 5.18133 4.90407 4.90395 4.89974 4.78083 4.77734 4.77219 4.74108 4.74108 4.74108 4.81181 4.78124 4.68822 4.59520 4.50218 4.41368 4.38285
4.64524 4.64524 4.64524 4.64524 4.64524 4.64524 4.64524 6.45545 8.30491 8.15314 8.15314 8.38829 10.6687 10.6844 10.6844 10.6844 10.6844 10.6916 10.7189 10.7473 10.7723 10.7710 10.4681 9.09672 9.61248 11.2525 11.2241 11.1957 11.1822 11.1822 11.1822 9.28736 7.89651 7.89651 7.89651 7.89651 7.89651 7.80491 7.26942 7.26905 7.26905 6.26862 5.22215 5.22215 5.22215 5.22215 5.22215 5.22215 5.22215 5.22215 4.95501 4.90395 4.90395 4.80731 4.77734 4.75172 4.62573 4.50216 4.37308 4.29143 4.24643 4.20464 4.16007 4.11216 4.06092 4.02161
4.64524 4.64524 4.64524 4.64524 4.64524 4.64524 4.64524 4.87978 8.48921 8.22940 8.25784 8.28621 10.3212 10.8743 10.9027 10.9311 10.9463 10.9323 10.8980 10.8625 10.8304 10.8248 10.7915 9.27343 9.25681 11.1263 11.1822 11.1822 11.1822 11.1822 11.1822 10.2458 7.89651 7.89651 7.89651 7.89651 7.89651 7.89651 7.33204 7.26905 7.26905 6.69797 5.28875 5.22215 5.22215 5.22215 5.22215 5.22204 5.20194 5.16742 4.94772 4.69115 4.56358 4.37196 4.14310 4.00642 3.92440 3.90079 3.90079 3.94148 4.01983 4.01983 4.01983 4.01983 4.01983 4.01983
4.64524 4.64524 4.64524 4.64524 4.64524 4.64524 4.64524 4.64524 8.31160 8.45058 8.45058 8.45479 9.73916 10.9182 10.8827 10.8473 10.8251 10.8248 10.8248 10.8248 10.8248 10.8248 10.8248 9.73402 9.19849 10.7268 11.1822 11.1822 11.1822 11.1822 11.1822 11.0728 8.02662 7.89651 7.89651 7.89651 7.89651 7.89651 7.45557 7.26431 7.22502 6.93146 5.39704 5.08554 5.05098 5.01636 4.89767 4.70441 4.53099 4.37210 4.22163 4.17625 4.17625 4.12471 3.94914 3.94914 3.93109 3.90079 3.90079 3.91448 4.01983 4.01983 4.01983 4.01983 4.01983 4.02626
4.64524 4.64524 4.64524 4.64524 4.64524 4.64524 4.64524 4.70095 7.89165 8.69180 8.80865 8.92128 9.33600 10.8248 10.8248 10.8248 10.8248 10.8248 10.8248 10.8248 10.8248 10.8248 10.8248 10.1635 9.19849 10.2689 11.1822 11.1822 11.1822 11.1822 11.1822 11.1822 8.87533 7.89651 7.89651 7.89651 7.89651 7.89651 7.44652 6.89032 6.88353 6.83786 5.29992 4.59866 4.43984 4.28095 4.20616 4.20616 4.20616 4.20616 4.20540 4.17755 4.17625 4.16689 3.95308 3.94914 3.94346 3.90080 3.90446 3.95308 4.12103 4.19578 4.25778 4.31953 4.38144 4.43684
4.64524 4.64524 4.64524 4.77458 5.12181 5.47220 5.82304 6.11772 7.68496 9.03876 8.95250 8.95250 8.96336 10.6490 10.8248 10.8248 10.8248 10.8248 10.8248 10.8248 10.8248 10.8248 10.8248 10.5115 9.19849 9.81107 11.1822 11.1822 11.1822 11.1822 11.1822 11.1822 9.83311 7.89651 7.89651 7.89651 7.89157 7.68122 7.21687 6.31629 6.10424 5.93096 5.10202 4.20616 4.20616 4.20616 4.20616 4.20616 4.20616 4.20616 4.20616 4.18543 4.17989 4.18646 4.02668 3.98240 4.01893 4.28039 4.41469 4.46338 4.39907 4.30723 4.28504 4.26298 4.24082 4.21869
5.22511 5.57565 5.92634 6.14753 6.15100 6.15100 6.15100 6.15100 6.36314 9.18413 8.95250 8.95250 8.95250 10.1116 10.8248 10.8235 10.7942 10.7537 10.7132 10.6727 10.6322 10.5917 10.5513 10.4823 9.24502 9.35937 11.1763 11.1822 11.1822 11.1822 11.1822 11.1822 10.7275 7.50261 7.18085 6.86306 6.55008 6.44279 6.44279 5.95823 5.91439 5.91439 5.50509 4.22566 4.23052 4.25885 4.29168 4.32486 4.35808 4.39111 4.42432 4.44539 4.45708 4.48363 4.45363 4.42785 4.43534 4.62922 4.75494 4.75494 4.49155 4.15481 4.15481 4.15481 4.15481 4.15481
6.15100 6.15100 6.15100 6.15100 6.15100 6.15100 6.15100 6.15100 6.15100 8.89709 8.85235 8.81186 8.77131 9.34154 10.5626 10.5234 10.5121 10.5121 10.5121 10.5121 10.5121 10.5121 10.5121 10.5121 9.60716 9.19849 10.8793 11.1796 11.0356 10.8126 10.5894 10.3661 10.1847 6.99321 6.27270 6.19412 6.11563 6.03706 5.95399 5.55925 5.35231 5.23848 5.06917 4.59492 4.56568 4.57055 4.57081 4.57081 4.57081 4.57081 4.57081 4.56719 4.54094 4.54090 4.51337 4.43534 4.43534 4.54778 4.75494 4.75494 4.62645 4.15481 4.15448 4.12728 4.08318 4.03914
6.15100 6.15100 6.15100 6.15100 6.15100 6.15100 6.15100 6.15100 6.15100 8.24893 8.63984 8.63984 8.63984 8.74319 10.4713 10.5121 10.5121 10.5121 10.5121 10.5121 10.5121 10.5295 10.6434 10.7532 10.1774 9.23455 9.80915 9.77195 9.61401 9.53552 9.45694 9.37837 9.22522 7.00532 5.31604 5.22480 5.14443 5.07279 5.01052 4.97715 4.95902 4.95902 4.95890 4.67236 4.57081 4.57081 4.57081 4.57081 4.57081 4.57081 4.57081 4.57081 4.54595 4.54090 4.53419 4.43582 4.43534 4.46685 4.73892 4.69602 4.63823 4.02806 3.96402 3.94718 3.94718 3.94718
6.15100 6.15100 6.15100 6.15100 6.15100 6.15100 6.15100 6.15100 6.15100 7.52294 8.67350 8.67184 8.74033 8.81318 10.4518 11.1606 11.3356 11.5247 11.7294 11.8471 11.8718 11.8651 11.6694 11.4844 11.1971 9.79099 9.52446 9.31292 8.85513 8.12027 7.87578 7.65820 7.50409 6.86965 4.99284 4.99284 4.99284 4.99284 4.99284 4.98639 4.95902 4.95902 4.95902 4.76652 4.57081 4.57081 4.57081 4.57081 4.57081 4.57081 4.57081 4.57029 4.54673 4.51718 4.47370 4.35606 4.30098 4.25695 4.49737 4.54731 4.54731 4.08904 3.94718 3.94718 3.94718 3.94718
6.15100 6.15100 6.15100 6.15100 6.15100 6.15100 6.15100 6.15100 6.15100 6.35586 9.53912 9.64520 9.64520 9.64520 10.8833 12.2435 12.0201 11.7966 11.5734 11.4652 11.4652 11.4652 11.4652 11.4652 11.4245 9.84922 9.66210 9.31292 8.76626 7.49351 7.49351 7.49351 7.49351 7.44642 5.14038 4.99284 4.99284 4.99284 4.99284 4.99276 4.96148 4.95902 4.95902 4.86091 4.55968 4.55017 4.54005 4.52925 4.51791 4.52140 4.53471 4.54986 4.49605 4.23218 4.22771 4.22771 4.22771 4.22771 4.41529 4.54731 4.54731 4.22385 3.94718 3.94718 3.94718 3.94718
6.15100 6.15100 6.15100 6.15100 6.15100 6.15100 6.15100 6.15100 6.15100 6.15100 9.18193 9.77652 9.88278 9.98895 10.2956 11.4652 11.4652 11.4652 11.4652 11.4652 11.4652 11.4652 11.4652 11.4652 11.4652 10.3864 9.78765 9.33245 9.26880 7.56071 7.49351 7.49351 7.49351 7.49351 5.81780 4.99284 4.99284 4.99284 4.99284 4.99284 4.98318 4.98410 4.98897 4.96090 4.50900 4.50825 4.53554 4.56281 4.58980 4.59984 4.59984 4.59984 4.59177 4.24731 4.22771 4.22771 4.22771 4.22771 4.33385 4.54731 4.54731 4.35900 3.92913 3.89235 3.85569 3.81893
6.15100 6.15100 6.15100 6.15100 6.15100 6.15109 6.26456 6.47709 6.68934 6.90186 9.09438 10.1016 10.1016 10.1016 10.1018 11.2737 11.4652 11.4652 11.4652 11.4652 11.4652 11.4652 11.4652 11.4652 11.4652 10.8500 9.79099 9.39921 9.31292 7.89588 7.49351 7.49351 7.49351 7.49351 6.54240 4.99284 4.99284 4.99284 4.99284 4.99391 5.01410 5.04139 5.06866 5.09592 4.71947 4.59984 4.59984 4.59984 4.59984 4.59984 4.59984 4.59984 4.59984 4.34627 4.22771 4.22538 4.21728 4.20890 4.22351 4.38598 4.34075 4.22361 3.64960 3.63066 3.61236 3.59408
6.15100 6.16278 6.32783 6.54035 6.75260 6.96512 7.06390 7.06390 7.06390 7.06390 8.30299 10.1016 10.1016 10.1016 10.1016 10.8729 11.4652 11.4652 11.4652 11.3658 10.9737 10.5622 10.1497 9.73820 9.32670 9.04891 9.79099 9.48817 9.31292 8.32792 7.49351 7.49351 7.49351 7.49351 7.25411 5.01540 5.02963 5.05690 5.08417 5.11039 5.11746 5.11746 5.11746 5.11746 4.84646 4.59984 4.59984 4.59984 4.58870 4.55503 4.51965 4.48434 4.44902 4.26669 4.00612 3.97320 3.94585 3.91894 3.89189 3.96554 3.96940 3.96901 3.52412 3.45388 3.45388 3.45388
6.81586 7.01670 7.06390 7.06390 7.06390 7.06390 7.06390 7.06390 7.06390 7.06390 7.26992 10.0266 9.72824 9.31674 8.90492 8.86284 9.44482 9.03331 8.62149 8.30937 8.29000 8.29000 8.29000 8.29000 8.29000 8.33539 9.75686 9.61050 9.31292 8.86316 7.48779 7.38112 7.23770 7.09419 6.95080 5.46536 5.11532 5.08278 5.04043 4.99813 4.95583 4.91353 4.89625 4.90862 4.73203 4.31531 4.27996 4.24458 4.22043 4.21871 4.21871 4.21871 4.21871 4.17771 3.84740 3.84658 3.84658 3.84658 3.84658 3.91572 3.96901 3.96901 3.63918 3.45388 3.45388 3.45751
7.06390 7.06390 7.06390 7.06390 7.06390 7.06390 7.06390 7.06390 7.06390 7.06390 7.06390 6.99668 6.92646 6.92646 6.92646 6.96190 8.22278 8.29000 8.29000 8.29000 8.29000 8.29000 8.29000 8.29000 8.29000 8.29000 9.20338 9.25533 8.65658 8.35595 6.76530 6.60328 6.56098 6.51868 6.47629 5.55319 4.69333 4.73053 4.78381 4.84400 4.91252 4.99119 5.03830 5.03830 4.94284 4.22420 4.21871 4.21871 4.21871 4.21871 4.21871 4.21871 4.21871 4.21871 3.91331 3.84658 3.84658 3.84658 3.84658 3.88434 3.96901 4.04668 4.00407 3.85168 4.06739 4.32022
7.06390 7.06390 7.06390 7.06390 7.06390 7.06390 7.06390 7.06390 7.06390 7.06390 7.06390 6.97064 6.92646 6.92646 6.92646 6.92646 7.85735 8.29000 8.29000 8.29000 8.29000 8.28762 8.15069 7.93556 7.72043 7.50521 7.56003 7.88385 7.67907 7.64881 6.86435 6.73700 6.91743 7.12168 7.35545 7.03150 5.03830 5.03830 5.03830 5.03830 5.03830 5.03830 5.03830 5.03830 5.03830 4.32615 4.21871 4.21871 4.21871 4.21871 4.21871 4.21871 4.21871 4.21871 4.02003 3.84658 3.88074 4.04923 4.25802 4.51509 4.97315 5.17957 5.03029 4.40760 4.40760 4.40760
sd=s)p*n7~&b!g7|.b1j'q9k7w!e8p.t g;Z%G0Q'q4h5v&f<v#y-`3{'m `6r+`8f-~3o4u)` w |c?t(c9b!~2n4u.`:v#v.f1}*a$`7~+`<h$3h>L+^<q l,g>p(`5d,q:o7~#k6}-p"c<q+k/`6{(b vk6w)w*m<q%i(c:r(c6f ~7h7w a6s,u'g0V!C3S+q7m5r#e;-(i1~ h-f=y-b:k*z5j7w msp`6~+m1a"p8o=s%g>y/|!c3y'f+f=r)h6l%x8j=J%_5y%j+f:q.`7d ~:n)2h>p5i!s4y7t.c(s)v p1|7t5k(u4~(x(n(r)s8s-n;i%$t>}7b.f5P5Z+K y=o;d&g9}?z e5~<p:f>r r7}6y6g+s)vqqc<"g:m'{:n%$E7t3{!k9?u#a8.s.d7z3j;V"e7,v*c>u/i/zy%r$t#v9b0b6f2~$}>y:q7h l%d9y<z#n4~"w0I8s9i0{:y$v=n%x8c<u2f1U6@2` y4~)r"e8r6od>z1j$}<r4s&i7{#|5m&vk{)g<r8{:h#{4v(~"N8a.4j:7a&s<};v,f:}!r0P&a<8}+c<z1~l |!i2y)v!h'x<i&e5`(v>b-t$r,a&l3l#j9n7p+I>g-s0l0y h7w%w%g.p4k H>C>n%y.q q!b%i3ie#b9i p>b/z8d5~!h;}#to~(g9r4v3j y*t%_%B(b&f6d%g2a1t:g-u+r0y$j0x*d6d:r4f76x r`$n3x.d(c<t=h:o1{/x-~)v,w)k$n<d-`5g?_"O/{)t?n,d"a5{,e$e=u2a>O0x=n!p/q%s g#h`m6`1r+s%~+p1n+b l!g(i f4h<d:r?p,|$}+v'@&^)c6|3f=f7~0u+)v8w"c i&g$l:z6m7g=p+k| m$f>}&h$a m?`8a*h&w+!l=z'g#f&q `3a$L)M+"m,o l!b#i$g$d)o2c8I&a2j({+a?w'i"l pe9f-l${,~8`5x+l6t:q!k{#i7m<w,j*}'p<j*K,\.},y1n8i'h2s"z=n0v!g:z+k#g=})j7m9~+hqb?p,u!c3{/b.f>t&h0o%y0o6w'b:r.p$e4R.E0W&x6k1x$a7r)~!g<y%f.e?{#f6`&x0f9v ar qg?{(`3j&x4i0w%a>r/u$c=y d,b?z(a:o&x<c1B!^3z"l$a?q+`4`&x<m7q'a:}+s c6}!i,a?q'c |f:"w)c6}-e*e8q.c6a&>m<u!`<p.u"b2T!C5V'2m5p&`9}'r g6~'j+i:s*c;a-p3e0v&g qpf>q/c>j p3c6v"b<q/t#a7{$n/b>q+m5n-p9k<@"\3|"o$m9r e3i&}0i3}'c?t)w e;{/m+f=t.b s c8s#p%a4)d*a6q,a2k"p1n3y)c=r){"g<[,J;T,q2o8t"k6}/v `<q&o(`6{(a2k,q7e7+kuy`6z/i3h,q0h:v-d8u'w%f9x,f*`<|*a8l&}<j:O'T2|/`'e<s(d4o&}8o?s.f9w"v&f0y/i*e6x,`zm>{+~%c5y/d+f;r(a6h$|9o4t"c>~%!e5S.C=W$|9o3t"c>~({'c;q3s)e,u!~3i+n2n3o2ipe&}+k7k;o4l w&I;};o%d:}=r<i=|,}6p>5c=D#n3{$v8c<s)k#{ q6l)w;m:t5`){;{<~7g-y/r f'a<};z-n2"r;o;q/s9w1{6`!p'q8v3d"i3R;X.B*}4e8e!m9s2} d0~(v5q>r4o7}0z#s*q*rdq9l8r=~.{%{2z=m"M9d+s6l6~2l-p=5,j8+y>T"c46s$g<u8z2l{#{1m&v8`.v4a:2i(r<}5r}&d8w:m e:8}-I<|6w,a4{&t2k,w=n'u0b;U1A:n })s(|&j&j>me'g=l%t?e/3f=$h5p$p` |)h7u9x:m"z.q,X-M%f(w2e b=`-}=c/~?i1|!h9b$m?}5s*d=~8u c |?w;q,t,x)t9c)k8m*t=d-w/s#c)h;b(b9o3v!M;b+p9h0y$n5t!u c(r9l(M3E2b }*v+p k#md f?o0v-w {)t?f!b$n7~(cc:v(`6v5}2j%|)r.["_&a;s5n:`?t+q%'s8j#b#h5j%c5a6v(g>w4y o`!a i#j&a6j3`9f>y;x/y-t)c!l'm(k$g>o7G1O,p??w,j8z6y/a x?x4l8G7p/{/z8y!h/i;zj f'x'a:s n n%o'g&b'f%ea!h.g#n)d6m
         4+            "3;5*     8     08"     (1   5 ; "2       %       :       #'     $ (; )     9 
