High_resolution/powerplant/Shangrao/OMI_NO2_200508.asc
ncols      200
nrows      200
xllcorner       115.451
yllcorner       27.0350
cellsize     0.0166667
NODATA_Value      -999.000
[rows 0 to 28 of 175, columns 132 to 197 of 200]
0.457484 0.457484 0.457484 0.457484 0.457484 0.467725 1.25568 1.49613 1.61439 1.61439 1.61439 1.61439 1.61439 1.61439 1.61439 1.61439 1.61439 1.61439 1.61439 1.61439 1.61439 1.61439 1.55293 1.52385 0.00000 0.00000 0.00000 0.00000 0.00000 0.00000 0.00000 0.00000 0.00000 0.00000 0.00000 0.00000 0.00000 0.00000 3.55014 3.48321 3.31382 3.19142 3.10093 3.03541 3.02312 3.02312 3.02312 3.02312 3.02312 3.02312 3.02312 3.02312 3.02312 2.66396 2.22670 1.94633 2.00137 2.00137 2.00137 2.00137 2.00137 2.00137 2.00137 2.00137 2.00137 2.00137
0.457484 0.457484 0.457484 0.457484 0.457484 0.457484 1.05995 1.41030 1.61439 1.61439 1.61439 1.61439 1.61439 1.61439 1.61439 1.61439 1.61439 1.61439 1.61439 1.61439 1.61439 1.61439 1.57719 1.52385 0.00000 0.00000 0.00000 0.00000 0.00000 0.00000 0.00000 0.00000 0.00000 0.00000 1.85038 2.29276 2.49610 2.49610 2.85013 3.02465 3.02312 3.02312 3.02312 3.02215 2.96020 2.86835 2.78418 2.70723 2.63598 2.57015 2.50894 2.45237 2.39921 2.24628 1.79465 1.62615 2.00137 2.00137 2.00137 2.00137 2.00137 2.00137 2.00137 2.00137 2.00137 2.00137
0.457484 0.457484 0.457484 0.457484 0.457484 0.457484 0.853872 1.32735 1.61150 1.61439 1.61439 1.61439 1.61439 1.61439 1.61439 1.61439 1.61439 1.61439 1.61439 1.61439 1.61561 1.62342 1.61510 1.52385 0.00000 0.00000 0.00000 0.00000 0.00000 0.00000 1.85038 1.85038 1.85038 1.85038 1.85038 2.05821 2.49610 2.49610 2.63398 2.60935 2.47917 2.42455 2.37328 2.32579 2.30883 2.30883 2.30883 2.30883 2.30883 2.30883 2.30883 2.30883 2.30883 2.30532 1.83439 1.67211 1.95804 2.00137 2.00137 2.00137 2.00137 2.00137 2.00137 1.97866 2.00137 2.00137
0.457484 0.457484 0.457484 0.457484 0.457484 0.457484 0.647913 1.30383 1.54920 1.61439 1.61439 1.61439 1.61439 1.61439 1.61504 1.62200 1.63203 1.64433 1.65981 1.67984 1.70199 1.70492 1.70492 1.70492 0.00000 0.00000 1.85038 1.85038 1.85038 1.85038 1.85038 1.85038 1.85038 1.85038 1.85038 1.88080 2.47673 2.49610 2.49641 2.46508 2.30883 2.30883 2.30883 2.30883 2.30883 2.30883 2.30883 2.30883 2.30883 2.30883 2.30883 2.30883 2.30883 2.30883 1.96986 1.75370 1.77365 2.00137 2.00137 1.98274 1.89592 1.78391 1.69689 1.63382 1.60118 1.50932
0.457484 0.457484 0.457484 0.457484 0.457484 0.457484 0.476019 1.26973 1.46320 1.62062 1.63036 1.64228 1.65718 1.67641 1.69811 1.68823 1.67011 1.65197 1.63386 1.61570 1.59756 1.57944 1.59099 1.76163 1.85038 1.85038 1.85038 1.85038 1.85038 1.85038 1.85038 1.85038 1.85038 1.85038 1.85038 1.85038 2.31018 2.49610 2.49610 2.50604 2.30883 2.30883 2.30883 2.30883 2.30883 2.30883 2.30883 2.30883 2.30883 2.30883 2.30883 2.30883 2.30883 2.30883 2.08241 1.72162 1.53029 1.62917 1.56353 1.51340 1.47077 1.46457 1.46457 1.46457 1.43060 1.36875
0.457484 0.457484 0.457484 0.440544 0.393963 0.360098 0.424100 1.27889 1.61257 1.62848 1.61036 1.59218 1.57406 1.55593 1.53938 1.53633 1.53633 1.53888 1.58398 1.62810 1.65966 1.68337 1.69335 1.76370 1.85038 1.85038 1.85038 1.85038 1.85038 1.85038 1.85038 1.85038 1.85038 1.85038 1.85038 1.85038 2.11341 2.49610 2.49610 2.57517 2.30883 2.30883 2.30883 2.30883 2.30883 2.30883 2.30883 2.30800 2.24828 2.15266 2.05661 1.90259 1.70532 1.53258 1.40195 1.26977 1.30311 1.46457 1.46457 1.46457 1.46457 1.46457 1.46457 1.46457 1.45354 1.36875
0.829174 0.975495 1.16900 1.39760 1.59835 1.76278 1.77832 1.65859 1.53633 1.53633 1.53633 1.53633 1.53633 1.53633 1.53633 1.53633 1.65228 1.68824 1.69335 1.69335 1.69335 1.69335 1.69335 1.72980 1.85038 1.85038 1.85038 1.85038 1.85038 1.85038 1.85038 1.85038 1.85038 1.85038 1.85038 1.85038 1.91903 2.49339 2.49610 2.56426 2.35064 2.30252 2.22624 2.13067 2.03510 1.93953 1.83150 1.65424 1.52802 1.44997 1.38302 1.36544 1.36761 1.36761 1.36761 1.28350 1.27464 1.46091 1.46457 1.46457 1.46457 1.46457 1.46457 1.46457 1.46440 1.38836
1.77832 1.77832 1.77832 1.77832 1.77832 1.77832 1.77832 1.71751 1.53633 1.53633 1.53633 1.53633 1.53633 1.53633 1.53633 1.53633 1.64716 1.69335 1.69335 1.69335 1.69335 1.69335 1.69335 1.70468 1.85038 1.85038 1.85038 1.85038 1.85038 1.85038 1.85038 1.85038 1.85038 1.85038 1.85038 1.85038 1.85038 2.36533 2.49610 2.49610 1.93314 1.73267 1.67328 1.58052 1.49186 1.41592 1.36068 1.36474 1.36761 1.36761 1.36761 1.36761 1.36761 1.36761 1.36761 1.30992 1.26886 1.40862 1.46457 1.46457 1.46457 1.46457 1.46457 1.46457 1.46457 1.42611
1.77832 1.77832 1.77832 1.77832 1.77832 1.77832 1.77832 1.76997 1.54279 1.53633 1.53633 1.53633 1.53633 1.53633 1.53633 1.53633 1.59664 1.69335 1.69335 1.69335 1.69335 1.69335 1.69335 1.69338 1.81982 1.85038 1.85038 1.85038 1.85038 1.85038 1.85038 1.85038 1.85038 1.85038 1.85038 1.85038 1.85038 2.15222 2.26177 1.98303 1.53738 1.37206 1.35078 1.36392 1.36761 1.36761 1.36761 1.36761 1.37239 1.38444 1.39713 1.41055 1.42463 1.43951 1.45522 1.43392 1.36600 1.42482 1.46457 1.46457 1.46457 1.46457 1.46457 1.46457 1.46457 1.45052
1.77832 1.77832 1.77832 1.77832 1.77832 1.77832 1.77832 1.77832 1.59333 1.53633 1.53633 1.53633 1.53633 1.53633 1.53633 1.53633 1.53987 1.68669 1.69335 1.69335 1.69335 1.69335 1.69335 1.69335 1.76906 1.85038 1.85038 1.85038 1.85038 1.85038 1.85038 1.85038 1.85038 1.89099 2.09230 2.30987 2.52725 2.44686 1.30498 1.35212 1.38855 1.38296 1.43203 1.44736 1.46347 1.48063 1.49872 1.51802 1.52997 1.53006 1.53006 1.53006 1.53006 1.53006 1.53006 1.52187 1.40016 1.41593 1.46457 1.46457 1.46457 1.46457 1.46457 1.46457 1.46457 1.46384
1.77832 1.77832 1.77832 1.77832 1.77832 1.77832 1.77832 1.77832 1.65226 1.53633 1.53633 1.53633 1.53633 1.53633 1.53633 1.53633 1.53633 1.65679 1.69335 1.69335 1.69335 1.69335 1.69335 1.69335 1.73366 1.85038 1.85038 1.85038 1.85037 1.92362 2.08919 2.23129 2.35367 2.43406 2.40828 2.37622 2.34767 2.32103 1.64800 1.55808 1.55873 1.51899 1.52949 1.53006 1.53006 1.53006 1.53006 1.53006 1.53006 1.53006 1.53006 1.53006 1.53006 1.53006 1.53006 1.53006 1.42722 1.40139 1.46290 1.46457 1.46457 1.46457 1.46032 1.44882 1.55211 1.76583
1.77832 1.77832 1.77832 1.77832 1.77832 1.77832 1.77832 1.77832 1.71114 1.53633 1.53633 1.53633 1.53633 1.53633 1.53633 1.53633 1.53633 1.61148 1.68890 1.66036 1.62818 1.59606 1.56396 1.53181 1.54199 1.93160 2.04448 2.14570 2.24786 2.31422 2.31496 2.31496 2.31496 2.31496 2.31496 2.31496 2.31496 2.31496 1.87685 1.55808 1.55808 1.52555 1.52609 1.53006 1.53006 1.53006 1.53006 1.53006 1.53006 1.53006 1.53006 1.53006 1.53006 1.53006 1.53006 1.53006 1.46247 1.41551 1.56985 1.76261 1.97251 2.27361 2.64230 2.88939 2.96438 2.96438
1.77832 1.77832 1.77832 1.77832 1.77832 1.77832 1.77832 1.77832 1.76624 1.51869 1.45172 1.38735 1.32317 1.25886 1.19461 1.13031 1.06600 1.03596 1.39032 1.39481 1.40466 1.49555 1.60438 1.71312 1.82270 2.27983 2.31496 2.31496 2.31496 2.31496 2.31496 2.31496 2.31496 2.31496 2.31496 2.31496 2.31496 2.31496 2.10733 1.55808 1.55808 1.53203 1.52138 1.53006 1.53006 1.53006 1.53006 1.53006 1.53006 1.53006 1.53006 1.53863 1.56025 1.58290 1.63567 1.71457 1.87501 2.27795 2.55731 2.96438 2.96438 2.96438 2.96438 2.96438 2.96438 2.96438
1.75904 1.66163 1.55625 1.45059 1.34521 1.23955 1.13408 1.02860 0.922946 0.922456 0.939237 0.939237 0.939237 0.939237 0.939237 0.939237 0.975442 1.10525 1.52215 1.74268 1.84161 1.85950 1.85950 1.85950 1.85950 2.17317 2.31496 2.31496 2.31496 2.31496 2.31496 2.31496 2.31496 2.31496 2.31496 2.31496 2.31496 2.31496 2.29650 1.59941 1.55808 1.53876 1.51593 1.52971 1.53019 1.54332 1.56509 1.58683 1.60860 1.63872 1.70264 1.77677 1.85201 1.94315 2.00258 2.00640 2.01565 2.38565 2.44845 2.96438 2.96438 2.96438 2.96438 2.96438 2.96438 2.96438
0.859643 0.851487 0.851487 0.851487 0.851487 0.851487 0.851487 0.851487 0.851487 0.899538 0.939237 0.939237 0.992732 1.12172 1.21309 1.27993 1.32148 1.32453 1.53404 1.85950 1.85950 1.85950 1.85950 1.85950 1.85950 2.06439 2.31496 2.31496 2.31496 2.31496 2.31496 2.31496 2.31496 2.31496 2.31496 2.31496 2.31496 2.31496 2.31496 1.81134 1.55808 1.55332 1.61710 1.64371 1.65684 1.68880 1.73383 1.79482 1.87098 1.95340 2.00044 2.00640 2.00640 2.00640 2.00640 2.00640 2.00640 2.28853 2.40364 2.81556 2.96438 2.96438 2.96438 2.96438 2.96438 2.96438
0.851487 0.851487 0.851487 0.851487 0.851487 0.851487 0.851487 0.851487 0.933118 1.09195 1.22423 1.28830 1.32346 1.32453 1.32453 1.32453 1.32453 1.32453 1.37370 1.85522 1.85950 1.85950 1.85950 1.85950 1.85950 1.95559 2.31496 2.31496 2.31496 2.31496 2.31496 2.31496 2.31496 2.31496 2.31496 2.31496 2.31496 2.31496 2.31496 2.04165 1.56478 1.62036 1.78104 1.86610 1.88965 1.95344 1.99785 2.00640 2.00640 2.00640 2.00640 2.00640 2.00640 2.00640 2.00640 2.00640 2.00640 2.18222 2.40364 2.61474 2.96438 2.96438 2.96438 2.96438 2.96438 2.96438
0.851487 0.851487 0.851487 0.852173 0.957160 1.08847 1.18083 1.24924 1.28057 1.28365 1.32418 1.32453 1.32453 1.32453 1.32453 1.32453 1.32453 1.32453 1.32453 1.73977 1.85950 1.85950 1.85950 1.85950 1.85950 1.86747 2.29426 2.31496 2.31496 2.31496 2.31496 2.31496 2.31496 2.31496 2.31496 2.31496 2.23741 1.97183 1.69794 1.43571 1.82631 1.84634 1.90180 2.00640 2.00640 2.00640 2.00640 2.00640 2.00640 2.00640 2.00640 2.00640 2.00640 2.00640 2.00640 2.00640 2.00640 2.07588 2.40364 2.48265 2.96438 2.96438 2.96438 2.96438 2.96438 2.96438
0.979945 1.10404 1.19219 1.25766 1.28065 1.28065 1.28065 1.28065 1.28065 1.28065 1.31652 1.32453 1.32453 1.32453 1.32453 1.32453 1.32453 1.32453 1.32453 1.57516 1.85950 1.85950 1.85950 1.85950 1.85950 1.85950 2.19343 2.31496 2.31496 2.31496 2.31496 2.31485 2.15721 1.85546 1.55368 1.25208 1.02797 0.991763 0.964023 0.936227 1.43825 1.58397 1.64845 2.00609 2.00640 2.00640 2.00640 2.00640 2.00640 2.00640 2.00640 2.00640 2.00640 2.00640 2.00640 2.00640 2.00640 2.00764 2.36552 2.40808 2.89180 2.96438 2.96438 2.96438 2.96438 2.96438
1.63261 1.63261 1.63261 1.63261 1.63261 1.63261 1.63346 1.64360 1.64382 1.29221 1.15554 1.15601 1.31672 1.60680 1.89675 2.18669 2.32704 2.32704 2.32704 2.32704 2.32704 2.32704 2.33213 2.34802 2.45831 2.72283 2.70385 2.68482 2.66583 2.40406 1.16036 1.15305 1.15305 1.15305 1.15305 1.15305 1.15305 1.15305 1.15305 1.15305 1.43714 1.70419 1.70419 1.72915 1.83673 1.95087 2.06501 2.16459 2.17858 2.17858 2.17858 1.99382 1.82004 1.82004 1.82004 1.82004 1.54058 1.25781 1.25781 1.25781 1.25781 1.25781 1.25781 1.25781 1.25781 1.25781
1.63261 1.63261 1.63261 1.63261 1.63261 1.63261 1.63261 1.64341 1.81662 1.87591 1.90833 2.19770 2.32704 2.32734 2.33833 2.35453 2.37075 2.38695 2.40316 2.41938 2.43558 2.45176 2.46288 2.46321 2.46745 2.61519 2.62066 2.62066 2.62066 2.62037 1.36319 1.15305 1.15305 1.15305 1.15305 1.15305 1.15305 1.15305 1.15305 1.19124 1.45427 1.96876 2.08290 2.17204 2.17858 2.17858 2.17858 2.17858 2.17858 2.17858 2.17858 2.10312 1.82004 1.82004 1.82004 1.82004 1.67510 1.25781 1.25781 1.25781 1.25781 1.25781 1.25781 1.25781 1.25781 1.25781
1.63261 1.63261 1.63261 1.63261 1.63261 1.62547 1.55241 2.11826 2.68646 2.57586 2.40968 2.42589 2.44210 2.45801 2.46321 2.46321 2.46321 2.46321 2.46321 2.46321 2.46321 2.46321 2.46321 2.46321 2.46321 2.58120 2.62066 2.62066 2.62066 2.62066 1.81450 1.15305 1.15305 1.15305 1.15305 1.20722 1.32136 1.43550 1.54969 1.62555 1.65401 2.16954 2.17858 2.17858 2.17858 2.17858 2.17858 2.17858 2.17858 2.17858 2.17858 2.17661 1.85585 1.82004 1.82004 1.82004 1.79764 1.26985 1.25781 1.25781 1.25781 1.25781 1.25781 1.25781 1.25781 1.25781
1.37310 1.28384 1.19537 1.10632 1.01728 0.935078 0.919096 1.13790 2.44779 2.45858 2.46302 2.46321 2.46321 2.46321 2.46321 2.46321 2.46321 2.46321 2.46321 2.46321 2.46321 2.46321 2.46321 2.46321 2.46321 2.54278 2.62066 2.62066 2.62066 2.62066 2.26802 1.22511 1.33925 1.45339 1.56753 1.62745 1.62745 1.62745 1.62745 1.62745 1.62745 2.06297 2.17858 2.17858 2.17858 2.17858 2.17858 2.17858 2.17858 2.17858 2.17858 2.17858 1.96321 1.82004 1.82004 1.82004 1.82004 1.38189 1.25781 1.25781 1.25781 1.25781 1.25817 1.28343 1.34318 1.41028
0.919096 0.919096 0.919096 0.919096 0.919096 0.919096 0.919096 0.919096 2.23934 2.45856 2.46197 2.46321 2.46321 2.46321 2.46321 2.46321 2.46321 2.46321 2.46321 2.46321 2.46321 2.46321 2.46321 2.46321 2.46321 2.50446 2.61695 2.42921 2.14174 1.85404 1.57062 1.61417 1.62745 1.62745 1.62745 1.62745 1.62745 1.62745 1.62745 1.62745 1.62745 1.92974 2.17858 2.17858 2.17858 2.17858 2.17858 2.17858 2.17858 2.17858 2.17858 2.17858 2.07175 1.77576 1.70798 1.64033 1.57268 1.38169 1.27555 1.33410 1.42822 1.53974 1.66559 1.72544 1.72561 1.72561
0.919096 0.919096 0.919096 0.919096 0.919096 0.919096 0.919096 0.919096 1.85706 2.45856 2.46083 2.46321 2.46321 2.46321 2.46321 2.46321 2.46321 2.46321 2.46321 2.46321 2.46321 2.46321 2.45741 2.26224 1.97442 1.69278 1.55632 1.45964 1.45964 1.45964 1.45964 1.56463 1.62745 1.62745 1.62745 1.62745 1.62745 1.62745 1.62745 1.62745 1.62745 1.79651 2.17858 2.17352 2.11862 2.05097 1.98326 1.91567 1.84790 1.78025 1.71260 1.64495 1.56597 1.21074 1.20187 1.24605 1.29634 1.39123 1.69522 1.72561 1.72561 1.72561 1.72561 1.72561 1.72561 1.72561
0.919096 0.919096 0.919096 0.919096 0.919096 0.919096 0.919096 0.919096 1.26630 2.45741 2.45969 2.46321 2.46321 2.46321 2.46321 2.46321 2.46321 2.46321 2.45555 2.25214 1.96420 1.67662 1.39484 1.30219 1.30219 1.30219 1.42431 1.45964 1.45964 1.45964 1.45964 1.51295 1.62745 1.62745 1.62752 1.62879 1.63047 1.63215 1.63383 1.63551 1.63719 1.65182 1.62985 1.56668 1.55394 1.55394 1.55394 1.55394 1.55394 1.55394 1.54010 1.47676 1.38923 1.33722 1.40485 1.41095 1.41095 1.42251 1.72179 1.72561 1.72561 1.72561 1.72561 1.72561 1.72561 1.72561
0.919096 0.919096 0.919096 0.919096 0.919096 0.919096 0.919096 0.919096 0.919096 2.30024 2.45870 2.46306 2.46321 2.46321 2.45265 2.24262 1.95468 1.66675 1.38659 1.30219 1.30219 1.30219 1.30219 1.30219 1.30219 1.30193 1.37520 1.46239 1.46407 1.46575 1.46743 1.47643 1.63296 1.64028 1.64189 1.64230 1.64230 1.64230 1.64230 1.64230 1.64230 1.64230 1.56960 1.55394 1.55394 1.55394 1.53310 1.46501 1.37321 1.24449 1.10615 1.09628 1.09628 1.27066 1.41095 1.41095 1.41095 1.41095 1.63288 1.72561 1.72561 1.72561 1.72561 1.72561 1.72561 1.72561
0.919096 0.919096 0.919096 0.919096 0.919096 0.919096 0.919096 0.919096 0.919096 1.94718 2.44556 2.23124 1.94458 1.65676 1.37951 1.30219 1.30219 1.29723 1.25427 1.20356 1.15268 1.10188 1.05108 1.00020 0.949442 0.898856 1.05007 1.47449 1.47449 1.47449 1.47449 1.47449 1.59234 1.64230 1.64230 1.64230 1.64230 1.64230 1.64230 1.64230 1.64230 1.64230 1.56383 1.45280 1.35644 1.22001 1.09875 1.09628 1.09628 1.09628 1.09628 1.09628 1.09628 1.14755 1.40962 1.41095 1.41095 1.41095 1.54249 1.72561 1.72561 1.72561 1.72561 1.72561 1.72561 1.72561
0.919096 0.919096 0.919096 0.919096 0.919096 0.919096 0.919096 0.919096 0.919096 1.18524 1.42475 1.30078 1.13521 1.08432 1.03361 0.982728 0.931888 0.886093 0.878164 0.878164 0.878164 0.878164 0.878164 0.878164 0.878164 0.878164 0.911820 1.46699 1.47449 1.47449 1.47449 1.47449 1.54071 1.64230 1.64230 1.64230 1.64230 1.64176 1.61062 1.55032 1.46867 1.35190 1.21311 1.09628 1.09628 1.09628 1.09628 1.09628 1.09628 1.09628 1.09628 1.09628 1.09628 1.09628 1.37150 1.41095 1.41095 1.41095 1.47818 1.72561 1.72561 1.72561 1.72561 1.72561 1.72561 1.72561
0.919096 0.945867 1.03785 1.13266 1.22716 1.32219 1.41669 1.51165 1.60645 1.67761 1.67909 1.47213 0.878164 0.878164 0.878164 0.878164 0.878164 0.878164 0.878164 0.878164 0.878164 0.878164 0.878164 0.878164 0.878164 0.878164 0.878164 1.35494 1.47449 1.47449 1.47449 1.47449 1.49030 1.63895 1.60247 1.53947 1.45362 1.33130 1.27300 1.27300 1.27300 1.27300 1.25568 1.09649 1.09628 1.09628 1.09628 1.09628 1.09628 1.09628 1.09628 1.09628 1.09628 1.09628 1.29863 1.41095 1.41095 1.41095 1.43007 1.72561 1.72561 1.72561 1.72561 1.72561 1.72561 1.72490
