High_resolution/powerplant/Shangrao/OMI_NO2_200904.asc
ncols      200
nrows      200
xllcorner       115.451
yllcorner       27.0350
cellsize     0.0166667
NODATA_Value      -999.000
[rows 0 to 28 of 164, columns 0 to 66 of 200]
0.00000 0.00000 0.00000 3.31962 3.28364 3.23080 3.06613 2.88675 2.73811 2.61307 2.54851 2.54810 2.54810 2.54810 2.54810 2.54810 2.54810 2.54810 2.54810 2.54810 2.40528 2.16234 2.16234 2.43698 3.14087 3.15351 3.15351 3.15351 3.15351 3.15351 3.15351 3.13128 3.05622 2.99333 2.95416 2.92744 2.96039 3.62706 3.63674 3.63658 3.53535 3.38938 3.38651 3.25117 3.20636 3.20333 3.20333 3.20333 3.20333 3.20333 3.20333 3.20333 3.19278 2.65958 2.62311 2.62311 2.62311 2.62311 2.66016 2.72146 2.72146 2.72610 2.67710 2.66682 2.66682 2.66682 2.66682
0.00000 0.00000 0.00000 3.31962 2.64348 2.56540 2.54810 2.54810 2.54810 2.54810 2.54810 2.54810 2.54810 2.54810 2.54810 2.54810 2.54810 2.54810 2.54810 2.54810 2.49786 2.16234 2.16234 2.36633 2.93221 3.15308 3.11244 3.05563 2.99527 2.95503 2.92778 2.91126 2.90708 2.90707 2.90707 2.91404 2.94168 3.45381 3.58224 3.56914 3.53697 3.38263 3.38263 3.27128 3.20361 3.20333 3.20333 3.20333 3.20333 3.20333 3.20333 3.20333 3.20333 2.83621 2.62311 2.62311 2.62311 2.62382 2.64326 2.70933 2.70528 2.70377 2.68796 2.77647 2.90009 2.99087 3.06028
0.00000 0.00000 0.00000 0.00000 2.64362 2.47826 2.54810 2.54810 2.54810 2.54810 2.54810 2.54810 2.54810 2.54810 2.54810 2.54810 2.54810 2.54810 2.54810 2.54810 2.53822 2.23851 2.25330 2.32233 2.59768 2.88649 2.91447 2.90792 2.90707 2.90707 2.90775 2.92875 2.95605 2.98001 3.00120 3.01613 3.01716 3.28532 3.56441 3.56441 3.56393 3.39785 3.38263 3.32061 3.20752 3.20333 3.20333 3.20333 3.20333 3.20333 3.20333 3.20333 3.20333 2.99949 2.62606 2.62922 2.63193 2.63386 2.68010 2.91075 3.06801 3.23464 3.62128 3.51425 3.69191 3.84644 3.93279
3.54166 3.54166 3.54166 3.54166 3.28854 2.55843 2.66408 2.67306 2.68166 2.69018 2.69847 2.70659 2.71463 2.72238 2.73019 2.72310 2.65167 2.57320 2.48989 2.34804 2.20180 2.29495 2.33693 2.24958 2.25704 2.74832 2.91595 2.94404 2.96944 2.99182 3.01133 3.01716 3.01716 3.01716 3.01716 3.01716 3.01716 3.13082 3.56441 3.56441 3.56441 3.43955 3.38263 3.36771 3.21371 3.20333 3.20333 3.20333 3.20333 3.20333 3.18581 3.15394 3.12576 3.06440 2.75729 2.87283 3.04390 3.27571 3.45017 3.78139 3.96207 4.04606 4.18388 3.73107 3.58160 3.45113 3.36099
3.54166 3.52332 3.37937 3.24821 3.15891 2.74972 2.71695 2.72243 2.79649 2.79649 2.77410 2.69535 2.61387 2.53243 2.42492 2.28062 2.19566 2.11811 2.04685 2.03318 2.03318 2.12446 2.30348 2.27881 2.13702 2.71050 3.01659 3.01716 3.01716 3.01716 3.01716 3.01716 3.01716 3.01716 3.01716 3.01716 3.01716 3.02148 3.51931 3.56441 3.56441 3.48174 3.38263 3.38263 3.25203 3.20333 3.20333 3.19049 3.13751 3.18075 3.24876 3.25653 3.24964 3.21934 3.49457 3.66213 3.69708 3.66465 3.62285 3.77633 3.93914 3.90739 3.81340 3.42733 3.35570 3.35570 3.35570
2.99602 2.94526 2.93699 2.93699 2.93699 2.77438 2.58669 2.54728 2.51575 2.43530 2.32150 2.24121 2.16358 2.08602 2.03445 2.03318 2.03318 2.03071 2.01819 2.00461 1.99105 1.99434 2.24801 2.25305 2.11110 2.49614 2.99649 3.01716 3.01716 3.01716 3.01716 3.01716 3.01716 3.01716 3.01716 3.01716 3.01716 3.01716 3.36904 3.56441 3.56327 3.49856 3.35364 3.33789 3.26011 3.22394 3.21827 3.18895 3.06975 2.97973 2.87855 2.85157 2.82738 2.79457 3.20347 3.49292 3.46433 3.45516 3.45516 3.58139 3.90306 3.90306 3.87645 3.52550 3.35570 3.35570 3.35570
2.93699 2.93699 2.93699 2.93699 2.93699 2.59954 2.23750 2.23376 2.14682 2.05602 2.03318 2.03318 2.03318 2.02618 2.01261 1.99905 1.98547 1.97438 1.97332 1.97332 1.97332 1.97332 2.18499 2.25305 2.12296 2.31034 2.92256 3.01716 3.01716 3.01374 2.98223 2.94453 2.90674 2.86907 2.83132 2.79357 2.75582 2.71807 2.87776 3.18396 3.08045 2.98848 2.95234 2.87138 2.73955 2.73152 2.87777 2.87122 2.81317 2.77425 2.74502 2.71580 2.69851 2.69837 2.92526 3.45516 3.45516 3.45516 3.45516 3.49180 3.90283 3.90306 3.90306 3.65982 3.35570 3.35570 3.35570
2.93699 2.93699 2.93699 2.93699 2.93699 2.78906 2.20308 2.09301 2.07116 2.02061 2.00703 1.99347 1.97990 1.97332 1.97332 1.97332 1.97332 1.97332 1.97332 1.97332 1.97332 1.97332 2.10519 2.25305 2.12109 1.89878 2.50074 2.67362 2.63595 2.60162 2.59538 2.59538 2.59538 2.59538 2.57530 2.52988 2.50202 2.47393 2.47430 2.66638 2.65221 2.65221 2.68789 2.64996 2.57768 2.53214 2.73917 2.70919 2.70320 2.69837 2.69837 2.69837 2.69837 2.69837 2.73318 3.43602 3.45516 3.45516 3.45516 3.45516 3.83288 3.90306 3.90306 3.78729 3.40531 3.39469 3.41806
2.92662 2.93699 2.93699 2.93699 2.93699 2.92277 2.30718 2.06376 2.03937 1.97333 1.97332 1.97332 1.97332 1.97332 1.97332 1.97332 1.97332 1.97332 1.97332 1.97332 1.97332 1.97332 2.02527 2.25305 2.18323 1.74349 2.14232 2.58877 2.59512 2.55452 2.49231 2.46075 2.43292 2.40481 2.39698 2.41452 2.41452 2.41452 2.39346 2.51349 2.48970 2.41802 2.37400 2.37543 2.37543 2.37926 2.68869 2.70626 2.70583 2.69862 2.69837 2.69837 2.69837 2.69837 2.69837 3.25948 3.45516 3.45516 3.45516 3.45516 3.72684 3.93509 3.95846 3.92955 3.57283 3.44299 3.46548
2.86198 2.93699 2.93699 2.93699 2.93699 2.93699 2.49615 2.06875 2.04512 1.98566 1.97332 1.97332 1.97332 1.97332 1.97332 1.97332 1.97332 1.97332 1.97332 1.97332 1.97332 1.97332 1.97422 2.21811 2.18059 1.62861 1.81105 2.35574 2.36401 2.37656 2.41084 2.41452 2.41452 2.41103 2.35990 2.29927 2.23956 2.18060 2.14300 2.27154 2.39215 2.40198 2.42537 2.46781 2.47699 2.48390 2.69873 2.80678 2.81365 2.80004 2.79763 2.75424 2.69837 2.69837 2.69837 3.04824 3.45823 3.47521 3.49391 3.51260 3.69134 3.97357 3.93868 3.90047 3.63795 3.62632 3.69551
2.77309 2.93699 2.93699 2.93383 2.91541 2.89454 2.66924 2.08093 2.00346 1.95046 1.90059 1.89040 1.87997 1.86986 1.85940 1.84921 1.83877 1.82858 1.81974 1.81745 1.81579 1.83093 1.95462 1.97503 2.01019 2.19857 2.23502 2.68528 2.67188 2.65703 2.60615 2.55517 2.50470 2.45762 2.44945 2.44945 2.44945 2.44945 2.44945 2.49439 2.63960 2.63960 2.64234 2.67879 2.67904 2.67878 2.77571 2.94370 2.94370 2.92588 2.89755 2.83864 2.69908 2.71285 2.73155 2.88880 3.51676 3.49223 3.46430 3.45095 3.53800 3.96159 4.02112 4.08068 4.01546 4.04713 4.15266
2.37421 2.38067 2.36046 2.34269 2.33782 2.27617 2.16386 1.78408 1.67901 1.65406 1.67525 1.67525 1.67525 1.67575 1.67771 1.67998 1.68251 1.74690 1.90298 2.05614 2.20760 2.33976 2.35819 2.25132 2.09084 2.30501 2.30775 2.52405 2.48621 2.45002 2.44945 2.44945 2.44945 2.44945 2.44945 2.44945 2.44945 2.44945 2.44945 2.45255 2.62801 2.63960 2.63960 2.67236 2.67904 2.67904 2.69891 2.94167 2.94370 2.94109 2.92037 2.91236 2.73911 2.72141 2.75962 2.81693 3.47383 3.58680 3.66135 3.72280 3.75496 4.13852 4.15387 4.15085 4.26058 4.45022 4.44664
2.07741 2.10749 2.02413 1.94042 1.85953 1.83717 1.83717 1.70158 1.59053 1.60708 1.67885 1.68289 1.69457 1.81639 1.96852 2.11998 2.27150 2.35778 2.35819 2.35819 2.36656 2.39646 2.42745 2.43416 2.19031 2.34288 2.36967 2.41936 2.45811 2.44945 2.44945 2.44945 2.44945 2.44945 2.44945 2.44945 2.44945 2.44945 2.44945 2.44945 2.57765 2.63960 2.63960 2.66320 2.67904 2.68718 2.71231 2.93929 3.02385 3.10622 3.16849 3.23072 3.21276 3.30951 3.35498 3.38245 3.76701 3.99985 3.99909 3.99676 3.99607 4.09921 4.14801 4.14801 4.17231 4.45074 4.44664
1.33359 1.82341 1.83717 1.83717 1.83717 1.83717 1.83717 1.81976 1.60382 1.74186 1.98310 2.18382 2.32610 2.35819 2.35819 2.35850 2.37814 2.40912 2.44011 2.47109 2.49369 2.49477 2.49477 2.49477 2.24905 2.26543 2.41404 2.37657 2.47280 2.44945 2.44945 2.44945 2.44945 2.44945 2.45312 2.45978 2.46643 2.47309 2.47974 2.48641 2.56783 2.68987 2.70717 2.90779 3.22536 3.36188 3.47825 3.56543 3.61124 3.61211 3.57228 3.50996 3.45380 3.42844 3.42602 3.42467 3.62532 3.99607 3.99607 3.99607 3.99607 4.06323 4.14801 4.14801 4.14801 4.38758 4.44664
1.32496 1.76409 1.83717 1.83723 1.90770 2.01990 2.11202 2.18880 2.00917 2.09676 2.21185 2.36291 2.39080 2.42178 2.45276 2.48344 2.49477 2.49477 2.49477 2.49477 2.49477 2.49477 2.49477 2.49477 2.32764 2.19950 2.46426 2.38713 2.50355 2.49415 2.50080 2.50748 2.51412 2.52079 2.52377 2.52377 2.52377 2.53647 2.60597 2.69672 2.82777 3.19443 3.30039 3.36276 3.63112 3.63213 3.65228 3.63096 3.60531 3.60290 3.59481 3.50539 3.46421 3.42467 3.42467 3.42467 3.47147 3.99190 3.99607 3.99607 3.99607 4.03072 4.14801 4.14801 4.14801 4.29815 4.43851
1.59830 1.97743 2.13478 2.20796 2.23836 2.23836 2.23836 2.31202 2.25694 2.10913 2.23357 2.49167 2.49477 2.49477 2.49477 2.49477 2.49477 2.49477 2.49477 2.49477 2.49477 2.49477 2.49477 2.49477 2.42034 2.19205 2.46011 2.43006 2.50741 2.52801 2.52377 2.52382 2.54982 2.60882 2.69926 2.79921 2.90826 3.00583 3.02443 3.02443 3.02443 3.28929 3.35737 3.38496 3.69170 3.74855 3.75578 3.68118 3.60217 3.60080 3.60080 3.52942 3.47926 3.42467 3.42467 3.42467 3.42467 3.88085 3.99607 3.99607 3.99607 4.00260 4.14496 4.08022 3.97249 3.92371 4.07177
2.18285 2.20697 2.24148 2.35756 2.51108 2.64482 2.76240 2.82477 2.76139 2.10616 2.20633 2.47401 2.49477 2.49477 2.49477 2.49477 2.49477 2.49477 2.49477 2.49477 2.49477 2.49477 2.49477 2.49477 2.49268 2.21353 2.41659 2.47348 2.55293 2.69745 2.80327 2.91406 2.99064 3.02246 3.02443 3.02443 3.02689 3.05455 3.08875 3.12297 3.15721 3.34032 3.44572 3.44572 3.65140 3.74571 3.73756 3.69671 3.57119 3.55787 3.54972 3.50601 3.43971 3.42467 3.42467 3.42467 3.42467 3.72288 3.99607 3.96663 3.88186 3.79567 3.77283 3.75001 3.79634 3.88879 4.24558
2.63103 2.77959 2.79038 2.82516 2.82516 2.82516 2.82516 2.82516 2.82516 2.23111 2.20230 2.38630 2.50184 2.51283 2.52402 2.53504 2.54622 2.55734 2.56836 2.57958 2.59060 2.60185 2.61274 2.62412 2.61512 2.48097 2.49235 2.32200 2.21415 2.49045 2.79620 2.78601 2.79073 2.81466 2.83841 2.86245 2.88399 2.88039 2.87005 2.85971 2.84962 2.94469 3.16488 3.15652 3.28648 3.46035 3.46035 3.45877 3.32542 3.30536 3.30536 3.30207 3.25838 3.41257 3.42467 3.41292 3.33660 3.39077 3.73572 3.69748 3.76616 3.83925 3.99729 4.22374 4.34518 4.42154 4.68433
2.98376 2.98332 2.98276 2.99643 3.00472 3.01306 3.02145 3.02983 3.07114 2.76250 2.55012 2.71003 2.81613 2.81613 2.81613 2.81613 2.81613 2.81613 2.81613 2.81596 2.76215 2.66577 2.56938 2.47295 2.39654 2.39041 2.33762 2.06989 2.16784 2.31766 2.74568 2.79156 2.81090 2.81096 2.81096 2.81096 2.81096 2.81096 2.81096 2.81096 2.81096 2.82342 3.13903 3.15028 3.21422 3.46035 3.46035 3.46035 3.36922 3.30578 3.30536 3.30536 3.22959 3.23508 3.19674 3.18290 3.24898 3.38896 4.04703 4.19023 4.25442 4.31549 4.43747 4.70885 4.82447 4.94004 4.95151
2.98376 2.98413 3.08510 3.15889 3.21689 3.27465 3.33268 3.39023 3.41537 3.28748 2.70399 2.79536 2.81613 2.81613 2.81613 2.80519 2.72200 2.62558 2.52924 2.43298 2.39041 2.39041 2.39041 2.46184 2.65996 2.86046 3.05686 2.85974 2.69193 2.57728 2.68805 2.81096 2.81096 2.81096 2.81096 2.81096 2.81096 2.81096 2.81096 2.81096 2.81096 2.81096 3.06595 3.15028 3.15571 3.44692 3.46035 3.46035 3.41175 3.30928 3.33842 3.41629 3.39818 3.38779 3.59942 3.66894 3.72313 3.72515 4.10620 4.33743 4.41229 4.48714 4.62663 5.15270 5.15270 5.15270 5.13130
3.34145 3.41829 3.42952 3.41537 3.41537 3.41537 3.41537 3.41537 3.41537 3.41537 2.76490 2.76370 2.68330 2.58547 2.48900 2.40360 2.39041 2.39041 2.39713 2.54240 2.74308 2.94358 3.14409 3.27324 3.27563 3.27563 3.27563 3.02173 2.69420 2.67023 2.55968 2.81096 2.81096 2.81096 2.81096 2.81096 2.81096 2.81096 2.81080 2.81022 2.80961 2.80901 2.97216 3.14776 3.14728 3.28225 3.35019 3.39531 3.43149 3.49964 3.79280 3.84484 3.81573 3.53564 3.75993 3.85246 3.94492 4.03737 4.29007 4.58693 4.58693 4.58693 4.58711 5.08317 5.15270 5.15270 5.15270
3.44934 3.44934 3.43679 3.41537 3.41537 3.41537 3.41678 3.47450 3.56144 3.64833 3.28297 2.51384 2.42802 2.39041 2.43582 2.62561 2.82602 3.02670 3.22048 3.27563 3.27563 3.27563 3.27563 3.27563 3.27563 3.27563 3.27563 3.10481 2.73338 2.69045 2.50078 2.80796 2.80767 2.80707 2.80646 2.80586 2.80525 2.80465 2.80421 2.80419 2.80379 2.79335 2.85760 3.35733 3.42011 3.53523 3.60404 3.60404 3.60573 3.61308 4.02197 4.11485 4.20739 3.96122 4.08086 4.08086 4.08086 4.08086 4.14909 4.58693 4.58693 4.58693 4.58693 4.93711 5.15270 5.15270 5.15270
3.44934 3.44934 3.45700 3.49899 3.58589 3.67282 3.75830 3.78752 3.78752 3.78766 3.64089 2.89824 2.87570 3.10965 3.26492 3.27563 3.27563 3.27563 3.27563 3.27563 3.27563 3.27563 3.27563 3.27563 3.27563 3.27563 3.27563 3.16510 2.78838 2.68516 2.53637 2.72822 2.80419 2.80419 2.80419 2.80419 2.79965 2.78519 2.77038 2.75558 2.74117 2.73681 2.73681 3.41742 3.51178 3.56398 3.66111 3.68451 3.70622 3.79462 4.21351 4.27996 4.27996 4.07746 4.06396 4.08086 4.08086 4.08086 4.08086 4.51438 4.58693 4.58693 4.58693 4.80551 5.15270 5.16796 5.32253
3.70935 3.82521 3.92877 3.80081 3.78752 3.79222 3.85629 3.93837 4.02045 4.10240 4.13103 3.51041 3.14603 3.27452 3.27563 3.27563 3.27563 3.27563 3.27563 3.27563 3.27563 3.27563 3.27563 3.27563 3.27563 3.27563 3.27563 3.22536 2.85657 2.68516 2.63490 2.59345 2.79184 2.77703 2.76223 2.74743 2.73716 2.73681 2.73681 2.74047 2.76604 2.79529 2.82453 3.32821 3.60810 3.61424 3.70979 3.71072 3.71072 3.74007 4.09982 4.27996 4.27996 4.23782 4.01285 4.08086 4.08086 4.08086 4.08086 4.37373 4.58693 4.58782 4.67847 4.93927 5.64329 5.81612 5.84907
3.94554 3.96638 4.06786 4.01691 4.04335 4.12080 4.13875 4.13875 4.13875 4.13875 4.13875 3.79236 3.15112 3.24242 3.27563 3.27563 3.27563 3.27563 3.27563 3.27563 3.27553 3.27513 3.27473 3.27432 3.27391 3.27350 3.27309 3.26886 2.88038 2.62007 2.61322 2.41541 2.65785 2.65226 2.64662 2.65735 2.68104 2.70473 2.72832 2.74830 2.74641 2.74085 2.73528 3.00361 3.49124 3.48680 3.56643 3.58042 3.57588 3.57147 3.81710 4.13179 4.12722 4.12278 4.01061 4.08086 4.08086 4.08086 4.13071 4.43073 4.93508 5.08465 5.12166 5.06360 5.61474 5.56132 5.48779
4.31728 4.40584 4.41385 4.26121 4.13474 4.13444 4.13413 4.13383 4.13352 4.13322 4.13291 3.99378 3.38508 3.30551 3.26622 3.26580 3.26540 3.26499 3.26459 3.26417 3.26387 3.26385 3.26383 3.26273 3.26106 3.25939 3.25772 3.25653 2.83228 2.49962 2.51190 2.41247 2.56787 2.62693 2.65611 2.66903 2.66903 2.66903 2.66903 2.66903 2.66903 2.66903 2.66903 2.71782 3.43347 3.44723 3.50763 3.54981 3.54981 3.54981 3.65959 4.09104 4.11905 4.11905 4.09932 4.23429 4.38470 4.52628 4.56520 4.52189 4.93031 4.88406 4.84867 4.85966 5.32270 5.51752 5.47592
4.41385 4.41385 4.41385 4.32017 4.12992 4.16237 4.24565 4.32902 4.41250 4.49628 4.57940 4.60329 3.93517 3.55153 3.26385 3.26385 3.26385 3.26385 3.26356 3.26203 3.26036 3.25869 3.25705 3.25648 3.25648 3.25648 3.38481 3.64749 3.59818 3.29784 3.32919 3.07370 2.52810 2.66903 2.66903 2.66903 2.66903 2.66903 2.66903 2.66903 2.66903 2.66903 2.66903 2.66903 3.28326 3.44723 3.48396 3.54981 3.54981 3.54981 3.60002 3.98235 4.11766 4.06985 4.09127 4.49316 4.45874 4.43399 4.46200 4.49796 4.81764 4.90321 4.86771 4.83225 5.04858 5.28772 5.27855
4.57043 4.68221 4.79351 4.86930 4.58322 4.63249 4.63309 4.63309 4.63309 4.63309 4.63309 4.63309 4.20854 3.62324 3.27900 3.26133 3.25966 3.25799 3.25662 3.25648 3.25648 3.27708 3.49173 3.75430 4.01686 4.27954 4.41366 4.41366 4.21451 3.61183 3.34637 3.32605 2.47773 2.66903 2.66903 2.66903 2.66903 2.66903 2.66903 2.66903 2.66903 2.66903 2.67121 2.69838 3.13535 3.52526 3.56059 3.58204 3.58473 3.59873 3.62734 3.88842 3.98686 4.00096 4.03353 4.54009 4.53665 4.49584 4.45416 4.41243 4.56251 4.76256 4.76256 4.76256 4.89183 5.27855 5.27855
5.08474 5.08474 5.08474 5.08474 4.68373 4.63309 4.63309 4.63309 4.63309 4.63157 4.60912 4.58004 4.33570 3.70104 3.37756 3.25648 3.25648 3.34107 3.59866 3.86122 4.12390 4.36575 4.41366 4.41366 4.41366 4.41366 4.41366 4.41366 4.32694 3.74413 3.34637 3.35195 2.70404 2.73160 2.77375 2.80784 2.84194 2.87603 2.91012 2.94422 2.97831 3.01240 3.04432 3.05024 3.20371 3.79509 3.81261 3.71545 3.72313 3.73296 3.73296 3.86141 3.98767 3.94767 3.90596 4.26555 4.35489 4.35399 4.35399 4.35399 4.43270 4.76256 4.76256 4.76256 4.79271 5.27552 5.27855
