High_resolution/powerplant/Shangrao/OMI_NO2_200507.asc
ncols      200
nrows      200
xllcorner       115.451
yllcorner       27.0350
cellsize     0.0166667
NODATA_Value      -999.000
[rows 90 to 119 of 164, columns 0 to 65 of 200]
1.19348 1.20674 1.22627 1.24531 1.26338 1.27070 1.27384 1.27690 1.27942 1.24245 1.24236 1.27093 1.46903 1.67356 1.67356 1.67356 1.67356 1.69979 1.76427 1.79836 1.82999 1.85867 1.86166 1.86072 1.91572 1.97743 2.00498 2.19065 2.54515 2.55352 2.54305 2.52428 2.47773 2.49314 2.50681 2.50028 2.48819 2.47913 2.47861 2.47091 2.46034 2.46748 2.35438 2.26923 2.18401 2.19421 2.20635 2.20680 2.20680 2.13466 2.07167 2.07146 2.07141 2.07358 2.07241 1.84610 1.77921 1.68291 1.63020 1.65321 1.61363 1.62414 1.57557 1.57896 1.49155 1.38379
1.28050 1.28649 1.28649 1.28649 1.28649 1.28649 1.28649 1.28649 1.28649 1.25170 1.24236 1.26249 1.35456 1.69081 1.72503 1.75663 1.78823 1.80943 1.84612 1.84516 1.84512 1.84519 1.84571 1.84632 1.90904 2.01161 2.01296 2.05830 2.44618 2.53455 2.56084 2.56391 2.48122 2.48003 2.48517 2.49046 2.49574 2.50103 2.50631 2.50891 2.49006 2.48873 2.43443 2.31213 2.24469 2.22062 2.22344 2.22769 2.23329 2.19658 2.10882 2.10414 2.11178 2.13457 2.15832 2.02790 1.89059 1.85506 1.74103 1.73162 1.66636 1.64149 1.54074 1.51773 1.46613 1.38138
1.28649 1.28649 1.28649 1.28649 1.29599 1.31543 1.33406 1.35574 1.39022 1.43227 1.33536 1.37908 1.41631 1.74818 1.80208 1.80268 1.80329 1.80389 1.83484 1.84853 1.84913 1.84967 1.85015 1.87615 1.93491 2.10481 2.14160 2.14116 2.40838 2.57981 2.58537 2.58809 2.52655 2.50271 2.50029 2.49772 2.49515 2.49259 2.49002 2.48745 2.46547 2.46140 2.44499 2.30721 2.27443 2.24924 2.25220 2.26692 2.28830 2.29737 2.20166 2.21878 2.23669 2.23632 2.22612 2.13316 1.90631 1.86446 1.69301 1.67578 1.61629 1.58120 1.51000 1.48527 1.49132 1.41651
1.35877 1.37562 1.39541 1.42295 1.45339 1.49474 1.53272 1.54959 1.55141 1.53098 1.35531 1.29247 1.29209 1.67250 1.80633 1.80633 1.80633 1.80633 1.82324 1.87301 1.91501 1.96541 2.01776 2.04454 2.05243 2.17056 2.20985 2.19344 2.29881 2.56890 2.57319 2.57319 2.53508 2.48392 2.48392 2.48392 2.48392 2.48394 2.48588 2.48896 2.47813 2.47178 2.46452 2.33741 2.28983 2.34176 2.36295 2.37095 2.37095 2.36893 2.24615 2.22009 2.20341 2.19325 2.18945 2.14393 1.92791 1.86404 1.72659 1.70347 1.68769 1.66635 1.63519 1.60271 1.60777 1.53832
1.43930 1.45744 1.47224 1.47848 1.47412 1.45099 1.43129 1.42908 1.42908 1.42751 1.30973 1.22864 1.23603 1.54926 1.80809 1.81144 1.80536 1.79915 1.81594 2.06704 2.08050 2.08289 2.08289 2.08289 2.07938 2.14889 2.21335 2.20743 2.19512 2.55516 2.57319 2.57319 2.56120 2.48469 2.48760 2.49068 2.49160 2.48878 2.48397 2.47801 2.46367 2.44442 2.44421 2.35610 2.27654 2.35769 2.35925 2.35210 2.34624 2.34285 2.25661 2.21759 2.20546 2.20530 2.20688 2.20272 2.06343 1.93550 1.83082 1.73689 1.71379 1.63302 1.60346 1.52597 1.52184 1.47610
1.42908 1.42908 1.42908 1.42908 1.42908 1.42908 1.42908 1.42908 1.43176 1.44533 1.39431 1.27765 1.27553 1.45900 1.81229 1.81004 1.80992 1.80992 1.80992 2.01906 2.08289 2.08289 2.08289 2.08289 2.08168 2.11402 2.21335 2.21335 2.16716 2.46679 2.54639 2.52606 2.50367 2.48144 2.47385 2.46668 2.46165 2.46037 2.46021 2.46711 2.47189 2.45103 2.47098 2.40078 2.25643 2.31199 2.35061 2.35227 2.35263 2.35066 2.25658 2.15441 2.13215 2.12606 2.12010 2.11414 2.02210 1.84530 1.76449 1.66617 1.67377 1.60325 1.61350 1.52587 1.52396 1.50899
1.42908 1.42908 1.43203 1.44588 1.46059 1.47542 1.49017 1.50286 1.50150 1.48755 1.45463 1.26749 1.26499 1.35003 1.74889 1.80992 1.81211 1.82443 1.83775 1.97107 2.12525 2.13512 2.14480 2.15432 2.16017 2.14092 2.25594 2.25509 2.21704 2.37238 2.45835 2.45752 2.46575 2.47341 2.48164 2.49102 2.50043 2.51288 2.53730 2.55615 2.57371 2.53476 2.52845 2.45298 2.24546 2.26212 2.32112 2.31582 2.31052 2.30426 2.23863 2.06950 2.03141 2.00268 1.97781 1.95291 1.88489 1.76238 1.71529 1.69234 1.68974 1.62000 1.61636 1.53482 1.51683 1.51681
1.49066 1.50511 1.51435 1.51155 1.49674 1.47872 1.46070 1.44479 1.44023 1.43735 1.50552 1.48821 1.47239 1.52095 1.83657 1.98791 1.99642 1.99734 1.99734 2.03115 2.22286 2.21157 2.20173 2.19895 2.20158 2.20275 2.31633 2.35598 2.34258 2.38937 2.56077 2.54206 2.54384 2.54706 2.56249 2.58235 2.60232 2.61919 2.62232 2.62388 2.62545 2.58650 2.56563 2.53060 2.25212 2.17243 2.24580 2.22330 2.19968 2.17887 2.16799 1.95927 1.94594 1.93674 1.93646 1.93456 1.90383 1.79644 1.70938 1.69212 1.68635 1.62037 1.59452 1.52998 1.46982 1.42648
1.46971 1.45206 1.43659 1.42236 1.41915 1.41915 1.41915 1.41915 1.41915 1.41915 1.48163 1.59944 1.53043 1.53813 1.75671 2.00364 2.00641 2.00582 2.00522 2.00464 2.20742 2.25716 2.26639 2.26858 2.26858 2.27034 2.36448 2.44117 2.43614 2.37053 2.61898 2.62079 2.63999 2.65684 2.65633 2.65616 2.65604 2.65520 2.65424 2.65328 2.65231 2.62484 2.58382 2.58257 2.28525 2.06698 2.16712 2.18126 2.18236 2.18366 2.20024 2.04593 2.01180 1.93792 1.93713 1.93071 1.88450 1.74660 1.60070 1.54335 1.48229 1.43849 1.43997 1.42046 1.35004 1.34913
1.41904 1.41915 1.41915 1.41915 1.41915 1.41915 1.41915 1.41885 1.41700 1.41494 1.41443 1.60254 1.50428 1.48369 1.71251 2.02541 2.03461 2.03528 2.03907 2.04324 2.16964 2.28556 2.28973 2.29390 2.29807 2.30201 2.37011 2.50522 2.52782 2.43609 2.63006 2.65786 2.65689 2.65593 2.65996 2.67917 2.70185 2.71523 2.72050 2.73639 2.75232 2.75787 2.71752 2.73342 2.58928 2.24453 2.21913 2.24676 2.27180 2.29657 2.28075 2.10236 1.96504 1.78967 1.73222 1.69401 1.68222 1.57787 1.46755 1.40237 1.35986 1.35916 1.36581 1.41886 1.34913 1.34913
1.41605 1.41621 1.41414 1.41208 1.41001 1.40030 1.37397 1.33895 1.29727 1.25580 1.21275 1.39191 1.36809 1.35100 1.60172 1.98190 2.06266 2.06615 2.06654 2.06654 2.11603 2.30149 2.31844 2.34101 2.36247 2.38169 2.39557 2.54372 2.54312 2.52101 2.67690 2.79570 2.81537 2.83447 2.84532 2.84502 2.84502 2.84193 2.82731 2.82731 2.82812 2.84608 2.81072 2.82973 2.78114 2.38776 2.26990 2.16729 2.12174 2.07620 2.05612 1.97070 1.82608 1.71334 1.63492 1.60922 1.59142 1.52790 1.44707 1.38711 1.36215 1.36167 1.34598 1.43108 1.36167 1.35626
1.38939 1.37199 1.34479 1.29343 1.23540 1.18501 1.15123 1.12647 1.10988 1.09332 1.08601 1.24051 1.30006 1.28758 1.47849 1.89502 2.06654 2.06639 2.06259 2.05699 2.05255 2.34153 2.38020 2.37835 2.37764 2.37764 2.38656 2.53155 2.57301 2.60126 2.68794 2.85712 2.84773 2.84773 2.84750 2.84504 2.85251 2.87436 2.88668 2.90522 2.91354 2.90423 2.84353 2.80518 2.77000 2.40738 2.23567 2.06455 2.05181 2.04122 2.02744 1.95681 1.71709 1.64164 1.51664 1.49820 1.47972 1.47060 1.48786 1.40260 1.38456 1.38117 1.39132 1.44834 1.44275 1.43437
1.12267 1.12353 1.09266 1.08601 1.08601 1.08601 1.08601 1.08601 1.08601 1.08601 1.08601 1.18265 1.32855 1.31178 1.40062 1.83555 2.04791 2.04332 2.05392 2.06894 2.08294 2.26678 2.39446 2.41251 2.42949 2.44549 2.45376 2.53467 2.59596 2.60440 2.64901 2.83470 2.86078 2.87756 2.88551 2.90362 2.90838 2.89431 2.87179 2.85207 2.84817 2.84454 2.80761 2.74804 2.71748 2.43754 2.14018 1.92664 1.85057 1.82790 1.80793 1.79935 1.64046 1.62798 1.48807 1.49585 1.52227 1.52677 1.57484 1.50834 1.53203 1.57440 1.58551 1.58694 1.61163 1.57744
1.05375 1.08403 1.08601 1.08601 1.08601 1.08734 1.09805 1.11058 1.12313 1.13566 1.14707 1.19127 1.40069 1.35134 1.38235 1.79024 2.06599 2.09301 2.09590 2.13921 2.17192 2.26508 2.45246 2.44859 2.44531 2.44201 2.43873 2.48591 2.59845 2.63158 2.69747 2.83674 2.82727 2.80976 2.79841 2.80040 2.80230 2.79208 2.77470 2.74818 2.73214 2.70241 2.65027 2.51455 2.50240 2.41220 2.03969 1.89998 1.81130 1.81889 1.82648 1.83802 1.76287 1.75285 1.65838 1.64744 1.65712 1.59644 1.59245 1.55947 1.54208 1.62427 1.61412 1.56293 1.59029 1.50786
1.08642 1.08805 1.12348 1.13603 1.14857 1.15978 1.16059 1.15306 1.14424 1.13544 1.15063 1.19336 1.45791 1.45430 1.46303 1.70928 1.99049 2.05846 2.05518 2.10997 2.15284 2.15666 2.39122 2.41654 2.45486 2.49556 2.53927 2.59661 2.71727 2.71380 2.72695 2.77503 2.74344 2.73644 2.73202 2.73708 2.75070 2.73563 2.71924 2.67181 2.66225 2.66738 2.67178 2.54900 2.54430 2.50686 2.15941 2.01197 1.87672 1.89348 1.90941 1.92150 1.85868 1.80216 1.73316 1.65920 1.65920 1.62461 1.54854 1.53345 1.43404 1.51919 1.50411 1.48534 1.53423 1.52504
1.06840 1.03979 1.10905 1.10086 1.09206 1.08325 1.09104 1.13825 1.18466 1.22795 1.25022 1.25025 1.42298 1.44933 1.43866 1.58893 1.90910 2.04395 2.05299 2.12455 2.24282 2.28785 2.50665 2.64496 2.65730 2.66724 2.67418 2.67443 2.67637 2.67318 2.69425 2.75645 2.74871 2.73202 2.71719 2.70253 2.71528 2.71765 2.71765 2.69281 2.65845 2.62372 2.58771 2.45695 2.38388 2.33663 2.18608 2.09544 1.94134 1.92328 1.92293 1.92248 1.88321 1.79513 1.75491 1.58524 1.55930 1.53326 1.42807 1.43922 1.35579 1.43095 1.42883 1.41880 1.55924 1.62362
1.04929 0.960686 1.08386 1.12935 1.17635 1.22019 1.24920 1.25025 1.25025 1.25025 1.25025 1.24430 1.35195 1.47419 1.52126 1.63207 2.02695 2.27030 2.31207 2.31765 2.38617 2.38875 2.47676 2.66073 2.65835 2.65383 2.64933 2.64482 2.63768 2.61727 2.62133 2.69358 2.71050 2.68636 2.65712 2.62626 2.61067 2.58808 2.54343 2.48191 2.45546 2.45356 2.45187 2.39469 2.32573 2.32263 2.21487 2.10464 1.96512 1.90855 1.90127 1.89410 1.87430 1.75527 1.73679 1.51289 1.47271 1.45521 1.34775 1.34838 1.31577 1.35573 1.40285 1.40285 1.50696 1.61813
1.17316 1.12630 1.23957 1.24932 1.24017 1.22911 1.21803 1.20696 1.20499 1.22306 1.25597 1.30250 1.41887 1.68129 1.78730 1.81393 2.06163 2.26271 2.29288 2.28837 2.33639 2.36022 2.37649 2.62647 2.63618 2.61610 2.59403 2.57964 2.58084 2.59906 2.61975 2.72643 2.56609 2.48291 2.46248 2.44291 2.43167 2.42882 2.42303 2.42587 2.44215 2.44215 2.44215 2.41587 2.31311 2.30673 2.23996 2.08757 1.95195 1.85039 1.83285 1.81537 1.79787 1.68079 1.66786 1.52591 1.43779 1.43779 1.38084 1.34222 1.34084 1.32477 1.40297 1.40558 1.47128 1.60964
1.21927 1.13555 1.14433 1.17989 1.20686 1.23871 1.30063 1.37847 1.44705 1.49583 1.52979 1.55600 1.59549 1.85610 1.95095 1.95145 2.02299 2.18709 2.28191 2.28191 2.31434 2.39532 2.43810 2.57621 2.61996 2.63578 2.65360 2.66372 2.66385 2.65358 2.63315 2.68153 2.53308 2.39942 2.39864 2.39864 2.40025 2.42258 2.42295 2.42001 2.43015 2.42646 2.41728 2.39999 2.26763 2.24781 2.19538 2.01574 1.89920 1.79088 1.78900 1.78900 1.78900 1.70654 1.66625 1.58543 1.42551 1.42012 1.39605 1.33113 1.37527 1.34047 1.44224 1.45166 1.48853 1.62622
1.26398 1.29124 1.37725 1.49394 1.54296 1.58903 1.60503 1.60503 1.60503 1.60503 1.60503 1.60503 1.60503 1.80918 1.93416 1.94805 1.98359 2.15477 2.40348 2.45161 2.50125 2.56349 2.56670 2.60756 2.66059 2.64215 2.62169 2.60125 2.58099 2.57558 2.57600 2.62822 2.58606 2.39694 2.40124 2.42352 2.44981 2.41737 2.38112 2.36695 2.36765 2.36552 2.35748 2.35719 2.25716 2.22022 2.19804 2.05136 1.90790 1.78216 1.75542 1.74825 1.74097 1.68090 1.62236 1.60869 1.39645 1.39225 1.39191 1.32011 1.38482 1.36123 1.49605 1.51718 1.52034 1.64080
1.47190 1.49769 1.55319 1.60503 1.60503 1.60503 1.60503 1.60503 1.60486 1.60154 1.59709 1.59264 1.58821 1.75089 1.93155 2.00228 2.03858 2.16221 2.49881 2.51117 2.51205 2.53577 2.52068 2.51088 2.57500 2.57327 2.57327 2.57401 2.57772 2.58339 2.59969 2.66385 2.74259 2.52261 2.51735 2.51791 2.51365 2.44501 2.36917 2.37143 2.38036 2.40017 2.40269 2.39984 2.29888 2.18178 2.16668 2.04599 1.88610 1.75699 1.71407 1.71435 1.71464 1.68907 1.61685 1.59454 1.38375 1.28227 1.23986 1.24287 1.35391 1.33992 1.42507 1.48251 1.48251 1.57263
1.47824 1.49716 1.53434 1.59499 1.59699 1.59255 1.58808 1.58362 1.57935 1.58993 1.62003 1.65085 1.68821 1.78834 1.95674 2.01493 2.00356 2.10843 2.44099 2.54913 2.55376 2.53979 2.52542 2.52945 2.60758 2.63106 2.66029 2.71118 2.76106 2.81160 2.85117 2.87461 2.93055 2.69561 2.54126 2.54029 2.53932 2.51050 2.38197 2.37707 2.36590 2.37249 2.35723 2.34638 2.29177 2.13033 2.12352 2.08463 1.92555 1.78434 1.68907 1.65644 1.62158 1.57911 1.47255 1.46364 1.33718 1.19566 1.19566 1.19608 1.32746 1.35070 1.40966 1.51519 1.52534 1.58248
1.50694 1.55285 1.58671 1.63163 1.65041 1.66797 1.70705 1.74753 1.78799 1.80464 1.79217 1.77807 1.75540 1.77949 1.94728 2.05017 2.05053 2.11687 2.37168 2.58547 2.58547 2.59164 2.60684 2.66011 2.75898 2.85776 2.88585 2.89157 2.89529 2.89542 2.86745 2.86742 2.91772 2.77798 2.52596 2.51105 2.49471 2.47803 2.32370 2.29440 2.28999 2.30703 2.31457 2.31157 2.29951 2.09847 2.07333 2.03502 1.86555 1.64530 1.54310 1.53823 1.53823 1.53823 1.46941 1.45400 1.40148 1.20765 1.21608 1.22454 1.32513 1.37077 1.40815 1.55585 1.58034 1.61113
1.67973 1.69619 1.73589 1.78267 1.81489 1.82980 1.80907 1.78516 1.75955 1.74726 1.74726 1.74726 1.74726 1.74880 1.92679 2.03638 2.06236 2.15080 2.45286 2.77376 2.83423 2.88061 2.81588 2.80770 2.82459 2.89952 2.89904 2.89857 2.89809 2.89761 2.86908 2.86085 2.87674 2.79087 2.49133 2.44601 2.44552 2.44017 2.34044 2.27082 2.26942 2.29645 2.26416 2.23792 2.20866 2.00408 1.92216 1.88849 1.75312 1.56512 1.52780 1.50061 1.48894 1.47730 1.42143 1.39100 1.40234 1.27662 1.28682 1.31758 1.40940 1.51749 1.51352 1.63553 1.64551 1.64551
1.83012 1.83346 1.81045 1.78702 1.76424 1.74750 1.74726 1.74864 1.75163 1.75462 1.75760 1.76338 1.77944 1.85120 2.07673 2.28501 2.41729 2.45847 2.65159 2.88355 2.88354 2.88300 2.83428 2.80450 2.80421 2.88459 2.89634 2.89360 2.88537 2.87701 2.85687 2.87170 2.91845 2.90224 2.45153 2.33288 2.32762 2.36138 2.34927 2.27637 2.30672 2.26843 1.99684 1.99083 1.99083 1.87132 1.75360 1.74455 1.67237 1.46058 1.49745 1.49077 1.52668 1.56261 1.55940 1.54108 1.55901 1.45296 1.38195 1.38195 1.40887 1.52284 1.52283 1.60448 1.64551 1.64551
1.77826 1.71637 1.72965 1.74704 1.76057 1.76479 1.77063 1.78032 1.80463 1.88548 1.97833 2.06958 2.15058 2.17585 2.28286 2.42756 2.51926 2.52288 2.59409 2.83043 2.88136 2.88136 2.85618 2.80596 2.82843 2.90254 2.95207 2.98060 3.01465 3.04882 3.06275 3.04571 3.06299 2.95500 2.57943 2.39384 2.42850 2.42904 2.42218 2.27753 2.27293 2.27292 2.04341 1.97842 1.97044 1.90045 1.71926 1.71825 1.68579 1.47838 1.53074 1.65528 1.65549 1.65549 1.63442 1.55911 1.55911 1.50379 1.38312 1.38509 1.38849 1.55226 1.57586 1.64180 1.71514 1.73170
1.75556 1.73671 1.76394 1.78908 1.85730 1.94786 2.03904 2.12508 2.19476 2.20797 2.20914 2.20914 2.20914 2.20914 2.26448 2.41070 2.52258 2.52301 2.57688 2.83458 2.99459 3.04312 3.08710 3.03189 3.04858 3.05575 3.07638 3.08841 3.13444 3.18259 3.22671 3.24429 3.25645 3.09248 2.81021 2.44324 2.42904 2.42119 2.37622 2.27488 2.25165 2.24482 2.10000 1.95450 1.95450 1.94488 1.72336 1.71825 1.69686 1.54621 1.50272 1.64293 1.66823 1.67327 1.67619 1.56954 1.56522 1.55724 1.39285 1.38742 1.38988 1.56133 1.64095 1.67321 1.68546 1.67080
1.89593 1.98649 2.09586 2.20897 2.25531 2.20914 2.20914 2.20914 2.20914 2.20914 2.20914 2.20936 2.23176 2.26890 2.31988 2.53273 2.68166 2.74779 2.76596 2.97129 3.16513 3.16095 3.16095 3.10254 3.12712 3.17572 3.24917 3.28716 3.28922 3.28922 3.28922 3.26069 3.25665 3.11480 2.86759 2.35863 2.24665 2.20427 2.19794 2.20991 2.22589 2.22097 2.14535 1.91600 1.89735 1.87599 1.72836 1.65130 1.58479 1.47375 1.57319 1.67384 1.72688 1.74280 1.75872 1.64782 1.62546 1.64137 1.52643 1.49906 1.53212 1.66057 1.80257 1.82464 1.72989 1.73698
  8      *    3      *      :       *       ?     9*                 <*                <*                  ;*                ;*             <*                   =*                9*               ;*               >*                ;*                 =*                 3*                   2*              ?*              <*                 9*         
        8*                =*               :*              :*                 =*      *      >    *        <    *        ?     *     :      *      :      *       2     *      2    *       ?     ?*                >*               3*                =*               9*                   ;*                 ;*           
