High_resolution/powerplant/Shangrao/OMI_NO2_200709.asc
ncols      200
nrows      200
xllcorner       115.451
yllcorner       27.0350
cellsize     0.0166667
NODATA_Value      -999.000
[rows 0 to 28 of 164, columns 65 to 129 of 200]
3.54490 3.50885 3.41291 3.97582 4.02538 4.04590 4.38045 4.38465 4.45002 4.52832 4.59817 4.65640 4.66770 4.67862 4.78438 4.90451 5.01628 5.12042 5.21516 5.75703 5.91104 6.37412 6.56617 6.47974 6.48524 6.48524 6.48524 6.48524 6.48524 6.48524 6.62850 6.70839 6.70839 6.70839 6.70839 5.98196 3.99872 3.99872 3.99872 3.99872 5.86597 6.37908 6.37908 6.22540 3.95582 1.79649 1.79649 1.79649 1.79649 1.79649 1.79649 1.91997 1.98594 1.98594 1.98594 1.98594 1.98594 1.98594 1.98594 1.98594 1.98594 1.98594 1.98594 1.98594 1.98594
3.49209 3.49209 3.45359 3.82591 4.03431 4.04716 4.49045 4.65288 4.68934 4.80497 4.92359 5.03394 5.13692 5.22566 5.24212 5.24212 5.24212 5.24212 5.24212 5.56690 5.91104 6.20014 6.59460 6.47571 6.48524 6.48524 6.48524 6.48524 6.48524 6.48524 6.55730 6.70839 6.70839 6.70839 6.70839 6.55839 4.02363 3.86938 3.73243 3.61239 4.13978 4.45137 4.23859 4.09676 3.03924 1.79649 1.79649 1.79649 1.79649 1.79649 1.79649 1.87039 1.98594 1.98594 1.98594 1.98594 1.98594 1.98594 1.98594 1.98594 1.98594 1.98594 1.98594 1.98594 1.98594
3.49737 3.50936 3.51736 3.76349 4.23349 4.35023 4.78040 5.15344 5.23362 5.24212 5.24212 5.24212 5.24212 5.24212 5.24212 5.24212 5.24212 5.24212 5.24212 5.37590 5.91104 6.06183 6.56412 6.49868 6.48524 6.48524 6.48524 6.48524 6.48524 6.48524 6.37830 6.42769 6.24796 6.07382 5.91417 5.76772 3.99304 3.26465 3.26465 3.26465 3.52902 4.08779 4.08779 4.08779 3.48913 1.79649 1.79649 1.79649 1.79649 1.79649 1.79649 1.82083 1.98594 1.98594 1.98594 1.98594 1.98594 1.98594 1.98594 1.98594 1.98594 1.98594 1.98594 1.98594 1.98594
3.51531 3.50523 3.49513 4.04894 4.65516 4.65516 4.82007 5.24205 5.24212 5.24212 5.24212 5.24212 5.24212 5.24212 5.24212 5.24212 5.24212 5.24212 5.24212 5.24593 5.85025 5.94270 6.51873 6.52436 6.37677 6.22853 6.03642 5.76330 5.50648 5.26585 5.12330 5.47059 5.61086 5.61086 5.61185 5.67011 4.79624 3.41931 3.46459 3.52791 3.68994 4.08779 4.08779 4.08779 3.83277 1.79649 1.79649 1.79649 1.79649 1.79649 1.79649 1.79649 1.96065 1.98594 1.98594 1.98594 1.98594 1.98594 1.98594 1.98594 1.98594 1.98594 1.98594 1.98594 1.98594
3.48817 3.49491 3.50266 3.78073 4.67970 4.69373 4.73931 5.21313 5.24212 5.24212 5.24212 5.24212 5.24212 5.24212 5.24212 5.24212 5.24212 5.24040 5.22608 5.20929 5.61389 5.84458 5.83701 5.57612 5.40605 5.33621 5.31349 5.38228 5.45560 5.53158 5.61090 5.98383 6.56277 6.50570 6.42307 6.24134 5.70422 3.93143 3.75506 3.67022 3.57884 3.48219 3.37725 3.26591 3.09760 1.79649 1.79649 1.81699 1.91490 1.83262 1.79649 1.79649 1.91108 2.06496 2.10846 1.98594 1.98594 1.98594 1.98594 1.98594 1.98594 1.98594 1.98594 1.98594 1.98594
3.53278 3.53375 3.53375 3.60700 4.59519 4.70167 4.70295 5.10161 5.24212 5.24212 5.24212 5.23843 5.22258 5.20133 5.17947 5.15866 5.13820 5.12049 5.09056 4.98140 5.09628 5.41962 5.27990 5.16888 5.93176 5.91823 5.91045 5.83389 5.64578 5.45380 5.25884 5.12927 5.53805 5.49954 5.49506 5.49780 5.48599 3.82787 3.50017 3.53504 3.56946 3.60259 3.63451 3.66528 3.69559 3.72536 3.75377 3.77606 3.77777 2.68209 2.04032 2.13639 2.24165 2.32939 2.30516 1.98656 1.98594 1.98594 1.98594 1.98594 1.98594 1.98594 1.98594 1.98594 1.98594
3.65061 3.65925 3.66869 3.67631 4.51816 4.85173 4.85168 5.07615 5.33013 5.31113 5.29226 5.27691 5.27384 5.27594 5.25987 5.15823 5.04666 4.93395 4.84606 4.83986 4.88802 5.49875 5.40705 5.01601 5.33840 5.21179 5.04119 4.93595 4.93459 4.93459 4.93459 4.93459 5.38548 5.52650 5.52650 5.52650 5.52650 4.64866 3.77794 3.77794 3.77794 3.77794 3.77794 3.77794 3.77739 3.70300 3.59622 3.50950 3.43772 2.92339 2.23466 2.23466 2.24280 2.33454 2.36121 2.12864 1.98594 1.98594 1.98594 1.98594 1.98594 0.00000 0.00000 0.00000 0.00000
3.74534 3.73749 3.72864 3.72191 4.25256 4.87140 4.87130 4.95227 5.26362 5.28267 5.26877 5.17002 5.05688 4.94376 4.84973 4.83986 4.83521 4.78011 4.71128 4.64249 4.57369 4.84347 4.90254 4.64860 4.85088 4.93459 4.93459 4.93459 4.93459 4.93459 4.93459 4.93459 5.18497 5.52650 5.52650 5.52650 5.52650 5.08973 3.81058 3.77794 3.77695 3.69917 3.59314 3.50694 3.43590 3.40957 3.40528 3.33927 3.25318 2.86047 1.74165 1.61243 1.48330 2.27833 2.67284 2.67284 0.00000 0.00000 0.00000 0.00000 0.00000 0.00000 0.00000 0.00000 0.00000
3.71272 3.71272 3.71272 3.71272 3.95328 4.87130 4.87050 4.88559 5.08464 4.95357 4.85429 4.83027 4.76914 4.70035 4.63156 4.56276 4.49858 4.48488 4.48488 4.48488 4.48488 4.69022 4.90446 4.77133 5.23099 5.11290 4.93459 4.93459 4.93459 4.93459 4.93459 4.93459 5.01778 5.52650 5.52650 5.52650 5.52384 5.27247 3.67915 3.50452 3.39319 3.28396 3.19781 3.11167 3.02558 2.93949 2.85764 2.83756 2.83756 2.71592 1.37665 1.37665 1.37665 1.87760 2.67284 2.67284 0.00000 0.00000 0.00000 0.00000 0.00000 0.00000 0.00000 1.65902 1.65902
3.71272 3.71272 3.71255 3.70431 3.70808 4.76652 4.81201 4.75579 4.83366 4.62062 4.55176 4.49258 4.48488 4.48488 4.48488 4.48488 4.48488 4.48488 4.48488 4.67873 5.09627 5.56438 6.22091 6.39907 6.37030 5.94081 4.93459 4.93459 4.93459 4.93459 4.93459 4.93459 4.93593 5.29796 5.09966 4.85868 4.64973 4.53509 3.37041 2.88418 2.83762 2.83756 2.83756 2.83756 2.83756 2.83756 2.83756 2.83756 2.83756 2.83649 1.54238 1.37665 1.37665 1.60163 2.67284 2.67284 2.67284 0.00000 0.00000 0.00000 1.65902 1.65902 1.65902 1.65902 1.53876
3.69412 3.69352 3.72619 3.76882 3.81582 4.36022 4.52191 4.51902 4.63188 4.51248 4.48488 4.48488 4.48488 4.48488 4.51375 4.85781 5.26376 5.64191 5.99533 6.18360 6.18419 6.18656 6.51235 6.49363 6.28139 6.47816 4.93459 4.90615 4.83651 4.80846 4.81105 4.81360 4.81510 4.55411 4.35937 4.35937 4.35937 4.35937 3.69902 2.83819 2.83756 2.83756 2.83756 2.83756 2.83756 2.83756 2.83756 2.83756 2.83756 2.83756 1.90558 1.37665 1.37665 1.41118 2.62725 2.67284 2.67284 0.00000 0.00000 0.360897 1.43882 1.30224 1.16230 1.05858 1.01022
3.86282 3.89781 3.89972 3.90065 3.91729 4.23682 4.58078 4.60294 4.66162 4.59241 4.61973 5.03240 5.42652 5.79370 6.11615 6.18419 6.18419 6.18419 6.18419 6.18419 6.18477 6.20051 6.45097 6.60042 6.16737 6.52514 4.71713 4.66346 4.73578 4.76629 4.76629 4.76629 4.76629 4.67158 4.35937 4.33656 4.15871 3.93398 3.49385 2.86342 2.83756 2.83756 2.83756 2.83756 2.83756 2.83756 2.83756 2.83756 2.83756 2.83756 2.21348 1.37665 1.37665 1.37665 2.19220 2.67284 2.52163 0.360897 0.360897 0.360897 0.763452 1.00996 1.00996 1.00996 1.00996
3.96240 3.98453 4.00658 4.02779 4.03328 4.19486 4.87612 5.26382 5.61947 6.08615 6.17617 6.18419 6.18419 6.18419 6.18651 6.20557 6.22791 6.25005 6.27163 6.29320 6.31415 6.33741 6.49705 6.75548 6.32757 6.45303 5.52342 4.72281 4.71543 4.70791 4.63728 4.42375 4.17778 3.89230 3.05079 2.62339 2.53371 2.49942 2.46323 2.33448 2.22050 2.18091 2.13968 2.09872 2.05697 2.01330 1.96842 1.92346 1.87742 1.82921 1.63077 1.37236 1.24720 1.02196 1.11019 2.67284 0.360897 0.360897 0.360897 0.360897 0.596377 1.00996 1.00996 1.01179 1.02923
4.02327 4.04994 4.27918 4.53403 4.77339 5.02196 5.71412 6.08760 6.09171 6.27316 6.15578 6.14348 6.14829 6.15328 6.15574 6.14149 6.12412 6.12115 6.14550 6.17046 6.19541 6.20294 6.21992 6.54861 6.32577 6.06573 6.16935 3.63421 3.23992 2.77587 2.41292 2.40196 2.40196 2.40196 1.91137 1.58810 1.58810 1.58810 1.58810 1.52758 1.37665 1.37665 1.37665 1.37665 1.37665 1.37665 1.37665 1.37085 1.24058 1.01340 0.700247 0.256602 0.0804588 0.0804588 0.0804588 0.00000 1.32242 0.502297 0.557728 0.637085 0.717049 1.08371 1.10239 1.11230 1.11411
4.93584 5.15347 5.20956 5.24777 5.28701 5.32638 5.51606 6.03511 6.08612 6.13205 6.11342 6.02976 6.02976 6.04132 6.08159 6.12328 6.16493 6.19227 6.19285 6.19292 6.19389 6.19513 6.19636 6.29668 6.14221 5.45909 6.45176 2.41453 2.40196 2.40196 2.40196 2.40196 2.40196 2.40196 2.16811 1.58810 1.58810 1.58810 1.58810 1.57869 1.38158 1.37665 1.37665 1.36935 1.23383 1.00421 0.687254 0.242331 0.0804588 0.0804588 0.101523 0.145525 0.189439 0.233323 0.286412 1.27647 1.32242 1.08060 0.841657 0.841657 0.841657 1.06797 1.18075 1.37588 1.54638
5.33168 5.38678 5.40260 5.40376 5.40376 5.40376 5.50624 5.91069 6.08743 6.08578 6.15897 6.11974 6.16138 6.19148 6.19300 6.19408 6.19532 6.19656 6.19779 6.19896 6.19923 6.19923 6.19923 6.21224 6.20605 5.54486 6.27043 3.40551 2.40196 2.40196 2.40196 2.40196 2.40196 2.40196 2.38013 1.63232 1.58810 1.58810 1.58810 1.58067 1.28438 0.994923 0.674858 0.237362 0.130750 0.174664 0.218549 0.262433 0.306318 0.350202 0.373022 0.373022 0.373022 0.373022 0.373022 1.06103 1.32242 1.27428 0.891011 1.16930 1.43473 1.65062 1.74681 1.75010 1.75010
5.27733 5.40376 5.40376 5.40376 5.40376 5.40047 5.42967 5.68875 5.97975 5.94536 6.05825 6.18987 6.19675 6.19799 6.19907 6.19923 6.19923 6.19923 6.19923 6.19923 6.19923 6.19885 6.07762 5.85588 5.57753 4.65376 4.40390 3.82218 2.40196 2.40196 2.40196 2.40196 2.40196 2.40196 2.40196 1.86031 1.45850 1.32298 1.17174 0.970210 0.646396 0.291543 0.335427 0.370243 0.373022 0.373022 0.373022 0.373022 0.373022 0.373022 0.373022 0.373022 0.373022 0.373022 0.386761 1.25184 2.05038 2.30250 1.90534 1.78047 1.78047 1.77359 1.76498 1.76737 1.76988
5.18488 5.40281 5.37696 5.34014 5.31036 5.30333 5.34934 5.50459 5.94123 5.95151 6.01581 6.16300 6.19923 6.19923 6.19923 6.19923 6.19923 6.17558 5.98977 5.77324 5.55672 5.34076 5.24538 5.24430 5.12639 4.65399 4.24392 4.45612 2.40196 2.40196 2.41540 2.46816 2.32364 2.10726 1.89078 1.61789 1.35555 1.40230 1.40230 1.40230 1.16750 0.373022 0.373022 0.373022 0.373022 0.373022 0.373022 0.373022 0.373022 0.373022 0.373022 0.682484 1.26407 1.65792 1.93653 2.11060 2.49025 2.49025 2.13189 1.78047 1.78047 1.78047 1.78360 1.86958 2.01047
5.03281 5.33579 5.35240 5.38000 5.40055 5.40167 5.40244 5.52470 5.86546 6.02462 6.04583 6.12926 6.19923 6.11663 5.90182 5.68539 5.46887 5.27609 5.24538 5.24538 5.24538 5.24538 5.24538 5.24538 5.14443 4.81412 4.20825 4.95037 2.82854 2.30100 2.07101 1.80185 1.72996 1.72996 1.72996 1.72087 1.41952 1.40230 1.40230 1.40230 1.38428 0.427676 0.373022 0.373022 0.373022 0.373022 0.373022 0.373022 0.373022 0.373022 1.63887 2.01391 2.01555 2.01555 2.01555 2.01997 2.45648 2.49025 2.38856 1.89000 2.03367 2.20873 2.41794 2.49025 2.49025
4.99830 5.41865 5.44651 5.47430 5.50224 5.53000 5.55783 5.67085 5.83352 5.97333 5.76086 5.49124 5.37774 5.24709 5.24538 5.24538 5.24538 5.24452 5.21808 5.17977 5.14149 5.11111 5.11854 5.13038 5.05718 4.76597 4.30031 4.40076 3.01141 1.72996 1.72996 1.72996 1.74590 1.77105 1.79554 1.81963 1.73549 1.69998 1.74451 1.78701 1.82862 1.29819 1.10969 1.16187 1.21244 1.26131 1.30741 1.35173 1.39438 1.43646 1.95975 2.35672 2.06107 2.01555 2.01555 2.01555 2.33649 2.49025 2.49025 2.49025 2.49025 2.49025 2.49025 2.49025 2.49025
5.10991 5.52195 5.56392 5.55806 5.55036 5.53530 5.51897 5.58207 5.52479 5.22816 5.21418 5.08575 5.16650 5.21194 5.22356 5.23609 5.24897 5.26437 5.31462 5.38530 5.39752 5.34251 5.22331 5.09169 5.01309 4.65571 4.29884 4.21248 3.72072 2.32804 2.33999 2.35200 2.35645 2.35645 2.35645 2.35645 2.40198 2.50586 2.50586 2.50586 2.50586 2.28075 1.99122 1.99122 1.99122 1.99122 1.99122 1.99122 1.99122 1.99122 2.07707 2.54472 2.19860 2.01555 2.01555 2.01555 2.21213 2.49025 2.49025 2.49025 2.49342 2.50106 2.50863 2.51623 2.52381
5.04676 5.25598 5.37227 5.37757 5.38474 5.40296 5.43990 5.55207 5.76238 5.43763 5.48950 5.72115 5.39658 5.51066 5.51066 5.51066 5.44432 5.30128 5.15818 5.01519 4.94992 4.94992 4.95002 4.95132 4.95301 4.67743 4.31606 4.19309 4.12758 2.42678 2.35645 2.35645 2.35645 2.35645 2.35645 2.35645 2.36576 2.50380 2.50586 2.50586 2.50586 2.41636 1.99122 1.99122 1.99122 1.99122 1.99122 1.99122 1.99122 1.99122 1.99122 2.45613 2.31190 2.01565 2.01602 2.01641 2.09158 2.52294 2.53054 2.53812 2.54247 2.54249 2.54249 2.54249 2.54249
5.16081 5.34576 5.56177 5.58521 5.60881 5.62962 5.63293 5.65137 5.96130 5.65905 5.46851 5.84299 5.31475 5.31427 5.16996 5.02674 4.95004 4.95013 4.95161 4.95329 4.95497 4.95666 4.95825 4.95862 4.95862 4.79384 4.38854 4.19967 4.19309 2.98084 2.35645 2.35645 2.35645 2.35645 2.35645 2.35645 2.35645 2.45898 2.50586 2.50586 2.50586 2.50411 2.03911 1.99122 1.99122 1.99122 1.99124 1.99155 1.99194 1.99233 1.99272 2.29576 2.41022 2.01814 2.01816 2.01816 2.01860 2.48523 2.54249 2.54249 2.54249 2.48399 2.26984 2.04728 1.85649
5.27275 5.36227 5.63293 5.63293 5.63293 5.63293 5.63293 5.63293 5.91430 5.73337 5.36809 5.64571 5.12422 4.98004 4.95357 4.95525 4.95693 4.95844 4.95862 4.95862 4.95862 4.95862 4.95855 4.95805 4.95247 4.67626 3.96602 3.37073 2.93019 2.57446 2.35645 2.35645 2.35645 2.35645 2.35645 2.35645 2.35645 2.40934 2.50586 2.50586 2.47983 2.41908 2.11666 1.99259 1.99298 1.99337 1.99374 1.99382 1.99382 1.99382 1.99382 2.08743 2.49210 2.01816 2.01816 2.01816 2.01816 2.32882 2.33608 2.11887 2.03725 2.06607 2.21073 2.29315 2.34489
5.27275 5.29523 5.63170 5.63293 5.62858 5.59461 5.55509 5.52186 5.70863 5.75207 5.33309 5.50228 5.34718 5.02265 4.95862 4.95862 4.95847 4.95794 4.95742 4.95694 4.90341 4.64342 4.37629 4.10376 3.83350 3.73389 3.23808 2.96608 2.67481 2.64504 2.35708 2.35645 2.35645 2.35389 2.32444 2.30179 2.27792 2.25188 2.21030 2.14944 2.11460 2.11444 2.06856 1.99382 1.99382 1.99382 1.99382 1.99382 1.99382 1.99382 1.99382 1.99382 2.46105 2.05936 1.87792 1.75527 1.75990 1.93444 2.30253 2.41491 2.44544 2.44544 2.44544 2.32449 2.22874
5.27142 5.24589 5.51400 5.55092 5.53786 5.55440 5.57650 5.59230 5.71744 5.85076 5.42028 5.26288 5.38712 5.04408 4.95675 4.95600 4.81147 4.53713 4.26239 3.98776 3.76293 3.74107 3.74107 3.74107 3.74107 3.74107 3.39044 3.11063 2.63565 2.60522 2.30412 2.19305 2.15830 2.11916 2.11353 2.11444 2.11444 2.11444 2.11444 2.11444 2.11444 2.11444 2.10028 1.99385 1.99382 1.99382 1.99382 1.99382 1.99382 1.99382 2.03365 2.19897 2.38294 2.05922 1.99607 2.05910 2.04972 2.07615 2.34654 2.33140 2.31748 2.30331 2.28478 2.23386 2.14751
5.21309 5.22337 5.45846 5.59296 5.56106 5.48645 5.41170 5.33695 5.30481 5.45005 5.04793 4.75159 4.91943 4.51232 4.16495 3.87176 3.74107 3.74107 3.74107 3.74107 3.74107 3.73927 3.73551 3.73175 3.72802 3.72422 3.53020 3.25170 2.57585 2.57221 2.40091 2.11444 2.11444 2.11444 2.11444 2.11444 2.11444 2.11444 2.11444 2.11444 2.11444 2.11444 2.10360 1.97711 1.93505 1.91031 1.88529 1.85952 1.83297 2.14512 2.25494 2.23409 2.15427 1.93258 1.77164 1.72496 1.68132 1.63908 2.09343 2.09198 2.04526 2.12502 2.19642 2.19177 2.10933
5.07561 5.01025 5.07470 5.18348 5.14067 5.14049 5.14049 5.10025 4.96177 5.02763 4.64568 3.81734 3.91013 3.88130 3.78817 3.73847 3.73471 3.73094 3.72718 3.72342 3.71965 3.71768 3.72048 3.78459 3.88126 3.98959 4.05278 3.50293 2.74853 2.34442 2.19092 1.29360 1.24302 1.19017 1.13491 1.07599 1.01465 0.950269 0.883354 0.812985 0.736679 0.658425 0.619472 0.476129 0.378228 0.375905 0.372506 0.369850 0.367709 0.820508 1.56169 1.51919 1.51129 1.58819 1.57826 1.55253 1.52902 1.51150 1.83856 2.00608 2.00608 2.06293 2.19642 2.20201 2.15968
5.02639 5.03910 5.07562 5.05900 4.91162 4.77714 4.65793 4.57724 4.59632 4.73339 4.61938 3.89750 3.62777 3.72395 3.79466 3.71768 3.71768 3.71768 3.71901 3.77739 3.87329 3.98064 4.09706 4.13270 4.13270 4.12825 4.05407 3.57526 2.99059 2.12469 2.11781 0.855057 0.619472 0.619472 0.619472 0.619472 0.619472 0.619472 0.671802 0.952505 1.19622 1.38894 1.54452 1.10974 0.363649 0.363126 0.363126 0.363126 0.363126 0.404778 1.43655 1.45082 1.42772 1.46320 1.50998 1.50998 1.51165 1.53436 1.77706 2.12151 2.16116 2.20718 2.42241 2.46479 2.39141
