High_resolution/powerplant/Shangrao/OMI_NO2_200801.asc
ncols      200
nrows      200
xllcorner       115.451
yllcorner       27.0350
cellsize     0.0166667
NODATA_Value      -999.000
[rows 145 to 173 of 190, columns 0 to 66 of 200]
5.27862 5.03140 6.00767 6.16090 6.00735 8.47217 15.9557 14.3044 13.3581 13.2736 13.2736 13.2736 13.2736 13.2736 13.2083 13.1634 13.1634 13.1634 13.1634 13.1634 13.1634 13.1634 13.1634 13.1615 13.2339 13.1180 13.0390 11.1110 11.0160 10.9395 10.8330 10.8330 10.8330 10.8350 10.8342 10.7198 10.5659 10.4117 10.2578 10.4147 9.96827 9.81600 9.90307 9.99046 10.3477 10.8002 10.8323 8.62416 7.52626 7.55054 7.61546 7.60490 7.60490 7.60490 7.60490 7.45498 7.14109 7.17771 7.18147 6.91076 6.69437 6.70276 6.70685 6.70685 6.70685 6.70685 6.70685
3.62430 3.56440 4.94963 5.73443 5.73443 6.02015 15.4950 14.5794 13.2736 13.2736 13.2736 13.2736 13.2736 13.2736 13.2377 13.1634 13.1634 13.1634 13.1634 13.1634 13.1634 13.1634 13.1634 13.1364 13.2407 13.1589 13.1201 11.6934 11.0492 11.0275 10.8507 10.7096 10.5557 10.3998 10.2466 10.2072 10.2081 10.2158 10.2292 10.5235 10.5327 10.3686 10.4449 10.5106 10.5945 10.7306 10.7306 9.48695 7.48222 7.47394 7.60490 7.60490 7.60490 7.60490 7.60818 7.57650 7.14694 7.20580 7.21069 7.06226 6.70685 6.70685 6.70685 6.70685 6.70685 6.70685 6.70685
3.56440 3.56440 4.46106 5.73443 5.73443 5.73443 13.6190 15.1986 13.2736 13.2736 13.2736 13.2736 13.2736 13.2736 13.2636 13.1560 13.1482 13.1415 13.1348 13.1282 13.1215 13.1148 13.1082 13.1061 13.2922 13.2376 12.7325 11.1968 10.6955 10.5347 10.2401 10.2081 10.2205 10.2824 10.3574 10.4325 10.5066 10.5735 10.6349 10.7851 10.9723 10.5864 10.5864 10.5864 10.5865 10.7147 10.7306 10.3415 7.48340 7.46048 7.60772 7.61597 7.62434 7.63190 7.62784 7.61661 7.19328 7.15615 7.15561 7.11779 6.63776 6.61796 6.60666 6.59541 6.58412 6.57290 6.56157
3.56440 3.56440 3.80465 5.72736 5.73443 5.71271 10.3351 14.9677 13.3136 13.2433 13.2366 13.2300 13.2233 13.2167 13.2120 13.1241 13.1017 13.1017 13.1017 13.1017 13.1017 13.1017 12.4732 11.1718 9.89302 8.31903 7.06919 7.46576 10.3762 10.3891 10.4339 10.5332 10.5892 10.5955 10.5889 10.5825 10.5761 10.5696 10.5632 10.5976 10.9613 10.5254 10.4753 10.4689 10.4625 10.5470 10.5938 10.5873 7.87534 7.27120 7.29076 7.28015 7.26894 7.25845 7.25639 7.25639 6.95537 6.80292 6.82919 6.82919 6.43788 6.32534 6.32534 6.32534 6.32534 6.31994 6.28083
3.94545 3.97942 4.02729 5.24917 5.33094 5.28567 6.04678 13.3059 13.1796 13.0804 13.0628 13.0451 13.0272 13.0096 12.9919 12.9157 12.8462 12.8068 11.9604 10.6038 9.09671 7.40113 6.35813 6.14644 6.29481 6.76044 6.88700 6.88959 9.70971 10.2555 10.3341 10.4700 10.4700 10.4700 10.4700 10.4700 10.4700 10.4700 10.4700 10.4700 10.8284 10.5803 10.4081 10.4081 10.4081 10.4612 10.5523 10.5523 8.88355 7.25802 7.24997 7.25639 7.25639 7.25639 7.25639 7.25639 7.06640 6.78738 6.82919 6.82919 6.55286 6.26553 6.22066 6.17570 6.13081 6.09125 6.08615
4.24416 4.12748 4.12748 4.54032 4.69832 4.69832 4.69832 11.6510 12.9430 12.7990 12.7990 12.7990 12.7990 12.7209 11.7299 10.3314 8.72193 6.92365 6.13289 5.94349 5.75391 5.57900 5.54380 5.54380 5.74884 6.76359 6.86924 6.88959 8.80066 10.2555 10.2778 10.4697 10.4700 10.4700 10.4700 10.4700 10.4700 10.4700 10.4700 10.4700 10.7324 10.7109 10.4081 10.4081 10.4081 10.4239 10.4335 10.1283 9.21764 7.26052 7.25414 7.25639 7.25639 7.25639 7.25635 7.24515 7.14634 6.72287 6.66677 6.61829 6.45754 6.11163 6.13551 6.15944 6.18332 6.20724 6.23041
4.37458 4.12748 4.12748 4.42860 4.69832 4.69832 4.69832 9.41362 13.0058 12.6270 11.4917 10.0900 8.42679 6.60985 6.02536 5.82560 5.60010 5.54380 5.54380 5.54380 5.54380 5.54380 5.54380 5.54380 5.54033 6.63241 6.84351 6.88959 7.76470 10.2555 10.2555 10.4355 10.4700 10.4700 10.4700 10.4700 10.4700 10.4700 10.4700 10.4700 10.6364 10.8350 10.2025 9.89284 9.58534 9.27784 9.21109 9.22454 9.14824 7.28054 7.11792 7.07489 7.01903 6.96325 6.90056 6.83790 6.78188 6.60955 6.52518 6.48417 6.46211 6.24321 6.23582 6.23582 6.23192 6.14457 6.02326
4.56676 4.12754 4.12748 4.29444 4.68002 4.65764 4.63523 5.90758 8.25830 6.26580 5.85573 5.66742 5.58876 5.58876 5.58876 5.58876 5.55557 5.54380 5.54380 5.54380 5.54380 5.54380 5.54380 5.54380 5.54060 6.29251 6.81776 6.88959 6.92779 10.0296 10.2555 10.3788 10.4700 10.4700 10.4700 10.4700 10.4700 10.4352 10.1682 9.85823 9.60591 9.50529 8.97820 8.85328 8.81583 8.76373 8.79219 8.80248 8.76888 7.38854 6.62872 6.71415 6.69636 6.67815 6.66684 6.66669 6.66669 6.58367 6.51321 6.46864 6.46649 6.21252 6.03155 5.91033 5.79311 5.75932 5.75932
4.69055 4.06733 4.16128 4.94348 5.70033 6.13855 6.52743 6.73729 6.19156 5.67438 5.58876 5.58876 5.58876 5.58876 5.58876 5.58876 5.56760 5.54380 5.54380 5.54380 5.54380 5.54380 5.54380 5.54380 5.54334 5.94945 6.79201 6.88923 6.88674 9.18628 10.2487 10.3131 10.4586 10.3653 10.0637 9.75396 9.44405 9.16927 9.12638 9.11899 9.06327 9.05568 8.83395 8.69743 8.71800 8.75352 8.75269 8.64860 8.64112 7.90352 6.52608 6.65109 6.66669 6.66669 6.66669 6.66669 6.66583 6.53586 6.33917 6.15134 6.03235 5.87909 5.75932 5.75932 5.75932 5.75932 5.75932
7.89986 7.21536 7.00634 7.03834 6.78581 6.73876 6.73876 6.73876 6.42220 5.75262 5.58876 5.58876 5.58876 5.58876 5.58876 5.58876 5.57945 5.54380 5.55816 5.59673 5.63571 5.67468 5.71358 5.75262 5.79156 5.67383 6.72993 6.86018 6.86182 8.10961 9.75151 9.45729 9.34813 9.13457 9.11834 9.06209 9.02342 8.99683 8.97083 8.95160 8.98159 9.06385 9.02991 8.84591 8.84591 8.84591 8.83099 8.64282 8.64112 8.44632 6.52869 6.61922 6.66654 6.60002 6.47885 6.35763 6.23726 6.16121 6.07230 6.00054 5.99214 5.93909 5.75932 5.75972 5.76299 5.76672 5.77043
8.96607 8.16581 7.03834 7.03834 6.84070 6.73876 6.73876 6.73876 6.65104 5.85318 5.65087 5.68977 5.72885 5.76776 5.80673 5.84570 5.88418 5.88176 5.90330 5.90366 5.90366 5.90366 5.90366 5.90366 5.90366 5.68589 6.46864 6.83878 6.86182 7.01150 8.79282 8.72020 8.93799 9.01039 8.99724 9.03283 9.05110 9.05689 9.06260 9.06836 9.07417 9.10927 9.14039 8.91390 8.90936 8.91511 8.92083 8.76202 8.72755 8.73336 7.09563 6.63498 6.32955 6.27870 6.28244 6.28613 6.28987 6.28910 6.18209 6.13317 6.10669 6.10595 5.89265 5.88465 5.88509 5.88509 5.88509
8.98797 8.87238 7.16489 7.19750 7.08661 6.93104 6.96744 7.00391 7.04032 6.36782 5.95163 5.94531 5.94389 5.94246 5.94104 5.93962 5.93819 5.90637 5.89037 5.88896 5.88752 5.88610 5.88468 5.88325 5.85333 5.63882 5.85548 6.48976 6.49302 6.38493 8.06698 8.52130 8.87204 9.19372 9.19433 9.19433 9.19433 9.19433 9.19433 9.19433 9.19433 9.20943 9.25620 9.07848 9.00655 9.00655 9.00655 8.89522 8.80177 8.80177 7.81581 6.73210 6.36401 6.31595 6.31595 6.31595 6.31595 6.31595 6.22330 6.16985 6.11791 6.11791 5.95199 5.88475 5.88369 5.88261 5.88153
9.60077 9.60255 7.79157 7.46266 7.36772 7.02908 7.02765 7.02622 7.02480 6.57927 5.97529 5.91546 5.91546 5.91546 5.91546 5.91546 5.91546 5.89698 5.85415 5.80663 5.72176 5.62535 5.52896 5.43253 5.36460 5.32603 5.20119 6.17500 6.38784 6.38784 7.48788 8.53267 8.70360 9.19433 9.19433 9.19433 9.19433 9.19433 9.19433 9.19433 9.19433 9.19645 9.25470 9.14726 9.00655 9.00655 9.00655 8.94862 8.80094 8.57573 7.81311 6.72851 6.48145 6.31595 6.31595 6.31595 6.31595 6.31587 6.22649 6.12687 6.11433 6.11399 6.00018 5.85073 5.81559 5.77721 5.73883
9.60255 9.60255 8.28129 7.46266 7.45555 7.03884 7.02383 7.02383 7.02383 6.81007 6.04327 5.91546 5.90027 5.80441 5.69595 5.55406 5.39521 5.27611 5.41784 5.36898 5.35744 5.35744 5.35744 5.35744 5.35744 5.35744 5.03613 6.03169 6.38784 6.38784 6.80699 8.53267 8.55272 9.17095 9.19433 9.19433 9.19433 9.19433 9.19433 9.19433 9.19433 9.19433 9.24246 9.21598 8.98086 8.66513 8.23477 7.74782 6.98511 6.72420 6.72420 6.72450 6.60993 6.27705 6.23124 6.18549 6.13967 6.09302 5.98863 5.79587 5.87508 5.87431 5.79622 5.53821 5.53497 5.53497 5.53497
9.60255 9.60255 8.88824 7.46266 7.46266 7.10831 7.02176 6.94864 6.84108 6.71249 5.72378 5.33081 5.18720 5.12423 5.07393 5.05702 5.05702 5.05711 5.32158 5.35744 5.35744 5.35744 5.35744 5.35744 5.35744 5.35744 5.11525 5.68431 6.37871 6.38784 6.38864 8.29913 8.53267 9.01692 9.19433 9.19433 9.19433 9.19433 9.19433 9.19433 9.11113 8.72856 8.31704 7.88682 7.11516 6.95841 6.95336 6.94367 6.69999 6.58187 6.52469 6.46584 6.41631 6.06646 6.04148 6.03657 6.03166 6.02774 5.99666 5.71984 5.78934 5.84972 5.84686 5.55373 5.50630 5.47612 5.44597
9.60255 9.60255 9.52173 7.20941 6.97979 6.65306 6.41603 6.35535 6.32925 6.30314 5.60473 5.05772 5.05702 5.05702 5.05702 5.05702 5.05702 5.05702 5.24241 5.35744 5.35744 5.35744 5.35744 5.35744 5.35744 5.35744 5.20926 5.37695 6.31452 6.38784 6.38784 7.72755 8.49638 8.76892 9.08287 9.04523 8.82688 8.37282 7.87128 7.31399 6.82624 6.75898 6.87303 6.97794 6.77316 6.74044 6.63147 6.52750 6.41752 6.37366 6.36753 6.36360 6.37527 6.13681 6.02741 6.02741 6.02741 6.02741 6.02741 5.75743 5.72728 5.79289 5.76270 5.52093 5.41635 5.41635 5.41635
9.59709 9.55255 9.50034 7.15558 6.51184 6.40689 6.29108 6.29108 6.29108 6.29108 5.89560 5.10097 5.05702 5.05702 5.05702 5.05702 5.05702 5.05702 5.16284 5.35744 5.35744 5.35744 5.34605 5.32019 5.29435 5.26844 5.17910 4.81243 5.92468 6.02578 5.97877 6.64858 7.83474 7.51257 7.60346 7.06733 6.75745 6.71823 6.49268 6.21254 5.90321 5.59538 5.36424 5.72036 5.89332 6.31676 6.31669 6.31669 6.32825 6.36353 6.36353 6.36353 6.37147 6.24442 6.02741 6.02590 6.00271 5.97255 5.94246 5.71736 5.60501 5.72610 5.73110 5.59749 5.41635 5.41635 5.41635
9.36448 9.35662 9.35662 7.78184 6.48566 6.45233 6.29108 6.29108 6.29108 6.29108 6.16152 5.16892 5.05666 5.03975 5.01387 4.98796 4.96212 4.93621 4.93784 5.18382 5.15906 5.13313 5.11866 5.11863 5.11863 5.11863 5.11810 4.56040 5.53431 5.93012 5.93012 5.93012 5.88976 5.66466 6.10163 5.84259 5.53299 5.26222 5.18082 5.15126 5.15126 5.15085 5.13949 5.53485 5.63790 6.24857 6.23954 6.22341 6.20813 6.23568 6.22141 6.20483 6.19744 6.19955 5.81604 5.76976 5.75377 5.74477 5.73576 5.60004 5.41010 5.49448 5.52205 5.46049 5.18929 5.18028 5.17128
9.35662 9.35662 9.35662 8.64619 6.45748 6.40077 6.19511 6.14375 6.10166 6.05969 6.01752 5.09955 4.82717 4.81821 4.81821 4.81821 4.81766 4.81395 4.80962 5.05278 5.10156 5.09728 5.09299 5.08875 5.08448 5.08019 5.07594 4.65246 4.91357 5.13378 4.85504 4.57719 4.34035 4.29521 4.64653 4.80397 4.78784 4.77153 4.75513 4.73905 4.72251 4.70674 4.70193 5.00244 5.18453 5.72069 5.86736 5.86736 5.86736 5.90137 5.91420 5.91420 5.91731 6.00064 5.69610 5.60459 5.60459 5.60459 5.60459 5.54850 5.29694 5.35500 5.42689 5.42601 5.14163 5.11214 5.08922
8.91265 8.82884 8.74473 8.64515 6.15955 5.99383 5.89720 5.86146 5.85716 5.85289 5.84865 5.27873 4.73609 4.73184 4.72758 4.72328 4.71959 4.71906 4.71906 4.88700 5.01948 5.01745 5.00739 4.98616 4.96233 4.93849 4.91468 4.62673 4.24046 4.16005 4.16045 4.16045 4.16045 4.16045 4.38605 4.70193 4.70193 4.70193 4.70193 4.70193 4.70193 4.70193 4.70193 4.89106 5.18453 5.53298 5.86736 5.86736 5.86736 5.88928 5.91420 5.91420 5.91420 5.98602 5.81165 5.60459 5.60459 5.60459 5.60459 5.60151 5.31405 5.24570 5.30386 5.22708 4.94515 4.75864 4.70573
8.61888 8.61888 8.61888 8.61888 6.69982 5.99383 5.89476 5.82306 5.82306 5.82306 5.82306 5.54506 4.73470 4.71906 4.71906 4.72114 4.74381 4.77136 4.78902 4.84970 4.93265 4.91086 4.89708 4.89449 4.89449 4.89449 4.89449 4.76957 4.27070 4.16219 4.16045 4.16045 4.16045 4.16045 4.24415 4.70193 4.70193 4.70193 4.70193 4.70193 4.70193 4.70193 4.70193 4.77973 5.18453 5.34513 5.86736 5.86736 5.86736 5.87705 5.91420 5.91420 5.91420 5.96827 5.94342 5.60035 5.48618 5.32764 5.16933 5.01070 4.73309 4.63616 5.00947 5.04603 4.90992 4.69939 4.68904
8.61888 8.61888 8.61888 8.61888 7.37069 5.99383 5.93166 5.82306 5.82306 5.82312 5.83892 5.82745 4.87120 4.81026 4.82393 4.83547 4.82643 4.81252 4.80849 4.81274 4.89277 4.89449 4.89449 4.89449 4.89449 4.89449 4.89449 4.88495 4.30439 4.19017 4.16045 4.16045 4.16045 4.16045 4.16100 4.64324 4.70193 4.70193 4.70193 4.70193 4.70193 4.70193 4.70193 4.70410 5.14877 5.19044 5.79580 5.80646 5.77804 5.75029 5.75084 5.58501 5.38674 5.22508 5.07508 4.72178 4.63621 4.62161 4.60699 4.59235 4.59122 4.60133 4.86758 5.02408 4.97752 4.68303 4.67595
8.61888 8.61888 8.61888 8.61888 8.20768 6.04214 6.05492 5.91409 5.88363 5.74801 5.59459 5.42883 4.98543 4.80849 4.80849 4.80849 4.80849 4.80849 4.80849 4.80849 4.87407 4.89449 4.89449 4.89449 4.89449 4.89449 4.89449 4.89449 4.43949 4.22267 4.16045 4.16045 4.16045 4.16045 4.16045 4.50251 4.70887 4.71618 4.72351 4.73083 4.73816 4.74547 4.75279 4.76012 4.87061 4.90042 5.24978 5.21965 5.02811 4.78480 4.67094 4.68164 4.66336 4.66370 4.71815 4.63709 4.57634 4.57634 4.57634 4.57634 4.58290 4.60133 4.74665 4.99258 4.96530 4.63851 4.57696
8*:,%2/.9#,."9+;%*6/? +!1 !(/4-% %:.8)(5+/:*!.&?$<-/1#.8)%(&4.?'.7/'>(.,.?+=%*:#';& ."0#7 $7 1!+ ,0$(!1,* '4(>'/;",0') ,2'>%.5,#0!!&.;,4,.3*)0$(+$;*>$)1'(0$+(';(2' :-0$+*2#" 6(,*,;*2$,;$$7( +#7*> .:%$ ( +%>;! 01.)$+*,)49,#;9#)'+(*&38"">;/ -.!#- #.>,(-&4*(?%<.*0-,-&>.&9/<-,,&&&7<.$><,"#.,&,<1/ 8;,*!#)%#<2!+8;,.&#,$) + ),5.#./;+/;+:,-5.#()<*-; >-- $-#<9-'<:(*/%+*-=?-'<:.&.$,$/=>)%9>, +#()%) !&%4%/$%?(+?/=&#0+!)#0),5';%. - **<> '2>"+/-(+!04 39%,).&)!;9 +:0',#/ '".+//7.$*.=-&7":./8....1&"3-> &(,*9#:3*;41(.,%*0-70.:5<(.,$,?,6>->1='.'3$, !7,!3,% $$3(3.1((5.# !,6-2/1'(%!4%15$<;>.**" 1-;1$>9;.%"'+?-5?%>62$#"?) )'='(6%!/++7-;":./9,%/ %6.>'7, " '=$3<&930),&- 1*=<'1<>/',$(0$;:#==? '+*4 + + %3,&2+*('-> 4 :.!2+*.&#4(4+:#+*,: 3?#=21%!+/);.:?"=:1&$ -,;#>1(936)*+ 1 !$9$'4)&(- 7,:/3)+3%,/,,4%78'%;2 .88%*27// 08 #7?!$=2.$ =3;==?!*88 ,#;>'!2#8'%8)(98,0#?%<!%=,,<;-8%0; %*6:$/:?"+<4,)-=9#'3<)%?5(&&>: #15%.33 (:%.!?&5#/?/ ('">#1.;+/=()*$+1"0;/.1;/ <;!!07(+!7;/'6;#-78.-/=>+'7;!$<2/.2/ ( "=":%-9"'-&,1 3":%-9"&) !1,+(( /:=" ?593+0*,(66
4<" 99$-?5/%&4<$ 29"'91+$=$.#9 6'.6)** +4&4.;"&=++-'+6&4;)-3;/'2:'$02/'.9;/'2:'$11*) :9)'2:&$=:,.: , . '4#=$)5)( $+0'4#9&#;*)!+.1')%-/1=-$9:>5+?$$,40, 45+"36(%,19.#4?*/23-'>7 &/9#<()>.*49#?(> 9!*0"-1= ? = : (4&13=5'%.45+0;(6359$+->3+05*22=:-,-;2 61/ 3&1'?":'"4*"3?&1!1*9#(3!)9>&1 ==/5/77=:.$+44*15/21=<&46=<"67'41=?);1<1 58, ?$<8!+;%.4(+:=#32$&7/*5&-1;,< $ ?& 8$5;?=)96>0.>8$5;7#?1:=;(?4)082%762<=547" >#2&';%#077968->'%7!#05>5>6) *0 # 61(03!69>96,80:/0:*69=>=,825,4?!>>3=397;3 7$>'!=,!?2852:%4$!=#!=622< $" =>):.?%&585=$>;&1*0/'3478)3;,9)5. =:7?"=,7 05=-:,$5.6&388<?%='%1&2&;<09) ":? (5.?*,>86:-0;*2')?$227:-35-;..;-98:4( 3'7 &#=-4.%9%1/:9"(='5+!;%0'23%-+ /35(1#'4!?1?>.55.4->!%183>&83*:.9%%1:07#>&914;%=%#; >.1>3:=.;+"3/3'8=3:.$ 9 > (6*3."5;71%10*3*1/ <39>.>:(5..;$6010' 4-1 +!?/0#"9!9$//( 8-2(&4 0!$-  * %6 .*.-3(4=#&945'("-0.8?#,;46!*%-4!<<$+<>&%"-%>*< &>$1!/'-%>*<&(=%2$-%%*$ )#)%-4!<0(&,/1&(&-7 =5','*2#$#-6+26'!-%=."""< 9$&&5$6(!)/5+=(%(3$6("%+$&'6("+1#;;%-#'$6)"(4$7;$'#*$0$%*4$?:(#)*7+)'/8"</',:+7%&, 8"<."!94 )$+"% " ' +$*4.;1-.&)0 +$+3#2>)'#,3 *%(=#93$*! 1 % -!>/>)/%85 % ,)5"5%$&57 '!.&#
+$-7*;>/#$&5 *")6)9<'!'6 % /.0,3/"&:9 %')/7/6&&#19% ( ')/ .'")".? 16"(%(9#!#.:/55 %.(9$-%.3!6>%'. ? /!'"1!;+!$41"&.+$?-5$$#7)3,-'- ! !$ 5'+*?%67!&-$/0 ,"7 9:'*%&(:.+/6)3;&)+ $7$/(":(9*-!:%:)/-':(9* -</>)"&(( %%1/%)7%76)&-#/0"+*>,46.. %+2"$"5!;?/$/,0%)) =&8*+'1,6,+*$;+:+*&5*8.!% $)$ 4)-$7#=?+-"')1'/)3!22'%)"#7.",:(>2# & *=+.-%>%:#&/6-0'/,):-:"*>,2") ! 5$$" 6).-$8"0 /?!/7"&/'8.6'/?-(0"!.';$8(,;)(0"!.': 8-+9'(0"!.'="5%/=,0"' !=+ *?*$/#:#5$#>+)1.,-+8"5+$>"#1"(-#<!4&#2..3'$+">/8)!1--<(,/$0&>-"1+ 0,&%3 '*5#'&$4'>+'6&(6'&&,:,?&!</(6'!&-3$;/$7/(6#!.#?#5( 8((4%-!.?-5)*5 4% (0 *+)4$'/+1%;%(9).4'%'"0$>%!:+'4&"/&8)0% 8#'4"',"?+;'*<#';' )$<,5&!<# ;.%!5 &.'> !&:%>,"1-4/*)!+< 3&"=*3+.-"): >&":+5-+&,)7#7% 5'7(&%##:"2" 4(*& &;!!$ ,++/!>+3"/8.0+ #!+:+8&+5.8+".)80''9;#0="$+"?5!&9=(7;.%/&>>#$>=" ;,""!'%/7/*--"</(7%;+:#-,'%<.-3"9 4/..+28-"?8'0<"')-89*#?1(, (.)!5;--4=' "&& '-"*(7"&&$7,"6+<,)?.!. 2,#5%=)! .'. 2:"%:;-$!"/+#2;).;=),*&#-$53'-<>' "''"&* (",2#!-"</)9+7++4,!%.=%*?,0 )(.)!=6!+5?/+'(.)%:>*#70$*)(.)$??,(:8)(-!($'%-(3-'!"4,'2*6$/1)",->%"=#0'/ !>+8=&;;;*%--)7 >3+<06$-+( 3+<3/:=3&*$ 0 ',%=),1./ /-7(4!5 "6)&.%)6&2'?$ ( "4!:>)?97-.,*#0%3="906%-,$.<'=8#1?<**"1 # !:&"<.
# .&:9&$9<'56,,.&;=%&79+"$().":8'"?;&%"'&!" ! #$2/#.&:)+:!;&-2&%.&:#&7%=+. ...&9<"&30/+'' ' <9")69*("%'*$>;'(4=+''%-/"' #?$%",?' 3&;&#5,/!#9"":!?*" *(.*<8$ 6;./*)/.!96./67//(.!.%:3*#6<,-(-%- & + +/4*"'(;"%6%7).2)!#!5#!1)=!"/-0"23+?;7&+*((6#3>(?2;,$/+-:#2>%>13$&#< -% .5'"6*",/"1&9 1&"2&#-*'0)5 6 "!%-7'>5%8><)+.+#?%?2-=:2//"".4%82)<8</.'6 ") *4"!5.)*+%7,7%9)$5-!*%/2-7-5 ' * *6*8?/>18# ,&.2"43%?>5*+,/$6(6=/905.'!< " ) $5!(?.*#$$4!9 4'%>'") #7#<*4 %'.*?&<>,<63%&'*+?&>> >:>$,&-":+<>+<9:/,-5& !&2+%:(!"!.1&0&6%(<,.*.-=!7 4 ()01#%:2-+<9-(*4<-'=2-+=:$/'22)&<2+/=1''5 %) ;!>+(5/"% !1!9)1!+:-,"'"8'81*$7?- ;;!(68*!(<;+*88%.=6,"-0:-*>;&/;<((0%")2-<(-3)&/*-5/4#8$+3- )&&6(4 8- /4:*/26!&32-$/4:,-67"$?0 "/48 &25/+;6 #*8- ' ,:$6!/=41- '1)<!5 )051)'*3+60,2#>-%75?>-2-',6?)!:=74+6% *51)+?;!,:3*)5$'(6"<*/5,/,+'1&7!3$.7'#*(*< 50 - 8.:-.5) (37(8?#4/ =,,,<4,24/?(-;/..4?5>*.+?'?!4%(5(*),+9/2&4+,1.)+-*0 <4 / :-7()6 $$9?*15&6*'3+&!99"::/:.-/<17>004$/0"6 +6$-3(/,"5"1%)3, ? #-.<%,> &7:!.- ;>531$824&+$.4:14?$=01$.(-158<2 ;1<5 ?#:%'6%/6>3069/:*+6&!6>76<>,&2* 57*7:*301?7+262-=9$106=;(;84-=<%251>5490= ;/2#%=+%07=73<)2"*4 )7<=72" ' 3 1
*6>4392+5$%:/+6=457;*+6* 7?-<9&?=6;7,095-<9&90371,095-<9&42133095<;"1#"5%/1=?72;"0/#8.&2=:72#"=0 &7+7,&?649.53/1-0'&>89<(64+;,6. >91<&4,>=>>,>' <'3&1=:8?)>--=$;&0=>8(%8 :.4(>*-8819!7;.4(>)-:7;8$71&4 (8 >6<>)='1+/0)<()=+2,35+/:*6',<(:&25+,- &?7,6%+> 69:9&9:,5%+<%:=4>.;2,0%+<&033;.2.?+/9*<.&8+=*6<.)<*6("?)9-63&!. ! = > /1/&4/284=,65'2&)6!4<>>.=<&+=(='=228+1' .#?#8-&7.># -,!;.5'-5&6""( &&&"0#*/)0!20&,;2.8.,(0/65 ,6?$8$#-2'5<.-6"6-)&&>#0$+;.%0",'$8-0(+;*.4!#*$"+ 17*(.:'52$''!%1+-&3#57$'*!'6''+2%?1(,+ &:(#.$?$=!,#5,;.+++5,:!$,0(?() .' / $9)$*3)11!$##&: !,=&94#+'#/3(&(6(55, & !;)!('</?")&5#</*#%?)9&,/1'8-,!+% #+ .#.6&38$&")2)*/+6&=0*.>2</.&+6+95',3 2(&.+$:">#$;*<!&(,#;%>'(<+2/#/. - .,5-/*,>#1> *=?0)#/)1 8>&/:0>.)/-?+08 #?.9.'''8*;$*=.,;.",&=)1!!!7->#+', & +!:(%(2*=7 !*%->/%,5%;1"%#/*1/#):*64-)"#0/#,%2'?) "2*0/ *-5+5&&,:"0/  - $#-/0/ *<*92'+%."0/ *1+9>)')"(0/ )6+?8.#* .0/ -$;!=(,$0"5'#$&9&3''&?/?/"%-)!%>$'":%6:!(%#-0%.&3%>=$$+$/0%.+4(?;(-" /9*"$%8)8&.&9":)#$%8(XH@FE%-18,pXlZo)DFD^HVIOO   5RM[G@@DJY     0NRFCMDxP ." $% 6 ' ncm|w|y}WB]R      /     
    5 & 3.3     0 + )       2':/4         9 ,-       ? ( =(1      ?8,?     0 85+         <7#9        7 =? +     9 7 /.  
