High_resolution/powerplant/Shangrao/OMI_NO2_200509.asc
ncols      200
nrows      200
xllcorner       115.451
yllcorner       27.0350
cellsize     0.0166667
NODATA_Value      -999.000
[rows 90 to 119 of 200, columns 132 to 197 of 200]
1.05572 1.09244 1.09844 1.10055 1.09787 1.06251 1.06251 1.06251 1.06251 1.06251 1.22852 1.38334 1.15787 0.801478 0.919742 1.05358 1.18742 1.30633 1.32461 1.33592 1.34040 1.34040 1.34040 1.34040 1.34040 1.36933 2.40817 2.55123 2.53908 2.53845 2.48299 2.40568 2.39700 2.38829 2.38005 2.36146 2.32609 2.32040 2.31894 2.31894 2.36270 2.50027 2.76047 2.83274 2.60573 2.53105 2.58821 2.56835 2.42624 2.26992 2.28224 2.30224 2.32300 2.34454 2.37660 2.42582 2.44917 2.50934 2.72302 2.73962 2.66636 2.64331 2.61845 2.55492 2.48668 2.43282
1.08504 1.10175 1.10175 1.10175 1.10168 1.06621 1.06251 1.06251 1.06251 1.07618 1.26160 1.65848 1.72038 1.30909 1.32461 1.32461 1.32461 1.32461 1.32461 1.33113 1.34040 1.34040 1.34501 1.41725 1.48509 1.53946 2.38616 2.54147 2.49883 2.49146 2.46834 2.35620 2.35619 2.35619 2.35619 2.35469 2.31965 2.32049 2.33097 2.34242 2.35573 2.50397 2.63753 2.77537 2.64731 2.58812 2.72518 2.76723 2.67166 2.43076 2.43812 2.44591 2.45351 2.46146 2.47101 2.47619 2.43227 2.42839 2.60320 2.64745 2.58173 2.48678 2.58420 2.59723 2.61078 2.62431
1.05265 1.10175 1.10175 1.10175 1.10175 1.08984 1.16095 1.27394 1.40638 1.53533 1.64430 1.92410 1.92410 1.40632 1.32461 1.32461 1.32391 1.35487 1.42500 1.48649 1.54901 1.59360 1.63053 1.62847 1.62524 1.62524 2.11209 2.51728 2.47488 2.49540 2.50592 2.41494 2.41019 2.42138 2.43204 2.44223 2.39690 2.40476 2.43099 2.45617 2.48137 2.42962 2.44961 2.70171 2.63010 2.58625 2.65647 2.72812 2.72812 2.72812 2.70365 2.64415 2.58439 2.52462 2.46486 2.44535 2.44806 2.47295 2.66272 2.79963 2.79438 2.62611 2.79512 2.82344 2.85444 2.88846
1.05783 1.18513 1.28241 1.39174 1.50907 1.70217 1.89687 1.92410 1.92410 1.92410 1.90618 1.87007 1.83400 1.45654 1.21313 1.24357 1.58987 1.61469 1.61472 1.61283 1.60651 1.59239 1.57739 1.56334 1.55023 1.53793 1.69940 2.26646 2.22451 2.51139 2.56286 2.50292 2.46221 2.48610 2.51952 2.55295 2.52107 2.49061 2.49061 2.49061 2.49061 2.46029 2.39648 2.68079 2.65558 2.56928 2.54854 2.58379 2.52402 2.46435 2.42957 2.42930 2.42930 2.42930 2.42930 2.45595 2.49372 2.52627 2.67390 2.85806 2.86919 2.76470 2.91386 2.94873 2.89951 2.84642
1.37333 1.68338 1.68922 1.68431 1.66182 1.69075 1.81083 1.77476 1.73867 1.70261 1.68447 1.68447 1.68447 1.49269 1.15753 1.15731 1.49276 1.52052 1.50971 1.50061 1.50316 1.50709 1.50709 1.50709 1.50709 1.50709 1.51042 2.18511 2.23346 2.45892 2.62654 2.62737 2.59073 2.60026 2.60026 2.60026 2.55824 2.49135 2.51504 2.54729 2.54797 2.48105 2.22564 2.26592 2.34750 2.37470 2.34991 2.42657 2.42930 2.44567 2.47722 2.50634 2.53348 2.55858 2.58208 2.59959 2.58095 2.55029 2.60153 2.68507 2.62594 2.48625 2.18378 2.13517 2.07292 2.01456
1.49417 1.57422 1.55016 1.53101 1.52946 1.54461 1.68447 1.68447 1.68447 1.68447 1.68447 1.68447 1.68447 1.63109 1.15760 1.15660 1.38163 1.49920 1.49920 1.49920 1.50076 1.50709 1.50709 1.50709 1.51375 1.55161 1.59337 2.11185 2.37117 2.48500 2.70190 2.69537 2.60156 2.60026 2.61558 2.62468 2.54117 2.40431 2.32717 2.23923 2.17907 2.17727 2.06204 2.03886 2.27885 2.47857 2.47685 2.56189 2.60314 2.58902 2.56131 2.53464 2.50895 2.48418 2.46023 2.44008 2.45051 2.44717 2.51119 2.40993 2.34202 2.30424 1.96424 1.94418 1.94418 1.94418
1.52946 1.52946 1.52946 1.52946 1.52946 1.52989 1.67049 1.68447 1.68447 1.68447 1.68447 1.68447 1.68447 1.68447 1.22096 1.15660 1.28757 1.49920 1.49920 1.49920 1.50415 1.55328 1.60007 1.64185 1.67698 1.68090 1.68090 1.95025 2.38372 2.40290 2.69224 2.61811 2.46873 2.38214 2.30308 2.22255 2.21641 2.18184 2.18466 2.19143 2.19801 2.22107 2.23174 2.27732 2.38314 2.52183 2.48818 2.46391 2.44327 2.43977 2.43977 2.43977 2.43882 2.43260 2.42557 2.41867 2.42355 2.42207 2.45977 2.44965 2.33859 2.34707 2.04564 1.93884 1.94418 1.94418
1.39642 1.39017 1.38392 1.37767 1.37141 1.36512 1.56975 1.68447 1.68447 1.68447 1.68447 1.68447 1.68447 1.68447 1.33688 1.15660 1.19086 1.52032 1.54422 1.56427 1.57943 1.63994 1.68090 1.68090 1.68090 1.68090 1.68755 1.81569 2.13210 2.03951 2.21840 2.21133 2.15227 2.15381 2.18636 2.24316 2.29826 2.31548 2.34304 2.38537 2.42766 2.45436 2.44360 2.45250 2.31114 2.39574 2.42043 2.42330 2.43746 2.43055 2.42356 2.42237 2.42605 2.43469 2.44381 2.45263 2.46966 2.48073 2.49446 2.56258 2.43100 2.43293 2.20866 1.89181 1.93255 1.92421
1.31317 1.31317 1.31317 1.31317 1.31317 1.31317 1.47884 1.68447 1.68447 1.68447 1.68447 1.68447 1.69691 1.73617 1.55989 1.24457 1.26392 1.52328 1.58034 1.57508 1.55970 1.57222 1.62286 1.66220 1.73434 1.79554 1.81849 1.77097 1.75419 1.78911 2.03299 2.13808 2.24900 2.50326 2.52798 2.52798 2.52798 2.49253 2.45478 2.45478 2.45478 2.45167 2.43599 2.38733 2.32413 2.25321 2.42713 2.45345 2.47380 2.48045 2.48577 2.48655 2.48425 2.48196 2.47966 2.47737 2.47392 2.46833 2.43256 2.43902 2.21374 2.13434 2.01183 1.80443 1.81178 1.81178
1.27701 1.31317 1.31317 1.31317 1.31317 1.31317 1.41115 1.68447 1.69838 1.73792 1.77805 1.81819 1.80744 1.72108 1.65212 1.22583 1.21584 1.36260 1.47248 1.49484 1.56248 1.59659 1.68788 1.67391 1.62580 1.57834 1.55588 1.55115 1.58216 1.72547 2.11122 2.25557 2.25434 2.48851 2.47447 2.43466 2.39554 2.35357 2.33718 2.31803 2.29610 2.27624 2.26894 2.21944 2.22979 2.06115 2.35126 2.44495 2.45565 2.46135 2.46135 2.46135 2.46135 2.42779 2.35607 2.28437 2.20833 2.12765 2.08789 2.14841 2.05555 2.01575 1.97392 1.85823 1.81173 1.81178
1.19230 1.31317 1.31317 1.31317 1.32344 1.34999 1.41982 1.81995 1.84616 1.84675 1.84675 1.84675 1.77064 1.54974 1.48663 1.24133 1.23239 1.47301 1.50534 1.51267 1.48453 1.47899 1.51237 1.52447 1.52660 1.52939 1.53203 1.53462 1.54410 1.62217 1.95004 1.92916 1.90476 2.06092 2.12150 2.12093 2.11755 2.11817 2.25334 2.25313 2.25211 2.25211 2.25211 2.23153 2.26412 2.04819 2.25183 2.44347 2.41593 2.35491 2.28293 2.21092 2.13948 2.10094 2.10091 2.10091 2.09981 2.08781 2.07989 2.08620 2.03910 1.92946 1.88702 1.74786 1.78795 1.81178
1.08359 1.35117 1.37794 1.40468 1.42116 1.42135 1.41992 1.73048 1.65533 1.57108 1.52178 1.47999 1.44195 1.32256 1.34856 1.33544 1.33995 1.61256 1.55475 1.55760 1.43680 1.44120 1.47660 1.52198 1.52254 1.52254 1.52254 1.52254 1.51586 1.58441 1.84243 1.88524 1.87854 1.97872 2.10894 2.10535 2.10474 2.10474 2.22034 2.25211 2.24764 2.21581 2.17709 2.13302 2.19884 2.06387 2.03263 2.11944 2.08568 2.10091 2.10091 2.10091 2.09244 2.06649 2.04022 2.01381 1.98752 1.94982 1.92960 1.93837 1.98589 1.85743 1.85631 1.72047 1.68985 1.76254
1.09098 1.40342 1.32582 1.18318 1.16129 1.15028 1.14352 1.33372 1.44725 1.47083 1.47094 1.47094 1.47094 1.38111 1.35416 1.38957 1.46669 1.61633 1.66767 1.62039 1.49523 1.46507 1.47024 1.52208 1.52254 1.52254 1.52254 1.52117 1.51411 1.55174 1.74463 1.87979 1.86638 1.90645 2.10474 2.10474 2.10380 2.07541 2.11934 2.14543 2.10256 2.09290 2.08896 2.08643 2.13201 2.14190 1.97771 1.96964 1.93461 1.99054 1.98559 1.94209 1.91196 1.90704 1.90265 1.89823 1.89377 1.88090 1.87178 1.86261 1.82746 1.80592 1.78956 1.61922 1.43859 1.62024
1.22662 1.26246 1.23944 1.23887 1.24585 1.24585 1.24585 1.35571 1.47094 1.47094 1.47094 1.47094 1.47094 1.40740 1.35416 1.36058 1.46515 1.51285 1.70803 1.62039 1.52849 1.46507 1.46507 1.50704 1.51598 1.51143 1.50688 1.50370 1.50357 1.51966 1.65607 1.88986 1.86638 1.84415 2.01317 1.98606 1.92577 1.89806 1.95704 2.08641 2.07458 2.01250 1.95441 1.89643 1.82117 1.71803 1.46683 1.53166 1.59665 1.74397 1.83510 1.84773 1.85562 1.85562 1.85562 1.85294 1.84185 1.82460 1.80538 1.79455 1.78385 1.76795 1.76643 1.65961 1.45766 1.58204
1.23601 1.34288 1.26810 1.27736 1.28073 1.28296 1.28520 1.34404 1.47094 1.47094 1.47094 1.47094 1.47094 1.43764 1.35416 1.35416 1.44700 1.46669 1.69875 1.60683 1.52400 1.40419 1.37955 1.43164 1.50359 1.50359 1.50359 1.50359 1.50359 1.48341 1.47761 1.73978 1.64328 1.60510 1.81764 1.89240 1.83442 1.77305 1.71565 1.80591 1.73447 1.71323 1.68804 1.66272 1.63178 1.50305 1.46878 1.51079 1.60953 1.69573 1.85562 1.85005 1.83838 1.82670 1.81504 1.78548 1.74738 1.70726 1.65940 1.62183 1.57136 1.45116 1.37049 1.33561 1.47908 1.45969
1.26539 1.41147 1.31445 1.31189 1.32343 1.32343 1.32343 1.34241 1.47094 1.47094 1.47094 1.47094 1.47094 1.46713 1.35738 1.33219 1.36510 1.38013 1.51937 1.52396 1.48819 1.36562 1.36558 1.40264 1.54179 1.56308 1.53493 1.48981 1.44065 1.37479 1.35034 1.68247 1.72710 1.70704 1.62558 1.48852 1.46324 1.44131 1.43837 1.61411 1.63486 1.63486 1.63486 1.63486 1.63486 1.53705 1.46089 1.44609 1.46464 1.43729 1.61136 1.56883 1.53141 1.49138 1.44622 1.42156 1.41381 1.40578 1.41363 1.41374 1.40797 1.28890 1.21168 1.21321 1.49534 1.18096
1.26539 1.39200 1.31545 1.30033 1.32343 1.32343 1.32343 1.32465 1.46241 1.47094 1.47087 1.43944 1.38196 1.32448 1.22992 1.23829 1.32881 1.44542 1.54120 1.72254 1.69187 1.57030 1.53898 1.48391 1.55583 1.52148 1.52302 1.54095 1.55886 1.55350 1.47755 1.57117 1.62963 1.61472 1.59772 1.43892 1.43465 1.42579 1.41565 1.53196 1.57309 1.55301 1.52948 1.48181 1.43029 1.35231 1.26885 1.24439 1.13177 1.11482 1.29463 1.32945 1.33367 1.32850 1.32838 1.32838 1.33194 1.33963 1.40296 1.43603 1.45020 1.36077 1.19212 1.19212 1.42051 1.25369
1.26539 1.33395 1.35033 1.28895 1.32301 1.32391 1.34659 1.35621 1.45009 1.47545 1.46230 1.47559 1.50863 1.53967 1.56608 1.57303 1.58150 1.65067 1.63424 1.75171 1.66093 1.47686 1.40429 1.41918 1.51330 1.58208 1.58524 1.58457 1.57571 1.53225 1.43033 1.45384 1.56247 1.54289 1.53732 1.40538 1.37733 1.38039 1.37853 1.35383 1.32563 1.29647 1.27061 1.26657 1.26657 1.26091 1.21243 1.19530 1.12455 1.09328 1.21199 1.31165 1.33796 1.34787 1.35654 1.36570 1.37070 1.37070 1.41450 1.45809 1.45809 1.40117 1.15430 1.07032 1.12742 1.15736
1.36993 1.42097 1.55263 1.47205 1.45362 1.46433 1.43887 1.42447 1.49469 1.56063 1.60961 1.69393 1.75635 1.66251 1.67259 1.70545 1.72642 1.65220 1.63887 1.65003 1.71572 1.59258 1.41078 1.40185 1.43662 1.54503 1.53288 1.52468 1.52462 1.48899 1.41099 1.38832 1.53986 1.53729 1.52809 1.41534 1.31926 1.29011 1.26681 1.26526 1.26657 1.26657 1.26657 1.26657 1.26657 1.26657 1.22538 1.19530 1.15074 1.09509 1.16479 1.34206 1.36200 1.37070 1.37070 1.36677 1.34639 1.32311 1.32155 1.35048 1.31893 1.24377 0.870256 0.716909 0.753255 0.992542
1.53048 1.53827 1.57234 1.39260 1.47502 1.60009 1.68253 1.73654 1.83584 1.98506 1.99294 1.97758 1.97350 1.92526 1.89351 1.90451 1.90702 1.77710 1.65726 1.65668 1.70410 1.64771 1.36361 1.36361 1.36748 1.51587 1.52462 1.52462 1.52462 1.49935 1.41883 1.34276 1.43240 1.43685 1.41663 1.37233 1.26487 1.26487 1.26487 1.26493 1.26653 1.26657 1.26657 1.26657 1.26657 1.26657 1.24143 1.19790 1.17684 1.09581 1.10563 1.29539 1.28702 1.27093 1.24273 1.20921 1.17471 1.14004 1.10920 1.10498 1.06166 1.01603 0.900501 0.670656 0.628391 0.712281
1.37833 1.39616 1.51055 1.57598 1.76916 1.86730 1.84804 1.84550 1.87048 1.99012 1.99030 1.99030 1.99030 1.96074 1.90241 1.90899 1.91085 1.83582 1.65668 1.65668 1.68771 1.71164 1.37929 1.36361 1.36361 1.47095 1.50368 1.46967 1.43567 1.39239 1.33201 1.26390 1.34114 1.41911 1.41603 1.40926 1.26847 1.26487 1.26487 1.26487 1.26617 1.26657 1.26657 1.26649 1.26572 1.26733 1.25256 1.19059 1.16433 1.04641 1.01563 1.06418 1.05740 1.00728 0.972837 0.947427 0.944937 0.944937 0.938829 0.918418 0.895503 0.873033 0.812430 0.523867 0.523867 0.575136
1.44054 1.46499 1.57647 1.68231 1.75657 1.87033 1.87122 1.87374 1.87819 1.98726 1.99030 1.99030 1.99030 1.98345 1.90306 1.90697 1.91085 1.89422 1.66154 1.65668 1.67133 1.71742 1.46549 1.39395 1.41213 1.41421 1.38314 1.38314 1.38314 1.38137 1.35054 1.26675 1.29898 1.42254 1.41603 1.41616 1.30600 1.27382 1.27833 1.28263 1.28790 1.29580 1.30470 1.31368 1.32334 1.33063 1.31727 1.12436 0.996150 0.925326 0.896822 0.935376 0.978972 0.944813 0.933802 0.915826 0.897850 0.879866 0.867998 0.862954 0.868044 0.879659 0.898739 0.573926 0.556402 0.585919
1.50171 1.55439 1.59969 1.77862 1.77620 1.95268 1.93841 1.93841 1.93841 1.97776 1.99030 1.99030 1.99030 1.99030 1.92274 1.90494 1.91085 1.91126 1.72106 1.68779 1.70723 1.78136 1.60643 1.43710 1.43710 1.43295 1.38353 1.37632 1.36720 1.35802 1.32716 1.29373 1.29287 1.43953 1.43850 1.43914 1.38051 1.32506 1.32944 1.33404 1.33920 1.34205 1.34205 1.34205 1.34205 1.34205 1.34166 1.19156 0.996150 0.949441 0.894056 0.904834 0.968941 0.922158 0.920029 0.931239 0.942987 0.955300 0.969278 0.983120 0.987866 0.987866 1.00496 0.792393 0.606459 0.606459
1.46882 1.55439 1.55560 1.77935 1.75250 1.93643 1.93841 1.93841 1.93841 1.96703 1.99030 1.99030 1.99030 1.99079 1.96182 1.93486 1.96085 1.97869 1.83990 1.71607 1.70692 1.74013 1.64448 1.38643 1.37727 1.36814 1.31601 1.29924 1.30273 1.30621 1.29662 1.30739 1.32816 1.42215 1.44577 1.44569 1.42279 1.34035 1.34035 1.34035 1.33999 1.34051 1.33952 1.33854 1.33880 1.34517 1.37900 1.29020 0.958590 0.919044 0.893976 0.892329 0.982203 1.00547 1.02767 1.03276 1.03787 1.04296 1.04701 1.03642 0.987866 0.987866 0.990997 0.906388 0.606459 0.606459
1.43595 1.55439 1.55439 1.73512 1.75448 1.89648 1.93841 1.93841 1.93841 1.95658 1.99458 2.00197 2.00936 2.01626 1.99613 1.91863 1.91582 1.90811 1.82767 1.64975 1.65619 1.69294 1.69920 1.37692 1.37906 1.38256 1.36321 1.33903 1.33903 1.33903 1.30793 1.26488 1.27855 1.32472 1.36463 1.35186 1.34192 1.23603 1.22077 1.21211 1.20407 1.26136 1.30522 1.34267 1.37882 1.40893 1.41154 1.34066 0.918183 0.842947 0.807020 0.805801 0.861100 0.959042 1.04731 1.04731 1.04731 1.04731 1.04731 1.04582 0.989621 0.987866 0.987866 0.973917 0.606459 0.606459
1.41940 1.53526 1.54337 1.65328 1.74624 1.82152 1.91618 1.91797 1.92444 1.93981 1.98482 1.98482 1.98385 1.95610 1.92164 1.91394 1.94028 1.95720 1.94454 1.73001 1.71949 1.70448 1.68404 1.42162 1.37833 1.37704 1.36711 1.32048 1.31918 1.31788 1.28230 1.16761 1.19383 1.21730 1.29200 1.27870 1.27870 1.22542 1.23190 1.27190 1.31189 1.38732 1.41154 1.41154 1.41154 1.41154 1.41154 1.38811 1.02316 0.843983 0.815759 0.805801 0.838358 0.928679 1.04731 1.04731 1.04731 1.04731 1.04731 1.04731 1.00335 0.987866 0.987866 1.01056 0.614843 0.606459
1.50310 1.49460 1.48282 1.53139 1.73848 1.78954 1.94853 1.92549 1.91235 1.87475 1.87149 1.82915 1.78643 1.77053 1.75983 1.80982 1.83757 1.82759 1.81924 1.63725 1.59506 1.59625 1.58972 1.45332 1.37059 1.37059 1.37058 1.32430 1.31663 1.31663 1.31257 1.16983 1.18896 1.22037 1.35713 1.38374 1.42375 1.40153 1.33986 1.33986 1.33986 1.37220 1.41154 1.41154 1.41154 1.41154 1.41154 1.40938 1.15394 0.843983 0.825159 0.805801 0.819821 0.900931 1.04710 1.04731 1.04731 1.04731 1.04676 1.03840 0.995818 0.950092 0.937188 0.893538 0.616431 0.572896
1.51709 1.50676 1.49385 1.49725 1.72733 1.75659 1.78785 1.72396 1.69810 1.69758 1.71057 1.71366 1.71278 1.72500 1.71493 1.74261 1.80856 1.81567 1.81568 1.69435 1.59704 1.59704 1.59195 1.50238 1.37059 1.37059 1.37059 1.34057 1.31859 1.35346 1.40012 1.30965 1.33316 1.36068 1.43783 1.44520 1.44520 1.42976 1.33986 1.33986 1.33986 1.35627 1.41154 1.41154 1.41154 1.41154 1.41240 1.42771 1.32062 0.911645 0.886688 0.869710 0.882747 0.820410 0.919387 0.930131 0.920407 0.910728 0.901608 0.900284 0.868889 0.770126 0.728780 0.670365 0.218081 0.0788787
1.52240 1.49223 1.44460 1.42071 1.53326 1.65548 1.71775 1.69483 1.69851 1.71845 1.75211 1.78401 1.80483 1.81449 1.74473 1.71831 1.80666 1.81456 1.81568 1.74851 1.59704 1.59704 1.59414 1.55147 1.37184 1.38714 1.40628 1.43222 1.49908 1.51089 1.51089 1.40123 1.34170 1.36068 1.41197 1.44916 1.44520 1.44517 1.35264 1.33914 1.32621 1.32357 1.39426 1.39902 1.40413 1.41573 1.42699 1.42377 1.35344 0.948342 0.865151 0.845571 0.847080 0.803332 0.851655 0.900284 0.898768 0.875060 0.844077 0.813055 0.766885 0.614531 0.614531 0.614531 0.301393 0.0745704
1.45330 1.45289 1.43023 1.42782 1.51028 1.66530 1.74986 1.76877 1.77626 1.77786 1.79148 1.81449 1.81449 1.81449 1.77463 1.71180 1.78410 1.81267 1.81568 1.79556 1.60577 1.61449 1.63288 1.64292 1.45755 1.44804 1.44804 1.44915 1.50684 1.51108 1.51260 1.43068 1.32296 1.34244 1.32195 1.35990 1.30576 1.26589 1.25943 1.29484 1.31986 1.33686 1.40211 1.42673 1.43375 1.43420 1.43420 1.43420 1.40128 1.08997 0.879364 0.853552 0.843339 0.798679 0.767503 0.804119 0.774639 0.767312 0.767312 0.767312 0.767186 0.632004 0.614531 0.614531 0.425713 0.0745704
