High_resolution/powerplant/Shangrao/OMI_NO2_200906.asc
ncols      200
nrows      200
xllcorner       115.451
yllcorner       27.0350
cellsize     0.0166667
NODATA_Value      -999.000
[rows 0 to 28 of 175, columns 67 to 133 of 200]
2.42222 2.38900 2.37826 2.37826 2.29353 2.03697 2.03697 2.03697 1.94427 1.80633 1.81219 2.02052 2.69441 2.69441 2.73788 3.43830 3.43830 3.43830 3.43830 3.43867 4.20932 4.46647 4.50822 4.52962 4.45975 4.45284 4.45284 4.45284 4.45213 4.44878 4.40714 4.32481 4.60562 4.88149 4.54079 3.89545 3.62706 3.62706 3.62706 3.62706 3.62706 3.62706 3.62706 3.62706 3.62706 3.62706 3.62706 3.62706 3.62706 1.10355 1.10355 1.44736 1.62256 1.56031 1.56571 1.58404 1.59933 1.61230 1.63196 1.87036 1.87607 1.87607 1.87607 1.87607 1.87607 1.87607 1.87607
2.37826 2.37826 2.37826 2.37826 2.36647 2.04850 2.03697 2.03697 2.01519 1.88481 1.96510 2.16985 2.96414 3.03291 3.13234 3.42780 3.51795 3.83081 4.01133 4.12703 4.29586 4.45284 4.45284 4.45210 4.44871 4.44444 4.37954 4.29503 4.22505 4.15923 4.11996 4.14317 4.37728 4.87250 4.78136 3.95261 3.63105 3.62706 3.62706 3.62706 3.62706 3.62706 3.62706 3.62706 3.62706 3.62152 3.27562 2.88443 2.42365 1.03228 0.931288 0.902560 1.37110 1.61724 1.61856 1.61856 1.61856 1.61856 1.61856 1.78868 1.87607 1.87607 1.87942 1.95821 2.05361 2.08653 2.12807
2.37826 2.37826 2.37782 2.35598 2.32235 2.20521 2.22987 2.27283 2.30995 2.23637 2.21432 2.31914 2.91726 3.33460 3.54692 4.03052 4.16053 4.16348 4.16652 4.17963 4.23868 4.43317 4.35459 4.27661 4.20565 4.14176 4.11929 4.11929 4.11929 4.11929 4.11929 4.11929 4.23918 4.81939 4.87250 4.18903 3.73605 3.62706 3.62706 3.62706 3.62706 3.62631 3.31638 2.91161 2.60847 2.23497 2.02070 1.88385 1.75160 0.823153 0.757521 0.757521 1.16397 1.61517 1.61856 1.61856 1.61856 1.63424 1.71457 1.89339 2.15943 2.22589 2.28247 2.29797 2.29797 2.24304 2.20229
2.26588 2.23224 2.19905 2.18724 2.18724 2.24755 2.31724 2.33863 2.42417 2.62017 3.01978 3.39927 3.83736 3.79975 3.81845 4.08683 4.20328 4.19209 4.12885 4.06339 4.00430 4.11271 4.11929 4.11929 4.11929 4.11929 4.11929 4.11929 4.11929 4.11929 4.11929 4.11929 4.18623 4.61058 4.87250 4.50975 3.84119 3.62706 3.35810 2.93950 2.55108 2.16419 1.95907 1.83203 1.73213 1.71403 1.71403 1.71403 1.71403 1.13711 0.757521 0.757521 1.10925 1.65149 1.81793 1.88617 1.94769 1.99455 1.99936 2.02600 2.29662 2.29797 2.29797 2.29797 2.29797 2.26992 2.20229
2.18724 2.18724 2.18724 2.21926 2.30283 2.44725 2.69518 2.81629 2.87479 2.99523 3.48828 3.51650 3.93330 3.86356 3.81029 3.88699 3.98735 3.94770 3.94567 3.94567 3.94567 4.05624 4.11929 4.11929 4.11929 4.11929 4.11929 4.11929 4.11929 4.11929 4.11929 4.11929 4.14716 4.42437 4.78954 4.39238 2.91878 2.09871 1.90185 1.78360 1.71551 1.71403 1.71403 1.71403 1.71403 1.71403 1.71404 1.71434 1.71481 1.53464 1.37729 1.49177 1.60305 1.82349 1.99936 1.99936 1.99936 1.99936 1.99936 1.99936 2.22178 2.29797 2.29797 2.29797 2.28942 2.23882 2.11783
2.31577 2.41944 2.56103 2.67216 2.74316 2.78281 2.91674 2.94486 2.95985 2.96966 3.46392 3.56468 3.71252 3.69949 3.68506 3.72500 3.94567 3.94567 3.94567 3.94567 3.94567 4.00874 4.11929 4.11929 4.11929 4.11929 4.11929 4.11929 4.11929 4.11370 4.03770 3.84019 3.59766 3.30322 2.91986 2.70905 2.04134 1.72408 1.71403 1.71403 1.71403 1.71406 1.71443 1.71489 1.71536 1.71582 1.71628 1.71644 1.71644 1.69548 1.55232 1.55227 1.57725 1.72163 1.99936 1.99936 1.99936 1.99936 1.99936 1.99936 2.11829 2.24060 2.18911 2.14193 2.10524 2.08675 1.97577
2.73988 2.79506 2.81232 2.82802 2.83292 2.84135 2.93519 2.99282 3.00337 3.00691 3.30368 3.58045 3.64670 3.72203 3.68506 3.68509 3.91020 3.94567 3.94567 3.94567 3.94567 3.96194 4.11860 4.11240 4.06431 4.00924 3.93982 3.74466 3.49803 3.25680 3.08587 3.03654 3.03261 2.94926 2.72033 2.66082 2.27478 1.79037 1.71498 1.71544 1.71591 1.71635 1.71644 1.71644 1.71644 1.71644 1.71644 1.71644 1.71644 1.71644 1.57803 1.55227 1.55410 1.58266 1.87097 1.90372 1.90293 1.94653 1.99761 2.04873 2.07240 1.94779 1.88790 1.83035 1.77276 1.72254 1.68320
2.83363 2.84303 2.85376 2.86449 2.87461 2.87692 2.92426 3.00691 3.00691 3.00691 3.11670 3.58045 3.59438 3.74235 3.68506 3.68506 3.83482 3.94319 3.91682 3.88446 3.85206 3.81972 3.82788 3.65274 3.45397 3.26211 3.08458 3.03292 3.03261 3.03261 3.03261 3.02531 2.99049 2.93311 2.79061 2.66229 2.50531 1.85661 1.71644 1.71644 1.71644 1.71644 1.71644 1.71644 1.71644 1.71644 1.71644 1.71644 1.71644 1.71644 1.62457 1.55227 1.55907 1.57941 1.82445 2.02585 2.06624 2.02013 1.96258 1.90502 1.84754 1.73166 1.71544 1.71544 1.71544 1.71544 1.70333
2.87557 2.87692 2.87692 2.87692 2.87692 2.87692 2.88907 3.00637 3.00691 3.00691 3.00760 3.50176 3.55653 3.65898 3.60535 3.56409 3.60610 3.76243 3.75120 3.62988 3.43809 3.24631 3.07601 3.03261 3.03261 3.03261 3.02531 2.99049 2.95329 2.92017 2.88854 2.86420 2.86739 2.87190 2.86037 2.66283 2.65855 1.99137 1.71644 1.71644 1.71644 1.71644 1.71644 1.71644 1.71644 1.71644 1.71644 1.71644 1.72089 1.78230 1.81574 1.77592 1.86381 1.82777 1.83909 1.87255 1.82648 1.82256 1.82256 1.82256 1.82256 1.76542 1.71544 1.71544 1.71544 1.71407 1.66967
2.87692 2.87692 2.87692 2.87692 2.87692 2.87695 2.89530 2.95481 2.92326 2.89088 2.85852 3.13664 3.39122 3.47139 3.51640 3.38175 3.20011 3.25012 3.07354 3.00296 3.00296 2.99566 2.96905 2.95305 2.91658 2.88443 2.86010 2.86328 2.86885 2.87033 2.87033 2.87033 2.87033 2.87033 2.88570 2.70242 2.66262 2.24687 1.74082 1.71644 1.71644 1.71644 1.71644 1.71644 1.71904 1.77599 1.85479 1.93733 2.03517 2.07911 2.10037 1.97416 1.97830 1.92323 1.83318 1.82308 1.82256 1.82256 1.82256 1.82256 1.81336 1.73228 1.58385 1.51919 1.45456 1.39113 1.37077
2.88554 2.91793 2.95170 2.98538 3.01911 3.05282 3.06822 2.93292 2.81769 2.81769 2.82001 2.95132 3.23795 3.12651 3.05862 2.74365 2.75569 2.92186 2.92340 2.88597 2.85073 2.82635 2.83063 2.86406 2.86982 2.87033 2.87033 2.87033 2.87033 2.87033 2.87033 2.87033 2.87033 2.87033 2.88021 2.77164 2.66262 2.47628 1.81144 1.71644 1.71768 1.76969 1.84849 1.93925 2.04190 2.09025 2.11672 2.13952 2.14248 2.14248 2.14248 2.02610 1.97830 1.95989 1.83351 1.80196 1.73446 1.66973 1.60500 1.54034 1.48492 1.47725 1.38177 1.37077 1.37077 1.37077 1.37077
3.06684 3.06822 3.06822 3.06822 3.06822 3.06822 3.07143 3.01438 2.88182 2.94444 3.00474 3.05654 2.96541 3.02069 3.23885 3.06192 3.10955 2.99809 2.83123 2.83703 2.84064 2.84069 2.84069 2.86249 2.87033 2.87033 2.87033 2.87033 2.87033 2.87033 2.87033 2.87033 2.87033 2.87033 2.87531 2.84094 2.66251 2.60990 2.00974 1.94406 2.04808 2.10142 2.12788 2.14244 2.14248 2.14248 2.14248 2.14248 2.14248 2.14219 2.12269 1.98423 1.74622 1.65992 1.53397 1.48520 1.47789 1.47789 1.47789 1.47789 1.47789 1.47789 1.41489 1.37077 1.37077 1.37077 1.37077
3.09171 3.06833 3.07234 3.07842 3.11683 3.17942 3.24287 3.34669 3.20070 3.26727 3.34323 3.41219 3.33390 3.27193 3.36673 3.24126 3.13690 3.09902 2.84083 2.84069 2.84069 2.84069 2.84069 2.85447 2.87033 2.87033 2.87033 2.87033 2.87033 2.87033 2.87033 2.87033 2.86995 2.83742 2.77138 2.71189 2.41738 2.36159 2.23742 2.14249 2.14248 2.14248 2.14248 2.14248 2.14094 2.11726 2.08635 2.05544 2.02453 1.99390 1.98248 1.91689 1.51874 1.51874 1.49703 1.48769 1.47794 1.47789 1.47789 1.47789 1.47789 1.47789 1.44866 1.36447 1.34365 1.32231 1.30093
3.17856 3.16516 3.27495 3.40747 3.50756 3.58360 3.65549 3.67499 3.50925 3.45525 3.47158 3.48681 3.44606 3.30934 3.33921 3.33729 3.13690 3.13690 2.88877 2.84069 2.84069 2.84069 2.84069 2.84645 2.87033 2.87033 2.86976 2.85905 2.84457 2.81653 2.75911 2.71078 2.66284 2.64709 2.66499 2.65732 2.46737 2.36033 2.29922 2.14183 2.11181 2.08093 2.05001 2.01909 1.98971 1.98248 1.98248 1.98248 1.98248 1.98248 1.98248 1.98248 1.58469 1.51874 1.50182 1.48519 1.47603 1.47305 1.47244 1.44382 1.33345 1.21777 1.10499 1.26096 1.30258 1.34362 1.38464
3.50668 3.64803 3.67275 3.67655 3.69205 3.70837 3.72469 3.73877 3.62893 3.49009 3.49009 3.49009 3.48819 3.32555 3.31034 3.41258 3.14305 3.13690 2.97454 2.84069 2.84092 2.84745 2.85681 2.86638 2.82331 2.79460 2.74844 2.71087 2.67702 2.65673 2.66589 2.66589 2.66589 2.66589 2.66520 2.65667 2.49983 2.28689 2.25736 2.02486 1.98248 1.98248 1.98248 1.98248 1.98248 1.98248 1.98248 1.98248 1.98248 1.98248 1.98248 1.98248 1.71634 1.51874 1.50709 1.45574 1.34377 1.22302 1.10802 1.03139 1.06602 1.10769 1.14931 1.35669 1.46341 1.46341 1.46341
3.51339 3.70329 3.72728 3.73979 3.74062 3.74062 3.74062 3.74062 3.69748 3.49009 3.49009 3.49009 3.49009 3.38205 3.30936 3.39663 3.23279 3.16111 3.09390 2.88362 2.89276 2.89722 2.87579 2.84197 2.73470 2.66744 2.66589 2.66589 2.66589 2.66520 2.66192 2.65714 2.64085 2.62015 2.59800 2.57338 2.50398 2.24982 2.24033 2.09801 1.98248 1.98248 1.98248 1.98248 1.98248 1.98248 1.98248 1.98248 1.98248 1.98248 1.98248 1.96004 1.68812 1.20564 1.05731 1.07469 1.12084 1.13092 1.17256 1.20377 1.20554 1.20554 1.20554 1.29084 1.46341 1.46341 1.46341
3.55332 3.68424 3.74062 3.74062 3.74062 3.74062 3.74062 3.74062 3.74007 3.52005 3.50363 3.51299 3.52237 3.48205 3.36031 3.40467 3.36684 3.20084 3.18382 2.87619 2.82650 2.79102 2.77862 2.77862 2.73515 2.66188 2.65835 2.65117 2.63243 2.61173 2.59185 2.57192 2.56795 2.56795 2.56795 2.56795 2.52711 2.32133 2.24033 2.17053 1.98365 1.98248 1.98248 1.98248 1.98248 1.98248 1.98248 1.96606 1.83481 1.68141 1.54388 1.48542 1.52907 1.17604 1.23714 1.28110 1.28478 1.21501 1.20554 1.20554 1.20554 1.20554 1.20554 1.21895 1.46339 1.47951 1.48757
3.55332 3.62946 3.74062 3.74031 3.73888 3.73735 3.73582 3.73428 3.73275 3.61508 3.54499 3.54499 3.54497 3.51671 3.28094 3.16844 3.18214 3.09822 3.07484 2.87298 2.77461 2.77108 2.76755 2.75921 2.73251 2.60624 2.58578 2.56898 2.56795 2.56795 2.56795 2.56795 2.56795 2.56795 2.56795 2.56795 2.54249 2.40399 2.24033 2.22985 2.00545 1.98248 1.98248 1.97111 1.84683 1.69358 1.58412 1.52488 1.58049 1.65825 1.72020 1.72529 1.72529 1.39002 1.26156 1.27659 1.28491 1.23859 1.20822 1.21616 1.22422 1.23229 1.24037 1.24745 1.42987 1.50636 1.50636
5.10425 5.10425 5.10425 4.34567 3.81268 3.90245 3.99581 4.06961 3.99871 3.54141 3.46583 3.39058 3.31500 3.23941 3.12612 2.32831 2.32088 2.32088 2.32088 2.32088 2.32088 2.32088 2.32088 2.32088 2.20972 1.66900 1.56087 1.86965 2.04731 2.27258 2.46586 2.62914 2.76524 2.24803 2.14279 2.14279 2.14279 2.14279 2.14279 2.14279 2.25204 2.35547 2.35547 2.35547 2.35547 2.35547 2.35547 2.35547 2.23224 1.70962 1.65106 1.26754 1.23355 1.19371 1.15384 1.10743 0.983607 1.16507 1.47063 1.78013 2.08944 2.26456 2.26523 2.26523 2.26523 2.31882 2.49390
4.82953 4.57150 4.27235 4.03220 3.96124 3.89513 3.80711 3.71908 3.63239 3.23193 3.17742 3.17742 3.17742 3.17742 3.17742 2.55967 2.32088 2.32088 2.32088 2.32088 2.31301 2.22524 2.11711 2.06485 2.19416 1.96864 2.13584 2.53807 2.80231 2.80249 2.80249 2.80249 2.80249 2.43907 2.14279 2.14279 2.14279 2.14279 2.14279 2.14279 2.19388 2.35547 2.35547 2.35547 2.35547 2.35415 2.33372 2.30717 2.27904 1.68346 1.58049 1.11891 1.07930 1.35254 1.66203 1.97153 2.19368 2.26523 2.26523 2.26523 2.32180 2.49631 2.64799 2.77739 2.88825 2.96018 2.96368
3.83055 3.74271 3.65479 3.57836 3.57082 3.60249 3.60289 3.60289 3.60289 3.35066 3.17742 3.17742 3.17742 3.17742 3.17742 2.83291 2.31126 2.22086 2.12911 2.21807 2.34248 2.50789 2.66291 2.76968 2.77752 2.54044 2.40381 2.49565 2.80249 2.80249 2.80249 2.80249 2.80249 2.63018 2.14279 2.14279 2.14279 2.14279 2.14279 2.14308 2.16759 2.30972 2.28430 2.25772 2.23115 2.20593 2.19976 2.19976 2.18265 1.94730 2.02997 2.14651 2.33018 2.36644 2.36644 2.42170 2.54221 2.65079 2.77883 2.88965 2.96065 2.96368 2.96368 2.96368 2.96368 2.96368 2.96368
3.56794 3.56794 3.56794 3.56794 3.56794 3.59438 3.60289 3.60289 3.60289 3.46938 3.17742 3.17742 3.16974 3.10787 2.97195 2.68259 2.47157 2.61994 2.75086 2.77752 2.77752 2.77752 2.77752 2.77752 2.77752 2.64381 2.40381 2.40764 2.76800 2.80249 2.80249 2.80249 2.80249 2.78712 2.18779 2.18539 2.21764 2.24988 2.28216 2.31410 2.32603 2.23836 2.19976 2.19976 2.17454 2.11688 2.05913 2.00128 1.96063 2.09306 2.43671 2.46488 2.73470 2.85727 2.96266 3.02849 3.01437 2.96368 2.96368 2.96368 2.96368 2.96368 2.96368 2.96368 2.96368 2.96368 2.96368
3.56794 3.56794 3.56794 3.56794 3.56794 3.58342 3.60289 3.60289 3.59381 3.48662 2.90597 2.69948 2.50925 2.37305 2.31105 2.31425 2.73538 2.77752 2.77752 2.77752 2.77752 2.77752 2.77752 2.77752 2.77752 2.74485 2.40598 2.40381 2.65321 2.83476 2.86705 2.89930 2.93157 2.96380 2.53543 2.32603 2.32603 2.32603 2.32603 2.32574 2.29138 2.18029 2.04950 1.99175 1.95921 1.95737 1.94788 1.93748 1.92707 1.92971 2.36533 2.42710 3.01979 3.03116 3.03116 3.03116 3.02950 2.96671 2.96368 2.96368 2.96368 2.96368 2.96368 2.96368 2.96368 2.96368 2.96368
3.56794 3.56794 3.56794 3.56794 3.55997 3.43792 3.24856 3.05055 2.86166 2.74785 2.41512 2.31105 2.31105 2.31105 2.31105 2.31105 2.60193 2.77752 2.77752 2.77752 2.77752 2.77752 2.77739 2.74956 2.70089 2.65224 2.52967 2.55484 2.70571 2.98573 2.98573 2.98573 2.98573 2.98573 2.72700 2.32401 2.28185 2.22400 2.16624 2.10878 2.08441 2.05665 1.93899 1.92859 1.91819 1.90954 1.90862 1.90862 1.90862 1.90862 2.23310 2.38896 2.87523 3.03116 3.03116 3.03116 3.03116 2.98325 2.96368 2.96368 2.96368 2.96368 2.96368 2.96368 2.96368 2.96368 2.96365
3.53116 3.36633 3.18803 3.00965 2.83927 2.78665 2.74581 2.73652 2.73652 2.73652 2.53391 2.31105 2.31105 2.31105 2.31105 2.31105 2.46536 2.76949 2.72521 2.67657 2.62792 2.57928 2.53077 2.50995 2.50995 2.50995 2.55086 2.58705 2.60236 2.97042 2.98573 2.98037 2.93192 2.87417 2.74675 2.10259 2.05591 1.99025 1.93067 1.87685 1.82883 1.99963 1.92399 1.90862 1.90862 1.90862 1.90862 1.90862 1.90862 1.90862 2.08808 2.38896 2.69169 3.03116 3.03116 3.03116 3.03116 3.00140 2.96368 2.96368 2.96363 2.96284 2.96182 2.96025 2.89012 2.77293 2.65562
2.80026 2.78665 2.78665 2.78665 2.78665 2.78665 2.76125 2.73652 2.73652 2.73652 2.65270 2.31092 2.28309 2.23442 2.18577 2.13713 2.11556 2.50492 2.50995 2.50995 2.50995 2.50995 2.50995 2.50995 2.50995 2.50995 2.52980 2.59926 2.67388 2.83863 2.79215 2.62008 2.46388 2.33114 2.21107 1.85963 1.77901 1.77855 1.77855 1.77855 1.77855 1.92024 1.95826 1.90862 1.90862 1.90862 1.90862 1.90862 1.90862 1.90862 1.94817 2.38404 2.50893 3.03116 3.03284 3.06415 3.10643 3.12168 2.95972 2.95007 2.85468 2.73823 2.62195 2.50617 2.45890 2.45890 2.45890
2.78665 2.78665 2.78665 2.78665 2.78665 2.78665 2.76423 2.61758 2.49241 2.36724 2.23950 2.06632 2.04348 2.04348 2.04348 2.04348 2.04348 2.39098 2.50995 2.50995 2.50995 2.50995 2.50995 2.52414 2.60048 2.68402 2.60239 2.57456 2.45104 2.27474 2.09028 2.05958 2.05958 2.05958 2.05958 1.91196 1.77855 1.77855 1.77855 1.77855 1.77855 1.85239 1.99259 1.90862 1.90862 1.90862 1.90862 1.90862 1.90902 1.93544 1.97767 2.38990 2.54465 3.16135 3.26743 3.25195 3.14181 3.02472 2.62011 2.48084 2.45890 2.45890 2.45890 2.46019 2.46456 2.45803 2.39056
2.78665 2.74667 2.62398 2.49874 2.37351 2.24840 2.13573 2.07260 2.06680 2.06680 2.06680 2.05182 2.04348 2.04348 2.04348 2.04348 2.04348 2.25433 2.50995 2.52640 2.60413 2.68049 2.70363 2.70180 2.63781 2.56665 2.22359 2.17762 2.19435 2.18217 2.06065 2.05958 2.05958 2.05958 2.05958 1.99302 1.77855 1.77855 1.77855 1.77855 1.77855 1.79505 2.02362 1.93026 1.97147 2.01370 2.05591 2.09812 2.13995 2.15575 2.15575 2.36794 2.46620 2.74566 2.87590 2.78590 2.77967 2.77967 2.57680 2.46459 2.46911 2.44613 2.37248 2.30587 2.24504 2.19759 2.19118
2.20460 2.11942 2.11694 2.11694 2.11694 2.11694 2.11694 2.08800 2.06680 2.06680 2.06680 2.05826 2.04348 2.04348 2.04348 2.06239 2.14114 2.28261 2.65653 2.65245 2.58704 2.52300 2.51220 2.51220 2.51220 2.51220 2.31840 2.16180 2.19435 2.19435 2.08955 2.05958 2.05958 2.05958 2.05958 2.05539 1.79717 1.76190 1.69470 1.62391 1.55325 1.48246 1.51318 2.01885 2.15575 2.15575 2.15637 2.21737 2.31771 2.41813 2.51852 2.50143 2.13747 2.35704 2.78540 2.78992 2.79401 2.73435 2.53413 2.28722 2.22850 2.19225 2.19118 2.19118 2.19118 2.19118 2.19118
