High_resolution/powerplant/Shangrao/OMI_NO2_200711.asc
ncols      200
nrows      200
xllcorner       115.451
yllcorner       27.0350
cellsize     0.0166667
NODATA_Value      -999.000
[rows 29 to 57 of 200, columns 0 to 66 of 200]
12.1398 12.1454 12.1518 11.8916 11.2580 10.9511 10.1921 10.1759 10.1445 10.2512 10.2614 10.1629 9.84873 9.50856 9.47619 9.48637 9.48378 9.48537 9.48662 9.48169 9.08899 8.84467 8.82702 8.63004 8.17215 7.38049 7.37878 7.35148 7.26062 7.17444 7.13780 7.29345 7.52996 7.51957 7.49989 7.50213 7.54325 7.52356 7.50389 7.37598 7.36840 7.75693 7.80617 7.80617 7.79318 7.63016 7.80636 7.85930 7.95661 8.08517 8.71457 9.06174 8.97824 8.99524 9.03537 9.03749 8.70643 8.70713 8.70725 8.59771 8.44940 8.44940 8.44940 8.59997 8.84191 8.90692 8.86993
12.1784 12.1793 12.1793 12.1061 11.1750 11.0471 10.1441 10.0220 9.98002 9.95865 10.0928 10.0092 9.77498 9.37234 9.32354 9.35320 9.34296 9.33118 9.31958 9.30830 9.07599 8.70180 8.69864 8.60856 8.39614 7.34702 7.31607 7.22680 6.85812 6.83830 6.83240 6.90043 7.37566 7.39844 7.38861 7.35003 7.38620 7.35237 7.47527 7.48469 7.42549 7.89748 8.17918 8.34428 8.51394 8.50498 8.72698 8.82264 8.84490 8.82987 9.18029 9.50333 9.10303 9.10303 9.10268 9.06313 8.78837 8.72849 8.74447 8.76189 8.65031 8.75308 8.86091 8.94547 8.94082 8.90710 8.46797
12.0366 11.8842 11.7241 11.5380 10.8469 10.7861 10.0379 9.78465 9.77523 9.74491 9.95205 9.90803 9.72904 9.41189 9.25865 9.25591 9.22034 9.16564 9.11102 9.05663 8.87005 8.40207 8.28662 8.23023 8.12328 7.39915 7.21159 7.20593 6.86187 6.80340 6.81216 6.92483 7.46836 7.68926 7.80317 7.94832 7.90223 8.06214 8.43393 8.70184 8.48368 8.78989 9.00139 8.95653 8.90410 8.72930 8.75657 8.85638 8.86532 8.89593 9.12551 9.69555 9.22477 9.24867 9.32141 9.24385 9.08244 8.99660 9.08510 9.10706 8.82392 8.80123 8.79100 8.77241 8.72167 8.71144 8.31688
11.4128 11.3432 11.2940 11.2921 10.8398 10.6939 10.2545 9.73536 9.64969 9.56385 9.67204 9.68302 9.50543 9.21303 8.88645 8.86480 8.86653 8.86653 8.86653 8.86653 8.81222 8.39826 8.30081 8.46846 8.51962 8.21458 7.95912 8.08326 7.92473 7.84861 8.05166 8.26699 8.53551 8.85122 8.96513 9.07849 8.89068 8.79808 8.89912 9.06044 8.67656 8.67677 9.03263 9.08717 9.14216 9.10754 9.06632 9.26278 9.30896 9.36928 9.51218 10.2122 9.82165 9.87034 9.93146 9.62368 9.31237 9.03387 9.03387 9.03387 8.81675 8.74379 8.74379 8.74341 8.69785 8.69491 8.43274
11.1306 10.9877 10.8449 10.7018 10.2896 9.93530 9.78292 9.11871 9.11116 9.12698 9.30296 9.48672 9.42535 9.32087 8.95914 9.00196 9.07640 9.13637 9.19520 9.25379 9.31094 9.93585 9.90287 9.81848 9.63087 9.33222 8.84888 8.91347 8.86080 8.55993 8.61444 8.84008 8.91758 9.23914 9.22711 9.20401 9.03021 8.78085 8.82458 9.18738 9.03995 8.84920 9.33180 9.35465 9.38263 9.48723 9.44490 9.66975 9.78589 9.86258 9.86383 10.3623 10.1823 9.93146 9.93146 9.74134 9.40633 9.03586 9.02893 9.02519 8.86971 8.72709 8.71528 8.69050 8.61196 8.53054 8.30453
10.0838 10.0708 10.0578 10.0447 9.90466 9.62349 9.91195 9.33837 9.39507 9.48169 9.27794 9.62341 9.66369 9.77867 9.50098 9.39265 9.43226 9.46227 9.43661 9.34516 9.25672 9.67386 9.60148 9.61349 9.59037 9.56163 9.18647 9.20890 9.19889 8.74199 8.77101 9.02191 9.11840 9.38793 9.47150 9.52167 9.42912 8.94808 8.94747 9.23111 9.40121 9.06390 9.66873 9.96055 10.1160 10.1670 9.89061 9.85092 9.84654 9.83375 9.81852 10.0796 10.2671 9.77979 9.71662 9.57769 9.09502 8.89377 8.85672 8.78461 8.60557 8.30708 8.22531 8.15648 8.17225 8.20003 8.17457
10.0088 10.1120 10.2147 10.3105 10.3730 9.99473 10.4293 9.93279 9.71255 9.71715 9.54543 9.76215 9.81511 9.90171 9.76615 9.63797 9.62786 9.27636 9.22654 9.26758 9.31445 9.67955 9.97708 10.0056 10.0407 10.0253 9.77308 9.72389 9.78623 9.39488 9.21032 9.27579 9.31948 9.46052 9.60137 9.70416 9.89005 9.55027 9.71073 10.1561 10.5791 10.1787 10.3895 10.4664 10.4386 10.3802 9.78299 9.48157 9.42283 9.37238 9.32440 9.38367 9.85705 9.30789 9.25809 9.16854 8.66293 8.53256 8.46232 8.44407 8.42411 8.14163 8.11583 8.09091 8.08051 8.09562 8.07069
10.4179 10.4234 10.4234 10.4244 10.4496 10.2665 10.5388 10.3738 9.93754 9.96005 9.89911 9.95739 10.1614 10.3148 10.3273 10.0606 10.0442 9.41628 9.40412 9.38039 9.35512 9.49304 10.2888 10.5139 10.5411 10.5163 10.3816 10.2136 10.2731 10.0529 9.75175 10.0047 10.2950 10.5354 10.9374 11.0904 11.1693 10.7949 10.6447 10.7921 11.4007 11.0531 10.1837 10.0252 10.0209 10.0209 9.66096 9.24119 9.24119 9.26432 9.32011 9.37886 9.63189 8.94836 8.80761 8.74985 8.41694 8.29050 8.27062 8.24564 8.21747 7.94656 7.90192 7.90192 7.90495 7.95596 7.95243
10.5282 10.5635 10.5989 10.6333 10.6435 10.4609 10.5271 10.7957 10.1548 10.2272 10.1954 9.94999 10.2191 10.2194 10.2490 10.2351 10.2589 9.79604 9.62789 9.66119 9.69204 9.70006 10.4517 10.7796 10.7770 11.0449 11.0105 10.7078 10.7567 10.7419 10.7977 10.9269 11.1856 11.2449 11.5218 11.5722 11.5722 11.3262 11.0321 11.1050 11.5236 11.4013 10.2749 10.0127 10.0011 10.0324 9.87263 9.28332 9.29137 9.27629 9.22858 9.18093 9.15083 8.72299 8.46459 8.46459 8.30927 8.19366 8.20049 8.19304 8.13794 7.88719 7.71238 7.64887 7.58536 7.56641 7.51699
10.5759 10.5258 10.4928 10.4821 10.4233 10.2386 10.0169 10.3166 9.74738 9.61178 9.59537 9.40730 10.2927 10.3428 10.4047 10.3910 10.3797 10.1015 9.68372 9.69855 9.71609 9.74168 10.2787 10.8386 10.8738 11.0656 11.2187 11.0954 11.0690 11.0258 11.0331 11.0605 11.3288 11.3602 11.5845 11.7782 11.8776 11.8092 11.1476 11.1092 11.2301 11.3316 10.3529 9.96378 9.95293 9.92974 9.89071 9.15557 9.13561 9.13561 9.13561 9.13535 9.11487 8.85186 8.32486 8.25952 8.07888 7.79726 7.72873 7.66327 7.64433 7.51350 7.32478 7.31424 7.30377 7.32572 7.33731
9.87254 9.83092 9.76146 9.66681 9.60952 9.54385 9.44721 9.87491 9.72616 9.58473 9.58076 9.40365 10.1001 10.3773 10.4726 10.4850 10.4843 10.4422 9.86276 9.87892 9.89694 9.90829 10.2043 10.8036 10.9040 11.0138 11.2060 11.1904 11.1222 11.1403 11.2172 11.3297 11.7016 11.7491 11.7672 11.8846 11.8568 11.8191 10.8480 10.7699 10.8424 11.0862 10.5772 9.95762 9.89016 9.89354 9.93504 9.37751 9.25348 9.30256 9.35159 9.40093 9.43627 8.77312 7.97406 7.97406 7.88388 7.49829 7.49315 7.49614 7.49614 7.44255 7.19756 7.19756 7.19756 7.21771 7.25214
9.58869 9.57458 9.57458 9.53042 9.44852 9.36238 9.19117 9.42585 9.47713 9.19555 9.13996 9.08067 9.87747 10.4693 10.5375 10.5579 10.5397 10.5385 10.1074 10.0640 10.1640 10.2629 10.4351 10.8329 11.0383 11.1303 11.4411 11.4547 11.2825 11.2336 11.1664 11.2914 11.6259 11.9233 12.1080 11.7989 11.7827 11.7827 11.0725 10.7973 10.8450 11.1790 11.0133 10.2254 10.1737 10.2193 10.2269 9.79798 9.44721 9.44721 9.44721 9.44721 9.44721 9.09470 8.01488 7.97406 7.96397 7.52214 7.49136 7.49614 7.49614 7.49307 7.21356 7.19677 7.19624 7.18214 7.13796
9.07328 8.96670 8.86002 8.79761 8.77263 8.74774 8.69567 8.82438 9.06397 8.59660 8.47116 8.38369 9.45708 10.5701 10.8745 11.1125 11.1990 11.2907 11.0375 10.6949 10.6801 10.6920 10.7340 10.8700 11.1838 11.1986 11.5557 11.7324 11.4835 11.6407 11.7293 11.8306 12.0178 12.2270 12.2308 11.9238 11.7997 11.8035 11.3992 11.0708 11.0708 11.2722 11.3375 10.4553 10.2269 10.2269 10.2269 9.97574 9.44720 9.44688 9.44636 9.44584 9.44532 9.26840 8.18055 7.92967 7.90519 7.51858 7.35840 7.19189 7.12250 7.05009 6.93783 6.85643 6.76533 6.69410 6.60239
8.50560 8.54946 8.56551 8.53725 8.35724 8.17675 8.03036 7.93104 9.05252 8.88415 8.89840 8.89972 9.47709 10.9590 11.1253 11.3202 11.2954 11.2233 11.0470 10.7482 10.8058 10.8743 11.0302 11.2255 11.6945 11.8896 12.1578 12.2864 11.9074 11.8391 11.7958 11.8525 11.9923 12.2466 12.2466 12.0633 11.8065 11.7865 11.5492 10.9785 10.9727 11.0408 11.2513 10.4711 9.94763 9.86905 9.82033 9.72237 9.26760 9.23904 9.21098 9.18290 9.15489 9.09959 8.10322 7.63853 7.63351 7.34811 7.07639 6.70216 6.61333 6.57246 6.60998 6.64656 6.58777 6.51539 6.38551
8.30192 8.24317 8.05948 7.91300 7.90740 7.90740 7.95112 8.03114 9.03745 9.14656 9.07832 9.11685 9.37666 10.7668 10.8793 11.0819 10.9973 11.0490 11.2150 11.3294 11.4920 11.6275 11.6460 11.6761 11.8934 12.0078 12.1629 12.3419 12.1628 11.9630 11.8055 11.6989 11.7679 12.0309 12.0081 11.9289 11.5257 11.5223 11.5033 10.6886 10.6528 10.5859 10.7632 10.3149 9.71392 9.55863 9.55056 9.54493 9.16514 9.10752 9.10752 9.10752 9.12023 9.14680 8.34933 7.47926 7.42088 7.22184 6.80442 6.44515 6.23550 6.16147 6.09527 6.04794 6.02227 6.01010 5.97932
7.75751 7.94177 7.98889 8.03600 8.08312 8.13023 8.19465 8.27453 8.91609 9.35389 9.07215 8.98815 8.92001 10.2674 10.7179 11.1007 11.1844 11.6660 11.8607 11.8723 11.8827 11.9239 11.9652 12.0156 12.1975 12.4004 12.4508 12.5482 12.4696 12.1524 11.9295 11.5554 11.5130 11.6894 11.6463 11.5685 11.1290 10.9793 10.9078 10.2763 10.1853 10.2396 10.3599 10.2214 9.79684 9.54475 9.54426 9.49535 9.14741 8.92414 8.85476 8.78474 8.70243 8.60593 7.99187 7.22598 7.21140 7.14333 6.57744 6.21990 5.99355 5.99355 5.99453 5.99018 5.95068 5.91109 5.85529
7.95758 8.20021 8.20021 8.19451 8.17246 8.12222 7.99030 7.93170 8.11865 8.93990 8.93706 8.98111 9.01748 10.1043 11.2268 11.4963 11.6102 11.8871 12.2018 12.1881 12.1369 12.1369 12.1709 12.2670 12.4519 12.8402 12.9880 13.2323 13.0355 11.7396 11.5807 11.0916 11.0916 11.2518 11.3303 11.3310 11.1403 11.0134 11.0255 10.4867 10.1648 10.0724 9.97792 9.80717 9.35026 8.92574 8.85635 8.83567 8.65162 8.39271 8.39239 8.39239 8.39239 8.39239 8.15018 7.26232 7.18968 7.15261 6.61778 6.18827 5.83878 5.80621 5.77362 5.74446 5.74378 5.74617 5.74578
7.67917 7.84013 7.69643 7.55353 7.45527 7.39012 7.40067 7.54757 7.62426 8.72896 9.06956 9.09198 9.09198 9.65011 11.2742 11.5863 11.8511 12.0397 12.6209 12.7220 12.7961 12.9319 13.0443 13.0952 13.1580 13.4334 13.4778 13.5553 13.4667 11.8070 11.5603 10.8381 10.6754 10.6510 10.6241 10.4885 10.1541 9.52848 9.34816 9.26854 9.35622 9.35353 9.32201 9.30630 9.19686 8.74646 8.72034 8.70818 8.61354 8.20938 8.12865 8.04799 7.96733 7.88653 7.78260 6.89459 6.73401 6.72188 6.60258 6.19222 5.83078 5.79670 5.79670 5.78996 5.78512 5.78512 5.78512
7.22551 7.34313 7.41434 7.44649 7.45212 7.45212 7.45608 7.56346 7.63876 8.54311 9.09526 9.21834 9.24345 9.47386 11.8715 12.1687 12.4484 12.4839 13.0578 13.1855 13.1403 13.0991 13.0830 13.0658 12.8541 12.5963 12.5436 12.4224 12.3605 10.8149 10.2514 9.77575 9.55081 9.52538 9.56114 9.54871 9.54388 9.05294 9.02214 9.01730 9.03138 9.13126 9.10139 9.03277 8.90240 8.45244 8.27737 8.20875 8.13474 7.69366 7.67167 7.67167 7.67167 7.67167 7.67167 7.08728 6.71639 6.71639 6.63966 6.28953 5.92060 5.79670 5.79670 5.79253 5.78512 5.78512 5.78519
7.28426 7.42910 7.55442 7.58333 7.61322 7.64313 7.66904 7.72276 7.79174 8.38209 9.13108 9.39489 9.49598 9.60109 11.5774 12.2170 12.3756 12.3590 12.7032 12.9628 12.9366 12.8791 12.8777 12.8135 12.4852 11.5208 11.7057 11.7061 11.6889 10.7768 10.0827 9.80066 9.50698 9.54740 9.61783 9.61273 9.58179 9.16502 8.93906 8.91244 8.77444 8.69741 8.65880 8.65866 8.62019 8.32032 8.10889 8.10889 8.10889 7.78724 7.67167 7.67167 7.67167 7.67176 7.67298 7.34387 6.72419 6.72230 6.67781 6.39967 6.01599 5.77287 5.75520 5.73538 5.69806 5.58715 5.45689
7.43394 7.52521 7.69945 7.70044 7.70044 7.70034 7.72572 7.81478 7.96552 8.34858 9.43983 9.73286 9.72735 9.72184 10.9639 12.1669 12.2767 12.1969 12.2575 12.6051 12.5486 12.4778 12.4604 12.5133 12.5246 11.2303 11.5139 11.5622 11.6995 11.2369 10.0857 9.87940 9.35855 9.32788 9.44055 9.44326 9.44039 9.21196 8.84564 8.84564 8.75321 8.65295 8.63425 8.61509 8.58289 8.33455 8.00598 7.98540 7.96484 7.80566 7.67913 7.68405 7.69394 7.70372 7.71236 7.60610 6.81837 6.78212 6.77616 6.57578 6.06847 5.46194 5.36421 5.26615 5.10449 5.07946 5.07925
7.38193 7.47030 7.74678 7.81472 7.88598 7.96083 8.00801 8.01013 7.94776 7.97839 9.13474 9.39763 9.32498 9.22613 9.83197 11.3062 11.3767 11.4757 11.5544 12.2709 12.3665 12.4100 12.4770 12.6000 12.7120 11.7422 11.3518 11.2929 11.3646 11.2378 9.86994 9.74669 9.09140 9.04916 9.19520 9.23107 9.17551 9.05528 8.47490 8.41288 8.31019 8.12088 8.08111 8.03434 7.98685 7.90790 7.90043 7.91016 7.91994 7.87750 7.75372 7.75864 7.75864 7.75864 7.75863 7.75251 6.86536 6.55078 6.45301 6.21732 5.74051 5.06125 4.94761 4.87357 4.70832 4.58280 4.49845
7.40004 7.67567 7.98092 8.00844 7.95560 7.85271 7.74995 7.64701 7.47650 7.36769 8.25150 8.82196 8.92065 8.91821 9.14728 11.3458 11.7273 12.0141 12.2024 12.6672 12.8870 12.9642 13.0605 13.1091 13.1556 12.5076 11.6140 11.5023 11.2414 10.9797 9.71488 9.33892 8.70767 8.53882 8.64310 8.75117 8.74014 8.71353 8.25194 8.11136 8.09356 7.90836 7.89356 7.89284 7.89284 7.90820 7.94977 7.94445 7.94445 7.93308 7.75537 7.70846 7.65057 7.54213 7.40868 7.27959 6.36770 5.50270 5.36051 5.12720 5.09464 4.67603 4.49183 4.49183 4.41405 4.33392 4.34878
7.20646 7.34500 7.43645 7.41932 7.36941 7.36941 7.36941 7.36929 7.30601 7.23659 7.88164 8.88676 9.47102 9.71998 9.96981 12.1546 12.7569 12.9323 12.9831 13.1997 13.5126 13.5637 13.5723 13.5723 13.5723 13.2377 12.0604 11.8595 11.5529 11.0359 10.0867 9.22954 8.79377 8.46104 8.51926 8.67550 8.67550 8.66553 8.37584 8.07982 8.07982 7.93774 7.86363 7.81503 7.76665 7.71219 7.68324 7.53576 7.40222 7.26861 6.98642 6.86563 6.79016 6.76475 6.76475 6.76475 6.38090 5.19772 5.19516 5.12783 5.07922 4.84000 4.53710 4.54777 4.52032 4.40907 4.39876
7.03252 7.12995 7.25922 7.41578 7.42694 7.41102 7.41439 7.50915 7.59956 7.67720 8.15771 9.52912 10.5424 10.5560 10.5560 11.9139 12.9929 13.1519 13.1901 13.2756 13.6964 13.7457 13.7925 13.8388 13.8856 13.8975 12.5400 12.1620 12.0108 11.2369 10.6137 9.21499 8.95214 8.45864 8.49564 8.71241 8.73068 8.74475 8.63412 8.18958 8.20675 7.82898 7.44995 7.44060 7.43356 7.37434 6.96911 6.96541 6.96960 6.97376 6.86694 6.79631 6.79637 6.78279 6.76815 6.75348 6.68243 5.38002 5.27487 5.17331 4.83277 4.75908 4.31719 4.30562 4.28566 4.10879 4.10635
7.18393 7.23179 7.33332 7.64260 7.74149 7.86597 7.96925 7.97992 7.95108 7.83815 7.95035 9.48838 10.7505 11.0246 11.1597 11.9231 13.2515 13.4783 13.5309 13.5309 13.8591 13.9463 13.9463 13.9463 13.9463 13.9091 12.8736 12.3159 12.2641 11.4557 11.2095 9.52519 9.37660 8.73969 8.75907 9.01085 9.03032 8.96735 8.68456 8.29254 8.26143 8.04946 7.50110 7.50460 7.50644 7.50367 7.09216 6.99750 6.97871 6.95987 6.87241 6.73640 6.72173 6.72065 6.72065 6.72065 6.72051 5.75730 5.30189 5.27314 4.76516 4.81995 4.30764 4.28624 4.28624 4.14252 4.10635
7.03456 7.56405 7.70092 8.15085 8.30445 8.45641 8.60836 8.76043 8.90716 8.80749 8.86876 9.92364 11.2133 11.5790 11.5765 11.7507 13.2266 13.4981 13.5768 13.4811 13.5891 13.7030 13.6063 13.5096 13.4127 13.3532 13.1385 12.6962 12.4516 11.7393 11.3896 9.86898 9.60052 8.86852 8.70065 8.79198 8.80494 8.80246 8.57698 8.36793 8.28862 8.25861 7.49628 7.41377 7.39496 7.37891 7.10355 6.90858 6.90646 6.90646 6.88017 6.72065 6.72065 6.72065 6.72065 6.72065 6.72065 6.14444 5.30120 5.29733 4.84100 4.80053 4.41334 4.26124 4.22590 4.09227 3.99300
7.46424 8.88618 8.99407 9.09197 9.11063 9.10778 9.10493 9.10208 9.09968 8.87245 8.77448 9.35981 10.4705 11.0497 10.9346 10.8205 12.1010 12.5841 12.9373 12.9356 12.9668 13.2286 13.1561 13.0838 13.0115 12.9392 12.7937 12.3845 12.0479 11.5378 10.9670 9.87020 9.29292 8.80943 8.54432 8.68282 8.84176 8.85067 8.69965 8.48478 8.33182 8.33182 7.67073 7.37695 7.37695 7.37695 7.21901 6.91701 6.90701 6.90721 6.91352 6.72982 6.71463 6.71999 6.72473 6.69950 6.65768 6.40906 5.03058 4.97173 4.53835 4.29740 4.08550 3.76072 3.71033 3.66714 3.62401
7.44929 8.68632 8.94733 8.95678 8.94620 8.89349 8.84091 8.78820 8.73561 8.49396 8.34301 8.55154 9.49433 10.4351 10.4004 10.3274 11.2282 11.9719 12.3707 12.2922 12.2637 12.6262 12.6547 12.5834 12.5002 12.4205 12.3541 11.9580 11.5813 11.3457 10.6559 10.0336 9.09428 8.78498 8.34701 8.50047 8.86211 8.86423 8.79378 8.59375 8.41034 8.42951 8.00425 7.46986 7.48269 7.49933 7.48487 6.97947 6.93305 6.89578 6.85077 6.60934 6.47168 6.42119 6.37136 6.35425 6.35425 6.33358 4.95294 4.65204 4.34577 3.94646 3.94800 3.58787 3.62753 3.67196 3.71637
