High_resolution/powerplant/Shangrao/OMI_NO2_201003.asc
ncols      200
nrows      200
xllcorner       115.451
yllcorner       27.0350
cellsize     0.0166667
NODATA_Value      -999.000
[rows 58 to 86 of 175, columns 67 to 133 of 200]
3.96222 3.96403 3.95407 3.65294 3.67031 3.68856 3.65378 2.56818 2.56424 2.58614 2.58601 2.58601 2.58601 2.58601 2.58601 2.58601 2.62074 2.63404 2.63148 1.93496 1.85884 1.86812 1.92281 1.99137 2.08970 2.09296 1.77048 1.81829 1.85957 1.87463 1.87463 1.87463 1.87463 1.87463 1.87116 1.83221 1.83625 1.87147 1.93732 2.12130 2.11559 2.14480 2.14621 2.14410 2.12520 2.18635 2.20671 2.20671 2.20671 2.20671 2.32447 2.47270 2.47270 2.47270 2.47270 2.47270 2.47270 2.46893 2.43719 2.39976 2.04232 1.64109 1.51730 1.51566 1.51566 1.51566 1.51566
4.03116 4.04802 4.04369 3.75757 3.67530 3.66938 3.66913 2.85764 2.53530 2.58601 2.58601 2.58601 2.58601 2.58601 2.58601 2.58601 2.60655 2.67220 2.68187 2.28985 2.18491 2.27682 2.32344 2.35606 2.35897 2.35646 1.91339 1.87099 1.87463 1.87463 1.87463 1.87515 1.90200 1.94342 1.98485 1.99209 2.02070 2.02693 2.02693 2.11711 2.14621 2.14621 2.14621 2.14621 2.12912 2.16294 2.20671 2.20671 2.20671 2.20671 2.25877 2.47270 2.47086 2.44225 2.40484 2.36742 2.33002 2.29640 2.29072 2.29072 2.13792 1.66976 1.51363 1.51683 1.60064 1.73295 1.86532
4.02786 4.02153 4.02109 3.84106 3.66913 3.66913 3.66913 3.19809 2.51276 2.58521 2.58601 2.58601 2.59329 2.57656 2.54712 2.51779 2.49342 2.46885 2.42995 2.40478 2.35897 2.35897 2.35897 2.35897 2.35897 2.35897 2.05363 1.88423 1.93126 1.97265 2.01408 2.05504 2.06964 2.06964 2.06964 2.04699 2.02693 2.02693 2.02693 2.08094 2.14621 2.14621 2.14621 2.14621 2.13520 2.13953 2.20671 2.20626 2.18767 2.15962 2.13565 2.32078 2.29953 2.29072 2.29072 2.29072 2.29072 2.29072 2.29072 2.28826 2.24763 1.98021 1.90814 2.03737 2.12384 2.16967 2.21512
4.02109 4.02109 4.02109 3.93895 3.66913 3.66913 3.66913 3.51094 2.43304 2.46770 2.46045 2.43107 2.39447 2.38192 2.38192 2.38192 2.38192 2.42060 2.42995 2.42387 2.35941 2.35897 2.35270 2.30095 2.24033 2.17987 2.09631 2.06096 2.06931 2.06964 2.06964 2.06964 2.06964 2.06964 2.06964 2.05860 2.02693 2.02693 2.02693 2.04471 2.14621 2.14621 2.14621 2.14857 2.14888 2.13816 2.11473 2.07970 2.07017 2.06803 2.06481 2.20864 2.29072 2.29072 2.29072 2.28567 2.25656 2.22438 2.19059 2.13292 2.08958 2.15126 2.22908 2.30251 2.31241 2.31241 2.31241
4.02109 4.02106 4.00136 3.97134 3.53103 3.45743 3.42039 3.40876 2.46930 2.31860 2.38192 2.38192 2.38192 2.38192 2.38192 2.38192 2.38192 2.40589 2.39867 2.33776 2.22012 2.14580 2.09161 2.08298 2.08317 2.08317 2.08187 2.06159 2.06715 2.06964 2.06964 2.06964 2.06964 2.06964 2.06964 2.06846 2.02868 2.02693 2.02807 2.03304 2.13918 2.16287 2.16815 2.16991 2.16644 2.14385 2.09092 2.05623 2.05306 2.05199 2.05199 2.13251 2.25108 2.21839 2.16234 2.09786 2.05736 2.02009 1.98429 1.97491 1.97491 2.03032 2.20507 2.31059 2.31241 2.31241 2.31241
3.97153 3.98847 4.02509 4.06654 3.63021 3.42195 3.42195 3.42195 2.80976 2.28267 2.38192 2.38192 2.38192 2.37187 2.31648 2.25576 2.20613 2.16884 2.15353 2.15398 2.11659 2.08317 2.08317 2.08317 2.08317 2.08317 2.08317 2.06668 2.06472 2.06964 2.06964 2.06964 2.06964 2.07001 2.07424 2.07952 2.05425 2.04693 2.04822 2.04531 2.10671 2.15816 2.15494 2.15287 2.15283 2.13893 2.10621 2.04216 2.01813 1.97959 1.92745 1.90565 2.02523 1.98830 1.97491 1.97491 1.97491 1.97491 1.97491 1.97491 1.97491 1.98762 2.15019 2.31036 2.31205 2.31241 2.31241
4.06954 4.06954 4.06954 4.06954 3.80911 3.42195 3.42195 3.42195 3.14983 2.22090 2.26947 2.22151 2.17074 2.13849 2.15155 2.17002 2.17726 2.17721 2.15693 2.15415 2.13614 2.08317 2.08317 2.08317 2.08317 2.08317 2.08317 2.07304 2.06220 2.07270 2.07800 2.08322 2.07218 2.04744 2.01892 1.98928 1.99424 2.03393 2.03355 2.03355 2.06202 2.15283 2.15277 2.13899 2.10980 2.05676 1.97451 1.85846 1.82874 1.81513 1.81513 1.81538 1.95365 1.97491 1.97491 1.97491 1.97491 1.97491 1.97491 1.97491 1.97491 1.97491 2.08911 2.28681 2.31147 2.32982 2.41754
4.06954 4.06954 4.06954 4.06954 3.98572 3.40677 3.39210 3.37763 3.35421 2.10750 2.10183 2.16878 2.17726 2.17726 2.17726 2.17726 2.17726 2.17726 2.16393 2.15415 2.15241 2.08644 2.08317 2.08317 2.07738 2.05247 2.02128 1.96431 1.89015 1.97899 1.97397 1.94442 1.93116 1.93116 1.93116 1.93116 1.94862 2.03355 2.03397 2.05068 2.06748 2.06327 2.01772 1.99258 1.98286 1.97462 1.89539 1.83506 1.81513 1.81513 1.81513 1.81513 1.90469 1.97491 1.97491 1.97491 1.97491 1.97491 1.97491 1.97491 1.97083 1.94137 1.97785 2.13194 2.31461 2.78068 2.78810
4.06246 4.04799 4.03352 4.01902 4.01443 3.48148 3.40248 3.42105 3.43081 2.53626 2.09289 2.17726 2.17726 2.17726 2.17726 2.17726 2.17726 2.17726 2.17112 2.15336 2.13445 2.04266 1.96379 1.90777 1.85763 1.82650 1.80172 1.79895 1.77964 1.86207 1.93116 1.93116 1.93116 1.93116 1.93142 1.94079 1.95473 2.05999 2.08388 2.08089 2.07929 2.01836 1.98264 1.98264 1.98264 1.98264 1.91254 1.85784 1.81513 1.81513 1.81513 1.81513 1.86265 1.97491 1.97491 1.97285 1.94616 1.91228 1.87843 1.84459 1.81478 1.81037 1.83692 2.01510 2.16222 2.75811 2.78711
4.01189 4.03018 4.04877 4.06734 4.07832 3.70740 3.43082 3.43082 3.43082 2.93769 2.06031 2.17389 2.17726 2.17726 2.17726 2.16696 2.12785 2.08546 2.04258 1.97976 1.95483 1.88404 1.79897 1.79897 1.79897 1.79897 1.79897 1.79897 1.78599 1.81763 1.92557 1.93164 1.94536 1.95908 1.97254 1.97690 1.97690 2.04101 2.07929 2.07929 2.07929 2.04755 1.98264 1.98264 1.98264 1.98264 1.93767 1.88055 1.81513 1.81513 1.81458 1.79716 1.78237 1.88257 1.84938 1.81754 1.81037 1.81037 1.81037 1.81037 1.81037 1.81037 1.84003 1.95811 2.09777 2.52908 2.70717
4.07815 4.07841 4.07841 4.07841 4.07841 3.88635 3.43082 3.43082 3.43082 3.32407 2.06544 2.10818 2.09121 2.04881 2.00640 1.97430 1.97104 1.97104 1.97104 1.95599 1.94792 1.92483 1.79897 1.79897 1.79897 1.80196 1.82065 1.86160 1.87193 1.79963 1.96165 1.97690 1.97690 1.97690 1.97690 1.97690 1.97690 2.01316 2.07929 2.07929 2.07929 2.07422 1.98513 1.98264 1.98264 1.98264 2.00297 2.01444 1.79920 1.72454 1.69971 1.69171 1.68745 1.78061 1.81037 1.81037 1.81037 1.81037 1.86016 2.02825 2.20126 2.37683 2.55717 2.23178 2.12277 2.46695 2.87729
4.07841 4.07841 4.07841 4.07841 4.07841 4.08355 3.43255 3.40020 3.39209 3.38399 2.31242 1.98980 1.97104 1.97104 1.97104 1.97104 1.97104 1.97104 1.97104 1.96311 1.94808 1.95987 1.84979 1.87384 1.92146 1.96611 1.99507 2.00176 1.99400 1.82802 1.92863 1.97690 1.97690 1.97690 1.97690 1.97690 1.97690 1.98582 2.07875 2.07929 2.07929 2.10015 2.10667 2.15980 2.23941 2.31902 2.35538 2.26769 1.90119 1.66688 1.65920 1.65152 1.64810 1.72621 1.88589 2.05853 2.23239 2.43707 2.60782 2.66038 2.70794 2.75299 2.76387 2.57468 2.16433 2.32655 2.88392
4.12405 4.18973 4.26084 4.33420 4.40758 4.44648 3.65495 3.38052 3.38052 3.38052 2.71468 1.99947 1.97104 1.97104 1.97104 1.97104 1.97571 1.99400 2.01543 2.05991 2.08327 2.11821 2.05432 2.00176 2.00176 2.00176 2.00176 2.00176 2.00176 1.87184 1.88420 1.97690 1.97690 1.97690 1.97690 1.97690 1.98472 2.05212 2.21465 2.31377 2.39277 2.44516 2.39956 2.33616 2.32847 2.32080 2.31518 2.25761 2.04022 1.64891 1.72718 1.85700 2.00595 2.24851 2.65317 2.70108 2.74787 2.76387 2.76387 2.76387 2.76387 2.76387 2.76387 2.74367 2.15370 2.24177 2.78745
4.44199 4.44970 4.45204 4.45204 4.45204 4.45204 3.95136 3.38052 3.38052 3.38052 3.11559 2.00493 1.99065 2.00493 2.02556 2.06997 2.11784 2.15210 2.18328 2.18998 2.16118 2.15070 2.10093 2.00176 2.00176 2.00176 2.00176 2.00176 2.00176 1.92345 1.84006 1.97764 2.02986 2.10948 2.18913 2.25531 2.29963 2.28442 2.34764 2.41991 2.41289 2.41156 2.39964 2.31504 2.31491 2.32016 2.41675 2.52509 2.60542 2.23513 2.31101 2.34666 2.36323 2.37570 2.74962 2.76387 2.76387 2.76387 2.76387 2.76387 2.76387 2.76387 2.76387 2.76387 2.30751 2.22621 2.60607
4.45204 4.45204 4.45204 4.45204 4.45204 4.45204 4.24742 3.34085 3.19119 3.03504 2.87475 2.17287 2.13103 2.14985 2.18178 2.18998 2.18998 2.18998 2.18998 2.18998 2.17320 2.15070 2.14013 2.00332 2.00176 2.00176 2.00176 2.00607 2.02045 2.00510 1.84347 2.19082 2.27030 2.24287 2.21534 2.20130 2.20130 2.20130 2.25702 2.41156 2.41156 2.41061 2.40462 2.54803 2.74096 2.88544 2.93864 2.95024 2.94232 2.50636 2.36323 2.36323 2.36323 2.36323 2.63828 2.76387 2.76387 2.76387 2.76387 2.76387 2.76387 2.76387 2.76387 2.77509 2.58532 2.34203 2.46429
4.45204 4.45204 4.45066 4.35316 4.19708 4.04094 3.88004 2.81600 2.74617 2.77954 2.81205 2.45782 2.21419 2.18998 2.18998 2.18998 2.18998 2.18998 2.18998 2.18998 2.18511 2.15077 2.15156 2.04595 2.01486 2.00217 1.98946 1.97247 1.94537 1.92137 1.76386 1.98565 2.20130 2.20130 2.20130 2.20130 2.20130 2.20107 2.21293 2.41736 2.43375 2.44318 2.45765 2.71421 2.95117 2.95117 2.95117 2.95117 2.94409 2.67174 2.36323 2.36323 2.36323 2.36323 2.52534 2.76387 2.76387 2.76387 2.77026 2.83337 2.90972 2.98606 3.06237 3.12760 3.07217 2.52131 2.59479
4.13146 3.97539 3.82078 3.78200 3.81541 3.84882 3.88174 3.20964 2.82191 2.82191 2.82191 2.63295 2.22229 2.19155 2.18998 2.18998 2.18998 2.18998 2.19693 2.22077 2.24703 2.24120 2.25943 2.09590 1.91793 1.91793 1.91793 1.91793 1.91793 1.91793 1.81545 1.85239 2.20130 2.21041 2.22039 2.22886 2.23735 2.24605 2.24908 2.40057 2.45933 2.45933 2.45933 2.56583 2.95117 2.95117 2.95117 2.95117 2.94664 2.83722 2.36323 2.36323 2.36323 2.36543 2.47546 2.89957 2.97591 3.05229 3.12221 3.13555 3.13555 3.13555 3.13555 3.13555 3.13555 2.62341 2.63688
3.81313 3.84658 3.87981 3.89342 3.89342 3.89342 3.89342 3.50570 2.82191 2.82191 2.82191 2.79257 2.23868 2.20477 2.21822 2.24448 2.27075 2.29701 2.31631 2.31872 2.31872 2.29860 2.27945 2.19276 1.91793 1.91793 1.91793 1.91793 1.90841 1.86573 1.79651 1.78856 2.22314 2.25056 2.24908 2.24908 2.24908 2.24908 2.24908 2.34340 2.45933 2.45933 2.45933 2.46287 2.90586 2.95117 2.95117 2.95117 2.94910 2.93255 2.50099 2.51462 2.57196 2.62702 2.64548 3.08815 3.13555 3.13555 3.13555 3.13555 3.13555 3.07226 2.93099 2.78960 2.64772 2.54967 2.51726
3.89342 3.89342 3.89342 3.89342 3.89342 3.89342 3.89342 3.79656 2.83283 2.81297 2.76322 2.71327 2.22588 2.14134 2.31872 2.31872 2.31872 2.31872 2.31872 2.31872 2.31872 2.31058 2.27945 2.27137 1.90569 1.84103 1.78704 1.73203 1.68655 1.67422 1.67688 1.78239 2.09594 2.24908 2.24908 2.24908 2.24908 2.24908 2.24908 2.28610 2.45933 2.45933 2.45933 2.45933 2.75642 2.93320 2.91956 2.90592 2.89225 2.87256 2.70074 2.58056 2.55197 2.52337 2.49479 2.87447 3.13461 3.04825 2.90680 2.76516 2.61966 2.53583 2.52996 2.52428 2.51909 2.52042 2.36643
3.89342 3.89342 3.89154 3.81565 3.69827 3.53619 3.36107 3.18612 2.72711 2.61121 2.61104 2.61104 2.34868 2.04575 2.31793 2.31872 2.31872 2.31872 2.31872 2.30527 2.26274 2.23365 2.14248 2.06970 1.79477 1.67400 1.67298 1.67298 1.67298 1.67298 1.67298 1.75348 1.96263 2.24908 2.24908 2.24908 2.24908 2.24908 2.24908 2.24778 2.42446 2.43162 2.41798 2.40287 2.52507 2.83485 2.80630 2.77769 2.74911 2.72077 2.63867 2.47996 2.47554 2.39626 2.29024 2.36722 2.59153 2.53082 2.52513 2.51965 2.51813 2.51813 2.51813 2.51813 2.51813 2.51816 2.46122
3.54886 3.37537 3.20242 3.10322 3.04562 3.03273 3.03273 3.03273 2.80840 2.61104 2.61104 2.61104 2.52387 2.01231 2.25950 2.28181 2.23831 2.20637 2.23610 2.28829 2.36961 2.43718 2.20053 2.03449 1.88309 1.67298 1.67298 1.67298 1.67298 1.67298 1.67298 1.72067 1.83141 2.24695 2.24866 2.23890 2.22526 2.21162 2.20156 2.19817 2.28274 2.29530 2.26670 2.23959 2.25408 2.70872 2.72485 2.72485 2.71362 2.61979 2.49184 2.16380 2.05390 2.02279 2.01855 2.06857 2.51813 2.51813 2.51813 2.51813 2.51813 2.51813 2.51813 2.51813 2.51813 2.51813 2.52296
3.03420 3.03273 3.03273 3.03273 3.03273 3.03273 3.03273 3.03273 2.92513 2.61104 2.56448 2.42883 2.29110 1.90776 2.06319 2.28191 2.36421 2.43485 2.44388 2.44388 2.44388 2.44388 2.32614 2.03449 1.98200 1.67298 1.67298 1.67298 1.67298 1.67298 1.66246 1.64966 1.72118 2.10883 2.20482 2.20932 2.21766 2.22604 2.23083 2.23085 2.23177 2.23302 2.23302 2.23302 2.25557 2.54080 2.51458 2.42175 2.34013 2.33032 2.25346 2.07372 2.01689 2.01689 2.01689 2.01689 2.43185 2.51813 2.51813 2.51813 2.51813 2.51813 2.51813 2.51813 2.51813 2.51813 2.51133
3.03273 3.03273 3.03273 3.03273 3.03273 3.02840 2.92930 2.79151 2.64332 2.12027 2.07702 2.15716 2.23937 2.20767 2.20890 2.44388 2.44388 2.44388 2.44388 2.44388 2.44388 2.44388 2.43180 2.05427 2.03446 1.71674 1.64670 1.62239 1.60276 1.58313 1.57399 1.58213 1.68557 1.97605 2.23085 2.23085 2.23085 2.23085 2.23085 2.23085 2.25875 2.38826 2.52556 2.66304 2.77784 2.61277 2.34485 2.34485 2.34485 2.34485 2.27153 2.14080 2.01689 2.01689 2.01689 2.01689 2.28090 2.51813 2.51813 2.51813 2.51813 2.51163 2.46136 2.40297 2.34455 2.28614 2.23841
3.03273 3.00094 2.87023 2.73250 2.59459 2.46582 2.49114 2.57337 2.65567 2.43545 2.32444 2.32444 2.32444 2.27388 2.14149 2.42210 2.44388 2.44388 2.44388 2.44388 2.44388 2.42896 2.39190 2.07598 1.90312 1.69573 1.58639 1.59104 1.59105 1.59105 1.59105 1.59105 1.65410 1.82436 2.23085 2.23094 2.26987 2.40212 2.53926 2.67670 2.78658 2.79815 2.79843 2.79843 2.79843 2.74902 2.34627 2.34485 2.34485 2.34485 2.29765 2.20787 2.01689 2.01689 2.01689 2.01689 2.14908 2.46843 2.41007 2.35162 2.29323 2.24131 2.23316 2.23316 2.23316 2.23316 2.23316
2.53550 2.43252 2.48577 2.56797 2.65027 2.72787 2.74612 2.74612 2.74612 2.56693 2.32444 2.32444 2.32444 2.31946 2.14646 2.33688 2.43655 2.39997 2.36030 2.32060 2.28091 2.25612 2.25350 2.10284 1.84411 1.76200 1.59105 1.59105 1.59105 1.59105 1.59105 1.60234 1.69809 1.89817 2.51695 2.69248 2.79098 2.79627 2.79627 2.79627 2.79627 2.79757 2.79843 2.79843 2.79843 2.79843 2.43378 2.34485 2.34485 2.34485 2.32378 2.25122 2.00910 1.94113 1.89734 1.85352 1.83610 2.22767 2.23316 2.23316 2.23316 2.23316 2.23316 2.23431 2.31640 2.44750 2.57859
2.62297 2.72418 2.74612 2.74612 2.74612 2.74612 2.74612 2.74612 2.74612 2.68363 2.32444 2.31862 2.32278 2.34032 2.22928 2.22343 2.25661 2.25350 2.25350 2.25350 2.25350 2.25350 2.25350 2.22275 1.84977 1.82783 1.59667 1.62283 1.70138 1.86107 2.02297 2.17337 2.26284 2.27001 2.61248 2.79627 2.79627 2.79627 2.79627 2.79627 2.79627 2.79693 2.79843 2.79843 2.79843 2.79843 2.57063 2.33199 2.30169 2.27132 2.23972 2.12555 1.91857 1.79851 1.79396 1.78941 1.78486 2.11683 2.23316 2.23911 2.33825 2.46934 2.60531 2.80536 2.94476 3.03516 3.12556
2.59823 2.74612 2.74612 2.74612 2.74612 2.74666 2.76446 2.79388 2.84525 2.90043 2.43403 2.37834 2.39170 2.39170 2.31770 2.20854 2.25301 2.25350 2.25350 2.25350 2.25350 2.25350 2.26917 2.30671 2.07827 2.14200 2.10505 2.18087 2.26418 2.26644 2.26644 2.26644 2.26644 2.26897 2.46081 2.79627 2.79627 2.79627 2.79627 2.79627 2.79627 2.79635 2.79240 2.76421 2.73383 2.70344 2.58208 2.19883 2.19418 2.18963 2.18508 2.11971 1.98121 1.77739 1.77739 1.78825 1.87276 2.20919 2.68469 2.90028 3.02259 3.11299 3.19856 3.21887 3.21887 3.21887 3.21887
2.46066 2.76903 2.79510 2.83344 2.88863 2.94335 2.98082 3.00666 3.01060 3.01060 2.64233 2.39170 2.39170 2.39170 2.37162 2.20527 2.24271 2.25784 2.29046 2.32822 2.37053 2.42278 2.45968 2.47468 2.50010 2.51950 2.39202 2.26644 2.26644 2.26644 2.26644 2.26644 2.26644 2.26792 2.31364 2.79174 2.79627 2.79458 2.77097 2.74060 2.71020 2.69164 2.66550 2.64474 2.64019 2.63565 2.62936 2.22390 2.17608 2.17608 2.17608 2.16128 2.17573 2.02936 2.19100 2.34630 2.42787 2.63882 3.21887 3.21887 3.21887 3.21887 3.21887 3.21887 3.21887 3.21887 3.21887
2.51010 2.95743 2.99359 3.01050 3.01060 3.01060 3.01060 3.01060 3.01060 3.01060 2.81332 2.39170 2.39170 2.37636 2.34430 2.29694 2.36626 2.43890 2.45884 2.47367 2.48392 2.48424 2.48424 2.48424 2.48949 2.51950 2.46130 2.26644 2.26644 2.26644 2.26644 2.26644 2.26644 2.25737 2.24094 2.61556 2.71830 2.72478 2.75312 2.78828 2.82342 2.84677 2.74518 2.62966 2.62966 2.62966 2.62966 2.38780 2.30589 2.40936 2.51294 2.60403 2.79206 2.58827 2.51667 2.51667 2.51667 2.53216 3.18383 3.21887 3.21887 3.21887 3.21887 3.21887 3.21887 3.21887 3.21887
