High_resolution/powerplant/Shangrao/OMI_NO2_201106.asc
ncols      200
nrows      200
xllcorner       115.451
yllcorner       27.0350
cellsize     0.0166667
NODATA_Value      -999.000
[rows 52 to 77 of 169, columns 0 to 58 of 200]
0.00000 0.00000 2.85737 2.85737 2.85737 2.85737 2.85737 2.85737 2.85737 2.85737 2.85737 2.85737 2.85737 2.85737 2.85737 2.85737 2.85737 0.00000 0.00000 3.53405 3.53405 3.53405 3.53405 3.53405 3.53405 3.53405 3.53405 3.53405 3.53405 3.53405 3.53405 3.53405 3.53405 3.53405 3.53405 3.56824 3.98343 3.98797 3.98797 3.98797 3.98797 3.98797 3.98797 3.98797 3.98797 3.98797 3.98797 3.98797 3.98797 3.98797 3.98503 3.96151 3.52011 3.28146 3.15060 3.02014 2.95820 2.95820 2.95820
0.00000 0.00000 2.85737 2.85737 2.85737 2.85737 2.85737 2.85737 2.85737 2.85737 2.85737 2.85737 0.00000 0.00000 0.00000 0.00000 0.00000 0.00000 0.00000 3.53405 3.53405 3.53405 3.53405 3.53405 3.53405 3.53405 3.53405 3.53405 3.53405 3.53405 3.53405 3.53405 3.53405 3.53405 3.53405 3.53405 3.89014 3.98797 3.98797 3.98797 3.98797 3.98797 3.98797 3.98797 3.98797 3.97943 3.95263 3.92515 3.89772 3.87026 3.84576 3.84181 3.37127 2.95820 2.95820 2.95820 2.95820 2.95820 2.95820
0.00000 0.00000 2.85737 2.85737 2.85737 2.85737 2.85737 0.00000 0.00000 0.00000 0.00000 0.00000 0.00000 0.00000 0.00000 0.00000 0.00000 0.00000 0.00000 3.53405 3.53405 3.53405 3.53405 3.53405 3.53405 3.53405 3.53405 3.53405 3.53405 3.53405 3.53405 3.53405 3.53405 3.53405 3.53405 3.53405 3.76255 3.98797 3.98797 3.98779 3.97116 3.94373 3.91626 3.88882 3.86136 3.84244 3.84181 3.84181 3.84181 3.84181 3.84181 3.84181 3.61684 2.95820 2.95820 2.95820 2.95820 2.95820 2.95820
0.00000 0.00000 0.00000 0.00000 0.00000 0.00000 0.00000 0.00000 0.00000 0.00000 0.00000 0.00000 0.00000 0.00000 0.00000 0.00000 0.00000 0.00000 0.00000 0.00000 3.53405 3.53405 3.53405 3.53405 3.53405 3.53405 3.53405 3.53405 3.53405 3.53405 3.53405 3.53405 3.53405 3.53405 3.52378 3.40493 3.39689 3.90738 3.87990 3.85264 3.84181 3.84181 3.84181 3.84181 3.84181 3.84181 3.84181 3.84181 3.84181 3.84181 3.84181 3.84181 3.82061 3.00008 2.95820 2.95820 2.95820 2.95820 2.95820
0.00000 0.00000 0.00000 0.00000 0.00000 0.00000 0.00000 0.00000 0.00000 0.00000 0.00000 0.00000 0.00000 0.00000 0.00000 0.00000 0.00000 0.00000 0.00000 0.00000 3.53405 3.53405 3.53405 3.53405 3.53405 3.53405 3.53405 3.53405 3.53405 3.51237 3.37949 3.23145 3.08326 2.93498 2.79705 2.76778 2.78089 3.76718 3.84181 3.84181 3.84181 3.84181 3.84181 3.84181 3.84181 3.84181 3.84181 3.84181 3.84181 3.84181 3.84181 3.84181 3.84181 3.22426 2.95820 2.95820 2.95820 2.95820 2.95820
0.00000 0.00000 0.00000 0.00000 0.00000 0.00000 0.00000 0.00000 0.00000 0.00000 0.00000 0.00000 0.00000 0.00000 0.00000 0.00000 0.00000 0.00000 0.00000 0.00000 3.53405 3.53405 3.53405 3.53405 3.49643 3.35436 3.20616 3.05789 2.90970 2.78334 2.76778 2.76778 2.76778 2.76778 2.76778 2.76778 2.76778 3.48008 3.84181 3.84181 3.84181 3.84181 3.84181 3.84181 3.84181 3.84181 3.84181 3.84181 3.84181 3.84181 3.84181 3.84181 3.84181 3.46972 2.95820 2.95820 2.95820 2.95820 2.95820
0.00000 0.00000 0.00000 0.00000 0.00000 0.00000 0.00000 0.00000 0.00000 0.00000 0.00000 0.00000 0.00000 0.00000 0.00000 0.00000 0.00000 0.00000 0.00000 3.33613 3.36158 3.19753 3.03276 2.88449 2.77384 2.76778 2.76778 2.76778 2.76778 2.76778 2.76778 2.76778 2.76778 2.76778 2.76778 2.76778 2.76778 3.17989 3.84181 3.84181 3.84181 3.84181 3.84181 3.84181 3.84181 3.84181 3.84181 3.84181 3.84181 3.84181 3.84181 3.84181 3.84181 3.71510 2.95820 2.95820 2.95820 2.95820 2.95820
0.00000 0.00000 0.00000 0.00000 0.00000 0.00000 0.00000 0.00000 0.00000 0.00000 0.00000 0.00000 0.00000 0.00000 3.33613 3.33613 3.33613 3.33613 3.33613 3.33613 3.33613 2.92444 2.76778 2.76778 2.76778 2.76778 2.76778 2.76778 2.76778 2.76778 2.76778 2.76778 2.76778 2.76778 2.76778 2.76778 2.76778 2.88195 3.83945 3.84181 3.84181 3.84181 3.84181 3.84181 3.84181 3.84181 3.84181 3.84181 3.84181 3.84181 3.84181 3.84181 3.84181 3.84334 3.07336 2.94265 2.93456 2.92645 2.91835
0.00000 0.00000 0.00000 0.00000 0.00000 0.00000 0.00000 0.00000 0.00000 3.33613 3.33613 3.33613 3.33613 3.33613 3.33613 3.33613 3.33613 3.33613 3.33613 3.33613 3.33613 3.08490 2.76778 2.76778 2.76778 2.76778 2.76778 2.76778 2.76778 2.76778 2.76778 2.76778 2.76778 2.76778 2.76778 2.76778 2.76778 2.76778 3.65334 3.84181 3.84181 3.84181 3.84181 3.84181 3.84181 3.84181 3.84181 3.84181 3.84708 3.86563 3.88484 3.90407 3.92329 3.94094 3.33782 2.91375 2.91375 2.91375 2.91375
0.00000 0.00000 0.00000 0.00000 3.33613 3.33613 3.33613 3.33613 3.33613 3.33613 3.33613 3.33613 3.33613 3.33613 3.33613 3.33613 3.33613 3.33613 3.33613 3.33613 3.33613 3.24536 2.76778 2.76778 2.76778 2.76778 2.76778 2.76778 2.76778 2.76778 2.76778 2.76778 2.76778 2.76778 2.76778 2.76778 2.76778 2.76778 3.35324 3.84181 3.84181 3.84181 3.84187 3.85295 3.87214 3.89137 3.91058 3.92978 3.94375 3.94440 3.94440 3.94440 3.94440 3.94440 3.62256 2.91375 2.91375 2.91375 2.91375
0.00000 0.00000 0.00000 0.00000 3.33613 3.33613 3.33613 3.33613 3.33613 3.33613 3.33613 3.33613 3.33613 3.33613 3.33613 3.33613 3.33613 3.33613 3.33613 3.33613 3.33613 3.33579 2.83781 2.76778 2.76778 2.76778 2.76778 2.76778 2.76778 2.76778 2.76778 2.76778 2.76778 2.76778 2.76778 2.76778 2.76778 2.77877 3.16069 3.87868 3.89788 3.91708 3.93626 3.94440 3.94440 3.94440 3.94440 3.94440 3.94440 3.94440 3.94440 3.94440 3.94440 3.94440 3.88792 2.93333 2.91375 2.91375 2.91375
0.00000 0.00000 0.00000 0.00000 0.00000 3.33613 3.33613 3.33613 3.33613 3.33613 3.33613 3.33613 3.33613 3.33613 3.33613 3.33613 3.33613 3.33613 3.33613 3.33613 3.33613 3.33613 2.99791 2.76778 2.76778 2.76778 2.76778 2.76778 2.76778 2.76778 2.76778 2.76778 2.79032 2.92840 3.08265 3.23682 3.39099 3.53425 3.57487 3.92839 3.94440 3.94440 3.94440 3.94440 3.94440 3.94440 3.94440 3.94440 3.94440 3.94440 3.94440 3.94440 3.94440 3.94440 3.94440 3.16170 2.91375 2.91375 2.91375
0.00000 0.00000 0.00000 0.00000 0.00000 3.33613 3.33613 3.33613 3.33613 3.33613 3.33613 3.33613 3.33613 3.33613 3.33613 3.33613 3.33613 3.33613 3.33613 3.33613 3.33613 3.33613 3.15841 2.76778 2.76778 2.76778 2.76778 2.80609 2.95380 3.10789 3.26198 3.41639 3.54794 3.56411 3.56411 3.56411 3.56411 3.56411 3.56411 3.83300 3.94440 3.94440 3.94440 3.94440 3.94440 3.94440 3.94440 3.94440 3.94440 3.94440 3.94440 3.94440 3.94440 3.94440 3.94440 3.44654 2.91375 2.91375 2.91375
0.00000 0.00000 0.00000 0.00000 0.00000 3.33613 3.33613 3.33613 3.33613 3.33613 3.33613 3.33613 3.33613 3.33613 3.33613 3.33613 3.33613 3.33613 3.33613 3.33613 3.33613 3.33613 3.27328 2.97228 3.13306 3.28747 3.44155 3.55742 3.56411 3.56411 3.56411 3.56411 3.56411 3.56411 3.56411 3.56411 3.56411 3.56411 3.56411 3.72683 3.94440 3.94440 3.94440 3.94440 3.94440 3.94440 3.94440 3.94440 3.94440 3.94440 3.94440 3.94440 3.94440 3.94440 3.94440 3.73136 2.91375 2.91375 2.91375
0.00000 0.00000 0.00000 0.00000 0.00000 0.00000 3.33613 3.33613 3.33613 3.33613 3.33613 3.33613 3.33613 3.33613 3.33613 3.33613 3.33613 3.30204 3.20976 3.11743 3.02416 2.93090 2.87093 3.38925 3.56411 3.56411 3.56411 3.56411 3.56411 3.56411 3.56411 3.56411 3.56411 3.56411 3.56411 3.56411 3.56411 3.56411 3.56411 3.62066 3.94440 3.94440 3.94440 3.94440 3.94440 3.94440 3.94440 3.94440 3.94440 3.94440 3.94440 3.94440 3.94440 3.94440 3.94440 3.93564 2.99799 2.96965 3.03679
0.00000 0.00000 0.00000 0.00000 0.00000 0.00000 3.33613 3.33613 3.33613 3.33613 3.33613 3.33613 3.30125 3.20883 3.11556 3.02323 2.92996 2.87079 2.86981 2.86981 2.86981 2.86981 2.86981 3.19318 3.56411 3.56411 3.56411 3.56411 3.56411 3.56411 3.56411 3.56411 3.56411 3.56411 3.56411 3.56411 3.56411 3.56411 3.56411 3.56415 3.89473 3.94440 3.94440 3.94440 3.94440 3.94440 3.94440 3.94440 3.94440 3.94440 3.94440 3.92353 3.83709 3.74583 3.65468 3.56347 3.34699 3.28201 3.28201
*          :      *        ;      *        2      *        2      *  ?    *?    *    ?      *        3      :*               ?*            2*            2*              2*                        >*                        <*            
           :*                  :*            :*              :*                  :*                  :*              :*            :*                :*                              :*                        :*            :*            :*            :*                :*                  :*                 
            :*      *         :      *         2      *        2      *  2    *?    *3    *    <      *        >      ?*                ?*              2*                     2*           
     2*                        2*                      <*                  <*                  <*                  >*                  8*                            :*            
         <*                  <*                 ?*                   3*                            :*               :*            :*             :*                  :*                      :*                     :*            :*            :*       
  :*            :*            :*                      :*                              :*                     :*            :*            :*                  :*                  :*                      :*                        :*                        :*               
      :*                  :*                        :*                        :*                        :*                   :*                 :*          :*    *      :         *           ;      *        >      *      >   
        :*            :*            :*    *      ;        *           ?      *        >      *        >   *      <    *        <    *        <      *        8      ?*                  ?*           
  <    *       :          *         8      ?*                  ?*                   ;*                       2*                  3*              :*             2*             2*                       :*                           :*   
              =*               2*            2*            2*                       :*                          :*                              :*                              :*                              :*                              :*                              :*                :*                  :*           
