High_resolution/powerplant/Shangrao/OMI_NO2_2006_06-08.asc
ncols      200
nrows      200
xllcorner       115.451
yllcorner       27.0350
cellsize     0.0166667
NODATA_Value      -999.000
[rows 29 to 57 of 183, columns 67 to 133 of 200]
2.29052 2.32460 2.35902 2.54826 2.49683 2.52912 2.56480 2.56506 2.69837 2.83167 2.38506 1.97766 2.00392 1.92581 2.01030 2.07106 2.00641 1.94208 2.11079 2.17080 2.08781 1.97488 1.91216 1.87021 1.88817 1.85298 1.84741 1.72758 1.51451 1.52438 1.52545 1.48556 1.48782 1.91605 2.02611 2.02611 1.96543 1.90856 1.96786 2.04199 2.13981 2.22501 2.14135 2.06733 1.97095 1.97803 1.91319 1.99456 2.06658 2.04227 1.60839 1.05170 0.980055 1.03390 0.896510 0.930001 0.928268 1.01599 1.13020 1.19642 1.42272 1.39026 1.34280 1.35311 1.34507 1.38250 1.32510
2.19573 2.23497 2.17982 2.35993 2.27256 2.21565 2.19285 2.15951 2.21174 2.28160 2.21810 1.99833 2.03956 1.90133 1.86603 1.97279 1.90674 1.86354 2.05997 2.07340 1.97310 1.79080 1.80814 1.80089 1.84957 1.84207 1.82688 1.79911 1.54337 1.52438 1.51301 1.46522 1.51381 1.68280 2.11590 2.12313 2.12013 2.10135 2.22363 2.33229 2.41539 2.48587 2.39678 2.33593 2.20201 2.24163 2.15262 2.24629 2.18300 1.94645 1.71527 1.19475 1.12244 1.18119 1.10664 1.11698 1.03948 1.08402 1.18359 1.19255 1.47924 1.46714 1.42140 1.48267 1.46084 1.48235 1.41056
2.20571 2.20095 2.06791 2.13724 2.11141 2.09320 2.13126 2.11146 2.14795 2.26976 2.25194 1.98227 1.96605 1.89061 1.77085 1.78022 1.71367 1.65905 1.75088 1.75603 1.68861 1.63807 1.69370 1.71272 1.76791 1.77382 1.76947 1.67976 1.49247 1.36257 1.30109 1.17528 1.17993 1.29050 1.98934 1.98891 1.99201 2.06097 2.20901 2.37117 2.41019 2.45171 2.32916 2.21943 2.05154 2.03518 1.90752 1.99614 1.98724 1.72129 1.67341 1.24573 1.09956 1.10609 1.03420 1.00896 0.944703 1.09321 1.20030 1.17123 1.50344 1.51101 1.49519 1.55376 1.49623 1.50617 1.51984
2.20043 2.21625 2.18096 2.22753 2.25737 2.22253 2.26055 2.22878 2.16416 2.22344 2.19767 2.00178 1.92893 1.87284 1.67396 1.67602 1.64230 1.64004 1.71806 1.72017 1.69477 1.67851 1.67963 1.65937 1.66448 1.65746 1.65196 1.56535 1.41314 1.23823 1.18168 1.10276 1.14190 1.12979 1.95893 1.88935 1.88158 1.99201 2.02707 2.11632 2.12336 2.16807 1.96357 1.82149 1.69899 1.68994 1.66838 1.70484 1.69829 1.35472 1.29901 1.22632 1.14003 1.17238 1.12591 1.07968 1.00857 1.10257 1.21968 1.16604 1.40428 1.49138 1.49850 1.57510 1.58575 1.47179 1.49087
2.50772 2.48784 2.46432 2.37292 2.35838 2.35070 2.39587 2.39952 2.33244 2.34220 2.30584 2.15570 1.96023 1.95123 1.72937 1.72619 1.72265 1.72621 1.75103 1.67887 1.65831 1.63347 1.65267 1.65399 1.65583 1.65750 1.65847 1.60481 1.49777 1.45276 1.45842 1.49140 1.66352 1.79197 1.77268 1.66312 1.62272 1.69141 1.70244 1.72643 1.72838 1.74754 1.69015 1.56569 1.50212 1.52200 1.53499 1.60180 1.64900 1.34147 1.19703 1.17633 1.07159 1.10033 1.08337 1.03112 0.969841 1.02313 1.13304 1.09378 1.25813 1.46258 1.45713 1.55616 1.57152 1.42882 1.42857
2.41229 2.46225 2.45249 2.37436 2.39709 2.37018 2.40807 2.40100 2.32819 2.15389 2.05644 1.99350 1.76885 1.83963 1.69199 1.63098 1.62695 1.65804 1.69229 1.64156 1.61606 1.60463 1.64359 1.65511 1.64957 1.65556 1.63856 1.64542 1.51029 1.58190 1.63124 1.61804 1.70766 1.69695 1.44290 1.32016 1.39354 1.49258 1.53429 1.57174 1.56987 1.60849 1.56752 1.46143 1.39573 1.45283 1.46774 1.52870 1.57865 1.35566 1.11576 1.12264 1.02670 1.04647 1.04427 0.997709 0.958730 0.969915 0.993669 0.964672 1.09411 1.41481 1.36893 1.48362 1.51563 1.28156 1.26298
2.51382 2.51367 2.44355 2.34258 2.28546 2.17901 2.16210 2.10614 2.02625 1.82486 1.73820 1.72396 1.75797 1.85872 1.76458 1.62767 1.62699 1.65297 1.67915 1.68425 1.74763 1.78250 1.83306 1.84665 1.82348 1.83341 1.80859 1.82317 1.77559 1.83817 1.90232 1.89986 1.89365 1.84529 1.58089 1.40838 1.45524 1.53081 1.55845 1.57639 1.52134 1.50333 1.41639 1.31998 1.22754 1.27218 1.28378 1.34562 1.42200 1.28281 1.03104 1.07808 1.00968 1.02593 1.02428 0.978340 0.915361 0.915910 0.919244 0.908418 1.00038 1.48362 1.43206 1.45532 1.47309 1.16122 1.14382
1.92464 1.93749 1.92382 1.90216 1.91722 1.89074 1.93651 1.93645 1.94706 1.80666 1.71556 1.69930 1.69946 1.70984 1.64077 1.48078 1.48555 1.56699 1.59394 1.65472 1.80207 1.83622 1.88010 1.91045 1.88353 1.87046 1.81892 1.81022 1.76158 1.82775 1.95394 2.00222 2.00191 1.94357 1.77386 1.48479 1.51481 1.57450 1.60760 1.62746 1.59876 1.58802 1.47911 1.40409 1.22633 1.26497 1.27425 1.25879 1.33452 1.25708 1.02723 1.04465 1.01385 0.999503 0.991151 0.929469 0.875489 0.929813 0.952806 0.968760 1.12288 1.56484 1.65019 1.60614 1.58640 1.58640 1.14224
1.94373 1.95448 1.89732 1.87430 1.89796 1.86189 1.93535 1.96503 1.96827 1.86217 1.74343 1.72866 1.72820 1.57434 1.57554 1.48156 1.44893 1.57371 1.60776 1.64900 1.77824 1.83947 1.84884 1.87584 1.83844 1.84135 1.80746 1.82607 1.81266 1.85664 1.98403 2.03419 2.06368 1.99690 1.93568 1.63463 1.64829 1.71684 1.72793 1.75320 1.70718 1.67179 1.54791 1.50384 1.26693 1.29580 1.29818 1.23544 1.19096 1.09959 0.986433 0.983486 1.01379 1.07228 1.10728 1.10426 1.04205 1.02329 0.872416 0.826684 0.963121 1.23344 1.40359 1.40359 1.39439 1.39377 1.39094
1.96308 1.94138 1.92552 1.93110 1.94357 1.87615 1.93104 1.89913 1.91295 1.83724 1.70522 1.69322 1.70023 1.58394 1.59062 1.53807 1.44363 1.53549 1.58598 1.59850 1.74674 1.92205 1.93817 1.95573 1.91125 1.90499 1.88949 1.87740 1.83854 1.91087 2.02273 2.09805 2.13928 2.06046 2.02089 1.69505 1.68423 1.75286 1.77194 1.80401 1.75409 1.72199 1.58077 1.51610 1.27119 1.20216 1.17320 1.11188 1.06661 1.01421 1.03400 1.11155 1.10462 1.15669 1.16217 1.15207 1.04909 0.984799 0.855196 0.765860 0.927388 1.05391 1.40359 1.40359 1.40779 1.41748 1.40175
2.18962 2.14866 2.06777 1.95636 1.95531 1.89441 1.91492 1.90629 1.88232 1.88210 1.77621 1.69273 1.72088 1.63878 1.59339 1.53854 1.36355 1.42259 1.54401 1.54430 1.66463 1.90138 1.87404 1.86768 1.83240 1.83240 1.83039 1.82761 1.79917 1.90635 2.01980 2.09634 2.09591 2.01083 1.97629 1.74079 1.62986 1.64958 1.58609 1.54209 1.39223 1.34548 1.24925 1.19277 1.07728 0.991330 1.01366 0.998706 0.957356 0.950667 0.925469 1.02743 1.02821 1.12015 1.12810 1.07445 0.889006 0.814612 0.814612 0.775596 0.949265 0.920673 1.40359 1.40359 1.39371 1.37443 1.37443
2.18287 2.12847 2.09402 1.96926 1.96389 1.92361 1.90468 1.89853 1.89254 1.89056 1.80614 1.68033 1.66922 1.62979 1.52280 1.50280 1.35179 1.30870 1.48211 1.45213 1.55996 1.83149 1.79849 1.80116 1.77166 1.76844 1.75545 1.74380 1.71193 1.77544 1.91093 1.94976 1.86491 1.72105 1.63400 1.45599 1.27398 1.25305 1.23923 1.22741 1.23878 1.23867 1.22754 1.12013 1.06091 0.881507 0.930524 1.00007 0.952766 0.951682 0.951682 1.04225 0.990138 1.06792 1.11397 1.05289 0.904277 0.814612 0.814612 0.774636 0.957215 0.817645 1.40359 1.40359 1.40359 1.40359 1.40359
2.09534 2.00675 1.96383 1.83359 1.83143 1.78826 1.74977 1.71557 1.68118 1.67336 1.68173 1.56370 1.58946 1.54429 1.45348 1.42035 1.35044 1.24727 1.37339 1.39121 1.47734 1.79115 1.78508 1.77250 1.72622 1.68285 1.64871 1.62102 1.58743 1.57074 1.64075 1.53982 1.52895 1.51019 1.50086 1.42973 1.18512 1.13721 1.16753 1.14609 1.18122 1.18597 1.17109 1.09190 1.07775 0.827816 0.838082 0.882757 0.845466 0.864576 0.869510 0.989683 0.987591 1.09704 1.13009 1.03813 0.870579 0.814612 0.814612 0.872649 1.15088 0.737297 1.39946 1.40359 1.40359 1.40359 1.40359
2.05257 2.01735 1.96029 1.86760 1.84355 1.80836 1.71144 1.69002 1.69593 1.67715 1.71564 1.59616 1.60585 1.57710 1.50453 1.46292 1.44358 1.26687 1.33281 1.36826 1.34172 1.49979 1.61273 1.57068 1.53965 1.54296 1.54528 1.51768 1.50761 1.47393 1.58075 1.47281 1.45359 1.46977 1.50599 1.49940 1.28603 1.18991 1.20543 1.20557 1.23921 1.22756 1.22545 1.16112 1.15001 0.929986 0.876858 0.955828 0.947227 0.985214 0.994437 1.08812 1.06092 1.12854 1.10046 0.974101 0.794012 0.837811 0.881606 0.922866 0.917156 0.821880 1.27640 1.40359 1.40359 1.40359 1.40359
2.03550 1.98491 1.91628 1.86694 1.82357 1.80342 1.70756 1.63178 1.61496 1.59269 1.61724 1.53854 1.51814 1.45650 1.42685 1.40809 1.43359 1.27909 1.20836 1.18709 1.08517 1.13325 1.54161 1.53423 1.52324 1.52375 1.51527 1.51215 1.54940 1.55843 1.66488 1.65068 1.53969 1.54056 1.55944 1.56745 1.41323 1.26411 1.28914 1.29692 1.34565 1.33452 1.35730 1.27034 1.22614 1.10460 1.05556 1.18405 1.22528 1.25083 1.27005 1.32053 1.32836 1.35020 1.36606 1.28137 1.16970 1.14033 1.14848 1.17672 1.28141 0.895949 1.06184 1.40359 1.40359 0.00000 0.00000
2.02090 1.98855 1.90757 1.88331 1.88960 1.86292 1.80698 1.66120 1.64830 1.57953 1.53376 1.42377 1.30597 1.22162 1.17404 1.43837 1.53725 1.40000 1.25919 1.22401 1.09230 1.00307 1.48971 1.52756 1.56737 1.62597 1.67880 1.65577 1.65399 1.63984 1.70062 1.76588 1.60862 1.61053 1.61652 1.61988 1.51392 1.24742 1.24872 1.22810 1.24059 1.16949 1.17447 1.06171 1.04456 1.04715 1.11543 1.21295 1.24716 1.24410 1.23144 1.24622 1.23925 1.24867 1.25735 1.19648 1.11708 1.08419 1.06826 1.05918 1.08721 0.613862 0.456474 0.00000 0.00000 0.00000 0.00000
2.00590 1.95417 1.84692 1.81382 1.81285 1.71358 1.63331 1.36689 1.34445 1.30873 1.33423 1.28906 1.20500 1.17965 1.17423 1.31873 1.45310 1.39236 1.21868 1.20495 1.20624 1.11616 1.52493 1.67583 1.68626 1.68950 1.68231 1.63184 1.66813 1.68706 1.70711 1.70869 1.57630 1.51463 1.50715 1.52573 1.48971 1.13487 1.11209 1.11209 1.14956 1.07509 1.12600 1.07742 1.06188 1.03528 1.12576 1.24719 1.24246 1.24721 1.24814 1.26475 1.18322 1.08915 1.14985 1.11320 0.970177 0.932989 0.950436 0.990468 1.06844 0.703618 0.456474 0.00000 0.00000 0.00000 0.00000
1.93871 1.82770 1.71334 1.64090 1.64193 1.62511 1.66399 1.41683 1.37703 1.36101 1.35595 1.31482 1.22642 1.19557 1.18976 1.26944 1.37581 1.30558 1.28252 1.28564 1.30564 1.17472 1.42548 1.64241 1.65810 1.67800 1.69795 1.70570 1.72982 1.75493 1.75169 1.59198 1.53240 1.45871 1.47846 1.50305 1.48322 1.19561 1.14626 1.16117 1.22929 1.16600 1.25054 1.22562 1.21421 1.18065 1.23974 1.30803 1.30183 1.24491 1.21802 1.18988 1.08199 0.977209 1.05096 1.05096 0.949842 0.932989 0.949842 0.987813 1.06846 0.768612 0.456474 0.456474 0.00000 0.00000 0.00000
1.74674 1.72637 1.71394 1.68204 1.73668 1.73142 1.74235 1.55381 1.43873 1.42614 1.44226 1.41355 1.32723 1.24519 1.16990 1.19567 1.39838 1.42044 1.44959 1.46555 1.48877 1.38660 1.47619 1.72060 1.72588 1.72848 1.73595 1.73082 1.74749 1.78755 1.79773 1.68342 1.56125 1.44892 1.48282 1.51499 1.54330 1.34706 1.36681 1.39551 1.39952 1.32062 1.38614 1.36311 1.34559 1.26739 1.22529 1.24041 1.18286 1.15819 1.14344 1.16758 1.08448 0.916577 1.00377 1.00377 1.00377 0.972313 1.00385 1.07511 1.18673 0.810811 0.483324 0.456474 0.00000 0.00000 0.00000
1.82745 1.76749 1.73009 1.67995 1.73043 1.74386 1.76190 1.67178 1.46836 1.44220 1.40617 1.35418 1.32716 1.29775 1.17417 1.21644 1.37877 1.45940 1.43677 1.48552 1.51321 1.42001 1.44431 1.71045 1.74612 1.74384 1.74737 1.73658 1.73150 1.78411 1.79031 1.71888 1.60350 1.52585 1.55220 1.58739 1.62567 1.47610 1.47348 1.51545 1.52816 1.40760 1.41326 1.32570 1.29932 1.18726 1.14168 1.21919 1.21919 1.22365 1.18262 1.22626 1.08907 0.978483 1.00023 1.00555 1.01461 1.02318 1.08510 1.19016 1.42344 0.815019 0.604716 0.00000 0.00000 0.00000 0.00000
1.79932 1.76040 1.71952 1.65092 1.64078 1.63286 1.59148 1.52151 1.36786 1.34174 1.33036 1.31357 1.31650 1.35132 1.21597 1.23942 1.33946 1.46062 1.42510 1.46934 1.52907 1.48239 1.52004 1.66905 1.72371 1.70602 1.68957 1.67491 1.66999 1.73791 1.78654 1.77518 1.66448 1.67528 1.74821 1.76370 1.76871 1.68586 1.58316 1.56349 1.53703 1.38784 1.43865 1.39821 1.44674 1.33159 1.18568 1.26921 1.27083 1.29519 1.21133 1.27127 1.14508 1.09499 1.10215 1.11636 1.12541 1.13447 1.24868 1.47741 1.55640 0.833765 0.637782 0.00000 0.00000 0.00000 0.00000
1.66154 1.60904 1.53212 1.48427 1.44920 1.49562 1.50936 1.49995 1.40786 1.33133 1.30265 1.28183 1.28754 1.34596 1.27937 1.26494 1.23676 1.41158 1.39273 1.40368 1.45930 1.56337 1.62829 1.63620 1.64883 1.63810 1.63738 1.64221 1.64384 1.67825 1.73566 1.75947 1.66001 1.67055 1.74375 1.71576 1.69839 1.65307 1.55757 1.56875 1.56501 1.44631 1.48217 1.44677 1.51441 1.39975 1.29269 1.38623 1.43597 1.51092 1.41472 1.48364 1.41153 1.40480 1.44693 1.26868 1.26868 1.26899 1.36922 1.56978 1.62052 0.973241 0.869851 0.00000 0.00000 0.00000 0.00000
1.69654 1.73131 1.66770 1.58431 1.59772 1.58838 1.57458 1.57498 1.54250 1.47477 1.49833 1.52614 1.56446 1.62378 1.60991 1.54284 1.41745 1.38648 1.37138 1.37438 1.41749 1.46233 1.57071 1.57888 1.60727 1.61336 1.61188 1.60052 1.59817 1.59820 1.63523 1.65936 1.55265 1.52065 1.63095 1.60623 1.58529 1.62247 1.54253 1.57735 1.60457 1.50018 1.57170 1.54517 1.57466 1.49351 1.42026 1.43389 1.43897 1.50233 1.36701 1.39926 1.34934 1.35425 1.37174 1.21337 1.21278 1.20627 1.25367 1.33030 1.33362 0.973241 0.959533 0.00000 0.00000 0.00000 0.00000
2.05011 1.95388 1.88746 1.77130 1.73311 1.67200 1.59892 1.59520 1.61436 1.65748 1.68599 1.69742 1.71597 1.69771 1.68741 1.56928 1.46174 1.38998 1.38080 1.38835 1.43178 1.45642 1.56993 1.57130 1.58333 1.57348 1.55927 1.54714 1.51246 1.49780 1.57935 1.67279 1.66312 1.67668 1.85860 1.86350 1.87422 1.92400 1.88348 1.85582 1.89396 1.78743 1.82104 1.78743 1.66959 1.58716 1.48401 1.48551 1.49265 1.48597 1.37342 1.38505 1.35970 1.35470 1.33722 1.18550 1.17519 1.16953 1.21406 1.27841 1.24647 0.973241 0.973241 0.00000 0.00000 0.00000 0.00000
2.07769 1.90777 1.88398 1.77995 1.73367 1.73587 1.66839 1.67169 1.66173 1.66908 1.69154 1.69577 1.71113 1.66553 1.64526 1.52012 1.43041 1.35145 1.40151 1.40491 1.41520 1.41854 1.49957 1.55804 1.53302 1.50692 1.49100 1.48553 1.42790 1.40246 1.45373 1.61221 1.61163 1.69454 1.81512 1.81194 1.82530 1.86449 1.87352 1.77160 1.83429 1.72547 1.73980 1.72087 1.59148 1.51311 1.41407 1.43597 1.44241 1.44843 1.40549 1.38083 1.35711 1.36657 1.29326 1.24179 1.25096 1.19425 1.22453 1.21010 1.19285 1.16105 1.15880 1.20311 0.815862 0.737217 0.729046
2.08690 1.96516 1.95632 1.84736 1.76890 1.74592 1.67255 1.66013 1.66995 1.66441 1.67910 1.67031 1.66621 1.61327 1.60387 1.53112 1.47841 1.36575 1.41645 1.43642 1.45782 1.46605 1.56581 1.66206 1.51010 1.43424 1.42253 1.42843 1.38316 1.37956 1.39406 1.54020 1.52781 1.59123 1.69153 1.70862 1.70427 1.70339 1.70890 1.61280 1.61337 1.61698 1.62198 1.62990 1.55814 1.51684 1.40453 1.44918 1.38432 1.46326 1.46479 1.48655 1.42341 1.50517 1.48443 1.38934 1.32479 1.22557 1.15569 1.15673 1.14351 1.18373 1.15256 1.14055 0.821753 0.728770 0.728770
2.03945 1.92910 1.91937 1.85923 1.75122 1.73013 1.64883 1.60415 1.60637 1.60863 1.65490 1.65293 1.65947 1.61162 1.58426 1.54459 1.53616 1.44650 1.49726 1.50314 1.48865 1.46948 1.49914 1.62956 1.54002 1.40987 1.39727 1.40419 1.36778 1.35085 1.35398 1.51591 1.54790 1.65219 1.74115 1.76410 1.78611 1.76864 1.78443 1.69680 1.55022 1.89333 1.93951 1.97742 1.89788 1.82071 1.63560 1.77170 1.76560 1.86396 1.77603 1.78428 1.66342 1.74649 1.74225 1.56470 1.41958 1.30760 1.22335 1.15493 1.06125 1.04726 1.02737 1.04882 0.739469 0.581898 0.581898
2.03615 1.91955 1.84918 1.78736 1.66611 1.63377 1.58013 1.53128 1.54793 1.55958 1.62172 1.64457 1.69035 1.65376 1.62146 1.59299 1.57677 1.49437 1.47437 1.47520 1.46469 1.45930 1.46954 1.59925 1.57426 1.43321 1.43688 1.46060 1.44238 1.44394 1.47341 1.63954 1.65764 1.72473 1.75219 1.70773 1.68374 1.63762 1.71168 1.69967 1.75534 1.92955 1.92683 1.92427 1.86284 1.89782 1.69359 1.79078 1.82393 1.90488 1.82066 1.82349 1.68409 1.76626 1.87815 1.63035 1.44700 1.23724 1.16205 1.12140 1.01743 1.01651 0.992109 0.997926 1.07355 1.16146 1.17957
1.91293 1.82570 1.74651 1.72075 1.66563 1.61622 1.60555 1.55264 1.57186 1.58915 1.65741 1.66526 1.70553 1.64821 1.60342 1.58429 1.58247 1.54392 1.50196 1.54696 1.58044 1.60700 1.65097 1.69875 1.71984 1.64396 1.64226 1.65437 1.65431 1.64412 1.64695 1.77340 1.82342 1.82675 1.80441 1.74165 1.68875 1.65625 1.69738 1.72386 1.76372 1.92038 1.92054 1.92071 1.86755 1.91633 1.70783 1.70575 1.80150 1.84761 1.71858 1.66244 1.48797 1.51189 1.67484 1.50925 1.30729 1.20585 1.07657 1.04496 0.811315 0.869572 0.885236 0.908271 1.05987 1.18094 1.18979
