High_resolution/powerplant/Shangrao/OMI_NO2_200511.asc
ncols      200
nrows      200
xllcorner       115.451
yllcorner       27.0350
cellsize     0.0166667
NODATA_Value      -999.000
[rows 30 to 59 of 164, columns 132 to 197 of 200]
1.81360 1.81455 1.81565 1.86277 2.08849 2.08849 2.08849 2.09583 2.14565 2.28131 2.29164 2.32496 2.35901 2.39300 2.40739 2.40739 2.39150 2.15589 1.95100 1.88556 1.87393 1.68314 1.47999 1.53577 1.80260 1.81743 1.83235 1.84527 1.84701 1.84701 1.83921 1.75844 1.75826 1.75826 1.75826 1.75826 1.75907 2.32193 2.66464 2.75650 2.82556 2.90110 2.94948 2.81307 2.81270 2.81270 2.81270 2.81270 2.81270 2.81270 2.81270 2.81270 2.80780 2.78685 2.62834 2.65405 2.77046 2.37017 2.24890 2.23376 2.21867 2.19619 2.15632 2.11457 2.07105 2.02663
1.84267 1.81627 1.81627 1.81654 2.05496 2.08849 2.09169 2.11868 2.18464 2.36419 2.39072 2.37994 2.36831 2.35670 2.34507 2.33345 2.32490 2.15371 1.88696 1.71977 1.65515 1.57738 1.53989 1.54288 1.82006 1.84701 1.84701 1.84701 1.84701 1.84701 1.84701 1.76850 1.75826 1.75826 1.75826 1.76420 1.82732 2.27115 2.76968 2.97586 2.94226 2.92066 2.89904 2.69224 2.63874 2.61723 2.59160 2.55473 2.51745 2.48025 2.44287 2.40542 2.37314 2.35637 2.24032 2.18717 2.26271 2.06641 1.96370 1.92870 1.89283 1.86508 1.85823 1.85594 1.85594 1.85160
1.88720 1.81627 1.82275 1.86525 2.07785 2.24426 2.29438 2.32329 2.41669 2.36631 2.32448 2.32448 2.32304 2.27847 2.21382 2.14920 2.08458 1.93423 1.68503 1.52679 1.52679 1.52685 1.54553 1.56126 1.77687 1.89530 1.90970 1.92411 1.93851 1.95289 1.96730 1.91672 1.96832 2.07866 2.18896 2.29336 2.34056 2.32000 2.39361 2.52522 2.52592 2.51022 2.49451 2.36263 2.24608 2.23037 2.21869 2.21809 2.21809 2.21809 2.21644 2.17309 2.11174 2.05036 1.92625 1.78836 2.02431 1.94062 1.87910 1.89572 1.91224 1.92158 1.85549 1.76909 1.68287 1.60085
2.08519 2.03423 2.08117 2.09204 2.17158 2.36426 2.36426 2.36415 2.38268 2.30671 2.17586 2.11831 2.06033 2.04696 2.05519 2.06366 2.07277 2.08236 1.87304 1.77984 1.81538 1.85708 1.90280 1.93603 2.08632 2.29589 2.32320 2.35048 2.42307 2.54103 2.65891 2.64295 2.54559 2.54559 2.54559 2.54559 2.54559 2.50854 2.29206 2.36681 2.43516 2.43516 2.43516 2.38809 2.21809 2.21347 2.16348 2.10216 2.04077 1.97758 1.91021 1.88410 1.87603 1.86795 1.84914 1.82179 2.05129 2.07698 1.90323 1.80494 1.70200 1.60642 1.58621 1.58621 1.58621 1.58621
2.28882 2.13561 2.14366 2.15779 2.21081 2.38202 2.35812 2.33496 2.38635 2.46459 2.36819 2.40423 2.44008 2.47617 2.51211 2.54801 2.58377 2.59728 2.36932 2.16160 2.12705 2.12705 2.13198 2.14205 2.21577 2.56503 2.65571 2.74639 2.79180 2.79180 2.79180 2.72328 2.54559 2.54559 2.54559 2.54559 2.54559 2.53893 2.32281 2.31451 2.42676 2.37044 2.30264 2.23209 1.96983 1.88191 1.86241 1.85434 1.84627 1.84004 1.83962 1.83962 1.83962 1.83841 1.79247 1.72362 1.77682 1.82204 1.60129 1.58621 1.58621 1.58621 1.58621 1.58621 1.58621 1.58621
2.50945 2.55309 2.60085 2.63815 2.64615 2.60676 2.59046 2.59046 2.62325 2.75111 2.61562 2.59728 2.59728 2.59728 2.59728 2.59728 2.59728 2.59728 2.47497 2.19352 2.14331 2.22669 2.31823 2.42276 2.48493 2.75817 2.79180 2.79180 2.79180 2.79180 2.79180 2.77805 2.54785 2.54560 2.54800 2.56329 2.62127 2.68742 2.57062 2.51805 2.13789 2.06251 2.06140 2.06195 1.93647 1.84595 1.84649 1.84704 1.84757 1.84780 1.80775 1.73981 1.67174 1.60498 1.58296 1.58345 1.63090 1.81702 1.63785 1.58621 1.58621 1.58621 1.58621 1.58621 1.58621 1.58621
2.55718 2.62529 2.64615 2.64615 2.64615 2.62300 2.59046 2.59046 2.59625 2.74803 2.63858 2.55795 2.53550 2.51336 2.49191 2.47084 2.44352 2.33321 2.19410 2.33364 2.29083 2.28273 2.26801 2.26382 2.25294 2.40996 2.49266 2.48036 2.46989 2.45910 2.45625 2.49779 2.69566 2.80270 2.87606 2.93001 2.93652 2.93652 2.80834 2.60634 2.26690 2.07209 2.07209 2.07209 2.01526 1.85502 1.82046 1.75192 1.68340 1.61515 1.58716 1.58716 1.58716 1.58716 1.58716 1.58707 1.59300 1.79947 1.68806 1.58621 1.58621 1.58621 1.58621 1.58621 1.58621 1.58621
2.65633 2.73477 2.78851 2.79919 2.80982 2.81349 2.77554 2.78619 2.79687 2.37424 2.23021 2.15177 2.15170 2.09832 1.99870 1.89909 1.80522 1.78338 1.78338 2.13576 2.12004 2.11762 2.11560 2.11934 2.12404 2.22834 2.47684 2.54211 2.60550 2.66839 2.72229 2.72908 2.85781 2.93652 2.93652 2.93652 2.93652 2.93652 2.87177 2.61627 2.41243 2.07209 2.05487 2.00627 1.95329 1.64288 1.58716 1.58716 1.58716 1.58716 1.58716 1.58716 1.58716 1.58716 1.58716 1.58712 1.58725 1.74283 1.74873 1.61972 1.63825 1.65827 1.67905 1.70026 1.71970 1.73251
2.73822 2.79003 2.86537 2.86537 2.86537 2.86537 2.81890 2.80967 2.80967 2.45586 2.13896 1.92934 1.82943 1.78113 1.77870 1.77627 1.77384 1.77141 1.76898 1.98557 2.12688 2.13572 2.16944 2.21746 2.33028 2.41145 2.72904 2.72908 2.72908 2.72908 2.72908 2.72908 2.81492 2.93652 2.93652 2.93652 2.93652 2.93652 2.89971 2.58227 2.43959 1.92341 1.90012 1.92392 1.94864 1.78714 1.70046 1.72494 1.74942 1.77406 1.79854 1.82317 1.85046 1.87892 1.90731 1.93555 1.96366 2.14147 2.26230 2.01582 2.00651 1.99445 1.98239 1.97034 1.96155 1.96113
2.73822 2.76256 2.86451 2.86537 2.86537 2.85826 2.77641 2.68869 2.62291 2.34149 1.99866 1.80331 1.76646 1.76606 1.76606 1.76683 1.78373 1.80883 1.83627 1.93925 2.32756 2.28416 2.28416 2.28435 2.37180 2.38138 2.67439 2.72350 2.70526 2.68656 2.66792 2.64925 2.67367 2.81936 2.79495 2.72627 2.64460 2.55723 2.48147 2.80255 2.83250 2.39684 2.30218 2.30595 2.30969 2.22142 2.01988 2.02365 2.02740 2.03116 2.03492 2.03853 2.03947 2.03950 2.04055 2.04206 2.04341 2.12218 2.31744 1.99724 1.95956 1.93603 1.90560 1.87504 1.86622 1.95074
2.79644 2.84811 2.96100 2.91682 2.85267 2.79266 2.76741 2.71537 2.71537 2.58735 2.04709 1.88502 1.80473 1.82808 1.83085 1.82881 1.80637 1.77659 1.74785 1.72023 2.11406 2.12239 2.09672 2.06848 2.12851 2.15455 2.29922 2.40596 2.39594 2.38634 2.37495 2.32299 2.25969 2.38758 2.32988 2.31105 2.30526 2.30520 2.30520 2.71422 2.92394 2.59366 2.33676 2.33676 2.33676 2.32604 2.05237 2.03947 2.03957 2.04079 2.04228 2.04379 2.04566 2.06596 2.09573 2.12510 2.09132 2.00851 2.18301 1.92342 1.73882 1.84176 1.96737 2.09289 2.19655 2.20706
2.78149 2.65586 2.64482 2.63614 2.59167 2.54885 2.51800 2.48837 2.50570 2.48178 1.80669 1.63606 1.44640 1.39839 1.36545 1.33490 1.30446 1.27383 1.24332 1.21284 1.50493 1.88060 1.87801 1.87801 1.93562 2.04292 2.13038 2.29046 2.23127 2.17203 2.11465 2.09777 2.09777 2.26248 2.30520 2.30520 2.30520 2.30520 2.30520 2.57813 2.92357 2.75444 2.33676 2.33696 2.33830 2.34906 2.17838 2.11283 2.14358 2.17322 2.20256 2.23188 2.26086 2.27137 2.27137 2.27137 2.22033 1.99655 2.24578 2.24693 2.19149 2.20706 2.20706 2.20706 2.20706 2.20706
2.14101 2.11324 2.06013 2.05964 2.05418 2.04882 2.03297 1.98929 1.94722 1.94181 1.42598 1.26116 1.14783 1.14721 1.14721 1.14721 1.14721 1.14721 1.14721 1.14721 1.27140 1.87070 1.87801 1.85655 1.80790 1.92273 1.89826 2.09724 2.09777 2.09777 2.09777 2.09777 2.09777 2.21968 2.30520 2.30520 2.30520 2.30520 2.29276 2.36496 2.74881 2.65606 2.48096 2.52168 2.55378 2.57656 2.47312 2.28515 2.28781 2.29044 2.29311 2.29572 2.30173 2.35272 2.41819 2.48363 2.54272 2.24239 2.34891 2.38761 2.20461 2.20706 2.20706 2.20706 2.20706 2.20706
2.02158 2.04214 2.00012 1.97100 1.97100 1.97100 1.97100 1.96141 1.94181 1.94181 1.56630 1.27329 1.16660 1.14721 1.14721 1.14721 1.14721 1.15761 1.18112 1.23334 1.42024 1.83594 1.81958 1.80538 1.82848 1.98172 2.04083 2.29161 2.36789 2.39139 2.41490 2.43847 2.46226 2.43610 2.28455 2.20687 2.12929 2.05164 1.98647 2.00924 2.57535 2.60676 2.62053 2.64311 2.64311 2.64311 2.62423 2.35218 2.34758 2.39190 2.45474 2.51751 2.57698 2.59135 2.59135 2.59135 2.59135 2.36150 2.30143 2.43069 2.19961 2.20706 2.20706 2.20706 2.20706 2.20706
1.91435 1.88677 1.83298 1.75737 1.73080 1.70322 1.67569 1.63963 1.50446 1.46917 1.53633 1.81551 1.69807 1.62822 1.65173 1.68255 1.82518 1.99527 2.15203 2.28010 2.29265 2.30509 2.21795 2.23527 2.28156 2.37747 2.47092 2.60556 2.65042 2.57762 2.49682 2.41602 2.33522 2.22021 1.99053 1.99053 1.99053 1.99053 1.99053 1.99053 2.47212 2.60927 2.60901 2.64311 2.64317 2.65516 2.67590 2.56078 2.57296 2.59135 2.59135 2.59135 2.59135 2.59135 2.59135 2.59135 2.59135 2.44894 2.28323 2.41866 2.23365 2.20706 2.20706 2.20706 2.20706 2.20706
1.48460 1.48460 1.47735 1.40811 1.41149 1.41149 1.41149 1.41149 1.28320 1.24243 1.34588 1.97967 1.97822 1.94792 2.10481 2.25435 2.31579 2.36487 2.41695 2.47216 2.53104 2.66678 2.56976 2.59993 2.51679 2.44119 2.41602 2.33522 2.26687 2.25887 2.25887 2.25887 2.25887 2.25567 2.00269 1.99053 1.99053 1.99053 1.99053 1.99053 2.33551 2.61903 2.63049 2.69111 2.71325 2.72201 2.72201 2.66725 2.57980 2.56890 2.55773 2.54630 2.53468 2.52276 2.51052 2.49807 2.48533 2.40670 2.06657 2.12924 2.17055 2.20706 2.21124 2.22056 2.23127 2.24369
1.48460 1.48460 1.48460 1.41751 1.41149 1.41149 1.41149 1.41149 1.37825 1.47799 1.67592 2.55292 2.67955 2.53820 2.60144 2.66909 2.70470 2.70470 2.69963 2.62128 2.52703 2.51577 2.32930 2.22395 2.21472 2.21470 2.25303 2.25887 2.25887 2.25887 2.25887 2.25887 2.26222 2.28127 2.09303 2.04474 2.06347 2.08913 2.13497 2.18359 2.35055 2.56979 2.54381 2.55238 2.55242 2.52929 2.50560 2.46839 2.31633 2.30459 2.29411 2.28363 2.27310 2.26258 2.25211 2.24159 2.23064 2.21037 1.81435 1.75396 1.96591 2.25697 2.27227 2.27227 2.30121 2.43316
1.48460 1.48460 1.48460 1.43417 1.42402 1.55261 1.70951 1.86629 1.97986 1.96746 1.96746 2.49658 2.70470 2.70356 2.63754 2.54178 2.45468 2.37520 2.30814 2.30429 2.31815 2.36962 2.44475 2.33219 2.35599 2.38050 2.43512 2.49582 2.54395 2.59357 2.64486 2.69797 2.74731 2.77573 2.63913 2.54140 2.59391 2.63899 2.66191 2.68329 2.70476 2.39292 2.27303 2.32875 2.38089 2.38089 2.38089 2.38089 2.25965 2.22409 2.22409 2.22282 2.20836 2.19040 2.17244 2.15447 2.13612 2.12602 1.90514 1.84044 2.20717 3.01087 3.55199 4.02627 4.79088 5.23971
1.48535 1.57850 1.73528 1.85875 1.96297 1.99479 2.00801 2.02187 2.03567 2.01016 1.95555 2.24080 2.49329 2.42994 2.41714 2.43144 2.44581 2.46015 2.47203 2.47365 2.47412 2.48584 2.95037 2.81243 2.83387 2.85524 2.89257 2.93903 2.93903 2.94041 2.96392 2.99502 3.02614 3.05340 2.94175 2.72196 2.72196 2.72196 2.72196 2.72196 2.72196 2.49272 2.27303 2.29824 2.38089 2.38089 2.37831 2.36228 2.27271 2.16661 2.14370 2.12092 2.11142 2.10535 2.09891 2.09205 2.08608 2.08547 2.08547 2.16310 2.63027 4.07628 5.62204 5.93153 5.94757 5.94757
2.07836 2.13810 2.13154 2.11782 2.15774 2.26033 2.33393 2.40695 2.47993 2.11732 1.88579 2.06018 2.47653 2.47689 2.47692 2.47692 2.47692 2.47692 2.47692 2.47692 2.47692 2.47692 2.91355 2.92530 2.88384 2.88402 2.90487 2.98707 3.02004 3.04978 3.05738 3.05738 3.05738 3.05738 3.01121 2.72196 2.72196 2.72196 2.72196 2.72196 2.72196 2.60384 2.34493 2.40559 2.34751 2.30426 2.28602 2.28278 2.25455 2.08557 2.08581 2.08849 2.09160 2.09469 2.09780 2.11665 2.21376 2.32140 2.42906 2.60075 2.87400 4.16053 5.94757 5.94757 5.94757 5.94757
2.05272 2.12254 2.19508 2.26731 2.41404 2.52006 2.52006 2.52006 2.52006 2.30242 1.88712 1.93702 2.47627 2.47692 2.47692 2.47692 2.47692 2.47692 2.47692 2.47692 2.47692 2.47692 2.70108 3.03390 2.95581 2.97436 2.97376 3.00055 3.00286 2.98972 2.97674 2.96366 2.95065 2.93766 2.92353 2.76404 2.77744 2.84050 2.90871 2.97684 3.04505 3.06863 2.66235 2.66364 2.47185 2.35294 2.35601 2.35915 2.36220 2.20398 2.17208 2.18375 2.27332 2.37790 2.48237 2.57111 2.58167 2.58167 2.58167 2.61504 2.72122 3.73935 5.94757 5.94757 5.94757 5.94757
2.32729 2.32729 2.32910 2.33469 2.38674 2.53886 2.54455 2.55024 2.55595 2.51839 1.94340 1.94011 2.30768 2.34022 2.32981 2.31943 2.30894 2.29853 2.27770 2.20994 2.13643 2.06283 2.08826 2.66879 2.69074 2.69011 2.69011 2.71408 2.74530 2.74530 2.74530 2.75681 2.81655 2.88162 2.94668 3.05798 3.12926 3.13433 3.13433 3.13433 3.13433 3.13433 2.75379 2.68541 2.58046 2.36850 2.36850 2.35299 2.12772 2.09545 2.47340 2.56665 2.58167 2.58167 2.58167 2.58167 2.58167 2.58167 2.58167 2.59344 2.70834 3.25591 5.66041 5.94757 5.94757 5.94757
2.43307 2.43875 2.44264 2.44275 2.44576 2.63497 2.63553 2.63553 2.63553 2.63553 2.15171 2.00259 2.15095 2.22725 2.22494 2.17859 2.11549 2.05231 1.99951 1.99374 1.99374 1.99374 2.01828 2.55710 2.69052 2.69011 2.69310 2.72297 2.88162 2.94668 3.01175 3.06531 3.07064 3.07064 3.07064 3.10362 3.13433 3.13433 3.13433 3.13433 3.13433 3.13433 2.85296 2.68286 2.48099 1.89799 1.60196 1.32639 1.26046 1.51059 2.58167 2.58167 2.58167 2.58167 2.58167 2.58167 2.58167 2.58167 2.58167 2.58176 2.69468 2.99455 4.93378 5.94757 5.94757 5.94757
2.44275 2.44275 2.44275 2.44275 2.43451 2.60224 2.63553 2.63553 2.63553 2.63553 2.33507 1.97284 2.01073 2.07131 2.01051 1.99374 1.99374 1.99374 1.99374 1.99374 1.99374 1.99488 2.00811 2.45692 2.74972 2.76944 2.78698 2.78915 3.03141 3.07064 3.07064 3.07064 3.07064 3.07064 3.07064 3.09045 3.13433 3.13433 3.13433 3.13433 3.00591 2.71527 2.24213 1.68673 1.57737 1.33537 1.26174 1.28684 1.32041 1.35618 2.53819 2.74260 2.77634 2.81001 2.84359 2.87727 2.91100 2.94457 2.97825 3.01302 3.26710 3.57869 5.09869 5.94757 5.94757 5.94757
2.44275 2.44275 2.44275 2.44275 2.44124 2.55160 2.63553 2.62133 2.56162 2.49851 2.31826 1.76910 1.82268 1.99374 1.99374 1.99374 1.99408 2.00526 2.02166 2.03806 2.05445 2.06971 2.07297 2.34504 2.79037 2.78915 2.78915 2.78915 2.95081 3.07064 3.07064 3.07064 3.05335 3.02329 2.99319 2.96965 2.91587 2.60425 2.28300 1.96186 1.76892 1.73841 1.74104 2.00203 2.03560 1.91706 1.78477 1.79335 1.79335 1.79335 2.52701 3.11456 3.11456 3.11456 3.11748 3.15227 3.19581 3.23933 3.28285 3.32540 3.50593 3.71796 4.63914 5.94757 5.94757 5.94757
2.44275 2.44275 2.44275 2.43844 2.38781 2.38807 2.45435 2.40543 2.40202 2.40202 2.40884 1.85461 1.81597 2.06947 2.10742 2.14326 2.17977 2.20542 2.22726 2.25178 2.27719 2.30366 2.33097 2.37133 2.57971 2.54803 2.51785 2.48779 2.53876 2.70921 2.67911 2.64904 2.59202 2.33019 2.03900 1.74791 1.59467 1.59188 1.59188 1.59188 1.59188 1.59188 1.59831 2.08498 2.11026 2.04802 1.79335 1.79335 1.79335 1.79923 2.15265 3.20252 3.24601 3.28956 3.33016 3.33888 3.33888 3.33888 3.33888 3.33888 3.43436 3.71796 4.13052 5.42924 5.06098 4.68586
2.40707 2.34408 2.28106 2.22237 2.20996 2.32834 2.63851 2.63211 2.52750 2.41401 2.28642 2.10274 2.07749 2.31031 2.36529 2.36880 2.37228 2.37578 2.37784 2.37786 2.37786 2.37786 2.37786 2.37786 2.36035 2.35543 2.35473 2.35473 2.34648 2.37674 2.09551 1.80431 1.55755 1.52819 1.52819 1.52819 1.57195 1.59188 1.59188 1.59188 1.59188 1.59188 1.59188 1.97690 2.11085 2.11211 1.90453 1.93151 1.97503 2.01270 2.03102 3.22176 3.33888 3.33888 3.33888 3.33888 3.33888 3.33888 3.31052 3.21714 3.14513 3.30792 3.38030 4.34370 4.47825 4.47825
2.34585 2.36408 2.37105 2.29046 2.19136 2.15205 2.20809 2.10561 2.10093 2.10093 2.10093 2.09967 2.09703 2.26715 2.37786 2.37786 2.37786 2.37786 2.37786 2.37786 2.37786 2.37786 2.37786 2.37786 2.36371 2.22619 1.87041 1.57944 1.30675 1.44782 1.52819 1.52834 1.53010 1.53225 1.53440 1.53656 1.55607 1.56733 1.56382 1.56077 1.56013 1.55963 1.55923 1.82917 2.07611 2.07275 2.00121 1.95750 1.95393 1.95037 1.94679 2.74200 3.26086 3.25734 3.23103 3.13814 3.04073 2.94345 2.87439 2.87039 2.87042 3.18412 3.24579 4.13879 4.47825 4.47825
2.12076 2.00349 1.89750 1.87905 1.87905 1.89653 2.08610 2.10093 2.10180 2.12347 2.15380 2.18387 2.21050 2.30712 2.39190 2.39406 2.39621 2.39836 2.40052 2.40269 2.40484 2.35290 2.20401 2.05321 1.89607 1.80182 1.30449 1.28877 1.29093 1.41372 1.57673 1.57874 1.57914 1.57914 1.57969 1.58255 1.56142 1.50035 1.50349 1.50603 1.50627 1.50627 1.50627 1.66219 2.02465 2.02465 1.98734 1.91652 1.91652 1.91652 1.93290 2.35000 3.03973 2.94595 2.87480 2.87039 2.87039 2.87039 2.87039 2.87039 2.87039 3.09879 3.22818 3.74480 4.47825 4.47825
2.17421 2.19843 2.22270 2.24686 2.27108 2.29541 2.58983 2.68197 2.71143 2.71998 2.71998 2.71998 2.71710 2.66301 2.42881 2.42881 2.42881 2.40627 2.26927 2.11624 1.96333 1.86439 1.86247 1.86247 1.85951 1.84076 1.46286 1.29765 1.29765 1.33749 1.58252 1.58563 1.58874 1.59185 1.59444 1.59469 1.58852 1.50657 1.50627 1.50627 1.50627 1.50627 1.50627 1.54872 2.02351 2.02465 2.02384 2.00570 2.10479 2.20520 2.28913 2.31378 2.83958 2.87039 2.87039 2.87039 2.87039 2.87039 2.87039 2.87039 2.87039 3.02321 3.22818 3.48139 4.47825 4.47825
