High_resolution/powerplant/Shangrao/OMI_NO2_201103.asc
ncols      200
nrows      200
xllcorner       115.451
yllcorner       27.0350
cellsize     0.0166667
NODATA_Value      -999.000
[rows 58 to 86 of 200, columns 67 to 133 of 200]
5.00183 4.34729 3.77327 3.33885 3.38713 3.37040 3.40793 3.45345 3.49899 3.54302 3.55559 3.55559 3.55559 4.23774 4.50672 4.50672 4.50672 4.50672 4.50672 4.50672 4.50672 4.50672 4.50672 4.50672 4.24081 4.13207 4.69008 4.69008 4.69008 4.71198 4.79883 5.15809 5.25463 5.30031 5.30031 5.30031 5.37251 5.80103 6.42054 7.04748 7.58477 8.02701 8.20344 8.20469 8.20469 8.16487 6.05255 5.75740 3.44277 3.39766 3.34534 3.30003 3.30003 3.30003 3.30003 3.30003 3.30003 3.30003 3.29774 3.23581 3.14717 3.05856 2.97438 2.95364 2.92900 2.58176 1.83505
2.99877 2.98769 3.08283 3.19332 3.47214 3.54760 3.55559 3.55559 3.55559 3.55559 3.55559 3.55559 3.55559 3.96362 4.50672 4.50672 4.50672 4.50672 4.50672 4.50672 4.50672 4.50672 4.50672 4.50672 4.48722 3.85941 4.76227 4.82631 4.89038 4.93254 4.93349 5.28258 5.79519 6.23123 6.82793 7.38099 7.83504 8.11575 8.20469 8.20469 8.20469 8.20469 8.20469 8.20469 8.20469 8.20469 6.70043 5.90296 4.00472 3.39766 3.37612 3.30003 3.30003 3.30003 3.29919 3.24373 3.15524 3.06660 2.98028 2.95364 2.95364 2.95364 2.95364 2.95364 2.94646 2.84501 1.88179
3.30669 3.40460 3.41962 3.41962 3.48838 3.55559 3.55559 3.55559 3.55559 3.55559 3.55559 3.55559 3.55559 3.68930 4.50672 4.50672 4.50672 4.50672 4.50672 4.50672 4.50672 4.52454 4.76830 5.08054 5.39267 4.45854 4.82057 4.89954 4.86145 4.89489 5.11176 6.60901 7.92940 8.16581 8.20469 8.20469 8.20469 8.20469 8.20469 8.20469 8.20469 8.20469 8.20469 8.20469 8.20469 8.20469 7.38847 5.90296 4.71174 3.39766 3.39722 3.27372 3.16320 3.07464 2.98680 2.95364 2.95364 2.95364 2.95364 2.95364 2.95364 2.95364 2.94115 2.85404 2.75457 2.45496 2.48859
3.41962 3.41962 3.41962 3.41962 3.44659 3.55559 3.55559 3.55559 3.55559 3.55559 3.55559 3.55559 3.55559 3.55559 4.36615 4.50672 4.50672 4.50707 4.67644 4.98869 5.30082 5.59408 5.63516 5.59704 5.55893 4.94540 4.55846 5.41263 5.67684 5.86940 5.87855 6.48335 8.20469 8.20469 8.20469 8.20469 8.20469 8.20469 8.20469 8.20469 8.20469 8.20469 8.20469 8.20469 8.20469 8.20469 8.04258 6.01788 5.72445 3.92954 4.15606 3.48898 2.95364 2.95364 2.95364 2.95364 2.95364 2.95364 2.91173 2.81454 2.77853 2.77189 2.77775 2.85822 2.95109 2.47694 2.24547
3.41962 3.41962 3.41962 3.41962 3.42006 3.54029 3.55559 3.55559 3.55559 3.55559 3.55559 3.55559 3.55559 3.55559 4.17965 4.89706 5.20887 5.49784 5.60251 5.56442 5.52659 5.50902 5.52959 5.56095 5.59232 5.54013 4.46523 5.87855 5.87855 5.87855 5.87855 5.93438 8.08908 8.20469 8.20469 8.20469 8.20469 8.20469 8.20469 8.20469 8.20469 8.20469 8.20469 8.25331 8.46644 8.69339 8.91999 7.32343 6.75451 4.49699 4.26124 3.90167 2.95364 2.94810 2.87701 2.85223 2.84559 2.83879 2.87407 2.96463 2.99386 2.99386 2.99386 2.99386 2.99386 2.72889 2.13204
3.41962 3.41962 3.41962 3.41962 3.41962 3.49891 3.55559 3.55559 3.55559 3.55559 3.58810 3.85407 4.21718 4.66073 5.17880 5.53179 5.49509 5.50301 5.53440 5.56575 5.59687 5.60888 5.60888 5.60888 5.60888 5.60888 4.42612 5.80139 5.87855 5.87855 5.87855 5.87855 7.48196 8.20469 8.20469 8.20469 8.20469 8.20469 8.20469 8.22904 8.42317 8.64986 8.87664 9.05471 9.06827 9.06827 9.06827 8.01385 6.76654 5.17717 4.23334 4.19837 2.99395 2.91136 2.97572 2.99386 2.99386 2.99386 2.99386 2.99386 2.99386 2.99386 2.99386 2.99386 2.99386 2.95563 2.11762
3.41962 3.41962 3.41962 3.41962 3.41962 3.45707 3.55964 3.78473 4.21768 4.66195 5.07405 5.25257 5.33699 5.36424 5.39999 5.56451 5.60070 5.60888 5.60888 5.60888 5.60888 5.60888 5.60888 5.60888 5.60888 5.60888 4.94482 5.23580 5.87855 5.87855 5.87855 5.87855 6.81901 8.20469 8.20469 8.21315 8.37982 8.60660 8.83329 9.03571 9.06827 9.06827 9.06827 9.06827 9.02271 8.63305 8.11907 7.27863 5.22488 4.70813 4.30146 4.30146 3.45989 2.99386 2.99386 2.99386 2.99386 2.99386 2.99386 2.99386 2.99386 2.99386 2.99386 2.99386 2.99386 2.98105 2.24320
3.41962 3.41962 3.42492 3.64100 4.08289 4.53070 5.09637 5.32336 5.34041 5.36906 5.40040 5.43178 5.46024 5.46532 5.46532 5.56576 5.60888 5.60888 5.60888 5.60888 5.60888 5.60888 5.60888 5.60888 5.60888 5.60888 5.50064 4.63288 5.87855 5.87855 5.87855 5.87924 6.28863 8.56101 8.79002 9.00825 9.06827 9.06827 9.06827 9.02188 8.74385 8.27552 7.76183 7.24674 6.77691 6.65328 6.65328 6.65296 5.12187 4.83021 4.30751 4.30146 3.87276 2.99386 2.99386 2.99386 2.99386 2.99386 2.99386 2.99386 2.99386 2.98485 2.91313 2.82936 2.74571 2.67472 2.25596
4.08417 4.52877 4.96804 5.19644 5.17689 5.08421 5.25766 5.43656 5.46261 5.46532 5.46532 5.46532 5.46532 5.46532 5.46532 5.52428 5.60888 5.60888 5.60888 5.60888 5.60888 5.60888 5.60888 5.60888 5.60888 5.60888 5.60888 4.48765 5.95823 6.19385 6.42054 6.64654 6.74214 8.67934 9.02028 8.75564 8.41783 7.91856 7.40440 6.93569 6.69883 6.65328 6.65328 6.65328 6.65328 6.65328 6.65328 6.65328 5.65368 4.87270 4.42633 4.30146 4.24145 3.03746 2.99386 2.99386 2.99386 2.98796 2.92063 2.83683 2.75315 2.67842 2.66637 2.66637 2.66637 2.66637 2.50796
5.06094 5.08094 4.98347 4.88575 4.81029 4.80524 5.03984 5.46532 5.46532 5.46532 5.46532 5.46532 5.46532 5.46532 5.46532 5.48315 5.60876 5.60888 5.60888 5.60888 5.60888 5.60888 5.60888 5.60888 5.60150 5.56540 5.52641 5.09164 6.30041 6.75148 6.82639 6.91391 6.90438 7.19918 7.09524 6.84472 6.66721 6.65328 6.65328 6.65328 6.65328 6.65328 6.65328 6.65328 6.65328 6.65328 6.65328 6.65328 6.18597 4.87270 4.58765 4.30146 4.30146 3.38689 2.92813 2.84433 2.76059 2.68278 2.66637 2.66637 2.66637 2.66637 2.66637 2.66637 2.66637 2.65976 2.62697
4.15319 4.80524 4.80524 4.80524 4.80524 4.80524 4.84983 5.45404 5.46532 5.46532 5.46532 5.46532 5.46532 5.46532 5.46532 5.46532 5.58513 5.60888 5.60888 5.60888 5.60683 5.57676 5.53776 5.49878 5.47140 5.53549 5.62301 5.63541 5.89429 6.76973 6.55786 6.33368 6.20646 6.32347 6.65328 6.65328 6.65328 6.65328 6.65328 6.65328 6.65328 6.65328 6.65328 6.65328 6.65328 6.65328 6.65328 6.65328 6.61536 4.97454 4.64759 4.03229 3.86440 3.32122 2.66637 2.66637 2.66637 2.66637 2.66637 2.66637 2.66633 2.64799 2.61397 2.54799 2.46709 2.39281 2.34273
3.43951 4.80524 4.80524 4.80524 4.80524 4.80524 4.80524 5.29742 5.46532 5.46532 5.46532 5.46532 5.46532 5.46532 5.46532 5.46532 5.54366 5.58811 5.54911 5.51127 5.53132 5.60993 5.69749 5.78248 5.83113 5.80732 5.76290 5.71926 5.30713 6.20588 6.20588 6.20588 6.20588 6.21716 6.63181 6.65328 6.65328 6.65328 6.65328 6.65328 6.65328 6.65328 6.65328 6.65328 6.65328 6.65328 6.58293 6.41567 6.24770 4.89706 4.22687 3.70459 3.66135 3.58141 2.67906 2.66637 2.66257 2.63079 2.55936 2.47843 2.39760 2.33502 2.28816 2.27323 2.27323 2.27323 2.27323
2.70619 4.71133 4.80524 4.80524 4.80524 4.80524 4.80524 5.09601 5.46532 5.46532 5.46532 5.46532 5.46532 5.45461 5.41692 5.39469 5.44613 5.68445 5.77193 5.85311 5.84513 5.80070 5.75631 5.71438 5.70463 5.70463 5.70463 5.70463 5.32610 6.05077 6.20588 6.20588 6.20588 6.20588 6.51551 6.65328 6.65328 6.65328 6.65328 6.65328 6.65328 6.65328 6.60892 6.44723 6.27933 6.11136 6.01381 6.01317 6.01317 5.36183 4.23258 3.86014 3.64116 3.56566 2.73501 2.40891 2.33178 2.28272 2.27323 2.27323 2.27323 2.27323 2.27323 2.27323 2.27323 2.27323 2.27323
2.63371 4.20477 4.80524 4.80524 4.80524 4.80524 4.80524 4.89511 5.46499 5.46139 5.43615 5.43155 5.42909 5.43743 5.47260 5.48344 5.45084 5.77317 5.74967 5.71049 5.70463 5.70463 5.70463 5.70463 5.70463 5.70463 5.70463 5.70463 5.59980 5.64099 6.20588 6.20588 6.20588 6.20588 6.38806 6.65328 6.65328 6.65328 6.62896 6.47885 6.31088 6.14292 6.01944 6.01317 6.01317 6.01317 6.01317 6.00007 5.73336 5.23836 4.11272 3.79440 3.27364 3.26821 2.83107 2.27323 2.27323 2.27323 2.27323 2.27323 2.27323 2.27323 2.27323 2.27323 2.27323 2.27323 2.27323
2.63371 3.51285 4.80524 4.80524 4.80524 4.80704 4.81077 4.80834 5.35424 5.46745 5.49023 5.47876 5.43542 5.39097 5.34655 5.31106 5.30811 5.57812 5.70463 5.70463 5.70463 5.70463 5.70463 5.70463 5.70463 5.70463 5.70463 5.70463 5.70463 5.39979 6.20588 6.20588 6.20588 6.20588 6.25025 6.51011 6.34244 6.17454 6.03103 6.01317 6.01317 6.01317 6.01149 5.95197 5.62329 5.25570 4.88795 4.53315 4.43227 4.43227 4.12788 3.96485 3.27213 3.26821 3.14215 2.27482 2.27323 2.27323 2.27323 2.27323 2.27323 2.27323 2.27323 2.27323 2.25763 2.19577 2.13083
2.63379 2.77547 4.77962 4.84519 4.84272 4.83851 4.83232 4.85559 5.18618 5.38435 5.33995 5.30914 5.30811 5.30811 5.30811 5.30811 5.30811 5.46384 5.70463 5.70463 5.70463 5.70463 5.70463 5.70463 5.70463 5.70463 5.70463 5.70463 5.70463 5.32633 6.14109 6.09470 5.92660 5.75876 5.60117 5.94023 6.01317 6.01149 6.00226 5.87459 5.51343 5.14553 4.77961 4.47145 4.43227 4.43227 4.43227 4.43227 4.43227 4.43227 4.24616 4.03585 3.41780 3.26821 3.26821 2.46128 2.27323 2.27323 2.27323 2.27323 2.26099 2.20089 2.13597 2.07106 2.02173 2.01867 2.01867
2.86659 2.89123 4.34481 4.85733 4.91558 4.97397 5.03238 5.06750 5.12108 5.30811 5.30811 5.30811 5.30811 5.30811 5.30811 5.30811 5.30811 5.35065 5.70352 5.70463 5.70463 5.70463 5.70463 5.70463 5.70463 5.70463 5.70463 5.56877 5.23286 4.80979 5.18785 5.56577 5.57745 5.66075 5.75458 5.71732 5.40336 5.03744 4.67893 4.43870 4.43227 4.43227 4.43227 4.43227 4.43227 4.43227 4.43227 4.43227 4.43227 4.43227 4.36447 4.03585 3.63460 3.26821 3.26821 2.77401 2.26394 2.20603 2.14112 2.07618 2.02351 2.01867 2.01867 2.01867 2.01867 2.01867 2.01867
2.99071 3.10674 4.00077 5.06771 5.06785 5.06785 5.06785 5.06785 5.06970 5.28616 5.30811 5.30811 5.30811 5.30811 5.30811 5.30811 5.30811 5.30811 5.63174 5.70463 5.70463 5.70463 5.70463 5.64358 5.33269 4.99490 4.65724 4.46130 4.53511 4.63051 5.00489 5.62284 5.34916 5.00367 4.64745 4.48109 4.43227 4.43227 4.43227 4.43227 4.43227 4.43227 4.43227 4.43227 4.43227 4.43227 4.43227 4.43227 4.43227 4.43227 4.43200 4.08654 3.84858 3.23147 3.18896 2.95187 2.02570 2.01867 2.01867 2.01867 2.01867 2.01867 2.01867 2.01955 2.05443 2.10660 2.15642
3.08294 3.24453 3.37925 5.02940 5.06785 5.06785 5.06785 5.06785 5.06785 5.21476 5.30811 5.30811 5.30811 5.30811 5.30811 5.30811 5.30811 5.30811 5.51735 5.68887 5.43253 5.09486 4.75921 4.54853 4.61702 4.71251 4.78303 4.70791 4.54155 4.35562 4.09720 4.49412 4.49918 4.49918 4.49918 4.49733 4.43505 4.43227 4.43227 4.43227 4.43227 4.43227 4.43227 4.43227 4.43227 4.43227 4.43227 4.43227 4.43166 4.40375 4.36123 4.09101 3.86919 3.15190 3.10630 3.10501 2.16115 2.01867 2.01867 2.02807 2.07593 2.12535 2.17403 2.22192 2.23577 2.23232 2.23122
2.94012 3.24453 3.24453 4.65681 5.06785 5.06785 5.06785 5.06785 5.06785 5.14150 5.30811 5.30811 5.30811 5.30811 5.30811 5.30811 5.13596 4.79824 4.59655 4.68511 4.69902 4.79442 4.84580 4.69920 4.51311 4.32710 4.16597 4.14434 4.14434 4.14434 4.08952 4.36172 4.49918 4.49918 4.49918 4.49918 4.45228 4.43227 4.43227 4.43227 4.43227 4.43227 4.43227 4.43227 4.43227 4.41194 4.36942 4.32690 4.28498 4.27036 4.27036 4.16087 3.87394 3.35525 3.10630 3.13278 2.57554 2.14298 2.19171 2.23104 2.23193 2.23122 2.23122 2.23122 2.23122 2.23122 2.23122
2.80040 3.24164 3.24453 4.10452 5.06785 5.06785 5.06785 5.06785 5.06785 5.07723 5.29910 5.30811 5.22191 4.91752 4.64653 4.37769 4.28123 4.35012 4.32703 4.63641 4.48467 4.29858 4.15446 4.14434 4.14434 4.14434 4.14434 4.14434 4.14434 4.14434 4.14348 4.20522 4.49918 4.49918 4.49918 4.49918 4.47128 4.43227 4.43227 4.43227 4.43227 4.41918 4.37761 4.33509 4.29258 4.27036 4.27036 4.27036 4.27036 4.27036 4.26245 4.24211 3.83860 3.57453 3.29699 3.31925 3.05253 2.23122 2.23122 2.23122 2.23122 2.23122 2.23122 2.23122 2.23122 2.23122 2.23122
2.75486 3.14434 3.24453 3.42772 5.04436 5.06785 5.06785 5.06785 5.04543 4.82357 4.72214 4.52630 4.34376 4.37947 4.29277 4.10668 3.92067 3.73466 3.61163 3.96505 4.14434 4.14434 4.14434 4.14434 4.14434 4.14434 4.14434 4.14434 4.14434 4.14434 4.14434 4.10154 4.49918 4.49918 4.49918 4.49918 4.49034 4.42486 4.38582 4.34330 4.30077 4.27135 4.27036 4.27036 4.27036 4.25628 4.20261 4.19586 4.19373 4.19111 4.19646 4.20401 3.87677 3.67696 3.31936 3.31885 3.30536 2.31878 2.23122 2.23122 2.23122 2.23122 2.23122 2.23122 2.23122 2.23122 2.23122
2.75486 3.00170 3.24453 3.24584 4.75013 4.97219 4.70335 4.43454 4.18833 4.14113 4.17094 4.07824 3.89216 3.70615 3.60885 3.60885 3.60885 3.60885 3.60885 3.81148 4.14434 4.14434 4.14434 4.14434 4.14434 4.14434 4.14434 4.14434 4.14434 4.14434 4.14434 4.07809 4.41992 4.49580 4.46094 4.41842 4.37589 4.28408 4.27036 4.27036 4.25548 4.18450 4.14184 4.13971 4.13694 4.14859 4.20003 4.20401 4.20401 4.20401 4.20401 4.20401 4.01964 3.72313 3.38677 3.31885 3.31885 2.64528 2.23122 2.23122 2.23122 2.23122 2.23122 2.31425 2.53222 2.75183 2.97160
2.96927 3.21639 3.59271 3.69485 3.97597 4.14094 4.11411 4.07190 4.02969 3.98774 3.93710 3.61147 3.60885 3.60885 3.60885 3.60885 3.60885 3.60885 3.60885 3.66026 4.14191 4.14434 4.14434 4.14434 4.14434 4.14434 4.14434 4.14434 4.14434 4.14304 4.06843 3.94827 4.11812 4.34496 4.33727 4.34866 4.41061 4.27881 4.08548 4.08277 4.09552 4.16387 4.20394 4.20401 4.20401 4.20401 4.20401 4.20401 4.20401 4.20401 4.20401 4.20401 4.15939 3.72625 3.50039 3.31885 3.31885 2.98571 2.23122 2.30063 2.51558 2.73527 2.95497 3.09162 3.09344 3.09344 3.09344
3.51762 3.51829 3.66990 3.62477 3.62301 3.98317 3.97091 3.97091 3.97091 3.97091 3.97091 3.68794 3.60885 3.60885 3.60885 3.60885 3.60885 3.60885 3.60885 3.60885 4.03954 4.14434 4.14434 4.14434 4.14434 4.14434 4.10092 3.98538 3.86858 3.75321 3.71744 3.77451 4.01291 4.54681 4.68003 4.81037 4.88993 4.74433 4.20401 4.20401 4.20401 4.20401 4.20401 4.20401 4.20401 4.20401 4.20401 4.20401 4.20401 4.20401 4.20401 4.20401 4.20401 3.82445 3.61401 3.31764 3.31212 3.27087 2.94697 3.08869 3.09344 3.09344 3.09344 3.09344 3.09344 3.09344 3.09138
3.34522 3.28293 3.39734 3.47571 3.47571 3.88487 3.97091 3.97091 3.97091 3.97091 3.97091 3.79830 3.60885 3.60885 3.60885 3.60885 3.60885 3.60885 3.60885 3.60885 3.88591 4.14434 4.12510 4.01887 3.90220 3.78826 3.76558 3.83259 3.90059 4.00481 4.20863 4.36864 4.52975 4.95697 4.98274 4.98274 4.98274 4.95712 4.23352 4.20401 4.20401 4.20401 4.20401 4.20401 4.20401 4.20401 4.20401 4.20401 4.20401 4.20401 4.20401 4.20341 4.19840 3.95581 3.69367 3.31325 3.29636 3.29636 3.15811 3.09344 3.09344 3.09344 3.08254 3.05039 3.10411 3.18291 3.26386
3.26191 3.26191 3.33540 3.47571 3.47571 3.74271 3.97091 3.97091 3.97091 3.97091 3.97091 3.90873 3.60885 3.60885 3.60885 3.60885 3.60885 3.60885 3.60404 3.51705 3.52444 3.86249 3.83319 3.89061 3.95867 4.07833 4.24316 4.39211 4.54106 4.65384 4.66065 4.66065 4.66073 4.87711 4.98274 4.98274 4.98274 4.98274 4.42886 4.20401 4.20401 4.20401 4.20401 4.20401 4.20401 4.20401 4.20401 4.20381 4.19954 4.19363 4.18772 4.18241 4.18151 4.08769 3.70064 3.41449 3.29636 3.29596 3.21132 3.14811 3.22683 3.30577 3.39546 3.50644 3.53148 3.53148 3.53148
3.26191 3.26191 3.27654 3.47266 3.47571 3.55921 3.96992 3.97091 3.97091 3.97091 3.97091 3.97069 3.65727 3.60885 3.60885 3.55062 3.46397 3.43204 3.40588 3.46212 3.55332 4.08577 4.26653 4.41558 4.56459 4.65916 4.66065 4.66065 4.66065 4.66065 4.66065 4.66065 4.66065 4.78033 4.98274 4.98274 4.98274 4.98274 4.64961 4.20401 4.20401 4.20401 4.20401 4.20399 4.20067 4.19476 4.18886 4.18315 4.18151 4.18151 4.18151 4.18151 4.18151 4.19698 3.77881 3.61258 3.55256 3.63182 3.70575 3.53468 3.53148 3.53148 3.53148 3.53148 3.53148 3.53148 3.53148
3.26191 3.26191 3.26191 3.42530 3.47571 3.47571 3.89785 3.97091 3.97091 3.97091 3.97091 3.95372 3.71514 3.52566 3.49486 3.52220 3.58017 3.67897 3.82792 3.97686 4.12581 4.50221 4.66065 4.66065 4.66065 4.66065 4.66065 4.66065 4.66065 4.66065 4.66065 4.66065 4.66065 4.68713 4.97917 4.98274 4.98274 4.98274 4.87076 4.20401 4.20175 4.19589 4.18999 4.18409 4.18151 4.18151 4.18151 4.18151 4.19140 4.25693 4.36152 4.46686 4.57206 4.66031 4.13015 3.76690 3.73440 3.73440 3.73440 3.58334 3.53148 3.53148 3.53148 3.53148 3.53148 3.53148 3.53148
