High_resolution/powerplant/Shangrao/OMI_NO2_201112.asc
ncols      200
nrows      200
xllcorner       115.451
yllcorner       27.0350
cellsize     0.0166667
NODATA_Value      -999.000
[rows 0 to 28 of 200, columns 67 to 133 of 200]
27.7501 27.5084 30.6082 30.9352 30.9352 33.4770 34.4530 34.4530 34.4530 34.4530 34.4624 35.2701 35.3573 35.3573 35.3573 35.3573 35.3573 37.0077 0.00000 0.00000 0.00000 0.00000 0.00000 0.00000 0.00000 0.00000 0.00000 0.00000 0.00000 0.00000 0.00000 0.00000 0.00000 22.5758 22.5758 22.5758 22.5758 22.5758 22.5758 22.5758 21.2596 19.1437 17.5817 16.3827 15.4358 18.2577 18.6967 18.4426 17.9723 17.9723 17.9723 17.9723 17.9723 17.9723 17.9723 17.9723 17.9723 17.9723 17.9723 17.9723 17.9723 14.2440 5.77797 5.77797 5.77797 0.00000 0.00000
26.4775 26.4775 29.5219 30.9352 30.9352 32.2679 34.4530 34.4530 34.4530 34.4530 34.4530 34.9599 35.3573 35.3573 35.3573 35.3573 35.3573 36.3112 41.6054 0.00000 0.00000 0.00000 0.00000 0.00000 0.00000 0.00000 0.00000 0.00000 22.4937 22.5758 22.5758 22.5758 22.5758 22.5758 22.5513 20.8971 18.8822 17.3843 16.2276 15.3069 14.9013 14.9013 14.9013 14.9013 14.9013 17.1622 18.6967 18.6392 17.9790 17.9723 17.9723 17.9723 17.9723 17.9723 17.9723 17.9723 17.9723 17.9723 17.9723 17.9723 17.9723 16.7227 5.77797 5.77797 5.77797 0.00000 0.00000
26.4775 26.4775 28.1024 30.9352 30.9352 31.2714 34.4398 34.4530 34.4530 34.4530 34.4530 34.7030 35.3573 35.3573 35.3564 35.1963 34.9174 34.7378 38.4929 0.00000 0.00000 0.00000 0.00000 20.0007 20.0007 20.0007 20.0007 20.0007 20.3107 22.5399 21.7720 19.6701 17.1937 16.0771 15.1928 14.9013 14.9013 14.9013 14.9013 14.9013 14.9013 14.9013 14.9013 14.9013 14.9013 16.0799 18.6967 18.6967 18.1291 17.9723 17.9723 17.9723 17.9723 17.9723 17.9723 17.9723 17.9723 17.9723 17.9723 17.9723 17.9723 17.9509 7.99512 8.08213 15.4659 39.1774 39.1774
26.4775 26.4775 26.9643 30.7508 30.9352 30.9352 33.5460 34.4530 34.4530 34.3777 34.1926 34.0448 34.4008 34.1304 33.8528 33.7343 33.7343 33.7343 35.2917 20.0007 20.0007 20.0007 20.0007 20.0007 19.9835 19.5288 19.0373 18.6715 18.3903 19.2677 19.4022 18.1052 14.9013 14.9013 14.9013 14.9013 14.9013 14.9013 14.9013 14.9013 14.9013 14.9013 14.9013 14.9013 14.9013 15.0899 18.6056 18.6967 18.3358 17.9723 17.9723 17.9723 17.9723 17.9723 17.9723 17.9723 17.9723 17.9419 17.1619 16.0622 14.9626 13.8635 18.1565 22.4702 23.1403 31.9967 28.6865
26.4775 26.4775 26.5115 29.7833 30.7643 30.6252 31.8172 33.6683 33.4825 33.3719 33.3710 33.3710 33.6260 33.6667 32.6994 31.6246 30.7175 29.8639 28.4268 19.9886 19.5346 19.0415 18.6765 18.3936 18.1746 18.1147 18.1147 18.1147 18.1147 18.8053 19.4022 19.2394 15.0621 14.9013 14.9013 14.9013 14.9013 14.9013 14.9013 14.9013 14.9013 14.9013 14.9013 14.9013 14.9013 14.9013 17.7104 18.6967 18.5415 17.9723 17.9723 17.9723 17.8058 16.8166 15.7169 14.6179 13.5182 12.4495 12.1184 11.8636 11.5085 11.1535 14.3046 20.7921 20.5985 22.0309 22.3679
26.4514 26.4423 26.4333 27.9838 30.1238 30.1238 30.5750 33.3710 33.3529 32.6185 31.5173 30.3870 29.0842 28.1486 27.3754 26.2893 25.1183 24.1410 23.9315 19.5999 18.1147 18.1147 18.1147 18.1147 18.1147 18.1147 18.1147 18.1147 18.1147 18.4340 19.4022 19.4022 16.1962 14.9013 14.9013 14.9013 14.9013 14.9013 14.9013 14.9013 14.9013 14.9013 14.9013 14.9013 14.9013 14.9013 16.6309 18.2853 17.1898 15.4297 14.2725 13.1729 12.2398 12.0767 11.7583 11.4035 11.0486 10.6938 10.3498 10.2498 10.2498 10.2498 10.9655 20.4668 20.5982 21.5325 22.3679
26.5637 26.5804 26.6057 27.1804 30.9337 30.7941 30.1196 28.4788 26.7639 25.7623 24.8089 23.7036 23.2955 23.5982 23.1975 23.1336 23.1636 23.1636 23.1681 21.5061 18.1147 18.1147 18.1147 18.1147 18.1147 18.1147 18.1147 18.1147 18.1147 18.1385 19.3264 19.4022 17.4914 14.9013 14.9013 14.9013 14.9013 14.9013 14.9013 14.9013 14.9013 14.9013 14.2740 13.0784 11.8810 10.6849 10.1845 12.8637 12.6660 11.8087 11.2984 10.9437 10.5887 10.2865 10.2498 10.2498 10.2498 10.2498 10.2498 10.2498 10.2498 10.2498 10.2498 18.2605 20.5982 21.0307 22.3679
26.3099 25.8269 25.2694 23.3074 24.7671 24.3977 23.6384 23.1770 22.7678 22.4016 22.2392 22.2392 22.2432 22.9893 23.0698 23.1061 23.1636 23.1636 23.1636 22.7148 18.1147 18.1147 18.1147 18.1147 18.1147 18.1147 18.1147 18.1147 18.1147 18.1147 18.9791 19.4022 18.7873 14.9017 14.9013 14.9013 14.8847 14.1004 12.9036 11.7068 10.5112 9.31508 8.74501 8.48473 7.90506 7.32479 6.74939 9.79613 9.88016 10.0054 10.2498 10.2498 10.2498 10.2498 10.2498 10.2498 10.2498 10.2498 10.2498 10.2498 10.2498 10.2498 10.2498 15.3391 20.5982 20.6318 22.2700
23.7026 23.3364 22.9894 21.9532 21.1237 22.2423 22.2392 22.2392 22.2392 22.2392 22.2392 22.2392 22.2392 22.7529 23.0698 23.0790 23.1632 23.1636 23.1636 23.4648 18.3330 18.1147 18.1147 18.1147 18.1147 18.1147 18.1147 18.1147 18.1147 18.1147 18.6081 19.3425 18.4277 13.4097 11.5332 10.3370 9.15687 8.74292 8.40324 7.82297 7.24270 6.66211 6.08068 5.76099 5.76010 5.76010 5.76010 8.22533 9.86881 9.89983 10.2465 10.2498 10.2498 10.2498 10.2498 10.2498 10.2498 10.2498 10.2498 10.2498 10.2498 10.2498 10.2498 12.4188 20.5982 20.5982 21.8035
22.2231 22.2114 22.2114 22.1734 19.8713 22.2392 22.2392 22.2392 22.2392 22.2392 22.2392 22.2392 22.2392 22.5122 23.0698 23.0698 23.1453 23.1636 23.1147 23.1176 20.1932 18.1147 18.1147 18.1147 18.1147 18.1147 18.1041 17.9428 17.6908 17.3684 16.6676 13.5328 13.2408 10.3978 7.73999 7.15972 6.57946 6.00098 5.76010 5.76010 5.76010 5.76010 5.76010 5.76010 5.76010 5.76010 5.76010 7.05304 9.86881 9.86881 10.1687 10.2498 10.2498 10.2498 10.2498 10.2498 10.2498 10.2498 10.2498 10.2498 10.2498 10.2498 10.2498 10.3347 19.7600 20.5982 20.6403
22.2114 22.2114 22.2114 22.2114 19.6847 22.1803 22.2392 22.2392 22.2392 22.2392 22.2392 22.2392 22.2074 22.1466 22.8000 22.7033 22.6384 22.5716 22.5079 22.5076 21.4922 18.1041 17.9428 17.6908 17.3684 16.9414 16.3883 16.2183 15.8824 15.3912 14.9000 12.5581 12.0956 10.3072 5.76010 5.76010 5.76010 5.76010 5.76010 5.76010 5.76010 5.76010 5.76010 5.76010 5.76010 5.76010 5.76010 5.97498 9.77719 9.86881 10.0603 10.2498 10.2498 10.2498 10.2498 10.2498 10.2498 10.2498 10.2498 10.2498 10.2357 9.72369 8.96275 8.20251 11.2529 11.3029 10.2395
22.2114 22.2114 22.2114 22.2114 20.0228 21.6090 22.2208 22.1184 22.0057 21.8930 21.7803 21.6676 21.5866 21.5831 22.2056 22.4137 22.4411 22.6168 22.7609 22.9217 23.1338 16.3883 16.2183 15.8824 15.3912 14.9000 14.4088 13.9280 13.7727 13.7727 13.7727 12.5747 12.0180 11.8328 6.02972 5.76010 5.76010 5.76010 5.76010 5.76010 5.76010 5.76010 5.76010 5.76010 5.76010 5.76010 5.76010 5.76010 8.81822 9.86881 9.95157 10.2498 10.2498 10.2498 10.2498 10.1554 9.48968 8.72915 7.96901 7.20888 6.46287 6.21464 6.19562 6.16730 7.51183 9.89872 9.86995
22.2196 22.4104 22.6758 22.9411 21.9022 21.0144 21.5935 21.5831 21.5831 21.5831 21.5831 21.5903 21.7771 22.0667 22.5884 22.6976 22.4001 22.0729 21.4984 20.8616 21.2148 15.8542 13.9280 13.7727 13.7727 13.7727 13.7727 13.7727 13.7727 13.7727 13.7727 13.1165 12.0180 12.0180 7.63934 5.76010 5.76010 5.76010 5.76010 5.76010 5.76010 5.76010 5.76010 5.76010 5.76010 5.76010 5.76010 5.76010 7.64957 9.86881 9.62474 9.22628 8.49594 7.73581 6.97568 6.30996 6.21142 6.18639 6.15808 6.12974 6.10143 6.07358 6.06428 6.06428 6.39246 9.82693 9.85193
23.5865 23.6289 23.5967 23.5644 23.1085 20.4626 21.5837 21.7326 22.0167 22.1414 22.0532 21.9429 21.5758 21.1100 20.6561 20.5014 20.5145 20.0728 19.7746 19.7746 19.8776 19.0195 13.7727 13.7727 13.7727 13.7727 13.7727 13.7727 13.7727 13.7727 13.7727 13.7284 12.0828 12.0180 9.43496 5.76010 5.76010 5.76010 5.76010 5.76010 5.76010 5.76010 5.76010 5.76010 5.76010 5.52907 4.99116 4.31613 4.35908 6.36027 5.84827 6.07909 6.17720 6.14885 6.12055 6.09219 6.06762 6.06428 6.06428 6.06428 6.06428 6.06428 6.06428 6.06428 6.06428 9.08556 9.85193
23.0531 23.0461 23.1562 23.4351 23.7270 20.7280 21.5344 21.1899 20.7226 20.4862 20.4993 20.5123 20.5253 20.5312 20.5312 20.5312 20.5312 20.2683 19.7746 19.7746 19.7746 20.2444 13.7727 13.7727 13.7727 13.7727 13.7727 13.7727 13.7727 13.7727 13.7727 13.7727 12.3859 12.0180 11.2278 5.76323 5.76010 5.76010 5.76010 5.75469 5.45245 4.89628 4.19512 3.28268 2.04729 1.25691 1.39421 1.68719 1.99661 6.10355 6.48913 6.39626 6.06428 6.06428 6.06428 6.06428 6.06428 6.06428 6.06428 6.06428 6.06428 6.06428 6.06428 6.06428 6.06428 8.01719 9.85193
24.2624 24.3235 24.5357 24.5248 24.5334 21.6112 20.5323 20.5232 20.5311 20.5312 20.5312 20.5312 20.5312 20.5312 20.5312 20.5312 20.5312 20.4777 19.7844 19.7746 19.7746 20.8018 13.7793 13.7727 13.7727 13.7727 13.7727 13.7727 13.7727 13.7727 13.7727 13.7727 12.8343 12.0180 12.0265 6.46797 4.79759 4.06908 3.11480 1.83351 1.25857 1.43475 1.72833 2.02116 2.31459 2.60787 2.76385 2.76400 2.76400 5.65377 6.58769 6.54298 6.06788 6.06428 6.06428 6.06428 6.06428 6.06428 6.06428 6.06428 6.06428 6.06428 6.06428 6.06428 6.06428 6.94718 9.85193
25.2482 24.5514 24.5612 24.5684 24.5688 22.6480 20.3907 20.5312 20.5312 20.5312 20.5312 20.5312 20.5312 20.5312 20.5312 20.5312 20.5312 20.5312 19.9502 19.7746 19.7746 20.3359 16.5468 13.7727 13.7727 13.7727 13.7727 13.7727 13.7727 13.7727 13.7727 13.7727 13.5794 13.1170 13.6203 6.87290 1.47559 1.76887 2.06215 2.35543 2.64690 2.76400 2.76400 2.76400 2.76400 2.76400 2.76400 2.76400 2.76400 4.63323 6.58769 6.58769 6.17214 6.06428 6.06428 6.06428 6.06428 6.06428 6.06428 6.06428 6.06428 6.06428 6.06428 6.06428 6.06428 6.12109 9.60876
25.6036 24.5688 24.5688 24.5688 24.5688 23.5535 20.2112 20.5318 20.5312 20.5312 20.5312 20.5312 20.5312 20.5312 20.5312 20.5031 20.3540 20.1909 19.6657 19.1084 18.9453 18.8357 18.8107 13.7727 13.7727 13.7727 13.7727 13.7727 13.7727 13.7727 13.7163 12.3705 10.4882 8.60596 6.72370 4.44694 2.76400 2.76400 2.76400 2.76400 2.76400 2.76400 2.76400 2.76400 2.76400 2.76400 2.76400 2.76400 2.76400 3.18460 6.55219 6.58769 6.32045 6.06428 6.06428 6.06428 6.06428 6.06428 6.06428 6.06428 6.06428 6.06428 6.06428 6.05949 5.77916 5.26200 5.85768
25.8666 24.6885 24.5688 24.5688 24.5688 24.3427 20.0315 20.5640 20.5312 20.5167 20.3809 20.2181 20.0549 19.8919 19.7288 19.5937 19.5798 19.5798 19.4371 18.8233 18.8233 18.8233 19.4936 13.7727 13.7727 13.7210 12.3893 10.5070 8.62478 6.74252 4.90074 4.36147 4.36147 4.36147 4.36147 4.32026 2.84018 2.76400 2.76400 2.76400 2.76400 2.76400 2.76400 2.76400 2.76400 2.76400 2.76400 2.76400 2.76400 2.76400 6.05688 6.58769 6.46906 6.06428 6.06428 6.06428 6.06428 6.06428 6.02125 5.63355 5.08111 4.38420 3.47820 2.26845 1.71627 1.65939 2.07288
25.8751 25.0625 24.5688 24.5722 24.8090 25.1877 22.0597 21.0414 19.7557 19.6070 19.5798 19.5798 19.5798 19.5798 19.5798 19.5798 19.5798 19.5798 19.4750 18.5859 18.2769 17.6235 17.8070 9.14678 6.75664 4.91203 4.36147 4.36147 4.36147 4.36147 4.36147 4.36147 4.36147 4.36147 4.36147 4.36147 3.25720 2.76400 2.76400 2.76400 2.76400 2.76400 2.76400 2.76400 2.76400 2.76400 2.76400 2.76400 2.76400 2.76400 5.21721 6.58769 6.58120 5.98044 5.47794 4.88739 4.13533 3.14623 1.95233 1.70744 1.63057 1.54092 1.45117 1.36161 1.27286 1.24003 1.44882
26.7373 26.6858 26.1878 26.5629 26.7045 26.7182 24.4914 22.1445 19.5798 19.5798 19.5798 19.5798 19.5099 19.2995 19.0854 18.8710 18.6154 18.3319 18.1512 16.3654 14.6258 14.4376 14.6872 9.94381 4.36147 4.36147 4.36147 4.36147 4.36147 4.36147 4.36147 4.36147 4.36147 4.36147 4.36147 4.36147 3.71562 2.76400 2.76400 2.76400 2.76400 2.76400 2.76400 2.76400 2.76400 2.76400 2.76400 2.76400 2.76400 2.76400 3.57360 4.65281 3.70021 2.11826 1.68926 1.60175 1.51200 1.42235 1.33274 1.25277 1.24003 1.24003 1.24003 1.24003 1.24003 1.24003 1.24003
29.3473 29.3586 28.2390 28.2974 28.3829 28.4546 26.4322 22.8529 19.2703 18.9076 18.6933 18.4479 18.2349 18.1620 18.0930 18.0244 17.9970 17.9970 17.9970 16.8597 14.4376 14.4376 14.4376 13.1973 4.36147 4.36147 4.36147 4.36147 4.36147 4.36147 4.36147 4.36147 4.36147 4.36147 4.36147 4.36147 4.17205 2.76576 2.76400 2.76400 2.76400 2.76400 2.76400 2.76400 2.76400 2.76400 2.76400 2.76400 2.76400 2.62282 2.31630 2.00962 1.70279 1.37043 1.24209 1.24003 1.24003 1.24003 1.24003 1.24003 1.24003 1.24003 1.24003 1.24003 1.24003 1.24003 1.24003
29.7707 29.8106 28.8947 28.6142 28.6691 28.7242 27.8020 23.0106 19.3056 18.1038 18.0348 17.9971 17.9970 17.9970 17.9970 17.9970 17.9970 17.9970 17.9970 17.8098 14.5188 14.4376 14.4376 14.7242 4.36147 4.36147 4.36147 4.36147 4.36147 4.36147 4.36147 4.36147 4.36147 4.36147 4.36147 4.36147 4.36147 3.03475 2.76400 2.76400 2.76400 2.76400 2.76400 2.76227 2.57718 2.27035 1.96383 1.65715 1.35047 1.18497 1.18481 1.18481 1.18481 1.19009 1.23978 1.24003 1.24003 1.24003 1.24003 1.24003 1.24003 1.24003 1.24003 1.24003 1.24003 1.24003 1.24003
30.0650 30.0202 29.2615 28.6630 28.6112 28.5592 28.4068 23.0040 20.4089 17.9970 17.9970 17.9970 17.9970 17.9970 17.9970 17.9970 17.9970 17.9970 17.9970 17.9970 15.3630 14.4376 14.4376 15.1882 6.33395 4.36147 4.36147 4.36147 4.36147 4.36147 4.36147 4.36147 4.36147 4.36147 4.36147 4.36147 4.36147 3.49293 2.75374 2.53155 2.22455 1.91803 1.61135 1.30625 1.18481 1.18481 1.18481 1.18481 1.18481 1.18481 1.18481 1.18481 1.18481 1.18481 1.22941 1.24003 1.24003 1.24003 1.24003 1.24003 1.24003 1.24003 1.24003 1.24003 1.24003 1.24003 1.24003
28.8108 28.5347 28.5099 28.5230 28.5230 28.5230 28.5230 24.3042 21.7314 17.9970 17.9970 17.9970 17.9970 17.9970 17.9970 17.9970 17.9970 17.9970 17.9198 17.2641 14.8874 12.1569 11.3816 10.6535 8.18228 4.36147 4.36147 4.36147 4.36147 4.36147 4.36147 4.36147 4.36147 4.35534 4.23369 4.06943 3.90582 3.18620 1.26914 1.18481 1.18481 1.18481 1.18481 1.18481 1.18481 1.18481 1.18481 1.18481 1.18481 1.18481 1.18481 1.18481 1.18481 1.18481 1.21373 1.24003 1.24003 1.24003 1.24003 1.24003 1.24003 1.24003 1.24003 1.24003 1.24003 1.24003 1.24003
28.5075 28.5075 28.5075 28.5209 28.5230 28.5230 28.5230 25.6249 22.6273 18.4253 17.9970 17.9970 17.9676 17.3955 16.6216 15.8463 15.0724 14.2984 13.6008 13.4816 12.9096 9.92219 9.92219 9.92219 9.44616 4.36147 4.36147 4.36147 4.35575 4.23631 4.07270 3.90779 3.74385 3.58638 3.54343 3.54343 3.54343 3.49060 1.30817 1.18481 1.18481 1.18481 1.18481 1.18481 1.18481 1.18481 1.18481 1.18481 1.18481 1.18481 1.18481 1.18481 1.18481 1.18481 1.19807 1.24003 1.24003 1.24003 1.24003 1.24003 1.24003 1.24003 1.24003 1.24003 1.24003 1.24003 1.24003
28.5075 28.5075 28.5075 28.5164 28.5230 28.5230 28.5230 26.7032 22.4987 18.1780 15.2042 14.4285 13.6839 13.4816 13.4816 13.4816 13.4816 13.4816 13.4816 13.4816 13.4802 10.3653 9.85646 9.80606 10.0054 4.08349 3.91073 3.74696 3.58761 3.54343 3.54343 3.54343 3.54343 3.54343 3.54343 3.54343 3.54343 3.54343 1.92982 1.18481 1.18481 1.18481 1.18481 1.18481 1.18481 1.18481 1.18481 1.18481 1.18481 1.18481 1.18481 1.18481 1.18481 1.18481 1.18575 1.23669 1.24003 1.24003 1.24003 1.24003 1.24003 1.24003 1.24252 1.26514 1.29217 1.31922 1.34627
28.5075 28.4723 28.3306 28.1865 28.0488 27.9003 27.7516 26.9530 21.6894 18.5976 13.4816 13.4816 13.5481 14.0999 14.7295 15.3363 15.8938 16.4399 16.9624 17.2560 17.4217 16.1802 15.6947 16.2002 17.3295 23.2917 24.6674 25.6008 26.4876 27.3370 28.1419 8.75345 3.54343 3.54343 3.54343 3.54343 3.54343 3.54343 2.60659 1.18481 1.18481 1.18481 1.18481 1.18481 1.18481 1.18481 1.18481 1.18481 1.18481 1.18481 1.18481 1.18481 1.18481 1.18481 1.18481 1.22195 1.24003 1.24744 1.27357 1.30060 1.32764 1.35470 1.37924 1.38365 1.38365 1.38365 1.38365
28.3387 28.2856 28.3387 28.3994 28.4741 28.5352 28.5955 28.6319 30.0669 29.8661 24.6078 24.9099 25.2119 25.2308 25.0559 24.7465 24.4632 24.1822 23.9042 23.8036 23.8036 23.3624 22.2898 22.2898 22.3022 29.0558 32.3031 32.3031 32.3031 32.3031 32.3031 17.1951 3.54343 3.54343 3.54343 3.54343 3.54343 3.54343 3.27717 1.18929 1.18481 1.18481 1.18481 1.18481 1.18481 1.18481 1.18481 1.18481 1.18481 1.18481 1.18481 1.18481 1.16515 1.12049 1.07571 1.14682 1.36311 1.38274 1.38365 1.38365 1.38365 1.38365 1.38365 1.38365 1.38365 1.38365 1.38365
