High_resolution/powerplant/Shangrao/OMI_NO2_200512.asc
ncols      200
nrows      200
xllcorner       115.451
yllcorner       27.0350
cellsize     0.0166667
NODATA_Value      -999.000
[rows 87 to 115 of 164, columns 67 to 133 of 200]
2.90169 3.11636 3.11516 3.19636 3.22266 2.59467 11.4934 11.8172 11.9338 11.9931 12.0455 11.9379 11.7718 11.8461 11.9181 11.1726 11.0458 11.0561 11.0351 11.0627 10.9405 11.1568 11.0565 10.8938 10.7035 10.7035 10.4517 9.86371 9.86371 9.65296 9.57451 9.56817 9.55864 9.54570 9.11963 8.47422 8.39750 8.01129 7.94291 7.78001 7.13576 7.02652 6.94825 6.51241 6.44457 6.42394 6.40177 6.37940 6.35719 6.33863 6.22197 5.73160 5.36318 5.35716 5.34710 5.27298 5.23006 5.24734 4.96501 4.57776 4.60137 4.59021 4.49336 4.49823 4.49823 4.46687 4.48982
2.88051 3.07974 3.11491 3.15318 3.29343 2.77948 12.1843 12.3627 12.3876 12.3804 12.3804 12.2711 11.8676 11.9019 11.9400 11.4171 11.1705 11.1969 11.1748 11.1817 11.0068 10.9969 11.0528 10.9712 10.7110 10.7023 10.6694 9.88994 9.84966 9.60407 9.36451 9.35515 9.34899 9.34629 9.10306 8.13194 7.89966 7.53233 7.34363 7.33882 6.85345 6.73225 6.72955 6.44369 6.25888 6.25727 6.25605 6.25394 6.25170 6.24560 6.26438 5.73096 5.35409 5.34652 5.36687 5.39147 5.36623 5.36621 5.26751 4.65172 4.65160 4.64969 4.50884 4.49748 4.49716 4.50091 4.56484
2.88051 3.02479 3.08353 3.00177 3.06113 2.63743 12.3970 12.4827 12.6120 12.6638 12.7215 12.7908 12.3160 12.3313 12.3657 11.9383 11.3779 11.3846 11.2916 11.2260 11.1378 10.9787 11.1492 11.0525 10.8404 10.7734 10.7734 10.1993 9.93358 9.72919 9.29636 9.21294 9.12388 9.03493 8.90699 7.99433 7.72344 7.55192 7.32372 7.32372 7.01622 6.72195 6.71865 6.56799 6.24772 6.23934 6.23204 6.22562 6.21934 6.21270 6.25759 5.89140 5.44982 5.39743 5.39732 5.40940 5.36532 5.36522 5.36521 4.75733 4.65049 4.62478 4.48425 4.39018 4.34994 4.33566 4.53764
2.66456 2.66394 2.74979 2.81058 2.99324 2.91579 12.7878 12.7905 12.9542 12.9852 13.0102 13.0146 12.5508 12.4154 12.4154 12.1990 11.4002 11.4002 11.3306 11.2239 11.2108 10.9277 11.1871 11.0533 10.9226 10.7734 10.7718 10.4161 9.74854 9.57983 8.97052 8.96488 8.96488 8.96488 8.96488 8.21815 7.72373 7.64172 7.31668 7.30964 7.13714 6.68873 6.67019 6.62879 6.18846 6.16512 6.15311 6.14105 6.12899 6.12121 6.13029 6.10126 5.51975 5.39701 5.39701 5.41076 5.37056 5.33734 5.29688 4.85343 4.50222 4.48749 4.43157 4.33374 4.33374 4.33374 4.57795
2.83082 2.92387 3.04629 3.04963 3.13839 3.12335 13.1833 12.9081 13.0015 13.0146 13.0146 13.0146 12.6771 12.4154 12.4154 12.3964 11.4370 11.4002 11.3717 11.2239 11.2239 10.9640 11.1675 11.0705 10.9847 10.7425 10.7332 10.6409 9.59764 9.58240 9.00888 8.94761 8.93031 8.91003 8.88811 8.34206 7.55730 7.42413 7.08459 6.98973 6.96018 6.60974 6.57991 6.57991 6.24193 6.12105 6.12105 6.12105 6.12105 6.12105 6.12105 6.22734 5.61506 5.37136 5.33572 5.30127 5.24452 5.20175 5.20175 5.00373 4.48749 4.48749 4.47453 4.33495 4.33374 4.33374 4.46207
2.97419 2.96464 2.99700 2.98526 3.02557 3.15382 13.3869 12.9081 12.9753 13.0146 13.0146 13.0146 12.8110 12.4154 12.4154 12.4154 11.6245 11.4002 11.3993 11.2310 11.2079 11.0270 11.0541 11.0771 11.0067 10.7462 10.6935 10.6751 9.78331 9.48488 9.01589 8.80258 8.74115 8.68263 8.62579 8.28772 7.41426 7.25542 7.06112 6.95525 6.95525 6.71424 6.57991 6.57991 6.37499 6.12105 6.12105 6.12105 6.12015 6.08275 6.02663 6.12994 5.61447 5.27552 5.25397 5.25397 5.24485 5.20299 5.20490 5.18448 4.52365 4.49634 4.51310 4.56727 4.75934 4.96122 5.20267
2.82909 2.82778 2.84950 2.85680 2.87090 3.09704 13.7326 12.9092 12.9470 13.0146 13.0146 13.0146 12.9526 12.4158 12.4154 12.4102 11.8225 11.3763 11.4149 11.4458 11.5527 11.5870 11.4933 11.5619 11.0320 10.8682 10.5968 10.5415 9.96467 9.27702 8.89708 8.58178 8.58178 8.58178 8.58178 8.47015 7.53699 7.25542 7.13931 6.95525 6.95525 6.82262 6.57991 6.57991 6.50777 6.08902 6.04699 6.00661 5.96715 5.96413 5.97988 6.08105 5.92842 5.32435 5.26994 5.27801 5.30648 5.24367 5.30870 5.40951 5.00860 4.91863 5.03507 5.25637 5.46702 5.50157 5.53868
2.82778 2.79173 2.71311 2.62176 2.52469 2.60403 14.0116 13.0066 12.9172 13.0138 13.0159 13.0534 13.1463 12.8103 12.9362 13.1326 12.9451 12.3967 12.5279 12.4911 12.5604 12.7128 12.3074 12.5277 11.5721 11.1774 10.3541 10.3490 10.1844 9.20064 9.00121 8.58178 8.58178 8.58178 8.58132 8.57429 7.76449 7.30749 7.31891 7.11457 7.17433 7.17480 6.82322 6.81939 6.82008 6.43376 6.41068 6.45149 6.49322 6.53522 6.57803 6.63724 6.82343 5.95767 5.95527 6.07675 6.13519 5.63932 5.57271 5.48065 5.37304 5.33421 5.37908 5.49923 5.81543 5.86027 5.88066
2.51264 2.46383 2.45650 2.44057 2.44057 2.54813 14.2151 13.3521 13.2503 13.7289 14.0339 14.1909 14.2920 13.9940 13.8530 13.9126 13.9554 13.0593 13.2522 13.3933 13.3146 13.3538 12.8233 12.5957 11.8789 11.6636 10.6847 10.7057 10.7717 9.81726 9.58783 8.96381 9.00617 9.04935 9.09410 9.14205 8.81811 8.30894 8.19009 7.82539 7.71204 7.67922 7.34298 7.24357 7.24021 6.93458 6.70911 6.70577 6.70493 6.76722 6.85681 6.94003 7.21088 6.30359 5.97854 5.92085 5.94767 5.61554 5.60008 5.63451 5.62328 5.53880 5.55233 5.56941 5.89934 5.94020 5.95396
2.46358 2.46358 2.46115 2.44057 2.44073 2.52524 14.4120 13.6331 13.4899 14.0174 14.4122 14.5437 14.7637 14.7448 14.6943 14.8739 14.9311 14.6126 14.7065 14.8009 14.6696 14.7521 14.3760 13.9259 13.3581 12.7740 11.8956 11.5260 11.5260 10.8345 10.2124 9.27076 9.18656 9.16070 9.09687 9.03273 8.72183 8.15060 7.97820 7.77043 7.63514 7.63514 7.42613 7.20618 7.20806 7.09245 6.89588 6.95082 6.94495 6.87568 6.77910 6.68898 6.87003 6.36260 6.02191 6.05580 6.07468 5.89718 5.71468 5.72843 5.74219 5.66434 5.64869 5.65772 5.99163 6.25176 6.38947
2.47891 2.50633 2.54162 2.57166 2.61057 2.63746 14.7595 14.1506 14.1025 14.6110 15.4202 15.5618 15.6154 15.5171 15.0553 15.0553 15.0553 15.0553 15.0553 15.0553 14.8450 14.7798 14.5627 13.9783 13.6650 12.7740 12.2612 11.5260 11.5260 11.1731 10.1282 9.32784 8.97316 8.93485 8.93455 8.93455 8.80711 8.25822 7.97820 7.85982 7.64306 7.65578 7.57240 7.15069 7.05915 6.96666 6.76033 6.71007 6.72292 6.73612 6.74922 6.76230 6.88578 6.77330 6.08617 6.13382 6.13382 6.04441 5.75143 5.76291 5.87648 5.95663 6.04939 6.17812 6.33148 6.55282 6.55282
2.58939 2.57871 2.55889 2.53146 2.50584 2.49915 15.9275 15.6049 15.0065 15.0029 15.6509 15.6691 15.6691 15.6524 15.0720 15.0553 15.0553 15.0553 15.0553 15.0553 14.9089 14.7798 14.7398 14.0436 13.9190 12.7801 12.3545 11.0160 10.7734 10.6064 10.0234 9.43222 8.93455 8.93133 8.87719 8.80658 8.72140 8.07993 7.63907 7.50677 7.52763 7.44827 7.37664 6.93969 6.90601 6.91062 6.81779 6.77972 6.77972 6.77972 6.77972 6.77972 6.80294 7.06482 6.06856 6.14792 6.26534 6.41642 6.15848 6.28471 6.30896 6.28063 6.20622 6.20622 6.23520 6.55009 6.55282
2.51233 2.51194 2.52102 2.52788 2.53768 2.57549 15.9191 15.9303 15.1712 14.9748 15.5086 15.6691 15.6691 15.6691 15.1806 15.0553 15.0553 15.0553 15.0553 15.0553 14.9728 14.7594 14.5816 13.8145 13.2510 12.2052 11.8543 10.8152 10.5336 10.4436 9.91981 9.20719 8.37171 8.23976 8.09217 7.93914 7.78142 7.25602 7.23576 7.25626 7.37257 7.39701 7.39701 7.09572 6.91062 6.91062 6.85558 6.77972 6.77972 6.77972 6.77972 6.77758 6.75783 7.03693 6.56226 6.66924 6.69135 6.80496 6.31348 6.30896 6.30896 6.30927 6.23173 6.24693 6.26633 6.55398 6.62433
2.99447 3.03674 3.06846 3.11635 3.21377 3.21949 15.7902 16.0322 15.3083 14.9748 15.3316 15.6691 15.6691 15.6691 15.3093 15.0553 15.0553 15.0484 14.8959 14.6851 14.4542 13.9723 13.6857 13.0332 12.3368 11.6372 11.1711 10.4367 9.72057 9.65519 9.38063 8.72076 7.71603 7.62756 7.60558 7.60558 7.60558 7.31907 7.19417 7.25626 7.33613 7.39701 7.39701 7.23663 6.91062 6.91062 6.89334 6.77825 6.75948 6.73553 6.70481 6.67315 6.65914 6.86072 6.81240 6.78630 6.82915 6.93205 6.60710 6.50472 6.52449 6.54981 6.51869 6.53462 6.54138 6.63034 6.71093
3.12996 3.12996 3.12996 3.13306 3.20929 3.19682 15.7902 16.0569 15.4577 14.9755 15.1396 15.6691 15.6691 15.6686 15.2831 14.5539 14.0602 13.5413 13.1667 12.8501 12.5328 12.0240 11.9492 11.9571 11.8565 11.6960 11.4497 10.9204 9.34888 9.28070 9.25671 8.66152 7.69779 7.60558 7.60558 7.60558 7.60558 7.43834 7.15264 7.24818 7.28153 7.36873 7.35867 7.31895 6.84271 6.79975 6.76598 6.62333 6.58777 6.57796 6.57491 6.57491 6.57491 6.69541 6.89981 6.87297 6.92763 6.94788 7.33151 7.38021 7.49330 7.59758 7.44735 7.12924 7.17088 7.27596 7.50538
3.11912 3.10697 3.09482 3.08275 3.14087 3.15868 15.3670 15.5429 15.2264 14.4625 14.0786 14.0576 13.5155 12.9814 12.5585 12.0069 11.9734 11.9710 12.0426 12.1909 12.3319 12.2501 12.1788 12.0887 11.8658 11.6033 11.2528 11.1934 9.39790 9.23448 9.19882 8.71975 7.75174 7.42422 7.38982 7.35541 7.32093 7.25799 7.00993 7.15169 7.14480 7.25231 7.23116 7.20931 6.83910 6.71853 6.71937 6.64759 6.59015 6.59099 6.59183 6.59346 6.60312 6.64567 6.98540 6.94971 7.10531 7.19846 7.70783 7.91781 7.97480 8.03158 7.99739 7.44098 7.44094 7.45175 7.66776
3.07784 3.07784 3.07784 3.07784 3.12209 3.15868 14.2429 14.2114 14.2508 13.1243 12.5352 12.4067 12.3503 12.3479 12.4494 12.1831 12.2563 12.3238 12.3159 12.2298 12.1510 11.9927 11.7129 11.6740 11.4822 11.2201 10.8342 10.6624 9.34824 8.67025 8.66131 8.42018 7.63605 7.26880 7.26880 7.26854 7.25348 7.22980 6.97849 7.06946 7.07990 7.19117 7.22065 7.22065 6.99660 6.73426 6.73426 6.69494 6.61910 6.63032 6.66739 6.72486 6.77426 6.82163 7.17674 7.13960 7.51270 7.53483 7.87122 8.13824 8.15254 8.16685 8.18115 7.64068 7.55483 7.56053 7.71845
3.07784 3.07784 3.07792 3.08339 3.12545 3.21518 13.0667 13.0961 13.4383 13.0689 12.5215 12.6037 12.6072 12.6717 12.6324 12.2465 12.0433 12.0380 12.0362 12.0362 12.0362 11.9570 11.4675 11.4675 11.3053 11.2417 10.8322 10.6047 9.89287 8.65881 8.65881 8.60986 7.78002 7.23143 7.20773 7.18431 7.17568 7.17568 7.00838 7.02121 7.07990 7.15472 7.21953 7.20522 7.10593 6.69418 6.71788 6.75387 6.80694 6.85086 6.86820 6.86433 6.86052 6.85669 7.13317 7.24665 7.52298 7.62547 7.84101 8.21537 8.21537 8.21537 8.23226 7.94031 7.73434 7.81532 7.96174
3.10424 3.12759 3.14404 3.15033 3.14934 3.21293 12.9963 13.0403 13.4043 13.9494 12.8026 12.6821 12.4894 12.4894 12.4894 12.2804 12.0362 12.0362 12.0362 12.0362 12.0362 12.0356 11.5217 11.4675 11.3552 11.3492 10.9324 10.6047 10.3859 8.47586 8.31515 8.17206 7.88898 7.17568 7.17568 7.17568 7.17572 7.19444 7.11575 7.04144 7.15456 7.15757 7.12195 7.09718 7.07375 6.87051 6.84607 6.84221 6.84366 6.84548 6.84548 6.84548 6.84548 6.84548 7.02331 7.28904 7.42051 7.62547 7.74882 8.31164 8.39262 8.47360 8.53769 8.36118 7.88785 7.88785 7.90657
3.08617 3.05612 3.03546 3.02048 3.01667 3.11692 12.3213 12.3879 12.4750 13.8277 12.8340 12.6739 12.5073 12.4894 12.4894 12.3791 12.0362 12.0362 12.0362 12.0362 12.0362 12.0362 11.6538 11.4675 11.4113 11.2163 10.6977 10.1885 10.0571 8.53339 8.11149 8.13602 8.08537 7.37129 7.36276 7.41954 7.47421 7.49593 7.45892 7.24190 7.09558 7.08429 7.04311 7.04197 7.04197 6.92138 6.83861 6.83861 6.84132 6.84548 6.84548 6.84548 6.84548 6.84548 6.91482 7.39373 7.46121 7.84975 7.91805 8.52671 8.54270 8.54270 8.54270 8.52207 7.91411 7.88776 7.86458
2.98821 2.97083 2.95345 2.93603 2.91864 2.95985 12.0080 12.2695 12.3935 13.4620 13.1100 12.6741 12.5525 12.4894 12.4894 12.4706 12.0434 12.0362 12.0362 12.0362 12.0181 11.9062 11.5309 11.0863 10.9868 10.7961 10.5077 10.2552 10.3337 9.44277 8.51845 8.55074 8.53789 7.82781 7.57938 7.56023 7.54304 7.54019 7.53800 7.29228 7.10288 7.08612 7.05272 7.04197 7.04197 6.98009 6.83861 6.83861 6.83935 6.84543 6.85694 6.91387 6.97541 7.03704 7.08256 7.51760 7.40238 7.76626 7.74875 8.18877 8.27900 8.23899 8.19889 8.15243 7.57971 7.25984 7.16197
2.84756 2.84756 2.84756 2.84756 2.84756 2.88176 11.9000 12.1720 12.3958 13.0118 13.4068 12.6741 12.6010 12.4894 12.4894 12.4894 12.1155 11.9278 11.7661 11.5323 11.3036 11.1685 10.9178 10.3281 10.1965 10.2240 10.0730 9.49082 9.35053 8.93315 8.50591 8.48675 8.47500 7.94278 7.54019 7.54019 7.54019 7.54019 7.54019 7.35104 7.14895 7.08612 7.06423 7.03971 7.03508 7.02141 6.83739 6.88214 6.93906 7.00162 7.04835 7.04835 7.04371 7.03908 7.03637 7.35367 7.16159 7.38236 7.49387 7.78409 7.93636 7.84915 7.74429 7.63069 7.41474 7.26559 7.38565
2.84756 2.84756 2.84971 2.86192 2.87542 2.90920 11.7133 12.0805 12.2859 12.3456 13.5893 12.4694 12.3646 11.9993 11.7192 11.4407 10.9796 10.6900 10.5886 10.5589 10.5384 10.3174 9.98452 9.09340 8.56431 8.24629 8.51471 8.61151 8.94288 8.94119 8.52019 8.47486 8.46824 8.10555 7.45230 7.40968 7.36694 7.32426 7.28158 7.23521 7.15447 7.03632 7.02405 7.03711 7.09460 7.15195 7.05247 6.99918 6.99504 6.99452 6.99362 6.98948 6.98534 6.98118 6.96782 7.09300 7.05497 6.96679 7.08823 7.25203 7.67969 7.74523 7.82833 7.92647 8.00137 7.94906 7.99162
2.87931 2.89282 2.90416 2.90544 2.90544 2.91005 8.31892 10.8760 11.3990 11.3849 12.7709 11.7727 11.4897 10.8475 10.7166 10.7008 10.5631 10.1248 9.78948 9.37192 8.84283 8.51402 8.26728 7.63105 7.43573 7.39897 7.74138 7.98965 8.30022 8.29918 7.94941 7.70887 7.65445 7.53957 6.98391 6.97975 6.97561 6.97146 6.97257 7.05213 7.17002 7.07561 7.12915 7.09630 7.09437 7.09437 7.00524 6.89101 6.89101 6.89260 6.85648 6.78175 6.70695 6.63562 6.57696 6.64629 6.93060 6.75417 7.37580 7.57824 8.16901 8.18283 8.19714 8.21144 8.22573 8.09285 8.08088
2.90544 2.90544 2.90544 2.90544 2.90544 2.90401 10.3342 11.2109 11.3114 10.9116 11.3985 11.4498 10.9262 10.1277 9.40579 8.85423 8.23375 7.68268 7.38727 7.17395 7.07585 6.97870 6.91418 6.90959 6.90655 6.90655 7.18781 7.47718 7.84137 7.99911 7.84658 7.53042 7.53042 7.52864 7.01995 7.01246 7.07402 7.13565 7.19195 7.20833 7.32579 7.15180 7.13852 7.10679 7.09437 7.09829 7.10259 6.99523 7.05686 7.09029 6.66411 6.64192 6.64809 6.64949 6.64745 6.64586 7.11034 6.74294 7.48216 7.55904 8.27008 8.28396 8.28396 8.28396 8.28396 8.26323 8.38739
2.90384 2.84697 2.76285 2.67924 2.59542 2.48004 10.3936 10.5603 10.2732 9.95981 9.56309 9.35728 8.33498 7.90050 7.21892 7.15561 7.15454 6.92956 6.91266 6.91266 6.91266 6.91266 6.91266 6.91099 6.90655 6.90655 7.09094 7.38696 7.74403 7.99911 7.97134 7.46017 7.33168 7.21336 7.13552 7.20258 7.20258 7.20258 7.20258 7.20258 7.30414 7.21178 7.18819 7.25446 7.37163 7.44418 7.48597 7.20306 7.13059 7.12762 6.79978 6.63730 6.63606 6.63605 6.63605 6.63605 7.04788 6.82761 7.31766 7.54579 8.13549 8.36929 8.57030 8.77196 8.97363 9.04971 8.92630
2.34754 2.25023 2.18808 2.14128 2.09164 2.07480 10.3936 10.1442 8.60945 8.37935 7.91261 8.43115 7.85970 7.81819 7.16623 7.15561 7.15561 6.98153 6.91266 6.91266 6.91266 6.91266 6.91266 6.91236 6.90662 6.90655 6.99954 7.26093 7.45002 7.69931 7.58671 7.19900 7.07813 7.07813 7.04778 7.20353 7.19738 7.18405 7.17565 7.16900 7.24119 7.28796 7.31040 7.35260 7.49401 7.49399 7.49399 7.28054 7.12229 7.12229 6.93687 6.63605 6.63605 6.63605 6.63605 6.63605 6.89639 6.95927 7.27771 7.97198 8.63822 9.09910 9.09975 9.09975 9.09975 9.09416 8.93313
2.04033 2.06431 2.08259 2.08382 2.08476 2.08571 10.3936 10.3877 7.96531 7.93285 7.92490 8.31858 7.94974 7.85899 7.31148 7.15561 7.15561 7.03455 6.91266 6.91266 6.91266 6.91266 6.91266 6.87792 6.77101 6.66624 6.58100 6.85199 7.08456 7.44972 7.47053 7.21631 6.92545 6.91592 6.81686 7.00914 7.03446 7.04849 7.05759 7.06491 7.10888 7.21823 7.31885 7.32069 7.48243 7.49399 7.49399 7.38721 7.12229 7.12229 7.07501 6.63829 6.63605 6.65130 6.69193 6.73297 6.88277 7.21698 7.20577 8.24714 8.58360 9.10737 9.10995 9.11254 9.11512 9.11770 8.98631
2.09018 2.09112 2.09206 2.09249 2.09249 2.09249 10.3936 10.3936 8.40437 7.82994 7.99904 8.08893 8.10890 7.85899 7.49759 7.15561 7.15561 7.08758 6.91266 6.89145 6.79457 6.68563 6.57837 6.51307 6.51143 6.51230 6.51587 6.69802 6.82970 7.10635 7.18162 7.12912 6.91760 6.92787 6.90297 6.91275 7.06556 7.06556 7.06556 7.06556 7.07984 7.19384 7.31204 7.31885 7.43907 7.49399 7.49399 7.47426 7.09977 7.06799 7.07663 6.69520 6.60937 6.60354 6.57238 6.54080 6.51292 7.02797 6.96015 8.17615 8.44708 9.13024 9.08121 8.99629 8.91165 8.83937 8.67110
