High_resolution/powerplant/Shangrao/OMI_NO2_201110.asc
ncols      200
nrows      200
xllcorner       115.451
yllcorner       27.0350
cellsize     0.0166667
NODATA_Value      -999.000
[rows 145 to 173 of 200, columns 0 to 66 of 200]
3.10459 3.10459 3.10459 3.10459 3.10459 3.10459 3.10459 3.11300 3.11817 3.11817 3.11817 3.11817 3.20909 4.50768 4.51437 4.51437 4.49264 4.19493 3.81327 3.43176 3.12225 3.09399 3.09399 3.09748 3.07053 2.87962 2.87122 2.76083 2.62074 2.47965 2.33949 2.20631 2.17422 2.17422 2.17422 2.17422 2.17422 2.17422 2.17422 2.17422 2.17422 2.32048 2.52200 2.42839 2.35091 2.26191 2.25597 2.32610 2.39614 2.71406 2.77317 2.77317 2.77317 2.77317 2.77317 2.77317 2.77317 2.76894 2.49139 2.47234 2.47234 2.47234 2.47234 2.47234 2.50690 3.02640 3.12581
3.10459 3.10459 3.10459 3.10459 3.10459 3.10459 3.10459 3.10894 3.11817 3.11817 3.11817 3.11817 3.11779 3.98370 3.91923 3.53772 3.17779 3.09399 3.09399 3.09399 3.09399 3.09151 3.03337 2.95229 2.88621 2.39178 2.20448 2.17422 2.17422 2.17422 2.17422 2.17422 2.17422 2.17422 2.17422 2.17422 2.17422 2.14923 2.08744 2.03617 1.99348 1.98597 2.29398 2.36637 2.43639 2.49725 2.48632 2.48632 2.48632 2.64104 2.77317 2.77317 2.77317 2.77317 2.77317 2.77317 2.77317 2.77317 2.56951 2.47234 2.49122 2.56607 2.64473 2.72326 2.80201 3.41919 3.65139
3.10459 3.10459 3.10459 3.10459 3.10459 3.10459 3.10459 3.10494 3.11762 3.04052 2.79234 2.53780 2.28393 2.59620 3.09399 3.09399 3.09363 3.04560 2.96444 2.88332 2.80224 2.72352 2.70059 2.70059 2.71080 2.38099 2.17422 2.17422 2.17422 2.17422 2.17422 2.17422 2.17367 2.13051 2.07146 2.02290 1.98232 1.95917 1.97533 2.04199 2.11212 2.18217 2.47296 2.53882 2.53882 2.53874 2.49246 2.48632 2.48632 2.55342 2.77317 2.77317 2.77317 2.77317 2.77317 2.76498 2.74541 2.72581 2.71947 2.82750 2.88728 2.89096 2.89096 2.89096 2.89096 3.20070 3.65139
3.10459 3.10459 3.10459 3.10459 3.10459 3.05630 2.72180 2.34000 2.25877 2.17731 2.17125 2.17125 2.14710 2.28708 2.89560 2.81448 2.73367 2.70059 2.70059 2.70059 2.70059 2.70059 2.70059 2.70059 2.70529 2.53317 2.17422 2.17422 2.16781 2.11198 2.05631 2.01035 1.97197 1.95868 1.96798 2.02980 2.09990 2.16995 2.22340 2.22675 2.22675 2.22675 2.38778 2.53882 2.53882 2.53882 2.50775 2.48632 2.48632 2.48936 2.73824 2.74211 2.72246 2.70283 2.68322 2.67177 2.67169 2.67169 2.70045 2.89096 2.89096 2.89105 2.90311 2.92374 2.91443 2.89158 3.17734
3.10459 3.09479 2.82776 2.44610 2.06459 1.73123 1.68421 1.68421 1.89259 2.04715 1.99304 1.94009 1.97252 2.11330 2.70059 2.70059 2.70059 2.70059 2.70059 2.70059 2.70059 2.70059 2.70059 2.70059 2.70092 2.67807 2.10015 1.99838 1.96450 1.95868 1.96273 2.01757 2.08765 2.15772 2.21849 2.22675 2.22675 2.22675 2.22675 2.22675 2.22675 2.22675 2.30196 2.53882 2.53820 2.52406 2.48858 2.43229 2.41267 2.39310 2.56374 2.67169 2.67169 2.67169 2.67169 2.67169 2.67169 2.67451 2.69280 2.90168 2.92869 2.81434 2.67512 2.52693 2.40906 2.40173 2.73437
2.17055 1.79869 1.68421 1.68421 1.68421 1.68421 1.72644 1.86412 2.05685 2.29385 2.44889 2.62807 2.70059 2.70059 2.70059 2.70059 2.70059 2.70059 2.70059 2.70059 2.70059 2.70059 2.70059 2.70059 2.70059 2.71211 2.20477 2.00535 2.07540 2.14550 2.21152 2.22675 2.22675 2.22675 2.22675 2.22675 2.22675 2.22675 2.22675 2.22914 2.26429 2.30933 2.36085 2.46274 2.44282 2.43735 2.43516 2.38651 2.38485 2.38485 2.47625 2.67169 2.67169 2.68114 2.70175 2.72237 2.72316 2.61004 2.46448 2.44488 2.41245 2.39921 2.39921 2.39921 2.39921 2.39921 2.60622
1.69925 1.81537 1.97506 2.17210 2.42375 2.75481 3.03560 3.04265 3.04265 2.73163 2.70059 2.70059 2.70059 2.70059 2.70059 2.70059 2.70059 2.70059 2.70059 2.70059 2.70059 2.70059 2.70059 2.66336 2.57618 2.65045 2.79587 2.23932 2.22675 2.22675 2.22675 2.22675 2.22675 2.22675 2.22962 2.26522 2.31070 2.35574 2.40124 2.44389 2.45424 2.45424 2.45424 2.44255 2.43735 2.43735 2.43735 2.39961 2.38642 2.40323 2.43674 2.72222 2.73638 2.62105 2.47323 2.32510 2.19708 2.17994 2.17994 2.24861 2.39921 2.39921 2.39921 2.39921 2.39921 2.39921 2.50168
2.98364 3.04265 3.04265 3.04265 3.04265 3.04265 3.04265 3.04265 3.04265 2.79927 2.70059 2.70059 2.70059 2.70059 2.70059 2.70059 2.70059 2.70059 2.70059 2.68228 2.60023 2.51281 2.42535 2.37512 2.37486 2.41416 2.97963 2.31143 2.22675 2.22994 2.26656 2.31163 2.35710 2.40217 2.44478 2.45424 2.45424 2.45424 2.45424 2.45424 2.45424 2.45424 2.45424 2.44725 2.42866 2.39668 2.36342 2.38310 2.46795 2.40574 2.32013 2.30690 2.20152 2.17994 2.17994 2.17994 2.17994 2.17994 2.17994 2.19250 2.39552 2.39921 2.39921 2.39921 2.39921 2.39921 2.42005
3.04265 3.04265 3.04265 3.04265 3.04265 3.04265 3.04265 3.04265 3.04265 2.89683 2.70059 2.70059 2.70059 2.70059 2.70059 2.69453 2.62434 2.53688 2.44942 2.38027 2.37486 2.37486 2.37486 2.37486 2.37191 2.32777 2.79881 2.57297 2.40351 2.44539 2.45424 2.45424 2.45424 2.45424 2.45424 2.45424 2.45424 2.45424 2.45424 2.45424 2.43695 2.40370 2.37043 2.33489 2.29470 2.23857 2.15299 2.09235 2.16825 2.14878 2.14878 2.16118 2.17994 2.17994 2.17994 2.17994 2.17994 2.17994 2.17994 2.17994 2.34827 2.39921 2.39921 2.38913 2.35123 2.31167 2.27210
3.04265 3.04265 3.04265 3.04265 3.04265 3.04265 3.04265 3.04265 3.04265 3.02259 2.70766 2.70020 2.64838 2.56095 2.47349 2.39209 2.37486 2.37486 2.37486 2.37391 2.33579 2.27845 2.22122 2.16385 2.10958 2.09638 2.40131 2.83190 2.45619 2.45424 2.45424 2.45424 2.45424 2.45424 2.45424 2.45257 2.42708 2.39382 2.36060 2.32732 2.31134 2.27016 2.18456 2.09905 1.99995 1.96694 1.96694 1.96694 2.12091 2.14878 2.14878 2.15190 2.17976 2.17994 2.17994 2.17994 2.17994 2.17994 2.17185 2.15454 2.21825 2.25862 2.21912 2.18959 2.18796 2.18796 2.18796
3.04265 3.04265 3.04265 3.04265 3.04265 3.04265 3.04265 3.04265 2.98363 2.81151 2.52131 2.41053 2.37486 2.37486 2.37481 2.34378 2.28647 2.22919 2.17187 2.11551 2.09638 2.09638 2.09638 2.09638 2.09638 2.09638 2.17460 2.86783 2.52331 2.45424 2.45424 2.44798 2.41720 2.38394 2.35068 2.31910 2.31134 2.28327 2.19927 2.11372 2.02815 1.98384 1.98384 1.98384 1.97400 1.96694 1.96694 1.96694 2.06816 2.14878 2.14878 2.14878 2.17325 2.16909 2.15177 2.13445 2.11712 2.09980 2.09057 2.09056 2.11211 2.18796 2.18796 2.18796 2.18909 2.21970 2.26937
3.04265 3.04265 3.04265 3.04265 3.01653 2.85965 2.68474 2.50982 2.39399 2.39119 2.35889 2.29444 2.23718 2.17987 2.12175 2.00802 2.09638 2.09638 2.09638 2.09638 2.09638 2.09638 2.09638 2.09638 2.09638 2.09638 2.09638 2.69514 2.61327 2.37405 2.34081 2.31381 2.31134 2.29388 2.21394 2.12836 2.04282 1.98538 1.98384 1.98384 1.98384 1.98384 1.98384 1.98384 1.97868 1.96694 1.96694 1.96624 2.00183 2.11785 2.10052 2.08320 2.08108 2.09056 2.09056 2.09056 2.09056 2.09056 2.09056 2.09056 2.09963 2.23355 2.29404 2.37603 2.50701 2.59110 2.64688
3.03170 2.90786 2.73288 2.55796 2.40924 2.38420 2.35363 2.32961 2.31174 2.23948 2.05009 1.77265 1.66234 1.56594 1.48155 1.45099 2.00230 2.09638 2.09638 2.09638 2.09638 2.09638 2.09638 2.09638 2.09638 2.09638 2.09638 2.45672 2.73768 2.30201 2.22861 2.14307 2.05749 1.98940 1.98384 1.98384 1.98384 1.98384 1.98384 1.98384 1.98384 1.98384 1.97950 1.93041 1.86865 1.91161 1.89860 1.88198 1.88221 2.05054 2.05940 2.05940 2.06503 2.09056 2.09056 2.09076 2.11217 2.15210 2.19955 2.27285 2.38133 2.53996 2.64322 2.67845 2.67898 2.67898 2.67898
2.39260 2.36258 2.33605 2.29313 2.12058 1.97717 1.85133 1.74043 1.64326 1.58201 1.57983 1.46758 1.45013 1.45013 1.45013 1.45013 1.79751 2.09638 2.09638 2.09638 2.09638 2.09638 2.09638 2.09638 2.09638 2.09610 2.08918 2.18110 2.52103 2.02520 1.98384 1.98384 1.98384 1.98384 1.98384 1.98384 1.98384 1.97883 1.92910 1.86813 1.80744 1.74662 1.69008 1.67854 1.67854 1.82841 1.87756 1.87756 1.87756 2.00243 2.05940 2.06424 2.09516 2.16729 2.22334 2.29957 2.38216 2.43783 2.49360 2.53167 2.53287 2.59138 2.67898 2.67898 2.67898 2.67898 2.67898
2.19538 1.87975 1.67389 1.59284 1.57983 1.57983 1.57983 1.57983 1.57983 1.57983 1.57983 1.50402 1.45013 1.45013 1.45013 1.45013 1.63247 2.09638 2.09638 2.09638 2.09638 2.09638 2.09185 2.08212 2.07239 2.06293 2.06011 2.06031 2.33237 2.11288 1.98384 1.98384 1.97834 1.92757 1.86691 1.80591 1.74540 1.68935 1.67854 1.67854 1.67854 1.67854 1.67854 1.67854 1.67854 1.77358 1.87756 1.90341 1.97327 2.09722 2.20703 2.24652 2.18522 2.29279 2.48996 2.53088 2.53287 2.53287 2.53287 2.53287 2.53287 2.55145 2.67895 2.67898 2.67898 2.67898 2.67898
2.19066 1.79488 1.57983 1.57983 1.57983 1.57983 1.57983 1.57983 1.57983 1.57983 1.57983 1.54049 1.45013 1.45013 1.45013 1.45013 1.49826 2.09522 2.09406 2.08479 2.07505 2.06532 2.06012 2.06011 2.06011 2.06011 2.06011 2.05103 2.12045 2.08303 1.80463 1.74400 1.68862 1.67854 1.67854 1.67854 1.67854 1.67854 1.67854 1.67854 1.67854 1.67854 1.67945 1.71198 1.76682 1.88340 2.19180 2.25915 2.19764 2.12410 2.05066 1.99084 1.98526 2.13170 2.53287 2.53287 2.53287 2.53287 2.53287 2.53287 2.53287 2.53287 2.65762 2.67898 2.67898 2.67898 2.68588
2.19066 1.95759 1.57983 1.57983 1.57983 1.57983 1.57983 1.57983 1.57983 1.57983 1.57983 1.57371 1.45336 1.45013 1.44957 1.44418 1.43769 1.92795 2.06057 2.06011 2.06011 2.06011 2.05644 1.97285 1.85671 1.74040 1.62432 1.51720 1.56841 1.89535 1.68285 1.67854 1.67854 1.67854 1.67854 1.67854 1.67854 1.67854 1.68408 1.72708 1.78479 1.85417 1.93730 1.96564 1.91154 1.84022 2.03890 1.99670 1.98526 1.98526 1.98526 1.98526 1.98526 1.99733 2.50105 2.53287 2.53287 2.53287 2.53287 2.53287 2.53287 2.53046 2.63965 2.75325 2.78281 2.81246 2.83511
2.19066 2.17935 1.60525 1.57983 1.57983 1.57983 1.57983 1.57983 1.57983 1.57983 1.57976 1.57569 1.47304 1.43298 1.42705 1.42595 1.42595 1.72773 1.98977 1.87357 1.75732 1.64124 1.52860 1.49605 1.49605 1.49605 1.49605 1.49605 1.50027 1.84531 1.73366 1.67854 1.67854 1.67854 1.69284 1.74293 1.80372 1.87723 1.95564 1.96795 1.92393 1.85040 1.77686 1.70615 1.68674 1.68674 1.88120 1.98526 1.98526 1.98526 1.98526 1.98526 1.98526 1.98526 2.34690 2.53282 2.52957 2.52444 2.51930 2.51416 2.50902 2.50630 2.60793 2.83659 2.83659 2.83659 2.83659
2.19066 2.19066 1.67479 1.57983 1.57983 1.57983 1.57983 1.57738 1.57095 1.56446 1.55804 1.55565 1.49596 1.39026 1.31284 1.23537 1.15799 1.18832 1.49605 1.49605 1.49605 1.49605 1.49605 1.49605 1.49605 1.49605 1.49605 1.49605 1.49605 1.70958 1.83047 1.75959 1.82376 1.90170 1.96607 1.96837 1.93615 1.86282 1.78928 1.71617 1.68674 1.68674 1.68674 1.68674 1.68674 1.68674 1.79899 1.98526 1.98526 1.98526 1.98501 1.98107 1.97594 1.97080 2.16118 2.50818 2.50629 2.50629 2.50629 2.50629 2.50629 2.50629 2.52405 2.83048 2.83659 2.83603 2.77894
2.19066 2.19066 1.77557 1.57868 1.57273 1.56624 1.55975 1.55570 1.55039 1.52879 1.50605 1.48330 1.40675 1.11318 1.17715 1.25031 1.33483 1.43628 1.49605 1.49605 1.49605 1.49605 1.49605 1.49605 1.49605 1.49605 1.49605 1.49605 1.49605 1.59029 1.94772 1.96837 1.94668 1.87521 1.80170 1.72814 1.68689 1.68674 1.68674 1.68674 1.68674 1.68674 1.68674 1.68674 1.68674 1.69473 1.79243 1.97538 1.96991 1.96477 1.95989 1.95869 1.95869 1.95869 1.99664 2.49759 2.50629 2.50629 2.50629 2.50629 2.50629 2.50622 2.45506 2.61229 2.59550 2.50120 2.46344
2.19066 2.19066 1.97131 1.55236 1.53542 1.51266 1.49378 1.53290 1.60344 1.70357 1.82032 1.95607 2.08054 1.55745 1.49605 1.49605 1.49605 1.49605 1.49605 1.49605 1.49605 1.49605 1.49605 1.49605 1.49605 1.49605 1.49605 1.49605 1.47086 1.33751 1.72416 1.74056 1.68872 1.68674 1.68674 1.68674 1.68674 1.68674 1.68674 1.68674 1.69546 1.76431 1.84447 1.92514 2.00525 2.07770 2.09012 1.98145 1.95869 1.95869 1.95869 1.95869 1.95869 1.95869 1.95869 2.36934 2.50629 2.50629 2.46144 2.36666 2.27169 2.17683 2.13314 2.29535 2.46344 2.46344 2.46344
2.08155 2.01324 1.94499 1.64424 1.78176 1.91120 2.05465 2.09392 2.09392 2.09392 2.09392 2.09392 2.09392 1.72282 1.49605 1.49605 1.49605 1.49605 1.49605 1.49605 1.49605 1.49605 1.49605 1.49605 1.48950 1.36833 1.20546 1.04276 0.905084 0.888997 1.38506 1.68674 1.68674 1.68674 1.68674 1.69622 1.76569 1.84608 1.92675 2.00666 2.07859 2.09012 2.09012 2.09012 2.09012 2.09012 2.09012 2.01742 1.95869 1.95869 1.95869 1.95869 1.95869 1.95869 1.96724 2.16280 2.27815 2.18321 2.13317 2.13314 2.13314 2.13314 2.13314 2.20534 2.46344 2.46344 2.46344
1.86919 1.86919 1.86919 2.01088 2.09392 2.09392 2.09392 2.09392 2.09392 2.09392 2.09392 2.09392 2.09392 1.88999 1.49605 1.49605 1.49605 1.49605 1.49605 1.49605 1.49605 1.41264 1.24971 1.08696 0.930763 0.888997 0.888997 0.888997 0.888997 0.888997 1.15284 1.76376 1.84769 1.92813 2.00824 2.07943 2.09012 2.09012 2.09012 2.09012 2.09012 2.09012 2.09012 2.09012 2.09012 2.09012 2.09012 2.05339 1.95869 1.95869 1.96427 1.98604 2.00884 2.03165 2.04588 2.05866 2.13313 2.13314 2.13314 2.13314 2.13314 2.13314 2.13314 2.13730 2.44167 2.46344 2.46344
1.86919 1.86919 1.86919 1.92734 2.09391 2.09392 2.09392 2.09392 2.09392 2.09392 2.09392 2.09392 2.09392 2.05057 1.50257 1.49605 1.49605 1.45137 1.29402 1.13115 0.968339 0.888997 0.888997 0.888997 0.888997 0.891673 0.929273 0.977693 1.02607 1.07449 1.17689 2.00943 2.09012 2.09012 2.09012 2.09012 2.09012 2.09012 2.09012 2.09012 2.09012 2.09012 2.09012 2.09012 2.09012 2.09012 2.09334 2.10877 2.00911 2.02784 2.04506 2.04609 2.04609 2.04609 2.04609 2.04609 2.11935 2.13314 2.13314 2.13314 2.13314 2.13314 2.13314 2.13314 2.37852 2.52326 2.56348
1.86919 1.86919 1.86919 1.86919 2.07395 2.09392 2.09392 2.09392 2.09392 2.09392 2.09392 2.09392 2.09392 2.07601 1.46855 1.17541 1.01253 0.894461 0.888997 0.888997 0.889795 0.921950 0.970346 1.01874 1.06719 1.11291 1.12370 1.12370 1.12370 1.12370 1.12370 1.78200 2.09012 2.09012 2.09012 2.09012 2.09012 2.09012 2.09012 2.09012 2.09012 2.09012 2.09164 2.10984 2.13265 2.15544 2.17502 2.17752 2.08126 2.04609 2.04609 2.04609 2.04609 2.04609 2.04609 2.04609 2.09303 2.13314 2.13369 2.16983 2.23759 2.32301 2.43389 2.58352 2.68156 2.67840 2.67840
1.86919 1.86919 1.86919 1.86919 2.02392 2.09392 2.09392 2.09392 2.09392 2.09076 1.98028 1.81747 1.65472 1.50975 1.18644 0.889021 0.914627 0.963047 1.01142 1.05984 1.10744 1.12370 1.12370 1.12370 1.12370 1.12370 1.12370 1.12370 1.12370 1.12370 1.12370 1.49446 2.09012 2.09012 2.09012 2.09012 2.09012 2.09012 2.09057 2.10605 2.12884 2.15164 2.17292 2.17752 2.17752 2.17752 2.17752 2.17752 2.11726 2.04609 2.04609 2.04609 2.04609 2.04831 2.08586 2.14513 2.24840 2.45614 2.61255 2.68583 2.68583 2.68583 2.68583 2.68583 2.68409 2.67840 2.58796
1.86919 1.86919 1.86919 1.86919 1.94817 2.09392 2.02411 1.86166 1.69897 1.53925 1.48687 1.48887 1.49527 1.50184 1.40514 1.10089 1.12370 1.12370 1.12370 1.12370 1.12370 1.12370 1.12370 1.12370 1.12370 1.12370 1.12370 1.12370 1.12370 1.12370 1.12370 1.23070 2.06697 2.09012 2.09013 2.10220 2.12501 2.14781 2.17018 2.17752 2.17752 2.17752 2.17752 2.17752 2.17752 2.17752 2.17752 2.17752 2.15047 2.09505 2.15663 2.23494 2.33789 2.47111 2.51173 2.51173 2.51380 2.67221 2.68583 2.68583 2.68583 2.65057 2.39011 2.16986 2.00533 2.09302 2.03363
1.86919 1.86919 1.86919 1.86919 1.87156 1.60535 1.48816 1.49342 1.49998 1.50654 1.51310 1.51767 1.51783 1.51783 1.51300 1.15113 1.12370 1.12370 1.12370 1.12370 1.12370 1.12370 1.12370 1.12370 1.12370 1.12370 1.12370 1.12370 1.12370 1.12370 1.12370 1.20916 1.97137 2.14401 2.16680 2.17752 2.17752 2.17752 2.17752 2.17752 2.17752 2.17752 2.17752 2.17197 2.12984 2.08093 2.03203 1.98312 1.94095 2.41305 2.51173 2.51173 2.51173 2.51173 2.51173 2.51173 2.51173 2.49398 2.28546 2.09461 1.95012 1.80061 1.71915 1.65231 1.58895 1.82410 1.93933
1.86919 1.86948 1.87858 1.89170 1.90483 1.61609 1.51700 1.51783 1.51783 1.51783 1.51783 1.51783 1.51783 1.51783 1.51783 1.25666 1.12370 1.12370 1.12370 1.12370 1.12370 1.12370 1.12370 1.12370 1.12370 1.12370 1.12370 1.16285 1.38492 1.63004 1.87516 2.03503 2.05945 2.17752 2.17752 2.17752 2.17752 2.17752 2.17178 2.12935 2.08044 2.03154 1.98264 1.93948 1.93300 1.93300 1.93300 1.93300 1.93300 2.20372 2.51173 2.51173 2.51173 2.41774 2.07152 1.92165 1.80652 1.71755 1.72328 1.65655 1.59190 1.57351 1.57351 1.57351 1.57351 1.72545 1.93933
