High_resolution/powerplant/Shangrao/OMI_NO2_201110.asc
ncols      200
nrows      200
xllcorner       115.451
yllcorner       27.0350
cellsize     0.0166667
NODATA_Value      -999.000
[rows 87 to 115 of 200, columns 67 to 133 of 200]
2.00966 2.00966 2.00966 2.00966 2.00966 2.00966 2.01722 2.50180 2.53428 2.53428 2.52674 2.44589 2.44498 2.44498 2.44498 2.44992 2.47451 2.50370 2.62126 2.63007 2.63015 2.63015 2.59536 2.52448 2.52448 2.52448 2.52299 2.50589 2.48466 2.46344 2.44582 2.48007 2.27657 2.20353 2.28130 2.20925 2.07961 2.07961 2.07961 2.07961 2.07961 2.07961 2.07961 2.07961 2.07961 2.07961 2.07961 2.07961 2.07961 2.07961 2.07961 2.07961 2.11535 1.82537 1.82498 1.82498 1.82498 1.82498 1.82498 1.84137 1.95175 2.07690 2.20205 2.32678 2.37853 2.37853 2.37853
2.05130 2.00966 2.00966 2.00966 2.00966 2.00966 2.00966 2.36666 2.53428 2.53428 2.53428 2.46680 2.46711 2.49127 2.51197 2.52708 2.52859 2.52859 2.60442 2.63015 2.63015 2.61369 2.53946 2.50242 2.48123 2.46105 2.47663 2.52439 2.57625 2.62815 2.67690 2.68792 2.60072 2.35959 2.35959 2.29672 2.07961 2.07961 2.07961 2.07961 2.07961 2.07961 2.07961 2.07961 2.07961 2.07961 2.07961 2.07961 2.07961 2.07961 2.07961 2.07961 2.12058 1.89848 1.82498 1.87956 2.00444 2.12971 2.25487 2.36364 2.37853 2.37853 2.37853 2.37983 2.46110 2.61231 2.80279
2.13376 2.00966 2.00966 2.00966 2.00966 2.00966 2.00966 2.22376 2.54480 2.56337 2.57922 2.56069 2.52859 2.52859 2.52859 2.52394 2.47138 2.40623 2.38393 2.35843 2.27743 2.23438 2.25698 2.51846 2.62052 2.67138 2.68792 2.68792 2.68792 2.68792 2.68792 2.68792 2.67380 2.37166 2.35959 2.35612 2.09919 2.07961 2.07961 2.07961 2.07961 2.07961 2.07961 2.07961 2.07961 2.07961 2.07961 2.07961 2.07961 2.07961 2.07744 2.03442 1.97853 2.12412 2.30762 2.37831 2.37853 2.37853 2.38440 2.48376 2.64073 2.83906 3.09834 3.44790 3.60863 3.60863 3.60863
2.21625 2.00966 2.00966 2.00966 2.00966 2.03524 2.13717 2.23729 2.59556 2.59552 2.56028 2.48450 2.36305 2.29791 2.22684 2.15051 2.11950 2.09662 2.10959 2.32738 2.36627 2.38364 2.38364 2.54014 2.68792 2.68792 2.68792 2.68792 2.68792 2.68792 2.68792 2.68792 2.68770 2.45861 2.35959 2.35959 2.17479 2.07961 2.07961 2.07961 2.07961 2.07961 2.07961 2.07961 2.07961 2.07961 2.07050 2.01758 1.95892 1.90026 1.84374 1.82817 1.82817 2.04374 2.50721 2.66999 2.87695 3.14908 3.50134 3.60863 3.60863 3.60863 3.60863 3.60863 3.60863 3.60863 3.60863
2.28604 2.02230 2.00966 2.00966 2.01330 2.04432 2.23003 2.24976 2.32255 2.25636 2.20408 2.15466 2.10761 2.08910 2.07201 2.06477 2.06008 2.05996 2.06048 2.34623 2.38364 2.38364 2.38364 2.46156 2.68792 2.68792 2.68792 2.68792 2.68792 2.66125 2.55886 2.45174 2.34470 2.37264 2.35959 2.35959 2.25376 2.07961 2.07961 2.07961 2.07961 2.07961 2.05871 2.00073 1.94207 1.88341 1.83390 1.82817 1.83925 1.92101 2.01527 2.10953 2.20378 2.42567 3.55336 3.60863 3.60863 3.60863 3.60863 3.60863 3.60863 3.60863 3.60863 3.60863 3.60863 3.60863 3.60863
2.32705 2.14981 2.08347 2.10401 2.12091 2.12259 2.22011 2.20896 2.11774 2.03754 2.00436 1.99819 2.03216 2.05996 2.05996 2.05996 2.05996 2.05996 2.05996 2.25417 2.38364 2.38364 2.38364 2.39738 2.68167 2.67854 2.58947 2.48247 2.37543 2.29510 2.29045 2.29045 2.29045 2.34303 2.36135 2.35959 2.33179 2.08011 2.04257 1.98388 1.92523 1.86659 1.82888 1.83972 1.92196 2.01621 2.11047 2.20473 2.28706 2.29945 2.29945 2.29945 2.29945 2.33283 3.33792 3.60863 3.60863 3.60863 3.60863 3.60863 3.60863 3.60863 3.60863 3.60863 3.60863 3.60863 3.60863
2.40724 2.29187 2.08375 2.00965 1.93562 1.86148 1.92731 2.05769 2.03842 1.99737 1.99737 1.99737 2.01321 2.05996 2.05996 2.05996 2.05996 2.05996 2.05996 2.16125 2.38364 2.38295 2.33284 2.25259 2.34027 2.30853 2.29045 2.29045 2.29045 2.29045 2.29045 2.29045 2.29045 2.30188 2.37437 2.24705 2.18839 1.90260 1.84019 1.92290 2.01716 2.11141 2.20543 2.28744 2.29945 2.29945 2.29945 2.29945 2.29945 2.29945 2.29945 2.29945 2.29945 2.29945 2.91817 3.60863 3.60863 3.60863 3.60863 3.60863 3.60863 3.60863 3.60863 3.60863 3.60863 3.60863 3.61181
2.19657 2.08630 1.81755 1.81712 1.81712 1.81712 1.84026 2.05474 2.05398 1.99825 1.99737 1.99737 1.99842 2.05575 2.05996 2.05996 2.05996 2.05996 2.03125 1.96833 2.18769 2.11570 2.08553 2.08553 2.17373 2.29045 2.29045 2.29045 2.29045 2.30198 2.36716 2.43908 2.51097 2.58346 2.55166 2.28920 2.42575 2.34481 2.28791 2.29945 2.29945 2.29945 2.29945 2.29945 2.29945 2.29945 2.29945 2.29945 2.29945 2.29945 2.29945 2.29945 2.29945 2.29945 2.54509 3.59666 3.60863 3.60863 3.60863 3.60863 3.60863 3.60863 3.63242 3.73113 3.83518 3.93933 4.04021
2.07911 2.07911 1.86273 1.81712 1.81712 1.81712 1.81712 2.00694 2.05769 2.01094 1.99737 1.99737 1.99737 2.03790 2.04744 1.97494 1.89463 1.81438 1.76281 1.76185 2.00137 2.08553 2.08553 2.08553 2.12737 2.30995 2.37927 2.45118 2.52528 2.64834 2.75666 2.87490 3.01503 3.17005 3.30773 2.85576 2.85576 2.63560 2.29945 2.29945 2.29945 2.29945 2.29945 2.29945 2.29945 2.29945 2.29945 2.29945 2.29945 2.29945 2.29945 2.29945 2.29945 2.29945 2.38583 3.42423 3.60863 3.60918 3.67147 3.77553 3.87972 3.98382 4.06423 4.06967 4.06967 4.06967 4.06967
2.07911 2.07911 1.93865 1.81712 1.81712 1.81712 1.81712 1.93458 2.05769 2.02738 1.99438 1.93533 1.85508 1.79642 1.76966 1.76185 1.76185 1.76185 1.76239 1.77238 1.94635 2.19708 2.30015 2.41506 2.57920 2.73706 2.85521 2.99162 3.15064 3.20488 3.20488 3.20488 3.20488 3.20488 3.24505 3.03305 2.85576 2.83448 2.31557 2.29945 2.29945 2.29945 2.29945 2.29945 2.29945 2.29945 2.29945 2.29945 2.29945 2.29945 2.29945 2.29945 2.29945 2.31673 2.46532 3.57201 3.92430 4.02785 4.06967 4.06967 4.06967 4.06967 4.06967 4.06967 4.06967 4.06967 4.06967
2.07911 2.07911 2.01458 1.81712 1.81712 1.81712 1.81712 1.84882 1.93900 1.84429 1.72051 1.69926 1.69926 1.70782 1.78048 1.79716 1.81435 1.87153 1.96468 2.09839 2.40167 2.83571 2.96879 3.12740 3.20488 3.20488 3.20488 3.20488 3.20488 3.20488 3.20488 3.20488 3.20488 3.20488 3.20488 3.19009 2.85576 2.85576 2.40569 2.29945 2.29945 2.29945 2.29945 2.29945 2.29945 2.29945 2.29945 2.29945 2.29945 2.34422 2.50037 2.66177 2.82296 2.96716 2.99037 3.65075 4.06967 4.06967 4.06967 4.06967 4.06967 4.06967 4.06967 4.06967 4.06967 4.06967 4.06967
2.07911 2.07911 2.07441 1.83313 1.81712 1.81712 1.81712 1.82175 1.79688 1.80899 1.74392 1.74993 1.76613 1.78662 1.95605 2.22014 2.48308 2.74146 3.00805 3.20206 3.20488 3.20488 3.20488 3.20488 3.20488 3.20488 3.20488 3.20488 3.20488 3.20488 3.20488 3.20488 3.31874 3.60986 4.01864 4.08932 2.85576 2.85576 2.54032 2.29945 2.29945 2.29945 2.29945 2.29945 2.29952 2.38464 2.54590 2.70730 2.86856 2.98519 2.99037 3.00198 3.07925 3.16681 3.25438 3.58258 4.09200 4.06967 4.06967 4.06967 4.06967 4.06967 4.06967 4.06967 4.06967 4.06967 4.06967
2.07911 2.07911 2.09645 1.95471 1.90057 1.93365 1.96666 1.99505 1.94451 1.90836 1.93992 2.07230 2.26914 2.48945 2.90888 3.20488 3.20488 3.20488 3.20488 3.20488 3.20488 3.20488 3.20488 3.20488 3.20488 3.20488 3.20488 3.20488 3.26148 3.51892 3.88824 4.43239 4.82279 4.82279 4.82279 4.75394 2.93386 2.85576 2.74235 2.29990 2.30719 2.43027 2.59151 2.75290 2.91410 2.99037 3.00198 3.07925 3.16681 3.25438 3.34194 3.41790 3.42819 3.42819 3.42819 3.49212 4.14157 4.06967 4.06967 4.06967 4.06967 4.06967 4.06967 4.06967 4.06967 4.06967 4.06967
2.21187 2.24499 2.26068 2.16185 1.99923 2.08005 2.25749 2.46543 2.64682 2.52568 2.62094 2.72769 2.72769 2.72769 2.79241 3.20474 3.20488 3.20488 3.20488 3.20488 3.20488 3.20488 3.20488 3.20488 3.22511 3.43569 3.77127 4.25547 4.78663 4.82279 4.82279 4.82279 4.82279 4.82279 4.82279 4.82279 3.50963 3.20841 3.53093 2.89768 2.95196 3.00198 3.07925 3.16681 3.25438 3.34194 3.41790 3.42819 3.42819 3.42819 3.42819 3.42819 3.42819 3.42819 3.42819 3.42823 4.00653 4.06967 4.06967 4.06967 4.06967 4.06967 4.06967 4.06967 4.06967 4.06967 4.06967
2.27248 2.34387 2.42472 2.50558 2.89757 3.06260 3.06260 3.06260 3.06260 2.63370 2.58625 2.72769 2.72769 2.72769 2.72769 3.12565 3.20488 3.20488 3.20488 3.20488 3.20731 3.35934 3.66548 4.09945 4.68701 4.82279 4.82279 4.82279 4.82279 4.82279 4.82279 4.82279 4.92393 5.26683 5.62033 5.97413 5.37722 3.83660 3.52993 3.26227 3.34194 3.41790 3.42819 3.42819 3.42819 3.42819 3.42819 3.42819 3.42819 3.42819 3.42819 3.42819 3.42819 3.42819 3.42819 3.42819 3.76148 4.07763 4.06967 4.06967 4.06967 4.06967 4.06967 4.06967 4.06967 3.96390 3.65095
2.61212 2.62166 2.62166 2.62166 2.94223 3.06260 3.06260 3.06260 3.06260 2.76728 2.57072 2.69882 2.72769 2.72769 2.72769 2.98170 3.20488 3.29129 3.56958 3.96049 4.53559 4.82279 4.82279 4.82279 4.82279 4.82279 4.82279 4.82279 4.97296 5.32514 5.67849 5.99524 5.65005 5.07147 4.63797 4.30454 3.95540 3.00048 2.99606 3.11028 3.42819 3.42819 3.42819 3.42819 3.42819 3.42819 3.42819 3.42819 3.42819 3.42819 3.42819 3.42819 3.42819 3.42819 3.42819 3.42819 3.57547 4.12260 4.06967 4.06967 4.06081 3.83562 3.51733 3.19904 2.88102 2.66850 2.66315
2.62166 2.62166 2.62166 2.62166 2.80288 3.06260 3.06260 3.06260 3.06260 2.94013 2.57072 2.64870 2.72769 2.75484 2.92310 3.32576 4.35310 4.81536 4.82279 4.82279 4.82279 4.81590 4.55192 4.24129 4.14466 4.15849 4.23443 5.56393 5.14440 4.69340 4.34780 4.08505 4.02480 4.02480 4.02480 4.02480 4.02480 3.20248 2.99606 3.00783 3.40921 3.42819 3.42819 3.42819 3.42819 3.42819 3.42819 3.42819 3.42819 3.42819 3.42819 3.42819 3.42819 3.42819 3.42819 3.42819 3.44557 3.97876 3.38357 3.06542 2.75598 2.66315 2.66315 2.66315 2.66315 2.66315 2.66315
2.62166 2.62166 2.62166 2.62166 2.69255 3.06260 3.06260 3.06260 3.06260 3.06208 2.68962 2.83580 3.41930 3.81755 3.86840 3.87861 4.59728 4.33244 4.07435 3.88103 3.86380 3.90288 3.98091 3.87816 3.76309 3.61111 3.48163 3.87230 4.02480 4.02480 4.02480 4.02480 4.02480 4.02480 4.02480 4.02480 4.02480 3.50978 2.99606 2.99606 3.29960 3.42819 3.42819 3.42819 3.42819 3.42819 3.42819 3.42819 3.42819 3.42819 3.42819 3.42819 3.42061 3.40231 3.38385 3.36540 3.35047 3.67402 2.66981 2.66315 2.66315 2.66315 2.66315 2.66315 2.66315 2.66315 2.66315
2.62166 2.62166 2.62166 2.62166 2.62485 3.01417 3.06260 3.06260 3.06260 3.06260 3.05675 3.03694 3.44208 3.31151 3.20378 3.12203 3.49488 3.86544 3.95807 4.02667 3.99352 3.93084 3.90087 3.49332 3.43857 3.43857 3.43857 3.69710 4.02480 4.02480 4.02480 4.02480 4.02480 4.02480 4.02480 4.02480 4.02480 3.81727 2.99606 2.99606 3.17809 3.42819 3.42819 3.42819 3.42819 3.42819 3.42819 3.42786 3.41543 3.39699 3.37856 3.36011 3.34919 3.34911 3.32468 3.18384 3.02786 3.23331 2.94667 2.66315 2.66315 2.66315 2.66315 2.66315 2.66315 2.66315 2.66315
2.62166 2.62166 2.62166 2.62166 2.62166 2.84336 2.98584 2.93345 2.88087 2.82843 2.78181 2.78128 3.07164 3.20185 3.25696 3.29881 3.50919 3.90427 3.90138 3.90138 3.90138 3.90138 3.90138 3.62499 3.43857 3.43857 3.43857 3.55642 4.02480 4.02480 4.02480 4.02480 4.02480 4.02480 4.02480 4.02480 4.02480 4.01997 3.10048 2.99606 3.05662 3.42819 3.42819 3.42608 3.41013 3.39168 3.37324 3.35515 3.34911 3.32468 3.18384 3.02786 2.87189 2.71592 2.58395 2.56848 2.56848 2.72672 3.36295 2.66315 2.76520 3.06137 3.27018 3.23898 2.66315 2.66315 2.66315
2.58845 2.55337 2.51845 2.48340 2.44844 2.52309 2.77446 2.78298 2.86253 2.95004 3.02295 3.07969 3.19288 3.28760 3.28760 3.28760 3.31855 3.88492 3.90138 3.90138 3.90138 3.90138 3.90138 3.75726 3.43857 3.43857 3.43857 3.45305 3.99830 4.02480 4.02480 4.02480 4.02480 4.02480 4.02480 4.02480 4.02480 4.02480 3.40313 2.99063 2.97270 3.32550 3.36793 3.35161 3.32468 3.18384 3.02786 2.87189 2.71592 2.58395 2.56848 2.56848 2.56848 2.56848 2.56848 2.56848 2.60005 2.77997 3.79865 3.39617 3.48733 3.49196 3.49196 3.46509 2.69661 2.66315 2.66315
2.42957 2.42957 2.42957 2.41329 2.36570 2.34585 3.02275 3.08414 3.09241 3.09241 3.09241 3.09241 3.13931 3.28760 3.28760 3.28760 3.28760 3.73033 3.90138 3.90138 3.90138 3.90138 3.90138 3.87814 3.44940 3.43857 3.43857 3.43857 3.82110 4.02480 4.02480 4.02480 4.02480 4.02480 4.02480 3.87597 3.54898 3.22215 2.91563 2.90808 2.84030 2.92025 2.87189 2.71592 2.58395 2.56848 2.56848 2.56848 2.56848 2.56848 2.56848 2.56848 2.58256 2.74412 2.91025 3.04466 3.14121 3.15257 3.70587 3.55548 3.49196 3.49196 3.49196 3.49196 3.01340 2.66315 2.66315
2.31361 2.26707 2.22051 2.19027 2.19132 2.19132 2.89667 3.09241 3.09241 3.09241 3.09241 3.09241 3.09638 3.27772 3.28760 3.28760 3.28760 3.54499 3.90138 3.90138 3.90138 3.90138 3.90138 3.90138 3.55825 3.43857 3.43857 3.43857 3.65627 4.02480 4.02235 3.82100 3.49387 3.16647 2.83448 2.59505 2.51758 2.44044 2.37380 2.54336 2.54217 2.54987 2.56848 2.56848 2.56848 2.56848 2.56848 2.56848 2.57189 2.71043 2.88323 3.02263 3.13076 3.15257 3.15257 3.15257 3.15257 3.15257 3.43018 3.75872 3.49196 3.49196 3.49196 3.50502 3.48290 3.38521 3.77183
2.19132 2.19132 2.19132 2.19132 2.19132 2.19132 2.63770 3.09241 3.09241 3.09241 3.09241 3.09241 3.09241 3.22867 3.28760 3.28760 3.28760 3.36072 3.90021 3.90138 3.90138 3.90138 3.90138 3.90138 3.69049 3.43450 3.41837 3.24805 3.08246 3.10956 2.73110 2.52826 2.45112 2.37402 2.30184 2.28583 2.28583 2.28583 2.28583 2.46782 2.54217 2.54328 2.56763 2.56848 2.56848 2.67519 2.85521 2.99968 3.11673 3.15257 3.15257 3.15257 3.15257 3.15257 3.15257 3.15257 3.15257 3.15257 3.20983 3.95363 3.74253 3.93604 4.12937 4.30972 4.35002 4.37576 4.37592
2.19132 2.19132 2.19132 2.19132 2.19132 2.19132 2.37881 3.09241 3.09241 3.09241 3.09241 3.09241 3.09241 3.17582 3.28760 3.28760 3.28760 3.28760 3.78785 3.89937 3.89274 3.88594 3.85594 3.66279 3.35908 2.72426 2.46417 2.35800 2.30706 2.30378 2.28583 2.28583 2.28583 2.28583 2.28583 2.28583 2.28583 2.28583 2.28583 2.39145 2.54217 2.61656 2.81989 2.97611 3.09877 3.15257 3.15257 3.15257 3.15257 3.15257 3.15257 3.15257 3.15257 3.15257 3.15228 3.08707 2.97222 2.85743 2.74253 3.28357 4.32979 4.34834 4.32198 4.14593 3.97359 3.60433 3.35106
2.19132 2.19132 2.19132 2.19132 2.19132 2.19132 2.19781 3.01446 3.09241 3.09241 3.09241 3.09241 3.09241 3.11985 3.28113 3.27463 3.26760 3.26080 3.53085 3.61630 3.39616 3.17123 2.96944 2.93098 2.92330 2.31975 2.24068 2.24068 2.24068 2.26647 2.28583 2.28583 2.28583 2.28583 2.28583 2.28583 2.28583 2.28583 2.28583 2.31862 3.03796 3.13330 3.14288 3.15257 3.15257 3.15257 3.15257 3.15257 3.15257 3.15257 3.14503 3.05340 2.93856 2.82376 2.70926 2.65967 2.65967 2.65194 2.61182 2.86450 3.62842 3.68047 3.58545 3.57214 3.57214 3.42531 3.19811
2.19132 2.19132 2.19132 2.19132 2.19132 2.19132 2.19132 2.76207 3.07643 3.03757 2.99854 2.95957 2.92053 2.88528 3.19490 3.18599 3.12671 3.06653 2.99977 2.92614 2.92143 2.92128 2.92128 2.92128 2.92128 2.51189 2.24068 2.24068 2.24068 2.25453 2.28583 2.28583 2.28583 2.28583 2.28583 2.28583 2.28583 2.28583 2.28583 2.28583 2.95406 3.13504 3.13792 3.15257 3.15257 3.15257 3.12788 3.01979 2.90494 2.79019 2.68289 2.65967 2.65168 2.61139 2.56806 2.52443 2.48073 2.44477 2.44118 2.56799 3.24660 3.57214 3.57214 3.50125 3.35922 3.21544 3.26132
2.19132 2.19132 2.18837 2.15671 2.11768 2.07867 2.03965 2.31249 2.87870 2.87852 2.86507 2.80929 2.74911 2.68894 2.86869 3.00209 3.00123 3.00123 3.00072 2.92876 2.92128 2.92128 2.92128 2.92128 2.92128 2.70493 2.24068 2.24068 2.24068 2.24481 2.28583 2.28583 2.28583 2.28583 2.28583 2.28583 2.28583 2.28583 2.28583 2.28583 2.70809 3.13504 3.08330 2.98413 2.87133 2.75653 2.66643 2.65142 2.61102 2.56769 2.52399 2.48029 2.44459 2.44118 2.44118 2.44118 2.44118 2.44118 2.44118 2.40271 2.85403 3.24294 3.10095 3.02980 3.02980 3.03010 3.23556
2.05989 2.02081 1.98479 1.97743 1.97743 1.97743 1.99740 2.10438 2.73667 2.68185 2.63514 2.63072 2.63072 2.63072 2.75862 3.00123 3.00123 3.00123 3.00123 2.95238 2.92128 2.92128 2.92128 2.92128 2.92128 2.88419 2.25466 2.24068 2.24068 2.24068 2.27718 2.28583 2.28583 2.28583 2.28583 2.28583 2.28583 2.28582 2.28512 2.28403 2.30889 2.69470 2.64955 2.64155 2.56725 2.52355 2.47986 2.44442 2.44118 2.44118 2.44118 2.44118 2.44118 2.44118 2.44118 2.41244 2.27978 2.13769 1.99571 1.90118 2.26505 2.94917 3.02980 3.02980 3.02980 3.02980 3.16328
