High_resolution/powerplant/Shangrao/OMI_NO2_200605.asc
ncols      200
nrows      200
xllcorner       115.451
yllcorner       27.0350
cellsize     0.0166667
NODATA_Value      -999.000
[rows 60 to 89 of 193, columns 0 to 65 of 200]
2.68923 2.74293 2.74559 2.75317 2.75546 2.58985 2.59121 2.43934 2.14557 2.01356 2.09664 2.15257 2.20469 2.25959 2.27533 2.27715 2.27505 2.26984 2.26431 2.25847 2.31010 2.87265 2.90060 3.21552 3.61667 3.79093 3.79093 3.79455 3.84547 3.91088 3.97625 4.03834 4.12852 4.47619 4.47619 4.17578 4.04100 4.04100 4.04658 4.07780 4.03855 4.00433 4.02553 4.24114 4.87082 4.85299 4.80482 4.75568 4.70657 4.65823 4.63404 4.42256 4.41148 4.41148 4.41148 4.41140 4.32292 4.31133 4.31133 4.19157 3.93319 3.67458 3.39529 2.92066 2.90904 2.21017
2.75493 2.75514 2.75525 2.75159 2.75043 2.65479 2.64990 2.60018 2.42097 2.23960 2.30432 2.31114 2.30671 2.30254 2.26618 2.25407 2.25598 2.26175 2.26757 2.27338 2.28116 2.73221 2.90257 3.06269 3.58805 3.91251 3.97757 4.03950 4.05380 4.05380 4.05380 4.05380 4.05448 4.42656 4.47619 4.32634 4.10169 4.13609 4.18472 4.25731 4.25602 3.97010 3.92094 3.88586 4.61418 4.64090 4.63995 4.63995 4.63995 4.63995 4.63995 4.48284 4.41148 4.41148 4.40987 4.25419 3.93406 3.63684 3.37813 3.23940 3.23918 3.23918 3.23918 3.01710 2.99224 2.68141
2.75043 2.76123 2.83060 2.90870 2.98684 2.97508 2.89170 2.84020 2.66194 2.31191 2.31720 2.32301 2.32882 2.33412 2.31185 2.28535 2.28535 2.28535 2.28535 2.28438 2.26974 2.55124 3.04377 3.12144 3.73682 4.01497 4.05380 4.05380 4.05380 4.05380 4.05380 4.05380 4.05589 4.37141 4.63964 4.71996 4.41962 4.42977 4.43588 4.39234 4.34095 3.82226 3.79269 3.79269 4.33647 4.63995 4.63995 4.63995 4.63995 4.63995 4.63159 4.35379 3.95763 3.69914 3.44193 3.33932 3.30528 3.23918 3.23918 3.23340 3.16773 3.08619 3.00462 3.04259 3.23768 3.16048
3.01839 3.08573 3.09451 3.09451 3.09451 3.06716 2.93278 2.92464 2.74318 2.40253 2.33504 2.33504 2.33504 2.33504 2.32654 2.28484 2.27184 2.25349 2.23515 2.21780 2.21362 2.29179 3.09553 3.09972 3.56571 3.93036 4.05380 4.07564 4.16620 4.26177 4.35740 4.47182 4.62809 4.77006 4.79479 4.73441 4.45053 4.34545 4.34545 4.34545 4.34545 3.96349 3.79269 3.79269 4.07703 4.63995 4.61915 4.40687 4.14826 3.88966 3.63953 3.54256 3.33984 3.33932 3.33932 3.33911 3.28507 3.11188 3.02948 2.95369 2.93784 2.93784 2.93784 2.95864 3.23373 3.23768
3.09451 3.09451 3.09451 3.09451 3.09451 3.09443 2.94712 2.93278 2.78988 2.51557 2.33504 2.33484 2.32316 2.30482 2.28643 2.22520 2.21363 2.21363 2.21363 2.21363 2.21363 2.20293 2.95787 3.27945 3.62114 4.04225 4.50057 4.62340 4.69297 4.75746 4.82202 4.86772 4.86951 4.86331 4.71798 4.71269 4.56839 4.34545 4.34545 4.34545 4.34545 4.11550 3.77862 3.66905 3.58533 3.84485 3.61401 3.56780 3.56780 3.56780 3.56780 3.56780 3.35681 3.23599 3.15448 3.07312 3.03798 2.95831 2.93784 2.93784 2.93784 2.93784 2.94031 2.95634 3.21326 3.37582
3.09451 3.09451 3.09451 3.09451 3.09451 3.09451 2.98260 2.93275 2.83454 2.60008 2.28812 2.26998 2.26331 2.26331 2.26331 2.23451 2.21557 2.26042 2.32875 2.40279 2.48333 2.60175 3.34145 4.03290 4.09746 4.19806 4.84271 4.86951 4.86951 4.86951 4.86951 4.86951 4.86951 4.86951 4.75764 4.71269 4.69265 4.35649 4.32954 4.21895 4.09194 3.88765 3.30010 3.28282 3.28282 3.48880 3.56780 3.56780 3.55909 3.48933 3.40779 3.32624 3.14786 3.03798 3.03798 3.03798 3.03798 2.98676 2.96353 3.01418 3.06570 3.11716 3.16620 3.20165 3.36554 3.61331
3.09451 3.09451 3.09451 3.09451 3.08375 3.06083 2.97055 2.86919 2.82792 2.65368 2.27961 2.27287 2.33225 2.40433 2.48258 2.55113 2.59701 2.63040 2.66991 2.71833 2.76670 2.83577 3.23668 4.23894 4.23894 4.23894 4.71892 4.86951 4.86951 4.86951 4.86951 4.86951 4.86951 4.86154 4.68208 4.35171 4.11050 3.93948 3.85148 3.83558 3.83558 3.83558 3.35689 3.28282 3.28180 3.34728 3.43265 3.35108 3.27824 3.26646 3.26646 3.26646 3.21612 3.09035 3.15097 3.21155 3.27212 3.29602 3.21875 3.21956 3.21956 3.21956 3.21956 3.21956 3.25679 3.61195
3.08564 3.06288 3.03996 3.01702 3.00486 3.00485 2.94995 2.77111 2.70172 2.54488 2.56487 2.67687 2.68875 2.65206 2.55010 2.44604 2.76679 2.83765 2.84652 2.84652 2.84652 2.84673 3.00996 4.06789 4.23894 4.21617 4.42025 4.62489 4.52583 4.43372 4.32643 4.12540 3.92265 3.73651 3.60049 3.48387 3.48381 3.66195 3.83558 3.83558 3.83558 3.80592 3.39861 3.09092 3.01041 3.01280 3.26552 3.29096 3.32895 3.35953 3.39010 3.42061 3.44603 3.37072 3.36515 3.36515 3.36515 3.36162 3.22617 3.21956 3.21956 3.21849 3.14157 3.01815 2.89472 2.95422
3.00501 2.96422 2.88885 2.80607 2.71389 2.61016 2.54046 2.48191 2.47373 2.40021 2.38788 2.40600 2.30282 2.23642 2.23519 2.23519 2.65874 2.84200 2.82811 2.81389 2.79977 2.78564 2.80241 3.30920 3.68314 3.64094 3.71442 3.97506 3.84871 3.72191 3.61432 3.60142 3.60142 3.60142 3.60142 3.50311 3.48381 3.57831 3.75892 3.66854 3.58700 3.53293 3.36618 3.07391 3.10566 3.13621 3.39415 3.45774 3.45028 3.45018 3.45018 3.45018 3.45018 3.39392 3.36515 3.36515 3.36515 3.36028 3.16582 2.99981 2.87629 2.75399 2.70744 2.70744 2.70744 2.79847
2.59449 2.53988 2.54034 2.54034 2.51240 2.38371 2.24619 2.14023 2.05283 2.01876 2.03618 2.20273 2.18860 2.17446 2.16035 2.14621 2.37489 2.73380 2.73353 2.73353 2.73353 2.73353 2.72516 2.87401 3.37247 3.24576 3.14356 3.56297 3.60142 3.60142 3.60142 3.60142 3.60142 3.60142 3.60142 3.53740 3.47755 3.47735 3.60829 3.49059 3.46903 3.44963 3.42207 3.17084 3.16520 3.16520 3.30504 3.45018 3.45018 3.45018 3.45018 3.45018 3.45018 3.40702 3.25048 3.12696 3.00353 2.88498 2.78978 2.70744 2.70744 2.70744 2.71725 2.76406 2.82151 2.89320
2.45497 2.32922 2.19152 2.05407 1.94461 1.93560 1.93560 1.93573 1.92022 1.91049 1.91021 2.09395 2.12221 2.12221 2.12221 2.12221 2.18649 2.73133 2.72750 2.67976 2.62404 2.56831 2.52133 2.52284 3.07656 3.12849 3.12849 3.43508 3.60142 3.60142 3.59952 3.59058 3.58098 3.57139 3.55065 3.48624 3.40260 3.39064 3.55385 3.42570 3.42570 3.42570 3.42570 3.22615 3.16520 3.16520 3.21738 3.45018 3.45018 3.42954 3.31708 3.19366 3.07023 2.95038 2.85353 2.85302 2.85302 2.85302 2.83267 2.74824 2.80314 2.86721 2.92568 2.93048 2.90271 2.85460
1.74548 1.93560 1.93560 1.93560 1.93560 1.93560 1.93560 1.93079 1.91019 1.91019 1.91019 2.03452 2.12221 2.12221 2.11836 2.07363 2.01790 2.45478 2.52378 2.51576 2.51576 2.51576 2.51576 2.51639 2.89274 3.13616 3.15100 3.31951 3.56680 3.55476 3.52166 3.49001 3.45899 3.42797 3.40810 3.40713 3.37724 3.37528 3.56292 3.43222 3.42570 3.42570 3.42570 3.29779 3.16520 3.15123 3.09314 3.16349 3.05180 2.94907 2.93806 2.93806 2.93806 2.93806 2.86934 2.85599 2.87550 2.89679 2.91575 2.73924 2.68416 2.64969 2.61717 2.58645 2.57298 2.57857
1.48713 1.93560 1.93560 1.93560 1.93560 1.93560 1.93560 1.93556 1.91217 1.91019 1.90803 1.93158 2.02306 1.96731 1.91544 1.90444 1.90444 2.21634 2.51576 2.51647 2.52775 2.54261 2.55745 2.57275 2.77375 3.19310 3.16214 3.16433 3.44070 3.41336 3.40774 3.40774 3.40774 3.40774 3.40774 3.40774 3.38606 3.37528 3.47961 3.52701 3.42570 3.41046 3.35150 3.23336 2.96725 2.91959 2.91620 2.92860 2.93806 2.93806 2.93806 2.95515 3.02059 3.09895 2.87932 2.71856 2.71856 2.71856 2.71856 2.62864 2.57587 2.59340 2.58411 2.57200 2.55995 2.54233
1.16164 1.93047 1.93560 1.93560 1.93560 1.93560 1.93429 1.88461 1.81450 1.76047 1.70690 1.70276 1.89944 1.90444 1.90711 1.92078 1.93562 2.08163 2.57664 2.59078 2.59048 2.56335 2.53235 2.50163 2.49263 3.03997 3.06593 3.06593 3.34523 3.40774 3.40774 3.40774 3.40774 3.40774 3.40774 3.40774 3.39554 3.36954 3.36766 3.50359 3.22606 3.17949 3.17671 3.17379 2.93449 2.91620 2.91620 2.92775 2.99909 3.07387 3.16127 3.23442 3.23796 3.23796 3.03357 2.71731 2.70974 2.70265 2.69549 2.62990 2.50293 2.47332 2.47063 2.47063 2.47063 2.47063
1.04387 1.78737 1.93531 1.89143 1.81722 1.74286 1.66986 1.64524 1.66756 1.70297 1.73452 1.76662 1.91631 1.96965 1.98183 1.98301 2.01126 2.08039 2.49976 2.48426 2.45710 2.45320 2.45320 2.45332 2.45387 2.87130 3.06593 3.06593 3.25076 3.43191 3.48207 3.53559 3.59265 3.63306 3.62598 3.61603 3.60138 3.55608 3.55617 3.51253 3.17982 3.17671 3.17671 3.17742 3.04657 3.02537 3.10663 3.19304 3.23617 3.23796 3.21296 3.14895 3.07176 2.99459 2.86643 2.63991 2.65254 2.65254 2.65254 2.63782 2.47192 2.47063 2.47063 2.47063 2.47127 2.47930
1.04387 1.43870 1.67578 1.64524 1.66516 1.70797 1.75076 1.79361 1.83628 1.85735 1.85791 1.86165 1.96587 2.10378 2.18027 2.26797 2.31880 2.31880 2.41142 2.45320 2.45283 2.43750 2.41426 2.39110 2.51111 2.82406 3.32660 3.38292 3.56181 3.90594 3.82524 3.74304 3.66057 3.60184 3.59945 3.59945 3.59945 3.56511 3.55617 3.55617 3.28022 3.28940 3.38984 3.50668 3.41019 3.15058 3.09280 3.01717 2.95910 2.89193 2.83974 2.82654 2.82653 2.82653 2.82653 2.63331 2.65254 2.65254 2.65254 2.65254 2.50786 2.48083 2.49119 2.50155 2.51133 2.51360
1.14784 1.32178 1.80008 1.84299 1.86587 1.86590 1.86590 1.88745 1.96226 1.99422 2.06055 2.13546 2.18259 2.29852 2.26764 2.23664 2.20584 2.17509 2.21480 2.29901 2.27629 2.26854 2.26854 2.26854 2.51148 2.73088 3.36131 3.28480 3.21566 3.58268 3.59945 3.59945 3.59945 3.59945 3.59945 3.59945 3.59945 3.57772 3.55599 3.52008 3.45714 3.39285 3.31084 3.22328 3.11184 2.81862 2.79893 2.79739 2.80757 2.82653 2.82653 2.82653 2.82653 2.82653 2.82653 2.65841 2.65460 2.66425 2.67462 2.68498 2.59770 2.51360 2.51360 2.51360 2.51360 2.51360
1.37486 1.37486 1.80843 1.91546 1.99697 2.09406 2.21160 2.30777 2.31103 2.09207 1.97811 1.94711 1.91724 2.05631 2.07259 2.07259 2.07259 2.07259 2.08723 2.26545 2.26854 2.27466 2.29823 2.32290 2.50228 2.78759 3.05508 3.14370 3.14370 3.46802 3.59945 3.59945 3.59945 3.58997 3.53351 3.47054 3.40753 3.37811 3.20140 3.14977 3.12517 3.10190 3.09634 3.09634 3.09634 2.84425 2.79739 2.79739 2.79922 2.82599 2.82653 2.82653 2.83070 2.84418 2.85799 2.72904 2.69317 2.69551 2.69551 2.69551 2.64854 2.51360 2.51360 2.51360 2.51360 2.51360
1.49994 1.59178 2.08689 2.31103 2.31103 2.31103 2.31103 2.31103 2.31103 2.10593 1.90579 1.90579 1.90579 2.01031 2.07259 2.07259 2.07259 2.07884 2.10930 2.28372 2.34542 2.36397 2.36505 2.36505 2.42966 2.78829 2.94523 3.14370 3.14909 3.31235 3.44062 3.37771 3.33047 3.37742 3.48408 3.59712 3.71015 3.76374 3.15568 3.09634 3.09634 3.09634 3.09634 3.09634 3.09634 2.92607 2.79739 2.79739 2.74491 2.78091 2.86002 2.87384 2.88348 2.88382 2.88382 2.81887 2.66067 2.69551 2.69775 2.72436 2.75395 2.60695 2.63214 2.66737 2.70482 2.74483
1.77410 1.77410 1.95679 2.31103 2.31103 2.31103 2.31103 2.31103 2.31103 2.22229 1.90579 1.90579 1.90579 1.96824 2.10642 2.13930 2.17221 2.19884 2.20127 2.28627 2.36505 2.36505 2.36537 2.37168 2.38347 2.78473 2.87881 3.19826 3.26912 3.39016 3.54565 3.65867 3.75592 3.76851 3.76851 3.76851 3.76851 3.76851 3.34672 3.09634 3.09634 3.09634 3.09634 3.09634 3.04083 2.81965 2.47515 2.34162 2.26041 2.53110 2.88382 2.88382 2.88382 2.88382 2.88382 2.88313 2.88230 3.03153 3.08261 3.09385 3.09385 2.92053 2.85131 2.84424 2.78913 2.72135
1.77410 1.77410 1.77817 2.27939 2.31103 2.31103 2.31103 2.31103 2.31103 2.31454 1.96412 1.96960 2.00253 2.04363 2.19972 2.20127 2.20127 2.20318 2.21358 2.25570 2.39141 2.39999 2.40823 2.42667 2.50531 2.90786 3.20141 3.60674 3.71803 3.71807 3.76246 3.76851 3.76851 3.76851 3.76851 3.76851 3.76851 3.76851 3.54280 3.09634 3.03821 2.90489 2.77098 2.63766 2.55909 2.54474 2.26673 2.25961 2.25961 2.34045 2.88326 2.88382 2.88382 2.88382 2.88382 2.88382 2.92627 3.09385 3.09010 2.96430 2.85485 2.75463 2.59031 2.52895 2.51562 2.51492
1.77410 1.77410 1.77410 2.16809 2.31103 2.31412 2.35309 2.40245 2.45180 2.49633 2.15455 2.03447 2.06117 2.13956 2.23256 2.23989 2.25131 2.26083 2.26144 2.22922 2.49574 2.63628 2.72104 2.78963 2.79579 3.01405 3.36262 3.54536 3.71803 3.71803 3.74862 3.76851 3.76851 3.76851 3.76851 3.76851 3.70769 3.57372 3.39868 2.64610 2.55888 2.55855 2.55855 2.55855 2.55855 2.55855 2.33474 2.25961 2.25961 2.25961 2.77291 2.88382 2.88382 2.85236 2.69340 2.52407 2.37281 2.31877 2.17888 2.12023 2.26262 2.59894 2.51492 2.51492 2.51492 2.51492
1.77410 1.77410 1.77410 2.03254 2.44750 2.49373 2.50405 2.55986 2.67940 2.79882 2.60822 2.39037 2.44337 2.44464 2.34302 2.20928 2.16520 2.12653 2.09262 2.08051 2.48422 2.79579 2.79579 2.79579 2.80068 2.91863 3.36262 3.43554 3.71803 3.71803 3.73459 3.76851 3.70446 3.57087 3.43723 3.30332 3.23083 3.23072 3.23072 2.72465 2.55855 2.55855 2.55855 2.55855 2.55855 2.55855 2.41652 2.25365 2.16526 2.04601 2.19409 2.31051 2.17964 2.07866 2.05942 2.05942 2.05942 2.09729 2.11993 2.11993 2.15218 2.61212 2.52528 2.48676 2.36654 2.23929
1.77410 1.77570 1.92090 2.18032 2.80214 2.93608 3.05556 3.11924 3.11930 3.11930 2.90415 2.35521 2.30301 2.25703 2.19024 2.08051 2.08478 2.11217 2.14275 2.17333 2.39742 2.94985 2.98063 3.01116 3.03693 3.04358 3.34088 3.36411 3.61719 3.51754 3.38679 3.29998 3.23072 3.23072 3.23072 3.23072 3.23072 3.23072 3.23072 2.92058 2.55855 2.55855 2.56009 2.56317 2.56266 2.40719 2.04461 1.65825 1.61275 1.59218 1.68943 2.05942 2.05942 2.05942 2.05942 2.05942 2.05942 2.07984 2.11993 2.08828 1.99446 2.21998 2.13352 2.03790 2.07883 2.12258
2.67335 2.91071 3.00460 3.00460 3.09407 3.10799 2.97921 2.84417 2.72586 2.57799 2.47763 2.30667 2.34012 2.37078 2.39938 2.30389 2.32121 2.32458 2.32458 2.32458 2.34299 3.00424 3.03986 3.03986 3.04679 3.06350 3.30133 3.43889 3.29162 3.18024 3.18024 3.21944 3.23072 3.23072 3.23072 3.23072 3.23106 3.23370 3.23677 3.12574 2.54707 2.51225 2.47584 2.43792 2.40356 2.33617 1.95366 1.62038 1.59126 1.59126 1.59374 2.01175 2.05942 2.05942 2.05942 2.01513 1.91969 1.82813 1.78830 1.72538 1.72376 2.11633 2.31725 2.27451 2.27451 2.27451
3.00422 2.85000 2.46274 2.25371 2.25651 2.35702 2.30302 2.26267 2.22786 2.22126 2.22126 2.38096 2.46167 2.46167 2.46167 2.36986 2.32458 2.32458 2.32458 2.32458 2.33028 2.83427 3.07884 3.09562 3.10548 3.10554 3.24457 3.45020 3.37480 3.18024 3.18024 3.20838 3.23513 3.23821 3.24128 3.26014 3.33124 3.40417 3.47664 3.54744 2.54154 2.39750 2.39750 2.39750 2.39750 2.39750 2.01369 1.71736 1.59126 1.59126 1.59148 1.84216 1.90547 1.80999 1.71448 1.66333 1.66325 1.66325 1.70927 1.72376 1.72376 2.00414 2.33937 2.24535 2.21743 2.19124
2.08526 2.05211 1.89067 1.88368 1.90381 2.21273 2.22126 2.22126 2.22126 2.22126 2.22126 2.32134 2.46167 2.46167 2.46167 2.40819 2.32913 2.34532 2.36211 2.37889 2.39000 2.66729 3.10554 3.10554 3.10554 3.10582 3.17634 3.47359 3.48017 3.24524 3.24548 3.30154 3.37080 3.44330 3.51577 3.57245 3.57663 3.57663 3.57663 3.57663 2.88361 2.39750 2.39750 2.39750 2.39750 2.39750 2.12047 1.85129 1.68007 1.73490 1.78953 1.76845 1.66325 1.66325 1.66325 1.66325 1.66325 1.65340 1.62694 1.64369 1.63297 1.74716 2.10618 2.06472 2.05363 2.05363
2.05727 2.05727 1.92732 1.88368 1.88368 2.13861 2.22126 2.22126 2.22126 2.22126 2.22126 2.26175 2.46521 2.48098 2.49776 2.49916 2.38988 2.39026 2.39026 2.39026 2.39180 2.47112 3.12276 3.13636 3.14646 3.15628 3.18060 3.59203 3.68420 3.57769 3.55773 3.58088 3.57685 3.57663 3.57663 3.57663 3.57663 3.57663 3.57663 3.57663 3.22694 2.39750 2.39832 2.44513 2.51812 2.59108 2.48701 2.13693 1.81249 1.81190 1.81190 1.80707 1.66976 1.66325 1.66325 1.66325 1.66325 1.66060 1.57675 1.61303 1.61303 1.65654 1.99306 1.97529 1.88975 1.83178
2.05727 2.05727 1.97608 1.88368 1.88368 2.03709 2.22126 2.22126 2.22393 2.23913 2.25590 2.27365 2.50621 2.52735 2.52735 2.51317 2.41325 2.41416 2.42426 2.43436 2.44293 2.44792 3.06623 3.25601 3.31039 3.36477 3.40421 3.70878 3.85089 3.75508 3.58094 3.58094 3.57799 3.57663 3.57663 3.57663 3.57663 3.57663 3.57780 3.62635 3.65326 2.63290 2.66539 2.69169 2.69169 2.69169 2.66431 2.18763 1.87265 1.81190 1.81190 1.81190 1.71002 1.66325 1.66325 1.66325 1.66410 1.74843 1.76440 1.59060 1.51326 1.48515 1.79455 1.80480 1.76054 1.76054
2.05623 2.05727 2.03652 1.88475 1.88368 1.92000 2.25081 2.27123 2.28536 2.28695 2.26723 2.22616 2.34667 2.38426 2.34315 2.31619 2.38654 2.47006 2.57950 2.69512 2.81089 2.92258 3.18248 3.40606 3.40606 3.40606 3.40606 3.59440 3.85089 3.83321 3.58596 3.58094 3.57918 3.57663 3.57825 3.62838 3.70148 3.77447 3.84622 3.87082 3.87082 3.02849 2.69169 2.69169 2.69169 2.69169 2.69169 2.28474 1.97240 1.81190 1.81080 1.82881 1.84006 1.88014 2.03541 2.20797 2.39525 2.45486 2.27091 1.74313 1.49253 1.49253 1.72217 1.81941 1.76247 1.76054
