High_resolution/powerplant/Shangrao/OMI_NO2_200512.asc
ncols      200
nrows      200
xllcorner       115.451
yllcorner       27.0350
cellsize     0.0166667
NODATA_Value      -999.000
[rows 116 to 144 of 164, columns 0 to 66 of 200]
2.43663 2.43629 2.42259 2.19684 2.16999 2.30677 2.37908 2.42047 2.46292 2.54949 2.56625 2.54771 2.51894 2.43452 2.40528 2.61027 2.51871 2.40298 2.54749 2.44028 2.51501 2.46134 2.45194 2.43453 2.41695 2.38168 2.31653 2.28644 2.45280 2.40416 2.29917 2.27927 2.26429 2.27732 2.32252 2.49074 2.76203 2.81527 2.85176 2.86130 2.88619 2.75963 2.72987 2.76286 2.77123 2.68808 2.66817 2.66817 2.65234 2.63731 2.57627 2.51782 2.46564 2.42459 2.41127 2.42361 2.42778 2.45965 2.50292 2.56748 2.63323 2.68432 2.62902 2.47642 2.31142 2.09249 2.09249
2.39146 2.36729 2.35357 2.19867 2.16087 2.33114 2.48346 2.44982 2.38308 2.31132 2.29070 2.18929 2.08676 2.04456 2.03377 2.35115 2.36487 2.32959 2.39877 2.38909 2.37326 2.27052 2.19907 2.15855 2.12094 2.09766 2.09715 2.09715 2.30289 2.34473 2.27600 2.24942 2.24942 2.25696 2.32619 2.35515 2.77235 2.84938 2.94071 2.97550 2.83610 2.68205 2.66791 2.64372 2.60981 2.49207 2.45221 2.39447 2.34773 2.43111 2.47541 2.47284 2.45435 2.47870 2.50806 2.56324 2.63999 2.64983 2.64983 2.64983 2.64983 2.67370 2.69097 2.46263 2.45276 2.09249 2.09249
2.25398 2.18649 2.21857 2.16914 1.98165 1.92536 2.02998 1.91688 1.83002 1.82998 1.94121 1.93825 1.93825 1.93825 1.93825 2.18576 2.29717 2.27425 2.21861 2.23062 2.15156 2.10987 2.09715 2.09715 2.09715 2.09715 2.09715 2.09715 2.23225 2.34473 2.29896 2.24966 2.27371 2.30674 2.38714 2.41656 2.72739 2.80528 2.81184 2.72737 2.54087 2.25637 2.15588 2.13455 2.21282 2.21814 2.34920 2.37055 2.36150 2.43623 2.52599 2.56412 2.61195 2.61694 2.61694 2.61941 2.64972 2.64983 2.64983 2.64983 2.64983 2.66307 2.69299 2.52255 2.56112 2.16562 2.13593
1.80946 1.66986 1.62009 1.66873 1.56489 1.57006 1.78616 1.79790 1.79790 1.79790 1.91447 1.93825 1.93825 1.91959 1.85355 1.94576 2.07555 2.02921 2.00989 2.13405 2.11015 2.11677 2.09715 2.09715 2.09626 2.06958 2.03126 1.99344 2.04521 2.22985 2.22540 2.22836 2.21249 2.18673 2.12974 2.01485 2.14664 2.37204 2.43358 2.43484 2.39366 2.17214 2.12288 2.12215 2.19811 2.24598 2.37502 2.46929 2.50767 2.52807 2.61694 2.61694 2.61694 2.61694 2.61694 2.61694 2.64494 2.64983 2.64983 2.64372 2.60845 2.57260 2.71368 2.64841 2.61943 2.29465 2.15806
1.50860 1.46704 1.46795 1.64266 1.56543 1.56489 1.72277 1.79790 1.79790 1.78239 1.79375 1.78948 1.72107 1.67125 1.66894 1.74273 2.02061 1.98004 1.90530 1.98790 1.95047 1.92715 1.86430 1.82695 1.81698 1.84498 1.88008 1.91038 1.92134 2.13695 2.11851 2.10448 2.08010 2.05613 1.98667 1.84993 1.90424 2.34200 2.40735 2.43484 2.43742 2.22756 2.14509 2.15479 2.25889 2.34846 2.40741 2.50900 2.50946 2.50980 2.60675 2.61694 2.61694 2.61694 2.61694 2.60673 2.58988 2.56302 2.52395 2.49103 2.48726 2.48726 2.66368 2.72566 2.59132 2.42315 2.13418
1.51935 1.46930 1.46704 1.59611 1.58181 1.55399 1.58872 1.65352 1.58272 1.51588 1.53255 1.62149 1.60600 1.59042 1.57495 1.56202 1.65117 1.63614 1.61274 1.64213 1.73019 1.76104 1.81595 1.89879 1.90312 1.92394 1.96283 2.00603 2.04924 2.04155 2.02369 2.03795 2.04245 2.04245 2.03382 1.85453 1.87158 2.27733 2.41911 2.47573 2.48038 2.33965 2.16842 2.16842 2.20548 2.34846 2.37925 2.49592 2.50946 2.50946 2.57861 2.60472 2.57830 2.55213 2.52603 2.51012 2.49565 2.43978 2.43269 2.42563 2.41852 2.40672 2.49772 2.62991 2.54534 2.50429 2.01719
1.52186 1.47194 1.37887 1.38117 1.37345 1.27173 1.28036 1.41962 1.40649 1.40493 1.40798 1.53335 1.52514 1.50981 1.49535 1.47633 1.48734 1.45111 1.39117 1.58666 1.79085 1.84306 1.90080 2.03082 2.07305 2.08653 2.08653 2.08653 2.08653 2.06106 2.02369 2.03349 2.06588 2.10976 2.15363 2.05272 2.02716 2.20735 2.41517 2.49538 2.50822 2.45774 2.22715 2.23914 2.25661 2.43482 2.47723 2.59216 2.60225 2.57966 2.59781 2.65433 2.65822 2.66180 2.66541 2.66899 2.62454 2.43402 2.44886 2.46501 2.48117 2.50143 2.55932 2.77982 2.69701 2.57305 2.11972
1.60307 1.36565 1.13021 1.15025 1.29187 1.22806 1.24344 1.37701 1.37518 1.36445 1.34670 1.40994 1.40575 1.34577 1.28579 1.23381 1.29777 1.38951 1.43275 1.61255 1.96280 1.96378 1.97037 2.06486 2.06954 2.06208 2.05743 2.06477 2.09858 2.14343 2.14070 2.19839 2.24096 2.24958 2.25818 2.17380 2.08282 2.15101 2.45518 2.53336 2.52853 2.51178 2.40277 2.39066 2.35161 2.42260 2.45359 2.53185 2.59705 2.59705 2.60933 2.70436 2.71447 2.72700 2.73957 2.76633 2.80454 2.62503 2.63866 2.65359 2.63871 2.62133 2.57946 2.52461 2.53766 2.38876 2.02768
1.52791 1.49496 1.17718 1.20730 1.40516 1.37234 1.37805 1.33059 1.27356 1.21375 1.16142 1.17906 1.27767 1.32090 1.36409 1.41460 1.46608 1.55730 1.57756 1.63023 2.03501 1.94531 1.95491 2.03812 2.12550 2.18539 2.24253 2.28759 2.30635 2.30635 2.25375 2.24455 2.26203 2.26226 2.26226 2.22110 2.06974 2.06974 2.37437 2.47249 2.45755 2.42448 2.28641 2.25602 2.25602 2.31411 2.51666 2.73500 2.88925 2.98270 3.08590 2.96825 2.95784 2.98319 3.00685 3.00272 2.96039 2.74159 2.64132 2.60843 2.60538 2.60538 2.60514 2.47702 2.55262 2.45546 2.15889
1.70299 1.83273 1.35429 1.35351 1.38210 1.28851 1.25465 1.24792 1.26886 1.33361 1.39819 1.45774 1.58565 1.60616 1.62636 1.63646 1.63911 1.72692 1.72989 1.72979 2.03713 1.97524 1.91025 2.02813 2.30635 2.30635 2.30635 2.30635 2.30635 2.30635 2.27161 2.24351 2.25861 2.26226 2.26005 2.22821 2.01302 1.97195 2.16531 2.39197 2.47943 2.58614 2.66825 2.76047 2.91699 3.07989 3.32365 3.39244 3.34837 3.27801 3.27711 3.10514 2.95427 2.91099 2.86931 2.84123 2.84027 2.71646 2.60538 2.60538 2.60538 2.60538 2.60538 2.47682 2.55262 2.52307 2.25275
1.67102 1.75457 1.30783 1.16625 1.21067 1.47360 1.58942 1.59300 1.51592 1.51537 1.51537 1.51537 1.61461 1.63646 1.63646 1.63646 1.61402 1.64018 1.61858 1.57429 1.75472 1.91097 1.85888 1.89859 2.30470 2.30635 2.30635 2.30635 2.30837 2.32373 2.32169 2.26255 2.26491 2.26805 2.26002 2.31948 2.32455 2.43640 2.66140 3.05326 3.21795 3.26757 3.26189 3.15289 3.15289 3.15289 3.28158 3.32708 3.33654 3.16332 3.12091 3.01637 2.84027 2.84027 2.84027 2.84027 2.84027 2.76830 2.60538 2.60538 2.60538 2.60538 2.61525 2.53357 2.51129 2.51790 2.15879
1.58013 1.77178 1.55410 1.29887 1.30216 1.48210 1.60092 1.60092 1.53052 1.51537 1.51537 1.51537 1.56006 1.57232 1.52786 1.48345 1.46141 1.50936 1.55484 1.55484 1.63088 1.96097 1.89729 1.90811 2.28727 2.40077 2.41469 2.40038 2.37824 2.36678 2.38368 2.37209 2.46060 2.61466 2.72127 2.78784 2.87375 2.94142 2.94278 3.17830 3.27939 3.27939 3.27892 3.14279 3.06101 3.00643 3.04506 3.15379 3.27260 3.09906 3.09870 3.08174 2.84326 2.84027 2.84027 2.84027 2.84027 2.81981 2.62020 2.65114 2.68241 2.71367 2.73503 2.68312 2.47600 2.50799 2.32683
1.65971 1.76978 1.68428 1.29887 1.29887 1.41241 1.60092 1.60092 1.53412 1.45390 1.40949 1.36506 1.38042 1.49598 1.52027 1.54464 1.56893 1.61066 1.67301 1.69195 1.72118 2.10509 2.05994 2.05275 2.25647 2.44535 2.46503 2.51341 2.57366 2.61152 2.62005 2.72295 2.81190 2.87331 2.87345 2.87345 2.88303 2.94142 2.93998 3.05483 3.17716 3.13143 3.07776 3.00575 2.93304 2.93304 2.96098 3.15345 3.25913 3.13499 3.09870 3.09870 2.89477 2.84054 2.86003 2.89129 2.91961 2.94321 2.78260 2.76799 2.77704 2.78611 2.79520 2.79972 2.53152 2.48097 2.50803
1.66141 1.73274 1.80214 1.30975 1.29313 1.31686 1.54304 1.52547 1.50126 1.47196 1.49641 1.52088 1.53708 1.64886 1.66018 1.67750 1.69675 1.71953 1.79655 1.87895 1.95789 2.23238 2.22940 2.26375 2.34482 2.61640 2.62484 2.63279 2.63461 2.63461 2.63461 2.70705 2.80787 2.86356 2.87127 2.82794 2.76885 2.76919 2.72001 2.78283 3.03084 3.05954 3.05954 3.04752 2.92218 2.91444 2.90670 3.08203 3.18014 3.14535 3.05842 3.07439 2.95490 2.84756 2.84394 2.82865 2.81629 2.80853 2.79723 2.75921 2.69707 2.62462 2.55055 2.47728 2.21529 2.01200 2.12763
1.70724 1.72471 1.78620 1.43053 1.32244 1.33827 1.57487 1.62379 1.62129 1.54693 1.55747 1.57343 1.59018 1.69560 1.75962 1.81730 1.89138 1.97083 2.09880 2.13437 2.14619 2.25191 2.35074 2.30836 2.30813 2.59945 2.63461 2.63461 2.63443 2.63281 2.62802 2.60071 2.68249 2.65456 2.61430 2.58968 2.58083 2.61334 2.63110 2.62904 2.90801 2.94948 2.94006 2.92531 2.70612 2.68891 2.70817 2.84940 3.00694 3.09995 2.95141 2.95141 2.88440 2.69298 2.67034 2.60699 2.54053 2.47403 2.40502 2.35120 2.30527 2.22491 2.13217 2.01953 1.85904 1.66915 1.77380
1.75073 1.70642 1.71850 1.50855 1.39616 1.50117 1.77971 1.96189 2.04423 1.76160 1.59052 1.62662 1.68174 1.80765 1.97049 1.97814 1.97199 1.96589 1.99165 2.00854 2.01834 2.03435 2.35796 2.30064 2.23872 2.42503 2.54485 2.48910 2.42131 2.35494 2.29177 2.27458 2.42230 2.47214 2.51342 2.51342 2.51342 2.53675 2.58138 2.58138 2.78755 2.92661 2.93502 2.93794 2.80150 2.78136 2.78575 2.83812 3.00822 3.09130 2.77301 2.62953 2.48656 2.32517 2.26233 2.23936 2.21471 2.14413 2.04563 1.94072 1.86147 1.82711 1.80683 1.80640 1.78507 1.66559 1.70196
1.97115 2.04847 1.96163 1.94718 1.77929 1.80811 1.81945 1.93362 1.98732 1.88163 1.75489 1.87493 1.98030 2.07014 1.98587 2.01204 2.03874 2.06543 2.10903 2.16841 2.17031 2.17031 2.43228 2.50645 2.45247 2.52372 2.28677 2.27458 2.27458 2.27458 2.27458 2.27458 2.37332 2.45646 2.51342 2.51342 2.51342 2.52102 2.59270 2.60382 2.71798 2.95794 2.95643 2.93546 2.76638 2.55475 2.41401 2.27600 2.33693 2.27742 2.18546 2.14860 2.14821 2.12759 2.05165 1.95848 1.87004 1.82754 1.81193 1.80661 1.80640 1.80640 1.80640 1.80640 1.80286 1.69963 1.64523
2.46272 2.51903 2.33654 2.25680 2.05045 2.14251 2.25091 2.48625 2.57094 2.57978 2.27783 2.27783 2.27783 2.27783 2.14603 2.11567 2.11567 2.11567 2.12537 2.29923 2.46997 2.64075 2.92377 3.04068 2.76140 2.74411 2.29381 2.27458 2.27458 2.27458 2.27458 2.27458 2.31581 2.41714 2.49995 2.52091 2.52710 2.53043 2.52750 2.45122 2.33744 2.53598 2.42084 2.30103 2.18405 2.04671 2.04544 2.04544 2.18775 2.24703 2.11204 1.94650 1.85367 1.80989 1.81204 1.81204 1.81204 1.81204 1.81204 1.80775 1.80640 1.80640 1.80640 1.80640 1.80640 1.75494 1.62922
2.76235 2.86101 2.82973 2.69677 2.51582 2.49209 2.48556 2.60902 2.64031 2.63997 2.32437 2.27783 2.27783 2.27783 2.19550 2.23389 2.40446 2.57490 2.74004 2.83221 2.84160 2.84160 2.88998 3.10329 2.76032 2.72005 2.35610 2.18356 2.15873 2.13651 2.12187 2.10775 2.10380 2.25976 2.40507 2.44164 2.34609 2.25077 2.01534 1.80778 1.77851 2.09508 2.22266 2.22266 2.19475 2.06562 2.00778 1.97615 1.95792 1.91531 1.89587 1.78794 1.78794 1.79277 1.81204 1.81204 1.81204 1.81204 1.81204 1.80900 1.80685 1.82889 1.86289 1.89691 1.93092 1.91130 1.72403
3.12704 3.13974 3.08642 2.79178 2.62283 2.49230 2.49230 2.56911 2.64031 2.64031 2.43148 2.38497 2.55561 2.72618 2.85436 2.78594 2.76956 2.74813 2.72675 2.71851 2.69682 2.66778 2.63751 2.85988 2.59832 2.49626 2.35122 2.08043 2.07785 2.07273 2.05838 2.03308 2.01086 1.97180 1.96992 2.05472 2.05398 2.05398 1.97801 1.77851 1.77851 1.96486 2.20384 2.17221 2.12469 2.00130 1.93773 1.93773 1.93552 1.90619 1.91420 1.80490 1.78794 1.78815 1.81026 1.81204 1.81392 1.84042 1.87443 1.90663 1.93635 1.94743 1.94582 1.94421 1.94260 1.91975 1.79504
3.13974 3.13974 3.13516 2.83241 2.69528 2.49230 2.49255 2.61472 2.85517 2.98296 3.02139 2.86878 2.84730 2.82592 2.80174 2.63172 2.61689 2.61055 2.58441 2.55292 2.51856 2.49756 2.48344 2.66361 2.58601 2.43450 2.41044 2.01900 2.00291 1.98902 1.97677 1.97495 1.97495 1.90725 1.86172 2.05398 2.05398 2.05858 2.07907 1.85701 1.88379 1.93637 2.11397 2.11496 2.11089 2.03598 1.93773 1.93773 1.93890 1.91643 1.91760 1.84761 1.80152 1.83343 1.88556 1.92954 1.96375 1.97377 1.97637 1.97436 1.92857 1.92871 1.95778 2.00411 2.03829 2.06488 2.04123
3.17388 3.18210 3.21033 3.06081 3.07670 2.72341 2.83220 2.90276 3.06993 3.06993 3.04980 2.78159 2.76283 2.73086 2.70078 2.57426 2.50343 2.48794 2.49284 2.49775 2.49137 2.49346 2.48083 2.56828 2.59946 2.37154 2.37828 2.07291 1.97495 1.97495 1.97495 1.97495 1.97495 1.95629 1.85950 2.11112 2.16835 2.20526 2.21593 2.01871 1.95356 1.96013 2.11274 2.14682 2.15058 2.09558 1.98250 1.97105 1.98035 1.99828 2.02032 2.02059 1.96281 1.96750 1.97783 1.99275 1.99326 2.01513 2.05056 2.08126 2.06717 2.09456 2.10089 2.08736 2.07599 2.06495 1.96663
3.47934 3.44853 3.48885 3.43596 3.50953 2.97573 2.86774 2.84824 2.99766 2.97627 2.94122 2.69150 2.62434 2.62549 2.63139 2.58421 2.50514 2.50123 2.48796 2.47432 2.44835 2.43534 2.43457 2.46765 2.66907 2.39283 2.39748 2.25115 2.02393 2.03700 2.07583 2.11732 2.15884 2.19473 2.07004 2.21824 2.28944 2.28944 2.28944 2.15952 2.01397 2.01397 2.10180 2.17550 2.16664 2.08735 2.04449 2.09115 2.11728 2.11371 2.08943 2.08968 1.99156 2.04233 2.10505 2.11702 2.17640 2.21841 2.22851 2.23723 2.19572 2.16423 2.14753 2.13362 2.12876 2.12648 2.03017
3.64112 3.52300 3.50535 3.40754 3.39904 3.03085 2.79613 2.84737 2.89704 2.89296 2.89894 2.76532 2.64333 2.62721 2.60424 2.56760 2.43791 2.42794 2.42306 2.41819 2.40439 2.39410 2.38922 2.38472 2.63589 2.47490 2.40506 2.35549 2.17934 2.20773 2.21040 2.21040 2.21040 2.21040 2.11914 2.16319 2.28944 2.28944 2.28944 2.23338 2.00267 1.97022 1.97103 2.07767 2.06075 2.04002 2.05661 2.18251 2.22662 2.27310 2.29071 2.30909 2.34022 2.35271 2.35471 2.25820 2.23177 2.23285 2.20475 2.18221 2.15538 2.12648 2.12648 2.12648 2.12648 2.12648 2.06768
3.67483 3.55032 3.60006 3.62952 3.56049 3.47389 3.06873 3.08140 2.99507 2.84990 2.82681 2.73445 2.51863 2.51651 2.51651 2.51651 2.41981 2.39776 2.39776 2.39776 2.39234 2.37709 2.33684 2.29156 2.44592 2.37652 2.29242 2.31793 2.22767 2.21040 2.21040 2.21040 2.21040 2.21040 2.16264 2.10765 2.28778 2.25641 2.22172 2.18636 1.93608 1.92682 1.95223 2.18801 2.28031 2.29373 2.26453 2.41183 2.41957 2.41957 2.40106 2.35888 2.33625 2.30578 2.27415 2.17896 2.12945 2.17369 2.17483 2.17483 2.16452 2.12648 2.12648 2.12648 2.12648 2.12648 2.10319
4.00034 3.89448 3.84637 3.84940 3.63061 3.66817 3.07767 3.06065 3.01015 2.78133 2.78133 2.77386 2.52710 2.51651 2.51651 2.51651 2.45374 2.39285 2.35399 2.30880 2.26153 2.21029 2.20528 2.20528 2.33124 2.42313 2.29242 2.30131 2.31392 2.28884 2.32959 2.35981 2.35928 2.34083 2.31601 2.15757 2.15822 2.11502 2.08236 2.06155 2.05570 2.08151 2.10336 2.24975 2.35954 2.35633 2.28196 2.37793 2.41320 2.40391 2.37372 2.26133 2.23399 2.23435 2.23435 2.19678 2.12688 2.16530 2.17483 2.17483 2.17367 2.12801 2.12648 2.12194 2.07308 2.01297 1.95226
3.98512 3.91475 3.80710 3.79249 3.59505 3.68268 3.14385 3.05330 3.05461 2.81225 2.78133 2.78133 2.59136 2.51279 2.47561 2.43034 2.35626 2.22605 2.21962 2.22492 2.24734 2.29183 2.33765 2.37846 2.45015 2.70707 2.53602 2.54957 2.54191 2.38948 2.30197 2.21702 2.15800 2.11191 2.05070 1.96602 2.03109 2.07084 2.08276 2.08279 2.09342 2.10860 2.10860 2.18140 2.35909 2.35191 2.27918 2.31245 2.39316 2.39408 2.39047 2.26058 2.23324 2.23423 2.23435 2.22467 2.12730 2.15522 2.17483 2.16546 2.11129 2.01391 1.94274 1.88724 1.87602 1.87602 1.87703
3.93409 3.92296 3.79205 3.79027 3.65203 3.62996 3.30007 3.05330 3.05330 2.89368 2.74326 2.70284 2.56176 2.39733 2.41299 2.43676 2.45853 2.37265 2.38927 2.40781 2.40485 2.47355 2.49878 2.47714 2.49674 2.68446 2.33264 2.24759 2.21106 2.04641 2.01063 1.98990 1.96915 1.95206 1.95034 1.97869 2.04763 2.08279 2.08279 2.08279 2.09179 2.13097 2.14878 2.18887 2.32677 2.33405 2.28613 2.27063 2.39369 2.39408 2.39408 2.30243 2.23217 2.22073 2.20589 2.17286 2.00425 1.92932 1.90164 1.83741 1.81801 1.85063 1.89537 1.89715 1.89931 1.92443 1.95951
3.93409 3.93409 3.82442 3.78440 3.66252 3.47147 3.34591 3.06854 3.04971 2.95224 2.77234 2.79122 2.74624 2.52792 2.52792 2.51781 2.49619 2.39466 2.33418 2.31254 2.32729 2.45920 2.61617 2.69363 2.72853 2.71365 2.15439 2.07310 2.06589 1.99369 1.95034 1.95034 1.95034 1.95034 1.95034 1.96136 2.03657 2.10611 2.12390 2.14172 2.14982 2.16466 2.16382 2.16689 2.24358 2.27341 2.22093 2.13419 2.23122 2.24179 2.22616 2.13352 1.94452 1.87019 1.80294 1.75274 1.68976 1.65584 1.74341 1.74309 1.76181 1.83789 1.95978 1.97999 1.99938 1.98546 1.95734
