High_resolution/powerplant/Shangrao/OMI_NO2_200804.asc
ncols      200
nrows      200
xllcorner       115.451
yllcorner       27.0350
cellsize     0.0166667
NODATA_Value      -999.000
[rows 90 to 119 of 175, columns 132 to 197 of 200]
2.47450 2.18396 2.17196 2.17196 2.14283 1.82118 1.40690 1.35927 1.35927 1.35927 1.35927 1.35816 1.33985 1.33931 1.33931 1.33931 1.19389 1.17434 1.17434 1.17434 1.17652 1.25983 1.28164 1.31538 1.31538 1.31538 1.31925 1.65255 1.70977 1.76194 1.82876 1.85009 1.86266 1.87357 1.88314 1.88703 1.87454 1.81716 1.81716 1.78959 1.72907 1.72907 2.63754 2.94369 2.94369 2.30494 2.20636 2.18880 2.17112 2.15372 2.14770 2.14770 2.14770 2.14770 2.14770 2.14770 2.14770 1.88745 1.53022 1.49217 1.63523 1.78393 1.80409 1.80409 1.80409 1.80719
2.50182 2.24554 2.17196 2.17196 2.17196 1.88933 1.51384 1.35927 1.35927 1.35927 1.35927 1.35927 1.34421 1.33931 1.33931 1.33931 1.22334 1.17434 1.17434 1.17434 1.17434 1.23450 1.26977 1.31756 1.33965 1.37922 1.41935 1.75098 1.87845 1.88617 1.88703 1.88703 1.88703 1.88703 1.88703 1.88703 1.88597 1.82200 1.81716 1.80962 1.72926 1.72907 2.32489 2.94369 2.94369 2.44904 2.14781 2.14770 2.14770 2.14770 2.14770 2.14770 2.14574 2.10928 2.06116 2.01316 1.96447 1.88078 1.88634 1.89963 1.91281 1.92598 1.93927 1.95245 1.96562 1.97581
2.50182 2.31248 2.17196 2.17196 2.17196 1.98642 1.62112 1.36123 1.36515 1.36908 1.37300 1.37692 1.36922 1.35843 1.36137 1.36432 1.28055 1.19906 1.19971 1.18473 1.16416 1.25237 1.45658 1.53433 1.55371 1.55665 1.55959 1.73004 1.88703 1.88703 1.88703 1.88703 1.88703 1.88703 1.88703 1.88703 1.88703 1.84414 1.81716 1.81716 1.74047 1.69295 1.98265 2.67831 2.58185 2.34445 1.87045 1.82197 1.77362 1.72563 1.67716 1.62893 1.58289 1.57078 1.57078 1.57078 1.57078 1.69494 1.97645 1.97645 1.97645 1.97645 1.97645 1.97645 1.97645 1.97645
2.54022 2.44515 2.28769 2.29161 2.29553 2.21101 1.85985 1.49265 1.49265 1.49265 1.49265 1.49265 1.48658 1.43413 1.41441 1.39952 1.32799 1.17043 1.14582 1.14055 1.14055 1.21090 1.55098 1.58429 1.60225 1.60225 1.60225 1.69261 1.88703 1.88534 1.86839 1.84780 1.82722 1.80660 1.78602 1.76543 1.74482 1.67309 1.54208 1.51116 1.28301 1.15215 1.24891 1.78985 1.78985 1.78985 1.59196 1.57078 1.57078 1.57078 1.57078 1.57078 1.57078 1.57078 1.57078 1.57078 1.57078 1.60407 1.97543 1.97645 1.97645 1.97645 1.97645 1.98047 2.05264 2.17715
2.54970 2.50821 2.30534 2.30534 2.30534 2.29715 1.96285 1.51579 1.47775 1.45076 1.42376 1.39672 1.36973 1.34445 1.34754 1.34925 1.33400 1.14157 1.14065 1.14489 1.15128 1.15857 1.53222 1.56144 1.50920 1.49374 1.47830 1.49758 1.68098 1.66849 1.67325 1.68157 1.68990 1.69822 1.70654 1.71486 1.72318 1.71463 1.59644 1.60892 1.49367 1.31239 1.35075 1.78870 1.78985 1.78985 1.64262 1.57078 1.57078 1.57078 1.57078 1.57078 1.57078 1.57078 1.57078 1.57078 1.57078 1.57078 1.91683 1.97648 2.02412 2.13789 2.29800 2.52570 2.60119 2.60119
2.54757 2.54355 2.32237 2.33409 2.36655 2.40274 2.03645 1.57611 1.46446 1.48166 1.49932 1.51643 1.53344 1.54987 1.56607 1.58199 1.59743 1.38028 1.35335 1.36175 1.36802 1.37426 1.63776 1.76192 1.61670 1.62294 1.62918 1.63964 1.92690 1.94108 1.94108 1.94108 1.94108 1.94108 1.94108 1.94108 1.94108 1.94104 1.90491 1.89823 1.84377 1.57674 1.57674 1.74022 1.78985 1.78985 1.72030 1.57078 1.57078 1.57078 1.57078 1.57078 1.57078 1.57078 1.57078 1.57078 1.57930 1.61487 2.02975 2.46029 2.60119 2.60119 2.60119 2.60119 2.60119 2.60119
2.63365 2.68102 2.54848 2.50543 2.50760 2.50976 2.24888 1.83359 1.68825 1.68888 1.68888 1.68888 1.68888 1.68888 1.68888 1.68888 1.68888 1.51435 1.41907 1.41907 1.41907 1.41907 1.56478 1.82732 1.65280 1.64279 1.64279 1.64279 1.86306 1.94108 1.94108 1.94108 1.94108 1.94108 1.94108 1.94108 1.94108 1.94108 1.91622 1.89823 1.89608 1.59770 1.57674 1.68424 1.78985 1.78985 1.78920 1.58602 1.57078 1.57078 1.57078 1.57078 1.57401 1.60346 1.64946 1.71604 1.78612 1.78985 2.11445 2.60119 2.60119 2.60119 2.60119 2.60119 2.60119 2.60119
2.76039 2.76039 2.62235 2.51602 2.51602 2.51602 2.41668 1.90595 1.68888 1.68888 1.68888 1.68888 1.68888 1.68888 1.68888 1.68888 1.68888 1.56882 1.41907 1.41907 1.41907 1.41907 1.45503 1.82737 1.69371 1.64279 1.64279 1.64279 1.79842 1.94108 1.94108 1.94108 1.93919 1.92577 1.91030 1.89490 1.87951 1.86404 1.86749 1.89823 1.89823 1.66885 1.57674 1.64282 1.78985 1.78985 1.78985 1.63365 1.57128 1.59298 1.63493 1.69446 1.77365 1.78985 1.78985 1.78985 1.78985 1.78985 1.93063 2.60119 2.60119 2.60119 2.60119 2.60119 2.60119 2.60119
2.73924 2.75177 2.67168 2.51602 2.51602 2.51602 2.51595 2.02308 1.69365 1.68888 1.68888 1.68888 1.68888 1.68888 1.68888 1.68888 1.68888 1.62315 1.41907 1.41907 1.41907 1.41907 1.41907 1.75173 1.73680 1.64279 1.64279 1.63719 1.72184 1.90276 1.88737 1.87189 1.85839 1.85642 1.85642 1.85642 1.85642 1.85642 1.85888 1.89789 1.89823 1.74208 1.57674 1.61081 1.78985 1.78985 1.78985 1.75290 1.75386 1.78985 1.78985 1.78985 1.78985 1.78985 1.78985 1.78985 1.78985 1.77034 1.71335 2.44116 2.45198 2.40863 2.36539 2.32209 2.27868 2.23583
2.71660 2.73543 2.72095 2.51602 2.51602 2.51602 2.51602 2.16427 1.74885 1.68888 1.68888 1.68888 1.68888 1.68888 1.68888 1.68888 1.68899 1.67629 1.42391 1.42291 1.42424 1.42977 1.47367 1.69424 1.75594 1.60859 1.59836 1.59374 1.63681 1.85642 1.85642 1.85642 1.85642 1.85642 1.85642 1.85642 1.85642 1.85642 1.85642 1.88734 1.89823 1.81538 1.57674 1.58553 1.78938 1.77250 1.71025 1.64577 1.58099 1.51674 1.45203 1.38755 1.32322 1.25828 1.19411 1.12932 1.06484 1.02010 1.01856 1.75434 2.03815 2.03815 2.03815 2.03815 2.03815 2.03815
2.94010 2.98122 3.09850 2.59052 2.55465 2.55642 2.55818 2.35252 1.85181 1.72449 1.72581 1.72714 1.72847 1.72979 1.73111 1.73244 1.75085 1.81677 1.63852 1.65740 1.73209 1.80845 1.82378 1.81962 1.80189 1.62693 1.62432 1.62432 1.62863 1.84890 1.85642 1.85642 1.85642 1.85641 1.85242 1.84548 1.83855 1.83162 1.82468 1.82760 1.82981 1.80096 1.28957 1.24805 1.09953 1.02087 1.01856 1.01856 1.01856 1.01856 1.01856 1.01856 1.01856 1.01856 1.01856 1.01856 1.01856 1.01856 1.01856 1.52520 2.03815 2.03815 2.03815 2.03815 2.03815 2.03815
3.15569 3.16078 3.33920 2.76217 2.57605 2.57605 2.57605 2.53506 1.93825 1.73391 1.73397 1.76959 1.83981 1.91754 2.00403 2.10082 2.17946 2.18353 1.95352 1.82378 1.82378 1.82378 1.82378 1.84750 1.86562 1.67220 1.60516 1.59996 1.59476 1.75561 1.80314 1.79620 1.78926 1.78235 1.77940 1.77940 1.77940 1.77940 1.77763 1.76946 1.75565 1.74309 1.25603 1.12633 1.05718 1.01856 1.01856 1.01856 1.01856 1.01856 1.01856 1.01856 1.01856 1.01856 1.01856 1.01856 1.01856 1.01856 1.01856 1.29589 2.03815 2.03815 2.03815 2.03815 2.03815 2.03815
3.15569 3.15569 3.29010 2.91730 2.57605 2.57605 2.57605 2.57439 2.29579 2.02241 2.11650 2.16020 2.15812 2.19078 2.23253 2.27425 2.31606 2.35780 2.22154 2.02560 2.06442 2.10316 2.14213 2.15637 2.07518 1.69693 1.43038 1.42408 1.41781 1.49768 1.56430 1.55593 1.54756 1.53919 1.53079 1.52242 1.51403 1.50566 1.49903 1.49548 1.36840 1.36138 1.02180 0.769776 0.849636 1.01856 1.01856 1.01856 1.01856 1.01856 1.01856 1.01856 1.01856 1.01856 1.01856 1.01856 1.01856 1.01856 1.01856 1.07618 2.02857 2.03815 2.03815 2.03815 2.03815 2.03815
3.06998 3.06584 3.13050 2.91098 2.37294 2.33149 2.28996 2.25001 2.21385 2.33024 2.42149 2.46868 2.51250 2.52164 2.52164 2.52164 2.52164 2.52164 2.40572 2.03191 2.03191 2.03191 2.03191 2.03191 1.99807 1.75717 1.35589 1.35589 1.35589 1.40444 1.49852 1.49852 1.49852 1.49852 1.49852 1.49852 1.49852 1.49852 1.49852 1.49852 1.41068 1.36138 1.15657 0.769776 0.811729 1.01856 1.01856 1.01856 1.01856 1.01856 1.01856 1.01856 1.01856 1.01856 1.01856 1.01856 1.01856 1.01856 1.01856 1.01856 1.85695 2.03815 2.03815 2.03815 2.03815 2.03815
2.83581 2.80875 2.79777 2.72422 2.07222 2.07222 2.07222 2.07222 2.07222 2.35576 2.52164 2.52164 2.52164 2.52164 2.52164 2.52164 2.52164 2.52164 2.49936 2.03706 2.03191 2.03191 2.03191 2.03191 2.01734 1.89825 1.35589 1.35589 1.35589 1.37961 1.49852 1.49852 1.49852 1.49852 1.49852 1.49725 1.48289 1.46296 1.44015 1.41367 1.37501 1.36138 1.29140 0.769776 0.781744 1.01851 1.01856 1.01856 1.01856 1.01856 1.01856 1.01856 1.01856 1.01856 1.01856 1.01856 1.01856 1.01856 1.01856 1.01856 1.62787 2.03815 2.03614 1.87567 1.68579 1.55203
2.77741 2.73177 2.65720 2.82138 2.11494 2.07222 2.07222 2.07222 2.07222 2.25137 2.52164 2.52164 2.52164 2.52164 2.52164 2.52164 2.52164 2.52164 2.52164 2.11370 2.03191 2.03191 2.03191 2.03191 2.03162 1.97193 1.42808 1.35589 1.35589 1.35928 1.48837 1.47349 1.45229 1.42772 1.39924 1.36824 1.36138 1.36138 1.36138 1.36138 1.36138 1.36138 1.36138 0.834675 0.769776 0.970953 1.01856 1.01856 1.01856 1.01856 1.01856 1.01856 1.01856 1.01856 1.01856 1.01856 1.01856 1.01856 1.01856 1.01856 1.39846 2.03815 1.95214 1.37257 1.33947 1.30826
2.23142 2.20163 2.20163 2.66655 2.26474 2.07222 2.07222 2.07222 2.07222 2.14718 2.52164 2.52164 2.52164 2.52164 2.52164 2.52164 2.52164 2.52164 2.52164 2.21243 2.03191 2.03191 2.03191 2.03191 2.03191 1.99297 1.55012 1.29298 1.26617 1.23616 1.32451 1.36138 1.36138 1.36138 1.36138 1.36138 1.36138 1.36138 1.36138 1.36138 1.36138 1.36138 1.36138 0.969502 0.769776 0.902825 1.01856 1.01856 1.01856 1.01856 1.01856 1.01856 1.01856 1.01856 1.01856 1.01856 1.01856 1.01856 1.01856 1.01856 1.20444 2.03815 0.00000 0.778568 0.778568 0.778568
2.14150 2.13128 2.12111 2.39309 2.35002 2.06789 2.06757 2.06724 2.06691 2.06906 2.48380 2.51536 2.51503 2.51471 2.51438 2.51405 2.51373 2.51340 2.51307 2.30226 2.02269 2.02237 2.02204 2.02172 2.02139 2.02106 1.67822 1.20585 1.20585 1.20585 1.28649 1.36138 1.36138 1.36138 1.36138 1.36138 1.36138 1.36138 1.34182 1.27521 1.20670 1.13804 1.06946 0.873452 0.673602 0.728958 1.01856 1.01856 1.01856 1.01856 0.00000 0.00000 0.00000 0.00000 0.00000 0.00000 0.00000 0.00000 0.00000 0.00000 0.00000 0.00000 0.00000 0.778568 0.778568 0.778568
1.92155 1.92155 1.92155 2.04963 2.32718 2.06114 2.06114 2.06114 2.06114 2.06114 2.37695 2.51056 2.51056 2.51056 2.51056 2.51056 2.51056 2.51056 2.51056 2.39876 2.02084 2.02084 2.02084 2.02084 2.02084 2.02084 1.86631 1.18941 1.14419 1.09847 1.07840 1.06299 0.994327 0.925742 0.857233 0.788572 0.719911 0.651325 0.602227 0.600172 0.600172 0.600172 0.600172 0.591046 0.520992 0.520992 0.00000 0.00000 0.00000 0.00000 0.00000 0.00000 0.00000 0.00000 0.00000 0.00000 0.00000 0.00000 0.00000 0.00000 0.00000 0.00000 0.00000 0.778568 0.778568 0.778568
1.92155 1.92155 1.92155 1.94531 2.40080 2.06114 2.06114 2.06114 2.06114 2.06114 2.27268 2.51056 2.51056 2.51056 2.51056 2.51192 2.51690 2.48947 2.44626 2.38092 1.83052 1.77228 1.72126 1.67040 1.61940 1.56843 1.50751 0.698815 0.651485 0.648177 0.624871 0.515002 0.510073 0.505094 0.500165 0.495235 0.490290 0.485327 0.480398 0.475469 0.470506 0.465560 0.460631 0.453568 0.239595 0.210295 0.00000 0.00000 0.00000 0.00000 0.00000 0.00000 0.00000 0.00000 0.00000 0.00000 0.00000 0.00000 0.00000 0.00000 0.00000 0.00000 0.00000 0.778568 0.778568 0.778568
1.91254 1.91174 1.91093 1.91008 2.40962 2.11216 2.07867 2.03004 1.96461 1.89730 1.97441 2.38141 2.32003 2.25660 2.19095 2.12235 2.05261 2.03063 2.03063 2.03063 1.49184 1.41565 1.41565 1.41565 1.41565 1.41565 1.41565 0.811273 0.586602 0.586602 0.582564 0.435705 0.432515 0.432515 0.432515 0.432515 0.432515 0.432515 0.432515 0.432515 0.432515 0.432515 0.432515 0.432515 0.283906 0.185678 0.185678 0.00000 0.00000 0.00000 0.00000 0.00000 0.00000 0.00000 0.00000 0.00000 0.00000 0.00000 0.00000 0.00000 0.00000 0.00000 0.00000 0.00000 0.778568 0.778568
1.72120 1.67185 1.62255 1.57311 1.80602 1.61721 1.38997 1.37304 1.37304 1.37304 1.39406 2.01313 2.03063 2.03063 2.03063 2.03063 2.03063 2.03063 2.03063 2.03063 1.59243 1.41565 1.41565 1.41565 1.41565 1.41565 1.41565 1.00212 0.586602 0.586602 0.586602 0.469200 0.432515 0.432515 0.432515 0.432515 0.432515 0.432515 0.432515 0.432515 0.432515 0.432515 0.432515 0.432515 0.344862 0.185678 0.185678 0.00000 0.00000 0.00000 0.00000 0.00000 0.00000 0.00000 0.00000 0.00000 0.00000 0.00000 0.00000 0.00000 0.00000 0.00000 0.00000 0.00000 0.778568 0.778568
1.41628 1.41628 1.41628 1.41628 1.55189 1.65351 1.37304 1.37304 1.37304 1.37304 1.37304 1.88063 2.03063 2.03063 2.03063 2.03063 2.03063 2.03063 2.03063 2.03063 1.70949 1.41565 1.41565 1.41565 1.41565 1.41565 1.41565 1.19313 0.586602 0.586602 0.586602 0.504682 0.432515 0.432515 0.432515 0.432515 0.432515 0.432515 0.432515 0.432515 0.432515 0.432515 0.432515 0.432515 0.389552 0.185678 0.185678 0.00000 0.00000 0.00000 0.00000 0.00000 0.00000 0.00000 0.00000 0.00000 0.00000 0.00000 0.00000 0.00000 0.00000 0.447284 0.447284 0.447284 0.454280 0.612492
1.63627 1.71076 1.79399 1.88749 1.97458 1.77642 1.37304 1.37304 1.37304 1.37304 1.37304 1.72702 2.03063 2.03063 2.03063 2.03063 2.03063 2.03063 2.03063 2.03063 1.84787 1.41565 1.41565 1.41565 1.41565 1.41565 1.41565 1.37337 0.597297 0.586602 0.586602 0.534704 0.432515 0.432515 0.432515 0.432515 0.432515 0.432515 0.432515 0.432515 0.432515 0.432515 0.432515 0.432515 0.423111 0.187791 0.185678 0.00000 0.00000 0.00000 0.00000 0.00000 0.00000 0.00000 0.00000 0.00000 0.00000 0.447284 0.447284 0.447284 0.447284 0.447284 0.447284 0.447284 0.447284 0.447284
1.98415 1.98415 1.98415 1.98268 1.98020 1.89197 1.40538 1.41369 1.42225 1.43106 1.44024 1.68241 2.23589 2.26007 2.28505 2.31088 2.33787 2.36581 2.39485 2.42506 2.40257 1.54885 1.54728 1.55553 1.56399 1.57267 1.58158 1.59073 0.693347 0.471750 0.465883 0.452124 0.432515 0.432515 0.432515 0.432515 0.432515 0.432515 0.432515 0.432515 0.432515 0.432515 0.431921 0.422911 0.410320 0.232264 0.185678 0.00000 0.00000 0.00000 0.00000 0.00000 0.00000 0.447284 0.447284 0.447284 0.447284 0.447284 0.447284 0.447284 0.447284 0.447284 0.447284 0.447284 0.447284 0.447284
1.87243 1.86409 1.85509 1.85129 1.85129 1.85129 1.85129 1.85129 1.85129 1.85129 1.85129 1.95123 3.16083 3.16649 3.16649 3.16649 3.16649 3.16649 3.16649 3.16649 3.16649 1.82637 1.67608 1.67608 1.67608 1.67608 1.67608 1.67608 0.958171 0.432515 0.432515 0.431598 0.421948 0.409245 0.395239 0.379665 0.362264 0.342786 0.320707 0.295528 0.266546 0.232911 0.195500 0.185678 0.185678 0.185678 0.185678 0.185678 0.00000 0.447284 0.447284 0.447284 0.447284 0.447284 0.447284 0.447284 0.447284 0.447284 0.447284 0.447284 0.447284 0.447284 0.447284 0.447284 0.447284 0.447284
1.85129 1.85129 1.85129 1.85129 1.85129 1.85129 1.85129 1.85129 1.85129 1.85129 1.85129 1.85129 2.95330 3.16649 3.16649 3.16649 3.16649 3.16649 3.16649 3.16649 3.16649 1.99691 1.56053 1.47294 1.39129 1.30935 1.21698 1.11147 0.779309 0.464706 0.485663 0.511683 0.551248 0.593876 0.636074 0.678415 0.720900 0.763098 0.805726 0.847924 0.890266 0.932750 0.975092 1.01758 1.06006 1.07993 1.00252 0.743386 0.447284 0.447284 0.447284 0.447284 0.447284 0.447284 0.447284 0.447284 0.447284 0.447284 0.447284 0.447284 0.447284 0.447284 0.447284 0.447284 0.467495 0.544104
1.86194 1.86380 1.86559 1.86724 1.86882 1.87031 1.87171 1.87307 1.87433 1.87554 1.87677 1.87923 2.34436 2.58214 2.52089 2.45322 2.37931 2.29705 2.20575 2.10358 1.98798 1.74590 1.56285 1.60547 1.62098 1.62098 1.62098 1.62098 1.62098 1.62098 1.62098 1.62098 1.62098 1.62098 1.62098 1.62098 1.62098 1.62098 1.62098 1.62098 1.62098 1.62098 1.62098 1.62098 1.15203 1.04198 1.03413 0.826007 0.447284 0.447284 0.447284 0.447284 0.447284 0.447284 0.447284 0.447284 0.447284 0.447284 0.447284 0.447284 0.453375 0.524082 0.585976 0.629003 0.655357 0.657491
1.88787 1.88893 1.89103 1.89336 1.89600 1.89898 1.90240 1.90633 1.91092 1.91637 1.92259 1.92444 1.92444 1.92444 1.92444 1.92444 1.92444 1.92444 1.92444 1.92444 1.92444 1.86023 1.62098 1.62098 1.62098 1.62098 1.62098 1.62098 1.62098 1.62098 1.62098 1.62098 1.62098 1.62098 1.62098 1.62098 1.62098 1.62098 1.62098 1.62098 1.62098 1.62098 1.62098 1.62098 1.17965 1.03413 1.03413 0.920264 0.447284 0.447284 0.447284 0.447284 0.447284 0.447284 0.447284 0.447284 0.447411 0.501388 0.570900 0.618283 0.650967 0.657491 0.657491 0.657491 0.657491 0.657491
1.92123 1.92444 1.92444 1.92444 1.92444 1.92444 1.92444 1.92444 1.92444 1.92444 1.92444 1.92444 1.92444 1.92444 1.92444 1.92444 1.92444 1.92444 1.92444 1.92444 1.92444 1.91513 1.62726 1.62098 1.62098 1.62098 1.62098 1.62098 1.62098 1.62098 1.62098 1.62098 1.62098 1.62098 1.62098 1.62098 1.62098 1.62098 1.62098 1.62098 1.62098 1.62098 1.62098 1.62098 1.34978 1.03413 1.03413 0.994773 0.447284 0.447284 0.447284 0.447284 0.447284 0.447284 0.517441 0.606507 0.643883 0.657491 0.657491 0.657491 0.657491 0.657491 0.657491 0.657491 0.662660 0.691512
