High_resolution/powerplant/Shangrao/OMI_NO2_200601.asc
ncols      200
nrows      200
xllcorner       115.451
yllcorner       27.0350
cellsize     0.0166667
NODATA_Value      -999.000
[rows 0 to 28 of 182, columns 0 to 66 of 200]
10.9242 11.2584 10.4877 9.89176 8.40576 7.83259 7.67954 7.56936 7.55900 7.55900 7.55900 7.55900 7.55900 7.55900 7.55900 7.55900 5.61136 4.80539 4.80539 4.59037 4.22029 4.22029 4.22029 4.22029 4.22029 4.22029 4.21590 4.21220 4.40664 4.50189 4.51985 4.51985 4.49458 4.31034 4.31034 4.65529 4.81941 4.81941 4.81941 4.81941 4.81941 5.00287 5.40177 5.41723 5.59012 5.80081 5.98652 6.03590 5.72296 5.13726 5.13726 5.13726 5.19183 5.36593 6.33221 7.30227 8.11056 8.15354 8.16624 8.16731 8.20602 9.36358 9.41652 9.41682 10.3484 10.6775 10.6219
5.49028 8.99197 9.10730 9.10730 8.14517 7.55900 7.55900 7.55900 7.55900 7.55900 7.55900 7.55900 7.55900 7.55900 7.55900 7.55900 6.37411 4.80799 4.80539 4.73658 4.22035 4.22029 4.22029 4.22029 4.22029 4.22029 4.21774 4.21211 4.40624 4.51985 4.51985 4.51985 4.51980 4.34420 4.31034 4.57835 5.26502 5.62698 5.93805 6.20854 6.44615 6.57367 6.57460 6.26641 6.03590 6.03590 6.03590 6.03590 5.98419 5.31763 5.48877 5.68718 5.84692 5.91333 6.55670 7.66985 8.09297 8.29677 8.32352 8.34902 8.37338 9.08060 9.41896 9.41898 9.83831 10.3952 10.3952
5.23206 8.44164 9.10730 9.10730 8.55392 7.55900 7.55900 7.55900 7.55900 7.55900 7.55900 7.55900 7.55900 7.55900 7.55900 7.55900 6.98416 4.81915 4.80539 4.80539 4.29901 4.22029 4.22029 4.22029 4.22029 4.22029 4.22021 4.21272 4.29916 4.51975 4.50290 4.47382 4.44480 4.92884 5.56212 5.90932 6.57460 6.57460 6.57460 6.57460 6.57460 6.57460 6.57460 6.43571 6.06289 6.30061 6.59548 6.88486 7.16347 6.68917 6.66770 6.67145 6.58098 6.62552 6.68276 7.88422 8.10859 8.41915 8.41915 8.41915 8.42043 8.79463 9.41898 9.41898 9.59436 10.3952 10.3952
0.00000 8.02307 9.10730 9.10730 9.01265 7.58303 7.55900 7.55900 7.55900 7.55900 7.55900 7.55900 7.55900 7.55900 7.55900 7.55900 7.46184 4.89286 4.80539 4.80539 4.44555 4.22029 4.22029 4.22029 4.21105 4.15851 4.10036 4.07603 4.05727 4.34232 4.36053 4.36053 4.36053 4.79822 5.75400 5.79146 6.69374 6.86650 7.00852 7.14159 7.26620 7.45280 7.74658 8.02334 7.58690 7.61337 7.64220 7.66282 7.66368 7.29118 6.94477 6.88764 6.62753 6.62753 6.62753 7.51203 7.96725 8.41192 8.42737 8.42982 8.43099 8.54141 9.41874 9.41898 9.42942 10.3146 10.3952
0.00000 7.38690 9.10730 9.10730 9.10730 7.82036 7.55900 7.55900 7.55900 7.55900 7.55900 7.55900 7.55900 7.52590 7.31334 7.05518 6.77238 5.17266 4.80542 4.77382 4.50210 4.07244 4.01429 3.95611 3.90724 3.90166 3.90166 4.02120 4.32772 4.73601 5.01908 5.22542 5.43160 5.71343 7.20999 7.43271 7.63785 7.70983 7.86917 8.04767 8.24854 8.39865 8.43669 8.46912 7.93118 7.66368 7.66368 7.66368 7.66368 7.49012 6.94539 6.94558 6.65558 6.63534 6.63779 7.09485 7.94793 8.28815 8.43099 8.43099 8.43099 8.42418 9.17981 9.30913 9.25597 9.21456 9.01615
0.00000 5.56848 8.98022 9.10730 9.10730 8.12443 7.31570 7.05798 6.77522 6.46465 6.12078 5.73925 5.31207 4.91088 4.94908 5.06633 5.18363 5.30082 4.67694 4.47084 4.38899 4.95588 5.36919 5.78188 6.19457 6.60657 7.01926 7.32198 6.37662 6.23863 6.08583 6.08583 6.08583 6.09036 7.26735 7.78700 8.08553 8.37044 8.42554 8.46132 8.47466 8.47466 8.47466 8.47466 8.16996 7.66400 7.66617 7.66862 7.67107 7.65972 6.99566 6.95662 6.73759 6.63938 6.63938 6.70416 7.86907 8.04999 8.30792 8.26541 8.22289 8.18715 8.65969 9.25716 9.40910 9.51909 9.59323
0.00000 5.23206 7.00059 6.77023 6.07727 5.16125 4.84724 4.84724 4.87313 4.98380 5.10104 5.20159 5.28515 5.36115 5.35107 5.31752 5.28411 5.25070 4.68548 4.21820 4.21820 6.92915 7.35224 7.35224 7.35224 7.35224 7.35224 7.35224 6.65379 6.29828 6.18043 6.33804 6.52115 6.72674 7.47865 8.24563 8.32643 8.47466 8.47466 8.47466 8.47466 8.47466 8.47466 8.47466 8.42136 7.68995 7.67553 7.67553 7.67553 7.67586 7.16148 6.88341 6.69959 6.48114 6.43858 6.39935 7.29902 7.73414 8.17825 8.27595 8.39723 8.56050 9.01391 10.0070 10.1426 10.1610 9.90159
0.00000 0.00000 5.23206 5.34024 5.57461 5.76156 5.15079 5.21867 5.27667 5.24971 5.21627 5.19968 5.19968 5.19968 5.19968 5.19968 5.19968 5.19968 4.94503 4.21820 4.21820 6.14851 7.35224 7.35224 7.35224 7.35224 7.35224 7.35224 7.16089 7.03778 6.93873 6.84104 6.87221 6.87636 7.14934 8.26983 8.27968 8.47115 8.47466 8.47466 8.47466 8.47466 8.47466 8.47466 8.48185 7.87656 7.71426 7.73087 7.74747 7.76373 7.33292 6.70878 6.64516 6.39154 6.39154 6.45235 7.05336 8.00671 8.56260 8.87918 8.98810 9.05481 9.07712 10.1260 10.1997 10.1997 9.96018
0.00000 0.00000 6.38217 6.47395 6.47407 6.47407 5.37486 5.19968 5.19968 5.19968 5.19968 5.19968 5.19968 5.19968 5.19968 5.19968 5.19968 5.19968 5.17543 4.26491 4.21820 5.36996 7.35224 7.35224 7.35224 7.35224 7.35224 7.35224 7.35022 7.18917 7.08914 6.87636 6.87636 6.87636 6.88416 8.14539 8.26983 8.43036 8.47690 8.49471 8.51544 8.53619 8.55695 8.57771 8.59126 8.18176 7.76905 7.76905 7.76905 7.76905 7.62597 6.73851 6.84815 6.67077 6.75980 6.80270 6.87181 8.09902 8.57512 9.21629 9.28487 9.35326 9.42184 10.2792 10.8285 10.9142 10.8102
0.00000 0.00000 6.47407 6.47407 6.47407 6.47407 5.61658 5.19968 5.19968 5.19968 5.19968 5.19968 5.19968 5.19968 5.19968 5.19968 5.19968 5.19968 5.19968 4.51794 4.21820 4.58676 7.35193 7.35224 7.35224 7.35224 7.35224 7.35224 7.35224 7.23519 7.17365 6.90004 6.87636 6.94216 7.06655 7.91979 8.34450 8.47502 8.58860 8.59155 8.59155 8.59155 8.59155 8.59155 8.59155 8.44453 7.76905 7.77870 7.89236 8.06019 8.22133 7.43532 7.32583 7.21532 7.22619 7.29470 7.36316 8.35593 8.81685 9.67545 9.68825 9.68825 9.68844 10.1596 10.9906 10.9906 10.8985
0.00000 0.00000 0.00000 6.47407 6.47407 6.47407 5.95619 5.19968 5.19968 5.19968 5.19968 5.19968 5.19968 5.19968 5.19968 5.19968 5.19968 5.19968 5.19968 4.79492 4.21820 4.21820 6.93698 7.35224 7.35224 7.35224 7.35224 7.38344 7.60142 7.74124 7.67481 7.54063 7.49876 7.55754 7.55754 7.85371 8.38673 8.44580 8.59155 8.60089 8.65726 8.72001 8.78269 8.84631 8.99707 9.20817 8.54635 8.57245 8.61284 8.59891 8.59176 7.97441 7.53149 7.47390 7.40776 7.40776 7.40776 7.92283 8.77535 9.57538 9.91314 10.0068 10.1003 10.2120 10.9864 10.9906 10.9745
0.00000 0.00000 0.00000 6.47407 6.47407 6.47407 6.39241 5.21908 5.19968 5.19968 5.19968 5.19968 5.19968 5.19968 5.19968 5.19968 5.19968 5.19968 5.19968 5.07189 4.21840 4.21820 6.27807 7.71926 7.96817 8.21707 8.46598 8.68368 8.71461 8.70671 8.12844 7.94588 7.60530 7.63684 7.66838 7.77004 8.55499 8.61195 9.07396 9.13401 9.18713 9.33225 9.47917 9.61163 9.65331 9.63471 8.98960 8.59176 8.59176 8.59176 8.59176 8.26757 7.53149 7.52962 7.52389 7.61752 7.71110 7.90710 9.16861 9.58587 10.1412 10.1412 10.1412 10.1412 10.7962 11.0024 11.0152
0.00000 0.00000 0.00000 6.47407 6.47407 6.47407 6.47407 5.38032 5.19968 5.19968 5.19968 5.19968 5.19968 5.19968 5.19968 5.19968 5.19148 5.07958 4.93655 4.79344 5.07466 5.44964 6.74858 8.77260 8.83563 8.89877 8.96197 9.02500 9.08819 9.15133 8.68102 8.43117 7.86788 7.82284 7.82284 7.82284 8.50230 8.79862 9.33514 9.57290 9.65602 9.64053 9.62336 9.61994 9.61994 9.61994 9.29984 8.59176 8.60743 8.69272 8.78639 8.82596 7.93601 7.97863 7.86581 7.86071 7.86071 7.86071 8.83792 9.29044 10.1511 10.1693 10.1796 10.1898 10.5967 11.0884 11.1722
9.73600 0.00000 0.00000 6.47407 6.47407 6.47407 6.47407 5.62448 5.19968 5.19968 5.19968 5.16977 5.03570 4.89252 4.77096 4.86991 5.03349 5.29935 5.59894 5.89663 6.84100 7.63350 8.06100 9.24519 9.24519 9.24519 9.24519 9.24519 9.24519 9.24519 8.98432 8.43870 8.04039 7.92417 8.07252 8.21530 8.75788 9.15790 9.40737 9.61994 9.61994 9.61994 9.61994 9.61994 9.61994 9.61994 9.59036 8.98192 9.03637 9.04471 9.04471 9.04471 8.24629 7.99023 7.90940 7.88699 7.89723 7.90747 8.46048 9.24979 9.97410 10.2104 10.2721 10.3411 10.5270 11.2100 11.0995
9.73600 0.00000 0.00000 0.00000 6.47407 6.47407 6.35746 5.89767 5.40130 5.55779 5.71269 5.89695 6.18719 6.48536 6.76118 6.81824 6.81824 6.81824 6.81824 6.81824 7.14463 7.95830 7.95830 9.08057 9.24519 9.24519 9.24519 9.24519 9.24519 9.24519 9.23508 8.91353 8.85578 8.33453 8.31599 8.30278 8.50043 9.13147 9.27923 9.61994 9.61994 9.61994 9.61994 9.61994 9.61994 9.61994 9.61994 9.17692 8.92953 8.83579 8.74205 8.64837 8.31606 8.04403 7.98299 7.92030 7.92030 7.92237 8.08281 9.36202 9.85354 10.3300 10.2470 10.1565 10.1265 10.8833 10.9631
9.46693 8.56057 8.56057 8.56057 7.47550 6.69123 6.72974 6.75996 6.81640 6.81824 6.81824 6.81824 6.81824 6.81824 6.81824 6.81824 6.81824 6.81824 6.81824 6.81824 6.86130 7.92128 7.95830 8.75939 9.24519 9.24519 9.24519 9.24519 9.24519 9.24519 9.24519 9.19412 9.15594 8.36216 8.30228 8.30228 8.31696 9.08321 9.16346 9.61549 9.61994 9.61173 9.51739 9.40021 9.28304 9.16593 9.04869 8.76850 8.51541 8.51541 8.51541 8.51541 8.42103 8.04403 8.03732 7.99541 8.06074 8.19060 8.29291 9.44651 9.87361 10.0982 10.0542 10.0090 9.96364 10.3864 10.6554
9.10709 8.56057 8.56057 8.56057 8.23943 6.76186 6.75815 6.75815 6.80301 6.81824 6.81824 6.81824 6.81824 6.81824 6.81824 6.81824 6.81824 6.81824 6.81824 6.81824 6.81824 7.64403 7.95830 8.43888 9.24519 9.24519 9.24519 9.24519 9.24519 9.24519 9.24519 9.22003 9.16941 8.59825 8.30228 8.30228 8.29782 8.74443 8.83605 9.11457 9.09017 8.98114 8.95831 8.95831 8.95831 8.95831 8.95831 8.90678 8.51739 8.51541 8.52670 8.57477 8.63413 8.33768 8.42673 8.20441 8.21612 8.17916 8.13393 8.69675 9.44817 9.63957 9.69887 9.69887 9.69887 9.92226 10.4376
9.14802 8.65852 8.56057 8.56057 8.56057 6.94714 6.75815 6.75815 6.78775 6.81824 6.81824 6.81824 6.81824 6.81824 6.81824 6.81824 6.81824 6.81824 6.81824 6.81824 6.81824 7.32352 7.95830 8.11916 9.24519 9.24519 9.24519 9.24519 9.24519 9.82001 11.0958 12.2158 12.0910 12.2291 11.7183 12.2139 8.50089 8.33916 8.46984 8.74529 8.95831 8.95831 8.95831 8.96425 8.98429 9.00488 9.02954 9.10062 8.77990 8.80503 8.95037 9.05890 9.15300 8.87203 8.70584 8.18100 8.01779 8.01779 8.01779 8.17667 9.41629 9.60144 9.88569 10.0302 10.1887 10.3633 10.4376
9.14829 8.83941 8.56057 8.56057 8.56057 7.31739 6.75815 6.75815 6.77274 6.81824 6.81824 6.81824 6.81824 6.81824 6.81824 6.81824 6.81824 6.81824 6.81824 6.81824 6.86850 8.14125 10.3534 11.5196 13.4896 14.5190 15.3296 16.0716 16.7524 17.1207 17.1121 17.1102 15.7835 15.0555 13.3391 13.2002 9.76486 8.23580 8.41176 8.60256 9.08182 9.10245 9.12311 9.17255 9.23679 9.32416 9.48873 9.61342 9.39258 9.17716 9.17722 9.17722 9.17722 9.00222 8.70584 8.34814 8.03355 8.08832 8.14979 8.21703 9.62885 10.1393 10.4373 10.4376 10.4376 10.4376 10.4376
9.14829 8.96870 8.56057 8.56057 8.56057 7.85678 6.75815 6.75815 6.75974 6.81604 6.81824 6.81824 6.83895 7.24193 7.73672 8.17950 8.57685 8.93350 9.25961 9.57121 10.4043 15.9915 16.3264 16.2720 16.7979 17.1102 17.1054 17.0860 17.0656 17.0452 17.0248 17.0045 16.3541 14.9772 13.7575 13.1072 10.9464 8.12280 8.30784 8.42014 9.21272 9.28744 9.43891 9.57935 9.69096 9.77890 9.78558 9.78558 9.63529 9.17722 9.17722 9.19546 9.29333 9.35828 8.99657 8.87748 8.33410 8.33629 8.33629 8.33629 9.14354 10.0920 10.3015 10.2428 10.1190 9.99544 9.87160
9.14829 9.06548 8.56057 8.56057 8.56057 8.56731 7.76162 8.13266 8.53186 8.92682 9.26261 9.56054 9.82355 9.89256 9.94256 10.1930 10.4640 10.7350 11.0077 11.2718 11.3428 15.9007 16.5770 16.2841 16.5505 16.9556 16.9401 16.9391 16.9391 16.9391 16.9391 16.9391 16.9059 15.0887 14.3791 13.1119 12.1398 8.24563 8.49400 8.74629 9.51790 9.76182 9.78558 9.78558 9.78558 9.78558 9.78558 9.78558 9.78080 9.52079 9.65028 9.77301 9.78558 9.78558 9.30332 9.15365 8.29894 8.16186 8.03828 7.91448 8.03016 9.42109 9.53827 9.71537 9.70122 9.65366 9.59793
10.0648 10.1180 8.61572 8.56057 8.56057 8.58741 10.2585 9.85250 9.85250 9.98388 10.2761 10.5528 10.8299 11.1071 11.3338 11.3608 11.3668 11.3729 11.3773 11.3775 11.3775 14.5233 16.8097 16.3006 16.3852 16.9391 16.9391 16.9391 16.9391 16.9391 16.9391 16.9391 16.9391 15.6920 15.0891 13.5078 13.3812 8.91491 8.83363 8.98877 9.45017 9.78558 9.78558 9.78558 9.78558 9.78558 9.78558 9.78558 9.78558 9.78558 9.76711 9.67453 9.57402 9.47367 8.99420 8.54739 7.79444 7.61401 7.61401 7.66044 7.78158 9.19283 9.55167 9.75847 9.67532 9.62469 9.58284
10.3116 10.3116 9.14532 8.75157 8.96664 9.18219 11.0922 11.2083 11.5511 11.6839 11.3772 11.3775 11.3775 11.3775 11.3775 11.3775 11.3775 11.3775 11.3775 11.3775 11.3775 13.1062 17.0051 16.3157 16.3006 16.8624 16.9391 16.9391 16.9391 16.9391 16.9391 16.9391 16.9391 16.3689 15.1936 14.1610 13.6250 10.1959 8.77914 8.98252 9.25427 9.78558 9.78558 9.78558 9.78252 9.71028 9.60994 9.50960 9.40908 9.30868 9.43586 9.85053 10.2510 9.59572 9.35647 8.94518 8.61770 8.40623 8.53366 8.62866 8.67522 9.21023 9.77092 9.67881 9.66082 9.61734 9.53142
10.9087 11.0162 10.7249 10.2086 10.2086 10.2086 11.7217 11.8401 11.8384 11.8273 11.3959 11.3775 11.3775 11.3775 11.3775 11.3775 11.3775 11.3775 11.3775 11.3775 11.3775 11.7448 16.9898 16.4856 16.3006 16.7047 16.9391 16.9391 16.9391 16.9391 16.9391 16.9391 16.9391 16.9032 15.2983 14.6853 13.6250 11.4485 8.77008 8.90022 8.92037 9.64995 9.95583 10.2624 10.5542 10.8938 11.2404 11.5707 11.8848 12.1846 12.3366 12.3366 12.3366 10.5352 9.83100 9.32425 9.11792 8.53588 8.45536 8.37298 8.28715 8.37541 9.19527 9.05138 8.91134 8.86889 8.86889
11.1356 11.1356 10.9300 10.2086 10.2086 10.2086 11.0183 11.9996 11.8384 11.8384 11.5010 11.3775 11.3775 11.3775 11.3775 11.3775 11.3775 11.3775 11.3775 11.3775 11.3775 11.3775 15.9486 16.6956 16.3006 16.5448 16.9391 16.9391 16.9391 16.9391 16.9391 16.9391 16.9270 16.6126 15.2224 14.4560 12.9697 12.2592 11.6469 11.6205 11.4548 12.2225 12.3366 12.3366 12.3366 12.3366 12.3366 12.3307 12.3175 12.3136 12.3447 12.3792 12.4173 11.2356 9.87346 9.43769 9.17130 7.91129 7.90108 7.90108 7.90108 7.90108 8.80403 8.95938 8.86889 8.86889 8.86889
11.1356 11.1356 11.0648 10.2086 10.2086 10.2086 10.2225 12.1639 11.8384 11.8384 11.6160 11.3775 11.3775 11.3775 11.3775 11.3775 11.3775 11.3775 11.3775 11.3775 11.3775 11.3775 14.5373 16.9059 16.2123 15.8663 15.9568 15.4932 15.0913 14.8018 14.5142 14.2262 13.9510 13.9775 13.6695 12.9993 12.2420 11.8947 12.5424 12.4271 11.7459 12.0852 12.2809 12.2677 12.2545 12.2438 12.2673 12.3076 12.3574 12.4010 12.4097 12.4149 12.4166 11.8365 9.86123 9.59765 9.26530 8.14951 7.90108 7.90108 7.90108 7.90108 8.45333 8.98088 8.88369 8.86889 8.86889
11.1356 11.1356 11.1346 10.3478 10.2086 10.2086 10.2086 12.0880 11.8384 11.8384 11.7313 11.3775 11.3775 11.3775 11.3775 11.3775 11.3370 11.1656 10.9830 10.8014 10.6191 10.4373 11.4332 13.4715 12.7569 12.9068 13.6480 13.8974 14.0112 14.0134 14.0307 14.0682 14.1057 14.1431 14.1529 13.2107 12.7869 12.0374 12.5815 12.7421 11.9753 12.0041 12.2455 12.2932 12.3418 12.3918 12.4081 12.4134 12.4165 12.4166 12.4166 12.4166 12.4166 12.3583 9.96071 9.76159 9.26530 8.48138 7.90108 7.90108 7.90108 7.90108 8.10239 8.98105 8.91971 8.87184 8.87855
11.1356 11.1356 11.1356 10.6363 10.2086 10.2086 10.2086 11.8515 11.8473 11.6339 11.4413 10.8286 10.6268 10.4453 10.2628 10.0814 9.93929 9.90914 9.80282 9.68682 9.57075 9.45446 9.54582 12.4667 12.9859 13.2715 13.8384 14.2325 14.2699 14.3074 14.3276 14.3276 14.3276 14.3276 14.3276 13.5801 13.2003 12.1182 12.4265 12.8025 12.3170 12.0801 12.4062 12.4118 12.4161 12.4166 12.4166 12.4166 12.4166 12.4166 12.4166 12.4166 12.4166 12.4166 10.5236 9.86028 9.33043 8.81356 7.90108 7.90305 7.90958 7.91629 7.92398 8.85906 8.99133 8.90800 8.90787
11.9747 11.9611 11.9127 11.2293 9.85822 9.80220 9.75448 9.95452 10.5359 10.3902 10.3902 10.0537 9.88175 9.76602 9.63227 9.48779 9.34313 9.21881 9.18060 9.15211 9.12358 9.09532 9.08454 11.7073 12.5993 13.1469 13.6044 14.3276 14.3276 14.3276 14.3276 14.3276 14.3276 14.3276 14.3276 13.9603 13.3489 12.5843 12.4279 12.9339 12.6437 12.0834 12.3699 12.4166 12.4166 12.4166 12.4166 12.4166 12.4166 12.4166 12.4166 12.4166 12.4166 12.4189 11.1632 9.89838 9.52834 9.16986 7.93855 7.94002 7.94021 7.94021 7.94021 8.36820 8.35118 7.62472 6.81633
