High_resolution/powerplant/Shangrao/OMI_NO2_201104.asc
ncols      200
nrows      200
xllcorner       115.451
yllcorner       27.0350
cellsize     0.0166667
NODATA_Value      -999.000
[rows 145 to 173 of 200, columns 0 to 66 of 200]
2.75964 2.67792 2.65834 2.65834 2.65834 2.65834 2.65834 2.65834 2.65834 2.65834 2.65834 2.65834 3.47196 4.22375 4.22375 4.22375 4.22375 4.22375 4.22375 4.22375 4.19533 4.07726 3.95254 3.82787 3.75874 3.75385 3.59705 3.36700 3.18303 2.89577 2.31001 2.27949 2.27949 2.27949 2.27949 2.27949 2.27949 2.27949 2.27949 2.27949 2.27949 2.27949 2.27949 2.27949 2.27949 2.27949 2.33262 2.43562 2.43562 2.43844 2.47416 2.51930 2.56456 2.65935 2.95190 2.95190 2.95190 2.95190 2.95190 2.95190 2.95190 2.95190 2.94539 2.52236 2.48430 2.44708 2.40797
2.75964 2.70569 2.65834 2.65834 2.65834 2.65834 2.65834 2.65834 2.65834 2.65834 2.65834 2.65834 3.03218 4.22375 4.22375 4.22375 4.21347 4.11080 3.98613 3.86141 3.76471 3.62762 3.39769 3.16741 2.93747 2.71179 2.63854 2.63854 2.65654 2.72783 2.32726 2.27949 2.27949 2.27949 2.27949 2.27949 2.27949 2.27949 2.27949 2.27949 2.27949 2.27949 2.27949 2.27949 2.27949 2.28027 2.32209 2.51026 2.55694 2.59930 2.60873 2.60873 2.60873 2.60879 2.90287 2.95190 2.95190 2.95190 2.95190 2.91148 2.81110 2.71019 2.60944 2.37811 2.28638 2.28449 2.28449
2.75964 2.74674 2.65928 2.65834 2.65834 2.65834 2.65834 2.65834 2.65834 2.65834 2.65834 2.65834 2.68410 4.05141 4.01967 3.89500 3.68014 3.42826 3.19810 2.96805 2.73845 2.63854 2.63854 2.63854 2.63854 2.63854 2.63854 2.63854 2.63879 2.71854 2.45124 2.27949 2.27949 2.27949 2.27949 2.27949 2.27949 2.27949 2.27949 2.27949 2.27949 2.27949 2.30283 2.34799 2.39323 2.43759 2.45260 2.57599 2.60873 2.60873 2.60873 2.60873 2.60873 2.60853 2.74105 2.79404 2.69319 2.59223 2.49137 2.43098 2.43041 2.43041 2.43041 2.37138 2.28449 2.28449 2.28449
2.75964 2.75964 2.67371 2.65834 2.65834 2.65834 2.65834 2.65834 2.65834 2.61145 2.48785 2.36393 2.24306 2.90998 2.99863 2.76857 2.63899 2.63854 2.63854 2.63854 2.63854 2.63854 2.63854 2.63854 2.63854 2.63854 2.63854 2.63854 2.63854 2.69070 2.57631 2.27949 2.27949 2.27949 2.27949 2.27949 2.27949 2.27949 2.29573 2.34039 2.38561 2.43077 2.45260 2.45260 2.45260 2.45260 2.45260 2.53304 2.60597 2.53463 2.43377 2.33286 2.23201 2.13136 2.17170 2.43041 2.43041 2.43041 2.43041 2.43041 2.43041 2.43041 2.43041 2.41130 2.28449 2.28449 2.28449
2.75964 2.75964 2.69939 2.65834 2.65834 2.63606 2.52177 2.39947 2.27753 2.20244 2.20415 2.20618 2.20628 2.37733 2.63854 2.63854 2.63854 2.63854 2.63854 2.63854 2.63854 2.63854 2.63854 2.63854 2.63854 2.63854 2.63854 2.63854 2.63854 2.66271 2.69642 2.28439 2.27949 2.27949 2.28993 2.33277 2.37801 2.42317 2.45208 2.45260 2.45260 2.45260 2.45260 2.45003 2.40614 2.34718 2.28861 2.22725 2.11681 2.08724 2.08724 2.08724 2.08724 2.08724 2.09215 2.40521 2.43041 2.43041 2.43041 2.43041 2.43041 2.43041 2.43041 2.43041 2.27731 2.18952 2.12233
2.75964 2.75973 2.73719 2.43643 2.31308 2.21347 2.20587 2.20628 2.20628 2.20628 2.20628 2.20628 2.20628 2.25639 2.63807 2.63854 2.63854 2.63854 2.63854 2.63854 2.63854 2.63854 2.63854 2.63854 2.63854 2.63854 2.63854 2.63854 2.63854 2.64036 2.72900 2.42262 2.37039 2.41557 2.45030 2.45260 2.45260 2.45260 2.44959 2.40444 2.34558 2.28684 2.22813 2.17181 2.15713 2.15713 2.15713 2.15580 2.09103 2.08724 2.08724 2.08724 2.08724 2.08724 2.08724 2.30532 2.43041 2.43041 2.43041 2.43041 2.40586 2.33938 2.27222 2.20498 2.08069 2.01966 2.01966
2.77856 2.78404 2.78592 2.27205 2.20628 2.20628 2.20628 2.20628 2.20628 2.20628 2.20628 2.20628 2.20628 2.20628 2.56670 2.63854 2.63854 2.63854 2.63854 2.63854 2.63854 2.63854 2.63854 2.63854 2.63854 2.63854 2.63788 2.62083 2.59708 2.57338 2.77791 2.67506 2.45260 2.44909 2.40267 2.34402 2.28507 2.22654 2.17057 2.15713 2.15713 2.15713 2.15713 2.15713 2.15713 2.15713 2.15713 2.15713 2.10895 2.08724 2.08724 2.08724 2.08724 2.08724 2.08724 2.20056 2.40912 2.34336 2.27614 2.20895 2.16631 2.16557 2.16557 2.16557 2.12036 2.01966 2.01966
2.78592 2.78592 2.78592 2.40893 2.20628 2.20628 2.20628 2.20628 2.20628 2.20628 2.20628 2.20628 2.20628 2.20628 2.44533 2.63854 2.63854 2.63854 2.63854 2.63854 2.63854 2.63854 2.63854 2.62734 2.60358 2.57983 2.55680 2.55003 2.54699 2.48633 2.52329 2.58385 2.22479 2.16951 2.15713 2.15713 2.15713 2.15713 2.15713 2.15713 2.15713 2.15713 2.15713 2.15713 2.15713 2.15713 2.15713 2.15713 2.12820 2.08724 2.08724 2.08724 2.09639 2.13895 2.18458 2.23044 2.16954 2.16557 2.16557 2.16557 2.16557 2.16557 2.16557 2.16557 2.15759 2.02236 2.01966
2.78592 2.78592 2.78592 2.61934 2.20628 2.20628 2.20628 2.20628 2.20628 2.20628 2.20628 2.20628 2.20628 2.20628 2.32394 2.63854 2.63854 2.63854 2.63854 2.63276 2.61010 2.58633 2.56258 2.54932 2.49778 2.41543 2.33307 2.25067 2.17135 2.14965 2.16925 2.48811 2.17959 2.15713 2.15713 2.15713 2.15713 2.15713 2.15713 2.15713 2.15713 2.15713 2.15713 2.15713 2.15713 2.15713 2.15713 2.15713 2.15231 2.13113 2.17676 2.22236 2.25882 2.26188 2.26188 2.26188 2.19236 2.16557 2.16557 2.16557 2.16557 2.16557 2.19859 2.27992 2.36163 2.15970 2.07748
2.78592 2.78592 2.78592 2.78568 2.25213 2.20628 2.20628 2.20628 2.20628 2.20628 2.20628 2.20628 2.20628 2.20628 2.21956 2.61925 2.61659 2.59284 2.56909 2.51039 2.42692 2.34456 2.26216 2.18052 2.14965 2.14965 2.14965 2.14965 2.14965 2.14965 2.14965 2.40411 2.27059 2.15713 2.15713 2.15713 2.15713 2.15713 2.15713 2.15713 2.15713 2.15713 2.15713 2.15713 2.15903 2.19321 2.23882 2.28444 2.32516 2.27143 2.26188 2.26188 2.26188 2.26188 2.26188 2.26188 2.22189 2.21320 2.29495 2.37649 2.45829 2.53996 2.58856 2.58894 2.58894 2.34340 2.08835
2.78592 2.78592 2.78592 2.78592 2.37966 2.20628 2.20628 2.20628 2.20628 2.20628 2.20628 2.20601 2.19083 2.16709 2.13455 2.34081 2.35605 2.27365 2.19129 2.14965 2.14965 2.14965 2.14965 2.14965 2.14965 2.14965 2.14965 2.14965 2.14965 2.14965 2.14965 2.29565 2.36647 2.15713 2.15713 2.15713 2.15713 2.15713 2.15713 2.15713 2.15744 2.18538 2.23098 2.27660 2.32029 2.33176 2.33176 2.33176 2.33176 2.29068 2.26188 2.26480 2.32449 2.40616 2.48787 2.56954 2.63961 2.58915 2.58894 2.58894 2.58894 2.58894 2.58894 2.58894 2.58894 2.47963 2.08835
2.78592 2.78592 2.78592 2.78592 2.57276 2.20628 2.20628 2.20628 2.19715 2.16986 2.12281 2.07315 2.03842 2.01226 1.99489 2.06101 2.14965 2.14965 2.14965 2.14965 2.14965 2.14965 2.14965 2.14965 2.14965 2.14965 2.14965 2.14965 2.14965 2.14965 2.14965 2.18854 2.46064 2.15751 2.15713 2.15713 2.15713 2.17761 2.22316 2.26879 2.31406 2.33176 2.33176 2.33176 2.33176 2.33176 2.33442 2.36754 2.40952 2.46480 2.58453 2.66327 2.68524 2.68524 2.68524 2.68524 2.68524 2.60708 2.58894 2.58894 2.58894 2.58894 2.58894 2.58894 2.58894 2.58273 2.12125
2.78592 2.78592 2.78592 2.78592 2.77578 2.19124 2.11058 2.06071 2.01992 1.99731 1.99446 1.99446 1.99446 1.99446 1.99446 2.01735 2.14965 2.14965 2.14965 2.14965 2.14965 2.14965 2.14965 2.14965 2.14965 2.14965 2.14965 2.14965 2.14965 2.14965 2.14965 2.14965 2.43070 2.22740 2.21532 2.26095 2.30656 2.33171 2.33176 2.33176 2.33176 2.33471 2.36857 2.41036 2.45250 2.49426 2.53371 2.54247 2.54247 2.55043 2.68265 2.68524 2.68524 2.68524 2.68524 2.68524 2.68524 2.63631 2.58894 2.58894 2.58894 2.58894 2.58880 2.57095 2.54074 2.51054 2.14325
2.76165 2.70934 2.65703 2.60472 2.55404 2.13126 1.99446 1.99446 1.99446 1.99446 1.99446 1.99446 1.99446 1.99446 1.99446 1.99447 2.12883 2.14965 2.14965 2.14965 2.14965 2.14965 2.14965 2.14965 2.14965 2.14965 2.14965 2.14965 2.14965 2.15182 2.16557 2.18103 2.41655 2.48295 2.33176 2.33176 2.33505 2.36948 2.41133 2.45334 2.49530 2.53426 2.54247 2.54247 2.54247 2.54247 2.54247 2.54247 2.54247 2.54247 2.65134 2.68524 2.68524 2.68524 2.68524 2.68524 2.68524 2.66553 2.58893 2.57277 2.54260 2.51236 2.48233 2.46994 2.46994 2.46994 2.26890
2.53932 2.53929 2.53929 2.53929 2.53929 2.29643 1.99446 1.99446 1.99446 1.99446 1.99446 1.99446 1.99446 1.99446 1.99446 1.99446 2.08525 2.14965 2.14965 2.14965 2.14965 2.14965 2.14965 2.14965 2.14965 2.15020 2.16146 2.17692 2.19237 2.20566 2.20737 2.20268 2.22857 2.49420 2.45419 2.49633 2.53476 2.54247 2.54247 2.54247 2.54247 2.54247 2.54247 2.54247 2.54247 2.54247 2.54247 2.54247 2.54247 2.54247 2.61207 2.68524 2.68524 2.68524 2.68524 2.60831 2.41743 2.22513 2.43057 2.46994 2.46994 2.46994 2.46994 2.46994 2.46994 2.46994 2.40506
2.53929 2.53929 2.53929 2.53929 2.53929 2.51013 2.00915 1.99446 1.99446 1.99446 1.99446 1.99446 1.99446 1.99446 1.99446 1.99446 2.04159 2.14965 2.14965 2.14965 2.14965 2.14965 2.15736 2.17281 2.18827 2.20319 2.20554 2.15303 2.07791 2.00276 1.92761 1.85712 1.84204 2.25878 2.53472 2.54247 2.54247 2.54247 2.54247 2.54247 2.54247 2.54247 2.54247 2.54247 2.54247 2.54247 2.54247 2.54247 2.54247 2.54247 2.57281 2.63386 2.44900 2.25693 2.06508 1.95017 1.94906 1.94906 2.26020 2.46994 2.46994 2.46994 2.46994 2.46994 2.46994 2.39950 2.22661
2.53929 2.53929 2.53929 2.53929 2.53929 2.53929 2.10475 1.99446 1.99446 1.99446 1.99446 1.99446 1.99446 1.99446 1.99446 1.99446 2.00176 2.14579 2.15380 2.16871 2.18417 2.19929 2.16295 2.08772 2.01260 1.93745 1.86416 1.84148 1.84148 1.84148 1.84148 1.84148 1.84148 2.10632 2.47877 2.54247 2.54247 2.54247 2.54247 2.54247 2.54247 2.54247 2.54247 2.54247 2.54247 2.54247 2.54247 2.51163 2.33767 2.14560 1.95528 1.94560 1.94906 1.94906 1.94906 1.94906 1.94906 1.94906 2.10178 2.46949 2.36955 2.19593 2.02214 1.84825 1.67455 1.57119 1.57038
2.53929 2.53929 2.53929 2.53929 2.53929 2.53929 2.25589 1.99446 1.99446 1.99446 1.99446 1.99446 1.99446 1.99446 1.99614 2.00941 2.02487 2.11768 2.09705 2.02245 1.94729 1.87247 1.84148 1.84148 1.84148 1.84148 1.84148 1.84148 1.84148 1.84148 1.84148 1.84148 1.84148 1.96165 2.41452 2.54247 2.54247 2.54247 2.54247 2.54247 2.54247 2.54247 2.54247 2.52687 2.36903 2.17718 1.98518 1.82418 1.80629 1.80629 1.80629 1.90088 1.94906 1.94906 1.94348 1.81799 1.64429 1.47040 1.31379 1.62170 1.57038 1.57038 1.57038 1.57038 1.57038 1.57038 1.57038
2.53929 2.53929 2.53929 2.53929 2.53929 2.53929 2.47645 2.00041 1.99446 1.99446 1.99477 2.00530 1.99199 1.88467 1.76834 1.64039 1.51031 1.62449 1.84148 1.84148 1.84148 1.84148 1.84148 1.84148 1.84148 1.84148 1.84148 1.84148 1.84148 1.84148 1.84148 1.84148 1.84148 1.84937 2.31794 2.54247 2.54247 2.54247 2.54247 2.53695 2.40054 2.20869 2.01662 1.84045 1.80629 1.80629 1.80629 1.80629 1.80629 1.79979 1.72576 1.63023 1.43982 1.26602 1.09781 1.04950 1.04950 1.04950 1.04950 1.40647 1.57038 1.57038 1.57038 1.57038 1.57038 1.57038 1.57038
2.53929 2.53929 2.53929 2.53929 2.53929 2.53929 2.53929 2.07611 1.90208 1.78764 1.67264 1.54747 1.44615 1.43885 1.43885 1.43885 1.43885 1.51177 1.84148 1.84148 1.84148 1.84148 1.84148 1.84148 1.84148 1.84148 1.84148 1.84148 1.84148 1.84148 1.84148 1.84148 1.84148 1.84148 2.14161 2.51714 2.43205 2.24005 2.04820 1.86173 1.80629 1.80629 1.80629 1.80629 1.79868 1.72237 1.63028 1.53805 1.44567 1.35999 1.34188 1.30839 1.04979 1.04950 1.04950 1.04950 1.04950 1.04950 1.04950 1.24817 1.57038 1.57038 1.57038 1.57038 1.57038 1.56597 1.50799
2.53929 2.53929 2.53819 2.38449 2.12432 1.86403 1.60386 1.42202 1.43885 1.43885 1.43885 1.43885 1.43885 1.43885 1.43885 1.43885 1.43885 1.44006 1.80061 1.84148 1.84148 1.84148 1.84148 1.84148 1.84148 1.84148 1.84148 1.84148 1.84148 1.84148 1.84148 1.84148 1.80744 1.71248 1.69486 1.79971 1.80629 1.80629 1.80629 1.79710 1.71940 1.62703 1.53461 1.44265 1.35794 1.34188 1.34188 1.34188 1.34188 1.34188 1.34188 1.34188 1.09631 1.04950 1.04950 1.04950 1.04950 1.04950 1.04950 1.09461 1.56564 1.56725 1.51271 1.42056 1.29201 1.11655 1.06868
1.95977 1.67819 1.41913 1.31266 1.31266 1.31266 1.31266 1.33707 1.43856 1.43885 1.43885 1.43885 1.43885 1.43885 1.43885 1.43885 1.43885 1.43885 1.68927 1.84148 1.84148 1.84148 1.84148 1.84148 1.84148 1.84148 1.84148 1.84148 1.82577 1.73848 1.64229 1.54613 1.48404 1.48283 1.48376 1.59710 1.62378 1.53164 1.43931 1.35618 1.34188 1.34188 1.34188 1.34188 1.34188 1.34188 1.34188 1.34188 1.34188 1.34188 1.34188 1.34188 1.17629 1.04950 1.04950 1.04950 1.04950 1.04954 1.05139 1.05491 1.25702 1.12539 1.06868 1.06868 1.06868 1.06868 1.06868
1.31266 1.31266 1.31266 1.31266 1.31266 1.31266 1.31266 1.31266 1.42405 1.43885 1.43885 1.43885 1.43885 1.43885 1.43885 1.43885 1.43885 1.43885 1.57674 1.84148 1.84148 1.84148 1.84148 1.84148 1.83710 1.76444 1.66825 1.57209 1.49165 1.48108 1.45184 1.41314 1.37444 1.33574 1.30071 1.35671 1.34230 1.34188 1.34188 1.34188 1.34188 1.34188 1.34188 1.34188 1.34188 1.34188 1.34188 1.34188 1.34188 1.34188 1.34188 1.34188 1.25625 1.04950 1.05089 1.05424 1.05889 1.06563 1.06868 1.06868 1.06868 1.06868 1.06868 1.06868 1.06868 1.06868 1.06868
1.31266 1.31266 1.31266 1.31266 1.31266 1.31266 1.31266 1.31266 1.39418 1.43885 1.43885 1.43885 1.43885 1.43885 1.43885 1.43885 1.43885 1.43885 1.46845 1.83721 1.84144 1.79036 1.69425 1.59806 1.50581 1.45713 1.41845 1.37973 1.34105 1.30408 1.29460 1.29460 1.29460 1.29460 1.29460 1.33201 1.35120 1.34188 1.34188 1.34188 1.34188 1.34188 1.34188 1.34188 1.34188 1.34188 1.34188 1.34188 1.34188 1.34188 1.35734 1.40856 1.46094 1.07760 1.06868 1.06868 1.06868 1.06868 1.06868 1.06868 1.06868 1.06868 1.06930 1.16809 1.33846 1.50875 1.67912
0.00000 1.31266 1.31266 1.31266 1.31266 1.31266 1.31266 1.31266 1.34829 1.43885 1.43885 1.43885 1.43885 1.43885 1.43885 1.43885 1.43885 1.41102 1.31756 1.53681 1.50756 1.42376 1.38504 1.34634 1.30813 1.29460 1.29460 1.29460 1.29460 1.29460 1.29460 1.29460 1.29460 1.29460 1.29460 1.30441 1.36294 1.34188 1.34188 1.34188 1.34188 1.34188 1.34188 1.34188 1.34188 1.34188 1.35171 1.39885 1.46606 1.56326 1.65169 1.65343 1.65343 1.21738 1.06868 1.06868 1.06868 1.07414 1.19705 1.36752 1.53763 1.70800 1.87776 1.94917 1.94917 1.94917 1.94917
0.00000 1.31266 1.31266 1.31266 1.31266 1.31266 1.31266 1.31266 1.31268 1.42875 1.43885 1.43885 1.43885 1.42728 1.34356 1.25158 1.16929 1.11514 1.12664 1.22447 1.29460 1.29460 1.29460 1.29460 1.29460 1.29460 1.29460 1.29460 1.29460 1.29460 1.29460 1.29460 1.29460 1.29460 1.29460 1.29460 1.35699 1.34188 1.34188 1.34188 1.34188 1.34188 1.34743 1.38959 1.45323 1.54419 1.64544 1.65343 1.65343 1.65343 1.65343 1.65343 1.67271 1.56638 1.39649 1.56660 1.73697 1.90180 1.94917 1.94917 1.94917 1.94917 1.94917 1.94917 1.94917 1.94917 1.94917
0.00000 1.31266 1.31266 1.31266 1.31266 1.31266 1.31266 1.31266 1.31266 1.39799 1.37123 1.28746 1.20549 1.13514 1.13691 1.14696 1.14735 1.14735 1.14735 1.18061 1.29460 1.29460 1.29460 1.29460 1.29460 1.29460 1.29460 1.29460 1.29460 1.29460 1.29460 1.29460 1.29460 1.29460 1.29460 1.29460 1.33858 1.34441 1.34437 1.38074 1.44097 1.52619 1.63505 1.65343 1.65343 1.65343 1.65343 1.67567 1.88042 2.12669 2.37159 2.61810 2.84385 2.70266 1.94917 1.94917 1.94917 1.94917 1.94917 1.94917 1.94917 1.94917 1.94917 1.94917 1.94917 1.94917 1.94917
0.00000 0.00000 1.31266 1.31266 1.31266 1.31329 1.33288 1.36132 1.38975 1.31445 1.14549 1.14735 1.14735 1.14735 1.14735 1.14735 1.14735 1.14735 1.14735 1.14936 1.28491 1.29460 1.29460 1.29460 1.29460 1.29460 1.29460 1.29460 1.29460 1.29460 1.29460 1.29460 1.29460 1.29460 1.29585 1.38320 1.52253 1.53107 1.62089 1.65343 1.65343 1.65343 1.67901 1.88697 2.13348 2.37876 2.62475 2.84830 2.88908 2.88908 2.88908 2.88908 2.88908 2.88259 2.02651 1.94917 1.94917 1.94917 1.94917 1.94917 1.94917 1.94917 1.94917 1.94917 1.94917 1.94917 1.94917
0.00000 0.00000 1.35253 1.38187 1.41031 1.43809 1.44694 1.44694 1.44694 1.44201 1.16173 1.14735 1.14735 1.14735 1.14735 1.14735 1.14735 1.14735 1.14735 1.14735 1.24595 1.29460 1.29460 1.29460 1.29460 1.29460 1.29460 1.29460 1.29460 1.29460 1.29460 1.34767 1.48633 1.62602 1.76457 1.81702 1.81696 1.74292 1.89438 2.14028 2.38617 2.63145 2.85238 2.88908 2.88908 2.88908 2.88908 2.88908 2.88908 2.88908 2.88908 2.88908 2.88908 2.88908 2.27704 1.94917 1.94917 1.94917 1.94917 1.94917 1.92804 1.80247 1.83355 1.94917 1.94917 1.94917 1.94917
