High_resolution/powerplant/Shangrao/OMI_NO2_200608.asc
ncols      200
nrows      200
xllcorner       115.451
yllcorner       27.0350
cellsize     0.0166667
NODATA_Value      -999.000
[rows 150 to 179 of 200, columns 66 to 131 of 200]
1.44119 1.44816 1.45024 1.45568 1.46591 1.47055 1.41259 1.41420 1.25047 1.17188 1.41147 1.37591 1.32377 1.32416 1.32455 1.32878 1.28313 1.23486 1.23562 1.24131 1.24699 1.25268 1.26399 1.29458 1.32559 1.32908 1.16140 1.15468 1.16874 1.16882 1.17300 1.17375 1.15887 1.13737 1.11589 1.34567 1.65137 1.58832 1.52156 1.45479 1.61106 1.74673 1.74673 1.74686 2.29073 2.37102 2.37102 2.37102 2.37102 2.37102 2.37102 2.53865 3.12042 3.12042 3.12042 3.12042 3.12042 3.12042 3.12042 3.12042 3.12042 0.00000 0.00000 0.00000 0.00000 0.00000
1.45724 1.47317 1.48340 1.48816 1.48841 1.48910 1.43572 1.41737 1.32069 1.14982 1.35156 1.37759 1.34643 1.35095 1.35548 1.36630 1.37208 1.34510 1.36653 1.39588 1.42580 1.46246 1.49532 1.50657 1.51556 1.48573 1.28280 1.15465 1.16280 1.14130 1.11618 1.06172 1.01505 0.974986 0.934926 1.03928 1.32628 1.38368 1.38368 1.38368 1.50662 1.74673 1.74673 1.74673 2.11816 2.37102 2.37102 2.37102 2.37102 2.37102 2.37102 2.39957 3.09900 3.12042 3.12042 3.12042 3.12042 3.12042 3.12042 3.12042 3.12042 0.00000 0.00000 0.00000 0.00000 0.00000
1.49473 1.50392 1.50282 1.49503 1.48698 1.47848 1.43800 1.38400 1.33309 1.10191 1.23314 1.38994 1.47078 1.49761 1.52331 1.54288 1.55326 1.50207 1.49884 1.50801 1.51660 1.51849 1.51849 1.51849 1.51814 1.51614 1.35907 1.12911 0.975006 0.934926 0.898471 0.891861 0.891861 0.891861 0.891861 0.981821 1.26072 1.38368 1.38368 1.38368 1.43192 1.74673 1.74673 1.74673 1.94537 2.37102 2.37102 2.37102 2.37102 2.37102 2.37102 2.37102 2.82268 3.12042 3.12042 3.12042 3.12042 3.12042 3.12042 3.12042 3.12042 3.12042 0.00000 0.00000 0.00000 0.00000
1.48139 1.45874 1.45141 1.45690 1.46242 1.46793 1.46514 1.40364 1.40436 1.16336 1.20570 1.42745 1.53815 1.55347 1.56150 1.56952 1.59190 1.53714 1.51849 1.51849 1.51872 1.53094 1.54933 1.56772 1.58641 1.60473 1.49489 1.25632 0.934871 0.891861 0.891861 0.891861 0.891861 0.891861 0.891861 0.936542 1.20308 1.38368 1.38368 1.38368 1.38557 1.71067 1.74673 1.74673 1.78320 2.36040 2.37102 2.37102 2.37102 2.36987 2.41015 2.48874 2.67907 2.74146 2.66833 2.88312 3.12042 3.12042 3.12042 3.12042 3.12042 3.12042 0.00000 0.00000 0.00000 0.00000
1.44155 1.48799 1.47157 1.46824 1.46491 1.46157 1.46092 1.38948 1.37938 1.23091 1.17770 1.40625 1.56193 1.57743 1.57743 1.57745 1.59378 1.58527 1.56747 1.58455 1.60271 1.60887 1.60887 1.60887 1.60887 1.60887 1.53520 1.33482 1.03039 0.891861 0.891861 0.891861 0.891861 0.891861 0.896399 0.914248 1.15191 1.37295 1.37026 1.36767 1.36520 1.53729 1.63609 1.62629 1.61693 1.95635 2.06718 2.09295 2.12329 2.16041 2.17722 2.17722 2.17722 2.17438 2.10339 2.26636 3.12042 3.12042 3.12042 0.00000 0.00000 0.00000 0.00000 0.00000 0.00000 0.00000
1.38380 1.47677 1.45462 1.45462 1.43512 1.38666 1.33792 1.35313 1.40647 1.30863 1.17527 1.35806 1.56522 1.61778 1.63389 1.64996 1.65699 1.65969 1.61446 1.60887 1.61295 1.62075 1.62857 1.63639 1.64422 1.65203 1.62641 1.47228 1.19966 0.995688 1.00354 1.01322 1.02278 1.03215 1.03712 1.03603 1.10546 1.29286 1.30086 1.29731 1.29487 1.36349 1.45889 1.43938 1.41687 1.60781 1.83253 1.81992 1.79955 1.70710 1.58537 1.44688 1.28889 1.11705 1.22980 1.23402 0.00000 0.00000 0.00000 0.00000 0.00000 0.00000 0.00000 0.00000 0.00000 0.00000
1.33252 1.40497 1.33652 1.28704 1.25778 1.25720 1.26014 1.31387 1.44050 1.41435 1.26619 1.37784 1.56575 1.64070 1.63975 1.63758 1.63541 1.67571 1.71762 1.71539 1.71913 1.71913 1.71913 1.71913 1.71913 1.71913 1.71274 1.55118 1.35736 1.05263 1.01806 1.01770 1.01770 1.01974 1.02477 1.02983 1.08022 1.23170 1.28062 1.26901 1.25403 1.24920 1.32722 1.32250 1.28827 1.31281 1.40208 1.25136 1.08858 1.05454 1.05454 1.05454 1.05454 1.05454 1.18173 1.23402 1.23402 0.00000 0.00000 0.00000 0.00000 0.00000 0.00000 0.00000 0.00000 0.00000
1.12006 1.20162 1.25884 1.26962 1.28804 1.30589 1.31937 1.32351 1.45394 1.45675 1.26918 1.31136 1.51007 1.62030 1.62811 1.62757 1.62699 1.65192 1.73367 1.71417 1.69713 1.67959 1.66280 1.64681 1.63078 1.61452 1.59511 1.49327 1.45076 1.15820 1.06270 1.06388 1.07074 1.07555 1.07432 1.05431 1.05926 1.15714 1.21295 1.18148 1.14296 1.10060 1.12261 1.06483 1.05454 1.05454 1.05454 1.05454 1.05454 1.05454 1.05454 1.05454 1.05454 1.05454 1.13668 1.23402 1.23402 0.00000 0.00000 0.00000 0.00000 0.00000 0.00000 0.00000 0.00000 0.00000
1.21519 1.22810 1.33670 1.31986 1.31906 1.31830 1.31812 1.31812 1.41515 1.46486 1.32760 1.30053 1.48811 1.65404 1.65583 1.65192 1.64801 1.65039 1.75567 1.60578 1.59462 1.58500 1.57459 1.56159 1.53955 1.51650 1.50085 1.46661 1.48562 1.24632 1.09330 1.06024 1.03364 1.00064 0.940272 0.894687 0.865598 0.946425 1.00435 0.996691 0.996691 0.996691 1.03225 1.05454 1.05454 1.05454 1.05454 1.05454 1.05454 1.05454 1.05454 1.05454 1.05454 1.05454 1.10316 1.23402 1.23402 0.00000 0.00000 0.00000 0.00000 0.00000 0.00000 0.00000 0.00000 0.00000
1.23382 1.21088 1.38534 1.37111 1.37669 1.38205 1.38620 1.39030 1.45526 1.55149 1.44697 1.33464 1.53912 1.70004 1.63675 1.62556 1.61440 1.60322 1.68721 1.56026 1.52446 1.52682 1.53220 1.53916 1.55444 1.57042 1.51398 1.45839 1.44043 1.22297 0.908593 0.850698 0.802129 0.754984 0.747305 0.747305 0.747674 0.862581 0.996405 0.996691 0.996691 0.996691 1.01759 1.05454 1.05454 1.05454 1.05454 1.05454 1.05454 1.05454 1.05454 1.05454 1.05454 1.05454 1.07725 1.23402 1.23402 0.00000 0.00000 0.00000 0.00000 0.00000 0.00000 0.00000 0.00000 0.00000
1.15522 1.17700 1.34083 1.38858 1.38710 1.39836 1.41753 1.43681 1.47131 1.63222 1.60389 1.47410 1.63612 1.72031 1.64212 1.64933 1.65277 1.65603 1.71973 1.67806 1.63141 1.63392 1.63392 1.62357 1.56610 1.49741 1.33984 1.19195 1.12059 1.04860 0.758379 0.747305 0.747305 0.747305 0.747305 0.747305 0.747305 0.829269 0.973447 0.996691 0.996691 0.996691 1.00552 1.05454 1.05454 1.05454 1.05454 1.05454 1.05454 1.05454 1.05454 1.05454 1.05454 1.05454 1.05800 1.22863 1.23402 0.00000 0.00000 0.00000 0.00000 0.00000 0.00000 0.00000 0.00000 0.00000
1.18274 1.20832 1.36120 1.48253 1.49116 1.48727 1.47679 1.46631 1.45584 1.57070 1.59212 1.60094 1.67371 1.79544 1.70431 1.67958 1.67950 1.67950 1.71013 1.69774 1.53875 1.47010 1.40143 1.34316 1.33198 1.33198 1.27938 1.14229 1.10966 1.10842 0.839535 0.746405 0.747305 0.747305 0.747305 0.747305 0.747305 0.804146 0.939852 0.995666 0.990830 0.985386 0.980305 1.02320 1.01937 1.01089 1.00166 0.991631 0.980754 0.968737 0.955675 0.937924 0.889584 0.838867 0.792820 0.623505 0.534931 0.534931 0.534931 0.00000 0.00000 0.00000 0.00000 0.00000 0.00000 0.00000
1.20682 1.17400 1.25109 1.42355 1.42551 1.42551 1.42572 1.44097 1.46554 1.52428 1.54838 1.56324 1.60998 1.77197 1.69410 1.61751 1.55702 1.48835 1.42349 1.43451 1.33198 1.33198 1.33198 1.33198 1.33198 1.33387 1.32519 1.15418 1.13398 1.16189 0.956649 0.792416 0.804381 0.811989 0.819598 0.830598 0.843594 0.839051 0.824114 0.928879 0.939064 0.950067 0.960863 1.02276 1.04798 1.01015 0.979818 0.955146 0.934232 0.916544 0.901552 0.890101 0.896593 0.907597 0.918392 0.758702 0.534931 0.534931 0.534931 0.00000 0.00000 0.00000 0.00000 0.00000 0.00000 0.00000
1.18689 1.15311 1.22693 1.39992 1.46663 1.49120 1.51558 1.52491 1.52491 1.52856 1.54297 1.55541 1.56242 1.64695 1.46883 1.38399 1.37540 1.37497 1.37454 1.46432 1.37528 1.37268 1.37649 1.38029 1.38410 1.38602 1.38602 1.23753 1.19288 1.19374 1.10992 0.943357 0.990744 0.996142 1.00155 1.00368 1.00385 1.00226 0.977291 1.18594 1.18982 1.19370 1.19758 1.11202 1.00159 1.00159 1.00159 1.00159 1.00159 1.00159 1.00159 1.00159 1.00159 1.00159 1.00159 0.878285 0.534931 0.534931 0.534931 0.00000 0.00000 0.00000 0.00000 0.00000 0.00000 1.16797
1.24123 1.23406 1.30614 1.42685 1.52251 1.52144 1.52015 1.51887 1.51230 1.48840 1.48076 1.46560 1.46878 1.57578 1.46079 1.37508 1.37193 1.37241 1.37517 1.45539 1.41809 1.38602 1.38570 1.38174 1.37676 1.37178 1.36680 1.26024 1.18048 1.16737 1.19708 1.00072 1.06884 1.08311 1.09798 1.11346 1.12938 1.14424 1.14659 1.20315 1.20315 1.20315 1.20315 1.15716 1.00159 1.00159 1.00159 1.00159 1.00159 1.00159 1.00159 1.00159 1.00159 1.00159 1.00159 0.944967 0.534931 0.534931 0.534931 0.00000 0.00000 0.00000 0.00000 0.00000 0.00000 1.16797
1.37164 1.31194 1.28652 1.35949 1.51387 1.49443 1.47008 1.44572 1.42666 1.42524 1.43684 1.44635 1.47191 1.55916 1.50885 1.38813 1.35955 1.34908 1.33661 1.36684 1.42412 1.43059 1.43035 1.42664 1.42391 1.42110 1.40705 1.29076 1.08673 1.07823 1.16394 0.983443 1.20381 1.20381 1.20381 1.20381 1.20381 1.20381 1.20347 1.20315 1.20315 1.20315 1.20315 1.19871 1.00977 1.00159 1.00159 1.00159 1.00159 1.00159 1.00159 1.00159 1.00159 1.00159 1.00159 0.993756 0.551704 0.534931 0.534931 0.00000 0.00000 0.00000 0.00000 0.00000 0.00000 0.00000
1.36586 1.34106 1.26895 1.31280 1.38916 1.39446 1.38968 1.39572 1.40578 1.40391 1.40337 1.41064 1.42351 1.42986 1.36280 1.24433 1.24768 1.23671 1.22574 1.23002 1.33992 1.39705 1.37275 1.33453 1.29355 1.23577 1.18517 1.13520 0.991860 1.01553 1.10752 0.980041 1.19875 1.20381 1.20381 1.20381 1.20381 1.20381 1.20361 1.20315 1.20315 1.20315 1.20315 1.20315 1.05486 1.00176 1.02393 1.05631 1.08355 1.10679 1.04881 1.00159 1.00159 1.00159 1.00159 1.00159 0.681964 0.534931 0.534931 0.534931 0.00000 0.00000 0.00000 0.00000 0.00000 0.00000
1.49021 1.49593 1.37073 1.30092 1.34845 1.40065 1.39907 1.38462 1.35671 1.32431 1.29735 1.28943 1.27862 1.26183 1.20753 1.15049 1.16077 1.13969 1.09774 1.03998 1.09397 1.10119 1.04980 1.02111 0.995410 0.991718 0.972106 0.968138 0.973224 0.993563 1.13853 1.23998 1.15291 1.20381 1.20381 1.20381 1.20381 1.20381 1.20373 1.20315 1.20324 1.21417 1.23015 1.24359 1.18252 1.12675 1.13420 1.13420 1.13420 1.13420 1.08696 0.992107 0.994299 1.00159 1.00159 1.00311 0.834185 0.682997 0.738903 0.971439 1.20805 0.471768 0.472133 0.502352 0.519926 0.537458
1.61376 1.52007 1.32485 1.19811 1.18585 1.24571 1.21720 1.19171 1.17566 1.17777 1.18039 1.19837 1.16663 1.05549 1.00164 0.862383 0.868451 0.832268 0.816358 0.816358 0.904803 0.984179 1.00964 1.01546 1.02058 1.02582 1.05057 1.05967 1.05967 1.06088 1.14923 1.25599 1.16589 1.20381 1.20381 1.20387 1.21128 1.22261 1.23276 1.25420 1.26490 1.26857 1.26857 1.26857 1.23589 1.13420 1.12698 1.11272 1.10380 1.09880 1.08573 1.01539 1.03494 1.07421 1.08334 1.08880 1.02367 0.883620 0.810175 0.768234 0.657056 0.611620 0.649233 0.681110 0.710073 0.626406
1.61904 1.37713 1.20964 1.09795 1.07700 1.18123 1.19223 1.19247 1.19247 1.19063 1.16714 1.14299 1.09306 0.864687 0.853848 0.788524 0.805892 0.836805 0.869176 0.877142 0.941841 1.04743 1.06035 1.05967 1.05967 1.05967 1.05967 1.05967 1.05967 1.05967 1.10504 1.25020 1.17628 1.18227 1.20542 1.22373 1.22271 1.21809 1.21348 1.24855 1.26824 1.26506 1.24609 1.22372 1.20093 1.10263 1.10414 1.10545 1.10141 1.09487 1.08818 1.00830 0.986494 0.995446 0.983260 0.980630 0.957889 0.889301 0.875253 0.821921 0.809387 0.742392 0.743206 0.744005 0.744788 0.712974
1.65284 1.46809 1.25086 1.12104 1.08176 1.14758 1.16592 1.13609 1.10627 1.07829 1.07197 1.07235 1.07855 0.898327 0.882683 0.861884 0.904312 0.915066 0.894348 0.898053 0.928927 1.00695 1.03909 1.03601 1.03294 1.02986 1.02678 1.02370 1.02063 1.01755 1.04244 1.17409 1.16211 0.999701 1.07367 1.13238 1.13162 1.12910 1.11818 1.12977 1.14944 1.15448 1.16824 1.18731 1.20793 1.05317 1.00323 0.999503 0.998967 1.00068 1.00503 0.948553 0.907767 0.917638 0.929206 0.931239 0.930385 0.908999 0.905305 0.822984 0.832488 0.750921 0.750921 0.750921 0.743662 0.716317
1.65284 1.53430 1.27295 1.08160 1.00177 1.01623 1.09286 1.09991 1.11623 1.13392 1.15167 1.15587 1.14395 0.989402 0.883937 0.881120 0.933589 0.968324 0.968324 0.968324 0.970490 0.979266 1.01601 1.01601 1.01601 1.01601 1.01483 1.01201 1.00919 1.00637 1.01632 1.13586 1.19932 1.02889 1.05908 1.12993 1.13198 1.13478 1.14422 1.16700 1.22936 1.26806 1.26806 1.26806 1.26870 1.13472 1.02868 1.04523 1.05773 1.06372 1.02347 0.996886 0.929059 0.929899 0.931239 0.931239 0.931239 0.912103 0.908622 0.826378 0.810628 0.702261 0.677982 0.660430 0.648878 0.648468
1.49733 1.40283 1.18552 1.12189 1.06562 1.07624 1.19039 1.19927 1.17348 1.14499 1.11646 1.10148 1.10304 1.02123 0.887698 0.901469 0.950812 1.02174 1.04240 1.05497 1.05801 1.00943 0.989858 0.989446 0.984481 0.981203 0.988359 0.998348 1.00812 1.01603 1.02299 1.11585 1.21619 1.10957 1.07843 1.12302 1.13193 1.13193 1.13193 1.13609 1.19627 1.27540 1.27846 1.28127 1.28345 1.22436 1.06233 1.06840 1.06840 1.06840 1.03218 1.01821 0.930653 0.929269 0.906614 0.867362 0.832485 0.806805 0.786999 0.743384 0.736332 0.679764 0.648468 0.648468 0.648468 0.648468
1.47981 1.48512 1.27557 1.17290 1.11391 1.09596 1.11183 1.09186 1.08528 1.08445 1.09442 1.10510 1.12172 1.11720 0.998327 1.01737 1.04121 1.03204 1.01001 1.01708 1.01888 1.00661 0.987156 1.02398 1.03562 1.04367 1.04162 1.03812 1.03462 1.03275 1.03275 1.07858 1.22576 1.17728 1.07779 1.11801 1.14579 1.15185 1.15755 1.16206 1.19654 1.28190 1.28367 1.28367 1.28367 1.27516 1.06461 1.06840 1.06831 1.06005 1.02006 0.979174 0.851935 0.800410 0.763099 0.758093 0.758093 0.765630 0.774629 0.754245 0.729384 0.706187 0.648468 0.648468 0.648468 0.648468
1.42242 1.40928 1.24865 1.07898 1.04840 1.04386 1.07406 1.12882 1.15524 1.17662 1.18927 1.20326 1.22234 1.23698 1.11035 1.11454 1.13013 1.10769 1.07078 1.07157 1.06929 1.05887 1.01013 1.03755 1.03408 1.03275 1.03275 1.03275 1.03665 1.07464 1.11622 1.18190 1.34353 1.31035 1.09688 1.13415 1.16253 1.16253 1.16253 1.16253 1.18521 1.26450 1.28367 1.28365 1.28080 1.27573 1.07530 1.01237 0.993588 0.985644 0.971326 0.929059 0.852211 0.788668 0.768889 0.758093 0.758093 0.762023 0.774629 0.777133 0.757932 0.779047 0.676728 0.683995 0.690947 0.697613
1.37320 1.37937 1.30095 1.19388 1.18866 1.19040 1.18806 1.24432 1.26047 1.27403 1.28273 1.27973 1.26592 1.25137 1.17855 1.15753 1.15705 1.13411 1.06624 1.06352 1.06062 1.04973 1.01090 1.03275 1.03293 1.05752 1.09812 1.13867 1.17535 1.17792 1.17691 1.18928 1.30101 1.35607 1.11289 1.12409 1.16085 1.16253 1.16250 1.15843 1.16581 1.22838 1.26417 1.25758 1.25474 1.25474 1.10568 0.982697 0.985685 0.988134 0.990826 0.939263 0.928792 0.831872 0.868183 0.904519 0.940854 0.976387 0.980802 1.01258 0.965205 0.951979 0.720959 0.740772 0.778453 0.816066
1.39199 1.38946 1.35092 1.28510 1.25193 1.21721 1.17046 1.18786 1.18616 1.16802 1.15529 1.15489 1.15724 1.16488 1.15176 1.14903 1.14660 1.14214 1.06497 1.06020 1.05727 1.05893 1.06288 1.12023 1.16095 1.17691 1.17691 1.17691 1.17691 1.17691 1.17691 1.17833 1.26627 1.36045 1.18321 1.11743 1.13091 1.12715 1.11477 1.10737 1.11330 1.18936 1.25474 1.25474 1.23793 1.21708 1.10815 1.01319 1.22465 1.28159 1.33004 1.33379 1.34423 1.10992 1.12053 1.14491 1.16929 1.19922 1.21755 1.26640 1.23533 1.18695 0.963209 0.916031 0.916438 0.916852
1.21379 1.19029 1.18679 1.17668 1.14989 1.12746 1.09926 1.11918 1.15763 1.17051 1.18434 1.19817 1.20965 1.20669 1.14731 1.14573 1.14453 1.14390 1.10705 1.11447 1.14893 1.17191 1.16255 1.15583 1.16630 1.16329 1.16029 1.15727 1.15427 1.15002 1.14407 1.14926 1.20466 1.32966 1.26680 1.15660 1.15139 1.05339 1.02987 1.00635 0.985143 1.03389 1.06683 1.02786 0.967052 0.913931 0.843197 1.01919 1.54318 1.57571 1.60824 1.59277 1.56408 1.38140 1.35007 1.41131 1.47265 1.52832 1.53844 1.53844 1.44188 1.26193 0.972273 0.848183 0.842917 0.837725
1.19123 1.18691 1.18691 1.18276 1.15774 1.15014 1.14152 1.14968 1.20845 1.20587 1.20193 1.19709 1.19212 1.18886 1.16295 1.17870 1.21133 1.23447 1.17844 1.12996 1.12621 1.12357 1.12833 1.11835 1.13386 1.13908 1.15692 1.17333 1.18826 1.20611 1.23832 1.26312 1.30019 1.31599 1.27963 1.06192 1.04965 0.857381 0.815508 0.770239 0.723231 0.687326 0.670168 0.631657 0.624608 0.624608 0.624608 0.908505 1.67102 1.71442 1.75672 1.81410 1.96478 1.76736 1.53844 1.53844 1.53844 1.53844 1.53844 1.53844 1.48024 1.28042 1.00632 0.853463 0.875628 0.897792
1.19968 1.18203 1.19730 1.20918 1.18834 1.15602 1.13064 1.10192 1.14973 1.15793 1.17609 1.21238 1.24874 1.28342 1.26283 1.22760 1.22760 1.22759 1.18835 1.10991 1.10176 1.09171 1.13835 1.19141 1.24612 1.26788 1.27982 1.29159 1.30335 1.30838 1.29759 1.28569 1.29443 1.22063 1.16140 0.945546 0.821757 0.583884 0.523340 0.523340 0.523340 0.507566 0.584968 0.670581 0.713212 0.755506 0.797799 0.973509 1.72520 1.83686 1.83686 1.83697 1.95586 1.90174 1.53850 1.53844 1.53849 1.55683 1.59013 1.62334 1.63790 1.43949 1.19546 0.957659 0.974135 0.993560
