High_resolution/powerplant/Shangrao/OMI_NO2_200509.asc
ncols      200
nrows      200
xllcorner       115.451
yllcorner       27.0350
cellsize     0.0166667
NODATA_Value      -999.000
[rows 150 to 179 of 200, columns 66 to 131 of 200]
1.36011 1.34913 1.32519 1.36315 1.55515 1.51064 1.51358 1.51655 1.51951 1.51910 1.50504 1.50779 1.51053 1.51333 1.47354 1.35622 1.37892 1.39632 1.40300 1.40973 1.41649 1.17838 0.871235 0.871235 0.871235 0.871171 0.869270 0.870030 0.858180 0.839697 0.899100 1.09509 1.63975 2.02549 2.02549 2.02549 2.02549 2.02549 2.02549 2.02549 2.02549 2.02549 2.02549 2.02549 2.02549 2.02549 1.64101 1.61239 1.61239 1.58883 1.51503 1.48769 1.46354 1.44205 1.43248 1.41974 1.38534 1.08351 1.06196 1.07004 1.07004 1.07004 1.05043 1.00542 0.939192 0.877112
1.49703 1.52083 1.51241 1.58121 1.67210 1.56405 1.56065 1.56065 1.56065 1.56056 1.54646 1.54553 1.54553 1.53848 1.46828 1.37827 1.39926 1.42536 1.42898 1.43295 1.43610 1.28653 0.857170 0.838490 0.821277 0.805446 0.792233 0.777934 0.772103 0.772103 0.783502 0.949838 1.49777 2.02549 2.02549 2.02549 2.02549 2.02549 2.02549 2.02549 2.02549 2.02549 2.02549 2.02549 2.02549 2.02549 1.70319 1.61239 1.61239 1.58647 1.43270 1.42434 1.39152 1.35702 1.32249 1.30073 1.30040 1.17163 1.07004 1.07004 1.07004 1.07004 1.06248 1.00542 0.972425 0.877112
1.61831 1.61750 1.56558 1.57488 1.67185 1.59076 1.56065 1.56065 1.55870 1.52136 1.45960 1.40491 1.35423 1.31051 1.29387 1.31045 1.38657 1.33118 1.30198 1.27269 1.24549 1.20778 0.774132 0.772103 0.772103 0.772103 0.772103 0.772103 0.772103 0.772103 0.779253 0.889680 1.29909 1.97346 2.02549 2.02549 2.02549 2.02549 2.02549 2.02549 2.02549 2.02549 2.02549 2.02549 2.02549 2.02549 1.78583 1.60557 1.55991 1.50814 1.34299 1.30209 1.30040 1.30040 1.30040 1.30040 1.30040 1.24200 1.07004 1.07004 1.07004 1.07004 1.06980 1.01188 1.00138 0.881375
1.61648 1.61392 1.57193 1.55313 1.62564 1.52729 1.42229 1.36960 1.31751 1.30073 1.28938 1.27886 1.27548 1.27218 1.27083 1.26760 1.36673 1.23894 1.23482 1.23470 1.23470 1.23470 0.855598 0.772103 0.772103 0.772103 0.772103 0.772103 0.772103 0.772103 0.775535 0.841090 1.13449 1.82497 2.02549 2.02549 2.02549 2.02549 2.02549 2.02549 2.02549 2.02549 2.02549 2.01951 1.93847 1.83493 1.65122 1.42039 1.41426 1.41426 1.33764 1.30040 1.30040 1.30040 1.30040 1.30040 1.30040 1.29657 1.08578 1.07004 1.07004 1.07004 1.07004 1.03016 1.00542 0.910599
1.53973 1.48025 1.41117 1.35842 1.39784 1.36550 1.28834 1.28626 1.28626 1.28626 1.28142 1.27017 1.26855 1.26692 1.26541 1.25724 1.34280 1.26331 1.21116 1.20026 1.23470 1.23470 0.968328 0.772103 0.772103 0.772103 0.772103 0.772103 0.772103 0.772103 0.772570 0.800742 1.00845 1.66020 2.02549 2.02549 2.02549 2.02549 2.02549 2.02406 1.95642 1.85284 1.74930 1.65174 1.62924 1.62924 1.62570 1.42112 1.41426 1.41426 1.36741 1.30040 1.30040 1.30040 1.30040 1.30040 1.30040 1.30040 1.15235 1.07004 1.06964 1.06601 1.06145 1.03516 1.00542 0.943811
1.27796 1.27867 1.28834 1.32730 1.36909 1.39025 1.29859 1.28571 1.28411 1.28249 1.27854 1.24782 1.22511 1.20339 1.18269 1.15805 1.17181 1.13227 1.08004 1.11374 1.27119 1.23470 1.07016 0.772103 0.772103 0.772103 0.772103 0.772103 0.772103 0.772103 0.772103 0.784697 0.951968 1.39570 2.02549 2.02549 1.97433 1.87079 1.76725 1.66514 1.62924 1.62924 1.62924 1.62924 1.62924 1.62924 1.62924 1.44987 1.41426 1.41426 1.40648 1.30574 1.30859 1.31252 1.31673 1.32156 1.33217 1.34459 1.23324 1.02982 1.02645 1.02872 1.03207 1.03493 1.03578 0.987566
1.27489 1.27867 1.27918 1.32415 1.34114 1.37568 1.24527 1.19928 1.17900 1.15962 1.14155 1.12448 1.12460 1.13859 1.15493 1.16824 1.19259 1.23959 1.17987 1.18044 1.30493 1.23171 1.13127 0.772103 0.772103 0.772103 0.772103 0.772103 0.772103 0.770798 0.767947 0.772151 0.878293 1.14829 1.79734 1.71712 1.68066 1.68520 1.68954 1.69369 1.69179 1.67735 1.66460 1.65374 1.64440 1.63621 1.62903 1.63233 1.67887 1.70740 1.72778 1.53213 1.50387 1.50811 1.51231 1.51629 1.51735 1.52364 1.34476 1.10664 1.10219 1.10378 1.09455 1.07887 1.06159 1.03703
1.22497 1.21694 1.20206 1.22084 1.23242 1.30503 1.16249 1.14206 1.14699 1.14454 1.14213 1.13711 1.13515 1.12261 1.10720 1.09159 1.06957 1.09921 0.994997 0.975628 1.02181 0.968764 0.906966 0.732159 0.718508 0.715631 0.712787 0.709936 0.707771 0.711235 0.716854 0.731523 0.836818 0.988218 1.63940 1.67031 1.65968 1.64983 1.64071 1.63224 1.62647 1.62623 1.62623 1.62623 1.62623 1.62623 1.62623 1.64707 1.73969 1.73969 1.73969 1.60968 1.55593 1.58584 1.61968 1.65829 1.70277 1.73671 1.43268 1.11094 1.06268 1.04589 1.04101 1.04101 1.04101 1.04101
1.12527 1.12886 1.10432 1.09919 1.10001 1.00066 0.973482 0.982440 0.975309 0.975309 0.975309 0.985844 0.997045 0.997045 0.997045 0.997045 0.992872 1.02229 0.959113 0.937042 0.971333 0.993566 0.893192 0.760308 0.708345 0.727021 0.747631 0.768231 0.788107 0.803719 0.818688 0.844243 1.01238 1.07372 1.46859 1.62623 1.62623 1.62623 1.62623 1.62623 1.62623 1.62623 1.62623 1.62623 1.62623 1.62623 1.62623 1.62932 1.73640 1.73969 1.73969 1.73969 1.73969 1.73969 1.66926 1.52108 1.37295 1.22630 1.01799 0.952100 1.04101 1.04101 1.04101 1.04101 1.04101 1.04101
1.00032 0.992085 0.990544 0.999574 1.03917 0.960107 0.933139 0.975675 0.975309 0.975309 0.975309 0.981949 1.00671 1.01935 1.03209 1.04481 1.04635 1.03043 0.975974 0.955617 0.973596 1.07512 0.963148 0.902123 0.829433 0.831356 0.831356 0.831356 0.831356 0.831356 0.831356 0.831356 0.980221 1.06055 1.33576 1.62623 1.62623 1.62623 1.62623 1.62623 1.62623 1.62623 1.62623 1.62623 1.62623 1.62623 1.62623 1.62623 1.70647 1.70348 1.61571 1.48307 1.39815 1.24991 1.17221 1.17216 1.17216 1.17216 1.07555 0.905495 1.04071 1.04101 1.04101 1.04101 1.04101 1.04101
0.978885 0.987313 0.990544 0.991071 1.03736 0.994357 0.918645 0.990044 1.00070 1.01343 1.02210 1.02191 1.03148 1.01738 1.00313 0.988894 0.966211 0.938381 0.943425 1.00396 1.00721 1.10946 1.01673 0.952464 0.831356 0.831356 0.831356 0.831356 0.831356 0.831356 0.831356 0.831356 0.938818 1.04240 1.20432 1.62481 1.62623 1.62623 1.62623 1.62623 1.62623 1.62623 1.62623 1.62570 1.60584 1.57909 1.53862 1.44432 1.34730 1.23658 1.16980 1.16803 1.17199 1.17216 1.17216 1.17216 1.17216 1.17216 1.13291 0.887184 1.01210 1.04101 1.04101 1.04101 1.04101 1.04101
1.01531 1.00785 1.00889 1.02406 1.05903 1.04456 0.917824 0.980166 0.969070 0.954855 0.944646 0.944235 0.962910 0.966218 0.968579 0.971423 0.971981 0.950226 0.937433 1.00730 1.00896 1.07659 1.05622 0.983464 0.831723 0.831356 0.831356 0.831356 0.831356 0.831356 0.831356 0.831356 0.897447 1.02686 1.11265 1.58375 1.62623 1.62623 1.62558 1.60527 1.57858 1.55511 1.52540 1.44267 1.36395 1.28989 1.23070 1.22576 1.21037 1.16791 1.16791 1.16791 1.17069 1.17216 1.17216 1.17216 1.17216 1.17216 1.17119 0.906201 0.965214 1.04101 1.04101 1.04101 1.04101 1.04101
1.12734 1.12345 1.11747 1.12648 1.06992 1.00353 0.878295 0.912342 0.942719 0.944265 0.946066 0.948913 0.965911 0.976092 0.976664 0.976927 0.977193 0.955167 0.941262 0.992654 1.01089 1.04379 1.07399 0.994623 0.858714 0.831356 0.831356 0.831356 0.831356 0.831356 0.831356 0.831356 0.856054 1.01376 1.09916 1.49610 1.55469 1.53356 1.51178 1.45067 1.37658 1.30249 1.23640 1.22576 1.22576 1.22576 1.22576 1.22576 1.22154 1.16799 1.16791 1.16791 1.16947 1.17216 1.17216 1.17216 1.17216 1.17216 1.17216 0.962702 0.918279 1.04101 1.04101 1.04101 1.04101 1.03551
1.20747 1.17021 1.12798 1.12739 1.10285 1.00366 0.909485 0.891709 0.943593 0.954380 0.955688 0.955954 0.965843 0.978223 0.978399 0.977637 0.963552 0.927183 0.888309 0.884201 0.900312 0.887612 0.994227 0.994623 0.898691 0.831356 0.831356 0.831356 0.831376 0.853287 0.891549 0.926296 0.958181 1.11690 1.20401 1.44292 1.39494 1.31211 1.23888 1.21805 1.21564 1.21331 1.21090 1.20855 1.20405 1.19236 1.18017 1.16791 1.15571 1.12622 1.12280 1.11968 1.11355 1.09029 1.08552 1.08078 1.07606 1.07128 1.06657 0.783888 0.522678 0.646762 0.650490 0.637797 0.637168 0.719682
1.21340 1.18511 1.14774 1.14585 1.15172 1.03982 0.972664 0.891226 0.942844 0.955644 0.947915 0.928124 0.912976 0.914901 0.900683 0.886691 0.888882 0.885708 0.874222 0.874949 0.949891 0.959304 1.07909 1.11659 1.04726 0.934399 0.971032 1.00443 1.03500 1.05021 1.05346 1.06574 1.09507 1.22020 1.36034 1.48141 1.21752 1.13047 1.12062 1.11075 1.10090 1.09105 1.08121 1.07134 1.06361 1.06305 1.06305 1.06305 1.06305 1.07237 1.07965 1.07965 1.07951 1.04489 1.03977 1.03977 1.03977 1.03977 1.03977 0.848066 0.483636 0.700726 0.856693 1.03501 1.17585 1.23766
1.26302 1.24055 1.18970 1.16724 1.16909 1.09493 1.05053 0.994303 0.912049 0.894097 0.896014 0.901767 0.910532 0.986146 0.987300 0.987300 0.987300 0.983096 0.957273 0.952833 1.05105 1.07215 1.16738 1.24666 1.22320 1.07464 1.08525 1.10092 1.14331 1.19267 1.24504 1.29053 1.31927 1.33972 1.33729 1.37254 1.25590 1.06305 1.06305 1.06305 1.06305 1.06305 1.06305 1.06305 1.06305 1.06305 1.05457 1.03754 1.02159 1.00591 0.986688 0.984199 1.07965 1.05799 1.03977 1.03977 1.04643 1.25928 1.53290 1.70285 1.51993 1.49351 1.31098 1.31115 1.31115 1.31115
1.29046 1.30640 1.28099 1.26079 1.28076 1.21668 1.13558 1.08635 0.945578 0.892700 0.908779 0.908779 0.908779 0.972970 0.989972 1.01098 1.03533 1.05952 1.07347 1.08447 1.13445 1.16670 1.22928 1.36296 1.40272 1.29406 1.33471 1.37943 1.38659 1.38659 1.38659 1.38659 1.38659 1.37712 1.34061 1.35012 1.37159 1.06305 1.06211 1.04847 1.03183 1.01622 1.00153 0.987700 0.974667 0.962353 0.956131 0.956131 0.956131 0.954166 0.941848 0.941624 1.03111 1.14280 1.53026 1.74283 1.92248 1.97247 1.97247 1.97143 1.61543 1.57996 1.32363 1.31115 1.31115 1.31115
1.40033 1.39878 1.35370 1.28368 1.28351 1.25574 1.13747 1.09719 0.997535 0.885299 0.923784 0.948792 0.972998 1.04650 1.11668 1.14241 1.16481 1.18730 1.23959 1.27212 1.26629 1.28538 1.32249 1.53611 1.54375 1.43067 1.38659 1.38659 1.38659 1.38659 1.38659 1.38659 1.38659 1.38581 1.34267 1.34061 1.43482 1.05642 0.958807 0.956131 0.956131 0.956131 0.956131 0.956131 0.956131 0.956131 0.955416 0.933919 0.903039 0.912387 0.976220 1.06502 1.31296 1.52033 1.97062 1.97247 1.97247 1.97247 1.97247 1.97247 1.69115 1.58868 1.39888 1.31115 1.31115 1.31115
1.40033 1.40033 1.37126 1.29252 1.28182 1.29213 1.18153 1.18108 1.16829 1.07852 1.10802 1.12815 1.15066 1.20319 1.25481 1.25481 1.26008 1.27838 1.31654 1.36080 1.34016 1.33422 1.33422 1.50300 1.54375 1.46716 1.38659 1.38659 1.38659 1.38659 1.38659 1.38659 1.38659 1.38659 1.35263 1.34061 1.41525 1.18783 0.956131 0.956131 0.956131 0.955199 0.932987 0.902216 0.871228 0.867082 0.935011 1.02763 1.12962 1.19129 1.22106 1.23653 1.32238 1.47257 1.88149 1.97247 1.97247 1.97247 1.97247 1.97247 1.76791 1.58868 1.48281 1.31115 1.31176 1.40626
1.39851 1.38719 1.39794 1.40334 1.39788 1.41520 1.40445 1.38744 1.34113 1.21609 1.18832 1.17629 1.17844 1.20988 1.29220 1.31111 1.32475 1.32807 1.35637 1.41703 1.42131 1.44657 1.47911 1.53014 1.54359 1.50025 1.38659 1.38659 1.38659 1.38659 1.38659 1.38659 1.38659 1.38659 1.36336 1.34061 1.39338 1.33299 0.907671 0.870374 0.839479 0.825284 0.908427 1.01047 1.11265 1.18797 1.19188 1.19188 1.19188 1.19188 1.21041 1.23653 1.27112 1.47257 1.74440 1.97247 1.97247 1.97247 1.97048 1.95151 1.80931 1.55829 1.52743 1.30265 1.29878 1.40030
1.34359 1.34222 1.37063 1.47788 1.41537 1.41537 1.41072 1.39879 1.35304 1.24726 1.19717 1.24394 1.28282 1.30924 1.41322 1.44237 1.46975 1.49483 1.49902 1.54143 1.52385 1.50958 1.50768 1.49928 1.50243 1.53036 1.38659 1.38659 1.38659 1.38659 1.38659 1.38670 1.39972 1.42144 1.43065 1.41891 1.46967 1.52350 0.925855 0.993447 1.09544 1.18179 1.19188 1.19188 1.19195 1.19283 1.19386 1.19491 1.19717 1.20396 1.21872 1.24468 1.24693 1.43369 1.55906 1.84781 1.83359 1.82006 1.80836 1.80724 1.77662 1.59096 1.59538 1.43820 1.39610 1.45815
1.34222 1.34222 1.34231 1.48372 1.42213 1.43478 1.44477 1.44330 1.40862 1.40466 1.37206 1.40061 1.40689 1.40507 1.46861 1.48122 1.47451 1.46827 1.46312 1.49431 1.50505 1.48146 1.48952 1.48742 1.48588 1.53005 1.38165 1.36212 1.37908 1.39611 1.41308 1.42995 1.43394 1.42906 1.40358 1.32532 1.30127 1.47429 1.30796 1.22099 1.22823 1.23545 1.24268 1.24991 1.25705 1.26343 1.26961 1.27579 1.28076 1.28119 1.28066 1.26517 1.26476 1.38339 1.46090 1.81012 1.82376 1.82376 1.82376 1.82376 1.82335 1.66191 1.64933 1.53624 1.36527 1.33239
1.38878 1.40279 1.41682 1.53706 1.50528 1.48349 1.46905 1.43928 1.41492 1.42154 1.36089 1.36900 1.38030 1.37793 1.40361 1.42001 1.41822 1.41629 1.41367 1.43267 1.45376 1.43151 1.43695 1.45121 1.46570 1.51256 1.43937 1.38240 1.38241 1.37955 1.36059 1.32483 1.29377 1.26491 1.25404 1.29299 1.29780 1.50997 1.44483 1.28119 1.28119 1.28119 1.28119 1.28119 1.28119 1.28119 1.28119 1.28119 1.28119 1.28107 1.28030 1.26667 1.26213 1.33504 1.44884 1.71946 1.82376 1.82376 1.82376 1.81700 1.77100 1.57520 1.44908 1.32341 0.996039 0.983633
1.29527 1.27902 1.25867 1.28860 1.32918 1.29123 1.28336 1.28271 1.32926 1.39002 1.36420 1.35178 1.37641 1.37646 1.38833 1.40914 1.40914 1.40253 1.36559 1.33610 1.32619 1.36786 1.48742 1.48260 1.47736 1.49031 1.44152 1.31077 1.28309 1.25943 1.25019 1.25390 1.25392 1.25392 1.25392 1.30280 1.32654 1.46604 1.50101 1.29074 1.28119 1.28119 1.28084 1.27997 1.27910 1.27823 1.27736 1.27649 1.27562 1.27487 1.27477 1.26580 1.25833 1.29061 1.45203 1.64534 1.77273 1.71101 1.64198 1.57322 1.55825 1.43569 1.32568 1.32546 1.01171 0.963270
1.18842 1.17897 1.17374 1.18275 1.31357 1.27496 1.27496 1.27915 1.30713 1.38413 1.38093 1.35066 1.38073 1.36240 1.33297 1.32673 1.29004 1.25679 1.25395 1.25318 1.20191 1.23587 1.44453 1.44409 1.42718 1.41392 1.39058 1.25392 1.25392 1.25392 1.25392 1.25392 1.25392 1.25392 1.25387 1.27561 1.31407 1.36626 1.47244 1.27600 1.27616 1.27529 1.27477 1.27477 1.27477 1.27477 1.27477 1.27477 1.27477 1.27732 1.33057 1.39757 1.43319 1.47025 1.73334 1.70839 1.55825 1.55825 1.55825 1.55825 1.55825 1.48264 1.32568 1.32511 1.11774 0.960914
1.17372 1.17372 1.17186 1.15719 1.26161 1.29916 1.30770 1.31725 1.30903 1.37647 1.34269 1.23130 1.20419 1.21554 1.21021 1.24029 1.23693 1.23410 1.23409 1.22332 1.16683 1.14124 1.34885 1.39346 1.39346 1.39349 1.41342 1.25918 1.24629 1.23558 1.22544 1.21581 1.20666 1.19796 1.18972 1.19395 1.25774 1.26537 1.41314 1.29186 1.27477 1.27477 1.27477 1.27477 1.27751 1.33130 1.40424 1.47698 1.52494 1.54840 1.52217 1.47711 1.44426 1.43777 1.57329 1.63229 1.47859 1.44765 1.43817 1.42898 1.42009 1.38925 1.22553 1.22067 1.14924 0.947818
1.07716 1.06418 1.05302 1.05475 1.10694 1.22148 1.18231 1.13539 1.10120 1.18236 1.20451 1.13011 1.14028 1.19598 1.19598 1.21831 1.20842 1.18807 1.16772 1.15813 1.13567 1.11175 1.24588 1.34821 1.33223 1.34034 1.34609 1.22718 1.18647 1.18647 1.18647 1.18647 1.18647 1.18647 1.18647 1.18647 1.24859 1.23915 1.41135 1.32242 1.33130 1.40424 1.47718 1.55012 1.60592 1.58692 1.54842 1.50995 1.40255 1.39350 1.39350 1.39350 1.38181 1.37980 1.45468 1.55650 1.46342 1.39405 1.39405 1.39405 1.39405 1.39383 1.23420 1.23681 1.25423 1.02751
1.09072 1.10510 1.11884 1.12929 1.11137 1.09076 1.12372 1.12372 1.10148 1.15304 1.20491 1.15068 1.12553 1.15380 1.12742 1.11890 1.12151 1.10949 1.09630 1.08307 1.06372 1.04479 1.11273 1.28423 1.28583 1.31054 1.33157 1.25960 1.18647 1.18647 1.18647 1.18647 1.18647 1.18647 1.18654 1.19046 1.24206 1.25884 1.40698 1.44562 1.59529 1.59328 1.55478 1.51628 1.49225 1.49191 1.49191 1.49191 1.42171 1.39350 1.39350 1.39350 1.38761 1.39643 1.44680 1.61219 1.58628 1.50835 1.53069 1.55297 1.57535 1.59769 1.48553 1.43763 1.43639 1.25818
1.13011 1.13011 1.13011 1.13011 1.12984 1.07880 1.12372 1.11678 1.07959 1.07205 1.12453 1.09589 1.04349 1.03814 1.05085 1.07642 1.11089 1.12314 1.08711 1.06915 1.06787 1.04769 1.06466 1.28537 1.30724 1.32984 1.36701 1.33198 1.18957 1.19206 1.19773 1.20633 1.21496 1.22356 1.23210 1.23681 1.26815 1.30953 1.38732 1.44785 1.45744 1.48834 1.48633 1.46622 1.44142 1.41663 1.39184 1.36702 1.30528 1.24815 1.22745 1.20679 1.32446 1.53086 1.53449 1.72743 1.72963 1.62153 1.62064 1.62064 1.61939 1.60988 1.49766 1.39934 1.39557 1.31078
1.12865 1.11180 1.09083 1.06985 1.04887 0.981283 0.986790 0.977338 0.979925 0.976861 1.11375 1.17069 1.16449 1.18981 1.19735 1.21331 1.21371 1.22421 1.21900 1.20511 1.21710 1.19291 1.19435 1.37152 1.43791 1.44530 1.48890 1.49570 1.26460 1.27074 1.27368 1.27368 1.27369 1.27306 1.27316 1.28101 1.29422 1.28372 1.24710 1.28189 1.24990 1.27312 1.25038 1.24569 1.24569 1.24569 1.24569 1.24569 1.22986 1.18832 1.18832 1.18832 1.24378 1.53271 1.53447 1.64198 1.65878 1.58789 1.56597 1.55801 1.55127 1.55023 1.49434 1.38337 1.39246 1.39259
