High_resolution/powerplant/Shangrao/OMI_NO2_200601.asc
ncols      200
nrows      200
xllcorner       115.451
yllcorner       27.0350
cellsize     0.0166667
NODATA_Value      -999.000
[rows 145 to 173 of 182, columns 0 to 66 of 200]
1/=& / /7 ( >927 =2-:? /+, ;$; <-9, 9 (# ( 1- 612;1" *) 4 !  : #;6 91? , ;&  + 1, 6'! & 2'% 6; 4 ?< ' 5 4 8 *  %&7 0& . $ ( ?+0(!: >9 5 7 #/ ? <: 6. " * 7 % 24 $9?> () " ..:7 %7<!3 - % 0, ( =0 93* 6 ")%8 ' 10<1-1> / =
4% 76%--= + # 6,. ?#?((':" ' ="* < ? 5-/ ' 5,  - , 8*+ + 1-)6'/1 % >8 )/2, '># 7# ?  "5 1"(& 8+'  1-( 0) 23 7'"1%:* -7$ > 8 , -$; )'0 -/ =*? -';/ ) 7 . ) >-69#  8 /  "  4&- . 5- ) 5&!4 '3 < ' <-"?)%3- 8- 9 < %)8(,/ 0. 2; 1 165/ " & 0$
 )14 $(&4 5/ .= +9 - 9 2 2  '1,(95* -= 7 ?+8 5" 9 ) 9<93: < (-5% # 0 "* 02'-,& )* & =& =8 737 -*  >/! 1 + 5 ;- - ) )' 7 )  6 )52 ( -!5 6+0<: 36 48'  **'&; , ': * 8 8% 81 & 4 ( > ; ; >5 8#+$ > , "3 , ( : 3 /( 
0' <?=..*% 8% 8(<  / 27 1 38 -1 ) 6;1 "(* 2 / 1&&? 1 -* <2 <0 2)85 <&(?> :1 2 2 - 6 .&  $ . 5 ! ? =1>4 $, # 4)  1 ):73 02 / 3!# # %; / 8(* ) 4 $ 3  1 59 ? . 0 ? ?> ) 7 8=#)+ 2= ?) &91  9 < 1  3
+> &': +$; 0 /* + )) ';. 4 =641&! $8 *  . % = / "9 .$> " , 9* <7  $0%#1/(6, 7  &8: %#*?. $ 8.)= *>03,! 7!1'+ 7 " :7# + + 8 /#6. *? ":(, ) ?$"? ,'0)0 2 ) , # 5 /  % ) 1 #**4 ((0$ *; + 43 '+2)%6%&1- 8  5?*, ' :+ '4 -+ ;+7<6## 6  7 .
2.25244 2.29588 2.29588 2.08141 1.97045 1.97045 1.97045 1.97045 1.97045 2.07164 2.15882 2.15882 2.15882 2.15882 2.06186 1.72854 1.77407 1.81956 1.86496 1.88478 1.88478 1.83444 1.83071 1.83671 1.84331 1.91219 2.43500 2.70279 2.89215 3.15155 3.59460 3.94060 4.30476 4.30476 4.30476 4.30476 4.30476 4.30476 4.30476 4.26843 4.25817 4.20214 4.06366 3.93316 3.72607 3.25619 3.30773 2.93096 2.75770 1.08475 1.05292 1.05292 1.05292 4.22742 4.63557 4.63557 4.63557 4.63557 5.70511 6.43189 6.01994 5.75371 5.61225 5.66309 5.65277 5.65277 5.65277
2.16620 2.29588 2.29588 2.19742 1.97045 1.97045 1.97045 1.97045 1.97045 2.01780 2.15959 2.20330 2.27159 2.33983 2.40671 1.92408 1.88478 1.88511 1.89161 1.90040 1.90920 1.87213 1.86005 1.86065 1.86065 1.86065 2.32882 2.57551 2.89215 2.99556 3.59460 3.71562 4.30471 4.30476 4.23750 4.09722 3.96597 3.84298 3.72758 3.59725 3.47874 3.41917 3.41845 3.41855 3.74460 3.46679 3.27881 2.76129 1.97968 1.14964 1.05292 1.05292 1.05292 3.78654 4.55340 4.36546 4.20700 4.07292 4.12784 4.84193 5.57730 5.54915 5.54915 5.61858 5.65277 5.65277 5.65277
2.09210 2.29588 2.29588 2.28663 1.99646 1.97045 1.97169 2.01782 2.08612 2.15824 2.39988 2.43475 2.43475 2.44108 2.45427 2.05815 1.91539 1.92385 1.92615 1.92615 1.92615 1.89286 1.86065 1.86065 1.86065 1.86065 2.15612 2.45506 2.86087 2.86415 3.08762 2.97264 3.51958 3.50882 3.45577 3.45570 3.45570 3.45570 3.45574 3.44225 3.40636 3.31027 3.16104 2.99800 2.95746 2.74869 2.28977 2.04268 0.826220 0.802853 0.791390 0.780423 0.766448 2.89764 3.90937 3.90855 3.90520 3.87540 3.83977 4.55283 5.40306 5.44385 5.42250 5.44468 5.48346 5.46211 5.44076
2.02796 2.29569 2.29077 2.10808 1.98164 2.15725 2.22428 2.24638 2.25139 2.27563 2.41238 2.47674 2.48994 2.49681 2.49681 2.21871 1.92615 1.92615 1.92615 1.92615 1.92081 1.88803 1.83085 1.81781 1.80477 1.79173 1.90100 2.34684 2.67252 2.78783 2.71985 2.68573 3.14756 3.42760 3.42361 3.41964 3.34736 3.20727 3.05425 2.86966 2.55198 2.48577 2.48577 2.48577 2.47979 2.74813 2.40465 2.53941 1.18456 0.942939 0.761752 0.761752 0.761752 2.38108 3.47255 3.43970 3.40746 3.40174 3.40174 3.98084 4.98063 5.24635 5.24507 5.26242 5.34646 5.27343 5.16207
1.67190 1.56305 1.31874 1.23091 1.52719 2.29018 2.31633 2.34244 2.36355 2.36545 2.41724 2.49681 2.49681 2.49681 2.49681 2.38631 1.87162 1.85425 1.83684 1.81946 1.80740 1.80590 1.72900 1.72112 1.71608 1.71105 1.71178 2.25690 2.50087 2.73110 2.69399 2.64651 2.82015 3.03065 2.88252 2.72425 2.64719 2.64727 2.64734 2.64327 2.43052 2.28968 2.16492 2.04260 1.93287 2.24613 2.84237 2.84429 2.23368 1.55045 0.761752 0.761752 0.761752 2.23292 3.27775 3.40174 3.40174 3.41400 3.51338 3.85631 4.69196 4.77319 4.61419 4.46604 4.42790 4.38858 4.38858
1.21961 1.25208 1.28659 1.30111 1.36311 2.34744 2.36545 2.36545 2.36545 2.36545 2.37998 2.49654 2.49681 2.49681 2.49681 2.49670 1.86469 1.80701 1.80701 1.80701 1.80701 1.80701 1.72500 1.70589 1.70589 1.70180 1.60883 2.09855 2.42122 2.72131 2.70810 2.64776 2.64776 2.64776 2.64728 2.57414 2.44900 2.32386 2.19872 2.07751 1.95599 1.91418 1.91418 1.91418 1.91418 2.09761 2.73807 2.84429 2.55313 1.66807 0.764210 0.761752 0.761752 2.89702 3.59203 3.90007 3.97741 4.04224 4.05265 4.05993 4.60518 4.30624 4.25906 4.26576 4.36506 4.41927 4.43164
1.24389 1.25617 1.27713 1.27677 1.27944 2.10247 2.36545 2.36545 2.36545 2.36545 2.36545 2.47353 2.49681 2.49681 2.49681 2.49681 2.00313 1.80701 1.80701 1.80701 1.80701 1.79966 1.62908 1.47331 1.34356 1.21791 1.18123 1.69745 2.36095 2.67988 2.66723 2.47502 2.34420 2.21894 2.09440 2.04234 2.04234 2.04234 2.04234 2.04234 1.98428 1.91418 1.91418 1.91418 1.91418 1.99145 2.59662 2.84429 2.79516 1.73773 0.973001 0.761752 0.761752 3.49041 3.75750 4.05266 4.06095 4.07616 4.09140 4.10659 4.52874 4.47034 4.35869 4.36719 4.40522 4.24704 3.93433
1.27650 1.27677 1.27677 1.27677 1.27677 1.74451 2.36545 2.36545 2.36545 2.36545 2.36545 2.43620 2.49681 2.49681 2.49681 2.49681 2.17109 1.79711 1.66220 1.48927 1.31628 1.15062 1.13560 1.18123 1.18123 1.16542 1.09625 1.24378 2.14961 2.15749 2.11623 2.06614 2.04234 2.04234 2.04234 2.04234 2.04234 2.04234 2.04234 2.04234 2.01253 1.91418 1.91418 1.91418 1.91653 1.94149 2.44447 2.84429 2.84429 2.08423 1.23298 0.761752 0.761752 3.58477 3.72659 4.15385 4.16080 4.16080 4.16080 4.16080 4.37252 4.43459 3.87454 3.53761 3.23607 3.22214 3.20522
1.27677 1.27677 1.27677 1.27677 1.27677 1.43747 2.36525 2.36545 2.36545 2.36545 2.36545 2.39865 2.49681 2.47792 2.26785 2.00845 1.67384 1.14552 1.10746 1.10746 1.10091 1.02253 0.939013 0.970563 0.897156 0.839545 0.835220 0.949884 1.83513 2.09409 2.11592 2.08465 2.04234 2.04234 2.04234 2.04234 2.04234 2.04553 2.06727 2.09193 2.11230 2.01593 2.03777 2.06244 2.08474 2.05197 2.12807 2.43462 2.29068 2.00555 1.42351 0.761752 0.761752 3.63460 3.64229 4.13997 4.16080 4.14727 4.11937 4.09148 4.05043 3.54453 3.10157 3.08680 3.08725 3.18940 3.19881
1.27677 1.27677 1.27677 1.27677 1.27677 1.30268 2.20534 2.36545 2.36545 2.34194 2.12505 1.86844 1.73042 1.49701 1.44749 1.44707 1.36264 0.977296 0.855056 0.757111 0.665717 0.646110 0.646110 0.816056 0.835220 0.835220 0.835220 0.863876 1.56943 2.08563 2.12251 2.15271 2.09376 2.11845 2.14311 2.16778 2.19244 2.21390 2.21683 2.21683 2.21679 2.06311 1.93758 1.83872 1.73951 1.67337 1.74072 2.03110 2.12606 2.06430 1.48600 0.593134 0.568655 3.58509 3.54790 3.95009 4.03999 4.02565 4.02565 4.02565 4.02565 3.73550 3.08600 3.02961 2.99974 3.04517 3.05206
1.27677 1.27677 1.27677 1.27677 1.27677 1.30538 1.89836 1.85411 1.59472 1.35873 1.31613 1.32582 1.29301 1.11144 0.964521 0.817950 0.755460 0.678385 0.646110 0.646110 0.646110 0.646110 0.646110 0.781148 0.848821 0.865338 0.883204 0.902616 1.40941 2.42594 2.52027 2.53554 2.23524 2.21044 2.20744 2.20445 2.19950 2.12953 2.02767 1.92581 1.82398 1.68833 1.61798 1.61308 1.60853 1.60761 1.63612 1.87415 2.04252 2.04242 1.60188 0.430469 0.416010 3.45441 3.45441 3.65552 3.75267 3.72284 3.69293 3.66310 3.63319 3.50470 2.81045 2.66213 2.66192 2.70925 2.77394
1.27677 1.29163 1.45667 1.66084 1.86477 2.04877 2.21931 1.34398 1.37861 1.41326 1.44790 1.47285 1.18851 0.755460 0.755460 0.755460 0.755460 0.710163 0.666200 0.679630 0.694628 0.711522 0.730711 0.851438 0.940598 0.935601 0.930577 0.925580 1.22516 2.24588 2.43755 2.43396 2.19289 2.01318 1.89709 1.78083 1.66651 1.61759 1.60027 1.58287 1.56563 1.49290 1.37704 1.41784 1.47456 1.53142 1.59005 1.76263 1.47788 1.44915 1.03388 0.452377 0.416010 3.45441 3.45441 3.50663 3.60078 3.60078 3.60078 3.60078 3.60078 3.56776 2.98456 2.66991 2.66192 2.68130 2.77394
1.85216 2.04130 2.08878 2.11163 2.13474 2.15783 2.47454 1.57260 1.47394 1.47394 1.47394 1.47394 1.39173 0.756460 0.755460 0.755460 0.755460 0.755460 0.755460 0.755460 0.755460 0.755460 0.755460 0.796259 0.906084 0.906084 0.906084 0.906084 0.894037 1.40517 1.70687 1.61561 1.44676 1.36684 1.36684 1.36684 1.36684 1.36813 1.41776 1.49201 1.56616 1.62004 1.55201 1.56817 1.56817 1.56817 1.56817 1.67258 1.43587 1.37746 1.20604 0.480504 0.416010 3.45419 3.43664 3.42396 3.54447 3.52356 3.50230 3.48098 3.45968 3.44968 3.11101 2.68133 2.66192 2.66248 2.75743
2.20433 2.23932 2.26588 2.27801 2.28995 2.30188 2.45380 1.93946 1.47394 1.47394 1.47394 1.47394 1.47394 0.878398 0.755460 0.755460 0.755460 0.755460 0.755460 0.755460 0.755460 0.755460 0.755460 0.759246 0.923579 1.05842 1.20426 1.35011 1.42145 1.32016 1.43548 1.47196 1.45407 1.40632 1.48050 1.55470 1.62894 1.70191 1.72643 1.72643 1.72643 1.72632 1.58294 1.56817 1.56817 1.56817 1.56817 1.63197 1.54571 1.37746 1.36113 0.576292 0.416010 3.26380 3.25295 3.25295 3.42710 3.44968 3.44968 3.44883 3.44449 3.43980 3.27864 2.67366 2.63793 2.63322 2.42655
2.31740 2.31740 2.31740 2.31740 2.31740 2.31740 2.37734 2.32109 1.47394 1.47394 1.47394 1.47394 1.47394 1.08254 0.755460 0.755460 0.755460 0.755460 0.755460 0.755460 0.792880 0.993250 1.21202 1.43088 1.50548 1.49584 1.49584 1.49584 1.50786 1.35848 1.54173 1.72038 1.88095 1.74105 1.72643 1.72643 1.72643 1.72643 1.72643 1.72643 1.72643 1.72643 1.61778 1.56817 1.56817 1.56817 1.56817 1.59572 1.63898 1.37746 1.37746 0.901244 0.416010 3.24544 3.23917 3.23291 3.36809 3.42523 3.42054 3.41668 3.41631 3.41631 3.38422 2.76039 2.66359 2.73653 2.69982
2.31740 2.31740 2.31740 2.31740 2.31740 2.31740 2.32182 2.64659 1.50347 1.47394 1.47394 1.47394 1.47394 1.28673 0.755460 0.755460 0.798719 1.00254 1.22131 1.44017 1.62152 1.64009 1.64009 1.65255 1.63109 1.63355 1.70273 1.77191 1.81983 1.57582 1.62490 1.76639 1.92506 1.78431 1.72643 1.72643 1.72643 1.72643 1.72643 1.72643 1.72655 1.74031 1.68702 1.61863 1.64018 1.66309 1.68756 1.71374 1.70371 1.35289 1.32096 1.07567 0.419683 3.20845 3.20845 3.20845 3.30865 3.41631 3.41631 3.41637 3.43596 3.47107 3.50621 3.15332 3.02154 3.07603 3.04255
2.31740 2.31740 2.31740 2.31740 2.31740 2.31572 2.27660 2.45002 1.74831 1.47394 1.47394 1.47394 1.52348 1.71264 1.26525 1.44946 1.62497 1.64009 1.64205 1.71217 1.81599 1.91981 2.02358 2.11489 2.00702 1.82139 1.82139 1.82139 1.82139 1.62897 1.58088 1.69935 1.92307 1.83365 1.74263 1.76661 1.79206 1.81915 1.84791 1.87869 1.91139 1.92506 1.87671 1.72672 1.71495 1.69855 1.68217 1.66577 1.65888 1.40143 1.30207 1.26721 0.593297 3.20845 3.20845 3.25356 3.38488 3.57377 3.63229 3.68795 3.72399 3.74518 3.76542 3.58695 3.21799 3.20486 3.20290
2.25503 2.20667 2.16258 2.12230 2.08530 2.05221 2.04292 2.12867 1.95755 1.73969 1.95855 2.17740 2.34655 2.35858 1.90141 1.78532 1.88914 1.99291 2.09477 2.12842 2.12842 2.12842 2.12842 2.12842 2.09210 1.82186 1.82134 1.78268 1.71680 1.55407 1.40104 1.48465 1.61377 1.66002 1.92506 1.92506 1.93131 1.94697 1.96260 1.97682 1.97897 1.97815 1.96937 1.77860 1.78428 1.79814 1.81197 1.82581 1.83966 1.72911 1.54153 1.53029 1.26476 3.63982 3.70300 3.73615 3.73742 3.74900 3.73666 3.72654 3.71645 3.70634 3.69624 3.61843 3.12031 3.07375 3.06400
2.04292 2.04292 2.04292 2.04292 2.07470 2.22140 2.37873 2.61975 2.91217 2.32333 2.42966 2.50447 2.57921 2.65401 2.46604 2.12842 2.12842 2.12842 2.12842 2.12842 2.07852 1.96330 1.86162 1.76275 1.65364 1.54691 1.52105 1.51690 1.53267 1.51032 1.38305 1.48406 1.62740 1.73651 2.06198 2.11583 2.11225 2.10034 2.08839 2.07781 2.07941 2.08384 2.08781 1.91380 1.85892 1.84933 1.88218 1.92261 1.96077 1.92452 1.54644 1.55086 1.43136 3.73637 3.73634 3.73634 3.73634 3.67102 3.65349 3.65349 3.65349 3.65349 3.65349 3.65302 3.20408 3.14081 3.22352
2.06821 2.21070 2.36810 2.52518 2.65062 2.68027 2.71767 2.77791 3.23148 2.71847 2.69969 2.68130 2.60451 2.50494 2.24837 1.69951 1.58543 1.48852 1.40530 1.35215 1.34825 1.33262 1.31792 1.30709 1.30643 1.52476 1.65172 1.65172 1.65172 1.64857 1.51991 1.57377 1.67078 1.81244 2.02487 2.16165 2.16252 2.16252 2.13897 2.05930 2.03767 2.05370 2.08367 2.03228 2.01491 2.06174 2.07071 2.07071 2.07071 2.06865 1.63863 1.58534 1.53960 3.78519 3.73634 3.73634 3.73634 3.67532 3.59292 3.53854 3.48078 3.41933 3.35392 3.28393 3.52775 3.54738 3.56381
2.64854 2.68860 2.71719 2.74588 2.77453 2.78402 2.77378 2.70048 2.59298 2.14482 1.73677 1.65100 1.58929 1.54124 1.53546 1.29545 1.24983 1.24983 1.24983 1.25424 1.30611 1.30643 1.30643 1.30643 1.30643 1.44748 1.65172 1.66651 1.71415 1.76290 1.69324 1.67770 1.60251 1.78343 1.92535 2.16280 2.20033 2.26412 2.30879 2.17136 2.21964 2.23400 2.23400 2.17515 2.07071 2.07071 2.07071 2.07071 2.07071 2.07071 1.78705 1.58534 1.58550 3.66463 3.44061 3.35571 3.26298 3.19903 3.21661 3.21661 3.21661 3.21661 3.21538 3.18576 3.36916 3.48526 3.46070
2.72478 2.69702 2.66593 2.63707 2.61011 2.44257 2.23077 2.20904 2.15494 1.99799 1.53546 1.53546 1.53546 1.53546 1.53546 1.37662 1.24983 1.24983 1.24983 1.24983 1.29624 1.30643 1.30643 1.32301 1.37099 1.48361 1.81385 1.84785 1.84903 1.84903 1.75451 1.70320 1.64818 1.83254 2.02402 2.44521 2.47144 2.47144 2.47144 2.27012 2.23400 2.23400 2.23400 2.21123 2.07071 2.07071 2.07071 2.07071 2.07071 2.07071 1.92035 1.58534 1.58534 3.41298 3.18145 3.17833 3.13540 3.08721 3.09944 3.05822 3.01695 2.97571 2.93564 2.92394 3.01744 3.39002 3.36941
2.55653 2.55505 2.55505 2.55505 2.55505 2.47158 2.20904 2.20904 2.17493 2.11459 1.59366 1.53546 1.53546 1.53546 1.53546 1.45785 1.24983 1.24983 1.24983 1.26822 1.34873 1.42198 1.47078 1.50298 1.50375 1.50782 1.83698 1.88366 1.91547 1.94729 1.90703 1.81329 1.76111 1.84500 2.04395 2.42025 2.47144 2.47144 2.47144 2.32450 2.23400 2.23400 2.23400 2.23369 2.06926 2.00482 1.95504 1.90776 1.86284 1.86492 2.03517 1.56607 1.53293 3.50605 2.85526 2.80332 2.79122 2.79122 2.91001 2.92394 2.92394 2.92394 2.93617 3.02911 3.11997 3.39568 3.29703
2.55505 2.55505 2.55505 2.55505 2.55505 2.54631 2.22255 2.20904 2.19493 2.12550 1.79494 1.53546 1.53546 1.53546 1.53546 1.54733 1.33075 1.36754 1.41632 1.44673 1.46501 1.50517 1.52918 1.56104 1.59287 1.62469 1.90563 1.99905 1.99905 1.99905 1.96830 1.81348 1.78905 1.75464 2.04261 2.30034 2.47144 2.44276 2.36580 2.22479 2.05267 2.00424 1.95816 1.91440 1.78893 1.74648 1.74454 1.72788 1.70822 1.69277 1.95982 1.58146 1.46230 3.61695 2.86602 2.79122 2.79122 2.79122 2.85881 2.93999 3.02725 3.10461 3.16478 3.16142 3.15211 3.31984 3.11286
