High_resolution/powerplant/Shangrao/OMI_NO2_200605.asc
ncols      200
nrows      200
xllcorner       115.451
yllcorner       27.0350
cellsize     0.0166667
NODATA_Value      -999.000
[rows 0 to 29 of 193, columns 132 to 197 of 200]
1.95059 2.20151 2.46404 2.46404 2.46258 2.54545 2.56819 2.75840 2.58030 2.43235 2.30751 2.20172 2.15620 1.89579 2.13533 2.19607 2.19607 1.70187 1.54864 1.54864 1.54864 1.56253 1.59237 1.61083 1.61704 1.61844 1.60894 1.65797 2.25924 2.28868 2.27856 2.48848 2.35519 2.22563 2.23311 2.21029 2.18752 2.17781 2.17781 2.17781 2.17781 2.17781 2.17781 2.00939 1.89248 1.99868 1.99868 1.92944 1.80669 1.92603 1.22211 1.22211 1.22226 1.28756 1.37274 1.61707 2.39006 2.45264 2.45264 2.45264 2.45264 2.45264 2.49893 3.66051 3.68318 3.68318
1.76878 1.79313 2.16552 2.11674 2.07192 2.06919 2.09597 2.15174 2.16536 2.16536 2.16536 2.16536 2.16536 1.94495 2.05529 2.19607 2.19577 1.90040 1.59925 1.61893 1.62443 1.62183 1.61099 1.60512 1.60507 1.60507 1.60507 1.61647 2.09667 2.32392 2.43207 2.53003 2.50683 2.17781 2.17781 2.17781 2.17781 2.17781 2.17781 2.17781 2.17781 2.17781 2.17781 2.09137 1.85728 1.99866 1.99868 1.97666 1.81024 1.95828 1.43487 1.42646 1.47071 1.47932 1.44139 1.40097 2.00590 1.96491 1.88395 2.01205 2.28719 2.45264 2.45264 3.26602 3.68318 3.68318
1.58032 1.58032 1.99659 2.05797 2.05797 2.05964 2.09459 2.12721 2.16536 2.16536 2.16536 2.16536 2.16230 1.99758 1.96038 2.12831 2.07712 1.94175 1.61314 1.60553 1.60507 1.60507 1.60507 1.60507 1.60507 1.60507 1.60507 1.60507 1.90400 2.35921 2.37179 2.46743 2.63914 2.19177 2.17781 2.17781 2.17781 2.17781 2.17781 2.17781 2.17781 2.17781 2.17781 2.16233 1.84772 1.96042 1.91702 1.83009 1.67810 1.67505 1.47060 1.25585 1.23374 1.21596 1.20785 1.20773 1.50685 1.69057 1.69057 1.85465 2.15210 2.45264 2.45264 2.89472 3.68318 3.68318
1.58042 1.58032 1.88037 2.05797 2.05797 2.05797 2.08228 2.10815 2.15738 2.12834 2.10329 2.08039 2.02767 1.90635 1.72589 1.83621 1.77276 1.69542 1.60507 1.60507 1.60507 1.60507 1.60507 1.60507 1.60507 1.60507 1.60507 1.60507 1.70758 2.36972 2.31885 2.45761 2.61768 2.25841 2.17781 2.17781 2.17781 2.17774 2.16856 2.12922 2.08635 2.03546 1.96320 1.88776 1.71562 1.64465 1.62708 1.64111 1.64379 1.63209 1.49145 1.20773 1.20773 1.20773 1.20773 1.20773 1.35322 1.69057 1.69057 1.79019 2.08742 2.53277 2.56575 2.76485 3.68318 3.68318
1.63035 1.58032 1.74459 2.05797 2.06437 2.08288 2.11798 2.14933 1.92902 1.78776 1.66561 1.55070 1.44056 1.38741 1.37430 1.55107 1.60507 1.60507 1.60507 1.60507 1.60507 1.60507 1.60507 1.60507 1.60507 1.60507 1.60507 1.60507 1.62629 2.24694 2.28839 2.38774 2.39692 2.25666 2.06836 2.02011 1.97028 1.90450 1.83045 1.79586 1.76513 1.74081 1.73878 1.73878 1.71131 1.67820 1.63878 1.59833 1.55384 1.48717 1.44029 1.21114 1.20862 1.22142 1.23792 1.25442 1.28616 1.74662 1.78672 1.82849 2.12913 2.62094 2.66382 2.67987 3.61291 3.68318
1.73235 1.61698 1.66474 1.97863 1.94453 1.94908 1.94445 1.53796 1.43870 1.38759 1.38759 1.38759 1.38759 1.38759 1.37719 1.49114 1.60507 1.60507 1.60507 1.60507 1.60507 1.60507 1.60294 1.57980 1.55400 1.52844 1.50292 1.47735 1.45183 1.55875 1.51274 1.77760 1.89452 1.95574 1.81657 1.78428 1.75287 1.73874 1.73878 1.73878 1.73878 1.73425 1.69936 1.65889 1.60393 1.52403 1.48482 1.48584 1.48694 1.49390 1.51020 1.35706 1.30962 1.31332 1.31332 1.31332 1.31332 1.63421 1.79616 1.79616 2.07249 2.45871 2.66382 2.65808 3.16774 3.68318
1.92460 1.77525 1.87094 1.96660 2.03375 2.03625 2.03625 1.66700 1.48072 1.38759 1.38759 1.38759 1.38759 1.38759 1.38065 1.42752 1.57056 1.54498 1.51946 1.49395 1.46838 1.44286 1.41941 1.41704 1.41730 1.41730 1.41730 1.41730 1.45058 1.48874 1.26843 1.39347 1.60881 1.75596 1.75312 1.73878 1.73878 1.72360 1.68349 1.64302 1.60296 1.56811 1.56363 1.56473 1.56333 1.51651 1.49492 1.49141 1.49141 1.51959 1.53883 1.44621 1.31332 1.31332 1.31332 1.31332 1.31332 1.48033 1.79616 1.79010 1.86873 2.02398 2.11192 1.76077 1.64447 0.00000
2.34094 2.03840 2.03625 2.03625 2.03625 2.03625 2.03625 1.83466 1.51515 1.38152 1.36831 1.35994 1.35157 1.34322 1.33962 1.36052 1.41519 1.41730 1.41730 1.41730 1.41730 1.41730 1.41730 1.41748 1.47521 1.57886 1.64875 1.69780 1.71369 1.53743 0.865040 0.982305 1.53559 1.62483 1.69796 1.62883 1.58949 1.56531 1.56606 1.56716 1.56787 1.56788 1.56788 1.56788 1.56788 1.52790 1.50132 1.49141 1.49141 1.50684 1.53883 1.50824 1.31332 1.31332 1.31332 1.31840 1.42031 1.58133 1.41137 1.21463 1.21776 1.37998 1.64447 1.64447 1.64447 0.00000
2.38272 2.09791 2.02453 2.01615 2.00779 1.99948 1.99106 1.94141 1.47175 1.36944 1.32822 1.32822 1.32822 1.32822 1.32833 1.35851 1.40221 1.41730 1.41730 1.42245 1.50201 1.60603 1.68706 1.73619 1.72749 1.67300 1.65218 1.65218 1.65218 1.64682 0.965118 0.918889 1.25227 1.35353 1.59298 1.56788 1.56788 1.56788 1.56788 1.56788 1.56788 1.56788 1.56788 1.56788 1.56788 1.54084 1.50765 1.49141 1.49141 1.49462 1.53829 1.54034 1.44046 1.54479 1.68383 1.81761 1.85491 1.87195 1.50917 1.38214 1.50367 1.55325 1.64936 1.64447 1.64447 1.64447
2.36375 2.14938 1.97689 1.97689 1.97689 1.97689 1.97689 1.97689 1.59807 1.41145 1.32822 1.32822 1.32822 1.32822 1.32822 1.37003 1.49922 1.63279 1.72338 1.76975 1.73927 1.68426 1.65237 1.65218 1.65218 1.65218 1.65218 1.65218 1.65218 1.65218 1.22682 0.894894 1.13510 1.32761 1.54018 1.56901 1.56788 1.56788 1.56788 1.56788 1.56788 1.56788 1.56788 1.56788 1.56788 1.55377 1.51395 1.49161 1.55430 1.67855 1.87822 2.06099 2.12752 2.17230 2.25136 2.33011 2.40868 2.47048 2.32862 2.00758 2.00758 1.74816 1.66627 1.64447 1.64447 1.64447
2.36190 2.24958 1.97689 1.97689 1.97689 1.97689 1.97689 1.97689 1.76583 1.45219 1.32949 1.37577 1.51258 1.65134 1.78126 1.79043 1.70683 1.69602 1.65460 1.65218 1.65218 1.65218 1.65218 1.65218 1.65218 1.65218 1.65218 1.65218 1.65218 1.65218 1.45294 0.871163 1.00784 1.32652 1.45113 1.57716 1.56788 1.56788 1.56788 1.56788 1.56788 1.56200 1.55411 1.55142 1.60338 1.72257 1.92211 2.22311 2.36670 2.41682 2.45320 2.47605 2.47797 2.48484 2.48484 2.48484 2.48484 2.48484 2.45297 2.01423 2.00758 1.84132 1.67937 1.64447 1.64447 1.64447
2.36190 2.34263 1.98413 1.97689 1.97689 1.97689 1.97689 1.93827 1.81288 1.27586 1.67174 1.86004 1.78879 1.71549 1.65094 1.63356 1.59662 1.64904 1.65218 1.65218 1.65218 1.65218 1.65218 1.65218 1.65218 1.65218 1.65218 1.65218 1.65218 1.65218 1.62593 0.894510 0.941038 1.26557 1.34458 1.56999 1.54956 1.54662 1.54349 1.54019 1.58528 1.72582 1.87386 2.01274 2.08769 2.08780 2.17637 2.33559 2.42862 2.42821 2.44040 2.48102 2.48327 2.48484 2.48484 2.48488 2.50337 2.53917 2.57801 2.25360 2.12061 2.05208 1.74100 0.00000 0.00000 0.00000
2.36190 2.36190 2.06436 1.92726 1.84996 1.77265 1.69539 1.63916 1.60446 1.10698 1.24260 1.64140 1.64140 1.64140 1.64140 1.64140 1.60012 1.63538 1.65218 1.65218 1.65218 1.65218 1.65218 1.65218 1.65218 1.65218 1.64951 1.64707 1.64678 1.64644 1.64607 1.07076 0.700171 0.977088 1.21887 1.51111 1.58583 1.72048 1.85930 1.99834 2.08634 2.08780 2.08780 2.08780 2.08393 2.06384 2.11616 2.25036 2.42582 2.42883 2.46536 2.55298 2.59420 2.63811 2.68631 2.73931 2.76497 2.76497 2.76497 2.56555 2.18913 2.15805 1.74210 1.74210 0.00000 0.00000
2.22392 2.14665 1.87361 1.64828 1.61519 1.58048 1.54578 1.52858 1.52858 1.24202 0.983838 1.64140 1.64140 1.64140 1.64140 1.64140 1.61017 1.62087 1.65197 1.64803 1.64702 1.64668 1.64637 1.64599 1.64558 1.64517 1.64821 1.65107 1.65107 1.65107 1.65107 1.29411 0.660272 0.865323 1.36272 1.78929 2.09902 2.08780 2.08780 2.08780 2.07718 2.05455 2.02891 2.00498 2.00793 2.04160 2.13610 2.31443 2.68832 2.75192 2.76497 2.76497 2.76497 2.76497 2.76497 2.76497 2.76497 2.76497 2.76497 2.71381 2.19060 2.18913 1.83789 1.74210 0.00000 1.55432
2.01094 1.97623 1.84523 1.53015 1.52858 1.52858 1.52858 1.52858 1.52858 1.45407 0.869385 1.52103 1.66257 1.68674 1.71094 1.73515 1.74398 1.73683 1.64531 1.65009 1.65107 1.65107 1.65107 1.65107 1.65107 1.65107 1.64796 1.53643 1.35258 1.19662 1.02619 0.959118 1.04195 1.00500 1.44169 1.60779 2.13682 2.05408 2.05861 2.06520 2.09135 2.13915 2.19416 2.24603 2.25148 2.25148 2.25891 2.37762 2.70429 2.76497 2.76497 2.76497 2.76497 2.76497 2.76497 2.76497 2.76497 2.76497 2.76057 2.73052 2.31173 2.13063 1.88170 1.63995 1.55432 1.55432
1.91359 1.91359 1.90296 1.54317 1.53116 1.55187 1.57608 1.60027 1.62442 1.64861 1.15443 1.44648 1.81282 1.81282 1.81282 1.81282 1.81282 1.81169 1.66327 1.65107 1.65107 1.65107 1.63469 1.49035 1.29338 1.11359 0.934754 0.937322 1.03454 1.05564 1.05564 1.05564 1.05564 1.01303 1.10043 1.03142 2.03659 2.25009 2.25148 2.25148 2.25148 2.25148 2.25148 2.25148 2.25148 2.25148 2.25148 2.35779 2.60728 2.76497 2.76497 2.76497 2.76497 2.76497 2.76216 2.73394 2.66265 2.55806 2.47022 2.41323 2.20703 1.96567 1.83815 1.62993 1.55432 1.55432
1.84119 1.81570 1.79016 1.69735 1.69650 1.70000 1.70000 1.70000 1.70000 1.70000 1.39666 1.21158 1.81282 1.81282 1.81282 1.81282 1.81282 1.81282 1.66384 1.44221 1.23488 1.02629 0.859407 0.915982 1.01881 1.05564 1.05564 1.05564 1.05564 1.05564 1.05564 1.05564 1.05564 1.02633 1.00344 1.00344 1.64797 2.25148 2.25148 2.25148 2.25148 2.25148 2.25148 2.25148 2.25148 2.25148 2.25148 2.32994 2.51042 2.76497 2.76336 2.73603 2.64743 2.51723 2.39659 2.30649 2.24769 2.21150 2.17518 2.13897 2.03833 1.59528 1.59580 1.62743 1.56173 1.55432
1.73951 1.73951 1.73951 1.72096 1.70000 1.70000 1.70000 1.70000 1.70000 1.70000 1.61107 1.04477 1.74096 1.81282 1.74199 1.57484 1.37497 1.15908 0.943857 0.894642 0.998773 1.05552 1.05564 1.05564 1.05564 1.05564 1.05564 1.05564 1.05564 1.05564 1.05564 1.05564 1.05564 1.03964 1.00344 1.00344 1.24841 2.25148 2.25148 2.25148 2.25148 2.25148 2.25148 2.25148 2.25699 2.35485 2.53991 2.63945 2.52418 2.48764 2.42730 2.39178 2.26337 2.07570 2.07333 2.07333 2.07333 2.07333 2.07333 2.07333 2.07315 1.67921 1.59253 1.62207 1.58721 1.55423
1.73951 1.73951 1.73951 1.73125 1.70000 1.70000 1.70000 1.70000 1.70000 1.70050 1.72514 1.22774 1.24503 1.07503 1.01183 1.11596 1.22005 1.29502 1.25876 1.05564 1.05564 1.05564 1.05564 1.05564 1.05564 1.05564 1.05564 1.05564 1.05564 1.05564 1.05564 1.05564 1.05564 1.05236 1.00403 1.00344 1.00592 2.14563 2.47718 2.67153 2.86630 3.06103 3.25264 3.34611 3.37654 3.30086 3.20786 3.14401 2.55221 2.35336 2.32649 2.32649 2.30610 2.07608 2.07333 2.07333 2.07333 2.07333 2.07333 2.06702 2.04807 1.81888 1.58595 1.59742 1.58544 1.55103
1.73951 1.73951 1.73951 1.73904 1.70250 1.70174 1.73040 1.76823 1.80603 1.83937 1.77992 1.50388 1.34855 1.28743 1.29826 1.29826 1.29826 1.29826 1.29768 1.07888 1.05564 1.05564 1.05564 1.05564 1.05564 1.05564 1.05564 1.05564 1.05564 1.05977 1.09394 1.13410 1.17435 1.57863 1.83162 2.06904 2.26384 3.10526 3.63878 3.51433 3.38686 3.28055 3.19267 3.16621 3.16621 3.16621 3.16621 3.16621 2.68873 2.39920 2.32649 2.32649 2.32649 2.11694 2.04103 2.02354 2.00725 1.99202 1.97779 1.96849 1.96819 1.89490 1.58131 1.58766 1.59345 1.55099
1.73951 1.74322 1.77518 1.81298 1.82363 1.84737 1.81059 1.71306 1.61554 1.52193 1.49706 1.49087 1.45400 1.30792 1.29826 1.29826 1.29826 1.29826 1.29826 1.14048 1.05564 1.05564 1.06818 1.10743 1.14767 1.18786 1.22814 1.26836 1.30858 1.34472 1.35071 1.35071 1.35071 1.89518 2.22477 2.44235 2.45738 2.65826 3.18575 3.16621 3.16621 3.16621 3.16621 3.16621 3.16621 3.16621 3.16621 3.16621 2.84778 2.45195 2.32649 2.32649 2.32649 2.09340 1.96819 1.96819 1.96819 1.96819 1.96819 1.96819 1.96819 1.96593 1.62739 1.58339 1.60065 1.55475
1.85606 1.89018 1.87505 1.78331 1.66886 1.54871 1.49709 1.49706 1.49706 1.49706 1.49706 1.49706 1.46441 1.36287 1.29826 1.33053 1.40116 1.47178 1.54236 1.46928 1.28187 1.32218 1.34983 1.35071 1.35071 1.35071 1.35071 1.35071 1.35071 1.35071 1.35071 1.35172 1.35662 1.75479 2.24438 2.48113 2.48118 2.48731 3.10255 3.16621 3.16621 3.16621 3.16621 3.16621 3.16621 3.16621 3.16621 3.16621 3.00690 2.51220 2.32720 2.32649 2.32649 2.19185 1.96819 1.96819 1.96819 1.96819 1.96819 1.96819 1.96819 1.96306 1.74806 1.58152 1.60177 1.57346
1.71649 1.61892 1.54235 1.53657 1.52996 1.49706 1.49706 1.49706 1.52200 1.56908 1.61617 1.66325 1.69048 1.70958 1.75939 1.79770 1.79775 1.79775 1.79775 1.73688 1.35071 1.35071 1.35071 1.35071 1.35071 1.35071 1.35071 1.35115 1.35551 1.36080 1.36609 1.37037 1.37076 1.56174 2.15836 2.47438 2.48118 2.48118 2.88965 3.16621 3.16621 3.16621 3.16621 3.16621 3.16621 3.16621 3.16621 3.16621 3.14651 2.55449 2.35472 2.32649 2.32649 2.27154 1.99500 1.96819 1.96819 1.96439 1.94515 1.93376 1.92926 1.93008 1.86668 1.59002 1.59350 1.55670
1.53657 1.53237 1.52352 1.51467 1.50569 1.68368 1.76085 1.80791 1.83005 1.83005 1.83005 1.83005 1.82303 1.79121 1.79765 1.79775 1.79775 1.79775 1.79775 1.79771 1.40507 1.35071 1.35071 1.35081 1.35439 1.35968 1.36497 1.36982 1.37076 1.37076 1.37076 1.37076 1.37076 1.38295 2.08433 2.39879 2.48118 2.48118 2.67049 3.16621 3.16621 3.16621 3.16621 3.16621 3.16621 3.16621 3.16621 3.16621 3.16621 2.69409 2.40078 2.32649 2.32649 2.31294 2.04064 1.94537 1.93325 1.94675 2.00836 2.06285 2.10632 2.14991 2.18813 1.96954 1.78873 1.30752
1.48053 1.47586 1.47586 1.47586 1.47586 1.70517 1.83005 1.83005 1.83005 1.83005 1.83005 1.83005 1.83003 1.79657 1.79559 1.79775 1.79775 1.79775 1.79775 1.79775 1.52272 1.35856 1.36386 1.36904 1.37076 1.37076 1.37076 1.37076 1.37076 1.37076 1.37076 1.37076 1.37076 1.37076 1.91708 2.31601 2.48118 2.48118 2.49574 3.12193 3.16621 3.16621 3.16621 3.16621 3.16621 3.16621 3.16621 3.16621 3.14733 2.80261 2.50579 2.43007 2.48908 2.55182 2.40167 2.23446 2.28689 2.31559 2.31559 2.31559 2.31559 2.31559 2.31559 2.16251 1.97548 1.27650
1.47586 1.47586 1.47586 1.47586 1.47586 1.61331 1.83005 1.83005 1.83005 1.83005 1.83005 1.83005 1.83032 1.81172 1.79512 1.79775 1.79933 1.80448 1.80977 1.81506 1.65532 1.37076 1.37076 1.37076 1.37076 1.37076 1.37076 1.37076 1.37076 1.37076 1.37076 1.37076 1.37076 1.37076 1.74058 2.22412 2.48118 2.48118 2.48118 2.91741 3.16100 3.09357 2.96202 2.83622 2.71970 2.61384 2.52855 2.45010 2.38307 2.50476 2.93391 2.75540 2.75423 2.75423 2.61658 2.32861 2.31559 2.31559 2.31559 2.31559 2.31559 2.31559 2.31784 2.26382 2.10072 1.50142
1.47586 1.47586 1.47586 1.47586 1.47586 1.52145 1.83005 1.83005 1.83056 1.83463 1.84017 1.84689 1.85837 1.86975 1.80865 1.81395 1.81766 1.81779 1.81779 1.81779 1.77007 1.37120 1.37076 1.37076 1.37076 1.37076 1.37076 1.37076 1.37076 1.37076 1.37076 1.37076 1.37076 1.35846 1.51741 1.93836 2.15936 2.07702 1.99394 2.08540 2.36084 2.31782 2.33697 2.35256 2.36821 2.38171 2.38293 2.38293 2.38293 2.39855 2.92870 2.78935 2.75423 2.75423 2.68809 2.39038 2.32307 2.34149 2.36004 2.37858 2.39713 2.41569 2.43195 2.42603 2.21913 1.83010
1.47586 1.47586 1.47586 1.47586 1.47118 1.46385 1.81469 1.88926 1.91337 1.88540 1.90409 1.93173 1.95554 1.95827 1.83519 1.81779 1.81779 1.81779 1.81779 1.81779 1.81779 1.43862 1.37076 1.37076 1.37076 1.36930 1.35462 1.37260 1.39239 1.41014 1.42583 1.43997 1.45270 1.47288 1.47949 1.28550 1.72951 1.81673 1.86099 1.92707 2.37111 2.39020 2.38293 2.38293 2.38293 2.38293 2.38293 2.38293 2.38293 2.38293 2.80168 2.83845 2.75423 2.75423 2.74940 2.54828 2.43422 2.43431 2.43431 2.43431 2.43431 2.43431 2.43431 2.43431 2.29088 1.99966
1.50723 1.52123 1.53519 1.54971 1.56824 1.59284 1.82726 1.98388 2.00187 1.98042 1.95864 1.95864 1.95864 1.95864 1.88031 1.81779 1.81779 1.81779 1.81262 1.76319 1.76155 1.55482 1.41445 1.42966 1.44340 1.45677 1.47889 1.48145 1.48145 1.48145 1.48145 1.48145 1.48314 1.49473 1.50825 1.36769 1.78717 1.98624 1.98823 1.98823 2.25568 2.38293 2.38293 2.38293 2.38293 2.38293 2.38293 2.38293 2.38293 2.38293 2.65887 2.88746 2.75423 2.75423 2.75423 2.63371 2.43628 2.43431 2.43431 2.43431 2.43431 2.43431 2.43431 2.43431 2.37606 2.14024
1.58576 1.58864 1.60563 1.62404 1.64246 1.65322 1.77747 2.00748 2.00748 1.99348 1.95864 1.95135 1.89151 1.80909 1.70872 1.55922 1.50786 1.46170 1.42355 1.41153 1.59933 1.68094 1.48145 1.48145 1.48145 1.48145 1.48145 1.48145 1.48540 1.49793 1.51021 1.52445 1.53640 1.54190 1.54477 1.45455 1.62023 1.98823 1.98823 1.98823 2.12943 2.38293 2.38293 2.38293 2.38293 2.38293 2.38293 2.38293 2.38293 2.38293 2.51612 2.93492 2.75575 2.75423 2.75423 2.68336 2.48024 2.43431 2.43431 2.43431 2.45373 2.51203 2.57141 2.63074 2.63637 2.21631
