High_resolution/powerplant/Shangrao/OMI_NO2_201001.asc
ncols      200
nrows      200
xllcorner       115.451
yllcorner       27.0350
cellsize     0.0166667
NODATA_Value      -999.000
[rows 29 to 57 of 200, columns 0 to 66 of 200]
9.68290 9.68290 9.68290 9.68290 9.68290 9.68290 9.68290 9.68290 9.68290 9.68290 9.68290 9.68290 9.68264 9.39840 8.86661 8.19849 8.29764 8.49944 8.60759 8.60769 8.60769 8.60769 8.60769 8.60769 8.60769 8.60769 8.60769 8.60769 8.60769 8.60769 8.60769 8.60769 11.4246 12.8453 12.8453 12.8453 12.8453 12.8453 12.8453 12.8453 12.8453 12.8453 12.8453 12.8453 12.8453 12.8453 12.8453 12.8453 10.2965 5.14431 5.14431 5.14431 5.13669 4.98987 4.79102 4.59218 4.39344 4.19460 4.05985 4.05594 4.05594 4.05594 4.05594 4.05594 3.60417 2.71020 2.71020
9.68290 9.68290 9.68290 9.68290 9.68290 9.68290 9.68290 9.68264 9.39840 8.86661 8.33483 7.80304 7.27152 7.02398 7.02398 7.18227 8.60199 8.60769 8.60769 8.60769 8.60769 8.60769 8.60769 8.60769 8.60769 8.60769 8.60769 8.60769 8.60769 8.60769 8.60769 8.60769 10.2286 12.8453 12.8453 12.8453 12.8453 12.8453 12.8453 12.8453 12.8453 12.8453 12.8453 12.8453 12.8453 12.8453 12.8453 12.7595 11.9306 4.79675 4.49792 4.29897 4.10796 4.05594 4.05594 4.05594 4.05594 4.05594 4.05594 4.05594 4.05594 4.05594 4.05594 4.05594 3.96227 2.72608 2.71020
9.68290 9.68290 9.68290 9.40372 8.87193 8.34014 7.80836 7.27391 7.02398 7.02398 7.02398 7.02398 7.02398 7.02398 7.02398 7.02398 8.30901 8.60769 8.60769 8.60769 8.60769 8.60769 8.60769 8.60769 8.60769 8.60769 8.60769 8.60769 8.60769 8.60769 8.60769 8.60769 9.04459 12.8326 12.8453 12.8453 12.8453 12.8453 12.8453 12.8453 12.8453 12.8451 12.6608 12.3169 11.9733 11.6295 11.2852 11.0265 11.0118 5.65075 4.05594 4.05594 4.05594 4.05594 4.05594 4.05594 4.05594 4.05594 4.05594 4.05594 4.05594 4.05594 4.05594 4.05594 4.05594 3.00626 2.71020
8.34028 7.80836 7.27657 7.02398 7.02398 7.02398 7.02398 7.02398 7.02398 7.02398 7.02398 7.02398 7.02398 7.02398 7.02398 7.02398 7.85679 8.60769 8.60769 8.60769 8.60769 8.60769 8.60769 8.60769 8.60769 8.60769 8.60769 8.60769 8.60769 8.60769 8.60769 8.60769 8.60769 12.0728 12.8453 12.8453 12.8222 12.5474 12.2036 11.8598 11.5160 11.1715 11.0118 11.0118 11.0118 11.0118 11.0118 11.0118 11.0118 7.59507 4.05594 4.05594 4.05594 4.05594 4.05594 4.05594 4.05594 4.05594 4.05594 4.05594 4.05594 4.05594 4.05594 4.05594 4.05594 3.38011 3.44929
7.02398 7.02398 7.02398 7.02398 7.02398 7.02398 7.02398 7.02398 7.02398 7.02398 7.02398 7.02398 7.02398 7.02398 7.02398 7.02398 7.40629 8.60769 8.60769 8.60769 8.60769 8.60769 8.60769 8.60769 8.60769 8.60769 8.60769 8.60769 8.60769 8.60769 8.60769 8.66854 8.95844 10.8168 11.7463 11.4025 11.0807 11.0118 11.0118 11.0118 11.0118 11.0118 11.0118 11.0118 11.0118 11.0118 11.0118 11.0118 11.0118 9.53993 4.05594 4.05594 4.05594 4.05594 4.05594 4.05594 4.05594 4.05594 4.05594 4.05594 4.05594 4.05594 4.30327 5.93869 7.23364 7.97141 7.96460
7.02398 7.02398 7.02398 7.02398 7.02398 7.02398 7.02398 7.02398 7.02398 7.02398 7.02398 7.02398 7.02398 7.02398 7.02398 7.02398 7.05090 8.51061 8.60769 8.60769 8.60769 8.60769 8.60769 8.60769 8.60769 8.60769 8.70266 9.00721 9.31964 9.63175 9.94386 10.1953 10.2173 10.4184 11.0118 11.0118 11.0118 11.0118 11.0118 11.0118 11.0118 11.0118 11.0118 11.0118 11.0118 11.0118 11.0118 11.0118 11.0118 10.9478 4.59288 4.05594 4.05594 4.05594 4.05594 4.05594 4.05594 4.05594 4.08439 5.44341 6.90150 7.90199 8.56509 8.66026 8.66026 8.65144 8.03259
7.02398 7.02398 7.02398 7.02398 7.02398 7.02398 7.02398 7.02398 7.02398 7.02398 7.02398 7.02398 7.02398 7.02398 7.02398 7.02398 7.02398 8.08644 8.60769 8.60769 8.60769 8.74467 9.05614 9.36857 9.68052 9.99263 10.2099 10.2173 10.2173 10.2173 10.2173 10.2173 10.2173 10.2350 10.9709 11.0118 11.0118 11.0118 11.0118 11.0118 11.0118 11.0118 11.0118 11.0118 11.0118 11.0118 11.0118 11.0118 11.0118 11.0118 6.47285 4.05594 4.05594 4.05594 4.05594 4.05594 4.05594 4.05594 4.24534 8.49845 8.66026 8.62125 8.47701 8.32741 8.17749 8.02740 8.03330
7.02398 7.02398 7.02398 7.02398 7.02398 7.02398 7.02398 7.02398 7.02398 7.02398 7.02398 7.02398 7.02398 7.02398 7.02398 7.02370 6.87177 7.53624 9.41735 9.72929 10.0416 10.2167 10.2173 10.2173 10.2173 10.2173 10.2173 10.2173 10.2173 10.2173 10.2173 10.2173 10.2173 10.2173 10.7643 11.0118 11.0118 11.0118 11.0118 11.0118 11.0118 11.0118 11.0118 11.0118 11.0118 11.0118 11.0118 11.0118 11.0118 11.0118 8.41726 4.05594 4.05594 4.05594 4.05594 4.04902 3.84199 3.54280 3.24295 6.91348 7.95408 7.84324 7.83740 7.83740 7.83740 7.83740 7.94285
7.02398 7.02398 7.02398 7.02398 7.02398 7.02398 7.02398 7.02398 7.02398 7.02398 7.02370 6.87177 6.59250 6.31323 6.03397 5.75497 5.62763 6.10643 10.2045 10.2173 10.2173 10.2173 10.2173 10.2173 10.2173 10.2173 10.2173 10.2173 10.2173 10.2173 10.2173 10.2173 10.2173 10.2173 10.5399 11.0118 11.0118 11.0118 11.0118 11.0118 11.0118 11.0118 11.0118 11.0118 11.0118 11.0118 11.0118 11.0118 11.0118 11.0118 10.0901 3.70759 3.39551 3.09549 2.79613 2.50319 2.41021 2.41021 2.41021 4.89769 7.83740 7.83740 7.83740 7.83740 7.83740 7.83740 7.86942
7.02398 7.02398 7.02398 7.02398 7.02398 7.02356 6.86898 6.58971 6.31044 6.03243 5.75497 5.62763 5.62763 5.62763 5.62763 5.62763 5.62763 5.62763 9.37984 10.2173 10.2173 10.2173 10.2173 10.2173 10.2173 10.2173 10.2173 10.2173 10.2173 10.2173 10.2173 10.2173 10.2173 10.2173 10.3161 11.0114 11.0118 11.0118 11.0118 11.0118 11.0118 11.0118 11.0118 11.0118 11.0118 10.4807 9.43136 8.38091 7.33045 6.28056 5.47441 2.96737 2.41021 2.41021 2.41021 2.41021 2.41021 2.41021 2.41021 2.69866 7.67675 7.83740 7.83740 7.83740 7.83740 7.83740 7.83740
0.00000 6.84723 6.58971 6.31044 6.03117 5.75232 5.62763 5.62763 5.62763 5.62763 5.62763 5.62763 5.62763 5.62763 5.62763 5.62763 5.62763 5.62763 8.07489 10.2173 10.2173 10.2173 10.2173 10.2173 10.2173 10.2173 10.2173 10.2173 10.2173 10.2173 10.2173 10.2173 10.2173 10.2173 10.2173 10.8858 11.0118 11.0118 11.0118 10.9553 10.1419 9.09202 8.04212 6.99055 5.94178 5.42130 5.42130 5.42130 5.42130 5.42130 5.42130 3.80539 2.41021 2.41021 2.41021 2.41021 2.41021 2.41021 2.41021 2.41021 6.65453 7.83740 7.83740 7.83740 7.83740 7.83740 7.83740
0.00000 5.62763 5.62763 5.62763 5.62763 5.62763 5.62763 5.62763 5.62763 5.62763 5.62763 5.62763 5.62763 5.62763 5.62763 5.62763 5.62763 5.62763 6.77069 10.2173 10.2173 10.2173 10.2173 10.2173 10.2173 10.2173 10.2173 10.2173 10.2173 10.2173 10.2173 10.2173 10.2173 10.2173 10.1399 9.78845 8.75267 7.70334 6.65121 5.65890 5.42130 5.42130 5.42130 5.42130 5.42130 5.42130 5.42130 5.42130 5.42130 5.42130 5.42130 4.64308 2.41021 2.41021 2.41021 2.41021 2.41021 2.41021 2.41021 2.41021 5.00528 7.83740 7.83740 7.83740 7.83740 7.72616 7.30653
0.00000 5.62763 5.62763 5.62763 5.62763 5.62763 5.62763 5.62763 5.62763 5.62763 5.62763 5.62763 5.62763 5.62763 5.62763 5.62763 5.62763 5.62763 5.71988 9.96442 10.2173 10.2173 10.2173 10.2173 10.2173 10.2173 10.2173 10.2173 10.2173 10.0913 9.69332 9.28611 8.87931 8.47189 8.14275 7.36512 5.42130 5.42130 5.42130 5.42130 5.42130 5.42130 5.42130 5.42130 5.42130 5.42130 5.42130 5.42130 5.42130 5.42130 5.42130 5.34392 2.54634 2.41021 2.41021 2.41021 2.41021 2.41021 2.41021 2.41021 2.77220 7.66485 7.43527 6.99764 6.56017 6.23393 6.21593
0.00000 0.00000 5.62763 5.62763 5.62763 5.62763 5.62763 5.62763 5.62763 5.62763 5.62763 5.62763 5.62763 5.62763 5.62763 5.62763 5.62763 5.62763 5.62763 8.75215 10.2173 10.2173 10.2173 10.2173 10.0311 9.62388 9.21708 8.81029 8.40265 8.12212 8.11286 8.11286 8.11286 8.11286 8.11286 8.02268 5.51983 5.42130 5.42130 5.42130 5.42130 5.42130 5.42130 5.42130 5.42130 5.42130 5.42130 5.42130 5.42130 5.42130 5.42130 5.42130 3.30691 2.41021 2.41021 2.41021 2.41021 2.41021 2.41021 2.41021 2.41021 5.47407 6.21593 6.21593 6.21671 6.22017 6.22386
0.00000 0.00000 5.62763 5.62763 5.62763 5.62763 5.62763 5.62763 5.62763 5.62763 5.62763 5.62763 5.62763 5.62763 5.62763 5.62763 5.62763 5.62763 5.62874 7.40166 9.55485 9.14827 8.74063 8.33362 8.11329 8.11286 8.11286 8.11286 8.11286 8.11286 8.11286 8.11286 8.11286 8.11286 8.11286 8.11286 6.18548 5.42130 5.42130 5.42130 5.42130 5.42130 5.42130 5.42130 5.42130 5.42130 5.42130 5.42130 5.42130 5.42130 5.42130 5.42130 4.14477 2.41021 2.41021 2.41021 2.41021 2.41021 2.41030 2.41504 2.42242 4.32634 6.22941 6.23310 6.23600 6.23622 6.23622
0.00000 0.00000 5.62763 5.62763 5.62763 5.62763 5.62763 5.62763 5.62763 5.62763 5.62763 5.62763 5.62763 5.62874 5.74961 5.95122 6.15284 6.35446 6.55515 6.80463 8.11050 8.11286 8.11286 8.11286 8.11286 8.11286 8.11286 8.11286 8.11286 8.11286 8.11286 8.11286 8.11286 8.11286 8.11286 8.11286 6.94207 5.42130 5.42130 5.42130 5.42130 5.42130 5.42130 5.42130 5.42130 5.42130 5.42130 5.42130 5.42130 5.42130 5.42130 5.42130 4.98254 2.41182 2.41877 2.42615 2.43352 2.44087 2.44816 2.45079 2.45079 2.77265 6.16408 6.23622 6.23622 6.23622 6.23622
0.00000 0.00000 5.62763 5.62763 5.62763 5.62763 5.62763 5.62763 5.62874 5.74961 5.95122 6.15284 6.35446 6.55515 6.63773 6.63773 6.63773 6.63773 6.63773 6.63773 7.85796 8.11286 8.11286 8.11286 8.11286 8.11286 8.11286 8.11286 8.11286 8.11286 8.11286 8.11286 8.11286 8.11286 8.11286 8.11286 7.69859 5.42130 5.42130 5.42130 5.42130 5.42130 5.42130 5.42130 5.42130 5.42130 5.42130 5.42130 5.37629 5.28380 5.19137 5.09893 5.00619 2.77738 2.45079 2.45079 2.45079 2.45079 2.45079 2.45079 2.45079 2.45079 5.51680 6.23622 6.23622 6.23622 6.23622
0.00000 0.00000 0.00000 5.62929 5.74961 5.95122 6.15284 6.35446 6.55515 6.63773 6.63773 6.63773 6.63773 6.63773 6.63773 6.63773 6.63773 6.63773 6.63773 6.63773 7.43637 8.11286 8.11286 8.11286 8.11286 8.11286 8.11286 8.11286 8.11286 8.11286 8.11286 8.11286 8.11286 8.11286 8.11286 8.11286 8.11206 5.76371 5.42130 5.42130 5.42130 5.42130 5.41708 5.34705 5.25456 5.16218 5.06974 4.97730 4.92988 4.92988 4.92988 4.92988 4.92988 3.46634 2.45079 2.45079 2.45079 2.45079 2.45079 2.45079 2.45079 2.45079 4.43141 6.23622 6.23622 6.23622 6.23622
0.00000 0.00000 0.00000 6.59184 6.63773 6.63773 6.63773 6.63773 6.63773 6.63773 6.63773 6.63773 6.63773 6.63773 6.63773 6.63773 6.63773 6.63773 6.63773 6.63773 7.01636 8.11286 8.11286 8.11286 8.11286 8.11286 8.11286 8.11286 8.11286 8.11286 8.11286 8.11286 8.11286 8.11286 8.11286 8.11286 8.11286 6.49937 5.31786 5.22537 5.13294 5.04050 4.95229 4.92988 4.92988 4.92988 4.92988 4.92988 4.92988 4.92988 4.92988 4.92988 4.92988 4.15583 2.45079 2.45079 2.45079 2.45079 2.45079 2.45079 2.45079 2.45079 2.85228 6.18247 6.23622 6.23622 6.23622
0.00000 0.00000 0.00000 6.63773 6.63773 6.63773 6.63773 6.63773 6.63773 6.63773 6.63773 6.63773 6.63773 6.63773 6.63773 6.63773 6.63773 6.63773 6.63773 6.63773 6.67136 8.03704 8.11286 8.11286 8.11286 8.11286 8.11286 8.11286 8.11286 8.11286 8.11286 8.11286 8.03469 7.78096 7.52066 7.26043 7.00031 6.21644 4.92988 4.92988 4.92988 4.92988 4.92988 4.92988 4.92988 4.92988 4.92988 4.92988 4.92988 4.92988 4.92988 4.92988 4.92988 4.79576 2.49938 2.45079 2.45079 2.45079 2.45079 2.45079 2.45079 2.45079 2.45079 5.57239 6.18511 5.98152 5.76772
0.00000 0.00000 0.00000 0.00000 6.63773 6.63773 6.63773 6.63773 6.63773 6.63773 6.63773 6.63773 6.63773 6.63773 6.63773 6.63773 6.63773 6.63773 6.63773 6.63773 6.63773 7.64977 8.11286 8.11286 8.11286 8.11286 8.11286 7.99910 7.73946 7.47888 7.21871 6.95840 6.77627 6.76968 6.76968 6.76968 6.76968 6.67436 4.96944 4.92988 4.92988 4.92988 4.92988 4.92988 4.92988 4.92988 4.92988 4.92988 4.92988 4.92988 4.92988 4.92988 4.92988 4.92988 3.05420 2.45079 2.45079 2.45079 2.45079 2.45079 2.45079 2.45079 2.45079 4.17278 5.45390 5.44376 5.44376
0.00000 0.00000 0.00000 0.00000 6.63773 6.63773 6.63773 6.63773 6.63773 6.63773 6.63773 6.63773 6.63773 6.63773 6.63773 6.63773 6.63773 6.63773 6.63773 6.63773 6.63773 7.22864 7.95800 7.69769 7.43738 7.17707 6.91676 6.77022 6.76968 6.76968 6.76968 6.76968 6.76968 6.76968 6.76968 6.76968 6.76968 6.76968 5.39089 4.92988 4.92988 4.92988 4.92988 4.92988 4.92988 4.92988 4.92988 4.92988 4.92988 4.92988 4.92988 4.92988 4.92988 4.92988 3.74264 2.45079 2.45079 2.45079 2.45079 2.45079 2.45079 2.45076 2.44102 2.81748 5.39234 5.41269 5.40396
0.00000 0.00000 0.00000 0.00000 6.63773 6.63773 6.63773 6.63773 6.63773 6.63773 6.63773 6.63773 6.63773 6.63773 6.63773 6.63773 6.63953 6.87578 7.27586 7.67594 8.07602 8.26158 6.77155 6.76968 6.76968 6.76968 6.76968 6.76968 6.76968 6.76968 6.76968 6.76968 6.76968 6.76968 6.76968 6.76968 6.76968 6.76968 5.90803 4.92988 4.92988 4.92988 4.92988 4.92988 4.92988 4.92988 4.92988 4.92988 4.92988 4.92988 4.92988 4.92988 4.92988 4.92988 4.43133 2.45079 2.44806 2.43230 2.41484 2.39738 2.37993 2.36251 2.35480 2.35480 4.91281 5.39576 5.39576
0.00000 0.00000 0.00000 0.00000 6.63773 6.63773 6.63773 6.63773 6.63773 6.63773 6.63773 6.63953 6.87578 7.27586 7.67594 8.07602 8.47430 8.63813 8.63813 8.63813 8.63813 8.63813 7.07785 6.76968 6.76968 6.76968 6.76968 6.76968 6.76968 6.76968 6.76968 6.76968 6.76968 6.76968 6.76968 6.76968 6.76968 6.76968 6.42487 4.92988 4.92988 4.92988 4.92988 4.92988 4.92988 4.92988 4.92988 4.92988 4.92988 4.92988 4.92988 4.82188 4.57413 4.32559 4.05969 2.47563 2.35649 2.35480 2.35480 2.35480 2.35480 2.35480 2.35480 2.35480 4.09590 5.39576 5.39576
0.00000 0.00000 0.00000 0.00000 0.00000 6.63773 6.63953 6.87578 7.27586 7.67594 8.07602 8.47430 8.63813 8.63813 8.63813 8.63813 8.63813 8.63813 8.63813 8.63813 8.63813 8.63813 7.60552 6.76968 6.76968 6.76968 6.76968 6.76968 6.76968 6.76968 6.76968 6.76968 6.76968 6.76968 6.76968 6.76968 6.76968 6.76968 6.76251 5.10909 4.92988 4.92988 4.92988 4.92988 4.92988 4.92154 4.74129 4.49261 4.24406 3.99604 3.74737 3.60695 3.60642 3.60642 3.60642 2.79801 2.35480 2.35480 2.35480 2.35480 2.35480 2.35480 2.35480 2.35480 2.84518 5.37817 5.39576
0.00000 0.00000 0.00000 0.00000 0.00000 8.05314 8.47430 8.63813 8.63813 8.63813 8.63813 8.63813 8.63813 8.63813 8.63813 8.63813 8.63813 8.63813 8.63813 8.63813 8.63813 8.63813 8.13309 6.76968 6.76968 6.76968 6.76968 6.76968 6.76968 6.76968 6.76968 6.76968 6.76968 6.76968 6.76968 6.76968 6.76968 6.76968 6.76968 5.61907 4.88713 4.65950 4.41135 4.16307 3.91425 3.67431 3.60642 3.60642 3.60642 3.60642 3.60642 3.60642 3.60642 3.60642 3.60642 3.14598 2.35480 2.35480 2.35480 2.35480 2.35480 2.35480 2.35480 2.35480 2.35480 4.96392 5.39576
0.00000 0.00000 0.00000 0.00000 0.00000 8.63813 8.63813 8.63813 8.63813 8.63813 8.63813 8.63813 8.63813 8.63813 8.63813 8.63813 8.63813 8.63813 8.63813 8.63813 8.63813 8.63813 8.58301 6.84722 6.76968 6.76968 6.76968 6.76968 6.76968 6.76968 6.76968 6.76968 6.76968 6.76968 6.76968 6.89297 7.29569 7.70928 8.12309 6.90372 3.62759 3.60642 3.60642 3.60642 3.60642 3.60642 3.60642 3.60642 3.60642 3.60642 3.60642 3.60642 3.60642 3.60642 3.60642 3.48839 2.36018 2.35480 2.35480 2.35480 2.35480 2.35480 2.35480 2.35480 2.35480 4.17290 5.39576
0.00000 0.00000 0.00000 0.00000 0.00000 0.00000 8.63813 8.63813 8.63813 8.63813 8.63813 8.63813 8.63813 8.63813 8.63813 8.63813 8.63813 8.63813 8.63813 8.63813 8.63813 8.63813 8.63813 7.31957 6.76968 6.76968 6.76968 6.76968 6.76968 6.76968 6.94822 7.36053 7.77434 8.18793 8.60131 8.89205 8.90271 8.90271 8.90271 8.50924 3.66149 3.60642 3.60642 3.60642 3.60642 3.60642 3.60642 3.60642 3.60642 3.60642 3.60642 3.60642 3.60642 3.60642 3.60642 3.60642 2.58985 2.35480 2.35480 2.35480 2.35480 2.35480 2.35480 2.35480 2.35480 2.91774 5.10116
0.00000 0.00000 0.00000 0.00000 0.00000 0.00000 8.63813 8.63813 8.63813 8.63813 8.63813 8.63813 8.63813 8.63813 8.63813 8.63813 8.63813 8.63813 8.63813 8.63813 8.63813 8.63813 8.63813 7.84740 6.77118 7.01200 7.42538 7.83940 8.25278 8.66637 8.90164 8.90271 8.90271 8.90271 8.90271 8.90271 8.90271 8.90271 8.90271 8.90271 4.75389 3.60642 3.60642 3.60642 3.60642 3.60642 3.60642 3.60642 3.60642 3.60642 3.60642 3.60642 3.60642 3.60642 3.60642 3.60642 2.93743 2.35480 2.35480 2.35480 2.35480 2.35480 2.35480 2.35480 2.35480 2.42099 4.83749
