High_resolution/powerplant/Shangrao/OMI_NO2_201112.asc
ncols      200
nrows      200
xllcorner       115.451
yllcorner       27.0350
cellsize     0.0166667
NODATA_Value      -999.000
[rows 87 to 115 of 200, columns 67 to 133 of 200]
11.6938 11.6938 11.6723 11.2074 11.0926 10.9480 10.8040 10.6593 10.5153 10.4092 10.6886 10.0045 8.92408 8.92408 8.92408 8.92408 8.92408 8.89724 8.75241 8.59389 8.43571 8.36527 8.21694 8.14546 8.17873 8.23357 9.24537 9.31742 9.32935 9.32935 9.32935 9.32935 9.32935 9.32935 9.32935 9.32935 9.32935 9.32935 8.95586 8.34849 8.33052 5.41079 3.58168 3.58168 3.58168 3.58168 3.58168 3.58168 3.58168 3.58168 3.58168 3.58168 3.58168 3.58168 3.58168 3.37717 5.01749 5.75143 5.75143 5.75143 5.74112 5.60266 5.42588 5.24918 5.07249 4.89862 4.83875
11.3760 11.2316 11.0874 10.5868 10.4037 10.4037 10.4037 10.4037 10.4037 10.4037 10.5906 10.3812 8.80922 8.65061 8.49200 8.33357 8.17505 8.04328 8.06781 8.19657 8.32920 8.32899 8.27440 8.29081 8.29081 8.28848 9.03310 9.32935 9.32935 9.32935 9.32935 9.32935 9.32935 9.32935 9.32935 9.32935 9.32935 9.32935 9.23079 8.35187 8.34849 6.67172 3.58168 3.58168 3.58168 3.58168 3.58168 3.58168 3.58168 3.58168 3.58168 3.58168 3.58168 3.58168 3.58168 3.52407 4.08088 5.39704 5.21998 5.04337 4.87699 4.83875 4.83875 4.83875 4.83875 4.83875 4.83875
10.9019 10.9019 10.9019 10.6877 10.4037 10.4037 10.3880 10.3352 10.2806 10.2260 10.1686 10.0548 8.07057 8.04333 8.15648 8.28902 8.42164 8.55432 8.64857 8.65243 8.65243 8.53408 8.29081 8.29081 8.29081 8.29081 8.74944 9.32935 9.32935 9.32935 9.32935 9.32935 9.32935 9.32935 9.32935 9.32780 9.32269 9.31744 9.31219 8.50915 8.32083 7.68915 3.58230 3.58168 3.58168 3.58168 3.58168 3.58168 3.58168 3.58717 3.68503 3.77764 3.86412 3.95094 4.03717 4.12450 3.84781 4.83875 4.83875 4.83875 4.83875 4.83875 4.83875 4.83875 4.83875 4.83875 4.83875
10.9001 10.8604 10.8058 10.6822 10.1985 10.1438 10.1050 10.1034 10.1046 10.1684 10.2606 10.3332 8.99031 8.63293 8.65243 8.65243 8.65243 8.65243 8.65243 8.65243 8.65243 8.63095 8.29732 8.29081 8.29081 8.29081 8.46817 9.32935 9.32935 9.32839 9.32355 9.31830 9.31305 9.30780 9.30255 9.29885 9.29871 9.29871 9.29871 8.77934 8.31785 8.20242 4.39614 3.58776 3.69271 3.82738 3.92144 4.00731 4.09294 4.17411 4.16298 4.15583 4.15583 4.15583 4.15583 4.15583 3.82135 4.80165 4.83875 4.83875 4.83875 4.83875 4.83875 4.83875 4.83875 4.83875 4.83875
10.6165 10.6016 10.6016 10.6016 10.2142 10.2378 10.3373 10.4367 10.5351 10.5706 10.5706 10.5317 9.59425 8.65243 8.65243 8.65243 8.65243 8.65243 8.65243 8.65243 8.65243 8.65243 8.37971 8.28767 8.24186 8.18254 8.11790 9.18459 9.30341 9.29912 9.29871 9.29871 9.29871 9.29871 9.29871 9.29871 9.29871 9.29734 9.23972 8.91164 8.08139 7.96020 6.10728 4.23058 4.21109 4.16325 4.15583 4.15583 4.15583 4.15583 4.15583 4.15583 4.15583 4.15583 4.15583 4.15583 3.96867 4.33886 4.83875 4.83875 4.83875 4.83875 4.83875 4.83875 4.83875 4.83875 4.83875
10.5664 10.5272 10.4879 10.4486 10.5057 10.5706 10.5706 10.5706 10.5706 10.5706 10.5706 10.5348 10.0094 8.65243 8.65243 8.65243 8.65243 8.65243 8.62466 8.56541 8.50605 8.44676 8.21818 7.96971 7.95622 7.95622 7.95537 8.80796 9.29871 9.29871 9.29871 9.29871 9.25434 9.16763 9.08081 8.99277 8.88904 8.78186 8.73089 8.68975 7.69730 7.63223 6.96146 4.15583 4.15583 4.15583 4.15583 4.15583 4.15583 4.15583 4.15583 4.15583 4.15583 4.15583 4.15583 4.15583 4.13748 3.97190 4.83875 4.83875 4.83875 4.83875 4.83875 4.83875 4.83875 4.83875 4.83875
10.4210 10.3989 10.3714 10.3440 10.3566 10.4370 10.4096 10.3822 10.3548 10.3274 10.3002 10.2477 10.0675 8.58659 8.52726 8.46797 8.40872 8.34940 8.31784 8.31784 8.31784 8.31784 8.25225 7.95622 7.95622 7.95622 7.94692 8.35455 9.09533 9.00862 8.92149 8.82023 8.75604 8.73421 8.71239 8.69179 8.68697 8.68697 8.68697 8.68697 7.97153 7.63223 7.62446 4.22214 4.15583 4.15583 4.15583 4.15583 4.15583 4.15583 4.15583 4.15583 4.15583 4.15583 4.15583 4.15583 4.15583 3.88852 4.83875 4.83875 4.83875 4.83875 4.83875 4.83875 4.83875 4.83875 4.83875
10.0992 10.0939 10.0939 10.0939 10.0979 10.2347 10.2428 10.3586 10.5490 10.7394 10.9298 11.1180 10.3926 8.53337 8.31784 8.31784 8.31784 8.31784 8.31784 8.31784 8.31473 8.29018 8.26071 7.91037 7.84296 7.81442 7.78364 7.74333 8.73547 8.71571 8.69425 8.68697 8.68697 8.68697 8.68697 8.68697 8.68697 8.68697 8.68697 8.68697 8.27064 7.63223 7.68839 5.28481 4.15583 4.15583 4.15583 4.15583 4.15583 4.15583 4.15583 4.15583 4.15583 4.15583 4.15583 4.15583 4.15583 3.88124 4.73344 4.83875 4.83875 4.83875 4.83875 4.81340 4.47816 4.05123 3.62386
10.0939 10.1299 10.3061 10.4965 10.6870 10.9796 11.2141 11.2887 11.2887 11.2887 11.2887 11.2887 10.7582 8.96830 8.31762 8.29988 8.27135 8.24284 8.21428 8.18575 8.16036 8.12624 8.03667 7.81902 7.72097 7.69914 7.68889 7.62707 8.46127 8.68697 8.68697 8.68697 8.68697 8.68697 8.68697 8.68697 8.68697 8.68697 8.68697 8.68697 8.56824 7.63402 7.63223 6.35874 4.15583 4.15583 4.15583 4.15583 4.15583 4.15583 4.15583 4.15583 4.15583 4.15583 4.15583 4.15583 4.15583 4.05807 4.18837 4.40940 3.98247 3.55532 3.12817 2.72659 2.63468 2.63468 2.63468
10.9725 11.1269 11.1410 11.1410 11.1410 11.2007 11.2887 11.2887 11.2887 11.2983 11.3365 11.3764 11.1591 9.24722 8.16716 8.15633 8.14402 8.06336 7.97220 7.88098 7.78982 7.72869 7.72711 7.71494 7.68889 7.68889 7.68889 7.68827 8.13102 8.68697 8.68697 8.68697 8.68697 8.68697 8.68697 8.68697 8.68697 8.68697 8.72416 8.90950 9.10992 8.43783 8.45614 7.98547 4.15583 4.15583 4.15583 4.15583 4.15583 4.15583 4.15583 4.15583 4.15556 4.17062 4.45701 4.78706 5.11763 5.44768 2.93737 2.63468 2.63468 2.63468 2.63468 2.63468 2.63468 2.63468 2.63468
11.1410 11.1410 11.1410 11.1417 11.1686 11.2259 11.3960 11.4362 11.4762 11.5067 11.5086 11.5068 11.3904 9.63995 7.90773 7.81647 7.73762 7.72711 7.72711 7.72711 7.72711 7.72711 7.72711 7.72517 7.68968 7.68889 7.68889 7.68889 7.86228 8.68697 8.68697 8.68697 8.70638 8.87582 9.07624 9.27667 9.47732 9.67786 9.84110 9.85630 9.85630 9.28305 8.80156 8.85326 4.45528 4.15583 4.15549 4.12063 4.11033 4.39093 4.72486 5.05532 5.38575 5.70070 5.74821 5.74821 5.74821 5.74821 3.83413 2.63468 2.63468 2.63468 2.63468 2.63468 2.63468 2.63468 2.63468
11.2284 11.2685 11.3086 11.3478 11.3609 11.3609 11.4831 11.4787 11.4105 11.3421 11.2738 11.2071 11.1864 10.0814 7.79500 7.72711 7.72711 7.72711 7.72711 7.72711 7.72711 7.72711 7.72711 7.72711 7.69865 7.68889 7.68885 7.68755 7.61888 9.19106 9.44365 9.64407 9.82520 9.85630 9.85630 9.85630 9.85630 9.85630 9.85630 9.85630 9.85641 9.67764 9.07255 9.30120 6.19160 4.65866 4.99336 5.35848 5.69876 5.74821 5.74821 5.74821 5.74821 5.74821 5.74821 5.74821 5.74821 5.74821 4.65910 2.54480 2.63468 2.63468 2.63468 2.63468 2.63468 2.63468 2.63468
11.3609 11.3609 11.3752 11.4717 11.5813 11.6910 11.4829 11.1868 11.1867 11.1867 11.1867 11.1867 11.1867 10.5646 8.23367 7.72711 7.72711 7.72711 7.72711 7.72711 7.72711 7.72640 7.72452 7.72262 7.70323 7.68061 7.67876 7.67816 7.64459 9.24333 9.85630 9.85630 9.85630 9.85630 9.85630 9.92588 10.1007 10.2763 10.4675 10.8143 11.2016 11.4683 10.8976 11.0876 8.88487 5.74821 5.74821 5.74821 5.74821 5.74821 5.74821 5.74821 5.74821 5.74821 5.74821 5.74821 5.74821 5.74821 5.59243 2.47941 2.63468 2.63468 2.63468 2.63468 2.63468 2.63468 2.63468
11.6420 11.7516 11.8470 11.8602 11.8602 11.8449 11.6364 11.0888 11.0471 11.0056 10.9638 10.9222 10.8806 10.6354 8.49962 7.72685 7.72517 7.72328 7.72138 7.71948 7.71758 7.71639 7.71637 7.71637 7.70978 7.67816 7.67816 7.67816 7.67816 8.67069 10.0740 10.2497 10.4251 10.6071 10.9328 11.2507 11.4633 11.6749 11.8713 11.9120 11.9120 11.9120 11.3641 11.1218 10.1144 5.74821 5.74821 5.74821 5.74821 5.74821 5.74821 5.74821 5.74821 5.74821 5.74821 5.74821 5.74821 5.74821 5.74821 3.42217 2.63468 2.63468 2.63468 2.63468 2.63468 2.63468 2.63468
11.5538 11.5120 11.4704 11.4288 11.3871 11.3609 11.3480 10.7270 10.6869 10.6869 10.6495 10.5814 10.5130 10.4119 8.93478 7.71659 7.71637 7.71637 7.71637 7.71637 7.71637 7.71637 7.71637 7.71739 7.72840 7.70823 7.71745 7.73103 7.74557 8.75408 11.2212 11.4327 11.6444 11.8502 11.9120 11.9120 11.9120 11.9120 11.9120 11.9120 11.9120 11.9120 11.5874 11.1218 10.8989 6.29919 5.74821 5.74821 5.74821 5.74821 5.74821 5.74821 5.74821 5.74821 5.74821 5.74821 5.74821 5.74821 5.74821 4.26565 2.63468 2.63468 2.63468 2.63468 2.63468 2.63468 2.70433
11.3605 11.3605 11.3605 11.3605 11.3505 11.2893 11.2212 10.7022 10.4113 10.3431 10.3124 10.3124 10.3124 10.3124 9.47550 7.71742 7.71637 7.71638 7.72374 7.73734 7.75094 7.76454 7.77813 7.79070 7.84094 8.01752 8.27326 8.48493 8.69589 8.97441 11.7529 11.9120 11.9120 11.9120 11.9120 11.9120 11.9120 11.9120 11.9120 11.9120 11.9120 11.9120 11.8105 11.1221 11.0983 7.80112 5.74821 5.74821 5.74821 5.74821 5.74821 5.74821 5.74821 5.74821 5.74821 5.74821 5.74821 5.74821 5.74821 5.11244 2.49648 2.79269 3.88651 5.13319 6.38180 7.62976 8.80808
11.2559 11.1875 11.1194 11.0513 10.9931 10.9859 10.9859 10.7301 10.3124 10.3124 10.3124 10.3124 10.3131 10.3165 9.92307 7.97708 7.77341 7.78699 7.79324 7.81464 7.92259 8.03951 8.15665 8.27368 8.34290 8.48162 8.78307 8.78307 8.78307 8.80448 11.0807 11.9120 11.9120 11.9120 11.9120 11.9120 11.9120 11.9120 11.9120 11.9120 11.9120 11.9192 11.9741 11.3699 11.3115 9.38835 5.74821 5.74821 5.74821 5.74821 5.74821 5.74821 5.74821 5.74821 5.74821 5.74821 5.86886 6.32508 6.81201 7.29272 6.83718 8.92997 9.08411 9.08411 8.94833 8.68560 8.49848
10.9859 10.9859 10.9859 10.9859 10.9859 10.9859 10.9859 10.9240 10.3217 10.3218 10.3254 10.3290 10.3319 10.3322 10.2273 8.50218 8.00468 8.12171 8.23869 8.33437 8.34345 8.34345 8.34345 8.34345 8.34345 8.36604 8.77304 8.78307 8.78307 8.78307 10.2599 11.9120 11.9120 11.9120 11.9120 11.9153 11.9645 12.0282 12.0920 12.1557 12.2195 12.2760 12.2848 11.8403 11.4947 10.7207 5.74969 5.74821 5.74821 5.74821 5.82367 6.04976 6.50815 6.99401 7.48104 7.96690 8.33476 8.36564 8.36564 8.36564 7.87501 9.02695 8.43503 8.31077 8.24887 8.24825 8.24825
10.9859 10.9866 10.9899 10.9935 10.9971 11.0007 11.0043 11.0057 10.4666 10.3322 10.3767 10.4646 10.5523 10.6401 10.7140 9.43155 8.34345 8.34345 8.34345 8.34345 8.34345 8.34345 8.34345 8.34345 8.34345 8.34345 8.67000 8.78307 8.78307 8.78492 9.54213 12.0186 12.0823 12.1461 12.2098 12.2703 12.2848 12.2848 12.2848 12.2848 12.2848 12.2848 12.2848 12.0637 11.5091 11.4065 7.18834 6.68993 7.17728 7.66282 8.07479 8.33583 8.36564 8.36564 8.36564 8.36564 8.36564 8.36564 8.36564 8.36564 7.88580 9.06624 8.31739 8.24825 8.24825 8.24825 8.24825
11.0025 11.0055 11.0057 11.0057 11.0057 11.0111 11.0374 11.0658 10.8473 10.7017 10.7448 10.7448 10.7448 10.7448 10.7448 9.98589 8.34345 8.34345 8.34345 8.34345 8.34345 8.34345 8.34345 8.34345 8.40694 8.60714 9.01361 9.45678 9.66173 9.86472 10.0578 12.0624 12.2848 12.2848 12.2848 12.2848 12.2848 12.2848 12.2947 12.3296 12.3657 12.4379 12.7512 13.0823 12.3827 12.5391 10.4466 8.36564 8.36564 8.36564 8.36564 8.36564 8.36564 8.36564 8.36564 8.36564 8.36564 8.36564 8.36564 8.36564 8.23169 8.30845 8.48980 8.24825 8.24825 8.24825 8.24825
11.0058 11.0250 11.0534 11.0818 11.1101 11.1331 11.1352 11.1352 11.0477 10.7440 10.7314 10.7153 10.6991 10.6830 10.6669 10.3618 8.40689 8.34345 8.36314 8.53589 8.74107 8.94591 9.15074 9.35593 9.49728 9.50203 9.57799 9.94165 9.94165 9.94165 9.94700 11.5461 12.2910 12.3239 12.3601 12.3962 12.4492 12.7335 13.0816 13.4044 13.7263 14.0118 14.0565 14.0565 13.1134 12.7373 11.5650 8.36564 8.36564 8.36564 8.36564 8.36564 8.36564 8.36564 8.36564 8.36564 8.36564 8.36564 8.36564 8.36564 8.36564 8.04740 8.74348 8.24825 8.24825 8.24825 8.24825
11.0781 11.0735 11.0574 11.0412 11.0251 11.0089 10.9928 10.9765 10.9560 10.5836 10.5511 10.5511 10.5511 10.5754 10.6248 10.6064 9.39730 9.28468 9.46982 9.50203 9.50203 9.50203 9.50203 9.50203 9.50203 9.50203 9.50671 9.96166 10.0988 10.1866 10.2745 11.1869 12.7097 13.0346 13.3562 13.6781 13.9828 14.0565 14.0565 14.0565 14.0565 14.0565 14.0565 14.0565 13.4858 12.7373 12.4338 8.43006 8.36564 8.36564 8.36564 8.36564 8.36564 8.36564 8.36564 8.36564 8.36564 8.36564 8.36564 8.36564 8.36564 8.02401 9.05181 8.27388 8.24825 8.24825 8.24825
10.9370 10.9414 10.9414 10.9414 10.9414 10.9414 10.9414 10.9472 10.9898 10.7853 10.6980 10.7473 10.7965 10.8214 10.8214 10.8207 10.0429 9.50203 9.50203 9.50203 9.50203 9.54035 9.62920 9.71737 9.80528 9.89324 9.97851 10.4202 10.9301 11.2519 11.5736 12.1412 14.0440 14.0565 14.0565 14.0565 14.0565 14.0565 14.0565 14.0565 14.0565 14.0565 14.0565 14.0565 13.8584 12.7373 12.6996 9.51811 8.36564 8.36564 8.36564 8.36564 8.36564 8.36564 8.36564 8.36564 8.36564 8.36564 8.36564 8.36564 8.36564 8.04784 8.98882 8.41666 8.40270 9.44072 10.6180
10.9351 10.9414 10.9645 11.0137 11.0631 11.1123 11.1616 11.2051 11.2117 11.0699 10.8214 10.8214 10.8214 10.8214 10.8214 10.8308 10.4352 9.68877 9.77752 9.86419 9.95114 10.0003 10.0625 10.3011 10.5504 10.8001 11.0494 11.4342 12.0003 12.0003 12.0003 12.0363 13.7086 14.0565 14.0565 14.0565 14.0565 14.0565 14.0565 14.0565 14.0565 14.0565 14.0565 14.0565 14.0945 13.5110 14.0619 12.0000 8.36564 8.36564 8.36564 8.36564 8.36564 8.36564 8.36564 8.36564 8.36564 8.36564 8.36564 8.42841 8.82650 9.25120 13.8460 15.8169 14.1893 14.3292 14.3292
10.8034 11.1047 11.2117 11.2117 11.2117 11.2117 11.2117 11.2117 11.2117 11.1788 10.8559 10.9087 10.9644 11.0203 11.0761 11.1225 10.9739 10.0309 10.2261 10.4754 10.7246 10.9744 11.1615 11.1723 11.1723 11.1723 11.1723 11.2164 11.9827 12.0003 12.0003 12.0003 13.1938 14.0565 14.0565 14.0565 14.0565 14.0565 14.0666 14.5421 15.2678 15.9935 16.7196 17.4448 18.1323 17.5253 16.9786 15.2327 8.36564 8.36564 8.36564 8.36564 8.36564 8.32556 8.28468 8.67820 9.12072 9.56359 10.0075 10.3873 10.4323 10.4323 14.2300 17.9211 14.3400 14.3567 14.3661
10.7518 10.9992 11.2117 11.2117 11.2200 11.2701 11.3258 11.3817 11.4375 11.4932 11.2094 11.1274 11.1283 11.2403 11.4273 11.6144 11.7716 11.2564 11.1723 11.1723 11.1723 11.1723 11.1723 11.1723 11.1723 11.1723 11.1723 11.1723 11.7917 12.0003 12.0003 12.0003 12.6431 14.4289 15.1545 15.8802 16.6067 17.3316 18.0475 18.2977 18.2977 18.2977 18.2977 18.2977 18.2977 17.8979 16.9786 16.6688 8.61925 8.13285 8.52287 8.96538 9.40939 9.89226 10.3813 10.4323 10.4323 10.4323 10.3161 9.90323 9.54792 9.25284 9.97459 13.6605 14.2124 14.3707 14.3707
10.6484 10.8723 11.4086 11.4644 11.5120 11.5177 11.5177 11.5177 11.5680 11.7467 11.7430 11.7451 11.9311 12.0063 12.0063 12.0063 12.0063 11.5083 11.1723 11.1723 11.1723 11.1723 11.1723 11.1723 11.1723 11.1723 11.1723 11.4008 12.7302 14.1675 15.1611 16.1540 17.2521 18.2847 18.2977 18.2977 18.2977 18.2977 18.2977 18.2977 18.2977 18.2659 18.0942 17.9058 17.7406 17.6398 16.8427 17.1115 12.6654 10.3793 10.4323 10.4323 10.4323 10.4323 10.2018 9.79188 9.45603 9.17573 8.99094 8.97987 8.97987 8.97987 9.11045 13.4089 14.0042 14.3707 14.3707
10.3141 10.5941 11.4994 11.5263 11.6663 11.8515 12.0366 12.2215 12.3563 12.3626 12.2864 12.0063 12.0063 12.0063 12.0201 12.0616 12.1034 11.8261 11.1723 11.1723 11.1723 11.2303 12.0082 13.0051 13.9987 14.9916 15.9852 16.7502 16.9507 17.6294 17.6294 17.6294 17.6479 18.1908 18.2977 18.2814 18.1251 17.9367 17.7483 17.5726 17.5205 17.5320 17.6832 17.8511 17.9958 18.0147 17.8878 17.8433 15.2053 10.4136 10.0729 9.68682 9.36887 9.10227 8.97987 8.97987 8.97987 8.97987 8.97987 8.97987 8.97987 8.97987 8.97987 12.0208 13.7956 14.3707 14.3707
10.3005 10.8467 12.0097 12.3722 12.4589 12.5009 12.5428 12.5846 12.6265 12.6688 12.7076 12.4258 12.4381 12.4799 12.5082 12.5089 12.6811 12.9247 13.5430 14.6573 15.6508 16.5863 16.8014 16.8014 16.8014 16.8014 16.8014 16.8014 16.8035 17.5422 17.6800 17.7576 17.8351 17.5611 17.4076 17.3563 17.4921 17.6599 17.8278 17.9832 18.0147 18.0147 18.0147 18.0147 18.0147 17.8688 17.0304 16.2169 14.6667 9.04086 8.97987 8.97987 8.97987 8.97987 8.97987 8.97987 8.97987 8.97987 8.97987 8.97987 8.97987 8.97987 8.97987 10.7242 13.6630 14.2959 14.3707
