High_resolution/powerplant/Shangrao/OMI_NO2_200603.asc
ncols      200
nrows      200
xllcorner       115.451
yllcorner       27.0350
cellsize     0.0166667
NODATA_Value      -999.000
[rows 0 to 28 of 175, columns 67 to 133 of 200]
3.44457 3.44432 3.44432 3.44432 3.45488 4.49459 4.88090 5.39947 5.39947 5.39947 5.39947 5.39947 5.39947 5.39947 5.39947 5.39947 5.39652 5.29865 5.17736 5.07714 4.99295 4.94252 4.94102 5.62145 6.53687 7.25948 7.41663 7.19575 7.00357 6.83706 6.74454 6.59078 6.58610 6.58610 6.58610 6.58610 6.58610 6.58610 6.58610 6.58610 6.58610 6.58610 6.58610 6.73050 7.69153 7.69153 7.58387 7.53623 7.53623 7.53623 4.51376 3.80733 3.67919 3.57047 3.04195 2.99475 2.99475 3.42313 4.12038 4.60687 4.96524 5.15531 6.53824 7.32454 7.32454 7.32454 7.32454
3.44432 3.44432 3.44432 3.44432 3.44223 4.17330 4.68162 5.39389 5.39947 5.39947 5.39947 5.39947 5.37171 5.24654 5.13448 5.04135 4.96392 4.94102 4.94102 4.94102 4.94102 4.94102 4.93134 5.21066 6.26067 6.47783 6.75523 6.75321 6.75321 6.75321 6.75321 6.63505 6.58610 6.58610 6.58610 6.58610 6.58610 6.56154 6.52607 6.49146 6.45697 6.42307 6.38975 6.35679 7.11476 7.22216 6.99427 6.50405 6.17410 6.18463 4.57112 3.41908 3.41503 3.56754 4.05084 4.66137 5.00617 5.15932 5.15965 5.15965 5.15965 5.15965 5.84893 7.32454 7.32454 7.32454 7.32454
3.44432 3.44201 3.42457 3.40265 3.37830 3.83174 4.59353 5.07246 5.16108 5.00776 4.88415 4.78154 4.70449 4.66839 4.63711 4.60604 4.57614 4.54633 4.51743 4.49001 4.46702 4.44654 4.42813 4.42066 5.41482 5.57097 5.96847 5.94171 5.91546 5.88943 5.86344 5.78434 5.67566 5.65162 5.62795 5.60437 5.58132 5.57361 5.57361 5.57361 5.57361 5.57361 5.56306 5.53359 5.66429 5.66322 5.36881 4.89771 4.89793 5.31513 5.32874 4.13441 4.41632 4.54366 4.77367 5.15965 5.15965 5.15965 5.15965 5.15965 5.15965 5.15965 5.38360 7.32454 7.25760 6.99244 6.73763
3.09791 3.05617 3.04148 3.03353 3.04594 3.21379 3.90737 4.00068 4.12717 4.12717 4.12717 4.12717 4.12717 4.12717 4.13031 4.15012 4.17019 4.18810 4.20122 4.20235 4.20235 4.20235 4.20235 4.18093 4.96740 5.20393 5.70729 5.70729 5.70729 5.70729 5.70729 5.69623 5.57526 5.57361 5.57361 5.57361 5.57361 5.57144 5.54731 5.51744 5.48757 5.45771 5.43839 5.43801 5.44204 5.50056 5.48286 5.08956 5.17733 5.32971 5.73353 4.02277 3.96641 3.91207 3.89622 4.28208 4.23206 4.17694 4.12380 4.07255 4.02308 3.97529 3.92999 4.26660 4.27930 4.27564 4.27564
3.04244 3.07016 3.09790 3.12400 3.12998 3.13906 3.86592 3.93950 4.12693 4.12717 4.12914 4.14783 4.16815 4.18627 4.20050 4.20235 4.20235 4.20235 4.20235 4.20235 4.20235 4.20235 4.20235 4.18766 4.76528 5.15653 5.63556 5.63081 5.56344 5.49546 5.42748 5.35999 5.19107 5.07779 4.98003 4.88219 4.78467 4.68891 4.61558 4.54747 4.48028 4.47885 4.52353 4.56833 4.63214 4.75208 4.75616 4.62789 4.61510 4.62012 5.18534 3.43802 3.43802 3.43802 3.43802 3.74433 3.84868 3.84868 3.84868 3.84868 3.84868 3.84868 3.84868 4.06083 4.27564 4.27564 4.27564
3.12998 3.12998 3.12998 3.12998 3.12998 3.12998 3.67907 3.89486 4.10202 4.18443 4.19534 4.17564 4.15127 4.12697 4.10244 4.07799 4.05370 4.02933 4.00472 3.98042 3.95613 3.93589 3.92045 3.89674 4.20335 4.66052 4.41350 4.30624 4.27751 4.22659 4.17145 4.11638 4.00310 3.88510 3.85936 3.83390 3.80939 3.85230 3.93978 4.02640 4.11338 4.13336 4.10816 4.08288 4.05751 4.08677 4.08762 3.96410 3.89545 3.87017 4.25892 3.54260 3.43802 3.43802 3.43802 3.61551 3.84868 3.84868 3.84868 3.84868 3.84868 3.84868 3.84868 3.93947 4.10917 3.92293 3.76678
3.08548 3.10640 3.09809 3.07505 3.03978 3.00475 3.27096 3.62562 3.80177 3.98358 3.97212 3.97904 3.98784 3.99669 4.00551 4.01433 4.02321 4.03198 4.04090 4.04963 4.05860 4.06298 4.06298 4.06133 4.02141 3.94554 3.78367 3.49854 3.47188 3.46755 3.46755 3.46755 3.45219 3.40519 3.51698 3.62966 3.74143 3.78546 3.78546 3.78546 3.78546 3.78546 3.78546 3.78546 3.78546 3.81577 3.86605 3.79883 3.72489 3.72489 4.00085 3.73617 3.43802 3.43802 3.43802 3.48759 3.84773 3.84868 3.84868 3.80695 3.71150 3.61587 3.52020 3.43225 3.37534 3.10824 2.83794
2.90777 3.06973 3.04285 3.03075 3.03075 3.03075 3.15807 3.66276 3.74070 4.06298 4.06298 4.06298 4.06298 4.06298 4.06298 4.06298 4.06298 4.06298 4.06298 4.06515 4.09745 4.13940 4.18134 4.22331 4.21756 4.07522 3.97081 3.46765 3.46758 3.50314 3.57048 3.63769 3.70449 3.77472 3.78546 3.78546 3.78546 3.78546 3.78546 3.78546 3.78546 3.78546 3.78546 3.78546 3.78546 3.79243 3.86535 3.82943 3.72489 3.72489 3.89414 3.91008 3.43802 3.43802 3.41998 3.33151 3.56625 3.55082 3.45515 3.39880 3.23055 2.95991 2.68916 2.41885 2.36030 2.39217 2.39217
2.66955 3.03075 3.03075 3.03075 3.03075 3.03075 3.06242 3.59446 3.67391 4.00457 4.06298 4.06298 4.06298 4.06298 4.06298 4.07385 4.11416 4.15609 4.19804 4.23785 4.24754 4.24754 4.24754 4.24754 4.22704 4.13136 4.16074 3.70854 3.69850 3.73020 3.73020 3.73020 3.73020 3.75716 3.78546 3.78546 3.78546 3.78546 3.78546 3.78546 3.78546 3.78546 3.78546 3.78546 3.78546 3.78546 3.84802 3.85415 3.71598 3.70624 3.72822 3.92543 3.17070 3.07507 2.99744 2.98548 3.02482 2.92240 2.65176 2.38358 2.28124 2.28124 2.28124 2.28124 2.32766 2.39217 2.39217
2.49721 3.03075 3.03075 3.03075 3.03075 3.03075 3.03075 3.46191 3.67383 3.87958 4.06327 4.08889 4.13086 4.17279 4.21640 4.25111 4.25620 4.25974 4.26319 4.26674 4.27018 4.29718 4.36705 4.43780 4.45367 4.31383 4.24693 3.88036 3.63257 3.62672 3.62091 3.61513 3.60940 3.61301 3.65310 3.64731 3.64148 3.63570 3.62991 3.62415 3.61840 3.61261 3.60679 3.60096 3.59522 3.57709 3.56159 3.52104 3.34715 3.26754 3.25771 3.81072 2.86418 2.69614 2.52804 2.36633 2.31156 2.28124 2.28124 2.28124 2.28124 2.28124 2.28124 2.28124 2.29517 2.39207 2.39217
2.38626 3.08702 3.09044 3.09401 3.09744 3.10100 3.10505 3.38354 3.83443 3.96518 4.31886 4.33877 4.34220 4.34575 4.34753 4.34753 4.34753 4.36584 4.43084 4.49810 4.56544 4.60923 4.61017 4.61017 4.53548 4.22083 4.13001 3.94015 3.52718 3.52718 3.52718 3.52718 3.52718 3.52719 3.57430 3.58245 3.58245 3.58245 3.58245 3.58245 3.57938 3.55476 3.52600 3.49724 3.46847 3.45207 3.44148 3.39074 3.23098 3.07574 2.97842 3.32851 2.48950 2.37700 2.39716 2.41803 2.43963 2.42639 2.44314 2.46650 2.49072 2.51596 2.54223 2.56959 2.59812 2.75023 2.80963
2.37485 3.07537 3.13226 3.13760 3.14311 3.14862 3.15352 3.31551 3.86250 3.95968 4.30166 4.34753 4.34753 4.36132 4.42433 4.49159 4.55891 4.60786 4.61017 4.61017 4.61017 4.61017 4.61017 4.61017 4.59799 4.25598 4.13001 4.07483 3.56328 3.52718 3.52718 3.52718 3.52556 3.51987 3.54355 3.56332 3.54314 3.50843 3.47379 3.43914 3.40754 3.39751 3.39156 3.38175 3.30113 3.19444 3.08853 2.93466 3.00289 3.23455 3.25406 3.70184 3.35585 2.86351 2.86351 2.86351 2.86351 2.83347 2.80849 2.80849 2.80849 2.80849 2.80849 2.80849 2.80849 2.89761 2.97489
2.45141 2.92599 3.15410 3.15428 3.15428 3.15428 3.15428 3.22649 3.73880 3.98260 4.29734 4.48508 4.55237 4.60584 4.61017 4.61006 4.60464 4.59624 4.58774 4.57936 4.57091 4.56248 4.55402 4.54561 4.53719 4.25319 4.04683 4.01420 3.61617 3.43809 3.42963 3.41366 3.37767 3.34278 3.32020 3.32861 3.30822 3.30214 3.29619 3.28583 3.20460 3.09779 2.99097 2.88898 2.85689 2.85092 2.84499 2.80511 2.82555 3.11034 3.10293 3.35181 3.49078 2.86351 2.86351 2.86351 2.86351 2.85023 2.80849 2.80849 2.80849 2.80849 2.80849 2.80849 2.80849 2.84867 2.96658
2.52746 2.76004 3.15245 3.15032 3.14798 3.15448 3.29121 3.47624 3.99342 4.49119 4.48729 4.44019 4.42497 4.40956 4.39434 4.37900 4.36922 4.36223 4.35542 4.34847 4.34162 4.33473 4.32782 4.32097 4.31402 4.10135 3.84347 3.80885 3.54834 3.13889 3.10669 3.08202 3.07889 3.07889 3.07918 3.12354 3.05265 2.95260 2.85174 2.75540 2.73071 2.73071 2.73071 2.73071 2.73071 2.73071 2.73071 2.71390 2.67595 2.97052 2.99001 3.09407 3.59308 2.86351 2.86351 2.86351 2.86351 2.86288 2.81304 2.80849 2.80849 2.80849 2.75099 2.64157 2.53175 2.42352 2.24299
2.80726 2.69714 3.13673 3.31954 3.50248 3.69066 3.87388 4.03515 4.32235 4.49698 4.32267 4.28476 4.28121 4.28121 4.28121 4.28121 4.28121 4.28121 4.28121 4.28121 4.28121 4.28121 4.28306 4.30032 4.32109 4.20403 3.93669 3.87460 3.76246 3.09468 3.07889 3.07390 2.93874 2.74522 2.55207 2.59861 2.73071 2.73071 2.73071 2.73071 2.73071 2.73071 2.73071 2.73071 2.73071 2.73071 2.73071 2.72873 2.67541 2.89526 2.99001 2.99598 3.68803 2.86351 2.86351 2.86351 2.86351 2.83686 2.69838 2.56752 2.45780 2.34833 2.27943 2.02610 1.69522 1.36461 0.979919
3.69920 3.79523 4.38764 4.52391 4.65397 4.76819 4.78975 4.78975 4.87369 4.79659 4.32317 4.29778 4.28121 4.28121 4.28121 4.28121 4.28121 4.28121 4.28826 4.30871 4.32948 4.35021 4.36912 4.37260 4.37260 4.30284 3.97984 3.87302 3.70150 2.94875 2.57012 2.38180 2.32381 2.32381 2.32381 2.43209 2.73071 2.73071 2.73071 2.73071 2.73071 2.73071 2.73071 2.73071 2.73071 2.73071 2.73071 2.73071 2.69054 2.82345 2.99001 2.99001 3.56973 2.88573 2.65816 2.54854 2.43892 2.35595 2.30387 1.97883 1.64795 1.31748 1.00305 0.925911 0.925911 0.925911 0.893494
4.65635 4.45457 4.74751 4.78975 4.78975 4.78975 4.78975 4.78975 4.83735 4.92136 4.32317 4.31117 4.28121 4.28175 4.29633 4.31709 4.33783 4.35860 4.37229 4.37260 4.37260 4.37260 4.36996 4.35642 4.23794 4.02063 3.52344 3.19017 3.08852 2.71439 2.32047 2.32010 2.31973 2.31936 2.31899 2.32602 2.69705 2.72477 2.72440 2.72403 2.72366 2.72329 2.72291 2.72254 2.72217 2.72180 2.72143 2.72106 2.68202 2.67467 2.83690 2.78157 3.10474 2.76660 2.32454 2.11648 1.87215 1.62910 1.39506 0.945357 0.925911 0.925911 0.925911 0.925911 0.925911 0.925911 0.918954
4.62252 4.44552 4.56264 4.67617 4.66412 4.65183 4.63981 4.62746 4.62779 4.77845 4.22578 4.11337 4.08121 4.08428 4.07585 4.06135 4.04665 4.03223 4.01744 4.00311 3.90201 3.69464 3.48938 3.29493 3.20561 3.20561 3.25511 3.11585 3.10004 2.91253 2.31114 2.31080 2.31080 2.31080 2.31080 2.31080 2.56806 2.71769 2.71769 2.71769 2.71769 2.71769 2.71769 2.71507 2.70033 2.68408 2.66783 2.65158 2.62367 2.47698 2.70335 2.59777 2.68135 2.41915 1.40804 1.37373 1.37373 1.37373 1.37373 1.06945 0.925911 0.925911 0.925911 0.925911 0.925911 0.925911 0.925911
8.76296 7.58649 7.28517 7.28517 7.28200 7.27260 7.26303 7.25084 6.68594 6.13069 6.10582 5.20535 5.25344 5.30867 5.36338 5.41808 5.47477 5.54701 5.66395 5.58293 5.29514 5.13705 5.21141 5.35235 5.49135 5.56427 5.60343 5.64261 5.68164 5.72043 5.75169 5.21373 3.86977 3.87541 3.89134 3.90748 3.92360 3.93115 3.93054 3.92910 3.92910 3.91700 3.78067 3.77903 3.11727 2.78616 2.78616 2.78616 2.78616 2.78616 2.78616 2.78616 2.78616 2.77524 2.65622 2.29819 2.06078 1.96350 1.88762 1.85610 1.85610 1.96388 2.16350 2.19271 2.24815 2.30358 2.35857
8.70784 7.83635 7.18330 7.17019 7.17217 7.18262 7.19320 7.20651 7.19599 7.14237 7.15820 6.56242 6.41333 6.43310 6.45297 6.47274 6.48060 6.42772 6.37948 6.23826 5.44106 5.55584 5.75378 5.75378 5.75378 5.75378 5.75378 5.75378 5.75378 5.75706 5.77215 5.63617 3.92283 3.93093 3.93115 3.93115 3.93115 3.93115 3.93099 3.92911 3.92910 3.92910 3.81382 3.77903 3.43179 2.78616 2.78616 2.78616 2.78616 2.74013 2.59661 2.44992 2.30310 2.16734 2.13967 2.03250 1.87018 1.90246 1.89663 1.88005 1.93536 2.01162 2.34867 2.37981 2.37981 2.37981 2.37981
8.50010 7.91730 7.33324 7.34737 7.34963 7.34963 7.34963 7.34963 7.34328 7.25426 7.25382 6.86894 6.47804 6.41924 6.35776 6.29624 6.24450 6.23872 6.23872 6.30542 5.48315 5.46013 5.75120 5.75378 5.75378 5.75534 5.76895 5.78509 5.80122 5.81410 5.81516 5.81516 4.17227 3.93115 3.93115 3.93115 3.93115 3.93115 3.93115 3.92941 3.92910 3.92910 3.85908 3.77903 3.71894 2.70855 2.53707 2.39038 2.24362 2.14283 2.13967 2.13967 2.13967 2.13967 2.13967 2.12034 1.96334 2.06321 2.11819 2.16961 2.18299 2.19491 2.46076 2.55850 2.57361 2.58902 2.60457
8.64975 8.06838 7.34963 7.34963 7.34963 7.34963 7.34963 7.34963 7.33227 7.20221 7.13864 6.88185 6.24145 6.23872 6.23872 6.23872 6.23872 6.23872 6.23872 6.28419 5.67603 5.43145 5.69394 5.78190 5.79802 5.81262 5.81516 5.81516 5.81516 5.81516 5.81516 5.81516 4.56248 3.93115 3.93115 3.93115 3.93115 3.93115 3.93115 3.93018 3.91645 3.83514 3.70437 3.32370 3.17979 2.42190 2.13967 2.13967 2.13967 2.13967 2.13967 2.15464 2.20811 2.26353 2.31898 2.35521 2.36013 2.42931 2.42975 2.50424 2.54371 2.54371 2.73024 2.95355 2.95355 2.95355 2.95355
8.90892 8.16194 7.44324 7.34963 7.32610 7.27693 7.22771 7.17848 7.14666 7.08489 7.05021 7.01112 6.25207 6.23872 6.23872 6.23872 6.23872 6.23872 6.17186 6.08260 5.91830 5.48771 5.64494 5.81516 5.81516 5.81516 5.81516 5.81516 5.81516 5.81516 5.81516 5.81516 4.95306 3.93115 3.93115 3.93115 3.90241 3.81282 3.72132 3.62891 3.54885 3.53858 3.53846 3.18823 3.13253 2.73648 2.13967 2.15092 2.20270 2.25813 2.31357 2.35402 2.35599 2.35599 2.35599 2.35599 2.35599 2.41861 2.42975 2.47829 2.54371 2.54371 2.60788 2.95355 2.95355 2.95355 2.95355
8.89460 8.19466 7.49903 7.17172 7.14603 7.14603 7.14603 7.14098 7.06731 6.92428 6.75633 6.63933 6.28386 6.23872 6.20650 6.07705 5.94104 5.80518 5.73601 5.73647 6.04795 5.49236 5.54688 5.81516 5.81516 5.81516 5.81516 5.81516 5.81516 5.81516 5.81516 5.81500 5.29251 3.78849 3.69695 3.60537 3.54262 3.54062 3.54062 3.54025 3.53858 3.53858 3.53858 3.28979 2.95218 2.69973 2.30888 2.35234 2.35599 2.35599 2.35599 2.34206 2.31393 2.28575 2.25770 2.22957 2.20135 2.22092 2.21902 2.21802 2.28779 2.26800 2.24894 2.51051 2.53440 2.53202 2.60403
8.22949 8.05157 7.47204 6.88042 6.76826 6.64857 6.52020 6.39052 6.35849 6.33293 6.22862 6.11822 5.98224 5.84635 5.74254 5.73601 5.73601 5.73601 5.73601 5.73601 6.03264 5.49865 5.49252 5.77129 5.81516 5.81516 5.81516 5.81036 5.73967 5.64817 5.55659 5.46517 5.32687 3.55739 3.54062 3.54054 3.53957 3.53837 3.53660 3.52507 3.25265 3.02170 2.80564 2.50514 2.14796 2.11639 2.02750 1.97817 1.94674 1.91510 1.88353 1.86601 1.86256 1.85916 1.85567 1.85229 1.84883 1.68028 1.36335 1.34673 1.51413 1.64584 1.89144 2.15007 2.24989 2.32809 2.31331
7.74729 7.64984 7.16755 6.35849 6.35849 6.35849 6.35804 6.27917 6.14318 6.00417 5.76478 5.73601 5.73601 5.73601 5.73181 5.72437 5.71702 5.70965 5.70229 5.69487 5.82996 5.58720 5.42763 5.58512 5.63338 5.53328 5.43314 5.33783 5.30834 5.29974 5.29118 5.28262 5.27401 3.74299 3.44181 3.43658 3.32590 3.13794 2.95051 2.77316 2.40691 2.29561 2.29561 2.28762 1.91453 1.88956 1.85602 1.81451 1.81451 1.81451 1.81451 1.81451 1.81451 1.81451 1.81451 1.81451 1.84242 1.89692 1.60562 1.89650 2.37944 2.53467 2.53467 2.46265 2.26018 2.26099 2.27919
7.38627 7.34127 6.98008 5.90072 5.67944 5.49919 5.31924 5.21763 5.16013 5.06463 5.35601 5.40837 5.34705 5.28630 5.22987 5.17648 5.12308 5.06983 5.01650 4.95933 4.89618 5.28763 5.25600 5.24213 5.23261 5.23261 5.23261 5.23261 5.23261 5.23261 5.23261 5.23261 5.16001 3.84047 2.98663 2.80277 2.72546 2.72546 2.72546 2.72546 2.50190 2.29561 2.29561 2.29561 2.02900 1.88956 1.87970 1.81460 1.81451 1.81451 1.81451 1.81451 1.90632 2.12360 2.34195 2.56001 2.75026 2.76036 2.31230 2.30528 2.44866 2.53499 2.55126 2.57056 2.34281 2.35176 2.35880
6.22073 5.98414 5.55223 4.68831 4.46579 4.41240 4.35900 4.30575 4.26560 4.26331 4.61294 4.86791 4.86791 4.86791 4.86791 4.86252 4.84891 4.83520 4.82150 4.81152 4.81104 5.10230 5.24348 5.24337 5.23342 5.23261 5.23261 5.23261 5.18856 5.01305 4.82848 4.64406 4.53231 3.76945 2.72546 2.72546 2.72546 2.72546 2.72546 2.72546 2.59691 2.29561 2.29561 2.29561 2.15155 1.88956 1.88956 1.84025 1.99542 2.21348 2.43154 2.64979 2.77605 2.77682 2.77682 2.77682 2.77682 2.77684 2.41951 2.34473 2.45800 2.60053 2.59121 2.57348 2.37988 2.27751 2.26287
5.10651 5.10651 5.01674 4.50485 4.26331 4.26331 4.26331 4.26331 4.26331 4.26331 4.48515 4.86054 4.84684 4.83314 4.81944 4.81113 4.81104 4.81104 4.81104 4.81104 4.81104 4.94177 5.24348 5.24348 5.21410 5.04931 4.86475 4.68047 4.53989 4.53112 4.53112 4.53112 4.53112 4.14362 2.72546 2.72546 2.72546 2.72546 2.72546 2.72546 2.69089 2.29659 2.29561 2.30000 2.29036 2.37093 2.59647 2.76548 2.77682 2.77682 2.77682 2.77682 2.77682 2.77682 2.78565 2.80457 2.82352 2.62558 2.17639 1.97628 2.00208 2.14165 2.14165 2.14165 2.06539 1.93577 1.93577
