High_resolution/powerplant/Shangrao/OMI_NO2_200804.asc
ncols      200
nrows      200
xllcorner       115.451
yllcorner       27.0350
cellsize     0.0166667
NODATA_Value      -999.000
[rows 90 to 119 of 175, columns 66 to 131 of 200]
2.66600 2.66498 1.84932 1.73974 1.73974 1.73974 1.75907 1.85197 1.85197 1.95889 1.99973 1.99973 1.99973 1.98746 1.99884 2.01413 2.02941 2.04467 2.09542 2.19430 2.07410 2.15735 2.30409 2.38104 2.29503 1.99265 1.97344 1.98873 2.00405 2.01937 2.03466 2.04994 2.06520 2.08037 2.08765 1.83715 1.87275 1.96961 2.02304 2.02304 2.10166 2.11709 2.01056 1.85719 1.85719 1.85719 1.85719 1.85719 1.85719 1.85719 1.85719 1.90325 1.83815 1.77647 1.74658 1.73610 1.76144 1.82911 1.88438 1.97189 2.04683 2.05898 2.06238 2.13045 2.23429 2.35477
2.75144 2.76725 2.29384 1.99061 2.01793 2.04424 2.07752 2.30904 2.33981 2.41807 2.49726 2.52022 2.54254 2.42042 2.38445 2.46837 2.55225 2.63613 2.68454 2.68482 2.64959 2.61184 2.61184 2.61184 2.56519 2.20239 2.08148 2.08148 2.08148 2.08148 2.10404 2.16236 2.23416 2.32195 2.35315 1.96307 1.91690 1.94112 2.02304 2.02304 2.07458 2.11804 2.16000 2.02045 2.11281 2.19925 2.28039 2.35656 2.42833 2.49602 2.55899 2.58945 2.51552 2.21105 2.18806 2.14789 2.06473 2.04716 2.05891 2.11282 2.21393 2.33109 2.46251 2.50182 2.50182 2.50182
2.91969 2.91969 2.70493 2.22499 2.22499 2.22499 2.22499 2.41467 2.46606 2.55420 2.71331 2.79719 2.88107 2.85116 2.68482 2.68482 2.68482 2.68482 2.68482 2.68482 2.66866 2.61184 2.61184 2.61184 2.60990 2.31775 2.09225 2.14427 2.21176 2.29614 2.35298 2.35315 2.35315 2.36714 2.40014 2.08963 1.93700 1.94496 2.06363 2.08409 2.48684 2.98760 3.01349 2.62515 2.59451 2.59359 2.58956 2.58528 2.58101 2.57674 2.57337 2.57312 2.57312 2.25263 2.20311 2.18346 2.19729 2.23727 2.41173 2.50182 2.50182 2.50182 2.50182 2.50182 2.50182 2.50182
2.91969 2.91969 2.88634 2.24294 2.25837 2.32128 2.38416 2.62665 2.83710 2.85878 2.95129 2.95462 2.95462 2.91444 2.68482 2.68482 2.68482 2.68482 2.68482 2.68482 2.68269 2.61490 2.61184 2.61184 2.61783 2.47140 2.42279 2.47078 2.51854 2.57386 2.63923 2.71699 2.81158 2.87135 2.87135 2.45486 1.99886 1.99886 2.08754 2.11709 2.32487 3.00668 3.00098 2.68212 2.57710 2.57500 2.57605 2.57733 2.57864 2.57992 2.58121 2.58252 2.58379 2.48597 2.51724 2.53881 2.47467 2.39322 2.46133 2.52814 2.52986 2.53160 2.53330 2.53505 2.53676 2.53848
2.81958 2.72983 2.64008 2.50831 2.52091 2.52091 2.52091 2.64800 2.85611 2.85611 2.92998 2.95462 2.95462 2.95346 2.70311 2.68482 2.69380 2.71036 2.72688 2.74345 2.75996 2.75904 2.77418 2.79900 2.81782 2.83456 2.87135 2.87135 2.87135 2.87135 2.87135 2.87135 2.87135 2.87135 2.87135 2.57716 1.71895 1.52388 1.63249 2.08205 2.08210 2.93884 2.98504 2.77221 2.60900 2.60903 2.60903 2.60903 2.60903 2.60903 2.60903 2.60903 2.60903 2.60903 2.60903 2.57986 2.52505 2.41199 2.45434 2.54970 2.54970 2.54970 2.54970 2.54970 2.54970 2.54970
2.51042 2.51042 2.51042 2.51515 2.52091 2.52091 2.52091 2.58780 2.83770 2.81339 2.89297 3.01899 3.03553 3.05207 2.87323 2.81536 2.82290 2.82290 2.82290 2.82290 2.82290 2.82152 2.81896 2.81896 2.81896 2.82538 2.87135 2.87135 2.87135 2.87135 2.83743 2.49376 2.17909 1.94606 1.76638 1.61204 1.19125 1.18925 1.23890 2.05759 2.07433 2.77747 2.98504 2.85355 2.60903 2.60903 2.60903 2.60903 2.60903 2.60903 2.60903 2.60903 2.60903 2.60903 2.60903 2.59911 2.54020 2.42706 2.42990 2.54970 2.54970 2.54970 2.54970 2.54970 2.54969 2.54882
2.44359 2.42148 2.39933 2.37891 2.36554 2.34346 2.32128 2.31380 2.65948 2.66225 2.77546 3.09270 3.09270 3.09270 2.95464 2.82290 2.82290 2.82290 2.82290 2.82290 2.82290 2.82245 2.81896 2.81896 2.81896 2.81347 2.55721 2.21949 1.97658 1.79017 1.65176 1.62549 1.62549 1.62549 1.62549 1.62549 1.25406 1.18925 1.18925 1.85859 2.07317 2.57315 2.97262 2.92651 2.59074 2.58580 2.58110 2.57646 2.57183 2.56717 2.56250 2.55787 2.55323 2.54855 2.54389 2.53926 2.47512 2.37831 2.32920 2.51571 2.52623 2.52545 2.52470 2.52686 2.55398 2.59137
2.23422 2.23422 2.23422 2.23424 2.24340 2.24470 2.24470 2.24470 2.58545 2.66225 2.67999 3.08356 3.09270 3.09270 3.01197 2.82290 2.82290 2.82290 2.82290 2.82281 2.81305 2.77612 2.48103 2.24079 2.08348 1.95104 1.62080 1.44713 1.42372 1.40031 1.37691 1.35350 1.33018 1.30692 1.28351 1.26010 1.08771 0.999554 0.990239 1.40145 1.85784 2.14589 2.83995 2.83995 2.53285 2.50021 2.50021 2.50021 2.50021 2.50021 2.50021 2.50021 2.50021 2.50021 2.50021 2.48431 2.41450 2.33310 2.31292 2.51046 2.60642 2.65002 2.69886 2.74881 2.76001 2.76039
2.23422 2.23263 2.21558 2.19435 2.17879 2.16092 2.13790 2.11396 2.33361 2.48407 2.45684 2.83974 2.94066 2.92253 2.86990 2.57904 2.55255 2.49832 2.44269 2.38714 2.34119 2.32236 1.94892 1.69376 1.69376 1.69376 1.48058 1.15735 1.15735 1.15735 1.15735 1.15735 1.15735 1.15735 1.15735 1.15735 1.07676 0.971610 0.971610 1.14348 1.85669 1.88633 2.81270 2.83995 2.59186 2.49918 2.47762 2.44800 2.41838 2.38874 2.35918 2.32956 2.29997 2.27683 2.27640 2.29380 2.29468 2.26695 2.46416 2.62840 2.76039 2.76039 2.76039 2.75878 2.75201 2.74536
1.79141 1.75852 1.75205 1.75205 1.75628 1.76602 1.76602 1.76602 1.90533 2.15301 2.15301 2.49225 2.74288 2.68270 2.62252 2.37161 2.32383 2.32236 2.32236 2.32236 2.32236 2.32236 2.12754 1.69376 1.69376 1.69376 1.59328 1.15735 1.15735 1.15735 1.15735 1.15735 1.15735 1.15735 1.15735 1.15735 1.11567 0.971610 0.971610 0.976124 1.77533 1.85669 2.46949 2.56392 2.38464 2.23502 2.22699 2.22699 2.23347 2.26266 2.29380 2.32495 2.35610 2.38077 2.38273 2.38305 2.38321 2.28169 2.46690 2.57056 2.73005 2.72503 2.72033 2.71686 2.71660 2.71660
1.75205 1.75205 1.75205 1.75205 1.75265 1.76561 1.76570 1.74092 1.76780 1.99503 1.93488 2.06798 2.51601 2.51601 2.51601 2.37162 2.32236 2.32236 2.32236 2.32236 2.32236 2.32236 2.29112 1.70868 1.69376 1.69376 1.67963 1.17517 1.15735 1.15735 1.15735 1.15735 1.15735 1.15735 1.15735 1.15735 1.15103 0.975221 0.971610 0.971610 1.53116 1.85669 2.22949 2.48429 2.44049 2.29380 2.32495 2.35610 2.38077 2.38273 2.38273 2.38273 2.39018 2.42838 2.44562 2.46202 2.47529 2.43789 2.54550 2.63980 2.84525 2.86089 2.87683 2.89268 2.90831 2.92447
1.75205 1.75205 1.72120 1.61213 1.49928 1.56208 1.59290 1.57758 1.59024 1.86868 1.87035 1.90849 2.50878 2.51601 2.51601 2.40956 2.32236 2.32236 2.32236 2.32180 2.31146 2.29763 2.28380 1.80370 1.62752 1.61369 1.59986 1.28647 1.15735 1.15735 1.15735 1.15735 1.15735 1.15735 1.15735 1.15735 1.15735 1.00789 0.997135 1.13726 1.54157 2.05261 2.30094 2.68068 2.67414 2.71204 2.72851 2.74453 2.76025 2.77606 2.79204 2.80767 2.82022 2.77709 2.77450 2.77450 2.77450 2.77468 2.84976 2.93653 3.14030 3.15569 3.15569 3.15569 3.15569 3.15569
1.43518 1.32218 1.24018 1.23631 1.23631 1.38647 1.57758 1.57758 1.57758 1.81327 1.87035 1.88089 2.38524 2.47192 2.45118 2.37816 2.25148 2.23764 2.22381 2.21056 2.20710 2.20710 2.20710 1.91937 1.57849 1.57849 1.57849 1.39535 1.15735 1.15735 1.15735 1.15735 1.15735 1.17202 1.30159 1.45571 1.60954 1.65319 1.70630 1.72015 1.75557 2.16424 2.20091 2.67680 2.68330 2.80531 2.82181 2.82181 2.82181 2.82181 2.82181 2.82181 2.82181 2.78690 2.77450 2.77450 2.77450 2.77457 2.81171 2.93587 3.09574 3.15569 3.15569 3.15569 3.15569 3.15569
1.24115 1.24225 1.24335 1.25125 1.28926 1.38307 1.71369 1.75526 1.79700 2.06688 2.30078 2.35090 2.34877 2.34311 2.34311 2.33521 2.20858 2.20710 2.20710 2.20710 2.20710 2.20710 2.20710 2.09809 1.57849 1.57849 1.57849 1.48660 1.16423 1.28018 1.43423 1.58821 1.74211 1.88156 1.90589 1.90589 1.90589 1.83438 1.72015 1.72015 1.72015 2.07384 2.16816 2.60396 2.68330 2.78092 2.82181 2.82176 2.81710 2.80983 2.80258 2.79523 2.78796 2.76123 2.73579 2.72991 2.72412 2.71825 2.70311 2.84568 2.97348 3.09040 3.08626 3.08221 3.07813 3.07401
1.47894 1.51971 1.56031 1.59398 1.59754 1.59761 1.89304 1.93881 1.93881 2.09155 2.35600 2.35600 2.35190 2.34311 2.34311 2.34311 2.22542 2.20710 2.20710 2.20710 2.20710 2.20710 2.20710 2.20559 1.70735 1.74871 1.85117 1.94417 1.86678 1.90337 1.90250 1.90157 1.90059 1.89955 1.89845 1.89728 1.89602 1.82020 1.51606 1.50156 1.48693 1.70002 1.90584 2.28246 2.48892 2.57551 2.66152 2.65427 2.65163 2.65163 2.65163 2.65163 2.65163 2.64854 2.63835 2.63835 2.63835 2.63835 2.61863 2.70988 2.80883 2.97110 2.94407 2.91702 2.88988 2.86286
1.59754 1.59754 1.59754 1.59754 1.59754 1.59754 1.79523 1.93881 1.93881 2.02016 2.35600 2.35600 2.35498 2.34317 2.34311 2.34311 2.28828 2.27015 2.27710 2.26614 2.22097 2.17315 2.12311 2.07137 2.10573 2.14460 2.14853 2.14874 1.96215 1.87670 1.87670 1.87670 1.87670 1.87670 1.87670 1.87670 1.87670 1.86472 1.39132 1.37978 1.37978 1.48166 1.82779 2.07916 2.45638 2.51215 2.65163 2.65163 2.65163 2.65043 2.63276 2.60993 2.58711 2.56433 2.54976 2.53196 2.51117 2.48150 2.43298 2.44986 2.53153 2.77781 2.77781 2.77781 2.77781 2.77781
1.59754 1.59754 1.59754 1.59754 1.59754 1.59754 1.69735 1.93881 1.93881 1.95912 2.35468 2.35600 2.35600 2.34529 2.33458 2.28066 2.22005 2.15945 2.09884 2.05948 2.05871 2.05871 2.05871 2.05871 2.08789 2.14874 2.14874 2.14874 2.03951 1.87670 1.87670 1.87670 1.87670 1.87670 1.87670 1.87670 1.87670 1.87670 1.44805 1.37978 1.37978 1.38583 1.79782 1.89387 2.33241 2.31511 2.51106 2.49089 2.46806 2.44644 2.44126 2.43733 2.42038 2.40046 2.41377 2.40903 2.39526 2.39439 2.39439 2.40322 2.40634 2.58134 2.53242 2.45705 2.38169 2.30632
1.59754 1.59754 1.59754 1.59754 1.59754 1.59754 1.61071 1.92755 1.93881 1.93781 2.23939 2.25159 2.19096 2.12281 2.06539 2.05871 2.05871 2.05871 2.05871 2.05871 2.05871 2.05871 2.05871 2.05871 2.06403 2.14718 2.14874 2.14874 2.09455 1.87670 1.87670 1.87670 1.87670 1.87670 1.87670 1.87670 1.87670 1.87670 1.52421 1.37978 1.37978 1.37978 1.67792 1.82779 2.13431 2.17589 2.39921 2.42057 2.40060 2.37847 2.35354 2.33463 2.37240 2.42049 2.33599 2.10036 2.02500 1.94958 1.87427 1.82687 1.92312 2.10921 2.18247 2.17222 2.16194 2.15181
1.59754 1.59754 1.59754 1.59754 1.59754 1.60729 1.63662 1.80509 1.80084 1.76140 1.93611 2.07159 2.07159 2.06716 2.05871 2.05871 2.05871 2.05871 2.05871 2.05871 2.05871 2.05871 2.05871 2.06052 2.06917 2.14685 2.17782 2.18711 2.18250 1.87789 1.87670 1.87670 1.87670 1.87670 1.87670 1.87670 1.87670 1.87670 1.62387 1.37978 1.37978 1.36938 1.46539 1.56514 1.86486 2.05486 2.22784 2.31091 2.34558 2.37753 2.40737 2.43356 2.43217 2.42203 2.24994 1.59047 1.58036 1.57014 1.55980 1.54966 1.62704 1.78111 1.92155 1.92155 1.92155 1.92155
1.59981 1.62310 1.65549 1.69392 1.74022 1.77488 1.77549 1.76146 1.74921 1.74921 1.87096 2.07159 2.07159 2.07028 2.05872 2.06292 2.07220 2.08151 2.09083 2.10012 2.10941 2.11873 2.12804 2.13553 2.13617 2.17911 2.22620 2.22620 2.22620 1.96719 1.87670 1.87670 1.87670 1.87670 1.87670 1.87670 1.87670 1.87670 1.69457 1.15896 1.60426 1.89292 2.01896 2.12682 2.30119 2.42649 2.38942 2.34912 2.34912 2.34912 2.34912 2.34912 2.34912 2.34912 2.33983 1.58638 1.53813 1.53813 1.53813 1.53813 1.60010 1.72419 1.92155 1.92155 1.92155 1.92155
1.76574 1.77549 1.77549 1.77549 1.77549 1.77566 1.78170 1.79833 1.79684 1.82423 1.92204 2.21769 2.25046 2.28302 2.15830 2.13616 2.13617 2.13617 2.13617 2.13617 2.13617 2.13617 2.13617 2.13617 2.13617 2.15368 2.22620 2.22620 2.22620 2.07242 1.87670 1.87670 1.87670 1.87670 1.87670 1.87670 1.87670 0.00000 0.882851 0.882851 1.77797 2.20369 2.20369 2.20369 2.24099 2.42649 2.40692 2.34912 2.34912 2.34912 2.34912 2.34912 2.34912 2.34912 2.34912 1.77860 1.54036 1.54181 1.54325 1.54470 1.58310 1.67653 1.91532 1.91485 1.91409 1.91333
2.06280 2.10396 2.14528 2.18643 2.22749 2.26840 2.30354 2.32071 2.13284 2.11269 2.12509 2.33199 2.33222 2.33222 2.21186 2.13617 2.13617 2.13617 2.13617 2.13617 2.13617 2.13617 2.13617 2.13617 2.13617 2.13663 2.21858 2.25358 2.30062 2.28696 1.87670 1.87670 0.00000 0.00000 0.00000 0.00000 0.00000 0.00000 0.00000 0.924993 1.47289 2.23232 2.23525 2.23814 2.24103 2.43596 2.45256 2.37389 2.37358 2.37504 2.37649 2.37793 2.37939 2.38084 2.38228 2.01240 1.57195 1.57195 1.57195 1.57195 1.58390 1.67854 1.86335 1.86934 1.82004 1.77060
2.32071 2.32071 2.32071 2.32071 2.32071 2.32071 2.32071 2.32071 2.18094 2.11269 2.11269 2.29615 2.33222 2.33222 2.25949 2.13617 2.13617 2.13617 2.13617 2.13617 2.13617 2.13617 2.09273 1.99099 1.88902 1.78699 2.09779 2.57569 2.57569 2.57569 0.00000 0.00000 0.00000 0.00000 0.00000 0.00000 0.00000 0.00000 0.00000 1.01815 1.10944 2.25528 2.27134 2.27134 2.27134 2.41753 2.47159 2.39762 2.38295 2.38295 2.38295 2.38295 2.38295 2.38093 2.36045 2.16579 1.49971 1.47486 1.45000 1.42515 1.40028 1.37129 1.39505 1.41628 1.41628 1.41628
2.32071 2.32071 2.32071 2.32071 2.32071 2.32071 2.32071 2.32071 2.24135 2.11269 2.11269 2.24295 2.33222 2.33222 2.30713 2.13617 2.13617 2.11637 2.02163 1.91961 1.81758 1.71560 1.65702 1.65673 1.65673 1.65673 1.84964 2.57569 2.57569 2.57569 2.57569 0.00000 0.00000 0.00000 0.00000 0.00000 0.00000 0.00000 0.00000 1.01815 1.01815 2.10094 2.27134 2.27134 2.27994 2.38132 2.40166 2.32746 2.28082 2.25595 2.23107 2.20620 2.18135 2.15851 2.15412 2.14236 1.38594 1.34312 1.34312 1.34312 1.34312 1.32611 1.35686 1.45294 1.50832 1.56911
2.29922 2.32071 2.32071 2.32071 2.32071 2.32071 2.32071 2.32071 2.30890 2.11730 2.11269 2.19819 2.32690 2.24827 2.14628 1.87081 1.74619 1.66397 1.65673 1.65673 1.65673 1.65673 1.65673 1.65673 1.65673 1.65673 1.69233 2.55660 2.57569 2.57569 2.57569 0.00000 0.00000 0.00000 0.00000 3.29142 3.29142 3.29142 3.29142 2.91087 1.82407 2.29994 2.55678 2.58578 2.60870 2.53670 2.16648 2.16093 2.15412 2.15412 2.15412 2.15412 2.15412 2.15412 2.15412 2.13870 1.58967 1.43173 1.47411 1.51970 1.56890 1.60854 1.70191 1.98415 1.98415 1.98415
2.22687 2.32071 2.32071 2.32071 2.32071 2.32071 2.32071 2.32071 2.31857 2.08295 1.94111 1.89462 1.87613 1.85278 1.85278 1.72694 1.65673 1.65673 1.65673 1.65673 1.65673 1.65673 1.65673 1.65673 1.65673 1.65673 1.65673 2.26080 2.63934 2.68545 2.85315 3.29142 3.29142 3.29142 3.29142 3.29142 3.29142 3.29142 3.29142 3.29142 2.22920 2.31237 2.61137 2.61137 2.61137 2.60910 2.19975 2.16312 2.12178 2.06710 2.00663 1.93963 1.86483 1.78077 1.68578 1.61210 1.60269 1.59506 1.58704 1.57889 1.57050 1.55362 1.51858 1.89009 1.88773 1.88042
2.15239 2.32071 2.32071 2.32001 2.31633 2.31293 2.31009 2.30768 2.30657 2.08356 1.79306 1.79693 1.85278 1.85278 1.85278 1.77454 1.65673 1.65673 1.65717 1.67277 1.69581 1.71883 1.74186 1.76490 1.78792 1.81095 1.83401 2.21698 2.95867 2.95867 3.01485 3.29142 3.29142 3.29142 3.29142 3.29142 3.29142 3.29142 3.29142 3.29142 2.38115 2.19020 2.51357 2.46468 2.40596 2.34050 1.84227 1.53219 1.48746 1.48746 1.48746 1.48746 1.48746 1.48746 1.48746 1.48746 1.48746 1.48746 1.48746 1.48746 1.48746 1.48708 1.43831 1.74042 1.85129 1.85129
2.10808 2.31125 2.30867 2.30678 2.30657 2.30657 2.30657 2.30657 2.30657 2.23027 1.79321 1.79573 1.85253 1.86681 1.87187 1.85744 1.79517 1.81819 1.84079 1.84822 1.84822 1.84822 1.84822 1.84822 1.84822 1.84822 1.84822 1.98273 2.95867 2.95867 2.96033 3.26606 3.29142 3.26661 3.16310 3.07479 3.00374 2.94542 2.89649 2.85511 2.48509 2.21913 2.17540 2.15478 2.15478 2.15478 1.85109 1.48746 1.48746 1.48746 1.48746 1.48746 1.48746 1.48746 1.48746 1.48746 1.48746 1.48746 1.48746 1.48746 1.48746 1.48746 1.45449 1.64946 1.85781 1.85995
2.20525 2.44744 2.47131 2.48466 2.49942 2.51458 2.53014 2.54618 2.56258 2.57944 1.97591 1.88128 1.89073 1.89286 1.89286 1.89275 1.85210 1.84822 1.84822 1.84822 1.84822 1.84822 1.84822 1.84822 1.84822 1.84822 1.84328 1.84172 2.69835 2.76776 2.73073 2.83165 2.85070 2.82199 2.81962 2.81962 2.81962 2.81962 2.81962 2.81962 2.62977 2.26424 2.26895 2.27793 2.30875 2.34120 2.20229 1.59353 1.60915 1.62587 1.64340 1.66184 1.68172 1.70273 1.72484 1.74888 1.77449 1.80151 1.83116 1.86299 1.89693 1.93433 1.90738 1.87349 1.88787 1.88787
2.51288 2.62702 2.66179 2.66313 2.66313 2.66313 2.66313 2.66313 2.66313 2.66313 2.21760 1.89286 1.89286 1.89286 1.89286 1.89286 1.86286 1.84822 1.84822 1.84526 1.82727 1.80942 1.79371 1.77974 1.76738 1.79870 1.87290 1.97888 2.56395 2.65324 2.65324 2.72775 2.81962 2.81962 2.81962 2.81962 2.81962 2.81962 2.81962 2.81962 2.81962 2.81962 2.89090 3.29142 3.29142 3.29142 3.26393 2.01083 1.95677 1.95677 1.95677 1.95677 1.95677 1.95677 1.95677 1.95677 1.95677 1.95677 1.95677 1.95677 1.95677 1.95677 1.92767 1.88026 1.90977 1.91499
