High_resolution/powerplant/Shangrao/OMI_NO2_200606.asc
ncols      200
nrows      200
xllcorner       115.451
yllcorner       27.0350
cellsize     0.0166667
NODATA_Value      -999.000
[rows 30 to 59 of 175, columns 0 to 65 of 200]
0.380722 0.380722 0.607670 1.02443 1.48767 1.43229 1.37557 1.58309 1.58309 1.58309 1.57235 1.57074 1.57074 1.57074 1.57074 1.57074 1.57119 1.55383 1.50008 1.43629 1.44551 1.39578 1.06194 0.00000 1.71906 1.71906 1.71906 1.71906 1.71906 1.71906 1.71906 1.71906 1.71906 1.71906 1.71906 1.72424 1.91968 1.57671 1.53659 1.70485 1.87321 2.03665 2.08505 2.41565 2.72392 2.72392 2.72392 2.72392 2.72392 2.72392 2.48292 2.55510 2.56405 2.60558 3.18898 3.12847 3.09949 2.97283 2.98886 3.00306 3.01447 3.02587 3.14208 3.23156 3.23378 3.25336
0.380722 0.380722 0.465426 1.02443 1.34648 1.57648 1.24680 1.58306 1.58309 1.58309 1.57599 1.57317 1.54835 1.49073 1.42241 1.33979 1.24237 1.17328 1.13134 1.08128 1.03785 1.14277 0.872971 0.00000 1.77366 1.71906 1.71906 1.71906 1.71906 1.71906 1.71906 1.69373 1.56807 1.41427 1.22785 0.966326 0.495837 0.836836 2.08505 2.08505 2.08505 2.08505 2.08505 2.22580 2.72392 2.72392 2.72392 2.72573 2.75651 2.79725 2.68852 2.70832 2.76219 2.78347 3.25675 3.32429 3.22599 3.08325 3.04959 3.04959 3.04959 3.04959 3.10244 3.23378 3.23961 3.26099
0.380722 0.381156 0.442401 0.946938 1.07468 1.60346 1.17538 1.44659 1.39313 1.27378 1.13112 0.957214 0.822259 0.750875 0.673353 0.589265 0.497311 0.409781 0.416230 0.448163 0.480121 0.556652 0.573413 0.573413 1.94233 1.71906 1.68203 1.54948 1.38018 1.14654 0.868225 0.596151 0.515523 0.453941 0.401107 0.394451 0.364539 0.305891 1.98586 2.08505 2.08505 2.08505 2.08505 2.10391 2.72385 2.81923 2.86001 2.89894 2.90895 2.90895 2.86424 2.78774 2.81491 2.79214 3.09262 3.28170 3.13452 3.10990 3.13572 3.15062 3.16592 3.18170 3.20835 3.45822 3.48194 3.48230
1.68473 1.78597 1.82704 0.962799 0.573413 0.797387 0.506122 0.397445 0.396688 0.396688 0.406190 0.437315 0.469248 0.501205 0.533236 0.565169 0.597127 0.628913 0.641573 0.641573 0.641573 0.618549 0.573413 0.573413 1.38679 0.768426 0.512309 0.442872 0.396961 0.394451 0.394451 0.405075 0.441424 0.474935 0.504816 0.512367 0.383356 0.296616 1.66235 2.11427 2.15512 2.19251 2.20808 2.20693 2.53742 2.70449 2.66273 2.62391 2.58770 2.55405 2.52197 2.50779 2.57100 2.56790 2.74638 3.08351 3.00405 3.04857 3.20256 3.18989 3.17729 3.17573 3.18216 3.36193 3.44506 3.45274
1.82704 1.82704 1.82700 1.29355 0.813563 0.913293 0.796803 0.554321 0.586254 0.618211 0.640716 0.641573 0.641573 0.641573 0.641573 0.641573 0.641573 0.641573 0.641573 0.641573 0.641573 0.631613 0.573413 0.573413 0.537573 0.465477 0.493692 0.521626 0.546794 0.569555 0.590253 0.604393 0.605096 0.605096 0.610373 0.633848 0.495559 0.547687 1.44744 2.26494 2.18577 2.03512 2.03334 2.03334 2.17449 2.46268 2.46268 2.46268 2.46268 2.46268 2.46268 2.45941 2.56285 2.56790 2.59932 2.84413 2.81398 2.81990 3.02747 3.04679 3.06581 3.07374 3.07374 3.16355 3.30691 3.31614
1.82332 1.82292 1.82259 1.66731 1.19568 1.19568 1.13430 0.641795 0.641573 0.641573 0.641573 0.641573 0.641573 0.641573 0.641573 0.641573 0.641573 0.641573 0.641573 0.641573 0.641573 0.640402 0.577229 0.573413 0.759337 0.639842 0.605096 0.605096 0.605096 0.605108 0.619510 0.646723 0.673947 0.701146 0.723093 0.725024 0.631588 0.616116 0.862359 2.25466 2.24520 2.03487 2.03334 2.03334 2.05670 2.45275 2.46268 2.46268 2.46268 2.46268 2.46894 2.47837 2.56404 2.60150 2.61147 2.88888 2.90798 2.85735 3.04070 3.07738 3.07900 3.08071 3.08253 3.11890 3.36986 3.36986
1.82250 1.82250 1.82250 1.79580 1.20571 1.19568 1.19568 0.719757 0.641573 0.641573 0.641573 0.641573 0.641573 0.641573 0.641573 0.641573 0.641573 0.641573 0.641573 0.641573 0.641573 0.641573 0.600380 0.573413 0.759337 0.685305 0.630569 0.657792 0.685016 0.712203 0.725024 0.725024 0.725024 0.725024 0.725024 0.725024 0.670376 0.595514 0.656397 2.06125 2.26494 2.06378 2.03334 2.03334 2.03357 2.35948 2.49038 2.50702 2.52365 2.54026 2.55063 2.54282 2.55692 2.58002 2.56490 2.79165 2.91098 2.83377 2.98073 3.08788 3.12920 3.18599 3.25841 3.36323 3.46146 3.50661
1.82250 1.82250 1.82250 1.82250 1.31755 1.19568 1.19568 0.859061 0.641573 0.641573 0.641573 0.641573 0.641573 0.641573 0.641573 0.641573 0.641573 0.641573 0.641573 0.639831 0.629343 0.619032 0.584830 0.536834 0.759337 0.754318 0.725127 0.725024 0.725024 0.725024 0.725024 0.725024 0.725024 0.725024 0.725024 0.725024 0.702050 0.580784 0.656397 1.72459 2.28902 2.14636 2.08266 2.09928 2.11567 2.30871 2.55077 2.55077 2.55077 2.55077 2.55077 2.55009 2.52238 2.52130 2.52130 2.70332 2.97726 2.96175 3.13825 3.51390 3.58791 3.64582 3.68732 3.68921 3.69017 3.69112
1.82250 1.82250 1.82250 1.82250 1.45602 1.19568 1.19568 0.998904 0.641573 0.641573 0.641573 0.641573 0.641573 0.638258 0.627132 0.617120 0.608396 0.600716 0.593907 0.588620 0.587962 0.587962 0.576771 0.526474 0.759337 0.759337 0.729983 0.725024 0.725024 0.725024 0.725024 0.725024 0.725024 0.757888 0.816347 0.871377 0.922796 0.762404 0.640911 1.26961 2.39709 2.27443 2.12143 2.12143 2.12143 2.18105 2.55069 2.55077 2.55077 2.55077 2.55509 2.59562 2.60463 2.63507 2.68453 2.79887 3.15317 3.16111 3.23231 3.69281 3.69281 3.69281 3.69281 3.69281 3.69281 3.69281
1.82250 1.82250 1.82250 1.82250 1.59459 1.19568 1.19568 1.14374 0.645125 0.646957 0.649540 0.652293 0.622638 0.590442 0.590599 0.591034 0.591493 0.591977 0.592483 0.593024 0.593592 0.601402 0.647039 0.502893 0.917017 0.991075 0.989510 0.987859 1.03317 1.07622 1.11701 1.15868 1.22120 1.27074 1.30641 1.34549 1.38851 1.34955 0.656397 0.689501 2.32776 2.35220 2.12143 2.12143 2.12143 2.12143 2.50187 2.62477 2.68581 2.75887 2.83849 2.85395 2.77770 2.72159 2.72159 2.73310 3.10799 3.18339 3.22395 3.66660 3.69281 3.69281 3.69281 3.69281 3.69281 3.69281
1.60436 1.57636 1.54833 1.52037 1.49610 1.69979 1.76802 1.81683 0.873196 0.709733 0.709733 0.709733 0.677200 0.596158 0.631427 0.683751 0.735994 0.788357 0.840601 0.892964 0.945168 0.990005 0.995570 0.684426 1.39331 1.40401 1.40115 1.27752 1.31383 1.35367 1.39753 1.44068 1.44802 1.44802 1.44837 1.46309 1.48525 1.50174 0.656397 0.656397 2.03041 2.40059 2.17433 2.18357 2.21663 2.24992 2.55067 2.95730 3.02861 3.10728 3.19543 3.29396 3.27183 3.06644 3.12714 3.19350 3.51787 3.69281 3.69281 3.69281 3.69281 3.69281 3.69281 3.69212 3.65434 3.61701
1.42480 1.42480 1.42480 1.42480 1.42523 1.75823 1.82087 1.83085 1.30201 1.05978 1.16435 1.26900 1.37170 1.00536 0.995570 0.995570 0.995570 0.995570 0.995570 0.995570 0.995570 0.995570 0.995570 0.821664 1.75813 1.83764 1.84163 1.48504 1.47738 1.49952 1.52164 1.54379 1.56593 1.58808 1.60986 1.61726 1.61726 1.63412 0.946420 0.882654 1.83585 2.60599 2.51570 2.51532 2.55540 2.59888 2.83171 4.13778 4.13778 4.13778 4.13778 4.13778 4.10031 3.31447 3.29732 3.29732 3.39177 3.66311 3.64293 3.49732 3.36950 3.34277 3.32268 3.30954 3.32890 3.33168
1.43305 1.43818 1.44332 1.44845 1.45360 1.68758 1.89316 1.89346 1.75999 1.51040 1.51040 1.51040 1.51040 1.11096 0.995570 0.995570 0.995570 0.995570 0.995570 0.995570 0.995570 0.995570 0.995570 0.920337 2.00884 2.04212 2.07530 1.76623 1.61726 1.61726 1.61726 1.61726 1.61780 1.63977 1.67287 1.70595 1.73906 1.76346 1.48206 1.09352 1.35687 2.61222 2.61565 2.61565 2.61565 2.61565 2.62878 3.95440 4.13778 4.13778 4.13778 4.13778 4.13778 3.39810 3.17840 3.06288 3.01705 3.11517 3.13144 3.24852 3.32944 3.33168 3.33168 3.33168 3.33168 3.33168
1.46256 1.46256 1.46256 1.46256 1.46256 1.59699 1.89346 1.89346 1.85558 1.51109 1.51040 1.51040 1.51040 1.23347 0.995570 0.995570 0.995570 0.995570 0.995570 0.995570 0.995570 0.995570 0.995570 0.986480 2.09769 2.09769 2.09769 1.91188 1.62287 1.65309 1.68615 1.71925 1.75183 1.76297 1.76297 1.76297 1.76297 1.76297 1.63807 1.09352 1.09352 2.45513 2.61565 2.61565 2.61565 2.61565 2.61565 3.35975 4.13778 4.13778 4.13778 4.13778 4.13778 2.46741 2.96996 3.46300 3.56323 3.40407 3.33168 3.33043 3.32460 3.31860 3.31294 3.30756 3.30239 3.29749
1.46256 1.46256 1.46256 1.46256 1.46256 1.52527 1.89346 1.89346 1.89346 1.56977 1.51040 1.51040 1.51040 1.41366 0.996033 0.995570 0.995570 0.995570 0.995570 0.995570 0.995570 0.995570 0.997341 1.03166 2.09769 2.09769 2.09769 2.07717 1.76888 1.76297 1.76297 1.76297 1.76297 1.76297 1.76297 1.76297 1.76297 1.76297 1.72978 1.09352 1.09352 2.14573 2.60183 2.46832 2.27608 2.03379 1.71902 1.40095 3.33968 3.33968 3.33968 3.33968 3.33968 3.04712 3.01162 3.50697 3.43751 3.36968 3.27626 3.27321 3.27294 3.27294 3.27100 3.24932 3.22245 3.19564
1.46256 1.46256 1.46256 1.46256 1.46256 1.47274 1.88156 1.89346 1.89346 1.66621 1.51040 1.51040 1.51040 1.51040 1.04153 0.995570 1.00026 1.03957 1.08586 1.13220 1.17846 1.22475 1.26930 1.28130 2.09769 2.09769 2.09769 2.09769 1.83801 1.76297 1.76297 1.76297 1.76297 1.76297 1.76297 1.76297 1.76297 1.75187 1.73109 1.49410 1.63391 1.82697 1.88468 1.92496 2.00141 2.06966 2.13155 2.23268 3.31458 3.33968 3.33968 3.33968 3.33968 3.31405 2.89786 3.40602 3.34569 3.28633 3.16145 3.13329 3.10650 3.07966 3.05476 3.04964 3.04964 3.04964
1.46256 1.46256 1.46256 1.46256 1.46256 1.46256 1.75586 1.89346 1.89346 1.76249 1.49138 1.38365 1.29059 1.23268 1.20051 1.28149 1.37653 1.43603 1.48293 1.52444 1.56166 1.59500 1.62510 1.65248 2.10177 2.09769 2.09678 2.07619 1.87520 1.67564 1.63962 1.60095 1.55919 1.51401 1.46508 1.41155 1.35325 1.31429 1.31182 2.03452 2.21660 2.21660 2.21660 2.21660 2.21660 2.21660 2.21660 2.21660 2.92011 3.33968 3.33968 3.33968 3.33968 3.33968 2.57842 2.96440 3.14546 3.11148 3.06131 3.04964 3.04964 3.04964 3.04964 3.04964 3.04964 3.04964
1.52704 1.55106 1.57503 1.59905 1.61199 1.56744 1.57769 1.54365 1.55587 1.58064 1.46729 1.49642 1.52742 1.55410 1.61156 1.70366 1.70532 1.70699 1.71506 1.72376 1.73246 1.74115 1.74985 1.75855 1.77560 1.65407 1.56289 1.53411 1.49264 1.31428 1.31382 1.31382 1.31382 1.31382 1.31382 1.31382 1.31382 1.31382 1.30690 1.78633 2.21660 2.21660 2.21660 2.21660 2.23359 2.36240 2.54895 2.79968 3.20775 3.33968 3.33968 3.33968 3.33968 3.33968 2.74304 2.73328 3.16415 3.11148 3.07705 3.04964 3.04964 3.04964 3.04964 3.04964 3.04964 3.04964
1.63560 1.56878 1.51030 1.45889 1.41909 1.41405 1.41277 1.41050 1.52163 1.69602 1.62209 1.61537 1.62406 1.63275 1.64728 1.75369 1.76414 1.77117 1.77179 1.77179 1.77179 1.77179 1.77179 1.77179 1.53411 1.53411 1.53411 1.53411 1.53411 1.33817 1.31262 1.28668 1.25102 1.21539 1.17976 1.14413 1.10850 1.07287 1.04415 1.40288 2.27335 2.43227 2.64164 2.92862 3.28084 3.33968 3.33968 3.33968 3.33968 3.33968 3.33968 3.33968 3.33968 3.33968 2.97410 2.48409 3.15814 3.11148 3.09552 3.04964 3.04964 3.04875 3.04040 2.99368 2.91214 2.83058
1.43027 1.41405 1.41594 1.42607 1.43717 1.44824 1.45883 1.46689 1.50897 1.75403 1.70386 1.66648 1.66648 1.66648 1.66648 1.74772 1.77179 1.77179 1.77179 1.77179 1.77179 1.77179 1.77179 1.77179 1.44851 1.36301 1.29180 1.22049 1.14923 1.08320 1.05131 1.04162 1.04162 1.04162 1.04162 1.04130 1.03624 1.02805 1.01711 1.13053 3.33809 3.33968 3.33968 3.33968 3.33968 3.33968 3.33968 3.33968 3.33968 3.33968 3.33968 3.33968 3.33968 3.33968 3.27499 2.46264 3.01010 3.12054 3.11072 2.98306 2.89536 2.81470 2.74148 2.70694 2.70694 2.70694
1.57328 1.48528 1.49449 1.49545 1.49545 1.49545 1.49544 1.49218 1.49190 1.72601 1.72663 1.66648 1.66648 1.66648 1.66648 1.71972 1.77179 1.77179 1.77179 1.77179 1.77179 1.77179 1.77179 1.77179 0.989722 0.989722 0.989722 0.989722 0.989722 1.00725 1.04162 1.03998 1.03316 1.02398 1.01153 0.994778 0.989722 0.989722 0.989722 0.989722 3.21531 3.33968 3.33968 3.33968 3.33968 3.33968 3.33968 3.33968 3.33968 3.33968 3.33968 3.33968 3.33968 3.33968 3.33968 2.56877 2.72761 2.89426 2.77123 2.71288 2.70694 2.70694 2.70694 2.70690 2.69632 2.67799
1.70468 1.49545 1.49545 1.49545 1.49545 1.49545 1.49545 1.49297 1.49190 1.67197 1.74905 1.66682 1.66648 1.66648 1.66648 1.69162 1.77179 1.77179 1.77179 1.77179 1.77179 1.77179 1.77179 1.77179 0.00000 0.989722 0.989722 0.989722 0.989722 0.990218 1.00494 0.990536 0.989722 0.989722 0.989722 0.989722 0.989722 0.989722 0.989722 0.989722 2.58010 3.33968 3.33968 3.33968 3.33968 3.33968 3.33968 3.33968 3.33968 3.33968 3.34702 3.42080 3.49298 3.55080 3.59759 3.16300 2.76191 2.72011 2.56834 2.55506 2.55080 2.53252 2.51418 2.49599 2.48829 2.48829
1.83924 1.49545 1.49545 1.49545 1.49545 1.49545 1.49545 1.49374 1.49190 1.61037 1.75683 1.68184 1.66648 1.66648 1.66648 1.66867 1.76670 1.77179 1.77179 1.77251 1.79339 1.82553 1.86061 1.89902 0.00000 0.989722 0.989722 0.989722 0.989722 0.989722 0.989722 0.989722 0.989722 0.989722 0.989722 0.989722 0.989722 0.989722 0.989722 0.989722 1.91327 3.34025 3.34274 3.34536 3.37842 3.46131 3.52699 3.57908 3.62141 3.65650 3.68423 3.69057 3.69164 3.69174 3.69174 3.43491 2.89042 2.66976 2.44248 2.46096 2.51122 2.52048 2.52965 2.53881 2.54798 2.55715
1.92749 1.53241 1.49545 1.49545 1.49545 1.49545 1.49545 1.49453 1.49190 1.53950 1.75683 1.70463 1.66648 1.66902 1.70548 1.75243 1.84715 1.90684 1.94667 1.98416 1.98428 1.96804 1.95184 1.93560 0.00000 0.989722 0.989722 0.989722 0.989722 0.989722 0.989722 0.989722 0.989722 0.989722 0.989722 0.989722 0.989722 0.989864 1.10359 1.27153 1.63505 3.01661 3.56401 3.67255 3.69114 3.69174 3.69174 3.69174 3.69174 3.69174 3.69174 3.69174 3.69174 3.69174 3.69174 3.64579 3.06491 2.78557 2.55567 2.53779 2.56077 2.56447 2.56447 2.56447 2.56447 2.56447
1.92769 1.62531 1.49505 1.47290 1.43807 1.40325 1.36848 1.33692 1.49032 1.55640 1.81760 1.83765 1.81148 1.84374 1.84211 1.82992 1.82515 1.82142 1.80858 1.80126 1.80008 1.79837 1.79542 1.79248 0.00000 0.989722 0.989722 0.989722 0.989722 0.989722 0.989722 0.995489 1.13821 1.29787 1.42178 1.52068 1.60146 1.66863 1.69583 1.69583 1.70369 2.81191 3.41336 3.69174 3.69174 3.69174 3.69174 3.69174 3.69174 3.69174 3.69174 3.69174 3.69174 3.69174 3.69174 3.69174 3.17911 2.82588 2.63711 2.53779 2.55425 2.56447 2.56447 2.56447 2.56447 2.56447
1.35176 1.25332 1.17319 1.24898 1.33120 1.40878 1.48199 1.54863 1.80702 1.86432 1.87483 1.87279 1.79011 1.78898 1.78683 1.78462 1.78351 1.78754 1.78459 1.78165 1.77871 1.77748 1.77748 1.77748 0.00000 0.00000 0.989722 1.13968 1.44171 1.53677 1.61475 1.67836 1.69583 1.69583 1.70321 1.73197 1.76209 1.79218 1.82234 1.85243 1.88257 2.58811 3.20110 3.69174 3.69174 3.69174 3.69174 3.69174 3.69174 3.69174 3.69174 3.69174 3.69174 3.69174 3.69174 3.69174 3.30631 2.91353 2.67248 2.53779 2.54662 2.56447 2.56447 2.56447 2.56439 2.56283
1.27573 1.26461 1.58665 1.58937 1.58937 1.58943 1.59322 1.59921 1.76992 1.88636 1.89903 1.91377 1.80046 1.77272 1.77266 1.77266 1.77267 1.77688 1.77748 1.77748 1.77748 1.77748 1.77748 1.77748 0.00000 0.00000 0.995967 1.21765 1.75108 1.78117 1.81131 1.84140 1.87154 1.90163 1.92437 1.92572 1.92572 1.92572 1.92572 1.92572 1.92572 2.35190 2.98889 3.69174 3.69174 3.69174 3.69174 3.69174 3.69174 3.69174 3.69174 3.69174 3.69174 3.69174 3.69174 3.69174 3.46097 3.01612 2.67236 2.53779 2.53890 2.56021 2.54565 2.52544 2.50530 2.48668
1.23885 1.24484 1.54168 1.61920 1.62519 1.63111 1.63330 1.63330 1.73724 1.90847 1.91152 1.92390 1.83731 1.77266 1.77266 1.77266 1.77266 1.77542 1.77748 1.77748 1.77748 1.77748 1.77748 1.77748 0.00000 0.00000 1.44886 1.45007 1.89659 1.92572 1.92572 1.92572 1.92572 1.92572 1.92572 1.92572 1.92572 1.92572 1.92572 1.92572 1.92572 2.11537 2.88537 3.58323 3.69174 3.69174 3.69174 3.69174 3.69174 3.69174 3.69174 3.69174 3.69174 3.69174 3.69174 3.69174 3.64165 3.08593 2.70389 2.49583 2.45335 2.41271 2.37237 2.32642 2.28356 2.24339
1.27093 1.27093 1.46462 1.63330 1.63330 1.63330 1.63330 1.63330 1.67643 1.90847 1.90869 1.92312 1.87512 1.77266 1.77266 1.77266 1.77266 1.77415 1.77748 1.77748 1.77748 1.77748 1.77748 1.77748 0.00000 0.00000 1.44950 1.44950 1.81412 1.92572 1.92572 1.92572 1.92572 1.92572 1.92572 1.92572 1.92572 1.92572 1.92572 1.92572 1.92572 1.93769 2.84304 3.37089 3.69174 3.69174 3.69174 3.69174 3.69174 3.69174 3.69174 3.69174 3.69174 3.69214 3.76512 3.89171 4.01731 3.47969 2.60574 2.20498 2.20901 2.27437 2.33712 2.36208 2.38668 2.41142
1.27093 1.27093 1.36749 1.63330 1.63330 1.63330 1.63330 1.63330 1.63465 1.88947 1.90847 1.91972 1.91210 1.77351 1.77266 1.77266 1.77266 1.77306 1.77747 1.77748 1.77748 1.77748 1.77748 1.77748 0.00000 0.00000 0.00000 1.44950 1.69919 1.92572 1.92572 1.92572 1.92572 1.92572 1.92572 1.92572 1.92572 1.92572 1.92572 1.92572 1.92572 1.92572 2.62624 3.15868 3.69174 3.69019 3.66803 3.65371 3.73440 3.83231 3.93023 4.02833 4.12623 4.22384 4.24861 4.21990 4.19265 3.68491 2.76347 2.25127 2.45132 2.45605 2.46100 2.43286 2.40471 2.37658
