High_resolution/powerplant/Shangrao/OMI_NO2_200612.asc
ncols      200
nrows      200
xllcorner       115.451
yllcorner       27.0350
cellsize     0.0166667
NODATA_Value      -999.000
[rows 145 to 173 of 183, columns 0 to 66 of 200]
12.1670 9.79957 9.28659 8.86030 8.47836 8.37183 8.29540 8.28023 7.80669 7.73858 7.94602 7.12970 7.01271 6.68230 6.14722 6.14722 6.14722 6.14722 6.14722 6.15502 6.16777 6.16777 6.16777 6.10872 6.08426 5.95041 5.77268 5.68211 5.61890 5.94502 5.54482 5.24408 5.22022 5.19631 5.17264 5.55995 5.63542 5.63542 5.63542 5.63542 5.64608 5.67197 5.67197 5.64319 5.61617 5.61267 5.56834 5.48912 5.40757 5.32111 5.22670 5.14514 5.06446 4.99027 4.89708 4.80340 4.71118 4.79914 5.93517 6.06734 6.06055 6.86704 7.23164 7.23164 7.23153 7.22934 7.22636
10.1797 8.36070 8.28023 8.28023 8.28023 8.28023 8.28023 8.28023 7.93485 7.73556 7.88619 7.30627 7.01271 6.90977 6.14748 6.14722 6.14722 6.14722 6.14722 6.11417 5.96521 5.78752 5.60989 5.49132 5.59324 5.68211 5.65371 5.57477 5.47454 5.52082 5.49175 5.16356 5.16356 5.16356 5.16322 5.36496 5.54833 5.49428 5.44034 5.38618 5.31100 5.27739 5.17934 5.07919 4.99844 4.92042 4.88326 4.88097 4.88097 4.86485 4.80028 4.75075 4.70187 4.67132 4.67089 4.67089 4.67089 4.71386 5.63487 6.11609 6.05971 6.62084 7.22465 7.22167 7.21879 7.21799 7.21799
10.1692 8.68718 8.28023 8.28023 8.28023 8.28023 8.28023 8.28023 8.06291 7.73556 7.82092 7.49580 7.01271 7.01271 6.27220 6.12792 5.97564 5.79802 5.62040 5.47925 5.48696 5.48737 5.42771 5.33265 5.29300 5.29089 5.17909 5.11799 5.05792 5.03373 5.29786 4.78958 4.73070 4.67582 4.58583 4.58282 4.92874 4.87485 4.82096 4.76710 4.73782 4.82041 4.83707 4.83854 4.87969 4.86778 4.82066 4.77183 4.72298 4.68975 4.67631 4.67089 4.67089 4.67089 4.67089 4.67070 4.66873 4.66634 5.27890 6.16267 6.04966 6.39051 7.21799 7.21799 7.21799 7.21799 7.21799
10.1692 9.06931 8.28023 8.28023 8.28023 8.28023 8.28023 8.28077 8.19558 7.74514 7.76572 7.70170 6.88820 6.71381 6.02623 5.50508 5.46463 5.44248 5.36078 5.26576 5.00657 4.83036 4.77672 4.75839 4.73463 4.64470 4.64438 4.64078 4.59434 4.52817 4.94320 4.50108 4.33664 4.28369 4.26593 4.25990 4.65367 4.73779 4.73779 4.73779 4.73779 4.78673 4.78001 4.73112 4.71488 4.69054 4.68879 4.68879 4.68879 4.68879 4.68143 4.66976 4.66737 4.66498 4.66259 4.66040 4.65998 4.65998 4.93510 6.16331 6.05056 6.18673 7.21799 7.21799 7.21799 7.21799 7.21799
10.1692 9.51496 8.32474 8.32974 8.33458 8.32030 8.26173 8.20092 8.04043 7.48910 7.32745 7.05182 6.24795 6.20305 5.82375 5.15813 5.07820 5.00536 4.99198 4.99198 4.86420 4.73612 4.68929 4.63038 4.57146 4.43194 4.35867 4.30340 4.29096 4.26224 4.71711 4.52191 4.26593 4.26593 4.26593 4.26593 4.48568 4.72893 4.68392 4.63509 4.58624 4.58538 4.64489 4.64489 4.66630 4.68879 4.69001 4.70184 4.71609 4.73036 4.73357 4.66004 4.65998 4.66314 4.66902 4.67492 4.68080 4.68670 4.85599 5.94008 6.13218 6.10463 7.14036 7.21799 7.21799 7.21799 7.21799
9.78277 9.53385 7.93403 7.86420 7.75491 7.57171 7.44406 7.33195 7.28330 7.11461 6.94779 6.75273 6.02415 5.86080 5.79322 4.99484 4.94074 4.88186 4.82308 4.76463 4.63284 4.39856 4.38608 4.38434 4.38257 4.32222 4.28344 4.28167 4.27988 4.27072 4.56660 4.64755 4.24409 4.24202 4.24037 4.23887 4.33260 4.65766 4.65970 4.66553 4.67147 4.69169 4.78765 4.80761 4.83780 4.89182 4.91070 4.91905 4.92495 4.93083 4.93672 4.86547 4.85649 4.85922 4.85922 4.85922 4.85922 4.85922 4.93757 5.79334 6.34297 6.24888 6.91821 7.08875 6.93234 6.76481 6.59707
8.92581 8.72741 7.39693 7.11567 7.01628 6.91458 6.77374 6.63521 6.49878 6.33446 6.14612 5.96985 5.64477 5.45428 5.35355 4.74119 4.59963 4.59786 4.59605 4.59429 4.57378 4.33947 4.33734 4.33727 4.33727 4.30087 4.24171 4.24171 4.24171 4.24173 4.42158 4.70462 4.25860 4.20907 4.20916 4.20916 4.25227 4.71516 4.75597 4.77022 4.78448 4.79891 4.89854 4.90731 4.90820 4.94902 4.95121 4.95121 4.95121 4.95121 4.95121 4.90057 4.85922 4.85922 4.85922 4.85922 4.84349 4.80898 4.78183 5.30590 5.88618 5.58536 5.78490 6.04496 5.96395 5.89456 5.82534
6.62902 7.13241 6.55717 6.23420 6.08168 5.94347 5.84456 5.74552 5.64661 5.51812 5.37788 5.37221 5.27154 5.22910 5.22910 4.88430 4.58931 4.58931 4.58931 4.58931 4.58931 4.37427 4.33727 4.33727 4.33727 4.32304 4.24201 4.24252 4.24302 4.24351 4.33280 4.70797 4.40245 4.21276 4.22642 4.24068 4.27329 4.63792 4.72137 4.62462 4.53264 4.72861 4.87613 4.90731 4.90731 4.93853 4.95121 4.95121 4.95121 4.94874 4.90697 4.82365 4.69683 4.63766 4.57861 4.51934 4.45879 4.40627 4.35372 4.34456 4.94082 4.78476 4.94646 5.36075 5.36075 5.36075 5.36075
5.39449 6.33453 5.96515 5.56275 5.52129 5.52129 5.52129 5.52129 5.52129 5.51780 5.38286 5.37788 5.30431 5.22910 5.22910 5.05309 4.58931 4.58931 4.58931 4.58931 4.58931 4.42922 4.33748 4.33798 4.33849 4.33878 4.25182 4.24365 4.24361 4.19182 4.06194 4.27120 4.07290 3.98262 3.90967 3.83958 3.77504 3.91026 4.14589 4.13902 4.12390 4.46932 4.77913 4.76917 4.66061 4.61756 4.64832 4.58921 4.53012 4.47348 4.45620 4.45378 4.35311 4.32060 4.29266 4.26486 4.25406 4.25406 4.25406 4.24536 4.73131 4.83729 4.84222 5.34390 5.30781 5.27173 5.23562
4.64268 6.04765 5.93397 5.52129 5.52129 5.52129 5.52129 5.52129 5.52129 5.52129 5.41305 5.37788 5.34076 5.23109 5.22910 5.20414 4.60691 4.58931 4.58945 4.58994 4.59045 4.48575 4.33920 4.33921 4.33411 4.25838 4.04043 3.65229 3.52013 3.42832 3.39730 3.55418 3.58541 3.62484 3.61101 3.59587 3.58073 3.61251 3.88335 3.81076 3.73794 3.84054 4.14700 4.09381 4.09044 4.16150 4.45620 4.45620 4.44232 4.41436 4.38638 4.35845 4.28265 4.25406 4.25406 4.25406 4.25406 4.25406 4.24999 4.21935 4.49293 4.80395 4.65121 5.16421 5.19602 5.19602 5.19602
4.28085 5.91111 6.03934 5.54211 5.52129 5.52129 5.52129 5.52129 5.52129 5.52129 5.44672 5.37788 5.36711 5.23952 5.22148 5.21773 4.73539 4.57054 4.56666 4.56113 4.53626 4.41150 4.23265 4.14293 4.05830 4.04439 3.95102 3.42685 3.39804 3.39520 3.39450 3.38996 3.36234 3.33313 3.27557 3.20271 3.12984 3.13262 3.43343 3.53538 3.53538 3.58399 4.07544 4.08998 4.07826 4.05336 4.36164 4.36017 4.34605 4.34605 4.34605 4.34605 4.30904 4.25393 4.23690 4.20802 4.17914 4.15026 4.12547 4.12099 4.24010 4.80580 4.63935 5.04136 5.19602 5.19602 5.19602
4.27376 5.50339 6.04765 5.62262 5.49585 5.49165 5.48743 5.48323 5.47902 5.47728 5.43636 5.32822 5.33454 5.21355 5.16065 5.15878 4.80601 4.37639 4.27625 4.17737 4.09786 4.09002 4.05737 4.05605 4.05483 3.99916 3.86263 3.29711 3.12916 3.05653 2.98491 2.98238 3.02995 3.05654 3.08897 3.08897 3.08897 3.11837 3.31864 3.53538 3.52656 3.50342 3.92315 3.99267 3.98036 3.98029 4.22769 4.34605 4.34605 4.34605 4.34607 4.34609 4.32662 4.13443 4.12228 4.12228 4.12228 4.12228 4.12228 4.12228 4.11375 4.76034 4.68780 4.92291 5.19602 5.19602 5.19602
4.27961 5.05530 6.06794 5.73928 5.49137 5.49788 5.50439 5.51749 5.53624 5.55252 5.55080 5.34709 5.35144 5.20925 4.88650 4.78820 4.58954 4.09064 4.08896 4.03115 3.94703 3.86204 3.75152 3.65839 3.57534 3.54623 3.54040 3.13520 2.95821 2.95821 2.95777 2.96647 3.02413 3.03080 3.07761 3.07486 3.08760 3.15833 3.31256 3.45210 3.43719 3.43644 3.73338 3.96343 3.96970 3.96907 4.12105 4.33350 4.33285 4.33220 4.33153 4.33086 4.33019 4.14422 4.10498 4.10431 4.10364 4.10297 4.10230 4.10163 4.09068 4.56397 4.71949 4.79937 5.19602 5.19495 5.12355
4.36380 4.60832 6.11884 5.91840 5.53619 5.54228 5.54733 5.54629 5.54685 5.54965 5.55238 5.37342 5.32914 5.22642 4.63656 4.59100 4.53843 3.70255 3.56469 3.53476 3.53198 3.52925 3.50764 3.48912 3.48639 3.48358 3.48086 3.20669 2.89743 2.89510 2.89316 2.89367 2.96013 3.01514 3.12448 3.19016 3.23261 3.23891 3.36010 3.41302 3.42470 3.42472 3.59541 3.94733 3.95771 3.95772 4.01577 4.32348 4.32348 4.32348 4.32348 4.32348 4.32348 4.20247 4.09961 4.09961 4.09961 4.09961 4.09961 4.08899 4.04059 4.24775 4.49112 4.27906 4.53769 4.38415 4.27780
4.17519 4.18289 5.75821 5.92712 5.41208 5.42024 5.43020 5.42158 5.38378 5.34368 5.30355 5.13360 5.00138 4.98511 4.53393 4.41983 4.41983 3.78359 3.50474 3.50474 3.50474 3.50474 3.49346 3.47015 3.47015 3.47015 3.47015 3.33527 2.90735 2.93671 2.98644 3.03614 3.14683 3.17569 3.20994 3.23470 3.23471 3.23472 3.33858 3.39409 3.42478 3.44391 3.55683 3.94396 3.95767 3.95772 3.95831 4.28614 4.32348 4.32348 4.32348 4.32348 4.32325 4.24029 4.02180 3.95217 3.88162 3.81124 3.74187 3.69486 3.67800 3.71428 4.04635 3.72030 3.92673 3.90998 3.90147
4.19955 4.21450 5.32592 5.91214 5.37542 5.26957 5.22950 5.20745 5.20740 5.20740 5.20740 5.12943 4.98524 4.98524 4.70373 4.41983 4.41983 4.02298 3.50474 3.50474 3.50474 3.50474 3.50099 3.47015 3.47132 3.51087 3.56890 3.55679 3.15879 3.08312 3.08312 3.08230 3.10462 3.10897 3.15961 3.34285 3.40128 3.46239 3.61399 3.75525 3.88866 3.94147 3.94271 3.92685 3.91399 3.89459 3.86966 4.05160 4.09233 4.02184 3.95140 3.88091 3.81070 3.76179 3.53653 3.53554 3.55148 3.56743 3.58225 3.58537 3.58516 3.55354 3.92706 3.77507 3.81681 3.90116 3.87161
4.24445 4.24445 4.79859 5.74279 5.37807 5.20740 5.20740 5.20740 5.20740 5.20740 5.20740 5.18129 4.98524 4.98524 4.87377 4.41983 4.41983 4.26232 3.50474 3.50474 3.50476 3.53526 3.59324 3.62048 3.67350 3.69196 3.69196 3.66938 3.27912 3.16902 3.17702 3.18622 3.26653 3.38346 3.35292 3.57057 3.53102 3.48117 3.49406 3.53485 3.55512 3.52709 3.49169 3.47237 3.63353 3.73777 3.75069 3.75031 3.74655 3.74655 3.74700 3.75832 3.77427 3.79020 3.65342 3.58537 3.58537 3.58537 3.58537 3.58537 3.58537 3.55074 3.77636 3.80764 3.60694 3.69836 3.67930
4.24445 4.24445 4.36660 5.72922 5.49419 5.20740 5.20740 5.20740 5.20740 5.20740 5.20740 5.20740 5.01101 4.98524 4.97890 4.48486 4.41983 4.43726 3.65926 3.62154 3.66885 3.68571 3.67459 3.64056 3.58025 3.51415 3.44809 3.38735 3.05550 2.94633 2.90171 2.85704 2.82824 2.91049 2.91429 3.13367 3.23191 3.24652 3.29303 3.42902 3.48435 3.51544 3.51544 3.51544 3.60857 3.75264 3.75287 3.76256 3.77318 3.78912 3.80462 3.80924 3.80924 3.80924 3.72162 3.58537 3.58411 3.55599 3.51711 3.47818 3.43929 3.39214 3.53865 3.78561 3.54160 3.67930 3.67930
4.24445 4.24445 4.24445 5.48056 5.61839 5.18565 5.17504 5.16443 5.15378 5.14310 5.13244 5.12178 4.96654 4.85741 4.76705 4.48132 4.39337 4.39952 3.78324 3.41633 3.35323 3.29010 3.22750 3.22454 3.26286 3.26286 3.26286 3.26286 2.94871 2.69619 2.62530 2.55459 2.48432 2.82310 2.99895 3.12018 3.28743 3.28743 3.29182 3.43732 3.46228 3.51544 3.51551 3.52505 3.57978 3.79413 3.80985 3.81533 3.81002 3.80924 3.80924 3.80924 3.80806 3.80397 3.77080 3.45701 3.41841 3.40764 3.40764 3.40764 3.40764 3.39830 3.43263 3.78627 3.61050 3.67930 3.67930
4.24445 4.24445 4.24445 5.11440 5.70819 5.03685 4.98924 4.96435 4.93946 4.91090 4.83786 4.75187 4.58399 4.40766 4.39807 4.28691 4.20821 4.16595 3.76976 3.19109 3.19109 3.19109 3.15639 3.10302 3.08713 3.01625 2.94605 2.87525 2.66427 2.37444 2.37444 2.37444 2.37444 2.64534 2.99900 3.03659 3.28735 3.28743 3.28812 3.37604 3.33954 3.51210 3.53599 3.53393 3.52673 3.73739 3.74576 3.73721 3.72221 3.70721 3.69450 3.68181 3.67031 3.66171 3.65323 3.33140 3.25343 3.24498 3.23652 3.22806 3.21958 3.20937 3.16774 3.52723 3.46182 3.65908 3.67930
4.02435 3.98704 3.94974 4.39293 5.46774 4.96219 4.79151 4.73036 4.66925 4.61186 4.58748 4.51245 4.39058 4.14475 4.06357 4.05016 4.06759 3.95446 3.72755 2.97744 2.91100 2.84438 2.81224 2.81885 2.89068 2.89598 2.89996 2.90400 2.84203 2.44873 2.45274 2.45669 2.46074 2.58822 3.11209 3.09786 3.28879 3.28273 3.22989 3.04146 2.93639 3.17848 3.29245 3.29166 3.28775 3.45077 3.51650 3.51234 3.50873 3.50482 3.50482 3.50482 3.50482 3.50482 3.50482 3.30084 3.12197 3.12197 3.12197 3.12197 3.12197 3.12197 3.08462 3.24693 3.27521 3.19889 3.25651
3.87198 3.86960 3.83746 3.80767 5.22294 4.84770 4.54990 4.46763 4.38146 4.29531 4.18424 4.05153 3.92415 3.61678 3.47987 3.42900 3.45466 3.48524 3.48524 2.95967 2.87599 2.87599 2.87599 2.87599 2.93345 2.94776 2.94776 2.94776 2.94707 2.52681 2.48453 2.47439 2.42983 2.39845 2.90162 2.91342 3.07111 3.20092 3.20091 3.09239 2.92986 3.05951 3.27747 3.27403 3.27371 3.38661 3.51091 3.51091 3.51028 3.50483 3.50482 3.50482 3.50482 3.50482 3.50482 3.41007 3.08249 2.96500 2.84532 2.72476 2.60409 2.46063 2.24297 2.28691 2.47361 2.98564 3.46294
3.65930 3.56761 3.45762 3.33007 4.49508 4.46438 3.95009 3.82105 3.69569 3.57067 3.48162 3.47812 3.47812 3.33780 3.28241 3.32921 3.43239 3.48524 3.48524 3.11928 2.87599 2.87599 2.87599 2.87599 2.91780 2.94776 2.94776 2.94213 2.90087 2.53919 2.34257 2.30520 2.30234 2.30426 2.71752 2.91495 2.98967 3.18833 3.18411 3.12910 2.91765 2.94704 3.26997 3.27371 3.27371 3.33220 3.51091 3.51073 3.50967 3.49965 3.41166 3.29084 3.17024 3.04942 2.92882 2.80042 2.36567 2.32230 2.21940 2.10737 1.99522 1.90612 1.89888 1.96704 2.44435 2.83109 3.63716
fgf Hwpdfghdv^ fz fqq_fSfvR~|fThs fgt*|f fp('fcf}rwlrPFftPvrffw*ff ~{fh6sf 4wqfvrfUvLfchu6fwPq[ffv9f*f0s-|fvJh\u_>fwvff0q~f"h<~;gfw`~ygfn ft7t]&fN fFq8f/hufFf sJ@fZ[fGsBvNfJh\rFfF wQpQfAfswkfufc~iGtofogwwqh fqf{Hqaf}fS~SMpQfZWhwrf[wuFfgfuLfhsfww*ff*'r:f2[f'u(u=fh&q f *w&wf|fr kwgfh frww Fff~/f frw?f:h. f, f+~7Cffiqq ft=rfgfBqffH^sz[fih t Ff;gu=s f4fr Lfthr>fYgu]p~efgfqf9f?r9;tPfhwfFu=~ffr tgf'hwrfutFff~ffrrtfHhr|f*fs~4ff.r~fIht ftqFff=r3Mf>f|q2v5f Ft^v]fOf]rCBfUfErqKrfhUwgf t8ufrftLrfhrgf tgffvBf f$urfYBhYQr}fprurszff)|v<w*fhufFuffPp]kfp[fH~+q%|fhtf f8~I6fEf|v u>f2h~ fPurffE.g"fgf-Uw8sfuBvffqLHfOfhpzpf?8h!hp!f[ttf4f2L|fIhvpft2wPfrfmu#f f~pfhjqf>wt ff1|:v3f>h  qc>fnrtfCuUfT[fu2ffq,wf,UhT~: fqfOd~^f4f$wsf:hNr>fmgs\sf4frf)f,^wsd fG*ssffvr4f84f vuvfQh ~furf|fq6,L1f h vfd u}Iwh[fE*f\rOffufh?w[f>wqfFf~v|fhHr]PfYwOw~B fQf@8wRfEfP$qkr{fyvh`t\Ffvfy(whf{fnpWK~H fMhMs\Ffwuf fFuffprfwtPfPfq:f, f#s%eq<[f?/h r[f w qFf f guLf1h tfwaqff Eu ?f fs sfh.s;f8 w r!#f+Pf5Urvgf htfwuf>fwfYfYU~dcvnrfamhv.f8[f%~7f>f$&vfIhd~ftECr]fz[fb p ffr)s2 f+>t1,~ffhwffut*fhFs*f[tw[ffrL fh~ f t2,w6f)Pf %f;f-v jt rf2h.w
~4f]PtMftEf[fWpG@fX fGAsV4f[hq4ft4pffvIsFfhufrtssrffp7f.f&~(gtf hp!f f gf fu s fh&pf t u rffvf fUr s*f tdv)Pf [f1+p* f:f%rs ~(f!uhqftjvff+tL4fuh~uf^tGC_ fA>fv~~fd4ft~|f8Ih& ( f tpzfrfiw~v4f,hAt[f w0srffw8ffsogfh=uffNvfrf rtFf%het4f>wor4f#>f$r"6f5f*suf w w>ff qf f :vuh fT2hOTfFts ffsL4fhrFfPtCuf[f@ff^vq*f2hL/q\rfYtK)tAfMfVuh qofeh tfw&p'[f/f,9rff0s pfAh@u*f4fu,fTfU.uaNr`Ffh.q-Pfwgr f f>f fGsTqp f w)lv>*ff tf>fHpBsfMhOrEfgw Psf1f,pL f/h9prfPwqVfFfU~-pfhtftt[f[frIf'f,:ssfhruE|fxfF'rff0vWpfh~fru5=w/f fvf rfwuQgf uiuffsf>ft~uf)hjf|uU qY>fRfRqL fhgsfuv|ff*~*ffUpqqsgfzh[vPf]tKsffq tfhuftrf|fGuf!f:|q<Vv3*f62h$~ f84f8p&f-f5r0rfhVqft4ffvfFfHpwftOvfrf uCf_fM~H/w^[f\ThEqfPtw ffw+Lfhs[f*tpffjv0f)>f>~%t9*f<h~ ft rVffitfhp ft!u f*fqff Ur vfnh*Df9f24q"f=f)r/3v4rf-h0 [ftwpff?r_ff0sftvrffVrAfI*forsatfFfhq 4f>t*?r$f*[f,'q7LPf h~ f*r?rf*fs8f fHpf!h1s+Pf/u#r-f:f)~%~?fhftMqFf fwff fy$r~wv4f{hjTUfAfMwW#fKf@rOsTrfQnhwfrt$qff4uf fruf tv4fgfvqHf[fiw1r4f&hv|ftks ffrLfVchXtfvrwu0ps|ff &~<f >f(r~ 6v$f/h<rfw*sff:p~gf\h^tz[fiw R~>f/f<wffp ufhLucf{fef f9~8fhq|fFwwfUfNtzTfe*f ~pu<Ff?gw(pf7f8q$fPf~q
iq 8w> f/8hq ft;vffkwf_f]qnssgflIhvr6 f Ff8qjfrf|umpfhrftLsX|f|4famqx'fb[f tCPftrw[fufzaspvfd f|uytvrfGhTuX f tkugffE~Lf8hLt#f)gt9v f fQs 6f FfUqtp\ fherFf4tsfgf~qPfhIqgf" t ffrf:R~"QffriTswfvhgwXFfufu>rRfHf\:rAtWf2h sf t~[f[fCsqf4fuEqft r>f f~&f!f'0r%ns?|fh@qf [twgfbfkvrLqgfshfS~ugfw|t`~e fv fytqffoPfuiuw"u[f&hp2f!t7~f fuu fhs|f>t'rPf f&f>f0uAp f,hHsff9wffiurpfhp f*twufgfqf%f9 s/:fPtqffWffw ~fuh u[ft~ff uv VL fh nt f wItf [f ubffw*s9gf38h?p*4f%gt1qffvv fuh<vfgt`rrf4ftfrf|8qfAht ffStH fV[fDO2tWfV%hGtW|f[w`ufft f|f wPft~ffuff|trrfhwgf t:tfrf5wL"f&Ih9u( f&rt3v< f$f,eu<f%|f7q8C~ f h pft t f fq ~f h t=gf5|t Ht$ f=fGs.f9Pf s86u)Pf(h3<q f|fpffiqt~4f2h vftu ff f4f:s6~ ftlpCgfSfIrvhfofurs~ f7h9srf4td~ffs;L fhwXrfVrt@bf f v%f f5rs
tf=nh&0~>rf t u}fr fzpaNfv fSuJw frtvgf*fpff$tvtfhwgftw|f ft:LfhStftctffRq'f fr9u4fh~ft3~6zf$ f9 w)T~f nh f4ttwafz fOBtS*fBfXvCu^ fhq[ff%tHf*fw~ fhw~ft>vrffVrW2fFfRwm~xfn[tq gff ar#f(fuv|fBhQuftqfFfNwL|f`h~fgtrffff~u fhOs"rf*u7s(f/f>w$t[fht` fcuyUws4fhfa;ucfr fcvv vkfhhRHff ~ ff~ s f `hr f t Nqf fqrf fpt f*tvf[f( lf?*f%^q)*w*Ff"hv ftwFffCu LfWhrrf wr[f4f t?ff$qPpfhp*fFw7g~3f*f"q+l~ fh ft&Fff8q=ff tzfflIhewrSf~FfLqPfLf@0~B-vQPfQhI,vP fR[w@qEfHfLSuSfBfZ rXvtNfPwFsAfPrf_q_fJFfY:r\tuCPfhn1u|ft wgwefpfbt} Lb4f ;h -ufrw  f Pftf fHu'Hp<f7h%Iu3f3w";f"rfu-pfhpfFwEs[f>fsCff:u fh@wfFffrwb9fs>f{~xc~if Ah~ f:4w(sf f wffpFvf wr|ffvf[fsq4fhw[frwwffpLFf/h+kq:rf w 2v~fg*fyfkf{p}sq|fthgarEfR w'uffpq fh~fwffpf|fp,prfh~fPfpffp pftgsffpffHvr|fhl f(u% q"gf6 f8v*@L f Hh|td[fd uwlf}PfJuYifJfCqKsFfIhFvPf tCpffqsf2h~ f*tuPfPf#^ffN~KtrMfGuhn^rYfiPfpff%i~>$v"
f-|t,u f9h9/f |fu#ff,|~ i~7*f4h#~)f([t>w=>f0rf;u'f?*f^r 'u f[tp f fmwyUfv fQ$sGPpXFfhvrfrtp|fftLFfh3rfwt ffsf4fpsfhpfw=vffqHvPf h=qfTtTwefv fetwfPfu9~> f8h)urff w(f3f"w+r2Ff-vh0pt%f&rw7Lqffqff5|r9t4f4w esffRqsfff~0rgtvfzhh~f~wQwQ>f@ fp'wkL{>fx%hdur fo>wcffkfb'tff| fo|udqsyf@chRwHfK>w_bv_ fK*fZ0sRwFFfCvhSq@f}thwvafrf|2ra^fk*fw^wpvffkh(vI|f`[fqwfFfU ~fWht rfw -s f Pf q f f p t Ff w pz fegfft{fr[fhsSsH fI/hZ%qIgfJ4w_HsXfOf\5tC?L[fhwfw'sgffvf4fq2pfh$wf w rMffpCufAh5rPfPw%wff!-ffs8tFfWhsufYf]?s^)fGfSsd~vfqPuvV~y4fj fgj~{-fmf|pi~qfnhaspfp u{Nw~fkfi~sLgPf  hfu Pv[f>fp/f<f ~ w+*f0hIrFf>tffirfuhufguqffKteffsw4fZh_)rg>fVfPN3f]|fLpp|fBhu4f[wqf4frff~vfwt>ff~cffqrf#/h3p+f2w+s [ff=uLfhr f|w~>ff qf *f^-ufh p fwqVf fv urf`h0p8rf/t< ~:f2f6p*ff rss[fhp~4Fff4f|Nplf| fQs[RZ f`hv frtfq>ffQs*ffq%v[ftnsFffqff$pmt|f2hruf[tsff-pLfWhwfwpK fM*fJrk'fl4fqU ufch &s f Ft qf f.t'r>f=h.@v8[f6t&3t#gf,f&Iw3"f!f:t#:f &hr<Ff Pfqvflftct{fCuhStFfDtVpTfEfHWqQf{|fo^woNqwft td/qif~4frV~hQfE|f_ivAtXfXhJt\ f tNtHfXfTbtHL\fZ%hLRpWPfX wNuLfNfGIr\fCfneq|fhYw~Ffx tccq}fe|fpw w Pf
sfgwOtfFfwf4fpr f|wrffgwdfrfsfhrfgwqPffTNwDLKfIhUtD f|wc vefqf~6ttLfegf^q ~[f h <~fw*u f f px+sk*frhlpAfJwHTu\gfKfDKfNf^$JSv\f\1h]wdfUf[vDfR fTvPqMfWu_v>ffrff.0f9h f|upFff Lfhdwfr~ffjsf4fvfq|fthhvfuOhpC#fTrf]vZNfQ9hA)pRfPuCPqEfTFf]nvAfNf].vZtsIfChTjrfDfD#qCfVfO~Ht^4f\hMosFftRrffrf f~ q4f|wsffFw.f f0pvfhpfwq>ff"&L fJhwf>wqff2wffivfhPrf*tulffLUvJUpY|fYhGuV4fVFtGcw[>fJf@wIGfNf^uUvO*fQuhE+te>fL f\fuGfTrfBtAHY*fXh^PqGfD tRWrjfyfy-~clfh4f Hr "pf t Ww f|f ~ f fu~< f7h-ts24f.rt;pwf[fuoLfmhp!gfw:u[fPfw2f"f02!f!hu. f|tvf frupf`h~BqiffFtB~ f|fOv{fr[feunvFf|hjukPfEfHq\OfPfCw^ sRfYhKKpVFfQt_~RfJ4fFtPefIfYivPr~f{tjpmfvfyjfv[f|vz#pd fd2hrpagfawxw} fjf&tn-L|fDhVpSfWtKDf|frfrfv!uf`h?vPftuMffvt|fuh~ftvffs!ffUwtfhs>ffsf>fwwfhv ftpffsf4fOuI-pR[fL tPlphf{ft scfsf$sqq |f`h5qFf rttusfffg~tLtf~hPGfLtGh~OfX4fZrJdfWfFrM~~Vf^hRFfS*tOwAfTfDsF;uYfhrftwff #frfUqHt[fTh~ffQtffp|fBht>f*t9u*ff&uf f^~rf[utf fSqNIfY*fIvOG f^hJBq]f_utf^fRpN>LX fR2hVuLfL u]uEfW>fSuf>fMtKP~_fohu f4uWwffvfhrf>tT fftfFf~~f&hpfPf2t f ftq|fhvPfwdp|f f)~fFfq,v|fwCpf[f#~lf_fN0Ne[Pf[hLu[fWtKJwCPfW*f\avGLUfZhKvYfTtHpHFf_PfRuO>f]fsTr[>fW/hZuEfB[wV,vffxfrzbpgfbh v f w euf>fvf ftu*f?vh%|f4 f#v8f+f=.~>s4f:ch/u3*f1w(Cp&f=|f0p f6 f'/w~=Pf gt vtfd fzbsdfv[ffvcwr[fv&hf~lfnFtb(va|fvfrHqYCLCPfDhSrNfTFtJvEf]|fWs5f^ fL.w#~_f]mhNUfRwG#q^lfLf^0pG~Q*fLh_rEfBwV pg f@ fu(teVfjrf{|swCrogflWh}vB flFfxSpUfEf[pG u[f;hD*ftUuffs'ffvbp4ftw*fFfw~ffv-tfhkqft~rf|fBs)LfhvfwPr7ffvqfhrf[r~gffrfFfvV~f^RhE~zrfKfHt[ffo
