High_resolution/powerplant/Shangrao/OMI_NO2_200801.asc
ncols      200
nrows      200
xllcorner       115.451
yllcorner       27.0350
cellsize     0.0166667
NODATA_Value      -999.000
[rows 145 to 173 of 190, columns 67 to 133 of 200]
6.70685 6.70685 6.70685 6.70685 6.70685 6.17702 5.45463 5.47925 4.94940 4.73229 4.73229 4.73229 4.73229 4.73229 4.73040 4.67824 4.60368 4.52887 4.45415 4.37959 4.32488 3.43775 3.18249 3.31725 3.41169 3.49897 3.50782 3.44132 3.19762 3.13162 3.07253 3.01347 2.95442 2.92451 2.92451 2.92451 2.85125 2.70419 2.70419 2.70419 2.70419 2.79827 2.82253 2.82253 2.82253 2.82253 2.82253 2.82253 2.82253 3.00997 3.07880 3.40081 3.39150 3.37206 3.27560 3.15482 3.03412 2.91346 2.81630 2.71902 2.54492 2.46455 2.38404 2.30344 2.25008 2.24252 1.78361
6.70685 6.70685 6.70685 6.70685 6.70685 6.54286 5.45554 5.47118 5.10740 4.71293 4.64096 4.56640 4.49180 4.41724 4.34456 4.32217 4.32217 4.32518 4.38969 4.47450 4.54696 4.07721 3.29406 3.26141 3.21987 3.16081 3.12448 3.12403 2.98317 2.92451 2.92451 2.92451 2.92451 2.92451 2.92451 2.92451 2.90523 2.70675 2.70400 2.69920 2.69238 2.73276 2.74509 2.72571 2.70635 2.68700 2.66762 2.64827 2.62891 2.70350 2.73385 2.82404 2.81233 2.60165 2.50427 2.43055 2.35670 2.28307 2.23771 2.23709 2.22930 2.22712 2.22712 2.22712 2.22712 2.22712 1.93461
6.55035 6.53898 6.52773 6.51593 6.47596 6.41974 5.28154 5.00573 4.77060 4.32508 4.32217 4.32217 4.32159 4.31385 4.36467 4.43625 4.50770 4.57614 4.58318 4.56984 4.56878 4.38634 3.14441 3.09495 3.12403 3.12388 3.11917 3.11237 3.02412 2.89924 2.89237 2.88558 2.87879 2.87198 2.86518 2.85836 2.85153 2.66458 2.61779 2.61580 2.61580 2.59142 2.54684 2.54684 2.54684 2.52152 2.42104 2.27314 2.12304 2.01306 2.09167 2.10550 2.35590 2.23709 2.23709 2.23709 2.23709 2.23709 2.23709 2.23709 2.23148 2.22712 2.22712 2.22712 2.22712 2.22908 2.06030
6.23597 6.19099 6.14610 6.10166 6.08542 6.08542 5.36340 4.77873 4.68672 4.27132 4.32546 4.39685 4.46900 4.54720 4.55526 4.53951 4.52376 4.50805 4.49230 4.47646 4.46069 4.44492 3.22114 2.94498 3.04438 3.03774 3.03564 3.03564 3.01316 2.83662 2.83612 2.83612 2.83612 2.83612 2.83612 2.83612 2.83612 2.71268 2.61580 2.61580 2.60457 2.49823 2.28840 2.13829 1.98819 1.86342 1.81380 1.81155 1.81155 1.81155 1.95985 1.98726 2.37487 2.23709 2.23709 2.23709 2.23709 2.23715 2.24129 2.24788 2.25103 2.25108 2.25766 2.26425 2.27083 2.27545 2.21843
6.10365 6.12823 6.15244 6.17638 6.20025 6.21508 5.80061 4.96526 4.85640 4.45172 4.42947 4.41363 4.39788 4.38315 4.37994 4.37994 4.37994 4.37994 4.37994 4.37994 4.37994 4.37994 3.56912 2.88876 3.03062 3.03564 3.03564 3.03564 3.03564 2.87357 2.83612 2.83612 2.83612 2.83612 2.83864 2.87239 2.91493 2.78669 2.22247 2.07240 1.93349 1.88058 1.81777 1.81155 1.81155 1.81155 1.81155 1.81155 1.81155 1.81155 1.91498 2.05087 2.37108 2.26094 2.26346 2.27004 2.27662 2.28315 2.28558 2.28558 2.28432 2.27562 2.27562 2.27562 2.27562 2.27562 2.27562
6.23680 6.22991 6.13633 6.01506 5.89395 5.78191 5.69167 5.06717 4.93015 4.50096 4.37994 4.37994 4.37994 4.37994 4.37994 4.37994 4.37994 4.37994 4.37994 4.37994 4.37994 4.37994 3.93682 2.91654 3.00010 3.03564 3.03564 3.03564 3.03564 2.95527 2.90149 2.94461 2.98431 2.96423 2.91971 2.84403 2.75946 2.70351 1.92933 1.88051 1.88051 1.88051 1.83295 1.82160 1.88311 1.95164 2.02032 2.08880 2.15753 2.22601 2.33343 2.47406 2.50909 2.34628 2.28558 2.28558 2.28558 2.28558 2.28558 2.28558 2.28558 2.27653 2.27562 2.27562 2.27562 2.28925 2.32681
5.90213 5.78724 5.75932 5.75932 5.75932 5.75932 5.75232 5.19847 4.98535 4.59406 4.37994 4.37994 4.37994 4.37994 4.37994 4.37994 4.37994 4.37994 4.37994 4.37994 4.37994 4.37994 4.28181 2.98081 3.01748 3.13010 3.17327 3.21631 3.24866 3.12776 2.91458 2.82955 2.74783 2.72598 2.72598 2.72598 2.72751 2.73571 2.25194 2.09639 2.16507 2.23360 2.26993 2.29182 2.29898 2.29898 2.29898 2.29898 2.29898 2.29898 2.30271 2.46420 2.48751 2.41892 2.28558 2.28558 2.28558 2.28558 2.28558 2.28558 2.28615 2.30289 2.33887 2.38345 2.43466 2.46963 2.47002
5.75932 5.75932 5.75932 5.75932 5.75932 5.75932 5.75932 5.38400 5.03241 4.68824 4.37994 4.37994 4.37994 4.37994 4.37994 4.37994 4.37994 4.37782 4.29689 4.17619 4.05569 3.93542 3.81449 3.33240 3.16302 3.15848 3.03245 2.90673 2.79142 2.77068 2.73872 2.74352 2.75246 2.76141 2.77036 2.77932 2.78672 2.78748 2.67234 2.36794 2.36794 2.36794 2.35082 2.29898 2.29898 2.29898 2.29898 2.29898 2.29898 2.29898 2.29898 2.41644 2.47421 2.48327 2.28558 2.28558 2.28951 2.32146 2.37320 2.43858 2.51286 2.50477 2.44641 2.46397 2.48126 2.49880 2.51621
5.75932 5.75932 5.75932 5.75932 5.75932 5.75932 5.75932 5.56861 5.04555 4.81747 4.37994 4.37994 4.35215 4.23800 4.11723 3.99673 3.87636 3.75764 3.71820 3.71820 3.70147 3.59014 3.46445 3.11184 2.66941 2.79526 2.80430 2.81325 2.82220 2.83020 2.80434 2.78748 2.78748 2.78748 2.78748 2.78748 2.78748 2.78748 2.78771 2.36794 2.36794 2.36794 2.36499 2.30171 2.31313 2.32758 2.34199 2.35645 2.37090 2.38535 2.39980 2.48020 2.61977 2.74588 2.57084 2.64573 2.75746 2.81687 2.85303 2.88208 2.91117 2.81336 2.46282 2.46282 2.46282 2.46282 2.46282
5.77416 5.77786 5.78160 5.78531 5.78903 5.79275 5.79645 5.71555 5.03655 4.72070 3.96625 3.81740 3.72436 3.71820 3.71820 3.71820 3.70204 3.59707 3.48034 3.36382 3.26387 3.25847 3.26738 3.15843 2.71513 2.81194 2.83149 2.83149 2.83149 2.83149 2.81469 2.76404 2.74004 2.71614 2.69236 2.66849 2.64443 2.62065 2.62807 2.23728 2.12940 2.10563 2.08175 2.41879 2.50596 2.50596 2.50596 2.50596 2.53388 2.57765 2.55253 2.53239 2.62051 2.54723 2.79497 2.93361 2.93472 2.93472 2.93472 2.93472 2.93472 2.91197 2.46861 2.46282 2.46282 2.46282 2.46282
5.88509 5.88497 5.88405 5.88297 5.88189 5.88081 5.87974 5.85521 5.04261 4.58566 3.90864 3.73750 3.72281 3.61526 3.49854 3.38206 3.28150 3.26974 3.26830 3.26435 3.26037 3.25641 3.25245 3.23551 2.74730 2.64931 2.61773 2.59395 2.57005 2.54602 2.52286 2.47899 2.47785 2.47785 2.47785 2.47785 2.47785 2.47785 2.47785 2.28882 2.05832 2.05832 2.05832 2.31157 2.45559 2.42316 2.39059 2.35810 2.29771 2.22140 2.21408 2.21408 2.26435 2.30134 2.64713 2.93472 2.93472 2.93472 2.93472 2.93472 2.93472 2.90607 2.39462 2.17480 2.04123 1.90755 1.77398
5.88045 5.87948 5.87933 5.87099 5.85347 5.83595 5.81360 5.77628 5.23509 4.39537 3.84392 3.35983 3.25377 3.24062 3.23664 3.23264 3.22868 3.22471 3.22218 3.22213 3.22213 3.22213 3.22213 3.22213 2.86766 2.58518 2.52187 2.52187 2.52187 2.52187 2.52187 2.48992 2.47785 2.47785 2.47785 2.47785 2.47785 2.47389 2.37442 2.18854 1.84609 1.81357 1.78103 1.92091 2.21408 2.21408 2.21408 2.21408 2.21408 2.21408 2.21408 2.21408 2.24303 2.28266 2.42936 2.73155 2.59768 2.46430 2.33053 2.19686 2.06338 1.95826 1.66744 1.47848 1.47848 1.47848 1.47848
5.70050 5.66211 5.62374 5.59372 5.56774 5.51937 5.47321 5.44200 5.29811 4.17841 3.77040 3.22213 3.22213 3.22213 3.22213 3.22213 3.22213 3.22213 3.22213 3.22213 3.22213 3.22213 3.22213 3.22213 3.01970 2.61321 2.52187 2.52187 2.52187 2.52187 2.52187 2.50294 2.42046 2.28108 2.14097 2.00792 1.92064 1.84534 1.86572 1.98510 1.76820 1.76644 1.76644 1.83097 2.21408 2.21408 2.21376 2.19491 2.16513 2.13535 2.10559 2.07580 2.04801 2.01855 1.61377 1.91294 1.95038 1.95038 1.95038 1.95038 1.95038 1.95038 1.77045 1.47848 1.47848 1.47848 1.47848
5.53095 5.50429 5.47413 5.44400 5.41896 5.41635 5.41635 5.41635 5.38881 4.46298 3.92633 3.22213 3.22213 3.22213 3.22213 3.22213 3.22213 3.22213 3.22213 3.22213 3.22213 3.22213 3.22213 3.22213 3.14101 2.66771 2.50351 2.37177 2.23166 2.09156 1.95154 1.79945 1.75505 1.81544 1.87635 1.93022 1.93841 1.93841 1.93841 1.97066 1.82571 1.71361 1.68382 1.65520 2.03656 2.04214 2.01271 2.00180 2.00180 2.00180 2.00180 2.00180 2.00179 1.99957 1.75374 1.77745 1.95038 1.95038 1.95038 1.95038 1.95038 1.95038 1.87348 1.47985 1.49439 1.51023 1.52405
5.41988 5.41635 5.41635 5.41635 5.41635 5.41635 5.41635 5.41635 5.40401 4.82513 4.05186 3.25053 3.22213 3.22213 3.22213 3.22213 3.22213 3.22213 3.22213 3.22213 3.22114 3.12911 2.97783 2.82647 2.67265 2.07952 1.76805 1.72017 1.68877 1.65576 1.62278 1.59653 1.88273 1.96309 2.00454 2.04600 2.08751 2.12894 2.17051 2.21052 1.78875 1.55416 1.55416 1.55416 1.86876 2.00180 2.00180 2.00180 2.00180 2.00180 2.00180 2.00180 2.00180 2.00041 1.89979 1.63692 1.95038 1.95038 1.95038 1.94649 1.93181 1.91834 1.90389 1.56413 1.54388 1.49788 1.44010
5.41635 5.41635 5.41635 5.41635 5.41635 5.41635 5.41635 5.41635 5.41566 5.13996 4.12587 3.42162 3.22213 3.22213 3.22213 3.19309 3.05272 2.90169 2.75084 2.59956 2.44929 2.39004 2.39004 2.38084 2.34890 2.01796 1.69047 1.65503 1.69499 1.73645 1.77796 1.81939 2.04714 2.22177 2.22177 2.22177 2.22177 2.22177 2.22177 2.22177 1.96265 1.55416 1.55416 1.55416 1.76997 2.00180 2.00180 2.00180 2.00073 1.98535 1.96554 1.94571 1.92596 1.89706 1.84294 1.37751 1.74208 1.71902 1.69041 1.62299 1.54284 1.45465 1.35792 1.28822 1.21836 1.20684 1.20684
5.41635 5.41635 5.41635 5.41635 5.41635 5.41635 5.41243 5.40345 5.39445 5.30241 4.19475 3.35862 2.82572 2.67445 2.52318 2.40094 2.39004 2.39004 2.39004 2.37337 2.30700 2.23649 2.16605 2.10472 2.06612 1.88952 1.94435 1.87773 1.87773 1.87773 1.87773 1.87773 1.96219 2.22177 2.22177 2.22616 2.24313 2.26096 2.27879 2.29653 2.21936 1.67415 1.68232 1.70015 1.74803 1.78325 1.76342 1.74362 1.72491 1.72049 1.72180 1.77308 1.85157 1.93374 1.68875 1.40174 1.34802 1.26154 1.18447 1.17511 1.17511 1.17511 1.17511 1.19132 1.20684 1.20684 1.20684
5.16224 5.15327 5.14427 5.13523 5.11873 5.04485 4.96300 4.88617 4.80927 4.69891 3.72983 2.85473 2.38924 2.36347 2.32596 2.27639 2.20622 2.13574 2.06520 2.01140 2.00727 2.00727 2.00774 2.01346 2.02066 1.97962 1.91883 1.97098 1.98889 2.00675 2.02446 2.04229 2.06563 2.39904 2.43973 2.45317 2.45394 2.45394 2.45394 2.45394 2.43248 1.89642 1.78633 1.78633 1.78295 1.72123 1.72614 1.79887 1.89100 1.98317 2.07399 2.11483 2.12852 2.13060 1.84316 1.55526 1.23102 1.17511 1.17511 1.17511 1.17511 1.17511 1.17511 1.18445 1.20747 1.23554 1.27810
5.01440 4.93766 4.86084 4.78397 4.71472 4.70285 4.69870 4.68144 4.66327 4.62630 4.06710 2.88598 2.11931 2.08183 2.05608 2.04236 2.04925 2.05652 2.06370 2.07094 2.07818 2.08538 2.09215 2.09366 2.09366 2.09366 1.94780 2.10476 2.10990 2.10990 2.10990 2.10990 2.10990 2.33471 2.45394 2.45394 2.45394 2.45394 2.45394 2.45394 2.45342 2.03920 1.82266 1.90624 1.99835 2.03659 2.11118 2.13060 2.13060 2.13060 2.13060 2.13060 2.13060 2.13060 1.95738 1.66388 1.26369 1.18103 1.21894 1.26153 1.30414 1.34672 1.38934 1.43446 1.50554 1.52018 1.52018
4.70033 4.69089 4.68146 4.67201 4.66258 4.65313 4.64785 4.64589 4.62777 4.60385 4.28788 3.09633 2.12534 2.09366 2.09366 2.09366 2.09366 2.09366 2.09366 2.09366 2.09366 2.09366 2.09366 2.09366 2.09366 2.09366 1.95831 2.09674 2.10990 2.10990 2.10990 2.10990 2.10990 2.23276 2.45394 2.43562 2.37972 2.32272 2.28429 2.30047 2.32062 2.24130 2.18787 2.19644 2.19644 2.15704 2.13060 2.13060 2.13060 2.13060 2.14399 2.19637 2.25109 2.30590 2.30170 2.02337 1.54964 1.48386 1.48845 1.48845 1.48845 1.48845 1.48845 1.48845 1.51578 1.52018 1.52018
4.68303 4.68303 4.68303 4.67465 4.64809 4.62088 4.59369 4.57622 4.57591 4.57591 4.48474 3.34490 2.30869 2.09366 2.09366 2.09366 2.09366 2.09366 2.09366 2.09366 2.09366 2.09366 2.09366 2.09366 2.09366 2.09366 1.97979 2.07771 2.10990 2.10373 2.05487 1.99787 1.94081 1.90923 2.19522 2.23678 2.31237 2.38900 2.44703 2.45051 2.45051 2.37759 2.19896 2.21513 2.26908 2.29901 2.31284 2.36761 2.42237 2.47709 2.51851 2.52093 2.52093 2.52093 2.52093 2.18624 1.72849 1.49834 1.48845 1.48845 1.48845 1.48845 1.48845 1.48845 1.50891 1.52018 1.50024
4.64978 4.62260 4.59536 4.57655 4.57591 4.57591 4.57591 4.57591 4.57591 4.57591 4.51825 3.76026 2.50088 2.09366 2.09366 2.09366 2.09366 2.09366 2.09366 2.09366 2.09366 2.09366 2.09366 2.09361 2.04383 1.95100 1.83323 1.78430 1.84581 1.79492 1.81223 1.87104 1.93018 1.98913 2.35035 2.45051 2.45721 2.48113 2.50593 2.53065 2.55546 2.57378 2.56468 2.58594 2.58676 2.57645 2.52093 2.52093 2.52093 2.52093 2.52093 2.52093 2.52093 2.52093 2.52093 2.30047 1.87553 1.51246 1.48845 1.48845 1.48845 1.48845 1.44207 1.31722 1.20466 1.09660 0.990395
4.57591 4.57591 4.57591 4.57591 4.57591 4.57591 4.57591 4.57591 4.57591 4.57591 4.53979 4.08741 2.78679 2.09366 2.09366 2.09366 2.09366 2.09366 2.08067 1.99798 1.90514 1.81251 1.71988 1.62724 1.58414 1.58414 1.61282 1.69694 1.93185 1.99702 2.05340 2.07832 2.10310 2.12789 2.381 **-8 & .'9/,:+&","0#7(7/,<%-".#6$:2 &%72%,1>$"3=(*%93>9?>%&<3*+%<52;50.&99 '%98-->+=&$=;=5:%4+?"3%%7=37>'7#3 2% ;$6;84:,*;;'/1)79;4:!+39,,6.5=?5:'$?1%5! 0/ !<*7+#;5865*7'0->&#;3?6=*6"5; + 7/>-+7: (:;,-%;<%(75/$35+,+;4.)2;"%?4'.1 *#/1!:%);/-**#=%6":-(</&-* 7)<9 $ >;**:8--<6/!+27"&88- 6<+%':=)/;3!&:9" ; 3/(2!0%/2%%58&5.="4)&4--1?&48 3 / 4%:=>=.!+71(=4'20>: $+1=(43!289?"(#?>>3/5'0$8*:,#>''77$3/4/2$%7##9<$27 2 #?-10=;/0:97'<7#;6=>/16=6/:9#:898*=:10 1:+0$;9%+?%':($2;#7? '<$&9*/0:'7*6 & >'12<9*1?3= 5>'12<>)08<7,4>*655<*2>984726;-<-.4".51>018"6)&1"-609018'- 6, 52,22$<:3:6+40?(13$9:526/30?*53#=3:5;7=87 ?";&$8+#6<;03?%:""2&%97>10'$ 4>'<+5$"1:;?,17,7/0($812;/8;/='>% 315?!2-?
"1?&/<;.$">= #4>%$6?%*?7+-9 :&-2*.3=#?(<"3#&4 $98#?4? '5(8977#".16!:2!16>;&!$?2.2:/37>:&.%?<;>&7%1"1(7$.4 "18&1)1(7 /:.-18&1<= /<'74=:+)&1=/1:.48=<"75>0$55/7847'=1:9<>)? "1?$*9&,6 $83'>5-!?$/;--;5!;!< ( 0 ;4?<'637=.79':5?=)5=0>/5<)66::(<01:8701=/?)%?/&82:7==)<,-4**93<08>%)?'56-42";8?95$717(03"=;>0<,771(;3">7691:18; > ; /<+!97?64>#<..0"!450:3#% 5 >);&1#"79<8&4?(8'4)#432?-?8*4-1/*9:48$6*73<9*<,$1->-3>(/6.>',?)8-3?.,- *<1 *6!+4'52;<(>6*5#$8#6139-35+6#/0 8;6<*0/4 ,#>'?+&:"3&4:,";"0,&> 8-77,'. !93 /1+3&&0100!6?&=+3($?6?0 <6)5+3-"2=20+2*06;9 6.%7'>(2<0;>$<.%9 >/3:2;(':9 ,7)6+)<1;2#26-4*1.!;42<+6;,=.,;$;746# 6->.!;-2%->)4!$ !#=-3 !=!?!*%% % % : &/)"0!6:-%;76&/",7+65!&414%*$/0!14 "=6$.(.">'1+'3$6$)!-->$5%$9 7/-+ %$&+) -&"1!2:"*(*7 $"+3!58#&%*5/+,!4,<4(")-?*)"#=,:#'!2-3 +!6*>'%#4/1*" - % # /1+./6 5<+$!!(=*'/:&2:#!-,-7"$.2&96%!#-6)%*,:+5.!!7-9."'&:+<&$.27 *$""!%( +)%1%9;,,&(8 +'$1*9>+'+.4 * )5#38.#% 1 *$,#:"2,% =0".&,.6-8/%$7:&*/) (!.)$%--<)1?&(''3&)",6+<4#"&*3'.#/=!57% "5'-)..9"5$'"=9',(*/>&;%.,>1/,(%./ '+%.*+2%1<* /&?*./-0%11", .?+. *0)5>#%'?+. .+0)8 .!6=+. ('<)5$+%9?+/$!")$.+,&)7$06,&'-=+-(.<'0='! )1+)!):-31-&% />-,))8+3% 8",9#/*/8-3&+4(,>,!+*%&8?*",0">:-)9:-6*/-1"=:&%+$'?!&*2"=:#".,6(',-=$=/&#6/=.')#=)=#&1-3./-1' & ,5&//*6.<*+2"(?//,"7%3&$>!,>
*'%%-,? 6<$*!(9'!,/8+27)&#*8%"*+1&26 &/0(* %+2%8%$$91'--.)9/9# -70%%"("."+%//(=!?:%&/+<%,+";$1;$-/+<+-% ;"4;$-/ "<,),/7+9!%/:"<* $"7(9!%/:-?/* ') & #8,)*5%3?! "!*?+'*1%48 ($#/;((+3"6>$& )0"/%#9(3&,9)/9/!*'9/3/ <$-0+! !"-0<.'/5+3=#/;6'0/"(9&>:$%'&);)!$4#77-*&#0*#$+9+=)&$:#7)"%!1)6%':&2*' 0'" !0$(,);-7$.=""4)&*)?-<(!>*+1.-)+2#<."8-*0"!/ :"0."?,&0"!/'8&2"":+0"$&> %!/3""(*: 5$/?,+3"*'#=&=($;#)6++'"?.6#!4# 6-%. 5+2("2/$5/'"-?.> $1'2)$ ' 5 &/- 7,#'*>)5$)4*(2($(!7+<")4*(6' '$;+?')>*(5$'&(<,>*"8 (4%-*/0#<(!6.4%-&: %",4%-!';#6!/6/'4%-!/1 <"(:+'4%*($?(>%*:.'4%*(";!?.)9/'4%*($;!?".0. 4%# %? ". $5/"&/8!8" =#/3*..*8+? #;#-8-%)#=-:%$9..:"$+!<,8$$9(7(,.(&4':$!7&(-/,: $& (/+(&5.=*,8-:(***#2,=#(=-:***"49//99'79,$*!3>.$;9&31* *'5;'$6>/ :., ,$ #*)1""!" ;,.<!6.(1($"!=))6,7*(,/!$?4&-?9(($.-/*;3* 2:.)"."+ ?8.(8;+%(+,)+#,.1/)"":,+1)3*(7---&?!+9)4$'!%/ 1;"&;?'/(!#.!57$.:8(+.%"/"3:'+;?,% "%# //.*7 "-$5-&6)0*(0"%+)5,+5)1-* )()&4=% :>-)()*)+;?" 34**(()),?8.+;2%#()#$! $((0+"#'3, 5'8.,7%**'6*'9#6.+-+="58/;36)/&*-5.71$49<-+)+.:*85-:5<-(&6& / )>& <%&( 8/2-<*$6*)&#$<'5 4$,+ ?)?8.?=>/(,,%>)8> >96/),.!4!=3$4;0*,, < ' /1/$2,- '+:$<,;,-2,,$'"6 ;(: *$./6%?=)92;-"&#,2'28,=9>*+!!*9)3;)=?< ((!="& +4$!?-'('#2'4'0(!>+%-"":&9)0 ,
," =.8+1 (?%+,((6"0$> * ,-.1 2?.7;2)" &+3"80#;<1(%*.'3&;5#506))"? $ &7"&8,$,,&0(9*1&&=( * ,6$7&0 %/ ->!9>!<<1/(-".:!<>!78?/).((3(>3.8<1,-$? # '&2+%;-,(%!7$7&2+$5.$*'!7$7 2$,45,"=2-+>9%#-24,"=2-+>9%#-49.&08 +>9#.8 ( $&>-0");.+(.!8 =&4&,5,%+ &0,8 7*,=9) 7<'.5=%%">0$ 79 ,;?-*$6=+&>9'$>1 /6- +"4"0#)=/("/#3&;'5"+7,!$!'2 9 ? ),88&-9;' ?4/(";9%,;8+-=1.#*=6/,28#-9?$/8* / "?+;#+8*/&)%0(9"8&*7(!'+"6)<> ' .:?(&904=&0),-09)$>5 "0:#&.08()5>#/1= !);$ $ &4*>%!4"-35'3#>$0,.7.%;:*1 <;) 3%4=>=-,"87,8;%0;93+./?5,35%694<* ,>835)""7%='="+3((/-"6"7$>))6$++)#04:) =+?,&3*$.72)2:.=(.:.>929)28.<((!5<773 7>,#>*9 (=")6.(' =/=!(6.*4("!.3" - ; % 9"7),&65=74&1< 8//":?163!0>(:, &?90<71014=.>'-3#/18?001':--7&'1>?1=6*, 3' ;4.3<'?1642%3;1)1=#21987.04;&2= 163=1 5:83;)2%#?! 75128;.2"'>%"=1=>>*#;8 -3+> +27=;%8;(5*0"$771:,=2,6-0*#<:?:$5(3 448(=!';*2+7=788)?)%;(0'0838",8 5)<&8#$495?*44)2.7-%604<"04.6!-0#>718.;)6 /(:"?+'3(7(7</$;.:,%=#3*62/##,: 6 -4%/<)2?9:-22+>-6-&6:3<-2<)6-6.$?>2=%<)638;#6-"4%6)<64>7,0"#>#6+3:6?(. ? 0 &;.4)!6:8;,01/,90%)1::9#00/&?>-%6<19$2/(--:-?+%;$4
*3&6.&;26>&17*5&5/&<014+:2.4*5)-1964# 7-505=#; )0#8-?:87:+:%-2+4.1;>8#* 70.6(>*-:=5=/61-2(>)+22>9%5?'2 /9$3:?7( 4.6+.<-4*)1$3(4<+.<-7+':&3'62+.- + : 0 .0%+< 65<9#=7/5-5%$1289#2<)6-5%$><0>+ 2)649:):'/=%4'52--? =.#?%7+13-,+/1 4 )0&&;&;7;6%17/,1!='5352"14/.>&3/5=07!?/(=><.=++7'< !)#&9!?)!3"5! ,(- . ' 0 "((*4/0=+':57"()*6(?4#(;<7"*#/8'8;.#72!/ )(0 7,,8#1"('-!=/3!(7)9$+$ "$ ) ' %)$(:*=6"*+)1 ((&6-77(./);',#*7&08"'/:--+("4$8-+&8$:!&./5%0!"#7$;," /%'% :%$.9!1;!$,&,:+&"3&8=*)"$)9%+-8$3=#*$*9*/+!:.?/,,<*;-)*#1*?/""2(;& &." .+ &' '1-96- &9&&!);$;6"&"&3&')*5(?0%#!7&/ !&=(<%'&?6!$-*%1(;-"#<8!&% - '(?*'&-2#4:*-6;7 '',7$1='&=80 ))/:%96!+32,),+!?(6'#%>7.(*.!4'?',&=$9/# $%+  =%$)?#=<*(,%,>--.2&>6)'&%,<%'%7$:?*$",>.#/-5.6.!&7*?')*(?-<&&,2"?-% + # !& 0)!*:'66$.,%(1&&*;*7<+$+&#1,"*;'38&&! #>(&*,4);'%%3#1.#*,?+;!%%3/4,"-+ 6) (;+<9%#.%.6#*!<*:=&')!"7+#%<&<1*+' #:,%$!6.7".#2-7,&#!6$9#! 7=,%, 4"$&0(!)":$9"&:#/4)%,#<#9,":*!5,!,!='>'(4( 5*",!<'3%&?..="#,!<'<'*;%=/"!=/ # *2*,&(>-= !<#*0,($/7&6%)>'"3($/!>#3)"7&-4.&. ;!<*/7*+9(+($6#8&&<#?., ;') *7 * +="?"!0+)8+'*(=%9/*5-*2-"-/0/3!*8 +5*%'&?%4 *0/+7*'!%<(5")6.5.,/ : ) ,#+&$-"7"<+ >/2.& (,:/:&!? 9+%/.':!:#%=,0-,&+!? 0"!<+9*,/,/? 0",;'./+ %<&. !.,+%/="3.
      < " &*,"        ,       "$ *& 1        )         $ /'*..:      !         . * ! ("'2       5 +     
       =   <>-          :< ++       1 97 (       (;<8"          > /<     $ 4 ; ?6            9 *2    799>:          
