High_resolution/powerplant/Shangrao/OMI_NO2_200712.asc
ncols      200
nrows      200
xllcorner       115.451
yllcorner       27.0350
cellsize     0.0166667
NODATA_Value      -999.000
[rows 0 to 28 of 200, columns 0 to 66 of 200]
10.5967 6.13122 6.05911 5.37459 5.36529 5.36529 5.40660 6.93147 8.66726 9.94850 10.8932 10.9640 10.7758 10.5999 10.4361 10.3560 10.3560 10.3554 10.0665 11.0229 8.86655 5.24853 5.42397 5.17102 5.07838 5.07019 4.96686 4.87987 4.80739 4.73941 4.91953 5.02916 5.02769 5.00560 4.95913 4.92287 4.89461 4.99913 5.69918 6.93747 7.69276 8.23592 8.29603 7.75283 7.28784 7.28597 7.21611 7.21322 7.21322 7.21322 7.21322 7.41924 7.84581 8.21332 8.64273 10.0378 9.96864 9.92249 9.92018 12.1769 12.5421 12.5421 12.5421 12.5421 12.5421 11.5578 11.6864
10.6322 6.76968 6.01294 6.73936 8.05513 9.23862 10.1633 10.3731 10.3664 10.3664 10.3664 10.3664 10.3664 10.3664 10.3664 10.3585 10.3560 10.3498 9.87081 9.73641 9.19629 5.21363 5.20863 4.96589 4.64224 4.63318 4.63318 4.62968 4.60081 4.56882 4.66553 4.85588 4.81887 4.92151 5.49923 6.08204 6.63429 7.18474 7.48369 8.05866 8.29603 8.29603 8.29603 8.06802 7.28784 7.28784 7.23497 7.21322 7.21322 7.26823 7.37704 7.58848 7.96128 8.44738 8.48960 9.87230 9.91939 9.91939 9.91939 11.3672 12.5222 12.3434 12.2343 12.1175 11.9943 11.4256 10.8864
11.3494 11.0845 11.8102 11.2765 10.3664 10.3664 10.3664 10.3664 10.3664 10.3664 10.3664 10.3426 10.0694 9.74470 9.33920 9.01664 8.72200 8.47076 8.25363 8.18209 8.80927 5.24204 4.84071 4.94013 4.55362 4.52469 4.49759 4.47458 4.47077 4.60771 5.23369 6.09027 6.62363 7.02900 7.06462 7.06531 7.08739 7.13283 7.48345 7.86946 8.29603 8.29603 8.29603 8.28811 7.38332 7.34373 7.41194 7.48855 7.57756 7.62254 7.62518 7.67026 7.85415 8.33013 8.28955 9.05022 9.25879 9.17152 9.09092 9.44513 10.6575 10.8448 11.4634 11.4091 11.2600 11.1312 11.0507
14.1948 12.8070 12.2888 11.8764 10.3664 10.2936 10.0209 9.75506 9.33859 9.06378 8.74254 8.44378 8.32507 8.25638 8.23743 8.32783 8.35456 8.34819 8.28416 8.12117 8.19183 6.12292 4.57143 4.81985 4.48909 4.61831 5.21695 5.80233 6.34777 6.75847 6.79858 7.04823 7.09639 7.10434 7.11232 7.12029 7.14516 7.16001 7.50923 7.77956 8.25090 8.27727 8.31160 8.33994 7.91106 7.63090 7.62023 7.58491 7.56955 7.55431 7.53964 7.52708 7.66435 7.97674 8.05943 8.43053 8.81207 8.78902 8.76035 8.73641 9.83708 10.0062 10.7100 10.8292 10.8208 10.8252 10.8436
14.0843 12.0314 10.8319 10.4834 9.13343 8.87397 8.80488 8.70430 8.39380 8.26168 8.23743 8.23526 8.22413 8.21206 8.19999 8.24049 8.29402 8.28810 8.27351 8.18424 8.13915 7.23016 5.59675 6.44728 6.64993 6.87598 6.91067 6.91872 6.92578 6.92686 6.92686 7.09868 7.20865 7.20865 7.20849 7.20316 7.20035 7.13937 7.38837 7.82077 8.31777 8.32098 8.31325 8.30824 8.09941 7.58801 7.58560 7.53528 7.61462 7.73986 7.86538 7.99101 8.21345 8.30538 8.23712 8.39508 8.80223 8.77604 8.75597 8.74811 9.45016 9.87951 10.6128 10.8265 10.8265 10.8265 10.8370
12.2075 10.9297 9.82707 9.61318 8.89017 8.49882 8.45666 8.44461 8.29698 8.15618 8.14413 8.13425 8.13327 8.13327 8.13327 8.14714 8.25208 8.17867 7.79685 7.39338 6.95592 6.56866 7.36893 7.51008 7.29140 6.92686 6.93007 6.97007 7.02018 7.07034 7.12010 7.17701 7.15580 7.07987 6.98794 6.90066 6.82507 6.82737 7.02716 7.82914 8.32727 8.49223 8.61616 8.74168 8.84681 8.30917 8.39823 8.46498 8.50624 8.49645 8.48447 8.47247 8.44032 8.32387 8.15736 8.18902 8.74000 8.74811 8.74811 8.74811 9.10285 9.87211 10.4260 10.8118 10.7693 10.4638 10.1336
11.4521 10.4701 9.43970 9.21017 8.92676 8.40213 8.39754 8.39752 8.33260 8.13327 8.13327 8.13327 8.13327 8.08152 7.71668 7.29912 6.97656 6.65385 6.62264 6.68066 6.74535 6.70152 7.33551 7.73334 7.81183 7.27173 7.31816 7.32844 7.32180 7.25272 7.17361 7.08790 6.86563 6.86927 6.89544 6.95845 7.02764 7.11752 7.22155 8.22240 8.91727 9.27579 9.29286 9.31350 9.29558 8.79074 8.58013 8.52960 8.47337 8.47145 8.47145 8.47145 8.46321 8.38047 8.16196 8.15736 8.62814 8.74811 8.74811 8.74811 8.74798 9.39857 9.47940 9.63706 9.42568 9.39695 9.39697
11.0753 10.5978 9.66533 9.21017 9.16027 8.41268 8.39752 8.39752 8.39146 8.11063 7.75454 7.35622 6.96785 6.63123 6.60807 6.63741 6.76525 7.02190 7.07602 7.09377 7.10457 7.03219 7.29336 7.88698 8.06475 7.35336 7.25924 7.19567 7.16840 7.22227 7.28591 7.33553 7.22532 7.24893 7.29197 7.29821 7.35862 7.41955 7.37218 8.12664 8.82841 9.21880 9.09385 8.96344 8.87138 8.75173 8.53787 8.51977 8.47145 8.47145 8.47145 8.47145 8.47145 8.40563 8.21161 8.15736 8.41941 8.54676 8.41044 8.27422 8.18507 8.36467 8.68361 9.27804 9.39695 9.39695 9.39695
11.0753 10.8389 9.87321 9.22233 9.25710 8.62809 8.15421 7.76600 7.37798 6.83654 6.71590 6.72655 6.72655 6.72655 6.72655 6.72655 6.75271 7.07865 7.08693 7.08990 7.09496 6.98390 6.91342 7.69578 7.83036 7.52210 7.41594 7.46448 7.48276 7.48276 7.49274 7.61481 7.65498 7.73673 7.89009 8.04345 8.09210 7.74642 7.13516 7.40947 8.18181 8.86791 8.86791 8.86791 8.86791 8.84762 8.54507 8.53486 8.47271 8.47145 8.47145 8.47043 8.38659 8.20653 7.91522 7.66365 7.77588 8.18315 8.18315 8.18315 8.18315 8.28506 8.52800 9.22506 9.39733 9.39985 9.40272
11.1129 11.0429 9.98947 8.61487 8.11467 7.36130 6.99081 6.99081 6.99081 6.87392 6.72655 6.72655 6.72655 6.72655 6.72678 6.76100 6.81360 7.06934 7.10204 7.06127 7.04714 7.06768 6.96886 7.59695 7.94173 7.84912 7.68729 7.84065 7.99384 8.14712 8.29049 8.32170 8.20689 7.96072 7.83015 7.69973 7.61361 7.57410 6.92696 7.06820 7.98190 8.79460 8.86791 8.86791 8.86791 8.86791 8.62812 8.53301 8.38144 8.23055 8.09420 7.95903 7.90648 7.88472 7.77262 7.61070 7.67444 8.23973 8.26483 8.28639 8.30795 8.35353 8.60871 9.03882 9.31894 9.44429 9.62985
9.95096 9.26630 8.84997 7.65674 7.52211 7.41473 6.99081 6.99081 7.00162 7.03803 6.84355 6.90165 6.95636 6.97060 6.97271 6.94090 6.89065 6.96876 7.06313 7.06628 7.15850 7.27492 7.44545 7.99415 8.74072 8.89408 8.32170 8.32170 8.27084 8.14169 8.01106 7.88044 7.77648 7.61176 7.61332 7.62738 7.64354 7.66000 7.14801 7.01808 7.87609 8.72085 8.99408 8.99677 8.89819 8.77610 8.51721 8.24032 8.19792 8.15242 8.17399 8.19553 8.21707 8.23600 8.17308 7.95855 7.95075 8.43782 8.55489 8.65680 8.85970 9.07027 9.49091 9.78374 10.0465 10.1928 10.2191
9.45238 9.11645 8.96035 8.09302 7.78502 7.90549 7.47185 7.51430 7.60307 7.57571 7.05156 6.94615 6.89378 6.88200 6.89942 7.00049 7.11209 7.26991 7.52045 7.63130 7.70693 7.77298 7.93322 8.15547 8.92192 8.97834 8.20504 8.05851 7.99505 8.01053 8.02672 8.04317 8.05936 7.91587 7.90583 7.90823 7.90823 7.90823 7.58050 7.26141 7.84222 8.59146 8.95632 8.88475 8.91422 8.96727 8.98418 8.71124 8.58166 8.26483 8.26483 8.26763 8.27199 8.27571 8.21469 8.37234 8.69947 9.21751 9.57585 9.70309 9.72980 9.74866 9.88122 10.0293 10.1255 10.2191 10.2191
10.8346 10.3411 10.3578 9.27435 8.28566 8.24506 7.76647 7.48648 7.43493 7.46529 7.24584 7.17281 7.28700 7.40093 7.49756 7.51066 7.51300 7.51957 7.69194 7.69504 7.79225 8.02967 8.10117 8.31425 8.51082 8.70265 8.27613 8.09278 8.09278 8.09278 8.09725 8.11425 8.13202 8.10553 8.13891 8.19102 8.23861 8.28544 8.18579 7.62891 7.90077 8.39679 9.04412 9.06846 9.09658 9.13163 9.17110 8.90964 8.82850 8.33036 8.33219 8.41668 8.61186 8.80980 8.96621 9.30943 9.55446 9.63130 9.75928 9.75928 9.75928 9.75928 9.80152 10.0247 10.0821 10.2191 10.2191
11.7201 10.8160 10.7375 9.68149 8.08363 8.06014 7.93541 7.85293 7.96452 8.03289 7.83987 7.51392 7.51392 7.51392 7.51392 7.51392 7.51560 7.52180 7.66999 7.71583 7.74500 8.04547 8.05645 8.32730 8.47598 8.70631 8.53075 8.18544 8.20322 8.22090 8.23407 8.23381 8.22825 8.26489 8.37093 8.44583 8.52811 8.61458 8.73235 8.17942 8.36549 8.90747 9.37540 9.39649 9.41359 9.43141 9.45403 9.28670 9.29905 9.00112 9.06976 9.18627 9.18853 9.18853 9.17422 9.21184 9.55513 9.57763 9.75902 9.75928 9.75928 9.75928 9.75931 9.99215 10.0767 10.2659 10.2939
11.2217 10.7066 10.5925 10.0753 8.09534 8.06014 8.05842 8.03411 8.03366 8.03366 7.97802 7.51470 7.51519 7.52120 7.52997 7.54986 7.56948 7.58462 7.71142 7.82855 7.84928 8.14897 8.21133 8.39615 8.51530 8.74892 8.80394 8.38188 8.45843 8.53714 8.61892 8.72104 8.87025 9.04375 9.27457 9.33230 9.39000 9.44716 9.46859 8.94898 8.68317 8.99637 9.45033 9.46759 9.39647 9.31153 9.21763 9.27616 9.81147 9.46867 9.18853 9.18853 9.18853 9.18853 9.18836 9.11872 9.53149 9.55513 9.73265 9.76140 9.76485 9.76829 9.77173 9.95763 10.1292 10.2656 10.3110
10.7625 10.9302 10.5925 10.2934 8.48867 8.06014 8.06064 8.05082 8.06042 8.08103 8.10236 7.68799 7.62400 7.63931 7.65186 7.65331 7.65331 7.65331 7.71925 7.88997 7.88593 8.09383 8.21208 8.31846 8.47864 8.71673 8.99897 9.11782 9.17499 9.23261 9.29041 9.33096 9.33245 9.33321 9.46605 9.50321 9.52265 9.54210 9.56154 9.23476 8.64174 8.74454 9.08450 9.16850 9.16850 9.16850 9.16850 9.16870 9.71953 9.62185 9.18853 9.18853 9.18853 9.18853 9.18870 9.13918 9.43985 9.56623 9.70024 9.77356 9.77356 9.77356 9.77356 9.85400 10.1246 10.2221 10.3110
10.5605 10.9982 10.5925 10.4663 9.03226 8.18191 8.20699 8.19269 8.17235 8.17305 8.17305 7.87635 7.65331 7.65331 7.65331 7.65331 7.65331 7.65331 7.67393 7.95458 7.98744 8.16558 8.39635 8.47075 8.75559 8.89247 9.17159 9.33245 9.33812 9.35708 9.37647 9.39597 9.41539 9.43409 9.52370 9.53259 9.45428 9.37667 9.29848 9.18477 8.45006 8.54448 8.92899 9.16850 9.16850 9.16850 9.16850 9.16850 9.51994 9.76967 9.19417 9.19292 9.19774 9.20256 9.20714 9.17901 9.33714 9.57179 9.65262 9.77676 9.79630 9.82305 9.85162 9.88430 10.2286 10.3270 10.4183
10.5605 10.9341 10.6068 10.6082 9.52934 8.22741 8.22741 8.21585 8.17305 8.17305 8.17305 8.01597 7.68588 7.73442 7.78295 7.83288 7.88940 7.94687 7.99033 8.17257 8.16841 8.23409 8.49896 8.64081 8.82241 8.86489 9.16301 9.42486 9.43859 9.43912 9.43893 9.39438 9.31663 9.23839 9.21126 9.26128 9.26128 9.26128 9.26128 9.26128 8.60051 8.49039 8.83100 9.20165 9.21157 9.22150 9.23227 9.24644 9.41313 9.91886 9.42853 9.34597 9.38599 9.42612 9.46610 9.49946 9.54016 9.88651 9.94091 10.0974 10.1064 10.1087 10.1549 10.2135 10.4968 10.7311 10.9017
10.5605 10.7947 10.6540 10.6227 10.0126 8.23128 8.27430 8.33024 8.30989 8.35227 8.40530 8.42935 7.98069 7.98205 7.99095 7.99853 7.99944 8.02746 8.21112 8.55224 8.80010 9.00911 9.52079 9.60219 9.20520 8.88673 9.11612 9.39675 9.34181 9.26848 9.19516 9.16612 9.17066 9.17523 9.19654 9.32048 9.32500 9.32957 9.33410 9.33866 8.90761 8.52974 8.77086 9.33019 9.31434 9.28855 9.26187 9.23164 9.20782 9.75865 9.72363 9.67714 9.67714 9.67714 9.67728 9.68698 9.63849 10.1855 10.3438 10.5732 10.6880 10.7783 10.8230 10.8553 10.9869 11.2523 11.3149
11.0689 11.4314 11.4985 11.5719 11.4241 8.86706 8.62883 8.64413 8.56767 8.53971 8.56297 8.58512 8.24477 8.35050 8.56856 8.78654 9.00450 9.19440 9.22867 9.30528 9.45603 9.42895 9.62227 9.70926 9.56834 9.09858 9.02436 9.11085 9.20702 9.20702 9.20702 9.20702 9.20702 9.20702 9.20871 9.29253 9.27580 9.25018 9.21338 9.14544 8.86713 8.19146 8.25130 8.96507 9.13475 9.13475 9.13475 9.13475 9.14991 9.55923 9.77753 9.72742 9.74017 9.74862 9.69406 9.60149 9.56843 10.2817 10.6233 10.8034 10.8880 10.8880 10.8880 10.8880 10.9026 11.2360 11.2955
14.3996 14.3996 13.2253 12.7640 12.5668 9.87204 8.91317 8.94645 9.02160 9.38392 9.63290 9.88188 9.61700 9.26993 9.26993 9.26993 9.26993 9.26993 9.26993 9.30099 9.58308 9.57755 9.76619 9.90236 9.87974 9.20597 9.11407 9.03406 9.21468 9.21767 9.22065 9.22364 9.22662 9.22960 9.21867 9.11183 9.02940 8.98542 8.95257 8.95084 8.93071 8.17035 8.21778 8.85179 9.23125 9.25689 9.28128 9.30442 9.28656 9.39233 9.67461 9.50056 9.40267 9.30848 9.27656 9.27656 9.35890 10.0173 10.6354 10.7434 10.8880 10.8880 10.8880 10.8880 10.8880 11.1401 11.2238
14.4179 14.4313 13.3915 12.6068 12.4758 10.4849 9.06086 9.07003 9.13327 10.0331 10.0475 10.0475 9.83550 9.26993 9.26993 9.29010 9.34640 9.40343 9.50008 9.61327 9.76204 9.67439 9.75461 9.91901 9.92199 9.40968 9.19909 8.99714 9.23089 9.23089 9.21764 9.17463 9.13058 9.08660 9.05359 9.00406 8.92914 8.91805 8.90693 8.89584 8.88475 8.30632 8.12977 8.76312 9.19093 9.13573 9.16063 9.22814 9.32492 9.44260 9.36534 9.29059 9.27656 9.27656 9.27656 9.27656 9.28370 9.73495 10.6354 10.6777 10.8880 10.8863 10.8581 10.8206 10.7832 10.8160 10.9062
13.1693 12.9425 12.6901 12.1466 12.2154 11.0990 9.07003 9.07003 9.07003 9.82032 10.0707 10.1825 10.3256 9.69153 9.79449 9.91227 9.99388 10.0748 10.1160 10.1160 9.96683 9.71619 9.71232 9.92623 9.92623 9.61460 9.18722 8.97642 9.09716 9.06737 9.02540 9.01324 9.00214 8.99103 8.98108 8.96635 8.87750 8.89870 8.93003 8.96137 8.99270 8.49980 7.82810 8.52379 9.28028 9.45106 9.49327 9.49327 9.49327 9.49327 9.40141 9.31109 9.27656 9.27656 9.27656 9.27656 9.27656 9.50525 10.4689 10.5505 10.7544 10.7416 10.7324 10.7324 10.7324 10.7505 10.9009
12.8801 12.8801 12.8801 12.0524 12.2154 11.8467 9.47409 9.56019 9.72170 10.3617 11.0069 11.0607 11.0628 10.3605 10.1160 10.1160 10.1160 10.1160 10.1160 10.1160 10.0455 9.76901 9.79474 10.0903 10.1963 10.1686 9.64628 9.68885 9.18415 8.97942 8.97942 8.98687 9.01672 9.04809 9.07955 9.11088 9.05148 9.05259 9.14028 9.26536 9.38974 9.32182 8.23949 8.59584 9.34177 9.49327 9.49327 9.49327 9.49327 9.49327 9.44303 9.33163 9.27656 9.26864 9.22835 9.18462 9.14088 9.24240 10.0638 10.4538 10.6471 10.7324 10.7324 10.7299 10.7217 10.7135 10.8421
12.8801 12.8801 12.8801 12.0677 12.2886 12.3276 10.4806 10.0814 10.0853 10.2837 11.0628 11.0628 11.0628 10.6041 10.1160 10.1670 10.2906 10.4148 10.5740 10.8158 11.0547 10.9147 10.3064 10.4658 10.5442 10.5433 9.93035 9.86499 9.43189 9.09506 9.12640 9.15028 9.15178 9.15591 9.24601 9.37094 9.43139 9.51457 9.55181 9.55181 9.55181 9.55178 8.41372 8.44209 9.17369 9.49327 9.49251 9.48247 9.46974 9.44454 9.37891 9.19343 9.05993 9.01124 8.99367 8.97217 8.94954 8.97565 9.60822 10.2408 10.3602 10.5111 10.4918 10.4749 10.4637 10.3908 9.94591
12.8801 12.8801 12.8801 12.1515 12.4200 12.4823 11.0577 10.0853 10.0853 10.0920 10.9786 11.0628 11.0628 10.9832 10.8648 11.0527 11.1740 11.2949 11.3810 11.3844 11.3788 11.1120 10.3636 10.2707 10.3540 10.3069 10.1152 9.99181 9.74753 9.15230 9.23992 9.35984 9.48010 9.59647 9.62626 9.62168 9.57809 9.51000 9.50539 9.50079 9.49618 9.49160 8.71353 8.22459 8.87388 9.19849 9.15716 9.08061 9.00673 8.94532 8.91391 8.78336 8.75712 8.75671 8.74833 8.74729 8.74729 8.74733 9.14304 10.0292 10.0394 10.2056 10.0269 9.82260 9.61292 9.46542 9.21142
12.8801 12.8801 12.8808 12.5010 12.1689 12.5319 11.6005 10.0853 10.0853 10.0853 10.7339 11.2204 11.3928 11.5796 11.4935 11.4990 11.4878 11.4757 11.4637 11.4516 11.4449 11.3275 10.8260 10.4191 10.2260 10.2162 9.97716 9.56119 9.56383 9.62876 9.57178 9.57178 9.57178 9.57178 9.57178 9.57178 9.55820 9.46682 9.44203 9.41193 9.38183 9.36911 8.97086 8.07823 8.63897 8.84789 8.79786 8.79786 8.79786 8.79786 8.79786 8.73866 8.71169 8.74110 8.73820 8.73530 8.72886 8.60750 8.61571 9.07454 8.98798 9.37071 9.37391 9.36863 9.36863 9.36863 9.22376
13.2617 13.2916 13.3204 13.2736 12.5477 13.1653 12.7281 10.7279 10.9155 11.1033 11.5970 12.2069 12.1650 12.1077 11.8354 11.7021 11.7011 11.7011 11.7011 11.7011 11.7011 11.6313 11.1296 10.2707 9.67760 9.47140 9.39555 9.11822 9.16639 9.78447 9.59756 9.62433 9.65101 9.67778 9.70446 9.73127 9.75788 9.30714 9.27615 9.31709 9.35798 9.38132 9.31095 8.09508 8.41729 8.85700 8.79203 8.78912 8.78622 8.78331 8.78041 8.75046 8.63057 8.54074 8.36705 8.19338 8.02333 7.96810 8.04677 8.57559 8.83483 9.21967 9.36863 9.36863 9.36863 9.36863 9.32178
13.3292 13.3292 13.3490 13.5480 13.1293 13.8211 13.8764 11.4717 11.2926 11.2807 11.3353 12.0040 12.0103 12.0103 11.8812 11.7011 11.7011 11.7009 11.5892 11.3853 11.1811 10.9794 10.6357 9.98858 9.57241 9.51719 9.54391 9.34785 9.29845 9.87592 9.78662 9.78662 9.78662 9.80596 9.84692 9.88778 9.92861 9.58894 9.39407 9.41428 9.43449 9.45471 9.47493 8.50290 8.32865 8.82910 8.75669 8.72592 8.69522 8.61386 8.51951 8.43549 8.00938 7.96809 7.96810 7.96810 7.96810 7.96810 7.98303 8.41064 8.83483 9.09380 9.36863 9.36863 9.38059 9.48219 9.60213
