High_resolution/powerplant/Shangrao/OMI_NO2_201105.asc
ncols      200
nrows      200
xllcorner       115.451
yllcorner       27.0350
cellsize     0.0166667
NODATA_Value      -999.000
[rows 60 to 89 of 200, columns 132 to 197 of 200]
1.08383 1.15093 1.17100 1.19076 1.19756 1.19756 1.19756 1.19756 1.19756 1.19756 1.19756 1.19756 1.13261 0.527825 0.544712 0.569087 0.580759 0.506323 0.461402 0.444148 0.444148 0.444148 0.444148 0.444148 0.444148 0.444148 0.609307 1.04386 1.18866 1.20898 1.23432 1.30859 1.48452 1.65949 1.73948 1.71302 1.61805 1.61805 1.61805 1.61805 1.61805 1.61805 1.61805 1.61805 1.61805 1.61805 1.61805 1.61285 1.67347 1.67057 1.65341 1.64761 1.64761 1.65711 2.45916 2.74853 2.69006 2.80819 2.81241 2.74332 2.73753 2.73753 2.75079 2.86033 3.02209 3.24179
1.11354 1.19756 1.19756 1.19756 1.19756 1.19756 1.19756 1.19756 1.20673 1.23090 1.25535 1.27980 1.30418 0.797896 0.650023 0.650023 0.623074 0.444169 0.444148 0.444148 0.444148 0.444148 0.444148 0.444148 0.444148 0.444148 0.525341 1.02393 1.39783 1.48396 1.56287 1.57758 1.61848 1.75617 1.75617 1.75046 1.62291 1.61805 1.61805 1.61805 1.61805 1.61805 1.61805 1.61570 1.60365 1.59056 1.57747 1.56959 1.61074 1.64761 1.64761 1.64622 1.59655 1.52295 1.97117 2.36050 2.39194 2.53875 2.77119 2.90121 3.07659 3.31844 3.62226 3.67792 3.67792 3.67792
1.07716 1.19689 1.19807 1.21475 1.23922 1.26366 1.28803 1.31249 1.32777 1.32798 1.32798 1.32798 1.32798 1.01152 0.650023 0.650023 0.650023 0.474179 0.444148 0.444148 0.444148 0.444148 0.464457 0.614127 0.786472 0.958816 1.11342 1.20623 1.56705 1.57758 1.57758 1.57758 1.58036 1.74543 1.75617 1.75617 1.65950 1.61805 1.61805 1.61744 1.60748 1.59439 1.58129 1.57056 1.57190 1.57985 1.58801 1.59618 1.59137 1.54402 1.47046 1.39831 1.37444 1.37444 1.60701 2.24224 2.28449 2.32867 3.66227 3.67792 3.67792 3.67792 3.67792 3.67792 3.67792 3.67792
1.27135 1.30851 1.32027 1.32798 1.32798 1.32798 1.32798 1.32798 1.32798 1.32798 1.32798 1.32798 1.32798 1.22240 0.650023 0.650023 0.650023 0.531180 0.467656 0.620317 0.792661 0.965005 1.11704 1.13964 1.13964 1.13964 1.13964 1.16890 1.47778 1.57758 1.57758 1.57758 1.57758 1.69939 1.75617 1.75617 1.69506 1.59821 1.58590 1.58028 1.58532 1.59346 1.60163 1.60979 1.60491 1.55394 1.49879 1.44361 1.40925 1.37484 1.35669 1.32738 1.29807 1.26874 1.27331 2.07076 2.20874 2.20895 3.22892 3.67792 3.67792 3.67792 3.67792 3.67792 3.67792 3.67792
1.42948 1.37595 1.32798 1.32798 1.32798 1.32798 1.32798 1.32798 1.32798 1.32798 1.32798 1.32798 1.32798 1.32798 0.782229 0.832521 1.00473 1.11513 1.12003 1.13964 1.13964 1.13964 1.13964 1.13964 1.13964 1.13964 1.13964 1.15239 1.35544 1.57758 1.57758 1.57758 1.57419 1.64014 1.74015 1.73522 1.72399 1.60808 1.61449 1.61579 1.61270 1.56978 1.51463 1.45945 1.41489 1.41014 1.39406 1.37208 1.35009 1.28119 1.25244 1.25244 1.25244 1.25244 1.25244 1.80933 2.18469 2.20895 2.72173 3.67792 3.67792 3.67792 3.67792 3.67792 3.67792 0.00000
1.42948 1.40434 1.32798 1.32798 1.32798 1.32798 1.32798 1.32798 1.32798 1.32798 1.32548 1.30720 1.28621 1.26517 1.29946 1.34552 1.34552 1.33568 1.14450 1.13964 1.13964 1.13964 1.13964 1.13964 1.13964 1.13964 1.13964 1.14342 1.23030 1.58120 1.58569 1.58344 1.58458 1.61088 1.75391 1.75391 1.75385 1.61585 1.53046 1.47529 1.42317 1.40890 1.39050 1.36852 1.34654 1.32533 1.31942 1.31942 1.31942 1.28967 1.25244 1.25244 1.25244 1.25244 1.25244 1.53315 2.15240 2.16329 2.11575 3.67792 3.67792 3.67792 0.00000 0.00000 0.00000 0.00000
1.42948 1.42736 1.33331 1.32798 1.32798 1.32798 1.32616 1.30875 1.28775 1.26673 1.24822 1.24547 1.24547 1.24547 1.26795 1.34552 1.34552 1.34552 1.19168 1.13964 1.13964 1.13972 1.15233 1.17401 1.19569 1.21737 1.23896 1.25699 1.22250 1.49988 1.58866 1.58866 1.58866 1.57274 1.66145 1.62924 1.57407 1.48068 1.38696 1.36498 1.34299 1.32301 1.31942 1.31942 1.31942 1.31942 1.31942 1.31942 1.31942 1.30629 1.25244 1.25244 1.25244 1.25781 1.30707 1.39859 1.53620 0.779117 0.739983 0.739983 0.00000 0.00000 0.00000 0.00000 0.00000 0.00000
1.42948 1.42948 1.35836 1.31031 1.28930 1.26827 1.24908 1.24547 1.24547 1.24547 1.24547 1.24547 1.24547 1.24547 1.24627 1.33625 1.34953 1.37860 1.29643 1.20653 1.22821 1.24982 1.25890 1.25890 1.25890 1.25890 1.25890 1.25890 1.24134 1.37510 1.53501 1.47983 1.42460 1.38739 1.49257 1.57118 1.58161 1.54427 1.31942 1.31942 1.31942 1.31942 1.31942 1.31942 1.31942 1.31942 1.31942 1.31942 1.31942 1.31873 1.29392 1.34924 1.40815 1.46168 1.47129 1.47129 1.39046 0.893002 0.739983 0.739983 0.00000 0.00000 0.00000 0.00000 0.00000 0.00000
1.39235 1.37134 1.31001 1.24547 1.24547 1.24547 1.24547 1.24547 1.24547 1.24547 1.24547 1.25300 1.27640 1.30572 1.34308 1.49471 1.64519 1.65842 1.52859 1.25890 1.25890 1.25890 1.25890 1.25890 1.25890 1.25890 1.25890 1.25890 1.25833 1.22872 1.39412 1.40635 1.41678 1.42519 1.47781 1.59118 1.59118 1.59105 1.35638 1.31942 1.31942 1.31942 1.31942 1.31942 1.31942 1.31942 1.33570 1.37946 1.42364 1.46735 1.47569 1.47129 1.47129 1.47129 1.46649 1.42702 1.30697 0.846628 0.739983 0.739983 0.00000 0.00000 0.00000 0.00000 0.00000 0.00000
1.34697 1.34697 1.33380 1.24549 1.24547 1.24580 1.26005 1.28535 1.31701 1.35774 1.41214 1.45748 1.45833 1.45833 1.45833 1.51765 1.65842 1.65842 1.65397 1.27728 1.25890 1.25890 1.25890 1.25890 1.25890 1.26406 1.28400 1.30486 1.32572 1.28463 1.39163 1.42594 1.42594 1.42594 1.43541 1.58837 1.59118 1.59118 1.43912 1.31942 1.31942 1.31942 1.32671 1.36689 1.41109 1.45524 1.48311 1.48053 1.46643 1.45128 1.44716 1.44078 1.38895 1.32487 1.25403 1.24172 1.22426 0.782207 0.799967 0.838521 0.890506 0.00000 0.00000 0.00000 0.00000 0.00000
1.34978 1.37538 1.40592 1.35043 1.37403 1.43329 1.45833 1.45833 1.45833 1.45833 1.45833 1.45833 1.45833 1.45833 1.45833 1.46481 1.64932 1.65842 1.65842 1.34624 1.25890 1.26466 1.28484 1.30570 1.32657 1.34227 1.34320 1.34320 1.34320 1.31401 1.34067 1.42594 1.42594 1.42594 1.42594 1.55265 1.59118 1.59118 1.52381 1.35433 1.39852 1.44190 1.46720 1.45608 1.44095 1.42582 1.41070 1.38339 1.34177 1.29447 1.24362 1.24172 1.24261 1.25646 1.27456 1.29265 1.31055 1.07174 0.890506 0.890506 0.890506 0.00000 0.00000 0.00000 0.00000 0.00000
1.49959 1.50454 1.50454 1.48608 1.45833 1.45833 1.45833 1.45833 1.45833 1.45833 1.45833 1.45833 1.45833 1.45833 1.45833 1.45833 1.59387 1.67124 1.71197 1.51461 1.32740 1.34250 1.34320 1.34320 1.34320 1.34320 1.34320 1.34320 1.34320 1.34142 1.28561 1.42514 1.42594 1.42594 1.42594 1.52979 1.65018 1.67915 1.70173 1.44896 1.41548 1.40111 1.39757 1.39055 1.35407 1.30877 1.25576 1.22022 1.22130 1.23168 1.24378 1.28935 1.31273 1.31698 1.31698 1.31698 1.31698 1.20657 0.890506 0.890506 0.890506 0.00000 0.00000 0.00000 0.00000 0.00000
1.50454 1.50454 1.50454 1.49665 1.45833 1.45833 1.45833 1.45833 1.45833 1.45833 1.45833 1.45833 1.45833 1.44696 1.40574 1.36299 1.49895 1.82602 1.82703 1.74478 1.34429 1.34320 1.34320 1.34320 1.34320 1.34320 1.34320 1.34320 1.34320 1.34320 1.27761 1.37701 1.42148 1.43634 1.45137 1.49593 1.66933 1.66933 1.66933 1.49243 1.36581 1.32246 1.27187 1.22450 1.22234 1.23357 1.24564 1.25771 1.26844 1.27013 1.27013 1.29462 1.31698 1.31698 1.31698 1.31698 1.31698 1.29468 0.896436 0.890506 0.890506 0.890506 0.00000 0.00000 0.00000 0.00000
1.50454 1.50454 1.50454 1.50356 1.46092 1.45833 1.45833 1.45833 1.45833 1.44908 1.40885 1.36608 1.32335 1.29195 1.29043 1.29043 1.33030 1.81936 1.82703 1.82703 1.39334 1.34320 1.34320 1.34320 1.34320 1.31406 1.25578 1.19751 1.13894 1.08063 1.10362 1.34826 1.42979 1.42979 1.42979 1.43280 1.64273 1.63892 1.61524 1.46829 1.22368 1.23547 1.24754 1.25961 1.26930 1.27013 1.27013 1.27013 1.27013 1.27013 1.27013 1.28253 1.31698 1.31698 1.31698 1.31698 1.43157 1.86830 1.46356 0.890506 0.890506 0.890506 0.00000 0.00000 0.00000 0.00000
1.50454 1.50454 1.50454 1.50454 1.47778 1.45099 1.41194 1.36916 1.32641 1.29293 1.29043 1.29043 1.29043 1.29043 1.29043 1.29043 1.29043 1.69398 1.82703 1.80135 1.40184 1.22693 1.16866 1.11006 1.05178 1.02265 1.02265 1.02265 1.02265 1.02265 1.03144 1.28185 1.41952 1.38323 1.33978 1.28888 1.49299 1.63947 1.68215 1.69837 1.28081 1.27013 1.27013 1.27013 1.27013 1.27013 1.27013 1.27013 1.27013 1.27013 1.27013 1.27287 1.35703 1.73715 2.19263 2.64761 2.98800 3.00710 2.38199 0.890506 0.890506 0.890506 0.00000 0.00000 0.00000 0.00000
1.50454 1.50172 1.48288 1.46150 1.40763 1.29410 1.29043 1.29043 1.29043 1.29043 1.29043 1.29043 1.29043 1.29043 1.24838 1.14109 1.06003 1.14491 1.24567 1.18428 1.13559 1.02265 1.02265 1.02265 1.02265 1.02265 1.02265 1.02265 1.02265 1.02265 1.02265 1.19817 1.28069 1.32194 1.36463 1.40730 1.56259 1.75484 1.75484 1.75484 1.40086 1.27013 1.27013 1.27013 1.27013 1.27013 1.27013 1.27013 1.27295 1.46292 1.76657 2.07012 2.77817 3.00710 3.00710 3.00710 3.00710 3.00710 2.84864 0.893468 0.890506 0.890506 0.00000 0.00000 0.00000 0.00000
1.44168 1.42311 1.42059 1.42059 1.40811 1.29043 1.29043 1.29043 1.28951 1.21133 1.11222 1.03800 0.980461 0.934428 0.907783 0.906957 0.906957 0.943570 1.17512 1.17526 1.17111 1.02911 1.02265 1.02265 1.02265 1.02265 1.02265 1.02265 1.05021 1.11406 1.17806 1.31163 1.43516 1.43545 1.43545 1.43545 1.47602 1.75478 1.75484 1.75484 1.54872 1.27013 1.27013 1.27013 1.27013 1.37931 1.67925 1.98291 2.28352 2.39687 2.39932 2.41469 2.68432 3.00710 3.00710 3.00710 3.00710 3.00710 3.00710 1.57017 1.56329 2.37538 3.88858 0.00000 0.00000 0.00000
1.42059 1.42059 1.42059 1.42249 1.44254 1.15450 1.01774 0.964409 0.921690 0.906957 0.906957 0.906957 0.906957 0.906957 0.906957 0.906957 0.906957 0.906957 1.12903 1.17526 1.17526 1.06686 1.02265 1.02265 1.05290 1.11685 1.18085 1.24488 1.28130 1.28145 1.28145 1.29062 1.43129 1.43545 1.43545 1.43545 1.43545 1.70803 1.75484 1.75484 1.69564 1.31873 1.59215 1.89547 2.19954 2.40525 2.42591 2.44311 2.46032 2.47751 2.49224 2.49410 2.59462 3.00710 3.00710 3.05662 3.40862 3.81199 4.21536 4.41859 4.24773 4.24773 4.24773 0.00000 0.00000 0.00000
1.47165 1.49645 1.52120 1.54408 1.54866 1.15205 0.906957 0.906957 0.906957 0.906957 0.906957 0.906957 0.906957 0.906957 0.906957 0.906957 0.906957 0.906957 1.04638 1.17526 1.20833 1.20587 1.18365 1.24768 1.28142 1.28145 1.28145 1.28145 1.28145 1.28145 1.28145 1.28145 1.39855 1.43545 1.43545 1.43545 1.43545 1.63224 1.98977 2.29921 2.61962 2.49746 2.45438 2.47156 2.48845 2.49410 2.49410 2.49410 2.49410 2.49410 2.49410 2.55229 2.81992 3.83562 4.28083 4.63434 4.68571 4.68571 4.68571 4.64067 4.24773 4.24773 4.24773 0.00000 0.00000 0.00000
1.54866 1.54866 1.54866 1.54866 1.54866 1.33036 0.906957 0.906957 0.906957 0.906957 0.906957 0.906957 0.906957 0.906957 0.906957 0.906957 0.879771 0.822759 0.881403 1.40311 1.43406 1.40960 1.28145 1.28145 1.28145 1.28145 1.28145 1.28145 1.28145 1.28145 1.28145 1.28145 1.35146 1.44138 1.65148 2.03191 2.41189 2.81057 2.96752 2.97860 2.97881 2.73138 2.49410 2.49410 2.49410 2.49410 2.49410 2.58441 2.84885 3.11765 3.38667 3.59740 3.61318 4.29901 4.68571 4.68571 4.68571 4.68571 4.68571 4.68544 4.34994 4.24773 4.24773 4.24773 0.00000 0.00000
1.54866 1.54866 1.54866 1.54866 1.54866 1.50194 0.913759 0.906957 0.906957 0.906957 0.906957 0.906957 0.883910 0.827144 0.770087 0.713075 0.683204 0.683204 0.687267 1.35762 1.43406 1.43393 1.29911 1.28145 1.28145 1.28145 1.28145 1.28145 1.32858 1.44289 1.55827 1.67321 1.81461 2.79609 2.98508 2.98508 2.98508 2.98465 2.97894 2.97881 2.97881 2.87916 2.49410 2.62347 2.89249 3.16129 3.43009 3.60879 3.61318 3.61318 3.61318 3.61318 3.61318 3.99787 4.68571 4.68571 4.68571 4.68571 4.68571 4.57385 4.30775 4.24773 4.24773 4.24773 0.00000 0.00000
1.54866 1.54866 1.54866 1.54866 1.54866 1.54866 1.04524 0.906957 0.887692 0.831574 0.774517 0.717505 0.683473 0.683204 0.683204 0.683204 0.683204 0.683204 0.683204 1.13082 1.43406 1.43406 1.35082 1.38688 1.50175 1.61707 1.73203 1.84715 1.91527 1.91578 1.91578 1.91578 1.91578 2.75919 2.98508 2.98508 2.98508 2.98508 2.98002 2.88825 2.72387 2.55714 3.34025 3.61318 3.61318 3.61318 3.61318 3.61318 3.61318 3.61318 3.61318 3.61318 3.61318 3.75472 4.68571 4.62863 4.41592 4.19483 3.97374 3.86442 3.91590 4.24773 4.24773 4.24773 0.00000 0.00000
1.54866 1.54866 1.54866 1.54866 1.53284 1.47771 1.09556 0.721913 0.684099 0.683204 0.683204 0.683204 0.683204 0.683204 0.683204 0.683204 0.683204 0.675490 0.648015 0.836147 1.34188 1.31339 1.49894 1.91578 1.91578 1.91578 1.91578 1.91578 1.91578 1.91578 1.91578 1.91578 1.91578 2.44082 2.98442 2.88794 2.72349 2.55904 2.39162 2.31437 2.31437 2.31437 3.09045 3.61318 3.61318 3.61318 3.61318 3.61318 3.61318 3.61318 3.61318 3.59938 3.47569 3.33116 3.92706 3.87313 3.86442 3.86442 3.86442 3.86442 3.86631 4.18521 4.24773 4.24773 4.24773 0.00000
1.53597 1.48214 1.42504 1.36802 1.32679 1.32491 1.17802 0.683204 0.683204 0.683204 0.683204 0.683159 0.667428 0.638937 0.610462 0.581941 0.553450 0.532673 0.531658 0.553733 1.24595 1.28252 1.32660 1.90843 1.91578 1.91578 1.91578 1.91578 1.91578 1.91578 1.91369 1.76010 1.51343 1.41955 2.37671 2.32064 2.32064 2.32064 2.31925 2.31437 2.31437 2.31437 2.69619 3.61318 3.61318 3.61318 3.61318 3.61159 3.51780 3.37035 3.22296 3.08936 3.06565 3.06709 3.50965 3.86442 3.86442 3.86442 3.86442 3.86442 3.86442 4.03078 4.21478 3.99876 3.67158 0.00000
1.32808 1.32491 1.32491 1.32491 1.32491 1.32491 1.31331 0.698673 0.629875 0.601369 0.572863 0.544418 0.531658 0.531658 0.531658 0.531658 0.531658 0.531658 0.531658 0.531658 1.03706 1.28252 1.28252 1.77752 1.91578 1.91578 1.91219 1.75013 1.50356 1.25689 1.01220 0.919116 0.919116 0.919116 2.06270 2.32064 2.32064 2.32064 2.32057 2.31479 2.31437 2.31437 2.35762 3.55761 3.55870 3.41267 3.26528 3.11945 3.07581 3.09368 3.11157 3.12944 3.14730 3.16375 3.36622 3.86442 3.86442 3.86442 3.83569 3.71960 3.59756 3.47456 3.25877 3.23070 3.23070 0.00000
1.32491 1.32015 1.28913 1.25409 1.21909 1.18402 1.15120 0.731688 0.531658 0.531658 0.531658 0.531658 0.531658 0.531658 0.531658 0.531658 0.531658 0.531658 0.531658 0.531658 0.806022 1.28252 1.27704 1.42700 1.49359 1.24692 1.00373 0.919116 0.919116 0.919116 0.919116 0.919116 0.919116 0.919116 1.65629 2.32064 2.32064 2.32064 2.32064 2.31647 2.29006 2.15603 2.01341 2.77572 3.10703 3.12348 3.14135 3.15920 3.16695 3.16695 3.16695 3.16695 3.16695 3.16695 3.18800 3.69781 3.57721 3.45517 3.36186 3.35591 3.35591 3.35417 3.24342 3.23070 3.23070 0.00000
1.17829 1.14798 1.14396 1.14396 1.14396 1.14396 1.14396 0.902075 0.531658 0.531658 0.531658 0.531658 0.531658 0.531658 0.531658 0.531658 0.531658 0.531658 0.530047 0.472504 0.436049 0.602444 0.362498 0.430861 0.919116 0.919116 0.919116 0.919116 0.919116 0.919116 0.919116 0.919116 0.919116 0.919116 1.13491 2.31587 2.31287 2.17682 1.99533 1.86564 1.84995 1.85447 1.86751 2.36623 3.16695 3.16695 3.16695 3.16695 3.16695 3.16695 3.12477 3.04341 2.96205 2.88069 2.82877 3.23648 3.35591 3.35591 3.35591 3.35591 3.35591 3.35591 3.29446 3.23070 3.23070 3.23070
1.14396 1.14396 1.14396 1.14396 1.14396 1.14396 1.14396 1.07192 0.532209 0.531658 0.531658 0.531658 0.531658 0.531658 0.530953 0.478208 0.392851 0.307560 0.223880 0.196132 0.196132 0.263370 0.285855 0.295290 0.879728 0.919116 0.919116 0.919116 0.919116 0.919116 0.919116 0.901926 0.851593 0.800444 0.749295 1.63993 1.63099 1.58555 1.58555 1.61946 1.86800 1.86814 1.86814 1.98316 3.15604 3.16559 3.11121 3.02985 2.94849 2.86713 2.82794 2.82794 2.82794 2.82794 2.82794 3.07439 3.35591 3.35591 3.35591 3.35591 3.35591 3.34874 3.21180 3.23070 3.23070 3.23070
1.14396 1.14396 1.14396 1.14396 1.14396 1.14396 1.14396 1.14396 0.630402 0.531658 0.531523 0.483912 0.398655 0.313264 0.228712 0.196132 0.196132 0.196132 0.196132 0.196132 0.196132 0.235741 0.285855 0.285855 0.714042 0.916416 0.876914 0.825765 0.774785 0.723720 0.672543 0.638584 0.637769 0.637769 0.637769 1.17030 1.58555 1.58555 1.58555 1.58555 1.82502 1.87439 1.99694 2.16314 2.81439 2.85492 2.82794 2.82794 2.82794 2.82794 2.82794 2.82794 2.82794 2.82794 2.82794 2.94479 3.35591 3.35591 3.26197 3.06901 2.87611 2.69031 2.65596 3.19983 3.23070 3.23070
1.14396 1.14396 1.14396 1.14396 1.14396 1.14396 1.14396 1.10195 0.673440 0.319035 0.233812 0.196132 0.196132 0.196132 0.196132 0.196132 0.196132 0.196132 0.196132 0.196132 0.220121 0.327123 0.504506 0.604352 0.701589 0.649416 0.637769 0.637769 0.637769 0.637769 0.637769 0.637769 0.637769 0.637769 0.637769 0.825395 1.58524 1.59408 1.72140 1.88753 2.21616 2.49614 2.53966 2.53966 2.67602 2.82794 2.82794 2.82794 2.82794 2.82794 2.82794 2.82794 2.82794 2.82794 2.79617 2.68853 2.91948 2.73832 2.63937 2.63937 2.63937 2.63937 2.63937 2.96640 3.23070 3.23070
