High_resolution/powerplant/Shangrao/OMI_NO2_200709.asc
ncols      200
nrows      200
xllcorner       115.451
yllcorner       27.0350
cellsize     0.0166667
NODATA_Value      -999.000
[rows 87 to 115 of 164, columns 130 to 194 of 200]
2.45194 2.42201 2.39348 2.36635 2.32689 2.39779 2.78771 2.81241 2.82081 2.81102 2.78887 2.79626 2.79735 2.79806 2.80212 2.80659 2.81107 2.91170 2.94072 2.94072 2.95575 3.45842 3.55813 3.76818 3.77560 3.95604 3.96089 3.88745 3.77866 3.67000 3.56116 3.45243 3.39446 3.36039 3.19165 0.764539 0.892090 0.875574 0.845137 1.06279 1.19918 1.22372 1.25147 1.61243 2.38332 2.44851 2.46271 2.47707 2.49334 2.51193 2.52767 2.73949 3.61508 4.28454 3.78306 3.74975 3.75734 3.77048 3.78360 3.65980 3.56001 3.57050 3.58102 3.59153 3.60202
2.34091 2.34053 2.33637 2.33123 2.32076 2.28718 2.77160 2.84610 2.84610 2.83949 2.80342 2.80790 2.81238 2.81614 2.81656 2.81656 2.81656 2.88567 2.94072 2.94072 2.94072 3.33634 3.45351 3.58967 3.49977 3.47372 3.37158 3.29984 3.26338 3.22693 3.19047 3.15401 3.12325 3.11972 2.98697 0.764539 0.866857 0.901327 0.883109 1.04531 1.35056 1.34094 1.27506 1.22573 2.43689 2.53858 2.61278 2.68084 2.74896 2.81702 2.88493 2.98095 3.96249 4.42046 4.04509 3.89066 3.89619 3.89619 3.89619 3.83057 3.62907 3.62907 3.62907 3.62006 3.52573
2.32169 2.31693 2.31596 2.31596 2.31602 2.28686 2.64030 2.85796 2.86243 2.86472 2.81882 2.81656 2.81656 2.81656 2.81656 2.81656 2.81400 2.82584 2.88063 2.85364 2.82706 2.95174 3.08482 3.07547 3.05416 3.07406 3.11972 3.11972 3.11972 3.12156 3.13181 3.14328 3.15499 3.16696 3.08589 0.764539 0.901665 1.18889 1.29119 1.40268 1.56587 1.60420 1.69941 1.80149 2.84504 3.23976 3.24197 3.24197 3.24197 3.24197 3.24197 3.24197 4.00133 4.39952 4.22438 3.89619 3.89619 3.89619 3.89619 3.88726 3.55263 3.40872 3.27991 3.16683 3.17166
2.31631 2.32202 2.32952 2.33701 2.34445 2.32142 2.49703 2.86496 2.86531 2.86555 2.84062 2.84479 2.82729 2.80053 2.77446 2.74860 2.72550 2.74560 2.88781 2.89565 2.90368 2.92914 3.09877 3.12351 3.15369 3.17642 3.28693 3.30205 3.31749 3.33169 3.33774 3.28058 3.20977 3.13267 2.95277 0.764539 0.931784 1.97833 1.98126 1.98126 1.98126 1.98126 1.98126 1.98126 2.52332 3.24197 3.24197 3.24197 3.24197 3.24197 3.24197 3.24197 3.79426 4.33475 4.40942 3.89312 3.79978 3.65898 3.49669 3.31886 3.21999 3.23809 3.27252 3.27380 3.31742
2.34691 2.35007 2.35140 2.35227 2.35303 2.34226 2.35823 2.90158 2.90399 2.87792 2.81312 2.74996 2.74162 2.74279 2.74325 2.74325 2.74325 2.74329 2.95491 2.98241 2.98241 2.97580 3.14956 3.12483 3.08538 3.02272 3.01988 2.95322 2.86370 2.76547 2.67673 2.66709 2.66709 2.66709 2.61083 0.764539 0.764539 1.87221 1.98126 1.98126 1.98126 1.98126 1.98126 1.98126 2.06532 3.12534 3.09311 3.04203 2.99468 2.95062 2.90953 2.93488 3.44853 4.01757 4.10506 3.40314 3.27380 3.27380 3.27612 3.35769 3.47832 3.59882 3.69848 3.76347 3.78285
2.36399 2.36414 2.38428 2.41212 2.43829 2.46228 2.44628 2.68524 2.79201 2.79201 2.77479 2.74325 2.74325 2.74325 2.74325 2.74991 2.77808 2.80794 3.00276 3.12999 3.18450 3.24552 2.83392 2.64137 2.65290 2.65526 2.66265 2.66709 2.66709 2.66709 2.66709 2.66709 2.66709 2.66278 2.64794 0.764539 0.764539 1.68366 1.95024 1.93866 1.92826 1.91887 1.91036 1.90259 1.89916 2.64086 2.86522 2.86348 2.74265 2.52846 2.28423 2.02168 2.23349 3.49043 3.87387 3.68684 3.70487 3.83547 3.96371 4.01264 3.91389 3.80539 3.78833 3.79566 3.80319
2.45971 2.48244 2.48916 2.48916 2.48916 2.48916 2.46172 2.59309 2.80364 2.83158 2.85049 2.80891 2.83353 2.85829 2.88492 2.91398 2.92225 2.92930 3.08054 3.30572 3.30789 3.33469 2.92654 2.40694 2.38277 2.36383 2.34529 2.32681 2.30754 2.28811 2.26806 2.24755 2.22679 2.21272 2.21249 0.823558 0.878525 1.60936 1.97404 1.99242 2.01083 2.02924 2.04765 2.06615 2.08450 2.38318 2.49823 2.25019 2.17658 2.27284 2.36019 2.42685 2.66490 3.59354 3.87376 3.98056 4.09761 4.09761 4.09761 4.09761 4.00581 3.82931 3.82931 3.82931 3.82931
2.45513 2.47129 2.49646 2.52167 2.54688 2.57206 2.58418 2.64588 2.96705 2.96945 2.98050 2.81898 2.81614 2.82767 2.83844 2.83996 2.84296 2.85452 2.95800 3.36695 3.42024 3.43058 3.15260 2.20075 2.20436 2.21260 2.21260 2.21260 2.21260 2.20770 2.05315 1.82734 1.60152 1.37617 1.15058 1.64541 1.64541 1.80250 2.19279 2.19279 2.19279 2.19279 2.19279 2.22111 2.30063 2.37263 2.43702 2.49489 2.53700 2.54032 2.54032 2.54032 2.64975 3.41317 3.80896 3.94275 4.09128 4.09761 4.09761 4.09761 4.07798 3.80806 3.77599 3.75214 3.72832
2.62394 2.63739 2.63739 2.63739 2.63748 2.63834 2.63674 2.60332 2.98080 3.04120 3.04309 2.90058 2.84597 2.85831 2.87194 2.88710 2.89937 2.90001 2.91702 3.41974 3.43058 3.43058 3.40005 2.25824 2.19411 2.02004 1.78931 1.56373 1.33216 1.08725 0.991038 0.965863 0.940650 0.915495 0.890282 1.64541 1.64541 1.66257 2.15848 2.21171 2.38374 2.44700 2.50390 2.53933 2.54032 2.54032 2.54032 2.54032 2.54032 2.53478 2.50105 2.46359 2.48448 3.11833 3.62260 3.85117 3.88075 3.83155 3.79978 3.76802 3.74492 3.60817 3.56403 3.56403 3.56403
2.62067 2.63921 2.64023 2.64125 2.64217 2.64233 2.64233 2.61173 2.88337 3.07680 3.09758 3.01113 2.90001 2.90001 2.90001 2.90001 2.90001 2.90001 2.90001 3.29616 3.33589 3.23204 3.12857 2.06233 1.58284 1.07964 0.898293 0.873080 0.853904 0.852685 0.852685 0.852685 0.852685 0.852685 0.852685 1.64541 1.64541 1.64700 2.07377 2.17029 2.45996 2.44582 2.40836 2.37070 2.33328 2.29563 2.25817 2.24875 2.30967 2.37382 2.45676 2.53624 2.60251 2.98965 3.48674 3.79633 3.80350 3.74390 3.74390 3.74390 3.74390 3.65810 3.56403 3.56473 3.56746
2.61129 2.64233 2.64233 2.64262 2.64464 2.64695 2.64926 2.63071 2.78701 3.13176 3.13176 3.06700 2.90001 2.90092 2.89840 2.83608 2.75840 2.68149 2.60385 2.74138 2.92324 2.92448 2.92448 2.20438 1.46503 1.17998 0.852685 0.852685 0.852685 0.852685 0.852685 0.852685 0.852685 0.852685 0.882856 1.64541 1.64541 1.64541 1.68119 1.66868 2.00763 2.14724 2.19074 2.29207 2.38511 2.47032 2.54878 2.60245 2.60502 2.60502 2.60502 2.60502 2.60502 2.79782 3.45635 3.74541 3.80435 3.74258 3.73398 3.73137 3.72892 3.70564 3.58180 3.58309 3.58318
2.60042 2.64733 2.64964 2.65167 2.65148 2.64593 2.63722 2.61947 2.62143 3.08945 3.03051 2.93155 2.59404 2.50420 2.41704 2.38965 2.37764 2.36559 2.35360 2.52540 2.92448 2.92448 2.92448 2.56560 1.46503 1.35119 0.867060 0.922255 0.980068 1.03779 1.09556 1.15333 1.21101 1.26882 1.29638 1.64541 1.64541 1.64541 1.66832 1.66868 1.98363 2.56111 2.60462 2.60502 2.60502 2.60502 2.60502 2.60222 2.58057 2.55545 2.53025 2.50515 2.47997 2.69564 3.41820 3.66639 3.76985 3.75354 3.72287 3.72287 3.72287 3.72180 3.54749 3.44494 3.36074
2.59048 2.56588 2.55509 2.54459 2.53421 2.52226 2.51097 2.50147 2.42922 2.66811 2.69042 2.69023 2.38421 2.34833 2.34833 2.34833 2.34833 2.34833 2.34811 2.40602 2.89058 2.87027 2.85002 2.77929 1.82621 1.86052 1.35351 1.29638 1.29638 1.29638 1.29638 1.29638 1.29638 1.29638 1.29638 1.64541 1.64541 1.64541 1.66142 1.66892 1.71202 2.53767 2.53840 2.51324 2.48812 2.46292 2.43779 2.41543 2.41192 2.41192 2.41192 2.41192 2.41192 2.55497 3.31321 3.60391 3.75157 3.64985 3.44692 3.31569 3.18442 3.05396 2.94940 2.86070 2.80325
2.56527 2.51980 2.50279 2.49328 2.48415 2.48167 2.48167 2.48167 2.44083 2.58463 2.69042 2.68860 2.44945 2.31722 2.30200 2.28680 2.27158 2.25636 2.24137 2.23779 2.72476 2.77493 2.77493 2.77493 2.10240 1.90872 1.52486 1.29638 1.29638 1.29638 1.29638 1.29638 1.29638 1.29638 1.29638 1.64541 1.64541 1.64541 1.63761 1.34585 1.34933 2.21747 2.41788 2.42012 2.42235 2.42458 2.42682 2.42905 2.43128 2.43352 2.43575 2.42620 2.37342 2.33451 2.87606 2.93198 3.09836 3.02109 2.69361 2.69361 2.69361 2.69361 2.66470 2.59205 2.59205
2.49858 2.46983 2.45031 2.44792 2.44523 2.44195 2.43864 2.43532 2.41189 2.43589 2.54151 2.52781 2.39478 2.23617 2.23617 2.23617 2.23617 2.23617 2.23617 2.23617 2.58665 2.77493 2.77493 2.77493 2.31752 1.90872 1.69605 1.29638 1.29638 1.29638 1.29638 1.29638 1.29785 1.34866 1.43211 1.77110 1.78618 1.79732 1.80854 1.43295 1.40617 2.00404 2.44751 2.44751 2.44751 2.44751 2.42817 2.37010 2.31099 2.25188 2.19277 2.14542 2.14141 2.14141 2.59813 2.81984 3.06843 3.08514 2.73450 2.69361 2.69361 2.69361 2.69157 2.59737 2.59255
2.46518 2.44755 2.41986 2.41894 2.41828 2.41825 2.41825 2.41863 2.41981 2.38196 2.52761 2.52114 2.44884 2.23617 2.23617 2.23617 2.23617 2.23617 2.23617 2.23617 2.46354 2.77493 2.77493 2.77493 2.53250 1.90872 1.86157 1.30730 1.36274 1.44841 1.54752 1.66325 1.76580 1.76101 1.70802 1.82338 1.82338 1.82338 1.82338 1.50335 1.40617 1.66245 2.35905 2.30043 2.24129 2.18221 2.14245 2.14141 2.14141 2.14141 2.14141 2.14141 2.14141 2.14375 2.46916 2.87451 3.00170 3.01009 2.81521 2.75612 2.76646 2.77679 2.78711 2.71067 2.68288
2.46173 2.45460 2.41844 2.42098 2.42436 2.42797 2.43181 2.43542 2.43597 2.37308 2.53463 2.52114 2.49956 2.23627 2.23617 2.23617 2.23617 2.23617 2.23617 2.23617 2.35479 2.77493 2.77068 2.72800 2.61269 1.72986 1.62449 1.61792 1.61922 1.56624 1.51334 1.46080 1.44112 1.44112 1.44112 1.82338 1.82338 1.82338 1.82338 1.62421 1.40510 1.41130 2.06330 2.15363 2.18962 2.22626 2.26279 2.29955 2.33605 2.37273 2.38832 2.34674 2.29859 2.24338 2.33259 2.87269 2.88173 2.86856 2.83874 2.80931 2.80931 2.80931 2.80931 2.75636 2.68461
2.47470 2.47977 2.43829 2.43597 2.43597 2.43597 2.42319 2.37392 2.32234 2.29161 2.49491 2.52114 2.52114 2.27528 2.23617 2.23617 2.23538 2.20433 2.13131 2.05193 1.99320 2.31275 2.21482 2.15119 2.11356 1.54181 1.37836 1.40412 1.44112 1.44112 1.44112 1.44112 1.44112 1.44112 1.44112 1.82338 1.82338 1.82338 1.82338 1.79848 1.80088 1.94161 2.32938 2.52371 2.52433 2.49344 2.41438 2.32834 2.23465 2.13208 2.05061 2.04637 2.04637 2.04637 2.07484 2.82162 2.88737 2.86856 2.85494 2.78286 2.73798 2.69317 2.64829 2.59448 2.48446
2.48669 2.48669 2.43035 2.36505 2.31348 2.26192 2.22315 2.22088 2.22088 2.23253 2.47162 2.50077 2.49141 2.25472 2.07651 2.01606 1.95414 1.92475 1.94385 1.97180 2.00091 2.10444 2.11231 2.11231 2.11231 1.72387 1.37836 1.38891 1.44112 1.44073 1.40923 1.35819 1.30723 1.25615 1.20518 1.82338 1.82338 1.82338 1.82338 1.82338 1.90982 2.04436 2.14878 2.21697 2.11276 2.04685 2.04637 2.04637 2.04637 2.04637 2.04637 2.06919 2.12275 2.17651 2.23023 2.55617 2.64122 2.57320 2.52711 2.45433 2.45054 2.45054 2.45054 2.45054 2.40691
2.34346 2.28927 2.30635 2.41262 2.45665 2.50186 2.54828 2.59189 2.58266 2.55125 2.61330 2.53802 2.50614 2.34263 2.11231 2.11231 2.11231 2.11231 2.11231 2.11231 2.11231 2.11231 2.10886 2.09508 2.08063 1.84870 1.23100 1.19670 1.12201 1.06743 1.04789 1.04789 1.04789 1.04789 1.04789 0.00000 1.82338 1.82338 1.82338 1.82338 1.85726 2.04436 2.04473 2.05589 2.10520 2.15888 2.21252 2.26624 2.31996 2.37372 2.42732 2.45817 2.45834 2.45834 2.45834 2.44899 2.53439 2.51531 2.50979 2.47144 2.46688 2.48464 2.49968 2.51259 2.49705
1.51973 1.51973 1.51973 1.51973 1.51973 1.51973 1.51976 1.58415 1.59357 1.59357 1.59357 1.57904 1.70095 1.70826 1.70826 1.70826 1.69692 1.64385 1.58697 1.53144 1.57246 1.51372 1.46999 1.42640 1.38343 1.38719 1.30618 1.18352 1.18027 1.18027 1.18027 1.18027 1.14444 1.13470 1.13470 1.13470 1.13470 1.13470 1.13470 1.13470 1.13470 1.48186 1.71986 1.69206 1.69206 1.69206 1.69206 1.69206 1.69206 1.69206 1.69294 1.91672 1.93861 1.94776 1.99241 1.99168 1.87229 2.07770 2.20899 4.86347 4.86347 4.86347 4.86347 4.86347 4.86347
1.51973 1.51973 1.51973 1.51973 1.51973 1.51973 1.51973 1.56309 1.59357 1.59357 1.59357 1.58906 1.61306 1.60316 1.52142 1.42100 1.33193 1.28456 1.24099 1.19751 1.23503 1.24676 1.24676 1.24676 1.24676 1.28054 1.29368 1.18148 1.18027 1.18027 1.18027 1.18027 1.15382 1.13470 1.13470 1.13470 1.13470 1.13488 1.13561 1.13632 1.13697 1.32085 1.67605 1.69898 1.69206 1.69206 1.69206 1.68016 1.63735 1.62069 1.60713 1.73347 1.78867 1.76146 1.69822 1.68075 1.85492 2.22314 2.22314 4.86347 4.86347 4.86130 4.62542 4.23427 3.83811
1.51973 1.51973 1.51973 1.51973 1.51973 1.51973 1.51971 1.51814 1.47690 1.40233 1.32776 1.25769 1.20990 1.16057 1.14190 1.14190 1.14190 1.14190 1.14190 1.14190 1.20000 1.24676 1.24676 1.24676 1.24676 1.26601 1.29859 1.20608 1.18027 1.18027 1.18027 1.18027 1.16416 1.13498 1.13574 1.13644 1.13708 1.13755 1.13758 1.13749 1.13048 1.18634 1.51492 1.53998 1.48419 1.46808 1.45191 1.44774 1.47440 1.47489 1.47248 1.56015 1.68075 1.68075 1.68075 1.68075 1.75925 2.22314 2.22314 3.82991 3.22668 2.52570 2.12459 1.97193 1.94664
1.51984 1.52089 1.51673 1.49059 1.46213 1.43366 1.40521 1.38567 1.24852 1.24444 1.24444 1.24444 1.20022 1.14190 1.14190 1.14190 1.14190 1.14190 1.14190 1.14190 1.17812 1.24676 1.24676 1.24676 1.24676 1.25170 1.29045 1.21311 1.14555 1.13298 1.12221 1.11282 1.10399 1.11718 1.10370 1.09009 1.07648 1.06286 1.04853 1.03001 1.01771 1.01346 1.24484 1.44774 1.46399 1.46399 1.46399 1.46399 1.46399 1.46399 1.46399 1.51359 1.68091 1.69064 1.70600 1.72133 1.75792 2.21826 2.22314 1.94664 1.94664 1.94664 1.94664 1.94664 1.94664
1.44838 1.41886 1.39456 1.39223 1.39223 1.39223 1.39223 1.39223 1.28401 1.24444 1.24444 1.24444 1.22987 1.14200 1.14190 1.11301 1.09669 1.08461 1.07299 1.06177 1.06341 1.13047 1.11886 1.10759 1.09674 1.08846 1.12569 1.10704 1.01317 1.00381 0.991801 0.979793 0.967827 1.01959 1.02419 1.01848 1.01278 1.00707 1.00208 1.00137 1.00137 1.00137 1.17332 1.37977 1.46399 1.46575 1.47613 1.48763 1.49915 1.51064 1.52211 1.54411 1.77494 1.77443 1.76721 1.76031 1.75349 1.93856 1.99130 1.94664 1.94664 1.94664 1.94664 1.94664 1.94664
1.39223 1.39223 1.39223 1.39223 1.39223 1.39223 1.39223 1.39223 1.32598 1.24444 1.24444 1.24444 1.24444 1.15341 1.14190 1.03075 0.996736 0.996736 0.996736 1.00445 1.01942 1.11161 1.13392 1.14790 1.16050 1.17256 1.19569 1.18264 0.965962 0.962107 0.957423 0.952741 0.948054 0.986231 1.00988 1.01091 1.01193 1.01294 1.01900 1.03629 1.05395 1.07164 1.18415 1.37543 1.47511 1.48078 1.47928 1.47683 1.47446 1.47207 1.46981 1.46906 1.60325 1.63290 1.63290 1.63290 1.63290 1.65830 1.68570 1.94664 1.94664 1.94664 1.94664 1.94664 1.94664
1.39223 1.39223 1.39223 1.39223 1.39223 1.39015 1.38424 1.37807 1.34597 1.20594 1.19624 1.18618 1.19196 1.14293 1.11354 1.03666 0.975704 0.983880 0.992195 0.991759 0.983010 1.14636 1.20082 1.19844 1.21158 1.23644 1.25309 1.21479 0.994068 0.959143 0.959143 0.965690 0.982278 1.02676 1.08184 1.09849 1.11514 1.13179 1.14340 1.14381 1.14381 1.13787 1.15156 1.28972 1.44410 1.46906 1.46906 1.46906 1.46906 1.46906 1.46906 1.46906 1.56407 1.63290 1.63290 1.63290 1.63290 1.64649 1.68570 1.94664 1.94664 1.94664 1.94664 1.94664 1.94664
1.26968 1.25889 1.24763 1.23583 1.22346 1.22228 1.26761 1.31300 1.35266 1.23818 1.25830 1.29477 1.31586 1.24375 1.10949 1.05051 0.936141 0.936141 0.936141 0.945633 0.980104 1.16247 1.29526 1.30202 1.31305 1.31105 1.30665 1.19767 1.07979 1.05069 1.06736 1.07744 1.07754 1.09073 1.14381 1.14381 1.13989 1.11974 1.09903 1.07961 1.06137 1.04857 1.04938 1.20632 1.35548 1.46906 1.46906 1.46906 1.46906 1.46906 1.46906 1.46906 1.52856 1.63290 1.63290 1.63290 1.62995 1.61938 1.61998 1.94664 1.94664 1.94664 1.94664 1.94664 1.94664
1.29771 1.33934 1.37609 1.40872 1.43791 1.46094 1.46398 1.46398 1.46398 1.37588 1.31619 1.31619 1.31619 1.29569 1.11473 1.13956 1.00691 1.03827 1.06268 1.07821 1.06671 1.15585 1.33631 1.30090 1.29787 1.29783 1.29783 1.21073 1.12197 1.07754 1.07754 1.07546 1.05849 1.04076 1.07981 1.06380 1.04937 1.04792 1.04792 1.04792 1.04652 1.04276 1.03869 1.16633 1.27532 1.46906 1.46906 1.46906 1.46906 1.46906 1.46891 1.46018 1.46524 1.56854 1.54133 1.51426 1.49000 1.47747 1.52536 1.94664 1.94664 1.94664 1.94664 1.94664 1.94664
