High_resolution/powerplant/Shangrao/OMI_NO2_200907.asc
ncols      200
nrows      200
xllcorner       115.451
yllcorner       27.0350
cellsize     0.0166667
NODATA_Value      -999.000
[rows 116 to 144 of 200, columns 66 to 131 of 200]
1.22419 1.17026 1.07316 0.995675 1.03501 1.02606 0.995126 0.995126 0.995126 0.995126 0.995126 0.999488 0.992986 0.988152 1.01685 1.04547 1.07417 1.09021 1.11537 1.16026 1.21066 1.22379 1.22379 1.22379 1.22405 1.37578 1.39692 1.39692 1.39692 1.39681 1.31305 1.24670 1.32782 1.40960 1.49756 1.41542 1.17911 1.23006 1.28442 1.33878 1.39317 1.43129 1.43267 1.43267 1.43267 1.40125 0.889464 0.950962 0.920980 0.920403 0.964189 1.34193 1.34365 1.34365 1.34360 1.33785 1.32826 1.31866 1.30906 1.29950 1.31163 1.38274 1.45301 1.49522 1.50290 1.46754
1.10829 1.10829 1.09559 0.996002 1.01491 1.04217 1.01518 1.05823 1.10116 1.14416 1.18714 1.22578 1.19792 1.09026 1.09026 1.09026 1.09026 1.09026 1.09302 1.15758 1.19348 1.22379 1.22379 1.22379 1.22379 1.32330 1.38346 1.38507 1.45951 1.54135 1.60591 1.53893 1.58754 1.64188 1.69629 1.72681 1.43361 1.43267 1.43267 1.43267 1.43267 1.43267 1.43267 1.43267 1.43267 1.43267 1.01013 0.952862 0.928230 0.925590 0.934515 1.26258 1.30868 1.29908 1.28952 1.28569 1.29858 1.36931 1.43041 1.47005 1.48794 1.45220 1.42154 1.41889 1.41889 1.42465
1.10996 1.13222 1.16047 1.09798 1.10664 1.20821 1.23215 1.23218 1.23218 1.23218 1.23218 1.23218 1.23182 1.10142 1.09026 1.09026 1.09026 1.09026 1.09026 1.14098 1.17631 1.22470 1.23640 1.25687 1.34892 1.47382 1.60730 1.70706 1.74184 1.76928 1.79650 1.79377 1.79722 1.79722 1.79722 1.79722 1.51082 1.43267 1.43267 1.43267 1.43267 1.43267 1.43267 1.43675 1.44567 1.45460 1.20713 0.978454 0.986012 0.972845 0.972845 1.16152 1.29200 1.35478 1.40533 1.44491 1.47161 1.44046 1.41896 1.41837 1.40632 1.38849 1.36939 1.34883 1.32852 1.33925
1.25344 1.25954 1.25954 1.20289 1.14692 1.20445 1.23211 1.23218 1.23218 1.23218 1.23218 1.23218 1.23218 1.13377 1.09026 1.09026 1.09026 1.09188 1.10813 1.15326 1.26087 1.43262 1.54972 1.67013 1.71902 1.74762 1.81342 1.82336 1.82336 1.82336 1.82336 1.80757 1.79722 1.79722 1.79722 1.79722 1.60839 1.43575 1.44455 1.45348 1.46241 1.47133 1.48026 1.48511 1.48511 1.48511 1.42510 0.946755 1.00147 1.03661 1.09097 1.23299 1.45305 1.42905 1.40523 1.38732 1.36814 1.34748 1.32522 1.30395 1.30184 1.30685 1.31186 1.31688 1.31996 1.37082
1.28269 1.29158 1.30047 1.28692 1.20563 1.25045 1.25408 1.23218 1.23218 1.23218 1.23218 1.23218 1.23218 1.17709 1.10918 1.12891 1.14863 1.17491 1.21296 1.27817 1.66750 1.74775 1.78091 1.78094 1.78094 1.78094 1.80979 1.82336 1.82336 1.82336 1.82336 1.80690 1.73685 1.67817 1.61926 1.56056 1.49870 1.48499 1.48511 1.48511 1.48511 1.48511 1.48511 1.48511 1.48511 1.46392 1.42293 1.16794 1.18818 1.14706 1.13935 1.15247 1.32050 1.30076 1.29698 1.30200 1.30700 1.31202 1.31704 1.31998 1.31999 1.31999 1.31999 1.31999 1.31999 1.32830
1.41975 1.41975 1.41975 1.41933 1.31927 1.32107 1.30707 1.23218 1.23218 1.23607 1.26220 1.29172 1.31897 1.30333 1.23668 1.27566 1.31222 1.34057 1.34255 1.34255 1.63061 1.74548 1.78094 1.78094 1.78094 1.77977 1.75578 1.72324 1.66446 1.60565 1.54684 1.49478 1.46399 1.46347 1.46347 1.46347 1.46403 1.48422 1.48511 1.48511 1.48511 1.47512 1.43590 1.39499 1.35407 1.33435 1.33444 1.27915 1.17276 1.16231 1.14674 1.15174 1.27479 1.31719 1.31999 1.31999 1.31999 1.31999 1.31999 1.31999 1.31999 1.31999 1.31999 1.31999 1.31999 1.31999
1.41975 1.41975 1.41975 1.41975 1.35301 1.31053 1.35392 1.29338 1.30647 1.29592 1.26957 1.24486 1.22496 1.22082 1.31107 1.34255 1.34255 1.34255 1.34255 1.34255 1.50344 1.67885 1.64106 1.58220 1.52344 1.46584 1.45102 1.48929 1.48960 1.48960 1.48960 1.48960 1.46995 1.46347 1.46347 1.46347 1.46350 1.47709 1.44888 1.40798 1.36706 1.33613 1.33444 1.33444 1.36566 1.45646 1.54886 1.62449 1.58344 1.45893 1.16458 1.16458 1.24145 1.31999 1.31999 1.31999 1.31999 1.31999 1.31999 1.31999 1.31999 1.31999 1.31999 1.31999 1.32151 1.32562
1.41975 1.41875 1.41254 1.40133 1.36047 1.33065 1.33202 1.23216 1.22086 1.22082 1.22082 1.22082 1.22082 1.22082 1.27363 1.30392 1.25799 1.21188 1.16601 1.11995 1.14006 1.52375 1.45515 1.44718 1.44718 1.44718 1.44718 1.48049 1.48960 1.48960 1.48960 1.48960 1.47757 1.46605 1.44029 1.39936 1.35836 1.32931 1.33444 1.35614 1.44392 1.53628 1.62869 1.72105 1.78219 1.78367 1.78367 1.78367 1.66674 1.58324 1.16791 1.16458 1.20028 1.31999 1.31999 1.31999 1.31999 1.31999 1.32172 1.32587 1.33003 1.33419 1.33835 1.33406 1.31959 1.31079
1.35310 1.32397 1.30231 1.28594 1.28368 1.28003 1.29960 1.22637 1.22082 1.20419 1.15869 1.11274 1.06665 1.02078 0.998076 1.08908 1.08908 1.08908 1.08908 1.08908 1.08908 1.44383 1.47638 1.44718 1.44718 1.44718 1.44718 1.46781 1.49009 1.49362 1.47920 1.43848 1.39254 1.32794 1.32677 1.40974 1.50206 1.59854 1.70842 1.77913 1.78367 1.78367 1.78367 1.78367 1.78367 1.78367 1.78367 1.78367 1.71686 1.62103 1.25774 1.16458 1.17031 1.31823 1.33028 1.33444 1.33860 1.34275 1.34519 1.33934 1.32268 1.32088 1.32886 1.34791 1.38075 1.40493
1.28384 1.28384 1.28384 1.28433 1.29425 1.30498 1.31656 1.09060 0.997279 0.967851 0.967344 0.967344 0.967344 0.967344 0.967502 1.07497 1.08908 1.08908 1.08908 1.08908 1.08908 1.31497 1.49784 1.44718 1.44203 1.41296 1.37189 1.32616 1.41006 1.36546 1.33640 1.33287 1.32944 1.63071 1.75263 1.76202 1.76202 1.76214 1.78181 1.78367 1.78367 1.78367 1.78367 1.78367 1.78367 1.78367 1.78587 1.79250 1.77547 1.65033 1.41443 1.20040 1.20419 1.30303 1.34520 1.34144 1.32769 1.33164 1.34052 1.35769 1.39135 1.40545 1.40545 1.40545 1.40545 1.40545
1.31257 1.32607 1.33957 1.35258 1.35616 1.35460 1.35219 1.10426 0.967344 0.967344 0.967344 0.967344 0.967344 0.967344 0.967344 1.04038 1.08908 1.08908 1.08908 1.08908 1.08075 1.11463 1.44751 1.30843 1.23637 1.18658 1.14730 1.14140 1.30543 1.32393 1.32314 1.32314 1.32314 1.59456 1.76202 1.76202 1.76202 1.76202 1.77618 1.78367 1.78522 1.79163 1.79838 1.80513 1.81187 1.81863 1.82318 1.82330 1.82281 1.69446 1.55256 1.20208 1.19177 1.25734 1.35266 1.36847 1.39943 1.40545 1.40545 1.40545 1.40545 1.40545 1.41820 1.44658 1.47481 1.50322
1.28322 1.26986 1.25705 1.24480 1.23509 1.26817 1.36213 1.20909 0.967344 0.967344 0.967344 0.967344 0.967344 0.967344 0.967344 1.00560 1.07910 1.03852 0.995717 0.953070 0.917314 0.910016 1.18262 1.15195 1.13518 1.13364 1.13364 1.13364 1.24523 1.32314 1.32314 1.32314 1.32314 1.47061 1.76249 1.76703 1.77251 1.77801 1.79416 1.81775 1.82295 1.82330 1.82330 1.82330 1.82330 1.82330 1.82330 1.81997 1.75210 1.66200 1.72651 1.23692 1.21665 1.25012 1.40545 1.40545 1.40545 1.41898 1.44735 1.47567 1.50398 1.53236 1.54785 1.54788 1.54788 1.54788
1.24837 1.25126 1.25414 1.25695 1.25776 1.27487 1.41782 1.34058 0.967344 0.967344 0.967344 0.967344 0.955603 0.914273 0.871557 0.836989 0.911709 0.906788 0.902333 0.897877 0.894715 0.894590 1.07550 1.16852 1.13364 1.13364 1.13364 1.13364 1.18848 1.32635 1.33184 1.33733 1.34282 1.37780 1.78626 1.79316 1.79316 1.79316 1.79683 1.82329 1.82330 1.82330 1.82330 1.82307 1.77121 1.67513 1.57908 1.48632 1.45811 1.49535 1.80866 1.41360 1.23184 1.26073 1.45904 1.50474 1.53315 1.54788 1.54788 1.54788 1.54788 1.54788 1.54788 1.54788 1.54788 1.54788
1.25776 1.25776 1.25776 1.25776 1.25776 1.25781 1.39932 1.40956 0.987051 0.911793 0.869093 0.835874 0.822481 0.838553 0.856099 0.871711 0.889340 0.894590 0.894590 0.894590 0.894590 0.894590 0.967083 1.19113 1.14054 1.14603 1.15152 1.15700 1.16867 1.34619 1.35428 1.35428 1.35428 1.35428 1.69284 1.79316 1.79316 1.79316 1.79316 1.81809 1.78777 1.69429 1.59819 1.50235 1.45811 1.45811 1.45811 1.43013 1.35862 1.28937 1.42841 1.38967 1.35988 1.35988 1.48146 1.54788 1.54788 1.54788 1.54788 1.54788 1.54788 1.54788 1.54788 1.54788 1.54788 1.54788
1.25776 1.25776 1.25776 1.25776 1.24760 1.21507 1.27601 1.32410 0.995556 0.848683 0.866197 0.874175 0.874175 0.874175 0.874175 0.874175 0.883509 0.894747 0.897977 0.902399 0.906818 0.911238 0.916034 1.19577 1.16620 1.16478 1.16478 1.16478 1.16478 1.29571 1.35428 1.35428 1.35428 1.35428 1.56890 1.79100 1.76838 1.68326 1.58719 1.50976 1.46069 1.45811 1.43838 1.36880 1.29681 1.22474 1.15275 1.10874 1.10829 1.10829 1.22465 1.35966 1.35988 1.35988 1.43194 1.54788 1.54788 1.54788 1.54788 1.54788 1.54788 1.54347 1.52722 1.51029 1.49337 1.47590
1.24906 1.21724 1.19114 1.16836 1.15578 1.16551 1.23001 1.34311 1.15245 0.874175 0.874175 0.874175 0.875557 0.879879 0.884298 0.888720 0.896636 0.917818 0.919007 0.919007 0.919007 0.919007 0.919007 1.11347 1.18100 1.16478 1.16478 1.16478 1.16478 1.23895 1.35428 1.35043 1.33430 1.26352 1.25818 1.51238 1.43897 1.41507 1.34885 1.28668 1.23503 1.16303 1.11074 1.10829 1.10829 1.10829 1.10829 1.10829 1.10829 1.10829 1.15781 1.35854 1.35984 1.35988 1.38244 1.54244 1.52592 1.50902 1.49211 1.47517 1.45825 1.44568 1.43515 1.41612 1.36782 1.31710
1.16234 1.17137 1.17474 1.17474 1.17474 1.17474 1.20061 1.31880 1.22475 0.886615 0.891035 0.895456 0.898494 0.898592 0.898592 0.898592 0.898620 0.916654 0.919007 0.919007 0.919007 0.919007 0.923394 1.02075 1.19718 1.16478 1.16478 1.16523 1.16657 1.14819 1.18592 1.09433 1.00968 0.934218 0.875893 1.18300 1.14308 1.08396 1.07815 1.08016 1.10794 1.10829 1.10829 1.10829 1.10829 1.10829 1.10829 1.10829 1.10829 1.11449 1.14799 1.39820 1.47765 1.51502 1.55225 1.46438 1.44509 1.44509 1.43792 1.41280 1.35900 1.30944 1.27400 1.24916 1.24338 1.24338
1.17474 1.17180 1.15672 1.14031 1.12388 1.10748 1.09409 1.21064 1.22146 0.907446 0.898592 0.898592 0.898592 0.898592 0.898592 0.898592 0.899328 0.922497 0.942881 0.954206 0.964415 0.973673 0.979614 0.983331 1.19183 1.14967 1.07422 0.993586 0.874499 0.767679 0.802656 0.765843 0.708951 0.697490 0.697490 0.942315 1.07815 1.07815 1.07815 1.07815 1.10193 1.10829 1.10829 1.11220 1.13703 1.16497 1.19288 1.22079 1.24873 1.27042 1.27198 1.43435 1.57795 1.57814 1.57333 1.45816 1.35055 1.30246 1.26593 1.24524 1.24338 1.24338 1.24338 1.24338 1.24338 1.23456
1.10680 1.10472 1.11485 1.12627 1.13770 1.14913 1.16056 1.20105 1.23560 0.975134 0.898592 0.903930 0.918151 0.931071 0.942685 0.953194 0.962309 0.969337 0.979815 0.980398 0.981761 0.983128 0.984491 0.962858 0.943240 0.737998 0.660859 0.599650 0.575942 0.575942 0.636442 0.697490 0.697490 0.697490 0.697490 0.835212 1.07815 1.07856 1.08527 1.09407 1.14655 1.21696 1.24490 1.26890 1.27198 1.27198 1.27198 1.27198 1.27198 1.27198 1.27049 1.31969 1.45975 1.40578 1.36456 1.31877 1.24338 1.24338 1.24338 1.24338 1.23385 1.21327 1.19036 1.16472 1.13582 1.11871
1.17527 1.17078 1.16626 1.16172 1.15722 1.15270 1.14822 1.13158 1.13305 1.03093 0.958299 0.964375 0.964504 0.964504 0.964504 0.965159 0.966507 0.968689 0.973641 0.918425 0.856782 0.795166 0.733533 0.694386 0.711827 0.639437 0.575942 0.575942 0.575942 0.575942 0.600276 0.697490 0.701842 0.710666 0.719481 0.761369 1.11530 1.12617 1.12829 1.12829 1.16533 1.27198 1.27198 1.27198 1.27198 1.27198 1.27002 1.24460 1.21600 1.19709 1.18135 1.19598 1.36095 1.37484 1.37774 1.36436 1.21421 1.18945 1.16366 1.13463 1.11869 1.11869 1.11869 1.11869 1.11869 1.11869
1.13338 1.13338 1.13338 1.13338 1.13338 1.13338 1.13338 1.12599 1.11682 1.07656 0.964501 0.965231 0.966598 0.968156 0.978215 0.992197 1.00548 1.01873 0.781695 0.693744 0.693744 0.693744 0.693744 0.693744 0.695603 0.682546 0.577988 0.586351 0.595175 0.603984 0.613344 0.730807 0.747628 0.747628 0.747628 0.747628 1.05181 1.12829 1.12829 1.12829 1.13254 1.26669 1.27033 1.25447 1.23502 1.21703 1.20201 1.20731 1.21473 1.21500 1.20729 1.18943 1.29737 1.33815 1.32455 1.31785 1.16874 1.11869 1.11869 1.11869 1.11869 1.11869 1.11869 1.11869 1.11869 1.11869
1.13321 1.13338 1.13338 1.13338 1.13338 1.13338 1.13338 1.12918 1.10069 1.11635 0.990712 0.999820 1.01310 1.02616 1.03074 1.03074 1.03074 1.03074 0.875377 0.693744 0.693575 0.687762 0.679219 0.670676 0.662133 0.684233 0.625633 0.626080 0.626080 0.626080 0.626080 0.699633 0.747628 0.747628 0.747628 0.747628 0.945300 1.12905 1.12362 1.10116 1.07546 1.18442 1.21909 1.21500 1.21500 1.20929 1.19185 1.17255 1.15144 1.12818 1.11461 1.11459 1.19640 1.31785 1.31785 1.31785 1.22526 1.11869 1.11869 1.11869 1.11869 1.11869 1.11869 1.11869 1.11544 1.09426
1.12885 1.13338 1.13338 1.13147 1.12800 1.13215 1.13876 1.14750 1.14042 1.18440 1.05253 1.03074 1.03074 1.03074 1.03074 1.02865 1.02049 1.01194 0.943817 0.657862 0.649483 0.646753 0.646753 0.646753 0.646753 0.671506 0.638680 0.626080 0.626080 0.626080 0.626093 0.674730 0.773114 0.787994 0.792563 0.783932 0.843194 1.05208 1.03159 1.02683 1.02075 1.08795 1.17518 1.15430 1.13138 1.11497 1.11459 1.11459 1.11459 1.11459 1.11459 1.11459 1.13753 1.31523 1.31785 1.31785 1.27385 1.11869 1.11482 1.09316 1.06929 1.04534 1.02145 0.997534 0.976281 0.966104
1.12064 1.13846 1.14508 1.15360 1.16367 1.16614 1.16614 1.16614 1.15493 1.17202 1.09049 1.01622 1.00767 0.999130 0.990587 0.984131 0.983750 0.983750 0.983065 0.683616 0.646753 0.646753 0.646753 0.646753 0.646753 0.645484 0.666259 0.672691 0.691058 0.708068 0.728431 0.747593 0.771916 0.745316 0.727911 0.726430 0.755547 0.966886 0.941695 0.908411 0.880908 0.925716 1.11459 1.11459 1.11459 1.11459 1.11459 1.11459 1.11459 1.11459 1.11459 1.11459 1.11182 1.25958 1.28571 1.26722 1.23894 1.00296 0.976406 0.974180 0.973982 0.967628 0.961430 0.961993 0.963747 0.974958
1.13418 1.16614 1.16614 1.16614 1.16637 1.16783 1.16946 1.17109 1.16643 1.16558 1.14546 0.985598 0.983750 0.983750 0.983750 0.983750 0.983750 0.983750 0.983750 0.778289 0.629726 0.603583 0.574740 0.542702 0.507092 0.476969 0.632838 0.744138 0.749835 0.752543 0.751558 0.766334 0.778829 0.804632 0.840367 0.874380 0.879179 0.879179 0.879179 0.879179 0.879179 0.881058 1.09681 1.11459 1.11459 1.11459 1.11293 1.09332 1.06690 1.03793 1.00602 0.970677 0.936307 1.06526 1.20200 1.20200 1.20200 1.02698 0.966061 0.967332 0.969096 0.979746 0.991616 0.992054 0.992054 0.992054
1.12814 1.16674 1.17168 1.17331 1.17563 1.18163 1.18814 1.19465 1.19605 1.15787 1.16696 1.00628 0.983750 0.983750 0.981623 0.973287 0.963769 0.953242 0.941508 0.785674 0.474924 0.475084 0.484054 0.498051 0.512081 0.526032 0.604911 0.789076 0.819322 0.855280 0.893789 0.905906 0.894869 0.879179 0.879179 0.879179 0.879179 0.879179 0.879179 0.879179 0.878391 0.851418 0.979298 1.04148 1.00993 0.975009 0.939047 0.930985 0.930985 0.930985 0.930985 0.930985 0.930985 0.994667 1.21620 1.24018 1.26897 1.15031 0.992054 0.992054 0.992054 0.992054 0.992054 0.992054 0.992054 0.992054
1.18476 1.21843 1.24071 1.24838 1.25510 1.25694 1.25810 1.25924 1.25960 1.18050 1.18716 1.02630 0.947347 0.934930 0.924816 0.924254 0.924254 0.924561 0.934151 0.921896 0.521044 0.534219 0.572112 0.611997 0.659141 0.715756 0.755147 0.887270 0.905906 0.905906 0.905906 0.905906 0.902779 0.879222 0.879179 0.863869 0.824468 0.784820 0.745216 0.705568 0.666685 0.654032 0.746712 0.930985 0.930985 0.930985 0.930985 0.930985 0.930985 0.938381 0.976881 1.01302 1.02933 1.02540 1.19229 1.23421 1.19138 1.09462 0.992054 0.992054 0.992054 0.992054 0.992054 0.992054 0.992054 0.992054
1.22794 1.24227 1.26857 1.26857 1.26857 1.26857 1.26857 1.26857 1.26857 1.21031 1.19574 1.07092 0.924254 0.924731 0.934964 0.948960 0.961210 0.947117 0.915086 0.878621 0.740537 0.747498 0.750668 0.750668 0.750668 0.750668 0.750668 0.858622 0.905906 0.899715 0.863916 0.824245 0.784642 0.723094 0.678595 0.654324 0.654032 0.654032 0.654032 0.654032 0.654032 0.654032 0.683218 0.930985 0.930985 0.928270 0.930906 0.940592 0.951678 0.954783 0.914957 0.874186 0.870527 0.870527 0.966058 1.15140 1.15140 1.14638 0.996645 0.992054 0.992054 0.992054 0.992054 0.992054 0.992054 0.992054
1.22794 1.23103 1.26814 1.26857 1.26857 1.26857 1.26857 1.26857 1.26857 1.23299 1.24367 1.17476 0.961320 0.926543 0.893881 0.857467 0.822772 0.814140 0.814140 0.814140 0.790420 0.750668 0.750668 0.750866 0.766664 0.792283 0.817930 0.814896 0.718043 0.684609 0.680759 0.680759 0.680759 0.666801 0.654032 0.654032 0.654032 0.654032 0.654032 0.653337 0.637077 0.611381 0.602966 0.809005 0.851407 0.862269 0.870527 0.870527 0.870527 0.870527 0.870527 0.870527 0.870527 0.870527 0.904322 1.15140 1.15140 1.15140 1.02055 0.992054 0.992054 0.992054 0.992054 0.992054 0.992054 0.992054
