High_resolution/powerplant/Shangrao/OMI_NO2_200903.asc
ncols      200
nrows      200
xllcorner       115.451
yllcorner       27.0350
cellsize     0.0166667
NODATA_Value      -999.000
[rows 150 to 179 of 200, columns 0 to 65 of 200]
0.00000 0.00000 2.08071 2.08071 1.92870 1.74549 1.74739 1.74427 1.52277 1.40144 1.27999 1.19050 1.18597 1.18597 1.18597 1.18597 1.18597 1.17475 1.13652 1.08482 1.03281 0.988342 0.971105 0.787855 0.632111 1.02898 1.05907 1.05816 1.05816 1.05816 1.05816 1.05816 1.05816 1.05816 1.05816 1.05816 1.05816 1.05816 1.05816 1.05816 1.05816 1.05488 0.992646 1.12618 1.44088 1.41927 1.64353 1.68401 1.66239 1.65132 1.58637 1.46478 1.33641 1.20806 1.10490 1.08616 1.08512 1.08512 0.984361 0.929631 0.929631 0.929631 0.933317 1.30200 1.33470 1.30399
0.00000 1.87659 2.03312 2.02603 1.99312 1.78813 1.78849 1.78786 1.25138 1.18597 1.18597 1.18597 1.18597 1.17036 1.12887 1.07686 1.02483 0.984057 0.970286 0.969960 0.969960 0.969960 0.969960 0.887754 0.632111 0.899068 1.07058 1.05816 1.05816 1.05816 1.05816 1.05816 1.05816 1.05816 1.05816 1.05816 1.05816 1.05816 1.05778 1.04433 1.02443 1.00453 0.928112 0.904609 1.32693 1.33018 1.38683 1.41183 1.28337 1.15540 1.09199 1.08512 1.08512 1.08512 1.08512 1.08512 1.08512 1.08512 1.02690 0.929631 0.929631 0.929631 0.929631 1.18890 1.33470 1.32383
1.87659 1.87659 1.91123 1.97865 1.97865 1.83203 1.78919 1.78919 1.42026 1.16540 1.12089 1.06889 1.01689 0.980474 0.969960 0.969960 0.969960 0.969960 0.969960 0.969960 0.969960 0.969960 0.969960 0.964757 0.655017 0.766150 1.08512 1.05816 1.05816 1.05816 1.05816 1.05816 1.05816 1.05782 1.04453 1.02463 1.00471 0.984636 0.965116 0.958669 0.958669 0.991056 1.05313 1.12187 1.04550 0.811275 0.861495 1.08512 1.08512 1.08512 1.08512 1.08512 1.08512 1.08512 1.08512 1.08512 1.08512 1.08512 1.06907 0.929989 0.929631 0.929631 0.929631 1.07207 1.33470 1.33468
1.87659 1.87659 1.87765 1.97337 1.97662 1.85202 1.71615 1.66413 1.41442 0.977482 0.969960 0.969960 0.969960 0.969960 0.969960 0.969960 0.969960 0.969960 0.969960 0.969960 0.969960 0.969960 0.969960 0.969960 0.749649 0.649276 1.08365 1.05816 1.05786 1.04473 1.02483 1.00484 0.984835 0.965275 0.958669 0.958669 0.958969 1.01650 1.12163 1.24564 1.39369 1.52889 1.55024 1.45681 1.16850 0.766117 0.770262 1.06708 1.08512 1.08512 1.08512 1.08512 1.08512 1.08512 1.08512 1.08512 1.08512 1.08512 1.08512 0.956500 0.929631 0.929631 0.929631 0.959863 1.33017 1.33470
1.87659 1.87659 1.87659 1.84830 1.79206 1.74961 1.57375 1.57318 1.53590 0.979672 0.969960 0.969960 0.969960 0.969960 0.969960 0.969960 0.969960 0.969960 0.969960 0.969960 0.969960 0.969960 0.969960 0.970258 0.883013 0.721291 0.982829 0.991663 0.965435 0.958669 0.958669 0.958669 0.964838 1.04408 1.15366 1.28367 1.43942 1.54784 1.57500 1.57500 1.57500 1.57500 1.57428 1.46697 1.36944 0.766600 0.766117 0.997018 1.08512 1.08512 1.08512 1.08512 1.08512 1.08512 1.08512 1.08512 1.08512 1.08512 1.08512 0.999041 0.929631 0.929631 0.940980 0.994324 1.36551 1.51388
1.87659 1.87659 1.87659 1.83089 1.78000 1.78000 1.60236 1.57318 1.57318 1.11304 0.969960 0.969960 0.969960 0.969960 0.969960 0.969960 0.969960 0.969960 0.969960 0.995490 1.05118 1.10693 1.16264 1.21812 1.21586 0.907171 0.949652 0.979824 0.978119 1.07226 1.18711 1.32383 1.48049 1.56162 1.57500 1.57500 1.57500 1.57500 1.57500 1.57500 1.57500 1.57500 1.57500 1.49897 1.45681 0.880526 0.766117 0.907261 1.08512 1.08512 1.08512 1.08512 1.08512 1.08512 1.08512 1.08512 1.08512 1.12866 1.24563 1.28539 1.12601 1.18843 1.28099 1.28507 1.32175 1.25334
1.87659 1.87659 1.87659 1.86866 1.78158 1.78000 1.65476 1.57318 1.57318 1.28351 0.969960 0.969960 0.969960 0.969960 0.988478 1.04330 1.09905 1.15476 1.21048 1.24064 1.24070 1.24070 1.24070 1.24070 1.21623 1.05991 1.16071 1.38435 1.51382 1.57074 1.57500 1.57500 1.57500 1.57500 1.57500 1.57500 1.57500 1.57500 1.57500 1.57500 1.57500 1.57500 1.57500 1.53169 1.45681 1.08183 0.766117 0.798301 1.08219 1.08512 1.08512 1.08512 1.14637 1.26444 1.38238 1.50045 1.61846 1.71430 1.75235 1.72192 1.27801 1.24409 1.18292 1.16825 1.15675 1.11014
1.87659 1.87659 1.87659 1.87659 1.79631 1.78000 1.72122 1.57318 1.57318 1.46129 1.03532 1.09109 1.14680 1.20255 1.23978 1.24070 1.24070 1.24070 1.24070 1.24067 1.20615 1.14010 1.06404 0.972806 0.895196 1.12984 1.41734 1.55716 1.57500 1.57500 1.57500 1.57500 1.57500 1.57500 1.57500 1.57500 1.57500 1.57500 1.57500 1.57500 1.57500 1.57500 1.57500 1.56388 1.45732 1.28324 0.768857 0.886314 1.24599 1.40126 1.51927 1.63721 1.69575 1.73874 1.74668 1.73230 1.71776 1.68187 1.63053 1.62921 1.29152 1.16825 1.16825 1.16825 1.16797 1.11570
1.87659 1.87659 1.87659 1.87659 1.82349 1.81425 1.85310 1.66650 1.67804 1.69700 1.28192 1.24070 1.24070 1.24070 1.24070 1.23947 1.19554 1.12848 1.05019 0.955846 0.889220 0.873921 0.873921 0.873921 0.873921 0.970484 1.41711 1.51350 1.57500 1.57500 1.57500 1.57500 1.57500 1.57500 1.57500 1.57500 1.57500 1.57500 1.57500 1.57500 1.57500 1.57517 1.57911 1.58457 1.87250 2.12306 1.66072 1.67947 1.70421 1.75008 1.73990 1.72540 1.70914 1.65170 1.62921 1.62921 1.62921 1.62921 1.62921 1.62921 1.41768 1.16825 1.16825 1.16825 1.16825 1.13219
1.91915 2.00117 2.08316 2.16521 2.18503 1.97242 1.97209 1.78068 1.70123 1.70123 1.40875 1.23651 1.18489 1.11658 1.03577 0.939937 0.884456 0.873921 0.873921 0.873921 0.873921 0.873921 0.873921 0.873921 0.873921 0.874844 1.35346 1.46956 1.57500 1.57500 1.57500 1.57500 1.57500 1.57500 1.57500 1.57500 1.57516 1.57906 1.58451 1.58996 1.59546 1.60075 1.60226 1.60226 2.01992 2.38798 2.07926 2.02265 1.99414 1.63346 1.62921 1.62921 1.62921 1.62921 1.62921 1.62921 1.62921 1.62921 1.62921 1.62921 1.54374 1.16825 1.16825 1.16825 1.16825 1.14897
2.26075 2.26075 2.26075 2.26075 2.26075 2.00181 1.97209 1.84865 1.64035 1.60674 1.37660 0.925694 0.880492 0.873921 0.873921 0.873921 0.873921 0.873921 0.873921 0.873921 0.873921 0.873921 0.873921 0.873921 0.873921 0.873921 1.19507 1.42767 1.57294 1.57500 1.57500 1.57513 1.57899 1.58446 1.58991 1.59536 1.60069 1.60226 1.60226 1.60270 1.61148 1.62344 1.63539 1.64734 1.85304 2.42132 2.30201 2.10462 2.10262 1.66431 1.62921 1.62921 1.62921 1.62921 1.62921 1.62921 1.62921 1.62921 1.62921 1.62921 1.62723 1.21090 1.16825 1.16825 1.16825 1.16471
2.26075 2.26075 2.26075 2.26075 2.26075 1.92325 1.66050 1.57197 1.55979 1.56473 1.50867 0.879447 0.873921 0.873921 0.873921 0.873921 0.873921 0.873921 0.873921 0.873921 0.873921 0.873921 0.873921 0.873921 0.873921 0.873921 1.03587 1.42160 1.54938 1.58985 1.59531 1.60062 1.60226 1.60226 1.60226 1.60408 1.61484 1.62679 1.63874 1.65025 1.65342 1.65342 1.65342 1.65342 1.67400 2.38809 2.39228 2.10661 2.10462 1.77284 1.62921 1.62921 1.62921 1.62921 1.62921 1.62921 1.62921 1.62921 1.62921 1.62921 1.62921 1.33498 1.16825 1.16825 1.16825 1.15742
2.26075 2.26075 2.26075 2.26075 2.26075 2.01160 1.56473 1.56473 1.56473 1.56473 1.56473 1.01748 0.873921 0.873921 0.873921 0.873921 0.873921 0.873921 0.873921 0.873921 0.873921 0.873921 0.877427 0.884072 0.890723 0.897371 0.925155 1.43073 1.52522 1.60226 1.60226 1.60640 1.61819 1.63014 1.64209 1.65222 1.65342 1.65342 1.65342 1.65342 1.65342 1.65342 1.65342 1.65342 1.65342 2.19643 2.42132 2.16993 2.10462 1.90970 1.62921 1.62921 1.62921 1.62921 1.62921 1.62921 1.62921 1.62921 1.62921 1.62921 1.58362 1.32063 1.01977 0.957938 0.884579 0.773003
2.26075 2.26075 2.26075 2.26075 2.26075 2.24930 1.59615 1.56473 1.56473 1.56473 1.56473 1.21167 0.873921 0.873921 0.873921 0.873921 0.873921 0.876488 0.883085 0.889736 0.896387 0.903032 0.906177 0.906177 0.906177 0.906177 0.905986 1.29339 1.50180 1.63349 1.64545 1.65325 1.65342 1.65342 1.65342 1.65342 1.65342 1.65342 1.65342 1.65342 1.65342 1.65342 1.65342 1.65342 1.65342 1.98423 2.42132 2.26222 2.10462 2.06915 1.63688 1.62921 1.62921 1.62921 1.62921 1.56592 1.44145 1.31705 1.19252 1.06812 0.955459 0.878724 0.693788 0.641618 0.601540 0.610578
2.26075 2.26075 2.26075 2.26075 2.26075 2.26075 1.72488 1.56473 1.56473 1.56473 1.56473 1.40570 0.875698 0.882101 0.888749 0.895400 0.902045 0.906128 0.906177 0.906177 0.906177 0.906177 0.904904 0.877170 0.838941 0.800695 0.762672 1.06143 1.50214 1.64219 1.65342 1.65342 1.65342 1.65342 1.65342 1.65342 1.65342 1.65342 1.65342 1.65342 1.65342 1.65342 1.65342 1.65342 1.65342 1.77203 2.42132 2.35453 2.10462 2.10221 1.63026 1.42241 1.29800 1.17360 1.04907 0.982427 0.926844 0.871728 0.820071 0.768511 0.750745 0.760435 0.639567 0.612543 0.612543 0.612543
2.26075 2.26075 2.26075 2.26075 2.26075 2.26075 1.91559 1.55318 1.44931 1.32554 1.20176 1.07386 0.910984 0.906177 0.906177 0.906177 0.906177 0.906177 0.902837 0.871064 0.832834 0.794604 0.757647 0.747151 0.747151 0.747151 0.747151 0.840328 1.49977 1.60105 1.65342 1.65342 1.65342 1.65342 1.65342 1.65342 1.65342 1.65342 1.65342 1.65342 1.65342 1.65342 1.65342 1.65342 1.65182 1.61883 2.03328 1.89366 1.42045 1.20835 1.05785 0.965182 0.902705 0.850685 0.799079 0.752983 0.756983 0.760458 0.760458 0.760458 0.760458 0.760458 0.680019 0.612543 0.612543 0.612543
2.26075 2.26075 2.25890 2.10644 1.85901 1.61146 1.33762 1.00560 0.984169 0.984169 0.984169 0.984169 0.932021 0.906177 0.899784 0.864973 0.826728 0.788498 0.753608 0.747151 0.747151 0.747151 0.747151 0.747151 0.747151 0.747151 0.747151 0.747151 1.37079 1.55831 1.65342 1.65342 1.65342 1.65342 1.65342 1.65342 1.65342 1.65342 1.65342 1.65182 1.61852 1.57291 1.52729 1.48168 1.43766 1.42535 1.44482 1.40771 1.10157 0.859712 0.758870 0.749206 0.760091 0.760458 0.760458 0.760458 0.760458 0.760458 0.760458 0.760458 0.760458 0.760458 0.720486 0.612543 0.612543 0.612543
1.68797 1.44042 1.19473 1.09964 1.09964 1.09964 1.09964 1.00161 0.984169 0.984169 0.973769 0.936843 0.868372 0.782391 0.750554 0.747151 0.747151 0.747151 0.747151 0.747151 0.747151 0.747151 0.747151 0.747151 0.747151 0.747151 0.747151 0.747151 1.14889 1.51605 1.65296 1.65342 1.65342 1.65342 1.65182 1.61852 1.57291 1.52729 1.48168 1.43766 1.42535 1.42535 1.41720 1.35168 1.27513 1.19851 1.13427 1.13118 0.980306 0.684092 0.684127 0.753395 0.760458 0.760458 0.760458 0.760458 0.760458 0.760458 0.760458 0.760458 0.760458 0.760458 0.755651 0.617855 0.612543 0.612543
1.09964 1.09964 1.09964 1.09964 1.09964 1.09964 1.09964 0.996047 0.904484 0.881796 0.831724 0.825144 0.816661 0.747307 0.747151 0.747151 0.747151 0.747151 0.747151 0.747151 0.747151 0.747151 0.747151 0.747151 0.747151 0.747151 0.747151 0.747151 0.926830 1.50011 1.59498 1.57291 1.52729 1.48168 1.43766 1.42535 1.42535 1.42535 1.40398 1.32982 1.25320 1.17665 1.10817 1.09708 1.09708 1.09708 1.09932 1.13074 1.10261 0.691460 0.684092 0.735430 0.760458 0.760458 0.760458 0.760458 0.760458 0.760458 0.760458 0.760458 0.760458 0.760458 0.760458 0.653501 0.612543 0.612543
1.09964 1.09964 1.09964 1.08897 1.06852 1.05431 1.04393 1.00568 0.875838 0.875838 0.848069 0.825144 0.825144 0.760735 0.747151 0.747151 0.747151 0.747151 0.747151 0.747151 0.747151 0.747151 0.747151 0.747151 0.747090 0.738908 0.724982 0.711068 0.707689 1.38411 1.42877 1.42535 1.42535 1.42531 1.38451 1.30796 1.23134 1.15472 1.09954 1.09708 1.09708 1.09708 1.09708 1.09708 1.09708 1.09708 1.09708 1.12360 1.13118 0.792616 0.684092 0.712886 0.760458 0.760458 0.760458 0.760458 0.760458 0.760458 0.760458 0.760458 0.760458 0.760458 0.760458 0.698193 0.667430 0.707469
1.06775 1.05376 1.04352 1.03849 1.03843 1.03843 1.03843 1.03843 0.893350 0.875838 0.862495 0.825144 0.825144 0.782661 0.747151 0.747151 0.747151 0.747151 0.747151 0.747151 0.740994 0.727088 0.713168 0.699248 0.685382 0.679644 0.679644 0.679644 0.679644 1.16483 1.36823 1.28603 1.20948 1.13289 1.09708 1.09708 1.09708 1.09708 1.09708 1.09708 1.09708 1.09708 1.09708 1.09708 1.09708 1.09708 1.09708 1.11422 1.13118 0.922303 0.684092 0.688021 0.758525 0.760458 0.760458 0.760458 0.760458 0.760458 0.742381 0.706503 0.670662 0.634784 0.599378 0.648806 0.897456 0.946893
1.03843 1.03843 1.03843 1.03843 1.03843 1.03843 1.03843 1.03843 0.933359 0.875838 0.873487 0.826298 0.825144 0.804593 0.747151 0.742810 0.729194 0.715281 0.701354 0.687434 0.679671 0.679644 0.679644 0.679644 0.679644 0.682469 0.703774 0.728405 0.753037 0.892627 1.10451 1.09738 1.09708 1.09708 1.09708 1.09708 1.09708 1.09708 1.09708 1.09708 1.09708 1.09708 1.09708 1.09708 1.09708 1.09708 1.09708 1.10484 1.13118 1.05195 0.684092 0.684092 0.743455 0.737026 0.701148 0.665307 0.629429 0.593570 0.582781 0.619928 0.646990 0.675981 0.710071 0.712846 1.03951 1.07639
1.03843 1.03843 1.03843 1.03843 1.03843 1.03843 1.03843 1.03843 0.983887 0.875838 0.891392 0.994357 1.16296 1.32340 0.730471 0.679954 0.679644 0.679644 0.679644 0.679644 0.679644 0.684599 0.707603 0.732234 0.756866 0.778682 0.782020 0.782020 0.782020 0.806070 1.10087 1.09926 1.09708 1.09708 1.09708 1.09708 1.09708 1.09708 1.09708 1.09708 1.09708 1.09708 1.09708 1.09708 1.09708 1.09708 1.09708 1.09779 1.08980 1.03342 0.584554 0.479516 0.510388 0.575806 0.597086 0.631865 0.658237 0.689426 0.717551 0.705238 0.702669 0.702669 0.702669 0.702669 0.938973 1.07639
1.03843 1.03843 1.03843 1.03843 1.03843 1.04289 1.16002 1.32646 1.48475 1.30595 1.38545 1.47401 1.60804 1.60804 0.956328 0.679644 0.679644 0.687332 0.711432 0.736063 0.760695 0.780382 0.782020 0.782020 0.782020 0.782020 0.782020 0.782020 0.782020 0.782020 1.03040 1.10139 1.09708 1.09708 1.09708 1.09708 1.09708 1.09708 1.09708 1.09708 1.09708 1.09708 1.09729 1.10083 1.10554 1.11026 1.11497 1.11948 0.940088 0.853863 0.622800 0.533819 0.615115 0.704003 0.714745 0.702690 0.702669 0.702669 0.702669 0.702669 0.702669 0.702669 0.702669 0.702669 0.837209 1.07639
1.03843 1.11061 1.27682 1.44327 1.60979 1.77193 1.82133 1.82133 1.82133 1.50723 1.39777 1.42215 1.60804 1.61904 1.25296 0.739902 0.764524 0.781477 0.782020 0.782020 0.782020 0.782020 0.782020 0.782020 0.782020 0.782020 0.782020 0.782020 0.782020 0.782020 0.935857 1.10352 1.09708 1.09708 1.09708 1.09708 1.09708 1.09730 1.10087 1.10559 1.11030 1.11502 1.11951 1.12065 1.12065 1.11959 1.11484 1.10977 0.997398 0.833531 0.792394 0.702669 0.702669 0.702669 0.702669 0.702669 0.702669 0.702669 0.702669 0.702669 0.702669 0.702669 0.702669 0.702669 0.737052 1.07478
1.72652 1.82094 1.82133 1.82133 1.82133 1.82133 1.82133 1.82133 1.82099 1.60995 1.44596 1.50915 1.68749 1.71038 1.58056 0.782020 0.782020 0.782020 0.782020 0.782020 0.782020 0.782020 0.782020 0.782020 0.782020 0.782020 0.782020 0.782020 0.782020 0.782020 0.841317 1.10474 1.09823 1.10092 1.10563 1.11035 1.11507 1.11954 1.12065 1.12065 1.12065 1.11847 1.11342 1.10835 1.10328 1.09928 1.09897 1.09897 1.06489 0.832568 0.826449 0.706123 0.702669 0.702669 0.702669 0.702669 0.702669 0.702669 0.702669 0.702669 0.702669 0.702669 0.702669 0.702669 0.702669 1.00748
1.82133 1.82133 1.82133 1.82133 1.82057 1.76185 1.72833 1.72826 1.72856 1.77117 1.71178 1.71041 1.71041 1.71041 1.71041 0.912841 0.782020 0.782020 0.782020 0.782020 0.782020 0.782020 0.782020 0.782020 0.782020 0.782020 0.782020 0.781681 0.766355 0.743071 0.720573 0.983244 1.07270 1.12065 1.12065 1.12065 1.12054 1.11706 1.11199 1.10692 1.10186 1.09898 1.09897 1.09897 1.09897 1.09897 1.09897 1.09897 1.09897 0.871736 0.832514 0.737539 0.702669 0.702669 0.702669 0.702669 0.702669 0.702669 0.702669 0.702669 0.702669 0.702669 0.702669 0.702669 0.702669 0.905675
1.81998 1.75870 1.72898 1.72890 1.72960 1.78337 1.82206 1.82206 1.82206 1.82206 1.73663 1.71041 1.71041 1.71041 1.71041 1.17391 0.782020 0.782020 0.782020 0.782020 0.782020 0.782020 0.782020 0.770085 0.746824 0.723507 0.700223 0.677289 0.669321 0.669321 0.669321 0.862283 1.03343 1.11563 1.11057 1.10550 1.10055 1.09897 1.09897 1.09897 1.09897 1.09897 1.09897 1.09897 1.09897 1.09897 1.09897 1.09897 1.09897 0.945037 0.832514 0.775016 0.702669 0.702669 0.702669 0.702669 0.702669 0.702669 0.702669 0.702669 0.702669 0.723224 0.770571 0.830090 0.907260 1.03105
1.73068 1.78754 1.82206 1.82206 1.82206 1.82206 1.82206 1.82206 1.82206 1.82206 1.76956 1.71041 1.71041 1.71041 1.71041 1.43477 0.782020 0.782020 0.773567 0.750532 0.727248 0.703976 0.680670 0.669321 0.669321 0.669321 0.669321 0.669321 0.676025 0.703855 0.733211 0.827261 0.979099 1.09705 1.09897 1.09897 1.09897 1.09897 1.09897 1.09897 1.09897 1.09897 1.09897 1.09897 1.09897 1.09897 1.09897 1.09897 1.09897 1.01828 0.832514 0.812553 0.702669 0.702669 0.702669 0.703104 0.729393 0.778238 0.839876 0.920137 1.02890 1.11892 1.19684 1.27789 1.35900 1.43650
1.82206 1.82206 1.82206 1.82206 1.82206 1.82206 1.82206 1.82206 1.82206 1.82206 1.80266 1.71041 1.71041 1.66939 1.46743 1.21004 0.708100 0.684400 0.669581 0.669321 0.669321 0.669321 0.669321 0.669321 0.679591 0.708544 0.737900 0.767256 0.789908 0.791434 0.791434 0.799177 0.964968 1.06939 1.09897 1.09897 1.09897 1.09897 1.09897 1.09897 1.09897 1.09897 1.09897 1.09897 1.09897 1.09897 1.09897 1.09897 1.09897 1.08575 0.840588 0.876449 0.807455 0.850035 0.933580 1.04616 1.09868 1.15027 1.23132 1.31244 1.39344 1.45343 1.45655 1.45655 1.45655 1.45655
