High_resolution/powerplant/Shangrao/OMI_NO2_2008_06-08.asc
ncols      200
nrows      200
xllcorner       115.451
yllcorner       27.0350
cellsize     0.0166667
NODATA_Value      -999.000
[rows 29 to 57 of 188, columns 66 to 131 of 200]
2.47006 2.50174 2.52162 2.46798 2.48213 2.44397 2.28107 2.21026 2.20264 2.18448 2.14207 2.09936 2.00655 2.00138 2.03153 2.01119 2.09301 2.05669 1.93691 1.73815 1.23897 1.13571 1.15149 1.22111 1.35607 1.40805 1.46395 1.39138 1.39024 1.31700 1.30384 1.31732 1.31316 1.33002 1.25546 1.36677 1.38029 1.47982 1.61004 1.63335 1.58413 1.61438 1.51454 1.51353 1.53417 1.43326 1.42027 1.40582 1.38050 1.28488 1.22920 1.25997 1.26052 1.26391 1.24341 1.30030 1.29638 1.30335 1.30224 1.32505 1.49183 1.49833 1.49853 1.49965 1.53347 1.58648
2.54521 2.50671 2.53706 2.54138 2.58067 2.60626 2.45096 2.25617 2.23229 2.22373 2.16461 2.12107 2.09021 2.08788 2.09143 2.05333 2.10250 2.06381 2.03272 1.95003 1.41472 1.33317 1.35177 1.36042 1.49621 1.48574 1.50693 1.41646 1.38975 1.35059 1.28248 1.28248 1.28248 1.29732 1.26141 1.32658 1.38974 1.53519 1.62198 1.67611 1.59398 1.58074 1.48526 1.45964 1.46452 1.29388 1.22772 1.18935 1.15115 1.04315 1.00335 1.11578 1.26888 1.27499 1.23708 1.30349 1.30669 1.35359 1.37392 1.41269 1.53739 1.59281 1.59000 1.57182 1.55973 1.55426
2.71606 2.69570 2.74635 2.71300 2.66840 2.64100 2.46576 2.26858 2.23801 2.19430 2.12195 2.05859 2.00839 2.02939 2.05962 2.11282 2.12566 2.02613 2.02486 1.89292 1.63563 1.42068 1.34881 1.33876 1.47815 1.49750 1.52229 1.47609 1.43311 1.42876 1.33685 1.33807 1.33161 1.34187 1.36468 1.43266 1.41463 1.43468 1.46935 1.54383 1.46796 1.43435 1.31994 1.24187 1.20394 1.07983 1.06509 1.04739 1.02515 0.927883 0.926715 1.01486 1.22190 1.27916 1.32590 1.42350 1.45067 1.44770 1.42110 1.38932 1.39584 1.44681 1.42622 1.42388 1.44890 1.49582
2.47809 2.42126 2.42974 2.41558 2.26583 2.24088 2.16626 1.98781 1.98657 1.97834 1.96202 1.96030 1.96199 2.03276 2.06830 2.09384 2.15577 1.99502 1.98840 1.77274 1.67712 1.43234 1.34642 1.34620 1.46912 1.53056 1.52794 1.50189 1.50048 1.51558 1.44954 1.45413 1.43342 1.41508 1.42431 1.44693 1.35750 1.23733 1.18486 1.26615 1.20332 1.14454 1.04950 1.09843 1.10702 1.02193 1.01872 1.01850 1.01850 0.945426 0.926315 0.978315 1.14362 1.22067 1.23394 1.28204 1.25298 1.26577 1.26319 1.25438 1.25445 1.38305 1.38123 1.37972 1.46194 1.56004
2.44110 2.40779 2.40424 2.40424 2.23976 2.20541 2.21733 2.03187 2.06187 2.10430 2.06902 2.03706 2.05160 2.10656 2.15518 2.19568 2.29875 2.05285 2.08282 1.81578 1.78821 1.56153 1.53590 1.54642 1.63449 1.64688 1.62245 1.57298 1.51904 1.48309 1.40932 1.38028 1.38075 1.38183 1.40227 1.42218 1.27118 0.992552 0.923417 1.10436 1.12051 1.06760 0.936629 1.02873 1.04187 1.02644 1.01062 0.975769 0.940953 0.879312 0.820130 0.805766 0.959990 1.08914 1.10302 1.21627 1.22315 1.23804 1.24230 1.24230 1.22589 1.35934 1.38223 1.38123 1.41623 1.51736
2.34060 2.31684 2.36323 2.38698 2.30213 2.23400 2.25232 2.04871 2.02676 2.02459 1.97850 1.95155 1.97078 2.01773 2.06199 2.08646 2.15253 1.97543 1.94487 1.68356 1.61764 1.52230 1.55838 1.54005 1.60247 1.65281 1.63300 1.56398 1.53562 1.55562 1.49693 1.40758 1.39032 1.38163 1.40705 1.44596 1.39729 1.08187 0.955875 1.06011 1.11357 1.06171 0.900507 0.911301 0.884716 0.847500 0.825547 0.823857 0.823857 0.814230 0.790834 0.781015 0.908551 1.07107 1.08850 1.19935 1.22517 1.24777 1.25506 1.25506 1.23464 1.31805 1.37972 1.37972 1.38740 1.53606
2.44637 2.42673 2.43097 2.37415 2.31297 2.22231 2.19885 2.09761 2.04975 2.04445 2.01964 1.98735 2.01696 2.03313 1.98714 1.85848 1.80793 1.70610 1.69203 1.61876 1.56094 1.48940 1.52033 1.54205 1.62174 1.53284 1.49243 1.42127 1.44091 1.58304 1.56445 1.45490 1.45038 1.44747 1.41889 1.35481 1.30814 0.993921 0.905976 0.941926 0.965920 0.945725 0.797303 0.823857 0.828488 0.823857 0.823857 0.823857 0.823857 0.821157 0.800414 0.793660 0.887919 1.06169 1.13186 1.20613 1.25866 1.28166 1.28480 1.26773 1.22780 1.25271 1.34037 1.30116 1.25883 1.33574
2.35865 2.34163 2.34157 2.28546 2.27799 2.18905 2.18841 2.18278 2.12185 2.08737 1.97536 1.83981 1.75262 1.70358 1.76230 1.75051 1.74981 1.72532 1.70200 1.62653 1.44866 1.38891 1.48381 1.55282 1.65091 1.59037 1.57148 1.53052 1.56062 1.66270 1.70979 1.07368 1.14091 1.20458 1.51542 1.50292 1.51365 1.24755 1.08398 1.08103 1.08961 1.09708 1.01198 0.976085 0.984604 0.992957 1.00155 1.00990 1.01844 1.02670 1.03177 1.04362 1.08783 1.13671 1.18758 1.15174 1.17655 1.18148 1.17101 1.17791 1.18528 1.19735 1.21014 1.20601 1.20488 1.30290
2.26109 2.33067 2.36308 2.32000 2.32264 2.19227 2.08558 1.98743 1.77397 1.70424 1.70121 1.70041 1.71223 1.71812 1.67109 1.65148 1.65436 1.62319 1.59370 1.55191 1.36194 1.28929 1.34143 1.36654 0.992129 1.05894 1.08059 1.07090 1.05638 1.17514 1.30088 1.40613 1.45056 1.47743 1.71470 1.67078 1.65409 1.46339 1.18817 1.16919 1.16418 1.15948 1.11794 1.03953 1.05278 1.06678 1.08156 1.09984 1.12755 1.15760 1.18567 1.19947 1.18155 1.00215 1.05873 1.05497 1.15754 1.18453 1.19114 1.19635 1.18851 1.17327 1.15138 1.12595 1.09907 1.11732
2.28803 2.35070 2.24266 2.07137 1.94905 1.79608 1.68957 1.67748 1.70776 1.71520 1.70371 1.67868 1.67921 1.67124 1.62800 1.57451 1.57577 1.57140 1.57926 1.57137 1.49875 1.41379 1.41376 1.46308 0.850092 0.891174 0.945255 0.902677 0.851095 1.02202 1.20352 1.26116 1.32968 1.36378 1.68559 1.67306 1.63728 1.53772 1.26219 1.25836 1.27692 1.27119 1.30945 1.17524 1.20090 1.22689 1.21153 1.21076 1.21139 1.21739 1.23536 1.25367 1.27198 1.08753 1.10617 1.11762 1.02535 1.01045 0.971939 0.926449 0.896354 0.880718 0.864969 0.848773 0.824675 0.809197
1.89642 1.82169 1.81083 1.79596 1.79263 1.71014 1.60681 1.57237 1.59345 1.59826 1.62173 1.60927 1.62411 1.64333 1.64375 1.59765 1.61577 1.60742 1.61521 1.60334 1.57515 1.53027 1.51017 1.51736 1.47119 0.943004 0.944968 0.902416 0.841809 1.07465 1.25467 1.29648 1.38580 1.38452 1.34049 1.56095 1.58301 1.61166 1.52835 1.52907 1.58250 1.51447 1.52862 1.41931 1.38839 1.39856 1.31116 1.26115 1.27945 1.29177 1.29210 1.29210 1.29210 1.14148 1.08850 1.12690 0.926645 0.852810 0.834713 0.809448 0.801075 0.801075 0.801625 0.809039 0.809151 0.809151
1.69939 1.64692 1.58727 1.58162 1.56410 1.52354 1.52109 1.50814 1.54409 1.59587 1.63197 1.64351 1.66418 1.67657 1.68016 1.63670 1.64560 1.62108 1.59122 1.56391 1.56374 1.52440 1.51257 1.49313 1.42340 0.878341 0.820173 0.798633 0.748554 0.970382 1.09374 1.17725 1.26130 1.69741 1.68410 1.48330 1.43016 1.55559 1.63353 1.61255 1.63236 1.45571 1.36616 1.35539 1.44812 1.45261 1.39212 1.29210 1.29210 1.29409 1.30469 1.31736 1.33150 1.22708 1.07341 1.14230 0.965712 0.801075 0.801075 0.801075 0.801075 0.801075 0.801075 0.807080 0.809151 0.809151
1.63860 1.66685 1.63856 1.63429 1.63186 1.60425 1.62536 1.62925 1.68558 1.72718 1.76088 1.76944 1.76544 1.76826 1.75710 1.70084 1.67586 1.63900 1.54443 1.51130 1.51038 1.49715 1.49561 1.46832 1.40733 0.848082 0.805999 1.75422 1.78816 1.52089 1.54034 1.55637 1.60514 1.60580 1.62935 1.50385 1.37989 1.44241 1.40437 1.34138 1.22291 1.19278 1.18334 1.23181 1.45689 1.47221 1.46015 1.33375 1.34987 1.36459 1.36607 1.36607 1.36607 1.32377 1.06230 1.13155 1.03305 0.801075 0.801075 0.801075 0.801075 0.801075 0.801075 0.804769 0.809151 0.809151
1.69982 1.75576 1.75036 1.74691 1.74175 1.68880 1.70183 1.71086 1.77369 1.73205 1.75574 1.74711 1.71551 1.71377 1.70850 1.67031 1.65747 1.64881 1.56252 1.52904 1.53414 1.51136 1.45458 1.39234 1.34453 1.69172 1.73843 1.80111 1.88520 1.72159 1.68125 1.53471 1.54297 1.47480 1.40057 1.15604 1.02714 1.14640 1.21734 1.30580 1.21163 1.20521 1.20059 1.20718 1.50649 1.54822 1.54513 1.37407 1.36607 1.36607 1.36607 1.36607 1.36607 1.36607 1.09626 1.10591 1.09052 0.801075 0.801075 0.801075 0.801075 0.801336 0.827367 0.875842 0.938319 1.01098
1.86508 1.87788 1.83029 1.78350 1.77403 1.72258 1.75220 1.73709 1.80093 1.72948 1.74638 1.74637 1.72830 1.71478 1.70455 1.67379 1.62637 1.60035 1.51679 1.43897 1.42517 1.40807 1.35216 1.38356 1.36101 1.66009 1.83274 1.88354 1.89812 1.66908 1.58083 1.35268 1.28992 1.30778 1.28898 1.09479 1.08868 1.20996 1.26211 1.36646 1.20614 1.15933 1.15940 1.15130 1.31008 1.42341 1.41517 1.26992 1.12903 1.11632 1.10358 1.09083 1.07812 1.06534 0.912732 0.856603 0.883717 0.988798 1.06634 1.15465 1.26166 1.35394 1.34293 1.27493 1.62950 1.75728
1.91343 1.92775 1.89943 1.81662 1.79670 1.73948 1.77637 1.77456 1.83942 1.76657 1.74283 1.72346 1.67543 1.60528 1.55482 1.48331 1.54117 1.54988 1.52063 1.44174 1.47347 1.50620 1.40223 1.39866 1.33835 1.48827 1.78794 1.71768 1.77684 1.55770 1.52317 1.43367 1.23159 1.16382 1.20783 0.946921 0.932961 1.04672 1.15172 1.23692 1.10440 1.02990 1.04488 1.04488 1.12313 1.32537 1.32537 1.23131 1.00396 1.00396 1.00662 1.01889 1.03380 1.05112 1.07153 1.09236 1.09071 1.27803 1.31463 1.24658 1.17900 1.15205 1.15205 1.15205 1.49747 1.76102
1.88253 1.91381 1.91204 1.82040 1.80238 1.77182 1.83404 1.80811 1.87507 1.81374 1.62290 1.57478 1.53657 1.47857 1.49825 1.50263 1.61983 1.67887 1.68366 1.60480 1.59585 1.58377 1.43609 1.34689 1.26610 1.29789 1.71589 1.68408 1.71355 1.54856 1.52318 1.48505 1.25617 1.09232 1.12532 0.938406 0.896043 0.980756 1.12575 1.20692 1.10985 1.01930 1.02990 1.02990 1.03789 1.31041 1.35122 1.31950 1.05392 1.07482 1.09394 1.09541 1.08030 1.04636 1.01236 0.978365 0.949050 1.03449 1.15205 1.15205 1.15205 1.15205 1.15205 1.15205 1.31628 1.76102
1.95508 1.98818 1.98070 1.92266 1.88026 1.83138 1.84549 1.82952 1.90208 1.91001 1.71471 1.66424 1.67869 1.60562 1.60382 1.59333 1.64149 1.70658 1.69003 1.57643 1.56981 1.57227 1.50716 1.37216 1.33217 1.21721 1.70877 1.67710 1.67813 1.52318 1.50078 1.54255 1.32370 1.17880 1.24099 1.11850 1.08615 1.19927 1.31548 1.35758 1.08771 0.977803 0.947751 0.946194 0.946494 1.20755 1.35004 1.37558 1.06623 1.03223 0.998188 0.964188 0.945296 0.945236 0.945236 0.945236 0.945236 0.996924 1.15205 1.15205 1.15205 1.15205 1.15205 1.15205 1.16698 1.72917
1.88026 1.86869 1.84242 1.80387 1.77326 1.76074 1.79015 1.85072 1.95989 1.96744 1.80574 1.66813 1.66189 1.60141 1.57811 1.56925 1.58724 1.68972 1.68763 1.62358 1.59525 1.59106 1.56048 1.36984 1.35644 1.22918 1.61809 1.66400 1.68103 1.57442 1.57123 1.62463 1.47282 1.26720 1.24675 1.12328 1.08368 1.12588 1.16698 1.19565 1.04133 0.939180 0.967464 0.974747 1.08791 1.24521 1.29275 1.30063 0.971694 0.945236 0.945236 0.945236 0.945236 0.945236 0.945236 0.945236 0.945236 0.967795 1.15205 1.15205 1.15205 1.15205 1.15205 1.15205 1.15205 1.56301
1.84824 1.87024 1.86129 1.83961 1.80708 1.78105 1.80977 1.81093 1.92999 1.93613 1.82536 1.62555 1.61737 1.57745 1.54910 1.53777 1.52222 1.61931 1.60468 1.58152 1.55759 1.54050 1.52576 1.30814 1.27825 1.26135 1.52757 1.71316 1.70603 1.60229 1.60200 1.60427 1.47356 1.23546 1.15592 1.08691 1.07292 1.08852 1.16911 1.23320 1.25950 1.26151 1.43084 1.48369 1.49258 1.59899 1.48447 1.44077 1.20212 1.10892 1.06479 1.04360 1.04358 0.995977 0.951264 0.862447 0.883144 0.884893 1.02963 1.03826 1.00033 1.00033 1.00033 1.00033 1.00033 1.15345
1.83886 1.82804 1.79581 1.76040 1.74688 1.71409 1.73422 1.73164 1.83479 1.89797 1.82868 1.59869 1.54496 1.51001 1.44694 1.44330 1.41732 1.50109 1.53460 1.52844 1.50921 1.49912 1.49912 1.38330 1.29788 1.30540 1.40772 1.43761 1.36940 1.29564 1.22182 1.17690 1.15154 1.11452 1.05450 1.10454 1.19244 1.26779 1.41068 1.48971 1.49927 1.42626 1.48890 1.44652 1.41032 1.38771 1.24250 1.20594 1.11756 1.02719 1.02719 1.04358 1.04358 1.01687 0.968890 0.862447 0.883144 0.883144 0.984481 1.03826 1.00033 1.00033 1.00033 1.00033 1.00033 1.03590
1.81848 1.78414 1.72534 1.69970 1.70615 1.68039 1.69744 1.69260 1.76184 1.83670 1.82124 1.60422 1.51674 1.50113 1.44842 1.45750 1.44591 1.51597 1.57894 1.60482 1.61186 1.63276 1.66278 1.62874 1.55260 1.56870 1.57426 1.30400 1.29374 1.24717 1.15331 1.19587 1.25693 1.30828 1.31787 1.33101 1.36321 1.35516 1.39984 1.42598 1.41290 1.35786 1.37408 1.39072 1.39798 1.40875 1.32474 1.22880 1.18010 1.05943 1.06448 1.07981 1.08518 1.07758 1.03616 0.953969 0.956862 0.962927 1.00982 1.03826 1.00033 1.00033 1.00033 0.998880 0.968551 0.926948
1.76518 1.74381 1.70144 1.67904 1.68962 1.67050 1.68923 1.69608 1.73066 1.81463 1.83748 1.69441 1.58667 1.60156 1.62567 1.60340 1.59281 1.65199 1.72046 1.73353 1.70224 1.68219 1.69038 1.66718 1.55806 1.56312 1.59666 1.41247 1.38781 1.42387 1.38672 1.37310 1.38487 1.39671 1.42714 1.41313 1.46129 1.45833 1.47585 1.51151 1.50888 1.53238 1.56289 1.60024 1.60024 1.58391 1.54808 1.33506 1.31816 1.19276 1.18960 1.19681 1.19855 1.16952 1.12589 1.08232 1.05596 1.05158 1.05158 1.04236 0.987837 0.951344 0.924419 0.898766 0.896856 0.903468
1.70369 1.68885 1.65873 1.62614 1.62684 1.63143 1.64199 1.67916 1.70296 1.81623 1.92135 1.89237 1.80973 1.81465 1.83029 1.78525 1.73167 1.71421 1.66110 1.64554 1.60661 1.57956 1.54298 1.49258 1.47153 1.42571 1.56944 1.63133 1.51206 1.49700 1.42135 1.39805 1.40673 1.41070 1.45246 1.43810 1.47125 1.46241 1.46336 1.50425 1.50888 1.51606 1.54537 1.57009 1.54711 1.52042 1.51220 1.33943 1.29357 1.22648 1.20384 1.21032 1.20769 1.17596 1.13481 1.09948 1.05775 0.988670 0.930795 0.903403 0.910861 0.914878 0.915715 0.909346 0.909346 0.909346
1.65756 1.65176 1.61172 1.53171 1.52896 1.68945 1.85136 1.93344 2.01515 2.09063 2.05935 1.99060 1.84852 1.80695 1.79082 1.69286 1.65947 1.64741 1.58828 1.55245 1.50407 1.45667 1.43546 1.44529 1.48601 1.50518 1.50241 1.69739 1.48769 1.47307 1.38821 1.46451 1.46928 1.45910 1.49923 1.52490 1.60100 1.63978 1.67822 1.75359 1.79183 1.75792 1.63737 1.66750 1.69299 1.67025 1.70857 1.50552 1.21985 1.19629 1.16331 1.14274 1.11965 1.08765 1.05489 1.03886 1.01796 0.932519 0.919572 0.915715 0.925267 0.925267 0.925267 0.915715 0.916479 0.920750
1.67662 1.72443 1.77529 1.85727 1.88701 1.95416 2.05483 2.08289 2.11086 2.09064 2.02008 1.93210 1.76904 1.73340 1.72346 1.60193 1.51368 1.46965 1.45622 1.46407 1.46256 1.44401 1.44609 1.44626 1.47567 1.50213 1.44390 1.72456 1.51966 1.52140 1.46497 1.57209 1.61152 1.64072 1.73116 1.77083 1.81685 1.78538 1.79343 1.84714 1.94363 2.03400 1.73880 1.67885 1.65481 1.62399 1.64223 1.51703 1.13639 1.10536 1.05764 1.06070 1.05704 1.05445 1.04572 1.03061 1.02537 0.945115 0.916891 0.915120 0.925316 0.929236 0.933162 0.942120 0.994625 1.04653
1.84693 1.88577 1.88361 1.89584 1.89557 1.90561 2.04806 2.06443 2.10867 2.10579 1.99497 1.81571 1.67323 1.59015 1.59680 1.53150 1.47257 1.46814 1.46914 1.47716 1.48570 1.49043 1.52358 1.55423 1.60910 1.66604 1.61736 1.76983 1.70685 1.62271 1.52043 1.64529 1.61587 1.57176 1.67706 1.75886 1.91518 1.99535 2.07395 2.08324 2.11259 2.11254 1.93016 1.66298 1.48411 1.42383 1.40044 1.39248 1.20796 1.14298 1.12622 1.16457 1.16677 1.18148 1.18230 1.05331 1.06356 1.02958 0.981545 1.00131 1.06196 1.10713 1.15228 1.32193 1.38137 1.48633
1.84964 1.89197 1.89834 1.87355 1.88227 1.88349 1.97889 1.97807 1.99523 1.99104 1.93338 1.75623 1.68088 1.57178 1.63478 1.61058 1.57221 1.59638 1.62733 1.66606 1.68967 1.71442 1.70077 1.67091 1.66001 1.65706 1.60307 1.66963 1.72860 1.66892 1.60310 1.77333 1.86533 1.91291 1.97046 2.11140 2.18855 2.16517 2.11012 2.02707 1.97681 1.91307 1.75628 1.55638 1.43464 1.45733 1.47156 1.49169 1.38876 1.24043 1.20123 1.23978 1.21858 1.21625 1.22400 1.12978 1.14473 1.17023 1.14465 1.15304 1.18751 1.19760 1.19147 1.49958 1.58896 1.72011
1.90580 1.94675 1.96098 1.90927 1.95205 1.98385 1.96255 1.98721 2.02184 2.02867 1.98048 1.81070 1.73744 1.74870 1.80297 1.76554 1.68087 1.67016 1.65666 1.64603 1.62885 1.62983 1.60154 1.51761 1.42109 1.31071 1.28766 1.18763 1.44241 1.78898 1.74241 1.91243 1.93380 1.88092 1.91272 1.93599 1.96361 1.89748 1.88380 1.87837 1.94249 1.96254 1.88780 1.65124 1.51158 1.49464 1.48102 1.48102 1.43111 1.22407 1.20063 1.27131 1.28203 1.46624 1.37428 1.30964 1.24007 1.24770 1.17673 1.19357 1.27996 1.28442 1.26137 1.38836 1.52404 1.63360
