High_resolution/powerplant/Shangrao/OMI_NO2_200909.asc
ncols      200
nrows      200
xllcorner       115.451
yllcorner       27.0350
cellsize     0.0166667
NODATA_Value      -999.000
[rows 29 to 57 of 168, columns 0 to 66 of 200]
   <       *       <      =*              2*                >*                   9*                  2*                  =*                  >*                  2*               2*              9*                 9*                  2*            ;*              ;*             
         ?*                  9*                      9*                    :*                 ;*            ;*               >*                   3*                 >*             2*                2*                   :*                  3*             <*                 3*                   2*              
=*                 >*            <*                  :*                    ;*                  8*                   9*        *        ?      *        ?     *        :     *       2     *      =      *       
 *        ?      *        >     *        >      *       3      *        ;       *         :       *        9    *        3     ?*                    8*                        9*                  =*                    8*  
  <    *        8     *        9     <*                         ;*                     ?*                  9*                   8*                  9*                <*                  2*                 ?*               9*                  9*                 :*                 3*                  >*        
           9*                 9*                   8*                   >*                 >*                   >*              3*                  :*                    ?*                 :*               :*            >*         
         <*                   ?*                :*               :*             >*              >*                 ;*                  ;*                       <*                        <*      *    >      *     
;*                  ;*                       <*                    <*       *       >     *        ?      *     ?      *   55 6.18603 5.68754 7.23832 7.43606 7.43606 7.43606 7.43606 7.43606 7.43606 7.42605 7.40426 7.37425 7.33157 6.34751 5.98643 5.63766 5.10568 4.93150 4.93150 4.93150 4.93150 4.93150 4.93150 4.93150 4.92800 4.91577 4.21681 3.81966 3.70344 3.77468 3.86347 3.50503 3.45057 3.03955 3.03955 3.03955
1.06904 1.06904 1.06904 1.06904 1.06904 1.06904 1.06904 1.12625 1.43203 1.76659 3.66569 3.51925 3.51925 3.51925 3.51925 3.51925 3.51925 3.51925 3.51925 3.51925 3.51925 3.51925 3.51925 3.52541 3.55518 3.59455 3.64544 3.88453 3.87023 5.19693 5.42603 5.42596 5.36652 6.56131 7.43606 7.43606 7.42762 7.39407 7.35125 7.30837 7.27556 7.25448 7.24164 7.24150 6.59740 6.04954 5.66591 5.23055 4.93150 4.93150 4.93150 4.92753 4.87987 4.82007 4.76028 4.70623 4.58499 4.21509 3.68184 3.68184 3.71871 3.89571 3.58218 3.50212 3.09403 3.03955 3.02724
1.06904 1.06904 1.12625 1.43203 1.76659 2.10114 2.43570 2.71304 2.74182 2.74182 3.77186 3.52399 3.51925 3.51925 3.51925 3.51925 3.51925 3.51925 3.52541 3.55518 3.59455 3.64544 3.71377 3.78572 3.79176 3.79176 3.79176 3.79176 3.79176 4.83680 5.42603 5.42504 5.39018 5.93360 7.32807 7.28522 7.25083 7.24150 7.24150 7.24150 7.24150 7.24150 7.24150 7.24150 6.94636 6.08424 5.76726 5.37419 4.88435 4.82458 4.76478 4.70895 4.69682 4.69682 4.69682 4.69682 4.63870 4.46285 3.67705 3.64193 3.62172 3.86291 3.65432 3.34189 2.93691 2.68484 2.59278
2.10114 2.43570 2.71304 2.74182 2.74182 2.74182 2.74182 2.74182 2.74182 2.74182 3.79176 3.56420 3.51925 3.52541 3.55518 3.59455 3.64544 3.71377 3.78572 3.79176 3.79176 3.79176 3.79176 3.79176 3.79176 3.79176 3.78507 3.70053 3.64598 4.09970 5.53391 5.61554 5.63968 5.56551 7.12085 7.24150 7.24150 7.24150 7.24150 7.24150 7.24150 7.24150 7.24150 7.23882 7.14533 6.00140 5.63513 5.26361 4.70708 4.69682 4.69682 4.69682 4.69145 4.67107 4.64980 4.62849 4.59805 4.40625 3.72950 3.41197 3.29833 3.32145 3.22535 2.96158 2.79825 2.57610 2.57389
2.74182 2.74182 2.74182 2.74182 2.74182 2.74182 2.74182 2.74182 2.74182 2.74182 3.79176 3.71413 3.71377 3.78572 3.79176 3.79176 3.79176 3.79176 3.79176 3.79176 3.79176 3.78507 3.70053 3.61952 3.56956 3.62451 3.69314 3.79298 3.88718 3.90412 5.51152 5.69031 5.68847 5.54649 6.61180 7.24150 7.24150 7.24150 7.24150 7.24037 7.16522 7.04572 6.92604 6.80921 6.77213 6.03775 5.63769 5.27324 4.76028 4.64262 4.62131 4.60001 4.58259 4.53582 4.45748 4.26112 4.05085 3.75509 3.37600 3.09543 3.09543 3.14462 3.23099 2.93358 2.82823 2.49704 2.47913
2.74182 2.74182 2.74182 2.74182 2.74182 2.74182 2.74182 2.74182 2.74182 2.74182 3.79176 3.79176 3.79176 3.79176 3.79176 3.79176 3.78507 3.70053 3.61952 3.55922 3.51496 3.55673 3.65967 3.77197 3.87609 3.89766 3.89766 3.89766 3.89766 3.89766 5.01171 5.69031 5.69031 5.58434 6.07330 7.24131 7.17424 7.05469 6.93505 6.81663 6.77213 6.77213 6.77213 6.77213 6.77213 6.27127 5.56961 5.17345 4.77547 4.56752 4.45661 4.22250 4.01380 3.84071 3.69456 3.64863 3.58043 3.44411 3.22329 2.74407 2.66674 2.61336 2.66289 2.45460 2.32924 2.50404 2.51732
2.74182 2.74182 2.74182 2.74182 2.74182 2.74182 2.74182 2.74182 2.74182 2.74182 3.79176 3.79176 3.79176 3.70436 3.55922 3.51258 3.47720 3.52641 3.63862 3.75091 3.86107 3.89766 3.89766 3.89766 3.89766 3.89766 3.89766 3.89766 3.89766 3.89766 4.50562 5.69031 5.69031 5.57660 5.30583 6.75696 6.77213 6.77213 6.77213 6.77213 6.77213 6.77213 6.77213 6.77213 6.77213 6.63446 5.55743 5.08280 4.26862 3.71889 3.44518 3.27729 3.20505 3.13283 3.06057 3.00410 2.99579 2.98106 2.84868 2.47574 2.38806 2.38806 2.43587 2.30186 2.10679 2.26006 2.28668
2.74182 2.74182 2.74182 2.74182 2.74182 2.74182 2.74182 2.74182 2.74182 2.74182 3.79176 3.79176 3.79176 3.76357 3.61760 3.72986 3.84207 3.89766 3.89766 3.89766 3.89766 3.89766 3.89766 3.89766 3.89766 3.89766 3.89766 3.89766 3.89766 3.89766 4.02207 5.66790 5.69031 5.66841 5.09190 6.23292 6.77213 6.77213 6.77213 6.77213 6.77213 6.77213 6.76528 6.51977 6.15557 5.72953 4.52562 4.10360 3.48925 3.07557 3.04111 2.99602 2.99579 2.99579 2.99579 2.99579 2.99579 2.99579 2.86818 2.55706 2.27383 2.22122 2.19951 2.18601 1.98977 2.13744 2.28167
2.74182 2.74182 2.74182 2.74182 2.74182 2.74182 2.74182 2.73245 2.56225 2.39458 4.04453 4.26997 4.49448 4.64242 3.94571 3.89766 3.89766 3.89766 3.89766 3.89766 3.89766 3.89766 3.89766 3.89766 3.89766 3.89766 3.89766 3.89766 3.89766 3.89766 3.89766 5.28589 5.69031 5.69031 5.23095 5.69480 6.77213 6.77213 6.76956 6.54751 6.09355 5.56805 5.04894 4.76911 4.60735 4.50788 4.12626 3.85609 3.56027 3.06429 3.04379 3.00449 2.99579 2.99579 2.99889 3.01521 3.03302 3.05081 2.86159 2.54913 2.17555 2.17555 2.18470 2.21637 2.02211 2.07040 2.28167
2.74182 2.74182 2.74182 2.70017 2.50593 2.32678 2.10139 1.92330 1.80203 1.69182 4.64769 4.64769 4.64769 4.64769 4.08887 3.89766 3.89766 3.89766 3.89766 3.89766 3.89766 3.89766 3.89766 3.89766 3.89766 3.89766 3.89766 3.89766 3.89766 3.89766 3.89766 4.77983 5.69031 5.69031 5.41448 5.08713 5.93206 5.40539 4.88183 4.57855 4.50662 4.50662 4.50662 4.50662 4.50662 4.50662 4.31662 3.86262 3.67797 3.12419 3.04651 3.03738 3.03161 3.04941 3.06412 3.06561 3.06561 3.06561 2.99638 2.63453 2.23597 2.21306 2.25793 2.22644 2.08402 1.96937 2.16388
2.42283 2.15865 1.95483 1.80292 1.69072 1.60134 1.59318 1.59318 1.59318 1.59318 4.64769 4.64769 4.64769 4.64769 4.29543 3.89766 3.89766 3.89766 3.89766 3.89766 3.89766 3.89766 3.89766 3.89766 3.89766 3.89766 3.89766 3.89766 3.89766 3.90404 3.98825 4.35229 5.05339 4.78131 4.36930 4.02367 4.41369 4.50662 4.50662 4.50662 4.50662 4.50662 4.50662 4.50662 4.50662 4.50662 4.49581 3.92125 3.86522 3.26084 3.12277 3.11155 3.06561 3.06561 3.06561 3.07591 3.11748 3.16119 3.20500 2.88305 2.58952 2.35554 2.28838 2.07134 1.84777 1.64666 1.88306
1.60083 1.59318 1.59318 1.59318 1.59318 1.59318 1.59318 1.59318 1.59318 1.59318 4.64769 4.64769 4.64769 4.64769 4.58117 3.90770 3.89766 3.89766 3.89766 3.89766 3.89766 3.89766 3.89766 3.89766 3.90404 3.98825 4.09545 4.19021 4.25025 4.31807 4.28377 4.22132 4.22094 4.22106 4.22106 4.05474 4.27564 4.50662 4.50662 4.50662 4.50662 4.50662 4.50925 4.54209 4.58366 4.62519 4.66285 4.16531 3.96930 3.42317 3.15144 3.20198 3.18218 3.21933 3.26304 3.29483 3.26954 3.22385 3.14612 2.83390 2.45686 2.11414 2.11279 2.02005 1.83593 1.59201 1.72087
1.58111 1.59318 1.59318 1.59318 1.59318 1.59318 1.59318 1.59318 1.59318 1.59318 4.64769 4.64769 4.64769 4.64769 4.64769 4.01327 3.89766 3.89766 3.89766 3.90442 3.98932 4.09652 4.20372 4.30589 4.37652 4.35966 4.29798 4.22664 4.21965 4.21965 4.21965 4.21965 4.22056 4.22106 4.22106 4.10735 4.09895 4.50549 4.50822 4.53883 4.58037 4.62191 4.66085 4.66953 4.66349 4.53572 4.37656 4.20796 4.27689 3.92675 3.39855 3.37628 3.27491 3.20615 3.13030 3.05233 3.00015 2.96617 2.96275 2.83194 2.45237 2.02136 1.94463 1.85976 1.56476 1.45977 1.50390
1.56027 1.59318 1.59318 1.59318 1.59318 1.59318 1.59318 1.59318 1.59318 1.59318 0.00000 4.64769 4.64769 4.64769 4.64769 4.24351 4.09652 4.20372 4.31092 4.41016 4.40936 4.36865 4.31120 4.23528 4.21965 4.21965 4.21965 4.21965 4.21965 4.21965 4.21965 4.21965 4.22016 4.22106 4.22106 4.18780 4.12574 4.55579 4.65860 4.65262 4.50658 4.35075 4.21181 4.08703 3.97807 3.94869 3.94431 3.90855 4.15542 3.85012 3.24955 3.15548 3.11898 3.06767 3.03393 2.99858 2.96228 2.92496 2.88827 2.88331 2.43307 2.07763 1.90045 1.90045 1.61930 1.50032 1.45508
1.53937 1.59318 1.59318 1.59318 1.59318 1.59318 1.59318 1.59318 1.59318 1.59318 0.00000 4.64769 4.64769 4.64769 4.64769 4.58858 4.41555 4.37710 4.32341 4.24698 4.21965 4.21965 4.21965 4.21965 4.21965 4.21965 4.21965 4.21965 4.21965 4.21965 4.21965 4.21965 4.21977 4.22105 4.13826 3.79300 3.79700 3.97213 4.06665 3.96580 3.94869 3.94869 3.91906 3.81112 3.70916 3.61084 3.47741 3.39502 3.61283 3.53632 3.20015 3.03956 2.97883 2.89524 2.88920 2.88920 2.88920 2.88920 2.88920 2.88920 2.58496 2.23255 1.91549 1.92634 1.75932 1.59078 1.46780
1.52211 1.58958 1.59318 1.59318 1.59318 1.59318 1.59318 1.59318 1.59318 1.59318 0.00000 4.64769 4.64769 4.64769 4.64769 4.64570 4.21965 4.21965 4.21965 4.21965 4.21965 4.21965 4.21965 4.21965 4.21965 4.21965 4.21965 4.21965 4.21965 4.15545 3.95086 3.74927 3.27591 3.11904 3.01294 3.00362 3.24439 3.54539 3.87388 3.76569 3.66821 3.57556 3.46481 3.37439 3.26700 3.16544 3.11015 3.06464 3.23472 3.36197 3.07681 2.92688 2.92688 2.89956 2.88920 2.88920 2.88920 2.87442 2.83149 2.78784 2.65204 2.40781 1.95930 1.94435 1.85457 1.61988 1.48135
1.51677 1.57049 1.59318 1.59318 1.59318 1.59318 1.59458 1.60081 1.60852 1.61691 0.00000 0.00000 0.00000 0.00000 0.00000 0.00000 4.21965 4.21965 4.21965 4.21965 4.21965 4.21965 4.21965 4.21965 4.15545 3.95086 3.79456 3.67640 3.58394 3.52620 3.52294 3.52076 3.05316 3.00328 2.87411 2.77227 2.76759 3.04939 3.37865 3.32547 3.21811 3.11481 3.05677 3.03642 3.03642 3.03642 3.03642 3.03642 3.13510 3.39156 3.16278 2.92688 2.92688 2.89852 2.83484 2.79119 2.74758 2.71870 2.71801 2.71801 2.70900 2.44453 2.08690 1.94201 1.88749 1.64720 1.57133
1.45700 1.54961 1.59605 1.60217 1.60719 1.61717 1.63735 1.63973 1.63973 0.00000 0.00000 0.00000 0.00000 0.00000 0.00000 0.00000 4.21965 4.21965 4.21965 4.15367 3.94905 3.79321 3.67536 3.58332 3.52620 3.52294 3.52294 3.52294 3.52294 3.52294 3.52294 3.52294 3.21944 3.21229 2.49888 2.37553 2.29966 2.67343 2.91182 3.03642 3.03642 3.03642 3.03642 3.03642 3.03642 3.03642 3.03642 3.03642 3.04854 3.36728 3.21206 2.84018 2.78861 2.75204 2.71802 2.71801 2.71801 2.71801 2.70745 2.65964 2.60872 2.36446 2.02616 1.67532 1.64311 1.64270 1.58688
1.19636 1.09404 1.63404 1.63973 0.00000 0.00000 0.00000 0.00000 0.00000 0.00000 0.00000 0.00000 0.00000 0.00000 0.00000 2.82624 2.95682 3.66625 3.58311 3.52599 3.52294 3.52294 3.52294 3.52294 3.52294 3.52294 3.52294 3.54579 3.80851 4.13488 4.46011 4.78436 4.91081 4.60124 2.40046 2.20319 2.20319 2.50679 2.81128 3.03642 3.03642 3.03642 3.03642 3.03642 3.03642 3.02728 2.97930 2.92691 2.87457 3.08921 3.12642 2.80528 2.75569 2.73103 2.64851 2.59141 2.54036 2.48944 2.44684 2.42305 2.38611 2.22727 1.94924 1.59843 1.60178 1.61063 1.60875
0.718105 0.718105 0.718105 0.00000 0.00000 0.00000 0.00000 0.00000 0.00000 0.00000 0.00000 0.00000 0.00000 0.00000 0.00000 2.82624 2.82624 3.41551 3.52294 3.52294 3.52294 3.52294 3.54840 3.81504 4.13864 4.46451 4.79088 5.09229 5.15478 5.15478 5.15478 5.15478 5.11724 4.64074 3.02266 2.20319 2.20319 2.32845 2.73251 3.01223 3.03642 3.02950 2.98332 2.93094 2.87860 2.83536 2.83100 2.83034 2.81591 2.92056 3.00257 2.64710 2.50981 2.48343 2.45740 2.40918 2.37409 2.31960 2.26763 2.23667 2.22228 2.20694 1.97450 1.75815 1.76186 1.85404 1.95367
0.718105 0.718105 0.718105 0.00000 0.00000 0.00000 0.00000 0.00000 0.00000 0.00000 0.00000 0.00000 0.00000 0.00000 0.00000 0.00000 2.82624 3.29177 3.81831 4.14467 4.47072 4.79415 5.09506 5.15478 5.15478 5.15478 5.15478 5.15478 5.15478 5.15478 5.15478 5.15478 5.15478 4.74999 3.77164 2.21760 2.20319 2.20432 2.62420 2.81836 2.88263 2.83717 2.82920 2.81260 2.79275 2.77290 2.75304 2.73384 2.72841 2.75096 2.87564 2.68973 2.56642 2.58766 2.55390 2.40815 2.43636 2.50786 2.58037 2.64843 2.71456 2.77819 2.63299 2.46846 2.33060 2.33074 2.34497
0.718105 0.718105 0.718105 0.00000 0.00000 0.00000 0.00000 0.00000 0.00000 0.00000 0.00000 0.00000 0.00000 0.00000 0.00000 0.00000 2.82624 3.47654 5.15478 5.15478 5.15478 5.15478 5.15478 5.15478 5.15478 5.15478 5.15478 5.15478 5.15478 5.15478 5.15478 5.15478 5.15478 4.89685 4.39834 2.27090 2.20319 2.19734 2.34227 2.54239 2.76955 2.74968 2.73168 2.72841 2.72841 2.73447 2.75227 2.77037 2.78001 2.76240 2.84508 2.91585 2.91245 2.94789 2.97676 2.83760 2.85252 2.85554 2.85554 2.85554 2.85554 2.85554 2.74993 2.56494 2.32074 2.30427 2.29803
