High_resolution/powerplant/Shangrao/OMI_NO2_200705.asc
ncols      200
nrows      200
xllcorner       115.451
yllcorner       27.0350
cellsize     0.0166667
NODATA_Value      -999.000
[rows 29 to 57 of 200, columns 0 to 66 of 200]
0.00000 0.00000 0.00000 3.50142 2.91432 3.03930 3.03930 3.61875 3.90836 3.91915 3.92753 3.93589 3.94426 3.95263 3.95984 3.96077 3.96077 3.96077 3.92233 4.36733 4.88994 5.10181 5.10181 5.10181 5.10181 5.06079 5.04612 5.04712 5.18423 5.19306 5.38145 5.82785 5.88081 5.88081 6.00805 5.51407 5.53492 5.72760 5.83234 5.95015 6.06065 6.14782 6.23351 6.31900 6.40442 6.49195 6.58053 6.60599 6.62678 6.57366 5.02103 4.56270 4.40874 4.22120 4.19577 4.17027 4.14489 4.11942 3.31356 3.12519 3.09976 3.07436 3.05485 3.05360 3.05360 3.03965 2.73882
0.00000 0.00000 0.00000 3.50142 2.94120 3.03854 3.03930 3.48179 3.91559 3.96077 3.96077 3.96077 3.96077 3.96077 3.96077 3.96077 3.96077 3.96077 3.94902 4.12224 4.84638 5.07389 5.10181 5.10181 5.10181 5.07429 5.04612 5.04612 5.15395 5.20296 5.30003 5.78969 5.94318 5.96068 6.41220 6.48356 6.51758 6.65912 6.62513 6.59297 6.56801 6.56634 6.57892 6.59971 6.60173 6.57701 6.53684 6.49305 6.44918 6.40543 5.13315 4.38186 4.27960 4.00505 4.00784 4.01063 4.01344 4.01623 3.54329 3.07847 3.08126 3.08405 3.08686 3.08965 3.09244 3.09523 2.81333
0.00000 0.00000 0.00000 3.50142 3.07905 3.01327 3.03930 3.34756 3.85426 3.96077 3.96077 3.96077 3.96077 3.96077 3.96077 3.96077 3.96077 3.96077 3.96077 3.91198 4.82761 5.01669 5.13015 5.14472 5.15930 5.16268 5.15010 5.16760 5.26140 5.35523 5.41870 5.91325 6.24007 6.30779 6.73327 7.17140 6.86248 6.65690 6.53092 6.51900 6.50752 6.49594 6.47183 6.43966 6.42618 6.43758 6.44911 6.46061 6.47218 6.48377 5.53623 4.49400 4.39072 4.09181 4.06402 4.06402 4.06402 4.06402 3.89297 3.12067 3.12067 3.12067 3.12067 3.12067 3.12067 3.12067 2.92278
0.00000 0.00000 0.00000 3.50142 3.34338 2.96423 3.03930 3.19947 3.78754 3.96077 3.96077 3.96161 3.96949 3.97886 3.98839 3.99778 4.00730 4.01669 4.02624 4.03381 4.82841 5.14550 5.32513 5.33563 5.37797 5.43463 5.51147 5.55652 5.64445 5.78858 5.75972 5.98430 6.37780 6.34292 6.41220 7.19603 6.73483 6.65791 6.49566 6.49604 6.49604 6.49604 6.49604 6.49604 6.49604 6.49604 6.49604 6.49604 6.49604 6.49604 5.92560 4.58826 4.39279 4.17955 4.06402 4.06402 4.06402 4.06402 4.06336 3.25491 3.12067 3.12067 3.12067 3.13344 3.17485 3.21729 3.14468
0.00000 0.00000 0.00000 0.00000 3.50170 2.95655 3.03995 3.06171 3.85941 4.11036 4.11984 4.12843 4.13007 4.13009 4.13009 4.13009 4.13009 4.13009 4.12681 4.12055 4.59750 4.99040 5.48940 5.53205 5.53476 5.52353 5.53424 5.54757 5.58558 5.77481 5.79655 5.91297 6.31667 6.33740 6.35552 7.23548 6.78585 6.74637 6.49771 6.49604 6.49604 6.49604 6.49604 6.49604 6.49604 6.49604 6.49604 6.49604 6.49604 6.49604 6.31229 4.68368 4.39279 4.26941 4.06402 4.06402 4.06402 4.06402 4.06402 3.56241 3.16405 3.17121 3.16804 3.15216 3.10766 3.06205 2.99763
0.00000 0.00000 0.00000 0.00000 3.51147 3.23155 3.59998 3.62628 4.23484 4.53841 4.57520 4.60936 4.64580 4.66974 4.67722 4.68465 4.69192 4.69927 4.71018 4.72992 4.92875 5.36512 5.88273 6.03248 6.03248 6.03248 6.10717 6.16293 6.16293 6.32519 6.34778 6.34987 6.36053 6.35804 6.35804 6.99974 6.92069 6.76998 6.54974 6.49604 6.49604 6.49604 6.49604 6.49604 6.49604 6.49604 6.49604 6.49604 6.49604 6.49604 6.49579 4.97321 4.40173 4.35847 4.06407 4.02758 3.86671 3.66461 3.46234 3.24277 3.02466 3.01319 3.01197 3.01075 3.00953 3.00831 3.00709
0.00000 0.00000 0.00000 0.00000 3.51147 3.32174 4.14109 4.12447 4.50201 4.80539 4.82653 4.79981 4.77079 4.75448 4.75442 4.75442 4.75442 4.75442 4.75422 4.74780 4.78128 5.35496 5.71453 6.08128 6.09260 6.10429 6.13571 6.16293 6.16293 6.28559 6.34778 6.34778 6.33078 6.35804 6.35804 6.73964 7.07998 6.76998 6.62553 6.49604 6.49604 6.49604 6.49604 6.49604 6.49604 6.49604 6.49604 6.49604 6.49604 6.47827 6.41042 5.23462 4.24296 3.94899 3.47616 3.25309 3.21063 3.20941 3.20820 3.20648 3.02775 3.00454 3.00454 3.00454 3.00454 3.00454 3.01483
0.00000 0.00000 0.00000 0.00000 3.51147 3.44055 4.10227 3.99025 4.23315 4.67799 4.72556 4.71527 4.70466 4.69371 4.68237 4.67068 4.65858 4.64606 4.63340 4.62925 4.63860 5.21073 5.53547 6.16293 6.16293 6.16293 6.16293 6.16293 6.16293 6.24598 6.34778 6.34778 6.29762 6.35804 6.35804 6.47970 7.23887 6.76998 6.70119 6.49604 6.49604 6.48323 6.43825 6.38493 6.29589 6.20148 6.10723 6.01282 5.88306 5.65843 5.47541 4.73329 3.71356 3.53093 3.35122 3.20724 3.20724 3.23048 3.27669 3.32495 3.25126 3.20401 3.25403 3.30660 3.36192 3.42005 3.46531
0.00000 0.00000 0.00000 0.00000 0.00000 3.51147 4.08263 3.97831 4.07441 4.62925 4.62925 4.62925 4.62925 4.62925 4.62925 4.62925 4.62925 4.62925 4.62925 4.62925 4.63490 5.03298 5.37058 6.10398 6.16293 6.16293 6.16293 6.16293 6.16293 6.20638 6.34778 6.34778 6.28445 6.35149 6.38430 6.39839 7.10506 6.54525 6.45461 6.10140 5.99263 5.91108 5.86170 5.82068 5.80472 5.67898 5.52248 5.36586 5.23541 5.21102 5.19504 4.88484 3.82364 3.87146 3.83314 3.62287 3.68857 3.72117 3.71520 3.70457 3.63196 3.42992 3.41929 3.40868 3.39805 3.38742 3.37682
0.00000 0.00000 0.00000 0.00000 0.00000 3.51147 4.11426 4.00610 3.97856 4.57779 4.62925 4.62925 4.62925 4.62925 4.62925 4.62925 4.62925 4.62925 4.62925 4.62925 4.63118 4.85529 5.36209 5.88864 6.16669 6.18026 6.19435 6.20844 6.22252 6.24375 6.43240 6.44966 6.43471 6.33525 6.38451 6.34251 6.63313 6.26902 6.10677 5.87039 5.74897 5.63354 5.45066 5.26768 5.09559 5.03823 5.01181 4.98544 4.96831 4.95789 4.94747 4.87773 3.69202 3.91160 3.88942 3.50192 3.47906 3.46843 3.46379 3.46379 3.46106 3.23292 3.21043 3.21043 3.21043 3.21043 3.21043
0.00000 0.00000 0.00000 0.00000 0.00000 3.51147 3.91840 4.13678 3.97831 4.45424 4.62925 4.62925 4.62925 4.62925 4.62925 4.62925 4.61281 4.57159 4.52115 4.46906 4.41707 4.66873 5.38447 5.69741 6.19361 6.18168 6.16873 6.12863 6.07431 6.01980 6.11896 6.09819 6.04669 5.81209 6.01644 5.99552 6.21425 6.07933 5.58213 5.28431 4.94679 4.87915 4.87915 4.87915 4.87915 4.87915 4.87915 4.87915 4.87915 4.87915 4.87915 4.87915 3.86014 3.80137 3.86841 3.57130 3.46379 3.46379 3.46379 3.46379 3.46379 3.31185 3.21043 3.21043 3.21043 3.21043 3.11704
4.75710 4.75710 4.75710 4.75710 4.75710 4.73349 3.89317 4.33980 4.04340 4.23020 4.39366 4.34168 4.28964 4.23768 4.18569 4.13355 4.09808 4.08714 4.08573 4.08573 4.08573 4.38715 5.22638 5.56255 5.89858 5.84054 5.78071 5.74870 5.73179 5.71392 5.83910 5.92813 5.91717 5.61747 5.74750 5.56215 5.45942 5.65177 5.19272 5.14713 4.87915 4.87915 4.87915 4.87915 4.87915 4.87915 4.87915 4.87915 4.87915 4.87915 4.87915 4.87915 4.14903 3.72502 3.86841 3.68200 3.46379 3.46379 3.46379 3.46379 3.46379 3.39359 3.15046 2.96002 2.74559 2.52179 2.39125
4.75710 4.75710 4.75710 4.75710 4.75710 4.75710 3.73501 3.98781 3.70039 3.75904 3.95377 3.94500 3.93604 3.92721 3.91200 3.88595 3.88574 3.92475 3.96700 4.01311 4.06354 4.32202 5.06537 5.49806 5.38959 5.36330 5.35234 5.34134 5.33034 5.31926 5.39953 5.54459 5.54459 5.49747 5.28973 5.22346 5.22386 5.76571 5.19732 5.19269 4.92023 4.87915 4.87915 4.87915 4.87915 4.87915 4.87915 4.87915 4.87915 4.87915 4.87915 4.87915 4.43802 3.65651 3.86841 3.79274 3.46379 3.46378 3.43785 3.33704 3.22604 3.10383 2.38714 2.29246 2.22854 2.17227 2.11584
4.75710 4.75710 4.75710 4.75710 4.75710 4.75710 3.84476 3.66242 3.50620 3.45605 3.69546 3.72136 3.76385 3.81011 3.86773 3.94373 3.99206 3.99246 3.99246 3.99246 3.99246 4.07266 4.76486 5.38901 5.33670 5.30366 5.30366 5.30366 5.30366 5.30366 5.34348 5.54459 5.54459 5.51768 5.35914 5.22346 5.22346 5.65961 5.30002 5.19272 5.00687 4.87915 4.87915 4.87915 4.87915 4.87915 4.87915 4.87915 4.87915 4.87915 4.87915 4.87915 4.68684 3.63367 3.83145 3.71649 3.10383 2.88560 2.74413 2.67760 2.62133 2.56495 2.07122 1.77704 1.77521 1.77521 1.77521
4.19791 4.00216 3.83969 3.70259 3.58567 3.48300 3.30218 3.28765 3.55595 3.57070 3.90616 3.99246 3.99246 3.99246 3.99246 3.99246 3.99246 3.99246 3.99246 3.99246 3.99246 3.99291 4.54103 5.37995 5.36130 5.30366 5.30366 5.30366 5.30366 5.30366 5.30563 5.53110 5.54459 5.53580 5.42703 5.23313 5.22346 5.49686 5.45440 5.19272 5.09354 4.87915 4.87915 4.87915 4.87915 4.84935 4.77905 4.70753 4.63582 4.56398 4.49221 4.39351 4.22669 3.11620 3.03378 3.03251 2.66919 2.46606 2.46606 2.46606 2.46606 2.46606 2.25092 1.77521 1.77521 1.77521 1.77521
3.42259 3.41629 3.41054 3.40565 3.40143 3.39811 3.39434 3.19610 3.60503 3.65303 3.85699 3.99246 3.99246 3.99246 3.99246 3.99246 3.99246 3.99246 3.99246 3.99246 3.99246 3.99246 4.36003 5.19456 5.38578 5.30634 5.30366 5.30366 5.30366 5.30366 5.30366 5.48147 5.54459 5.54459 5.44752 5.28648 5.21652 5.29159 5.44184 4.96276 4.87423 4.51230 4.43602 4.36419 4.29247 4.25050 4.24895 4.23636 4.17600 4.11081 4.04560 4.00889 4.03648 3.25056 2.99399 3.03251 2.82328 2.46606 2.46606 2.46606 2.46606 2.46606 2.44170 1.80659 1.77521 1.77588 1.78049
3.39785 3.39760 3.39760 3.39760 3.39760 3.39760 3.39760 3.14722 3.58547 3.64960 3.78347 3.99246 3.99246 3.99246 3.99246 3.99246 3.99246 3.99246 3.99246 3.99246 3.99246 3.99246 4.22078 4.97015 5.38901 5.32372 5.30366 5.30366 5.28756 5.25735 5.22714 5.32329 5.40767 5.37749 5.23344 5.05866 4.85609 4.74669 4.71792 4.21815 4.13075 4.21223 4.24885 4.26025 4.22865 4.17993 4.12863 4.08856 4.10151 4.12059 4.14083 4.16010 4.14478 3.62708 3.10220 3.10748 3.05627 2.55317 2.55686 2.56213 2.56739 2.57268 2.57799 2.12154 1.89770 1.90230 1.90296
3.39760 3.39760 3.39760 3.39760 3.39760 3.39760 3.39760 3.20947 3.50606 3.63155 3.70992 3.99246 3.99246 3.99246 3.99246 3.99246 3.99246 3.99246 3.99246 3.99303 4.00458 4.02030 4.11244 4.64545 5.15748 5.07610 5.01402 4.95611 4.91413 4.88615 4.79621 4.72606 4.72890 4.59235 4.24757 3.83251 3.97037 3.95014 4.01897 3.90499 3.86509 3.89102 3.92248 3.84757 3.82883 3.82883 3.82883 3.82883 3.82883 3.82883 3.82883 3.82883 3.82883 3.69644 3.17910 3.16026 3.16026 2.69294 2.59381 2.59381 2.59381 2.59381 2.59381 2.35428 1.90296 1.90296 1.90296
3.39760 3.39760 3.39760 3.39760 3.39760 3.39760 3.39029 3.28645 3.37539 3.57338 3.59572 3.81750 3.81068 3.79837 3.78647 3.77430 3.76222 3.75022 3.73807 3.72555 3.70181 3.67413 3.64670 3.82604 4.37032 4.34800 4.32402 4.21561 4.10721 3.99910 3.95270 3.96858 4.11457 4.11461 3.96449 3.52743 3.69635 3.69305 3.67360 3.67359 3.63500 3.67652 3.82883 3.82883 3.82883 3.82883 3.82883 3.82883 3.82883 3.82883 3.82883 3.82883 3.82883 3.76964 3.25671 3.16026 3.16026 2.84730 2.59381 2.59381 2.59381 2.59381 2.59381 2.55674 1.92276 1.92836 1.97551
3.20636 3.18817 3.16980 3.15008 3.05936 2.93852 2.83361 2.74411 3.12002 3.44165 3.46275 3.50385 3.50707 3.49167 3.47620 3.46074 3.44488 3.42936 3.41101 3.39092 3.37092 3.35254 3.33583 3.42372 3.75532 3.81494 3.64727 3.61020 3.59473 3.57932 3.56352 3.54806 3.67589 3.67903 3.64366 3.52743 3.51328 3.49155 3.51852 3.63500 3.63500 3.63707 3.81499 3.82883 3.82883 3.82883 3.82883 3.82883 3.82883 3.82883 3.82883 3.82883 3.82883 3.82442 3.35277 3.16026 3.16026 3.00137 2.59381 2.59381 2.59381 2.55118 2.40956 2.26403 2.08277 2.08719 2.08825
2.73069 2.61371 2.54154 2.47507 2.45258 2.45258 2.45258 2.45258 2.82659 3.07213 3.01207 3.02574 3.04919 3.04537 3.05085 3.06039 3.06911 3.07722 3.08702 3.09344 3.09354 3.09354 3.09354 3.15621 3.41575 3.57014 3.46629 3.39642 3.39642 3.39642 3.39642 3.39642 3.50536 3.55832 3.55830 3.53070 3.52545 3.49261 3.49282 3.62560 3.63500 3.63500 3.76374 3.82883 3.82883 3.82883 3.82883 3.82883 3.82883 3.82883 3.82883 3.82883 3.82883 3.82883 3.49916 3.13491 3.02437 2.86910 2.45259 2.31219 2.16871 2.06777 2.06585 2.06791 2.08227 2.10447 2.10652
2.68449 2.45258 2.45540 2.46151 2.46761 2.47372 2.47982 2.48592 2.70628 3.03812 2.99125 3.03343 3.07984 3.09020 3.09354 3.09354 3.09354 3.09354 3.09354 3.09354 3.09354 3.09354 3.09354 3.11931 3.33769 3.57014 3.51466 3.39642 3.39642 3.39642 3.39642 3.39642 3.47091 3.55832 3.55832 3.53791 3.52743 3.50097 3.49155 3.59184 3.63500 3.63500 3.71046 3.82883 3.82883 3.82883 3.82883 3.82883 3.82864 3.80140 3.67549 3.52212 3.36874 3.21259 2.77274 2.27126 2.11967 1.99158 2.04808 2.07535 2.07535 2.07535 2.07535 2.07535 2.07773 2.10725 2.10780
2.75391 2.51154 2.49960 2.49212 2.45443 2.41357 2.37266 2.33180 2.38624 2.89134 2.92744 3.05173 3.09350 3.09354 3.09354 3.09354 3.09354 3.09354 3.09354 3.09354 3.09354 3.09354 3.09354 3.09429 3.25604 3.56928 3.55998 3.39940 3.39642 3.39642 3.39642 3.39642 3.43641 3.55832 3.55832 3.54434 3.52743 3.51231 3.49155 3.55677 3.62097 3.58509 3.57122 3.70639 3.61544 3.46193 3.30849 3.15501 3.00160 2.87552 2.78966 2.64384 2.49725 2.35305 2.19228 1.97293 1.97208 1.97208 2.01995 2.07535 2.07535 2.07535 2.07535 2.07535 2.07535 2.09923 2.10780
2.69030 2.45241 2.32539 2.29198 2.28880 2.28880 2.28880 2.28880 2.29307 2.84882 2.88420 3.04321 3.08747 3.09354 3.09354 3.09354 3.09354 3.09354 3.09354 3.09354 3.09354 3.09354 3.09354 3.09354 3.19530 3.50927 3.57014 3.43754 3.39642 3.39642 3.39642 3.39637 3.40312 3.55444 3.55532 3.54564 3.52056 3.51664 3.48978 3.48945 3.38326 3.42090 3.46284 2.99265 2.84779 2.84779 2.82153 2.68668 2.54004 2.39212 2.29246 2.27850 2.26538 2.25223 2.19569 1.88519 1.87054 1.85766 1.86451 1.93510 1.92225 1.90933 1.89642 1.88350 1.87056 1.87114 1.87721
2.59560 2.44997 2.28880 2.28880 2.28880 2.28880 2.28880 2.28880 2.28880 2.71584 2.88610 3.00289 3.07755 3.09354 3.09354 3.09354 3.09354 3.09354 3.09354 3.09354 3.09354 3.09354 3.09354 3.08894 3.14332 3.41916 3.56671 3.48138 3.39084 3.38847 3.37973 3.37014 3.36141 3.48575 3.53606 3.56260 3.57694 3.62905 3.60257 3.56684 3.34369 3.31535 3.28858 2.75236 2.37812 2.21841 2.08483 2.05994 2.04674 2.03494 2.03296 2.03296 2.03296 2.03296 2.03241 1.69249 1.66014 1.66014 1.66071 1.75450 1.76340 1.76340 1.76340 1.76340 1.76340 1.76670 1.79563
2.59560 2.51387 2.28880 2.28880 2.28880 2.28880 2.28880 2.28880 2.28880 2.55736 2.90310 2.95336 3.05583 3.07919 3.07236 3.06034 3.03196 3.00253 2.97313 2.94362 2.91423 2.88471 2.85537 2.83040 2.88305 3.23142 3.43232 3.39435 3.27002 3.29223 3.32446 3.36114 3.40224 3.46006 3.48348 3.48334 3.40828 3.39972 3.39720 3.29383 2.93916 2.68271 2.49639 2.30290 2.03296 2.03296 2.03296 2.03296 2.03296 2.03296 2.03296 2.03296 2.03296 2.03296 2.03296 1.77032 1.66019 1.66014 1.66014 1.72694 1.76340 1.76340 1.76340 1.76340 1.76340 1.76340 1.78849
2.51506 2.47353 2.14825 2.12797 2.10806 2.08799 2.06791 2.05654 2.08021 2.18912 2.60137 2.55661 2.71118 2.82955 2.80692 2.78894 2.78315 2.77804 2.77291 2.76776 2.76258 2.76038 2.79001 2.85295 2.92286 3.35142 3.57579 3.61539 3.34342 3.30355 3.29482 3.28624 3.27770 3.29263 3.32031 3.31155 3.35703 3.39972 3.32905 2.67855 2.56383 2.44941 2.44941 2.42652 2.04164 2.03296 2.03296 2.03296 2.03296 2.03296 2.03296 2.03296 2.03296 2.03296 2.03296 1.84808 1.66086 1.66014 1.66014 1.69886 1.76340 1.76340 1.76340 1.76341 1.77055 1.78633 1.78647
2.36721 2.40524 2.15043 2.14602 2.19352 2.24106 2.28866 2.32764 2.33139 2.33026 2.32556 2.27391 2.42655 2.61224 2.62778 2.64117 2.66012 2.71224 2.78484 2.86183 2.94340 3.02511 3.06429 3.06499 3.06499 3.34700 3.47056 3.47056 3.26375 3.11638 3.11638 3.11638 3.11638 3.12712 3.17608 3.17608 3.27349 3.39972 3.39972 2.81534 2.61739 2.44941 2.44941 2.44941 2.12007 2.03296 2.03296 2.03296 2.03296 2.03296 2.03296 2.03296 2.03296 2.03296 2.03296 1.92559 1.66170 1.66014 1.67495 1.76839 1.77827 1.79331 1.81838 1.84773 1.86996 1.88356 1.88815
2.33611 2.31353 2.31712 2.33139 2.33139 2.32917 2.30503 2.27530 2.24559 2.21586 2.18857 2.27598 2.45091 2.82962 2.93600 2.99127 3.04571 3.06499 3.06499 3.06499 3.06499 3.06499 3.06499 3.06499 3.06499 3.24705 3.47056 3.47056 3.36116 3.11638 3.11638 3.11638 3.11638 3.11712 3.17329 3.17608 3.23310 3.39972 3.39972 3.03339 2.66353 2.45688 2.44941 2.44941 2.22620 2.03296 2.03296 2.03296 2.03296 2.03296 2.03296 2.03296 2.03492 2.09727 2.18783 2.24801 2.01675 2.17508 2.27736 2.31021 2.00672 1.95408 1.95837 1.95837 1.95837 1.95837 1.95837
