High_resolution/powerplant/Shangrao/OMI_NO2_2007_06-08.asc
ncols      200
nrows      200
xllcorner       115.451
yllcorner       27.0350
cellsize     0.0166667
NODATA_Value      -999.000
[rows 29 to 57 of 200, columns 67 to 133 of 200]
2.78568 2.81532 2.80448 2.48212 2.27992 2.28727 2.21563 2.09088 2.09632 2.09936 2.10910 2.07848 2.00065 2.04942 2.04744 2.03682 2.10809 2.01795 2.01377 2.00894 1.66839 1.69714 1.88144 1.88563 1.96584 1.95876 1.95657 1.95713 1.94114 1.91871 1.88767 1.98926 1.76090 1.54357 1.54965 1.55324 1.55608 1.55608 1.55608 1.55608 1.55324 1.55324 1.55324 1.55111 1.52064 1.46948 1.49798 1.44338 1.43857 1.43857 1.51935 1.75082 1.76719 1.77511 1.80315 1.82122 1.75766 1.72328 1.68690 1.71958 1.76978 1.78741 1.84736 1.91418 1.95480 2.08783 2.15157
2.64645 2.67163 2.70084 2.55973 2.28872 2.28286 2.23398 2.08454 2.08827 2.08827 2.09676 2.07634 1.99127 2.01054 2.02199 2.00085 2.05772 1.98288 1.97225 1.96859 1.59596 1.63230 1.83634 1.84329 1.93869 1.91851 1.89937 1.88684 1.88591 1.87987 1.85765 1.99505 1.81424 1.60130 1.54127 1.55226 1.55518 1.55518 1.57122 1.60879 1.63395 1.66258 1.68880 1.69083 1.67477 1.58171 1.60426 1.48635 1.43857 1.43857 1.54090 1.79083 1.83747 1.86163 1.88386 1.88386 1.88159 1.96756 1.94017 2.01076 2.09752 2.20705 2.48555 2.50173 2.50173 2.50173 2.35914
2.31923 2.34394 2.46993 2.54371 2.40337 2.30106 2.29469 2.15144 2.12335 2.11964 2.12686 2.10293 2.03074 2.00600 2.02787 2.00475 2.04026 2.02263 1.97634 1.55911 1.63412 1.65802 1.87912 1.87919 1.85826 1.83260 1.80770 1.79016 1.79893 1.76096 1.72956 1.84928 1.73527 1.60664 1.64585 1.67768 1.71867 1.74450 1.75502 1.75511 1.73148 1.72234 1.71210 1.66958 1.62109 1.58279 1.60911 1.53096 1.43857 1.43857 1.49352 1.73018 1.83514 1.90584 2.03068 2.14695 2.25805 2.38172 2.37409 2.35431 2.32589 2.32648 2.50173 2.50173 2.50173 2.50173 2.37888
2.28657 2.30267 2.38952 2.50670 2.50312 2.30106 2.29469 2.18878 2.12335 2.11964 2.12686 2.10111 2.05496 1.65725 1.70685 1.66756 1.66811 1.60236 1.48363 1.44507 1.47744 1.46131 1.68612 1.66790 1.65812 1.65617 1.64403 1.63115 1.66600 1.61760 1.92260 1.71384 1.73958 1.71134 1.75304 1.72730 1.72974 1.71909 1.72690 1.71452 1.67313 1.67313 1.67313 1.61979 1.56645 1.56645 1.61395 1.56931 1.44902 1.54811 1.67282 1.96060 2.22984 2.34001 2.37130 2.37512 2.34214 2.34199 2.30512 2.29055 2.28081 2.29879 2.31530 2.30239 2.28955 2.27671 2.26391
2.20602 2.22766 2.25869 2.37878 2.33503 2.33868 2.33015 2.07237 1.98221 1.96996 1.98232 1.87773 1.86521 1.78849 1.87847 1.83425 1.77316 1.68783 1.53540 1.52486 1.56809 1.50730 1.60621 1.58371 1.87015 1.87971 1.87151 1.87475 1.90677 1.88334 1.88358 1.71419 1.69562 1.71672 1.76886 1.73454 1.77511 1.77880 1.76003 1.75689 1.72250 1.71615 1.64119 1.57511 1.55078 1.65718 1.82920 1.94482 2.01051 2.04021 2.03943 2.11006 2.42750 2.40281 2.36207 2.36782 2.39554 2.39928 2.29075 2.26549 2.26549 2.25807 2.23581 2.23581 2.23581 2.23581 2.23581
2.05377 2.09443 2.16420 2.28982 2.16158 2.13248 2.02645 1.94821 1.81978 1.70018 1.72932 1.64273 1.67027 1.55777 1.61953 1.58296 1.49660 1.39926 1.33170 1.36484 1.40098 1.34878 1.44260 2.05739 2.14138 2.14196 2.14735 2.17312 2.20609 2.18892 2.05298 1.85188 1.78500 1.75870 1.77843 1.66339 1.61215 1.64305 1.58133 1.59624 1.84093 1.95096 1.95328 2.01078 2.04761 2.04661 2.04391 2.04130 1.99433 1.96772 1.96441 2.01733 2.25887 2.34694 2.27935 2.25104 2.31476 2.31267 2.25503 2.26549 2.26549 2.25807 2.23581 2.23581 2.23581 2.23581 2.23581
2.01642 2.06671 2.11750 2.21067 2.11579 2.02636 1.89162 1.87032 1.73500 1.61910 1.61461 1.51770 1.51152 1.43371 1.50311 1.47864 1.41574 1.32063 1.27021 1.26654 1.37408 1.32915 1.39388 2.04163 2.13176 2.12497 2.11817 2.12074 2.15460 2.13504 2.03910 1.88451 1.76506 1.69116 1.55515 1.59925 1.71542 1.80511 1.90302 2.01955 2.10787 2.10787 2.04046 2.04046 2.04046 2.04046 2.04046 2.04046 2.00407 1.94631 1.94631 1.99079 2.15519 2.33562 2.25748 2.21065 2.29027 2.29027 2.25134 2.25491 2.25807 2.23581 2.23225 2.22139 2.19732 2.16090 2.11583
1.85423 1.87767 1.91308 1.97308 1.88257 1.69624 1.55756 1.53087 1.54530 1.45773 1.49252 1.49077 1.50635 1.45035 1.47178 1.49547 1.44631 1.34084 1.30470 1.28138 1.44151 1.40925 1.49785 1.81518 1.86015 1.84665 1.83210 1.81686 1.82224 1.81141 1.72366 1.88223 1.81717 1.78457 1.94674 2.04485 2.08049 2.03745 1.99552 1.99552 2.07042 2.07042 1.99552 1.99552 1.99552 1.99552 1.99552 1.99545 1.98117 1.91706 1.92141 1.94391 2.02843 2.33981 2.32550 2.28016 2.45097 2.45097 2.40372 2.28032 2.28032 0.00000 0.00000 0.00000 0.00000 0.00000 1.94743
1.76289 1.77515 1.81161 1.85859 1.79240 1.59806 1.58826 1.49170 1.51067 1.44097 1.46235 1.46235 1.49338 1.45310 1.42965 1.49143 1.49247 1.36257 1.33996 1.26242 1.38855 1.62710 1.60131 1.60669 1.71173 1.70377 1.70891 1.72174 1.74309 1.82654 1.74055 1.82976 1.85569 1.74556 1.95829 2.02783 2.02626 1.99227 1.99541 2.00085 2.08971 2.10041 2.02263 2.02675 2.03072 2.03459 2.03832 2.04201 2.04804 2.03562 2.03926 2.03942 1.99023 2.22176 2.27224 2.18867 2.28026 2.24443 2.21365 2.28080 2.29588 0.00000 0.00000 0.00000 0.00000 0.00000 1.94743
1.73324 1.74465 1.78797 1.81957 1.80507 1.65114 1.64328 1.55247 1.56662 1.49667 1.51743 1.49667 1.52882 1.50291 1.45018 1.49306 1.51141 1.40434 1.41200 1.33976 1.46758 1.59240 1.63031 1.66396 1.73701 1.77435 1.78340 1.78280 1.77836 1.86659 1.76601 1.87467 1.91448 1.82768 1.98063 2.15634 2.16824 2.13767 2.07091 2.06736 2.16117 2.15704 2.06018 2.06018 2.06019 2.06209 2.06480 2.06701 2.06885 2.05775 2.05100 2.05216 2.01727 2.06916 2.13012 2.07878 2.14364 2.15883 2.17478 2.29755 2.36555 0.00000 0.00000 0.00000 0.00000 0.00000 1.94743
1.71731 1.72381 1.75797 1.76439 1.76814 1.69249 1.65575 1.56747 1.57455 1.51743 1.53631 1.51717 1.53881 1.51662 1.47820 1.48103 1.51153 1.45049 1.48544 1.47001 1.61209 1.79914 1.77250 1.78088 1.80951 1.84513 1.85307 1.82203 1.82332 1.89530 1.78986 1.89646 1.94866 1.86656 1.90342 2.03397 2.03054 2.00857 1.92949 1.93246 1.98271 1.98599 1.94368 1.94640 1.98347 1.98305 1.98305 1.98305 1.98305 1.97823 1.96921 1.96779 1.96221 1.98205 2.18587 2.20186 2.21406 2.21483 2.21483 2.28301 2.37367 0.00000 0.00000 0.00000 0.00000 0.00000 2.25019
1.67997 1.69917 1.73197 1.73116 1.76551 1.70706 1.66672 1.65448 1.58032 1.52707 1.60122 1.57923 1.59651 1.60067 1.63444 1.59453 1.59252 1.57886 1.70252 1.68252 1.64792 1.80018 1.80539 1.80539 1.80123 1.84438 1.84438 1.81118 1.80810 1.86575 1.83366 1.90264 1.98221 1.93177 1.91099 2.03800 2.09989 2.07059 2.03022 2.02279 2.07143 1.98440 1.94094 1.94010 1.97286 1.96860 1.96732 1.96763 1.97888 1.99290 1.97291 1.97732 1.96462 1.91956 2.18370 2.21483 2.21483 2.21483 2.21483 2.24434 2.37367 0.00000 0.00000 0.00000 0.00000 0.00000 2.70698
1.51409 1.55714 1.59550 1.57676 1.64983 1.63681 1.57951 1.57006 1.48124 1.43701 1.54653 1.54678 1.58801 1.59165 1.62359 1.52023 1.54003 1.53949 1.69685 1.73312 1.67145 1.80127 1.84206 1.84369 1.84526 1.88640 1.88882 1.85065 1.85144 1.96541 1.96504 1.97958 2.06143 2.03269 1.85171 1.92221 2.04873 2.02539 2.03168 2.01652 2.04166 1.99494 1.95011 1.94229 1.94669 1.92856 1.91385 1.90594 1.89974 1.91716 1.85617 1.84732 1.84965 1.79873 2.12592 2.21483 2.21483 2.21483 2.21483 2.21616 2.36316 0.00000 0.00000 0.00000 0.00000 0.00000 0.00000
1.49536 1.53602 1.57242 1.56395 1.61003 1.65944 1.62106 1.62026 1.54523 1.48640 1.57170 1.56382 1.58879 1.60032 1.65796 1.97610 1.93297 1.92428 1.97524 1.99699 1.86510 1.77738 1.80258 1.82124 1.82688 1.85476 1.87526 1.85282 1.86144 1.96848 2.01838 2.01795 2.05299 2.02935 2.01604 1.99211 2.10570 2.08068 2.07166 1.96528 1.95115 1.94481 1.95261 1.95518 1.95099 1.94563 1.94563 1.94563 1.94604 1.97902 1.95289 1.93073 1.93073 1.89815 2.06819 2.21483 2.21483 2.21483 2.21483 2.21483 2.32587 0.00000 0.00000 0.00000 0.00000 0.00000 0.00000
1.44430 1.46424 1.52143 1.52221 1.59772 1.65364 1.64417 1.64392 1.57548 1.57713 1.98910 1.99180 1.99197 1.99164 1.99193 2.02491 1.99242 1.97215 1.99942 2.06019 1.99539 1.81541 1.82027 1.85812 1.85812 1.85812 1.85812 1.85812 1.85812 1.93606 2.04951 2.03043 2.08247 2.06469 2.09151 2.00365 2.12710 2.13515 2.09875 2.00106 1.94776 1.95221 1.95221 1.95221 1.94772 1.94265 1.94227 1.94227 1.94227 1.96190 1.95276 1.90880 1.90880 1.88139 2.02213 2.20297 2.21483 2.21483 2.21483 0.00000 0.00000 0.00000 0.00000 0.00000 0.00000 0.00000 0.00000
1.59787 1.61557 1.68916 1.67989 1.75583 1.73993 1.69918 1.66358 2.00645 2.00189 1.97175 1.96421 1.96536 1.96642 1.96345 2.04636 2.07306 2.01050 2.00648 2.06517 2.04408 1.79922 1.76126 1.81336 1.81336 1.83425 1.83425 1.83425 1.85803 1.92505 2.04741 2.04565 2.04105 2.03508 2.08186 1.97270 2.10577 2.13881 2.10786 2.03362 1.94776 1.95221 1.95221 1.95171 1.94436 1.93396 1.92029 1.90854 1.90896 1.91352 1.92043 1.88311 1.87976 1.84764 2.01844 2.14892 2.21483 2.22618 2.25213 0.00000 0.00000 0.00000 0.00000 0.00000 0.00000 0.00000 0.00000
1.78240 1.75574 1.84158 1.88550 1.94856 1.97685 1.93222 1.93974 1.98752 1.99185 1.97751 1.96858 1.97063 1.97244 1.97426 2.01096 2.08884 2.01023 1.99423 2.04399 2.06656 1.88172 1.76055 1.82908 1.83303 1.87774 1.91036 1.94295 1.98061 2.00479 2.04491 2.06876 2.03601 2.02539 2.04888 1.96864 2.05200 2.14400 2.11886 2.05321 1.90272 1.90615 1.89535 1.88316 1.84175 1.83303 1.82880 1.82915 1.85117 1.85910 1.88078 1.84797 1.84386 1.84502 2.12061 2.27323 2.55601 0.00000 0.00000 0.00000 0.00000 0.00000 0.00000 0.00000 0.00000 0.00000 0.00000
2.01113 2.02595 2.05156 2.05791 2.05889 2.07411 2.00395 1.97096 1.99176 2.00467 1.99034 1.97957 1.97840 1.97320 1.96691 1.97017 2.07680 2.01780 1.98144 2.01658 2.03925 1.94255 1.84271 1.92157 1.97250 1.97675 1.97189 1.96704 1.96229 1.95669 1.97810 2.02456 1.97713 1.95753 1.95302 1.93212 1.96591 2.04622 2.02307 1.99656 1.90051 1.88943 1.84735 1.82068 1.78719 1.78564 1.89310 1.89870 1.91507 1.92693 1.98866 1.97022 1.95197 1.95131 1.76833 1.65439 1.68575 0.00000 0.00000 0.00000 0.00000 0.00000 0.00000 0.00000 0.00000 0.00000 0.00000
1.96757 2.00377 2.03277 2.04636 2.04538 2.05018 2.03298 1.97979 1.97554 1.95800 1.94924 1.94986 1.95252 1.95230 1.95289 1.94536 2.03899 2.03504 2.00602 2.02665 2.01130 1.96347 1.87695 1.90073 1.95954 1.95854 1.95847 1.97014 1.96091 1.95057 1.95079 2.02692 1.99194 1.99287 1.97265 1.94452 1.83695 1.92881 1.90618 1.85465 1.76877 1.73422 1.73766 1.73914 1.74906 1.75316 1.90949 1.92218 1.92598 1.93989 1.99550 2.00301 1.98935 1.99186 1.53908 1.36769 1.39074 0.00000 0.00000 0.00000 0.00000 0.00000 0.00000 0.00000 0.00000 0.00000 0.00000
1.97625 2.02709 2.02982 2.05160 2.05475 2.06133 2.05121 1.98321 1.96340 1.92913 1.93281 1.93628 1.95133 1.95592 1.96030 1.95579 2.00406 2.04600 2.01746 2.01727 1.97534 1.93605 1.84757 1.84333 1.91930 1.92763 1.90793 1.90298 1.87802 1.86720 1.83944 1.79895 1.77130 1.78661 1.79452 1.81420 1.78948 1.92733 1.95424 1.92933 1.84797 1.76722 1.78504 1.79153 1.83355 1.85628 1.94472 2.01046 2.05534 2.18231 2.18330 2.22601 2.18428 2.20684 1.63418 1.36769 1.38212 0.00000 0.00000 0.00000 0.00000 0.00000 0.00000 0.00000 0.00000 0.00000 0.00000
2.03349 2.07370 2.08580 2.09988 2.08547 2.08635 2.08719 1.99505 1.98519 1.95509 1.94974 1.94006 1.94330 1.93699 1.91980 1.90391 1.89876 1.95127 1.90854 1.88690 1.89604 1.88822 1.86327 1.85277 1.92141 1.96873 1.90235 1.85990 1.80510 1.81672 1.78148 1.79995 1.79817 1.78812 1.79255 1.79640 1.80207 1.92688 2.02794 2.01041 1.97572 1.96181 2.08335 2.12304 2.15994 2.14009 2.16599 2.20604 2.20687 2.28795 2.27588 2.30331 2.22632 2.23863 1.74025 1.36769 1.37351 0.00000 0.00000 0.00000 0.00000 0.00000 0.00000 0.00000 0.00000 0.00000 0.00000
2.07144 2.06542 2.08652 2.10665 2.10574 2.09677 2.09951 2.00933 1.93366 1.87995 1.84387 1.85656 1.85560 1.86725 1.89574 1.92608 1.95289 2.04036 2.05344 2.01530 2.03635 2.01666 2.00336 2.00034 2.04644 2.08756 2.00753 1.97079 1.88583 1.89612 1.85598 1.86697 1.85385 1.84106 1.81590 1.79771 1.79551 1.88450 2.04428 2.03160 2.03955 2.03437 2.11208 2.11208 2.11208 2.07064 2.03029 2.11579 2.11579 2.14935 2.14149 2.19311 2.09668 2.11326 1.83990 1.37403 1.36783 0.00000 0.00000 0.00000 0.00000 0.00000 0.00000 0.00000 0.00000 0.00000 0.00000
2.06299 2.04479 2.06235 2.04333 2.00477 1.98412 1.97747 1.93125 1.85687 1.82989 1.81070 1.85092 1.94692 2.04688 2.09034 2.08908 2.06934 2.09856 2.10444 2.07337 2.09600 2.08078 2.07241 2.05723 2.05920 2.12239 2.08574 2.06025 1.91336 1.91507 1.85001 1.83095 1.79833 1.80278 1.76651 1.80972 1.82979 1.88711 2.06058 2.04754 2.04432 2.03437 2.11208 2.11208 2.11208 2.07064 2.01397 2.10913 2.12384 2.16434 2.17765 2.24453 2.12441 2.02619 1.86252 1.45729 1.36133 1.34846 1.32918 1.30303 1.27990 1.25925 1.24604 1.24768 1.25259 1.34183 1.39799
1.97154 1.98606 1.96397 1.98012 1.98551 1.98241 1.97572 1.96107 1.88260 1.87389 1.83904 1.86355 1.90216 2.02140 2.05192 2.04831 2.03595 2.05350 2.08149 2.07143 2.08342 2.06929 2.05229 2.01922 1.99989 2.03684 1.97575 1.95545 1.80879 1.81717 1.83667 1.83206 1.85955 1.87165 1.78894 1.82320 1.85922 1.92158 2.08988 2.10851 2.10177 2.08330 2.19838 2.14724 2.16841 2.17889 2.18764 2.30811 2.39295 2.40456 2.33435 2.32812 2.21146 1.97880 1.82178 1.60650 1.53864 1.54196 1.55085 1.54871 1.23140 1.23140 1.26639 1.33684 1.38417 1.48270 1.63187
1.93529 1.95965 1.93539 1.93578 1.93761 1.94617 1.94010 1.94256 1.85704 1.85517 1.80668 1.83197 1.86065 2.04093 2.08326 2.06368 2.03078 2.01864 2.03728 2.01827 2.00137 1.98774 1.96449 1.96803 1.96172 1.97529 1.96157 1.95788 1.91268 1.86613 1.87745 1.85008 1.84713 1.85050 1.76811 1.81557 1.82930 1.90663 1.98936 2.08525 2.11060 2.14199 2.27118 2.25991 2.30164 2.36697 2.29354 2.23995 2.30477 2.29506 2.16293 2.06920 1.81664 1.62407 1.57472 1.51983 1.53803 1.53338 1.72117 1.73851 1.54845 1.53441 1.50367 1.42586 1.48678 1.50634 1.55684
1.92465 1.95386 1.95393 1.95835 1.94837 1.93952 1.93386 1.91115 1.80935 1.78960 1.77496 1.75801 1.76284 1.87155 1.91694 1.90832 1.91620 1.94438 1.97196 1.95746 1.93229 1.91790 1.98287 1.97270 1.96407 1.95710 1.98789 1.98317 1.95508 1.87533 1.93745 1.96974 1.98336 2.00225 1.92252 1.89638 1.80171 1.79432 1.83601 1.92777 2.03600 2.02716 2.11233 2.05506 2.04287 2.08228 2.15378 2.05645 2.13554 2.13581 1.98481 1.94826 1.63030 1.45234 1.40706 1.43792 1.54695 1.55692 1.69499 1.70895 1.57292 1.52422 1.50587 1.42082 1.42913 1.43883 1.47007
1.97108 1.98385 1.98786 1.97703 1.98112 1.96990 1.98372 1.96863 1.89719 1.88134 1.86901 1.77417 1.79850 1.85715 1.94964 1.93781 1.92063 1.90904 1.89980 1.89650 1.87800 1.87784 1.95071 1.95633 1.98510 1.99429 2.09880 2.12757 2.16390 2.12660 2.14102 2.13751 2.12353 2.05886 1.96377 1.87068 1.77319 1.72639 1.76405 1.90013 2.00383 2.00339 2.08883 2.05966 2.22239 2.29174 2.39556 2.33285 2.30344 2.29876 2.18939 2.17900 2.04597 1.86129 1.73483 1.74122 1.78038 1.74259 1.71967 1.68700 1.61775 1.51399 1.50485 1.41136 1.39169 1.43033 1.44822
2.01682 2.04072 2.06493 2.05834 2.07213 2.03888 2.07271 2.08087 1.95376 1.90424 1.88414 1.70380 1.67484 1.66222 1.85375 1.85801 1.85809 1.86094 1.87742 1.87712 1.86391 1.85857 1.87990 1.89921 1.97209 2.06378 2.19328 2.16578 2.17973 2.28194 2.31488 2.32435 2.32520 2.24446 2.09539 2.03642 1.92938 1.84430 1.87270 2.05977 2.22160 2.21923 2.09398 2.05449 2.17661 2.21670 2.27288 2.15018 2.12267 2.14448 2.09125 2.09527 1.99942 1.90265 1.74083 1.72720 1.75500 1.62563 1.63289 1.61747 1.59019 1.49183 1.47874 1.43277 1.40579 1.42199 1.41942
2.08472 2.09166 2.09245 2.08025 2.08682 2.05763 2.04941 2.04517 1.93051 1.81524 1.79279 1.67230 1.60455 1.57342 1.76013 1.78940 1.76200 1.72590 1.77184 1.74610 1.71303 1.66879 1.66862 1.73304 1.79986 1.88127 2.04611 2.09684 2.16018 2.22429 2.27029 2.26087 2.20377 2.13864 1.98019 1.95340 1.87992 1.81552 1.84919 2.01880 2.20285 2.18907 2.09650 2.01852 2.08290 2.11801 2.16392 2.06374 2.03500 2.08188 2.03604 2.06206 1.87139 1.81794 1.77622 1.72093 1.77766 1.62303 1.63568 1.59458 1.55352 1.47188 1.42461 1.41334 1.36721 1.38578 1.38318
