High_resolution/powerplant/Shangrao/OMI_NO2_201012.asc
ncols      200
nrows      200
xllcorner       115.451
yllcorner       27.0350
cellsize     0.0166667
NODATA_Value      -999.000
[rows 0 to 28 of 165, columns 0 to 66 of 200]
7.39758 7.39758 7.51413 9.31872 11.1758 12.5727 13.6572 14.5139 14.4763 14.0280 13.6651 13.3724 13.2905 13.2905 13.2905 13.2905 11.4130 9.84103 9.84103 9.84103 10.0834 11.0628 11.0628 11.0628 11.0628 10.9346 10.3331 9.88707 9.48761 8.93804 8.65196 8.65196 8.42456 5.53369 5.68122 5.78798 5.86837 5.92386 5.94816 6.09396 6.52533 6.51710 6.51205 6.51767 6.52596 6.53335 6.54004 6.54610 6.56852 6.91835 7.30739 7.30739 7.51938 7.74496 7.74496 7.78692 7.80573 7.47538 7.04055 6.61228 6.27902 6.20742 6.20742 6.20742 6.06073 5.40622 5.40622
22.2297 14.4367 14.6110 14.8136 14.8136 14.2753 13.6966 13.3941 13.2905 13.2905 13.2905 13.2905 13.2905 13.2905 13.2905 13.2905 12.3981 9.84103 9.84103 9.84103 9.86073 10.8776 10.3764 9.82266 9.37088 9.05434 9.02544 9.17014 9.14735 8.85037 8.23725 8.08968 7.96466 6.34902 5.94951 5.99995 6.04170 6.08422 6.13458 6.16431 6.49489 6.54317 6.54888 6.55081 6.55081 6.55081 6.55081 6.55081 6.55081 6.77306 7.25167 7.32774 7.42750 7.38168 7.10772 6.85614 6.61131 6.57559 6.42129 6.20742 6.20742 6.20742 6.20742 6.20765 6.32538 6.15037 7.11967
22.2297 17.0570 14.8136 14.8136 14.8136 14.0735 13.2905 13.2905 13.2905 13.2905 13.2905 13.2905 13.2905 13.2905 13.2905 13.2905 13.2077 9.97857 9.49276 9.15907 8.87078 8.90106 9.02324 9.02135 8.90692 8.74539 8.60370 8.55635 8.50597 8.48356 7.91259 7.76807 7.64129 6.79719 6.17670 6.20147 6.22353 6.23936 6.24050 6.24050 6.42163 6.55081 6.55081 6.55081 6.55081 6.55081 6.55081 6.55709 6.67695 7.00088 7.07258 6.72751 6.56230 6.57343 6.57559 6.57559 6.57559 6.57559 6.51862 6.30304 6.52035 6.82737 7.48647 8.05040 8.48013 8.96138 9.10768
22.2297 19.4503 14.8136 14.8136 14.8136 14.6396 13.3050 13.2905 13.2905 13.2905 13.2905 13.2905 13.2905 13.2573 12.7525 12.1757 11.6785 9.47467 8.61683 8.60109 8.52519 8.52018 8.53351 8.41711 8.37715 8.37715 8.35159 8.26863 8.22109 8.09029 7.56247 7.29356 7.27312 6.97916 6.24050 6.24050 6.24050 6.24050 6.24050 6.24050 6.32943 6.55081 6.55081 6.55081 6.64131 6.84726 7.03369 7.19568 7.27635 7.32789 7.22778 6.54692 6.54692 6.56401 6.57759 6.58835 6.60010 6.76622 7.27079 8.10266 8.53301 8.82202 8.84811 8.84811 8.84811 8.94396 9.10768
22.2297 22.0828 15.1400 14.8136 14.8136 14.8136 13.5756 13.2905 13.2905 13.2739 12.8092 12.2240 11.7203 11.3012 11.2039 11.1603 11.0785 9.95461 8.32784 8.26175 8.25591 8.25159 8.29670 8.17271 8.04182 7.91102 7.80588 7.79830 7.90855 7.91390 7.69293 7.27312 7.27312 7.23534 6.27550 6.24050 6.24050 6.24050 6.24050 6.24050 6.27917 6.68269 7.00860 7.17817 7.27683 7.28015 7.28015 7.28015 7.28015 7.28245 7.46911 6.61139 6.57298 6.67647 7.34328 7.79226 8.19491 8.46022 8.47128 8.70034 8.84811 8.84811 8.85050 8.89910 8.96542 9.04970 9.10768
22.2297 22.2297 16.5487 14.8136 14.8136 14.8033 13.4538 12.2733 11.7627 11.3289 11.1958 11.1265 11.0447 10.9629 10.8812 10.8430 10.8721 10.6194 8.11787 7.99185 7.86105 7.74385 7.77091 7.79428 7.79428 7.79428 7.79428 7.79428 7.87479 7.91390 7.87861 7.29023 7.27312 7.27312 6.52902 6.24050 6.27056 6.37279 6.47823 6.58339 6.66026 6.87869 7.23838 7.28015 7.28015 7.28444 7.29385 7.30325 7.31264 7.33272 7.51074 6.97546 6.68362 6.79231 8.42153 8.47128 8.47128 8.49957 8.56566 8.75020 9.07502 9.14130 9.20511 9.22279 9.22279 9.26158 9.31945
0.00000 22.2297 18.6699 14.8136 12.9411 11.7444 11.4413 11.0938 11.0109 10.9291 10.8560 10.8809 10.9410 11.0012 11.0531 11.0453 10.9964 10.9166 8.21077 7.67304 7.67304 7.67304 7.72900 7.79428 7.79428 7.79428 7.79428 7.79428 7.83699 7.91390 7.91390 7.45769 7.30453 7.40753 7.05963 6.58550 6.66077 6.66382 6.66382 6.66382 6.65969 6.77620 7.16703 7.30969 7.31910 7.33580 7.36296 7.39027 7.41740 7.43372 7.51844 7.33070 6.77208 6.83832 8.16453 8.74154 8.80775 8.84578 8.84597 8.86388 9.21251 9.23748 9.34498 9.48481 9.72530 9.94444 10.1346
0.00000 22.2297 21.6073 14.6632 12.7155 11.1153 11.1058 10.9911 11.0099 11.0700 11.1245 11.0837 11.0038 10.9239 10.8522 10.8402 10.8402 10.8402 9.10088 7.67304 7.67304 7.67304 7.69247 7.79428 7.79428 7.79428 7.79428 7.79428 7.81965 8.04469 8.15531 8.00760 7.69390 7.69644 7.53444 6.66355 6.64905 6.62646 6.60385 6.58125 6.56278 6.62430 7.13422 7.39085 7.41816 7.43395 7.47320 7.54177 7.61033 7.67894 7.76926 7.96810 7.09454 7.07531 7.78224 8.84597 8.84597 8.84802 8.93042 9.08085 9.60322 9.94952 10.1001 10.2180 10.2355 10.2355 10.2728
0.00000 22.2297 22.6788 15.9042 14.0736 11.4456 11.4552 11.2611 11.0111 10.9313 10.8565 10.8402 10.8402 10.8402 10.8402 10.8402 10.8402 10.8402 9.99936 7.67304 7.67304 7.67304 7.67305 7.77712 7.80821 7.86534 7.92533 7.98550 8.02764 8.25335 8.33721 8.27465 7.67557 7.64665 7.62364 6.69890 6.56101 6.57713 6.61110 6.64522 6.69217 6.78804 7.24905 7.61422 7.71161 7.77998 7.80935 7.80935 7.80935 7.80935 7.80935 7.99438 7.33262 7.07531 7.29043 9.04275 9.31070 9.56656 9.74205 9.84949 10.0216 10.2355 10.2355 10.2355 10.2355 10.2355 10.2417
0.00000 0.00000 23.4674 18.4466 14.7106 11.9686 11.4552 11.3481 10.8406 10.8402 10.8402 10.8402 10.8402 10.8402 10.8402 10.8402 10.8402 10.8402 10.7547 7.81595 7.68365 7.73876 7.79881 7.92642 8.02618 8.02919 8.02848 8.01217 7.98958 8.09370 8.25242 8.23539 7.74578 7.61050 7.64464 7.11657 6.81104 6.91466 7.00038 7.08614 7.15879 7.16743 7.40357 7.73300 7.80935 7.80935 7.80935 7.80935 7.80935 7.80935 7.82961 8.08154 8.00289 7.77916 7.98930 9.45569 9.85865 9.85865 9.85865 9.85865 9.91088 10.2354 10.1789 10.0435 9.86666 9.60228 9.33525
0.00000 0.00000 23.4674 21.8391 14.7317 12.8854 11.4552 11.4552 10.9300 10.8402 10.8402 10.8402 10.8402 10.8402 10.8402 10.8402 10.8479 10.9006 10.9607 8.80966 7.90302 7.90795 7.97546 8.16792 7.97717 7.95457 7.93269 7.92638 7.92638 8.03680 8.57650 8.86985 8.66222 8.20070 8.32337 8.00369 7.16743 7.16743 7.16743 7.16743 7.16743 7.16743 7.26441 7.67138 7.80935 7.80935 7.81374 7.92331 8.09326 8.26351 8.41365 8.51226 8.61529 8.09019 8.08799 8.90649 9.85865 9.85957 9.86380 9.86831 9.81539 9.50952 9.25752 9.12561 9.03509 9.03215 9.03215
0.00000 0.00000 23.4674 23.4674 15.7221 14.0755 11.4567 11.4552 11.1079 10.8402 10.8402 10.8402 10.8454 10.8953 10.9553 11.0154 11.0678 11.0783 11.2326 10.1581 8.54180 8.77993 8.95065 8.93902 8.01907 8.12816 8.41758 8.70912 9.00067 9.21311 9.48047 9.54827 9.39404 8.38416 8.38285 8.31939 7.19341 7.16743 7.16743 7.16743 7.16743 7.16743 7.17015 7.61611 8.00408 8.22722 8.39314 8.45396 8.45418 8.45418 8.45418 8.45987 8.67145 8.21285 8.09627 8.36683 9.79934 9.67161 9.54041 9.40907 9.33512 9.16832 9.03215 9.03215 9.03215 9.03175 9.01041
0.00000 0.00000 23.4674 23.4674 17.7197 14.7106 11.8779 11.4552 11.3258 10.8900 10.9500 11.0101 11.0649 11.1139 11.3299 11.5682 11.8063 12.0413 12.1251 11.8362 9.14207 9.31022 9.59639 9.88793 9.47651 9.23786 9.24025 9.24025 9.24025 9.24025 9.38317 9.54827 9.54827 8.59772 8.38285 8.38285 7.47145 7.16743 7.16743 7.19439 7.25234 7.31047 7.36865 7.68851 8.20012 8.45418 8.45418 8.45418 8.45655 8.46107 8.46559 8.47094 8.71714 8.63606 8.46633 8.60284 9.22562 9.33490 9.33490 9.33490 9.32360 9.21336 8.95501 8.92185 8.88876 8.85599 8.84414
0.00000 0.00000 0.00000 23.4674 20.7444 14.7106 12.8491 11.6746 11.7502 11.2743 11.4274 11.6654 11.9036 12.1051 12.2960 12.5696 12.8431 13.1529 13.5856 13.9003 10.7466 10.2662 10.2718 10.2718 9.90557 9.24025 9.24025 9.24025 9.24025 9.24025 9.28621 9.54824 9.54827 8.96571 8.38285 8.41152 7.89955 7.31225 7.37041 7.40161 7.40165 7.40165 7.40165 7.57226 8.00231 8.46420 8.46872 8.47457 8.56254 8.69960 8.83666 8.97239 9.12307 9.15275 8.65663 8.62764 8.94912 9.23554 9.20236 9.16918 9.14739 9.14078 8.86183 8.84414 8.83707 8.81360 8.76684
0.00000 0.00000 0.00000 23.4674 23.4376 15.6638 14.8221 12.6852 13.0168 12.7840 12.6122 12.8860 13.1596 13.4578 13.7160 13.8852 14.0544 14.1878 14.1980 14.1980 11.9938 10.2718 10.2718 10.2718 10.1989 9.25548 9.24025 9.24025 9.24025 9.24025 9.24025 9.53634 9.63669 9.48018 8.58758 8.61707 8.38881 7.40165 7.40664 7.52539 7.69159 7.85779 8.02414 8.13964 8.01772 8.63886 8.84046 8.97597 9.02693 9.06099 9.12535 9.18972 9.24608 9.09949 8.56099 8.47275 8.61722 9.14690 9.14690 9.14690 9.14431 9.12366 8.86311 8.63321 8.50902 8.40122 8.31672
0.00000 0.00000 0.00000 23.4674 24.4622 19.9454 18.4154 15.0445 14.9553 14.6625 13.7005 13.8699 14.0391 14.1817 14.1980 14.1980 14.1980 14.1980 14.1980 14.1980 13.1155 10.2718 10.2718 10.2718 10.2718 9.49198 9.24025 9.33987 9.57520 9.81153 10.0476 9.96614 9.78249 9.78121 8.82311 8.83131 8.99277 8.06645 8.10966 8.16020 8.27603 8.44679 8.61818 8.79715 8.73866 8.98220 9.21996 9.28433 9.34870 9.37905 9.37905 9.37905 9.37905 9.10800 8.74171 8.47275 8.47610 9.06141 9.05817 8.92703 8.79831 8.68779 8.50201 8.31018 8.31018 8.31018 8.31018
0.00000 0.00000 0.00000 0.00000 29.1123 25.0466 19.6330 16.7240 15.0500 15.0460 14.2741 14.1980 14.1980 14.1980 14.1980 14.1980 14.1980 14.1980 14.1980 14.1980 14.0752 10.4292 10.2718 10.3521 10.5848 10.3504 10.0255 10.1620 10.1627 10.1719 10.3013 10.3906 10.2535 10.4198 9.88953 9.37665 9.49634 8.90664 8.66055 8.90922 9.04511 9.12557 9.20607 9.27649 9.17594 9.10652 9.37905 9.37905 9.37905 9.37905 9.37905 9.37905 9.37905 9.18586 8.85894 8.24395 8.11299 8.39537 8.61307 8.61294 8.61294 8.61294 8.58663 8.31254 8.31018 8.31218 8.31637
0.00000 0.00000 0.00000 0.00000 29.1123 28.6626 19.8976 18.2884 15.0500 15.0500 14.5078 14.1980 14.1980 14.1980 14.1980 14.1980 14.1980 14.1980 14.1980 14.2611 14.4888 11.9542 11.0348 11.1905 11.1942 11.1203 10.3918 10.5580 10.7243 10.8813 10.9182 10.9200 10.7378 11.1429 11.3697 10.8869 11.2516 10.7500 9.28666 9.28666 9.28666 9.28666 9.28666 9.28666 9.25325 9.02661 9.33860 9.37905 9.37905 9.37508 9.32359 9.24999 9.17612 9.01411 8.76913 8.01144 7.93878 8.12643 8.61294 8.61294 8.61524 8.62367 8.63252 8.40970 8.37490 8.40655 8.43605
0.00000 0.00000 0.00000 0.00000 29.1123 29.1123 21.5287 19.5980 15.3919 15.0500 14.7903 14.1980 14.1980 14.1980 14.1980 14.2460 14.4666 14.7028 14.9388 15.1121 15.1293 13.6573 11.6255 11.8694 12.1132 12.2680 11.1129 10.9788 11.3910 11.9171 12.4430 12.9663 13.1223 13.0359 13.0225 11.8419 11.7273 11.5455 9.31178 9.28666 9.28666 9.28666 9.28666 9.28666 9.28666 9.06961 9.18755 9.25579 9.18220 9.11230 9.08997 9.08997 9.08997 9.07328 8.78362 8.26422 7.94678 7.97171 8.60049 8.66873 8.70464 8.73446 8.76382 8.61696 8.45280 8.45280 8.45280
0.00000 0.00000 0.00000 0.00000 29.1123 29.1123 24.0571 19.6330 16.5533 15.0500 15.0365 14.2890 14.4445 14.6806 14.9169 15.1050 15.1773 15.4090 15.6527 15.8966 16.1317 15.6636 12.4083 12.7204 13.1375 13.6635 13.4378 13.3025 13.4162 13.4162 13.4162 13.4162 13.3187 13.0359 13.0359 12.2411 11.7273 11.7273 9.81575 9.28666 9.28666 9.28591 9.24607 9.18393 9.12180 8.92140 8.85194 9.08997 9.08997 9.08997 9.09002 9.09523 9.10399 9.11274 8.89424 8.73904 8.38111 8.60707 8.77967 8.77628 8.77628 8.77628 8.77628 8.71130 8.43989 8.42829 8.41575
0.00000 0.00000 0.00000 0.00000 0.00000 29.1123 27.8028 19.6979 18.1499 15.6641 15.9788 15.4736 15.2661 15.5099 15.7539 15.9976 16.1839 16.0846 15.8949 15.7048 15.6012 15.6232 14.6363 14.6596 14.7686 14.7686 14.4237 13.4162 13.4162 13.4162 13.4162 13.4162 13.4103 13.0642 13.0359 12.6534 11.7273 11.7263 10.4592 9.18236 9.12028 9.05887 9.03684 9.03684 9.03684 8.97523 8.78038 9.06846 9.11001 9.11876 9.13839 9.31381 9.53977 9.76564 9.83304 9.69958 8.92626 8.89055 8.85400 8.77861 8.78000 8.78150 8.78314 8.78248 8.41961 8.38019 8.38019
0.00000 0.00000 0.00000 0.00000 0.00000 29.1123 29.1123 21.0129 20.0475 17.1257 17.2590 17.0576 16.0556 15.8658 15.6760 15.4862 15.3670 15.4976 15.7105 15.9235 16.0504 16.0514 15.3206 14.7686 14.7686 14.7686 14.7438 13.5018 13.4162 13.4162 13.4162 13.4162 13.4162 13.1766 12.9920 12.8923 11.6268 11.4982 10.9376 9.03684 9.03684 9.04092 9.09404 9.16150 9.22896 9.29081 8.88134 9.21868 9.54714 9.77283 9.98741 10.0414 10.1186 10.2924 10.3605 9.86930 9.23640 8.92534 8.91846 8.78776 8.78454 8.78454 8.78454 8.73982 8.31975 8.00924 7.88200
0.00000 0.00000 0.00000 0.00000 0.00000 29.1123 29.0515 24.0628 21.0660 18.0547 16.7288 16.4431 15.3281 15.4789 15.6916 15.9046 16.0476 16.0514 16.0514 16.0514 16.0514 16.0514 15.6830 14.7686 14.7686 14.7686 14.7686 13.8827 13.4162 13.4199 13.6997 14.1530 14.6069 14.3166 12.7861 12.7861 11.9198 11.5047 11.5435 9.37292 9.26614 9.32955 9.36335 9.59095 9.87305 10.1549 10.1078 10.1756 10.3766 10.5507 10.7250 10.8995 10.9965 10.9968 10.9912 10.0802 9.58645 8.92695 8.92695 8.80865 8.62247 8.47496 8.34772 8.26534 8.17907 7.93282 7.93284
0.00000 0.00000 0.00000 0.00000 0.00000 0.00000 25.3158 23.7867 19.7019 17.8743 15.8476 15.6278 15.8555 16.0514 16.0514 16.0514 16.0514 16.0514 16.0514 16.0514 16.0514 16.0514 16.0031 14.8108 14.7686 14.7689 15.0111 14.9853 14.5652 15.0156 15.1891 15.1891 15.1960 15.1631 13.0167 12.9851 12.5988 11.7841 11.8079 10.4317 9.88182 10.2531 10.7333 11.0059 11.2235 11.4416 11.4598 11.1588 11.0124 10.9968 10.9968 10.9968 10.9968 10.9968 10.9968 10.3909 9.78488 8.69022 8.55140 8.38021 8.31697 8.33719 8.33719 8.33719 8.31572 7.94218 7.93284
0.00000 0.00000 0.00000 0.00000 12.6767 12.6767 18.7840 19.8599 17.6559 17.3619 15.5495 15.4773 15.6659 16.0514 16.0514 16.0514 16.0514 16.0514 16.0514 16.0514 16.0514 16.0514 16.2535 15.7798 15.8770 16.3302 16.5415 16.4478 15.2433 15.2903 15.3579 15.4253 15.4860 15.4962 13.8585 13.0856 13.0537 12.7297 13.0491 12.4622 11.5465 11.6751 11.6761 11.6761 11.6761 11.6761 11.6409 11.1675 11.0601 10.9968 10.9968 10.9968 10.9471 10.7486 10.5272 9.92897 8.94689 8.58909 8.47960 8.46407 8.33782 8.33719 8.33719 8.35281 8.40233 8.04716 7.84069
12.6767 12.6767 12.6767 12.6767 12.6767 12.6767 14.5091 18.9383 17.9786 17.4452 16.0162 15.4773 15.5033 16.0315 16.0514 16.0514 16.0514 16.0514 16.2168 16.6650 17.1189 17.5720 17.8236 17.2596 16.5382 16.5345 16.5308 16.5271 15.7486 15.4962 15.5065 15.5562 15.6085 15.6608 14.8344 13.3701 13.3872 13.2964 13.2608 13.1010 11.6811 11.6761 11.6761 11.6761 11.6761 11.6761 11.6761 11.2850 11.1046 10.7894 10.5680 10.3467 10.1753 10.1523 10.1523 10.0585 8.92653 8.72509 8.48545 8.52928 8.46712 8.48374 8.48703 8.46384 8.40675 8.03341 7.62089
12.6767 12.6767 12.6767 12.6767 12.6767 12.6767 12.6942 18.5563 18.4546 17.4452 16.6289 15.4773 15.4773 15.8745 16.1835 16.6242 17.0779 17.5314 17.8194 17.8231 17.8195 17.8158 17.8121 17.6066 16.5253 16.5509 16.6140 16.6699 16.2532 15.7455 15.7875 15.7902 15.7902 15.7902 15.6246 13.4307 13.3872 13.3361 13.2608 13.2608 11.9665 11.6761 11.6761 11.6761 11.6704 11.5945 11.4968 11.1607 10.7851 10.2060 10.1523 10.1523 10.1523 10.1529 10.1797 10.2202 9.32696 9.07582 8.97752 9.26292 8.98969 8.34447 8.33361 8.33361 8.33361 8.22547 7.68562
12.6767 12.6767 12.6767 12.6767 12.6767 12.6767 12.6767 17.3797 18.9082 17.5211 17.1389 15.9835 16.4624 17.1308 17.8115 17.8217 17.8180 17.8143 17.8106 17.8077 17.7317 17.6023 17.4728 17.3358 16.8449 16.8337 16.8229 16.8193 16.6578 15.7902 15.7902 15.7902 15.7902 15.7902 15.7902 14.0222 13.3872 13.3748 13.2617 13.2608 12.4054 11.5916 11.4942 11.3965 11.3044 11.2831 11.2831 11.1974 10.7666 10.4002 10.2079 10.2484 10.2889 10.3558 10.5639 10.7869 10.5236 10.2419 9.92040 9.84285 9.59070 8.58472 8.89965 9.18959 9.45785 9.70607 9.40779
12.6767 12.6767 12.6767 12.6767 12.6767 12.6767 12.5574 14.4848 16.7453 15.6627 15.1653 16.6344 17.2424 17.2802 17.7954 17.7107 17.5811 17.4518 17.3224 17.1875 17.1226 17.1113 17.1001 17.0956 16.9325 16.8193 16.8193 16.8193 16.8192 15.9365 15.7902 15.7902 15.7902 15.7902 15.7902 14.7795 13.3797 13.2998 13.1043 12.9784 12.4835 11.2831 11.2831 11.2831 11.2829 11.2816 11.2800 11.2781 11.0089 10.8527 10.5720 10.7950 11.0179 11.2141 11.2429 11.2756 11.1925 10.8554 10.8658 10.8866 11.0724 10.0843 9.91849 9.91849 9.91849 9.91849 9.56582
