High_resolution/powerplant/Shangrao/OMI_NO2_200912.asc
ncols      200
nrows      200
xllcorner       115.451
yllcorner       27.0350
cellsize     0.0166667
NODATA_Value      -999.000
[rows 32 to 63 of 183, columns 0 to 70 of 200]
8.73197 8.73197 8.73197 8.73197 8.73197 8.73197 8.73197 8.73197 8.73197 8.73197 8.73197 8.73197 8.73197 8.73197 8.60863 7.49188 7.59263 8.04830 8.53149 9.01447 9.48230 9.61819 9.61819 9.61819 9.61819 9.61819 9.61819 9.61819 9.61819 9.61819 9.61819 9.61819 9.61819 9.61819 10.4649 12.1635 12.1635 12.1635 12.1635 12.1635 12.1635 12.1635 12.1635 12.1635 12.1635 12.1635 12.1635 12.1635 12.1635 12.1635 12.0381 11.0325 9.85607 8.56196 7.06676 6.96450 6.96282 6.96867 7.00160 7.03789 7.07425 7.11054 7.13329 7.13362 7.13362 8.22656 16.2087 16.2766 16.1204 15.0443 13.8170
8.73197 8.73197 8.73197 8.73197 8.73197 8.73197 8.73197 8.73197 8.73197 8.73197 8.73197 8.73197 8.31161 7.44909 6.58695 8.42865 9.59152 9.61819 9.61819 9.61819 9.61819 9.61819 9.61819 9.61819 9.61819 9.61819 9.61819 9.61819 9.61819 9.61819 9.61819 9.61819 9.61819 9.61819 9.76276 12.1085 12.1635 12.1635 12.1635 12.1635 12.1635 12.1635 12.1635 12.1635 12.1635 12.1635 11.5554 10.3789 9.20340 8.02686 6.97622 6.80585 6.85305 8.19657 7.04644 7.06341 7.09973 7.13022 7.13362 7.13362 7.13362 7.13362 7.13362 7.13362 7.13362 7.13362 12.5987 12.3954 11.3243 11.1738 11.1738
8.73197 8.73197 8.73197 8.73197 8.73197 8.73197 8.73197 8.70020 8.06597 7.20382 6.34205 5.48027 5.03812 5.03812 5.03812 7.28693 9.61819 9.61819 9.61819 9.61819 9.61819 9.61819 9.61819 9.61819 9.61819 9.61819 9.61819 9.61819 9.61819 9.61819 9.61819 9.61819 9.61819 9.61819 9.61819 11.4958 12.1635 12.1635 12.1635 12.1635 12.1635 11.9717 10.9029 9.72738 8.55048 7.37323 6.80585 6.80585 7.27740 8.40370 9.22032 9.82958 10.2886 9.95631 7.51027 7.13362 7.13362 7.13362 7.13362 7.13362 7.13362 7.13362 7.13362 7.13362 7.13362 7.13362 9.37355 11.1738 11.1738 11.1738 11.1738
8.73197 8.73197 8.73197 8.59825 7.82070 6.95892 6.09715 5.26677 5.03812 5.03812 5.03812 5.03812 5.03812 5.03812 5.03812 5.90859 9.61819 9.61819 9.61819 9.61819 9.61819 9.61819 9.61819 9.61819 9.61819 9.61819 9.61819 9.61819 9.61819 9.61819 9.61819 9.61819 9.61819 9.61819 9.61819 10.7385 12.1544 11.4258 10.2498 9.07375 7.89774 6.91354 6.80585 6.90313 7.94244 8.88885 9.57911 10.1052 10.3971 10.4051 10.4051 10.4051 10.4051 10.3606 8.06949 7.13362 7.13362 7.13362 7.13362 7.13362 7.13362 7.13362 7.13362 7.13362 7.13362 7.13362 7.94979 11.1733 11.1738 11.1738 11.1738
7.57579 6.71402 5.85187 5.12271 5.03812 5.03812 5.03812 5.03812 5.03812 5.03812 5.03812 5.03812 5.03812 5.03812 5.03812 5.05049 9.10202 9.61819 9.61819 9.61819 9.61819 9.61819 9.61819 9.61819 9.61819 9.61819 9.61819 9.61819 9.61819 9.61819 9.61819 9.61819 9.55472 9.20401 8.81858 8.47912 7.25375 6.80585 6.80585 7.40506 8.50678 9.29604 9.88713 10.3207 10.4051 10.4051 10.4051 10.4051 10.4051 10.4051 10.4051 10.4051 10.4051 10.4051 8.99000 7.13362 7.13362 7.13362 7.13362 7.13362 7.13362 7.13362 7.13362 7.13362 7.13362 7.13362 7.13362 10.6950 11.1157 11.0602 11.0048
5.03812 5.03812 5.03812 5.03812 5.03812 5.03812 5.03812 5.03812 5.03812 5.03812 5.03812 5.03812 5.03812 5.03812 5.03812 5.03812 7.74036 9.61819 9.61819 9.61819 9.61819 9.61819 9.61819 9.61819 9.61819 9.61819 9.61819 9.61819 9.43050 9.04490 8.65931 8.27372 7.95159 7.91654 7.91654 8.32224 9.09505 9.64397 10.1555 10.4034 10.4051 10.4051 10.4051 10.4051 10.4051 10.4051 10.4051 10.4051 10.4051 10.4051 10.4051 10.4051 10.4051 10.4051 9.75850 7.32887 7.13362 7.13362 7.13362 7.13362 7.13362 7.13362 7.13116 7.07167 6.98851 6.90530 6.82218 9.35535 10.9134 10.9010 10.5535
5.03812 5.03812 5.03812 5.03812 5.03812 5.03812 5.03812 5.03812 5.03812 5.03812 5.03812 5.03812 5.03812 5.03812 5.03812 5.03812 6.36510 9.61819 9.61819 9.61819 9.61819 9.61819 9.61819 9.58739 9.27139 8.88563 8.50021 8.11444 7.91654 7.91654 7.91654 7.91654 7.91654 7.91654 7.91654 8.30735 10.6300 10.4051 10.4051 10.4051 10.4051 10.4051 10.4051 10.4051 10.4051 10.4051 10.4051 10.4051 10.4051 10.4051 10.4051 10.4051 10.4051 10.4051 10.2379 7.81392 7.13362 7.13362 7.09675 7.01374 6.93058 6.84738 6.76668 6.74300 6.74300 6.42732 5.68266 6.33756 9.21103 8.72512 8.57499
5.03812 5.03812 5.03812 5.03812 5.03812 5.03812 5.03812 5.03812 5.03812 5.03812 5.03812 5.03812 5.03812 5.03812 5.03812 5.03812 5.18560 9.42033 9.61819 9.49108 9.11195 8.72653 8.34093 7.98597 7.91654 7.91654 7.91654 7.91654 7.91654 7.91654 7.91654 7.91654 7.91654 7.91654 7.91654 7.91654 10.3759 10.4051 10.4051 10.4051 10.4051 10.4051 10.4051 10.4051 10.4051 10.4051 10.4051 10.4051 10.4051 10.4051 10.4051 10.4051 10.4051 10.3640 10.1312 8.17082 6.87261 6.78945 6.74312 6.74300 6.60130 5.90960 5.16214 4.41572 3.66896 3.23788 3.23542 3.28572 8.21284 8.57499 8.57499
5.03812 5.03812 5.03812 5.03812 5.03812 5.03812 5.03812 5.03812 5.03812 5.03812 5.03812 5.03812 5.03812 5.03812 5.03436 4.82560 4.50075 7.20463 8.18166 7.92335 7.91654 7.91654 7.91654 7.91654 7.91654 7.91654 7.91654 7.91654 7.91654 7.91654 7.91654 7.91654 7.91654 7.91654 7.91654 7.91654 9.81035 10.4405 10.4051 10.4051 10.4051 10.4051 10.4051 10.4051 10.4051 10.4051 10.4051 10.4051 10.4033 10.2461 9.98933 9.73228 9.47559 9.25971 9.23562 8.33061 6.16759 5.38908 4.64231 3.89520 3.29049 3.23542 3.23542 3.23542 3.23542 3.23542 3.23542 3.23542 5.96666 6.12189 4.68438
5.03812 5.03812 5.03812 5.03812 5.03812 5.03812 5.03812 5.03812 5.03812 5.03812 5.00648 4.73222 4.40724 4.08211 3.76075 3.64452 3.64452 5.29841 7.91654 7.91654 7.91654 7.91654 7.91654 7.91654 7.91654 7.91654 7.91654 7.91654 7.91654 7.91654 7.91654 7.91654 7.91654 7.91654 7.91654 7.91654 8.74580 10.5953 10.4051 10.4051 10.4051 10.4051 10.4051 10.4051 10.3472 10.1043 9.84735 9.59043 9.33537 9.23562 9.23562 9.09196 8.71866 8.34209 7.96570 6.86430 3.48594 3.23542 3.23542 3.23542 3.23542 3.23542 3.23542 3.23542 3.23542 3.23542 3.23542 3.23542 3.23542 3.23542 3.23542
5.03812 5.03812 5.03812 5.03812 5.03812 5.03812 4.95186 4.63871 4.31387 3.98874 3.69525 3.64452 3.64452 3.64452 3.64452 3.64452 3.64452 4.03965 7.88663 7.91654 7.91654 7.91654 7.91654 7.91654 7.91654 7.91654 7.91654 7.91654 7.91654 7.91654 7.91654 7.91654 7.91654 7.91654 7.91654 7.91654 7.91715 10.5148 10.4051 10.3986 10.2192 9.96220 9.70550 9.44857 9.24953 9.23562 9.20060 8.88463 8.50806 8.13150 7.75527 7.52219 7.51928 7.51928 7.51928 7.49041 4.02573 3.23542 3.23542 3.23542 3.23542 3.23542 3.23542 3.23542 3.23542 3.23542 3.23542 3.23542 3.23542 3.23542 3.23542
5.03812 5.03812 4.87047 4.54534 4.22050 3.89537 3.65651 3.64452 3.64452 3.64452 3.64452 3.64452 3.64452 3.64452 3.64452 3.64452 3.64452 3.64452 6.99226 7.91654 7.91654 7.91654 7.91654 7.91654 7.91654 7.91654 7.91654 7.91654 7.91654 7.91654 7.91654 7.91654 7.91654 7.91654 7.91654 7.72199 6.95551 8.93118 9.56305 9.31315 9.23562 9.23562 9.05060 8.67420 8.29764 7.92142 7.57969 7.51928 7.51928 7.51928 7.51928 7.51928 7.51928 7.51928 7.51928 7.51928 5.25015 3.23652 3.23542 3.23542 3.23542 3.23542 3.23542 3.23542 3.23542 3.23542 3.23542 3.23542 3.23542 3.23542 3.26625
4.12713 3.80200 3.64452 3.64452 3.64452 3.64452 3.64452 3.64452 3.64452 3.64452 3.64452 3.64452 3.64452 3.64452 3.64452 3.64452 3.64452 3.64452 5.70428 7.91654 7.91654 7.91654 7.91654 7.91654 7.91654 7.91654 7.91654 7.91654 7.91654 7.91654 7.91157 7.42484 6.62108 5.81662 5.01250 4.40365 4.36637 6.33271 8.82879 8.46361 8.08721 7.71082 7.51928 7.51928 7.51928 7.51928 7.51928 7.51928 7.51928 7.51928 7.51928 7.51928 7.51928 7.51928 7.51928 7.51928 6.35828 3.38313 3.23542 3.23542 3.23542 3.23542 3.23542 3.23542 3.23542 3.24403 3.36744 3.52645 3.68562 3.84467 3.97294
3.64452 3.64452 3.64452 3.64452 3.64452 3.64452 3.64452 3.64452 3.64452 3.64452 3.64452 3.64452 3.64452 3.64452 3.64452 3.64452 3.64452 3.64452 4.41555 7.91654 7.91654 7.91654 7.91654 7.91654 7.91654 7.91654 7.80435 7.09006 6.28595 5.48219 4.68376 4.36637 4.36637 4.36637 4.36637 4.36637 4.36637 4.49817 7.40365 7.51928 7.51928 7.51928 7.51928 7.51928 7.51928 7.51928 7.51928 7.51928 7.51928 7.51928 7.51928 7.51928 7.51928 7.51928 7.51928 7.51928 7.30447 3.69164 3.23542 3.23542 3.23550 3.32079 3.47984 3.63889 3.79809 3.94845 3.98425 3.98425 3.81776 3.48775 3.15805
3.64452 3.64452 3.64452 3.64452 3.64452 3.64452 3.64452 3.64452 3.64452 3.64452 3.64452 3.64452 3.64452 3.64452 3.64452 3.64452 3.64452 3.64452 3.65093 7.39236 7.91654 7.91654 7.55833 6.75564 5.95117 5.14741 4.45584 4.36637 4.36637 4.36637 4.36637 4.36637 4.36637 4.36637 4.36637 4.36637 4.36637 4.36637 6.86493 7.51928 7.51928 7.51928 7.51928 7.51928 7.51928 7.51928 7.51928 7.51928 7.51928 7.51928 7.51928 7.51928 7.51928 7.51928 7.51928 7.51928 7.54552 4.87441 3.59231 3.75136 3.91041 3.98425 3.98425 3.90124 3.58550 3.25564 2.92563 2.59592 2.43270 2.43270 2.43270
3.64452 3.64452 3.64452 3.64452 3.64452 3.64452 3.64452 3.64452 3.64452 3.64452 3.64452 3.64452 3.64452 3.64452 3.64452 3.64452 3.64452 3.64480 3.64923 5.28289 5.61674 4.81334 4.36744 4.36637 4.36637 4.36637 4.36637 4.36637 4.36637 4.36637 4.36637 4.36637 4.36637 4.36637 4.36637 4.36637 4.36637 4.36637 6.05285 7.51318 7.51928 7.51928 7.51928 7.51928 7.51928 7.51928 7.51928 7.51928 7.51928 7.51928 7.51928 7.52271 7.60103 7.71016 7.81920 7.92833 8.01113 6.42956 3.99708 3.68294 3.35323 3.02337 2.69351 2.44666 2.43270 2.43270 2.43270 2.43270 2.43270 2.43270 2.43270
3.64452 3.64452 3.64452 3.64452 3.64452 3.64452 3.64452 3.64452 3.64452 3.64452 3.64452 3.64452 3.64452 3.64556 3.65090 3.65673 3.66256 3.66811 3.66951 3.86323 4.36637 4.36637 4.36637 4.36637 4.36637 4.36637 4.36637 4.36637 4.36637 4.36637 4.36637 4.36637 4.36637 4.36637 4.36637 4.36637 4.36637 4.36637 4.85513 7.48514 7.51928 7.51928 7.51928 7.51928 7.51928 7.51928 7.51928 7.55471 7.66176 7.77084 7.87993 7.98563 8.01625 8.01625 7.80359 7.38116 6.95892 6.01132 2.69687 2.43270 2.43270 2.43270 2.43270 2.43270 2.43270 2.43270 2.43270 2.43270 2.43270 2.43270 2.43270
3.64452 3.64452 3.64452 3.64452 3.64452 3.64452 3.64452 3.64452 3.64452 3.64679 3.65258 3.65840 3.66423 3.66903 3.66951 3.66951 3.66951 3.66951 3.66951 3.68880 4.33244 4.36637 4.36637 4.36637 4.36637 4.36637 4.36637 4.36637 4.36637 4.36637 4.36637 4.36637 4.36637 4.36637 4.36637 4.36637 4.36637 4.36637 4.36637 7.10330 7.51928 7.51928 7.52643 7.61340 7.72249 7.83157 7.94056 8.01421 8.01625 7.94780 7.56451 7.14228 6.72023 6.29781 6.08823 6.08823 6.08823 6.08609 3.20493 2.43270 2.43270 2.43270 2.43270 2.43270 2.43270 2.43270 2.43270 2.43270 2.43270 2.43270 2.43270
3.64452 3.64452 3.64452 3.64452 3.64461 3.64843 3.65425 3.66008 3.66591 3.66947 3.66951 3.66951 3.66951 3.66951 3.66951 3.66951 3.66951 3.66951 3.66951 3.66951 4.14344 4.36637 4.36637 4.36637 4.36637 4.36637 4.36637 4.36637 4.36637 4.36637 4.36637 4.36637 4.36637 4.36637 4.36637 4.36637 4.36637 4.36637 4.52481 6.78804 7.80073 7.89215 7.99413 8.01625 8.01239 7.74806 7.32602 6.90359 6.48135 6.12737 6.08823 6.08823 6.08823 6.08823 6.08823 6.08823 6.08823 6.08823 4.26688 2.43975 2.43270 2.43270 2.43270 2.43270 2.43270 2.43270 2.43270 2.43270 2.43270 2.43270 2.43270
3.64517 3.65010 3.65593 3.66175 3.66750 3.66951 3.66951 3.66951 3.66951 3.66951 3.66951 3.66951 3.66951 3.66951 3.66951 3.66951 3.66951 3.66951 3.66951 3.66951 3.93524 4.36637 4.36637 4.36637 4.36637 4.36637 4.36637 4.36637 4.36637 4.36637 4.36637 4.36637 4.36637 4.38233 4.69845 5.12893 5.55941 5.98970 6.26175 6.94990 8.03945 7.50937 7.08694 6.66471 6.24633 6.08823 6.08823 6.08823 6.08823 6.08823 6.08823 6.08823 6.08823 6.08823 6.08823 6.08823 6.08823 6.08823 5.20812 2.57046 2.43270 2.43270 2.43270 2.43270 2.43270 2.43270 2.43270 2.43270 2.42566 2.35633 2.27246
3.66896 3.66951 3.66951 3.66951 3.66951 3.66951 3.66951 3.66951 3.66951 3.66951 3.66951 3.66951 3.66951 3.66951 3.66951 3.66951 3.66951 3.66951 3.66951 3.66951 3.73222 4.36115 4.36637 4.36637 4.36637 4.36637 4.36637 4.36637 4.36637 4.46744 4.87684 5.30722 5.73737 6.15213 6.26612 6.26893 6.47093 6.71160 6.88361 7.01657 6.41939 6.08823 6.08823 6.08823 6.08823 6.08823 6.08823 6.08823 6.08823 6.08823 6.08823 6.08823 6.08823 6.08823 6.08823 6.08823 6.08823 6.08823 5.98414 2.86575 2.43270 2.43270 2.43270 2.43210 2.38063 2.29659 2.21255 2.12850 2.05131 2.03645 2.03739
3.66951 3.66951 3.66951 3.66951 3.66951 3.66951 3.66951 3.66951 3.66951 3.66951 3.66951 3.66951 3.66951 3.66951 3.66951 3.66951 3.66951 3.66951 3.66951 3.66951 3.66951 4.21557 4.36637 4.36637 4.36846 4.62455 5.05484 5.48532 5.91580 6.24484 6.26612 6.31810 6.58064 6.78884 6.94116 7.05649 7.09429 7.09429 7.09429 7.09429 6.69434 6.09021 6.08823 6.08823 6.08823 6.08823 6.08823 6.08823 6.08823 6.08823 6.08823 6.08823 6.08823 6.08823 6.08823 6.08823 6.08823 6.08823 6.08823 3.81194 2.32078 2.23674 2.15265 2.06907 2.03645 2.03645 2.08898 2.27048 2.50698 2.82086 3.25505
3.66951 3.66951 3.66951 3.66951 3.66951 3.66951 3.66951 3.66951 3.66951 3.66951 3.66951 3.66951 3.66951 3.66951 3.66951 3.66951 3.66951 3.66951 3.66951 3.66951 3.73645 4.50643 5.23304 5.66333 6.09172 6.26612 6.26612 6.41847 6.67493 6.85681 6.99246 7.08402 7.09429 7.09429 7.09429 7.09429 7.09429 7.09429 7.09429 7.09429 6.91240 6.16960 6.08823 6.08823 6.08823 6.08823 6.08823 6.08823 6.08823 6.08823 6.08823 6.08823 6.08823 6.08823 6.08433 6.03687 5.97735 5.91775 5.85825 4.56525 2.11827 2.05700 2.21075 2.42959 2.71698 3.11066 3.46762 3.47825 3.47825 3.47825 3.47825
0.00000 3.66951 3.66951 3.66951 3.66951 3.66951 3.66951 3.66951 3.66951 3.66951 3.66951 3.66951 3.66951 3.66951 3.66951 3.66951 3.84081 4.39978 4.97326 5.54699 6.05402 6.15585 6.28979 6.53559 6.75685 6.91722 7.03875 7.09417 7.09429 7.09429 7.09429 7.09429 7.09429 7.09429 7.09429 7.09429 7.09429 7.09429 7.09429 7.09429 7.07026 6.30915 6.08823 6.08823 6.08823 6.08823 6.08823 6.08823 6.08823 6.08823 6.06326 6.00387 5.94435 5.88483 5.82913 5.81707 5.81346 5.52705 5.06213 4.42443 3.45738 3.40792 3.47825 3.47825 3.47825 3.47825 3.47825 3.47825 3.47825 3.47825 3.47825
0.00000 3.66951 3.66951 3.66951 3.66951 3.66951 3.66951 3.66951 3.66951 3.66951 3.66951 3.67049 3.99268 4.56641 5.13965 5.71362 6.11605 6.13082 6.13082 6.13082 6.13082 6.52840 7.06646 7.09429 7.09429 7.09429 7.09429 7.09429 7.09429 7.09429 7.09429 7.09429 7.09429 7.09429 7.09429 7.09429 7.09429 7.09429 7.09429 7.09429 7.09429 6.58261 6.08823 6.08823 6.08823 6.08164 6.03045 5.97095 5.91135 5.85180 5.81728 5.81707 5.70810 5.26629 4.80159 4.33667 3.87514 3.69707 3.69707 3.69707 4.17682 3.47825 3.47825 3.47825 3.47825 3.47825 3.47825 3.47825 3.47825 3.47825 3.47825
0.00000 3.66950 3.66951 3.66951 3.66951 3.66951 3.66951 3.70519 4.15881 4.73279 5.30628 5.87878 6.13082 6.13082 6.13082 6.13082 6.13082 6.13082 6.13082 6.13082 6.13082 6.28326 7.06332 7.09429 7.09429 7.09429 7.09429 7.09429 7.09429 7.09429 7.09429 7.09429 7.09429 7.09429 7.09429 7.09429 7.09429 7.09429 7.09429 7.09429 7.09429 6.85169 6.05323 5.93792 5.87840 5.82542 5.81707 5.80307 5.47066 5.00595 4.54083 4.07612 3.72017 3.69707 3.69707 3.69707 3.69707 3.69707 3.69707 3.69707 4.09437 3.52046 3.47825 3.47825 3.47825 3.47825 3.47825 3.47825 3.47825 3.47825 3.47825
0.00000 0.00000 3.66951 3.78814 4.32544 4.89918 5.47291 6.01071 6.13082 6.13082 6.13082 6.13082 6.13082 6.13082 6.13082 6.13082 6.13082 6.13082 6.13082 6.13082 6.13082 6.13082 6.94170 7.09429 7.09429 7.09429 7.09429 7.09429 7.09429 7.09429 7.09429 7.09429 7.09429 7.09429 7.09429 7.09429 7.09594 7.11248 7.13255 7.15262 7.17267 7.11041 6.11125 5.66633 5.21011 4.74541 4.28049 3.82935 3.69707 3.69707 3.69707 3.69707 3.69707 3.69707 3.69707 3.69707 3.69707 3.69707 3.69707 3.69707 3.86143 3.87639 3.47825 3.47825 3.47825 3.47825 3.47825 3.47825 3.47825 3.47825 3.47825
0.00000 0.00000 5.65255 6.09439 6.13082 6.13082 6.13082 6.13082 6.13082 6.13082 6.13082 6.13082 6.13082 6.13082 6.13082 6.13082 6.13082 6.13082 6.13082 6.13082 6.13082 6.13082 6.72161 7.09119 7.09429 7.09429 7.09429 7.09429 7.09429 7.09429 7.09429 7.09429 7.10109 7.12088 7.14092 7.16098 7.17941 7.18295 7.17075 6.90412 6.53583 6.16770 4.72449 3.70576 3.69707 3.69707 3.69707 3.69707 3.69707 3.69707 3.69707 3.69707 3.69707 3.69707 3.69707 3.69707 3.69707 3.69707 3.69707 3.69707 3.70568 4.17733 3.47825 3.47825 3.47825 3.47825 3.48165 3.59580 3.76391 3.93187 4.09983
0.00000 0.00000 6.13082 6.13082 6.13082 6.13082 6.13082 6.13082 6.13082 6.13082 6.13082 6.13082 6.13082 6.13082 6.13082 6.13082 6.13082 6.13082 6.13082 6.13082 6.13082 6.13082 6.41650 7.07290 7.09429 7.09429 7.09429 7.09487 7.10915 7.12921 7.14929 7.16937 7.18264 7.18295 7.09933 6.75040 6.38227 6.01381 5.65771 5.55621 5.55621 5.55621 4.93993 3.71681 3.69707 3.69707 3.69707 3.69707 3.69707 3.69707 3.69707 3.69707 3.69707 3.69707 3.69707 3.69707 3.69707 3.69707 3.69707 3.69707 3.69707 4.13630 3.54570 3.71279 3.88083 4.04879 4.21343 4.26715 4.26715 4.26715 4.26715
0.00000 0.00000 6.13082 6.13082 6.13082 6.13082 6.13082 6.13082 6.13082 6.13082 6.13082 6.13082 6.13082 6.13082 6.13082 6.13082 6.13082 6.13082 6.13082 6.13082 6.13082 6.13082 6.13564 7.01398 7.11752 7.13760 7.15767 7.17715 7.18295 7.18132 6.96513 6.59667 6.22838 5.86030 5.57573 5.55621 5.55621 5.55621 5.55621 5.55621 5.55621 5.55621 5.30196 3.90442 3.69707 3.69707 3.69707 3.69707 3.69707 3.69707 3.69707 3.69707 3.69707 3.69707 3.69707 3.69707 3.69707 3.70377 3.75880 3.82333 3.88786 4.27514 4.45333 4.26715 4.26715 4.26715 4.26715 4.26715 4.26715 4.26715 4.26715
0.00000 0.00000 0.00000 6.13082 6.13082 6.13082 6.13082 6.13082 6.13082 6.13082 6.13082 6.13082 6.13082 6.13082 6.13082 6.13082 6.13082 6.13082 6.13082 6.23590 6.47667 6.71786 6.95905 7.39582 7.18544 7.13528 6.81124 6.44327 6.07497 5.70814 5.55621 5.55621 5.55621 5.55621 5.55621 5.55621 5.55621 5.55621 5.55621 5.55621 5.55621 5.55621 5.54316 4.21286 3.69707 3.69707 3.69707 3.69707 3.69707 3.69707 3.69707 3.69707 3.69707 3.73024 3.79480 3.85933 3.92386 3.98168 3.99118 3.98850 3.92473 3.89297 4.78308 4.26715 4.26715 4.26715 4.26715 4.26715 4.26715 4.26715 4.26715
0.00000 0.00000 0.00000 6.13082 6.13082 6.13082 6.13082 6.13082 6.13082 6.13082 6.13082 6.13082 6.13082 6.13082 6.13671 6.30488 6.54628 6.78726 7.02844 7.16465 7.16507 7.16507 7.16507 6.96344 5.99765 5.60062 5.55621 5.55621 5.55621 5.55621 5.55621 5.55621 5.55621 5.55621 5.55621 5.55621 5.55621 5.55621 5.55621 5.55621 5.55621 5.55621 5.55621 4.74942 3.69722 3.69707 3.69707 3.69707 3.70759 3.76627 3.83080 3.89533 3.95986 3.99118 3.99118 3.96258 3.87527 3.78618 3.69717 3.61076 3.58548 3.58548 4.53439 4.26715 4.26715 4.26715 4.26715 4.59290 6.42868 7.87685 8.91300
