High_resolution/powerplant/Shangrao/OMI_NO2_200804.asc
ncols      200
nrows      200
xllcorner       115.451
yllcorner       27.0350
cellsize     0.0166667
NODATA_Value      -999.000
[rows 60 to 89 of 175, columns 0 to 65 of 200]
2.34427 2.57784 2.85444 3.16555 3.16555 3.16555 3.16555 3.12125 2.90489 2.67109 2.43747 2.28018 2.27591 2.27591 2.27591 2.27591 2.27591 2.27591 2.27508 1.96580 2.09524 2.62374 2.62374 2.55088 2.65306 2.65306 2.65306 2.65306 2.65306 2.65306 2.65306 2.65306 2.43445 2.35515 2.35515 2.35515 2.35515 2.40869 2.54747 2.54271 2.54012 2.53296 2.53776 2.54255 2.54731 2.55206 2.56404 2.60793 2.65554 2.70318 2.75082 2.77586 3.04611 2.72911 2.73545 2.74231 2.75647 2.77286 2.78931 2.36656 2.03202 2.04844 2.06487 2.08064 2.08906 2.09540
2.20832 2.57784 2.67711 3.14474 2.94677 2.69295 2.43653 2.22460 2.18460 2.16195 2.13937 2.11675 2.09410 2.07145 2.04886 2.02621 2.00359 1.98094 1.95551 1.77614 1.44872 1.75216 1.43701 1.27579 2.56247 2.55607 2.54988 2.54349 2.53724 2.53097 2.52460 2.51842 2.37414 2.24468 2.23994 2.23520 2.23054 2.23449 2.41425 2.41815 2.43919 2.67634 2.70527 2.74815 2.79101 2.83391 2.86959 2.87335 2.87204 2.86979 2.86754 2.86530 3.13651 2.91896 2.91482 2.92436 2.92667 2.92667 2.92667 2.71671 2.13644 2.13644 2.13644 2.13644 2.13644 2.13644
1.79139 1.91531 1.66216 1.93566 1.95568 1.95326 1.95326 1.95326 1.95326 1.95326 1.95326 1.95326 1.95326 1.95326 1.93776 1.84367 1.73867 1.63357 1.53225 1.47034 0.894868 1.26121 1.27579 1.27579 2.47747 2.47747 2.47747 2.47747 2.47747 2.47747 2.47747 2.47747 2.40453 2.22345 2.22345 2.22345 2.22345 2.21794 2.33792 2.34760 2.31285 2.73109 2.86830 2.86605 2.86381 2.86156 2.85930 2.85707 2.85613 2.85613 2.85613 2.85613 3.03657 3.02816 2.92667 2.92672 2.93503 2.94834 2.96114 2.95503 2.29407 2.28201 2.30517 2.32741 2.34909 2.37000
0.671039 1.27704 1.36554 1.69784 1.95326 1.95326 1.95326 1.95326 1.95326 1.95326 1.91790 1.81456 1.70951 1.60446 1.51491 1.50395 1.50395 1.50395 1.50395 1.50395 1.00537 1.10980 1.27579 1.27579 2.47747 2.47747 2.47747 2.47747 2.47747 2.47747 2.47747 2.47747 2.46616 2.20991 2.16974 2.13381 2.09787 2.06743 2.16317 2.25322 2.27077 2.60291 2.92681 2.95187 2.97693 3.00219 3.02729 3.05235 3.07757 3.10267 3.12777 3.15291 3.23116 3.24685 3.10061 3.10854 3.11165 3.11165 3.11165 3.11165 2.70531 2.51898 2.51898 2.51898 2.51898 2.51898
0.671039 1.14975 1.36554 1.52041 1.95326 1.95277 1.89045 1.78540 1.68035 1.57530 1.50565 1.50395 1.50395 1.50395 1.50395 1.50395 1.50395 1.50395 1.50395 1.50395 1.16856 0.990963 1.27579 1.27579 2.47747 2.47702 2.47477 2.47233 2.46632 2.42666 2.37872 2.33083 2.28295 2.28594 2.32728 2.35250 2.37760 2.40270 2.48036 2.64282 2.64875 2.78775 3.25455 3.25455 3.25455 3.25455 3.25455 3.25455 3.25455 3.25455 3.25455 3.25455 3.26070 3.33166 3.11165 3.11165 3.11165 3.11165 3.11165 3.11165 2.87722 2.51898 2.51898 2.58055 2.70234 2.82397
0.671039 1.00265 1.42355 1.50762 1.66006 1.54672 1.50395 1.50395 1.50395 1.50395 1.50395 1.50395 1.50395 1.50395 1.50395 1.50395 1.50395 1.51064 1.67555 1.90700 2.03980 2.08529 1.28188 1.27579 2.43855 2.39997 2.35431 2.30881 2.26693 2.25866 2.25866 2.25866 2.25866 2.38593 2.45776 2.45776 2.45776 2.45776 2.46603 2.64474 2.64875 2.68095 3.19319 3.25455 3.25455 3.25455 3.25455 3.25455 3.25455 3.25455 3.25455 3.25455 3.25455 3.36865 3.12088 3.11165 3.11165 3.11165 3.12783 3.20604 3.23133 2.90995 3.03049 3.09056 3.09056 3.09056
0.990220 1.20788 1.66365 1.66365 1.55775 1.50395 1.50395 1.50395 1.50395 1.50395 1.50395 1.50395 1.50395 1.50421 1.63148 1.86293 2.09430 2.31887 2.38533 2.38533 2.35996 2.20072 1.58654 1.27579 2.19908 2.25866 2.25866 2.25866 2.25866 2.25866 2.25866 2.25866 2.25866 2.34210 2.45776 2.45776 2.45776 2.45776 2.45776 2.60530 2.64875 2.65814 3.04772 3.25455 3.25455 3.25455 3.25455 3.25455 3.25455 3.25455 3.25455 3.25455 3.25455 3.34581 3.24080 3.25197 3.33631 3.42074 3.48890 3.49504 3.49504 3.16506 3.09056 3.09056 3.09056 3.09056
1.11820 1.12065 1.63460 1.66365 1.60547 1.50395 1.50395 1.50395 1.50395 1.50395 1.58970 1.81895 2.05032 2.28141 2.38533 2.38533 2.38533 2.38533 2.38533 2.38533 2.38341 2.21243 1.90414 1.27579 2.13945 2.25866 2.25866 2.25866 2.25866 2.25866 2.25866 2.25866 2.25866 2.29205 2.45776 2.45776 2.45776 2.45776 2.45776 2.55755 2.64875 2.64875 2.88895 3.25455 3.25455 3.25455 3.25455 3.25561 3.26063 3.28704 3.37322 3.46293 3.55273 3.69848 3.67985 3.53881 3.54419 3.54955 3.55495 3.56683 3.59715 3.41586 3.25557 3.28700 3.31845 3.34987
1.11820 1.11820 1.54315 1.66365 1.65134 1.50582 1.55595 1.77488 2.00625 2.24180 2.42312 2.46769 2.50988 2.55224 2.59448 2.63679 2.67903 2.72134 2.76364 2.80588 2.84825 2.43922 2.13834 1.37112 2.11367 2.29778 2.30326 2.30863 2.31413 2.31947 2.32501 2.33035 2.33583 2.34150 2.51165 2.52785 2.53190 2.53600 2.54003 2.59604 2.73917 2.74330 2.87835 3.39780 3.42543 3.49152 3.58121 3.66997 3.75468 3.81802 3.82162 3.81971 3.80824 3.81935 3.88505 3.78708 3.81315 3.83923 3.86524 3.88484 3.88592 3.79035 3.48144 3.48144 3.48144 3.48144
1.62751 1.71845 1.92543 2.24154 2.51518 2.66632 2.85067 2.90543 2.94773 2.98585 2.99228 2.99228 2.99228 2.99228 2.99228 2.99228 2.99228 2.99638 3.01220 3.02873 3.04525 2.73349 2.30671 1.68971 2.23635 2.40204 2.41172 2.41172 2.41172 2.41172 2.41172 2.41172 2.41172 2.41172 2.53233 2.57255 2.57255 2.57255 2.57255 2.58058 2.79874 2.95141 3.19206 3.63552 3.78847 3.79939 3.78662 3.77385 3.76109 3.74832 3.73555 3.72470 3.72340 3.72421 3.86659 3.88567 3.88592 3.88592 3.88592 3.88592 3.88592 3.88016 3.50713 3.47668 3.47392 3.47104
2.66057 2.89193 3.10279 3.15198 3.15198 3.07724 2.99228 2.99228 2.99228 2.99228 2.99228 2.99228 2.99228 3.00035 3.01687 3.03340 3.04992 3.06233 3.06305 3.06305 3.06305 2.88701 2.30687 1.99833 2.23085 2.36850 2.41172 2.41172 2.41172 2.41172 2.41172 2.41172 2.41172 2.41172 2.49926 2.57399 2.67824 2.85782 3.03820 3.21853 3.38521 3.37928 3.41599 3.61217 3.72340 3.72253 3.72052 3.71850 3.71647 3.71446 3.71244 3.71041 3.70840 3.70638 3.84622 3.92577 3.93292 3.93758 3.94235 3.94732 3.95249 3.95761 3.60465 3.41973 3.41973 3.41973
3.12770 3.12770 3.12884 3.15165 3.15198 3.12504 2.99228 2.99228 2.99288 3.00502 3.02148 3.03807 3.05459 3.06305 3.06305 3.06305 3.06305 3.06305 3.06305 3.06305 3.06305 3.01418 2.30755 2.19817 2.21127 2.32735 2.41172 2.41172 2.41189 2.43217 2.46612 2.53238 2.75279 2.99328 3.21726 3.35541 3.42953 3.42830 3.42628 3.42426 3.37297 3.32567 3.33731 3.52289 3.69224 3.69140 3.69140 3.69140 3.69140 3.69140 3.69140 3.69140 3.69140 3.69140 3.80197 3.95287 3.95903 3.95903 3.95903 3.95903 3.95903 3.95903 3.76094 3.41973 3.41973 3.41943
3.12770 3.12770 3.12770 3.14744 3.14781 3.11896 3.02950 3.04274 3.05865 3.06305 3.06305 3.06305 3.06305 3.06305 3.06305 3.06305 3.06305 3.06305 3.06305 3.06305 3.07018 3.11710 2.59286 2.54274 2.18197 2.30093 2.58004 2.71340 2.95382 3.17395 3.38058 3.55479 3.57497 3.57497 3.56506 3.41462 3.41300 3.41300 3.41300 3.41300 3.38723 3.31844 3.31844 3.47484 3.65679 3.69140 3.69140 3.69140 3.69140 3.69140 3.69140 3.69140 3.69140 3.69140 3.75086 3.94968 3.95903 3.95903 3.95903 3.95903 3.95903 3.97304 3.97632 3.19494 3.08202 2.97935
3.12039 3.08951 3.05669 3.03861 3.01964 3.01563 3.04249 3.06305 3.06305 3.06305 3.06305 3.06305 3.06305 3.06305 3.06305 3.06305 3.06596 3.10715 3.16017 3.21317 3.25907 3.26517 2.89984 2.61006 2.15599 3.12006 3.46645 3.57497 3.57497 3.57497 3.57497 3.57497 3.57497 3.57497 3.57497 3.43672 3.41300 3.41300 3.41300 3.41300 3.40889 3.32041 3.31844 3.43866 3.59994 3.69140 3.69140 3.69140 3.69140 3.69140 3.69140 3.69140 3.69140 3.69140 3.70599 3.94571 3.96078 4.00048 4.05405 4.10762 4.16115 4.20070 4.20275 3.20421 2.93543 2.93543
2.99317 2.99135 2.99135 3.00028 3.01563 3.01563 3.02832 3.06305 3.06305 3.06305 3.06305 3.06305 3.06362 3.09721 3.15022 3.20324 3.25335 3.26517 3.26517 3.26517 3.26517 3.26517 3.04339 2.61006 2.12555 3.40032 3.58255 3.57497 3.57497 3.57497 3.57497 3.57497 3.57497 3.57497 3.57497 3.46788 3.41300 3.41300 3.41300 3.41300 3.41300 3.33973 3.31844 3.40254 3.54327 3.69140 3.69140 3.69140 3.69140 3.69140 3.69140 3.69140 3.70506 3.74461 3.78477 4.06906 4.18585 4.20295 4.20337 4.20379 4.20420 4.20462 4.20502 3.57213 2.93347 2.93072
2.99135 2.99135 2.99135 2.99489 3.01563 3.01563 3.01677 3.06047 3.06305 3.08734 3.14032 3.19330 3.24577 3.26517 3.26357 3.24154 3.21335 3.18524 3.15709 3.12894 3.10079 3.07267 2.96841 2.61006 2.12555 3.06171 3.58962 3.57462 3.57414 3.57368 3.57321 3.57274 3.57228 3.57180 3.57133 3.49942 3.40956 3.40921 3.40886 3.40851 3.40816 3.35816 3.31290 3.36339 3.50693 3.68474 3.69876 3.70188 3.73453 3.77500 3.81549 3.85596 3.88280 3.88373 3.88404 4.09193 4.25033 4.20885 4.20569 4.20252 4.19935 4.19619 4.19304 3.92749 2.92444 2.92444
2.98983 2.95819 2.91516 2.87186 2.89252 2.88866 2.91213 2.96890 3.00931 3.00988 2.98181 2.95362 2.92551 2.89736 2.87081 2.86472 2.86472 2.86472 2.86472 2.86472 2.83027 2.74440 2.65193 2.18794 2.08955 2.52028 3.58049 3.56192 3.56192 3.56192 3.56192 3.56192 3.56192 3.56192 3.56192 3.53075 3.40321 3.40321 3.40321 3.40321 3.40321 3.37708 3.30865 3.32142 3.50506 3.69384 3.83962 3.88706 3.93637 3.98008 4.02374 4.06749 4.11117 4.15489 4.19861 4.37296 4.51989 4.19177 4.19177 4.19177 4.19177 4.19177 4.19177 4.18302 3.03609 2.92444
2.38839 2.43640 2.48478 2.53782 2.72224 2.81591 2.81730 2.83506 2.86472 2.86472 2.86472 2.86472 2.86472 2.86472 2.86472 2.86346 2.80676 2.72038 2.63396 2.54758 2.49557 2.49509 2.49509 2.18830 2.08638 2.08848 3.48414 3.56342 3.56192 3.56192 3.56192 3.56192 3.56192 3.56192 3.56192 3.56095 3.41160 3.40321 3.40314 3.40325 3.43438 3.47358 3.42852 3.46935 3.68496 3.89411 4.18474 4.21835 4.22060 4.22060 4.22362 4.24247 4.26392 4.28604 4.30905 4.39603 4.62716 4.19839 4.19177 4.19177 4.19177 4.19177 4.19177 4.19177 3.39437 2.92444
2.29536 2.62490 2.62952 2.62952 2.71894 2.81730 2.81730 2.82135 2.86430 2.86472 2.86472 2.85603 2.78270 2.69639 2.60997 2.52481 2.49509 2.49509 2.49509 2.49509 2.49509 2.49509 2.49509 2.29473 2.08638 2.08638 3.18677 3.56800 3.56192 3.56192 3.56192 3.56192 3.57274 3.62850 3.68861 3.74689 3.65168 3.66265 3.72157 3.78238 3.81113 3.82678 3.76035 3.75192 3.92300 4.06052 4.51424 4.55073 4.58380 4.61790 4.64811 4.65178 4.65178 4.65178 4.65178 4.65178 4.65178 4.28768 4.19177 4.19177 4.19177 4.19177 4.19177 4.19177 3.76151 2.92444
2.07869 2.62952 2.62952 2.62952 2.67694 2.81730 2.81730 2.79422 2.74659 2.67233 2.58591 2.50821 2.49509 2.49509 2.49509 2.49509 2.49509 2.49509 2.49509 2.49509 2.49509 2.49509 2.49509 2.40146 2.08638 2.08638 2.75253 3.64215 3.77063 3.83118 3.89039 3.94865 3.99599 3.99844 3.99660 3.99649 3.99649 3.99649 3.99649 3.99649 3.99649 3.99649 3.93090 3.87273 3.99404 4.13884 4.53655 4.65178 4.65178 4.65178 4.65178 4.65178 4.65178 4.65178 4.65178 4.65178 4.65178 4.40158 4.19177 4.19177 4.19177 4.19177 4.19177 4.19177 4.05088 2.80436
1.89355 2.57813 2.62952 2.59483 2.50933 2.59124 2.49943 2.42775 2.45752 2.49509 2.49509 2.49509 2.49509 2.49509 2.49509 2.49509 2.49509 2.49509 2.49509 2.50417 2.55326 2.60715 2.66101 2.67139 2.08638 2.08638 2.18105 3.64404 3.99986 3.99743 3.99649 3.99649 3.99649 3.99649 3.99649 3.99649 3.99649 3.99649 3.99649 3.99649 3.99649 3.99649 3.96184 3.87273 3.94017 4.13884 4.38713 4.65178 4.65178 4.65178 4.65178 4.65178 4.65178 4.65178 4.65178 4.65178 4.65178 4.51543 4.19177 4.17912 4.04096 3.87076 3.70047 3.53027 3.41819 2.68232
1.73644 2.11687 2.29660 2.23662 2.23567 2.38682 2.42345 2.42345 2.43604 2.49509 2.49509 2.49509 2.49509 2.49509 2.49509 2.49928 2.54326 2.59714 2.65098 2.69576 2.70051 2.70051 2.70051 2.70046 2.08638 2.08638 2.08638 3.30521 3.96822 3.99649 3.99649 3.99649 3.99649 3.99649 3.99649 3.99649 3.99649 3.99649 3.99649 3.99649 3.99649 3.99649 3.99028 3.87484 3.88788 4.13719 4.23758 4.65178 4.65178 4.65178 4.65178 4.65178 4.65178 4.65178 4.65178 4.57572 4.40574 4.20793 3.61039 3.44769 3.41563 3.41563 3.41563 3.41563 3.41563 2.96005
1.48603 1.72471 2.23567 2.23567 2.23567 2.34481 2.42345 2.42345 2.42349 2.48630 2.49509 2.49624 2.53326 2.58710 2.64096 2.69063 2.70051 2.70051 2.70051 2.70001 2.68499 2.66343 2.64186 2.62033 2.08638 2.08638 2.08638 2.93384 3.88550 3.99649 3.99649 3.99649 3.99649 3.99649 3.99649 3.99327 3.98587 3.97866 3.97118 3.96401 3.95655 3.94929 3.94193 3.83773 3.80356 4.04539 4.09001 4.54469 4.59353 4.58987 4.56440 4.41134 4.23731 4.06345 3.88943 3.79158 3.78761 3.78387 3.41066 3.30716 3.29344 3.27976 3.26615 3.25248 3.23876 3.04730
1.48603 1.51661 2.20718 2.23567 2.23567 2.30007 2.40112 2.37958 2.38616 2.45993 2.52243 2.55355 2.54888 2.52734 2.50575 2.48425 2.46265 2.44112 2.41958 2.39848 2.39200 2.39200 2.39198 2.38326 1.70019 1.67831 1.65629 1.96602 3.58617 3.83107 3.82386 3.81640 3.80918 3.80179 3.79449 3.79039 3.79039 3.79039 3.79039 3.79039 3.79039 3.79039 3.79039 3.72432 3.66663 3.88985 4.00359 4.15686 4.08812 3.91776 3.76934 3.74612 3.74229 3.73846 3.73463 3.73080 3.72698 3.72315 3.43729 3.20922 3.20922 3.20922 3.20922 3.20922 3.20922 3.20652
1.37185 1.35772 1.85872 2.07908 2.08375 2.13315 2.24079 2.29463 2.32037 2.34060 2.39200 2.39200 2.39200 2.39200 2.39200 2.39200 2.39200 2.39200 2.39111 2.37878 2.36299 2.34716 2.33140 2.32431 1.46808 1.46808 1.46808 1.46808 3.21122 3.79039 3.79039 3.79039 3.79039 3.79039 3.79039 3.79039 3.79039 3.79039 3.79039 3.79039 3.79039 3.78895 3.77582 3.71403 3.61577 3.74982 3.92992 3.86424 3.72821 3.72439 3.72058 3.71909 3.71909 3.71909 3.71909 3.71909 3.71909 3.71909 3.56184 3.20922 3.20922 3.20922 3.20922 3.20922 3.20922 3.20922
1.29921 1.28841 1.60597 2.22060 2.25563 2.25642 2.31467 2.32037 2.32037 2.32251 2.38874 2.39200 2.39200 2.39200 2.38897 2.37431 2.35850 2.34270 2.32779 2.32431 2.32431 2.32431 2.32431 2.32431 1.46808 1.46808 1.46808 1.46808 2.68586 3.75421 3.79039 3.79039 3.79039 3.79039 3.79039 3.78979 3.75319 3.68976 3.61655 3.54306 3.46964 3.39764 3.33727 3.31064 3.56366 3.65197 3.91314 3.90312 3.72371 3.71909 3.71909 3.71909 3.71909 3.71909 3.71909 3.71909 3.71909 3.71909 3.68368 3.21315 3.20922 3.20922 3.20922 3.20922 3.20922 3.20922
1.25847 1.25749 1.33071 2.24059 2.25635 2.25635 2.30052 2.32037 2.32037 2.32037 2.37449 2.36984 2.35403 2.33823 2.32545 2.32431 2.32431 2.32431 2.32431 2.32431 2.32431 2.32431 2.32431 2.32431 1.46808 1.46808 1.46808 1.46808 2.10769 3.60720 3.67372 3.61598 3.55769 3.48859 3.41513 3.34229 3.30543 3.29532 3.29513 3.29513 3.29513 3.29513 3.29513 3.29513 3.50999 3.58541 3.91013 3.91314 3.77022 3.71909 3.71909 3.71909 3.71909 3.71909 3.71909 3.71909 3.71909 3.71909 3.71909 3.30308 3.20922 3.20922 3.20922 3.20922 3.20922 3.20922
1.25749 1.25749 1.25749 2.00009 2.25635 2.25663 2.38522 2.62716 2.87520 3.17851 2.87405 2.32431 2.32431 2.32431 2.32431 2.32431 2.32431 2.32431 2.32431 2.32431 2.32431 2.32431 2.23205 1.97317 1.46808 1.46808 1.46808 1.46808 1.49724 3.22678 3.33030 3.31463 3.29947 3.29513 3.29513 3.29513 3.29513 3.29513 3.29513 3.29513 3.29513 3.29513 3.29513 3.29513 3.44184 3.56808 3.85789 3.91314 3.82673 3.71909 3.71909 3.71909 3.71909 3.71909 3.71909 3.71909 3.71909 3.71909 3.71909 3.42877 3.20922 3.20922 3.21064 3.22103 3.23296 3.24489
1.25749 1.25958 1.32427 1.92914 2.83864 3.14287 3.32601 3.39840 3.39840 3.39840 3.25111 2.32847 2.32431 2.32431 2.32431 2.32431 2.32431 2.32431 2.26817 2.02160 1.75933 1.49695 1.32703 1.32363 1.46808 1.46808 1.46808 1.46808 1.46808 2.83689 3.29513 3.29513 3.29513 3.29513 3.29513 3.29513 3.29513 3.29513 3.29513 3.29513 3.29513 3.29513 3.29513 3.29513 3.37389 3.56808 3.78837 3.91314 3.88323 3.71909 3.71909 3.71909 3.71909 3.71909 3.71909 3.71909 3.71909 3.71910 3.72559 3.57259 3.23957 3.25150 3.26200 3.26355 3.26355 3.26355
1.58539 1.74612 1.80409 1.98068 3.29817 3.30237 3.30633 3.39678 3.39840 3.39840 3.39840 2.48393 2.32431 2.32431 2.29542 2.07014 1.80776 1.54548 1.33934 1.32363 1.32363 1.32363 1.32363 1.32363 1.46808 1.46808 1.46808 1.46808 1.46808 2.31206 3.28522 3.29513 3.29513 3.29513 3.29513 3.29513 3.29513 3.29513 3.29513 3.29513 3.29513 3.29513 3.29513 3.29763 3.32317 3.58822 3.72625 3.86529 3.85558 3.67848 3.64219 3.63251 3.62283 3.61526 3.61658 3.61883 3.62103 3.62324 3.61901 3.56791 3.09206 3.08019 3.05924 3.01649 2.97303 2.92980
