High_resolution/powerplant/Shangrao/OMI_NO2_201103.asc
ncols      200
nrows      200
xllcorner       115.451
yllcorner       27.0350
cellsize     0.0166667
NODATA_Value      -999.000
[rows 87 to 115 of 200, columns 0 to 66 of 200]
3.95886 3.95886 3.95886 3.95886 3.95886 3.95886 3.94711 5.72022 6.45035 6.42350 6.40001 8.41355 13.6334 13.6334 13.6334 13.6334 13.6334 13.6334 13.6334 13.9720 14.7050 15.4385 16.1634 16.4268 16.4268 16.4268 16.4268 16.4268 16.4268 16.4268 16.4268 16.4268 10.8686 4.18710 3.74111 3.74111 3.74111 3.74111 3.74111 3.74000 3.73637 3.73265 3.72893 3.72542 3.72462 3.72462 3.72462 3.72462 3.72511 3.75796 3.81037 3.78140 3.60289 3.61887 3.61887 3.61887 3.61523 3.29230 3.26191 3.26191 3.26191 3.26191 3.26191 3.26191 3.26191 3.26191 3.26191
3.95886 3.95886 3.94070 3.88782 3.83416 3.78050 3.73854 4.72894 6.39664 6.39664 6.39664 6.59956 13.2848 13.6334 13.6334 13.8504 14.5642 15.2980 16.0313 16.4263 16.4268 16.4268 16.4268 16.4268 16.4268 16.4268 16.4268 16.4268 16.4268 16.4268 16.4268 16.4268 12.9374 5.98256 3.74104 3.73850 3.73477 3.73099 3.72733 3.72471 3.72462 3.72462 3.72462 3.72462 3.72468 3.75363 3.80606 3.85850 3.91039 3.92996 3.92996 3.92293 3.63560 3.61887 3.61887 3.61887 3.61887 3.39866 3.26191 3.26191 3.26191 3.26191 3.26191 3.26191 3.26191 3.26191 3.26191
3.82545 3.77179 3.73629 3.73546 3.73546 3.73546 3.73546 3.77770 6.26334 6.39664 6.39664 6.51899 12.1146 15.1572 15.8908 16.4073 16.4268 16.4268 16.4268 16.4268 16.4268 16.4268 16.4268 16.4268 16.4268 16.4268 16.4268 16.4268 16.4268 16.4268 16.3944 16.1769 14.1194 7.85957 3.72580 3.72462 3.72462 3.72462 3.72462 3.72462 3.72462 3.74932 3.80172 3.85411 3.90647 3.92996 3.92996 3.92996 3.92996 3.92996 3.92996 3.92996 3.71964 3.61887 3.61887 3.61887 3.61887 3.50846 3.26191 3.26191 3.26191 3.26191 3.26191 3.26191 3.27003 3.33969 3.42213
3.73546 3.73546 3.73546 3.73546 3.73546 3.73546 3.73546 3.73546 6.22270 7.78023 8.51351 9.12471 11.9547 16.4268 16.4268 16.4268 16.4268 16.4268 16.4268 16.4268 16.4268 16.4268 16.4268 16.4268 16.4268 16.4268 16.3501 16.0962 15.7571 15.2882 14.7248 14.6447 14.5396 9.70870 3.94592 3.72462 3.72462 3.74525 3.79737 3.84979 3.90222 3.92994 3.92996 3.92996 3.92996 3.92996 3.92996 3.92996 3.92996 3.92996 3.92996 3.92996 3.81079 3.61887 3.61887 3.61887 3.61887 3.60487 3.27537 3.26191 3.30349 3.38593 3.46834 3.55078 3.62510 3.63784 3.63784
3.73546 3.73546 3.73546 3.73546 3.73546 3.73546 3.73546 3.73546 6.11786 9.19008 9.19008 9.19008 9.84542 16.3747 16.4268 16.4268 16.4268 16.4268 16.4268 16.4268 16.4268 16.4251 16.2858 16.0088 15.6386 15.1190 14.6550 14.6447 14.6447 14.6447 14.6447 14.6447 14.6447 10.7872 5.55636 3.84544 3.89791 3.92965 3.92996 3.92996 3.92996 3.92996 3.92996 3.92996 3.92996 3.92996 3.92996 3.92996 3.92996 3.92996 3.92996 3.92996 3.90023 3.62051 3.61887 3.63202 3.70668 3.78909 3.62388 3.59702 3.63784 3.63784 3.63784 3.65832 3.82223 4.01452 4.20682
3.73546 3.73546 3.73546 3.73546 3.73546 3.73546 3.73546 3.73546 3.98282 9.02138 9.19008 9.19008 9.19008 14.8666 16.4268 16.4268 16.4268 16.4087 16.2136 15.9139 15.5082 14.9348 14.6447 14.6447 14.6447 14.6447 14.6447 14.6447 14.6447 14.5822 14.2560 13.9003 13.5445 11.1596 7.12140 3.92996 3.92996 3.92996 3.92996 3.92996 3.92996 3.92996 3.92996 3.92996 3.92996 3.92996 3.92996 3.92996 3.92996 3.92996 3.92981 3.86495 3.72349 3.77111 3.91777 3.98702 3.99480 3.99480 3.85694 3.66112 3.82898 4.02127 4.21357 4.38531 4.41354 4.41354 4.41354
3.73546 3.73546 3.73546 3.73546 3.73546 3.73546 3.73546 3.73546 3.73546 8.02220 9.19008 9.19008 9.19008 12.6472 16.1359 15.8104 15.3644 14.7811 14.6447 14.6447 14.6447 14.6447 14.6447 14.6447 14.6447 14.6148 14.3211 13.9654 13.6093 13.3161 13.2866 13.2866 13.2866 12.7879 8.70154 3.98937 3.92996 3.92996 3.92996 3.92996 3.92996 3.92996 3.92996 3.92996 3.92996 3.92996 3.91707 3.80932 3.65064 3.43833 3.13906 2.96232 2.96232 3.65448 3.99480 3.99204 3.96751 3.93829 3.92825 4.38403 4.41354 4.41354 4.41354 4.41354 4.41354 4.41354 4.41354
3.73546 3.73546 3.73546 3.73546 3.73546 3.73546 3.73546 3.73546 3.73546 6.64272 10.2523 11.3430 12.8752 14.5228 14.6447 14.6447 14.6447 14.6447 14.6447 14.6447 14.6447 14.6355 14.3860 14.0300 13.6743 13.3484 13.2866 13.2866 13.2866 13.2866 13.2866 13.2866 13.2866 13.2866 9.69185 5.16994 3.92996 3.92996 3.92996 3.92996 3.92996 3.92996 3.88282 3.74702 3.56842 3.32433 3.01924 2.96232 2.96232 2.96232 2.96232 2.95861 2.91240 3.23305 3.91139 3.88493 3.88024 3.88024 3.88024 4.29088 4.41354 4.41354 4.41354 4.41354 4.41354 4.41354 4.41354
3.73546 3.73546 3.73546 3.73546 3.73546 3.73546 3.73546 3.73546 3.73546 14.1200 14.6447 14.6447 14.6447 14.6447 14.6447 14.6447 14.6447 14.6443 14.4508 14.0949 13.7392 13.3928 13.2866 13.2866 13.2866 13.2866 13.2866 13.2866 13.2866 13.2866 13.2866 13.2866 13.2866 13.2866 10.6668 6.77590 3.92996 3.92392 3.82945 3.67737 3.47460 3.19100 2.96426 2.96232 2.96232 2.96232 2.96232 2.96008 2.91703 2.85856 2.80016 2.74540 2.73322 2.74939 3.82701 3.88024 3.88024 3.88024 3.88024 4.12659 4.41354 4.41354 4.41354 4.41354 4.41354 4.41354 4.41354
3.73546 3.73546 3.73546 3.73546 3.73546 0.00000 0.00000 0.00000 0.00000 0.00000 14.6447 14.6447 14.6447 14.6447 14.5124 14.1599 13.8043 13.4490 13.2866 13.2866 13.2866 13.2866 13.2866 13.2866 13.2866 13.2866 13.2866 13.2866 13.2866 13.2866 13.2866 13.2866 13.2866 13.2866 12.3044 9.57102 3.37049 3.05518 2.96232 2.96232 2.96232 2.96232 2.96232 2.96118 2.92166 2.86321 2.80479 2.74859 2.73322 2.73322 2.73322 2.73322 2.73322 2.73322 3.61598 3.88024 3.88024 3.88024 3.88024 3.96227 4.41354 4.41354 4.41354 4.41354 4.41354 4.41354 4.41354
3.73546 0.00000 0.00000 0.00000 0.00000 0.00000 0.00000 0.00000 0.00000 0.00000 14.5185 14.2249 13.8693 13.5134 13.2898 13.2866 13.2866 13.2866 13.2866 13.2866 13.2866 13.2866 13.2866 13.2866 13.2866 13.2866 13.2866 13.2866 13.2866 13.2866 13.2866 13.2866 13.2866 13.2866 13.2866 13.2866 4.75066 2.96232 2.96232 2.96191 2.92628 2.86784 2.80944 2.75212 2.73322 2.73322 2.73322 2.73322 2.73322 2.73322 2.73322 2.73322 2.73322 2.73322 3.30591 3.88024 3.88024 3.88024 3.88024 3.88024 4.33125 4.41354 4.41318 4.38131 4.32911 4.27698 4.22481
0.00000 0.00000 0.00000 0.00000 0.00000 0.00000 0.00000 0.00000 0.00000 0.00000 13.2866 13.2866 13.2866 13.2866 13.2866 13.2866 13.2866 13.2866 13.2866 13.2866 13.2866 13.2866 13.2866 13.2866 13.2866 13.2866 13.2866 13.2866 13.2866 13.2866 13.2866 13.2866 13.2866 13.2866 13.2866 13.2866 7.70873 2.87247 2.81407 2.75601 2.73322 2.73322 2.73322 2.73322 2.73322 2.73322 2.73322 2.73322 2.73322 2.73322 2.73322 2.73322 2.73322 2.73322 2.86123 3.86901 3.88024 3.88024 3.86800 3.81840 4.05303 4.24737 4.19558 4.17531 4.17531 4.17531 4.19587
0.00000 0.00000 0.00000 0.00000 0.00000 0.00000 0.00000 0.00000 0.00000 0.00000 0.00000 13.2866 13.2866 13.2866 13.2866 13.2866 13.2866 13.2866 13.2866 13.2866 13.2866 13.2866 13.2866 13.2866 13.2866 13.2866 13.2866 13.2866 13.2866 13.2866 13.2866 13.2866 12.8766 11.7296 10.5684 9.40630 7.59881 2.73322 2.73322 2.73322 2.73322 2.73322 2.73322 2.73322 2.73322 2.73322 2.73322 2.73322 2.73322 2.73322 2.73322 2.73322 2.73322 2.73322 2.73322 3.63910 3.73664 3.68449 3.64458 3.64201 3.76440 4.17531 4.19805 4.28055 4.36616 4.45181 4.51679
0.00000 0.00000 0.00000 0.00000 0.00000 0.00000 0.00000 0.00000 0.00000 0.00000 0.00000 13.2866 13.2866 13.2866 13.2866 13.2866 13.2866 13.2866 13.2866 13.2866 13.2866 13.2866 13.2866 13.2866 13.2866 13.2866 13.2866 13.2866 13.0350 11.9408 10.7787 9.61618 8.86408 8.84944 8.84944 8.84944 8.82620 3.41246 2.73322 2.73322 2.73322 2.73322 2.73322 2.73322 2.73322 2.73322 2.73322 2.73322 2.73322 2.73322 2.73322 2.73322 2.73322 2.73322 2.73322 3.30160 3.64201 3.64201 3.66470 3.75610 3.85700 4.41125 4.51779 4.52094 4.52094 4.52094 4.52094
0.00000 0.00000 0.00000 0.00000 0.00000 0.00000 0.00000 0.00000 0.00000 0.00000 0.00000 13.2866 13.2866 13.2866 13.2866 13.2866 13.2866 13.2866 13.2866 13.2866 13.2866 13.2866 13.2866 13.2866 13.1544 12.1507 10.9890 9.82650 8.91688 8.84944 8.84944 8.84944 8.84944 8.84944 8.84944 8.84944 8.84944 5.29209 2.73322 2.73322 2.73322 2.73322 2.73322 2.73322 2.73322 2.73322 2.73322 2.73322 2.73322 2.73322 2.73322 2.73322 2.73322 2.73322 2.76902 3.17253 3.84482 3.94089 4.01420 4.01891 4.01891 4.32816 4.52094 4.52094 4.52094 4.52094 4.52094
0.00000 0.00000 0.00000 0.00000 0.00000 0.00000 0.00000 0.00000 0.00000 0.00000 0.00000 0.00000 13.2866 13.2866 13.2866 13.2866 13.2866 13.2866 13.2866 13.2866 13.2356 12.3614 11.2002 10.0377 9.00829 8.84944 8.84944 8.84944 8.84944 8.84944 8.84944 8.84944 8.84944 8.84944 8.84944 8.84944 8.84944 7.19594 2.73322 2.73322 2.73322 2.73322 2.73322 2.73322 2.73322 2.73322 2.73322 2.73322 2.73322 2.73322 2.76080 2.93207 3.12421 3.31643 3.47262 3.48754 3.98242 4.01891 4.01891 4.01891 4.01891 4.17431 4.52094 4.52094 4.52094 4.52094 4.52094
0.00000 0.00000 0.00000 0.00000 0.00000 0.00000 0.00000 0.00000 0.00000 0.00000 0.00000 0.00000 13.2866 13.2866 13.2866 13.2866 13.2786 12.5726 11.4106 10.2480 9.13696 8.84944 8.84944 8.84944 8.84944 8.84944 8.84944 8.84944 8.84944 8.84944 8.84944 8.84944 8.84944 8.84944 8.84944 8.84944 8.84944 8.72040 3.11361 2.73322 2.73322 2.73322 2.73322 2.73322 2.73322 2.73322 2.75349 2.91759 3.10962 3.30173 3.46628 3.48701 3.48701 3.48701 3.48701 3.48701 3.87782 4.01891 4.01891 4.01891 4.01891 4.03889 4.50256 4.52094 4.52094 4.52094 4.52094
0.00000 0.00000 0.00000 0.00000 0.00000 0.00000 0.00000 0.00000 0.00000 0.00000 0.00000 0.00000 13.2866 12.7803 11.6204 10.4583 9.30513 8.84944 8.84944 8.84944 8.84944 8.84944 8.84944 8.84944 8.84944 8.84944 8.84944 8.84944 8.84944 8.84944 8.84944 8.84944 8.84944 8.84944 8.84944 8.84944 8.84944 8.84944 4.88814 2.73322 2.73322 2.73322 2.74739 2.90297 3.09511 3.28711 3.45897 3.48701 3.48701 3.48701 3.48701 3.48701 3.48701 3.48701 3.48701 3.48701 3.72558 4.01891 4.01891 4.01891 4.01891 4.01891 4.36880 4.52094 4.52094 4.52084 4.51831
0.00000 0.00000 0.00000 0.00000 0.00000 0.00000 0.00000 0.00000 0.00000 6.54880 6.54880 6.54880 6.55093 8.52787 8.84944 8.84944 8.84944 8.84944 8.84944 8.84944 8.84944 8.84944 8.84944 8.84944 8.84944 8.84944 8.84944 8.84944 8.84944 8.84944 8.84944 8.84944 8.84944 8.84944 8.84944 8.84944 8.84944 8.84944 6.79281 2.88835 3.08049 3.27263 3.45045 3.48701 3.48701 3.48701 3.48701 3.48701 3.48701 3.48701 3.48701 3.48701 3.48701 3.48701 3.48701 3.48701 3.52319 4.00874 4.01891 4.01891 4.01891 3.99899 4.15856 4.51083 4.50397 4.49462 4.49107
0.00000 0.00000 7.68088 7.68088 7.68088 7.64783 7.24154 6.54880 6.54880 6.54880 6.54880 6.54880 6.54880 7.80302 8.84944 8.84944 8.84944 8.84944 8.84944 8.84944 8.84944 8.84944 8.84944 8.84944 8.84944 8.84944 8.84944 8.84944 8.84944 8.84944 8.84944 8.84944 8.84944 8.84944 8.84247 8.22074 7.20692 6.19266 5.14698 3.52689 3.48701 3.48701 3.48701 3.48701 3.48701 3.48701 3.48701 3.48701 3.48701 3.48701 3.48701 3.48701 3.48701 3.48701 3.48701 3.48701 3.48701 3.87150 3.88061 3.77358 3.62577 3.49104 3.57929 4.48324 4.49107 4.69406 5.16071
7.68088 7.68022 7.53065 7.34554 7.21843 7.13130 7.03633 6.54880 6.54880 6.54880 6.54880 6.54880 6.54880 7.08007 8.84944 8.84944 8.84944 8.84944 8.84944 8.84944 8.84944 8.84944 8.84944 8.84944 8.84944 8.84944 8.84944 8.84944 8.84944 8.84944 8.84944 8.40567 7.39395 6.37991 5.37284 4.98053 4.98053 4.98053 4.98053 3.91025 3.48701 3.48701 3.48701 3.48701 3.48701 3.48701 3.48701 3.48701 3.48701 3.48701 3.48701 3.48701 3.48701 3.48701 3.48701 3.48701 3.48701 3.48701 3.48701 3.48701 3.48701 3.57549 3.78818 5.26437 6.11519 6.37998 6.38112
7.25108 7.15059 7.11484 7.11484 7.11484 7.11484 7.10843 6.59920 6.54880 6.54880 6.54880 6.54880 6.54880 6.56881 8.63799 8.84944 8.84944 8.84944 8.84944 8.84944 8.84944 8.84944 8.84944 8.84944 8.84944 8.84944 8.84944 8.56353 7.58121 6.56678 5.55274 4.98285 4.98053 4.98053 4.98053 4.98053 4.98053 4.98053 4.98053 4.37269 3.48701 3.48701 3.48701 3.48701 3.48701 3.48701 3.48701 3.48701 3.48701 3.48701 3.48701 3.48701 3.48701 3.48701 3.48701 3.48701 3.48701 3.56199 3.77283 3.98627 4.19988 4.32484 4.32568 5.29789 6.38112 6.38112 6.38112
7.11484 7.11484 7.11484 7.11484 7.11484 7.11484 7.11484 6.80452 6.54880 6.54880 6.54880 6.54880 6.54880 6.54880 7.93544 8.84944 8.84944 8.84944 8.84944 8.84944 8.84944 8.84944 8.84944 8.68694 7.76769 6.75404 5.74000 5.01187 4.98053 4.98053 4.98053 4.98053 4.98053 4.98053 4.98053 4.98053 4.98053 4.98053 4.98053 4.82711 3.49493 3.48701 3.48701 3.48701 3.48701 3.48701 3.48701 3.48701 3.48701 3.48701 3.48701 3.48701 3.48701 3.54966 3.75729 3.97075 4.18428 4.32299 4.32568 4.32568 4.32568 4.32568 4.32568 4.67123 6.38112 6.38112 6.38112
7.11484 7.11484 7.11484 7.11484 7.11484 7.11484 7.11484 6.95505 6.54880 6.54880 6.54880 6.54880 6.54880 6.54880 7.21230 8.84944 8.84944 8.84944 8.84944 8.77554 7.95495 6.94110 5.92686 5.07570 4.98053 4.98053 4.98053 4.98053 4.98053 4.98053 4.98053 4.98053 4.98053 4.98053 4.98053 4.98053 4.98053 4.98053 4.98053 4.98053 3.80370 3.48701 3.48701 3.48701 3.48701 3.48701 3.48701 3.48701 3.48701 3.53826 3.74180 3.95532 4.16893 4.31972 4.32568 4.32568 4.32568 4.32568 4.32568 4.32568 4.32568 4.32568 4.32568 4.32629 6.09929 6.38112 6.38112
7.11484 7.11484 7.11484 7.11484 7.11484 7.11484 7.11484 7.06131 6.54880 6.54880 6.54880 6.54880 6.54880 6.54880 6.61183 8.70708 8.14220 7.12799 6.11373 5.17397 4.98053 4.98053 4.98053 4.98053 4.98053 4.98053 4.98053 4.98053 4.98053 4.98053 4.98053 4.98053 4.98053 4.98053 4.98053 4.98053 4.98053 4.98053 4.98053 4.98053 4.26603 3.48701 3.48701 3.48701 3.48701 3.52811 3.72628 3.93989 4.15333 4.31561 4.32568 4.32568 4.32568 4.32568 4.32568 4.32568 4.32568 4.32568 4.32568 4.32568 4.32568 4.32568 4.32568 4.32568 5.47323 6.38112 6.38112
7.11484 7.11484 7.11484 7.11484 7.11484 7.11484 7.11484 7.11405 6.64965 6.54880 6.54880 6.54880 6.44932 6.21710 5.98418 5.43261 4.98053 4.98053 4.98053 4.98053 4.98053 4.98053 4.98053 4.98053 4.98053 4.98053 4.98053 4.98053 4.98053 4.98053 4.98053 4.98053 4.98053 4.98053 4.98053 4.98053 4.98053 4.98053 4.98053 4.98053 4.72842 3.51905 3.71077 3.92429 4.13790 4.31041 4.32568 4.32568 4.32568 4.32568 4.32568 4.32568 4.32568 4.32568 4.32568 4.32568 4.32568 4.32568 4.32568 4.32568 4.32568 4.32568 4.32568 4.32568 4.84637 6.38112 6.38112
7.11484 7.11484 7.11484 7.11484 7.11484 7.20073 7.75373 8.37467 7.88402 6.28442 6.05151 5.81868 5.68524 5.68455 5.68455 5.44096 4.98053 4.98053 4.98053 4.98053 4.98053 4.98053 4.98053 4.98053 4.98053 4.98053 4.98053 4.98053 4.98053 4.98053 4.98053 4.98053 4.98053 4.98053 4.98053 4.98053 4.98053 4.98701 5.06061 5.15189 5.24278 4.44551 4.32568 4.32568 4.32568 4.32568 4.32568 4.32568 4.32568 4.32568 4.32568 4.32568 4.32568 4.32568 4.32568 4.32568 4.32568 4.32568 4.32568 4.32568 4.32568 4.32568 4.32568 4.32568 4.35980 6.24094 6.38112
7.54077 8.16347 8.78476 9.40745 10.0221 10.4663 10.4200 10.3035 9.18734 5.68455 5.68455 5.68455 5.68455 5.68455 5.68455 5.64469 4.99806 4.98053 4.98053 4.98053 4.98053 4.98053 4.98053 4.98053 4.98053 4.98053 4.98053 4.98053 4.98053 4.98053 4.98053 4.98053 4.98053 4.98224 5.04388 5.13519 5.22647 5.31129 5.32903 5.32903 5.32903 4.77728 4.32568 4.32568 4.32568 4.32568 4.32568 4.32568 4.32568 4.32568 4.32568 4.32568 4.32568 4.32568 4.32568 4.32568 4.32568 4.32568 4.32568 4.32568 4.32568 4.32568 4.32568 4.33310 4.83189 6.66379 7.73835
10.6347 10.5701 10.4536 10.3371 10.2277 10.2028 10.2028 10.2028 9.95519 5.70169 5.68455 5.68455 5.68455 5.68455 5.68455 5.68455 5.17936 4.98053 4.98053 4.98053 4.98053 4.98053 4.98053 4.98053 4.98053 4.98053 4.98053 4.98053 4.98053 4.98053 5.02716 5.11845 5.20977 5.29937 5.32903 5.32903 5.32903 5.32903 5.32903 5.32903 5.32903 5.08795 4.32568 4.32568 4.32568 4.32568 4.32568 4.32568 4.32568 4.32568 4.32568 4.32568 4.32568 4.32568 4.32568 4.32568 4.32568 4.32568 4.32568 4.32753 4.77588 5.56336 6.35053 7.13027 7.41989 7.75940 8.42207
