High_resolution/powerplant/Shangrao/OMI_NO2_201107.asc
ncols      200
nrows      200
xllcorner       115.451
yllcorner       27.0350
cellsize     0.0166667
NODATA_Value      -999.000
[rows 145 to 173 of 200, columns 0 to 66 of 200]
2.91376 1.82600 1.40843 1.40843 1.40843 1.40843 1.40843 1.42366 1.46663 1.51320 1.55978 1.58348 1.46367 1.39338 1.35062 1.30254 1.22200 1.31076 1.20311 1.11967 1.07202 1.07161 1.07161 1.07161 1.07161 1.07161 1.07161 1.07161 0.993108 1.19077 1.40696 1.40696 1.40696 1.40696 1.40696 1.40696 1.40623 1.40370 1.40109 1.39848 1.39696 1.39695 1.39695 1.39695 1.39695 1.39695 1.45622 1.52088 1.53456 1.56677 1.59283 1.65131 1.71590 1.76265 1.88759 1.87804 1.87049 1.86991 1.86991 1.86991 1.86991 1.86991 1.88362 2.01191 2.01239 2.01239 2.04908
2.91376 2.29518 1.41096 1.41442 1.46674 1.52884 1.59099 1.63654 1.58503 1.54301 1.49135 1.43796 1.27840 1.06764 1.00725 0.968180 0.964706 1.04454 1.07161 1.07161 1.07161 1.07161 1.07161 1.07161 1.07161 1.07161 1.07161 1.07161 1.04220 1.05628 1.40135 1.40696 1.40652 1.40414 1.40153 1.39892 1.39704 1.39695 1.39695 1.39695 1.39695 1.39695 1.39695 1.39695 1.43060 1.52910 1.64383 1.84384 1.92387 1.86486 1.71873 1.71237 1.71222 1.71222 1.84468 1.86991 1.86991 1.86991 1.86991 1.86991 1.86991 1.86991 1.90153 2.10729 2.22273 2.31282 2.36608
2.91376 2.82020 1.65467 1.62994 1.60501 1.53613 1.46728 1.39841 1.30930 1.25304 1.22611 1.19863 1.19748 1.04221 1.06907 1.07161 1.07161 1.07161 1.07161 1.07161 1.07161 1.07161 1.07161 1.07161 1.07161 1.07161 1.07161 1.07161 1.07138 0.999552 1.33048 1.39936 1.39718 1.39695 1.39695 1.39695 1.39695 1.39695 1.39695 1.39761 1.45870 1.54677 1.62147 1.69637 1.73764 1.71388 1.70190 1.90048 1.91823 1.90066 1.71253 1.71222 1.71222 1.71222 1.79640 1.86991 1.86991 1.86991 1.89693 1.98457 2.07459 2.16450 2.22289 2.30213 2.36650 2.36650 2.36650
2.66072 2.45408 1.60133 1.37494 1.39680 1.46173 1.53624 1.62242 1.53780 1.30173 1.30173 1.30173 1.30173 1.11502 1.07161 1.07161 1.07161 1.07161 1.07161 1.07161 1.07161 1.07161 1.07161 1.07161 1.07160 1.07027 1.06810 1.06593 1.06395 0.985651 1.24105 1.39695 1.39695 1.39695 1.39695 1.40552 1.47587 1.55079 1.62560 1.69970 1.71350 1.70030 1.70030 1.70030 1.70030 1.70030 1.70030 1.84212 1.91823 1.91823 1.76064 1.71222 1.71222 1.71222 1.75100 1.97880 2.06875 2.15880 2.22169 2.22403 2.22403 2.22403 2.22403 2.26334 2.36650 2.36650 2.36650
1.93862 1.93862 1.81577 1.74579 1.74579 1.74579 1.74579 1.74579 1.71045 1.30865 1.30173 1.30173 1.30173 1.17969 1.07161 1.07161 1.07161 1.07161 1.07161 1.07161 1.07161 1.07083 1.06869 1.06653 1.06437 1.06354 1.06354 1.06354 1.06354 1.02167 1.11416 1.40939 1.48000 1.55470 1.62969 1.69591 1.70030 1.70030 1.70030 1.70030 1.70030 1.70030 1.70030 1.70030 1.70030 1.70030 1.70030 1.78220 1.91823 1.91823 1.82620 1.69553 1.67937 1.66319 1.65619 2.17413 2.22403 2.22403 2.22403 2.22403 2.22403 2.22403 2.22403 2.22915 2.36193 2.36650 2.36650
1.93862 1.93862 1.90740 1.74673 1.74579 1.74579 1.74579 1.74579 1.74579 1.38817 1.30173 1.30173 1.30173 1.24434 1.07161 1.07161 1.07161 1.07125 1.06928 1.06711 1.06495 1.06356 1.06354 1.06354 1.06354 1.06354 1.08284 1.19852 1.40579 1.61156 1.67284 1.70261 1.70030 1.70030 1.70030 1.70030 1.70030 1.70030 1.70030 1.70030 1.70030 1.70030 1.70030 1.70030 1.70030 1.70030 1.69957 1.71343 1.89755 1.88732 1.83748 1.65019 1.65019 1.65019 1.65019 2.00407 2.22403 2.22403 2.22403 2.22403 2.22403 2.22403 2.22403 2.22403 2.32557 2.34407 2.32129
1.93862 1.93862 1.93862 1.77143 1.74579 1.74579 1.74579 1.74579 1.74579 1.50722 1.30173 1.30173 1.30173 1.29679 1.08202 1.06771 1.06554 1.06373 1.06354 1.06354 1.06354 1.07716 1.12675 1.26931 1.47724 1.68528 1.87389 1.96615 1.96681 1.96681 1.85631 1.72790 1.70030 1.70030 1.70030 1.70030 1.70030 1.70030 1.70030 1.70030 1.70030 1.70030 1.70007 1.69271 1.68192 1.67117 1.66110 1.65895 1.83892 1.87688 1.87421 1.67067 1.65019 1.65019 1.65019 1.82883 2.22403 2.22403 2.22403 2.20950 2.14478 2.07578 2.00686 1.93787 2.04953 2.24469 2.24469
1.93862 1.93862 1.93862 1.81855 1.74579 1.74579 1.74579 1.74579 1.74579 1.65922 1.30063 1.29841 1.29623 1.29417 1.13549 1.06354 1.07245 1.11904 1.17531 1.34078 1.54875 1.74317 1.90149 1.96681 1.96681 1.96681 1.96681 1.96681 1.96681 1.96681 1.91223 1.75151 1.70030 1.70030 1.70030 1.70030 1.70030 1.70030 1.70029 1.69448 1.68368 1.67291 1.66236 1.65895 1.65895 1.65895 1.65895 1.65895 1.77896 1.87688 1.87688 1.74642 1.65019 1.65019 1.62744 1.58326 2.04435 1.99558 1.92669 1.87222 1.86802 1.86802 1.86802 1.86802 1.93771 2.24469 2.24469
1.93862 1.93862 1.93862 1.89147 1.74584 1.74579 1.74485 1.74170 1.73845 1.73520 1.34280 1.29139 1.26411 1.22992 1.21510 1.41227 1.61138 1.77275 1.92440 1.96681 1.96681 1.96681 1.96681 1.96681 1.96681 1.96681 1.96681 1.96681 1.96681 1.96681 1.95929 1.78375 1.70064 1.70030 1.70030 1.69615 1.68545 1.67468 1.66390 1.65895 1.65895 1.65895 1.65895 1.65895 1.65895 1.65895 1.65895 1.61975 1.60246 1.66110 1.53778 1.44811 1.41053 1.34164 1.29540 1.29419 1.69616 1.86802 1.86802 1.86802 1.86802 1.86802 1.86802 1.86802 1.86903 2.14748 2.07963
1.93862 1.93862 1.93862 1.93862 1.75862 1.73608 1.73362 1.70403 1.65274 1.60145 1.33984 1.31516 1.46548 1.62265 1.78677 1.96674 1.96681 1.96681 1.96681 1.96681 1.96681 1.96681 1.96681 1.96681 1.96681 1.96681 1.96681 1.96681 1.96681 1.96681 1.96681 1.83779 1.70193 1.67644 1.66566 1.65903 1.65895 1.65895 1.65895 1.65895 1.65895 1.65895 1.65522 1.59621 1.52549 1.46127 1.39714 1.37212 1.38312 1.30945 1.30653 1.30575 1.29429 1.29419 1.29419 1.29419 1.52085 1.86802 1.86802 1.86802 1.86794 1.81227 1.70940 1.60641 1.50419 1.70311 1.83954
1.93862 1.93862 1.90632 1.80591 1.64417 1.56474 1.52850 1.56476 1.61393 1.65448 1.70833 1.78894 1.78894 1.78894 1.78894 1.93901 1.96681 1.96681 1.96681 1.96681 1.96681 1.96681 1.96681 1.96681 1.96681 1.96681 1.96681 1.95875 1.88793 1.80381 1.71966 1.69576 1.69587 1.65895 1.65895 1.65895 1.65895 1.65895 1.64429 1.57959 1.51544 1.45124 1.39085 1.38563 1.39219 1.39219 1.39219 1.39219 1.39219 1.33004 1.30653 1.30653 1.29758 1.29419 1.29419 1.29419 1.34935 1.81505 1.71572 1.61293 1.51006 1.46286 1.46286 1.46286 1.46286 1.60005 1.83954
1.63006 1.52743 1.49418 1.59759 1.65662 1.65647 1.68311 1.68487 1.68487 1.68487 1.68658 1.78211 1.78894 1.78894 1.78894 1.88897 1.96681 1.96681 1.96681 1.96681 1.96681 1.96681 1.96681 1.96565 1.91070 1.82664 1.74246 1.66646 1.65316 1.65316 1.65316 1.66259 1.72115 1.65897 1.63353 1.56956 1.50541 1.44118 1.39171 1.39219 1.39219 1.39219 1.39219 1.39219 1.39219 1.39219 1.39219 1.39219 1.39219 1.35366 1.30653 1.30653 1.30148 1.27018 1.19854 1.12564 1.05272 1.36661 1.46286 1.46286 1.46286 1.46286 1.46286 1.46286 1.46286 1.49843 1.83811
1.67641 1.73027 1.76144 1.76294 1.76260 1.69120 1.68487 1.68487 1.68487 1.68487 1.68487 1.75302 1.78894 1.78894 1.78894 1.83891 1.96681 1.96681 1.96681 1.96681 1.93309 1.84944 1.76532 1.68236 1.65316 1.65316 1.65316 1.65316 1.65316 1.64820 1.58847 1.49911 1.48055 1.42958 1.39246 1.39219 1.39219 1.39219 1.39219 1.39219 1.39219 1.39219 1.39219 1.39219 1.39219 1.39219 1.39219 1.39219 1.39219 1.36714 1.25087 1.20225 1.13953 1.01596 1.01468 1.01468 1.01468 1.23039 1.46286 1.46286 1.46286 1.46286 1.46286 1.46286 1.46286 1.46286 1.77057
1.76294 1.76294 1.76294 1.76294 1.76294 1.71079 1.68487 1.68487 1.68487 1.68487 1.68487 1.72220 1.78894 1.78894 1.78894 1.79517 1.94413 1.87225 1.78816 1.70397 1.65363 1.65316 1.65316 1.65316 1.65006 1.63715 1.56669 1.47735 1.38797 1.30357 1.27393 1.27393 1.31931 1.38225 1.39219 1.39219 1.39219 1.39219 1.39219 1.39219 1.39219 1.39219 1.39219 1.39219 1.39219 1.38664 1.34464 1.29602 1.24741 1.20872 1.12905 1.12019 1.11946 1.02649 1.01468 1.01468 1.01468 1.09414 1.46286 1.46286 1.46286 1.46286 1.46501 1.47440 1.48436 1.49432 1.42072
1.76294 1.76294 1.76294 1.76294 1.76294 1.73603 1.68487 1.68487 1.68487 1.68487 1.68487 1.69267 1.78244 1.71718 1.63309 1.54894 1.60899 1.65316 1.65316 1.65097 1.64226 1.62369 1.54493 1.45555 1.36928 1.29285 1.27393 1.27393 1.27393 1.27393 1.27393 1.27393 1.29022 1.37563 1.39219 1.39219 1.39219 1.39219 1.39219 1.39219 1.39219 1.38986 1.35282 1.30420 1.25561 1.21248 1.20586 1.20586 1.20586 1.20586 1.15243 1.12019 1.12019 1.06245 1.01468 1.01468 1.01468 1.01860 1.41893 1.48611 1.49608 1.50604 1.51385 1.51443 1.51443 1.51443 1.43750
1.76294 1.76294 1.76294 1.76294 1.76294 1.76097 1.68863 1.68487 1.68459 1.63594 1.55182 1.46773 1.46858 1.47530 1.48652 1.56773 1.65331 1.60778 1.52313 1.43595 1.35531 1.28451 1.27393 1.27393 1.27393 1.27393 1.27393 1.27393 1.27393 1.27393 1.27393 1.27393 1.27394 1.35627 1.39219 1.39219 1.39219 1.39169 1.36093 1.31231 1.26369 1.21743 1.20586 1.20586 1.20586 1.20586 1.20586 1.20586 1.20586 1.20508 1.13741 1.02352 0.968844 0.950503 1.03969 1.04965 1.05962 1.06610 1.32145 1.51443 1.51443 1.51443 1.51443 1.51443 1.51443 1.51443 1.50486
1.76294 1.76294 1.76294 1.76294 1.76294 1.76294 1.62822 1.49053 1.40666 1.37311 1.43651 1.52970 1.67176 1.79228 1.79505 1.72681 1.59864 1.27862 1.27393 1.27393 1.27393 1.27393 1.27393 1.27393 1.27393 1.27393 1.27393 1.27393 1.27393 1.27393 1.27393 1.27393 1.27393 1.32502 1.36453 1.32042 1.27180 1.22369 1.20586 1.20586 1.20586 1.20586 1.20586 1.20586 1.20586 1.19938 1.14923 1.04527 0.906331 0.767675 0.678189 0.898532 0.904383 0.912809 1.06359 1.06624 1.06624 1.06624 1.18519 1.51443 1.51443 1.51443 1.51443 1.52509 1.68697 1.89857 2.10977
1.76294 1.76294 1.76294 1.76294 1.76294 1.82095 1.77048 1.59574 1.68888 1.74676 1.69493 1.61321 1.54915 1.58018 1.57905 1.57905 1.57889 1.31143 1.27393 1.27393 1.27393 1.27393 1.27393 1.27393 1.27393 1.27393 1.27393 1.27393 1.27393 1.27393 1.28021 1.30365 1.32806 1.31619 1.19313 1.20586 1.20586 1.20586 1.20586 1.20586 1.20586 1.18793 1.08398 0.945106 0.805474 0.672752 0.583781 0.548165 0.548165 0.548165 0.548165 0.833058 0.904383 0.904383 1.01716 1.06624 1.06624 1.06624 1.07575 1.49467 1.67464 1.88608 2.09735 2.29821 2.34753 2.34753 2.34753
1.78984 1.91942 2.05913 2.19877 2.33848 2.36346 2.20665 1.62051 1.52647 1.47794 1.47754 1.47754 1.47767 1.56664 1.57905 1.57905 1.57905 1.39656 1.27393 1.27393 1.27393 1.27393 1.27393 1.27393 1.27393 1.27393 1.27637 1.29704 1.32146 1.34587 1.36399 1.36496 1.36496 1.36303 1.20295 1.20586 1.20518 1.12280 0.983693 0.844099 0.705141 0.583699 0.548165 0.548165 0.548165 0.548165 0.548165 0.548165 0.548165 0.548165 0.548165 0.735571 0.904383 0.904383 0.966811 1.06666 1.11026 1.18303 1.25581 1.96499 2.34753 2.34753 2.34753 2.34753 2.34753 2.34753 2.34753
2.41064 2.35687 2.23430 2.11137 1.98874 1.92252 1.92242 1.57824 1.47754 1.47754 1.47754 1.47754 1.47754 1.53669 1.57905 1.57905 1.57905 1.48188 1.27393 1.27393 1.27393 1.27393 1.27432 1.29044 1.31485 1.33926 1.36123 1.36496 1.36496 1.36496 1.36496 1.36496 1.39551 1.40558 1.28896 0.758794 0.605024 0.548165 0.548165 0.548165 0.548165 0.548165 0.548165 0.548165 0.548165 0.548165 0.548165 0.548165 0.548165 0.548165 0.548165 0.638152 0.925806 0.974229 1.05350 1.31609 1.34518 1.34518 1.34518 1.69969 2.34753 2.34753 2.34753 2.34753 2.34753 2.34753 2.34753
1.93850 1.92242 1.92242 1.92242 1.92242 1.92242 1.92242 1.70839 1.47754 1.47754 1.47754 1.47754 1.47754 1.50662 1.57905 1.57905 1.57905 1.56163 1.27949 1.28396 1.30824 1.33267 1.35669 1.36496 1.36496 1.36496 1.36496 1.39101 1.44665 1.44950 1.44390 1.43833 1.40221 1.38648 1.33457 0.719237 0.548165 0.548165 0.548165 0.548165 0.548165 0.548165 0.548165 0.548165 0.548165 0.548165 0.548165 0.548165 0.562744 0.610014 0.658464 0.715682 1.07402 1.09034 1.09109 1.30898 1.34518 1.34518 1.34518 1.41226 2.33029 2.34753 2.34753 2.34753 2.34753 2.32696 2.23791
1.72310 1.92242 1.92242 1.92242 1.92242 1.92242 1.92242 1.87023 1.48115 1.47754 1.47754 1.47754 1.47754 1.48084 1.57478 1.58399 1.60677 1.63119 1.42385 1.36486 1.36496 1.36496 1.38381 1.44712 1.49560 1.49346 1.48779 1.45618 1.39497 1.38648 1.38648 1.38648 1.38648 1.38648 1.37951 0.911366 0.548165 0.548165 0.548165 0.548165 0.548165 0.548165 0.548165 0.548165 0.557147 0.601944 0.650441 0.698939 0.732894 0.734122 0.734122 0.734122 0.985381 1.09034 1.09034 1.22174 1.34518 1.34518 1.34518 1.34518 2.05995 2.22154 2.12702 2.03260 1.93814 1.86419 1.85882
1.50414 1.92242 1.92242 1.92242 1.92242 1.92242 1.92242 1.92242 1.55611 1.47754 1.47754 1.47918 1.49865 1.52309 1.61795 1.66846 1.67008 1.65249 1.50198 1.50361 1.54230 1.53735 1.51287 1.44399 1.38991 1.38648 1.38648 1.38648 1.38648 1.38648 1.38648 1.38648 1.38648 1.38648 1.38648 1.14158 0.548165 0.548165 0.548165 0.548165 0.552925 0.593929 0.642445 0.690943 0.730440 0.734122 0.734122 0.734122 0.734122 0.734122 0.734122 0.734122 0.889220 1.10856 1.12999 1.16327 1.20277 1.10835 1.01388 0.919360 1.30064 1.85882 1.85882 1.85882 1.85882 1.85882 1.85882
1.18678 1.91748 1.92242 1.92242 1.92242 1.92242 1.92242 1.92242 1.68900 1.51651 1.54090 1.56367 1.56362 1.48650 1.42595 1.38603 1.24685 1.09272 1.11141 1.43145 1.38710 1.38648 1.38648 1.38648 1.38648 1.38648 1.38648 1.38648 1.38648 1.38648 1.38648 1.38648 1.38648 1.38648 1.38648 1.32036 0.608374 0.585914 0.634412 0.682872 0.726609 0.734122 0.734122 0.734122 0.734122 0.734122 0.734122 0.734122 0.738725 0.759151 0.816185 0.897313 0.995436 0.950735 0.887821 0.856759 0.856471 0.856462 0.856462 0.856462 0.995093 1.85852 1.85882 1.85882 1.85882 1.85882 1.83080
1.07434 1.81728 1.92242 1.92242 1.92242 1.92242 1.92242 1.92235 1.78021 1.41369 1.31267 1.21160 1.10776 1.07137 1.05664 0.930729 0.897747 0.897747 0.900972 1.34455 1.38648 1.38648 1.38648 1.38648 1.38648 1.38648 1.38648 1.38648 1.38648 1.38648 1.38648 1.38648 1.38643 1.35177 1.28672 1.22585 0.961704 0.734122 0.734122 0.734122 0.734122 0.734122 0.734122 0.734122 0.744472 0.802948 0.884214 0.965644 1.04242 1.10327 1.12778 1.12778 1.12756 0.888619 0.856771 0.856771 0.856566 0.856462 0.856462 0.856462 0.856462 1.69243 1.83575 1.69252 1.53179 1.37132 1.23836
1.07434 1.63928 1.92242 1.87881 1.73189 1.58053 1.42910 1.27743 1.19450 1.08406 1.05807 1.04554 1.04076 1.04076 1.04076 0.925292 0.897747 0.897747 0.897747 1.21112 1.38648 1.38648 1.38648 1.38648 1.38648 1.38648 1.38648 1.38648 1.38648 1.36738 1.30412 1.23909 1.17409 1.14375 1.14375 1.14375 1.10170 0.734122 0.734122 0.735602 0.789695 0.871134 0.952363 1.03391 1.10470 1.12778 1.12778 1.12778 1.12778 1.12778 1.12778 1.12778 1.12778 0.963011 0.856771 0.856771 0.856659 0.856462 0.855075 0.840640 0.822965 1.10889 1.24254 1.22505 1.22505 1.22505 1.22505
1.07434 1.23125 1.31964 1.21134 1.19348 1.17454 1.15560 1.13700 1.13071 1.07604 1.04076 1.04076 1.04076 1.04076 1.04076 0.967409 0.897747 0.897747 0.897747 1.07453 1.38648 1.38648 1.38648 1.38648 1.38648 1.37840 1.32150 1.25647 1.19145 1.14552 1.14375 1.14375 1.14375 1.14375 1.14341 1.10613 1.10812 0.939641 1.02069 1.10049 1.12778 1.12778 1.12778 1.12778 1.12778 1.12778 1.12778 1.12778 1.12778 1.12778 1.12778 1.12778 1.12778 1.03751 0.856465 0.848203 0.835178 0.808286 0.792031 0.788818 0.788818 0.888420 1.22505 1.22505 1.22505 1.22505 1.22505
1.04427 1.01003 1.14739 1.13619 1.13071 1.13071 1.13071 1.13071 1.13071 1.10658 1.04076 1.04076 1.04076 1.04076 1.04076 1.00957 0.897747 0.897747 0.897747 0.940817 1.38355 1.38473 1.33893 1.27388 1.20887 1.15191 1.14375 1.14375 1.14375 1.14375 1.11807 1.05586 0.972179 0.887301 0.802767 0.755163 0.807360 1.14687 1.12778 1.12778 1.12778 1.12778 1.12778 1.12778 1.12778 1.12778 1.12778 1.12778 1.12778 1.12778 1.12776 1.12119 1.10942 1.07886 0.818298 0.811675 0.811658 0.792678 0.788818 0.788818 0.788818 0.793135 1.18854 1.22505 1.24064 1.28881 1.32985
0.920838 0.920838 1.08674 1.13071 1.13071 1.13071 1.13071 1.13071 1.13071 1.13036 1.04813 1.04076 1.04076 1.04076 1.04076 1.03955 0.909904 0.897747 0.867527 0.802573 1.12978 1.16295 1.14375 1.14375 1.14375 1.12492 1.07130 1.00459 0.919834 0.834995 0.775734 0.753087 0.751864 0.751864 0.751864 0.751864 0.751864 1.08698 1.12778 1.12778 1.12778 1.12778 1.12778 1.12778 1.12778 1.12778 1.12778 1.12312 1.11141 1.09964 1.08790 1.08268 1.08268 1.08268 0.870456 0.811675 0.811675 0.800413 0.788818 0.790536 0.856812 0.940951 1.21958 1.40841 1.50955 1.59386 1.67758
