High_resolution/powerplant/Shangrao/OMI_NO2_200505.asc
ncols      200
nrows      200
xllcorner       115.451
yllcorner       27.0350
cellsize     0.0166667
NODATA_Value      -999.000
[rows 0 to 28 of 200, columns 67 to 133 of 200]
3.66004 3.67426 3.67426 3.67255 3.65928 3.64496 3.63177 3.62019 3.65405 3.70972 3.86337 3.57549 3.45120 3.53617 2.89854 2.89854 2.89854 2.89854 2.89854 2.89854 2.89854 2.89854 2.89854 2.89854 2.89854 2.89854 3.02130 3.85237 5.84954 7.73434 6.74884 6.39571 6.16247 5.85115 5.58161 5.26335 4.47158 4.44250 4.44146 4.44146 4.44146 4.44146 4.44146 4.44146 3.81584 3.47269 3.46696 3.24162 2.83504 2.81500 2.79462 2.61124 2.31951 2.32473 2.38852 2.40361 2.41141 2.41847 2.42323 2.13802 2.26443 2.54181 2.53449 2.52745 2.52064 2.22258 1.64522
3.79135 3.83757 3.87855 3.91718 3.96614 4.01545 4.06272 4.10770 4.12434 4.12434 4.23464 4.29657 4.20133 4.08285 2.89854 2.89854 2.89854 2.89854 2.89854 2.89854 2.89854 2.89854 2.97777 3.77833 4.44307 4.73232 4.86193 4.74251 5.06785 5.44377 5.38431 5.38320 5.26555 5.04961 4.98919 4.94316 4.17931 4.03907 4.00284 3.96752 3.93338 3.89671 3.81060 3.71485 3.46511 3.00910 2.98892 2.94157 2.60623 2.60931 2.61088 2.57403 2.28661 2.28653 2.36789 2.39605 2.39605 2.39605 2.39605 2.23251 2.12022 2.51062 2.51062 2.51062 2.51062 2.37622 1.64105
4.12434 4.12434 4.12434 4.12434 4.12434 4.12434 4.12434 4.12434 4.12434 4.12434 4.18421 4.32029 4.20665 4.20671 2.94629 2.98395 3.01555 3.04229 3.09103 3.52713 3.87599 4.09613 4.23381 4.17966 4.11492 4.11110 4.11439 4.11742 4.21074 4.49541 4.63957 4.87043 4.86950 4.64616 4.49739 4.42858 3.93853 3.52423 3.47265 3.42395 3.37783 3.33569 3.32521 3.32521 3.44657 2.97055 2.96689 2.96689 2.65620 2.61088 2.61088 2.61088 2.34913 2.28653 2.34426 2.39605 2.39605 2.39605 2.39605 2.32919 2.02328 2.41127 2.38205 2.34431 2.31012 2.27662 1.66696
4.06558 4.03992 4.01478 3.99044 3.96661 3.94351 3.92086 3.89885 3.87732 3.85637 3.87058 3.95032 3.74218 3.74063 3.31622 3.39165 3.64568 3.84675 4.00301 4.01902 4.03927 4.06283 4.08451 4.10434 4.11125 4.11137 4.11543 4.12137 4.15147 4.25719 4.19954 4.44802 4.39698 4.22400 4.06754 4.06754 3.88878 3.32521 3.32521 3.32521 3.32521 3.32521 3.32521 3.32521 3.44170 3.08384 2.96689 2.96689 2.73879 2.61088 2.61088 2.61088 2.45350 2.28653 2.32217 2.40059 2.37555 2.34152 2.30585 2.26664 1.82517 1.93601 1.95928 1.90308 1.84405 1.78189 1.64830
3.79094 3.79094 3.79094 3.79094 3.79094 3.79094 3.79094 3.79094 3.79094 3.77779 3.77292 3.82514 3.76065 4.01840 4.09532 4.02454 4.04931 4.07206 4.09548 4.11774 4.12544 4.13138 4.13731 4.14324 4.14917 4.15498 4.15686 4.15686 4.15749 4.09211 4.00767 4.25755 4.32937 4.27865 4.06757 4.06754 4.05401 3.38020 3.32521 3.32521 3.32521 3.32521 3.32521 3.32520 3.38314 3.24028 2.95442 2.94959 2.76329 2.43117 2.38676 2.34039 2.20809 1.81375 1.76786 1.83629 1.82310 1.82310 1.82310 1.82310 1.46933 1.44845 1.62989 1.62989 1.62989 1.62989 1.62989
3.79094 3.79094 3.79094 3.79094 3.77838 3.74501 3.71117 3.67086 3.61844 3.57857 3.58618 3.72717 3.81541 4.33484 4.31828 4.14139 4.14732 4.15326 4.15682 4.15686 4.15686 4.15686 4.15686 4.15686 4.15686 4.15686 4.15686 4.15686 4.15686 4.12402 4.01284 4.18253 4.32923 4.32121 4.08167 4.05643 4.05242 3.59537 3.29740 3.29257 3.28774 3.28292 3.27809 3.26013 3.20283 3.22448 2.90150 2.89185 2.77704 2.15411 2.15367 2.15367 2.14829 1.72000 1.67708 1.80556 1.82310 1.82310 1.82310 1.82310 1.59806 1.35719 1.62989 1.62989 1.62989 1.62989 1.62989
3.74543 3.71184 3.67808 3.64920 3.63571 3.64213 3.65773 3.72052 3.79521 3.86492 3.92737 3.99300 4.04639 4.33144 4.44243 4.15686 4.15686 4.15686 4.15686 4.15686 4.15686 4.15686 4.16836 4.19976 4.23076 4.26072 4.28995 4.31818 4.34571 4.37088 4.27469 4.31542 4.28550 4.26011 3.99448 3.82133 3.73134 3.55735 3.24033 3.17139 3.09652 3.01328 2.92997 2.85980 2.84123 3.00684 2.88524 2.87328 2.86872 2.20981 2.15367 2.15367 2.15367 1.87686 1.67708 1.77410 1.82310 1.82310 1.82310 1.82310 1.72639 1.30229 1.60635 1.67512 1.70793 1.74077 1.77355
3.72674 3.73342 3.75864 3.81067 3.85721 3.90132 3.93625 3.94639 3.95894 3.97199 3.98561 4.02110 4.07520 4.21901 4.56261 4.30016 4.30447 4.33227 4.35929 4.38556 4.41119 4.43601 4.45182 4.45210 4.45210 4.45210 4.45210 4.45210 4.45210 4.44243 4.26269 4.16434 3.99972 3.89072 3.71811 3.50948 3.44175 3.35531 2.88093 2.84683 2.83813 2.83804 2.83804 2.83804 2.83804 2.95397 2.93534 2.87328 2.87328 2.39494 2.15367 2.15367 2.15719 2.03403 1.66127 1.63468 1.57717 1.49261 1.40803 1.32359 1.23668 1.49303 1.73914 1.86112 1.85603 1.85091 1.84581
3.87826 3.93663 3.99057 4.03265 4.07589 4.12105 4.16824 4.20711 4.23662 4.26619 4.29567 4.30943 4.30882 4.29430 4.74455 4.54043 4.45210 4.45210 4.45210 4.45210 4.45210 4.45210 4.45210 4.45210 4.45210 4.44011 4.37050 4.29583 4.23547 4.19365 3.98422 3.80394 3.66299 3.63909 3.59364 3.32677 3.33549 3.34665 3.05688 2.90950 2.92282 2.93624 2.94954 2.96295 2.97625 3.04559 3.09793 2.94863 2.91429 2.57476 2.11917 2.07643 2.02997 1.94563 1.42894 1.33293 1.05411 1.05411 1.05411 1.05411 1.05411 1.35402 1.59706 1.81510 1.81510 1.81510 1.88498
4.26137 4.32125 4.33599 4.33599 4.33599 4.33599 4.33599 4.33599 4.33599 4.33599 4.33599 4.32560 4.30882 4.28251 4.60364 4.62596 4.45210 4.45210 4.45087 4.43935 4.42409 4.40036 4.32293 4.24850 4.17528 4.11403 4.11071 4.11590 4.10796 4.09767 3.87002 3.61681 3.63913 3.60302 3.60387 3.54623 3.51191 3.51186 3.36802 3.08050 3.08022 3.07995 3.07967 3.07939 3.07911 3.07153 2.88926 2.71845 2.71802 2.55942 1.95959 1.95959 1.95959 1.95959 1.58030 1.40438 1.06042 1.05411 1.05411 1.05411 1.05411 1.28359 1.72683 2.15705 2.28496 2.39700 2.45658
4.27063 4.33599 4.33599 4.33545 4.33260 4.32948 4.32637 4.32325 4.32013 4.31702 4.31390 4.29720 4.16124 4.14362 4.25743 4.50712 4.23992 4.22512 4.16760 4.10588 4.04789 3.99842 4.00393 4.00987 4.01485 4.01983 4.02462 4.02592 4.02592 4.01961 3.90411 3.55360 3.65126 3.59974 3.59951 3.58329 3.51024 3.51006 3.48312 3.08707 3.07887 3.07887 3.07887 3.07887 3.07887 3.07887 2.94488 2.75133 2.71802 2.69497 1.97987 1.95959 1.95959 1.95959 1.74838 1.41831 1.13298 1.25300 1.53673 1.79154 2.01781 2.26587 2.60200 2.47008 2.42621 2.42621 2.42621
4.19971 4.29693 4.29381 4.29123 4.29097 4.29097 4.29097 4.29097 4.29097 4.29097 4.29097 4.29087 4.09755 4.10507 4.10697 4.44700 4.09043 4.01836 4.00692 4.01190 4.01689 4.02039 3.99909 3.96607 3.93278 3.89947 3.86623 3.83294 3.79965 3.77271 3.76850 3.56165 3.64833 3.59885 3.59885 3.61830 3.51004 3.51004 3.51004 3.20618 3.07887 3.07887 3.07887 3.07887 3.07887 3.07887 2.98773 2.80434 2.70357 2.64990 2.10833 1.96013 1.95502 1.90165 1.85663 2.30065 2.32286 2.29651 2.30067 2.30067 2.30067 2.30457 2.60650 2.52541 2.42621 2.42621 2.42621
4.15974 4.28687 4.29097 4.29097 4.29097 4.29097 4.29097 4.30324 4.33433 4.36540 4.40476 4.45385 4.29464 4.22022 4.14238 4.23424 4.02290 3.90801 3.87679 3.84350 3.81021 3.77846 3.77025 3.77025 3.77025 3.77025 3.77025 3.77025 3.77025 3.77025 3.77025 3.62597 3.62471 3.60865 3.59885 3.63505 3.52871 3.49424 3.46009 3.24716 2.90287 2.84777 2.79051 2.73100 2.66899 2.60438 2.47177 2.16116 1.99014 1.93318 1.87883 1.82417 1.77507 1.77415 1.77447 2.46803 2.47063 2.30067 2.30067 2.30067 2.30067 2.30067 2.53060 2.58063 2.42621 2.42621 2.42621
4.11605 4.25653 4.30352 4.33451 4.36570 4.39703 4.43378 4.46395 4.47417 4.48060 4.46229 4.43373 4.26476 4.10375 4.07826 4.07072 3.97844 3.77025 3.77025 3.77025 3.77025 3.77025 3.77025 3.77025 3.77025 3.77025 3.76401 3.73742 3.70939 3.68127 3.65318 3.54632 3.41036 3.36943 3.27952 3.25293 3.11752 2.85092 2.68621 2.49709 2.41066 2.39211 2.34640 2.24499 2.08011 1.91523 1.74759 1.44148 1.75674 1.77415 1.77415 1.77415 1.77415 1.77415 1.77415 2.23234 2.52898 2.30067 2.30067 2.30067 2.30067 2.30067 2.45050 2.62272 2.43946 2.42612 2.39571
4.06486 4.34601 4.42482 4.43174 4.44006 4.44042 4.42444 4.40347 4.38455 4.37029 4.36945 4.36945 4.29602 4.09636 4.09636 4.00473 4.07878 3.72535 3.69729 3.66920 3.64111 3.61305 3.58491 3.55687 3.52876 3.50073 3.47890 3.47735 3.47735 3.47735 3.47735 3.46189 3.23291 3.11493 2.82336 2.64662 2.56568 2.33152 2.26991 2.11911 1.95412 1.80793 1.68868 1.62532 1.62527 1.62527 1.62527 1.45572 1.66302 1.77415 1.77415 1.77415 1.77415 1.77415 1.77415 1.99606 2.57175 2.31381 2.28536 2.27478 2.26458 2.25437 2.27453 2.30481 2.12262 2.00756 1.98882
3.89995 4.32632 4.41610 4.39820 4.37928 4.36945 4.36001 4.33675 4.31337 4.28999 4.26659 4.24322 4.20975 3.95672 3.93275 3.82813 3.97458 3.48436 3.47735 3.47735 3.47735 3.47735 3.47735 3.47735 3.47735 3.47735 3.47735 3.47735 3.45285 3.37007 3.26930 3.10072 2.82154 2.70711 2.30896 2.16070 2.14175 1.75457 1.63928 1.62527 1.61394 1.58655 1.55871 1.53133 1.50349 1.47610 1.44826 1.30489 1.32812 1.50792 1.46545 1.42333 1.38087 1.33876 1.29628 1.27702 1.97441 2.18895 2.26976 2.27013 2.27013 2.27013 2.26973 2.24510 2.16597 2.04473 2.04473
3.84332 4.12074 4.21751 4.19992 4.17654 4.15316 4.13925 4.13914 4.13914 4.13914 4.13914 4.13914 4.13914 3.94700 3.90444 3.86455 3.92337 3.58763 3.47735 3.47735 3.47735 3.47735 3.47735 3.47653 3.44985 3.34735 3.17343 2.97607 2.79586 2.68725 2.53556 2.43260 2.33994 2.19577 1.66147 1.59911 1.59155 1.30442 1.16758 1.14020 1.12371 1.13386 1.15219 1.17060 1.18887 1.20723 1.22561 1.11967 0.841539 1.14990 1.14992 1.14992 1.14992 1.14992 1.14992 1.14992 1.69930 2.11637 2.27013 2.27013 2.27013 2.27013 2.27013 2.25116 2.19646 1.88202 1.69312
4.14221 4.01519 4.10311 4.13914 4.13914 4.13914 4.13914 4.13914 4.13988 4.14519 4.15121 4.15723 4.16326 4.06365 4.01922 4.03559 3.93147 3.69708 3.41204 3.40583 3.35768 3.17707 2.96558 2.72914 2.51409 2.40204 2.31465 2.23178 2.14890 2.07232 2.05677 2.05677 2.06275 2.05451 1.72287 1.56147 1.57699 1.43079 1.22656 1.24490 1.26327 1.27142 1.27142 1.27142 1.27142 1.27142 1.27142 1.24572 0.792035 1.09613 1.14992 1.14992 1.14992 1.14992 1.14992 1.14992 1.46331 2.04728 2.27013 2.26437 2.16575 2.01920 1.83512 1.57660 1.28533 0.942098 0.882307
4.18438 4.08912 4.12095 4.19596 4.20198 4.20801 4.21403 4.22006 4.22533 4.22606 4.22606 4.22606 4.22606 4.22606 4.22606 4.20124 3.96139 3.52803 2.86172 2.63190 2.43615 2.36319 2.28027 2.19747 2.11463 2.06893 2.10110 2.13567 2.17028 2.20489 2.23949 2.27410 2.29293 2.16808 1.95379 1.66137 1.66087 1.60673 1.27233 1.27142 1.27142 1.27142 1.27142 1.27142 1.27142 1.27142 1.27142 1.27142 0.887041 0.993507 1.14992 1.14992 1.14992 1.14992 1.14986 1.18996 1.37255 1.50583 1.65716 1.35567 1.22017 1.21265 1.21265 1.20051 1.16007 0.978500 0.882307
4.23255 4.16368 4.12409 4.22606 4.22606 4.22606 4.22606 4.22606 4.22606 4.22606 4.20124 4.14213 4.08282 4.02350 3.96418 3.92969 3.76681 3.15378 2.25297 2.23057 2.18425 2.19340 2.22793 2.26250 2.29704 2.32105 2.32187 2.32187 2.32187 2.32187 2.32187 2.32187 2.32175 2.19395 2.06257 1.66137 1.66137 1.65201 1.34259 1.27142 1.27142 1.27142 1.27142 1.27142 1.27142 1.27142 1.27142 1.27142 1.00854 0.887957 1.12268 1.21131 1.33080 1.46355 1.61200 1.70580 1.70614 0.879886 1.13148 1.21265 1.21265 1.21265 1.21265 1.21142 1.16217 1.05802 0.882307
4.23255 4.19633 4.09899 4.21821 4.22606 4.20124 4.14213 4.08282 4.02350 3.96418 3.91567 3.87667 3.82242 3.73581 3.63956 3.53245 3.37201 2.67559 2.28119 2.32187 2.32187 2.32187 2.32187 2.32187 2.32187 2.32187 2.32187 2.32187 2.32187 2.32187 2.31745 2.28593 2.24854 2.11776 1.98239 1.66150 1.66137 1.65448 1.45573 1.27142 1.27142 1.27142 1.27142 1.27142 1.28375 1.31909 1.44309 1.65828 1.72142 1.51035 1.68152 1.70614 1.70614 1.70614 1.70614 1.70614 1.70614 1.24675 0.993291 1.21265 1.21265 1.21265 1.21265 1.21265 1.17382 1.14562 0.888732
4.20696 4.14251 3.95811 3.97349 3.89525 3.82147 3.78208 3.74246 3.67314 3.57721 3.48699 3.41648 3.36683 3.36581 3.36581 3.36581 3.36581 2.83095 2.31758 2.31758 2.30468 2.26795 2.22991 2.19011 2.14877 2.10559 2.06071 2.01349 1.96448 1.91309 1.86588 1.85901 1.85901 1.80223 1.66180 1.66137 1.66137 1.65697 1.57002 1.29435 1.33101 1.39953 1.60165 1.84354 2.08056 2.26856 2.35521 2.35521 2.31977 1.71496 1.70614 1.70614 1.70614 1.70614 1.70614 1.70614 1.70614 1.53578 0.855194 1.21265 1.21265 1.26988 1.40768 1.54606 1.60592 1.61380 1.34068
4.16603 4.28619 4.23835 3.96612 3.59129 3.53278 3.46808 3.39635 3.36581 3.36581 3.32859 3.23544 3.13668 3.03232 2.92209 2.80548 2.68167 2.15837 1.43859 1.80450 1.85901 1.85901 1.85901 1.85901 1.85901 1.85901 1.85901 1.85901 1.85901 1.85901 1.85901 1.85901 1.85901 1.84573 1.72680 1.77385 1.83942 1.91091 1.97704 1.97775 2.18470 2.33937 2.35521 2.35521 2.35521 2.35521 2.36274 2.38293 2.40350 1.90948 1.79536 1.81563 1.84015 1.93014 2.04281 2.15547 2.26807 2.37740 1.89900 2.05311 2.18494 2.26590 2.35169 2.44588 2.46147 2.23337 1.61692
4.20864 4.31031 4.12680 3.71710 2.94074 2.82523 2.70264 2.57226 2.43364 2.28595 2.19434 2.19372 2.19372 2.19372 2.19372 2.19372 2.19372 2.02878 1.14963 1.66824 1.85901 1.85901 1.85901 1.85901 1.85901 1.85901 1.85901 1.85901 1.86834 1.92204 1.99812 2.08631 2.18989 2.30227 2.18094 2.19204 2.22423 2.25703 2.22950 2.45529 2.60729 2.62781 2.64808 2.66860 2.69096 2.73021 2.76805 2.79509 2.82455 2.66391 2.64416 2.73634 2.82456 2.84724 2.84724 2.84724 2.84724 2.84945 2.61573 2.44142 2.52259 2.58778 2.60255 2.60255 2.59543 2.36880 1.80056
3.93770 4.17055 3.92378 3.16884 2.27107 2.19372 2.19372 2.19372 2.19372 2.19372 2.19372 2.19372 2.19372 2.19479 2.20443 2.21587 2.22732 2.22656 1.29377 1.56236 1.97950 1.99953 2.01886 2.05923 2.15640 2.27384 2.41519 2.58820 2.77097 2.82270 2.82535 2.82734 2.82909 2.82935 2.66612 2.57726 2.57974 2.60110 2.44086 2.52870 2.82487 2.85749 2.89333 2.93381 2.97441 2.98170 2.98170 2.98170 2.98170 2.92983 2.84724 2.84724 2.84724 2.84985 2.87967 2.91209 2.94023 2.96360 2.88031 2.60875 2.60255 2.60255 2.60436 2.62328 2.64403 2.52223 2.31175
3.90909 4.15099 4.14492 3.23215 2.57729 2.26634 2.27781 2.28926 2.30072 2.31217 2.32362 2.33508 2.34655 2.35693 2.35876 2.35876 2.35876 2.35876 1.76038 1.62603 2.36281 2.53803 2.68979 2.81538 2.82221 2.82420 2.82619 2.82818 2.82826 2.79996 2.75985 2.71975 2.67965 2.63951 2.65289 2.86479 2.93737 2.95072 2.62452 2.49295 2.96653 2.98170 2.98170 2.98170 2.98170 2.98170 2.98170 2.98170 2.98170 2.97336 2.88174 2.91300 2.94097 2.96401 2.96862 2.96862 2.96862 2.97400 2.91347 2.71178 2.74704 2.78175 2.81132 2.83329 2.85322 2.79901 2.69643
4.02137 4.17574 4.29433 3.54750 2.93226 2.35876 2.35876 2.35876 2.35876 2.35876 2.35876 2.35876 2.35876 2.34546 2.30904 2.26662 2.21690 2.15779 2.00991 1.86089 2.78369 2.80775 2.76973 2.73147 2.69181 2.65171 2.61160 2.57147 2.53245 2.52062 2.52062 2.52062 2.52062 2.52062 2.55487 2.95072 2.95072 2.95072 2.73179 2.46944 2.83700 2.98170 2.98170 2.98170 2.98170 2.98552 3.01769 3.04930 3.07510 3.09507 2.98916 2.96862 2.96862 2.99359 3.01045 2.92372 2.83996 2.75369 2.70886 2.88442 2.94000 2.94000 2.94000 2.94000 2.94000 2.90400 2.79553
4.02137 4.09671 4.29433 3.80033 3.18310 2.35876 2.35876 2.35876 2.34546 2.30904 2.26662 2.21690 2.15779 2.11681 2.11798 2.11997 2.12196 2.12395 2.10479 1.54724 2.26275 2.52072 2.52062 2.52062 2.52062 2.52062 2.52062 2.52062 2.52062 2.52062 2.52062 2.52062 2.52062 2.52062 2.52084 2.87004 2.95072 2.95072 2.88058 2.47004 2.68388 2.98170 2.98170 2.98170 3.05217 3.09540 3.09872 3.09872 3.09668 2.98947 2.78533 2.63781 2.51340 2.44347 2.70831 2.70886 2.70886 2.70886 2.70886 2.81464 2.94000 2.94000 2.94000 2.94000 2.94000 2.93407 2.80907
4.00855 4.02950 4.28260 4.04647 3.38847 2.38115 2.21733 2.16003 2.12109 2.12268 2.12467 2.12666 2.12865 2.13052 2.13095 2.13095 2.13095 2.13095 2.13095 1.66327 1.98418 2.49429 2.52062 2.52062 2.52062 2.52062 2.52062 2.52062 2.52062 2.52062 2.52062 2.52062 2.52062 2.52062 2.52062 2.72653 2.95072 2.95072 2.95072 2.50622 2.53147 2.98093 2.98170 2.98170 2.98453 2.89693 2.73105 2.56517 2.40126 2.34267 2.36441 2.40158 2.40158 2.40158 2.67155 2.70886 2.70886 2.70886 2.70886 2.74365 2.94113 2.94000 2.94000 2.94000 2.94025 2.95895 2.87591
