High_resolution/powerplant/Shangrao/OMI_NO2_200502.asc
ncols      200
nrows      200
xllcorner       115.451
yllcorner       27.0350
cellsize     0.0166667
NODATA_Value      -999.000
[rows 116 to 144 of 166, columns 0 to 66 of 200]
1.95441 1.95187 1.95187 1.95187 1.95187 1.95187 1.84726 1.85338 1.84718 1.80933 1.80084 1.79507 1.78931 1.78356 1.77805 1.77662 1.74629 1.69074 1.69074 1.69074 1.69074 1.91343 2.20420 2.20420 1.90038 1.81890 1.80832 1.79777 1.78737 1.78383 1.78383 1.58451 1.36542 1.32588 1.35504 1.47607 1.45798 0.675462 0.643310 0.643310 0.643310 0.643310 0.600506 0.576029 0.576029 0.576029 0.576029 0.576029 0.576029 0.576029 0.576029 0.576029 0.715246 1.57474 1.57474 1.57474 1.57474 1.57474 1.57474 1.57474 1.57474 4.53325 4.53325 4.53325 4.53325 4.71844 6.76685
1.84589 1.79772 1.74962 1.70183 1.65370 1.60549 1.62750 1.81088 1.81189 1.78951 1.77662 1.77662 1.77662 1.77662 1.77662 1.77662 1.76989 1.69154 1.69074 1.69074 1.69029 1.78224 2.18529 2.17471 1.94536 1.78383 1.77903 1.74458 1.70504 1.66553 1.62600 1.52089 1.23013 1.23013 1.25951 1.47607 1.47607 0.854525 0.643310 0.643310 0.643310 0.643310 0.616197 0.576029 0.576029 0.576029 0.576029 0.576029 0.576029 0.576029 0.576029 0.576029 0.638741 1.54798 1.57474 1.57474 1.57474 1.57474 1.57474 1.57474 1.57474 4.53325 4.53325 4.53325 4.53325 4.53325 5.37850
1.56649 1.56649 1.56649 1.56649 1.56649 1.56649 1.58752 1.79117 1.81189 1.80013 1.77662 1.77662 1.77662 1.77662 1.77662 1.77662 1.77600 1.70028 1.67125 1.66069 1.65056 1.65305 2.10467 2.09414 1.91999 1.63756 1.60282 1.59773 1.59773 1.59773 1.59773 1.59529 1.26415 1.23013 1.23019 1.43578 1.48474 1.09529 0.724259 0.761389 0.798519 0.835455 0.821852 0.576029 0.576029 0.576029 0.576029 0.576029 0.646793 0.874659 1.10807 1.34149 1.53159 1.66034 1.57474 1.57474 1.57474 1.57474 1.57474 1.57474 1.57474 4.53325 4.53325 4.53325 4.53304 4.53288 5.07367
1.56649 1.56649 1.56649 1.56649 1.56649 1.56649 1.56703 1.75435 1.81189 1.80994 1.77744 1.77662 1.77577 1.76712 1.75655 1.74598 1.73604 1.68082 1.59225 1.55271 1.51318 1.47444 1.82934 1.97054 1.90008 1.66026 1.68815 1.71589 1.74384 1.77151 1.79946 1.82720 1.62846 1.51526 1.54318 1.75790 1.95900 1.73316 1.12803 1.12803 1.12803 1.12803 1.10281 0.580488 0.680783 0.928886 1.18726 1.44591 1.63379 1.66455 1.68957 1.71461 1.73968 1.89590 1.57474 0.00000 0.00000 0.00000 0.00000 0.00000 0.00000 4.53005 4.52977 4.52950 4.52932 4.52932 4.69031
1.56649 1.56649 1.56649 1.56649 1.56649 1.56649 1.56649 1.69749 1.80023 1.68440 1.69279 1.74098 1.70857 1.68605 1.66404 1.63923 1.61089 1.50521 1.28148 1.25606 1.23055 1.20503 1.42429 1.67238 1.67074 1.93452 1.96128 1.96128 1.96128 1.96128 1.96128 1.96128 1.84407 1.59367 1.59367 1.68371 1.89153 1.75864 1.17547 1.19405 1.30548 1.47771 1.65014 1.66312 1.77171 1.78213 1.78213 1.78213 1.78213 1.78213 1.78213 1.78213 1.78213 1.90481 2.65705 0.00000 0.00000 0.00000 0.00000 0.00000 0.00000 4.52932 4.52932 4.52932 4.52932 4.52932 4.52932
1.56986 1.57682 1.58378 1.59075 1.58916 1.48485 1.35121 1.26065 1.03413 0.946691 1.11569 1.39520 1.38057 1.37855 1.37855 1.37855 1.37855 1.37573 1.17008 1.15700 1.15700 1.15700 1.27888 1.67046 1.67046 1.86983 1.96122 1.92354 1.85569 1.78772 1.71984 1.65195 1.56609 1.15844 1.08052 1.02636 1.28070 1.44222 1.69282 1.87117 1.93210 1.93210 1.93210 1.85391 1.78213 1.78213 1.78213 1.78213 1.78213 1.78213 1.78213 1.78213 1.78213 1.81778 2.62622 0.00000 0.00000 0.00000 0.00000 0.00000 0.00000 4.52932 4.43702 4.24904 3.93923 3.57212 3.19511
1.63781 1.53214 1.39131 1.24695 1.08805 1.02409 0.987432 0.978462 0.771808 0.742322 0.825388 1.37811 1.37855 1.37855 1.37855 1.37855 1.37855 1.37855 1.22880 1.20002 1.23900 1.27799 1.33169 1.32015 1.23946 1.30600 1.39457 1.36424 1.36424 1.36424 1.36424 1.36014 1.31603 1.22337 1.34121 1.45334 1.71130 1.81366 1.88054 1.93210 1.93210 1.93210 1.93210 1.88602 1.78213 1.78213 1.78213 1.78213 1.78213 1.78213 1.78213 1.78213 1.78213 1.78213 2.23856 0.00000 0.00000 0.00000 0.00000 0.00000 0.00000 2.76115 2.41643 2.07315 1.97291 1.97291 1.97291
1.07303 1.00345 0.963982 0.928174 0.924914 0.924914 0.924914 0.927363 0.842266 0.742322 0.765902 1.34543 1.50614 1.55812 1.61018 1.66212 1.71410 1.76616 1.66613 1.48268 1.48268 1.48268 1.48268 1.17210 1.07342 1.14289 1.36424 1.35882 1.31275 1.25193 1.18194 1.10768 1.09208 1.28715 1.50383 1.56128 1.70992 1.81366 1.85256 1.93210 1.93210 1.93210 1.93210 1.91310 1.78213 1.78213 1.78213 1.78213 1.78213 1.78213 1.78213 1.78213 1.78213 1.78213 2.08004 0.00000 0.00000 0.00000 0.00000 0.00000 0.00000 1.97291 1.97291 1.97291 1.97291 1.97291 1.97291
0.924914 0.924914 0.973259 1.06433 1.15555 1.24663 1.33785 1.42892 1.30639 1.14817 1.17652 1.51275 1.81280 1.81280 1.81280 1.81280 1.81280 1.81280 1.77563 1.48432 1.48268 1.48268 1.48268 1.26216 0.999130 0.927844 1.17021 1.10481 1.09208 1.09953 1.14214 1.19604 1.25970 1.41258 1.81281 1.81366 1.81366 1.81366 1.82472 1.93193 1.93210 1.93210 1.93210 1.93103 1.79364 1.78213 1.78213 1.78213 1.78213 1.78213 1.78213 1.78213 1.78213 1.78213 1.97881 2.65485 0.00000 0.00000 0.00000 0.00000 0.00000 1.97291 1.97291 1.97291 1.97291 1.97291 1.97291
1.52014 1.61122 1.65409 1.65409 1.65409 1.65409 1.65409 1.65409 1.50962 1.17657 1.17657 1.32144 1.81280 1.81280 1.81280 1.81280 1.81280 1.81280 1.81280 1.52877 1.43293 1.38015 1.31926 1.10676 0.705019 0.717123 1.08738 1.24046 1.31271 1.38398 1.39196 1.39196 1.39196 1.39196 1.76435 1.81366 1.81366 1.81366 1.81366 1.91505 1.93210 1.92230 1.89338 1.86377 1.79372 1.78213 1.78213 1.78213 1.78213 1.78213 1.78213 1.71823 1.58600 1.45378 1.35165 1.56483 0.00000 0.00000 0.00000 0.00000 0.00000 1.97291 1.97291 1.97291 1.97291 1.97291 1.97291
1.65409 1.65409 1.65409 1.65409 1.65409 1.65409 1.65409 1.65409 1.61168 1.18454 1.17657 1.18287 1.76006 1.81280 1.81280 1.80655 1.77485 1.73445 1.68501 1.40400 1.27889 1.34120 1.41422 1.46129 0.812351 0.810325 1.14099 1.39196 1.37536 1.33163 1.28715 1.24290 1.19859 1.15411 1.43787 1.59605 1.56648 1.53709 1.50736 1.55133 1.56684 1.54695 1.54648 1.54648 1.64443 1.78213 1.78036 1.69429 1.56183 1.41599 1.26275 1.17352 1.15257 1.13165 1.11073 1.42294 0.00000 0.00000 0.00000 0.00000 0.00000 1.89918 1.88807 1.87697 1.86585 1.85475 1.84363
1.65409 1.65409 1.65409 1.65409 1.65409 1.65409 1.65409 1.65409 1.65024 1.25578 1.17657 1.21680 1.61988 1.73182 1.68180 1.63328 1.62607 1.62096 1.61581 1.60388 1.60555 1.60045 1.59532 1.59020 0.927671 0.761426 0.802734 0.841763 0.813941 0.813536 0.813536 0.813536 0.813536 0.813536 1.01194 1.42804 1.42804 1.42804 1.42804 1.47298 1.53314 1.51917 1.49992 1.41664 1.34066 1.28117 1.12971 1.06267 1.04204 1.03472 1.03472 1.03472 1.03472 1.03472 1.03472 1.28321 1.55151 0.00000 0.00000 0.00000 0.00000 1.81397 1.81397 1.81397 1.81397 1.81397 1.81397
1.65409 1.65409 1.65409 1.65409 1.65233 1.64483 1.63689 1.66315 1.82317 1.71652 1.71963 1.85759 1.79607 1.57965 1.57452 1.56941 1.56704 1.56704 1.56704 1.56704 1.56704 1.56704 1.56704 1.56704 1.10507 0.748521 0.756537 0.813536 0.813536 0.813536 0.815292 0.867247 0.941181 1.01535 1.10071 1.63755 1.71068 1.76006 1.79720 1.69797 1.23804 1.14985 1.06704 1.04821 1.04750 1.03478 1.03472 1.03472 1.03472 1.03472 1.03472 1.03472 1.03472 1.03472 1.03472 1.17765 1.55151 0.00000 0.00000 0.00000 0.00000 1.81397 1.81397 1.81397 1.81397 1.81303 1.80699
1.59619 1.58823 1.58029 1.60097 1.75896 1.94018 2.12206 2.26932 2.28295 2.11605 1.85260 1.85260 1.84248 1.57757 1.56704 1.56704 1.56704 1.56704 1.56704 1.56704 1.56704 1.56704 1.54026 1.47159 1.23450 1.00791 1.08206 1.21460 1.29518 1.36931 1.44149 1.46379 1.46379 1.46379 1.44571 1.64552 1.66689 1.57875 1.50287 1.49223 1.08858 1.04821 1.04821 1.04821 1.04821 1.03749 1.03472 1.03472 1.03472 1.03472 1.03472 1.03472 1.03472 1.03472 1.03472 1.09214 1.55151 0.00000 0.00000 0.00000 0.00000 1.79254 1.78576 1.77897 1.77217 1.76632 1.76556
1.74918 1.93071 2.11246 2.26559 2.28295 2.28295 2.28295 2.28295 2.28295 2.21488 1.85260 1.85260 1.85260 1.66735 1.51360 1.44458 1.37550 1.30642 1.23740 1.16832 1.09930 1.03022 0.987973 0.987509 1.02436 1.39791 1.39878 1.44295 1.46379 1.46379 1.44275 1.37654 1.32094 1.27508 1.24482 1.33122 1.49303 1.49303 1.49303 1.49303 1.19284 1.04821 1.04821 1.04821 1.04821 1.04100 1.03472 1.03472 1.03472 1.03472 1.03472 1.03472 1.03472 1.03472 1.03472 1.03860 1.49642 0.00000 0.00000 0.00000 0.00000 1.76556 1.76556 1.76556 1.76556 1.76556 1.76556
2.28295 2.28295 2.28295 2.28295 2.28295 2.28362 2.28955 2.29653 2.30351 2.30162 1.65837 1.56871 1.52273 1.32068 0.987509 0.987509 0.987509 0.987509 0.987509 0.987509 0.987509 0.987509 0.987509 0.987509 0.987509 1.33707 1.37698 1.34279 1.31816 1.27282 1.24427 1.24292 1.24292 1.24292 1.24292 1.26088 1.48965 1.49303 1.49303 1.49303 1.29793 1.04821 1.04821 1.04821 1.04821 1.04392 1.03472 1.03472 1.03472 1.03472 1.03472 1.03472 1.03472 1.03472 1.03472 1.03472 1.33370 1.55151 0.00000 0.00000 0.00000 1.76515 1.76556 1.76556 1.76556 1.76556 1.76556
2.30344 2.31040 2.31738 2.32434 2.33132 2.33761 2.33870 2.33870 2.33870 2.33870 1.68524 1.46625 1.46625 1.42288 0.988012 0.987509 0.987509 0.987509 0.987509 0.987509 0.987509 0.987509 0.979768 0.961120 0.945813 1.11158 1.20035 1.20969 1.24292 1.24292 1.24292 1.24292 1.24292 1.24292 1.24292 1.24292 1.43393 1.49303 1.49303 1.49303 1.40294 1.04821 1.04821 1.04821 1.04821 1.04638 1.03472 1.03472 1.03472 1.03472 1.03472 1.03472 1.03472 1.03391 1.00924 0.973436 1.07746 1.29415 0.00000 0.00000 0.00000 1.74490 1.76556 1.76556 1.76556 1.76556 1.76556
2.33870 2.33870 2.33870 2.33870 2.33870 2.33870 2.33870 2.33870 2.33870 2.33870 1.89033 1.46625 1.46625 1.46625 1.10002 0.987509 0.987509 0.987509 0.978789 0.960199 0.945054 0.932557 0.925535 0.925402 0.925402 1.02819 1.19958 1.20104 1.24195 1.24292 1.24292 1.24292 1.24296 1.24565 1.25017 1.25498 1.38931 1.54898 1.56317 1.57821 1.58581 1.06843 1.03941 1.03816 1.03681 1.03536 1.03472 1.03472 1.03472 1.03197 1.00283 0.967035 0.931985 0.916270 0.932166 0.959184 1.03231 1.25241 0.00000 0.00000 0.00000 1.69299 1.73482 1.72310 1.71139 1.69967 1.68796
2.33870 2.33870 2.33870 2.33870 2.33870 2.33870 2.33870 2.33870 2.33870 2.33870 2.09534 1.46625 1.46625 1.46625 1.23016 0.959302 0.944314 0.931926 0.925464 0.925402 0.925124 0.923367 0.921375 0.919385 0.917413 0.953033 1.18761 1.18563 1.26122 1.29796 1.30580 1.31417 1.32314 1.32679 1.32679 1.32679 1.39218 1.70195 1.70195 1.70195 1.70195 1.21480 1.03472 1.03833 1.06224 1.08342 1.07792 1.06917 1.06037 1.05437 1.07475 1.10177 1.12801 1.13580 1.13580 1.13580 1.13871 1.24902 1.25241 0.00000 0.00000 1.55932 1.59791 1.59791 1.59791 1.59791 1.59791
2.33870 2.33870 2.33870 2.33870 2.33870 2.33870 2.33870 2.33870 2.33712 2.31814 2.23631 1.34252 1.21536 1.06976 0.952377 0.911365 0.909380 0.907391 0.905409 0.903421 0.901709 0.901489 0.901489 0.901489 0.901489 0.901681 1.14797 1.17567 1.24578 1.32679 1.32679 1.32679 1.32679 1.32679 1.32027 1.25390 1.17368 1.42203 1.38683 1.30615 1.22534 1.17219 1.21409 1.20172 1.16903 1.13909 1.13580 1.13580 1.13580 1.13580 1.13580 1.13580 1.13580 1.13580 1.13580 1.13580 1.13580 1.21390 1.25241 0.00000 0.00000 1.53497 1.59791 1.59791 1.59791 1.59791 1.59791
2.26791 2.24410 2.22025 2.19644 2.17262 2.14880 2.11620 2.06058 1.99475 1.93765 1.89972 1.11436 0.951640 0.951640 0.950802 0.904209 0.901489 0.901489 0.901489 0.901489 0.901489 0.901489 0.901489 0.901489 0.901489 0.901438 1.05652 1.08557 1.05200 1.03015 0.949338 0.868664 0.787919 0.707103 0.632944 0.618495 0.618495 0.826852 0.942480 0.906708 0.870937 0.920992 1.13580 1.13580 1.13580 1.13580 1.13580 1.13580 1.13580 1.13580 1.13580 1.13580 1.13580 1.13580 1.13580 1.13580 1.13580 1.18231 1.25241 0.00000 0.00000 1.50721 1.59338 1.59229 1.58914 1.58599 1.58284
2.07407 2.07407 2.06518 2.03216 1.99129 1.94074 1.90030 1.89925 1.89925 1.89925 1.89925 1.34078 0.951640 0.951640 0.951640 0.915470 0.901489 0.900775 0.896024 0.890226 0.883918 0.877002 0.869404 0.861012 0.851693 0.841396 0.766994 0.703472 0.696550 0.618495 0.618495 0.618495 0.618495 0.607185 0.577956 0.538435 0.481768 0.619200 0.844108 0.844108 0.844108 0.856651 1.13053 1.13580 1.13580 1.13580 1.13580 1.13580 1.13580 1.13580 1.13580 1.13580 1.13580 1.13580 1.13580 1.13580 1.13580 1.15953 1.25241 1.25241 0.00000 1.46131 1.55920 1.57549 1.57549 1.57549 1.57549
1.99372 1.94390 1.90108 1.89925 1.89925 1.89925 1.89925 1.89925 1.89925 1.89109 1.86632 1.55065 0.931681 0.923729 0.914392 0.881526 0.847870 0.838578 0.837306 0.837306 0.837306 0.837306 0.837306 0.837306 0.837306 0.837306 0.802976 0.703472 0.703469 0.620126 0.576086 0.535724 0.477839 0.435840 0.435803 0.435803 0.435803 0.462502 0.835690 0.844108 0.844108 0.844108 1.07455 1.13580 1.13580 1.13580 1.13580 1.13580 1.13580 1.13580 1.13580 1.13580 1.13580 1.13580 1.13580 1.13580 1.13580 1.14235 1.25237 1.25241 0.00000 1.45969 1.54018 1.57549 1.57549 1.57549 1.57549
1.89925 1.89060 1.86561 1.84012 1.81480 1.78939 1.76392 1.73858 1.71321 1.69584 1.69535 1.64856 0.873930 0.873425 0.873425 0.869568 0.837713 0.837306 0.837306 0.837306 0.837306 0.837306 0.837306 0.837306 0.837322 0.840113 0.843599 0.683435 0.662663 0.544436 0.435803 0.435803 0.435803 0.435803 0.435803 0.435803 0.435803 0.435803 0.771262 0.844108 0.844108 0.844108 1.00608 1.13580 1.13580 1.13580 1.13580 1.13580 1.13580 1.13580 1.13580 1.13580 1.13580 1.13580 1.13580 1.13580 1.13459 1.12151 1.20842 1.25241 0.00000 1.45969 1.51474 1.57549 1.57549 1.57549 1.57656
1.71242 1.69572 1.69535 1.69535 1.69535 1.69535 1.69535 1.69535 1.69535 1.69535 1.69535 1.69535 1.06046 0.873425 0.873425 0.873425 0.842823 0.837306 0.837306 0.837306 0.837350 0.840415 0.846472 0.854748 0.866691 0.873425 0.873425 0.691438 0.654614 0.591779 0.435803 0.435803 0.435803 0.435803 0.435803 0.435803 0.435803 0.439188 0.697135 0.874275 0.889161 0.903092 0.994967 1.16694 1.17118 1.17516 1.17894 1.16641 1.13580 1.13580 1.13580 1.13580 1.13328 1.11822 1.09682 1.06729 1.02845 1.01919 1.01919 0.00000 0.00000 1.45969 1.47922 1.79265 2.36642 2.81963 3.17196
1.69535 1.69535 1.69535 1.69535 1.69535 1.69535 1.69535 1.69535 1.69535 1.69535 1.69535 1.69535 1.31500 0.873425 0.873425 0.873425 0.851678 0.840709 0.846873 0.855318 0.867412 0.873425 0.873425 0.873425 0.873425 0.892388 0.932022 0.799394 0.723593 0.730820 0.707651 0.737474 0.764470 0.789116 0.811535 0.832146 0.851111 0.867691 0.891001 0.998174 0.998436 0.998436 1.01545 1.19249 1.19290 1.19290 1.19290 1.18529 1.13879 1.12953 1.11393 1.08435 1.02888 1.01919 1.01919 1.01919 1.01919 0.00000 0.00000 0.00000 0.00000 3.38603 3.91014 3.10829 2.97685 2.96147 2.96147
1.69535 1.69535 1.69535 1.69535 1.69535 1.69535 1.69535 1.69535 1.69535 1.69535 1.69535 1.69535 1.49331 0.890208 0.929936 0.969379 1.00923 1.04884 1.08866 1.12829 1.16802 1.20765 1.24748 1.28701 1.32684 1.34751 1.34751 1.17301 0.891655 0.891093 0.872010 0.871448 0.871448 0.871448 0.871448 0.871448 0.871448 0.871448 0.875826 1.00647 1.04703 1.07344 1.10214 1.22464 1.24408 1.25608 1.27359 1.29677 1.29844 0.00000 0.00000 0.00000 0.00000 0.00000 0.00000 0.00000 0.00000 0.00000 0.00000 0.00000 0.00000 4.19567 4.19567 3.28612 2.96147 2.96147 2.96147
1.69535 1.69541 1.70055 1.70893 1.71731 1.72568 1.73407 1.74244 1.75083 1.75921 1.76758 1.77597 1.74763 1.34741 1.34751 1.34751 1.34751 1.34751 1.34751 1.34751 1.34751 1.34751 1.34751 1.34751 1.34751 1.34751 1.34751 1.32164 0.898621 0.893256 0.898397 0.922911 0.956101 0.994143 1.03827 1.08983 1.15121 1.22516 1.29881 1.28861 1.28202 1.28643 1.29237 1.30083 1.30708 1.30709 1.30709 1.30709 1.30709 0.00000 0.00000 0.00000 0.00000 0.00000 0.00000 0.00000 0.00000 0.00000 0.00000 0.00000 0.00000 4.19567 4.19567 3.53822 2.96147 2.94965 2.91716
1.77743 1.78576 1.78899 1.78899 1.78899 1.78899 1.78899 1.78899 1.78899 1.78899 1.78899 1.78899 1.78882 1.42323 1.34751 1.34751 1.34751 1.34751 1.34751 1.34751 1.34751 1.34751 1.34751 1.34751 1.34751 1.34751 1.34751 1.34751 1.26020 1.32605 1.32505 1.30709 1.30709 1.30709 1.30709 1.30709 1.30709 1.30709 1.30709 1.30679 1.30709 1.30709 1.30709 1.30709 1.30709 1.30709 1.30709 1.30709 1.30709 0.00000 0.00000 0.00000 0.00000 0.00000 0.00000 0.00000 0.00000 0.00000 0.00000 0.00000 0.00000 4.02539 3.97624 3.59777 2.74958 2.72861 2.72826
