High_resolution/powerplant/Shangrao/OMI_NO2_200511.asc
ncols      200
nrows      200
xllcorner       115.451
yllcorner       27.0350
cellsize     0.0166667
NODATA_Value      -999.000
[rows 30 to 59 of 164, columns 0 to 65 of 200]
7.26861 8.85654 10.5446 10.5446 10.4804 10.4690 10.4690 10.4690 10.4690 10.4690 10.4723 10.5403 10.5968 10.9494 11.3761 11.4846 11.7143 11.5653 9.96575 9.59992 9.58969 10.4197 11.1779 11.2324 11.2332 11.2119 11.2067 11.2490 11.2943 11.3449 11.4105 11.0104 10.4266 10.4940 10.6450 10.6835 10.0417 9.53123 9.53123 8.26508 7.81442 7.81442 7.81442 7.81442 7.81442 7.81442 7.81442 7.09368 6.60189 6.50495 5.87355 5.86197 5.84784 5.98459 6.15345 6.33009 6.53120 6.57897 6.19997 6.18050 6.18050 6.17550 6.18183 6.51762 6.44784 5.15412
7.04898 8.28233 10.3330 10.5446 10.3694 10.2159 10.2497 10.2916 10.3335 10.3755 10.4140 10.3881 10.3732 10.4613 11.0567 11.0527 11.3558 11.2768 10.3348 9.60794 9.67363 10.2495 11.4356 11.5022 11.5689 11.6354 11.6859 11.6890 11.6890 11.6890 11.6890 11.4722 10.6080 10.5829 10.6396 10.6835 10.3984 9.53123 9.53123 8.65617 7.81442 7.81442 7.81442 7.81442 7.81442 7.81442 7.81829 7.58955 6.98653 7.20820 6.65342 6.69786 6.88086 6.91308 6.91421 6.91694 6.91982 6.87547 6.22731 6.08992 6.07027 6.05665 6.05634 6.17343 6.20929 5.48392
7.03495 8.01872 10.0055 10.9548 10.7570 10.3602 10.3619 10.3554 10.3490 10.3426 10.3465 10.3525 10.2040 9.98330 10.9778 11.3529 11.6569 11.8806 11.4083 10.0510 10.0510 10.1946 11.6858 11.6890 11.6890 11.6890 11.6890 11.6890 11.6890 11.6890 11.6890 11.6254 10.7264 10.5829 10.6117 10.6835 10.6676 9.61880 9.53123 9.04778 7.81442 7.91550 8.22125 8.50776 8.77879 9.04999 9.31713 9.25772 8.07434 7.99973 7.38409 6.92636 6.92973 6.93329 6.93543 6.93544 6.93544 6.93544 6.35207 6.05634 6.05634 6.05634 6.05634 6.12466 6.22509 5.99095
7.03417 7.67661 9.42012 11.1641 11.0637 10.3828 10.3999 10.4157 10.2923 10.0729 9.84359 9.61178 9.53506 9.53506 10.4826 11.4118 11.5781 11.9074 11.8542 10.1272 10.0510 10.0510 11.4515 11.6890 11.6890 11.6890 11.6890 11.6890 11.6890 11.6890 11.6890 11.6890 10.9345 10.5829 10.5868 10.7126 10.9809 10.5687 10.4509 10.6267 9.30037 9.45691 9.42237 9.40670 9.40670 9.40670 9.40670 9.36558 8.39199 8.15430 7.77582 6.93544 6.93544 6.93544 6.93544 6.93544 6.93544 6.93544 6.55080 6.07813 6.07812 6.11318 6.14828 6.15901 6.04420 5.93792
7.03417 7.22307 8.75528 11.2358 11.1402 10.1745 9.86563 9.63077 9.53506 9.53506 9.53506 9.53506 9.53506 9.53506 9.89389 11.4118 11.4669 11.8955 11.9092 10.5945 10.0510 10.0510 11.0734 11.6890 11.6890 11.6890 11.6890 11.6890 11.6890 11.6890 11.7164 11.7765 11.3539 10.7911 10.8480 11.9500 12.3268 11.9151 11.1343 11.1235 9.70560 9.40670 9.40670 9.40670 9.40670 9.40670 9.40670 9.40670 8.65437 8.15430 8.08960 6.98807 7.00125 7.04140 7.08313 7.12484 7.16587 7.19931 6.90771 6.25126 6.13395 6.10642 6.07945 6.03957 5.62576 5.46506
6.54453 5.60803 7.37621 9.64132 10.1368 9.71852 9.53506 9.53506 9.53506 9.53506 9.53506 9.53506 9.53506 9.53506 9.53843 11.1783 11.4118 11.8275 11.9092 11.1165 10.0510 10.0510 10.6955 11.6890 11.6948 11.7457 11.8060 11.8663 11.9266 11.9869 12.0157 11.9649 11.6707 10.7489 10.6695 11.3502 12.1786 12.0782 11.0553 10.9699 9.93825 9.24900 9.30052 9.38177 9.46186 9.54001 9.61711 9.75902 9.23093 8.34387 8.36135 7.54088 7.28431 7.27645 7.26733 7.25834 7.25011 7.24835 7.08169 6.27896 6.12124 6.12124 6.10933 6.05039 5.73639 5.45202
2.42827 2.46068 6.23175 8.67330 10.1368 9.85634 9.53506 9.53506 9.53506 9.53506 9.53506 9.53506 9.53506 9.53506 9.53506 10.5930 11.4118 11.6926 11.8471 11.4673 10.0336 10.0599 10.3380 11.6440 11.6473 11.5864 11.4340 11.3370 11.2385 11.1436 11.0535 11.0060 10.9084 10.1537 10.1120 10.4104 11.5321 11.6316 11.1166 10.9508 10.4963 9.65454 9.67388 9.66579 9.65770 9.64960 9.64150 9.70595 9.52849 8.28632 8.26392 7.76641 7.24820 7.24820 7.24820 7.24820 7.24820 7.24820 7.22043 6.32290 5.97856 5.88447 5.64643 5.41052 5.08700 4.55376
2.42366 2.42366 5.44700 7.71623 10.1368 9.82018 9.35675 9.33345 9.31115 9.28906 9.26740 9.24621 9.22544 9.20151 9.07599 9.30558 10.3225 10.3038 10.4350 10.3581 9.94270 9.88596 9.89720 11.1280 11.1826 11.1200 10.8487 10.8341 10.8260 10.8162 10.8170 10.8286 10.8402 10.9761 10.7489 10.7443 11.8782 12.0002 11.6459 11.1060 10.8967 9.63397 9.63397 9.63397 9.63397 9.63397 9.63397 9.65214 9.76625 8.44199 8.26392 8.04411 7.24820 7.24820 7.22428 7.16709 6.98245 6.74040 6.50189 5.54691 4.77101 4.40848 4.36305 4.36305 4.38930 4.09966
2.42366 2.42366 4.16820 7.05685 9.86020 9.68112 9.16569 9.15435 9.14219 9.01964 8.88167 8.74376 8.60579 8.47135 8.43592 8.46687 9.89737 10.0846 10.3912 10.3472 9.99690 9.73195 9.69018 10.6581 11.0805 11.1000 10.9292 10.9076 10.9291 10.9505 10.9614 10.9614 10.9614 11.0640 10.7155 10.7155 11.5115 11.9911 11.9105 11.1133 11.1035 9.76262 9.63397 9.63397 9.63397 9.63397 9.63397 9.63397 9.85233 8.71468 8.42006 8.69252 6.86319 6.34917 6.09111 5.85732 5.79333 5.79333 5.79333 5.24575 4.57481 4.36305 4.36305 4.36305 4.36305 3.98206
2.42366 2.42366 3.12536 6.74540 8.91943 9.34569 8.79000 8.59194 8.47066 8.47320 8.49222 8.51130 8.53021 8.54443 8.52732 8.49141 9.37971 9.84927 10.0550 10.2649 10.1363 9.81657 9.82095 10.4692 11.1967 11.1967 11.0545 10.9614 10.9614 10.9614 10.9614 10.9614 10.9614 11.1066 10.7331 10.7155 11.1583 11.9911 11.9911 11.3065 11.1060 10.0956 9.63397 9.63397 9.72181 10.0411 10.3383 10.6235 11.0725 10.6659 9.95001 9.95001 7.34273 5.79333 5.79333 5.79333 5.79333 5.79333 5.79333 5.48721 4.68262 4.36446 4.36305 4.36305 4.36305 4.11173
2.42366 2.42366 2.45805 6.35399 7.93856 8.98035 8.60530 8.50926 8.48400 8.44477 8.40401 8.35004 8.29188 8.23812 8.21611 8.21290 8.65390 9.63298 9.86160 10.3108 10.2865 9.83212 9.82095 10.1517 11.1967 11.1967 11.1049 10.9614 10.9614 10.9614 10.9614 10.9614 10.9614 11.0240 10.8759 10.7155 10.8159 11.9804 12.0163 11.8769 11.7370 11.3913 10.8871 11.1718 11.3679 11.3328 11.3201 11.3201 11.4313 11.1746 9.96380 9.95001 8.48376 5.79333 5.79333 5.79333 5.79333 5.79333 5.79333 5.72203 4.72757 4.43509 4.36305 4.36327 4.37479 4.26811
2.42366 2.42366 2.42366 5.53892 6.95998 8.67263 8.36434 8.27136 8.25297 8.23462 8.21718 8.21290 8.21290 8.21290 8.21290 8.21290 8.26697 9.57618 9.70692 10.2977 10.3108 9.94479 9.82095 9.86745 11.1634 11.1967 11.1555 10.9614 10.9614 10.9614 10.9614 10.9614 10.9614 11.0214 11.1999 11.0597 11.2020 13.0144 13.5346 13.2301 12.8451 12.4605 11.3201 11.3201 11.3201 11.3201 11.3201 11.3201 11.3775 11.4235 10.1088 9.95001 9.51792 5.79533 5.79475 5.80939 5.82718 5.84113 5.83372 5.82301 4.92652 4.52556 4.28531 4.22611 4.15562 4.04344
2.42366 2.42366 2.42263 4.29760 6.66308 8.25216 8.35158 8.21490 8.21290 8.21290 8.21290 8.21290 8.21290 8.21290 8.21290 8.21290 8.21290 9.18651 9.65234 10.1845 10.3108 10.0817 9.82095 9.82095 10.8924 11.1967 11.1941 10.9840 11.0889 11.2314 11.3737 11.5163 11.6586 11.6989 11.5438 10.9184 10.6360 11.6269 12.7470 12.7470 12.7848 12.7482 11.3601 11.3283 11.3438 11.3430 11.3514 11.3624 11.3819 11.3984 10.1531 9.70968 9.63840 6.08079 5.24396 5.14220 5.03726 4.93613 4.85649 4.78016 4.11364 3.63799 3.32850 3.30942 3.29033 3.25386
2.25341 2.14321 2.03400 2.91721 6.36731 7.69403 8.40766 8.23117 8.21290 8.21290 8.21290 8.21290 8.21290 8.21290 8.21290 8.21290 8.21290 8.74273 9.63309 10.0359 10.3108 10.2186 9.87551 10.0084 10.8795 11.6181 11.7346 11.8085 11.8601 11.8326 11.5959 11.3339 11.0382 10.7230 10.7636 10.3067 10.2193 10.7281 12.4784 12.4164 12.3792 12.3380 11.6867 11.4831 11.4277 11.3884 11.3399 11.2889 11.2378 10.7584 9.78077 8.95854 8.95709 6.65077 4.60182 4.60182 4.60182 4.60182 4.60182 4.60182 4.22479 3.59929 3.22371 3.12216 3.06659 3.02830
1.99286 1.99286 1.99286 2.04109 5.96773 7.08144 8.45600 8.18941 8.12964 8.10409 8.07813 8.05264 8.02673 8.00109 7.97541 7.94954 7.92459 8.02519 9.32044 9.57873 10.0183 9.98476 10.0611 10.0183 10.3455 10.9454 10.5887 10.5501 10.4790 10.1970 10.1281 10.0848 10.0741 10.1189 10.0953 9.72265 9.58455 9.58347 11.7451 11.8243 11.7832 11.7672 11.3851 11.0992 11.0992 11.0992 11.0992 11.0992 11.0992 10.7826 10.1272 8.96380 8.95709 7.80614 4.60182 4.60182 4.60122 4.57331 4.53064 4.48798 4.28873 3.44547 3.20316 3.02704 3.02704 3.02704
1.99286 1.99286 1.99286 1.99286 5.25029 6.60204 8.28990 7.75258 7.75184 7.74178 7.70306 7.66642 7.65107 7.63925 7.62721 7.61533 7.60281 7.57165 8.59444 8.98924 9.57074 9.57199 9.44910 9.27162 9.10113 9.49658 9.38599 9.49039 9.81192 9.66299 9.51098 9.35897 9.20695 9.06167 9.02466 9.21349 9.28719 9.28719 10.9306 11.6753 11.6757 11.7163 11.5222 11.0992 11.0992 11.0992 11.0992 11.0992 11.0992 10.8945 10.3875 9.09291 8.95525 8.58916 4.60343 4.48175 4.43969 4.42494 4.42494 4.42494 4.42014 3.51430 3.33070 3.02704 3.02704 3.02704
2.45281 2.66300 2.84297 2.99970 4.37926 6.33881 7.52868 7.45633 7.39898 7.39704 7.42382 7.44851 7.43787 7.41215 7.38627 7.36048 7.33461 7.27221 7.62891 7.91236 8.48255 8.18686 8.06564 8.00384 7.85196 8.30196 8.38825 8.45547 9.02421 9.02421 9.02421 9.02421 9.02421 9.02421 9.02421 9.14954 9.28719 9.28719 10.2704 11.6753 11.6753 11.7028 11.6631 11.0999 11.0992 11.0992 11.0992 11.0344 10.7141 10.2476 9.41779 7.80030 7.06521 6.87137 5.11427 4.42494 4.42494 4.42494 4.42494 4.42494 4.42494 3.72994 3.43530 3.05001 3.02704 3.02704
3.60488 3.60488 3.60488 3.60488 3.96989 6.00523 6.90818 7.52954 7.33899 7.26324 7.12371 6.98342 6.85773 6.74938 6.66773 6.58949 6.51159 6.47042 6.49005 6.61434 7.42206 7.58375 7.59535 7.72220 7.72319 8.13938 8.38825 8.38825 8.95521 9.02421 9.02421 9.02421 9.02421 9.02421 9.02421 9.08642 9.28582 9.28719 9.61066 11.6753 11.6753 11.6767 11.4569 10.5781 10.1434 9.76826 9.38958 9.07607 9.01849 9.00719 8.50555 7.60706 6.87117 6.87117 5.80735 4.42494 4.42494 4.42494 4.42494 4.42494 4.42494 3.95038 3.44547 3.16742 3.02704 3.02704
3.60488 3.60488 3.60488 3.60488 3.61921 4.95994 5.21271 6.72047 6.41149 6.33436 6.36465 6.40100 6.43734 6.46834 6.47215 6.47215 6.47215 6.47215 6.47215 6.58650 7.18418 7.58375 7.58375 7.69506 7.72319 7.98589 8.38825 8.38825 8.81886 9.02421 9.02421 9.02421 9.02421 9.02421 9.02421 9.04725 9.29885 9.43480 9.54594 10.4419 10.1542 9.80618 9.70265 9.27161 9.01606 9.01332 9.01332 9.01332 9.01332 9.01332 8.61133 7.99478 6.87298 6.87117 6.43521 4.42494 4.42494 4.42494 4.42024 4.38678 4.34848 4.05624 3.29790 3.13025 2.84208 2.80474
3.60488 3.60488 3.60488 3.60488 3.60488 4.38141 4.60909 6.33383 6.45269 6.46670 6.47215 6.47215 6.47215 6.47215 6.47215 6.47215 6.47215 6.47215 6.47215 6.54241 6.94827 7.58104 7.58375 7.65634 7.72319 7.83239 8.38825 8.38825 8.68310 9.02421 9.02932 9.11361 9.22474 9.33594 9.44714 9.55944 9.82027 9.87178 9.85213 9.73907 9.65831 9.65747 9.64153 9.38141 9.01332 9.01332 9.01332 9.01332 9.01332 9.01183 8.71944 8.22268 6.74243 6.55575 6.46305 4.08823 3.74886 3.63725 3.52990 3.45169 3.37833 3.29054 2.99993 2.92698 2.50721 2.48055
3.60488 3.60906 3.68932 3.79846 3.90750 4.47107 4.77563 5.95777 6.49822 6.47215 6.47215 6.47215 6.47215 6.47215 6.47215 6.47215 6.47215 6.47215 6.47215 6.49845 6.74540 7.54457 7.58375 7.61761 7.72319 7.76044 8.48288 8.64183 8.91163 9.50530 9.62329 9.66206 9.66802 9.66075 9.65289 9.64508 9.77157 9.88100 9.84770 9.76523 9.62498 9.61833 9.60851 9.49684 9.09610 9.11341 9.11211 9.07321 9.03322 8.99468 8.56264 7.71282 5.97981 5.71869 5.69947 4.03125 3.00412 3.00412 3.00412 3.00412 3.00412 3.00412 2.80800 2.76019 2.45639 2.40842
3.89774 4.00265 4.03135 4.03135 4.03135 4.25316 4.78821 5.34831 6.55184 6.47494 6.47215 6.47948 6.49922 6.51929 6.53917 6.55924 6.57923 6.59915 6.61921 6.63972 6.81818 7.72651 7.94763 8.02337 8.49288 8.61500 9.05069 9.19761 9.19061 9.62662 9.56828 9.50364 9.55688 9.75020 9.94407 10.1378 10.0147 9.68955 9.67008 9.63659 9.46089 9.40611 9.34687 9.26497 8.80643 8.72436 8.68553 8.68442 8.68442 8.68442 8.54567 7.55169 6.30862 5.68716 5.68716 4.76503 3.00412 3.00412 3.00412 2.99817 2.92891 2.84261 2.61433 2.43036 2.44803 2.50279
4.03135 4.03135 4.03135 4.03135 4.03135 4.04272 4.77554 4.80860 6.73402 6.80662 6.81695 6.82962 6.82979 6.82967 6.83285 6.87447 6.92447 6.97448 7.02451 7.07416 7.17090 7.81676 8.19930 8.20935 8.70723 9.07449 9.36317 9.65982 9.88552 10.5895 11.0061 11.3291 11.5397 11.6236 11.7074 11.7912 11.5462 9.48189 9.29683 9.29683 9.17588 9.13748 9.13748 9.11991 8.80324 8.68442 8.68442 8.68442 8.68442 8.68442 8.68363 7.65302 6.75864 5.68716 5.68716 5.41898 2.91915 2.82964 2.74334 2.66305 2.64600 2.64600 2.55807 2.40418 2.41816 2.50278
4.03135 4.03135 4.03135 4.00986 3.96968 3.92937 4.56344 4.68408 6.23235 6.80312 6.87730 6.92731 6.97734 7.02750 7.07435 7.08826 7.14225 7.20770 7.27305 7.33850 7.46100 8.38834 10.0057 10.3040 10.6234 10.9857 11.1050 11.2996 11.3835 11.7438 11.9499 11.9499 11.9499 11.9499 11.9499 11.9499 11.9262 9.82007 9.29683 9.29683 9.21970 9.13748 9.13748 9.12711 8.90125 8.68442 8.68442 8.68442 8.68442 8.68442 8.64468 7.53109 6.31961 4.26223 3.62994 3.02215 2.64797 2.64600 2.64600 2.64600 2.64600 2.64600 2.61222 2.40418 2.40418 2.48686
3.71150 3.67133 3.63107 3.61238 3.58664 3.53203 3.96530 4.34249 5.47053 7.13730 7.27305 7.33850 7.40393 7.47108 7.53875 7.60103 7.64090 7.72960 7.82059 7.91162 7.96620 8.12055 10.6428 10.8110 10.8732 11.2827 11.2878 11.4256 11.4290 11.6314 11.9499 11.9499 11.9499 11.9499 11.9499 11.9499 11.9499 10.4418 9.29683 9.29683 9.26352 9.13748 9.13748 9.13408 8.99539 8.47778 8.14803 7.77114 7.31728 6.83112 6.36834 5.58334 4.80653 2.85201 2.64600 2.64600 2.64600 2.64600 2.64600 2.64600 2.64600 2.64600 2.64559 2.42488 2.40418 2.45703
3.60631 3.67433 3.72777 3.77091 3.82509 3.87808 4.07839 4.84310 5.17478 7.53018 7.61559 7.62176 7.64471 7.72960 7.81821 7.90694 7.96942 7.97178 7.97178 7.97178 7.97178 7.80898 10.2655 10.8110 10.8110 11.2138 11.2827 11.3969 11.4290 11.5192 11.9499 11.9499 11.9499 11.9499 11.9499 11.9499 11.9499 11.0857 9.29810 9.21227 8.91873 8.42869 8.05911 7.72138 7.16802 6.39351 6.30117 6.24405 6.24272 6.24272 6.24272 5.86592 4.88344 3.31523 2.64600 2.64600 2.64600 2.64600 2.64600 2.64600 2.64600 2.64600 2.64528 2.47396 2.39527 2.41403
3.92618 3.89543 3.86647 3.83902 3.81336 3.80436 3.81106 4.69576 4.91081 7.22790 7.78812 7.89934 7.96734 7.97178 7.97178 7.97178 7.97178 7.97178 7.97178 7.97178 7.97178 7.88153 9.50804 10.8110 10.8110 11.0828 11.2827 11.3631 11.4290 11.4342 11.9225 11.9499 11.9499 11.9426 11.7333 11.4320 11.1304 10.4564 8.02983 7.69112 7.75269 7.53375 7.43900 7.48667 7.10264 6.33974 6.24272 6.24272 6.24272 6.24272 6.24272 6.14812 4.88847 3.85236 2.63267 2.61451 2.59718 2.58690 2.57814 2.58443 2.60624 2.62804 2.65047 2.57317 2.48638 2.51693
3.80436 3.80436 3.80436 3.80436 3.81827 3.91191 4.01842 4.75168 5.29970 6.80475 7.92917 7.97178 7.97178 7.97178 7.97178 7.97178 7.97178 7.97178 7.97178 7.97178 7.97178 7.95994 8.75116 10.8047 10.8110 10.9517 11.2827 11.3294 11.3578 11.0709 11.1559 10.9891 10.6877 10.3935 10.3017 10.3329 10.3709 10.3619 8.25260 7.78303 7.74512 7.52664 7.10811 7.01347 6.75263 5.83753 5.59616 5.50353 5.41069 5.31804 5.22118 5.12058 4.66178 4.12912 2.79081 2.81384 2.85299 2.88502 2.91548 2.93090 2.93090 2.93090 2.93090 2.87957 2.71998 2.71998
3.81398 3.90287 4.00929 4.11568 4.20819 4.22090 4.22090 4.57796 5.30678 6.06551 7.90891 7.97178 7.97178 7.97178 7.97178 7.97178 7.97178 7.97516 7.98221 7.98916 7.99613 8.00315 8.24567 10.5944 10.5825 10.4302 10.2524 9.96564 9.87556 9.85662 9.75355 9.62457 9.61677 9.60867 9.60047 9.56141 9.51439 9.47200 7.79673 6.63381 6.56520 6.43734 5.73238 5.68988 5.64853 4.94272 4.79675 4.78898 4.78120 4.77342 4.76980 4.76980 4.63782 4.46320 2.98352 2.93090 2.93090 2.93090 2.93090 2.93090 2.93090 2.93090 2.93180 2.92936 2.73679 2.73882
4.20332 4.22090 4.22090 4.22090 4.22090 4.22090 4.22090 4.36637 5.24746 5.40734 7.85234 8.05706 8.06514 8.07215 8.07910 8.08611 8.09310 8.08316 7.93805 7.75953 7.58111 7.40259 7.13693 9.46594 9.98717 9.98746 9.82011 9.80163 9.60330 9.59565 9.54497 9.31550 9.31024 9.23092 9.12286 9.01503 8.90807 8.80150 7.70190 6.37938 6.37289 6.36855 5.75482 5.60826 5.60826 5.15048 4.76980 4.76980 4.76980 4.76980 4.76980 4.76980 4.68119 4.56466 3.27526 2.93090 2.93090 2.93090 2.93240 2.93831 2.94450 2.95069 2.95598 2.95663 2.78943 2.74571
