High_resolution/powerplant/Shangrao/OMI_NO2_200606.asc
ncols      200
nrows      200
xllcorner       115.451
yllcorner       27.0350
cellsize     0.0166667
NODATA_Value      -999.000
[rows 90 to 119 of 175, columns 0 to 65 of 200]
1.26668 1.26668 1.10532 0.989137 0.989137 1.00334 1.02362 0.914215 0.914215 0.914215 0.921722 1.24083 1.25701 1.25689 1.25487 1.25932 1.34577 1.34273 1.31807 1.28921 1.31465 1.44638 1.40278 1.36416 1.97971 1.89230 1.80497 1.71756 1.65191 1.64814 1.64814 1.66069 1.71430 1.93169 1.97726 2.42976 2.52729 2.87264 2.97352 2.99836 3.02316 3.24754 3.66021 3.68319 3.70424 3.63768 3.48613 3.45129 3.45845 3.41996 3.12725 3.04171 2.60958 2.61718 2.60320 2.58918 2.57506 2.54252 2.47284 2.40203 2.33832 2.09271 2.05871 2.05871 2.06091 2.27758
1.26489 1.26311 1.16517 0.980566 0.978425 0.976678 1.04511 0.892795 0.890115 0.887438 0.884762 1.12283 1.20164 1.17745 1.15516 1.13329 1.18921 1.17685 1.17265 1.17265 1.18204 1.35625 1.35808 1.35808 1.75124 1.78431 1.81748 1.85062 1.88370 1.91684 1.94998 1.97056 1.97082 2.10466 2.12672 2.48550 2.58969 2.94451 3.10244 3.13578 3.15876 3.21857 3.77317 3.78351 3.80138 3.81776 3.75464 3.73376 3.83070 3.89938 3.28278 3.10954 2.56251 2.48514 2.42844 2.37176 2.31508 2.27685 2.27580 2.27580 2.27580 2.15193 2.05871 2.05871 2.05871 2.21633
1.23499 1.21380 1.15852 0.958722 0.958722 0.960935 1.07118 1.02144 1.05979 1.12559 1.19138 1.17537 1.08915 1.08915 1.08915 1.08920 1.14762 1.20162 1.22214 1.24484 1.27015 1.35032 1.35808 1.35808 1.97082 1.97082 1.97082 1.97082 1.97082 1.97240 1.98847 2.00856 2.02743 2.13122 2.19568 2.40581 2.59012 2.94647 3.26994 3.39288 3.46479 3.53492 4.04593 4.25526 4.29832 4.33325 4.29675 4.06285 4.05165 3.99535 3.37637 2.93455 2.48251 2.28445 2.28708 2.28971 2.29232 2.29494 2.29757 2.30019 2.30280 2.24485 2.09097 2.09359 2.09621 2.20112
1.06923 1.11252 1.15628 1.15489 1.20227 1.25215 1.30221 1.29283 1.26201 1.27591 1.29313 1.27819 1.13389 1.14745 1.16215 1.17808 1.24538 1.35808 1.35808 1.35808 1.35808 1.35808 1.35808 1.35808 1.98485 2.00207 2.02111 2.03906 2.05598 2.07483 2.09242 2.10649 2.12056 2.18542 2.28010 2.48519 3.02321 3.20016 3.54978 3.64591 3.62353 3.60332 3.83754 4.11343 4.06433 3.99431 4.00523 3.90118 3.85833 3.85703 3.52276 2.90448 2.65686 2.32183 2.32183 2.32183 2.32183 2.32183 2.32183 2.32183 2.32183 2.31521 2.11408 2.10475 2.10475 2.15171
1.30882 1.30814 1.31333 1.30143 1.29819 1.30747 1.33666 1.32103 1.33779 1.33446 1.32711 1.31842 1.05604 1.01739 1.00438 0.991258 0.993048 1.06358 1.04027 1.01538 0.988521 0.960433 0.930098 0.897517 2.10850 2.12514 2.13922 2.17446 2.21038 2.22326 2.22727 2.23083 2.23430 2.25519 2.34571 2.36822 2.95130 2.99489 3.38937 3.51564 3.54529 3.58134 3.65969 3.78865 3.76250 3.76250 3.83306 3.85906 3.85886 3.85886 3.75326 2.90817 2.80858 2.32183 2.32183 2.32183 2.32183 2.32183 2.32183 2.32183 2.32183 2.32183 2.17070 2.10364 2.08616 2.06725
1.48282 1.49410 1.49560 1.49966 1.50610 1.50610 1.48724 1.20763 1.19695 1.19695 1.19695 1.19695 0.976759 0.854668 0.854668 0.854668 0.854919 0.869933 0.870690 0.870690 0.870690 0.870690 0.870690 0.870690 2.17801 2.17801 2.17801 2.19942 2.23966 2.23966 2.23584 2.22800 2.22016 2.21283 2.31224 2.32712 2.85099 3.01894 3.40379 3.62529 3.66868 3.66868 3.66871 3.75008 3.76250 3.76250 3.80265 3.85950 3.85886 3.85886 3.83913 3.05648 2.90320 2.37893 2.32183 2.32183 2.32261 2.32497 2.32804 2.33056 2.31699 2.29624 2.18766 2.03875 2.03548 2.03769
1.49560 1.49560 1.49560 1.49739 1.50610 1.50610 1.50605 1.27111 1.19695 1.19695 1.19695 1.19695 1.06780 0.854668 0.854668 0.854668 0.854668 0.865061 0.870690 0.870690 0.870690 0.870690 0.870690 0.870690 2.17801 2.17801 2.17509 2.17300 2.22161 2.21379 2.20977 2.22223 2.25295 2.28385 2.39156 2.45095 2.79174 3.08534 3.32639 3.58761 3.66868 3.66868 3.66868 3.72251 3.76250 3.76183 3.76787 3.84991 3.84469 3.84003 3.83117 3.28146 2.88363 2.52473 2.34587 2.34876 2.33595 2.31284 2.28903 2.26574 2.25855 2.25855 2.22980 2.00218 1.96259 1.92958
1.49560 1.49560 1.49560 1.49573 1.50547 1.50610 1.50610 1.35215 1.19695 1.19695 1.19695 1.19695 1.15875 0.855010 0.854668 0.854668 0.854668 0.861015 0.870690 0.870690 0.869828 0.854483 0.833818 0.813214 2.15870 2.14955 2.14386 2.16736 2.25508 2.29230 2.32321 2.34162 2.34178 2.34178 2.39257 2.45145 2.62960 3.07569 3.19991 3.52801 3.64342 3.63876 3.63408 3.65561 3.71846 3.69873 3.67167 3.72225 3.71493 3.68836 3.66184 3.35810 2.75094 2.56916 2.29092 2.26756 2.25969 2.25454 2.16717 2.11702 2.06479 2.00074 1.94231 1.84448 1.83639 1.83690
1.49560 1.49560 1.49560 1.49560 1.50405 1.51785 1.53025 1.44965 1.25549 1.27332 1.29277 1.31400 1.33736 0.939957 0.862803 0.851752 0.834753 0.814941 0.793054 0.772364 0.752709 0.747537 0.747537 0.747537 2.21317 2.25129 2.29509 2.31621 2.35303 2.37321 2.38074 2.38827 2.39582 2.40335 2.41107 2.41164 2.44602 3.03495 3.06082 3.43118 3.55961 3.54610 3.51956 3.49580 3.55619 3.54957 3.54957 3.59548 3.57565 3.46301 3.33420 3.13313 2.64285 2.58165 2.24544 2.23870 2.21260 2.18640 1.99504 1.90282 1.88895 1.88894 1.88894 1.86126 1.83690 1.83690
1.60551 1.61832 1.63161 1.64534 1.68394 1.72858 1.72858 1.68325 1.54835 1.49695 1.40549 1.31404 1.22259 0.923050 0.753005 0.747537 0.747537 0.747537 0.747537 0.747537 0.747537 0.747537 0.747537 0.747537 2.38032 2.38222 2.38269 2.38269 2.39805 2.41510 2.41510 2.41510 2.41627 2.43090 2.44776 2.46124 2.47787 2.99611 3.14979 3.24526 3.36186 3.33849 3.24952 3.16057 3.12634 3.06521 2.98060 2.88651 2.76368 2.74276 2.73120 2.73056 2.57963 2.52922 2.19882 2.12586 2.11998 2.11840 2.01178 1.88347 1.88189 1.88031 1.87873 1.86455 1.82354 1.82196
1.57426 1.55901 1.54375 1.51785 1.52731 1.65342 1.62295 1.57602 1.16021 1.02231 1.02231 1.02231 1.02231 0.936175 0.747537 0.747537 0.747537 0.747537 0.747537 0.747537 0.747537 0.747537 0.747537 0.747537 2.44817 2.38269 2.38420 2.40960 2.44103 2.47672 2.49362 2.51055 2.52624 2.52790 2.52709 2.52365 2.52199 2.66827 2.68816 2.64998 2.67181 2.72548 2.73451 2.74550 2.81022 2.86581 2.87197 2.86127 2.72109 2.64406 2.61659 2.60036 2.51550 2.45013 2.23627 2.09364 2.09280 2.09280 2.04816 1.86102 1.86102 1.86102 1.86102 1.86016 1.81232 1.80898
1.44469 1.42182 1.39896 1.38676 1.39198 1.55115 1.55884 1.56184 1.28262 1.02231 1.02231 1.02231 1.02231 1.00530 0.751164 0.747537 0.747537 0.747537 0.747537 0.747537 0.747537 0.747537 0.747537 0.747537 2.55512 2.50817 2.52550 2.51887 2.51248 2.55930 2.56782 2.57347 2.56719 2.55437 2.54234 2.52912 2.51885 2.54187 2.59735 2.64967 2.75232 2.82812 2.82992 2.84140 2.87578 2.84952 2.82376 2.81509 2.71840 2.58909 2.58909 2.58942 2.54849 2.44612 2.32599 2.09280 2.09280 2.09280 2.09108 1.87854 1.86102 1.86102 1.86102 1.86102 1.82655 1.80898
1.33927 1.34154 1.34380 1.34603 1.34819 1.45786 1.49774 1.49774 1.38231 1.02231 1.02231 1.02231 1.02231 1.02231 0.806969 0.747537 0.747537 0.747537 0.747537 0.747537 0.747537 0.747537 0.747537 0.747537 2.57975 2.50465 2.50807 2.50807 2.50807 2.55867 2.53764 2.52103 2.51537 2.53126 2.55370 2.57526 2.59348 2.60005 2.64854 2.66291 2.76723 2.85536 2.88229 2.88380 2.89570 2.83209 2.81509 2.81509 2.77591 2.58909 2.58909 2.58909 2.58428 2.44622 2.41627 2.09456 2.09280 2.09280 2.09280 1.93732 1.86310 1.88795 1.91494 1.91161 1.88086 1.83276
1.34685 1.34685 1.34685 1.34685 1.34685 1.41888 1.49774 1.49774 1.43594 1.07053 1.02231 1.02231 1.02231 1.02231 0.879756 0.747537 0.747537 0.747537 0.747537 0.747537 0.747537 0.747537 0.747537 0.747537 2.65660 2.50238 2.50807 2.50807 2.50811 2.54924 2.54944 2.57188 2.59368 2.60026 2.60689 2.61806 2.62658 2.63792 2.68420 2.69413 2.76628 2.84132 2.88380 2.88380 2.89026 2.85821 2.81509 2.81509 2.81374 2.60869 2.58783 2.58638 2.59924 2.47908 2.44456 2.18699 2.17626 2.20762 2.23688 2.14693 1.99731 1.96280 1.92278 1.91612 1.91063 1.85608
1.34685 1.34685 1.34685 1.34685 1.34685 1.38530 1.49774 1.49774 1.46619 1.17575 1.02231 1.02231 1.02231 1.02231 0.952542 0.747537 0.747537 0.747537 0.747537 0.747537 0.747537 0.747537 0.747537 0.747464 2.69853 2.54004 2.54868 2.57859 2.60846 2.64750 2.61049 2.62147 2.63282 2.64414 2.64888 2.64888 2.64638 2.64584 2.67240 2.69378 2.73862 2.81382 2.87910 2.87766 2.87751 2.87517 2.80460 2.80316 2.77796 2.56946 2.43606 2.37883 2.33910 2.22693 2.12132 2.19988 2.25550 2.22430 2.19309 2.14652 1.95126 1.98346 2.01561 2.04099 2.06173 2.11056
1.34685 1.34685 1.34685 1.34685 1.34685 1.35612 1.49702 1.49774 1.49120 1.25026 1.00304 0.982662 0.964659 0.948680 0.928671 0.734492 0.724569 0.722342 0.712948 0.710186 0.694882 0.674625 0.654477 0.634402 2.85482 2.72607 2.63952 2.65468 2.66982 2.69603 2.66745 2.64550 2.64391 2.64233 2.64074 2.63916 2.63677 2.63494 2.64816 2.68103 2.70071 2.76457 2.82705 2.77711 2.71988 2.67794 2.54385 2.47946 2.44594 2.35314 2.21890 2.18844 2.12126 2.07022 1.98130 2.02783 2.17235 2.16491 2.15588 2.13841 2.10912 2.09559 2.08417 2.07952 2.07952 2.13505
1.30867 1.28272 1.27319 1.26397 1.25503 1.24636 1.31135 1.31699 1.30545 1.12341 0.849652 0.849652 0.817262 0.752406 0.687588 0.656245 0.665683 0.655609 0.651507 0.640762 0.626017 0.626017 0.625758 0.603676 2.81284 2.80236 2.67760 2.67033 2.66822 2.66655 2.67683 2.63348 2.63348 2.63348 2.63348 2.63293 2.59053 2.52202 2.45700 2.43378 2.36731 2.34152 2.45637 2.51282 2.48408 2.45644 2.37097 2.27878 2.20012 2.08294 1.76114 1.69272 1.67819 1.75099 1.92732 1.92755 2.11728 2.10938 2.09949 2.09819 2.08646 2.07952 2.07769 2.07457 2.07138 2.09247
1.25301 1.23277 1.24082 1.24925 1.25809 1.26741 1.27603 1.24976 1.21736 1.06150 0.615594 0.504649 0.472145 0.472145 0.472145 0.552904 0.632181 0.614525 0.598858 0.569019 0.509877 0.496968 0.485947 0.482019 2.76603 2.84282 2.69114 2.66639 2.66639 2.66596 2.66386 2.55264 2.48461 2.41662 2.34837 2.28085 2.25289 2.24584 2.23934 2.20117 2.15464 2.14511 2.20965 2.28482 2.27200 2.23470 2.05874 1.98503 1.98897 1.98569 1.67976 1.59246 1.57164 1.59650 1.80006 1.82015 2.00399 2.05482 2.05101 2.04709 2.03497 2.01673 2.01491 2.01491 2.01491 2.01599
1.29207 1.26068 1.22319 1.19076 1.15830 1.12589 1.10433 1.10380 1.09132 0.952147 0.557399 0.447466 0.441708 0.436523 0.431841 0.451392 0.547012 0.547012 0.547012 0.539979 0.482019 0.482019 0.482019 0.482019 2.86443 2.84594 2.61812 2.41665 2.32592 2.23017 2.24460 2.24709 2.24281 2.23978 2.23678 2.24419 2.26630 2.29211 2.31861 2.25023 2.18090 2.17931 2.19416 2.32423 2.32800 2.33132 2.15685 2.01854 2.00527 1.99610 1.67993 1.46097 1.46097 1.49195 1.69214 1.77753 1.91173 2.03730 2.03730 2.03730 2.03485 2.01493 2.01491 2.01491 2.01491 2.01491
1.08922 0.998722 0.913644 0.847851 0.780400 0.711322 0.640403 0.567375 0.508340 0.471354 0.426636 0.427437 0.427437 0.427437 0.427437 0.428298 0.537709 0.547012 0.547012 0.546821 0.488622 0.482019 0.482019 0.482019 3.08893 2.67277 2.40832 2.11122 2.10128 2.10695 2.18950 2.32846 2.34191 2.36502 2.38815 2.39747 2.37459 2.34802 2.32171 2.25287 2.14100 2.15439 2.19411 2.38549 2.44612 2.47445 2.30193 2.04714 1.99413 1.99413 1.80919 1.46288 1.46097 1.47249 1.63534 1.77753 1.84411 2.03730 2.03730 2.03730 2.03730 2.01833 2.01491 2.01480 1.98327 1.91248
0.295780 0.375155 0.426079 0.426079 0.426079 0.426079 0.426079 0.426079 0.426079 0.426079 0.426319 0.427437 0.427437 0.427437 0.427437 0.427437 0.506883 0.547012 0.547012 0.547012 0.506361 0.482019 0.482019 0.482019 3.18903 2.57158 2.58847 2.21609 2.20136 2.21161 2.22059 2.39935 2.37950 2.35345 2.32738 2.30469 2.30255 2.32114 2.34738 2.36400 2.22801 2.23922 2.25964 2.38502 2.47588 2.47588 2.36399 2.11616 1.99413 1.99413 1.88868 1.52077 1.46097 1.46057 1.55458 1.73990 1.72611 1.94130 1.88093 1.80374 1.72641 1.63614 1.54974 1.47270 1.42705 1.42053
0.233874 0.329572 0.426079 0.426079 0.426079 0.426079 0.426079 0.426079 0.426079 0.426079 0.426082 0.427309 0.427437 0.427437 0.427437 0.427437 0.475208 0.547012 0.547012 0.547012 0.521320 0.482019 0.482019 0.482019 3.07223 2.68577 2.69528 2.30178 2.19289 2.16313 2.13335 2.27537 2.30547 2.32870 2.35594 2.38487 2.41449 2.42252 2.42180 2.42180 2.27355 2.23921 2.25356 2.32387 2.45684 2.43907 2.37139 2.12123 1.91672 1.90148 1.83731 1.43694 1.24545 1.20626 1.22698 1.43860 1.44425 1.44376 1.44293 1.44293 1.44293 1.43561 1.42044 1.41549 1.40762 1.39847
0.233874 0.275767 0.426045 0.426079 0.426079 0.426079 0.426079 0.426079 0.426079 0.426079 0.426079 0.426972 0.427437 0.427437 0.427242 0.424524 0.437163 0.537169 0.533706 0.530244 0.516660 0.478102 0.526697 0.570030 3.07223 2.81812 2.62375 2.26403 2.10587 2.12839 2.15284 2.31608 2.41990 2.42105 2.41287 2.40400 2.39514 2.38629 2.34274 2.32374 2.20543 2.11058 2.10359 2.11679 2.28885 2.28529 2.26731 2.03306 1.81446 1.77869 1.76245 1.39905 1.12625 1.12625 1.15644 1.34534 1.40779 1.40482 1.40243 1.38971 1.37616 1.35592 1.31861 1.29184 1.26924 1.24745
0.235518 0.262893 0.413977 0.415736 0.412273 0.408811 0.405349 0.401886 0.398424 0.394961 0.391499 0.388590 0.409797 0.462671 0.512739 0.567729 0.633661 0.763781 0.823531 0.880818 0.960058 1.21272 1.22452 1.19438 3.04710 2.92822 2.49839 2.32762 2.15557 2.14557 2.13523 2.22022 2.34639 2.33738 2.33670 2.33670 2.33670 2.33670 2.28418 2.27631 2.23971 2.13008 2.14829 2.09463 2.17586 2.19702 2.19694 2.04636 1.87585 1.82413 1.83618 1.58935 1.30177 1.30134 1.36065 1.39438 1.31995 1.31062 1.30500 1.28239 1.25982 1.24249 1.24136 1.24136 1.24136 1.24136
0.486309 0.489219 0.422658 0.377106 0.377106 0.377106 0.377106 0.377106 0.661051 0.727228 0.787940 0.852168 0.904967 0.938509 0.976659 1.01111 1.02166 1.03079 1.03895 1.04785 1.05300 1.19645 1.23806 1.24343 2.77127 2.77127 2.36874 2.33419 2.11329 2.10533 2.10533 2.14634 2.34010 2.34293 2.36381 2.38990 2.41752 2.44639 2.43571 2.40605 2.39087 2.27871 2.32909 2.24970 2.33933 2.45723 2.45988 2.39585 2.22871 1.98170 1.98461 1.77120 1.44568 1.31719 1.28943 1.34082 1.22883 1.22002 1.24013 1.24136 1.24136 1.24136 1.24136 1.24136 1.24136 1.24136
0.489219 0.489219 0.445527 0.378040 0.384066 0.391609 0.400212 0.410086 0.855683 0.997751 0.999528 1.00010 1.00581 1.02668 1.05730 1.06242 1.06645 1.07048 1.07451 1.07632 1.07632 1.17608 1.25841 1.25841 2.77127 2.77127 2.45705 2.38894 2.13945 2.13741 2.16209 2.18959 2.45500 2.48803 2.49337 2.48990 2.48487 2.47985 2.44482 2.35000 2.31739 2.41138 2.38620 2.21214 2.12339 2.19456 2.17297 2.17494 2.18920 1.86127 1.82859 1.71751 1.40084 1.21480 1.21480 1.29860 1.22686 1.21970 1.23482 1.24136 1.24136 1.24136 1.24136 1.24136 1.24136 1.24136
0.527046 0.540987 0.536598 0.430551 0.433286 0.444090 0.456837 0.469602 0.806804 1.04160 1.05011 1.05804 1.04712 1.04505 1.07624 1.07632 1.07632 1.07632 1.07632 1.07632 1.07632 1.13672 1.25841 1.25841 2.77127 2.77127 2.56654 2.38165 2.28326 2.25056 2.25189 2.25323 2.38074 2.38113 2.34420 2.31591 2.28909 2.26213 2.22997 2.11677 2.08180 2.10817 2.14018 2.09550 1.99596 2.07295 2.04827 2.01761 2.02058 1.86002 1.79242 1.76462 1.44008 1.23745 1.21480 1.27319 1.24858 1.21970 1.22921 1.24136 1.24136 1.24136 1.24136 1.24136 1.24136 1.24136
0.593634 0.602138 0.609944 0.514725 0.520389 0.522349 0.522349 0.522349 0.703138 1.05975 1.05975 1.05975 1.05188 1.04030 1.07123 1.07632 1.07632 1.07632 1.07632 1.07632 1.07632 1.10190 1.25841 1.25841 2.77127 2.77127 2.69802 2.33394 2.32701 2.22977 2.22181 2.21384 2.29699 2.28890 2.23713 2.20649 2.17318 2.13988 2.11683 2.04564 2.00340 2.00343 2.03507 1.99956 1.90972 1.96722 2.00049 2.00049 2.01398 1.92721 1.79242 1.79242 1.49308 1.31469 1.21480 1.24738 1.27370 1.21970 1.21173 1.20175 1.17245 1.11200 1.03875 0.965573 0.920094 0.917121
0.628119 0.628119 0.628119 0.553549 0.522349 0.522349 0.522349 0.522349 0.552566 1.05185 1.05975 1.05975 1.05669 1.04030 1.06229 1.07632 1.07632 1.07632 1.07632 1.07632 1.07632 1.07782 1.24616 1.25841 2.69347 2.67355 2.65698 2.30101 2.31819 2.20789 2.20445 2.17133 2.18694 2.22601 2.11873 2.10681 2.07698 2.04841 2.02181 1.95907 1.92336 1.92862 1.99618 1.99652 1.92544 1.94172 2.00049 2.00003 2.00254 1.98114 1.77255 1.76546 1.53901 1.32673 1.13369 1.10574 0.927902 0.867605 0.823782 0.709931 0.685961 0.751601 0.822282 0.885537 0.920773 0.921105
0.628119 0.628119 0.628119 0.575440 0.522349 0.522349 0.522349 0.522349 0.522349 0.974780 1.05975 1.05975 1.05971 1.04222 1.05182 1.07632 1.07632 1.07632 1.07632 1.07645 1.07991 1.08481 1.20541 1.25841 2.65523 2.65523 2.65523 2.37901 2.29238 2.10811 2.06225 2.03623 2.01703 2.14341 2.01466 1.99709 1.99639 1.99444 1.98413 1.95288 1.90735 1.90242 1.95315 1.96056 1.90887 1.87692 1.94719 1.94195 1.94535 1.97390 1.78799 1.75962 1.61035 1.33344 0.974494 0.952621 0.776810 0.878453 0.961233 0.928364 0.926342 0.930380 0.933466 0.936556 0.939221 0.941155
