High_resolution/powerplant/Shangrao/OMI_NO2_201102.asc
ncols      200
nrows      200
xllcorner       115.451
yllcorner       27.0350
cellsize     0.0166667
NODATA_Value      -999.000
[rows 145 to 173 of 200, columns 0 to 65 of 200]
1.45593 1.45593 1.45593 1.45593 3.89480 6.78812 6.78812 6.78812 6.64888 6.09259 6.09259 6.09259 6.08328 6.01920 5.84706 5.58498 5.34532 5.15445 4.96813 4.90315 4.90315 4.90315 4.90315 4.90315 4.90315 4.85547 4.01164 4.02404 3.96842 3.62813 3.24839 2.86828 2.49977 2.39276 2.39276 2.39276 2.39276 2.39276 2.39276 2.39276 2.39276 2.39615 2.44804 2.98088 3.05785 3.10108 3.38447 3.46950 3.46950 3.46950 3.48983 4.47277 4.49989 4.41466 4.32960 4.24442 4.15919 4.11244 4.11235 3.82759 3.62253 3.61758 3.49396 3.28007 2.99640 2.55288
1.45593 1.45593 1.45593 1.45593 1.83346 6.68568 6.78812 6.78812 6.78531 6.02816 5.70639 5.44421 5.19138 4.99337 4.90315 4.90315 4.90315 4.90315 4.90315 4.90315 4.90315 4.90315 4.90315 4.90315 4.70508 4.06107 3.15739 2.75719 2.43272 2.39276 2.39276 2.39276 2.39276 2.39276 2.39276 2.39276 2.39276 2.39369 2.42785 2.47853 2.52919 2.57654 2.58664 2.94761 3.10642 3.10642 3.27639 3.42471 3.36798 3.31119 3.25440 3.74540 4.11235 4.11235 4.11235 4.11235 4.11235 4.08874 3.97497 3.62012 2.84592 2.40013 2.23408 2.23408 2.23408 2.27308
1.45593 1.45593 1.45593 1.45593 1.51776 5.49633 6.02315 5.72059 5.46460 5.08968 4.90315 4.90315 4.90315 4.88017 4.83635 4.79731 4.89710 4.90315 4.90315 4.90315 4.60812 3.94708 3.28438 2.62224 2.15761 2.14076 2.22005 2.39276 2.39276 2.39276 2.39276 2.39276 2.39276 2.39276 2.41899 2.46969 2.52035 2.57012 2.58664 2.58664 2.58664 2.58691 2.58993 2.77883 2.93845 2.88172 2.89372 3.17601 3.17601 3.17601 3.17601 3.43711 4.11190 4.04735 3.91448 3.73894 3.49686 3.23503 3.21371 3.16151 2.25318 2.23408 2.23408 2.22321 1.95340 1.68060
1.71466 1.91977 1.97068 2.00289 2.00614 3.66595 5.34519 5.32926 5.26392 5.08491 4.77258 4.73928 4.70908 4.69442 4.69442 4.69131 4.46464 3.83410 3.17168 2.50926 2.14186 2.14076 2.14076 2.14076 2.14076 2.14076 2.15932 2.38203 2.39276 2.39276 2.41077 2.46083 2.51151 2.56219 2.58664 2.58664 2.58692 2.58996 2.59417 2.59906 2.60480 2.61114 2.61253 2.65218 2.81293 2.81293 2.81380 3.13582 3.15710 3.02322 2.84659 2.68009 3.34007 3.21371 3.21371 3.21371 3.21371 3.21371 3.21371 3.20589 2.17724 1.69562 1.50060 1.35998 1.32306 1.32306
2.04881 1.97385 2.10186 2.25101 2.37914 2.86904 5.05737 5.02842 5.02595 5.01165 4.70376 4.67453 4.30492 3.80831 3.31129 2.81779 2.41969 2.14076 2.14076 2.14076 2.14076 2.14076 2.14076 2.14076 2.14076 2.14076 2.13501 2.38307 2.50267 2.55335 2.58602 2.58694 2.59000 2.59422 2.59913 2.60491 2.61118 2.61253 2.61253 2.61253 2.61253 2.61253 2.61253 2.61253 2.76488 2.70883 2.63173 2.54374 2.29398 2.25853 2.25853 2.25853 2.83926 3.21371 3.21371 3.21092 2.85125 2.40910 2.10295 1.88004 1.57466 1.32306 1.32306 1.32306 1.32306 1.32306
2.03469 2.44487 2.66116 2.66116 2.66116 2.66116 4.67020 4.97477 4.55192 4.05531 3.31564 2.75004 2.62262 2.62262 2.62262 2.62262 2.53606 2.14076 2.14076 2.14076 2.14076 2.14076 2.13805 2.10715 2.06864 2.03017 1.99311 2.32433 2.59426 2.59918 2.60499 2.61127 2.61253 2.61253 2.61253 2.61253 2.61253 2.61253 2.61253 2.61129 2.53774 2.42205 2.30640 2.19076 2.36620 2.48162 2.48162 2.43044 2.25853 2.25853 2.25853 2.25853 2.40513 2.43330 2.12007 1.89175 1.81288 1.81288 1.81288 1.81288 1.70855 1.32306 1.32306 1.32306 1.32306 1.31522
2.30602 2.26983 2.66116 2.66116 2.66116 2.66116 3.13183 3.02812 2.95415 2.95415 2.80523 2.62262 2.62262 2.62262 2.62262 2.62262 2.61678 2.17632 2.14057 2.11769 2.07918 2.03800 1.94091 1.84865 1.76380 1.67904 1.60096 1.80778 2.61234 2.61253 2.61253 2.61253 2.61253 2.61253 2.61253 2.60115 2.50340 2.38763 2.27206 2.15766 2.11557 2.11557 2.11557 2.11557 2.26384 2.48162 2.48162 2.47475 2.22125 2.07489 1.93671 1.79832 1.74193 1.81287 1.81288 1.81288 1.81288 1.81288 1.81288 1.81288 1.74425 1.27851 1.23360 1.19748 1.16135 1.13305
2.71504 2.04367 2.65862 2.66116 2.66116 2.66116 2.73909 2.95415 2.95415 2.95415 2.89892 2.62262 2.62262 2.62262 2.62262 2.61281 2.58401 2.19116 1.87620 1.77583 1.69115 1.60911 1.58564 1.58564 1.58564 1.58564 1.58564 1.64085 2.47697 2.61253 2.61253 2.58083 2.46901 2.35332 2.23772 2.13341 2.11557 2.11557 2.11557 2.11557 2.11557 2.11557 2.11557 2.11557 2.11590 2.36987 2.28302 2.19083 1.87572 1.72931 1.72931 1.72931 1.72931 1.79983 1.81211 1.72544 1.55454 1.33981 1.06090 0.684442 0.412879 0.987243 1.13096 1.13096 1.13096 1.13096
3.22079 2.00031 2.56698 2.66116 2.66116 2.66116 2.66389 2.93362 2.95415 2.95415 2.95379 2.65719 2.56237 2.46994 2.37746 2.29486 2.23121 1.98377 1.58564 1.58564 1.58564 1.58564 1.58564 1.58564 1.58564 1.58564 1.58564 1.51878 2.01098 2.31898 2.20333 2.11945 2.11557 2.11557 2.11557 2.11557 2.11557 2.11557 2.11557 2.11557 2.09959 1.97988 1.84168 1.70331 1.59467 2.03421 2.12881 2.12881 1.99360 1.72410 1.60982 1.42215 1.18529 0.946372 0.612828 0.412039 0.412039 0.412039 0.412039 0.412039 0.412039 0.818799 1.13096 1.13096 1.13096 1.13096
3.27419 2.24077 2.40908 2.66116 2.66116 2.66116 2.66116 2.85173 2.89462 2.83468 2.77475 2.43140 2.20628 2.20628 2.20628 2.20628 2.17481 2.01100 1.58564 1.58564 1.58564 1.58564 1.58362 1.49541 1.36113 1.22685 1.09263 1.02521 1.38004 2.11557 2.11557 2.11557 2.11557 2.11557 2.11557 2.11557 2.10901 2.00385 1.86557 1.72729 1.60498 1.58636 1.58636 1.58636 1.58556 1.84036 1.97415 1.87543 1.68018 0.390319 0.244914 0.244914 0.244914 0.283264 0.412039 0.412039 0.412039 0.412039 0.412039 0.412039 0.412039 0.569066 1.13085 1.13096 1.13096 1.13096
3.27419 2.61448 2.20955 2.62391 2.56326 2.48337 2.40344 2.47930 2.70051 2.70051 2.69170 2.46870 2.02230 1.91811 1.80288 1.67460 1.58688 1.58564 1.57757 1.47193 1.33765 1.20343 1.07117 1.02521 1.02521 1.02521 1.02521 1.02521 1.13421 2.09226 2.11557 2.11557 2.11430 2.02783 1.88949 1.75126 1.61949 1.58636 1.58636 1.58548 1.57805 1.57058 1.56421 1.55878 1.55443 1.55850 1.58636 1.58636 1.58636 0.592419 0.244914 0.244914 0.244914 0.246535 0.397780 0.412039 0.412039 0.412039 0.412039 0.412039 0.412039 0.412039 1.07521 1.15563 1.18269 1.20970
2.95074 2.72029 1.61502 2.32534 2.32069 2.24671 2.12761 2.02735 2.42155 2.34191 2.25578 2.20648 1.59749 1.58564 1.56737 1.44844 1.31422 1.17994 1.05376 1.02521 1.02521 1.02521 1.02521 1.02521 1.02521 1.02521 1.02521 1.02521 1.02765 1.77702 1.91346 1.77523 1.63811 1.58636 1.58539 1.57788 1.57041 1.56409 1.55866 1.55437 1.55364 1.55364 1.55364 1.55364 1.55364 1.55384 1.58269 1.54234 1.45992 0.933373 0.244914 0.244914 0.244914 0.244914 0.348348 0.412039 0.412039 0.412039 0.415339 0.458044 0.512095 0.566147 1.06756 1.23740 1.23740 1.23740
2.68940 2.68940 1.66225 1.66451 1.52015 1.45034 1.45034 1.45034 2.08372 2.24460 2.21204 2.08393 1.44959 1.15652 1.04057 1.02521 1.02521 1.02521 1.02521 1.02521 1.02521 1.02521 1.02521 1.02521 1.02521 1.02733 1.03599 1.04512 1.05424 1.25806 1.57772 1.57024 1.56397 1.55854 1.55431 1.55364 1.55364 1.55364 1.55364 1.55364 1.55364 1.55364 1.55050 1.50757 1.45260 1.39762 1.30188 1.23138 1.23138 1.07650 0.244914 0.244914 0.244914 0.244914 0.299980 0.454659 0.508689 0.562805 0.613535 0.624924 0.624924 0.624924 0.911719 1.23740 1.23740 1.23740
2.68940 2.68940 1.98975 1.45034 1.45034 1.45034 1.45034 1.45034 1.70590 1.79206 1.69034 1.68418 1.36917 1.02521 1.02521 1.02521 1.02521 1.02521 1.02521 1.02521 1.02521 1.02597 1.03349 1.04261 1.05293 1.07941 1.10873 1.14245 1.18247 1.30852 1.55364 1.55364 1.55364 1.55364 1.55364 1.55364 1.55364 1.55364 1.54228 1.49086 1.43586 1.38087 1.32904 1.31700 1.31700 1.31700 1.29208 1.23138 1.23138 1.21738 0.330992 0.315462 0.430370 0.545140 0.652815 0.626947 0.624924 0.624924 0.624924 0.624924 0.624924 0.624924 0.686248 1.20357 1.14042 1.05368
2.68940 2.68940 2.48792 1.45638 1.45034 1.45034 1.45034 1.45034 1.49340 1.68410 1.68418 1.68418 1.55439 1.02521 1.02521 1.02521 1.02521 1.02529 1.03099 1.04044 1.06561 1.10244 1.13719 1.17623 1.22046 1.23255 1.23255 1.23255 1.23255 1.23401 1.53160 1.55364 1.55364 1.55364 1.52899 1.47408 1.41911 1.36411 1.32050 1.31700 1.31700 1.31700 1.31700 1.31700 1.31700 1.31700 1.31063 1.25722 1.31434 1.37173 1.00935 0.684741 0.684741 0.684741 0.684741 0.642681 0.624924 0.624924 0.624924 0.624924 0.624924 0.624924 0.624924 0.624924 0.624924 0.624924
2.68940 2.68940 2.68940 1.61603 1.45034 1.45034 1.45034 1.45034 1.45034 1.65680 1.68418 1.68418 1.68042 1.08425 1.02859 1.04985 1.08595 1.12792 1.17011 1.21494 1.23255 1.23255 1.23255 1.23255 1.23255 1.23255 1.23255 1.23255 1.23255 1.23131 1.41810 1.45735 1.40238 1.34738 1.31707 1.31700 1.31700 1.31700 1.31700 1.31700 1.31700 1.31700 1.31700 1.32849 1.36576 1.40407 1.44233 1.45410 1.45130 1.45130 1.25641 0.684741 0.684741 0.684741 0.684741 0.660946 0.624924 0.624924 0.624924 0.624924 0.624924 0.624924 0.624924 0.624924 0.624924 0.624924
2.68940 2.68940 2.68940 1.92080 1.45034 1.45034 1.45034 1.45034 1.45034 1.59907 1.64888 1.54133 1.43182 1.22168 1.20834 1.23255 1.23255 1.23255 1.23255 1.23255 1.23255 1.23255 1.23255 1.23255 1.23255 1.22877 1.18963 1.14187 1.09416 1.04766 1.15344 1.31700 1.31700 1.31700 1.31700 1.31700 1.31700 1.31700 1.31700 1.32399 1.35925 1.39756 1.43581 1.46262 1.46360 1.46360 1.46360 1.45801 1.45130 1.45130 1.40328 0.686731 0.684741 0.684741 0.684741 0.678865 0.625283 0.624924 0.624924 0.624924 0.624924 0.624924 0.624924 0.624924 0.624924 0.624924
2.68940 2.68940 2.68940 2.39330 1.45083 1.42839 1.27348 1.10605 0.941874 0.925955 1.16149 1.15965 1.15965 1.17926 1.23255 1.23255 1.23255 1.23255 1.23255 1.23255 1.23255 1.22478 1.18147 1.13373 1.08604 1.04208 1.03348 1.03348 1.03348 1.03348 1.05956 1.31330 1.31700 1.31700 1.31700 1.32059 1.35275 1.39102 1.42931 1.46060 1.46360 1.46360 1.46339 1.46180 1.45998 1.45816 1.45633 1.45408 1.45130 1.45130 1.45130 0.910183 0.684741 0.684741 0.684741 0.684741 0.637652 0.624924 0.624924 0.624924 0.624924 0.624924 0.624924 0.624924 0.624924 0.624924
2.68186 2.43774 2.08185 1.72614 0.866165 0.669644 0.660302 0.663549 0.663549 0.674555 1.13630 1.15965 1.15965 1.16382 1.23176 1.23255 1.23255 1.21947 1.17333 1.12561 1.07788 1.03790 1.03348 1.03348 1.03348 1.03348 1.03348 1.03348 1.03348 1.03348 1.03348 1.26800 1.34624 1.38449 1.42280 1.45746 1.46360 1.46337 1.46177 1.45994 1.45813 1.45630 1.45470 1.45446 1.45446 1.45446 1.45446 1.45438 1.45144 1.45125 1.45004 1.16684 0.684741 0.684741 0.684741 0.684741 0.655933 0.624924 0.624924 0.624924 0.624924 0.624924 0.624924 0.624924 0.624924 0.624924
1.12579 1.01386 1.01386 1.01386 0.777719 0.663549 0.663549 0.663549 0.663549 0.663549 1.02852 1.15965 1.15965 1.14645 1.15121 1.11749 1.06971 1.03510 1.03348 1.03348 1.03348 1.03348 1.03348 1.03348 1.03348 1.03348 1.03348 1.03348 1.08479 1.21439 1.39648 1.50990 1.46335 1.46173 1.45991 1.45809 1.45626 1.45468 1.45446 1.45446 1.45446 1.45446 1.45446 1.45446 1.45446 1.45430 1.45328 1.45212 1.44780 1.44439 1.44388 1.33617 0.684741 0.684741 0.684741 0.684741 0.674194 0.624924 0.624924 0.624924 0.624924 0.624924 0.00000 0.00000 0.00000 0.00000
1.01386 1.01386 1.01386 1.01386 0.898506 0.663549 0.663549 0.663549 0.663597 0.721969 0.938265 1.07749 1.04568 1.02708 1.02967 1.03348 1.03348 1.03348 1.03348 1.03348 1.03348 1.03348 1.03348 1.03348 1.05930 1.17431 1.33909 1.58162 1.75373 1.75373 1.75373 1.65195 1.45484 1.45446 1.45446 1.45446 1.45446 1.45446 1.45446 1.45446 1.45446 1.45407 1.45293 1.45178 1.45063 1.44964 1.44951 1.44951 1.44747 1.44388 1.44388 1.43679 0.770681 0.684741 0.684741 0.684741 0.684519 0.625403 0.00000 0.00000 0.00000 0.00000 0.00000 0.00000 0.00000 0.00000
1.01386 1.01386 1.01386 1.01386 1.01246 0.750899 0.818624 0.893086 0.954820 0.980326 0.983634 1.02628 1.02694 1.02694 1.02807 1.03348 1.03348 1.03348 1.03348 1.03348 1.04297 1.13765 1.28740 1.50353 1.73863 1.75373 1.75373 1.75373 1.75373 1.75373 1.75373 1.74889 1.47958 1.45446 1.45446 1.45446 1.45445 1.45374 1.45259 1.45144 1.45029 1.44953 1.44951 1.44951 1.44951 1.44951 1.44951 1.44951 1.44877 1.44632 1.52296 1.66427 1.49640 0.684741 0.00000 0.00000 0.00000 0.00000 0.00000 0.00000 1.22877 1.22877 1.22877 1.22877 1.22877 0.616772
1.01512 1.09443 1.18588 1.25001 1.29730 1.09061 0.980326 0.980326 0.980326 0.980326 0.980326 1.01575 1.02694 1.02694 1.02702 1.03292 1.03475 1.10398 1.24067 1.43468 1.69567 1.75373 1.75373 1.75373 1.75373 1.75373 1.75373 1.75373 1.75373 1.75373 1.75373 1.75373 1.53132 1.45340 1.45225 1.45110 1.44995 1.44951 1.44951 1.44951 1.44951 1.44951 1.44951 1.44951 1.44951 1.44959 1.48787 1.56877 1.66812 2.04227 2.20302 2.20302 2.20302 0.00000 0.00000 1.22877 1.22877 1.22877 1.22877 1.22877 1.22877 1.22877 1.22877 1.22877 1.22877 0.806861
1.29909 1.31387 1.31387 1.31387 1.31387 1.19758 0.980326 0.980326 0.980326 0.980326 0.980326 1.00203 1.02694 1.08676 1.25957 1.42642 1.62996 1.75373 1.75373 1.75373 1.75373 1.75373 1.75373 1.75373 1.75373 1.75373 1.75373 1.75373 1.73096 1.61282 1.48410 1.35543 1.38968 1.44951 1.44951 1.44951 1.44951 1.44951 1.44951 1.44951 1.44951 1.44951 1.47591 1.55360 1.64898 1.76788 1.83190 1.83190 1.83190 2.00602 2.18279 2.04946 1.91484 1.23802 1.22877 1.22877 1.22877 1.22877 1.22877 1.22877 1.22877 1.22877 1.22877 1.22877 1.22877 1.00352
1.31387 1.31387 1.31387 1.31387 1.31387 1.30470 0.995518 0.980326 0.995439 1.08479 1.24775 1.46298 1.77434 1.96885 1.97110 1.91707 1.75373 1.75373 1.75373 1.75373 1.75373 1.75373 1.75373 1.75373 1.71559 1.59026 1.46159 1.33292 1.22703 1.21650 1.21650 1.21650 1.26512 1.46103 1.44951 1.44951 1.44951 1.44951 1.46626 1.53892 1.63097 1.74535 1.83069 1.83190 1.83190 1.82225 1.75588 1.68025 1.60461 1.61195 1.72264 1.71589 1.71589 1.39230 1.22877 1.22877 1.22877 1.22877 1.22877 1.22877 1.22877 1.22877 1.22877 1.22877 1.22877 1.18819
1.31387 1.31387 1.31387 1.32027 1.41612 1.54063 1.39862 1.49069 1.72271 1.88506 1.90117 1.90123 1.96219 1.97110 1.97110 1.95735 1.75408 1.75373 1.75373 1.75373 1.69625 1.56780 1.43908 1.31041 1.21989 1.21650 1.21650 1.21650 1.21650 1.21650 1.21650 1.21650 1.21650 1.45005 1.45890 1.52475 1.61361 1.72355 1.82528 1.83190 1.82188 1.75513 1.67949 1.60385 1.52878 1.46298 1.45371 1.45371 1.45371 1.47841 1.71484 1.71589 1.71180 1.52284 1.22877 1.22877 1.22877 1.22877 1.22877 1.22877 1.22877 1.22877 1.22877 1.22877 1.22877 1.22877
1.50545 1.62984 1.75447 1.87246 1.90117 1.90117 1.90117 1.90117 1.90117 1.90117 1.90117 1.90117 1.94156 1.97110 1.97110 1.97062 1.74545 1.54524 1.41657 1.28790 1.21667 1.21650 1.21650 1.21650 1.21650 1.21650 1.21650 1.21650 1.21650 1.21650 1.21188 1.13875 1.07129 1.33172 1.81550 1.82150 1.75437 1.67873 1.60310 1.52822 1.46260 1.45371 1.45371 1.45371 1.45371 1.45371 1.45371 1.45371 1.44158 1.39689 1.56406 1.56615 1.52376 1.48051 1.22877 1.22877 1.22877 1.22877 1.22877 1.22877 1.22877 1.22877 1.22877 1.22877 1.22877 1.22877
1.90117 1.90117 1.90117 1.90117 1.90117 1.90117 1.90117 1.90117 1.90117 1.90117 1.90117 1.89751 1.84708 1.85557 1.79124 1.72739 1.51415 1.21650 1.21650 1.21650 1.21650 1.21650 1.21650 1.21650 1.21650 1.21650 1.21650 1.16233 1.08693 1.03564 1.00640 1.04754 1.09651 1.13851 1.50680 1.46222 1.45371 1.45371 1.45371 1.45371 1.45371 1.45371 1.45371 1.45371 1.42930 1.38285 1.33634 1.28989 1.25554 1.25376 1.39526 1.51594 1.51594 1.51453 1.27073 1.22877 1.22877 1.22877 1.22877 1.22877 1.22877 1.22877 1.22877 1.22877 1.22877 1.22877
1.90117 1.90117 1.90117 1.90117 1.90117 1.90117 1.90117 1.89582 1.81342 1.70581 1.59836 1.49458 1.47263 1.69196 1.70249 1.70249 1.62383 1.21650 1.21650 1.21650 1.21650 1.21650 1.21650 1.18564 1.10421 1.05159 1.05835 1.09086 1.13295 1.16890 1.19692 1.20131 1.20131 1.18845 1.28549 1.45371 1.45371 1.45371 1.45371 1.45121 1.41520 1.36876 1.32229 1.27582 1.25376 1.25376 1.25376 1.25376 1.25376 1.25376 1.32319 1.51594 1.51594 1.51594 1.38009 1.22877 1.22877 1.22877 1.22877 1.22877 1.22877 1.22877 1.22877 1.22877 1.22877 1.22877
