High_resolution/powerplant/Shangrao/OMI_NO2_2008_06-08.asc
ncols      200
nrows      200
xllcorner       115.451
yllcorner       27.0350
cellsize     0.0166667
NODATA_Value      -999.000
[rows 29 to 57 of 188, columns 132 to 197 of 200]
1.68521 1.67158 1.64918 1.51627 1.44801 1.44495 1.47550 1.51071 1.49693 1.49830 1.50899 1.51573 1.50232 1.38721 1.48246 1.70319 1.63366 1.66043 1.73212 1.68815 1.62281 1.72578 1.65622 1.65622 1.60131 1.56343 1.52503 1.55711 1.54749 1.54720 1.58952 1.82763 1.81362 1.72193 1.65432 1.57667 1.71930 1.86604 1.71194 1.75055 1.71782 1.62942 1.53230 1.46165 1.38998 1.33086 1.33920 1.41392 1.38572 1.26964 1.29679 1.22758 1.05943 0.969868 1.05852 1.00210 1.04079 1.00072 0.983010 0.843664 0.874528 0.885043 0.812720 0.845989 0.811439 0.905236
1.55507 1.53342 1.52734 1.47592 1.40795 1.50273 1.52775 1.57728 1.56323 1.57167 1.59491 1.61255 1.57313 1.44655 1.44472 1.68671 1.60376 1.60927 1.70262 1.64751 1.61094 1.67532 1.54056 1.50534 1.43914 1.42754 1.41448 1.44036 1.48739 1.53183 1.58365 1.75126 1.81066 1.72251 1.64514 1.58910 1.65906 1.74447 1.52563 1.47845 1.40620 1.35488 1.33033 1.32452 1.30311 1.29876 1.30938 1.41083 1.38515 1.28055 1.29679 1.25441 1.05608 0.941752 1.01988 0.960543 0.986767 1.01570 1.08671 1.01148 1.08199 1.11545 1.05572 1.02037 0.974820 0.975992
1.53372 1.56620 1.54511 1.52204 1.41164 1.54200 1.57091 1.63405 1.59774 1.59774 1.64449 1.69039 1.59490 1.50405 1.41707 1.61539 1.48450 1.36877 1.37014 1.45026 1.48511 1.61494 1.46524 1.45311 1.38484 1.37918 1.36645 1.35275 1.41673 1.42836 1.45437 1.50441 1.56193 1.51139 1.49591 1.40578 1.43523 1.49329 1.41709 1.42049 1.39039 1.36492 1.34308 1.36492 1.36763 1.35169 1.34370 1.41980 1.41396 1.32320 1.32529 1.27510 1.18194 1.07444 1.19336 1.20924 1.23563 1.22607 1.25237 1.14452 1.14249 1.15711 1.15603 1.07898 1.04879 0.995646
1.62543 1.65405 1.58645 1.58342 1.44972 1.53049 1.57091 1.62433 1.57542 1.57542 1.61575 1.65183 1.53674 1.41418 1.16769 1.28663 1.24009 1.19498 1.20558 1.39525 1.45926 1.53183 1.41862 1.38798 1.31727 1.29564 1.28850 1.26008 1.35339 1.43745 1.53246 1.53536 1.45264 1.38781 1.43552 1.41161 1.48261 1.52682 1.49217 1.48166 1.44557 1.41586 1.39039 1.41586 1.45896 1.43698 1.43367 1.47803 1.52121 1.51596 1.61505 1.59622 1.52587 1.34270 1.37527 1.35796 1.34686 1.33106 1.31920 1.21568 1.16678 1.15662 1.14070 1.01039 1.11357 1.11357
1.56775 1.60619 1.56432 1.56427 1.46145 1.49362 1.51002 1.48765 1.37885 1.32601 1.37559 1.37916 1.32999 1.23317 0.881212 0.850660 0.872716 0.911567 0.903890 1.11947 1.20501 1.26721 1.19715 1.20229 1.20797 1.21125 1.20614 1.16724 1.25157 1.29694 1.37541 1.37988 1.39168 1.42460 1.50866 1.42525 1.44360 1.47529 1.46224 1.45913 1.41586 1.39442 1.40109 1.42287 1.47000 1.47962 1.50086 1.48402 1.57725 1.57000 1.69217 1.67387 1.63847 1.37456 1.39631 1.37015 1.34705 1.34489 1.33305 1.23540 1.14279 1.13815 1.15549 1.02645 1.11357 1.12051
1.62772 1.62159 1.54717 1.51277 1.41316 1.41224 1.38806 1.35833 1.18047 1.17441 1.33449 1.34370 1.34533 1.20094 0.984847 0.789600 0.883191 0.978930 0.954436 1.09404 1.27050 1.32737 1.28707 1.27829 1.27182 1.26536 1.26347 1.24475 1.30753 1.35742 1.43855 1.39025 1.38085 1.43651 1.51878 1.43025 1.41968 1.45633 1.45216 1.44644 1.40462 1.38809 1.38771 1.41964 1.47449 1.48612 1.50355 1.44451 1.53930 1.52614 1.61683 1.62846 1.63893 1.45388 1.49707 1.47237 1.41843 1.38540 1.33401 1.27183 1.12732 1.15883 1.25399 1.26851 1.46310 1.51582
1.44973 1.47948 1.55134 1.54954 1.51370 1.46797 1.46395 1.47632 1.39237 1.42222 1.56518 1.61645 1.70780 1.56223 1.40122 0.985632 1.06263 1.08565 1.04698 1.14852 1.38860 1.38441 1.31993 1.30518 1.31720 1.32453 1.32989 1.29434 1.32170 1.34246 1.40956 1.35764 1.36451 1.40729 1.47101 1.43296 1.39571 1.39712 1.39626 1.42149 1.33099 1.31349 1.30592 1.29813 1.30599 1.30688 1.32007 1.26982 1.37867 1.43389 1.48904 1.52118 1.46294 1.31689 1.24729 1.19477 1.14923 1.05745 1.11025 1.11025 1.11387 1.21754 1.35110 1.33372 1.32667 1.31504
1.45163 1.43999 1.60346 1.59627 1.59113 1.57988 1.63245 1.74588 1.71339 1.74225 1.91622 1.92594 1.95950 1.77000 1.74107 1.20892 1.21510 1.17706 1.20237 1.29624 1.51937 1.55707 1.52976 1.51672 1.50689 1.50398 1.50402 1.51643 1.53263 1.54774 1.54544 1.51599 1.47501 1.30662 1.33634 1.34685 1.33745 1.28932 1.26344 1.34152 1.27622 1.25854 1.26517 1.25938 1.25202 1.22248 1.25922 1.23723 1.19018 1.08152 0.917081 0.966803 0.889106 0.984608 1.06377 1.06377 1.11025 1.06377 1.12837 1.12840 1.14118 1.16444 1.36117 1.36276 1.28372 1.15990
1.29049 1.26271 1.42948 1.69802 1.72487 1.79217 1.79217 1.79029 1.88693 2.01130 2.00071 1.90317 1.89738 1.87029 1.84995 1.32608 1.08645 1.06985 1.14148 1.21698 1.43596 1.46616 1.29962 1.29867 1.31212 1.33004 1.34786 1.34844 1.33711 1.32664 1.29133 1.25066 1.26971 1.20741 1.26060 1.26195 1.23435 1.12037 1.04231 1.28340 1.25857 1.25307 1.27743 1.30150 1.37059 1.40033 1.42169 1.41814 1.29382 0.969750 0.876479 1.04304 1.03756 1.08476 1.14820 1.14828 1.18978 1.18327 1.28097 1.28198 1.24835 1.20290 1.26163 1.21310 1.14331 1.10352
0.809151 0.809151 1.06166 1.64582 1.63698 1.70794 1.69469 1.68332 1.81265 2.06369 2.06369 1.94466 1.94466 1.89547 1.88170 1.64051 1.08842 1.04597 1.23901 1.34361 1.48794 1.53342 1.38587 1.36478 1.34026 1.32978 1.31931 1.31150 1.30969 1.29694 1.24758 1.17199 1.16774 1.15389 1.19440 1.23548 1.26564 1.14297 1.06450 1.29934 1.30535 1.35483 1.37675 1.37675 1.43071 1.43071 1.43838 1.45397 1.33789 1.06822 0.876479 0.994043 1.04137 1.10152 1.17078 1.16187 1.16573 1.09158 1.13845 1.11804 1.11804 1.11804 1.21141 1.21141 1.17174 1.14331
0.809151 0.809151 0.928356 1.61078 1.61078 1.68189 1.68189 1.68189 1.73029 2.06369 2.06369 1.94466 1.94471 1.94337 1.93892 1.90552 1.81953 2.01162 1.67653 1.55057 1.55488 1.52495 1.34955 1.31659 1.27186 1.24735 1.23703 1.22757 1.21587 1.20756 1.18678 1.03705 1.06510 1.10210 1.39541 1.35039 1.33556 1.17122 1.10034 1.23437 1.33337 1.38473 1.43071 1.47268 1.50625 1.50625 1.50708 1.52421 1.42906 1.12878 0.697756 0.767505 0.784574 0.828908 0.860793 0.856558 0.893922 0.856558 0.921077 0.921077 1.09313 1.09313 1.19272 1.19272 1.14331 1.14331
0.809151 0.809151 0.832042 1.56699 1.57523 1.57523 1.57523 1.57523 1.58376 1.80170 1.86713 1.86592 1.96380 2.04496 1.98489 1.94783 2.07113 2.10558 1.94242 1.63588 1.42365 1.37168 1.30549 1.30548 1.24366 1.19912 1.20127 1.22547 1.24203 1.25124 1.24272 1.06980 1.01517 1.04348 1.32860 1.42224 1.42892 1.35399 1.23953 1.17566 1.33337 1.35992 1.43071 1.47268 1.50193 1.51965 1.55969 1.53694 1.45191 1.22601 0.670669 0.718611 0.744401 0.819879 0.862754 0.856558 0.856558 0.812400 0.878956 0.878956 1.06198 1.06198 1.16779 1.16335 1.08130 1.06388
0.809151 0.809151 0.809151 1.47137 1.63761 1.68062 1.72357 1.76659 1.80211 1.98288 2.06028 1.98547 2.06028 2.12014 2.04141 1.98486 2.04674 2.17243 2.17259 1.96011 1.39969 1.31062 1.35775 1.35336 1.34686 1.25580 1.23776 1.22113 1.20452 1.17695 1.17499 1.06957 1.01081 1.01750 1.22325 1.36765 1.37047 1.33185 1.23675 1.14501 1.31976 1.33384 1.47021 1.54905 1.63209 1.66158 1.66158 1.58714 1.48677 1.30023 0.708115 0.828793 0.862961 0.912933 0.944330 0.936622 0.936550 0.905339 0.964224 0.950177 1.09671 1.10952 1.18101 1.19262 1.28162 1.06945
1.12938 1.27238 1.44699 1.75917 1.80576 1.80576 1.80576 1.80576 1.80576 1.92802 2.06028 1.98547 2.06028 2.20992 2.27070 2.09679 2.06240 2.18178 2.17137 1.94469 1.47533 1.29840 1.33729 1.32330 1.30850 1.23427 1.21663 1.21663 1.21668 1.18498 1.18051 1.08340 1.02820 1.02411 1.14778 1.32524 1.34365 1.33403 1.15582 1.06067 1.39480 1.53698 1.58704 1.62153 1.62153 1.62153 1.62153 1.60200 1.42056 1.27108 1.02952 0.986028 1.01626 1.08756 1.13498 1.14022 1.16955 1.18760 1.22637 1.27576 1.29165 1.29510 1.28921 1.28921 1.28162 1.06945
1.76102 1.76102 1.76102 1.80576 1.80576 1.80576 1.80576 1.80576 1.80586 1.87483 2.05481 1.97903 2.04842 2.18690 2.28609 2.06106 2.00187 2.07886 2.02813 1.78761 1.42371 1.17345 1.20706 1.20510 1.19199 1.14292 1.09796 1.08067 1.06260 1.04622 1.05264 1.08439 1.05934 1.07603 1.17293 1.36295 1.43551 1.46765 1.28088 1.17040 1.38160 1.54047 1.56949 1.63221 1.64823 1.64823 1.65370 1.66754 1.55860 1.40926 1.31399 1.13800 1.18766 1.32649 1.35362 1.35455 1.35455 1.35566 1.35566 1.35566 1.32687 1.30707 1.30243 1.30903 1.31781 1.05261
1.76102 1.76102 1.87355 1.94353 1.95837 1.97464 1.99263 2.01238 2.03377 2.04062 2.04062 1.98470 2.04062 2.09655 2.18043 1.86378 1.70400 1.58804 1.53148 1.52817 1.38363 1.04987 1.10295 1.11813 1.11813 1.10814 1.07207 1.08601 1.10107 1.12514 1.15679 1.27458 1.24839 1.30238 1.34268 1.44068 1.45407 1.45409 1.27147 1.10171 1.27624 1.55611 1.57716 1.66206 1.65913 1.64384 1.61843 1.56753 1.28555 1.15654 1.27287 1.19772 1.18989 1.27134 1.35210 1.35280 1.35280 1.35360 1.35365 1.35925 1.34753 1.34592 1.33060 1.31151 1.28988 1.02508
1.76102 1.76102 1.94742 2.04062 2.04062 2.04062 2.04062 2.04062 2.04062 1.98470 1.98470 1.94742 1.05661 0.880510 0.704408 1.46003 1.46003 1.53993 1.61520 1.68818 1.57709 1.20664 1.17032 1.22428 1.25895 1.27622 1.12031 1.14777 1.18703 1.26490 1.26009 1.35164 1.22311 1.25341 1.30711 1.50434 1.60930 1.64779 1.58637 1.55027 1.57471 1.53768 1.47317 1.39775 1.42442 1.42442 1.42442 1.44576 1.37061 1.12881 1.27176 1.19772 1.18989 1.26138 1.37307 1.37989 1.39077 1.38804 1.37572 1.35692 1.30606 1.25800 1.25603 1.25603 1.25603 1.22328
1.76102 1.76102 1.90020 0.587007 0.587007 0.587007 0.587007 0.587007 0.587007 0.880510 0.880510 1.05661 0.880510 0.880510 0.880510 1.52054 1.47816 1.52245 1.71776 1.86203 1.79652 1.53176 1.25027 1.33749 1.41655 1.52043 1.34635 1.34038 1.39424 1.50217 1.54238 1.62531 1.52325 1.51488 1.48999 1.47232 1.32590 1.18554 1.26256 1.39775 1.36346 1.36346 1.36346 1.33774 1.37108 1.37108 1.37108 1.39775 1.37593 1.16453 1.25957 1.20926 1.22091 1.27895 1.34170 1.33357 1.31043 1.30089 1.28553 1.28553 1.24559 1.21897 1.22328 1.22328 1.22854 1.17963
1.76102 1.76102 1.40630 1.17401 1.17401 1.17401 1.17401 1.17401 1.17401 1.32077 1.17401 1.33091 1.21930 1.25737 1.29544 1.78962 1.67632 1.67632 1.83066 2.05738 2.01737 1.96775 1.98006 1.81711 1.82439 1.85049 1.78381 1.78900 1.79354 1.84367 1.79192 1.74045 1.57136 1.54928 1.54446 1.54028 1.35188 1.24461 1.28575 1.36303 1.33774 1.31773 1.31773 1.30173 1.33228 1.33228 1.33228 1.37720 1.40803 1.34797 1.35261 1.37606 1.40135 1.40118 1.31145 1.32254 1.32254 1.32254 1.30898 1.29296 1.25231 1.25479 1.31621 1.36537 1.43587 1.30493
1.40630 1.76102 1.40630 1.17401 1.17401 1.17401 1.17512 1.20230 1.24035 1.43829 1.31656 1.61472 1.51589 1.51589 1.51589 1.61694 1.73380 1.73380 1.85844 2.22693 2.24322 2.25307 2.25380 2.00477 1.90953 1.90837 1.82709 1.79994 1.77774 1.79020 1.75217 1.72144 1.65029 1.62041 1.55151 1.52744 1.39448 1.18173 1.18774 1.31803 1.33774 1.31773 1.32797 1.34685 1.43250 1.47802 1.52357 1.60964 1.57532 1.65480 1.36705 1.39556 1.40637 1.40637 1.33473 1.31406 1.31406 1.40108 1.49047 1.52492 1.47373 1.43184 1.48328 1.49765 1.49317 1.34353
1.40306 1.76102 1.41836 1.22339 1.26148 1.29955 1.33654 1.34745 1.34745 1.51589 1.34745 1.61694 1.51589 1.51589 1.95483 1.96810 1.85978 1.80192 1.83057 2.28031 2.28285 2.25247 2.24994 1.99025 1.67924 1.65650 1.63113 1.65932 1.67048 1.67680 1.66007 1.65170 1.62660 1.62268 1.55797 1.56675 1.47220 1.20316 1.22022 1.34887 1.50192 1.51615 1.55051 1.55254 1.61012 1.61012 1.61012 1.70060 1.61012 1.79108 1.38852 1.38633 1.40074 1.44907 1.51374 1.55611 1.65109 1.71790 1.70815 1.67718 1.60976 1.51795 1.54076 1.55111 1.55892 1.38277
1.37167 1.98099 1.59018 1.73901 1.74293 1.34745 1.34745 1.34745 1.34745 1.95483 1.93271 1.95483 1.93271 1.93271 1.93271 1.93271 1.88803 1.74991 1.73982 2.22826 2.28379 2.26972 2.26820 2.18667 1.67666 1.67680 1.65170 1.66676 1.66676 1.67680 1.65170 1.64094 1.63128 1.59028 1.45994 1.38634 1.24379 1.24243 1.31900 1.35574 1.51963 1.48344 1.45383 1.45383 1.51963 1.51963 1.49179 1.57532 1.49179 1.66915 1.69624 1.78040 1.87280 1.94679 1.97678 2.00660 2.02559 2.04964 2.00606 1.88140 1.79830 1.69442 1.72234 1.72234 1.57117 1.37098
1.19421 1.34745 1.24599 1.28903 1.30719 1.44953 1.44953 1.44953 1.44953 1.95483 1.93271 1.95483 1.93271 1.93271 1.93271 1.93271 1.88847 1.79566 1.77795 2.13980 2.34052 2.32722 2.29632 2.29632 1.73258 1.67680 1.65170 1.66676 1.62667 1.52657 1.45954 1.40814 1.37112 1.32168 1.28273 1.25320 1.19707 1.20241 1.31900 1.31270 1.56488 1.51963 1.55942 1.59062 1.64438 1.70056 1.91246 2.11913 2.22362 2.26483 2.19956 1.97348 1.96056 1.96056 1.96056 1.97412 1.95181 1.96857 1.93362 1.81767 1.84664 1.67656 1.74542 1.80560 1.75714 1.71418
1.04475 1.76699 1.40104 1.42099 1.44999 1.56386 2.00344 2.00639 2.00639 1.97694 1.96810 1.97694 1.96810 1.96810 1.95483 1.95483 1.91501 1.91501 1.91501 2.08691 2.42371 2.41974 2.38638 2.34295 1.70350 1.43861 1.37069 1.24196 1.22011 1.18018 1.27923 1.32168 1.32168 1.27923 1.26092 1.21596 1.18731 1.18179 1.40727 1.42595 1.65344 1.70051 1.76443 1.76665 1.78832 2.19395 2.32512 2.31125 2.26251 2.23750 2.23750 1.94187 1.96056 1.96056 1.96056 1.96975 1.91973 1.93035 1.93809 1.89127 1.99041 1.97135 2.03041 2.07336 2.03568 1.95636
0.938996 1.60872 1.81942 1.83237 1.85666 1.85666 1.99900 2.00344 2.00344 1.96810 1.95483 1.96810 1.96810 1.96810 1.95483 1.95483 1.91501 1.91501 1.91396 1.93669 2.00716 1.75862 1.48922 1.28767 1.19785 1.13065 1.21980 1.18018 1.21853 1.21060 1.31302 1.33819 1.32314 1.26804 1.24071 1.20014 1.19881 1.27801 1.48629 1.52671 1.59582 1.64744 1.70704 1.70704 1.70704 2.01842 2.33635 2.32308 2.28799 2.24264 2.22595 2.09372 2.03876 2.04081 2.07478 2.12407 2.20046 2.32132 2.29374 2.26678 2.29780 2.25044 2.25044 2.25044 2.18728 2.18728
1.13493 1.72115 1.90209 1.90253 1.91144 1.91150 2.00639 2.00851 2.00639 1.97694 1.97861 1.99568 2.01118 2.02515 1.95870 1.94233 1.89828 1.87094 1.76695 1.75954 1.49881 1.39131 1.35644 1.31444 1.28681 1.18864 1.22297 1.17465 1.19260 1.18109 1.23189 1.21637 1.20494 1.18047 1.17885 1.18588 1.18658 1.24794 1.42696 1.52749 1.56480 1.64744 1.70704 1.70704 1.70704 1.79368 2.31812 2.32308 2.30445 2.24264 2.21461 2.14758 2.13604 2.21434 2.23460 2.22644 2.43983 2.47008 2.36863 2.28552 2.29780 2.25044 2.25044 2.24690 2.18728 2.18730
1.53987 1.82612 2.18288 2.18918 2.19618 2.20264 2.20872 2.21516 2.21983 2.22992 2.21021 2.18173 2.15324 2.12477 2.01794 2.02729 2.00887 2.02406 1.84384 1.84493 1.67304 1.44884 1.37540 1.24547 1.23618 1.12637 1.14953 1.12425 1.14638 1.14580 1.20132 1.20285 1.20437 1.18518 1.18701 1.19371 1.19874 1.23986 1.37298 1.53474 1.54689 1.64744 1.70704 1.73259 1.70704 1.75654 2.16759 2.20737 2.18552 2.11290 2.07308 2.07310 2.16900 2.22627 2.22627 2.22627 2.37012 2.47008 2.39353 2.28383 2.25196 2.18938 2.16021 2.14630 2.23802 2.26578
1.72971 1.86659 2.22903 2.22703 2.22703 2.21790 2.19523 2.17139 2.14967 2.11029 2.04261 1.95092 1.86898 1.79634 2.04119 2.03789 2.00736 1.99336 1.82937 1.77873 1.79316 1.45754 1.43539 1.20386 1.19241 1.12561 1.13655 1.12321 1.16275 1.16502 1.20178 1.20178 1.20178 1.18640 1.18640 1.18902 1.19407 1.21050 1.30905 1.52307 1.53527 1.65450 1.67657 1.65780 1.63102 1.62933 1.87220 2.06087 2.09070 2.06451 2.05106 2.05106 2.11683 2.21554 2.06474 2.06463 2.13871 2.18268 2.06303 1.96335 1.95189 2.03945 2.09933 2.14688 2.39007 2.43020
1.64880 1.78210 1.94458 1.93741 1.87335 1.81697 1.77516 1.71865 1.70424 1.54305 1.52713 1.52447 1.52252 1.51383 1.82075 1.85410 1.85451 1.91871 1.86040 1.80988 1.82129 1.67298 1.65481 1.31337 1.23049 1.18177 1.19316 1.16058 1.20142 1.19651 1.20403 1.19943 1.19511 1.19378 1.22740 1.22953 1.25178 1.28089 1.42110 1.51661 1.52902 1.56129 1.58960 1.59642 1.60282 1.61987 1.64640 2.10436 2.14918 2.10758 2.09737 2.09737 2.07255 2.09623 1.88344 1.72609 1.64229 1.82553 1.84160 2.05662 2.03193 2.13269 2.24990 2.24789 2.58046 2.58046
