High_resolution/powerplant/Shangrao/OMI_NO2_200701.asc
ncols      200
nrows      200
xllcorner       115.451
yllcorner       27.0350
cellsize     0.0166667
NODATA_Value      -999.000
[rows 29 to 57 of 200, columns 0 to 66 of 200]
15.5174 15.5171 15.5171 15.5171 15.5171 15.5171 13.8638 12.7546 12.7537 12.7537 12.7537 12.7537 12.2227 10.3011 8.89395 8.64530 8.62974 8.15501 8.13191 8.13191 8.13191 8.38529 9.30715 9.25686 9.33445 9.46289 9.52132 9.55446 9.58759 9.38579 9.45205 9.43484 8.94094 9.12900 9.27049 9.23220 8.17288 8.32947 8.42920 8.64737 8.48335 8.46732 8.45130 8.43609 8.78716 8.88018 8.93528 9.01242 9.05689 9.09265 8.92656 8.86267 8.80790 7.91617 8.19628 7.78522 7.78614 7.81056 7.84572 8.36939 8.52113 8.55382 8.56074 8.56074 8.56074 8.55917 8.53980
15.1143 15.5171 15.5171 15.5171 15.5171 15.5171 14.5787 12.7802 12.7537 12.7537 12.7537 12.7537 12.7348 10.5204 9.33711 8.64530 8.65335 8.40454 8.37602 8.50858 8.64110 8.75421 9.75995 9.73843 9.62418 9.68296 9.86683 10.0550 10.2429 10.2585 10.1660 10.1555 9.34743 9.29217 9.30709 9.32201 8.52261 8.33176 8.49021 8.53373 8.34850 8.26630 8.24274 8.28430 8.56655 8.81953 8.80847 8.77529 8.77478 8.77478 8.68191 8.62929 8.64873 8.19595 8.20289 8.05956 7.94485 7.95569 7.95569 8.28814 8.56021 8.54348 8.51914 8.49476 8.47041 8.44762 8.44263
14.6917 15.5171 15.5171 15.5171 15.5171 15.5171 15.3198 12.8435 12.7537 12.7537 12.7579 12.7855 12.7251 11.2492 10.1495 9.15654 9.28109 9.11032 8.79634 8.79634 8.80676 8.95321 9.88403 10.3325 10.3451 10.4745 10.4786 10.4843 10.4991 10.4299 10.2163 10.2309 9.67639 9.35949 9.35925 9.35902 8.88271 8.17444 7.95392 7.99322 8.16269 8.25732 8.32479 8.32725 8.44907 8.77478 8.77478 8.81788 8.95425 9.09363 9.06787 8.78379 8.79950 8.48870 8.13387 8.27572 7.94212 7.91777 7.89339 8.04523 8.40901 8.33130 8.26128 8.19116 8.12113 8.05106 7.98099
14.4045 15.5171 15.5171 15.5171 15.5309 15.5809 15.6329 13.3820 12.6977 12.4752 12.2246 11.9187 11.7122 11.4263 10.8448 9.33165 9.31796 9.29745 9.24200 9.43150 9.60905 9.65514 10.2037 10.8383 10.5689 10.5351 10.5498 10.5587 10.5586 10.5473 10.2554 10.2456 9.94002 9.35835 9.35835 9.35835 9.21918 8.21362 7.96841 7.95175 8.19148 8.32725 8.34301 8.46335 8.62016 9.17770 9.32922 9.42569 9.42883 9.42883 9.38626 8.81472 8.82451 8.72656 8.18551 8.37994 7.96598 8.00342 8.04082 8.07067 7.94521 7.94248 7.94248 7.94130 7.88283 7.77117 7.65947
14.2869 15.6812 15.7476 15.7588 15.6307 15.4275 15.1813 12.8494 11.7026 11.7099 11.7099 11.7108 11.7322 11.7168 11.0426 9.78413 9.47219 9.56199 9.84397 9.98919 10.0856 10.1777 10.3994 11.1267 10.7718 10.5582 10.5582 10.5582 10.5582 10.5582 10.3272 10.2456 10.1877 9.37308 9.35835 9.35835 9.35835 8.41696 8.14227 8.22930 8.53861 8.83322 8.96213 8.98129 8.98129 9.31762 9.44199 9.49518 9.55223 9.60933 9.66638 9.23941 9.12617 9.14168 8.46479 8.57335 8.13974 8.09355 8.05718 7.95497 7.72877 7.58287 7.47129 7.36070 7.30748 7.30748 7.30748
14.0903 14.9741 15.0649 14.8258 14.8112 14.7726 14.1394 12.7158 11.7655 11.8453 11.8936 11.9823 12.1110 12.2301 11.6553 10.6846 9.96028 9.96724 10.0831 10.2015 10.2015 10.2015 10.2164 11.0805 10.9307 10.5582 10.5582 10.5582 10.5582 10.5582 10.4100 10.2456 10.2456 9.63576 9.58502 9.75243 9.91976 9.47962 8.88032 8.73701 8.83130 9.00079 9.03467 9.06819 9.10169 9.42749 9.77295 9.77682 9.77682 9.77682 9.77682 9.48291 9.13852 9.08519 8.51467 8.31132 7.93695 7.54575 7.47036 7.46099 7.38073 7.30748 7.30748 7.30748 7.30748 7.30748 7.30748
11.8176 11.9729 11.7499 11.2668 10.8461 10.4806 10.4028 10.4766 11.8725 12.3674 12.4698 12.5312 12.5318 12.5318 12.0868 11.1953 9.96724 9.96724 10.0134 10.2015 10.2015 10.2015 10.2015 10.8665 11.0839 10.5639 10.5582 10.5582 10.5677 10.6680 10.7298 10.5893 10.7325 10.4890 10.1694 10.1860 10.2027 10.0239 9.06905 8.89830 8.94470 9.16532 9.16543 9.16543 9.16543 9.30605 9.77565 9.73531 9.67603 9.61681 9.55756 9.38874 8.81699 8.80329 8.46081 8.06086 7.98833 7.45855 7.45855 7.45855 7.39241 7.22709 7.17414 7.12120 7.07015 7.02843 6.98953
9.50038 10.2858 10.3882 10.3798 10.3581 10.3387 10.3317 10.3317 11.3216 12.5284 12.5318 12.5318 12.5318 12.5318 12.3898 11.5626 10.0363 9.96724 9.96818 10.1771 10.2015 10.2015 10.2015 10.6374 11.1924 10.8702 10.8905 11.1083 11.3419 11.4495 11.5186 10.9902 10.9870 11.1268 10.7812 11.0641 11.3468 11.5070 9.38691 8.97050 8.95642 9.11105 9.08518 9.02621 8.96693 8.91939 9.43070 9.44207 9.44160 9.43511 9.42662 9.38380 8.76532 8.63022 8.41652 7.79731 7.84422 7.10075 7.04692 6.99444 7.00330 7.48732 8.28063 9.01436 8.69571 6.88557 6.88557
9.26009 9.89248 10.3317 10.3317 10.3317 10.3317 10.3317 10.3317 10.9322 12.3327 12.5318 12.5318 12.5318 12.5318 12.5318 11.7372 10.4303 9.96724 9.96724 10.1208 10.3373 10.5196 10.7203 11.1935 12.2639 11.9781 11.6892 11.6964 11.8452 12.1975 12.5511 12.4094 12.5104 12.5813 11.6561 11.5411 11.5397 11.5379 10.0404 9.02444 8.94775 8.85570 8.78554 8.74950 8.69045 8.62716 8.99324 9.10402 9.03717 8.97655 8.91767 8.89246 8.52229 8.26313 8.25081 7.60151 7.69749 7.53349 8.20475 8.95000 9.60717 9.68976 9.65581 9.65416 9.47729 6.86225 6.71716
8.73601 9.30656 10.2815 10.3317 10.3317 10.3317 10.3317 10.3317 10.6560 12.0253 12.5318 12.5318 12.5318 12.5319 12.5328 12.0624 11.1630 10.4876 10.6925 10.9874 11.2504 11.2504 11.2504 11.3126 12.6991 12.9424 12.7463 13.0999 13.3046 13.3057 13.3049 12.9971 12.5765 12.5682 11.8571 11.4007 11.3306 11.2608 10.3780 8.66408 8.43864 8.32422 8.19679 8.29326 8.28493 8.28107 8.55485 8.89246 8.89246 8.89246 8.95861 9.12603 9.00981 8.48354 9.21396 9.45279 9.97388 10.1149 9.78507 9.75404 9.70154 9.58701 9.46710 9.41259 9.38171 7.45848 6.52577
8.17763 9.08218 10.1011 10.3317 10.3317 10.3317 10.3317 10.3318 10.3953 11.7056 12.5356 12.5368 12.5381 12.5393 12.5396 12.5396 12.2459 10.9576 10.9576 10.9615 11.7368 12.1421 12.4957 12.8101 13.6970 13.8606 13.2073 13.1037 13.0143 12.9248 12.8361 12.6328 11.9377 11.8565 11.5530 10.9475 10.9475 10.9475 10.7845 8.59039 8.32403 8.31973 8.16296 8.27157 8.28107 8.30854 8.57575 9.24135 9.40980 9.62496 10.2956 10.9610 11.5262 10.8991 10.8828 10.5568 10.2053 10.0681 9.47466 9.41576 9.37835 9.33295 9.29387 9.28036 9.27932 8.28703 6.39681
7.37747 8.84685 9.92357 10.3344 10.3357 10.3369 10.3382 10.3393 10.3395 11.2452 12.4831 12.5396 12.5396 12.5396 12.5383 12.5248 12.4999 11.0476 10.9107 10.8908 12.1594 12.5871 12.4400 12.2928 12.3362 12.4364 12.5204 12.5636 12.5636 12.5636 12.5636 12.5625 11.9144 11.8396 11.8095 10.9823 10.9475 10.9475 10.9475 9.17332 8.34279 8.47654 8.55875 8.73267 8.91382 9.05566 9.49244 10.7213 11.3935 11.9281 11.9815 11.9096 11.8376 10.9401 10.5486 10.3656 9.87683 9.92331 9.29344 9.27402 9.27402 9.27634 9.27438 9.15691 9.01726 8.68149 5.91513
6.42527 8.78184 9.63498 10.3395 10.3395 10.3395 10.3395 10.3395 10.3395 10.9496 12.2115 12.5490 12.5464 12.5436 12.4825 12.3338 12.1868 10.9981 10.2932 10.1574 10.9523 12.1168 12.1168 12.1168 12.1906 12.4335 12.4841 12.5636 12.5636 12.5636 12.5636 12.5636 12.1029 11.8396 11.8396 11.1888 11.0365 11.2383 11.4406 10.5581 9.29475 9.27126 9.45597 10.1632 10.7309 11.3619 11.6301 11.7386 11.7064 11.6432 11.6338 11.6338 11.6338 11.1451 10.4763 10.4514 9.82382 9.76787 9.42506 9.21277 9.07313 8.93114 8.80197 8.78180 8.78180 8.78180 6.71334
5.92928 8.41623 9.30835 10.3711 10.3911 10.4085 10.4149 10.4161 10.4160 10.5956 11.6023 12.1485 11.9875 11.8267 11.7254 11.7239 11.7239 11.1055 10.1419 10.1419 10.3679 12.1123 12.1168 12.1168 12.1245 12.4212 12.4480 12.5634 12.5636 12.5636 12.5636 12.5636 12.2924 11.8396 11.8396 11.8259 11.9114 11.9718 12.0339 12.3899 11.2522 11.8326 12.2896 12.1576 11.6985 11.6596 11.6596 11.6490 11.6338 11.6335 11.5909 11.5184 11.4459 11.2212 10.1436 10.0223 9.40931 9.11350 8.97392 8.77650 8.77650 8.77650 8.77878 8.78194 8.79261 8.80950 7.72096
6.08519 7.80409 9.13114 10.3012 10.2524 10.0090 9.77693 9.54972 9.32390 9.29679 10.4795 11.7230 11.7239 11.7239 11.7239 11.7239 11.7239 11.5244 10.1420 10.1419 10.1419 11.7484 12.1168 12.1168 12.1168 12.3506 12.4335 12.5416 12.5636 12.5662 12.6209 12.6958 12.6898 12.1388 12.2159 12.2524 12.0402 11.7726 11.5028 13.2265 12.5829 12.2585 12.2585 12.1342 11.7964 11.5703 11.4978 11.4214 11.3268 11.2545 11.2244 11.2005 11.0654 10.9166 9.79507 9.51098 9.21598 8.96151 9.02296 8.85901 8.87588 8.89280 8.90805 8.80367 8.14201 7.33273 6.38943
5.51799 6.04841 7.93979 9.00956 9.23402 9.23402 9.23402 9.23402 9.23402 9.23402 10.0974 11.5000 11.7239 11.7239 11.7239 11.7239 11.7239 11.7239 10.3615 10.1419 10.1419 11.1593 12.1168 12.1353 12.2068 12.4371 12.6734 12.8201 12.9533 13.0257 13.0459 12.8710 12.5339 11.6078 11.1661 10.8667 11.0359 11.0791 11.0758 12.2235 12.7897 11.9970 11.8914 11.7402 11.5146 11.2503 11.2458 11.2327 11.0929 10.9334 10.7769 10.6443 10.6228 10.6152 9.97256 9.44849 9.34655 9.06837 9.09185 8.86313 8.31109 7.51844 6.66009 5.89121 5.78329 5.78329 5.78118
4.17962 4.22877 7.20288 8.48653 9.23402 9.23402 9.23402 9.23402 9.23402 9.23402 9.82552 11.1038 11.7239 11.7239 11.7239 11.7239 11.7234 11.6389 10.7531 10.3396 10.4145 10.9174 12.5394 12.5958 12.5992 12.6761 12.8624 12.5927 12.3503 12.0132 11.6761 11.5137 11.5137 11.0697 10.6406 10.4934 10.5445 10.5731 10.4220 10.7097 12.6427 11.7155 11.6724 11.6372 11.5616 11.0069 10.8148 10.6714 10.6157 10.6060 10.6060 10.6060 10.6060 10.5625 10.1835 9.33073 8.98612 7.85724 7.05993 6.17476 5.77710 5.77647 5.74958 5.71309 5.67450 5.63380 5.59453
4.17962 4.17962 6.41519 8.05736 9.23402 9.23402 9.23402 9.23402 9.23402 9.23402 9.54631 10.5943 11.4637 11.3169 11.1700 11.0231 10.8767 10.8142 10.7512 10.6242 10.6242 10.6383 12.2229 12.0571 11.7200 11.3919 11.4051 11.3847 11.4052 11.2377 11.0420 10.8464 10.6508 10.2698 9.74526 9.69692 9.77208 10.1120 10.1100 10.1100 12.2652 11.7145 11.6421 11.6370 11.5619 10.9321 10.6318 10.6318 10.6025 10.4967 10.4015 10.3062 10.0912 9.43146 8.70137 6.94513 6.38183 6.05475 6.01085 5.91106 5.71091 5.78143 5.87796 5.78601 5.43945 5.40918 5.37975
4.17962 4.17962 5.45199 7.63850 9.18201 9.09257 8.94567 8.79876 8.65195 8.50504 8.42443 9.44067 10.7601 10.8142 10.8142 10.8142 10.8142 10.7827 10.5572 10.1431 9.90212 9.67334 10.5014 10.9353 10.7778 10.6205 10.4280 10.1860 10.2555 10.3023 10.3023 10.3023 10.3023 10.2546 9.61583 9.60872 9.61304 10.0732 10.1100 10.1100 11.4699 12.0155 11.6421 11.6357 11.4862 11.0414 10.3615 10.2662 10.1561 9.63196 8.94085 8.18991 7.54467 7.59306 7.75496 7.17552 6.98453 6.88240 6.79066 6.74580 6.33732 6.33673 6.33673 6.18283 5.36802 5.32289 5.20294
4.17962 4.17962 4.40140 7.34042 8.16050 8.32439 8.32439 8.32439 8.32439 8.32439 8.32439 9.18504 10.4089 10.7210 10.4977 10.2741 10.0505 9.80067 9.61769 9.30783 9.11272 8.94533 9.27819 10.2730 10.2730 10.2730 10.1652 10.0580 10.1651 10.3023 10.3023 10.3023 10.3023 10.3023 9.75091 9.60872 9.60872 9.94636 10.1100 10.0394 10.3343 12.0687 11.2510 11.1451 11.0805 10.6382 9.19276 8.38447 7.61362 7.83600 8.10561 8.26741 8.41844 8.47061 8.47061 8.04686 7.37670 7.24324 6.93335 6.87801 6.36047 6.26988 6.16278 6.03719 5.04836 4.87290 4.86902
4.17962 4.17962 4.17962 6.68666 7.93011 8.34500 8.40377 8.46337 8.50915 8.38102 8.20093 8.46311 9.16501 9.60206 9.42792 9.25450 9.08108 8.96507 8.96212 8.85989 8.77209 8.77209 8.84844 10.2345 10.2730 10.2730 10.2181 10.0580 10.0968 10.3023 10.3023 10.3023 10.3023 10.3023 9.93378 9.60872 9.60872 9.64044 9.54724 9.47816 9.42312 11.3976 10.0838 9.22571 8.30317 7.75927 7.45879 7.37176 7.38328 8.01672 8.47061 8.47061 8.47061 8.46375 8.44859 8.32273 7.32863 7.27838 6.78957 6.67820 6.14276 5.85185 5.83506 5.83506 5.21280 4.86902 4.86902
4.41819 4.49771 4.57717 6.19141 8.05832 8.47985 8.24146 8.01182 7.80013 7.76217 7.77628 8.01157 8.61318 8.96212 8.96212 8.96212 8.96212 8.96212 8.96212 8.91015 8.77209 8.77209 8.77209 9.86456 10.2730 10.2730 10.2654 10.0636 10.0582 10.2731 10.3023 10.3023 10.3023 10.3067 10.0985 9.39931 9.31769 9.23272 9.15653 9.27612 9.46122 9.65640 8.29067 7.94587 7.94478 7.85505 7.67197 7.38048 7.36649 7.70169 8.42347 8.40833 8.39314 8.38486 8.34838 8.24598 7.25922 6.94554 6.54682 6.48930 6.26012 5.91567 5.94333 5.97100 5.62526 5.06512 5.14078
4.78899 4.79063 4.80625 5.17223 6.94030 7.77792 7.79214 7.79599 7.79599 7.79599 7.79599 7.83897 8.54286 8.90764 8.96212 8.96212 8.96212 8.96212 8.96212 8.95497 8.77757 8.77209 8.77209 9.41791 10.2730 10.2730 10.2738 10.1169 10.0748 10.2311 10.3368 10.3456 10.3544 10.3615 10.4707 9.50859 9.71425 9.95834 9.97550 9.94055 9.94055 9.94024 8.89024 7.89950 7.87141 7.80048 7.73667 7.31204 7.29751 7.37372 8.33470 8.21639 8.07747 7.93855 7.83614 7.79955 7.19874 6.63534 6.67147 6.71944 6.62966 6.14554 6.19271 6.25087 6.18444 5.39628 5.40646
4.90182 4.92242 4.92905 4.93251 6.63272 7.67402 7.79599 7.79599 7.79599 7.79599 7.79599 7.79599 8.39742 8.79261 8.96212 8.96212 8.96212 8.96212 8.96212 8.96212 8.82153 8.78367 8.79249 9.00134 10.3105 10.3199 10.3280 10.2184 10.1145 10.2537 10.6515 10.8956 11.1397 11.3811 11.4698 10.5092 10.1720 10.1393 9.99127 9.85268 9.82458 9.83564 9.46645 7.70004 7.64420 7.58371 7.51297 7.12169 6.85237 6.71432 7.48644 7.69144 7.69144 7.69144 7.69144 7.69163 7.48113 6.69114 6.79039 6.92929 6.97393 6.47930 6.37251 6.37251 6.36914 5.43520 5.17977
4.93772 4.93772 4.93772 4.93772 6.10563 7.45577 7.79599 7.79599 7.79599 7.79599 7.79599 7.79599 8.20829 8.67743 8.90823 8.80395 8.64510 8.35980 8.09626 7.88291 8.55065 8.82858 8.82858 8.82858 10.0902 10.5126 10.7568 10.9426 11.0301 11.2297 11.4660 11.4486 11.4190 11.4728 11.5545 11.0134 10.4342 10.5486 10.6022 10.4233 10.5169 10.5716 10.5473 7.80348 7.42097 7.41558 7.37427 7.06476 6.60411 6.60411 7.19235 7.71097 7.77620 7.84334 7.91043 7.97735 7.99288 6.96343 6.89153 7.00142 7.11797 6.59764 6.03447 5.91321 5.81400 5.19365 4.82424
4.93772 4.93772 4.93772 4.93772 5.48067 7.23219 7.79599 7.79334 7.72014 7.61593 7.51158 7.40608 7.43771 7.71949 7.87025 7.74192 7.64865 7.64403 7.64403 7.64403 8.23985 8.87834 8.92076 8.96322 10.2972 11.4817 11.5721 11.6633 11.9049 12.0991 12.0779 12.1198 12.2311 12.2591 12.2591 11.9744 10.9682 10.9682 10.9681 10.6163 10.5720 10.5720 10.5720 8.64074 7.42097 7.42097 7.38981 7.39535 6.75177 6.80199 7.17429 8.00406 8.00594 8.00594 8.00594 8.06389 8.28174 7.79910 7.65016 8.00273 8.15198 7.26470 5.91558 5.93465 5.93507 5.55905 4.88268
4.93772 4.93772 4.93772 4.93772 4.96025 6.86784 7.28403 7.16086 7.02597 6.92117 6.82651 6.74126 6.74714 7.30907 7.55972 7.64415 7.66765 7.72556 7.78628 7.84698 8.22581 9.23706 9.37000 9.47064 10.1560 12.0554 12.0656 12.0656 12.4533 12.5646 12.4145 12.2591 12.2591 12.2591 12.2591 12.2391 11.0412 10.9682 10.9682 10.7206 10.5720 10.5727 10.6231 9.63448 7.63322 7.71368 7.75977 7.75162 7.13084 6.92370 7.02980 8.24391 8.51532 8.76361 9.01172 9.20205 9.23248 8.83098 8.10759 8.18262 8.22949 7.93770 5.95951 5.91624 5.91572 5.83687 4.92473
4.93772 4.93772 4.93772 4.93855 4.94018 6.11627 6.79250 6.71931 6.71140 6.71519 6.72003 6.72898 6.76336 7.37011 7.73112 7.99988 8.09079 8.14731 8.20101 8.25470 8.41044 9.47868 9.64075 9.64075 9.67794 11.9007 12.0656 12.0656 12.3298 12.5646 12.4995 12.2591 12.2591 12.2591 12.2591 12.2591 11.3593 10.9682 10.9682 10.8936 10.8394 10.9192 10.9496 10.7446 7.91498 7.94172 8.14389 8.42817 8.31772 8.00650 8.21228 8.99862 9.23397 9.23397 9.23397 9.23397 9.22220 9.10159 8.04204 8.04351 8.09051 8.09279 6.30871 5.99274 6.02405 6.02582 5.13665
4.93772 4.94388 4.95266 4.95903 4.96509 5.55407 6.70095 6.75635 6.79473 6.82763 6.81615 6.78322 6.72484 7.09165 7.54899 8.29376 8.29376 8.29376 8.29376 8.29376 8.29436 9.20949 9.64075 9.64075 9.64075 11.2213 12.0656 12.0656 12.2062 12.5646 12.5615 12.2819 12.2591 12.2591 12.2591 12.2591 11.7150 11.0511 11.1193 11.1851 11.1820 11.2065 11.1592 11.0757 9.38142 9.29248 9.39254 9.34904 9.24927 8.26378 8.24466 8.71052 9.16842 9.13563 9.10284 9.07006 9.04930 9.07452 8.23946 8.04800 8.19192 8.19911 7.01314 6.05931 6.09113 6.12293 5.53534
