High_resolution/powerplant/Shangrao/OMI_NO2_200811.asc
ncols      200
nrows      200
xllcorner       115.451
yllcorner       27.0350
cellsize     0.0166667
NODATA_Value      -999.000
[rows 90 to 119 of 165, columns 132 to 197 of 200]
4.31370 4.23187 4.27320 4.53411 4.53411 4.60150 5.12398 5.12498 5.12498 5.37348 5.27275 5.07724 4.83286 4.44801 3.80120 3.42964 3.23404 3.09330 3.06970 3.06970 3.03391 2.89468 2.89468 2.79031 1.95936 1.84262 1.84262 1.48823 1.20446 0.996975 0.982812 0.982812 0.982812 0.982812 0.980943 0.971068 0.961398 0.952802 0.947833 0.940943 4.28370 4.31603 4.48227 5.29679 5.33013 5.44080 5.46110 5.48059 5.50013 5.51975 5.57470 5.67471 5.76703 5.84558 5.71525 5.47461 5.47461 5.47461 5.31905 5.00402 5.42922 5.53856 5.61639 5.61639 5.61639 5.61639
4.23187 4.23187 4.23422 4.51719 4.53411 4.50590 4.77850 4.63258 4.34378 4.21880 4.11399 3.96926 3.82367 3.51109 3.30447 3.06970 3.06970 3.06970 3.06970 3.06970 3.06556 2.89973 2.89468 2.89468 2.14688 1.84262 1.84262 1.66456 1.20691 1.05136 0.982366 0.974099 0.964075 0.955191 0.948546 0.954063 0.964121 0.974200 0.982979 0.989416 4.66134 4.66134 4.66134 5.42395 5.50678 5.55951 5.58721 5.66283 5.74347 5.82408 5.86929 5.86944 5.87375 5.88092 5.85358 5.50439 5.50768 5.51484 5.39826 4.91564 5.19289 5.40833 5.49391 5.48530 5.47487 5.46472
4.21545 4.12332 3.91565 3.85173 3.64889 3.41898 3.48561 3.42712 3.32283 3.47866 3.76097 3.76183 3.76183 3.58632 3.41196 3.06970 3.06970 3.06970 3.06970 3.06970 3.06970 2.93223 2.89468 2.89468 2.41217 1.86637 1.84262 1.78690 1.23715 1.14705 0.977603 0.985259 0.995338 1.00540 1.01484 1.01537 1.01173 1.00806 1.00569 1.00870 4.80190 4.81385 4.83409 5.49217 5.83496 5.93077 5.99192 6.00411 6.01130 6.01852 6.02572 6.03286 6.03582 6.03582 6.03582 5.73377 5.64098 5.64098 5.42849 4.79641 4.87604 5.23398 5.31681 5.33532 5.35611 5.43317
3.30030 3.27006 3.26263 3.31159 3.36077 3.36077 3.35001 3.31811 3.31811 3.37900 3.75140 3.76183 3.76183 3.67421 3.48683 3.10244 3.06970 3.06970 3.06970 3.06970 3.06970 2.99817 2.98393 3.01977 2.76557 2.07464 2.05459 2.09631 1.79054 1.55018 1.04161 1.04239 1.04206 1.04182 1.04249 1.10621 1.21504 1.32601 1.43916 1.55108 5.14838 5.28278 5.40886 5.74060 6.08851 6.07265 6.03582 6.03582 6.03582 6.03582 6.03582 6.03582 6.03582 6.03582 6.03582 5.85733 5.64098 5.64098 5.54227 5.00387 4.93711 5.48340 5.63433 5.75406 5.80848 5.79205
3.11721 3.25409 3.25409 3.28929 3.36197 3.36321 3.36362 3.32545 3.32428 3.32624 3.71091 3.77171 3.77296 3.76630 3.51496 3.26660 3.19095 3.22545 3.25989 3.28539 3.23022 3.19643 3.20169 3.11210 3.07780 2.31646 2.36562 2.33440 2.09028 1.84399 1.19998 1.25975 1.37594 1.49218 1.60786 1.65615 1.65615 1.65615 1.65615 1.65615 5.43697 5.43697 5.43697 5.56634 6.08851 6.08671 6.03754 6.03582 6.03582 6.03582 6.03582 6.03582 6.04506 6.11993 6.20824 6.29256 6.12386 6.29420 6.42229 5.74879 5.11180 5.46174 5.59362 5.63361 5.61884 5.61960
2.94963 3.19366 3.19199 3.21887 3.38563 3.38563 3.38731 3.40213 3.45329 3.52241 3.63890 3.63874 3.60904 3.57924 3.38614 3.28273 3.26896 3.26781 3.01985 2.93168 2.91732 2.94227 3.08847 3.03417 2.97341 2.34548 2.18473 2.23575 2.31185 2.33791 1.89459 1.65615 1.65615 1.65615 1.65615 1.65615 1.65615 1.65615 1.65615 1.65615 5.43749 5.43697 5.43697 5.43940 6.04602 6.09306 6.12181 6.25285 6.42349 6.59407 6.76461 6.93521 7.09656 7.19238 7.27455 7.30561 6.97920 6.91077 6.91077 6.34001 5.03435 5.27872 5.53948 5.62266 5.62367 5.62368
2.92729 3.31423 3.39425 3.45579 3.81169 3.91525 4.00650 4.01594 3.98372 3.98372 3.74212 3.51802 3.52281 3.52281 3.43684 3.28680 3.26896 3.26613 2.96854 2.82725 2.76888 2.65927 2.65897 2.58030 2.49977 2.38933 2.46026 2.47535 2.47515 2.41382 2.08443 1.65615 1.65615 1.65615 1.65615 1.65615 1.65615 1.65615 1.65615 1.65615 5.45558 5.48469 5.58604 5.67708 6.64002 7.06724 7.18743 7.30561 7.30561 7.30561 7.30561 7.30561 7.30561 7.30561 7.30561 7.30561 7.10411 6.91250 6.91418 6.62390 5.19494 5.16077 5.53213 5.53713 5.51289 5.49482
3.09272 3.52468 3.66515 3.66515 3.93802 4.03705 4.03705 4.03164 3.98393 3.98372 3.87214 3.50635 3.52281 3.48755 3.40671 3.15030 3.01549 2.87489 2.65865 2.42496 2.36223 2.35143 2.41339 2.43930 2.43930 2.42296 2.41710 2.47535 2.47535 2.43573 2.27407 1.65615 1.65615 1.65615 1.65615 1.65615 1.65615 1.70569 1.83964 1.97499 5.96692 5.93056 5.93356 5.93643 6.52603 7.12182 7.16194 7.33207 7.33435 7.33665 7.33897 7.34128 7.34609 7.41680 7.51650 7.61615 7.55135 6.96670 6.96899 6.77397 5.57891 5.10393 5.55269 5.22294 5.12461 5.12461
3.03224 3.42029 3.66515 3.66515 3.85891 4.03705 4.03705 4.03705 3.96689 3.81916 3.66496 3.15755 3.10312 2.97261 2.87608 2.69358 2.61625 2.60875 2.58461 2.35426 2.35143 2.35143 2.39429 2.43930 2.43930 2.43930 2.39908 2.47535 2.47535 2.45522 2.40187 1.71801 1.65615 1.67791 1.80055 1.93595 2.07131 2.15717 2.15996 2.16525 6.08673 5.98152 5.98152 5.98152 6.26595 7.15327 7.15426 7.34095 7.35890 7.40178 7.49896 7.59636 7.69119 7.72016 7.72016 7.72016 7.71761 7.05506 6.97049 6.86932 5.90904 5.08757 5.42677 5.30461 5.11104 5.10855
3.00602 3.29643 3.66515 3.66374 3.70175 3.78987 3.61990 3.30183 3.02695 2.94034 2.81980 2.56368 2.73762 2.74416 2.74416 2.69626 2.62166 2.60875 2.60875 2.40831 2.35143 2.35143 2.37638 2.43930 2.43930 2.43930 2.39942 2.47535 2.47535 2.47588 2.51149 2.14436 2.03925 2.15843 2.17661 2.18214 2.18767 2.17480 2.12729 2.07415 6.12786 5.97435 5.97308 5.97181 5.99292 7.11784 7.25431 7.48458 7.65267 7.70613 7.70529 7.70429 7.70327 7.70225 7.70124 7.70023 7.69921 7.26403 6.94752 6.93091 6.18927 5.02598 5.23989 5.34083 5.05696 5.05696
2.89071 2.92477 3.15257 2.92463 2.74390 2.66229 2.48502 2.45589 2.52207 2.73836 2.73836 2.60675 2.67585 2.74416 2.74416 2.73402 2.62853 2.60875 2.60875 2.48728 2.35143 2.35143 2.35957 2.43930 2.42860 2.36982 2.31618 2.39098 2.42939 2.45628 2.34385 2.22347 2.18152 2.16394 2.10868 2.04048 1.97498 1.93125 1.91123 1.89060 6.14610 5.96268 6.05644 6.17819 6.29989 7.23519 7.49088 7.57004 7.69650 7.69650 7.69650 7.69650 7.69650 7.69650 7.69650 7.69650 7.69650 7.49572 6.94683 6.94683 6.52535 5.09606 4.97993 5.10999 4.57519 4.41732
2.15342 2.03735 2.24751 2.40023 2.40092 2.45337 2.45589 2.45589 2.46001 2.71965 2.72799 2.64549 2.56654 2.69559 2.68221 2.66883 2.57820 2.52111 2.45454 2.35425 2.10408 2.04682 2.00823 2.10965 2.16307 2.25354 2.30318 2.19124 2.18077 2.17269 2.08784 1.95353 1.87828 1.83849 1.82347 1.81405 1.80527 1.79661 1.79355 1.79355 6.57227 6.43125 6.40353 6.40353 6.40353 6.99836 7.49088 7.51537 7.69642 7.69650 7.69650 7.69650 7.69650 7.69650 7.69650 7.68998 7.59184 7.44936 6.63213 6.36983 5.81363 4.47692 4.04676 4.22995 3.76882 3.68440
2.07506 2.03219 1.93157 2.17330 2.15788 2.17956 2.17792 2.16119 2.14447 2.31503 2.40376 2.31392 2.09698 2.20715 2.08615 1.95900 1.84624 1.93548 2.03163 2.03975 2.00680 2.09739 2.16542 2.25563 2.29495 2.30028 2.30340 2.19589 2.14032 2.11818 2.05744 1.83996 1.80096 1.79355 1.79355 1.79355 1.79355 1.79355 1.79355 1.79355 6.75754 6.52258 6.40353 6.40353 6.40353 6.72791 7.49088 7.49088 7.66615 7.68640 7.50574 7.25345 7.00128 6.74919 6.49709 6.25139 6.09747 5.97258 5.36699 5.06352 4.86388 4.14172 3.68519 3.81285 3.46591 3.25066
2.20945 2.17659 1.72462 2.06354 2.03545 1.92686 1.77846 1.62046 1.46257 1.41145 1.42894 1.35612 1.35631 1.63867 1.67918 1.67918 1.68985 1.86061 2.03989 2.03989 2.11029 2.18798 2.20017 2.25286 2.33662 2.35286 2.37136 2.27092 2.08748 2.08738 2.08584 1.85028 1.80501 1.79355 1.79355 1.79355 1.79355 1.79355 1.79355 1.79355 6.75754 6.59570 6.40353 6.40353 6.36298 6.29735 6.52359 6.30459 6.11164 5.88462 5.81318 5.81318 5.81318 5.81318 5.81318 5.81318 5.81318 5.81318 5.56302 5.02976 4.83263 4.10798 3.34188 3.39463 3.31715 3.11302
2.15202 2.13004 1.69861 1.36808 1.23255 1.17487 1.07365 1.07365 1.07365 1.10110 1.35488 1.35612 1.35612 1.54621 1.67918 1.67935 1.69756 1.81739 2.10125 2.12273 2.16820 2.26309 2.27247 2.33467 2.43021 2.43021 2.43021 2.38091 2.08738 2.08738 2.08738 1.92241 1.81346 1.79355 1.79355 1.79355 1.79355 1.79355 1.79355 1.79319 6.45003 6.24289 5.94177 5.82482 5.74390 5.73617 5.79465 5.80462 5.79591 5.78294 5.77804 5.77313 5.76828 5.76336 5.75849 5.74129 5.65746 5.56382 5.42935 4.61344 4.57446 4.06191 3.21933 3.22323 3.32886 3.07456
1.98173 1.93983 1.69875 1.34483 1.22568 1.20193 1.07365 1.07365 1.07365 1.07365 1.30166 1.35007 1.32803 1.43572 1.80295 1.88733 1.95377 1.95522 2.15809 2.20220 2.20221 2.29164 2.30470 2.31254 2.42950 2.43021 2.43021 2.43021 2.13528 2.08738 2.08738 1.99599 1.82191 1.79355 1.79355 1.79355 1.78137 1.74893 1.71618 1.68380 5.88560 5.88176 5.62428 5.61015 5.60987 5.60987 5.67114 5.71331 5.71256 5.70158 5.70143 5.69892 5.63588 5.54703 5.45824 5.38179 5.37187 5.37187 5.37187 4.79143 4.54898 4.10797 3.32890 3.15248 3.36051 3.07314
1.90450 1.90450 1.78191 1.42479 1.22568 1.22323 1.07832 1.05564 1.03273 0.992207 1.11382 1.36777 1.42121 1.50059 2.05983 2.07606 2.07606 2.04485 2.09003 2.20220 2.20220 2.26162 2.30470 2.30470 2.41097 2.43021 2.43021 2.43021 2.23257 2.08738 2.08738 2.06717 1.82396 1.76180 1.72604 1.70019 1.68820 1.69734 1.70723 1.71778 5.88560 5.88560 5.66321 5.60416 5.58853 5.57301 5.59677 5.65862 5.60616 5.49562 5.39160 5.29285 5.25452 5.24193 5.22943 5.21325 5.12703 5.02145 4.92359 4.55035 4.06996 3.85232 3.31337 2.98268 3.17962 2.93524
1.90450 1.90450 1.83540 1.51814 1.18326 1.11173 0.858421 0.700911 0.599646 0.515975 0.742879 1.50621 1.50621 1.50621 1.92220 2.07606 2.07606 2.07606 2.04051 2.20220 2.20220 2.22801 2.30470 2.30470 2.38461 2.43021 2.43021 2.43010 2.32501 2.05315 2.01550 1.97784 1.74102 1.70860 1.74037 1.74322 1.74775 1.76105 1.77078 1.77718 5.45851 5.43753 5.31898 5.24825 5.22396 5.11932 5.02669 5.14179 5.09446 5.08827 5.08181 5.02277 4.93234 4.84855 4.77082 4.70098 4.68229 4.68229 4.68229 4.61730 4.00700 3.88259 3.46015 2.95038 3.07932 2.87335
1.83087 1.73494 1.63382 1.30538 0.854740 0.772740 0.629283 0.507478 0.507478 0.507478 0.522559 1.44119 1.50621 1.50621 1.75945 2.07606 2.07958 2.09300 2.04097 2.23749 2.24910 2.25765 2.34655 2.33437 2.29695 2.21538 2.13510 2.05769 1.98241 1.84545 1.82997 1.82345 1.68762 1.57441 1.60617 1.60527 1.57343 1.50645 1.44965 1.40071 5.39307 5.27432 5.09157 4.92937 4.84257 4.83619 4.83619 4.91778 4.87138 4.78982 4.70937 4.68229 4.68229 4.68229 4.68229 4.68229 4.68229 4.68229 4.68063 4.62616 4.01832 3.73502 3.32995 2.59028 2.50066 2.25019
1.42513 1.41840 1.41511 1.31010 0.947166 0.826512 0.766911 0.660374 0.674263 0.688180 0.702098 1.37944 1.72863 1.74252 1.85735 2.37687 2.41897 2.44977 2.42374 2.16676 2.08777 2.04527 2.05808 2.04612 1.97922 1.82511 1.82511 1.82511 1.79763 1.71420 1.58875 1.49664 1.40605 1.43213 1.40866 1.35975 1.33797 1.33797 1.33797 1.33797 4.88324 4.85402 4.85111 4.83619 4.83619 4.83619 4.83619 4.65416 4.69220 4.69197 4.68275 4.68229 4.68225 4.63455 4.52186 4.40474 4.28761 4.17051 4.05499 3.99226 3.63800 3.23414 2.89083 2.66013 2.61103 2.44690
1.34287 1.34287 1.34287 1.36862 1.13405 0.884261 0.878076 0.824531 0.918891 1.02717 1.12966 1.55110 2.15154 2.20017 1.96894 2.36683 2.42437 2.42437 2.42316 2.10545 1.99025 1.99025 1.99447 1.99322 1.91889 1.67638 1.59897 1.50528 1.43731 1.39528 1.26167 1.24205 1.24272 1.32523 1.33731 1.33797 1.33797 1.33797 1.33797 1.33797 4.85402 4.85402 4.85399 4.83733 4.83619 4.83619 4.83619 4.63098 4.45920 4.36273 4.20777 4.06335 3.94618 3.87670 3.87229 3.87229 3.87229 3.87229 3.87229 3.87229 3.76740 3.19190 2.92696 2.66409 2.52330 2.39274
1.35615 1.35008 1.32652 1.32116 1.22914 1.28972 1.36426 1.45381 1.47147 1.47147 1.47147 1.55009 2.26718 2.27045 2.02312 2.23682 2.42437 2.42437 2.42188 2.14838 1.83525 1.74576 1.64254 1.61596 1.59371 1.42829 1.37002 1.36820 1.36820 1.38915 1.24188 1.24188 1.24188 1.29785 1.33595 1.33797 1.33797 1.33797 1.33797 1.33797 4.85402 4.84489 4.74906 4.66039 4.58117 4.49307 4.40497 4.24435 4.01448 4.01448 3.95032 3.86518 3.85887 3.85248 3.84613 3.83985 3.83346 3.82710 3.79288 3.70608 3.61808 3.08616 2.80741 2.56295 2.39641 2.32719
1.22605 1.21037 1.21374 1.22742 1.23524 1.36370 1.44128 1.46455 1.47147 1.47147 1.47147 1.47147 2.11753 2.27045 2.08333 2.03212 2.16410 2.03509 1.89044 1.77409 1.48687 1.46381 1.45719 1.51819 1.54723 1.44192 1.36820 1.36820 1.36820 1.39043 1.28522 1.24188 1.24188 1.27213 1.33474 1.33797 1.33797 1.33797 1.33736 1.30839 4.32223 4.21388 4.19224 4.19287 4.17642 4.16686 4.15738 4.14186 3.88892 3.87383 3.84363 3.72605 3.72605 3.72605 3.71416 3.64112 3.55942 3.47768 3.42397 3.42275 3.42275 3.15190 2.80543 2.55291 2.29555 2.25900
1.22096 1.22343 1.22349 1.22400 1.27180 1.28838 1.44128 1.45814 1.47147 1.46864 1.44062 1.40672 1.78943 2.09026 1.92776 1.69344 1.74971 1.73437 1.73437 1.73361 1.49980 1.45719 1.45719 1.48988 1.54723 1.47945 1.36820 1.36820 1.36820 1.36820 1.35669 1.24188 1.24188 1.24924 1.33315 1.32067 1.27659 1.23226 1.18849 1.17311 4.21850 4.19224 4.19224 4.16709 4.12049 4.12049 4.12049 4.12049 3.92897 3.86824 3.86127 3.66210 3.55551 3.46212 3.38053 3.36020 3.34843 3.33654 3.32250 3.27580 3.21867 3.04791 2.56763 2.37665 2.15159 2.16860
1.22349 1.22349 1.22349 1.22349 1.26336 1.24346 1.39991 1.38184 1.45464 1.55355 1.67763 1.80764 1.90997 1.93391 1.90399 1.63225 1.70686 1.73437 1.73437 1.73437 1.56410 1.45719 1.45719 1.46203 1.54469 1.51699 1.36820 1.36820 1.36820 1.36820 1.40019 1.25297 1.27092 1.28703 1.38367 1.22245 1.17311 1.17311 1.17234 1.12430 4.05956 3.85424 3.83036 3.80947 3.81389 3.79618 3.77861 3.70371 3.53070 3.40346 3.31658 3.20211 3.15148 3.15083 3.12110 3.07587 3.03063 2.98540 2.94261 2.93235 2.93235 2.92836 2.47211 2.37619 2.21115 2.13353
1.22000 1.19472 1.16644 1.17536 1.28072 1.34493 1.66529 1.79477 1.90927 1.90927 1.90927 1.90927 1.90966 1.93233 1.93391 1.67489 1.67760 1.73437 1.73437 1.73437 1.63585 1.45719 1.45719 1.45724 1.53186 1.59090 1.48186 1.53743 1.58762 1.63193 1.72249 1.50682 1.50301 1.50881 1.58472 1.42498 1.19524 1.12809 1.06161 1.03048 4.05670 3.64970 3.64970 3.61179 3.55740 3.44640 3.32393 3.25869 3.27197 3.27041 3.22502 3.12607 2.99239 2.94788 2.93235 2.93235 2.93235 2.93235 2.93235 2.93235 2.93235 2.93229 2.61095 2.34762 2.20491 2.03474
1.31326 1.40770 1.51666 1.58855 1.59061 1.58579 1.72865 1.81329 1.90741 1.90981 1.90989 1.90997 1.91005 1.92653 1.93484 1.74846 1.64956 1.73197 1.70737 1.69038 1.65744 1.74145 1.81875 1.89422 1.96087 1.96690 1.91713 1.88304 1.87714 1.87714 1.88422 1.65709 1.52059 1.46821 1.44483 1.37339 1.04812 1.02622 1.00164 0.991667 4.09041 3.34010 3.17680 3.05136 3.19352 3.23510 3.21763 3.20174 3.18767 3.10429 3.07455 3.05858 2.93247 2.93235 2.93235 2.93235 2.92228 2.89742 2.87267 2.84800 2.82332 2.79868 2.63819 2.25412 2.19184 2.03445
1.63760 1.61029 1.61029 1.61029 1.61003 1.60801 1.68920 1.82940 1.89277 1.90844 1.88441 1.82963 1.74775 1.67519 1.60852 1.55519 1.60018 1.67622 1.69644 1.69644 1.69644 1.98159 2.02772 2.02772 2.01969 1.94298 1.90658 1.87366 1.83988 1.78121 1.69005 1.50812 1.37897 1.37827 1.38030 1.47469 0.991667 0.991667 0.991667 0.991667 3.61164 3.02260 3.01338 3.00533 3.09128 3.18069 3.18069 3.18069 3.18069 3.13998 3.07064 3.05027 2.90205 2.85361 2.82893 2.80425 2.78964 2.78982 2.78986 2.78986 2.78986 2.78986 2.77357 2.28955 2.23338 2.13012
1.65409 1.60415 1.58090 1.55663 1.53584 1.54215 1.54523 1.54216 1.47973 1.40470 1.34681 1.31962 1.31962 1.32207 1.34416 1.37836 1.59401 1.65444 1.69644 1.69644 1.69644 1.90650 2.02627 2.02448 1.99191 1.84047 1.71185 1.57910 1.52023 1.48625 1.48487 1.46090 1.37789 1.37789 1.37789 1.47889 1.08084 0.991667 0.991667 0.991667 3.47289 3.04252 2.99955 2.99955 3.04899 3.15930 3.13290 3.10648 3.08007 3.06267 2.95524 2.95399 2.85901 2.78986 2.78986 2.78986 2.78986 2.78965 2.78852 2.78730 2.78555 2.72341 2.61991 2.50496 2.54451 2.42948
1.68255 1.49782 1.52251 1.54807 1.54579 1.51477 1.46843 1.33950 1.33039 1.31962 1.31962 1.31962 1.31962 1.31962 1.33958 1.34440 1.56791 1.63005 1.69321 1.69041 1.64600 1.70272 1.76393 1.65398 1.57849 1.56044 1.54170 1.48487 1.48487 1.48487 1.48487 1.47793 1.38876 1.37789 1.37789 1.43329 1.23690 0.991667 0.991667 0.991667 3.40881 3.03721 2.88547 2.85243 2.83234 3.01322 3.01372 3.01225 3.01078 3.04267 2.94513 2.93299 2.88049 2.76640 2.76518 2.76394 2.76272 2.72720 2.62652 2.52428 2.42253 2.38122 2.38122 2.46037 2.54959 2.45512
