High_resolution/powerplant/Shangrao/OMI_NO2_200911.asc
ncols      200
nrows      200
xllcorner       115.451
yllcorner       27.0350
cellsize     0.0166667
NODATA_Value      -999.000
[rows 145 to 173 of 175, columns 0 to 66 of 200]
2.29015 1.85503 1.67588 1.49095 1.49095 1.49095 1.49095 1.49095 1.49095 1.49095 1.49095 1.49095 1.48641 1.44244 1.39619 1.35650 1.32215 1.29221 1.42400 1.49095 1.49095 1.49095 1.49095 1.12191 3.76470 3.77819 3.77819 3.77825 3.78102 3.78528 3.79132 3.79820 3.73735 3.17394 3.17463 3.17463 3.17463 3.17463 3.17463 3.22120 3.29980 3.29980 3.73107 3.90910 3.90910 3.90910 3.90910 3.90910 3.29663 3.10816 3.10816 3.10816 3.10816 3.10816 3.10816 3.10416 2.90559 2.60217 2.29816 2.41616 2.86817 2.88585 2.88829 3.49707 3.82439 3.82733 3.82851
2.33805 1.95170 1.77095 1.49096 1.49095 1.49095 1.49095 1.46854 1.41861 1.37586 1.33895 1.30685 1.28082 1.27599 1.27599 1.27599 1.27599 1.27599 1.36212 1.47107 1.38218 1.20984 0.976301 0.576370 3.76533 3.79170 3.79786 3.80467 3.80879 3.81139 3.81224 3.81224 3.81224 3.27830 3.17463 3.17463 3.17463 3.17463 3.17463 3.18539 3.29876 3.29980 3.56046 3.90910 3.90910 3.90910 3.90910 3.90910 3.50764 3.10816 3.10787 2.94394 2.63993 2.33636 2.03235 1.73293 1.62735 1.61944 1.57968 1.73453 2.69713 2.87341 2.89831 3.26039 3.82851 3.80784 3.70904
2.33805 2.09657 1.84947 1.44821 1.35697 1.32258 1.29249 1.27615 1.27599 1.27599 1.27599 1.27599 1.27599 1.27599 1.27599 1.26050 1.19191 1.06519 0.919108 0.653460 0.418747 0.410580 0.410580 0.410580 3.78574 3.81097 3.81224 3.81224 3.81224 3.81224 3.81224 3.81224 3.81224 3.44816 3.17463 3.17463 3.17463 3.17463 3.17463 3.17463 3.27260 3.29980 3.38986 3.90910 3.90910 3.90910 3.78205 3.47922 2.98527 2.07071 1.76744 1.62735 1.62735 1.61397 1.57186 1.52877 1.48569 1.45052 1.44719 1.44707 2.50260 2.77964 2.86349 2.92873 3.27686 3.19045 3.18270
2.35805 2.26542 1.87800 1.50123 1.27599 1.27599 1.27599 1.27599 1.27599 1.27599 1.27599 1.25806 1.18481 1.05628 0.900891 0.732035 0.629815 0.628321 0.626211 0.431791 0.410580 0.410580 0.410580 0.410580 3.78938 3.80749 3.81224 3.81224 3.81224 3.81224 3.81224 3.81224 3.81224 3.61796 3.17463 3.17463 3.17463 3.17463 3.17463 3.17463 3.23576 3.29400 3.27287 3.24813 2.90971 2.60599 2.42933 2.42829 2.41125 1.64489 1.56401 1.52095 1.47785 1.44735 1.43709 1.42556 1.41404 1.40254 1.39100 1.38105 2.11578 2.66355 2.83086 2.83086 3.13594 3.18270 3.18270
2.36356 2.36147 1.92762 1.67400 1.27599 1.27599 1.27599 1.25545 1.17747 1.04701 0.889970 0.721791 0.628748 0.628321 0.628321 0.628321 0.628321 0.628321 0.628321 0.510560 0.410580 0.410580 0.410580 0.410580 3.78938 3.80163 3.81224 3.81224 3.81224 3.81224 3.81224 3.81224 3.81224 3.77694 3.18534 3.17463 3.17247 3.15386 3.13188 3.10989 3.11210 3.19689 3.19607 2.74331 2.42779 2.40022 2.35713 2.31458 2.29342 1.68262 1.41572 1.40422 1.39268 1.38198 1.37974 1.37974 1.37974 1.37974 1.37974 1.37974 1.78331 2.59676 2.82562 2.83086 3.04432 3.18270 3.18270
2.36356 2.36356 2.07014 1.78238 1.17557 1.03784 0.878719 0.711511 0.628321 0.628321 0.628321 0.628321 0.628321 0.628321 0.628321 0.628321 0.628321 0.628321 0.628321 0.567746 0.410580 0.410580 0.410580 0.410580 3.78938 3.79423 3.81224 3.81224 3.81224 3.81224 3.81224 3.81196 3.79769 3.77571 3.26149 3.09411 3.07430 3.07090 3.07090 3.07090 3.07097 3.15073 3.12912 2.87935 2.34112 2.35851 2.39141 2.42373 2.43474 1.96285 1.37974 1.37974 1.37974 1.37974 1.37974 1.37974 1.37974 1.37974 1.37974 1.37974 1.46433 2.56934 2.76728 2.83086 2.95270 3.18270 3.18270
2.17833 2.01813 1.72902 1.20306 0.751279 0.628321 0.628321 0.628321 0.628321 0.628321 0.628321 0.628321 0.628321 0.628321 0.628321 0.628321 0.628321 0.628321 0.628321 0.608185 0.410580 0.410580 0.410580 0.410580 3.78938 3.78939 3.81015 3.80376 3.78193 3.75995 3.73794 3.71625 3.70851 3.70851 3.38597 3.07090 3.07500 3.09821 3.12368 3.14916 3.17497 3.19112 3.20218 3.16150 2.45010 2.43474 2.43474 2.43474 2.43474 2.24099 1.37974 1.37974 1.37974 1.37974 1.37974 1.37974 1.37974 1.37974 1.37974 1.37974 1.37974 2.32154 2.69534 2.82483 2.72230 2.85577 2.67338
1.73176 1.73176 1.71583 1.18561 0.898070 0.628321 0.628321 0.628321 0.628321 0.628321 0.628321 0.628321 0.628321 0.628321 0.628321 0.630167 0.656456 0.690351 0.724097 0.757887 0.483396 0.410580 0.410580 0.410580 3.78938 3.78938 3.74282 3.70866 3.70851 3.70851 3.70885 3.75045 3.81944 3.88282 3.76366 3.20369 3.22510 3.22730 3.22730 3.22730 3.22730 3.21956 3.20252 3.20252 2.62271 2.43474 2.43474 2.43474 2.43474 2.42936 1.46929 1.37974 1.37974 1.37974 1.37974 1.37974 1.37974 1.37974 1.38023 1.39606 1.41912 1.76943 1.92473 1.95323 1.90181 2.18612 2.24096
1.73176 1.73176 1.73176 1.37640 1.04472 0.628321 0.628321 0.628321 0.628321 0.628321 0.640235 0.673571 0.707467 0.741381 0.775183 0.807158 0.814765 0.814765 0.814765 0.814765 0.625346 0.410712 0.583876 0.908409 3.78938 3.80989 3.85920 3.85672 3.92548 3.98863 4.05061 4.07126 4.06459 4.06348 4.04533 3.26660 3.22730 3.22730 3.22730 3.22730 3.22730 3.22620 3.20325 3.20252 2.83626 2.43474 2.43474 2.43474 2.43474 2.43474 1.74203 1.37974 1.37974 1.37984 1.39342 1.41650 1.43956 1.46262 1.48521 1.49244 1.50283 1.57666 1.77349 1.88140 1.87529 2.07371 2.22670
1.73176 1.73176 1.73176 1.55008 1.15267 0.698530 0.690873 0.724601 0.758496 0.792392 0.814336 0.814765 0.814765 0.814765 0.814765 0.814765 0.814765 0.815557 0.912574 1.07484 1.24127 1.57993 1.73143 1.73143 4.27384 4.34766 4.32489 4.07492 4.06434 4.06348 4.06348 4.06348 4.06348 4.06348 4.06348 3.47014 3.22730 3.22730 3.22730 3.22730 3.22730 3.22730 3.20938 3.20252 3.04981 2.43474 2.43474 2.43474 2.43474 2.44582 2.05427 1.43693 1.46001 1.48297 1.49244 1.49245 1.50774 1.54070 1.58027 1.62863 1.66545 1.66994 1.90738 2.00511 2.09525 2.21409 2.15986
1.76377 1.79126 1.81876 1.80574 1.36946 1.00619 0.814765 0.814765 0.814765 0.814765 0.814765 0.814765 0.814765 0.817142 0.923603 1.08600 1.24827 1.40974 1.47519 1.47519 1.49003 1.73092 1.73143 1.73143 4.32279 4.32183 4.32183 4.11158 4.06348 4.06348 4.06348 4.06348 4.06348 4.06348 4.06348 3.69146 3.22730 3.22730 3.22730 3.22730 3.22730 3.22730 3.21675 3.20252 3.19884 2.52858 2.48932 2.51238 2.53543 2.54744 2.41084 1.49302 1.51311 1.54713 1.58804 1.63824 1.67089 1.79617 1.97365 2.15114 2.32873 2.50632 2.83842 2.80772 2.56966 2.54376 2.13088
1.87845 1.87845 1.87845 1.87845 1.50631 1.16132 0.814765 0.814765 0.814765 0.819520 0.934632 1.09710 1.25943 1.41932 1.47519 1.47519 1.47519 1.47519 1.47519 1.47519 1.47519 1.66208 1.73143 1.73143 4.32183 4.32183 4.32183 4.17601 4.06348 4.06348 4.06348 4.06348 4.06348 4.06348 4.06348 3.91296 3.22730 3.22730 3.22730 3.22784 3.23111 3.23477 3.23517 3.21724 3.21970 2.78830 2.54744 2.55553 2.65332 2.79498 2.96617 1.94668 1.95062 2.12811 2.30560 2.48319 2.65609 2.70830 2.70830 2.70830 2.70830 2.70830 2.80719 2.93288 2.57946 2.56966 2.22103
1.87845 1.87845 1.87845 1.87845 1.67160 1.30804 0.942937 1.10809 1.27052 1.42817 1.47519 1.47519 1.47519 1.47519 1.47519 1.47519 1.47519 1.47519 1.47519 1.47519 1.47519 1.57950 1.73143 1.73143 4.32183 4.32183 4.32183 4.25702 4.06348 4.06348 4.06348 4.06348 4.06348 4.06348 4.06359 4.06263 3.30830 3.23737 3.24103 3.24415 3.24454 3.24454 3.24454 3.24963 3.41050 3.34666 3.05486 3.31048 3.41007 3.45963 3.50897 3.03440 2.70830 2.70830 2.70830 2.70830 2.70830 2.70830 2.70830 2.70830 2.70830 2.70830 2.73995 2.95262 2.65295 2.56966 2.33703
1.87845 1.87816 1.86752 1.79345 1.63499 1.31868 1.33834 1.47519 1.47519 1.47519 1.47519 1.47519 1.47519 1.47519 1.47519 1.47519 1.47519 1.47519 1.47519 1.47519 1.47519 1.52286 1.73143 1.73143 4.32183 4.32183 4.32183 4.32060 4.08157 4.06348 4.06517 4.06883 4.07249 4.07615 4.07969 4.08071 3.53703 3.24454 3.24454 3.23853 3.22244 3.20834 3.19406 3.74560 4.50129 4.44662 3.53506 3.52941 3.52941 3.52941 3.52941 3.24928 2.70830 2.70830 2.70830 2.70830 2.70830 2.70830 2.70830 2.70830 2.70830 2.70830 2.70830 2.91697 2.75552 2.56966 2.45008
1.70161 1.60503 1.51870 1.49597 1.49511 1.33861 1.27819 1.47519 1.47519 1.47519 1.47519 1.47519 1.47519 1.47519 1.47519 1.47519 1.47519 1.47519 1.47367 1.44074 1.39541 1.35675 1.71826 1.73143 4.32183 4.32183 4.32183 4.32183 4.14640 4.07875 4.08071 4.08071 4.08071 4.08071 4.03748 3.94440 3.60103 3.26046 3.24634 3.23824 3.24017 3.24017 3.24017 3.47478 4.53788 4.53788 3.72688 3.52941 3.52941 3.52941 3.52941 3.45990 2.71241 2.70830 2.70830 2.70830 2.70830 2.70830 2.70830 2.70830 2.70830 2.71920 2.91188 2.96292 2.65369 2.34763 2.27840
1.49597 1.49597 1.49597 1.49597 1.49597 1.40170 1.22236 1.47120 1.47519 1.47519 1.47519 1.47519 1.47519 1.46210 1.41808 1.37275 1.32743 1.28210 1.23828 1.22589 1.22589 1.22589 1.55169 1.73143 4.32183 4.32183 4.32183 4.32183 4.20123 3.99510 3.91307 3.81803 3.69040 3.56124 3.47543 3.43926 3.41325 3.24022 3.24017 3.24017 3.24017 3.24017 3.24017 3.25557 4.42009 4.53788 4.00833 3.52941 3.52941 3.52941 3.52941 3.52941 2.85806 2.70830 2.70830 2.70830 2.71131 2.87657 3.13398 3.39139 3.64880 3.89556 3.95977 3.38873 2.33795 2.15015 2.07707
1.49597 1.49597 1.49597 1.49597 1.49597 1.45217 1.27828 1.35391 1.44074 1.39541 1.35009 1.30477 1.25942 1.22718 1.22589 1.22589 1.22589 1.22589 1.22589 1.22589 1.21802 1.10729 1.05048 0.924691 4.12986 4.00681 3.88396 3.73775 3.56489 3.51925 3.47248 3.43840 3.43690 3.43690 3.43690 3.43690 3.43690 3.26878 3.24017 3.24017 3.24017 3.24017 3.24017 3.24017 3.97505 4.53788 4.28979 3.52941 3.52941 3.52941 3.52941 3.52941 3.20561 3.09855 3.35608 3.61349 3.86814 3.96029 3.95151 3.75001 3.51462 3.32138 3.16033 3.04911 2.15643 2.07917 1.94199
1.49597 1.49597 1.47893 1.39752 1.30997 1.21127 0.786876 0.943331 1.22589 1.22589 1.22589 1.22589 1.22589 1.22589 1.22589 1.22589 1.21466 1.09797 0.955700 0.813256 0.678741 0.647080 0.636418 0.573818 3.54636 3.47575 3.40503 3.35742 3.35612 3.42390 3.43690 3.43690 3.43690 3.43690 3.43690 3.43690 3.43690 3.32071 3.24017 3.24017 3.24017 3.24017 3.24017 3.24017 3.60395 4.53788 4.51751 3.68223 3.88435 4.14176 4.39929 4.65683 4.53958 3.96029 3.93312 3.70338 3.47643 3.28985 3.13761 3.09645 3.02072 2.89029 2.75997 2.62954 1.77575 1.38676 1.27673
1.19215 1.10465 1.03423 1.02805 1.02805 1.02805 0.760626 0.746225 1.22589 1.22589 1.22589 1.22589 1.21061 1.08894 0.946439 0.804053 0.672895 0.647080 0.647080 0.647080 0.647080 0.647080 0.646048 0.579278 3.35612 3.35612 3.35612 3.35612 3.35612 3.40423 3.43690 3.43690 3.43690 3.43690 3.43690 3.43690 3.43690 3.37285 3.24017 3.24017 3.24017 3.24017 3.20242 3.01619 2.87758 3.58552 3.29623 4.26181 4.78140 4.78140 4.70894 4.38399 4.06251 3.27034 3.06355 2.91094 2.78058 2.65007 2.51972 2.38975 2.33497 2.33497 2.33497 2.33497 1.87635 1.37164 1.28237
1.02805 1.02805 1.02805 1.02805 1.02805 1.02805 0.887455 0.627525 1.14399 1.07968 0.937236 0.794907 0.667628 0.647080 0.647080 0.647080 0.647080 0.647080 0.647080 0.647080 0.647080 0.647080 0.647080 0.605494 3.35612 3.35612 3.35612 3.35612 3.35612 3.37955 3.43690 3.43690 3.43690 3.43690 3.43690 3.43690 3.43690 3.41095 3.07147 2.86827 2.66688 2.46568 2.30212 2.28706 2.28706 2.86640 3.04645 3.47307 4.03258 3.73370 3.50811 3.42478 3.35483 2.61150 2.33535 2.33497 2.33497 2.33497 2.33497 2.33497 2.33497 2.33497 2.33497 2.33497 2.14104 1.37351 1.30858
1.02805 1.02805 1.02805 1.02805 1.02367 0.979915 0.819690 0.448844 0.569036 0.647080 0.647080 0.647080 0.647080 0.647080 0.647080 0.647080 0.647080 0.647080 0.647080 0.647080 0.647080 0.647080 0.647080 0.625234 3.35612 3.35612 3.35612 3.35612 3.35612 3.35727 3.43265 3.43690 3.43624 3.31958 3.11828 2.91699 2.71579 2.52660 2.32722 2.28706 2.28706 2.28706 2.27710 2.20654 2.11978 2.20008 2.26302 2.34119 3.25097 3.24632 3.24632 3.24632 3.24632 2.78425 2.33497 2.33497 2.33497 2.33497 2.33497 2.33497 2.33497 2.33497 2.33497 2.33497 2.32785 1.45148 1.33665
1.02450 0.983899 0.872670 0.727517 0.555723 0.410761 0.393038 0.393038 0.488943 0.647080 0.647080 0.647080 0.647080 0.647080 0.647080 0.647080 0.647080 0.647080 0.647080 0.647080 0.647080 0.646948 0.642100 0.625246 3.35612 3.35612 3.35612 3.35612 3.35612 3.35612 3.08342 2.76897 2.56844 2.48380 2.48380 2.48380 2.48380 2.45145 2.26816 2.08746 2.00071 1.91391 1.83713 1.82085 1.82085 1.88131 2.13087 2.13087 3.08676 3.24632 3.24632 3.24632 3.24632 3.02449 2.33497 2.33497 2.33497 2.33497 2.33497 2.33497 2.33497 2.33497 2.33497 2.33497 2.32159 1.65459 1.35257
0.565259 0.415533 0.393038 0.393038 0.393038 0.393038 0.393038 0.393038 0.422431 0.639608 0.647080 0.647080 0.647080 0.647080 0.647080 0.647080 0.645333 0.637984 0.628662 0.616909 0.601747 0.581825 0.573818 0.573818 3.35612 3.35612 3.35612 3.35612 3.35612 3.35612 2.94608 2.47604 2.41530 2.34497 2.26583 2.17868 2.09140 2.03651 1.97240 1.82085 1.82085 1.82085 1.82085 1.82085 1.82085 1.82207 2.09923 2.13087 2.77769 3.24632 3.24632 3.24632 3.24632 3.22483 2.37488 2.33497 2.33497 2.33497 2.33497 2.32893 2.19989 2.02286 1.84557 1.66863 1.50489 1.42353 1.34114
0.393038 0.393038 0.393038 0.393038 0.393038 0.393038 0.393038 0.393038 0.402623 0.585401 0.646897 0.641853 0.633410 0.622945 0.609583 0.592015 0.574851 0.573818 0.573818 0.573818 0.573818 0.573818 0.573818 0.573818 3.56303 3.35612 3.30480 3.19936 3.09346 2.98800 2.76995 2.08055 2.05212 2.03533 2.02715 2.02715 2.02715 2.02715 2.02029 1.82766 1.82085 1.82085 1.82085 1.82085 1.82085 1.82085 2.00950 2.13087 2.46862 3.24632 3.24632 3.24632 3.24632 3.24632 2.59182 2.22207 2.04504 1.86801 1.69089 1.51999 1.47183 1.47267 1.48021 1.49061 1.50317 1.49870 1.32988
0.393038 0.393038 0.393038 0.393038 0.393038 0.414627 0.515957 0.624658 0.733896 0.466342 0.581220 0.573818 0.573818 0.573818 0.573818 0.573818 0.573818 0.573818 0.573818 0.573818 0.573818 0.573818 0.573818 0.573818 3.57360 2.82783 2.75723 2.73203 2.70687 2.68177 2.67114 2.11302 2.02715 2.02715 2.02715 2.02715 2.02715 2.02715 2.02715 1.87527 1.82085 1.82085 1.82085 1.82085 1.82085 1.82085 1.91869 2.13087 2.18508 3.22069 3.15577 2.97874 2.80171 2.62443 2.03630 1.47183 1.47183 1.47353 1.48201 1.49277 1.50581 1.52011 1.52279 1.59134 1.74763 1.90428 1.90132
0.444225 0.552752 0.661452 0.770269 0.878911 0.965965 0.973393 0.973393 0.973393 0.584368 0.572978 0.573818 0.573818 0.573818 0.573818 0.573818 0.573818 0.573818 0.573818 0.573818 0.00000 0.00000 0.00000 0.00000 3.95541 2.68025 2.67114 2.67114 2.67114 2.67114 2.67114 2.26461 2.02715 2.02715 2.02715 2.02715 2.02715 2.02715 2.02715 1.92994 1.82085 1.82085 1.82085 1.82085 1.82085 1.84304 1.94259 2.38490 2.54673 2.51783 2.38318 2.38318 2.38318 2.41158 2.31017 1.49501 1.50856 1.57034 1.72523 1.88198 2.03854 2.19538 2.35194 2.44013 2.44050 2.44050 2.33399
0.973393 0.973393 0.973393 0.973393 0.973393 0.973393 0.973393 0.973393 0.973393 0.758235 0.497056 0.573818 0.573818 0.573818 0.573818 0.573818 0.00000 0.00000 0.00000 0.00000 0.00000 0.00000 0.00000 0.00000 4.76263 2.73177 2.67114 2.67114 2.67114 2.67114 2.67114 2.45381 2.02715 2.02715 2.02715 2.02715 2.02715 2.02715 2.02715 1.98457 1.82939 1.90056 1.99591 2.10827 2.24290 2.35660 2.36169 2.70072 2.82672 2.63674 2.52218 2.61907 2.63756 2.58225 2.36908 2.12890 2.32955 2.43719 2.44050 2.44050 2.44050 2.44050 2.44050 2.44050 2.44050 2.44050 2.38716
0.973393 0.973393 0.973393 0.973393 0.973393 0.973393 0.973393 1.00570 1.13081 1.24767 0.352808 0.573818 0.00000 0.00000 0.00000 0.00000 0.00000 0.00000 0.00000 0.00000 0.00000 0.00000 0.00000 0.00000 4.90243 3.10440 2.67114 2.67114 2.67114 2.67114 2.67114 2.64908 2.04863 2.02715 2.02715 2.02874 2.09285 2.20151 2.32914 2.47817 2.35893 2.36169 2.36169 2.36169 2.36371 2.51789 2.71758 3.12505 3.75349 3.29061 1.89927 1.54726 1.49609 1.49609 1.49609 2.25041 2.44050 2.44050 2.44050 2.44050 2.44050 2.44050 2.44050 2.44050 2.44050 2.44050 2.43379
0.973393 0.973393 0.973393 1.00182 1.12427 1.29514 1.53900 1.78264 1.79340 1.79340 1.79340 0.00000 0.00000 0.00000 0.00000 0.00000 0.00000 0.00000 0.00000 0.00000 0.00000 0.00000 0.00000 0.00000 4.90243 3.67783 2.67114 2.67114 2.67114 2.67114 2.67114 2.67114 2.28952 2.29064 2.43515 2.60590 2.67114 2.67114 2.67114 2.67114 2.39648 2.27093 2.35291 2.52930 3.15743 4.28353 0.00000 0.00000 0.00000 1.49609 1.49609 1.49609 1.49609 1.49609 1.49609 2.03950 2.44050 2.44050 2.44050 2.44050 2.44050 2.44050 2.44050 2.44050 2.44050 2.44050 2.44050
