High_resolution/powerplant/Shangrao/OMI_NO2_200607.asc
ncols      200
nrows      200
xllcorner       115.451
yllcorner       27.0350
cellsize     0.0166667
NODATA_Value      -999.000
[rows 28 to 55 of 165, columns 126 to 188 of 200]
0.317408 1.59830 1.59830 1.59830 1.59830 1.59830 1.59830 1.59830 1.59830 0.00000 0.00000 0.00000 0.00000 0.00000 1.09364 1.09364 1.09364 1.09364 1.09364 1.09364 1.09364 1.09364 1.09364 1.09364 1.09364 1.09364 1.09364 1.09364 1.09364 1.09364 1.07731 0.519145 0.591290 0.630132 0.630547 0.630547 0.630547 0.630547 0.630547 0.630547 0.630547 0.630547 0.630547 0.630547 0.630547 0.630547 0.630547 0.630547 1.07174 1.79831 1.67702 1.59598 1.59663 1.60232 1.60859 1.61433 1.61960 1.62447 1.62896 1.63304 1.62742 1.61410 1.59899
1.05682 1.59830 1.59830 1.59830 1.59830 1.59830 1.59830 1.59830 1.59830 0.00000 0.00000 0.00000 0.00000 0.00000 1.09364 1.09364 1.09364 1.09364 1.09364 1.09364 1.09364 1.09364 1.09364 1.09364 1.09364 1.09364 1.09364 1.09364 1.09364 1.09364 1.09364 0.630547 0.630547 0.630547 0.630547 0.630547 0.630547 0.630547 0.630547 0.630547 0.630547 0.630547 0.644354 0.720848 0.792175 0.852603 0.909788 1.00814 1.21167 1.77397 1.74985 1.64216 1.64506 1.64558 1.64558 1.64558 1.63861 1.62295 1.60390 1.58034 1.55943 1.45264 1.32096
0.946268 1.59830 1.59830 1.59830 1.59830 1.59830 1.59830 1.59830 1.59830 0.00000 0.00000 0.00000 0.00000 0.00000 1.09364 1.09364 1.09364 1.09364 1.09364 1.09364 1.09364 1.09364 1.09364 1.09364 1.09364 1.09364 1.09364 1.09364 1.09364 1.09364 1.09364 0.630547 0.635010 0.701667 0.776331 0.839105 0.892572 0.938701 0.978906 1.01432 1.04562 1.07359 1.09515 1.09766 1.09766 1.09766 1.09801 1.18051 1.23446 1.76321 1.77154 1.66176 1.63873 1.62016 1.59809 1.57174 1.51822 1.39851 1.27980 1.16489 1.06195 1.04549 1.05036
0.857805 1.59130 1.59830 1.59830 1.59830 1.59830 1.59830 1.59830 1.59830 1.59830 0.00000 0.00000 0.00000 0.00000 1.09364 1.09364 1.09364 1.09364 1.09364 1.09364 1.09364 1.09364 1.09364 1.08759 1.05800 1.02607 0.994203 0.962272 0.930342 0.898470 0.901791 1.50706 1.09673 1.09766 1.09766 1.09766 1.09766 1.09766 1.09766 1.09766 1.12319 1.16361 1.16640 1.16920 1.17184 1.17449 1.17702 1.22313 1.24469 1.52887 1.60593 1.54138 1.44562 1.35776 1.26990 1.18219 1.12110 1.11898 1.11898 1.11898 1.11898 1.11898 1.11898
0.833501 1.40694 1.59830 1.59830 1.59830 1.59830 1.59830 1.59830 1.59830 1.59830 0.00000 0.00000 0.00000 0.00000 1.09364 1.05358 1.01952 0.987652 0.955692 0.923762 0.891890 0.859989 0.828058 0.802238 0.799888 0.799888 0.799888 0.799888 0.799888 0.799888 0.799888 1.44644 1.16589 1.09766 1.09766 1.09766 1.09766 1.09766 1.09766 1.09766 1.11974 1.19030 1.19030 1.19030 1.19030 1.19030 1.20823 1.28106 1.37277 1.50731 1.56018 1.43580 1.11898 1.11898 1.11898 1.11898 1.11898 1.11898 1.11898 1.11898 1.11898 1.11898 1.11898
0.833501 1.20764 1.59830 1.59830 1.59830 1.59830 1.59830 1.59830 1.59830 1.59830 0.00000 0.00000 0.00000 0.00000 0.00000 0.799888 0.799888 0.799888 0.799888 0.799888 0.799888 0.799888 0.799888 0.799888 0.799888 0.799888 0.799888 0.799888 0.799888 0.799888 0.799888 1.26258 1.27241 1.09766 1.09766 1.09766 1.09766 1.09766 1.09766 1.09766 1.09921 1.20464 1.24997 1.29968 1.35782 1.42728 1.47014 1.48923 1.56018 1.56018 1.56018 1.55622 1.14846 1.11898 1.11898 1.11898 1.11898 1.11898 1.11898 1.11898 1.11898 1.11898 1.11898
0.833501 1.06002 1.59830 1.59830 1.59830 1.59830 1.59830 1.57903 1.53068 1.47975 1.40359 0.00000 0.00000 0.00000 0.00000 0.799888 0.799888 0.799888 0.799888 0.799888 0.799888 0.799888 0.799888 0.799888 0.799888 0.799888 0.799888 0.799888 0.799888 0.799888 0.799888 1.07867 1.43191 1.09766 1.09766 1.09766 1.11806 1.17513 1.24720 1.34185 1.46993 1.48317 1.47018 1.47018 1.47018 1.47018 1.47018 1.47181 1.55621 1.56018 1.56018 1.56018 1.25208 1.11898 1.11898 1.11898 1.11898 1.11898 1.11898 1.11898 1.11898 1.11898 1.11898
0.792843 0.930781 1.59830 1.57815 1.52984 1.48148 1.43290 1.40388 1.40359 1.40359 1.40359 0.00000 0.00000 0.00000 0.00000 0.799888 0.799888 0.799888 0.799888 0.799888 0.799888 0.799888 0.799888 0.799888 0.799888 0.799888 0.799888 0.799888 0.799888 0.799888 0.799888 0.894820 1.56412 1.26264 1.33883 1.46662 1.56412 1.56478 1.56478 1.56478 1.56478 1.49787 1.47018 1.47018 1.47018 1.47018 1.47018 1.47018 1.53645 1.56018 1.56018 1.56018 1.38519 1.11898 1.11898 1.11898 1.11855 1.10640 1.08904 1.07168 1.05434 1.03698 1.01960
0.693888 0.775080 1.42616 1.40379 1.40359 1.40359 1.40359 1.40359 1.40359 1.40359 1.40359 0.00000 0.00000 0.00000 0.00000 0.799888 0.799888 0.799888 0.799888 0.799888 0.799888 0.799888 0.799888 0.799888 0.799888 0.799888 0.799888 0.799888 0.799888 0.799888 0.799888 0.799888 1.47590 1.56478 1.56478 1.56478 1.56478 1.56478 1.56478 1.56478 1.56478 1.51694 1.47018 1.47018 1.47018 1.47018 1.46550 1.43008 1.44632 1.47920 1.45319 1.42709 1.37881 1.00488 0.978198 0.960876 0.943913 0.938722 0.938722 0.938722 0.938722 0.938722 0.938722
0.595501 0.712990 1.23344 1.40359 1.40359 1.40359 1.40359 1.40359 1.40359 1.40359 1.40359 1.40359 0.00000 0.00000 0.00000 0.00000 0.799888 0.799888 0.799888 0.799888 0.799888 0.799888 0.799888 0.799888 0.799888 0.799888 0.799888 0.799888 0.799888 0.799888 0.799888 0.799888 1.29217 1.56478 1.56478 1.56478 1.56269 1.50507 1.42295 1.34083 1.25888 1.19955 1.23507 1.19405 1.15304 1.11198 1.07556 1.07000 1.12769 1.28979 1.28979 1.28979 1.28979 1.01659 0.938722 0.938722 0.938722 0.938722 0.938722 0.963786 1.02514 1.09586 1.18073
0.559014 0.712990 1.05391 1.40359 1.40359 1.40359 1.40359 1.40359 1.40359 1.40359 1.40359 1.40359 0.00000 0.00000 0.00000 0.00000 0.799888 0.799888 0.799888 0.799888 0.799888 0.799888 0.799888 0.799888 0.799888 0.799888 0.799888 0.807533 0.840803 0.876016 0.911229 0.946507 1.05448 1.03309 0.950896 0.868859 0.788902 0.764411 0.764411 0.764411 0.764411 0.765326 1.02423 1.02957 1.02596 1.02236 1.01878 1.01515 1.02128 1.22380 1.22418 1.22055 1.21698 1.05112 0.888458 0.927706 0.985779 1.05522 1.13933 1.19171 1.18881 1.18855 1.18855
0.535899 0.696362 0.920673 1.40359 1.40359 1.40359 1.40359 1.40359 1.40359 1.40359 1.40359 1.40359 0.00000 0.00000 0.00000 0.00000 0.799888 0.799888 0.812749 0.847638 0.882851 0.918097 0.953343 0.988556 1.02377 1.05905 1.09426 1.12183 1.12384 1.12384 1.12384 1.12384 1.06477 0.764411 0.764411 0.764411 0.764411 0.764411 0.764411 0.764411 0.764411 0.764411 0.934671 0.968754 0.968754 0.968754 0.968754 0.968754 0.968754 1.14239 1.18855 1.18855 1.18855 1.17107 1.16651 1.18855 1.18855 1.18855 1.18855 1.18855 1.18855 1.18855 1.18855
0.534779 0.643073 0.817645 1.40359 1.40359 1.40359 1.40359 1.40359 1.40359 1.40359 1.40359 1.40359 1.40359 0.00000 0.00000 0.00000 0.918987 1.09981 1.12348 1.12384 1.12384 1.12384 1.12384 1.12384 1.12384 1.12384 1.12384 1.12384 1.12384 1.12384 1.12384 1.12384 1.12236 0.792800 0.764411 0.764411 0.764411 0.764411 0.764411 0.764411 0.764411 0.764411 0.901959 0.968754 0.968754 0.968754 0.968754 0.968754 0.968754 1.09047 1.18855 1.18855 1.18855 1.18855 1.18855 1.18855 1.18855 1.18855 1.18855 1.18855 1.18855 1.18855 1.18855
0.537366 0.619435 0.737297 1.39946 1.40359 1.40359 1.40359 1.40359 1.40359 1.40359 1.40359 1.40359 1.40359 0.00000 0.00000 0.00000 0.00000 1.12384 1.12384 1.12384 1.12384 1.12384 1.12384 1.12384 1.12384 1.12384 1.12384 1.12384 1.12384 1.12384 1.12384 1.12384 1.12384 0.877201 0.764411 0.764411 0.764411 0.764411 0.764411 0.764411 0.764411 0.764411 0.858796 0.968754 0.968754 0.968754 0.968754 0.968754 0.968754 1.03855 1.18855 1.18855 1.18855 1.18855 1.18855 1.18855 1.18855 1.18855 1.18855 1.18855 1.18855 1.18855 1.18855
0.922866 0.917156 0.821880 1.27640 1.40359 1.40359 1.40359 1.40359 1.40359 1.40359 0.00000 0.00000 0.00000 0.00000 0.00000 0.00000 0.00000 1.12384 1.12384 1.12384 1.12384 1.12384 1.12384 1.12384 1.12384 1.12384 1.12384 1.12384 1.12384 1.12384 1.12384 1.12384 1.12384 0.963026 0.764411 0.764411 0.764411 0.764411 0.764411 0.764411 0.764411 0.764411 0.799424 0.968733 0.968754 0.968754 0.968754 0.968754 0.968754 0.987260 1.18793 1.18855 1.18855 1.18855 1.18855 1.18855 1.18855 1.18855 1.18855 1.18855 1.18855 1.19604 1.21017
1.01121 1.01001 0.895949 1.06184 1.40359 1.40359 0.00000 0.00000 0.00000 0.00000 0.00000 0.00000 0.00000 0.00000 0.00000 0.00000 0.00000 1.12384 1.12384 1.12384 1.12384 1.12384 1.12384 1.12384 1.12384 1.12384 1.12384 1.12384 1.12384 1.12384 1.12384 1.12384 1.12384 1.04891 0.764411 0.764411 0.764411 0.764411 0.764411 0.764411 0.764411 0.764411 0.764411 0.956459 0.968754 0.968754 0.968754 0.968754 0.968754 0.968754 1.15571 1.20138 1.21556 1.22972 1.24383 1.25802 1.27216 1.28629 1.30047 1.31460 1.32875 1.33542 1.33542
0.899461 0.840041 0.613862 0.456474 0.00000 0.00000 0.00000 0.00000 0.00000 0.00000 0.00000 0.00000 0.00000 0.00000 0.00000 0.00000 0.00000 1.12384 1.12384 1.12384 1.12384 1.12384 1.12384 1.12384 1.12384 1.12384 1.12384 1.12384 1.12384 1.12384 1.12384 1.12384 1.12384 1.11787 0.781304 0.764411 0.764411 0.764411 0.764411 0.764411 0.764411 0.764411 0.764411 0.961981 1.01614 1.03312 1.05258 1.07508 1.10139 1.13260 1.29098 1.33542 1.33542 1.33542 1.33542 1.33542 1.33542 1.33542 1.33542 1.33542 1.33542 1.33542 1.33542
0.815019 0.815019 0.703618 0.456474 0.00000 0.00000 0.00000 0.00000 0.00000 0.00000 0.00000 0.00000 0.00000 0.00000 0.00000 0.00000 0.00000 0.00000 1.12384 1.12384 1.12384 1.12384 1.12384 1.12384 1.12384 1.12384 1.12384 1.12384 1.12384 1.12384 1.12384 1.10516 1.03880 0.970013 0.799681 0.764411 0.764411 0.764411 0.764411 0.764411 0.764411 0.00000 0.00000 1.17310 1.17310 1.17310 1.17310 1.17310 1.17310 1.17310 1.29046 1.37360 1.37808 1.38283 1.38770 1.39298 1.39830 1.40407 1.41004 1.41634 1.42306 1.43000 1.43756
0.815019 0.815019 0.768612 0.456474 0.456474 0.00000 0.00000 0.00000 0.00000 0.00000 0.00000 0.00000 0.00000 0.00000 0.00000 0.00000 0.00000 0.00000 1.12384 1.12384 1.12384 1.12384 1.09176 1.02285 0.954072 0.885290 0.816507 0.747725 0.678943 0.610033 0.541251 0.491141 0.488727 0.488727 0.488727 0.00000 0.00000 0.00000 0.00000 0.00000 0.00000 0.00000 0.00000 0.00000 0.00000 0.00000 0.00000 0.00000 0.00000 0.00000 1.49775 1.49775 1.49775 1.49775 1.49775 1.49775 1.49775 1.49775 1.49775 1.49775 1.49775 1.49775 1.49775
0.815019 0.815019 0.810811 0.483324 0.456474 0.00000 0.00000 0.00000 0.00000 0.00000 0.00000 0.00000 0.00000 0.288153 0.288153 0.288153 0.288153 0.288153 0.458907 0.663001 0.594219 0.525437 0.488727 0.488727 0.488727 0.488727 0.488727 0.488727 0.488727 0.488727 0.488727 0.488727 0.488727 0.488727 0.488727 0.00000 0.00000 0.00000 0.00000 0.00000 0.00000 0.00000 0.00000 0.00000 0.00000 0.00000 0.00000 0.00000 0.00000 0.00000 1.49775 1.49775 1.49775 1.49775 1.49775 1.49775 1.49775 1.49775 1.49775 1.49775 1.49775 1.49775 1.49775
0.815019 0.815019 0.815019 0.604716 0.445638 0.288153 0.288153 0.288153 0.288153 0.288153 0.288153 0.288153 0.288153 0.288153 0.288153 0.288153 0.288153 0.288153 0.295754 0.484014 0.488727 0.488727 0.488727 0.488727 0.488727 0.488727 0.488727 0.488727 0.488727 0.488727 0.488727 0.488727 0.488727 0.488727 0.488727 0.488727 0.00000 0.00000 0.00000 0.00000 0.00000 0.00000 0.00000 0.00000 0.00000 0.00000 0.00000 0.00000 0.00000 0.00000 0.00000 1.49775 1.49775 1.49775 1.49775 1.49775 1.49775 1.49775 1.49775 1.49775 1.49775 1.49775 1.49775
0.829949 0.831826 0.833765 0.637782 0.386555 0.288153 0.288153 0.288153 0.288153 0.288153 0.288153 0.288153 0.288153 0.288153 0.288153 0.288153 0.288153 0.288153 0.288153 0.443141 0.488727 0.488727 0.488727 0.488727 0.488727 0.488727 0.488727 0.488727 0.488727 0.488727 0.488727 0.488727 0.488727 0.488727 0.488727 0.488727 0.00000 0.00000 0.00000 0.00000 0.00000 0.00000 0.00000 0.00000 0.00000 0.00000 0.00000 0.00000 0.00000 0.00000 0.00000 1.49775 1.49775 1.49775 1.49775 1.49775 1.49775 1.49775 1.49775 1.49775 1.49775 1.49775 1.49775
0.973241 0.973241 0.973241 0.869851 0.516102 0.288153 0.288153 0.288153 0.288153 0.288153 0.288153 0.288153 0.288153 0.288153 0.288153 0.288153 0.288153 0.288153 0.288153 0.394658 0.488727 0.488727 0.488727 0.488727 0.488727 0.488727 0.488727 0.488727 0.488727 0.488727 0.488727 0.488727 0.488727 0.488727 0.488727 0.488727 0.00000 0.00000 0.00000 0.00000 0.00000 0.00000 0.00000 0.00000 0.00000 0.00000 0.00000 0.00000 0.00000 0.00000 0.00000 1.49775 1.49775 1.49775 1.49642 1.45280 1.38847 1.32427 1.26007 1.19574 1.13154 1.06734 1.00301
0.973241 0.973241 0.973241 0.959533 0.560642 0.288857 0.288153 0.288153 0.288153 0.288153 0.288153 0.288153 0.288153 0.288153 0.288153 0.288153 0.288153 0.288153 0.288153 0.346173 0.488727 0.488727 0.488727 0.488727 0.488727 0.488727 0.488727 0.488727 0.488727 0.488727 0.488727 0.488727 0.488727 0.488727 0.488727 0.488727 0.00000 0.00000 0.00000 0.00000 0.00000 0.00000 0.00000 0.00000 0.00000 0.00000 0.00000 0.00000 0.00000 0.00000 0.00000 1.49775 0.989417 0.915238 0.852305 0.831793 0.831793 0.831793 0.831793 0.831793 0.831793 0.831793 0.831793
0.973241 0.973241 0.973241 0.973241 0.658603 0.347557 0.288153 0.288153 0.288153 0.288153 0.288153 0.288153 0.288153 0.288153 0.288153 0.288153 0.288153 0.288153 0.288153 0.299927 0.486501 0.488727 0.488727 0.488727 0.488727 0.488727 0.488727 0.488727 0.488727 0.488727 0.488727 0.488727 0.488727 0.488727 0.488727 0.488727 0.488727 0.00000 0.00000 0.00000 0.00000 0.00000 0.00000 0.00000 0.00000 0.00000 0.00000 0.00000 0.00000 1.44797 1.44797 1.44797 0.923147 0.916187 0.932081 0.947013 0.961104 0.974497 0.986932 0.999123 1.00689 1.00301 0.999279
0.973241 0.973241 0.973241 0.973241 0.759919 0.420566 0.288153 0.288153 0.288153 0.288153 0.288153 0.288153 0.288153 0.288153 0.288153 0.288153 0.288153 0.289613 0.334440 0.383266 0.506765 0.488727 0.488727 0.488727 0.488727 0.488727 0.488727 0.488727 0.488727 0.488727 0.488727 0.488727 0.488727 0.488727 0.488727 0.488727 0.00000 0.00000 0.00000 0.00000 0.00000 0.00000 0.00000 0.00000 0.00000 1.44797 1.44797 1.44797 1.44797 1.44797 1.44797 1.44797 1.24999 1.13988 1.13988 1.13988 1.13988 1.13988 1.09343 1.07148 1.06113 1.06032 1.06032
0.973241 0.973241 0.973241 0.973241 0.861295 0.474120 0.288153 0.288153 0.288153 0.288153 0.288153 0.288153 0.288153 0.315434 0.369542 0.408622 0.438118 0.506021 0.590059 0.669494 0.677619 0.497356 0.488727 0.488727 0.488727 0.488727 0.00000 0.00000 0.00000 0.00000 0.00000 0.00000 0.00000 0.00000 0.00000 0.00000 0.00000 0.00000 0.00000 0.00000 0.00000 0.00000 0.00000 0.00000 0.00000 1.44797 1.44797 1.44797 1.44797 1.44797 1.44797 1.44797 1.32991 1.13988 1.13988 1.13988 1.13988 1.13988 1.08601 1.06032 1.06032 1.06032 1.06032
1.09206 0.973241 0.973241 0.973241 0.954773 0.524510 0.288153 0.288153 0.353091 0.526931 0.654639 0.749371 0.822666 0.890283 0.969603 1.05948 1.16105 1.16373 1.16373 1.16373 1.06425 0.645718 0.00000 0.00000 0.00000 0.00000 0.00000 0.00000 0.00000 0.00000 0.00000 0.00000 0.00000 0.00000 0.00000 0.00000 0.00000 0.00000 0.00000 0.00000 0.00000 0.00000 0.00000 0.00000 0.00000 1.44797 1.44797 1.44797 1.44797 1.44797 1.44797 1.44797 1.43002 1.14441 1.13988 1.13988 1.13988 1.13988 1.11036 1.06032 1.06032 1.06032 1.06032
