High_resolution/powerplant/Shangrao/OMI_NO2_2007_06-08.asc
ncols      200
nrows      200
xllcorner       115.451
yllcorner       27.0350
cellsize     0.0166667
NODATA_Value      -999.000
[rows 145 to 173 of 200, columns 0 to 66 of 200]
1.99365 1.93199 1.75165 1.75349 1.84078 1.82667 1.87528 1.89330 1.97176 1.97704 1.95620 1.97955 2.06354 2.10606 2.12773 2.10382 2.06308 2.00010 1.75299 1.65901 1.58843 1.38150 1.36173 1.32399 1.29690 1.30177 1.29786 1.31860 1.29879 1.25484 1.28366 1.26017 1.25885 1.31408 1.39246 1.49950 1.54540 1.59658 1.57757 1.55935 1.53863 1.52814 1.50121 1.56155 1.58337 1.59983 1.58869 1.59971 1.34067 1.37441 1.44290 1.51800 1.55237 1.55778 1.58247 1.62301 1.64791 1.64881 1.63815 1.54631 1.54925 1.55903 1.57062 1.62824 1.62853 1.54094 1.57353
2.02760 2.00455 1.85729 1.85598 2.01552 2.04101 2.05496 2.05954 2.03921 2.06893 2.09355 2.05949 2.10296 2.11595 2.13344 2.08728 1.98084 1.94768 1.72039 1.52490 1.48213 1.34135 1.33228 1.34082 1.34423 1.32043 1.27402 1.25864 1.27648 1.19173 1.19436 1.17307 1.20093 1.24866 1.40040 1.50124 1.52356 1.50700 1.48919 1.47789 1.47966 1.49301 1.46634 1.49827 1.55484 1.57908 1.56147 1.56969 1.38392 1.33801 1.48578 1.57659 1.68760 1.70669 1.70621 1.69047 1.68253 1.65634 1.65070 1.57438 1.57754 1.58541 1.58046 1.55450 1.51675 1.43243 1.46934
1.99182 1.99182 1.87678 1.89441 1.97558 2.00653 2.02064 2.06218 2.05243 2.09780 2.12890 2.11503 2.09890 2.07249 2.04441 2.00945 1.97660 1.95336 1.83441 1.48517 1.41079 1.27221 1.21617 1.21466 1.24884 1.26149 1.25203 1.26544 1.29326 1.28792 1.31078 1.31272 1.34380 1.35551 1.42939 1.47548 1.55172 1.52249 1.49800 1.47079 1.47650 1.48195 1.44958 1.45493 1.51992 1.54717 1.53135 1.52409 1.50710 1.40546 1.54535 1.61289 1.68320 1.69783 1.67738 1.65203 1.65960 1.63722 1.63435 1.56722 1.54491 1.55516 1.55056 1.53175 1.48815 1.43384 1.42770
2.01418 2.01418 1.93851 1.90188 2.06159 2.14644 2.19733 2.25398 2.20319 2.10620 2.03232 1.93021 1.89072 1.86373 1.81969 1.78391 1.76898 1.74594 1.69173 1.39058 1.30282 1.20192 1.23402 1.27601 1.31601 1.34143 1.35854 1.36775 1.39373 1.42745 1.38643 1.36901 1.36700 1.34802 1.39050 1.42891 1.56053 1.54758 1.52148 1.47437 1.47431 1.48985 1.45844 1.45852 1.51152 1.55192 1.53167 1.49533 1.51179 1.34980 1.41427 1.47927 1.57943 1.66563 1.64075 1.61161 1.61466 1.59001 1.58867 1.55621 1.52163 1.51834 1.51034 1.49522 1.42690 1.39780 1.36952
2.07170 2.20081 2.32627 2.37078 2.20648 2.18603 2.18317 2.13757 2.10230 1.90657 1.84892 1.80628 1.79387 1.77101 1.71646 1.68714 1.69226 1.69039 1.67809 1.47263 1.40730 1.35667 1.38294 1.39047 1.39811 1.40317 1.40130 1.39035 1.39215 1.42926 1.40671 1.41422 1.41329 1.38312 1.35281 1.39151 1.51977 1.55515 1.51795 1.47246 1.46884 1.48848 1.44727 1.45196 1.46015 1.50906 1.48057 1.48052 1.52568 1.39993 1.43363 1.49867 1.59001 1.67659 1.65554 1.61476 1.61352 1.57668 1.57354 1.55003 1.50947 1.49701 1.48399 1.48703 1.41674 1.41454 1.36556
2.53403 2.47358 2.41414 2.31796 2.15348 2.07383 2.07536 2.05425 2.05981 1.88651 1.78423 1.75874 1.75060 1.75042 1.70337 1.65714 1.66500 1.66841 1.67737 1.56198 1.44438 1.38337 1.37128 1.39212 1.40488 1.41965 1.39967 1.39441 1.35952 1.36442 1.33821 1.33851 1.34552 1.35601 1.39570 1.43814 1.47353 1.56724 1.53012 1.46097 1.44488 1.46200 1.39144 1.41279 1.39679 1.47685 1.48564 1.52348 1.57760 1.48593 1.44093 1.49969 1.57156 1.62345 1.63044 1.58747 1.57594 1.54531 1.54050 1.55111 1.58201 1.59959 1.57731 1.59400 1.44346 1.35555 1.24904
2.21931 2.21849 2.21849 2.18821 2.15097 2.03970 2.05712 2.04266 2.03772 1.93043 1.76775 1.75733 1.75369 1.75611 1.72689 1.66737 1.66706 1.66442 1.68676 1.60830 1.39795 1.32404 1.29683 1.30336 1.29678 1.32854 1.34449 1.37392 1.35765 1.38740 1.40114 1.39020 1.38849 1.37435 1.37477 1.40182 1.37216 1.47778 1.40977 1.33305 1.31443 1.32099 1.27357 1.28124 1.26993 1.33367 1.34791 1.44172 1.44264 1.39223 1.25752 1.37489 1.48554 1.55328 1.64775 1.62470 1.64203 1.62827 1.60677 1.57894 1.54222 1.48389 1.37733 1.32824 1.24989 1.16606 1.08714
2.18054 2.17942 2.12219 2.08372 2.07781 1.96787 1.99040 1.98949 1.99482 1.94697 1.77426 1.71291 1.75212 1.72651 1.69073 1.59774 1.53887 1.53977 1.58372 1.57303 1.43152 1.36972 1.34627 1.38316 1.41660 1.42397 1.43076 1.44230 1.37340 1.36756 1.36275 1.33360 1.28193 1.23905 1.21115 1.23776 1.24006 1.33485 1.33893 1.29269 1.28800 1.29993 1.28487 1.32116 1.31997 1.30928 1.30558 1.38331 1.38281 1.37703 1.51814 1.56080 1.60116 1.54512 1.63818 1.53614 1.45942 1.37390 1.33124 1.33977 1.33520 1.29543 1.19742 1.12997 1.01760 0.896652 0.914122
2.17544 2.17669 2.10363 2.06110 2.06113 1.90224 1.88228 1.86357 1.84179 1.81063 1.65269 1.54834 1.64581 1.66923 1.71072 1.67505 1.63211 1.65360 1.68911 1.66966 1.57326 1.45708 1.37917 1.38034 1.39734 1.37455 1.37968 1.41652 1.37541 1.39921 1.35727 1.27235 1.22743 1.18454 1.15775 1.15653 1.16425 1.20900 1.34090 1.30742 1.28435 1.26541 1.24268 1.22047 1.20520 1.19937 1.19832 1.23886 1.25995 1.26057 1.44646 1.46325 1.46919 1.36900 1.39133 1.31139 1.25726 1.23243 1.17602 1.15306 1.05710 1.01089 0.993177 0.999431 0.986895 0.915350 0.935509
2.19209 2.18998 2.12031 2.03699 2.02491 1.75897 1.65938 1.65954 1.76875 1.81694 1.71337 1.55166 1.74407 1.80030 1.91035 1.86767 1.79237 1.65994 1.59136 1.58999 1.60460 1.53305 1.44517 1.42472 1.49003 1.46714 1.49150 1.48409 1.40288 1.34592 1.31747 1.16227 1.11600 1.06405 1.05541 1.03718 0.974432 0.981088 1.19605 1.19729 1.18494 1.18917 1.19722 1.18147 1.16358 1.14476 1.12970 1.14353 1.18460 1.18948 1.26461 1.19704 1.29346 1.14062 1.08666 1.04898 0.951902 0.974264 0.977227 1.02295 0.986769 0.975063 0.986000 1.00840 1.01179 0.966932 0.963819
2.14950 2.10651 2.08157 1.99489 1.99594 1.83736 1.66311 1.67372 1.75998 1.81640 1.78614 1.61892 1.86784 2.05942 2.23925 2.33554 2.08784 2.00638 1.76877 1.76294 1.76788 1.64400 1.52260 1.43264 1.41870 1.34972 1.37214 1.39012 1.33678 1.24130 1.26578 1.11252 1.09691 1.05040 1.04902 1.06193 0.945569 0.935900 1.13594 1.16283 1.12695 1.10559 1.09262 1.08415 1.07869 1.08549 1.08699 1.09380 1.15336 1.15016 1.19941 1.13225 1.18895 1.08098 0.987632 1.01419 0.946617 0.987638 0.996449 1.01533 0.977089 0.966282 0.966802 0.987890 0.986103 0.947930 0.923428
2.14707 2.10299 2.09195 1.95286 1.92670 1.86312 1.66756 1.67832 1.75711 1.88175 1.94149 1.90580 2.10603 2.43922 2.49872 2.52548 2.21196 2.02279 1.69851 1.66630 1.64052 1.54216 1.49973 1.42200 1.37800 1.35484 1.39558 1.41914 1.40591 1.29053 1.31777 1.20619 1.14890 1.09018 1.05816 1.07281 0.977422 0.911662 0.980785 1.04940 1.02740 1.02628 1.05612 1.07796 1.07328 1.09404 1.09846 1.09527 1.15281 1.15326 1.17315 1.18477 1.19358 1.16294 1.01493 1.06761 1.04901 1.07845 1.04599 1.06235 1.02072 0.998032 0.989781 0.992724 0.992475 0.969081 0.927128
1.69531 1.62663 1.65795 1.69285 1.68013 1.73462 1.64881 1.62317 1.67344 1.76612 1.77819 1.74389 1.89833 2.12457 2.16101 2.11165 1.92780 1.67833 1.56327 1.52020 1.53639 1.49878 1.52322 1.47439 1.40913 1.41649 1.53498 1.57082 1.50083 1.36121 1.31354 1.27077 1.19635 1.18240 1.16426 1.18413 1.11244 0.988443 1.03171 1.08891 1.06369 1.04988 1.05369 1.07094 1.06357 1.07729 1.09401 1.09940 1.15003 1.16576 1.17026 1.22698 1.17991 1.20861 1.02039 1.05530 1.07094 1.08749 1.05479 1.05647 1.02028 0.998474 0.973661 0.965140 0.953299 0.922159 0.823388
1.39765 1.40427 1.52297 1.63300 1.65940 1.66367 1.60202 1.54498 1.57752 1.65554 1.65155 1.58790 1.62110 1.65783 1.73866 1.76989 1.74922 1.58496 1.56148 1.49434 1.52463 1.47364 1.55162 1.48081 1.38807 1.37472 1.51322 1.55546 1.49516 1.43858 1.38661 1.40554 1.28092 1.25656 1.20996 1.21507 1.17804 1.01784 1.02200 1.07900 1.07330 1.05823 1.06150 1.10416 1.11201 1.13051 1.16646 1.17164 1.17550 1.16232 1.16563 1.23394 1.16050 1.22337 1.07034 1.08553 1.13092 1.12765 1.05247 1.02160 0.970380 0.950153 0.936467 0.985599 1.02248 1.05737 0.982515
1.42503 1.44736 1.57283 1.69485 1.72086 1.70304 1.71766 1.60336 1.61288 1.60857 1.64526 1.56606 1.57884 1.70496 1.81560 1.88267 1.89363 1.74002 1.71731 1.63683 1.66295 1.57316 1.58817 1.52599 1.42854 1.38909 1.49508 1.48601 1.44538 1.43688 1.38459 1.42289 1.24883 1.24084 1.21027 1.22895 1.24646 1.08583 1.09204 1.12320 1.13384 1.10249 1.09550 1.10749 1.10821 1.10220 1.13817 1.13699 1.13304 1.09809 1.08841 1.11144 1.04937 1.13505 1.08199 1.05507 1.10926 1.13324 1.08058 1.09903 1.10268 1.12273 1.10394 1.14146 1.15686 1.16434 1.08535
1.44674 1.47682 1.54994 1.69190 1.71760 1.69533 1.72354 1.62673 1.62759 1.62867 1.69343 1.64131 1.63467 1.74768 1.87596 1.90540 1.88098 1.76731 1.71191 1.62751 1.61567 1.54759 1.52817 1.50485 1.45052 1.41390 1.49689 1.47944 1.44162 1.43077 1.36054 1.39669 1.25258 1.20989 1.19298 1.20340 1.22228 1.09484 1.06400 1.08495 1.07851 1.03765 1.01316 0.998289 0.992188 0.993846 1.03181 1.06626 1.08126 1.05132 1.05449 1.04670 1.09249 1.07092 1.07163 1.01788 1.07748 1.17231 1.14634 1.14377 1.13848 1.13872 1.18758 1.22839 1.24552 1.23653 1.19454
1.52229 1.54210 1.57719 1.74050 1.76389 1.76078 1.78870 1.78639 1.74350 1.72737 1.75327 1.70785 1.67224 1.72828 1.85691 1.87391 1.84943 1.78037 1.75225 1.72293 1.73296 1.72830 1.68921 1.68176 1.61089 1.54648 1.59247 1.58248 1.53667 1.53723 1.47960 1.44383 1.34867 1.22901 1.21889 1.21898 1.22085 1.11259 1.03543 1.02113 0.979150 0.967990 0.966017 0.969143 0.972510 0.976280 0.983106 1.02866 1.05071 1.02009 1.01655 1.01552 1.09349 1.03535 1.03529 1.03130 1.06559 1.10681 1.12144 1.11026 1.12692 1.11520 1.13190 1.15474 1.17755 1.18382 1.18863
1.56185 1.57125 1.57235 1.78622 1.81977 1.80149 1.81548 1.79287 1.71889 1.70401 1.71375 1.66618 1.61855 1.65772 1.81827 1.86229 1.85313 1.80746 1.81755 1.79757 1.78718 1.78319 1.71451 1.71478 1.64090 1.58355 1.57345 1.52971 1.54616 1.55862 1.51741 1.43324 1.39614 1.20934 1.18482 1.15991 1.16493 1.09936 1.01188 0.998312 0.960223 0.945912 0.932911 0.925771 0.916113 0.926809 0.926508 0.973253 0.958774 0.872684 0.682175 0.716056 0.839624 0.874967 0.905763 0.997993 1.03141 1.02043 1.06127 1.05641 1.06644 1.06425 1.08391 1.12170 1.15499 1.16382 1.18323
1.59588 1.60013 1.59442 1.80143 1.88586 1.85791 1.83243 1.76483 1.68796 1.64734 1.65079 1.60867 1.54226 1.58572 1.73758 1.80676 1.82775 1.83526 1.94734 1.94972 1.91483 1.91897 1.86234 1.83816 1.75133 1.72258 1.67288 1.55092 1.57684 1.59974 1.58756 1.45446 1.46380 1.24908 1.22841 1.19684 1.19654 1.15063 1.03024 1.00346 0.982689 0.974917 0.971263 0.948079 0.915494 0.882335 0.861172 0.857213 0.863155 0.829525 0.594721 0.739372 0.848873 0.908788 0.903314 0.957901 1.02681 1.01210 1.05382 1.05029 1.05527 1.05670 1.06384 1.10320 1.14206 1.15231 1.15040
1.59615 1.59426 1.59497 1.67344 1.71541 1.66443 1.64574 1.59820 1.58488 1.54326 1.56483 1.62914 1.64201 1.71456 1.87712 1.93309 1.90858 1.87559 1.95441 1.99664 1.96298 1.97441 1.94650 1.84252 1.74102 1.72163 1.66553 1.52543 1.53944 1.57064 1.56855 1.44709 1.42871 1.25420 1.16421 1.13320 1.13578 1.10925 0.965982 0.905946 0.884866 0.880976 0.897670 0.882049 0.880626 0.885991 0.897246 0.897928 0.893664 0.888725 0.623787 0.662847 0.862787 0.969340 0.918836 0.956126 1.04853 1.04070 1.05535 1.05885 1.05920 1.06406 1.07020 1.11354 1.18822 1.20714 1.21904
1.57803 1.58064 1.57446 1.54805 1.55480 1.53727 1.54632 1.51532 1.54412 1.50039 1.51501 1.61433 1.62755 1.64558 1.75889 1.92356 1.94041 1.92671 1.98969 2.04693 1.98921 1.96825 1.95042 1.82342 1.73829 1.76614 1.65177 1.52962 1.52685 1.57260 1.56310 1.50750 1.49325 1.33817 1.11072 1.04924 1.04066 1.04638 0.957218 0.874190 0.887453 0.900789 0.918213 0.895944 0.877809 0.845064 0.815792 0.765255 0.720850 0.674748 0.640551 0.672785 0.870135 0.955230 0.923677 0.965706 1.05538 1.07085 1.05278 1.07301 1.07083 1.09444 1.10334 1.12974 1.22638 1.26747 1.27300
1.55506 1.56359 1.56359 1.52443 1.55649 1.50743 1.52264 1.48976 1.53612 1.50987 1.53431 1.61009 1.65312 1.67325 1.76848 1.80745 1.79067 1.76793 1.75324 1.82447 1.79559 1.76675 1.76327 1.83274 1.80468 1.81914 1.65436 1.48618 1.41387 1.35916 1.36925 1.37996 1.39152 1.30576 1.05863 1.01238 0.994162 0.985199 0.971629 0.815473 0.791130 0.743574 0.703708 0.685556 0.685530 0.667934 0.667934 0.661209 0.661209 0.691454 0.716364 0.757528 0.943589 0.998394 0.992354 1.03114 1.08444 1.13134 1.09332 1.11473 1.10082 1.13510 1.16867 1.19166 1.35034 1.42432 1.35206
1.66411 1.65704 1.64421 1.57913 1.57515 1.51849 1.55409 1.52884 1.58431 1.59268 1.59914 1.60357 1.67950 1.64819 1.65798 1.64013 1.62879 1.62752 1.63553 1.72070 1.69288 1.63553 1.59802 1.63426 1.62660 1.63948 1.53781 1.34853 1.29433 1.27187 1.31794 1.36361 1.40494 1.39343 0.912389 0.918335 0.911265 0.920229 0.947051 0.692402 0.690630 0.678136 0.679967 0.678583 0.675960 0.628807 0.613577 0.608665 0.608700 0.630701 0.658948 0.694782 1.20657 1.11035 1.04054 1.06375 1.10071 1.21365 1.23688 1.16802 1.15200 1.13096 1.10246 1.05893 1.14124 1.20914 1.21090
1.59999 1.59920 1.59731 1.55200 1.54762 1.51727 1.55477 1.52082 1.55146 1.52955 1.56213 1.55107 1.68437 1.65861 1.66088 1.62707 1.58521 1.53810 1.50311 1.53936 1.55410 1.52876 1.48873 1.51658 1.54568 1.59230 1.56334 1.40081 1.30228 1.20943 1.14624 1.07403 0.974817 0.893544 0.917376 0.959015 0.958847 0.983603 1.03161 0.918060 0.854664 0.804569 0.768780 0.715275 0.707695 0.591638 0.573150 0.548512 0.556766 0.586915 0.644268 0.705798 1.32211 1.26956 1.15264 1.08834 1.14670 1.17681 1.06632 0.915214 0.860552 0.923511 0.972641 0.983015 1.06826 1.23639 1.27291
1.57649 1.57385 1.56314 1.50504 1.49903 1.49182 1.54534 1.55608 1.60106 1.58728 1.57736 1.53045 1.64982 1.59974 1.57833 1.51353 1.43284 1.41842 1.40779 1.42283 1.44123 1.45560 1.42926 1.42513 1.45273 1.44547 1.42046 1.20249 1.11618 0.987797 0.961995 0.971612 0.987258 1.01784 1.02469 1.06795 1.04857 1.06762 1.09465 0.904594 0.885694 0.828707 0.797423 0.749694 0.763459 0.722315 0.723011 0.727428 0.745757 0.779802 0.796804 0.750910 0.773694 0.724757 0.694225 0.735014 0.702855 1.05138 1.05375 1.04438 0.995371 0.995354 1.01714 1.00846 1.02670 1.16180 1.18653
1.52087 1.51341 1.51767 1.50513 1.51001 1.53530 1.55770 1.55378 1.55551 1.48266 1.45549 1.39869 1.50849 1.52941 1.51497 1.46383 1.37128 1.35815 1.35025 1.34066 1.33564 1.34049 1.32687 1.31698 1.37296 1.35405 1.40552 1.25033 1.21501 1.08735 1.00969 1.00462 0.537935 0.587918 0.588001 0.653880 0.639746 0.720750 0.796784 0.924720 0.923487 0.875833 0.858846 0.831068 0.867742 0.792342 0.760360 0.745427 0.755419 0.773020 0.809838 0.768978 0.809828 0.824843 0.803305 0.819555 0.789960 1.10460 1.08559 1.09613 1.01851 1.00195 1.00816 0.999095 1.01075 1.12866 1.18035
1.56588 1.58438 1.60656 1.60248 1.61852 1.58246 1.57883 1.54255 1.55163 1.44687 1.43934 1.40143 1.45169 1.50249 1.45054 1.40050 1.32675 1.28872 1.29348 1.29221 1.29144 1.29952 1.30322 1.29438 1.34643 1.40342 1.55566 1.45744 1.31144 1.31039 0.575002 0.570890 0.572587 0.634318 0.628151 0.691041 0.717159 0.803843 0.850947 0.917747 0.930743 0.863039 0.825238 0.789948 0.748290 0.707235 0.708028 0.710674 0.777920 0.818007 0.869059 0.845511 0.867587 0.877942 0.830123 0.844586 0.822485 1.14013 1.11556 1.14370 1.06896 1.02405 1.04994 1.04260 1.05655 1.19661 1.25412
1.65381 1.65945 1.66498 1.64639 1.66323 1.63005 1.63920 1.66911 1.70237 1.62596 1.61089 1.53341 1.50403 1.53843 1.46286 1.42746 1.36644 1.31724 1.32279 1.32255 1.32378 1.32653 1.30542 1.29344 1.33026 1.38037 1.54752 1.49856 1.32257 1.32432 0.538100 0.528892 0.539603 0.595090 0.613825 0.654278 0.706506 0.782690 0.815477 0.807726 0.806323 0.730865 0.731709 0.728397 0.667545 0.653623 0.657322 0.659451 0.717139 0.761919 0.783792 0.771475 0.762695 0.782467 0.737888 0.760510 0.743952 1.08528 1.06599 1.07905 1.02801 0.960276 0.974978 0.987374 1.08373 1.24391 1.24064
1.72799 1.73810 1.75352 1.76580 1.79506 1.77912 1.75162 1.75430 1.76363 1.68441 1.59432 1.52256 1.45880 1.51673 1.48739 1.43980 1.37836 1.33241 1.33148 1.33220 1.33678 1.34685 1.33323 1.32101 1.31625 1.30376 1.33977 1.30682 1.31795 1.34454 0.638130 0.637038 0.668680 0.712081 0.694560 0.783620 0.740413 0.821055 0.866964 0.863611 0.831387 0.786184 0.789964 0.788466 1.53037 1.56710 1.55234 1.54674 1.53521 1.50642 1.50693 0.744320 0.715229 0.699085 0.659529 0.912349 0.936424 0.971360 0.977343 1.00112 1.07528 1.07239 1.13259 1.19859 1.22845 1.33564 1.31029
