High_resolution/powerplant/Shangrao/OMI_NO2_200506.asc
ncols      200
nrows      200
xllcorner       115.451
yllcorner       27.0350
cellsize     0.0166667
NODATA_Value      -999.000
[rows 0 to 28 of 164, columns 0 to 66 of 200]
0.00000 2.00737 2.00737 2.14687 2.29490 2.29490 2.29490 2.29490 2.29490 2.29490 2.29428 2.26458 2.24798 2.23431 2.26037 2.38740 2.50391 2.60514 2.67655 2.68210 2.68210 2.68210 2.68274 2.68656 2.66780 2.61839 2.62403 2.62938 2.71866 2.80403 2.79635 2.77163 2.72263 2.35785 2.47370 2.47395 2.47395 2.47395 2.52810 2.72404 2.83083 2.88256 2.82981 2.74239 2.66208 2.59846 2.57316 2.57635 2.57635 2.57635 2.57635 2.57635 2.34119 2.14358 2.06232 2.08695 2.53037 2.52883 2.30831 2.28479 2.28479 2.28479 2.28479 4.23354 4.23354 4.23354 4.23354
0.00000 0.00000 2.00737 2.06002 2.29487 2.29490 2.29490 2.29490 2.29490 2.29490 2.34694 2.40697 2.50718 2.60799 2.67441 2.68158 2.69225 2.69599 2.69953 2.70289 2.70608 2.70912 2.71161 2.71191 2.70672 2.64574 2.64558 2.64558 2.69526 2.80514 2.80396 2.77252 2.77163 2.43543 2.45640 2.66175 2.81225 2.86773 2.81913 2.72256 2.65033 2.59421 2.59081 2.59081 2.59081 2.59081 2.58086 2.57361 2.57635 2.57635 2.57635 2.57635 2.47722 2.14358 2.11641 1.97335 2.49517 2.53037 2.38747 2.28479 2.28479 2.28479 2.28479 3.96168 3.63242 3.35966 3.19767
0.00000 0.00000 2.00737 2.00737 2.27672 2.29490 2.34372 2.53881 2.69560 2.81514 2.84125 2.70953 2.64016 2.63483 2.63174 2.66082 2.71191 2.71191 2.71191 2.71191 2.71191 2.71191 2.71191 2.71191 2.71191 2.65482 2.64558 2.64558 2.66719 2.80514 2.80507 2.82590 2.89461 2.80654 2.73469 2.70420 2.61047 2.55479 2.55378 2.55599 2.59040 2.59081 2.59081 2.59081 2.59081 2.59081 2.59064 2.56856 2.57635 2.57635 2.57635 2.57635 2.57023 2.18283 2.14345 2.00978 2.34995 2.61371 2.60234 2.57493 2.58265 2.58999 2.59461 2.83470 3.13333 3.09646 3.02409
2.43015 2.43015 2.30205 2.46617 2.65066 2.75324 2.82967 2.83701 2.83701 2.83701 2.82123 2.73437 2.63171 2.63171 2.63171 2.64095 2.71189 2.71191 2.71191 2.71191 2.71191 2.71191 2.71191 2.71191 2.71191 2.66911 2.64558 2.66836 2.74594 2.92423 2.92492 2.88145 2.81245 2.73466 2.53904 2.56610 2.57109 2.57609 2.58108 2.58609 2.61682 2.62607 2.63023 2.63439 2.63856 2.64276 2.64595 2.69724 2.76805 2.77333 2.77846 2.78353 2.78856 2.61817 2.49560 2.47094 2.59731 2.87311 2.80756 2.72391 2.72127 2.69677 2.65189 2.68268 2.95750 2.94885 2.95838
3.65788 3.24188 3.20311 2.92175 2.87721 2.83511 2.83413 2.83313 2.83215 2.83117 2.82969 2.76549 2.63750 2.62389 2.61861 2.60894 2.66871 2.66997 2.66035 2.65073 2.64113 2.63156 2.62189 2.61234 2.60271 2.61702 2.82702 2.82038 2.75953 2.83508 2.86509 2.88880 2.92142 2.82324 2.65581 2.65430 2.65793 2.65793 2.65793 2.65793 2.65073 2.63985 2.63534 2.63081 2.62629 2.62177 2.61820 2.66650 2.77917 2.77917 2.77917 2.77917 2.76983 2.66876 2.50745 2.49676 2.44369 2.68569 2.63357 2.52872 2.49039 2.46949 2.46562 2.56358 2.95616 3.00359 3.00359
4.25440 3.39075 3.33091 2.87598 2.83388 2.69603 2.68502 2.67402 2.66299 2.65189 2.64101 2.58837 2.49176 2.44837 2.44410 2.44410 2.49354 2.52430 2.52430 2.52430 2.52427 2.48733 2.41741 2.34771 2.27772 2.29810 2.76175 2.85246 2.87681 2.99348 3.11141 3.12752 3.10959 2.88518 2.71942 2.64605 2.65793 2.65793 2.65793 2.65793 2.64220 2.61793 2.61793 2.61787 2.61738 2.61682 2.61626 2.62557 2.71001 2.67534 2.63734 2.59931 2.58151 2.64248 2.60428 2.67753 2.65418 2.55411 2.52765 2.47598 2.46562 2.46562 2.46562 2.48660 2.89929 3.00359 3.00359
4.32810 3.50590 3.37913 2.92403 2.86399 2.60769 2.60250 2.60250 2.60250 2.60250 2.60250 2.58318 2.50616 2.44410 2.44410 2.44410 2.47346 2.48559 2.41564 2.34598 2.32957 2.38042 2.45005 2.51507 2.57608 2.62878 2.90496 3.00985 2.99265 3.02421 3.12835 3.12835 3.11347 2.96924 2.77694 2.63718 2.65672 2.65606 2.65538 2.65471 2.64838 2.61413 2.61357 2.61308 2.61256 2.59568 2.57036 2.54391 2.58184 2.65690 2.73800 2.82647 2.90811 2.91814 2.82741 2.77599 2.70873 2.59186 2.52765 2.48995 2.46562 2.46562 2.46886 2.50406 2.84334 3.07022 3.09268
4.32810 3.68516 3.37913 3.00510 2.87451 2.64869 2.60250 2.60250 2.60250 2.60250 2.60250 2.60097 2.53550 2.41437 2.33370 2.26374 2.20332 2.31651 2.56176 2.62013 2.63703 2.62957 2.62939 2.62939 2.62939 2.62939 2.79620 2.99795 2.98532 2.96832 3.08928 3.08023 3.08907 3.04258 2.81358 2.63997 2.64996 2.65202 2.65202 2.65202 2.65201 2.60648 2.57804 2.55273 2.55293 2.61682 2.69663 2.78382 2.89830 2.91814 2.91814 2.91814 2.91814 2.91814 2.87376 2.77599 2.74925 2.66721 2.59836 2.61429 2.61624 2.65184 2.68333 2.68962 2.85417 3.12540 3.13958
4.32810 3.93646 3.37913 3.09931 2.87451 2.70146 2.60250 2.60250 2.60250 2.64723 2.73180 2.80698 2.83731 2.41706 2.14412 2.13057 2.11699 2.20302 2.61273 2.61117 2.60059 2.59004 2.57947 2.56890 2.55835 2.54777 2.63412 2.90052 2.93368 2.91256 3.04539 3.05218 3.06720 3.09995 2.83451 2.70148 2.64202 2.64694 2.61930 2.58892 2.60106 2.64159 2.70891 2.79735 2.85841 2.85956 2.85956 2.85956 2.89739 2.91814 2.91825 2.93965 2.97515 3.00844 3.03537 2.95206 2.97591 2.89533 2.76369 2.73441 2.68962 2.68962 2.68962 2.68962 2.78462 3.08129 3.13829
4.32810 4.26339 3.39241 3.21080 2.87451 2.80045 2.72457 2.80056 2.86849 2.90290 2.91334 2.92572 2.89816 2.61012 2.14177 2.14879 2.15582 2.11371 2.43779 2.54053 2.54053 2.54053 2.54053 2.54053 2.54053 2.54053 2.59864 2.82903 2.93368 2.92039 3.01504 3.05218 3.05498 3.10338 2.89793 2.71400 2.62833 2.69075 2.79103 2.90649 2.96996 2.91534 2.85956 2.85956 2.85956 2.87347 2.91858 2.96210 3.03190 3.09201 3.09578 3.10405 3.10405 3.10405 3.10405 3.02582 2.98559 2.92743 2.80518 2.74255 2.69345 2.68962 2.68539 2.67719 2.69706 3.00968 3.10798
4.32810 4.31031 3.61466 3.53118 3.17057 3.16893 2.94116 2.95356 2.96591 2.97636 2.97834 2.97834 2.97249 2.82872 2.19643 2.16465 2.16465 2.13373 2.31452 2.54053 2.54053 2.54053 2.54053 2.54053 2.54053 2.54053 2.56331 2.74987 2.93368 2.93057 2.97504 3.02130 3.06628 3.19218 3.20766 3.16395 3.10518 2.97609 2.96996 2.97497 3.02438 3.04954 3.00232 3.04561 3.08625 3.11505 3.12040 3.12544 3.14381 3.03532 2.99362 2.96154 2.96642 2.97141 2.97647 2.94186 2.86804 2.84769 2.74593 2.65422 2.53608 2.47342 2.47085 2.47337 2.48896 2.78734 3.03735
4.22279 4.21423 3.92174 3.73068 3.32799 3.27562 2.99979 2.97834 2.97834 2.97834 2.97834 2.97834 2.97834 2.88712 2.38873 2.16242 2.16117 2.14979 2.17212 2.53457 2.53995 2.55210 2.56410 2.57624 2.58820 2.60032 2.61268 2.72438 2.96372 3.07436 3.18749 3.40329 3.48790 3.60943 3.68963 3.67550 3.43538 3.27244 3.28720 3.31308 3.30935 3.29537 3.25054 3.26985 3.28474 3.29894 3.31252 3.32580 3.33946 3.14821 3.08912 3.04930 3.04949 3.04949 3.04957 3.05960 2.97400 3.01706 2.91779 2.80810 2.73528 2.66491 2.72424 2.78637 2.82610 2.94956 3.17214
4.25187 4.26270 4.09024 3.74665 3.38707 3.23340 3.06799 3.03091 3.04526 3.05986 3.07420 3.08877 3.10313 3.06837 2.76032 2.33521 2.35078 2.36663 2.31124 2.69834 2.74155 2.74155 2.74155 2.74402 2.82755 2.95013 3.07068 3.19522 3.31916 3.39896 3.43827 3.62868 3.63248 3.60414 3.61553 3.67561 3.52498 3.26788 3.22737 3.22814 3.22908 3.22923 3.33995 3.37605 3.37605 3.37605 3.37605 3.37583 3.37502 3.25863 3.20100 3.19750 3.25501 3.31557 3.37604 3.42126 3.34918 3.30666 3.20523 3.13766 3.06811 2.86576 2.86576 2.86576 2.86576 2.92067 3.11958
4.26368 4.26368 4.23985 3.75759 3.47846 3.22080 3.22015 3.21957 3.21957 3.21957 3.21957 3.21957 3.21957 3.20979 3.04893 2.42170 2.40588 2.40588 2.35405 2.60315 2.83091 2.95369 3.07602 3.17020 3.18553 3.18640 3.23252 3.29340 3.32691 3.37943 3.37255 3.51100 3.51979 3.52307 3.57203 3.62358 3.59946 3.28045 3.22983 3.22833 3.22749 3.22665 3.30287 3.37178 3.37094 3.37010 3.36925 3.37099 3.39154 3.39395 3.43855 3.44635 3.45165 3.45165 3.45165 3.45530 3.42691 3.36521 3.32367 3.13808 3.12550 2.86972 2.86576 2.86576 2.86576 2.88560 3.06959
4.26368 4.26368 4.26368 3.84167 3.59694 3.24221 3.25233 3.24092 3.21957 3.21957 3.21957 3.21957 3.21957 3.21957 3.12200 2.60155 2.51725 2.66446 2.78058 2.95723 3.13907 3.19853 3.26234 3.35908 3.39286 3.29093 3.29093 3.29541 3.30688 3.37013 3.38792 3.51230 3.55425 3.56723 3.57324 3.59509 3.63510 3.35698 3.23618 3.22178 3.22178 3.22178 3.26518 3.36886 3.38411 3.40869 3.43326 3.45547 3.45946 3.43798 3.45379 3.45481 3.48014 3.50228 3.52286 3.53930 3.53391 3.42017 3.41021 3.15517 3.14962 2.94987 2.91713 2.93707 2.95697 2.97635 3.10711
4.14514 4.13311 4.12191 3.91114 3.73558 3.33960 3.33457 3.29482 3.21957 3.21957 3.21957 3.21964 3.22276 3.22745 3.17631 3.05583 3.07220 3.19638 3.31041 3.36244 3.41685 3.41920 3.43516 3.45332 3.47072 3.36016 3.36677 3.38304 3.41292 3.45890 3.48788 3.58972 3.62824 3.62824 3.59298 3.56941 3.64321 3.46282 3.25306 3.22178 3.23027 3.25442 3.28950 3.44941 3.45946 3.45946 3.45946 3.46664 3.48653 3.50206 3.49961 3.53017 3.54114 3.54128 3.54848 3.56549 3.58257 3.51156 3.49243 3.34570 3.25438 3.09605 2.98206 2.98206 2.98206 2.98206 3.07810
4.10760 4.10760 4.10760 4.00296 3.75885 3.39523 3.33573 3.31565 3.22486 3.22704 3.23173 3.23640 3.29958 3.41514 3.51511 3.53713 3.48690 3.48175 3.47740 3.52164 3.55064 3.56648 3.56868 3.56868 3.56868 3.45736 3.41746 3.41746 3.43103 3.44513 3.48788 3.57839 3.62906 3.62824 3.60852 3.56514 3.63336 3.58704 3.31239 3.29616 3.31223 3.31264 3.31264 3.44577 3.48930 3.50806 3.52563 3.53666 3.53884 3.54779 3.52873 3.56444 3.60547 3.63102 3.64091 3.64096 3.64096 3.59324 3.51669 3.43705 3.25438 3.15730 2.98206 2.98206 2.98206 2.98899 3.07773
4.10760 4.10760 4.10760 4.09489 3.77140 3.47836 3.34226 3.32894 3.29676 3.38657 3.49856 3.61057 3.66092 3.65748 3.65721 3.59009 3.48926 3.46477 3.46477 3.53023 3.56868 3.56868 3.56868 3.56868 3.56868 3.49119 3.41746 3.41746 3.42763 3.43342 3.48117 3.53740 3.66231 3.64603 3.66605 3.63205 3.69278 3.70370 3.37896 3.32845 3.35297 3.37594 3.39788 3.49401 3.55400 3.56360 3.57033 3.57207 3.57182 3.56454 3.55378 3.59933 3.63128 3.67592 3.68025 3.68458 3.69002 3.68707 3.58066 3.57411 3.35131 3.32131 3.18187 3.22842 3.27489 3.31450 3.35109
4.11090 4.11870 4.12651 4.13433 3.87982 3.71327 3.59129 3.67301 3.66847 3.65721 3.65721 3.65721 3.65721 3.65721 3.65721 3.61672 3.52338 3.46477 3.46477 3.50448 3.56868 3.56868 3.56868 3.56868 3.56932 3.52964 3.41849 3.41722 3.41326 3.39665 3.43711 3.48905 3.72439 3.64720 3.63685 3.57126 3.57657 3.64071 3.45540 3.32116 3.32283 3.32451 3.32594 3.37541 3.43303 3.40903 3.38791 3.37178 3.35571 3.33965 3.38875 3.57122 3.62873 3.76758 3.76968 3.77179 3.77276 3.78026 3.75620 3.78853 3.62946 3.54699 3.43828 3.39235 3.35940 3.32875 3.30611
4.19186 4.37936 4.57335 4.76718 4.56224 4.16961 3.79245 3.77579 3.69091 3.67496 3.67342 3.67188 3.67036 3.66883 3.66727 3.65185 3.56434 3.47024 3.46867 3.48110 3.56950 3.56797 3.56642 3.56490 3.56271 3.55476 3.41204 3.40005 3.35196 3.19192 3.21756 3.38795 3.63711 3.59887 3.62891 3.61189 3.60333 3.75793 3.63773 3.40089 3.39965 3.39840 3.39696 3.37797 3.32870 3.32870 3.32870 3.32870 3.32870 3.32870 3.35560 3.56947 3.62031 3.82443 3.91461 4.05730 4.19986 4.33501 4.26312 4.11270 4.01809 3.64409 3.40576 3.36735 3.36735 3.36735 3.36735
4.88136 4.89537 4.89537 4.89537 4.72071 4.28401 3.81740 3.80989 3.67831 3.64766 3.64756 3.64756 3.64756 3.64756 3.64756 3.64756 3.57596 3.47387 3.45511 3.45513 3.54719 3.55902 3.55858 3.55469 3.54965 3.54401 3.56128 3.60802 3.64010 3.49228 3.52222 3.65327 3.86841 3.85788 3.81763 3.79349 3.74400 3.83271 3.71280 3.40779 3.37840 3.37840 3.38206 3.39417 3.36119 3.36978 3.38238 3.39496 3.40756 3.42015 3.46365 3.80947 3.99724 4.30717 4.42362 4.42362 4.42362 4.42362 4.39995 4.15543 4.15407 3.72729 3.42977 3.36735 3.36735 3.36735 3.36735
4.71781 4.89537 4.89537 4.89537 4.87480 4.32242 3.88644 3.81077 3.70987 3.65517 3.64756 3.64756 3.64756 3.64756 3.64756 3.64756 3.60257 3.50793 3.45400 3.44529 3.50778 3.54382 3.53856 3.54666 3.55941 3.57216 3.66738 3.72700 3.72700 3.57506 3.53184 3.61191 3.79661 3.92787 3.83071 3.83807 3.79602 3.86051 3.83203 3.57632 3.46770 3.48027 3.48921 3.48957 3.45506 3.43986 3.45039 3.53929 3.64473 3.75021 3.82631 3.99710 4.15067 4.28743 4.43008 4.44830 4.46678 4.48526 4.49943 4.27691 4.20788 3.89836 3.49413 3.38420 3.42501 3.46594 3.50687
4.55386 4.97059 4.98995 5.00937 5.02872 4.55272 4.08896 3.92568 3.84491 3.70267 3.64756 3.64756 3.64756 3.64756 3.64516 3.62103 3.56860 3.44695 3.40971 3.41715 3.48051 3.57248 3.58490 3.58851 3.58851 3.59602 3.66380 3.76539 3.78166 3.68799 3.61904 3.66437 3.83295 4.13370 3.93183 3.93147 3.89865 3.90260 3.93802 3.70481 3.48957 3.48957 3.49082 3.55715 3.63948 3.71842 3.81334 3.82998 3.82998 3.82998 3.83792 3.94983 4.18941 4.27737 4.50012 4.50037 4.50037 4.51225 4.55201 4.46397 4.34138 4.23621 3.82869 3.60975 3.60698 3.60698 3.60698
4.48617 5.09847 5.09847 5.09847 5.09847 4.74049 4.21396 3.93262 3.88039 3.73183 3.64610 3.62385 3.59205 3.55650 3.52165 3.55373 3.60850 3.49012 3.51219 3.55199 3.60214 3.68519 3.70553 3.72591 3.74623 3.75907 3.76964 3.86336 3.86361 3.79575 3.66845 3.66890 3.77811 4.16045 3.97316 3.93147 3.90825 3.89222 3.97356 3.82455 3.64712 3.73630 3.84057 3.87968 3.86783 3.83014 3.84040 3.85657 3.87273 3.88890 3.89713 3.95811 4.25405 4.35976 4.62181 4.66885 4.70978 4.73885 4.74000 4.70457 4.44839 4.42167 3.96894 3.63215 3.60698 3.60698 3.60698
4.31018 5.09847 5.09847 5.09847 5.09847 4.91060 4.32928 3.92275 3.89272 3.71696 3.57928 3.64237 3.73414 3.82589 3.91608 3.96853 4.00495 3.86192 3.75042 3.75042 3.75042 3.75833 3.75927 3.75927 3.75927 3.75927 3.75927 3.85047 3.86361 3.83777 3.66845 3.66845 3.73647 4.08201 4.04833 3.95209 4.06386 4.17885 4.34800 4.23770 3.98182 3.88040 3.89259 3.90876 3.92324 3.89356 3.94188 4.00651 4.07141 4.13608 4.20072 4.27467 4.51459 4.58162 4.68646 4.72575 4.72016 4.71458 4.70903 4.70344 4.46473 4.38612 4.05620 3.59517 3.55645 3.59307 3.63189
4.18492 5.04135 5.09920 5.15110 5.24681 5.33342 4.79093 4.15354 4.23158 4.06941 4.01065 4.02106 4.02106 4.02106 4.02106 4.02106 4.02106 3.94682 3.75042 3.75042 3.75042 3.75613 3.75927 3.75927 3.75927 3.75927 3.75927 3.82894 3.86361 3.86334 3.68494 3.66845 3.71489 4.18025 4.46091 4.47374 4.49586 4.47097 4.48285 4.35895 4.17247 4.10730 4.18436 4.25722 4.33007 4.36306 4.38152 4.38952 4.38851 4.38483 4.38112 4.37742 4.31542 4.39780 4.42954 4.46622 4.44860 4.43088 4.41327 4.39563 4.24276 4.07381 3.93279 3.63539 3.60420 3.59120 3.57290
4.13642 4.95470 5.49262 5.60792 5.71851 5.82911 5.33737 4.59482 4.49770 4.29841 4.18321 4.17709 4.18903 4.20133 4.23587 4.28321 4.33011 4.37175 4.17065 4.20125 4.24868 4.29925 4.35197 4.39899 4.44640 4.49330 4.54054 4.56060 4.56417 4.60186 4.34889 4.24753 4.26662 4.65598 4.82595 4.73391 4.76944 4.79725 4.85447 4.98276 4.78644 4.62033 4.64016 4.66453 4.68879 4.47604 4.26900 4.25724 4.25454 4.25454 4.25454 4.25454 4.17952 4.28730 4.30750 4.36965 4.36569 4.41103 4.47422 4.53740 4.50028 3.99769 3.95458 3.65575 3.49270 3.48642 3.48636
4.29158 4.97762 5.83441 5.86674 5.85074 5.83560 5.48504 4.98694 4.86447 4.84234 4.89168 4.99524 5.03048 5.06540 5.07778 5.07778 5.07778 5.07778 4.90273 4.80714 4.80714 4.80853 4.81600 4.81600 4.81600 4.81600 4.81600 4.81239 4.88719 4.93628 4.80344 4.66872 4.73974 4.98601 5.33816 5.25571 5.15724 5.13668 5.12360 5.25004 4.98108 4.81537 4.75937 4.75937 4.75937 4.59429 4.25934 4.26958 4.27984 4.29009 4.30034 4.31059 4.25919 4.26569 4.32800 4.48095 4.55031 4.56819 4.56819 4.56819 4.56819 4.07767 3.96163 3.77743 3.48721 3.48636 3.48636
4.62095 4.90031 5.73796 5.73796 5.73796 5.73796 5.59026 5.07592 4.88723 4.89869 4.96618 5.07778 5.07778 5.07778 5.07778 5.07778 5.07778 5.07778 4.98760 4.80714 4.80714 4.80715 4.81508 4.81954 4.86708 4.92302 4.96594 5.00481 5.23860 5.26408 5.16435 4.90342 4.90342 4.96286 5.35829 5.32874 5.15728 5.15343 5.13870 5.23113 5.09389 4.92361 4.81359 4.82385 4.83409 4.79417 4.34518 4.34498 4.34498 4.35964 4.41800 4.47942 4.50584 4.45262 4.45817 4.54057 4.56819 4.56342 4.55422 4.54501 4.53581 4.23358 3.94035 3.85410 3.55479 3.48636 3.46998
