High_resolution/powerplant/Shangrao/OMI_NO2_200611.asc
ncols      200
nrows      200
xllcorner       115.451
yllcorner       27.0350
cellsize     0.0166667
NODATA_Value      -999.000
[rows 58 to 86 of 165, columns 67 to 133 of 200]
2.95455 2.73347 2.33765 2.34723 2.34723 2.34723 2.48051 2.52193 2.52193 2.52193 2.51730 2.50277 2.45568 2.11452 2.12075 2.12903 2.23354 2.38390 2.43156 2.55068 2.59610 2.65777 2.68170 2.68740 2.69298 2.69844 3.07761 3.37849 3.43436 3.42999 3.42560 3.42159 3.42414 3.43032 3.43626 3.44244 3.39621 3.48325 3.62366 3.63088 3.63088 3.30524 3.06162 3.05473 3.08607 3.12987 3.23753 3.36772 3.49917 3.63280 3.70196 2.96353 1.97152 1.97152 1.97152 1.97152 1.88416 1.82231 1.82077 1.59844 1.58395 1.58395 1.58395 1.53858 1.35660 1.35660 1.35743
2.89723 2.82701 2.14522 2.11013 2.08532 2.06032 2.12426 2.18531 2.16048 2.13565 2.11530 2.10129 2.16422 2.34374 2.49306 2.63496 2.68097 2.68088 2.69056 2.70373 2.70373 2.73530 2.76689 2.76689 2.76689 2.76689 2.97407 3.34944 3.45742 3.45742 3.45742 3.45742 3.45742 3.45742 3.45742 3.45439 3.45270 3.62718 3.90901 4.02913 4.13532 3.94881 3.41250 3.54962 3.64862 3.73503 3.75765 3.75765 3.75765 3.75765 3.75765 3.47866 1.97152 1.97152 1.97152 1.97152 1.92322 1.82231 1.82231 1.64795 1.58395 1.58395 1.58395 1.57508 1.35924 1.35660 1.35660
2.61227 2.60048 2.05545 1.87054 1.87054 1.87054 1.91479 2.04524 2.09552 2.24911 2.40586 2.56176 2.64064 2.66754 2.68088 2.68088 2.68088 2.68088 2.68552 2.70373 2.70373 2.71936 2.76689 2.76689 2.76689 2.76689 2.83245 3.30373 3.42605 3.38916 3.38624 3.39575 3.40529 3.41487 3.42435 3.43691 3.54648 4.14966 4.41930 4.53025 4.62055 4.64967 3.77133 3.75765 3.75765 3.75765 3.75765 3.75765 3.75765 3.75765 3.75765 3.75699 2.20066 1.97152 1.97152 1.97152 1.96093 1.82367 1.82231 1.69905 1.58395 1.58395 1.58395 1.58395 1.40038 1.35660 1.35660
2.60240 2.59767 2.28719 1.87054 1.90013 2.04523 2.20740 2.52779 2.63998 2.64308 2.64308 2.64288 2.64065 2.65927 2.68088 2.68088 2.68088 2.68088 2.68132 2.70288 2.69519 2.66337 2.66416 2.61827 2.56537 2.51098 2.45666 3.06798 3.33784 3.43828 3.45070 3.45070 3.45070 3.45077 3.49933 3.58965 3.68027 4.37460 4.68486 4.73718 4.73718 4.73718 3.97174 3.75765 3.75765 3.75765 3.75765 3.75765 3.75765 3.75765 3.75765 3.75765 2.70695 1.97152 1.97152 1.97152 1.97152 1.85213 1.82231 1.75007 1.58395 1.58395 1.58395 1.58395 1.47250 1.53825 1.71617
2.68280 2.57491 2.49006 2.32967 2.45672 2.46838 2.46838 2.59827 2.64308 2.64308 2.64308 2.64308 2.64105 2.63138 2.62597 2.59075 2.55543 2.51927 2.47607 2.44891 2.41840 2.40744 2.37996 2.36533 2.36382 2.36382 2.36382 2.90997 3.35135 3.45070 3.49184 3.58211 3.67230 3.76250 3.80413 3.80413 3.80413 4.24161 4.63626 4.73386 4.73718 4.73718 4.23106 3.75765 3.75765 3.75765 3.75765 3.75765 3.75765 3.75765 3.75765 3.75765 3.21443 1.97152 1.97152 1.97152 1.97152 1.89120 1.82231 1.80086 1.60618 1.73450 1.87688 2.01922 2.10794 2.06040 2.03555
2.70117 2.49986 2.49986 2.47499 2.46838 2.46812 2.46484 2.51856 2.54023 2.50494 2.46972 2.43689 2.40343 2.36504 2.39350 2.38441 2.37508 2.36678 2.36537 2.37772 2.38822 2.38822 2.37614 2.36382 2.36382 2.36382 2.34800 2.59855 3.20379 3.74575 3.80403 3.80413 3.80413 3.80413 3.80413 3.80413 3.80413 4.07357 4.59116 4.72714 4.73718 4.73718 4.49064 3.75765 3.75765 3.75765 3.75765 3.75765 3.75765 3.75765 3.75765 3.75765 3.63327 2.05931 1.97152 1.96637 1.98225 2.06248 2.08252 2.19651 2.15728 2.14672 2.13408 2.12094 2.08170 1.99167 1.98997
2.79668 2.48747 2.48333 2.46434 2.44357 2.44068 2.45850 2.47077 2.45373 2.47894 2.50419 2.52698 2.47541 2.32513 2.35913 2.36537 2.36537 2.36537 2.36537 2.37267 2.38822 2.38822 2.37310 2.30866 2.25877 2.20886 2.17479 2.23682 3.08970 3.62916 3.80413 3.80413 3.80413 3.80413 3.80413 3.80413 3.80413 3.91013 4.56479 4.73045 4.70435 4.69516 4.65974 3.73656 3.68819 3.67905 3.66983 3.66072 3.65002 3.63575 3.62126 3.60654 3.55956 2.28454 2.02821 2.13950 2.22382 2.19580 2.02203 2.00348 2.03861 2.04990 2.03588 2.02243 2.01099 2.00335 2.00418
2.90008 2.51110 2.53636 2.55690 2.55536 2.57962 2.58616 2.58489 2.53318 2.53088 2.53088 2.53088 2.52391 2.33199 2.35086 2.36537 2.36537 2.36537 2.36374 2.33227 2.31085 2.27219 2.25290 2.24877 2.27066 2.29322 2.31607 2.33861 3.09357 3.61699 4.03715 4.05974 4.08244 4.10513 4.12783 4.15052 4.17312 4.19237 4.81220 4.71571 4.42753 4.42219 4.41684 3.70439 3.42664 3.41797 3.39475 3.36635 3.31894 3.19632 3.06168 2.92732 2.82420 2.29746 2.00458 1.99814 1.99778 1.99778 1.87996 1.84173 1.87490 1.91599 1.91599 1.91599 1.91599 1.98786 2.00418
3.12235 2.67638 2.64195 2.64471 2.62132 2.61877 2.62186 2.63221 2.60527 2.60356 2.61689 2.63019 2.64354 2.50633 2.53782 2.62134 2.58984 2.55820 2.52837 2.53043 2.63107 2.65545 2.65614 2.63802 2.63173 2.63173 2.63173 2.63173 3.11758 3.64390 4.26055 4.26210 4.26210 4.26210 4.26210 4.26210 4.26210 4.26210 4.70528 4.72885 4.26196 4.16041 4.06531 3.64887 3.23461 3.11989 3.00311 2.89147 2.80041 2.78819 2.78819 2.78819 2.78819 2.47690 1.99918 1.99778 1.99778 1.99778 1.92057 1.84173 1.85903 1.91599 1.91599 1.91599 1.91599 1.96859 2.00418
3.17425 2.89494 2.79113 2.80168 2.79620 2.79130 2.80154 2.80453 2.77830 2.74925 2.74923 2.72268 2.67281 2.52776 2.41261 2.54819 2.54819 2.54819 2.54819 2.54819 2.61923 2.65614 2.65614 2.64412 2.63173 2.63173 2.63173 2.63173 2.87083 3.55768 4.12453 4.26851 4.30647 4.29866 4.25640 4.21402 4.17176 4.12948 4.20634 4.20609 3.84012 3.68491 3.57992 3.36353 2.80481 2.78819 2.78819 2.78819 2.78819 2.78819 2.78819 2.78819 2.78819 2.66438 2.00841 1.99778 1.99778 1.99778 1.96121 1.84173 1.84447 1.91463 1.91599 1.91599 1.91599 1.95100 2.00418
3.17646 3.01326 2.83600 2.83600 2.83002 2.80453 2.80453 2.78687 2.72538 2.63244 2.58253 2.55919 2.55919 2.51938 2.36053 2.54488 2.54819 2.54819 2.54819 2.54819 2.59554 2.65614 2.65614 2.65101 2.66151 2.70422 2.74683 2.78709 2.85354 3.54352 3.86296 4.17406 4.09380 4.05927 4.05927 4.05927 4.05524 3.97790 3.91519 3.95095 3.53758 3.36337 3.36337 3.35915 2.83248 2.78819 2.78819 2.78819 2.78819 2.78819 2.78819 2.78819 2.78819 2.78577 2.08379 1.99778 1.99778 1.99778 1.99455 1.84905 1.84173 1.90146 1.91599 1.91599 1.91599 1.93486 2.00418
3.17646 3.08931 2.83600 2.82567 2.77328 2.69937 2.64735 2.61510 2.61351 2.56195 2.55919 2.55919 2.55919 2.55787 2.37035 2.51160 2.55435 2.58753 2.62396 2.66033 2.72028 2.83839 2.87138 2.90449 2.94427 2.94195 2.93856 2.93759 2.93759 3.24044 3.47715 4.05927 4.05721 3.98637 3.88139 3.77644 3.67548 3.64788 3.64845 3.84244 3.59623 3.36337 3.36337 3.36337 2.97991 2.78819 2.78819 2.78819 2.78819 2.78819 2.78819 2.78819 2.78819 2.78819 2.27776 1.99824 1.99778 1.99778 1.99778 1.88643 1.84173 1.88559 1.91599 1.89124 1.81354 1.73641 1.67765
3.13033 3.05767 2.68100 2.62972 2.62525 2.61931 2.61447 2.61447 2.61447 2.58829 2.61264 2.64907 2.68545 2.72185 2.62325 2.70401 2.80771 2.80742 2.80393 2.80044 2.79999 2.90107 2.90406 2.90406 2.92887 2.93759 2.93759 2.93759 2.93763 3.14840 3.40860 3.74860 3.68194 3.64788 3.64788 3.64788 3.64788 3.64788 3.64788 3.81235 3.67719 3.36337 3.36337 3.36337 3.13143 2.78819 2.78819 2.78819 2.78819 2.78819 2.78819 2.78819 2.78819 2.78819 2.46662 2.00612 1.99778 1.99778 1.99778 1.90018 1.73693 1.68664 1.64611 1.58664 1.58010 1.57533 1.57205
2.96571 2.96564 2.67913 2.59530 2.57640 2.55501 2.52785 2.50894 2.48963 2.60748 2.74290 2.69070 2.63853 2.58632 2.56527 2.67882 2.79611 2.79611 2.79611 2.79611 2.79611 2.88027 2.90406 2.90406 2.92045 2.95050 2.98464 3.01912 3.05355 3.14962 3.48627 3.57417 3.64788 3.64788 3.64788 3.64788 3.64788 3.64788 3.64788 3.75833 3.75750 3.38766 3.36337 3.36625 3.29140 2.80209 2.80756 2.81309 2.81857 2.82408 2.82959 2.83505 2.84060 2.84608 2.71631 2.06714 1.99840 1.94883 1.89856 1.83122 1.62124 1.62273 1.57908 1.59204 1.60501 1.61798 1.64947
2.85776 2.83894 2.63156 2.46504 2.41284 2.36057 2.29873 2.24551 2.19380 2.24704 2.52241 2.52241 2.52241 2.52241 2.53187 2.63839 2.79611 2.79611 2.79611 2.79611 2.79611 2.86447 2.94463 2.97910 3.02161 3.06870 3.06972 3.07410 3.07910 3.08679 3.47291 3.54821 3.67773 3.68259 3.68759 3.69248 3.69746 3.70239 3.70732 3.75536 3.80817 3.50550 3.43211 3.43331 3.43184 2.92662 2.85393 2.85253 2.85241 2.86981 2.89239 2.87949 2.80787 2.73417 2.65579 2.04271 1.97039 1.98333 1.99692 2.00156 1.69846 1.67298 1.61038 1.60652 1.60652 1.60652 1.63583
2.65638 2.60456 2.42958 2.18648 2.18710 2.18771 2.18191 2.17816 2.17878 2.18413 2.50871 2.52890 2.52990 2.53116 2.53242 2.60447 2.87841 2.89930 2.93480 2.97487 3.01490 3.08191 3.15566 3.16060 3.16643 3.20277 3.20829 3.20879 3.20879 3.20879 3.48443 3.62740 3.77266 3.78765 3.78765 3.78765 3.78765 3.78765 3.78765 3.78833 3.86200 3.54789 3.41891 3.43294 3.44258 3.09062 2.86555 2.85175 2.78207 2.69089 2.59460 2.53383 2.53168 2.53168 2.53168 2.20691 2.01360 2.00400 2.00400 2.00400 1.78218 1.67347 1.62415 1.60652 1.60652 1.60652 1.62266
2.50503 2.48087 2.42253 2.20341 2.20405 2.20470 2.20237 2.19521 2.19585 2.19650 2.44267 2.54606 2.54632 2.54787 2.57392 2.65447 2.97038 3.07190 3.07641 3.07641 3.07641 3.08835 3.17526 3.17526 3.17526 3.20001 3.20879 3.20879 3.20879 3.20879 3.37326 3.62605 3.72324 3.78765 3.78765 3.78660 3.79611 3.82384 3.85183 3.87979 3.92196 3.63090 3.44038 3.42208 3.35185 3.06342 2.59405 2.53550 2.53168 2.53168 2.53168 2.53168 2.53168 2.53168 2.53168 2.32276 2.03068 2.00400 2.00400 2.00400 1.86835 1.67347 1.63836 1.60652 1.60652 1.60652 1.61069
2.35415 2.31611 2.31593 2.21810 2.20883 2.20883 2.20860 2.19874 2.19805 2.19827 2.37689 2.60190 2.63639 2.66931 2.67775 2.70271 2.93946 3.07641 3.07641 3.07641 3.07641 3.07644 3.16546 3.17526 3.17526 3.19161 3.20879 3.20829 3.20633 3.20424 3.24665 3.66538 3.73976 3.88294 3.91090 3.93995 3.95840 3.95862 3.95862 3.94819 3.90819 3.53608 3.20622 3.14302 3.13701 3.08116 2.53373 2.53168 2.53168 2.53168 2.53168 2.53168 2.53168 2.53168 2.53168 2.43853 2.04774 2.00400 2.00400 2.00400 1.95456 1.67347 1.65258 1.60652 1.60652 1.60652 1.60652
2.38655 2.31611 2.31611 2.24191 2.20883 2.20883 2.21306 2.23811 2.28162 2.31589 2.39944 2.67775 2.67775 2.67775 2.67775 2.68266 2.87260 3.07641 3.07641 3.07619 3.06261 3.04107 3.08696 3.09688 3.06536 3.05896 3.14926 3.13015 3.11248 3.09486 3.08706 3.69950 3.80138 3.94991 3.95862 3.95109 3.88665 3.81041 3.73419 3.66838 3.68011 3.46405 3.17645 3.13701 3.13701 3.13701 2.63626 2.53168 2.53168 2.53168 2.53168 2.53168 2.53168 2.53168 2.53168 2.52639 2.08695 2.00992 2.00400 2.00400 2.00377 1.71046 1.66682 1.60652 1.60652 1.60652 1.58569
2.41897 2.31611 2.31802 2.27769 2.23132 2.24205 2.24854 2.27453 2.32948 2.32948 2.33338 2.65605 2.67478 2.65571 2.63420 2.61270 2.70398 2.96830 2.93660 2.89766 2.87228 2.85461 2.88262 2.91819 2.91056 2.91502 3.08038 3.08706 3.08706 3.08706 3.08706 3.51052 3.77655 3.79633 3.74023 3.67152 3.65974 3.65974 3.65974 3.65974 3.66023 3.52864 3.23572 3.13701 3.13701 3.13701 2.79479 2.53168 2.53168 2.53168 2.53168 2.53168 2.53168 2.53168 2.53168 2.53168 2.19770 2.02677 2.00400 2.00400 2.00400 1.79634 1.65293 1.54776 1.49058 1.49462 1.56700
2.45531 2.36165 2.35502 2.32971 2.24861 2.25106 2.26100 2.27480 2.35972 2.37328 2.38373 2.49636 2.55026 2.60970 2.67152 2.73337 2.65665 2.80200 2.81171 2.81171 2.81171 2.81171 2.83565 2.91056 2.91056 2.91056 3.04034 3.08684 3.07122 3.04622 3.02121 3.23431 3.70163 3.68710 3.65974 3.65974 3.65974 3.65974 3.65974 3.65974 3.65974 3.57379 3.29498 3.13701 3.13701 3.13701 2.95320 2.53168 2.53181 2.53721 2.54541 2.55356 2.56170 2.56992 2.57804 2.58623 2.37627 2.11465 2.07234 2.05829 2.04234 1.98958 2.05503 1.87041 1.80833 1.83550 1.82377
2.49977 2.43824 2.40087 2.40716 2.31653 2.32254 2.34361 2.40441 2.52165 2.60895 2.67080 2.78354 2.88070 2.88070 2.88070 2.88070 2.78549 2.73133 2.81171 2.81171 2.81171 2.81171 2.81565 2.90886 2.89933 2.87435 2.93495 3.00107 2.99167 2.99167 2.99167 3.04605 3.69710 3.70228 3.66574 3.65842 3.64848 3.63895 3.62908 3.61948 3.60963 3.57285 3.38497 3.23255 3.24006 3.24765 3.22066 2.66648 2.66480 2.66689 2.66627 2.66564 2.66264 2.65764 2.64015 2.60073 2.46409 2.10376 2.03636 2.03181 2.03187 2.06309 2.31999 2.07834 1.79449 1.79371 1.79293
2.55535 2.55326 2.56414 2.62603 2.60235 2.64245 2.68369 2.68478 2.71611 2.77321 2.77945 2.80756 2.90709 2.91336 2.91961 2.92594 2.92327 2.64116 2.64998 2.62755 2.59813 2.55132 2.50424 2.59993 2.61674 2.60684 2.63871 2.76393 2.75422 2.74452 2.73476 2.72513 3.28569 3.41252 3.37043 3.35568 3.35568 3.35568 3.35568 3.35568 3.35568 3.37442 3.42316 3.26603 3.26051 3.25457 3.18961 2.72532 2.60503 2.58298 2.55346 2.51373 2.47620 2.44067 2.41771 2.41659 2.41069 2.10542 2.05217 2.02765 2.02765 2.02765 2.27179 2.18688 1.79161 1.79161 1.79161
2.79892 2.81341 2.90233 2.90115 2.83490 2.78603 2.78207 2.77821 2.77825 2.84212 2.83342 2.82412 2.91979 2.91786 2.90767 2.89746 2.88308 2.52303 2.27201 2.24699 2.22927 2.22857 2.22857 2.39317 2.51111 2.51111 2.51538 2.68051 2.68761 2.68761 2.68761 2.68761 3.07099 3.39757 3.38042 3.35568 3.35568 3.35568 3.35831 3.36494 3.31934 3.26865 3.13904 2.89913 2.76817 2.68112 2.64695 2.54255 2.44490 2.42703 2.41665 2.41659 2.41659 2.41659 2.41659 2.41659 2.41659 2.17938 2.07127 2.02765 2.02765 2.02765 2.19670 2.29218 1.79836 1.79161 1.79161
2.71532 2.70290 2.76180 2.77685 2.74539 2.68696 2.68696 2.68696 2.68696 2.74626 2.76783 2.76783 2.84441 2.86057 2.83556 2.81056 2.78972 2.59380 2.22857 2.22857 2.22857 2.22857 2.22857 2.33079 2.51111 2.51111 2.51111 2.64039 2.68761 2.68761 2.68800 2.70396 2.92360 3.43651 3.38207 3.29325 3.24172 3.19022 3.13623 3.07815 3.07239 3.07239 2.89552 2.70341 2.61161 2.59374 2.58208 2.53994 2.41659 2.41659 2.41659 2.41659 2.41659 2.41659 2.41659 2.41659 2.41659 2.25930 2.08707 2.02912 2.02765 2.02765 2.12160 2.31600 1.88676 1.79161 1.79161
2.68672 2.68672 2.73338 2.77685 2.76536 2.68696 2.68696 2.68696 2.68683 2.70995 2.72515 2.70013 2.72640 2.78749 2.78749 2.78749 2.78749 2.71999 2.24150 2.22857 2.22857 2.22857 2.22857 2.27128 2.52489 2.53636 2.54783 2.70633 2.94542 3.06260 3.17948 3.28056 3.36700 3.12456 3.11428 3.08139 3.07239 3.07239 3.06841 3.05154 3.03366 3.01579 2.89191 2.69172 2.58183 2.58183 2.58183 2.57717 2.42289 2.41659 2.41659 2.41659 2.41659 2.41659 2.41659 2.41659 2.41659 2.33911 2.09037 2.04690 2.02765 2.02765 2.04882 2.31370 1.99879 1.79161 1.79161
2.68672 2.68672 2.70898 2.77685 2.77680 2.69250 2.67651 2.66903 2.66167 2.66058 2.67237 2.67244 2.69266 2.78749 2.78749 2.78753 2.79408 2.80446 2.34381 2.26955 2.28102 2.33254 2.43711 2.53963 2.89230 3.00842 3.10180 3.22380 3.43662 3.43662 3.43662 3.43662 3.43662 3.19621 3.12815 3.13551 3.03513 3.01727 3.00339 3.00240 3.00240 3.00240 2.95215 2.72766 2.58183 2.58183 2.58183 2.58183 2.46176 2.41659 2.41659 2.41659 2.41659 2.41659 2.41659 2.41659 2.41659 2.40779 2.10160 2.06672 2.02765 2.02765 2.02765 2.25979 2.11404 1.88038 1.98834
2.68672 2.68533 2.68049 2.75685 2.75358 2.68770 2.65918 2.65918 2.65912 2.65813 2.66718 2.66873 2.66792 2.82756 2.85567 2.88511 2.93797 2.98641 2.79846 2.73062 2.82388 2.87709 2.87731 2.87731 3.07501 3.15985 3.15985 3.16655 3.42577 3.43662 3.44282 3.51518 3.60538 3.54060 3.44959 3.38525 3.00240 3.00240 3.00240 3.00240 3.00240 3.00240 2.99829 2.76234 2.59777 2.58183 2.58183 2.58183 2.50533 2.41659 2.41659 2.41659 2.41659 2.41659 2.41619 2.40612 2.39231 2.37816 2.12039 2.01606 1.93195 1.99875 2.10194 2.30657 2.39250 2.21824 2.21392
2.66560 2.65940 2.65774 2.71998 2.74520 2.70251 2.65265 2.65132 2.65004 2.66166 2.71413 2.76961 2.81805 3.00654 3.12397 3.15437 3.15482 3.15482 3.06251 2.87731 2.87731 2.87731 2.87731 2.87731 3.01271 3.15985 3.16144 3.22182 3.51552 3.67902 3.76305 3.78088 3.78088 3.71124 3.45854 3.45854 3.07117 3.00199 2.99639 2.98915 2.98193 2.97474 2.96751 2.77880 2.55185 2.46783 2.45672 2.44561 2.40157 2.25830 2.24716 2.23618 2.22494 2.21388 2.20330 2.20837 2.23110 2.25912 2.12241 1.97728 2.19724 2.27593 2.27284 2.28415 2.32238 2.22589 2.21669
