High_resolution/powerplant/Shangrao/OMI_NO2_200803.asc
ncols      200
nrows      200
xllcorner       115.451
yllcorner       27.0350
cellsize     0.0166667
NODATA_Value      -999.000
[rows 145 to 173 of 175, columns 67 to 133 of 200]
2.22824 2.22824 2.22824 2.23189 2.42543 2.42186 2.38730 2.34543 1.90053 1.78936 2.06467 1.87408 1.49799 1.49799 1.49799 1.49799 1.49799 1.49799 1.49799 1.49799 1.49799 1.49799 1.55968 1.73130 1.73130 1.74514 2.24209 2.32405 2.39559 2.46735 2.34023 2.35604 2.42768 2.49901 2.52854 2.52854 2.47687 2.11638 1.72178 1.64953 1.99748 1.89316 1.57922 1.54566 1.53788 1.52953 1.52032 1.52135 1.59577 1.85857 2.34386 2.33967 1.75333 1.58501 1.40675 1.18606 1.18397 1.18188 1.17978 1.18608 1.18518 1.18309 1.18098 1.17889 1.17386 0.988706 0.983823
2.22329 2.19105 2.15178 2.10870 2.21341 2.23325 2.23242 2.23242 1.91390 1.76573 1.94592 2.04085 1.49799 1.49799 1.49799 1.49799 1.49799 1.49799 1.49799 1.50118 1.51465 1.53104 1.56293 2.18555 2.30739 2.41502 2.71145 2.78320 2.78320 2.77669 2.56768 2.38762 2.31334 2.14803 1.99643 1.87014 1.78505 1.66224 1.38682 1.44071 1.80509 1.97658 2.70117 2.01373 1.94708 1.97055 1.99384 2.01123 2.01219 2.02752 2.28265 2.28488 1.87658 1.55407 1.48270 1.16706 1.16706 1.16861 1.19929 1.24666 1.29191 1.33288 1.34034 1.33010 1.32108 1.28974 1.30694
2.03225 2.02653 2.02653 2.02653 2.13025 2.23242 2.23242 2.23242 2.02969 1.76573 1.84740 2.20324 1.50650 1.51594 1.53254 1.55222 1.57589 1.59954 1.61513 1.62371 1.57054 1.45524 1.35767 2.03427 2.08576 2.01183 2.08005 2.18176 2.12025 1.99661 1.90852 1.86588 1.80762 1.84568 1.89885 1.95203 2.00520 2.03434 1.73075 1.72616 1.92705 2.15132 2.57245 2.40342 2.01219 2.01219 2.01219 2.01219 2.01219 2.01219 2.23930 2.28488 2.07279 1.55407 1.55309 1.50090 1.54659 1.58657 1.56468 1.50609 1.45682 1.40816 1.39186 1.39186 1.39186 1.38135 1.35965
2.06098 2.06974 2.07877 2.08725 2.11583 2.14306 2.06872 1.99314 1.85642 1.54086 1.49985 1.92356 1.37596 1.24969 1.17756 1.11606 1.06286 1.02039 0.991615 0.966400 0.950144 0.949537 0.949537 1.44947 1.75724 1.70848 1.63858 1.83479 1.80982 1.83995 1.90061 2.00573 2.05037 2.05545 2.05545 2.05545 2.05545 2.05545 1.80336 1.72616 1.80674 2.15132 2.36689 2.71381 2.01219 2.01219 2.01219 2.01219 2.01219 2.01219 2.18049 2.28488 2.26576 1.57728 1.52547 1.49633 1.45753 1.40780 1.38419 1.38473 1.39576 1.42970 1.46948 1.50933 1.54911 1.58754 1.60862
1.71081 1.63520 1.55862 1.47986 1.43251 1.40846 1.40338 1.39906 1.39294 1.05486 1.00921 0.955694 0.945889 0.949537 0.949537 0.949537 0.949537 0.949537 0.949537 0.949537 0.949537 0.935548 0.882514 1.07971 1.46951 1.43074 1.42288 1.91233 1.99602 1.99602 1.99605 2.04994 2.05545 2.05545 2.05545 2.05545 2.05545 2.05545 1.88985 1.72616 1.72986 2.10682 2.19785 3.01275 2.01467 2.01219 2.01219 2.01219 2.01219 2.01219 2.08022 2.05761 1.90326 1.47542 1.39540 1.47297 1.54102 1.58090 1.62065 1.66052 1.70250 1.73413 1.78342 1.83272 1.88199 1.93129 1.94663
1.39145 1.38713 1.38395 1.38379 1.38379 1.38379 1.38379 1.38379 1.38379 1.16050 1.00576 0.971266 0.943725 0.949537 0.949537 0.949537 0.949537 0.944720 0.896744 0.848966 0.810407 0.785018 0.783246 0.821262 1.42084 1.43059 1.43059 1.76550 1.99602 1.99602 1.99602 2.03701 2.05545 2.05545 2.05545 2.05545 2.05545 2.05545 1.96737 1.72616 1.72616 1.96204 2.15132 2.90850 2.20645 2.02169 2.01841 1.90321 1.79987 1.72061 1.70145 1.83154 1.84551 1.77464 1.69651 1.69805 1.70044 1.69716 1.69387 1.69057 1.82441 1.97259 1.97259 1.97259 1.96920 1.95490 1.92738
1.38379 1.38379 1.38379 1.38379 1.38379 1.38379 1.38379 1.38379 1.38379 1.25643 1.00576 0.986845 0.941561 0.949537 0.935548 0.861040 0.820241 0.789033 0.783246 0.783246 0.783246 0.783246 0.783246 0.783246 1.31604 1.43059 1.43059 1.60192 1.99602 1.99602 1.99602 2.02402 2.05545 2.05545 2.05545 2.05545 2.05545 2.05050 2.00627 1.76401 1.77946 1.89512 2.17206 2.43223 2.18116 1.79716 1.72280 1.71184 1.71184 1.71184 1.71350 1.83869 1.84051 1.79784 1.65532 1.62245 1.61722 1.59569 1.57416 1.56468 1.68153 1.86091 1.84932 1.83807 1.82951 1.82890 1.82585
1.38379 1.38379 1.38379 1.38379 1.38379 1.38379 1.38379 1.38379 1.38379 1.33482 1.00576 1.00177 0.940551 0.949047 0.937132 0.786448 0.783246 0.783246 0.783246 0.783246 0.783246 0.783246 0.783246 0.783246 1.17177 1.43059 1.43059 1.43406 1.98369 1.99602 1.98335 1.97269 1.99147 1.96581 1.94017 1.91455 1.88887 1.86820 1.86635 1.83690 1.81914 1.81450 1.87054 1.98529 2.07094 1.64468 1.61281 1.58192 1.55240 1.52413 1.49719 1.55987 1.56397 1.54152 1.42680 1.42769 1.47090 1.48514 1.48889 1.49419 1.61793 1.85031 1.86538 1.86914 1.87287 1.87663 1.88038
1.38379 1.38379 1.38379 1.38379 1.38379 1.38379 1.38379 1.38379 1.38379 1.38212 1.04627 1.00576 0.952055 0.946975 0.949537 0.818755 0.783246 0.783246 0.783246 0.783246 0.783246 0.783246 0.783955 0.795957 0.996794 1.33868 1.30660 1.26142 1.69804 1.81986 1.80693 1.80974 1.86561 1.86747 1.88136 1.89487 1.89971 1.90746 1.91716 1.91833 1.91941 1.88436 1.88875 1.84564 1.66728 1.47792 1.47784 1.48305 1.48827 1.49348 1.49867 1.56112 1.61094 1.60144 1.50209 1.46533 1.48239 1.49478 1.48814 1.48158 1.56115 1.74604 1.79718 1.77511 1.75843 1.78008 1.81156
1.38379 1.38379 1.38379 1.38379 1.38379 1.38379 1.38379 1.38379 1.38379 1.38379 1.16218 1.00576 0.967613 0.944831 0.949537 0.867891 0.797665 0.812310 0.825785 0.838147 0.849600 0.860189 0.869794 0.872667 0.888403 1.18661 1.18930 1.18666 1.55909 1.90727 1.92520 1.94138 2.03993 2.07091 2.06673 2.05237 1.99924 1.93808 1.87433 1.80164 1.72989 1.72386 1.74944 1.78837 1.67150 1.55023 1.50978 1.50978 1.50978 1.50978 1.50978 1.54435 1.52220 1.36756 1.31532 1.26644 1.26980 1.25527 1.24242 1.22959 1.27098 1.42382 1.57799 1.62159 1.66386 1.67122 1.67122
1.38379 1.38379 1.38379 1.38379 1.38379 1.38379 1.38379 1.38379 1.38071 1.35287 1.19326 0.961039 0.931223 0.917359 1.01036 0.996983 0.872467 0.869141 0.866608 0.864076 0.861544 0.859010 0.856321 0.853275 0.851315 1.10482 1.17352 1.17304 1.41793 1.95995 1.93643 1.86714 1.88323 1.87369 1.80994 1.75671 1.75097 1.75097 1.75097 1.74861 1.72395 1.72386 1.73004 1.78803 1.70125 1.59103 1.50978 1.50978 1.50978 1.50978 1.50978 1.52171 1.57700 1.36756 1.33979 1.26644 1.26146 1.21459 1.24131 1.27063 1.33491 1.47104 1.67122 1.67122 1.65870 1.62580 1.59261
1.29317 1.27392 1.24458 1.21154 1.17849 1.14536 1.11928 1.10208 1.08682 1.09870 1.06666 0.842447 0.837040 0.752501 0.985858 0.984821 0.875137 0.851282 0.851282 0.851282 0.851282 0.851282 0.851282 0.851282 0.843540 1.00108 1.13329 1.11752 1.18321 1.65004 1.62111 1.61537 1.66739 1.75097 1.75097 1.75097 1.75097 1.75097 1.75097 1.75097 1.72829 1.72386 1.72386 1.77442 1.73110 1.63190 1.50978 1.50978 1.50978 1.50978 1.50978 1.50978 1.60415 1.39951 1.41843 1.35581 1.38204 1.27887 1.23182 1.19863 1.17266 1.25363 1.43417 1.42715 1.36602 1.27908 1.19245
1.11419 1.11748 1.13369 1.15639 1.18145 1.20927 1.22702 1.22716 1.22716 1.22716 1.22483 0.900093 0.873918 0.740337 0.947027 0.984821 0.913351 0.851282 0.851282 0.851282 0.847202 0.831651 0.815409 0.799161 0.790655 0.884620 1.11289 1.11289 1.14391 1.50601 1.61537 1.61537 1.63802 1.75097 1.75097 1.75097 1.75097 1.75097 1.75097 1.75097 1.73497 1.72386 1.72386 1.75455 1.76097 1.65855 1.52400 1.50978 1.50742 1.50879 1.54540 1.58789 1.72309 1.53190 1.44060 1.18580 1.09562 1.06263 1.04440 1.04295 1.04079 1.13944 1.11112 0.990170 0.943714 0.943667 0.943667
1.22716 1.22716 1.22716 1.22716 1.22716 1.22716 1.22716 1.22716 1.22716 1.22716 1.22716 0.986072 0.873918 0.767872 0.890518 0.984821 0.959003 0.836010 0.819756 0.803514 0.791346 0.790655 0.790655 0.790655 0.790655 0.808999 1.10877 1.11289 1.11570 1.40349 1.61537 1.61537 1.61646 1.74317 1.75097 1.75097 1.75097 1.75097 1.75097 1.75097 1.74129 1.71268 1.69711 1.69239 1.72795 1.60094 1.53322 1.51320 1.55869 1.60346 1.60521 1.60521 1.66758 1.54939 1.41321 1.23554 1.08768 1.06507 1.04461 1.06170 1.07947 1.13541 1.07901 0.927642 0.924578 0.921407 0.918122
1.22716 1.22716 1.22716 1.22716 1.22716 1.22716 1.22716 1.22716 1.22716 1.22716 1.22716 1.07355 0.873918 0.800847 0.833950 0.984821 0.984821 0.814783 0.790655 0.790655 0.790655 0.790655 0.790655 0.790655 0.790655 0.790655 1.04732 1.11289 1.11289 1.26423 1.61412 1.61537 1.61537 1.71136 1.72618 1.70263 1.67903 1.65539 1.63178 1.60821 1.58779 1.60703 1.63679 1.67389 1.84638 1.82555 1.72435 1.60865 1.63162 1.65542 1.67884 1.70224 1.75978 1.74909 1.55161 1.47588 1.27392 1.28178 1.21813 1.21407 1.20869 1.18474 1.11837 0.880761 0.872854 0.866398 0.859941
1.22716 1.22716 1.22716 1.22716 1.22716 1.22716 1.22716 1.22716 1.22716 1.22716 1.22716 1.16181 0.873918 0.840996 0.777418 0.984821 0.984821 0.868024 0.790655 0.790655 0.790655 0.790655 0.790655 0.790655 0.790655 0.790655 0.956623 1.07223 1.04271 1.08906 1.45252 1.48840 1.46481 1.51494 1.57801 1.57801 1.57801 1.57889 1.61059 1.66170 1.71504 1.79262 1.82369 1.85506 2.07319 2.21998 2.18724 1.89711 1.90141 1.90675 1.91248 1.91816 1.92741 1.84604 1.53805 1.50998 1.20726 1.19824 1.13069 1.12396 1.12396 1.11583 1.05483 0.852089 0.806465 0.809438 0.816270
1.22716 1.22716 1.22716 1.22716 1.22716 1.22716 1.22716 1.22716 1.22716 1.22716 1.22716 1.22462 0.899080 0.873038 0.739377 0.974341 0.984821 0.931532 0.790655 0.778344 0.752239 0.726153 0.700066 0.673961 0.647875 0.621770 0.693441 0.896185 0.904441 0.958044 1.28795 1.46708 1.47505 1.53979 1.71317 1.77258 1.83439 1.89667 1.92662 1.96705 2.00981 2.07061 2.12292 2.15065 2.22078 2.41724 2.26031 1.93375 1.85649 1.85091 1.84553 1.84022 1.83492 1.76029 1.59805 1.59217 1.32742 1.26370 1.23013 1.23056 1.24059 1.24998 1.21664 1.08405 0.975617 0.984682 0.989879
1.22716 1.22716 1.22716 1.22716 1.22716 1.22716 1.22716 1.22716 1.22716 1.22354 1.21038 1.19690 0.923482 0.778856 0.678272 0.785975 0.792213 0.754305 0.612316 0.601787 0.619889 0.637648 0.655089 0.672186 0.688959 0.705449 0.737554 0.979225 0.988057 0.980814 1.14733 1.48674 1.52157 1.58518 1.85887 1.89789 1.93607 1.97398 2.00483 2.00766 2.00766 2.01732 2.03415 2.03415 2.03775 2.28032 2.14319 1.92942 1.75420 1.73663 1.71971 1.70345 1.68779 1.63041 1.52317 1.48609 1.32913 1.21506 1.24605 1.28469 1.28469 1.28469 1.25862 1.17629 0.989907 0.989907 0.989907
1.23329 1.26250 1.29407 1.32548 1.35689 1.34159 1.26461 1.12443 0.934722 0.879447 0.827877 0.776558 0.771983 0.796958 0.804922 0.817355 0.819651 0.842637 0.779564 0.740738 0.740738 0.740738 0.740738 0.740738 0.740738 0.740738 0.742259 0.958527 1.06196 1.21496 1.46331 1.70540 1.74048 1.77096 1.97595 2.00766 2.00766 2.00766 2.00766 2.00766 2.00766 2.01084 2.01018 1.88336 1.86497 1.96193 1.94702 1.85373 1.63904 1.63904 1.63904 1.63904 1.63904 1.61278 1.52560 1.48201 1.39408 1.21506 1.23000 1.28546 1.30427 1.33081 1.34676 1.35539 1.15028 1.17318 1.20514
1.38448 1.27819 1.16954 1.06096 0.952386 0.890715 0.890417 0.882432 0.784640 0.783985 0.783985 0.783985 0.786590 0.798430 0.830887 0.904400 0.873883 0.873883 0.828722 0.740738 0.740738 0.740738 0.740738 0.773562 0.927915 1.09296 1.24433 1.47548 1.64377 1.65249 1.73542 1.79487 1.77350 1.77350 1.92482 2.00766 2.00766 2.00766 2.00766 2.00766 2.00766 2.00766 2.02775 1.84436 1.83579 1.89111 1.96568 1.92378 1.64915 1.63904 1.63904 1.63904 1.63145 1.60418 1.50593 1.42871 1.39985 1.36792 1.39617 1.48764 1.49792 1.49662 1.45148 1.36900 1.27948 1.29822 1.31213
0.890417 0.890417 0.890417 0.890417 0.890417 0.890417 0.890417 0.890417 0.796477 0.783985 0.783985 0.783985 0.784106 0.797442 0.801830 0.910675 0.873910 0.873883 0.876538 0.870979 1.03190 1.18767 1.33246 1.44193 1.45819 1.45819 1.45819 1.51959 1.65249 1.65249 1.69500 1.81495 1.77350 1.77350 1.87373 2.00766 2.00766 2.00766 2.00766 2.00766 2.00766 2.00766 2.02437 1.88288 1.83285 1.82710 1.94527 1.88621 1.65667 1.56103 1.54579 1.53056 1.52291 1.52208 1.44920 1.36588 1.36143 1.36260 1.30805 1.29640 1.24930 1.18643 1.16209 1.10316 1.20113 1.31975 1.31975
0.890417 0.890417 0.890417 0.890417 0.890417 0.890417 0.890417 0.890417 0.814329 0.783985 0.783985 0.783985 0.783985 0.793533 0.841920 1.18229 1.29693 1.42441 1.54104 1.49050 1.45819 1.45819 1.45819 1.45819 1.45819 1.45819 1.45819 1.47280 1.65132 1.65249 1.66148 1.83075 1.77350 1.77350 1.82263 2.00766 2.00763 2.00287 1.99452 1.98618 1.97783 1.96950 1.94931 1.81482 1.71880 1.70941 1.81721 1.81761 1.68352 1.52291 1.52291 1.51347 1.45557 1.38893 1.26816 1.08974 1.00979 1.02889 1.04842 1.08200 1.11305 1.10589 1.10177 1.10177 1.14216 1.31803 1.31637
0.890417 0.890417 0.890417 0.890417 0.890417 0.890417 0.890417 0.890417 0.835275 0.767015 0.724107 0.685956 0.652150 0.627079 0.723733 1.63701 1.58234 1.56996 1.56996 1.52477 1.45819 1.45819 1.45819 1.45819 1.45819 1.45819 1.45819 1.45819 1.61806 1.65170 1.64571 1.79107 1.75746 1.74035 1.73744 1.95040 1.94949 1.94593 1.94593 1.94593 1.94509 1.93647 1.91859 1.81361 1.68744 1.68696 1.75467 1.81953 1.71370 1.26585 1.16875 1.07732 1.04836 1.02943 1.02200 0.960239 0.927467 0.952833 0.999024 1.02188 1.07926 1.07760 1.07594 1.07428 1.07393 1.27150 1.29068
0.890417 0.890417 0.890417 0.890417 0.877343 0.809928 0.747662 0.695366 0.645429 0.611930 0.611607 0.611607 0.611607 0.613669 0.622441 1.47448 1.59022 1.56996 1.56996 1.56089 1.45981 1.45819 1.45829 1.45876 1.45927 1.45978 1.46029 1.46080 1.54594 1.60200 1.60105 1.70373 1.74194 1.71874 1.72464 1.88081 1.91695 1.90306 1.88443 1.86524 1.84647 1.83086 1.79104 1.68368 1.48448 1.43963 1.41907 1.56942 1.56724 0.854800 0.775596 0.771637 0.767596 0.763541 0.853252 0.960895 0.925517 0.935056 1.00161 1.00795 1.08927 1.09655 1.10331 1.11008 1.11685 1.26475 1.34836
0.829756 0.764205 0.709362 0.662780 0.628717 0.625102 0.625102 0.625102 0.624631 0.611867 0.611607 0.611607 0.611607 0.611705 0.621719 1.19307 1.59997 1.57424 1.57972 1.58904 1.50822 1.48984 1.49776 1.50830 1.52018 1.53251 1.54535 1.55867 1.62390 1.74570 1.76405 1.84280 1.95279 1.89802 1.89199 1.91923 1.93418 1.88672 1.84166 1.79582 1.74854 1.70908 1.70598 1.65005 1.45813 1.42656 1.42656 1.60979 1.66769 1.04728 0.691190 0.692861 0.694570 0.696281 0.738724 0.974602 0.940796 0.941820 1.00856 1.01875 1.13345 1.15635 1.15635 1.15635 1.15635 1.23877 1.37434
0.625102 0.625102 0.625102 0.625102 0.625102 0.617073 0.597159 0.577062 0.566303 0.637710 0.677244 0.706476 0.735917 0.765378 0.633524 0.824319 1.56752 1.75556 1.77910 1.79167 1.72115 1.63942 1.64686 1.64884 1.64884 1.64884 1.64884 1.64884 1.66341 1.81357 1.80447 1.79979 1.84703 1.80782 1.77057 1.73534 1.70855 1.70598 1.70598 1.70598 1.70598 1.70598 1.70598 1.67079 1.50141 1.43302 1.43430 1.54088 1.68143 1.33050 0.707277 0.707313 0.707313 0.707313 0.707313 0.968949 0.944337 0.944337 0.991961 1.01922 1.10194 1.15635 1.15635 1.15433 1.14393 1.15652 1.33895
0.462089 0.441585 0.466697 0.501032 0.535278 0.577522 0.631772 0.686189 0.731209 0.763513 0.778301 0.778301 0.778301 0.778301 0.662208 0.542262 1.53150 1.77756 1.83622 1.83622 1.80822 1.64911 1.64884 1.64884 1.64884 1.64831 1.62510 1.51042 1.37123 1.38098 1.26559 1.14228 1.20268 1.61035 1.69618 1.69711 1.70598 1.70598 1.70598 1.70598 1.70598 1.70598 1.70598 1.69152 1.54903 1.43906 1.43906 1.47730 1.68435 1.59504 0.711742 0.707313 0.707313 0.707313 0.707313 0.923436 0.947041 0.941479 0.959578 0.973226 1.01315 1.08766 1.07633 1.06699 1.06690 1.09033 1.23509
0.629716 0.726640 0.735889 0.735889 0.735889 0.735889 0.735889 0.735889 0.735889 0.754725 0.778301 0.778301 0.778301 0.778301 0.727255 0.515958 1.26145 1.72138 1.83622 1.83622 1.83622 1.67016 1.54180 1.40490 1.25521 1.09126 0.943822 0.923444 0.923444 1.04697 1.13231 1.13231 1.18462 1.48850 1.69618 1.69618 1.70478 1.70598 1.70598 1.70598 1.70598 1.70598 1.70598 1.70559 1.60448 1.43917 1.43906 1.43970 1.66585 1.73537 0.876410 0.653442 0.634705 0.613763 0.590317 0.812279 0.947227 0.930894 0.930535 0.931176 0.974827 1.13256 1.17189 1.21469 1.26037 1.27511 1.21613
0.598024 0.735889 0.735889 0.735889 0.735889 0.735889 0.735889 0.735889 0.735889 0.744774 0.778301 0.778301 0.778301 0.778301 0.775730 0.532958 0.960510 1.56000 1.58984 1.42434 1.23758 0.995963 0.923444 0.923444 0.923444 0.923444 0.923444 0.923444 0.923444 0.995602 1.13231 1.13231 1.16799 1.34574 1.69618 1.69618 1.70229 1.70598 1.70598 1.70598 1.70977 1.72975 1.75347 1.77968 1.77511 1.55751 1.55205 1.61318 1.88174 2.02747 1.23773 0.561915 0.561915 0.561915 0.567502 0.758588 1.05472 1.05360 1.10303 1.10048 1.10402 1.26013 1.27511 1.27511 1.27511 1.27511 1.24232
