High_resolution/powerplant/Shangrao/OMI_NO2_200507.asc
ncols      200
nrows      200
xllcorner       115.451
yllcorner       27.0350
cellsize     0.0166667
NODATA_Value      -999.000
[rows 0 to 29 of 164, columns 0 to 65 of 200]
0.00000 0.00000 0.00000 1.71016 1.71016 1.71016 1.71016 1.71016 1.71016 1.71016 1.71016 1.71016 1.71016 1.71016 1.71016 1.71016 1.71016 1.71016 1.71016 1.71016 0.00000 0.00000 0.00000 0.00000 0.00000 0.00000 0.00000 0.00000 0.00000 0.00000 2.34046 1.97263 1.17356 0.902000 0.777032 0.774002 0.866400 0.930792 0.984547 1.03041 1.06999 1.10436 1.13464 1.16024 1.18565 1.34945 1.54714 1.71607 1.85803 1.97903 2.00611 2.14837 2.15092 2.14099 2.60056 2.57834 2.53211 2.48932 2.51726 2.50129 2.01609 1.85894 1.85894 1.85894 1.97494 1.99429
0.00000 0.00000 0.00000 1.71016 1.71016 1.71016 1.71016 1.71016 1.71016 1.70757 1.71016 1.71016 1.71016 1.71016 1.71016 1.70178 1.65492 1.63621 1.71016 1.71016 0.00000 0.00000 0.00000 0.00000 0.00000 0.00000 0.874312 0.834035 0.545397 0.449491 1.00900 1.14220 1.12069 1.11048 1.10225 1.13772 1.23912 1.23912 1.23912 1.23912 1.23912 1.23912 1.36793 1.83754 1.96262 2.00060 2.00486 2.00877 2.01238 2.01612 2.01892 2.04492 2.07891 2.01969 2.25171 2.38563 2.38563 2.38563 2.41175 2.46421 2.20327 1.85894 1.85894 1.85894 1.94417 1.99429
0.900111 0.900111 0.900111 0.900111 1.28877 1.35823 1.34261 1.32695 1.30844 1.37288 1.57596 1.54672 1.52190 1.50078 1.48233 1.46831 1.46662 1.47801 1.69919 1.67105 1.17271 0.874312 0.874312 0.874312 0.874312 0.874312 0.780862 0.496800 0.481495 0.481495 0.761386 1.10115 1.10115 1.10115 1.10115 1.10678 1.23609 1.23912 1.23912 1.23912 1.23912 1.24551 1.32971 1.98713 2.01576 2.02058 2.02320 2.02557 2.02770 2.02824 2.02824 1.98758 2.05932 2.04113 2.18211 2.38563 2.38563 2.38563 2.39037 2.46249 2.36284 1.85894 1.85894 1.85894 1.90859 1.99429
0.900111 0.900111 0.920930 1.00902 1.15510 1.28259 1.28002 1.27801 1.27778 1.29764 1.47112 1.47720 1.48260 1.48750 1.49187 1.49588 1.49953 1.50283 1.61279 1.63488 1.32118 0.874312 0.874312 0.874312 0.874312 0.874312 0.871182 0.506125 0.481495 0.481495 0.603678 1.10115 1.10115 1.10115 1.10115 1.10115 1.20774 1.24879 1.32998 1.41849 1.48838 1.54236 1.56753 1.90622 2.02824 2.02824 2.02824 2.02824 2.02832 2.05306 2.09734 2.10490 2.21415 2.16708 2.17713 2.37873 2.38563 2.38563 2.38563 2.43933 2.46085 1.92725 1.85894 1.85894 1.86933 1.99291
0.900111 0.900111 0.906971 1.05801 1.09646 1.29861 1.32696 1.33538 1.34331 1.35100 1.48965 1.50399 1.50399 1.50359 1.50240 1.50118 1.49996 1.49875 1.56436 1.63233 1.50321 0.874382 0.874312 0.874312 0.874312 0.874312 0.874312 0.593909 0.481495 0.481495 0.483909 1.06885 1.10115 1.10115 1.12812 1.20279 1.45176 1.56544 1.57788 1.57788 1.57788 1.57788 1.57788 1.77706 2.02824 2.04089 2.08384 2.12812 2.17233 2.19186 2.19186 2.18444 2.19010 2.17847 2.16643 2.31250 2.38563 2.38563 2.38563 2.41313 2.46421 2.12527 1.89316 2.04860 2.20795 2.31980
0.900111 0.900111 0.900111 1.03605 1.06160 1.28201 1.35300 1.35235 1.35144 1.35053 1.44708 1.49823 1.49701 1.49620 1.49617 1.49617 1.49617 1.49617 1.53106 1.63272 1.60220 0.967649 0.874312 0.874312 0.874312 0.874312 0.874312 0.730221 0.481495 0.481495 0.481495 0.969642 1.23171 1.30726 1.34267 1.34369 1.46138 1.57788 1.57788 1.57788 1.57788 1.58328 1.62841 1.73597 2.15776 2.19054 2.19186 2.19186 2.19186 2.19186 2.19186 2.19186 2.17517 2.19367 2.16643 2.24048 2.39175 2.41813 2.45558 2.49642 2.62396 2.63484 2.66216 2.69451 2.71795 2.59527
0.900111 0.900111 0.900111 1.00412 1.06160 1.20811 1.34603 1.34716 1.34716 1.34716 1.41028 1.49617 1.49617 1.49617 1.49617 1.49617 1.49617 1.49617 1.50485 1.63223 1.61669 1.14223 0.874312 0.874312 0.874312 0.874312 0.874312 0.870325 0.504776 0.481495 0.481495 0.852276 1.26098 1.34369 1.34369 1.34369 1.39731 1.57711 1.61220 1.66531 1.71846 1.76622 1.77423 1.77423 2.12365 2.19186 2.19186 2.20879 2.25013 2.29162 2.33852 2.41087 2.42376 2.37431 2.36612 2.40988 2.64033 2.64993 2.64712 2.64575 2.72401 2.74912 2.73222 2.73739 2.76996 2.73795
0.900111 0.900111 0.900111 0.959001 1.06160 1.14488 1.33270 1.34716 1.34716 1.34716 1.38041 1.49617 1.49617 1.49617 1.49617 1.49617 1.49617 1.49617 1.49617 1.60252 1.62694 1.31810 0.874312 0.874312 0.874312 0.874312 0.874312 0.874312 0.591709 0.481495 0.481495 0.712858 1.17899 1.34435 1.37253 1.44337 1.51982 1.75163 1.80952 1.86211 1.91609 1.97005 2.02410 2.07806 2.33306 2.53506 2.58010 2.60802 2.60912 2.60897 2.62131 2.72433 2.69982 2.52699 2.42979 2.42771 2.58501 2.65616 2.68517 2.72133 2.80163 2.89746 2.91933 2.94586 2.94988 2.93944
0.900111 0.900111 0.900111 0.906133 1.05768 1.07868 1.31329 1.34716 1.34716 1.34716 1.35452 1.49504 1.49617 1.49617 1.49617 1.50681 1.54268 1.57845 1.61290 1.74502 1.87735 2.00521 1.64290 1.71524 1.78253 1.84484 1.90353 1.95794 1.78281 1.35188 1.43371 1.58172 1.52261 1.74982 1.82818 1.85713 1.88523 2.12277 2.30041 2.30187 2.30187 2.30187 2.30187 2.35868 2.50879 2.62210 2.61843 2.61486 2.61242 2.60951 2.60661 2.70311 2.71762 2.61523 2.51540 2.54258 2.66514 2.85778 2.86492 2.86492 2.87594 2.96812 2.95995 2.94988 2.94988 2.94988
1.01540 1.08079 1.14598 1.21138 1.25430 1.28232 1.43234 1.49022 1.50651 1.52284 1.53906 1.87624 1.99981 2.05781 2.11385 2.16333 2.19883 2.23349 2.26840 2.28499 2.27279 2.43748 2.30434 2.32734 2.38349 2.43974 2.49598 2.55214 2.60047 2.08513 2.13630 2.14582 1.92427 1.91748 1.93291 1.93291 1.93291 2.06112 2.32971 2.43037 2.52754 2.61737 2.70067 2.73867 2.73675 2.62050 2.60682 2.60209 2.59871 2.59686 2.59501 2.66497 2.71092 2.73461 2.63430 2.61943 2.69730 2.86492 2.86492 2.86492 2.86492 2.94539 2.96544 2.94988 2.94988 2.94988
1.94815 1.94815 1.94815 1.94815 1.77741 1.75414 1.79333 1.76428 1.79800 1.83296 1.86793 2.13793 2.29011 2.28882 2.28011 2.27023 2.26038 2.25055 2.24066 2.22801 2.18067 2.24320 2.57969 2.68352 2.68352 2.68352 2.68352 2.68352 2.68352 2.32517 2.14582 2.14582 1.98010 1.91755 2.06977 2.20779 2.33312 2.45672 2.73225 2.73867 2.73822 2.73425 2.72950 2.72474 2.72064 2.63950 2.59258 2.59256 2.59256 2.59256 2.59256 2.63613 2.76331 2.85262 2.85129 2.85858 2.86492 2.86492 2.86492 2.86492 2.86492 2.91167 2.96871 2.95211 2.94988 2.94988
1.94815 1.94815 1.94815 1.94815 2.01852 2.14218 2.07616 1.89015 1.85894 1.84915 1.83926 1.99047 2.22068 2.21218 2.21099 2.21099 2.21520 2.24427 2.27743 2.31056 2.34414 2.39321 2.51134 2.68352 2.68352 2.68352 2.68352 2.68352 2.68453 2.63719 2.42768 2.57756 2.62280 2.62150 2.53830 2.56581 2.62350 2.67547 2.71208 2.72253 2.71822 2.71743 2.71743 2.71743 2.71743 2.67501 2.59256 2.59256 2.62754 2.70277 2.78573 2.87963 2.98338 2.99477 2.95484 2.86492 2.86492 2.86540 2.87230 2.88093 2.88926 2.90969 3.00043 2.99653 2.99561 2.99907
1.88716 1.87139 1.85820 1.84698 1.84192 1.99574 1.99769 1.86709 1.80980 1.80980 1.82471 1.93081 2.29215 2.32527 2.35844 2.39156 2.42050 2.42456 2.42456 2.42456 2.43902 2.45206 2.44905 2.68352 2.68728 2.70075 2.71248 2.92870 3.38464 3.42989 2.94642 2.95906 2.97485 2.89353 2.84522 2.80824 2.80534 2.80409 2.73982 2.71743 2.71743 2.71743 2.71743 2.71743 2.73561 2.80283 2.76216 2.84872 2.89698 2.89698 2.89698 2.90180 2.99678 3.01668 3.02445 2.92200 2.92900 2.93543 2.93694 2.93694 2.92392 2.89576 2.95029 2.95967 2.95984 2.95934
1.82859 1.82859 1.82859 1.82913 1.86787 2.15863 2.33548 2.44109 2.53277 2.15093 2.02332 2.02810 2.40470 2.42456 2.42456 2.42456 2.42456 2.42456 2.42456 2.42521 2.44948 2.49512 2.51063 2.70383 2.77856 2.86007 2.93272 3.05394 3.60062 3.62820 3.30493 3.11898 3.11538 2.96833 2.91336 2.80409 2.80409 2.80409 2.77290 2.71743 2.72316 2.78653 2.87112 2.96441 3.04190 3.04683 2.93431 2.89698 2.89698 2.89698 2.89688 2.88695 2.98500 3.00691 3.00322 2.86756 2.83429 2.80589 2.78269 2.76855 2.76757 2.78177 2.83801 2.89523 2.91044 2.91177
3.17694 3.27454 3.35844 3.43255 3.52781 3.42166 3.30615 3.34667 3.31945 2.58407 2.02337 2.02337 2.32128 2.42456 2.42456 2.43156 2.45171 2.47031 2.48716 2.50210 2.50961 2.54729 2.56969 3.02919 3.10875 3.10875 3.10875 3.10875 3.52479 3.63111 3.47771 3.11606 3.10672 2.98303 2.94130 2.80481 2.79935 2.85150 2.93563 2.93953 3.02071 3.02490 3.00119 2.96679 2.93235 2.89795 2.79757 2.69998 2.68633 2.67331 2.65995 2.63855 2.73414 2.82629 2.77970 2.74432 2.77855 2.79376 2.80370 2.80468 2.80616 2.82519 2.86752 2.98373 3.02092 3.05131
3.54717 3.54717 3.54717 3.54717 3.54717 3.48570 3.30615 3.32303 3.33877 2.88281 2.02611 2.05957 2.28860 2.47987 2.49588 2.50600 2.50629 2.50629 2.50629 2.50629 2.50629 2.53382 2.52328 2.91107 3.03342 3.00790 2.98386 2.96090 3.16318 3.35447 3.31858 2.95521 2.91614 2.83731 2.82315 2.79885 2.81193 2.84382 2.82091 2.67822 2.61196 2.61500 2.62573 2.64554 2.66435 2.68343 2.78406 2.53212 2.50694 2.48176 2.45818 2.46397 2.55141 2.73957 2.75283 2.75969 2.84721 2.87323 2.89923 2.92524 2.95059 2.95837 2.95837 3.04630 3.07135 3.08024
3.54717 3.54717 3.54717 3.54717 3.55089 3.55710 3.33580 3.32986 3.37407 3.19345 2.23656 2.25100 2.30319 2.36044 2.34634 2.33208 2.31702 2.30130 2.28451 2.26700 2.24829 2.28363 2.32129 2.51306 2.77354 2.77097 2.76330 2.75549 2.83344 3.15776 3.14995 3.03057 3.05786 3.04991 2.90970 2.86027 2.75974 2.77067 2.84061 2.80108 2.69846 2.76066 2.95148 3.14640 3.34133 3.53488 3.61142 2.61088 2.47563 2.50216 2.55411 2.59601 2.66115 2.86055 2.92275 2.89067 2.95837 2.95837 2.96784 2.96648 2.95837 2.95837 2.95837 3.01178 3.06683 3.08023
3.68593 3.69647 3.68952 3.67567 3.65989 3.63959 3.46774 3.43112 3.49015 3.48534 2.44569 2.32766 2.31946 2.23446 2.23115 2.23027 2.23027 2.23653 2.25173 2.26698 2.28221 2.32998 2.39038 2.47860 2.71942 2.70843 2.70829 2.70829 2.71063 3.08603 3.12619 3.12619 3.12619 3.09775 2.90970 2.90550 2.79049 2.98948 3.24915 3.44000 3.47523 3.60795 3.61188 3.61804 3.66384 3.71773 3.77158 3.14855 2.69490 2.72222 2.72363 2.72363 2.72659 2.87269 2.94093 2.91723 3.00880 3.03093 3.04425 3.00602 2.95837 2.95837 2.95837 2.97730 3.06472 3.07783
3.65132 3.63207 3.62630 3.62630 3.62630 3.62630 3.62535 3.62630 3.66042 3.64534 2.82823 2.36375 2.37902 2.31104 2.31356 2.32881 2.34406 2.35305 2.35311 2.35301 2.35058 2.35608 2.41512 2.41375 2.70869 2.70829 2.70829 2.70829 2.70829 2.96484 3.12619 3.12969 3.28381 3.51719 3.55336 3.76883 3.75436 3.76990 3.80251 3.68869 3.71221 3.77438 3.82828 3.87597 3.88403 3.88403 3.88403 3.55401 2.72363 2.72363 2.72489 2.75370 2.79102 2.90587 3.02349 2.99381 3.03050 3.04448 3.04448 3.03264 2.95838 2.95614 2.93671 2.91367 2.98133 2.98252
3.62630 3.62774 3.63472 3.64225 3.64980 3.65734 3.66487 3.67240 3.69045 3.74718 3.23308 2.44906 2.44906 2.38602 2.34907 2.34565 2.34222 2.33879 2.33535 2.33203 2.33103 2.33103 2.39603 2.40462 2.63519 2.70829 2.70829 2.70314 2.68689 2.97477 3.91209 4.14249 4.21263 4.13545 3.89395 3.73923 3.55878 3.35908 3.42474 3.43423 3.76458 3.88403 3.88403 3.88403 3.88403 3.88403 3.88403 3.84217 2.82445 2.81530 2.84681 2.85558 2.85924 2.88834 2.97578 2.95291 2.91878 2.93926 2.91910 2.89893 2.79003 2.74817 2.74458 2.74600 2.78310 2.74869
3.67739 3.68349 3.68403 3.68403 3.68403 3.68403 3.68405 3.69863 3.72564 3.74779 3.49232 2.43557 2.42980 2.38585 2.33103 2.33103 2.33103 2.33103 2.33103 2.33103 2.33103 2.33103 2.37844 2.39108 2.51115 2.66110 2.64448 2.59264 2.50257 2.48925 3.86858 3.82255 3.74227 3.72946 3.62435 3.51297 3.50650 3.33965 3.44710 3.44028 3.64660 3.88403 3.88403 3.88193 3.87340 3.86538 3.85823 3.85511 3.21215 2.95022 2.96457 2.97852 2.98925 2.92209 2.80758 2.82903 2.82307 2.87184 2.84374 2.82087 2.74223 2.67226 2.67965 2.68546 2.63760 2.39217
3.67134 3.68481 3.70588 3.72697 3.74807 3.76913 3.79025 3.79674 3.79083 3.72767 3.63338 2.50584 2.42698 2.40660 2.33103 2.33103 2.33103 2.33103 2.32282 2.30216 2.28137 2.26060 2.27835 2.32936 2.34345 2.28526 2.18952 2.13994 2.13980 2.13980 3.28930 3.72946 3.72946 3.72946 3.67090 3.50400 3.48826 3.34784 3.43829 3.48706 3.57113 3.87223 3.86570 3.86067 3.86038 3.86029 3.85335 3.84968 3.49409 2.97768 3.02062 3.08775 3.15489 3.21165 2.85582 2.57619 2.62157 2.64354 2.67114 2.69406 2.69496 2.58847 2.58121 2.57395 2.56570 2.28049
3.78146 3.78910 3.78910 3.78910 3.78910 3.78910 3.78910 3.78910 3.78910 3.76152 3.65540 2.81689 2.42698 2.42263 2.31439 2.29071 2.26993 2.24915 2.23658 2.23646 2.23646 2.23646 2.24843 2.32931 2.32350 2.17218 2.13779 2.13424 2.14725 2.16051 2.85046 3.77674 3.79007 3.80333 3.80273 3.54008 3.55698 3.51427 3.58304 3.71516 3.71080 3.93522 3.96781 4.00165 4.06877 4.13596 4.21000 4.28087 4.25066 3.55346 3.58220 3.58909 3.59600 3.60621 3.29871 2.71958 2.77525 2.67572 2.67303 2.67297 2.67288 2.55702 2.53359 2.53352 2.53000 2.30109
3.78910 3.78910 3.78910 3.78910 3.78910 3.78910 3.78910 3.78910 3.78910 3.79723 3.70925 3.18863 2.34364 2.32093 2.39588 2.47207 2.50857 2.54468 2.58118 2.61729 2.65385 2.68989 2.72640 2.67928 2.67869 2.60683 2.51695 2.53364 2.53415 2.54130 2.75723 4.15192 4.16407 4.16606 4.12795 3.83010 3.79723 3.84352 3.78303 3.98678 4.08764 4.25509 4.40767 4.44096 4.51063 4.69233 4.87533 5.05833 5.23884 3.90764 3.62425 3.65261 3.68615 3.73714 3.62569 2.90430 2.89269 2.73563 2.67272 2.67272 2.67269 2.58141 2.43830 2.38797 2.34467 2.27075
3.76811 3.76507 3.76201 3.75897 3.75760 3.77771 3.75587 3.71085 3.66897 3.76620 3.78820 3.48056 2.33201 2.27148 2.61935 2.89533 2.89533 2.89533 2.89533 2.89533 2.89779 2.93926 2.99417 2.91555 2.89052 2.91433 2.61280 2.63204 2.65095 2.67072 2.75314 4.05296 4.33917 4.37382 4.30875 4.16041 4.08326 4.08151 3.95516 4.13493 4.41350 4.68856 5.00443 5.18734 5.30067 5.30213 5.31490 5.36389 5.41454 4.57173 3.82147 3.85110 3.87517 3.87878 3.80985 3.20663 3.01181 2.90373 2.78884 2.79360 2.79824 2.73638 2.47200 2.47200 2.47200 2.44327
3.74484 3.71696 3.67648 3.63883 3.60216 3.54983 3.53028 3.53028 3.53028 3.63066 3.83197 3.74380 2.69535 2.58068 2.81657 3.21912 3.27066 3.32170 3.37204 3.42180 3.46898 3.48384 3.48759 3.40618 3.28316 3.41422 3.15519 3.18352 3.24167 3.29267 3.30204 3.90740 4.43751 4.43751 4.37950 4.37920 4.41591 4.65387 4.76233 4.90973 5.03505 5.13580 5.33890 5.40265 5.45956 5.51639 5.56015 5.41553 5.39865 5.04269 3.88927 3.88927 3.88927 3.88856 3.87000 3.39400 3.03467 2.97029 2.80276 2.80276 2.80276 2.80204 2.51332 2.47200 2.47200 2.45252
3.54199 3.53028 3.53028 3.53028 3.53031 3.54177 3.56215 3.58253 3.60292 3.64215 3.98930 4.05597 3.39294 2.99805 3.05851 3.49713 3.49983 3.52751 3.56302 3.60104 3.64170 3.68543 3.73240 3.71103 3.43415 3.55825 3.53385 3.42280 3.45642 3.40096 3.33205 3.70931 4.95785 5.16710 5.29595 5.15188 4.96742 5.06231 5.11185 4.97602 5.13511 5.30931 5.49427 5.56840 5.56840 5.56840 5.56840 5.44444 5.39865 5.37787 3.99189 3.87925 3.87332 3.86810 3.86732 3.58287 3.02693 3.00413 2.78209 2.76810 2.75769 2.74726 2.55351 2.39561 2.38519 2.36630
3.59673 3.61711 3.63750 3.65788 3.67823 3.68718 3.68718 3.68718 3.68718 3.68718 3.95037 4.13015 3.75702 3.12438 3.18389 3.78239 3.93166 3.98681 4.03090 4.07323 4.11395 4.15314 4.19090 4.22725 3.92208 3.88983 3.97489 3.78608 3.84716 3.82046 3.62781 3.67308 5.34304 5.49370 5.50703 5.30505 5.06198 5.10938 5.18265 5.09522 5.17426 5.31982 5.42971 5.56840 5.56840 5.56840 5.56575 5.47377 5.38630 5.38208 4.40018 3.87395 3.87555 3.87715 3.87875 3.69213 2.99094 2.93956 2.74033 2.69696 2.69366 2.69372 2.57699 2.26319 2.20742 2.14668
3.68718 3.68718 3.68969 3.70255 3.70042 3.68281 3.66528 3.64764 3.63013 3.61250 3.76299 4.38255 4.40873 3.85646 3.74933 4.09110 4.24841 4.24841 4.24841 4.24841 4.24841 4.29919 4.39701 4.49484 4.31172 4.23905 4.31143 3.99700 4.01562 4.01522 3.73852 3.73661 4.90309 5.53868 5.53868 5.37860 5.11032 5.08474 5.18607 5.15908 5.17770 5.28292 5.37095 5.56996 5.56509 5.56022 5.55799 5.51325 5.39074 5.39072 4.85125 3.88099 3.88079 3.87571 3.86078 3.73704 3.16816 2.97157 2.74222 2.60262 2.55931 2.51061 2.49986 2.16568 2.13105 2.13461
3.72101 3.70343 3.68333 3.65292 3.63747 3.63747 3.63747 3.63747 3.63747 3.63747 3.70039 4.24495 4.54837 3.94433 3.74933 3.98208 4.26402 4.35264 4.45042 4.54819 4.64602 4.69306 4.69306 4.69306 4.51012 4.25031 4.34327 4.08743 4.04567 4.04567 3.80327 3.77442 4.46829 5.74987 5.82901 5.80341 5.49844 5.42211 5.67785 5.66445 5.19426 5.22230 5.31342 5.51085 5.53843 5.53650 5.53108 5.50727 5.33841 5.32060 5.19098 3.79685 3.72965 3.67078 3.62176 3.54536 3.04621 2.78162 2.69516 2.54772 2.54518 2.53131 2.48544 2.22050 2.01903 1.97183
