High_resolution/powerplant/Shangrao/OMI_NO2_200903.asc
ncols      200
nrows      200
xllcorner       115.451
yllcorner       27.0350
cellsize     0.0166667
NODATA_Value      -999.000
[rows 90 to 119 of 200, columns 66 to 131 of 200]
1.96624 2.53590 2.53769 2.53769 2.53769 2.53769 2.53769 2.48178 2.31780 2.31780 2.31780 2.31780 2.31780 2.31760 2.29628 2.27336 2.10428 1.90315 1.88240 1.80726 1.84609 1.87214 1.87216 2.08461 2.17681 2.17681 2.17681 2.17681 2.17681 2.17681 2.17681 2.17681 2.17681 2.18864 2.44259 2.45044 2.56211 2.66868 2.47792 2.16919 2.16919 2.16919 2.16919 2.16919 2.16919 2.16919 2.16919 2.16919 2.16919 2.16919 2.17985 2.36571 2.25115 1.75776 1.34648 1.32814 1.35579 1.42947 1.43133 1.43133 1.43133 1.43133 1.43133 1.43133 1.43133 1.43133
1.89730 2.41837 2.53769 2.53769 2.53769 2.53769 2.53769 2.53215 2.32759 2.30817 2.31011 2.32927 2.34852 2.36807 2.40868 2.45087 2.35024 1.99801 1.99801 1.90713 1.87216 1.87216 1.87216 2.00224 2.17681 2.17681 2.17681 2.17681 2.17681 2.17681 2.17681 2.17681 2.17681 2.17681 2.37666 2.45044 2.50013 2.66868 2.61202 2.16964 2.16919 2.16919 2.16919 2.16919 2.16919 2.16919 2.16952 2.13695 2.05998 1.98282 1.90565 1.67473 1.57448 1.56054 1.44559 1.43133 1.43133 1.43133 1.43133 1.43133 1.43133 1.43133 1.43133 1.43133 1.43133 1.43133
1.89730 2.23197 2.53769 2.53769 2.55087 2.57966 2.61025 2.64165 2.48613 2.43720 2.45456 2.45469 2.45469 2.45469 2.45469 2.45469 2.44882 2.03043 1.99801 1.94318 1.87216 1.87216 1.87216 1.91981 2.17681 2.17681 2.17681 2.17681 2.17681 2.17681 2.17681 2.17681 2.17681 2.17681 2.29887 2.45044 2.45323 2.65353 2.66868 2.24756 2.16919 2.16951 2.13620 2.05919 1.98202 1.90525 1.82814 1.78998 1.87275 1.97807 2.08326 2.09353 2.08363 2.18117 1.70440 1.43133 1.43133 1.43133 1.43133 1.43133 1.43133 1.43133 1.43133 1.43133 1.43133 1.43133
1.97723 2.14574 2.67855 2.70994 2.72820 2.73077 2.73161 2.73161 2.61144 2.45469 2.45469 2.45469 2.45469 2.45469 2.45469 2.45469 2.45469 2.15561 1.99801 1.97934 1.87216 1.87216 1.87216 1.87241 2.14184 2.17681 2.17681 2.17681 2.17681 2.17681 2.17681 2.17681 2.17681 2.17681 2.22106 2.45044 2.45074 2.57094 2.55866 2.19499 1.90484 1.83455 1.87404 1.97908 2.08433 2.18952 2.29465 2.39252 2.41474 2.41474 2.41474 2.37885 2.20568 2.20568 1.91628 1.43133 1.43133 1.43133 1.43133 1.43133 1.43133 1.43133 1.43133 1.43133 1.43133 1.43133
2.01387 2.01918 2.68079 2.73161 2.73161 2.73161 2.73161 2.73161 2.68715 2.45469 2.45469 2.45469 2.45469 2.45469 2.45469 2.45469 2.45469 2.28658 1.99801 1.99801 1.88961 1.87216 1.87216 1.87216 2.05970 2.17681 2.17681 2.17681 2.17681 2.17681 2.17681 2.17634 2.18680 2.22463 2.26378 2.54899 2.57544 2.39098 2.09169 2.06130 2.29579 2.39390 2.41474 2.41474 2.41474 2.41474 2.41474 2.41474 2.41474 2.41474 2.41474 2.41441 2.22886 2.20568 2.09005 1.43133 1.43133 1.43133 1.43133 1.43133 1.43133 1.43133 1.43133 1.43133 1.43133 1.43133
2.00983 2.00983 2.48200 2.73161 2.73161 2.73161 2.73161 2.73161 2.73133 2.48615 2.45469 2.45469 2.45469 2.45469 2.45469 2.45469 2.45469 2.41450 2.00112 1.99801 1.92565 1.87216 1.87216 1.87216 1.97730 2.17681 2.17653 2.18264 2.21846 2.25739 2.25831 2.22807 2.18678 2.11808 2.04834 2.14902 2.24528 2.21003 1.87949 1.90708 2.40534 2.41474 2.41474 2.41474 2.41474 2.41474 2.41474 2.41474 2.41474 2.41474 2.41474 2.41474 2.28719 2.20568 2.19449 1.52337 1.43133 1.43133 1.43133 1.43133 1.43133 1.43133 1.43133 1.43133 1.42184 1.36294
1.99747 2.00983 2.27398 2.73161 2.73161 2.73161 2.73161 2.73161 2.73161 2.56155 2.45469 2.45469 2.45469 2.45469 2.45469 2.45469 2.45469 2.45469 2.09195 1.99801 1.96174 1.87202 1.87484 1.90770 1.98205 2.19747 2.16547 2.12861 2.06191 1.99222 1.96043 1.96043 1.96043 1.96043 1.96043 2.04751 2.24528 2.24528 1.94845 1.87787 2.29079 2.41474 2.41474 2.41474 2.41474 2.41474 2.41474 2.41474 2.41474 2.41474 2.41474 2.41474 2.34594 2.20568 2.20568 1.76069 1.43133 1.43133 1.43133 1.41782 1.34663 1.21848 1.08946 0.960331 0.840841 0.770675
1.96780 2.00983 2.07137 2.72612 2.73161 2.73161 2.73161 2.73161 2.73161 2.63717 2.45469 2.45469 2.45469 2.45469 2.45469 2.45469 2.45363 2.41886 2.17065 1.99793 2.00898 2.10536 2.17741 2.21447 2.23492 2.01405 1.96043 1.96043 1.96043 1.96043 1.96043 1.96043 1.96043 1.96043 1.96043 1.97364 2.23792 2.24528 2.05276 1.87787 2.14711 2.41474 2.41474 2.41474 2.41474 2.41474 2.41474 2.41474 2.41474 2.41474 2.41474 2.41474 2.40151 2.20884 2.19348 1.89027 1.19915 1.07016 0.941013 0.825557 0.767657 0.766808 0.766808 0.766808 0.766808 0.766808
1.93800 2.00983 2.00983 2.57953 2.73161 2.73161 2.73161 2.73161 2.73161 2.71048 2.45707 2.45469 2.43455 2.39688 2.36248 2.32805 2.29470 2.29501 2.26756 2.09443 2.09443 2.19532 2.23539 2.23539 2.23539 2.08804 1.96043 1.96043 1.96043 1.96043 1.96043 1.96043 1.96043 1.96043 1.96043 1.96043 2.16999 2.24528 2.15691 1.87787 2.00334 2.41474 2.41474 2.41474 2.41474 2.41474 2.41474 2.41474 2.41474 2.43796 2.46683 2.47566 2.48425 2.08214 1.90605 1.76170 0.767359 0.766808 0.766808 0.766808 0.766808 0.766808 0.766808 0.766808 0.766808 0.766808
1.91140 2.00663 2.00983 2.37135 2.73161 2.73161 2.73161 2.69160 2.50236 2.28815 2.28821 2.33347 2.31918 2.32244 2.32235 2.32235 2.32235 2.32235 2.31998 2.11189 2.09443 2.15504 2.23539 2.23539 2.23539 2.16201 1.96043 1.96043 1.96043 1.96043 1.96043 1.96043 1.96043 1.96043 1.96043 1.96043 2.08861 2.24528 2.23904 1.90003 1.88791 2.38652 2.41474 2.41474 2.43747 2.46661 2.47525 2.48441 2.49324 2.47854 2.45829 2.42993 2.38661 2.06505 1.72800 1.67775 0.914670 0.766808 0.766808 0.766808 0.766808 0.766808 0.766808 0.766808 0.766808 0.766808
1.90712 1.98005 1.91504 1.88191 2.23739 2.02193 1.80640 1.63086 1.60469 1.60333 1.97888 2.32235 2.32235 2.32235 2.32235 2.32235 2.32235 2.32235 2.32235 2.17493 2.09443 2.11481 2.23539 2.23539 2.23539 2.22646 1.96999 1.96043 1.96043 1.96043 1.96043 1.96043 1.96043 1.96043 1.96043 1.96043 2.00723 2.24528 2.24528 2.01979 1.92952 2.31348 2.48412 2.49292 2.47856 2.42951 2.38619 2.34290 2.29973 2.25675 2.21410 2.19920 2.19920 2.08171 1.62712 1.62712 1.17539 0.766808 0.766808 0.766808 0.766808 0.766808 0.766808 0.766808 0.766808 0.766808
1.28769 1.19034 1.18151 1.23444 1.57335 1.60333 1.60333 1.60333 1.60333 1.60333 1.78319 2.32235 2.32235 2.32235 2.32235 2.32235 2.32235 2.32235 2.32235 2.24030 2.09443 2.09443 2.21566 2.23539 2.23539 2.23539 2.03497 1.96043 1.96043 1.96043 1.96043 1.96043 1.96043 1.96043 1.96010 1.90818 1.75818 1.99509 1.95032 1.88628 1.94843 2.13224 2.29963 2.25633 2.21374 2.19920 2.19920 2.19920 2.19920 2.19920 2.19920 2.19920 2.19920 2.19491 1.67456 1.62712 1.39370 0.766808 0.766808 0.766808 0.766808 0.766808 0.766808 0.766808 0.766808 0.766808
1.20756 1.21345 1.24931 1.24931 1.47354 1.60333 1.60333 1.60333 1.60333 1.60333 1.62044 2.28921 2.32235 2.32235 2.32235 2.32235 2.32235 2.32235 2.32235 2.30380 2.09639 2.09443 2.17538 2.23539 2.23539 2.23539 2.10902 1.96043 1.96043 1.96022 1.92500 1.78046 1.62743 1.48128 1.34519 1.26083 1.27489 1.60391 1.83155 1.85803 2.01786 2.04796 2.19920 2.19920 2.19920 2.19920 2.19920 2.19920 2.19920 2.19920 2.19920 2.19920 2.19920 2.19920 1.83103 1.62712 1.56861 0.776827 0.766808 0.766808 0.766808 0.766808 0.766808 0.766808 0.766808 0.766808
1.20756 1.20756 1.24309 1.24931 1.37079 1.60333 1.60333 1.60333 1.60333 1.60333 1.60333 2.11082 2.32235 2.32235 2.32235 2.32235 2.32235 2.32235 2.32235 2.32235 2.14323 2.09443 2.13511 2.23539 2.23523 2.21355 2.02546 1.65389 1.51696 1.38086 1.27980 1.28820 1.30478 1.31478 1.31488 1.31488 1.31488 1.47940 1.83843 1.83843 1.98656 2.01855 2.18041 2.19920 2.19920 2.19920 2.19920 2.19920 2.19920 2.19920 2.19920 2.19920 2.19920 2.19920 1.99181 1.62712 1.62704 0.985540 0.766808 0.766808 0.766808 0.766808 0.769960 0.785540 0.816975 0.857789
1.20756 1.20756 1.23100 1.24931 1.27332 1.59816 1.60333 1.60333 1.60333 1.60333 1.60333 1.91488 2.32235 2.32235 2.32235 2.32235 2.32235 2.32235 2.32235 2.32183 2.20244 2.06297 1.97705 1.67206 1.42932 1.22356 1.13193 1.29362 1.31488 1.31488 1.31488 1.31488 1.31488 1.31488 1.31488 1.31488 1.31488 1.34264 1.82736 1.83843 1.93579 2.01822 2.13256 2.19920 2.19920 2.19920 2.19920 2.19920 2.19920 2.19920 2.19920 2.19920 2.19920 2.19920 2.14897 1.63061 1.62712 1.26468 0.789528 0.822376 0.864836 0.921989 0.980695 1.00016 1.00061 1.00061
1.20756 1.20756 1.21890 1.24931 1.24931 1.51944 1.60333 1.60333 1.60333 1.60333 1.60333 1.71938 2.32235 2.32235 2.32235 2.31667 2.25214 2.13442 2.01664 1.89945 1.75422 1.53667 1.52091 1.19959 1.07228 1.07228 1.07228 1.23043 1.31488 1.31488 1.31488 1.31488 1.31488 1.31488 1.31488 1.31488 1.31488 1.31488 1.70738 1.83843 1.88496 2.01822 2.08432 2.19920 2.19920 2.19920 2.19920 2.19920 2.19920 2.19920 2.19920 2.19920 2.25677 2.40445 2.59137 2.32311 2.42673 2.32905 1.00059 1.00061 1.00061 1.00061 1.00061 1.00061 1.00061 1.00061
1.20756 1.20756 1.20872 1.24740 1.24931 1.41670 1.60333 1.60333 1.60333 1.60333 1.61668 1.68337 2.07660 1.98155 1.86373 1.75167 1.69848 1.69848 1.69848 1.69848 1.69696 1.53537 1.52091 1.32800 1.07228 1.07228 1.07228 1.16513 1.31488 1.31488 1.31488 1.31488 1.31488 1.31488 1.31488 1.31488 1.31488 1.31488 1.55953 1.83843 1.84282 2.00954 2.03659 2.19882 2.19920 2.19920 2.19920 2.25492 2.40342 2.59059 2.77843 2.96578 3.09616 3.13597 3.10293 2.82211 2.42597 2.26664 1.04515 1.00061 1.00061 1.00061 1.00061 1.00061 1.00061 1.00061
1.20756 1.20756 1.20756 1.23646 1.24946 1.36438 1.73428 1.78940 1.83849 1.88753 1.92338 1.90661 1.77767 1.69848 1.69848 1.69848 1.69848 1.69848 1.69848 1.69848 1.69848 1.58459 1.52091 1.45670 1.07228 1.07228 1.07228 1.09991 1.31468 1.31488 1.31488 1.31488 1.31488 1.31488 1.31488 1.31488 1.31488 1.31488 1.41168 1.83843 1.83843 1.96308 2.07194 2.37177 2.58999 2.77748 2.96440 3.09695 3.10106 3.02866 2.95635 2.88360 2.81159 2.73884 2.69961 2.58370 2.03845 2.03845 1.40787 1.00061 1.00061 1.00061 1.00061 1.00061 1.00061 1.00061
1.30171 1.42220 1.57154 1.66411 1.65133 1.67444 1.88456 1.90514 1.90514 1.90514 1.90514 1.90514 1.83393 1.69848 1.69848 1.69848 1.69848 1.69848 1.69848 1.69848 1.69848 1.63513 1.52091 1.52091 1.13638 1.07228 1.07228 1.07228 1.27697 1.31488 1.31488 1.31488 1.31488 1.31488 1.31488 1.31488 1.31488 1.32137 1.37260 2.13752 2.41720 2.68016 2.89663 2.96878 2.95434 2.88216 2.80937 2.73732 2.69957 2.69957 2.69957 2.69957 2.69957 2.69957 2.69957 2.69132 2.09294 2.03845 1.71244 1.00061 1.00061 1.00061 1.00061 1.00061 1.00061 1.00061
1.93143 1.95586 1.95154 1.91798 1.66291 1.66245 1.80929 1.90514 1.90514 1.90514 1.90514 1.90514 1.88864 1.70003 1.69848 1.69848 1.69848 1.69848 1.69848 1.69848 1.69848 1.68422 1.52249 1.52091 1.26519 1.07228 1.07228 1.07228 1.21158 1.31488 1.31488 1.31488 1.31920 1.35666 1.45277 1.55206 1.63826 1.68797 1.69357 2.26279 2.59604 2.57375 2.69786 2.69845 2.69957 2.69957 2.69957 2.69957 2.69957 2.69957 2.69957 2.69957 2.69957 2.69957 2.69957 2.69957 2.31010 2.03845 1.92724 1.00061 1.00061 1.00061 1.00061 1.00061 1.00061 1.00061
1.95154 1.95154 1.95154 1.95154 1.71267 1.66245 1.73931 1.90514 1.90514 1.90514 1.90514 1.90514 1.90514 1.73977 1.69848 1.69848 1.69848 1.69848 1.69848 1.69848 1.69848 1.69848 1.55897 1.52091 1.39350 1.07228 1.07228 1.07487 1.17609 1.43600 1.52754 1.58650 1.63714 1.65487 1.61371 1.56950 1.53844 1.53728 1.53728 1.86921 2.52769 2.52769 2.67167 2.69794 2.69953 2.69957 2.69957 2.69957 2.69957 2.69957 2.69957 2.69957 2.69957 2.69957 2.69957 2.69957 2.49432 2.03845 2.03665 1.16439 1.00061 1.00061 1.00061 1.00061 1.00061 1.14676
1.95154 1.95154 1.95154 1.95154 1.79604 1.66245 1.67499 1.89952 1.90514 1.90514 1.90514 1.90514 1.90514 1.79609 1.69848 1.69848 1.69848 1.69848 1.69848 1.69848 1.69848 1.69848 1.61098 1.53496 1.53500 1.32617 1.48179 1.63856 1.77203 1.58410 1.54104 1.53728 1.53728 1.53728 1.53728 1.53728 1.53728 1.53728 1.53728 1.60253 2.51338 2.52769 2.62363 2.69786 2.69920 2.69957 2.69957 2.69957 2.69957 2.69957 2.69957 2.69957 2.69957 2.69957 2.69957 2.69957 2.64256 2.03884 2.03845 1.55559 1.19522 1.56619 1.90483 2.16523 2.37171 2.51573
1.95154 1.95154 1.95154 1.95154 1.87942 1.66245 1.66245 1.84207 1.90514 1.90514 1.90514 1.90514 1.90514 1.85227 1.69848 1.69848 1.69848 1.69845 1.69284 1.70668 1.75382 1.80114 1.83707 1.84790 1.90503 1.89952 1.89098 1.89098 1.89098 1.61997 1.53728 1.53728 1.53728 1.53728 1.53728 1.53728 1.53728 1.53728 1.53728 1.53728 2.29777 2.52769 2.57557 2.69786 2.69870 2.69957 2.69957 2.69957 2.69957 2.69957 2.69957 2.69957 2.69957 2.69957 2.69977 2.75908 2.84347 2.33837 2.23432 2.31126 2.52993 2.57828 2.57828 2.57828 2.57828 2.57828
1.95154 1.95154 1.95154 1.95154 1.94599 1.67923 1.66245 1.77210 1.90514 1.90514 1.90514 1.90514 1.90514 1.89368 1.75085 1.79639 1.84371 1.89106 1.94402 1.97754 1.97774 1.97774 1.97723 1.92543 1.92087 1.90803 1.89098 1.89098 1.89098 1.71514 1.53728 1.53728 1.53728 1.53728 1.53728 1.53728 1.53728 1.53728 1.53728 1.53728 2.01651 2.52769 2.53361 2.69176 2.69825 2.69957 2.69957 2.69957 2.69957 2.69962 2.75630 2.84029 2.90704 2.97311 3.03918 3.04615 3.02783 2.59140 2.28129 2.35377 2.57864 2.57828 2.57828 2.57828 2.57828 2.57828
1.95154 1.95154 1.95154 1.95154 1.95154 1.75701 1.66245 1.70213 1.89310 1.86215 1.82734 1.79211 1.75688 1.72766 1.90423 1.97774 1.97774 1.97774 1.97774 1.97774 1.97774 1.97774 1.97774 1.94118 1.92087 1.91653 1.89098 1.89098 1.89098 1.81029 1.53728 1.53728 1.53728 1.53728 1.53728 1.53728 1.53728 1.53728 1.53728 1.53728 1.73584 2.52769 2.52769 2.64966 2.69793 2.75313 2.83735 2.90353 2.96996 3.03582 3.04578 3.03979 3.07727 3.11558 3.15374 3.19187 3.23020 3.03221 2.46258 2.46262 2.56321 2.57828 2.57828 2.57828 2.57828 2.57828
1.95154 1.95154 1.94926 1.93030 1.92885 1.78508 1.49277 1.42548 1.67999 1.72309 1.72264 1.72264 1.72264 1.72264 1.83478 1.97774 1.97774 1.97774 1.97774 1.97774 1.97774 1.97774 1.97774 1.95738 1.92087 1.92087 1.89513 1.89098 1.89098 1.88524 1.55748 1.53728 1.53728 1.53728 1.53728 1.53728 1.53728 1.53728 1.53728 1.53728 1.58319 2.57754 2.74512 2.88445 3.03129 3.05701 3.07805 3.11607 3.15431 3.19265 3.23089 3.25697 3.25780 3.25780 3.25780 3.25780 3.25780 3.22925 2.48989 2.46258 2.52725 2.57828 2.57828 2.57828 2.57828 2.57828
1.90942 1.89059 1.87162 1.86933 1.84946 1.78418 1.33566 1.33361 1.56258 1.72264 1.72264 1.72264 1.72264 1.72264 1.76542 1.97774 1.97774 1.97774 1.97774 1.97774 1.97774 1.97774 1.97774 1.97311 1.92136 1.92087 1.90363 1.89098 1.89098 1.89098 1.64693 1.53728 1.53728 1.53728 1.53728 1.56524 1.64204 1.70115 1.75974 1.82066 1.85048 2.53616 2.94497 2.97526 3.08831 3.16521 3.25780 3.25780 3.25780 3.25780 3.25780 3.25780 3.25780 3.25780 3.25780 3.25780 3.25780 3.25780 2.68481 2.46258 2.49841 2.57828 2.57828 2.57828 2.57828 2.57828
1.83670 1.83425 1.83425 1.83425 1.83425 1.83425 1.43013 1.33361 1.45091 1.72264 1.72264 1.72264 1.72264 1.72264 1.72313 1.95070 1.97774 1.97774 1.97774 1.97774 1.97774 1.97774 1.97774 1.97774 1.93297 1.92087 1.91213 1.89098 1.89098 1.89098 1.76020 1.63164 1.69209 1.75183 1.82059 1.86333 1.85733 1.86890 1.88105 1.89090 1.89181 2.27548 2.97777 2.97780 3.08130 3.12282 3.25780 3.25780 3.25780 3.25780 3.25780 3.25780 3.25780 3.25780 3.25780 3.25780 3.25780 3.25780 2.90838 2.46258 2.47301 2.58072 2.57828 2.57828 2.57828 2.57828
1.83425 1.83425 1.83425 1.83425 1.83425 1.83425 1.57462 1.33361 1.35055 1.71140 1.72264 1.72264 1.72264 1.72264 1.72264 1.88185 1.97774 1.97774 1.97774 1.97774 1.97774 1.97774 1.97774 1.97774 1.94922 1.93125 2.01400 2.04334 2.06127 2.06714 2.01932 1.86852 1.87878 1.88982 1.89181 1.89181 1.89181 1.89181 1.89181 1.89181 1.89181 1.97899 2.96867 2.97777 3.04772 3.09702 3.24097 3.25780 3.25780 3.25780 3.25780 3.25780 3.25780 3.25780 3.25780 3.25780 3.25780 3.25780 3.13183 2.46258 2.46258 2.55822 2.57828 2.46906 2.23433 1.97853
1.83399 1.83425 1.83425 1.83425 1.83425 1.83425 1.71920 1.33361 1.33361 1.61675 1.72264 1.72264 1.72264 1.72264 1.72264 1.81251 1.97774 1.97774 1.97774 1.97774 1.98066 2.08029 2.25543 2.41984 2.52745 2.42149 2.44351 2.03625 1.87778 1.87778 1.87779 1.89014 1.89181 1.89181 1.89181 1.89181 1.89181 1.89181 1.89181 1.89181 1.89181 1.89181 2.75037 2.97777 3.01412 3.09679 3.19856 3.25780 3.25780 3.25780 3.25780 3.25780 3.25780 3.25780 3.25780 3.25780 3.25780 3.25664 3.12958 2.30723 2.08361 1.84674 1.43072 1.28401 1.26302 1.26302
