High_resolution/powerplant/Shangrao/OMI_NO2_200504.asc
ncols      200
nrows      200
xllcorner       115.451
yllcorner       27.0350
cellsize     0.0166667
NODATA_Value      -999.000
[rows 145 to 173 of 184, columns 0 to 66 of 200]
0.00000 0.00000 6.33450 4.07425 3.30237 3.09555 2.67736 2.63673 2.65795 2.68105 2.70488 2.71091 2.71091 2.71091 2.71091 2.71091 2.49628 2.42715 2.39609 2.36063 2.31075 2.35973 2.10589 2.09335 2.08046 2.06802 2.05530 1.53441 1.42598 1.42383 1.42169 1.42080 1.38853 1.10946 1.12449 1.14200 1.14427 1.14728 1.12376 1.11790 1.11575 1.11360 1.19645 1.22221 1.19603 1.16435 1.13268 1.11113 1.36053 1.42056 1.57788 1.57705 1.58050 1.64085 1.87207 1.88611 1.84662 1.80715 1.76762 1.72812 1.70789 1.87122 1.81929 2.01835 2.08280 2.08280 2.08280
0.00000 0.00000 0.00000 3.82281 2.99285 2.90954 2.57138 2.49717 2.48452 2.47202 2.45923 2.44679 2.45466 2.49133 2.53032 2.57221 2.45215 2.34161 2.31586 2.26557 2.11967 2.11365 1.81969 1.80249 1.80249 1.80249 1.80523 1.56071 1.41782 1.43752 1.45718 1.47564 1.47476 1.17842 1.13483 1.13483 1.12354 1.11854 1.10402 1.09344 1.09344 1.09344 1.09985 1.08015 1.07464 1.07464 1.07468 1.07496 1.25732 1.29503 1.44825 1.41781 1.38621 1.36174 1.48163 1.58265 1.58265 1.58265 1.58265 1.58265 1.57846 1.71011 1.72905 1.86676 1.97848 1.95351 1.92701
0.00000 0.00000 0.00000 3.78010 2.70321 2.69341 2.51069 2.42600 2.47672 2.53087 2.58955 2.65295 2.69081 2.69094 2.69094 2.69094 2.58911 2.35482 2.32868 2.29463 2.13153 2.11609 1.91106 1.84574 1.86541 1.88513 1.90209 1.72725 1.47971 1.47971 1.47971 1.47971 1.47971 1.25529 1.13483 1.13483 1.12726 1.11854 1.11093 1.09383 1.09423 1.09462 1.09214 1.07629 1.07662 1.07695 1.07724 1.07729 1.11208 1.14700 1.29163 1.32950 1.33544 1.28045 1.28045 1.45756 1.44805 1.43891 1.43007 1.42168 1.41727 1.46887 1.47106 1.48163 1.58308 1.52097 1.46111
0.00000 0.00000 0.00000 4.46608 2.79250 2.69514 2.69094 2.69094 2.69094 2.69094 2.69094 2.69094 2.69094 2.69094 2.69094 2.69094 2.66817 2.34021 2.30784 2.24424 2.10355 2.03943 1.98304 1.90430 1.90430 1.90430 1.90430 1.81216 1.47971 1.47971 1.47839 1.46189 1.44113 1.29442 1.13642 1.13681 1.13334 1.12188 1.12595 1.10868 1.11410 1.12005 1.12600 1.11896 1.13578 1.15625 1.17673 1.19719 1.23610 1.29991 1.39070 1.44494 1.45115 1.38961 1.25468 1.45789 1.42706 1.37322 1.31965 1.26605 1.21242 1.18056 1.21419 1.23017 1.43780 1.47637 1.53267
0.00000 0.00000 0.00000 4.56808 3.00358 2.69669 2.69123 2.69094 2.69094 2.69094 2.69094 2.68576 2.66640 2.64620 2.62603 2.60583 2.59044 2.32798 2.27300 2.21818 2.13092 2.03852 2.02018 1.89333 1.87258 1.85180 1.83108 1.80487 1.40163 1.39395 1.39481 1.41088 1.42967 1.40857 1.34117 1.37984 1.41438 1.29839 1.31400 1.31360 1.32614 1.34475 1.36338 1.33267 1.30654 1.30654 1.30654 1.30654 1.31014 1.37143 1.40476 1.44330 1.42421 1.37708 1.15128 1.17308 1.16748 1.16748 1.16748 1.16748 1.16994 1.17937 1.35582 1.42627 1.62875 1.67676 1.67676
0.00000 0.00000 0.00000 4.56808 3.32576 2.69680 2.68700 2.66588 2.64571 2.62551 2.60534 2.59032 2.58950 2.58950 2.58950 2.58542 2.56183 2.35105 2.21746 2.15835 2.09322 2.00929 2.00663 1.89924 1.89824 1.91606 1.93382 1.94266 1.59326 1.51303 1.51051 1.50800 1.50703 1.51581 1.56641 1.55958 1.55958 1.43267 1.39681 1.38464 1.37172 1.37172 1.37172 1.35183 1.30654 1.29964 1.28075 1.26167 1.24259 1.27606 1.28716 1.36076 1.36076 1.35958 1.13866 1.14457 1.17469 1.18391 1.19405 1.20525 1.21386 1.21419 1.42081 1.49706 1.60242 1.67676 1.67676
0.00000 0.00000 0.00000 0.00000 3.80564 2.69751 2.64744 2.59179 2.58560 2.56551 2.54535 2.52523 2.50511 2.48497 2.46481 2.44879 2.45224 2.33870 2.14703 2.11543 2.07821 2.06637 2.06584 1.98756 1.93161 1.93161 1.93161 1.93161 1.66965 1.50703 1.50703 1.50703 1.50703 1.50703 1.56378 1.55958 1.55958 1.46998 1.39681 1.39105 1.35597 1.33304 1.31017 1.28562 1.21888 1.20485 1.20464 1.20464 1.20464 1.24130 1.27082 1.36032 1.38161 1.39762 1.22629 1.16705 1.21419 1.21419 1.21419 1.21419 1.21419 1.21419 1.34283 1.49706 1.55942 1.67676 1.67677
0.00000 0.00000 0.00000 0.00000 4.47957 2.65437 2.55454 2.46860 2.45457 2.45457 2.45457 2.45457 2.45457 2.45457 2.45457 2.45457 2.45457 2.41611 2.13962 2.12603 2.07609 2.06807 2.06584 2.02472 1.93161 1.93161 1.93084 1.91710 1.73266 1.50150 1.49979 1.49808 1.49638 1.49466 1.53600 1.51404 1.47789 1.38948 1.24283 1.20760 1.22285 1.22337 1.22165 1.21994 1.18927 1.17721 1.17670 1.18171 1.18807 1.21825 1.27939 1.36185 1.39187 1.39016 1.27546 1.15682 1.21079 1.21419 1.21583 1.22679 1.23918 1.25158 1.30283 1.54658 1.57668 1.75279 1.76317
0.00000 0.00000 0.00000 0.00000 4.11846 2.51917 2.27842 2.25146 2.22932 2.20586 2.18286 2.15953 2.13627 2.11340 2.08981 2.06680 2.04348 2.02041 1.79777 1.75382 1.67636 1.64872 1.62572 1.60021 1.45715 1.43592 1.41788 1.41322 1.42077 1.44326 1.41238 1.37799 1.34353 1.30911 1.31075 1.32261 1.32253 1.30739 1.15994 1.15976 1.18040 1.19075 1.19075 1.19075 1.18323 1.18202 1.18964 1.19075 1.19075 1.19690 1.27298 1.33537 1.40156 1.41149 1.36051 1.22242 1.27487 1.30552 1.31627 1.31772 1.31772 1.31772 1.31772 1.54340 1.57992 1.74503 1.77260
0.00000 0.00000 0.00000 0.00000 1.97609 1.73231 1.65289 1.74890 1.80657 1.80657 1.80657 1.80657 1.80657 1.80657 1.80657 1.80657 1.80657 1.80657 1.67899 1.62110 1.57542 1.55440 1.54744 1.54744 1.43741 1.37109 1.33666 1.30220 1.26891 1.27291 1.26997 1.26997 1.26997 1.26997 1.28637 1.32862 1.32253 1.32253 1.18211 1.15976 1.17197 1.19075 1.18850 1.18273 1.17688 1.17103 1.16518 1.15933 1.15348 1.14763 1.31750 1.38007 1.46092 1.46466 1.44914 1.27277 1.29695 1.33466 1.33830 1.33854 1.33608 1.33360 1.33113 1.48529 1.59665 1.76269 1.88353
0.00000 0.00000 0.00000 0.00000 1.97609 1.81823 1.65289 1.70488 1.80657 1.80657 1.80657 1.80657 1.80657 1.80657 1.80657 1.80657 1.80657 1.80657 1.72087 1.61412 1.55977 1.50016 1.46576 1.44044 1.33295 1.23485 1.23485 1.23485 1.23485 1.26336 1.26997 1.26997 1.26997 1.26997 1.27384 1.33286 1.30860 1.30276 1.19381 1.12828 1.12621 1.14762 1.14871 1.15641 1.16415 1.17189 1.17963 1.18295 1.17274 1.16160 1.27379 1.35262 1.51183 1.51505 1.50872 1.28673 1.25326 1.29702 1.29132 1.33060 1.40067 1.47093 1.54119 1.67438 1.86101 1.93892 2.05337
0.00000 0.00000 0.00000 0.00000 0.00000 1.95177 1.65428 1.65982 1.80246 1.80657 1.80657 1.80657 1.80657 1.80657 1.79731 1.76675 1.73519 1.70367 1.63868 1.49530 1.48003 1.43107 1.42227 1.42082 1.38287 1.23485 1.23592 1.24377 1.25280 1.28327 1.30600 1.31222 1.31193 1.31139 1.30754 1.30886 1.20873 1.17451 1.13125 1.11804 1.10689 1.12201 1.11082 1.09193 1.07305 1.05418 1.03528 1.02080 1.01985 1.01985 1.09305 1.22837 1.43690 1.48995 1.50065 1.35345 1.27587 1.53479 1.64659 1.67473 1.67473 1.67473 1.67473 1.66970 1.81754 1.82535 1.95649
0.00000 0.00000 0.00000 0.00000 0.00000 1.97609 1.68453 1.65289 1.77197 1.79682 1.76599 1.73455 1.70290 1.67154 1.64916 1.64829 1.64829 1.64829 1.64670 1.49577 1.47544 1.44376 1.44068 1.44369 1.44418 1.25889 1.23005 1.20558 1.17874 1.16781 1.16432 1.13930 1.12473 1.11063 1.09646 1.06337 0.879336 0.878923 0.901939 0.988864 0.988864 1.00676 1.01985 1.01985 1.01985 1.01985 1.01985 1.01985 1.02404 1.03614 1.07145 1.26915 1.43108 1.55233 1.55390 1.45416 1.31175 1.53141 1.67157 1.64901 1.62530 1.60382 1.58428 1.57357 1.68414 1.73294 1.90366
0.00000 0.00000 0.00000 0.00000 1.55886 1.81683 1.70247 1.63610 1.64851 1.64902 1.64829 1.63996 1.60919 1.57630 1.54335 1.51039 1.47748 1.44454 1.41166 1.27533 1.21050 1.25809 1.28279 1.29272 1.27861 1.11249 1.02935 1.02935 1.02935 1.03844 1.07325 1.07325 1.07325 1.07325 1.07325 1.07317 0.904167 0.878923 0.880006 0.983306 0.988864 0.998316 1.02001 1.02795 1.04022 1.05250 1.06477 1.07703 1.08512 1.08530 1.08530 1.26662 1.38452 1.55388 1.54480 1.47808 1.29534 1.39063 1.57590 1.57349 1.57349 1.57349 1.57349 1.57349 1.63893 1.73253 1.85921
1.55886 1.55886 1.55886 1.55886 1.56838 1.64641 1.68743 1.46691 1.43709 1.41996 1.38701 1.36241 1.36023 1.36023 1.36023 1.36023 1.36023 1.36023 1.36023 1.24462 1.14581 1.18896 1.23785 1.26181 1.26181 1.17272 1.02935 1.02935 1.02935 1.03055 1.07227 1.07325 1.07325 1.07325 1.07325 1.07323 0.952638 0.885378 0.923478 1.04024 1.10005 1.13604 1.09439 1.09874 1.10054 1.10232 1.10410 1.10588 1.10766 1.10994 1.11391 1.23770 1.33262 1.52149 1.51721 1.49427 1.29737 1.30500 1.57102 1.57349 1.57349 1.57349 1.57366 1.57420 1.59506 1.73430 1.75254
1.63575 1.64978 1.66157 1.67162 1.67787 1.68054 1.76111 1.35195 1.33354 1.34409 1.34008 1.33386 1.32768 1.32156 1.31528 1.30916 1.30299 1.29675 1.29065 1.22549 1.08022 1.09669 1.15860 1.16063 1.15514 1.12313 0.910633 0.904109 0.897922 0.891802 1.08488 1.13956 1.14839 1.19088 1.23804 1.28524 1.25668 1.17886 1.18793 1.21406 1.23607 1.23607 1.16778 1.14627 1.14627 1.14627 1.14688 1.14862 1.14937 1.14993 1.14998 1.21744 1.32379 1.51784 1.54080 1.53844 1.32289 1.28514 1.51743 1.57662 1.57717 1.57772 1.57810 1.57811 1.57811 1.71222 1.71342
1.67810 1.67810 1.67810 1.67810 1.67810 1.67810 1.57603 1.24994 1.17086 1.18248 1.18977 1.18977 1.18977 1.18977 1.18977 1.18977 1.18977 1.18977 1.18977 1.18098 1.01235 1.01198 1.09480 1.09356 1.09135 1.09135 0.897010 0.870480 0.913687 0.958617 1.17886 1.33918 1.37754 1.38227 1.38227 1.38227 1.35499 1.18793 1.18793 1.20250 1.23607 1.23607 1.19221 1.14627 1.14627 1.14765 1.17234 1.19933 1.22692 1.25447 1.28206 1.31513 1.32700 1.47246 1.54433 1.54433 1.38094 1.28737 1.43928 1.57425 1.57245 1.57064 1.56883 1.56568 1.55418 1.63015 1.68578
1.67810 1.67810 1.67810 1.67810 1.67810 1.67810 1.59279 1.33492 1.17086 1.17726 1.18977 1.18977 1.18977 1.18977 1.18977 1.18977 1.18977 1.18977 1.18977 1.18977 1.04149 1.00944 1.06345 1.03767 0.974682 0.922945 0.977618 1.08991 1.09168 1.09168 1.20879 1.38227 1.38227 1.38227 1.38227 1.38227 1.38208 1.20975 1.22023 1.26337 1.32775 1.36111 1.37485 1.33749 1.37078 1.40263 1.41158 1.37872 1.37431 1.37595 1.37759 1.37974 1.34955 1.43728 1.52966 1.52203 1.39767 1.19873 1.26288 1.46662 1.45552 1.44434 1.41685 1.37497 1.34145 1.35310 1.43645
1.67810 1.67810 1.67810 1.67810 1.67810 1.67810 1.61856 1.43218 1.17086 1.17222 1.18957 1.18977 1.18977 1.18977 1.18977 1.18977 1.18977 1.17425 1.12381 1.07207 0.931515 0.832914 0.847984 0.879212 0.832664 0.832664 0.906863 1.09168 1.09168 1.09168 1.16168 1.41560 1.43790 1.46022 1.48253 1.50231 1.51106 1.49320 1.47601 1.46339 1.49859 1.52357 1.53485 1.46453 1.47079 1.48313 1.49486 1.47237 1.45779 1.46644 1.47509 1.48315 1.45634 1.44374 1.45055 1.45055 1.38215 1.16908 1.19351 1.32647 1.29336 1.26130 1.24559 1.24559 1.24559 1.25051 1.38082
1.67810 1.67810 1.67810 1.67810 1.67810 1.67810 1.64923 1.53144 1.17985 1.17086 1.18572 1.18977 1.17342 1.12298 1.07155 1.01982 0.968183 0.932381 0.931087 0.931087 0.883019 0.802492 0.831757 0.910642 0.883106 0.903748 0.935176 1.18265 1.20390 1.21759 1.24022 1.50035 1.51955 1.53261 1.54567 1.56127 1.58799 1.50839 1.48905 1.49943 1.58166 1.63792 1.63792 1.57759 1.54811 1.54811 1.54811 1.52972 1.48485 1.48485 1.48485 1.49192 1.49624 1.49461 1.52577 1.54905 1.53985 1.31732 1.27905 1.25494 1.24559 1.24622 1.24920 1.25241 1.25561 1.25882 1.25279
1.67810 1.67810 1.67810 1.67810 1.67810 1.67810 1.67640 1.55770 1.25637 1.19093 1.11003 0.967562 0.932174 0.931087 0.931087 0.951293 0.988227 1.02513 1.06186 1.10036 1.12932 1.02499 1.06050 1.02030 1.05190 1.07467 1.09207 1.29068 1.38018 1.40588 1.41589 1.64923 1.70647 1.70647 1.70647 1.70647 1.70647 1.58231 1.50995 1.50995 1.55388 1.63792 1.63792 1.60204 1.54811 1.54834 1.56546 1.59124 1.54867 1.56830 1.59131 1.60723 1.60002 1.56480 1.57143 1.57347 1.56992 1.35185 1.28453 1.27264 1.25748 1.26006 1.26028 1.26028 1.26028 1.26028 1.25579
1.67810 1.67810 1.68129 1.69790 1.71599 1.72919 1.71226 1.58752 1.36371 1.26127 1.24025 1.07697 1.12519 1.17117 1.21511 1.23941 1.24844 1.25715 1.26552 1.27261 1.27368 1.19391 1.17774 1.13071 1.13837 1.15687 1.15687 1.27612 1.41589 1.41589 1.41589 1.59111 1.70647 1.70647 1.70647 1.70647 1.70647 1.62441 1.51223 1.50995 1.52129 1.59526 1.54654 1.50635 1.65774 1.68480 1.69155 1.68703 1.62078 1.59310 1.58934 1.58558 1.58233 1.54150 1.54211 1.54500 1.54384 1.41307 1.29374 1.28765 1.26028 1.26028 1.26028 1.26028 1.26028 1.26026 1.25606
1.58900 1.56968 1.54831 1.51894 1.49075 1.48738 1.49377 1.46755 1.46073 1.49994 1.49722 1.28748 1.27368 1.27368 1.27368 1.27286 1.26927 1.26560 1.26188 1.25813 1.25446 1.19211 1.14438 1.10780 1.08634 1.10960 1.10495 1.14818 1.35469 1.35000 1.34535 1.44365 1.58737 1.58171 1.57609 1.56077 1.50008 1.40606 1.24741 1.18523 1.13548 1.23505 1.24489 1.24039 1.50170 1.54196 1.54116 1.54116 1.51479 1.48406 1.48673 1.48941 1.49124 1.46136 1.45107 1.45700 1.45700 1.42868 1.29403 1.28648 1.25002 1.24165 1.23631 1.23069 1.22473 1.21845 1.21594
bG*rBz^blbz9rk;bznz9bvl#vr'brwXbob' p0r%blshbqr@$zd0&bt&sb`tt)Qui5Dbdt tbkHl~wb*rw IHbk2uTC{Hb2lWnzbMcrCrb&Vb p<{ab<us~blr0TbbvuqbMz*pb%l!wbgbZLtObQb}tTwObt ubkrq'b~DbuubcszbETb0vbxbfvs $blzbs zbTbPtHb3l.qNBbWs/p6bObrWb6sbWqDspcb:lqVbXsM-YuRCbI8bN^sQwx=bb#lUsua8fp-p0aau?GbKb sapwHbUlkjp bnbu[bXbSS$s_1wASbx{lt=p_b#/p&Qv7b; ^b Ev{bhbq39rlsWWbAl[&UqZbI b@OwHmbb?spbl@q bsHp&b)hbps2Hb{w]bltHb/b{b b;sXs2RbPKilS5ulb{syueNablpbes|Qs b lT?usbctso.{ubmUbRrIwbcb<s vF;b-l6pib b_rEb1bsfs=bYlow ba sJopb1bTWrbb q_u1b,*sqbbMsb4bq/zybql qbRszz>,b[bupHlob`lWw _bslubYbqb[bv1w9@bl'vbUs[qYbyb0pMp blxTzbHs#p@bbsbbR p_PpTbWl@NsWbp1b_sPaU0ays*saCaW~l"pubbsvsYlbR8GbHq]b&@bV&p;itwcbLTsLmtj btbt*b aq5p2bl ruTdbp!Csyuo]b@IbnrQvm^HBbJalBOtKRbsrdbjb qjbab t6qb]lrC!b3s3rbbT`w"t"blsb[zsTt\\bVLb]ewQpVbCb~umwqdbjlwTs 1mbqdb v{wbnblu~6wsZbDlN&{$\bs1qX^b +bH|tbbpGrGb\hszqmbkbtb@wb p rzbl s8%bHs!Vq7GbCbgrHb51lgrfgbsQj{+<bFb]rbbpH wUmDb\ lpb]lswbb$pu~bWil)Op7bTs ]wObbowbKbpydq^MbNl vt4bb ubtbgq6w b~l%z|b<s@@z9b_b?rCzbFb4q:sqRa?p 2ykaGb u bf<b|QipXh!sN bS".lHs b]sWcpF? bHbPLsl Hub Dbl(pjraNpvp6@b8b vhnbj8bq{0vc{}f~blk:HzXybG s@|rNbpb.wp[bDlgqbnsksbbwsDb-b |p2Fwpb{\qvbrtb]bpg&v[ >bR!u]u_b@}^lo%pdBbjWrmr"ub bsvxtRzbx/3lbpl bF rYceuTbbsb"vtbVu]w bl%pbrpTH5buvNbl; {.br{bbmsp)xbtu b/l{b|bSzrYWbzfvJbJ@Jl[rZbLrSr-bbwrRu=Rbl2qbc$buWbbSr"wblv%b6s_ubYbrb:bjr%ptb.sXivRbj/bH{'bbbrdsb{Jq 1bs.l.Eqaf qsK,^b0Ql *zpb@/sE sX;bNbD]qE2bb]'rArGdbD&lRetkf=b Hl"pr7a9aBwIw.bu rpVbhlgpmbD/NrHhz^ybF@bYhwU~WtSMVbY;uK{DbRMrW1vmbHbqozb:uqbl{Nb?rqMbbp*wsbClw]wbWKr@t_b~bg zbwk7Qbelp QprbhHs{gFpmR<brulqhYHF{^bV 7t Zu~blbubhbv spCblRv|`bs}{bEbubKYbPqauNbWl p Zb1bGu(bbqu
rbbbvs|>HzbLlI sbs}q:b,br"ObNRbu>s`zjHbll}wv;bq!wsxUuhWbCz*bDXPsVzEbK*Yl@pKy7b8^sKz?bbzb+bDsv]tub1lA"ubb?q'bJbbetLq blWr b s&Qr{babJGqbkb<tDqg=sbJPsEt{Yt<bLH|b]vNsQbB b~'uP_vS^b_ltt85bsLvM#bU?bZzjCHlVAbgl&9_s5/a/pUp/aYaAxIaawu aXkoyPb<,lY= ubb"rW u3blp b~st b] bLw<!b:<bp)pbOolr vBb"b qbbEqu~b`XlOvb sE4ub?bwL{bRp1b@*Fww4qzap{w#aaxRaadoq= {96yb5l"{bse:\qcUbE b_wGlHLm(b@ lkti+$bC>fs&0u-b=b/{p+b@b pv,b_lpsbv%sF^uHgb}|bFp>vLibd_l{Wbq.slzztfbe9bvsbo0btpi"{A6.bCQlUr_~bY2"b}qaObbpsMb;lXt bA5s+tt9bWbG1t b6b{sgvb|sXqHbJb7q bR|brNtPbK l(uQb><s]vQg=bGrGHu\HRMbW{Fs]bEplPz|rCQJb6Gb6[w9bib*"sFq],bOalowtbs R>r=)=a aT"p?sGgalo,vjaI:pqwa\aYyy+a`bsg8p6xbTluFbgbwb\b'vfzblp fbsSrbbwNbbF/qLFv bnsYq:bJb$zbbv=sbglM pYb}lsm%Au#aayVKa7Go|rjb ;Is [{."b :b (tufbmPb{Xv^I pS4bZ?lH,qArbCswuk<b}?~b*m6v"t6t8b8h#l)rcr/b s *{.UbJ|b>q 4bh]bgwT pXbv{qbruvM_bybx%{tpkAbn{vubbr[lormb@LxrDqFkJbGbZt"pbFl}sO1bJr_zb6FbWw'~tLbumvbMl vVbr\YrLsHb@zvm3b:=ltTb$b%q-bQobX's[DsF]9bG[l[1sDb\7sPuM tbTbW pM vbl 3zbsc[t>&bS6bP#{vb Db . z;p$apVoqpwaOaK t'paa.p q5^aR*p5q_b/ bsTbbqNzVbRl@&subYs{r b'4br{Hb0lq*b<s ssbbktbb+sTubl-qb`ssIbbWyqZmw~bd%Vl)KqdaDpr a[Ia9rS|b%!xb2DwJzb &l|z`Fb@\b]pAZbHebJwAm~vEb|nlog%wnob:A`s9Kp%Pb5,?b+hpb S}b8 u"!Xu bq s sqbkMbf0zPRbTbbHzvJ4bslCzBr"b@^Hsrvreb||bhErbHt8rbt le{fbJlOsr`br:zb_{b[FrqbGlsN5bsos]beb&rnpqybplqsF#bU_"sTys>bbvowbbYtptb{tl<br]TsX|IbF$bG.r@v]6pbvl{ bUsZsb bCrQ,bv$bps srbDs}dqpJ]bLBb'Etaa?aqqaovza`p'tDbakaYVxKMb5.luxybvBsz){f bv=bj1v^&b bZp;sb l&lwb{s\6{rbibppTb<ll{S[bs}[qbbsybb'tpbX<lFsP bhXJbpaaw'sAao v4jb3csju{bab{ wy,bu.b@s[Bzs#nbZts^uQMb~Ybl4qmZbb>p.-q{2Rb5ll%t,b.1s)Du?b7brH xbdclx~rmUbO5s/wrO:bbq6b]<bSt]qH'bAt#lmrk bw swLrobbIbStK\w\mb[ lB?Tw^bFs\{8fb5Nb@r. bybu3{{b!l;t'bbDpbXb+urvwb"Yl r*bSssEb!boqbb[6pYBvo bC1sBtIkgbb{Pbbqmub lsBbsb pKbJTbk uy0HBbMl?`9sIaposaa ypgasFaSu4wa@o'r
`r*l bc*.sCpbbzs\b b Uv {aublVri bspb)^b w.,r:|bltHbszQb @b5zfabS[bOeMuKu&z_wbli,pb_bMesjbZbovD { bll-uYb# s vD>bMfbT,qSv bDa6bE[Sv^sa?*bPTsW<tb,BbPq bbuwbSl]thbsu"bbpHb>[lq@EbH>.stwwbinbwTwppbgbjvyUguk (bhlp:u bs4q20a{haYs waHoera! s$rb~ b!Pt b bp@wUbl{b!bEz<blb:spD$bl9u.basrObfbzb Ub&*pCy?a]4Ipjra2a*}uaOa@ZsUpao vb.ns1xnzb b xK] Oa o. w0`0p _qoamau_ a*d`i>B`n o w<aVp1]s"bVbpY*vB|{nb[lub_sLsbyEb'tbbQnvBpblH,vbb tbDbgv{p4b5lvEI:bWBasR{Fb'bascbY#\bSFqD_ux,bR!sZouL>jboYbGpbb2v*vlbZ lG{W.+bJ2l\`\rUhbK{rXMtJHb2{ p:blp&b r8w6bbut<{.b{qCblVwBbFpbus|"sb<badlv\t|btst{m/b}obfw~b`b5$p/v aJoqqatawi6a b*p5mubbNn.lEwrbysKtg7b^bzO7bV`b[:puDbHIs upbb^{b b+q?%w1b/lCdt}b`s,aqaaYAw=K"`nsaAsw9aAMamq0P!u3kbl 1ss>KbZpVx>aSZ_arq$a0 Ga?lrhSvbaGo-m^q` w`i)q*EaYb# qjrcblqb`sp z" bbDqYb.bH,v phb sP zbEbpb;bzvhb'luibdos6rmtbwb5vM3Hbl?unbsWT{rFUbKHbT3vPbC'bK1:zB4vCiblSubLszLb_bV zXuuJbHolStGb8pir;bb{b.ba)zQt*>bl4sbb~tuybbwqP5b\MlXmpd[gba%s w brqu=brblXuW}um bB3lasuSbc r q"Za>a0v.vbBa{"z b #lq} bHrFpHbW{otbolat:b?;rhrgbN bz(qkb{>zb%=lp bwbr&z[MNwbbzz>Ruaoz r09`% `C1x[a ia]sdv}a0l:z%1b bu b$afswaNo}p iaRpnsy<#an`Rpr `Dam rlu".bIslpbUbup`btbR+zwK6rnb5l~q:bcspuVbbtH4H;b#lvi~bsRw2bxbet(Mb,bEw's@b/lysQbfspJbX bRrVpH[b~lf~3qa@,b@ sBtL$b%b+zbbcrzT6<bI^lU8wSChbNT:bK{tw9bBbcqTp<_blt"bozswbb&:zVb(bvubzrst`bP5hb~{,b<[b,Qyv3p2Jb=lmp ]bis}ul/by [bblqzhDHj~b l-w ap-v b5Gb
ues7`bKl(Lq(b9 s5tRb(b ukFb\?b v ubsubb,{b{Zbvp}b<lzxbBQs;qbb_qH bUlGt bsuZbbNt bbt s{b|R{ /ubOesFuZ2bUbq5{7b' l]{cbcfssAPbeIborJTb DbXvqL pNHby,l~L3q{8bs4bBqAgb6[bapSvDbVl|rSwsaptaXaO"t``Gqnv. ag>/pvzYaha Zu a azw 5s{3aWoAr]Ca{a\ptg.aMKa,vKaEon{vatp9u bETbsbibtqeYb)lHrb sTwuJ1bbzpTbblvvDbsVqu7bbpqbBbRvw?b*lpb/bZ@q`bTbhv>R t a9owSb#s7Bv qIbdbd+IwlUqa>aUr&v^las$ Hvb ob,uUbaIbq mgp Ibtl]wJ jbVswbWbpHVbl[ v@b?s7rL%bbz*bZ_b.Zv0wbl5Ir,bs^{bbRbwdudbI lV{b6s&>{mSbb?tbU,\bG KvUvE(bWn^l{t2bhb]r|bb4)q'{7bl|rh bBxsqP p} b bw9sZcbCbswW2bls+Et]tb  b$uOalaMzpe3sa io%s&a poEyL aVam:x(qK/a_zonqcap;ppvJa`auZ@a$FazpD7xVBLa5voQvxaf[phNt?a>a Zp6qtb ljs- bszub bwJb bvpkb,lw1bb*wbVbbq zKbQl=q!bsRzobbwsbbpSq!bCUs  z<#a1arWavb*~t+{-bmMell-ww a6 0p0vsyKJa_@b<.Ctt'HkbZl 3Er}"b s ,{|:bKHbKWwA bFkbPtjpbT!l vbs ~rb4@bvvb.8lGppbrszH{EbbtIbqb}s {blut*b(bAvb#bGs0rr$b^sovWIbzb|iw~b~YEbR tDsAbl6lu'vaOpwtab%w-HbE[l$uXba[sUfwZb bltC\b,b@t  s(a oOsDa)Fp>v.acarfNtUA wT'aWo paipe'yG,ar9a%rOaUhawura9opa da paawx{aop)aVs=,v bYbh1sb/bt rb^shtfbbv_/bbwPu?bltz b s<Rrg$bpbwH b3 l:p(blqbNrJ wb7bmKt{q2b yETtAb!.fl&zb
b-bLphsb\st\rpG.bbbvd{m?b{|bzsa6uskTblIlrms,Pb s60s<wa0av K)3ah3o= y b sezF$b&pbzxbb?qXp1_b-Ul-Huba s qb gbq;pb*lubs`q~b~bHDzlBbb6Eq6p%blu}b! bcz+bTbtqMp bltbst:ama{>b2b%s=v.b W@sJpmbG bMS{b bwmubl^v`bsu}Dbb}|wHxb9lfOpXb^suwb-bwNbWbSwF?qQ bOplG pbwsuubb:tntblqbGsCs~3b Bb>Zp9 aaw+sJaMo*@x`&a p" bb vtpbNl=q ap 'ra `%.r;ala u^rb's=t+ b6b?Tt9s@b!b"Lnt8[u=bb*lCBrJbcsz.b\bQ q|Hg RblTli= rnb}H swrsdsbsb|tt Dbkb s?{!aoC|s8^apybb<burKtubl.pb*sj-z b b({bDbru'b(olz2 bsbu5bbbspzb.s*w{b#*b wbwb#ts/bl;({:bJsz{bxbz.H.bouafWs01t -Cbb@yqr"b(0b~us.pxzbNVlt_b'IsSv@b[b_5qFqOb*l sbI*sz#b*b.sqbbivis)b l{]b^KDbMd`pMlb\bvuub!lH1{.b=sJub:b,u bWbzc r Iq*a~ora3`q6u3.arta"x)es2au0wbUl)v. b!4q@AtKs9V`9dwu `Jo ^r]aNq-tb*~b$_Uq(x4{26b) z3qG*a6!l3wobiobF?'sYvr>b~+z pJ%Ub{lws}yhbst.rOwp^jbH bU[vSrA9vb|Tz{eqzbhr15Pp4aKaatpaO!a{fxFsblJEzHEbYHvr[]w(bNbq(r:b`lh!vbrk rYbb =w&tbF{ubk+szfbLbvtHqblXwbs'u+bbq|pdmbhpb2+sktdbl{[8bPp>v *ab?s Uzbblul`V{|^bbhsgozc.xbCZb@D1zBbMbH>s_BXqKbQ lJ.;zbhbugb bsQq!0bl"zUb<s%vUbbKubq2b qNr:Db-svub7 bqbbw|qzw4blzEbF{@sis *fb:&b<qKaRoZ"rrap,x<Ja\VaBva=a `ucp!=a@Co =t`zq.raP(ausza^Bl4rv:b/Zs?v?b#a3qfaXb0sq %urbSlsbbLNsoUbovbk9qz{ybJIlB {GjbsPmpH~bS|b\{WmVbmb,qvapYx`d`6wdV3b&PbqprSr}@bAdGlFUqb Lsbwsb&\b)tHbUl)z",b sONz52bebfp^bvXb%vrpb&bls#vTbHsz'bb=r^Mp b=<lu b}ssZbjbwIbat+ uBb;~lsgbFbAuSzbv.bu2tnbsCbDvTlhpibAsEf+tFXb]b<ub>bnzJsbsRr"b^bAvPbBbtsblY{#bs{?b3DbtHC3bYl v3bsIr2b3b{b-b]rU!.spMbhc{*sspa;oCwGaaXdav^r}rMav`tao wC(aVip& wI`}`q+yPaEo'ua0>b1Bq2b+b-ps0z#a0ovb9shqaA~bKbbIgzMR b[bHpqvepO)Jbgs~qWbSb.zbFb q8pb%lLMu]RTb|ssgqsb7yary:
sa+a35t)t ha`oxwma`a|aQ|w^qa6%aYtg!vao)<s,a pzwaga,p.JaaMwwSaLRp ra^tb48r&QbPyb`ujtLbYlKH{AbIYsLsob} tborS%H~$bzh ll qhkbtspusi+b~nbmpo;bsY<bpiwasvbB lDxqqENb`s8pb\bV%Zw@ztLvbDdln=tz4kbjks6E_v4aaqPapardr[aVo]pTaF kaPDu``iq{{byulo s]-bXrsRwp*b[bLKu5bQbrbwKb@sntWbb7q2zb brus|blv+Pb s{b7b[q re@Hb"ebhl6sbvFs[xv"bSbgLu/RJu'FaSoyb"h`sK{XbOnbFms4bbuoZvb/o/yaxXafp(aataIHws2aRoEr+i`Uq+s`OB`A;t`q`br4Ppa.2pqkr`]`2r`7d`}IpZu`x1 uaiy$oIx#aq7wUKaux^yWaojxa_qwaNvat y&a{8Rdz'nbNlq4{cbK bA w[zGbA\ubfpzlbqvl{r~bb r>np b bt z$vob|^wulbr !tcb =bui~ty4uoWbr$wgzucbslxestqb gr w{b/_yadrNwaN oQ`=uP*aG qC_xF}aTtaD1rVUuHa~]yqx#L`2nuv`jb`grh@{dH|fbF6lS[qj6bsW Tsbsb#wbb v{?blwHbN}1sBarJbb Zvu blXr[ObLs_siy8bhpbt={h_bQUb^7fqC^v}INb_ocsea a; taKbscurR]b!lqj b su']q gxb$auPQa`mxa6gpHrG aapyaAa s4``r8q`Knr,`IPp*s?<a*`rJ&`nbv@` q#u<P`j`va5apj;wY8ao(xG a~ px snbaB&aI[sF7RvPaO3oJdpNap_Dy;3ab6s'bbzvqu9b}zlif3qh bvba v{beb gz v ]b>dl? z:1as|r=zb:SPbYv+bzb~r s?b1p LtbJb+w! b0bz++Vq0b#owaDjp(sb1=a awbKtayIoYv^aPpXxuEQaHvXahsta=xa%zUqTb l tx bls5t,b2R)b{JqirX b lpiPbsrbbV~t|ObgburYwbZltbgbtb-brN qbslS s@|=bV5sEs stb6a|r.aW'NaOnqxqb;sz3ZrCWb bvsbYvbnYp,K r>aoXpw0a=no}rla+q;q,Kfvr`>Fwjs3 `.niq `,p:pd `,[a5v?mt-`Znxu`ns`m,`Fwu6`RRxP@ua9 ojr{.|aw qwtqc+ab~na vNtLa` v~}r|apqxuh}2aVE=aqwvaGu8 t"?bX2l^Ytv\bi0]rcOvzGbgZbr>r [s3b l u*4b45r$sa~aq$er,bb<Yu nqKfb lVtvbbJs$H7C[b5[l$v t=a b& |p24w ax_ayL aYiaqur ry
