High_resolution/powerplant/Shangrao/OMI_NO2_200707.asc
ncols      200
nrows      200
xllcorner       115.451
yllcorner       27.0350
cellsize     0.0166667
NODATA_Value      -999.000
[rows 116 to 144 of 186, columns 0 to 66 of 200]
2.34258 2.33439 2.33299 2.33049 2.32175 2.31204 2.30241 2.29350 2.28625 2.30524 2.39770 2.50856 2.69642 3.19732 3.26263 3.32849 3.51099 3.50030 3.49287 4.05121 4.20186 4.12075 4.10859 4.02211 3.94448 3.84307 4.15004 4.19065 4.21003 4.67183 4.80133 4.84463 4.85896 4.87231 4.88630 4.90068 4.91562 4.93103 4.91785 4.72778 4.59455 4.02258 4.00957 3.24862 2.93454 2.22363 1.97967 1.98929 1.90226 1.89986 1.90280 1.94622 1.97467 1.99498 2.01520 2.02650 1.93093 1.85261 1.76504 1.72047 1.73269 1.69050 1.69560 1.69964 1.70371 1.67203 1.62065
2.31701 2.30170 2.29614 2.29483 2.29956 2.30540 2.30978 2.30998 2.30998 2.31163 2.38643 2.53728 2.58201 3.21191 3.30621 3.32737 3.57050 3.66401 3.77425 3.93176 3.97898 3.97372 3.91149 3.89851 3.93206 3.80573 4.13142 4.23781 4.26876 4.49781 4.78235 4.83093 4.82977 4.82977 4.82977 4.82977 4.82977 4.80854 4.66833 4.33181 4.13892 3.36516 3.18108 2.71931 2.39697 2.26948 2.08451 1.99588 1.93026 1.93614 1.95284 2.00469 2.02216 2.01995 2.01426 1.99895 1.94485 1.89477 1.75404 1.70902 1.69305 1.70097 1.70583 1.70465 1.70347 1.69340 1.61050
2.46057 2.44848 2.44607 2.44332 2.44043 2.43286 2.41960 2.40859 2.39776 2.38903 2.45549 2.59615 2.63946 3.24108 3.56304 3.70278 4.01634 4.13861 4.17446 4.17354 4.21385 4.25498 4.20093 4.13396 4.13396 3.99163 4.16200 4.34195 4.34348 4.39917 4.76774 4.80312 4.76025 4.61830 4.47633 4.33630 4.19853 4.07975 4.05622 3.93536 3.88004 3.45723 3.27070 3.02185 2.57117 2.52627 2.24478 2.08383 1.89737 1.86164 1.84868 1.85860 1.86740 1.85374 1.84356 1.84303 1.82607 1.80109 1.66964 1.63300 1.60983 1.68243 1.70073 1.70073 1.70073 1.70073 1.61257
2.46465 2.43841 2.41555 2.40472 2.39388 2.38767 2.38761 2.38804 2.39797 2.46368 2.62985 2.86790 3.06634 3.46462 3.93021 4.08718 4.20398 4.33187 4.33187 4.33063 4.27524 4.30500 4.24975 4.13396 4.13396 4.04389 4.05581 4.37141 4.41155 4.43124 4.33901 4.15860 4.02727 3.99656 3.90087 3.75441 3.60786 3.46120 3.32155 3.20606 3.09782 2.86547 2.67808 2.63671 2.50242 2.49864 2.20830 2.07497 1.84112 1.80438 1.80438 1.81592 1.84303 1.84303 1.84303 1.84303 1.83615 1.80109 1.71383 1.64407 1.60404 1.66188 1.69293 1.65789 1.62053 1.58314 1.50430
2.46588 2.41948 2.41736 2.43114 2.44493 2.49405 2.61071 2.72861 2.83695 2.88952 2.91782 3.01640 3.13885 3.30142 3.88430 4.08778 4.14010 4.33187 4.33187 4.33187 4.29192 4.34742 4.39491 4.32407 4.40354 4.44322 4.35870 4.36250 4.24579 4.16040 3.69962 3.39037 3.18041 3.06265 3.01233 2.97594 2.89342 2.81064 2.72783 2.68837 2.76690 2.74338 2.64092 2.64092 2.53000 2.49867 2.29872 2.13968 1.85119 1.80438 1.80438 1.80892 1.84303 1.84303 1.84303 1.84303 1.84286 1.80446 1.75803 1.64528 1.60896 1.57416 1.52257 1.47928 1.43887 1.40596 1.35102
2.64091 2.54639 2.61091 2.71425 2.81872 2.88788 2.88952 2.88952 2.88952 2.88952 2.89234 3.03698 3.22864 3.32174 3.93815 4.27080 4.33702 4.63647 4.74070 4.84374 4.90426 4.97993 5.01313 4.87819 4.88642 4.89142 4.52434 4.00693 3.81205 3.76935 3.46338 3.13278 2.90182 2.81608 2.73331 2.68671 2.68651 2.68651 2.68651 2.68651 2.74419 2.76909 2.64691 2.64092 2.56178 2.49867 2.38921 2.16586 1.89644 1.80813 1.80378 1.79918 1.82657 1.82268 1.81632 1.81019 1.80085 1.73951 1.68626 1.54144 1.50310 1.47361 1.37512 1.30465 1.26858 1.22708 1.20819
3.12863 2.94811 2.87994 2.84917 2.83685 2.82455 2.81224 2.79993 2.78760 2.77529 2.77092 3.31067 3.58890 3.71598 4.21993 4.68219 4.82326 5.02010 5.10756 5.10608 5.09825 5.02632 4.98783 4.81317 4.71336 4.67763 4.44563 4.00887 3.66576 3.59194 3.33795 2.74867 2.69158 2.68651 2.68651 2.68651 2.68651 2.68651 2.68651 2.68651 2.71961 2.77144 2.67631 2.64092 2.59359 2.46981 2.41498 2.11843 1.91975 1.78245 1.76411 1.76384 1.78492 1.79459 1.79635 1.79222 1.63779 1.60223 1.54583 1.46295 1.39730 1.33450 1.26945 1.20777 1.20777 1.20777 1.20777
3.16687 2.87480 2.82236 2.80653 2.83336 2.86088 2.89304 2.94582 3.00253 3.06073 3.11802 3.57455 3.96473 4.10410 4.22171 4.71857 4.85926 4.96229 5.09976 5.09787 5.09611 4.93884 4.86028 4.75475 4.59697 4.52025 4.26697 3.86945 3.43219 3.43324 3.34508 2.76934 2.68651 2.68651 2.68651 2.68651 2.68651 2.68544 2.68259 2.67977 2.68574 2.75880 2.69342 2.62484 2.60909 2.43104 2.32585 2.10208 1.93493 1.75471 1.73199 1.72293 1.74466 1.77003 1.72319 1.66344 1.51090 1.41715 1.37499 1.35974 1.33644 1.31522 1.30016 1.20400 1.19573 1.18857 1.18133
3.56523 3.26050 3.12558 3.07240 3.10007 3.12772 3.15095 3.15357 3.15357 3.15357 3.15315 3.41993 3.88590 4.09066 4.07278 4.64173 4.88313 4.94299 5.11804 5.12182 5.09989 4.93207 4.59577 4.51923 4.52464 4.53339 4.39405 3.99841 3.42841 3.36018 3.30936 2.89114 2.63827 2.63680 2.63530 2.63382 2.63231 2.63198 2.63360 2.63524 2.62908 2.64253 2.54719 2.35309 2.26522 2.02310 1.90748 1.91315 1.84919 1.61817 1.57063 1.51550 1.49326 1.50243 1.48576 1.49302 1.44163 1.36824 1.28568 1.26165 1.21295 1.17645 1.16327 1.07503 1.04965 1.04615 1.04267
3.72812 3.50925 3.20291 3.08491 3.07477 3.07116 3.06763 3.06397 3.06088 3.07998 3.10708 3.25276 3.84319 4.14432 4.15586 4.53848 4.88729 4.87596 4.96089 4.92146 4.88453 4.81810 4.35513 4.33191 4.46549 4.42637 4.33288 3.91141 3.35726 3.21568 3.20878 3.02331 2.57371 2.56432 2.55505 2.52130 2.43504 2.34700 2.25880 2.17075 2.09060 2.11799 2.14146 1.98464 1.96996 1.85383 1.72811 1.69494 1.67681 1.39045 1.37765 1.38406 1.40355 1.49838 1.49834 1.49253 1.46918 1.34067 1.22604 1.18226 1.14703 1.12423 1.11808 1.07588 1.02476 1.02476 1.02476
3.71185 3.62339 3.18495 3.10796 3.11217 3.14239 3.17264 3.20289 3.23269 3.24025 3.24025 3.24183 3.82451 4.04621 4.06340 4.23662 4.61684 4.61973 4.65211 4.68077 4.68077 4.68077 4.33122 4.21138 4.37209 4.38927 4.38881 3.97159 3.45093 3.11552 3.06488 2.90906 2.27744 2.18762 2.10890 2.05174 2.03163 2.00810 1.98167 1.95524 1.92872 1.92120 1.98254 1.94381 1.95650 1.97337 1.63378 1.59366 1.63413 1.42873 1.37504 1.37504 1.37559 1.46699 1.47306 1.47306 1.47306 1.35583 1.26043 1.18226 1.15885 1.13064 1.11392 1.10638 1.02476 1.03445 1.05593
3.71553 3.67555 3.27604 3.19791 3.23549 3.22810 3.22075 3.21320 3.18491 3.14223 3.09961 3.06028 3.52218 3.86457 4.00115 4.05984 4.54989 4.58182 4.61721 4.68077 4.68077 4.68077 4.47469 4.21130 4.32416 4.24185 4.06144 3.59274 3.07826 2.60288 2.54658 2.46285 1.98560 1.85174 1.82522 1.80154 1.79333 1.79092 1.81610 1.85391 1.89182 1.92951 2.00757 1.98930 1.96721 1.96753 1.73841 1.59277 1.62315 1.48723 1.37504 1.37504 1.37504 1.44633 1.47306 1.47306 1.47306 1.39356 1.29663 1.18226 1.17070 1.13705 1.11385 1.14074 1.10021 1.12354 1.14848
3.74321 3.70567 3.34534 3.11788 3.17058 3.13539 3.10010 3.06498 3.05062 3.05062 3.05062 3.05062 3.36816 3.79354 3.97981 3.89420 4.36073 4.41251 4.37038 4.36766 4.22582 4.06688 3.83204 3.25121 3.09240 3.03797 3.01252 2.82992 2.60261 2.41285 2.39324 2.34880 2.01395 1.79051 1.81369 1.85158 1.88946 1.92670 1.93938 1.93938 1.93938 1.93938 1.98737 2.00031 1.96721 1.96723 1.85323 1.59277 1.61127 1.54245 1.37504 1.37504 1.37504 1.42628 1.47360 1.47566 1.47779 1.44133 1.33645 1.19855 1.20632 1.17634 1.13437 1.18551 1.29005 1.38388 1.48112
3.75994 3.64097 3.39017 2.96891 3.03907 3.04196 3.03497 3.02798 3.02100 3.01398 3.00699 3.00001 3.05071 3.17380 3.39938 3.40235 3.64436 3.72486 3.62232 3.49228 3.45146 3.43383 3.42955 2.99562 2.89107 2.86928 2.86286 2.75279 2.53605 2.32816 2.33381 2.36431 2.22877 1.92472 1.93938 1.93938 1.93938 1.93938 1.93938 1.93938 1.93938 1.93938 1.96619 2.01058 1.96797 1.96722 1.96262 1.61252 1.60358 1.60061 1.38348 1.38531 1.38714 1.42209 1.48836 1.47475 1.45970 1.44185 1.39518 1.26850 1.22509 1.35402 1.45150 1.51999 1.62883 1.64814 1.64814
3.49442 3.41718 3.32561 2.93355 2.94381 2.98225 2.98090 2.96939 2.95573 2.94441 2.94301 2.94280 2.94780 3.08166 3.29010 3.34717 3.36928 3.45353 3.47299 3.45204 3.45454 3.47742 3.50031 3.18209 2.86844 2.85413 2.87603 2.87869 2.65332 2.48757 2.44585 2.44585 2.38060 1.97460 1.93938 1.93938 1.93938 1.93942 1.94708 1.96000 1.97237 1.98444 2.00175 2.07351 2.05167 2.05324 2.05847 1.74833 1.61018 1.64398 1.39354 1.36973 1.35962 1.36076 1.40408 1.39797 1.40053 1.45955 1.53276 1.51499 1.50098 1.57684 1.63507 1.59836 1.64117 1.64814 1.64792
3.42794 3.33544 3.27504 2.96074 2.83713 2.91082 2.91191 2.92325 2.93664 2.94777 2.94893 2.94893 2.94893 3.06038 3.22848 3.35668 3.38184 3.48692 3.52068 3.50186 3.51552 3.50875 3.44892 3.20797 2.92479 2.99740 3.02812 3.02778 2.77081 2.61379 2.48586 2.47902 2.44923 2.17931 2.05380 2.06663 2.07901 2.09104 2.09736 2.09978 2.10219 2.10462 2.10702 2.16346 2.19046 2.21429 2.25658 2.11434 1.88446 1.75603 1.47397 1.40470 1.40841 1.46154 1.53600 1.61182 1.67981 1.69066 1.68399 1.62837 1.51163 1.53061 1.64547 1.59181 1.61482 1.61642 1.60654
3.27054 3.17751 3.17548 2.99542 2.75046 2.86136 2.85552 2.84978 2.84382 2.83805 2.83288 2.84162 2.83318 2.88909 3.00479 3.15446 3.11211 3.13218 3.14417 3.03879 3.03533 2.90057 2.81711 2.81208 2.81785 2.95939 3.02640 3.02594 2.83587 2.67965 2.45991 2.45452 2.45583 2.33008 2.08690 2.07692 2.06690 2.05677 2.05812 2.08842 2.12030 2.15285 2.18577 2.25050 2.26948 2.22552 2.21196 2.13492 1.68288 1.63627 1.52016 1.57833 1.63093 1.63508 1.65212 1.65462 1.64991 1.64589 1.64789 1.64440 1.53807 1.54017 1.66846 1.63344 1.54510 1.49319 1.50251
3.31377 3.13252 3.06748 2.99338 2.66276 2.76269 2.76255 2.74418 2.72742 2.71100 2.69349 2.66242 2.64831 2.69366 2.78690 2.90914 2.77834 2.67860 2.67781 2.66686 2.73180 2.73862 2.72712 2.72020 2.71756 2.81070 2.90221 2.89279 2.76824 2.64221 2.33760 2.28880 2.29111 2.25657 1.99625 2.04191 2.08706 2.13218 2.16452 2.16597 2.17005 2.17058 2.16499 2.17342 2.20919 2.12172 2.05227 1.96348 1.86705 1.87235 1.63523 1.63528 1.63546 1.63546 1.65107 1.66444 1.66444 1.66444 1.66444 1.66444 1.56926 1.54652 1.62989 1.64884 1.57992 1.48492 1.50251
3.30273 3.19853 3.06748 3.01819 2.78720 2.66913 2.64651 2.64615 2.63659 2.62639 2.59385 2.46111 2.34128 2.23453 2.25032 2.41766 2.46370 2.47707 2.56885 2.59209 2.63464 2.67333 2.67333 2.67333 2.67065 2.73436 2.86018 2.85722 2.72404 2.51620 2.15349 1.95687 1.86475 1.92481 2.15484 2.19451 2.18899 2.18317 2.17714 2.17097 2.15276 2.08308 2.00814 1.93389 1.93447 1.92239 1.92050 1.90786 1.86229 1.89734 1.68889 1.63546 1.63546 1.63546 1.64542 1.66444 1.66444 1.66444 1.66444 1.66444 1.59761 1.54652 1.58778 1.66442 1.61458 1.47616 1.46684
3.35783 3.23009 3.06748 3.02817 2.83067 2.64483 2.57901 2.48897 2.36977 2.25128 2.14022 2.10971 2.10970 2.10970 2.21786 2.36160 2.46370 2.46471 2.54633 2.58758 2.60574 2.66280 2.65088 2.57430 2.47729 2.38911 2.34041 2.15531 2.02794 1.88178 1.79404 1.74990 1.73089 1.81395 2.03254 2.15311 2.14773 2.08762 2.01265 1.93788 1.87001 1.85804 1.85804 1.85804 1.90437 1.92496 1.92050 1.91235 1.85356 1.89734 1.75983 1.63546 1.63546 1.63546 1.64010 1.66444 1.66444 1.66444 1.65721 1.64389 1.59206 1.49929 1.49080 1.62479 1.69779 1.54839 1.43758
3.46029 3.24007 3.06726 2.95556 2.62372 2.30652 2.15556 2.11871 2.12057 2.12718 2.13399 2.13070 2.13538 2.14145 2.17293 2.25277 2.41921 2.39827 2.34569 2.27528 2.14614 2.01376 1.87108 1.79822 1.73971 1.69776 1.72813 1.72750 1.72491 1.68223 1.69996 1.71578 1.71135 1.69980 1.81987 1.94239 1.87273 1.85804 1.85804 1.85804 1.85804 1.85804 1.85804 1.85804 1.88332 1.92752 1.92050 1.91718 1.86439 1.87680 1.82025 1.61352 1.60208 1.59066 1.57951 1.58481 1.57216 1.55915 1.55529 1.55785 1.55027 1.45722 1.47685 1.51578 1.59023 1.43694 1.30600
2.79908 2.60264 2.47885 2.39579 2.34435 2.22081 2.17770 2.18048 2.18544 2.18566 2.18446 2.17117 2.15481 2.10985 2.05120 1.98384 1.90214 1.82131 1.79495 1.74806 1.74662 1.71233 1.70318 1.71045 1.71780 1.69932 1.71453 1.71871 1.71588 1.62757 1.55523 1.47021 1.38304 1.37644 1.59151 1.84969 1.85804 1.85804 1.85804 1.85804 1.85804 1.85568 1.83752 1.81634 1.80046 1.84532 1.81555 1.79448 1.77137 1.74111 1.79475 1.55086 1.54086 1.54305 1.54525 1.55831 1.56919 1.58823 1.60588 1.62129 1.63002 1.52723 1.50020 1.46678 1.50241 1.45474 1.32329
2.10560 2.09596 2.47150 2.44411 2.39301 2.27802 2.18569 2.16288 2.11185 2.05795 2.00498 1.95767 1.92587 1.92265 1.91590 1.87550 1.82399 1.81217 1.81025 1.76422 1.76338 1.74890 1.73205 1.73213 1.73170 1.68634 1.57265 1.47680 1.38991 1.37211 1.37759 1.37100 1.35537 1.35555 1.53225 1.76233 1.81983 1.79879 1.77764 1.75631 1.73466 1.71540 1.71359 1.71493 1.71631 1.78105 1.78834 1.75345 1.72014 1.64328 1.70475 1.59521 1.57863 1.59627 1.61407 1.63038 1.63478 1.62649 1.61766 1.61077 1.61027 1.54065 1.50334 1.50416 1.50942 1.54362 1.40214
2.22628 2.02276 2.36166 2.34391 2.24595 2.11640 1.95637 1.92211 1.92004 1.92135 1.92269 1.92715 1.93855 1.94040 1.94597 1.90887 1.86929 1.84141 1.84031 1.78214 1.75111 1.72715 1.68750 1.64734 1.60712 1.59210 1.39126 1.37565 1.38180 1.38765 1.39324 1.39640 1.38873 1.39430 1.40042 1.55636 1.73416 1.73416 1.73416 1.73416 1.73416 1.72247 1.67907 1.63404 1.58901 1.58604 1.58219 1.57703 1.61337 1.58572 1.70631 1.69025 1.63481 1.61868 1.59712 1.57783 1.56440 1.55110 1.53781 1.52453 1.51123 1.52695 1.57115 1.57058 1.54422 1.62394 1.61098
2.29984 2.02561 2.07965 2.09531 2.09369 2.06459 1.94943 1.94652 1.94688 1.94791 1.95243 1.95763 1.97235 1.97687 1.97666 1.94040 1.89501 1.82600 1.79524 1.72848 1.61379 1.59067 1.58640 1.58227 1.57824 1.57430 1.44511 1.36073 1.35305 1.34521 1.33719 1.35466 1.39516 1.39516 1.39811 1.46615 1.70940 1.66435 1.61917 1.57414 1.52913 1.49575 1.49465 1.50272 1.50743 1.51930 1.60193 1.57148 1.58138 1.62093 1.59493 1.59265 1.50364 1.49767 1.49709 1.49653 1.49632 1.49632 1.49632 1.49632 1.49632 1.50538 1.56808 1.56808 1.53697 1.62133 1.63120
2.29984 2.08470 2.06271 2.09063 2.07951 2.04979 1.97433 1.95070 1.96133 1.96558 1.96598 1.97330 1.98753 1.99105 1.97019 1.91907 1.84387 1.73792 1.74179 1.71546 1.51878 1.50994 1.50994 1.50994 1.50994 1.50994 1.43489 1.28289 1.28289 1.28289 1.28300 1.30469 1.40169 1.39858 1.39066 1.39099 1.43976 1.42753 1.41171 1.40240 1.39357 1.38506 1.37621 1.36530 1.36875 1.38470 1.49556 1.46035 1.46716 1.62659 1.53987 1.58733 1.50553 1.49632 1.49632 1.49632 1.49632 1.49632 1.49632 1.49632 1.49632 1.49632 1.55997 1.56808 1.55052 1.59446 1.62914
2.12625 2.05011 1.98188 2.03477 2.03883 2.04156 2.03008 1.99410 2.02071 2.02757 2.00823 1.97702 1.94238 1.91496 1.91277 1.89735 1.83536 1.75139 1.73392 1.73044 1.55440 1.50994 1.50994 1.50994 1.50994 1.51029 1.50251 1.29140 1.29410 1.30181 1.31074 1.31762 1.29720 1.26344 1.26322 1.27194 1.31335 1.34173 1.34753 1.35099 1.36658 1.38329 1.40004 1.41287 1.41371 1.41371 1.48419 1.46871 1.46092 1.59850 1.54273 1.58649 1.52998 1.49632 1.49632 1.49632 1.49632 1.49632 1.49632 1.49632 1.49632 1.49689 1.55313 1.59248 1.60445 1.59495 1.62697
2.05619 2.05570 1.96851 2.02536 2.03883 2.05658 2.07118 1.96652 1.94832 1.91757 1.91277 1.91277 1.91114 1.90470 1.89774 1.88849 1.83553 1.77639 1.73392 1.73392 1.60865 1.51663 1.52567 1.53471 1.54375 1.55244 1.55834 1.39228 1.34164 1.34529 1.35493 1.36512 1.31975 1.27909 1.28156 1.28888 1.32916 1.38872 1.39911 1.41255 1.41371 1.41371 1.41371 1.41371 1.41371 1.41371 1.45112 1.48499 1.46092 1.55891 1.56760 1.56864 1.55467 1.49942 1.51086 1.52321 1.53611 1.54954 1.56357 1.57823 1.59356 1.60862 1.64741 1.69757 1.68646 1.69464 1.76045
2.03762 2.05637 1.94548 1.92706 1.91353 1.86815 1.94328 1.88679 1.86802 1.86037 1.85174 1.84276 1.83577 1.84032 1.87521 1.91861 1.97440 1.95516 1.81486 1.83734 1.75563 1.57002 1.57002 1.57002 1.57000 1.54049 1.48493 1.39181 1.37976 1.38763 1.38994 1.40560 1.40417 1.35665 1.38431 1.41063 1.43170 1.47470 1.41407 1.41371 1.41371 1.41371 1.41371 1.41371 1.41371 1.40511 1.38919 1.44524 1.38449 1.42038 1.52895 1.64049 1.69758 1.61249 1.61267 1.61257 1.61235 1.61212 1.61190 1.60623 1.59140 1.57658 1.57309 1.62227 1.61017 1.69342 1.83896
