High_resolution/powerplant/Shangrao/OMI_NO2_200807.asc
ncols      200
nrows      200
xllcorner       115.451
yllcorner       27.0350
cellsize     0.0166667
NODATA_Value      -999.000
[rows 90 to 119 of 175, columns 0 to 65 of 200]
1.28490 1.38183 1.49450 1.61566 1.69177 1.71876 1.71876 1.71426 1.53110 1.52438 1.45199 1.10631 1.00136 1.00859 1.01580 1.02014 1.02018 1.02018 1.02018 1.02018 1.02018 1.02018 1.02018 1.02018 2.21491 2.21292 2.20904 2.03384 2.31071 2.30836 2.19644 2.11413 2.13834 2.16570 2.19310 2.20893 2.19532 2.16873 2.11750 2.19521 2.25052 2.33346 2.50939 2.44644 2.56256 2.75389 2.83767 2.88351 2.85840 2.83611 2.82354 2.81143 2.80811 2.80811 2.80811 2.91462 2.90364 2.90670 2.88803 2.80483 2.77418 2.63654 2.40676 2.39668 2.40680 2.40316
1.68588 1.74737 1.80884 1.86803 1.88065 1.71809 1.58515 1.43349 0.870886 0.347641 0.116672 0.117913 0.964620 1.02018 1.02018 1.02018 1.02018 1.02018 1.02018 1.02018 1.02018 1.02018 1.02018 1.02018 2.23715 2.24660 2.25642 2.13504 2.29278 2.36420 2.27228 2.26700 2.24969 2.22499 2.20162 2.20427 2.25531 2.30779 2.34544 2.44155 2.49466 2.51937 2.62059 2.56194 2.50978 2.73504 2.75549 2.80811 2.80811 2.80811 2.80811 2.80811 2.80949 2.82782 2.85091 2.93622 2.96018 2.92851 2.90681 2.80523 2.72743 2.68873 2.42596 2.44110 2.43829 2.34927
1.88416 1.82657 1.72551 1.62449 1.52338 1.19409 1.00772 1.00772 0.664376 0.102309 0.102309 0.102309 0.718567 1.02018 1.02018 1.02018 1.02018 1.02018 1.02018 1.02018 1.02018 1.02018 1.02018 1.02018 2.36377 2.36366 2.36366 2.28629 2.26533 2.35614 2.26211 2.22920 2.28703 2.33600 2.38501 2.41930 2.42052 2.42133 2.42224 2.42755 2.51791 2.52523 2.59465 2.58836 2.45751 2.68065 2.73542 2.80811 2.81234 2.81839 2.81827 2.81803 2.81644 2.79805 2.77479 2.81491 2.88230 2.86869 2.88625 2.86750 2.78848 2.77258 2.53246 2.47948 2.50857 2.42780
1.45384 1.41038 1.41038 1.41038 1.41038 1.28969 1.00772 1.00772 0.841069 0.102309 0.102309 0.102309 0.456331 1.02018 1.02018 1.02018 1.02018 1.02018 1.02018 1.02018 1.02018 1.02018 1.02018 1.02018 2.34611 2.29211 2.25012 2.24075 2.20117 2.43404 2.44981 2.40425 2.42110 2.42260 2.42473 2.42833 2.43198 2.43484 2.43581 2.41157 2.52024 2.52288 2.56870 2.60125 2.43798 2.58076 2.69408 2.77499 2.77280 2.76665 2.76563 2.76266 2.75973 2.76645 2.78191 2.80297 2.88582 2.85353 2.83282 2.79731 2.75466 2.76047 2.65709 2.56579 2.53266 2.41124
1.41012 1.39738 1.37650 1.35383 1.32921 1.26498 0.583913 0.454556 0.285865 0.102309 0.102309 0.102309 0.197888 1.01743 1.02018 1.02018 1.02018 1.02018 1.02018 1.02018 1.02018 1.02018 1.02018 1.02018 2.33378 2.39623 2.46592 2.49476 2.34805 2.50780 2.51612 2.41080 2.42993 2.43422 2.43575 2.43581 2.43581 2.42077 2.38928 2.33686 2.38255 2.40384 2.41989 2.50514 2.44831 2.50485 2.68103 2.76544 2.79979 2.82114 2.85341 2.89069 2.93059 2.96383 2.99189 3.01256 2.67810 2.60364 2.56504 2.54854 2.51557 2.57482 2.54825 2.44793 2.44551 2.40422
1.17364 1.15900 1.15900 1.15900 1.15900 1.15900 0.467649 0.102309 0.102309 0.102309 0.102309 0.102309 0.102309 0.851015 1.02018 1.02018 1.02018 1.02018 1.02018 1.02018 1.02018 1.02018 1.02067 1.08704 2.51157 2.49476 2.49482 2.49687 2.40520 2.46782 2.53593 2.42778 2.38736 2.36237 2.32875 2.29430 2.27043 2.26535 2.27525 2.29378 2.55624 2.73401 2.73393 2.72351 2.69979 2.68451 2.89612 2.96985 3.03629 3.05439 3.06423 3.04284 3.00735 2.97182 2.93635 2.91842 2.65454 2.51655 2.49447 2.48943 2.45711 2.53910 2.53904 2.46369 2.44408 2.44007
1.15900 1.15900 1.15900 1.15900 1.15900 1.15900 0.815913 0.102309 0.102309 0.102309 0.102309 0.102309 0.102309 0.589288 1.02018 1.02018 1.02018 1.02018 1.06911 1.18189 1.29478 1.40783 1.52039 1.56686 2.51478 2.50213 2.50515 2.50582 2.45915 2.36854 2.39113 2.32300 2.29329 2.31482 2.32260 2.32988 2.32677 2.32281 2.32191 2.31975 2.61716 2.94021 2.94103 2.85235 2.86520 2.76861 2.90851 2.95879 2.99624 2.96080 2.92682 2.91788 2.91009 2.89446 2.87883 2.86345 2.69087 2.48567 2.47602 2.47857 2.46291 2.52785 2.53860 2.49118 2.44865 2.46154
1.15900 1.15900 1.15900 1.15900 1.15900 1.15900 1.03805 0.102309 0.102309 0.102309 0.102309 0.102309 0.102309 0.343013 1.16352 1.27657 1.38957 1.50252 1.56659 1.56686 1.56686 1.56686 1.56686 1.56686 2.51042 2.44006 2.41900 2.37585 2.47342 2.37169 2.32671 2.29719 2.30347 2.31955 2.31605 2.31210 2.30801 2.30404 2.31725 2.34261 2.56234 2.98879 3.02663 2.88628 2.82080 2.68161 2.73293 2.83279 2.91265 2.89727 2.88164 2.86602 2.85818 2.85818 2.85818 2.85818 2.77698 2.48859 2.47635 2.47531 2.46999 2.51789 2.57491 2.56835 2.50492 2.51519
1.15900 1.15900 1.14514 1.05311 0.948829 0.844609 0.751218 0.231028 0.105092 0.128286 0.155558 0.182812 0.210101 0.254542 1.48989 1.56686 1.56686 1.56686 1.56686 1.56686 1.56686 1.56686 1.56686 1.56686 2.27111 2.21396 2.18059 2.16853 2.24696 2.28154 2.22525 2.21381 2.23562 2.28511 2.31014 2.33853 2.36717 2.39555 2.41629 2.43766 2.53142 3.02817 3.11343 2.96165 2.76123 2.69264 2.70741 2.78307 2.85384 2.85818 2.85818 2.85818 2.85818 2.85818 2.85818 2.85506 2.82744 2.45878 2.42007 2.40806 2.42405 2.54702 2.65572 2.65860 2.51357 2.44199
0.944406 0.840228 0.749868 0.737895 0.746640 0.760276 0.773911 0.542915 0.226435 0.230526 0.230526 0.230526 0.230526 0.230526 1.13541 1.56686 1.56686 1.56686 1.56686 1.56686 1.56686 1.56686 1.56686 1.56686 2.10380 2.11091 2.10265 2.08641 2.11448 2.27056 2.19839 2.22146 2.27687 2.35450 2.42508 2.44625 2.46713 2.48803 2.49901 2.49919 2.51979 3.02801 3.24687 3.22849 2.96925 2.83066 2.75968 2.77368 2.83584 2.85818 2.85818 2.85092 2.83999 2.83841 2.83683 2.83849 2.85768 2.57058 2.46884 2.45692 2.41209 2.41596 2.50100 2.44910 2.37218 2.32520
0.756185 0.769834 0.783470 0.796952 0.801843 0.801843 0.801843 0.705500 0.230526 0.230526 0.230526 0.230526 0.230526 0.230526 0.755381 1.56686 1.56686 1.56686 1.56686 1.56686 1.56686 1.56686 1.56686 1.56686 2.02933 2.05790 2.08361 2.10732 2.13902 2.35961 2.30175 2.32193 2.36120 2.42208 2.49902 2.51399 2.54805 2.58376 2.62117 2.66029 2.67672 3.03234 3.35050 3.35165 3.04069 2.87916 2.76795 2.78469 2.83270 2.87461 2.87349 2.88064 2.89165 2.89153 2.88974 2.88589 2.84533 2.57330 2.31998 2.26571 2.26647 2.29385 2.39279 2.32040 2.20242 2.06480
0.801843 0.801843 0.801843 0.801843 0.802543 0.810224 0.818870 0.819113 0.487092 0.498151 0.450634 0.230526 0.230526 0.230526 0.378354 1.56432 1.56686 1.56686 1.56686 1.56686 1.56686 1.56686 1.56686 1.56686 2.09298 2.14554 2.21410 2.24556 2.26906 2.42959 2.40253 2.40227 2.44242 2.50606 2.65125 2.67682 2.67674 2.67669 2.67669 2.67669 2.67669 2.89836 3.30057 3.35121 3.08372 2.84638 2.78583 2.78394 2.82057 2.88423 2.88000 2.87086 2.83294 2.76845 2.70346 2.63824 2.61134 2.50690 2.24525 2.13130 2.04245 1.96104 1.98544 1.92854 1.86149 1.77854
0.838458 0.844493 0.850006 0.855092 0.859465 0.860341 0.860341 0.860341 0.708025 0.603931 0.571571 0.230526 0.230526 0.230526 0.230526 1.33258 1.56686 1.56686 1.56686 1.56686 1.56686 1.56686 1.56686 1.56686 2.28326 2.31055 2.29762 2.29766 2.29766 2.38167 2.51002 2.50992 2.51198 2.55127 2.64254 2.67669 2.67669 2.67669 2.68401 2.78528 3.00053 3.31263 3.68887 3.94178 3.39985 2.70246 2.63075 2.62711 2.66769 2.67733 2.60540 2.53777 2.50314 2.49119 2.44298 2.38429 2.32134 2.23560 1.92013 1.77853 1.67290 1.59804 1.60402 1.61839 1.60854 1.60868
0.860341 0.860341 0.860341 0.860341 0.860341 0.860341 0.860341 0.860341 0.784569 0.603931 0.603276 0.286804 0.230526 0.230526 0.230526 0.952754 1.56686 1.56686 1.56686 1.56686 1.56686 1.56686 1.56686 1.56686 2.31274 2.31652 2.29615 2.28665 2.27877 2.29831 2.47509 2.46888 2.54548 2.74198 2.99862 3.30939 3.53049 3.75363 3.96808 4.09258 4.11033 4.10854 3.88207 3.94527 3.46805 2.42189 2.30909 2.25837 2.29468 2.31109 2.25815 2.19982 2.13714 2.07709 2.06549 2.02691 1.97265 1.91842 1.62063 1.47336 1.38052 1.38052 1.42080 1.47874 1.47874 1.49495
0.860341 0.860341 0.860341 0.860341 0.860341 0.860341 0.860341 0.860341 0.844044 0.606614 0.603931 0.409635 0.230526 0.230526 0.230526 0.573029 1.56686 1.56686 1.56686 1.56686 1.56686 0.00000 0.00000 0.00000 2.00977 2.10867 2.17517 2.26312 2.28862 2.31741 3.19450 3.54758 3.68981 3.73142 3.79122 3.99332 3.99771 3.99819 3.99819 3.99819 3.99703 3.98646 3.83391 3.71654 3.55889 2.28297 2.14403 2.09435 2.08834 2.06685 2.06698 2.03684 1.98261 1.92838 1.87572 1.86007 1.86007 1.86007 1.68170 1.51541 1.38052 1.38052 1.38666 1.45157 1.42340 1.40324
0.860341 0.860341 0.860341 0.860341 0.860341 0.846774 0.800721 0.753252 0.705801 0.623959 0.603931 0.502379 0.230526 0.230526 0.230526 0.272039 1.56686 0.00000 0.00000 0.00000 0.00000 0.00000 0.00000 0.00000 1.90457 2.19865 2.33200 2.55691 2.62257 2.68488 3.43039 3.83639 3.82737 3.79376 3.72263 3.97254 3.98966 3.97746 3.96067 3.94388 3.92604 3.83833 3.64487 3.32500 3.20014 2.06324 1.95252 1.92687 1.90058 1.89982 1.88417 1.86007 1.86007 1.86007 1.86007 1.86007 1.86007 1.86007 1.73895 1.48986 1.25224 1.18782 1.19284 1.43767 1.52113 1.56464
0.860341 0.845374 0.798881 0.751412 0.703961 0.670079 0.669709 0.693548 0.731105 0.769492 0.852816 0.958371 0.00000 0.00000 0.00000 0.00000 0.00000 0.00000 0.00000 0.00000 0.00000 0.00000 0.00000 0.00000 2.07918 2.51718 2.51812 2.61715 2.60586 2.59161 3.01431 3.71491 3.71114 3.69912 3.60166 3.77303 3.85055 3.75002 3.62871 3.50730 3.38816 3.34825 3.32484 3.10970 3.06407 2.27182 1.81607 1.75260 1.74275 1.78592 1.86007 1.86007 1.86007 1.86007 1.83480 1.78486 1.73497 1.68509 1.60984 1.34402 1.17940 1.12369 1.29103 1.55587 1.65141 1.65756
0.702141 0.669657 0.683247 0.719014 0.761024 0.810888 0.868953 0.887786 0.887786 0.896865 0.977336 0.977336 0.977336 0.00000 0.00000 0.00000 0.00000 0.00000 0.00000 0.00000 0.00000 0.00000 1.89293 1.89293 1.98489 2.42332 2.46924 2.51922 2.55751 2.55538 2.67595 3.67894 3.65412 3.55057 3.37284 3.33731 3.37371 3.34825 3.34825 3.34727 3.33162 3.31101 3.28680 3.09067 3.00971 2.55999 1.77399 1.77430 1.73898 1.76408 1.82037 1.77048 1.72055 1.67066 1.64605 1.64605 1.64605 1.63979 1.62201 1.32295 1.19884 1.14588 1.22682 1.51009 1.58988 1.56376
0.794722 0.851491 0.887688 0.887786 0.887786 0.887786 0.887786 0.887786 0.884589 0.867169 0.887120 0.859162 0.797961 0.00000 0.00000 0.00000 0.00000 0.00000 0.00000 1.89293 1.89293 1.89293 1.89293 1.89293 1.98147 2.28645 2.45847 2.46876 2.49427 2.36866 2.24624 3.15184 3.21951 3.20669 3.16075 3.14794 3.33748 3.31688 3.29626 3.27662 3.27167 3.27167 3.27167 3.15741 3.00945 2.87423 1.71236 1.71818 1.62291 1.58441 1.62563 1.61446 1.59439 1.57332 1.55080 1.52570 1.49934 1.48058 1.47744 1.21167 1.04450 1.02452 1.00870 1.36852 1.42142 1.42970
0.871580 0.852361 0.833176 0.813991 0.794772 0.775603 0.756401 0.737183 0.721212 0.719495 0.687020 0.640754 0.640754 0.00000 0.00000 1.89293 1.89293 1.89293 1.89293 1.89293 1.89293 1.89293 1.89293 1.89293 1.97095 2.01277 2.04577 1.94904 2.01166 2.00539 2.00539 2.75233 3.20165 3.18373 3.14173 3.05786 3.24114 3.27167 3.27167 3.27167 3.27167 3.27419 3.26819 3.08154 2.57892 2.33647 1.58083 1.54716 1.44546 1.39633 1.41750 1.43005 1.42823 1.42643 1.42504 1.42515 1.42515 1.42515 1.42578 1.25299 0.963966 0.973474 0.999791 1.32372 1.47113 1.50177
0.719495 0.719495 0.719495 0.719495 0.719495 0.719495 0.719495 0.719495 0.719495 0.719495 0.706490 0.657189 0.926287 1.89293 1.89293 1.89293 1.89293 1.89293 1.89293 1.89293 1.89293 1.89293 1.89293 1.89293 1.98922 1.89707 1.76638 1.76772 2.00273 1.98575 1.96513 2.38845 3.12657 3.12950 3.14540 3.04738 3.01069 2.89960 2.69560 2.48307 2.25283 2.00398 1.75586 1.71694 1.53991 1.38496 1.37532 1.39782 1.37327 1.36145 1.45045 1.48812 1.49111 1.49414 1.49717 1.50015 1.50322 1.50868 1.52775 1.47550 1.13163 1.14960 1.15071 1.33247 1.52368 1.55357
0.719495 0.719495 0.719495 0.719495 0.719495 0.719495 0.719495 0.719554 0.797746 0.919892 1.01997 1.23587 1.27994 1.86801 1.89293 1.89293 1.89293 1.89293 1.89293 1.89293 1.89293 1.89293 1.89293 1.89293 2.07880 2.01183 1.86892 1.80238 1.95220 1.98306 1.98999 2.08901 2.42086 2.20729 1.94570 1.64889 1.61885 1.66481 1.65080 1.63686 1.63138 1.63138 1.63138 1.64837 1.68551 1.40557 1.41983 1.42830 1.43189 1.37330 1.45991 1.50876 1.50876 1.50978 1.52446 1.54341 1.56234 1.57880 1.58105 1.57646 1.17791 1.15071 1.15071 1.22334 1.50988 1.55311
0.728258 0.719495 0.719495 0.719495 0.762017 0.888190 0.991950 1.07626 1.12311 1.15354 1.19029 1.25579 1.26684 1.66932 1.84243 1.65330 1.50802 1.40284 1.84300 1.89293 1.89293 1.89293 1.89293 1.89293 2.15122 2.18178 2.13399 2.04847 1.94956 1.92850 1.91930 1.91008 1.73387 1.68622 1.62168 1.60536 1.59390 1.63138 1.63138 1.63128 1.63040 1.62949 1.63076 1.63506 1.81507 1.44830 1.49050 1.49659 1.46377 1.39010 1.46181 1.53995 1.55888 1.57679 1.58105 1.58105 1.58105 1.58105 1.58105 1.58105 1.28743 1.17423 1.23795 1.31135 1.74571 1.57327
0.758977 0.719495 0.719495 0.838678 1.12207 1.15504 1.19212 1.23781 1.26682 1.26319 1.21728 1.16764 1.12619 1.19903 1.28078 1.27637 1.27637 1.27637 1.61151 1.89293 1.89293 1.89293 1.89293 1.89293 2.15358 2.14021 2.12084 1.99488 1.95730 1.95609 1.97773 2.00041 1.90028 1.82332 1.77059 1.74262 1.69223 1.69499 1.69772 1.70543 1.73910 1.77959 1.82046 1.86034 2.05083 1.69542 1.63790 1.70529 1.67906 1.74804 1.87690 1.59173 1.58105 1.58105 1.58105 1.58105 1.58222 1.62799 1.70205 1.78397 1.68132 1.47943 1.47996 1.47996 1.57400 1.46616
0.783719 0.700772 0.683160 0.681441 1.24665 1.23389 1.18145 1.13779 1.10084 1.07091 1.06450 1.06450 1.06450 1.11279 1.27637 1.27637 1.27637 1.27637 1.44126 1.88334 1.86949 1.89293 1.89293 1.89293 2.17739 2.24982 2.28359 2.15795 2.13532 2.09919 2.09919 2.09919 2.02763 1.86506 1.82202 1.79114 1.75247 1.78683 1.82702 1.86406 1.86890 1.91913 1.99663 2.05375 2.20196 2.15899 1.90541 1.92017 1.81591 1.81358 1.87007 1.69742 1.58875 1.64896 1.72525 1.80976 1.90218 1.93557 1.93557 1.93557 1.83989 1.49962 1.56115 1.62407 1.72335 1.65891
0.830032 0.649217 0.646911 0.648536 0.964132 1.06450 1.06450 1.06450 1.06450 1.06450 1.06450 1.06450 1.08173 1.14598 1.33730 1.35941 1.37906 1.39662 1.45041 1.80244 1.80505 1.89021 1.87992 1.86061 2.25605 2.34766 2.34766 2.23857 2.14259 2.10222 2.09728 2.10992 2.12852 1.94767 1.96864 1.95628 1.92912 1.98899 2.06392 2.11979 2.16721 2.17561 2.16068 2.15923 2.19232 2.32060 1.89616 1.92017 1.85533 1.87842 1.97599 2.07293 1.92181 1.93557 1.93557 1.93557 1.93557 1.94265 1.95253 1.93752 1.90494 1.65531 1.64911 1.64164 1.64180 1.70573
1.18468 0.757053 0.650289 0.655923 0.860481 1.11833 1.15964 1.22103 1.26479 1.30504 1.34207 1.37644 1.39844 1.39916 1.41677 1.42154 1.42154 1.42154 1.41897 1.71375 1.77928 1.80768 1.82106 1.82106 2.19658 2.34667 2.34545 2.30359 2.20676 2.21234 2.23596 2.26429 2.26469 2.06746 2.13318 2.25827 2.23644 2.18072 2.16343 2.15923 2.15923 2.15923 2.15923 2.15923 2.13627 2.32627 2.09741 2.19828 2.16843 2.06820 2.07624 2.13924 1.76838 1.71687 1.69933 1.68927 1.67973 1.66469 1.64245 1.63782 1.63532 1.68362 1.69192 1.68827 1.68636 1.72503
1.41568 1.17820 0.957523 0.991637 1.01588 1.28809 1.32691 1.39916 1.39916 1.39916 1.39916 1.39916 1.39916 1.39916 1.40980 1.41437 1.40794 1.40149 1.39762 1.57248 1.76646 1.78662 1.82106 1.82106 2.15589 2.32156 2.34315 2.34315 2.34315 2.30738 2.26469 2.26018 2.24500 2.09398 2.04725 2.23721 2.21571 2.15923 2.15923 2.15914 2.13305 2.08864 2.04029 1.98903 1.97026 2.08087 2.11274 2.11922 2.08318 2.00975 2.05903 2.07922 1.69927 1.69378 1.70531 1.70594 1.70442 1.70293 1.70156 1.70234 1.70523 1.74421 1.77497 1.77597 1.77879 1.80797
1.53351 1.40986 0.995923 0.995923 0.995923 1.22744 1.29893 1.39642 1.39916 1.39916 1.39889 1.39514 1.39031 1.38548 1.38639 1.39758 1.39758 1.39758 1.39758 1.47731 1.76646 1.77562 1.82106 1.82106 2.15549 2.26999 2.34315 2.34106 2.32529 2.29172 2.21489 2.20361 2.18221 2.07320 1.91497 2.24157 2.23072 2.11802 2.07277 2.02794 2.01465 2.02154 2.02841 2.03357 2.03385 2.05840 2.10641 2.14668 2.22394 2.26049 2.27103 2.25787 1.92482 1.74289 1.73527 1.73267 1.73194 1.72842 1.72461 1.72081 1.71822 1.74156 1.78873 1.78873 1.78873 1.80259
1.53351 1.52636 1.03250 0.995923 0.995923 1.13898 1.29492 1.37453 1.39167 1.38684 1.38227 1.38119 1.38119 1.38119 1.38269 1.39758 1.39758 1.40075 1.41266 1.43547 1.75247 1.76790 1.81932 1.82106 2.14487 2.14416 2.23172 2.16402 2.10466 2.04939 2.02032 1.98593 1.93097 1.88335 1.83031 2.10493 2.22339 2.08297 2.03385 2.03385 2.03385 2.03385 2.04154 2.06878 2.09697 2.13611 2.19640 2.19738 2.26516 2.26680 2.16168 2.17894 1.99677 1.72910 1.72530 1.72149 1.71842 1.71814 1.71814 1.71814 1.71814 1.72523 1.78868 1.78873 1.78873 1.79191
