High_resolution/powerplant/Shangrao/OMI_NO2_200803.asc
ncols      200
nrows      200
xllcorner       115.451
yllcorner       27.0350
cellsize     0.0166667
NODATA_Value      -999.000
[rows 29 to 57 of 175, columns 67 to 133 of 200]
4.03489 4.08091 4.08654 3.49404 3.50073 4.33087 4.37933 4.42588 4.03120 3.39069 3.39194 3.39307 3.39327 3.39327 3.41706 3.61773 3.61580 3.61365 3.61150 3.60935 3.60720 3.60505 3.60290 3.52406 3.04199 2.50608 2.52023 2.50629 2.49822 2.34379 2.32977 2.36726 2.42316 2.43729 2.45160 2.46578 2.48001 2.52040 2.64791 2.55606 2.71150 2.84643 2.85526 2.85526 2.85526 2.35186 1.86420 1.86420 1.80302 1.46745 1.47155 1.52747 1.52891 1.58167 1.93341 2.12286 2.20772 2.29244 2.37161 2.20272 2.11440 2.12835 2.14226 2.15621 2.17015 2.18406 2.22522
4.37954 4.38198 4.38079 3.92699 3.46463 4.42255 4.46149 4.47199 4.33833 3.44164 3.45124 3.46083 3.47043 3.48004 3.48613 3.58413 3.60131 3.60163 3.60194 3.60225 3.60256 3.60287 3.60318 3.58924 3.25349 2.72302 2.71806 2.70264 2.68935 2.58350 2.49389 2.50281 2.56031 2.58156 2.70185 2.84844 3.01284 3.15660 3.16892 2.94358 2.87295 2.87392 2.87488 2.87584 2.87681 2.58593 1.88768 1.88865 1.88830 1.52643 1.58245 1.73044 1.84702 1.94674 2.29935 2.58639 2.60216 2.61375 2.62539 2.45629 2.22584 2.22584 2.22584 2.22565 2.20957 2.18325 2.16936
4.29167 4.17986 4.06437 3.71356 3.33632 4.21850 4.47924 4.47457 4.46933 3.53589 3.40959 3.40460 3.39949 3.39447 3.38938 3.45509 3.49375 3.48868 3.48364 3.47856 3.47353 3.46842 3.46341 3.46004 3.24301 2.65043 2.59126 2.61024 2.71129 2.67219 2.64045 2.78197 3.00894 3.16927 3.18671 3.18671 3.18671 3.18671 3.18671 3.03365 2.88881 2.88881 2.88925 2.90276 2.93618 2.94810 2.20994 2.32554 2.43372 2.31017 2.26263 2.23755 2.18944 2.17962 2.32584 2.63726 2.63949 2.63949 2.63949 2.56607 2.20877 2.18246 2.15615 2.13009 2.11985 2.11985 2.12069
3.80421 3.80050 3.80050 3.60737 3.27343 3.85679 4.39533 4.39533 4.39533 3.73132 3.34551 3.34551 3.34551 3.34551 3.34551 3.38935 3.45999 3.45999 3.45999 3.45999 3.45999 3.45999 3.45999 3.45999 3.31286 2.77921 2.59713 2.60556 2.72580 2.74094 3.06274 3.10561 3.15906 3.18671 3.18604 3.17700 3.16544 3.15388 3.14232 3.08807 3.00678 3.02629 3.04536 3.05135 3.33780 3.38263 2.69626 2.58978 2.58978 2.44317 2.27238 2.26554 2.19078 2.18944 2.27991 2.58286 2.62459 2.60266 2.58075 2.55614 2.15975 2.11985 2.12107 2.14585 2.18477 2.23478 2.28523
3.80050 3.80050 3.80050 3.68310 3.35368 3.58866 4.39533 4.39533 4.39533 3.99608 3.34551 3.34551 3.34551 3.34551 3.34551 3.36242 3.45999 3.45999 3.45999 3.45999 3.45999 3.46002 3.46438 3.47187 3.40126 2.93415 2.61920 2.61196 2.69288 2.71349 2.89742 3.04967 3.07256 3.10764 3.09675 3.09423 3.09423 3.09423 3.09423 3.09245 3.05225 3.05135 3.05135 3.05135 3.25883 3.38263 2.86609 2.58978 2.58978 2.51640 2.27351 2.29708 2.20889 2.14306 2.23032 2.56076 2.71340 2.74152 2.76988 2.79817 2.59754 2.50020 2.54940 2.57508 2.58670 2.58711 2.58711
3.80050 3.80050 3.80050 3.75866 3.42340 3.33100 4.39533 4.39533 4.39533 4.26074 3.34551 3.34551 3.34551 3.34551 3.34551 3.34575 3.44975 3.45999 3.46283 3.45422 3.43481 3.41540 3.39164 3.36474 3.32722 3.00447 2.54776 2.54575 2.61160 2.66578 2.74820 3.01314 3.02872 3.09423 3.09423 3.09423 3.09423 3.09423 3.09423 3.08993 3.02305 2.97440 2.93541 2.89632 2.98446 3.19617 2.81779 2.34077 2.25591 2.14419 2.39147 2.32269 2.25913 2.21765 2.30174 2.68171 2.88937 2.89853 2.91243 2.92632 2.81903 2.58711 2.58711 2.58711 2.58711 2.58711 2.58711
3.81428 3.80050 3.80050 3.80039 3.46677 3.26348 4.26565 4.39533 4.39533 4.39533 3.47537 3.33699 3.31065 3.28376 3.25868 3.23892 3.29714 3.31462 3.29238 3.28161 3.28161 3.28161 3.28161 3.28161 3.28161 3.14276 2.55479 2.54575 2.58772 2.67715 2.69860 3.06178 3.12143 2.92094 2.85525 2.81616 2.77721 2.73817 2.69909 2.66444 2.63634 2.61612 2.61612 2.61612 2.57249 2.83797 2.57706 1.95896 1.93419 1.94057 2.22765 2.31695 2.31545 2.25576 2.29656 2.67405 2.99218 3.00430 3.01067 3.01704 2.99287 2.69496 2.70186 2.70950 2.72837 2.75706 2.78390
3.89565 3.80050 3.80050 3.79769 3.43973 3.09401 3.60056 3.85120 3.70423 3.55705 3.25622 3.14664 3.15358 3.16108 3.16677 3.16713 3.21781 3.28161 3.28844 3.31376 3.34118 3.36967 3.39932 3.43034 3.46260 3.40606 2.79198 2.67420 2.71182 2.84689 2.86486 3.19728 3.45047 2.90505 2.76315 2.78436 2.80534 2.82644 2.84757 2.86855 2.81497 2.66299 2.55386 2.45607 2.41668 2.72658 2.80185 2.07436 2.05804 2.05804 2.25540 2.42169 2.42169 2.38402 2.37332 2.68082 3.02087 3.07077 3.07546 3.10225 3.13189 2.87216 2.82333 2.83579 2.81430 2.78012 2.74601
3.38911 3.05644 2.90904 2.76489 2.53495 2.33491 2.65279 3.31825 3.32912 3.35205 3.31041 3.21886 3.23531 3.24393 3.23050 3.21619 3.24170 3.42449 3.41199 3.37468 3.33634 3.29738 3.25904 3.22039 3.18192 3.09157 2.96367 3.02823 3.04985 3.20841 3.22158 3.39834 3.86977 3.39934 3.03490 3.03459 2.97900 2.82725 2.68975 2.56678 2.49708 2.46421 2.46343 2.46318 2.46293 2.65246 2.83665 2.21392 2.05463 2.05442 2.16820 2.41766 2.41746 2.40974 2.40819 2.65830 3.01763 3.10988 3.10064 3.06929 3.03517 2.78649 2.58148 2.55110 2.54625 2.54625 2.54877
3.05606 2.80419 2.83246 2.84376 2.73177 2.49204 2.61914 3.20572 3.19485 3.17211 3.12703 2.95049 2.92659 2.91057 2.91644 2.92325 2.93285 3.11433 3.13376 3.14231 3.15108 3.15968 3.16841 3.17701 3.18570 3.18503 3.11842 3.28307 3.29167 3.23615 3.21128 3.23476 3.75245 3.30762 2.69262 2.56923 2.49366 2.49174 2.49174 2.49174 2.49174 2.46460 2.45743 2.45743 2.45743 2.53726 2.83296 2.38421 2.08678 2.11958 2.18374 2.54802 2.58158 2.58974 2.52817 2.67869 2.93314 2.93159 2.93159 2.93159 2.93159 2.82249 2.54944 2.58807 2.63676 2.68547 2.73165
3.19700 2.77665 2.73132 2.70900 2.71315 2.76805 2.74179 3.19530 3.20751 3.20751 3.20751 3.05658 3.03389 3.03389 3.03389 3.03389 3.03389 3.17993 3.24592 3.24592 3.24592 3.24592 3.24592 3.24592 3.24592 3.24592 3.14259 3.31724 3.31283 3.22914 3.14935 3.11918 3.01799 2.95544 2.49881 2.49174 2.49174 2.49174 2.49672 2.51517 2.53442 2.50989 2.51588 2.62529 2.72825 2.82558 2.98772 2.72896 2.23933 2.23933 2.23933 2.55025 2.60298 2.60298 2.54344 2.61751 2.90601 2.93160 2.93532 2.97512 3.02383 3.05730 2.74389 2.74267 2.74267 2.74267 2.74278
3.11582 2.79131 2.70831 2.70831 2.70831 2.76044 2.75817 3.09380 3.20751 3.20751 3.20751 3.10030 3.03389 3.03389 3.03389 3.03389 3.03389 3.12769 3.24592 3.24592 3.24592 3.24592 3.24592 3.24592 3.24411 3.22040 3.09369 3.21507 3.20574 3.16724 3.10219 3.12521 3.10508 3.05859 2.66133 2.59185 2.61312 2.70331 2.81612 2.90861 2.99431 3.03490 2.99213 2.99284 2.99284 2.99284 3.01066 2.90012 2.23933 2.23933 2.23933 2.46683 2.60298 2.60298 2.57244 2.63201 3.05297 3.06562 3.10314 3.10710 3.10215 3.09721 2.80836 2.72311 2.78959 2.85822 2.92672
3.11582 2.88864 2.70831 2.70831 2.70831 2.74823 2.76810 2.99866 3.20751 3.20751 3.20751 3.14407 3.03389 3.03389 3.03389 3.03389 3.03389 3.08066 3.24592 3.24592 3.24557 3.22625 3.18929 3.11535 3.03771 2.98199 2.95608 3.25754 3.35151 3.36166 3.28726 3.30269 3.38138 3.37771 3.14497 3.02137 3.09850 3.12302 3.12302 3.12302 3.12302 3.11490 2.99420 2.99283 2.99166 2.98975 2.99783 3.00984 2.28098 2.22858 2.22973 2.42769 2.73753 2.84676 2.93668 2.83163 3.22362 3.08432 3.06868 3.07636 3.13909 3.21268 3.10753 2.95346 2.95561 2.95561 2.95561
3.11582 2.98599 2.70831 2.70831 2.70831 2.73586 2.76810 2.91364 3.20751 3.20751 3.20751 3.18765 3.03394 3.03389 3.03301 3.00587 2.96639 2.92219 3.01513 2.93949 2.86037 2.80024 2.75775 2.75222 2.75222 2.75222 2.81185 3.41973 3.65525 3.75763 3.74162 3.72532 3.73236 3.63011 3.39737 3.11776 3.11585 3.11393 3.11202 3.11011 3.10820 3.10629 2.99945 2.97230 2.97156 2.97156 2.97598 3.07971 2.59251 2.45875 2.56063 2.65506 2.98059 2.98059 2.97982 2.85503 3.18174 3.25869 3.25641 3.32054 3.32959 3.32779 3.25259 2.93887 2.93708 2.93529 2.93350
3.11582 3.08200 2.70965 2.70831 2.70831 2.72352 2.76810 2.81695 3.15340 3.10801 3.06277 3.01764 2.84130 2.77449 2.71246 2.67607 2.65197 2.63894 2.72373 2.75222 2.75222 2.80909 2.94858 3.04258 3.12201 3.19266 3.23026 3.47104 3.61440 3.56829 3.46625 3.31220 3.27035 3.22238 3.17240 3.09931 3.07429 3.04436 3.01418 2.98420 2.95417 2.92409 2.82196 2.79668 2.87599 2.96278 3.05579 3.09187 2.79493 2.55601 2.55386 2.55405 2.91358 2.93813 2.93675 2.99605 3.29944 3.46209 3.30440 3.30440 3.30440 3.30816 3.33709 3.09189 3.14484 3.22011 3.29551
3.08914 3.04397 2.65619 2.54608 2.50087 2.45902 2.46987 2.43695 2.84802 2.86971 2.84783 2.82374 2.71066 2.63156 2.62378 2.61667 2.67449 2.79334 2.87288 2.88735 2.91620 2.90518 2.83556 2.78880 2.74431 2.69983 2.65570 2.76745 3.09945 3.07047 3.00317 2.86901 2.81269 2.77269 2.67619 2.58156 2.56552 2.56552 2.56552 2.61554 2.71825 2.83094 2.90762 2.85482 2.85725 2.85966 2.86207 2.88209 2.79926 2.56467 2.56708 2.56948 2.84874 2.96506 2.96747 2.99213 3.24646 3.60203 3.40210 3.44806 3.50416 3.55658 3.58168 3.49822 3.46087 3.48059 3.50039
2.78195 2.78195 2.53614 2.36313 2.32684 2.29243 2.38714 2.46790 2.59755 2.38536 2.32274 2.26211 2.15095 2.00514 1.97303 2.52649 2.55112 2.50604 2.41044 2.28414 2.28348 2.28281 2.28216 2.28149 2.28082 2.28016 2.27949 2.35398 2.82834 2.87575 2.86995 2.82242 2.77105 2.77306 2.71305 2.69520 2.77221 2.88910 3.01755 3.08515 3.08755 3.08990 3.07910 2.93533 2.93436 2.93436 2.93436 2.94270 2.93891 2.63012 2.63727 2.68403 2.92480 3.18188 3.23545 3.28909 3.43017 3.86798 3.71645 3.67751 3.67751 3.67751 3.67751 3.61849 3.51714 3.51632 3.51182
2.59078 2.57928 2.39524 2.08819 2.20055 2.31106 2.31170 2.29070 2.26925 1.84458 1.84379 1.84305 1.82677 1.69997 1.69992 2.27845 2.43186 2.43186 2.41820 2.27124 2.27081 2.27081 2.27081 2.27081 2.27081 2.27081 2.27081 2.28491 2.74372 2.86906 2.87134 2.86733 2.77737 2.76762 2.92250 3.14670 3.09058 3.09058 3.09058 3.09058 3.09058 3.09069 3.10460 2.98329 2.96074 2.95342 2.91577 2.87819 3.15744 2.94366 2.94594 2.95274 3.05042 3.34347 3.34347 3.34347 3.37857 3.83685 3.78510 3.67751 3.67751 3.67659 3.67200 3.65157 3.50227 3.49754 3.49708
2.82362 2.93438 2.91039 2.36346 2.36346 2.36346 2.33078 2.28743 2.33065 1.93709 1.84290 1.84290 1.84290 1.71996 1.69992 2.08181 2.43186 2.43186 2.43186 2.29541 2.27081 2.27081 2.27081 2.27081 2.27081 2.27081 2.27081 2.26923 2.60976 2.84889 2.83916 2.84816 2.76340 2.75270 2.83320 3.20662 3.15184 3.17512 3.19834 3.22114 3.21368 3.18861 3.14982 2.95191 2.79319 2.76223 2.76167 2.76167 3.12741 3.06899 2.95274 2.95274 2.96832 3.33596 3.34347 3.34347 3.35666 3.73185 3.85806 3.66781 3.65064 3.62928 3.61154 3.59434 3.44577 3.39925 3.31853
2.98914 2.98914 2.98908 2.43335 2.36346 2.36346 2.34637 2.28743 2.29532 2.13051 1.84290 1.84290 1.84290 1.75568 1.69992 1.86396 2.43186 2.43186 2.43186 2.33323 2.27081 2.27081 2.27081 2.27012 2.26223 2.25251 2.25050 2.25716 2.48908 2.90285 2.92220 2.95416 2.91945 2.90100 2.90461 3.25525 3.19003 3.13502 3.08686 3.03924 3.02196 3.02196 3.02196 2.93635 2.76167 2.76167 2.76167 2.76167 2.98554 3.16255 2.99061 3.00719 3.02378 3.19569 3.20416 3.18337 3.16271 3.44304 3.65657 3.49764 3.44874 3.44874 3.41612 3.30109 3.09495 2.90263 2.84697
2.98914 2.98914 2.98914 2.58193 2.36346 2.36346 2.36072 2.28873 2.28743 2.29655 1.84290 1.84290 1.84290 1.79143 1.69992 1.70422 2.37406 2.43186 2.43508 2.38808 2.29617 2.30128 2.30636 2.31217 2.32512 2.33997 2.34708 2.34708 2.44356 2.98013 3.00454 3.02792 2.96339 2.73711 2.70122 2.91090 3.05001 3.02871 3.04523 3.06181 3.07840 3.09498 3.11156 3.10580 2.88522 2.90101 2.91759 2.93418 3.01740 3.39815 3.13713 3.13713 3.13713 3.11237 3.09301 3.09301 3.09301 3.28703 3.61392 3.42722 3.21631 3.09177 2.99876 2.98816 2.93865 2.81462 2.80803
2.98914 2.98914 2.98914 2.73055 2.36346 2.36346 2.36346 2.30165 2.28743 2.38554 1.91135 1.82111 1.78957 1.74835 1.76749 1.78538 2.27744 2.51820 2.52007 2.48832 2.34708 2.34708 2.34708 2.34708 2.35194 2.36605 2.38236 2.41690 2.47373 3.05215 3.15804 3.18808 3.19982 2.87115 2.89047 3.01421 3.30870 3.20628 3.20635 3.20635 3.20635 3.20652 3.20747 3.20852 2.99186 2.95032 2.95138 2.95242 2.95347 3.39697 3.06626 3.04791 3.04001 3.01754 2.98009 2.97220 2.96428 2.96066 2.97583 2.95791 2.87430 2.87317 2.87317 2.87317 2.86474 2.66095 2.58725
2.98914 2.98914 2.98914 2.87415 2.32976 2.29820 2.26660 2.18885 2.12741 2.15872 1.88258 1.60984 1.60605 1.59458 1.77736 1.79734 2.06946 2.50218 2.49668 2.49777 2.47149 2.51484 2.55386 2.59296 2.62547 2.64489 2.66192 2.66072 2.65503 3.09697 3.32602 3.32877 3.34517 3.04991 2.96318 2.96911 3.34360 3.22093 3.22198 3.22309 3.22408 3.22496 3.22505 3.22505 3.07138 2.96476 2.96476 2.96476 2.96476 3.27182 3.07914 2.97585 2.97351 2.96640 2.92402 2.92129 2.91860 2.91529 2.95043 2.93443 2.82333 2.75633 2.70097 2.62361 2.54762 2.31786 2.21314
2.85150 2.81721 2.78556 2.75481 2.17338 2.13039 2.13005 2.09443 2.03779 2.02778 1.99456 1.52006 1.49870 1.48518 1.66920 1.84301 1.97552 2.45081 2.46315 2.46499 2.56231 2.60784 2.60416 2.60053 2.59845 2.60035 2.60235 2.60437 2.60639 2.92561 3.35717 3.35915 3.32533 3.12664 2.92946 2.92721 3.18731 3.17530 3.16654 3.16384 3.16114 3.15844 3.15570 3.15301 3.06079 2.88731 2.88461 2.88192 2.87922 3.03651 3.09837 2.88271 2.88236 2.87877 2.80814 2.76772 2.73327 2.69869 2.79379 2.75191 2.44860 2.36603 2.34221 2.34024 2.34024 2.22244 2.07524
2.59585 2.39485 2.32519 2.25544 1.95163 1.81685 1.77143 1.73484 1.74959 1.80600 2.14232 1.75667 1.81109 1.90106 2.00859 2.13168 2.13371 2.41303 2.49179 2.49375 2.56061 2.64527 2.64527 2.64527 2.64527 2.64527 2.64527 2.64527 2.64527 2.79065 3.39199 3.39199 3.30986 3.19325 2.87948 2.85780 2.97451 3.18156 3.13129 3.13129 3.13129 3.13129 3.13129 3.13129 3.10547 2.87389 2.89467 2.91937 2.95725 3.04883 3.18927 2.83119 2.79655 2.76567 2.73520 2.71924 2.71924 2.71924 2.87709 2.81854 2.50194 2.34024 2.34024 2.34024 2.34416 2.30993 2.10150
2.29759 1.93276 1.91516 1.89766 1.82475 1.79488 1.88986 1.98075 2.17524 2.21288 2.37882 2.14137 1.95194 1.95194 1.97231 2.14028 2.14039 2.31829 2.49441 2.49441 2.52520 2.64527 2.64527 2.64527 2.64527 2.64527 2.64527 2.64527 2.64527 2.66521 3.33792 3.36284 3.28280 3.19869 2.83784 2.80852 2.82488 3.20316 3.10878 3.08601 3.06328 3.04051 3.01814 3.02115 3.04080 3.16636 3.23049 3.27285 3.30205 3.30297 3.20216 2.76336 2.76336 2.76336 2.74539 2.71924 2.71924 2.71924 2.87077 2.84946 2.59465 2.34771 2.36688 2.37810 2.38508 2.38284 2.14417
2.44113 2.10995 2.19055 2.26563 2.25280 2.09618 2.09618 2.09618 2.18746 2.21288 2.32738 2.29928 1.95194 1.95194 1.95194 2.11354 2.14039 2.21884 2.49441 2.49441 2.49681 2.63824 2.64527 2.64527 2.64527 2.64527 2.64065 2.62028 2.59859 2.58024 3.10171 3.27132 3.21759 3.11643 2.84666 2.69477 2.67581 2.92664 2.98884 3.03121 3.07364 3.11603 3.15815 3.17489 3.17489 3.25276 3.30297 3.30297 3.30297 3.30297 3.28877 2.79283 2.76357 2.76529 2.75853 2.71177 2.68369 2.60017 2.57280 2.64327 2.41392 2.28250 2.36547 2.36349 2.36185 2.35003 2.16304
2.45298 2.30181 2.29824 2.29824 2.29350 2.10357 2.09618 2.09618 2.16326 2.21288 2.27596 2.43201 1.97704 1.95194 1.95194 2.06601 2.14039 2.14457 2.46924 2.49441 2.49441 2.60549 2.66179 2.67247 2.67997 2.68747 2.69960 2.72748 2.75667 2.78254 2.95245 3.15775 3.14762 3.04669 2.93167 2.77184 2.80716 3.00149 3.17574 3.17489 3.17489 3.17531 3.17720 3.17921 3.18123 3.22972 3.31334 3.31535 3.31737 3.31938 3.31710 2.91966 2.76403 2.68089 2.60030 2.45105 2.40052 2.39877 2.40017 2.65014 2.47472 2.21523 2.33468 2.31301 2.29139 2.28136 2.18848
2.50973 2.31689 2.29824 2.29824 2.29824 2.14693 2.09618 2.09618 2.13906 2.21288 2.22646 2.44513 2.11983 1.95194 1.95745 2.04763 2.20787 2.23708 2.49910 2.63278 2.64030 2.72283 2.78965 2.78650 2.78650 2.78650 2.78650 2.78828 2.79338 2.79856 2.89048 3.17401 3.16990 3.05721 3.01444 2.80696 2.79819 2.82123 3.19851 3.19369 3.19570 3.19730 3.19742 3.19742 3.19742 3.21257 3.32551 3.31744 3.26749 3.13609 3.00810 2.70148 2.50836 2.50959 2.51417 2.46171 2.44392 2.44850 2.45308 2.71847 2.50115 2.22426 2.34657 2.35859 2.36318 2.36775 2.35025
