High_resolution/powerplant/Shangrao/OMI_NO2_200510.asc
ncols      200
nrows      200
xllcorner       115.451
yllcorner       27.0350
cellsize     0.0166667
NODATA_Value      -999.000
[rows 87 to 115 of 189, columns 67 to 133 of 200]
2.30914 2.30212 2.24988 2.23055 2.21315 2.13809 2.13540 2.14061 2.19651 2.22758 2.21446 2.27732 2.29478 2.30937 2.33657 2.36854 2.52577 2.53351 2.58244 2.58574 2.71000 2.72971 2.71979 2.70985 2.70234 2.70063 2.67544 2.73278 2.77103 2.73830 2.70198 2.65805 2.65530 2.67464 2.65204 2.49230 2.57694 2.59100 2.61810 2.64960 2.68070 2.74224 2.75196 2.70589 2.64709 2.61613 2.38595 2.26581 2.21816 2.20082 2.07071 2.08546 2.08543 2.07181 2.10814 2.13061 2.16122 2.33954 2.34510 2.35623 2.33093 2.43358 2.47131 2.46653 2.46956 2.43125 2.36900
2.14306 2.20271 2.20660 2.22318 2.23917 2.18185 2.19260 2.20389 2.22290 2.23758 2.24007 2.35954 2.40380 2.41279 2.40806 2.41234 2.50870 2.52013 2.54092 2.53580 2.61842 2.68687 2.68539 2.68557 2.70019 2.68042 2.65392 2.63504 2.69188 2.69241 2.71173 2.71291 2.75312 2.79053 2.82072 2.72507 2.73965 2.81784 2.82242 2.82242 2.83165 2.84373 2.67975 2.68730 2.67897 2.68446 2.51440 2.32958 2.22275 2.20097 2.03940 2.00772 1.98253 1.97409 2.10376 2.19363 2.21750 2.39665 2.45406 2.48579 2.49227 2.55442 2.60774 2.61886 2.57452 2.51021 2.43588
2.18777 2.25642 2.28618 2.29144 2.29381 2.24832 2.21618 2.21237 2.21753 2.24765 2.26170 2.41002 2.43938 2.45972 2.45848 2.45085 2.47648 2.48683 2.52538 2.56064 2.60371 2.69392 2.67493 2.65727 2.66672 2.67272 2.67819 2.76627 2.92750 2.95945 2.97498 2.96132 2.97052 2.97694 3.00190 2.93831 2.84729 2.97028 2.98578 3.00141 3.00770 3.00146 2.83563 2.69533 2.65836 2.63366 2.52210 2.29072 2.15850 2.18413 2.11674 2.03232 2.05699 2.08684 2.17347 2.31539 2.33312 2.47416 2.57691 2.60697 2.62952 2.62864 2.59049 2.58265 2.52682 2.49189 2.39347
2.23506 2.26989 2.30071 2.29225 2.28641 2.28342 2.25033 2.26659 2.28424 2.33349 2.34783 2.47288 2.53559 2.54081 2.53114 2.50277 2.50360 2.50758 2.53261 2.58517 2.57208 2.70702 2.71257 2.71275 2.72995 2.73803 2.73803 2.81226 3.01727 3.01825 3.00550 2.99296 3.06721 3.08212 3.11354 3.07907 2.88758 2.99734 3.00099 2.99985 2.98358 2.98152 2.88152 2.70155 2.67958 2.70769 2.72663 2.47016 2.33652 2.28866 2.25411 2.15321 2.16832 2.19558 2.23400 2.46209 2.49687 2.61190 2.79048 2.79201 2.79050 2.73514 2.57266 2.57261 2.53926 2.51657 2.40120
2.22235 2.23549 2.33666 2.35325 2.36915 2.38802 2.33617 2.33212 2.33679 2.37639 2.39660 2.47245 2.57886 2.53783 2.51566 2.46158 2.43528 2.43953 2.46858 2.56578 2.56578 2.67542 2.71275 2.71275 2.72417 2.72609 2.70757 2.72555 2.92331 2.95969 2.98196 2.99682 3.06259 3.07478 3.08612 3.06051 2.91125 2.99225 3.04115 3.04817 3.07039 3.07837 3.01751 2.79265 2.73341 2.70892 2.66904 2.47104 2.37269 2.31403 2.34008 2.35065 2.32178 2.32178 2.32178 2.49865 2.55574 2.58191 2.79194 2.79201 2.79201 2.76823 2.59950 2.58860 2.58672 2.58014 2.50599
2.14337 2.16357 2.39796 2.42162 2.43309 2.45215 2.41834 2.41567 2.42096 2.45813 2.52628 2.59472 2.54821 2.46862 2.46590 2.44216 2.42842 2.43314 2.45151 2.55898 2.55365 2.60544 2.66359 2.64513 2.64584 2.68550 2.71268 2.74837 2.97273 3.02655 3.00698 2.99377 2.97556 3.01449 3.01720 3.03101 2.86132 2.97934 3.04990 3.03016 2.99382 2.95640 2.91173 2.65005 2.54824 2.49787 2.49434 2.51904 2.50967 2.37381 2.37381 2.37569 2.32178 2.32178 2.32178 2.43012 2.55574 2.54958 2.74660 2.77659 2.77659 2.76317 2.62396 2.54317 2.53090 2.54732 2.49242
2.20271 2.24130 2.40918 2.48263 2.48263 2.48999 2.51164 2.52884 2.58317 2.63395 2.65840 2.66096 2.58220 2.48398 2.46571 2.44076 2.39759 2.37884 2.38148 2.45115 2.49386 2.55208 2.69373 2.70610 2.70394 2.71025 2.69379 2.68621 2.83616 2.96743 2.98178 2.98880 2.95277 2.95443 2.89305 2.95579 2.83733 2.90848 2.86374 2.84549 2.84439 2.84439 2.84439 2.65675 2.53092 2.49434 2.49434 2.50583 2.54482 2.38087 2.35597 2.35509 2.27454 2.26522 2.26807 2.31129 2.50885 2.51843 2.65082 2.72845 2.72999 2.73353 2.64418 2.53691 2.54319 2.54395 2.47742
2.18952 2.24241 2.38555 2.58381 2.64360 2.69638 2.68199 2.62313 2.62531 2.63216 2.64990 2.63084 2.57825 2.43523 2.38142 2.37497 2.36966 2.40943 2.47080 2.58630 2.66628 2.68622 2.64343 2.64782 2.66085 2.69404 2.71165 2.70155 2.75909 2.90236 2.86647 2.87367 2.90529 2.87204 2.94254 3.03584 2.97007 2.92597 2.86339 2.84024 2.83938 2.83839 2.83717 2.69862 2.47532 2.44636 2.43565 2.42584 2.44038 2.32410 2.30482 2.32630 2.29744 2.29069 2.29126 2.29182 2.50223 2.53761 2.62132 2.75528 2.76096 2.74857 2.65279 2.43618 2.38890 2.36616 2.36237
2.33808 2.45424 2.52137 2.72734 2.72982 2.72493 2.70334 2.60991 2.58753 2.56825 2.56789 2.58340 2.62614 2.54485 2.53655 2.57881 2.57237 2.56817 2.58108 2.64779 2.74160 2.75974 2.71343 2.66294 2.63439 2.59876 2.55358 2.55891 2.67190 2.98885 3.08365 3.12301 3.11574 2.99515 2.96434 3.01068 3.04199 2.89044 2.88811 2.82821 2.82786 2.82765 2.82765 2.71788 2.35500 2.30357 2.26559 2.22759 2.21290 2.26749 2.34601 2.34826 2.34694 2.32196 2.33669 2.35107 2.46621 2.52862 2.52351 2.66822 2.63637 2.61736 2.54747 2.34773 2.32179 2.31938 2.31522
2.42807 2.44533 2.44929 2.64177 2.64794 2.61310 2.57249 2.60193 2.65201 2.68372 2.72236 2.74267 2.76636 2.74747 2.63348 2.60476 2.58136 2.63810 2.66181 2.64594 2.71351 2.67988 2.62967 2.60240 2.66905 2.71908 2.75874 2.81208 2.82630 3.06223 3.11404 3.11243 3.11088 3.01601 2.94659 2.96088 3.05570 2.87986 2.87511 2.72889 2.68454 2.64530 2.60608 2.56734 2.20203 2.15544 2.15379 2.15908 2.17553 2.20855 2.32394 2.30276 2.28036 2.26484 2.23534 2.20565 2.23264 2.35480 2.35481 2.53494 2.55800 2.55744 2.53091 2.34264 2.29000 2.29254 2.28957
2.19587 2.16459 2.15628 2.25100 2.29556 2.27402 2.29706 2.60553 2.72763 2.72008 2.69220 2.65729 2.61625 2.60549 2.45158 2.41941 2.41023 2.52308 2.55109 2.50505 2.69868 2.78726 2.85240 2.85077 2.85909 2.85747 2.81693 2.81693 2.81693 2.97911 3.08923 3.08923 3.08948 3.03498 2.84243 2.79376 2.85009 2.69931 2.68143 2.59968 2.58817 2.58817 2.58947 2.60057 2.28779 2.14092 2.12484 2.10187 2.07260 2.03267 2.09444 2.09561 2.07978 2.15950 2.16228 2.16332 2.17278 2.34484 2.35044 2.46816 2.52972 2.52552 2.52476 2.39228 2.29958 2.29958 2.29596
1.93380 1.94506 2.00587 2.08687 2.21679 2.20283 2.17059 2.36649 2.54516 2.50930 2.50103 2.50508 2.50012 2.54487 2.43056 2.41551 2.47246 2.62699 2.75207 2.81728 2.88862 2.93737 2.93736 2.87426 2.86550 2.86543 2.82143 2.81707 2.82347 2.93790 3.13666 3.14780 3.14419 3.08920 2.72345 2.72104 2.78726 2.77381 2.65861 2.60846 2.54041 2.52439 2.50706 2.47992 2.25695 2.01824 1.99920 1.97847 1.95604 1.92727 2.00894 2.07614 2.08057 2.15212 2.17709 2.17851 2.17854 2.29740 2.34684 2.41402 2.51544 2.51024 2.50509 2.43205 2.28013 2.27810 2.28105
2.00618 2.02386 2.06670 2.07456 2.07701 2.04852 2.03809 2.17588 2.46020 2.47832 2.47596 2.48353 2.46108 2.45104 2.58819 2.68074 2.69847 2.73734 2.82090 2.84779 2.85327 2.93737 2.93753 2.90028 2.88204 2.89243 2.87039 2.85275 2.83543 2.86027 3.09591 3.08032 3.06168 3.03564 2.75151 2.65857 2.68265 2.74778 2.55744 2.55262 2.46858 2.47408 2.46320 2.43598 2.28854 1.87906 1.85773 1.83758 1.81809 1.91197 1.98449 2.06871 2.06673 2.10354 2.14227 2.13985 2.13745 2.19737 2.28279 2.30594 2.44009 2.44086 2.44296 2.41977 2.25998 2.23328 2.22199
2.01717 2.03197 2.01831 1.98331 2.01482 2.02190 2.02190 2.11432 2.38010 2.42145 2.38039 2.34759 2.33110 2.33407 2.56529 2.69918 2.69847 2.70151 2.82575 2.87430 2.84909 2.98023 2.99106 2.95224 2.88144 2.86163 2.80116 2.73747 2.71377 2.69878 2.93969 2.96041 2.96797 2.98336 2.81608 2.65678 2.69487 2.76195 2.53654 2.41875 2.36152 2.33196 2.31268 2.30992 2.28637 1.83342 1.81251 1.81251 1.81251 1.87306 1.94590 2.05075 2.05649 2.09453 2.18031 2.20652 2.23627 2.28848 2.46050 2.50070 2.43191 2.42192 2.42272 2.41439 2.22989 2.14691 2.12467
2.00853 2.04715 2.03576 1.98122 1.99923 1.98163 1.94059 1.94205 2.17945 2.32084 2.32084 2.32679 2.33094 2.31736 2.41169 2.63879 2.60989 2.60942 2.82740 2.86399 2.81281 2.89767 2.85899 2.82765 2.73132 2.71361 2.70286 2.66322 2.67706 2.68951 2.91678 3.08193 3.15271 3.22355 3.12714 2.59126 2.49726 2.42689 2.31782 2.21648 2.27531 2.30992 2.30992 2.30992 2.31050 1.94772 1.86657 1.89582 1.92503 1.97683 2.09821 2.19932 2.23601 2.21949 2.33652 2.37880 2.38524 2.38545 2.52345 2.53516 2.42580 2.35950 2.33724 2.32088 2.24905 2.21330 2.27807
1.98601 2.02156 1.97868 1.87756 1.84822 1.88325 1.88538 1.89065 2.11749 2.30853 2.28642 2.25629 2.21817 2.20684 2.24204 2.48604 2.48344 2.44761 2.59484 2.66908 2.68243 2.77285 2.80685 2.81931 2.76452 2.77215 2.80424 2.83251 2.89203 2.95242 3.10555 3.22821 3.13817 3.05222 3.02513 2.47909 2.41656 2.42185 2.41188 2.22674 2.28693 2.36025 2.37151 2.38277 2.39346 2.21121 2.05347 2.06372 2.05853 2.05272 2.15914 2.15437 2.15094 2.15094 2.28455 2.42127 2.44962 2.47797 2.47603 2.45186 2.38500 2.28866 2.26806 2.24740 2.31470 2.36330 2.35944
1.83647 1.90912 1.91002 1.86269 1.81236 1.84012 1.81724 1.79264 1.95315 2.17930 2.19209 2.17839 2.14837 2.13772 2.12185 2.20622 2.30923 2.31550 2.42031 2.57505 2.63136 2.71407 2.81166 2.84845 2.83600 2.81595 2.78577 2.84622 2.79967 2.72277 2.77552 3.05734 3.07009 3.08282 3.09555 2.69977 2.49597 2.50182 2.50170 2.32279 2.30920 2.40533 2.43590 2.44719 2.45148 2.33356 2.03277 2.01426 2.01290 2.01247 2.11754 2.17884 2.20639 2.23400 2.31290 2.49493 2.48564 2.46858 2.43500 2.36645 2.33284 2.20904 2.20904 2.20904 2.22097 2.34761 2.31260
1.82554 1.86490 1.86134 1.85787 1.85353 1.93274 1.99916 2.05870 2.08659 2.04974 2.03386 2.03495 2.01908 2.04534 2.07829 2.13115 2.34662 2.35688 2.39563 2.55068 2.61394 2.80186 2.89070 2.82999 2.74099 2.61117 2.57847 2.66916 2.73959 2.74623 2.76107 3.11393 3.12489 3.12489 3.12489 2.88339 2.51986 2.55014 2.57695 2.45599 2.37438 2.42983 2.43636 2.42841 2.42841 2.40001 2.03794 2.06917 2.10188 2.13409 2.19275 2.24992 2.23995 2.22197 2.21671 2.40806 2.42561 2.42561 2.41972 2.33558 2.30581 2.14316 2.10772 2.08319 2.05919 2.20749 2.25420
2.02187 2.07174 2.13313 2.15841 2.12142 2.15541 2.17447 2.17978 2.16773 2.13117 2.13175 2.16042 2.16994 2.16429 2.16023 2.12390 2.33950 2.38191 2.38675 2.49523 2.49993 2.59991 2.69417 2.69188 2.68811 2.60140 2.59893 2.65155 2.74689 2.74689 2.74689 3.03485 3.12489 3.12489 3.12595 3.09243 2.60453 2.57322 2.55205 2.49249 2.31765 2.38094 2.47745 2.51017 2.54287 2.56999 2.20924 2.14629 2.13612 2.11531 2.10964 2.18738 2.16752 2.14604 2.12501 2.25606 2.31430 2.28972 2.26997 2.22412 2.20156 2.09806 2.05167 2.05167 2.05183 2.14483 2.25758
2.16220 2.19205 2.21422 2.21413 2.17534 2.19505 2.26416 2.28593 2.28350 2.19343 2.13307 2.11515 2.08787 2.05911 2.04349 2.03826 2.16352 2.24401 2.19563 2.28872 2.37864 2.50235 2.69112 2.69188 2.69188 2.62235 2.59893 2.62102 2.74689 2.74697 2.74837 2.94781 3.13087 3.13301 3.13415 3.15908 2.73666 2.61771 2.60360 2.58852 2.50185 2.47953 2.57183 2.57327 2.56456 2.54443 2.26741 2.10332 2.10850 2.12431 2.14012 2.07394 2.04996 2.05148 2.05301 2.13428 2.28512 2.28687 2.28861 2.26564 2.22542 2.16011 2.07901 2.07905 2.06642 2.07242 2.22966
2.20126 2.23880 2.21991 2.20829 2.18711 2.15961 2.19460 2.18375 2.18076 2.11561 2.07133 2.06652 2.07118 2.06444 2.07407 2.07628 2.06827 2.19006 2.19006 2.23788 2.37428 2.45597 2.66529 2.69188 2.69188 2.64741 2.60074 2.60333 2.74273 2.77752 2.81841 2.97521 3.28705 3.27690 3.26276 3.22336 2.85949 2.56852 2.58464 2.57209 2.56312 2.49184 2.55432 2.56688 2.57060 2.58573 2.41789 2.16289 2.16289 2.16289 2.16289 2.10502 2.06833 2.06833 2.06833 2.09331 2.28817 2.28576 2.27515 2.25074 2.16457 2.11244 1.99326 1.97436 1.96795 1.96762 2.13676
2.38759 2.38632 2.18838 2.12770 2.12696 2.12348 2.16110 2.18369 2.19358 2.15557 2.11618 2.09878 2.09787 2.07676 2.07637 2.07651 2.06015 2.21188 2.24587 2.27725 2.36742 2.44754 2.65492 2.73356 2.74048 2.74335 2.79120 2.83284 2.98175 3.00630 2.96028 2.93692 3.15586 3.15331 3.13388 3.11258 2.99628 2.75517 2.77442 2.67068 2.63690 2.53580 2.55958 2.58987 2.58987 2.58987 2.51334 2.16335 2.16005 2.14971 2.13909 2.09627 2.02887 2.01952 2.01763 2.06223 2.17972 2.16771 2.15264 2.14554 2.09299 2.07822 1.98245 1.98578 1.99521 2.00463 2.11163
2.38632 2.38632 2.25511 2.12878 2.13581 2.13977 2.16921 2.20909 2.20692 2.17322 2.11604 2.08748 2.10114 2.15885 2.19568 2.22025 2.21809 2.30925 2.36341 2.36423 2.40217 2.47255 2.66298 2.77971 2.74733 2.70205 2.77261 2.72743 2.75710 2.82599 2.81438 2.80366 2.99609 3.00893 2.99818 2.99025 2.98056 2.79157 2.77475 2.70759 2.63042 2.51325 2.44752 2.44572 2.39700 2.34831 2.28445 2.07800 2.07827 2.07789 2.10543 2.15634 2.12465 2.17679 2.22233 2.22823 2.23178 2.14452 2.14195 2.13937 2.12440 2.12033 2.04195 2.00592 2.00091 1.99590 2.03143
2.36939 2.37711 2.32036 2.13289 2.13356 2.13101 2.14204 2.21075 2.22963 2.23394 2.18610 2.15130 2.14732 2.18961 2.21581 2.20765 2.20230 2.28090 2.38800 2.39200 2.38467 2.41475 2.49806 2.61609 2.60420 2.60742 2.69872 2.74700 2.76919 2.77075 2.76371 2.75666 2.88785 2.95612 2.91341 2.87084 2.82810 2.65006 2.53426 2.45247 2.26024 2.20409 2.15126 2.19326 2.20032 2.20215 2.24854 2.18801 2.25421 2.31491 2.34795 2.34781 2.24719 2.22891 2.22680 2.22469 2.25033 2.13809 2.13758 2.13375 2.12639 2.11188 2.05777 2.00420 2.00915 2.01386 2.01841
2.39379 2.39566 2.40444 2.18819 2.19939 2.21949 2.21985 2.26099 2.25662 2.23395 2.15167 2.15911 2.16675 2.20643 2.27741 2.27482 2.23022 2.21501 2.32591 2.28798 2.27222 2.28747 2.35029 2.60710 2.62131 2.61605 2.66362 2.73280 2.72806 2.72805 2.73015 2.73226 2.70798 2.60456 2.60230 2.60006 2.59783 2.51939 2.38519 2.38260 2.20179 2.18292 2.16914 2.25742 2.34432 2.40038 2.41197 2.34971 2.35083 2.34833 2.34824 2.35961 2.29274 2.25819 2.27029 2.27949 2.28663 2.15585 2.12514 2.12595 2.12757 2.12072 2.11583 2.06248 2.08468 2.10683 2.12897
2.50352 2.50640 2.49538 2.30429 2.22222 2.19950 2.18388 2.21208 2.23169 2.23149 2.18070 2.15535 2.13040 2.09370 2.13420 2.09870 2.10181 2.11070 2.29532 2.31487 2.31896 2.33452 2.36744 2.53821 2.59583 2.59614 2.61570 2.72373 2.72373 2.72373 2.72373 2.72373 2.72653 2.59412 2.59321 2.59321 2.59363 2.58808 2.47736 2.52952 2.47439 2.45091 2.35949 2.36874 2.41537 2.42937 2.44445 2.40279 2.41061 2.42926 2.44546 2.43868 2.35805 2.25811 2.24226 2.23666 2.25797 2.24506 2.20164 2.22382 2.24597 2.26019 2.25889 2.16766 2.16361 2.16361 2.16361
2.44665 2.45602 2.44676 2.32045 2.18457 2.19120 2.19494 2.18009 2.10835 2.06914 2.00951 1.97613 2.03741 2.06171 2.16880 2.19527 2.21299 2.23298 2.31036 2.32399 2.31694 2.31828 2.34468 2.48782 2.59660 2.59660 2.59668 2.70890 2.72373 2.72373 2.72373 2.72373 2.72875 2.65210 2.63924 2.66253 2.68538 2.69192 2.61569 2.58812 2.50859 2.37749 2.40811 2.44171 2.51043 2.51787 2.50977 2.44647 2.38286 2.38280 2.38246 2.38898 2.38816 2.32520 2.34759 2.36488 2.36707 2.37935 2.27918 2.28047 2.28176 2.27949 2.27362 2.20339 2.17884 2.18012 2.18484
2.40869 2.45070 2.45715 2.39159 2.17402 2.14473 2.14582 2.18469 2.12001 2.13528 2.13468 2.10107 2.13877 2.14436 2.22218 2.26582 2.27902 2.28954 2.32121 2.31311 2.31244 2.31259 2.33766 2.42897 2.59390 2.59660 2.59660 2.67511 2.72968 2.74979 2.77050 2.79120 2.80145 2.73454 2.63779 2.61661 2.59854 2.58053 2.52209 2.50319 2.48723 2.32412 2.37271 2.46781 2.50498 2.47892 2.48286 2.49254 2.44066 2.47386 2.47459 2.47531 2.47184 2.39507 2.38488 2.38488 2.38488 2.41367 2.30426 2.29477 2.31608 2.36689 2.42415 2.51052 2.61605 2.73277 2.83965
2.25607 2.21374 2.14231 2.08785 2.14670 2.14169 2.16157 2.25356 2.18081 2.15965 2.16209 2.12184 2.16131 2.18983 2.23824 2.29040 2.29040 2.29040 2.30587 2.32694 2.31244 2.31244 2.32670 2.37926 2.55685 2.59901 2.60255 2.63771 2.70595 2.67722 2.64781 2.62105 2.60445 2.62784 2.57209 2.57512 2.55726 2.52039 2.47212 2.45934 2.49295 2.50071 2.58893 2.71938 2.66707 2.52899 2.52899 2.52899 2.45343 2.47613 2.47613 2.47622 2.48497 2.43561 2.42235 2.43658 2.55973 2.77299 2.81297 2.87696 2.95166 3.00161 3.03071 3.03887 3.05054 3.04248 3.03361
