High_resolution/powerplant/Shangrao/OMI_NO2_200808.asc
ncols      200
nrows      200
xllcorner       115.451
yllcorner       27.0350
cellsize     0.0166667
NODATA_Value      -999.000
[rows 30 to 59 of 200, columns 0 to 65 of 200]
3.71156 3.71156 3.71156 3.71156 3.71291 4.34883 4.43561 4.42322 4.37552 4.43580 4.44406 4.51836 4.59281 4.66734 4.70245 4.70245 4.69957 4.67858 4.65238 4.62341 4.59136 4.51520 4.22201 4.22977 3.97040 3.93687 3.93687 3.93687 4.04753 4.38352 4.70370 5.02252 5.34462 5.15070 5.33591 5.41773 5.44231 4.95613 4.64148 4.07038 3.58875 3.46604 3.40757 3.34244 3.28170 3.27487 3.28606 3.37989 3.38096 3.38096 3.59390 3.62185 3.79069 3.93243 3.48244 3.18867 2.97198 2.81686 2.81686 2.81686 2.81686 2.81686 2.81686 2.81686 2.81686 2.81686
3.71156 3.71156 3.71156 3.71156 3.71156 4.19092 4.40512 4.47099 4.33154 4.64460 4.70228 4.70245 4.69288 4.66822 4.64093 4.61071 4.58152 4.57714 4.57714 4.57714 4.57714 4.57646 4.26150 4.25135 4.42424 5.02211 5.33337 5.65091 5.89465 5.96943 6.04021 6.05898 6.05898 5.68741 5.44231 5.44231 5.45354 5.21800 4.65609 4.28317 3.43259 3.27487 3.27487 3.27487 3.27487 3.27487 3.27487 3.35809 3.38096 3.38096 3.53951 3.62185 3.70941 3.93243 3.67714 3.18867 3.07527 2.81686 2.81686 2.81686 2.81686 2.81686 2.81686 2.81686 2.84601 2.90492
3.71156 3.71156 3.71156 3.71156 3.71156 3.99413 4.40512 4.49925 4.30188 4.51371 4.62900 4.59746 4.57729 4.57714 4.57714 4.57714 4.57714 4.57773 4.61273 4.66753 4.70286 4.70548 4.57100 4.53002 4.78747 6.05318 6.05898 6.05898 6.05898 6.05898 6.05898 6.05898 6.04796 5.84559 5.58475 5.66720 5.74340 5.68403 4.68977 4.57487 3.48803 3.28091 3.27487 3.27706 3.28294 3.28871 3.29447 3.34778 3.40585 3.41050 3.51090 3.62185 3.63536 3.92520 3.86830 3.19209 3.17023 2.82519 2.82908 2.88425 2.94315 3.00202 3.05982 3.08777 3.08051 3.02263
3.71156 3.71156 3.71156 3.71156 3.71156 3.76369 4.39450 4.40517 4.17141 4.26087 4.57929 4.57966 4.58872 4.63683 4.69816 4.73293 4.74371 4.75489 4.72600 4.66804 4.63098 4.63881 4.64755 4.65620 4.69400 6.00049 6.16767 6.17357 6.17261 6.12989 6.07368 6.00854 5.94865 5.94956 5.95726 5.96494 5.97261 5.98028 5.06640 4.85641 3.90077 3.52745 3.47610 3.47967 3.47967 3.47967 3.47967 3.48727 3.54432 3.54480 3.56510 3.62185 3.62144 3.83413 3.87341 3.22794 3.05948 3.09068 3.17296 3.16632 3.11996 3.05857 2.97643 2.93991 2.92346 2.92031
3.93972 3.95255 3.92290 3.79033 3.58765 3.37335 3.82236 3.81825 3.94989 4.16250 4.83938 4.90547 4.91609 4.88041 4.82330 4.79291 4.79291 4.79291 4.79291 4.79291 4.79291 4.79291 4.79291 4.79291 4.80889 5.69601 6.16325 6.09866 6.03338 6.02362 6.02362 6.02362 6.02362 6.02362 6.02362 6.02362 6.02362 6.02362 5.37002 4.87726 4.22750 3.59694 3.47967 3.47967 3.47967 3.47967 3.47967 3.47273 3.49776 3.48405 3.45698 3.49275 3.51049 3.78832 4.21145 3.61347 2.93475 2.94627 2.98625 2.92084 2.92031 2.92031 2.92031 2.92031 2.92031 2.92031
3.22113 2.98773 2.76300 2.48455 2.34866 2.25293 2.52786 2.59352 2.62916 3.76464 4.45762 4.79291 4.79291 4.79291 4.79291 4.79291 4.79291 4.79291 4.79291 4.79291 4.78359 4.62931 4.39114 4.09963 3.79500 4.72852 6.02362 6.02362 6.02362 6.02362 6.02362 6.02362 6.02362 6.02362 6.02362 6.02362 6.02362 6.02362 5.69039 4.87726 4.53892 3.65733 3.45842 3.42057 3.39035 3.40365 3.42103 3.44534 3.52576 3.60032 3.64614 3.76714 3.77761 3.95606 4.88932 4.29841 2.60745 2.66910 2.92031 2.92031 2.92031 2.92031 2.92031 2.92031 2.92031 2.92031
2.15561 2.17270 2.10715 2.09579 2.09579 2.09579 2.09579 2.09579 2.09577 3.51959 4.10620 4.79291 4.79291 4.79291 4.79291 4.79291 4.78851 4.65005 4.41646 4.13093 3.79342 3.69722 3.69722 3.69722 3.70361 4.02001 6.00970 6.02362 6.02362 6.02362 6.02362 6.02362 6.02362 6.02362 6.02362 6.02362 6.04419 6.24662 6.59670 5.71701 5.95197 4.81561 3.67458 3.58530 3.63288 3.63692 3.63692 3.63692 3.64122 3.65886 3.64968 3.72538 3.77034 3.78833 4.93747 4.89272 2.64777 2.60939 2.89350 2.92031 2.92031 2.92031 2.92031 2.92031 2.92031 2.92031
1.91025 2.09579 2.09579 2.09579 2.09579 2.09579 2.09579 2.09579 2.09577 3.01136 3.73700 4.74940 4.79159 4.67059 4.44120 4.16156 3.82167 3.69722 3.69722 3.69722 3.69722 3.69722 3.69722 3.69722 3.69722 3.78540 5.69139 6.02362 6.02362 6.02362 6.02362 6.12088 6.55448 7.01987 7.48527 7.95095 8.39577 8.65888 8.73956 7.31249 6.87149 5.45852 4.16241 3.63692 3.63692 3.63468 3.61995 3.60409 3.58907 3.57488 3.56142 3.58670 3.61463 3.66554 4.55330 5.02189 3.14805 2.60745 2.80904 2.92031 2.92031 2.92031 2.92031 2.92031 2.92031 2.92031
1.81008 2.09579 2.09579 2.09579 2.09579 2.09579 2.09579 2.09579 2.09579 2.52425 3.69722 4.04705 3.85285 3.69722 3.69722 3.69722 3.69722 3.69722 3.69722 3.69722 3.69722 3.69722 3.69722 3.69722 3.69722 3.76684 5.51004 6.94274 7.40813 7.87382 8.33894 8.70735 8.73956 8.73956 8.73956 8.73956 8.73956 8.73956 8.53311 7.41518 6.52203 5.61357 4.34061 3.54411 3.53218 3.52227 3.52092 3.52092 3.52092 3.52092 3.52092 3.54002 3.59199 3.62094 4.21658 5.02189 3.77797 2.60745 2.72252 2.92031 2.92031 2.92031 2.92031 2.92031 2.92031 2.92031
1.69043 2.09566 2.09579 2.09579 2.09579 2.09579 2.09579 2.09579 2.09579 2.15941 3.66556 3.69722 3.69722 3.69722 3.69722 3.69722 3.69722 3.69722 3.69725 3.70217 3.71869 4.12138 4.67212 5.08887 5.48310 6.05229 6.84834 8.73956 8.73956 8.73956 8.73956 8.73956 8.73956 8.73956 8.73956 8.73956 8.73956 8.73956 7.98535 7.05581 6.10857 5.76117 4.54350 3.53379 3.52092 3.52092 3.52092 3.52092 3.52092 3.52092 3.52092 3.52761 3.59199 3.59387 3.92586 5.02189 4.40766 2.60745 2.63732 2.91909 2.92031 2.89714 2.74890 2.58190 2.41504 2.24807
1.62971 2.05853 2.09579 2.09579 2.09579 2.09579 2.09579 2.09579 2.09579 2.09444 3.29141 3.69722 3.69758 3.70376 3.71102 3.74413 4.17293 4.68250 5.04810 5.31574 5.59195 5.58650 5.44662 5.37020 5.68961 6.42332 6.09514 8.35357 8.43803 8.40900 8.37987 8.35095 8.32202 8.29269 8.26336 8.23444 8.20551 8.17628 7.81226 6.84636 5.79647 5.67137 4.26893 3.32132 3.06091 3.04344 3.02608 3.00873 2.99107 2.97353 2.95617 2.93897 3.52230 3.59199 3.71423 4.88597 4.90551 2.57064 2.40634 2.32209 2.14099 1.97077 1.88405 1.80448 1.70957 1.59396
1.62971 1.88695 1.95217 1.93749 1.92227 1.90411 1.87427 1.88689 1.91452 1.94376 2.79740 4.22136 5.19446 5.74323 6.11116 6.40877 6.30332 6.08632 6.00406 6.03505 6.04046 6.04046 6.04046 6.04046 6.13506 7.64061 5.31787 7.00663 7.72464 7.72464 7.72464 7.72464 7.72464 7.72464 7.72464 7.72464 7.72464 7.72464 7.70096 6.60328 5.81271 5.49962 4.44740 3.46230 2.91196 2.91196 2.91196 2.91196 2.91196 2.91196 2.90708 2.87891 3.29304 3.50509 3.57532 3.96639 3.86934 2.44856 1.90397 1.62351 1.29598 1.17647 1.17615 1.17615 1.17615 1.17615
1.58498 1.61655 1.67323 1.73007 1.78691 1.85619 1.99416 2.08779 2.16592 2.27091 3.05100 6.00402 5.98222 6.04046 6.04046 6.04046 6.04046 6.04046 6.04046 6.04046 6.04046 6.04046 6.04046 6.04046 6.04046 7.32712 5.59071 6.38273 7.72464 7.72464 7.72464 7.72464 7.72464 7.72464 7.72464 7.72464 7.72464 7.72464 7.72464 6.82496 6.08519 5.49962 4.83898 3.76987 2.91193 2.89499 2.86952 2.87484 2.78728 2.65820 2.52598 2.41154 2.59739 2.80420 2.60302 2.41185 2.41185 2.15381 1.57766 1.47231 1.17615 1.17615 1.17615 1.17615 1.17615 1.17615
1.92633 2.00792 2.08742 2.14783 2.19248 2.22453 2.20847 2.18663 2.21184 2.35639 2.36505 5.33222 5.80339 6.04046 6.04046 6.04046 6.04046 6.04046 6.04046 6.04046 6.04046 6.04046 6.04046 6.04046 6.04046 6.77059 6.00599 5.75938 7.72464 7.72464 7.72464 7.72464 7.72464 7.72464 7.72464 7.72464 7.72464 7.72464 7.72464 7.08078 6.25850 5.34331 4.72118 3.41164 2.52085 2.34073 2.21197 2.05870 2.01812 2.01812 2.01812 2.01812 2.17709 2.62687 2.62371 2.42478 2.41185 2.31284 1.57766 1.56650 1.19301 1.17615 1.17615 1.17615 1.17615 1.17615
2.22459 2.20895 2.18694 2.18102 2.18102 2.18102 2.18102 2.18102 2.18136 2.33699 2.35639 4.38892 5.71260 6.03652 6.04046 6.04046 6.04046 6.04046 6.04046 6.04046 6.04046 6.04046 6.04046 6.04046 6.04046 6.32691 6.49125 5.31996 7.53952 7.72464 7.72464 7.72464 7.72464 7.72464 7.66378 7.16014 6.46885 5.69451 4.82033 3.77374 2.98550 2.58485 2.57879 2.73366 2.26406 2.01812 2.01812 2.01812 2.01812 2.00795 1.97588 1.94113 1.96358 2.53766 2.51140 2.42807 2.41185 2.40639 1.67388 1.57766 1.29278 1.17615 1.17615 1.17615 1.17615 1.17615
2.18102 2.18102 2.18102 2.18102 2.18102 2.18102 2.18102 2.18102 2.18102 2.28724 2.35639 3.43963 5.68841 5.96604 6.04046 6.04046 6.04046 6.04046 6.04046 6.04046 6.04046 6.04046 6.04046 6.04046 6.04046 6.05361 6.91413 5.30403 6.84239 7.14421 6.43629 5.63972 4.73832 3.70829 2.62164 2.33823 2.33823 2.33823 2.33823 2.34499 2.57016 2.56482 2.54377 2.66296 2.39445 1.84979 1.80626 1.75952 1.70919 1.67287 1.67186 1.67186 1.67240 2.32780 2.41185 2.41185 2.41185 2.41185 1.97101 1.57766 1.40373 1.17615 1.17615 1.17615 1.17615 1.17615
2.18102 2.18102 2.18102 2.18102 2.18102 2.18102 2.18102 2.18102 2.18102 2.23729 2.35639 2.55131 5.62677 5.87134 6.04046 6.04046 6.04046 6.04046 6.04046 6.04046 6.04046 6.04046 6.08543 6.21413 6.20318 6.08883 7.20158 4.80209 3.75588 2.33840 2.33823 2.33823 2.33823 2.33823 2.33823 2.33823 2.33823 2.33823 2.33823 2.33823 2.34801 2.33823 2.33823 2.48636 2.53851 1.67409 1.67186 1.67186 1.67186 1.67186 1.67186 1.67186 1.67186 2.14179 2.41185 2.41185 2.41185 2.41185 2.18270 1.57766 1.51471 1.17615 1.17615 1.17615 1.18124 1.23139
2.18102 2.18102 2.18102 2.18102 2.18102 2.18102 2.18102 2.18102 2.18102 2.19080 2.35286 2.35639 4.86973 5.77667 6.04046 6.04061 6.10844 6.24362 6.38437 6.34922 6.23557 6.13481 5.98692 5.72446 5.66578 5.73248 6.39009 4.72371 4.16368 2.39388 2.41873 2.45214 2.48719 2.52309 2.55974 2.59796 2.63702 2.67752 2.71952 2.76282 2.80826 2.85484 2.90277 2.97506 3.10014 2.17440 1.99022 2.01145 2.03326 2.05536 2.07792 2.10128 2.12498 2.29442 2.41185 2.41185 2.41185 2.41185 2.33406 1.62369 1.71799 1.39248 1.39120 1.45174 1.50729 1.51778
2.18102 2.18102 2.18102 2.18102 2.18102 2.18102 2.18102 2.18102 2.18102 2.18075 2.29677 2.31740 4.11656 6.40668 6.52067 6.41009 6.21207 5.94487 5.69197 5.67535 5.74198 5.77658 5.77658 5.77658 5.77658 5.77658 5.90967 8.38519 8.46609 5.23574 4.48458 4.48458 4.48458 4.48458 4.48458 4.48458 4.48458 4.48458 4.48458 4.48458 4.48458 4.48458 4.48458 4.48458 3.91088 3.07332 2.41185 2.41185 2.41185 2.41185 2.41185 2.41185 2.41185 2.41690 2.45738 2.50470 2.55203 2.59613 2.60380 2.15189 2.09598 1.74619 1.51778 1.51778 1.51778 1.51778
2.18102 2.18102 2.18102 2.18062 2.15948 2.12354 2.08283 2.03663 1.98283 1.90815 1.94795 2.19540 2.93188 5.66806 5.68498 5.75107 5.77658 5.77658 5.77658 5.77658 5.77658 5.77658 5.77658 5.77658 5.77658 5.77658 5.77658 7.59703 8.46609 6.36107 4.48458 4.48458 4.48458 4.48458 4.48458 4.48458 4.48458 4.48458 4.48458 4.48458 4.48458 4.48458 4.48458 4.48458 4.02042 3.47927 2.41185 2.41185 2.43268 2.47993 2.52728 2.54873 2.54285 2.52950 2.46538 2.37629 2.26417 2.13002 2.09598 2.09598 2.09598 1.90544 1.51778 1.51778 1.51778 1.51778
2.08163 2.03516 1.95001 1.78952 1.67046 1.58623 1.49391 1.40471 1.32428 1.25774 1.37677 2.47682 2.48672 5.43536 5.77658 5.77658 5.77658 5.77658 5.77658 5.77658 5.77658 5.77658 5.77658 5.77658 5.77658 5.77658 5.77658 6.73362 8.46609 7.48664 4.48458 4.48458 4.48458 4.48458 4.48458 4.48458 4.48458 4.48458 4.48458 4.48458 4.48458 4.48458 4.46198 4.12123 3.57458 3.19686 2.47454 2.45943 2.41176 2.30928 2.17800 2.09598 2.09598 2.09598 2.09598 2.09598 2.09598 2.09598 2.09598 2.09598 2.09598 2.05735 1.52512 1.51778 1.51778 1.51778
1.43050 1.35581 1.29650 1.27146 1.25011 1.22982 1.22413 1.22413 1.22413 1.22413 1.22571 2.28790 2.47682 4.50987 5.77658 5.77658 5.77658 5.77658 5.77658 5.77658 5.77658 5.77658 5.77658 5.77658 5.77658 5.77658 5.77658 6.14786 8.46609 8.38925 4.70794 4.48458 4.48458 4.48458 4.48458 4.48458 4.48458 4.39227 3.97830 3.53559 3.09383 2.65089 2.23173 2.12976 2.12976 2.12976 2.10582 2.09598 2.09598 2.09598 2.09598 2.09598 2.09533 2.03275 1.94576 1.87465 1.81570 2.07749 2.09598 2.09598 2.09598 2.09598 1.64568 1.51778 1.51778 1.51778
1.22992 1.22413 1.22413 1.22413 1.22413 1.22413 1.22413 1.22413 1.22413 1.22413 1.22413 1.88750 2.47682 3.57292 5.77658 5.77658 5.77658 5.77658 5.77658 5.77658 5.77658 5.77658 5.77658 5.77658 5.77658 5.77658 5.77658 5.80128 8.17122 8.46609 5.75667 4.48458 4.27689 3.83465 3.39265 2.95018 2.50795 2.15779 2.12976 2.12976 2.12976 2.12976 2.12976 2.12976 2.11816 2.03105 1.93519 1.85310 1.79721 1.74980 1.70903 1.67352 1.64265 1.63130 1.63130 1.63130 1.63130 1.92720 2.09598 2.09598 2.09598 2.09598 1.80491 1.51778 1.51778 1.51778
1.22413 1.22413 1.22413 1.22413 1.22413 1.22413 1.22413 1.22413 1.22413 1.22413 1.22413 1.56306 2.47682 2.68797 5.72590 5.77658 5.77658 5.77658 5.77658 5.77658 5.77658 5.77658 5.77658 5.77658 5.77658 5.77658 5.76864 5.36792 5.60240 5.17641 3.47062 2.36454 2.12976 2.12976 2.12976 2.12976 2.12336 2.08786 2.05569 2.02924 2.00733 1.98749 1.72722 1.68041 1.65252 1.64819 1.64562 1.63130 1.63130 1.63130 1.63130 1.63130 1.63130 1.63130 1.63130 1.63130 1.63130 1.80039 2.09598 2.09598 2.09598 2.09598 1.96415 1.51778 1.51778 1.51778
1.22413 1.22413 1.22413 1.22413 1.22413 1.22413 1.22413 1.22413 1.22413 1.22413 1.22413 1.30463 2.46398 2.47682 5.00081 5.77658 5.77658 5.77658 5.77658 5.77658 5.77658 5.74862 5.28148 4.66339 4.01733 3.34345 2.67681 2.40298 2.28629 2.07212 2.04313 2.03017 2.00805 1.98932 1.97332 1.95940 1.94892 1.94766 1.94766 1.94766 1.94766 1.94766 1.72395 1.64819 1.64819 1.64819 1.64819 1.63338 1.63130 1.63130 1.63130 1.63130 1.63130 1.63130 1.63130 1.63130 1.63130 1.70988 2.09598 2.09598 2.09598 2.09598 2.09535 1.41335 1.25972 1.40261
1.22413 1.22413 1.22413 1.22413 1.22413 1.22413 1.22413 1.22413 1.22413 1.22413 1.22413 1.22422 2.18454 2.49298 3.94491 5.32046 5.71500 5.19473 4.57638 3.92178 3.24789 2.60124 2.39418 2.33803 2.30919 2.30919 2.30919 2.17361 2.11454 1.93831 1.93799 1.94611 1.94766 1.94766 1.94766 1.94766 1.94766 1.94766 1.94766 1.94766 1.94766 1.94766 1.79766 1.64819 1.64819 1.64819 1.64819 1.63810 1.63130 1.63130 1.63130 1.63130 1.63130 1.63130 1.63130 1.63130 1.63210 1.65310 2.11728 2.25311 2.51967 2.56208 2.64100 2.22845 2.12021 2.15299
1.22413 1.22413 1.22413 1.22413 1.22413 1.22413 1.22413 1.26646 1.35214 1.42980 1.49970 1.56246 2.09803 2.59818 2.78141 3.08232 2.56736 2.38538 2.32981 2.30919 2.30919 2.30919 2.30919 2.30919 2.30919 2.30919 2.30919 2.19717 2.12798 1.98155 1.93799 1.94341 1.94766 1.94766 1.94766 1.94766 1.94766 1.94766 1.94766 1.94766 1.94766 1.94766 1.87145 1.64819 1.64819 1.64819 1.64819 1.64280 1.63130 1.63130 1.63130 1.63477 1.64327 1.66197 1.82102 1.99899 2.14996 2.27621 2.85503 3.09321 3.09453 2.89368 2.79250 2.53513 2.15299 2.15299
1.22413 1.26449 1.35425 1.43135 1.50175 1.56663 1.65479 1.71495 1.74574 1.79459 1.84934 1.90543 2.07064 2.36759 2.35931 2.50517 2.41990 2.30919 2.30919 2.30919 2.30919 2.30919 2.30919 2.30919 2.30919 2.30919 2.30919 2.24453 2.12798 2.04203 1.93799 1.94071 1.94766 1.94766 1.94766 1.94766 1.94766 1.94766 1.94766 1.94766 1.94766 1.94766 1.93715 1.65613 1.64819 1.64476 1.58646 1.50867 1.71443 1.91149 2.07599 2.21435 2.33138 2.42928 2.45189 2.45189 2.45189 2.45189 2.74403 3.09453 3.09453 2.97723 2.79250 2.71084 2.15312 2.15299
1.34127 1.62787 1.81312 1.84382 1.89244 1.94564 1.97165 1.99510 2.01896 2.02485 2.02485 2.02485 2.04444 2.34420 2.35844 2.46016 2.47154 2.30919 2.30919 2.30919 2.30919 2.30919 2.30919 2.30919 2.30919 2.30919 2.30919 2.29801 2.13059 2.09002 1.93799 1.93835 1.94733 1.94766 1.94766 1.94766 1.94766 1.94766 1.94766 1.94766 1.93367 1.89450 1.93719 1.78437 1.77606 1.82901 2.23545 2.07763 2.38041 2.45189 2.45189 2.45189 2.45189 2.45189 2.45189 2.45189 2.45494 2.49667 2.69241 3.09453 3.09453 3.06025 2.79286 2.79250 2.24732 2.15299
1.62888 1.75137 1.99460 2.01878 2.02485 2.02485 2.02485 2.02485 2.02485 2.02485 2.02485 2.02485 2.02487 2.27090 2.35844 2.41438 2.51171 2.31396 2.30919 2.30919 2.30919 2.30919 2.30919 2.30919 2.30919 2.30919 2.30919 2.30919 2.15772 2.12402 1.94903 1.93799 1.94499 1.94766 1.94822 1.98907 2.02939 2.06416 2.09475 2.12168 2.15557 2.20643 2.20953 2.10649 2.00988 2.00988 2.39959 2.17948 2.31322 2.51807 2.57704 2.64129 2.71185 2.78937 2.87515 2.97043 3.07035 3.09453 3.09453 3.09453 3.09453 3.09453 2.84218 2.79250 2.42318 2.15299
