High_resolution/powerplant/Shangrao/OMI_NO2_200808.asc
ncols      200
nrows      200
xllcorner       115.451
yllcorner       27.0350
cellsize     0.0166667
NODATA_Value      -999.000
[rows 120 to 149 of 200, columns 0 to 65 of 200]
2.39834 2.38072 2.39446 2.52499 2.52499 2.52499 2.52499 2.52499 2.52499 2.52499 2.52499 2.52499 2.52499 3.01989 3.53554 3.40052 3.07875 3.11496 3.15339 3.15700 3.16064 3.15789 3.15531 3.15290 3.15251 3.13655 3.11559 3.10090 3.35724 3.55321 3.51798 3.46447 3.49690 3.42787 3.35612 3.35309 3.43250 3.64478 3.73000 3.82272 3.93634 3.91778 3.84970 3.65769 3.57972 3.56572 3.51978 2.35616 2.30326 2.08924 2.01345 2.01345 2.01345 2.01345 2.01345 2.01345 2.01345 2.01345 1.87380 1.76125 1.76125 1.76125 1.76268 1.93091 1.94548 2.19398
2.35322 2.35344 2.35724 2.51701 2.53468 2.53810 2.54155 2.54495 2.54835 2.55178 2.55520 2.55861 2.56201 2.77175 3.57690 3.58213 3.28678 3.25783 3.29997 3.27911 3.28074 3.28581 3.28977 3.29404 3.30115 3.33362 3.37375 3.40562 3.60528 3.96675 3.92431 3.69128 3.78679 3.60939 3.52830 3.57699 3.53595 3.58933 3.66468 3.66468 3.66468 3.66468 3.66468 3.61684 3.56572 3.56572 3.56572 2.65407 2.30742 2.16899 2.01345 2.01345 2.01345 2.01345 2.01345 2.01345 2.01345 2.01345 1.93519 1.76125 1.76125 1.76125 1.76125 1.88195 1.94548 2.09197
2.44438 2.44826 2.44914 2.55460 2.60492 2.60492 2.60492 2.60492 2.60492 2.60492 2.60492 2.60492 2.60646 2.64333 3.45816 3.53858 3.39399 3.33228 3.40227 3.41684 3.40933 3.40761 3.41064 3.43019 3.47629 3.55888 3.82530 4.13579 4.46994 4.78053 4.99830 4.04954 3.94358 3.74516 3.49980 3.48438 3.48438 3.53260 3.66468 3.66468 3.66468 3.66468 3.66468 3.64390 3.56572 3.56572 3.56572 2.99774 2.31112 2.24871 2.01345 2.01345 2.01345 2.01345 2.01345 2.01345 2.01345 2.01345 1.99503 1.76276 1.76125 1.76125 1.76784 1.87131 2.02103 2.04260
2.44914 2.44914 2.44914 2.51320 2.60492 2.60492 2.60492 2.60492 2.60459 2.59029 2.57003 2.55102 2.57753 2.62046 3.12802 3.43505 3.40649 3.34326 3.42978 3.50916 3.59904 3.88764 4.21351 4.50962 4.77500 5.00221 5.03170 5.03170 5.03170 5.03170 5.03170 4.34841 3.94358 3.86688 3.51379 3.48438 3.48438 3.49096 3.65747 3.66468 3.66468 3.66468 3.66468 3.66421 3.57206 3.56572 3.56572 3.34140 2.31431 2.30089 2.04106 2.01345 2.01345 2.01345 2.01345 2.01345 2.01345 2.02827 2.06408 1.89313 1.89194 1.93669 1.98383 2.00999 1.95696 1.95592
2.44914 2.44914 2.44914 2.46781 2.60465 2.59634 2.56436 2.52267 2.47597 2.43519 2.39595 2.35282 2.35193 2.50874 2.99085 3.90594 4.26825 3.99411 4.34563 4.77500 5.00221 5.03170 5.03170 5.03170 5.03170 5.03170 5.03170 5.03170 5.03170 5.03170 5.03170 4.65108 3.94358 3.93305 3.55519 3.39066 3.30801 3.22556 3.49109 3.66468 3.66468 3.66468 3.66468 3.66468 3.59208 3.56572 3.56572 3.56172 2.43940 2.30388 2.11968 2.01423 2.03898 2.07493 2.11327 2.15767 2.20240 2.23225 2.24116 2.10280 1.99830 2.03149 2.09510 2.09510 2.02981 2.00649
2.44530 2.43571 2.40735 2.37888 2.39383 2.34494 2.31287 2.29675 2.31246 2.46752 2.65203 2.88503 3.13063 3.48164 3.66138 5.31761 5.42011 4.85753 4.72999 5.03170 5.03170 5.03170 5.03170 5.03170 5.03170 5.03170 5.03170 5.03170 5.03170 5.03170 5.02304 4.86586 3.79104 3.69974 3.39206 3.19387 3.16966 3.16966 3.33499 3.66468 3.66468 3.66468 3.66468 3.66468 3.61529 3.58277 3.63066 3.65099 2.75616 2.15823 2.12893 2.21514 2.23508 2.24384 2.25020 2.25050 2.24479 2.19277 2.13078 2.01978 1.89870 1.87998 2.00107 1.98311 1.90498 1.85248
2.31390 2.29488 2.29298 2.30171 2.44053 2.62188 2.84811 3.09372 3.31868 3.40916 3.47029 3.48271 3.48271 3.57114 3.65031 4.91847 5.42011 5.08613 4.65292 5.03170 5.03170 5.03170 5.03170 5.03170 5.03170 5.03170 5.02855 4.96771 4.88529 4.80283 4.72906 4.71308 3.78798 3.48203 3.27041 3.09724 3.16966 3.16966 3.20727 3.69843 3.78154 3.85996 3.89989 3.93007 3.66582 3.27376 2.94912 2.66340 2.28791 2.01504 1.96840 2.06765 2.00669 1.94460 1.88260 1.82051 1.76422 1.75415 1.75415 1.75331 1.74137 1.74133 1.92572 1.95605 1.92585 1.84747
2.47553 2.81114 3.05677 3.29265 3.39924 3.46343 3.48271 3.48271 3.48271 3.48271 3.48271 3.48271 3.48271 3.51874 3.65031 4.41439 5.42011 5.31441 4.60779 4.99215 5.03170 5.03170 5.03132 4.98269 4.90027 4.81781 4.73857 4.70230 4.62766 4.54661 4.46549 4.38831 3.80847 3.28092 3.24068 3.09725 3.30019 3.29941 3.27655 3.49515 3.19560 2.71416 2.29213 1.88767 1.76731 1.96023 1.89647 1.83437 1.76174 1.57760 1.57642 1.71947 1.75415 1.75415 1.75415 1.75415 1.75415 1.75415 1.75415 1.75415 1.74402 1.69789 1.75910 1.77426 1.71024 1.58676
2.90846 3.48271 3.48271 3.48271 3.48271 3.48271 3.48271 3.48271 3.48271 3.47597 3.46523 3.45444 3.44353 3.43364 3.57231 3.83993 5.33642 5.32688 4.62557 4.81723 4.91525 4.83283 4.75078 4.68466 4.60404 4.52302 4.44186 4.37547 4.36904 4.36904 4.36904 4.37165 4.12229 3.26901 3.08841 2.57705 2.32171 2.04363 1.78799 1.74605 1.76213 1.76213 1.76213 1.76213 1.76213 1.76665 1.76801 1.76801 1.76801 1.61405 1.57642 1.67053 1.75415 1.75415 1.75415 1.75415 1.74606 1.68721 1.62686 1.57378 1.47969 1.40880 1.50164 1.65282 1.65282 1.59478
2.54581 3.27226 3.30152 3.29059 3.27985 3.26904 3.25815 3.24733 3.23662 3.23236 3.23236 3.23236 3.23236 3.23236 3.33112 3.38880 4.83827 5.02265 4.49385 4.33679 4.58041 4.49938 4.41827 4.36949 4.36904 4.36904 4.37165 4.38013 4.34369 4.09614 3.82185 3.54494 3.24650 2.31712 2.25329 1.99737 1.79809 1.73629 1.73629 1.73936 1.76213 1.76213 1.76213 1.76213 1.76213 1.76534 1.76801 1.76801 1.76801 1.66683 1.57642 1.62158 1.75415 1.75415 1.75415 1.70594 1.50729 1.50139 1.50139 1.50139 1.47362 1.40860 1.43323 1.65190 1.65282 1.61240
2.41607 3.00186 3.23236 3.23236 3.23236 3.23236 3.23236 3.23236 3.23236 3.23236 3.23236 3.22732 3.18662 3.13904 3.12082 3.15022 4.08906 4.72501 4.42793 3.96965 4.36904 4.37165 4.38013 4.34525 4.09883 3.82185 3.54494 3.26216 3.02431 2.99756 2.99756 2.99756 2.99756 2.49020 2.25329 2.10095 1.83889 1.73629 1.73629 1.73629 1.75705 1.76213 1.76213 1.76213 1.76213 1.76372 1.76801 1.76801 1.76801 1.71956 1.57642 1.58079 1.74601 1.75415 1.75415 1.75250 1.51994 1.50139 1.50139 1.50139 1.48415 1.36989 1.34087 1.53541 1.53925 1.49900
2.41607 2.77544 3.23236 3.23236 3.23236 3.23236 3.23236 3.23165 3.20036 3.15276 3.10508 3.07373 3.10132 3.13464 3.16821 3.27429 3.57940 4.52002 4.35410 3.66141 3.82468 3.54777 3.26499 3.02558 2.99756 2.99756 2.99756 2.99756 2.99756 2.99756 2.99756 2.99756 2.99756 2.69725 2.25329 2.20447 1.87197 1.73608 1.72534 1.71756 1.73391 1.76213 1.76213 1.76213 1.76213 1.76223 1.76777 1.76801 1.76801 1.76341 1.58535 1.57642 1.70143 1.75415 1.75350 1.73432 1.54139 1.44188 1.40991 1.37756 1.35358 1.21905 1.18177 1.28298 1.31072 1.28789
2.41607 2.52027 3.23053 3.23236 3.22638 3.21188 3.19783 3.18500 3.19998 3.22840 3.25548 3.26080 3.18618 3.09559 2.95186 2.84743 2.64927 3.20769 3.04243 2.80928 2.96436 2.99756 2.99756 2.99756 2.99756 2.99756 2.99756 2.99756 2.99756 2.99756 2.99756 2.99756 2.99756 2.90239 2.24637 2.24029 1.91503 1.75158 1.70656 1.70656 1.71639 1.76213 1.76213 1.76213 1.76213 1.76213 1.76674 1.76801 1.76801 1.77368 1.68743 1.68750 1.70868 1.61850 1.57599 1.55203 1.45729 1.32973 1.32933 1.32933 1.32451 1.23455 1.17918 1.22170 1.28235 1.28235
2.40406 2.35102 3.18259 3.28358 3.27471 3.27429 3.26714 3.19812 3.11153 2.97472 2.81994 2.67786 2.59828 2.53411 2.52309 2.54914 2.53711 2.80504 3.02002 2.89111 2.90188 2.99756 2.99756 2.99756 2.99756 2.99756 2.99756 2.99756 2.99756 2.99669 2.99146 2.98562 2.97978 2.97549 2.34452 2.22636 1.97700 1.73730 1.70656 1.70656 1.70705 1.75593 1.76213 1.76213 1.77789 1.85697 1.91312 1.96403 2.04595 2.12224 2.00958 1.79601 1.74820 1.51041 1.49794 1.48422 1.45137 1.24245 1.21868 1.19578 1.17958 1.17918 1.17918 1.19293 1.28230 1.28235
2.10156 2.19350 2.88367 3.12570 2.99744 2.84265 2.69488 2.60916 2.54104 2.52309 2.52309 2.52309 2.52309 2.52309 2.52309 2.52716 2.59427 2.60688 3.02002 2.97290 2.84512 2.99756 2.99756 2.99756 2.99756 2.99717 2.99251 2.98668 2.98084 2.97587 2.98683 3.02843 3.07687 3.13231 2.62878 2.20545 2.05570 1.70656 1.70656 1.72341 1.77908 1.90223 2.07535 2.19818 2.30538 2.34921 2.33774 2.25457 2.27873 2.30560 2.25287 1.79312 1.79356 1.44575 1.39721 1.39721 1.39721 1.21773 1.17918 1.17918 1.17918 1.17918 1.17918 1.17918 1.25155 1.22724
1.83305 1.92850 2.18792 2.54962 2.52309 2.52309 2.52309 2.52309 2.52309 2.52309 2.52309 2.52309 2.52309 2.52309 2.52309 2.52309 2.57724 2.47640 3.01405 3.01130 2.82125 2.99746 2.99356 2.98773 2.98189 2.97649 2.99745 3.04172 3.09193 3.14963 3.19592 3.19782 3.19782 3.19782 2.88095 2.10412 2.01076 1.92396 2.01007 2.07519 2.10149 2.18753 2.39599 2.39599 2.39599 2.39599 2.39599 2.39599 2.39599 2.39599 2.39581 1.86818 1.79374 1.55459 1.39721 1.39721 1.39721 1.27320 1.17918 1.17107 1.12714 1.07891 1.03072 0.982479 1.06762 1.11761
1.53756 1.64902 1.78930 2.48686 2.49862 2.49652 2.49443 2.49235 2.49027 2.48815 2.48607 2.48399 2.48189 2.47980 2.47772 2.47564 2.50519 2.40242 2.86269 2.95451 2.79799 2.97875 3.00954 3.05539 3.10770 3.16771 3.19782 3.19782 3.19782 3.17092 3.09649 2.98835 2.73213 2.45802 2.17925 1.92865 1.95354 2.08527 2.12913 2.12913 2.12913 2.13715 2.38303 2.39599 2.39599 2.39599 2.39599 2.39599 2.39599 2.39599 2.39599 2.03355 1.79374 1.66371 1.39721 1.39721 1.39721 1.31715 1.00392 0.963787 0.959525 0.959525 0.959525 0.959525 1.03003 1.11761
1.42624 1.59588 1.61149 2.36541 2.47435 2.47435 2.47435 2.47435 2.47435 2.47435 2.47435 2.47435 2.47435 2.47435 2.47174 2.46275 2.46160 2.46751 2.62024 3.01368 2.94407 3.10908 3.19782 3.19782 3.17092 3.09649 2.98736 2.73213 2.45802 2.21081 2.01113 1.84515 1.82726 1.82726 1.82726 1.92253 1.95632 2.03722 2.12913 2.12913 2.12913 2.12913 2.29257 2.39599 2.39599 2.39599 2.39599 2.39599 2.39599 2.39599 2.39599 2.19923 1.79374 1.76757 1.40232 1.39721 1.39721 1.39590 0.993693 0.959525 0.959525 0.959525 0.959525 0.961074 0.992033 1.07869
1.42113 1.55661 1.60320 2.17719 2.47435 2.47435 2.47435 2.47435 2.47435 2.47435 2.47335 2.46540 2.45612 2.43709 2.39337 2.31867 2.23251 2.22443 2.29043 3.05715 2.89428 2.82280 2.73015 2.45603 2.20882 2.00914 1.84436 1.82726 1.82726 1.82726 1.82726 1.82726 1.82726 1.82726 1.82726 1.88680 1.95632 1.98915 2.12913 2.12838 2.09503 2.04442 2.11586 2.39599 2.39599 2.39599 2.39599 2.39599 2.39599 2.39599 2.39599 2.35678 1.80175 1.79374 1.48528 1.39721 1.39721 1.39730 1.09773 0.966438 0.970396 0.973905 0.977383 0.979313 0.978769 0.974300
1.42113 1.50734 1.60320 1.94010 2.47416 2.47435 2.47420 2.46225 2.41238 2.33898 2.24213 2.14782 2.04999 1.95825 1.87198 1.75152 1.63805 1.59585 1.60361 1.93019 1.78824 1.75463 1.82726 1.82726 1.82726 1.82726 1.82726 1.82726 1.82726 1.82726 1.82726 1.82726 1.82726 1.82726 1.82726 1.85110 1.93119 1.88139 1.98682 1.95293 1.93567 1.93567 1.96585 2.39124 2.39599 2.39599 2.39599 2.39599 2.39599 2.39599 2.39599 2.39599 1.92236 1.73436 1.53618 1.41518 1.42039 1.42552 1.24694 0.978509 0.978027 0.978000 0.978000 0.978000 0.978000 0.944101
1.42113 1.44932 1.60309 1.68519 2.20257 2.16793 2.05713 1.95602 1.90692 1.87060 1.77015 1.65503 1.55707 1.46369 1.39353 1.40881 1.42890 1.44946 1.54764 1.61020 1.65183 1.70172 1.82726 1.82726 1.82726 1.82726 1.82726 1.82726 1.82726 1.82726 1.82726 1.82726 1.81030 1.76052 1.70989 1.65979 1.75045 1.76286 1.87251 1.93567 1.93567 1.93567 1.93567 2.26015 2.39599 2.39599 2.39599 2.38508 2.32666 2.25950 2.11708 1.94295 1.61705 1.46056 1.45174 1.42492 1.42492 1.42492 1.39458 0.986208 0.978000 0.978000 0.983501 0.995922 1.00666 1.01570
1.39841 1.33084 1.44183 1.41133 1.68414 1.78866 1.67270 1.57229 1.47886 1.39846 1.40545 1.42703 1.43161 1.43161 1.43161 1.43161 1.43161 1.43161 1.52934 1.57826 1.65183 1.66783 1.82618 1.82726 1.82726 1.82726 1.82726 1.82726 1.81685 1.76950 1.71889 1.66828 1.63463 1.63380 1.63380 1.63380 1.71523 1.76286 1.82448 1.93567 1.93567 1.93567 1.92401 2.04611 2.24410 2.08994 1.91588 1.75263 1.63704 1.53003 1.49844 1.49844 1.48950 1.45913 1.45860 1.42696 1.42492 1.42492 1.41375 1.07565 1.00589 1.01530 1.02042 1.02047 1.02047 1.02047
1.08836 1.06953 1.25018 1.38530 1.40353 1.40210 1.42467 1.43161 1.43161 1.43161 1.43161 1.43161 1.43161 1.43161 1.43161 1.43161 1.43161 1.43161 1.49323 1.55075 1.65105 1.65218 1.79757 1.82726 1.82183 1.77847 1.72788 1.67725 1.63703 1.63380 1.63380 1.63380 1.63380 1.63380 1.63380 1.63380 1.67953 1.76986 1.80627 1.82340 1.71357 1.59753 1.49309 1.44223 1.51838 1.49844 1.49844 1.49844 1.49844 1.49844 1.49844 1.49844 1.49785 1.46153 1.44874 1.39663 1.36350 1.34404 1.33285 1.17327 1.02047 1.02047 1.02770 1.05428 1.08194 1.10958
1.06793 1.06363 1.20107 1.48453 1.48388 1.43655 1.43554 1.43621 1.43688 1.43756 1.43826 1.43897 1.43969 1.44042 1.44118 1.44194 1.44272 1.44352 1.47459 1.58388 1.68533 1.69885 1.70648 1.68623 1.64108 1.63380 1.63380 1.63380 1.63380 1.63380 1.63380 1.63380 1.63781 1.64952 1.64513 1.56667 1.48142 1.55142 1.44272 1.34530 1.33731 1.33731 1.33731 1.33734 1.46713 1.49844 1.49844 1.49844 1.49844 1.49844 1.48901 1.45333 1.42280 1.37875 1.35601 1.34607 1.33258 1.33258 1.33258 1.27938 1.09741 1.12507 1.14548 1.14654 1.14654 1.14654
0.922513 0.922491 0.949285 1.50264 1.51901 1.46518 1.44861 1.44861 1.44861 1.44861 1.44861 1.44861 1.44861 1.44861 1.44861 1.44861 1.44867 1.47910 1.53560 1.51189 1.49261 1.55444 1.58293 1.63380 1.63380 1.63380 1.63380 1.63794 1.64978 1.64532 1.56676 1.46600 1.34923 1.23284 1.13917 1.13098 1.13098 1.29706 1.33848 1.33775 1.33731 1.33731 1.33731 1.33731 1.41048 1.49844 1.49103 1.45593 1.42491 1.39956 1.38274 1.38159 1.38159 1.37094 1.35538 1.35231 1.33258 1.33258 1.33258 1.33258 1.16672 1.14654 1.14654 1.14654 1.14654 1.14654
0.922491 0.922491 0.922491 1.39007 1.51901 1.48398 1.44861 1.44861 1.44861 1.44861 1.44861 1.44861 1.44861 1.46485 1.51894 1.57451 1.62131 1.62787 1.60928 1.46701 1.39075 1.55444 1.57417 1.65010 1.64553 1.56692 1.46598 1.34921 1.23284 1.13917 1.13098 1.13098 1.13098 1.13098 1.13098 1.13098 1.13098 1.23965 1.33848 1.33809 1.33731 1.33731 1.33163 1.28404 1.26899 1.40134 1.38333 1.38159 1.38159 1.38159 1.38159 1.38159 1.38159 1.37810 1.35538 1.35538 1.33574 1.33258 1.33258 1.33258 1.21344 1.14925 1.15351 1.15250 1.13303 1.11205
0.922491 0.922491 0.922491 1.23618 1.51901 1.50617 1.44861 1.44861 1.44861 1.45506 1.50319 1.55859 1.60260 1.62330 1.60624 1.58763 1.57778 1.58437 1.60931 1.56575 1.37526 1.50680 1.47971 1.27914 1.13917 1.13098 1.13098 1.13098 1.13098 1.13098 1.13098 1.13098 1.13098 1.13098 1.13098 1.13098 1.13098 1.18222 1.33527 1.27394 1.23615 1.18175 1.13139 1.12295 1.12690 1.36315 1.38159 1.38159 1.38159 1.38159 1.38159 1.38159 1.38159 1.38159 1.35905 1.35966 1.36219 1.34370 1.33345 1.30549 1.21785 1.08151 1.05619 1.03623 1.03466 1.03466
0.927773 0.922491 0.922491 1.04175 1.51901 1.52047 1.49646 1.54219 1.58380 1.61431 1.60320 1.58475 1.58186 1.60538 1.62620 1.60427 1.56974 1.52324 1.44774 1.36808 1.10618 1.24372 1.33469 1.24921 1.13098 1.13098 1.13098 1.13098 1.13098 1.13098 1.13098 1.13098 1.13098 1.13098 1.13056 1.08043 0.996384 0.916771 1.02838 1.01695 1.07674 1.07383 1.12295 1.12295 1.12295 1.28811 1.38159 1.38159 1.38159 1.38159 1.38985 1.43258 1.47887 1.52106 1.51792 1.49377 1.39463 1.20120 1.18340 1.18340 1.17677 1.03898 1.03466 1.03466 1.03434 1.01497
0.945837 0.922491 0.968977 1.07591 1.62350 1.72207 1.64294 1.58456 1.60147 1.62528 1.60916 1.57519 1.53236 1.45995 1.38272 1.36792 1.36792 1.36792 1.36792 1.36792 1.18367 1.17660 1.33469 1.29914 1.13098 1.13098 1.13098 1.13098 1.13098 1.13098 1.13098 1.09487 1.01108 0.926964 0.843364 0.808970 0.777118 0.734099 0.808871 0.815003 0.857417 0.939900 1.12115 1.12295 1.12295 1.22256 1.44024 1.48621 1.52775 1.56826 1.60042 1.59819 1.59234 1.59063 1.53602 1.41615 1.40281 1.18741 1.18340 1.18340 1.18330 1.05107 0.986604 0.956011 0.925719 0.914496
1.31923 1.19170 1.21907 1.18625 1.52344 1.64510 1.56902 1.54067 1.47193 1.39147 1.36792 1.36792 1.36792 1.36792 1.36792 1.36792 1.36792 1.36792 1.36792 1.36792 1.26910 1.11415 1.32887 1.33221 1.14791 1.13098 1.13098 1.10722 1.02571 0.941658 0.857608 0.804687 0.763414 0.722878 0.689394 0.661468 0.651973 0.651973 0.709621 0.790308 0.858936 0.976260 1.17620 1.27584 1.31629 1.35703 1.59061 1.59167 1.59063 1.59063 1.59063 1.59063 1.59063 1.59063 1.58073 1.41920 1.41615 1.21747 1.12231 1.08149 1.04079 0.969916 0.914496 0.914496 0.914496 0.934142
