High_resolution/powerplant/Shangrao/OMI_NO2_200704.asc
ncols      200
nrows      200
xllcorner       115.451
yllcorner       27.0350
cellsize     0.0166667
NODATA_Value      -999.000
[rows 90 to 119 of 165, columns 0 to 65 of 200]
3.81538 3.02620 3.00268 2.57322 2.56343 2.57013 2.69225 2.69729 2.72812 2.77030 2.81245 2.85460 2.85504 2.76536 2.78487 2.79480 2.81739 3.10881 3.57675 3.73466 3.73311 3.71620 3.70017 3.69630 3.69630 3.81070 3.95349 4.02338 4.16434 4.30632 4.43838 4.34599 4.38973 4.27803 3.87225 3.78390 3.75817 3.75817 3.74375 3.62201 3.62201 3.62201 3.62201 3.62201 3.38420 3.27022 2.95168 2.70388 2.67826 2.67826 2.67220 1.93321 1.89418 1.91916 1.97985 2.04093 2.10188 2.16161 2.18078 2.18078 2.18078 2.19218 1.99566 1.81394 1.81394 1.81394
4.64711 3.02813 3.02620 2.73741 2.72133 2.77402 2.88696 2.94709 2.95841 2.95841 2.95841 2.95841 2.95013 2.78637 2.77369 2.75894 2.77211 2.92067 3.39127 3.65147 3.76853 3.83168 3.95871 4.10100 4.24325 4.42493 4.78343 4.85557 4.85654 4.85654 4.85623 4.38895 4.33388 4.34192 3.87261 3.80918 3.75817 3.75817 3.75795 3.63406 3.62201 3.62201 3.62201 3.62201 3.48611 3.27022 3.05073 2.75401 2.68929 2.74547 2.80648 2.33314 2.14444 2.18049 2.18078 2.18078 2.18078 2.18078 2.18078 2.18078 2.18078 2.18120 2.11450 1.80593 1.79016 1.77441
5.17052 3.16659 3.02620 2.95176 2.89171 2.89171 2.92315 2.95841 2.95841 2.95556 2.94014 2.91555 2.85790 2.65180 2.57263 2.52817 2.92578 3.22901 3.80245 4.17604 4.50609 4.58500 4.59982 4.59982 4.59982 4.59984 4.82143 4.85654 4.85654 4.85654 4.85654 4.51643 4.33388 4.34582 3.96231 3.83597 3.75817 3.75817 3.75817 3.66491 3.62201 3.62201 3.62201 3.61987 3.54018 3.40620 3.36312 3.09061 2.96002 2.96486 2.96486 2.64683 2.18078 2.18078 2.18078 2.18078 2.18078 2.17727 2.16235 2.14660 2.13086 2.11508 2.12745 1.73895 1.72476 1.71965
5.17052 3.47560 3.02620 2.98766 2.85019 2.79453 2.75165 2.74933 2.68789 2.62936 2.58328 2.56480 2.61290 2.56121 2.55887 2.64131 3.13148 3.53534 3.77176 4.08582 4.59442 4.59982 4.59982 4.59982 4.59982 4.59982 4.74670 4.85654 4.85654 4.85654 4.85654 4.64412 4.33388 4.34018 4.06879 3.85468 3.76619 3.75817 3.75817 3.67457 3.53959 3.47713 3.41465 3.35430 3.33721 3.57225 3.60296 3.22226 2.98846 2.96486 2.96486 2.86805 2.16095 2.15195 2.13622 2.12043 2.10468 2.09246 2.09160 2.09160 2.09160 2.09316 2.13219 1.83277 1.67985 1.67728
5.17052 3.74838 2.55092 2.47907 2.46513 2.46547 2.50078 2.61384 2.67009 2.72572 2.81044 2.88446 2.93599 2.91902 2.86841 2.87446 3.13495 3.69268 3.69858 4.02503 4.48177 4.59982 4.59982 4.59982 4.59982 4.59982 4.67195 4.85654 4.85654 4.85653 4.85337 4.76327 4.31975 4.31606 4.18220 3.81154 3.69839 3.61438 3.56437 3.47609 3.33721 3.33721 3.33721 3.33721 3.33721 3.48784 3.60969 3.22259 2.94582 2.81468 2.76942 2.72651 2.17771 2.08062 2.07425 2.06782 2.06035 2.05023 2.04363 2.03766 2.03093 2.02223 2.08610 2.19620 1.92445 1.95061
5.17052 4.73130 2.47482 2.46131 2.72505 2.82002 2.90302 2.95435 3.00071 3.04528 3.04800 3.04800 3.04800 3.00880 2.87446 2.87446 2.93759 3.68818 3.69268 3.93892 4.32860 4.60343 4.60554 4.60697 4.60429 4.60091 4.60566 4.84025 4.84751 4.84415 4.82210 4.77266 4.24856 4.15590 4.08335 3.66269 3.62633 3.56765 3.56975 3.54768 3.33519 3.29305 3.23766 3.18228 3.12690 3.13774 3.32615 3.09311 2.85608 2.71634 2.71302 2.70968 2.30259 1.98221 1.97894 1.97623 1.97443 1.98445 1.99959 2.01367 2.02723 2.04033 2.06176 2.43211 2.05528 2.06682
5.16653 5.16612 2.95865 2.86642 3.13389 3.09558 3.09548 3.08192 3.04654 3.04646 3.04638 3.04630 3.04621 3.04101 2.93767 2.93831 2.94042 3.59531 3.67513 3.82310 4.22661 4.64852 4.64304 4.63823 4.63754 4.63627 4.62525 4.74170 4.75489 4.74913 4.76695 4.81084 4.52607 4.41603 4.50704 3.86513 3.71249 3.50876 3.46338 3.42123 3.09315 3.06340 3.07326 3.08311 3.09285 3.10283 3.36490 3.21739 2.87293 2.71514 2.71702 2.75822 2.59626 2.11070 2.12812 2.12496 2.13132 2.13556 2.13556 2.13556 2.13376 2.09523 2.04207 2.29185 2.13922 2.10864
5.15907 5.15907 3.52214 2.94747 3.10555 3.09423 3.09423 3.09348 3.04864 3.04571 3.04559 3.00877 2.94326 2.87767 2.73129 2.64817 2.58262 3.01409 3.41970 3.64087 4.27358 4.79636 4.85797 4.88650 4.91412 4.94188 4.97728 5.04289 5.11294 5.11487 5.12096 5.14517 4.98101 4.73386 4.78564 4.24414 3.82227 3.48297 3.37834 3.37530 3.17220 3.08451 3.08093 3.07746 3.07419 3.07322 3.22426 3.26847 2.87700 2.85436 2.87448 2.87589 2.84402 2.17429 2.15658 2.14415 2.11088 2.05779 2.00467 1.95157 1.90026 1.88571 1.88571 2.09016 2.18875 2.10847
5.15907 5.15907 4.04294 2.94747 3.03735 3.05107 2.94765 2.86577 2.79312 2.73180 2.66633 2.63755 2.63755 2.63755 2.57655 2.53920 2.53867 2.80173 3.66597 3.99638 4.53394 4.89210 5.04286 5.05741 5.08055 5.11148 5.14421 5.18515 5.28184 5.31457 5.34128 5.34979 5.24676 4.78892 4.79510 4.52144 3.84308 3.61384 3.34192 3.33890 3.20706 3.07322 3.07322 3.07322 3.07322 3.07322 3.15675 3.30623 2.94332 2.87589 2.87589 2.86399 2.81380 2.22188 1.98828 1.92745 1.88574 1.88571 1.88571 1.88571 1.88571 1.88571 1.88571 1.99176 2.24263 2.10847
5.15907 5.15907 4.79125 2.95012 2.94966 2.76514 2.58404 2.58404 2.60538 2.63755 2.63755 2.63755 2.63428 2.62177 2.56759 2.52552 2.56361 2.68294 3.56332 4.06911 4.43620 4.84642 5.24794 5.26616 5.27566 5.27752 5.27752 5.27752 5.33674 5.34979 5.34979 5.34979 5.34542 4.82747 4.78892 4.74239 3.84308 3.73003 3.35877 3.33890 3.25808 3.07322 3.07322 3.07322 3.07322 3.07322 3.09373 3.25966 2.94789 2.72328 2.67016 2.62896 2.62604 2.28174 1.90673 1.90374 1.88571 1.88571 1.88571 1.88571 1.88764 1.89868 1.91090 1.93951 2.33087 2.17671
5.15907 5.15907 5.15907 3.13978 2.94747 2.85619 2.58404 2.60163 2.66123 2.72984 2.76756 2.80509 2.84593 2.89598 2.90274 2.78267 2.71608 2.64952 3.14498 3.85207 4.10892 4.56993 5.27703 5.27752 5.27752 5.27752 5.27752 5.27752 5.31557 5.34979 5.34979 5.34979 5.34979 4.96046 4.78892 4.85430 3.93535 3.82903 3.39152 3.33890 3.30565 3.07322 3.08749 3.12075 3.15409 3.18743 3.21859 3.09356 2.90149 2.62604 2.62604 2.62604 2.62604 2.47645 1.90707 1.91570 1.90869 1.91914 1.93136 1.94356 1.95387 1.95505 1.95505 1.95505 2.26282 2.19388
5.15907 5.15907 5.15907 3.85325 3.47331 3.43290 2.95126 2.96760 2.96075 2.93440 2.86985 2.80322 2.73667 2.67015 2.62284 2.52847 2.52670 2.52670 2.91023 3.72223 3.95176 4.47280 5.15181 5.27752 5.27752 5.27752 5.27752 5.27752 5.29445 5.34979 5.34979 5.34979 5.34979 5.09541 4.77931 4.80697 4.18279 3.84708 3.53850 3.39419 3.42076 3.22265 3.22532 3.22541 3.22541 3.22541 3.22541 3.14230 3.00551 2.61075 2.55783 2.50338 2.44891 2.38680 1.99708 1.97606 1.96177 1.95766 1.96050 1.96344 1.96576 1.96091 1.95560 1.95067 2.03299 1.96707
4.58783 4.26915 4.03544 3.69311 3.45418 3.46574 2.86077 2.71723 2.65064 2.62059 2.62506 2.62506 2.62506 2.62506 2.62506 2.54505 2.52670 2.52670 2.75155 3.57043 3.86931 4.39808 4.92932 5.27752 5.27752 5.27752 5.27736 5.27227 5.26582 5.32440 5.32080 5.31186 5.30296 5.19701 4.77696 4.80849 4.53319 3.97628 3.78042 3.45086 3.44890 3.28725 3.22541 3.22386 3.18645 3.13765 3.08948 3.00684 2.82384 2.41374 2.36512 2.37254 2.38357 2.39485 2.17140 2.04685 2.04413 2.02092 2.00817 1.99685 1.98765 1.98619 1.97725 1.96539 1.91984 1.80249
3.82369 3.81293 3.80244 3.74152 3.41532 3.40771 2.80617 2.58041 2.57608 2.57322 2.57584 2.57157 2.56736 2.56301 2.55880 2.51315 2.48711 2.48528 2.54987 3.36239 3.83470 4.20612 4.64905 5.21064 5.20169 5.19275 5.18395 5.18010 5.17508 5.23662 5.30815 5.33593 5.36208 5.34364 4.77503 4.70312 4.57669 3.96366 3.89236 3.40810 3.35367 3.20807 3.05816 3.01855 3.01920 3.03180 3.04463 3.05699 2.89477 2.57633 2.41082 2.38910 2.36359 2.31942 2.13084 1.85750 1.83883 1.88171 1.86986 1.85801 1.84622 1.83488 1.83202 1.83343 1.84272 1.76150
3.54359 3.54359 3.54359 3.54359 3.28833 3.25652 2.89514 2.49820 2.49820 2.49820 2.50535 2.50645 2.50645 2.50645 2.51673 2.53041 2.53725 2.56949 2.60173 3.24424 3.97785 4.11558 4.36275 5.08790 5.06479 5.00696 4.94729 4.88574 4.82589 4.89785 5.06926 5.02902 4.98961 4.97102 4.47898 4.30682 4.38069 4.04818 4.06159 3.36532 3.24091 3.14949 2.94468 2.91700 2.88503 2.85306 2.82094 2.78898 2.62428 2.35076 2.13856 2.12067 2.07469 2.06773 2.01674 1.70047 1.70537 1.82944 1.83206 1.84412 1.86580 1.88744 1.90908 1.92932 1.93376 1.84155
3.54359 3.54359 3.54359 3.54359 3.34620 3.25652 3.13456 2.50354 2.51463 2.54691 2.58386 2.61968 2.65196 2.68420 2.70616 2.69776 2.66348 2.66348 2.66348 3.05444 3.35266 3.31598 3.70297 4.39312 4.63422 4.63422 4.62357 4.55785 4.47152 4.40806 4.63427 4.54801 4.45817 4.37773 4.45210 4.63624 4.68588 4.37925 4.26057 3.56010 3.05495 3.01244 2.73134 2.73134 2.73134 2.73134 2.73134 2.73134 2.65982 2.45084 2.13856 2.13299 2.06891 2.06773 2.06631 1.77599 1.74928 1.87537 1.92418 1.93376 1.93376 1.93376 1.93376 1.93376 1.93376 1.86800
3.54359 3.54360 3.54682 3.55192 3.44750 3.31575 3.32481 2.78274 2.69856 2.69856 2.70083 2.70682 2.70682 2.70682 2.70682 2.69625 2.63127 2.60623 2.58808 2.79770 3.05101 2.97857 3.30095 3.76088 4.15590 4.06607 3.98678 3.96324 3.95967 3.95967 4.22730 4.30535 4.30535 4.30535 4.36839 4.63624 4.63962 4.50294 4.26057 3.88630 3.05495 3.05254 2.75041 2.73134 2.73134 2.73134 2.73134 2.73134 2.71753 2.52525 2.18866 2.18095 2.14046 2.13913 2.15174 1.94191 1.80212 1.87698 1.93376 1.93376 1.93376 1.93376 1.93376 1.93041 1.89934 1.82294
3.56364 3.56664 3.56786 3.56786 3.53993 3.34674 3.34649 2.94992 2.69856 2.69856 2.69967 2.72003 2.74063 2.76234 2.78406 2.81491 2.82565 2.87638 2.95566 2.96679 2.74927 2.78929 3.08633 3.41524 3.95967 3.95967 3.95967 3.95967 3.95967 3.95967 4.12661 4.30535 4.30535 4.30535 4.31141 4.62023 4.63624 4.59464 4.26057 4.19130 3.08486 3.05495 2.82145 2.73134 2.73133 2.72454 2.71194 2.69934 2.68673 2.65158 2.35663 2.24030 2.20049 2.15251 2.15251 2.03906 1.80212 1.84719 1.91163 1.87442 1.83725 1.80013 1.76295 1.72911 1.72296 1.71018
3.56786 3.56786 3.56786 3.56786 3.56786 3.48468 3.53961 3.35305 2.94954 2.99795 3.04534 2.98653 2.97176 3.01178 3.05181 3.09180 3.10557 3.11518 3.11584 3.11584 2.86150 2.82393 2.96665 3.29362 3.89714 3.95967 3.95967 3.95967 3.95967 3.95967 4.02580 4.30535 4.30535 4.30535 4.30535 4.53538 4.64120 4.70360 4.26117 4.26057 3.29027 3.04375 2.86558 2.69214 2.67954 2.67374 2.67374 2.67374 2.67374 2.66111 2.45210 2.24030 2.21000 2.06045 1.97994 1.85145 1.64371 1.62221 1.72296 1.72296 1.72296 1.72296 1.72296 1.70231 1.66846 1.64306
3.56786 3.56786 3.56940 3.57358 3.57780 3.72479 3.79872 3.69795 3.14372 3.16842 3.20843 3.20589 3.15918 3.15918 3.15918 3.15918 3.14167 3.11584 3.11584 3.11584 2.93331 2.82393 2.85107 3.28393 3.71578 3.95967 3.95967 3.95967 3.95967 3.95967 3.97421 4.31226 4.37769 4.40717 4.43672 4.62985 4.86069 4.85815 4.29620 4.21142 3.51896 2.98893 2.88050 2.67374 2.67374 2.67374 2.67222 2.59446 2.47471 2.35071 2.13388 1.77058 1.68120 1.67114 1.66372 1.64607 1.62527 1.64789 1.80096 1.83544 1.81541 1.79072 1.76471 1.76264 1.77552 1.77552
3.57900 3.58232 3.53276 3.45854 3.39269 3.42894 3.51703 3.50141 3.36317 3.28787 3.29654 3.29436 3.20507 3.21329 3.22188 3.23072 3.20501 3.00448 2.99538 2.98628 2.86666 2.67626 2.66716 3.02504 3.38268 3.83119 3.85160 3.87211 3.89249 3.91293 3.92001 4.12072 4.23489 4.21571 4.19656 4.24141 4.46090 4.44910 4.03538 3.90493 3.57533 2.71157 2.61246 2.43565 2.29672 2.15064 1.99630 1.91551 1.88507 1.86171 1.81364 1.73005 1.77419 1.80300 1.83030 1.85793 1.81414 1.75449 1.76553 1.73544 1.72417 1.71682 1.70945 1.70209 1.69470 1.68739
3.58234 3.52871 3.51697 3.52784 3.53879 3.57149 3.73655 3.74304 3.65423 3.51270 3.51270 3.51270 3.42523 3.40335 3.40335 3.40335 3.38841 2.83271 2.87404 2.93556 2.95833 2.76682 2.82831 3.02895 3.23116 3.83660 3.84075 3.87532 3.92807 3.98084 4.03361 4.09265 4.13961 4.13961 4.13961 4.14793 4.35389 4.23166 3.94193 3.59600 3.30600 2.10839 2.05758 1.85081 1.83475 1.82961 1.82625 1.83532 1.84716 1.85971 1.85294 1.99814 2.11754 2.10822 1.80551 1.72954 1.71026 1.70118 1.68992 1.67935 1.67935 1.67955 1.68798 1.70072 1.71346 1.72619
3.56886 3.56886 3.56886 3.56886 3.56886 3.56886 3.72201 3.74336 3.71190 3.51270 3.51270 3.53276 3.53783 3.54540 3.60692 3.66849 3.73009 3.30521 3.18847 3.18847 3.18842 2.92975 2.90583 3.02559 3.28151 3.87570 4.05520 4.07340 4.07340 4.07340 4.06103 3.96739 3.90918 3.79149 3.67215 3.55259 3.37227 3.28315 3.11944 2.88141 2.88141 2.34890 2.14253 1.98378 1.92278 1.92278 1.92278 1.92278 1.92278 1.92278 1.91127 1.98707 2.16258 2.16258 1.77204 1.71286 1.71271 1.70857 1.71718 1.70975 1.72248 1.73503 1.73933 1.73933 1.73933 1.73933
3.56886 3.56886 3.56886 3.56886 3.56886 3.54524 3.61123 3.62979 3.58499 3.76803 3.85221 3.89371 3.87166 3.78550 3.78550 3.78550 3.78550 3.43132 3.21574 3.26848 3.32125 3.18708 3.11909 3.11762 3.35969 3.69452 3.88483 3.76521 3.64577 3.52631 3.41916 3.39653 3.44533 3.46273 3.46273 3.46273 3.35226 3.25167 3.20451 2.88141 2.88141 2.55527 2.14253 2.03100 1.92278 1.92278 1.92278 1.92278 1.92278 1.92278 1.92075 1.93161 2.16709 2.19550 1.93730 1.76543 1.78241 1.78472 1.77976 1.74033 1.73933 1.73933 1.73933 1.73933 1.73933 1.73933
3.48537 3.42582 3.36666 3.30704 3.24735 3.21135 3.31079 3.45707 3.45707 3.76285 3.89486 3.89486 3.89408 3.80037 3.84793 3.96138 4.07927 3.96423 3.69073 3.75605 3.85448 3.66979 3.23983 3.33784 3.63872 3.68466 3.39653 3.39653 3.39653 3.39653 3.39653 3.39653 3.42613 3.46273 3.46273 3.46273 3.40363 3.25167 3.25131 2.92859 2.88141 2.75662 2.14253 2.07301 1.92278 1.92278 1.92758 1.95089 2.00206 2.06192 2.11679 2.08480 2.31586 2.33010 2.16316 1.79284 1.79284 1.78799 1.78115 1.74703 1.73933 1.76190 1.80573 1.84964 1.89345 1.93724
3.21099 3.21099 3.21099 3.21099 3.21099 3.21099 3.23903 3.50825 3.57409 3.80348 4.03811 4.01906 4.00014 4.28509 4.51379 4.56518 4.66314 4.64934 4.26221 4.36019 4.42507 4.29180 3.51743 3.51743 3.64882 3.78172 3.41409 3.39653 3.39653 3.39653 3.39653 3.39653 3.40693 3.46273 3.46273 3.46273 3.45191 3.25481 3.25167 3.03406 2.86940 2.85268 2.24050 2.16219 2.07004 2.12109 2.16645 2.20205 2.21343 2.21343 2.21343 2.15378 2.25403 2.33385 2.29291 1.86072 1.90291 1.99375 1.96698 1.96225 1.96630 1.98755 1.98755 1.98755 1.98755 1.98722
3.10938 3.02693 2.94960 2.87672 2.80820 2.69769 2.55535 3.55889 3.65970 3.66783 4.09545 4.19349 4.29152 4.54995 4.97243 5.02362 5.02362 5.01287 4.44683 4.42659 4.42659 4.42550 3.60801 3.51743 3.57736 3.79196 3.51315 3.39653 3.39653 3.39653 3.39653 3.39653 3.39654 3.45197 3.45249 3.44376 3.43494 3.25884 3.20789 3.06825 2.84448 2.87289 2.53212 2.32860 2.21809 2.21343 2.21343 2.21343 2.21343 2.21380 2.25847 2.31087 2.41340 2.69301 2.88089 2.60851 2.34075 2.34072 2.14105 2.04663 1.95236 1.93184 1.90630 1.87424 1.84370 1.81491
2.66542 2.60101 2.51686 2.43275 2.34892 2.33046 2.36407 3.18086 3.71809 3.75222 4.45000 4.53873 4.53873 4.56680 5.01389 5.02299 5.01875 5.01387 4.55326 4.42678 4.42682 4.42687 3.83071 3.51779 3.52192 3.77675 3.62289 3.39188 3.38318 3.37441 3.36569 3.35695 3.34823 3.37963 3.41864 3.44696 3.47543 3.38787 3.31973 3.27625 2.92328 2.92332 2.71511 2.33230 2.25603 2.29562 2.37033 2.44504 2.51979 2.59412 2.62935 2.64739 2.60629 2.68994 2.66257 2.51109 2.11499 2.08718 1.94708 1.81966 1.76414 1.73568 1.71245 1.69646 1.68048 1.66438
      <    =*          <*                2*                 ;*              ;*                  3*                 <*                 9*                   :*                  <*             =*                8*            :*                   <*                 =*          >*                 <*              <*              =*             3*     
         3*      *        9     *    ?     *    3    *    ?   * 2   *    9   *    9    *        8      ?*            =*                  3*            2*              :*                  >*               3*              9*                  >*                  9*                 
