High_resolution/powerplant/Shangrao/OMI_NO2_201004.asc
ncols      200
nrows      200
xllcorner       115.451
yllcorner       27.0350
cellsize     0.0166667
NODATA_Value      -999.000
[rows 0 to 28 of 195, columns 67 to 133 of 200]
1.83321 1.83321 1.83321 1.83321 1.80207 1.45027 1.45013 1.45013 1.45013 1.45013 1.45013 1.45013 1.45013 1.45628 1.75589 1.77506 1.77506 1.77506 1.77506 1.77506 1.77506 1.77506 1.77506 1.77506 1.77506 1.77506 1.77506 1.77506 1.77506 1.77506 1.77506 1.77506 0.00000 0.00000 0.00000 0.00000 0.00000 0.00000 0.00000 0.00000 0.00000 0.00000 1.05292 1.05292 1.05292 1.05292 1.05292 1.05191 0.248928 0.142008 0.142008 0.142008 0.142008 0.142008 0.142008 0.142008 0.142008 0.142008 0.142008 0.142008 0.142008 0.142008 0.142008 0.142008 0.142008 0.00000 0.00000
1.75598 1.71284 1.68039 1.65506 1.64184 1.49867 1.45013 1.45013 1.45013 1.45013 1.45013 1.45013 1.45013 1.45013 1.66788 1.77506 1.77506 1.77506 1.77506 1.77506 1.77506 1.77506 1.77506 1.77506 1.77506 1.77506 1.77506 1.77506 1.77506 1.77506 1.77506 1.77506 0.00000 0.00000 0.00000 0.00000 0.00000 1.05292 1.05292 1.05292 1.05292 1.05292 1.05292 1.05292 1.05292 1.05292 1.05292 1.05292 0.506082 0.142008 0.142008 0.142008 0.142008 0.142008 0.142008 0.142008 0.142008 0.142008 0.142008 0.142008 0.142008 0.142008 0.142008 0.142008 0.142008 0.00000 0.00000
1.64167 1.64167 1.64167 1.64167 1.64167 1.56372 1.45013 1.45013 1.45013 1.45013 1.45013 1.45013 1.45013 1.45013 1.57377 1.77506 1.77506 1.77506 1.77506 1.77506 1.77506 1.77506 1.77506 1.77506 1.77506 1.77506 1.77506 1.77506 1.77506 1.77506 1.77506 1.77831 1.06071 1.05292 1.05292 1.05292 1.05292 1.05292 1.05292 1.05292 1.05292 1.05292 1.05292 1.05292 1.05292 1.05292 1.05292 1.05292 0.764556 0.142008 0.142008 0.142008 0.142008 0.142008 0.142008 0.142008 0.142008 0.142008 0.142008 0.142008 0.142008 0.142008 0.142008 0.142008 0.142008 0.142008 0.00000
1.64167 1.64167 1.64167 1.64167 1.64167 1.60758 1.45013 1.45013 1.45013 1.45013 1.45013 1.45013 1.45013 1.45013 1.48129 1.77344 1.77506 1.77506 1.77506 1.77506 1.77506 1.77506 1.77506 1.77506 1.77506 1.77506 1.77790 1.94961 2.22023 2.49085 2.76147 3.02925 1.39042 1.05292 1.05292 1.05292 1.05292 1.05292 1.05292 1.05292 1.05292 1.05292 1.05292 1.05292 1.05292 1.05292 1.05292 1.05292 1.00392 0.161135 0.142008 0.142008 0.142008 0.142008 0.142008 0.142008 0.142008 0.142008 0.142008 0.142008 0.142008 0.142008 0.142008 0.142008 0.142008 0.142008 0.00000
1.64167 1.64167 1.64167 1.64167 1.64167 1.63690 1.45871 1.45013 1.45013 1.45013 1.45013 1.45013 1.45013 1.45013 1.45013 1.71047 1.77506 1.77506 1.77506 1.77506 1.77506 1.77790 1.94961 2.22023 2.49085 2.76147 3.02925 3.12816 3.12816 3.12816 3.12816 3.12816 1.98874 1.05292 1.05292 1.05292 1.05292 1.05292 1.05292 1.05292 1.05292 1.05292 1.05292 1.05292 1.05292 1.05292 1.05292 1.05292 1.05292 0.370533 0.142008 0.142008 0.142008 0.142008 0.142008 0.142008 0.142008 0.142008 0.142008 0.142008 0.142008 0.188829 0.285780 0.382628 0.479527 0.573083 0.00000
1.64167 1.64167 1.64167 1.64167 1.64167 1.64167 1.52687 1.45013 1.45013 1.45013 1.45013 1.45013 1.45013 1.45013 1.45013 1.61630 1.77790 1.94961 2.22023 2.49085 2.76147 3.02925 3.12816 3.12816 3.12816 3.12816 3.12816 3.12816 3.12816 3.12816 3.12816 3.12816 2.58730 1.05292 1.05292 1.05292 1.05292 1.05292 1.05292 1.05292 1.05292 1.05292 1.05292 1.05292 1.05292 1.05292 1.05292 1.05292 1.05292 0.629025 0.142008 0.142008 0.142008 0.142008 0.142008 0.146762 0.220819 0.317770 0.414979 0.511827 0.608726 0.658804 0.658804 0.658804 0.658804 0.658804 0.658804
1.64167 1.64167 1.64167 1.64167 1.64167 1.64167 1.58234 1.45013 1.45013 1.45013 1.45013 1.45022 1.54641 1.72515 1.90399 2.22875 3.02925 3.12816 3.12816 3.12816 3.12816 3.12816 3.12816 3.12816 3.12816 3.12816 3.12816 3.12816 3.12816 3.12816 3.12816 3.12816 3.07939 1.15898 1.05292 1.05292 1.05292 1.05292 1.05292 1.05292 1.05292 1.05292 1.05292 1.05292 1.05292 1.05292 1.05292 1.05292 1.05292 0.887319 0.162266 0.253119 0.350018 0.446917 0.543817 0.635961 0.658804 0.658804 0.658804 0.658804 0.658804 0.658804 0.658804 0.658804 0.658804 0.658804 0.658804
1.64167 1.64339 1.65671 1.67215 1.68765 1.70314 1.68883 1.52141 1.69937 1.87803 2.05686 2.23569 2.31825 2.31825 2.31825 2.32619 3.06392 3.12816 3.12816 3.12816 3.12816 3.12816 3.12816 3.12816 3.12816 3.12816 3.12816 3.12816 3.12816 3.12816 3.12816 3.12816 3.12816 1.70876 1.05292 1.05292 1.05292 1.05292 1.05292 1.05292 1.05292 1.05292 1.05292 1.05292 1.05292 1.01401 0.900504 0.784969 0.669612 0.552364 0.631581 0.658804 0.658804 0.658804 0.658804 0.658804 0.658804 0.658804 0.658804 0.658804 0.658804 0.658804 0.658804 0.658804 0.658804 0.658804 0.658804
1.71351 1.72728 1.75444 1.84104 1.93050 2.01987 2.10957 2.29339 2.31825 2.31825 2.31825 2.31825 2.31825 2.31825 2.31825 2.31825 2.83608 3.12816 3.12816 3.12816 3.12816 3.12816 3.12816 3.12816 3.12816 3.12816 3.12816 3.12816 3.12816 3.12816 3.12816 3.12816 3.12816 2.30690 1.05292 1.05292 1.05292 1.05292 1.05292 1.05292 0.997151 0.881675 0.766319 0.650842 0.535545 0.458859 0.457072 0.457072 0.457072 0.457072 0.580938 0.658804 0.658804 0.658804 0.658804 0.658804 0.658804 0.658804 0.658804 0.658804 0.658804 0.658804 0.658804 0.658804 0.658804 0.658804 0.658804
2.00691 2.09635 2.16068 2.16350 2.16350 2.16350 2.16350 2.23754 2.31825 2.31825 2.31825 2.31825 2.31825 2.31825 2.31825 2.31825 2.60021 3.12816 3.12816 3.12816 3.12816 3.12816 3.12816 3.12816 3.12816 3.12816 3.12816 3.12816 3.12816 3.12816 3.12816 3.12816 3.12816 2.90030 1.05665 0.978382 0.863085 0.747490 0.632192 0.516657 0.457072 0.457072 0.457072 0.457072 0.457072 0.457072 0.457072 0.457072 0.457072 0.457072 0.523758 0.658804 0.658804 0.658804 0.658804 0.658804 0.658804 0.658804 0.658804 0.658804 0.658804 0.658804 0.658804 0.658804 0.658804 0.658804 0.658804
2.16350 2.16350 2.16350 2.16350 2.16350 2.16350 2.16350 2.19890 2.31825 2.31825 2.31825 2.31825 2.31825 2.31825 2.31825 2.31825 2.37536 3.11730 3.12816 3.12816 3.12816 3.12816 3.12816 3.12816 3.12816 3.12816 3.12816 3.12816 3.12816 3.12282 2.86519 2.46975 2.07432 1.67888 0.637342 0.457072 0.457072 0.457072 0.457072 0.457072 0.457072 0.457072 0.457072 0.457072 0.457072 0.457072 0.457072 0.457072 0.457072 0.457072 0.469719 0.655576 0.658804 0.658804 0.658804 0.658804 0.658804 0.658804 0.658804 0.658804 0.658804 0.658804 0.658804 0.658804 0.658804 0.658804 0.658804
2.16350 2.16350 2.16350 2.16350 2.16350 2.16350 2.16350 2.17166 2.31733 2.31825 2.31825 2.31825 2.31825 2.31825 2.31825 2.31825 2.31825 2.93864 3.12816 3.12816 3.12816 3.12816 3.12816 3.12816 3.12282 2.86519 2.46975 2.07432 1.67888 1.28878 1.15097 1.15097 1.15097 1.15097 0.781229 0.457072 0.457072 0.457072 0.457072 0.457072 0.457072 0.457072 0.457072 0.457072 0.457072 0.457072 0.457072 0.457072 0.457072 0.457072 0.457072 0.611003 0.658804 0.658804 0.658804 0.658804 0.658804 0.658804 0.658804 0.658804 0.658804 0.658804 0.658804 0.658804 0.658804 0.658804 0.658804
2.16350 2.16350 2.16350 2.16350 2.16350 2.16350 2.16350 2.16350 2.27155 2.31825 2.31825 2.31825 2.31825 2.31825 2.31825 2.31825 2.31825 2.70288 3.12816 3.12282 2.86519 2.46975 2.07432 1.67888 1.28878 1.15097 1.15097 1.15097 1.15097 1.15097 1.15097 1.15097 1.15097 1.15097 0.979596 0.457072 0.457072 0.457072 0.457072 0.457072 0.457072 0.457072 0.457072 0.457072 0.457072 0.457072 0.457072 0.457072 0.457072 0.457072 0.457072 0.553762 0.658804 0.658804 0.658804 0.658804 0.658804 0.658804 0.658804 0.658804 0.658804 0.658804 0.658804 0.658804 0.658804 0.00000 0.00000
2.13812 2.16350 2.16350 2.16350 2.16350 2.16350 2.16350 2.16350 2.22179 2.31825 2.31825 2.31825 2.31825 2.31825 2.31804 2.26900 2.18309 2.12416 1.67888 1.28878 1.15097 1.15097 1.15097 1.15097 1.15097 1.15097 1.15097 1.15097 1.15097 1.15097 1.15097 1.15097 1.15097 1.15097 1.13813 0.497665 0.457072 0.457072 0.457072 0.457072 0.457072 0.457072 0.457072 0.457072 0.457072 0.457072 0.457072 0.457072 0.457072 0.457072 0.457072 0.496547 0.658804 0.658804 0.658804 0.658804 0.658804 0.658804 0.658804 0.00000 0.00000 0.00000 0.00000 0.00000 0.00000 0.00000 0.00000
2.04629 2.16350 2.16350 2.16350 2.16647 2.20452 2.25266 2.30086 2.34747 2.31825 2.28147 2.19577 2.10986 2.02387 1.93817 1.90122 1.90122 1.89927 1.23230 1.15097 1.15097 1.15097 1.15097 1.15097 1.15097 1.15097 1.15097 1.15097 1.15097 1.15097 1.15097 1.15097 1.15097 1.15097 1.15097 0.683469 0.457072 0.457072 0.457072 0.457072 0.457072 0.457072 0.457072 0.457072 0.457072 0.457072 0.457072 0.457072 0.455293 0.449780 0.444156 0.439553 0.576841 0.658804 0.00000 0.00000 0.00000 0.00000 0.00000 0.00000 0.00000 0.00000 0.00000 0.00000 0.00000 0.00000 0.00000
2.02393 2.28478 2.33295 2.38109 2.42631 2.42344 2.38153 2.33856 2.29122 1.97144 1.90143 1.90122 1.90122 1.90122 1.90122 1.90122 1.90122 1.90122 1.44774 1.15097 1.15097 1.15097 1.15097 1.15097 1.15097 1.15097 1.15097 1.15097 1.15097 1.15097 1.15097 1.15097 1.15097 1.15097 1.15097 0.882294 0.457072 0.457072 0.457072 0.457072 0.457072 0.457072 0.457072 0.454527 0.448903 0.443277 0.437648 0.432019 0.428174 0.428055 0.428055 0.428055 0.428055 0.00000 0.00000 0.00000 0.00000 0.00000 0.00000 0.00000 0.00000 0.00000 0.00000 0.00000 0.00000 0.00000 0.00000
2.19067 2.39930 2.34489 2.30194 2.25897 2.22894 2.22790 2.22790 2.22790 2.04322 1.90122 1.90122 1.90122 1.90122 1.90122 1.90122 1.90122 1.90122 1.66507 1.15097 1.15097 1.15097 1.15097 1.15097 1.15097 1.15097 1.15097 1.15097 1.15097 1.15097 1.15097 1.15097 1.15097 1.15097 1.15097 1.07895 0.459292 0.457040 0.453657 0.448024 0.442401 0.436772 0.431142 0.428061 0.428055 0.428055 0.428055 0.428055 0.428055 0.428055 0.428055 0.428055 0.428055 0.00000 0.00000 0.00000 0.00000 0.00000 0.00000 0.00000 0.00000 0.00000 0.00000 0.00000 0.00000 0.00000 0.00000
3.54959 2.54763 2.22790 2.22790 2.22790 2.22790 2.22790 2.22790 2.22790 2.13382 1.90122 1.90122 1.90122 1.90122 1.90122 1.90122 1.90122 1.90122 1.86371 1.16958 1.15097 1.15097 1.15097 1.15097 1.15097 1.15097 1.15097 1.15097 1.15097 1.15097 1.15097 1.15097 1.15196 1.19941 1.27224 1.34507 0.624830 0.430298 0.428055 0.428055 0.428055 0.428055 0.428055 0.428055 0.428055 0.428055 0.428055 0.428055 0.428055 0.428055 0.428055 0.428055 0.428055 0.428055 0.00000 0.00000 0.00000 0.00000 0.00000 0.00000 0.00000 0.00000 0.00000 0.00000 0.00000 0.00000 0.00000
3.57343 2.94173 2.22790 2.22790 2.22790 2.22790 2.22790 2.22790 2.22790 2.19710 1.90122 1.90122 1.90122 1.90122 1.90122 1.90122 1.90122 1.90122 1.90122 1.34941 1.15097 1.15097 1.15097 1.15097 1.15097 1.15097 1.15097 1.15206 1.19941 1.27224 1.34507 1.41790 1.48975 1.51513 1.51513 1.51513 0.940504 0.428055 0.428055 0.428055 0.428055 0.428055 0.428055 0.428055 0.428055 0.428055 0.428055 0.428055 0.428055 0.428055 0.428055 0.428055 0.428055 0.428055 0.00000 0.00000 0.00000 0.00000 0.00000 0.00000 0.00000 0.00000 0.00000 0.00000 0.00000 0.00000 0.00000
3.57343 3.33567 2.22790 2.22790 2.22790 2.22790 2.22790 2.22790 2.22790 2.22754 1.96331 1.90122 1.90122 1.90122 1.90122 1.90122 1.90122 1.90122 1.90122 1.56676 1.15097 1.15097 1.15206 1.20013 1.27297 1.34580 1.41863 1.49037 1.51513 1.51513 1.51513 1.51513 1.51513 1.51513 1.51513 1.51513 1.25119 0.428055 0.428055 0.428055 0.428055 0.428055 0.428055 0.428055 0.428055 0.428055 0.428055 0.428055 0.428055 0.428055 0.428055 0.428055 0.428055 0.428055 0.00000 0.00000 0.00000 0.00000 0.00000 0.00000 0.00000 0.186366 0.186366 0.186366 0.186366 0.186366 0.186366
3.57343 3.57128 2.38649 2.22790 2.22790 2.22790 2.22790 2.22790 2.22790 2.22790 2.08034 1.90122 1.90122 1.90122 1.90122 1.90122 1.90122 1.90119 1.89821 1.78813 1.34580 1.41863 1.49037 1.51513 1.51513 1.51513 1.51513 1.51513 1.51513 1.51513 1.51513 1.51513 1.51513 1.51513 1.51513 1.51513 1.49611 0.493280 0.428055 0.428055 0.428055 0.428055 0.428055 0.428055 0.428055 0.428055 0.428055 0.428055 0.428055 0.428055 0.428055 0.428055 0.428055 0.428055 0.00000 0.00000 0.186366 0.186366 0.186366 0.186366 0.186366 0.186366 0.186366 0.186366 0.186366 0.186366 0.186366
3.57343 3.57343 2.77822 2.22790 2.22790 2.22790 2.22790 2.22900 2.25661 2.29548 2.24720 1.90122 1.90122 1.89889 1.89406 1.88922 1.88439 1.87960 1.87774 1.87766 1.56312 1.51513 1.51513 1.51513 1.51513 1.51513 1.51513 1.51513 1.51513 1.51513 1.51513 1.51513 1.51513 1.51513 1.51513 1.51513 1.51513 0.783747 0.428055 0.428055 0.428055 0.428055 0.428055 0.428055 0.428055 0.428055 0.428055 0.428055 0.428055 0.428055 0.428055 0.432200 0.445367 0.459128 0.225560 0.186366 0.186366 0.186366 0.186366 0.186366 0.186366 0.186366 0.186366 0.186366 0.186366 0.186366 0.186366
3.57343 3.57343 3.18809 2.28226 2.32122 2.36018 2.39905 2.43691 2.44740 2.44501 2.41920 1.89300 1.88023 1.87774 1.87774 1.87774 1.87774 1.87774 1.87774 1.87774 1.66764 1.51513 1.51513 1.51513 1.51513 1.51513 1.51513 1.51513 1.51513 1.51513 1.51513 1.51513 1.51513 1.51513 1.51513 1.51513 1.51513 1.09422 0.428055 0.428055 0.428055 0.428055 0.428055 0.428055 0.428055 0.428055 0.434175 0.447663 0.461165 0.474653 0.488162 0.497513 0.497834 0.497834 0.297384 0.186366 0.186366 0.186366 0.186366 0.186366 0.186366 0.186366 0.186366 0.186366 0.186366 0.186366 0.186366
3.73136 3.77032 3.74071 2.49354 2.44535 2.44293 2.44049 2.43810 2.43654 2.43651 2.43651 2.06361 1.87774 1.87774 1.87774 1.87774 1.87774 1.87774 1.87774 1.87774 1.77221 1.51513 1.51513 1.51513 1.51513 1.51513 1.51513 1.51513 1.51513 1.51513 1.51513 1.51513 1.51513 1.51513 1.51513 1.51513 1.51513 1.40164 0.431316 0.428055 0.428153 0.436449 0.449959 0.463440 0.476942 0.490451 0.497820 0.497834 0.497834 0.497834 0.497834 0.497834 0.497834 0.497834 0.385320 0.186366 0.186366 0.186366 0.186366 0.186366 0.186366 0.186366 0.186366 0.186366 0.186366 0.186366 0.186366
3.35015 3.11756 2.88476 2.51979 2.43651 2.43651 2.43651 2.43651 2.43651 2.43651 2.43651 2.23634 1.87774 1.87774 1.87774 1.87774 1.87774 1.87774 1.87774 1.87774 1.86417 1.52768 1.51513 1.51513 1.51513 1.51513 1.51513 1.51513 1.51513 1.51513 1.51513 1.51513 1.51513 1.51513 1.51513 1.51728 1.58162 1.67460 0.714209 0.479245 0.492621 0.497834 0.497834 0.497834 0.497834 0.497834 0.497834 0.497834 0.497834 0.497834 0.497834 0.497834 0.497834 0.497834 0.471138 0.188515 0.186366 0.186366 0.186366 0.186366 0.186366 0.186366 0.186366 0.186366 0.186366 0.186366 0.186366
2.70081 2.70081 2.70081 2.58927 2.43651 2.43651 2.43651 2.43651 2.43651 2.43651 2.43651 2.35519 1.87774 1.87774 1.87774 1.87774 1.87774 1.87774 1.87774 1.87774 1.87774 1.61867 1.51513 1.51513 1.51513 1.51513 1.51513 1.51513 1.51513 1.51513 1.51728 1.58162 1.67460 1.76758 1.86056 1.95158 1.98098 1.98098 1.19378 0.497834 0.497834 0.497834 0.497834 0.497834 0.497834 0.497834 0.497834 0.497834 0.497834 0.497834 0.497834 0.497834 0.497834 0.497834 0.497834 0.249694 0.186366 0.186366 0.186366 0.186366 0.186366 0.186366 0.186366 0.186366 0.186366 0.186366 0.186366
2.70081 2.70081 2.70081 2.66609 2.43659 2.43651 2.43651 2.43651 2.43651 2.43651 2.43651 2.42932 1.92504 1.87774 1.87774 1.87774 1.87774 1.87774 1.87774 1.87774 1.87774 1.72319 1.51513 1.51513 1.51513 1.51728 1.58162 1.67460 1.76758 1.86056 1.95158 1.98098 1.98098 1.98098 1.98098 1.98098 1.98098 1.98098 1.61657 0.497834 0.497834 0.497834 0.497834 0.497834 0.497834 0.497834 0.497834 0.497834 0.497834 0.497834 0.497834 0.497834 0.497834 0.497834 0.497834 0.337677 0.186366 0.186366 0.186366 0.186366 0.186366 0.186366 0.186366 0.186366 0.187462 0.240890 0.323025
2.70081 2.70081 2.70081 2.70081 2.47883 2.43651 2.43651 2.43651 2.43651 2.43651 2.43651 2.43651 2.13051 1.87774 1.87774 1.87774 1.87774 1.87774 1.87774 1.87774 1.87567 1.74535 1.67460 1.76758 1.86056 1.95158 1.98098 1.98098 1.98098 1.98098 1.98098 1.98098 1.98098 1.98098 1.98098 1.98098 1.98098 1.98098 1.95354 0.584318 0.497834 0.497834 0.497834 0.497834 0.497834 0.497834 0.497834 0.497834 0.497834 0.497834 0.497834 0.497834 0.497834 0.497834 0.497834 0.425635 0.186366 0.186366 0.186366 0.196491 0.268283 0.350462 0.432597 0.514820 0.595904 0.624656 0.624656
2.70081 2.70081 2.70081 2.70081 2.55573 2.43651 2.43651 2.43651 2.43651 2.43651 2.43618 2.36874 2.14247 1.87774 1.87774 1.87767 1.80726 1.67456 1.54186 1.40917 1.27853 1.23356 1.86862 1.98098 1.98098 1.98098 1.98098 1.98098 1.98098 1.98098 1.98098 1.98098 1.98098 1.98098 1.98098 1.98098 1.98098 1.98098 1.98098 0.978865 0.497834 0.497834 0.497834 0.497834 0.497834 0.497834 0.497834 0.497834 0.497834 0.497834 0.497834 0.497834 0.497834 0.497834 0.497834 0.491804 0.369783 0.460034 0.542170 0.614268 0.624656 0.624656 0.624656 0.624656 0.624656 0.624656 0.624656
