High_resolution/powerplant/Shangrao/OMI_NO2_2009_06-08.asc
ncols      200
nrows      200
xllcorner       115.451
yllcorner       27.0350
cellsize     0.0166667
NODATA_Value      -999.000
[rows 0 to 29 of 175, columns 132 to 197 of 200]
1.43436 1.48675 1.57426 1.61057 1.48741 1.47776 1.06585 1.24079 1.30103 1.30103 1.30103 1.30103 1.30103 1.30103 1.30103 1.28719 1.17431 0.229356 0.218911 0.211995 0.210471 0.184162 0.184162 0.184383 0.190341 0.192244 0.00000 0.00000 0.00000 1.53345 1.57139 1.53218 1.53760 1.51709 1.49855 1.46270 1.37652 1.37652 1.98017 2.12868 1.70844 1.43642 2.16118 1.57899 1.53265 1.35404 1.63412 1.63199 1.63573 1.63781 1.63870 1.63920 1.78505 1.76674 1.63662 1.76674 1.76674 1.76674 1.87082 2.19783 2.37899 1.58809 0.278383 0.00000 0.00000 0.00000
1.51640 1.52773 1.58559 1.63031 1.52244 1.60004 1.25760 1.46673 1.55933 1.56068 1.56068 1.55402 1.50779 1.47009 1.44322 1.42455 1.34648 0.341525 0.327399 0.334500 0.349312 0.325490 0.186034 0.342716 0.344846 1.57898 1.56524 1.51939 1.49848 1.44664 1.46607 1.46454 1.46600 1.46449 1.46449 1.46100 1.38192 1.37853 1.65386 1.97470 1.50393 1.36382 2.03367 1.77667 1.87503 1.78489 1.78566 1.78572 1.78505 1.78505 1.78505 1.78505 1.87247 1.77406 1.66805 1.85687 1.96120 2.03265 2.10582 2.37622 2.60781 1.70280 1.41752 0.331262 0.00000 0.00000
1.60284 1.59266 1.63046 1.66287 1.52244 1.60004 1.24683 1.45896 1.49020 1.46905 1.44242 1.42418 1.42150 1.42150 1.42150 1.42150 1.37935 1.42988 0.378456 0.344960 0.344987 1.67983 1.64533 1.59685 1.54153 1.52095 1.48812 1.48458 1.48914 1.44590 1.47117 1.47484 1.47655 1.46588 1.46238 1.44917 1.39663 1.34078 1.40232 1.74256 1.22614 1.27341 0.921356 1.85542 1.91395 1.85119 1.85119 1.85092 1.84954 1.84954 1.85159 1.89721 1.98870 2.05562 2.05004 2.12537 2.10417 2.08822 2.07286 2.22070 2.55505 1.45954 1.34020 0.331262 0.00000 0.00000
1.42660 1.41307 1.49897 1.49746 1.49227 1.54596 1.25008 1.52520 1.54449 1.55510 1.55510 1.55509 1.55509 1.55509 1.55351 1.53339 1.48695 1.75844 1.60957 1.58947 1.58201 1.57823 1.55301 1.56524 1.51646 1.50990 1.48458 1.48458 1.48923 1.44683 1.47410 1.48005 1.46850 1.41096 1.40532 1.41114 1.41562 1.34923 1.36131 1.68783 1.70175 1.34173 0.940749 1.88778 1.91395 1.85119 1.85112 1.87866 1.96106 2.03024 2.08001 2.09415 2.07374 2.06630 2.00593 2.06082 2.06082 2.06082 2.06082 2.13787 2.50613 2.57567 1.42639 0.331262 0.00000 0.00000
1.42037 1.39618 1.47056 1.46444 1.46179 1.51759 1.21988 1.49380 1.54324 1.55508 1.55313 1.53244 1.50705 1.81644 1.78868 1.76991 1.75718 1.66054 1.56288 1.56524 1.56524 1.56524 1.55073 1.56630 1.51853 1.51871 1.48739 1.48786 1.49520 1.45171 1.48003 1.49242 1.50920 1.43721 1.44929 1.45518 1.46548 1.37065 1.36911 1.58127 1.70512 1.33813 0.983484 1.89262 1.99267 2.00747 2.05957 2.08694 2.07747 2.06193 2.04753 2.04410 2.03086 2.04410 1.99952 2.06082 2.06053 2.05775 2.05439 2.08664 2.28451 2.15316 2.15826 1.76065 0.00000 0.00000
1.43335 1.41254 1.46229 1.44771 1.41512 1.42058 1.14938 1.40066 1.46922 1.81549 1.78756 1.76849 1.75679 1.74734 1.74107 1.74064 1.74064 1.68252 1.58163 1.56922 1.57109 1.57786 1.56425 1.58020 1.53334 1.53334 1.50502 1.50552 1.51712 1.48080 1.52419 1.53925 1.56236 1.48083 1.48326 1.48326 1.49250 1.40262 1.33103 1.42241 1.74096 1.39780 1.20943 1.22791 2.06433 2.00588 1.99283 1.99165 1.99133 1.99072 1.98318 2.02427 2.02128 2.02839 1.97098 1.74242 1.67421 1.67366 1.67366 1.68823 1.91361 2.14874 2.22279 2.13751 1.19206 0.00000
1.42150 1.44283 1.46755 1.43634 1.38152 1.64985 1.54824 1.60526 1.67220 1.73089 1.74032 1.74005 1.72694 1.70878 1.69059 1.67245 1.65431 1.64807 1.62817 1.57345 1.56975 1.56975 1.55121 1.58632 1.53984 1.54790 1.51217 1.48467 1.50494 1.46353 1.50211 1.50920 1.51845 1.44811 1.40180 1.35758 1.29862 1.29459 1.48228 1.53588 1.74292 1.31615 1.15137 1.08127 2.09144 2.04697 2.04670 2.04438 2.04157 1.88742 1.70725 1.66851 1.67072 1.65767 1.64379 1.67862 1.72298 1.76800 1.81300 1.84870 1.96020 2.19679 2.27889 2.35379 1.20202 0.00000
1.37209 1.68022 1.62682 1.60468 1.57779 1.55223 1.50444 1.55047 1.58745 1.64776 1.66946 1.65508 1.65047 1.65047 1.65047 1.65047 1.65047 1.65225 1.65766 1.58948 1.59914 1.61022 1.58583 1.62145 1.55734 1.55734 1.52708 1.49387 1.51784 1.46783 1.46460 1.43242 1.38476 1.30534 1.19567 1.14731 1.11640 0.694441 1.05167 1.06738 1.22972 1.36045 1.22144 1.15001 2.07284 2.02280 1.08981 1.08931 1.08931 1.68729 1.70876 1.72810 1.77172 1.79118 1.83782 1.82097 1.82135 1.82135 1.82135 1.82135 1.87578 2.06526 1.96557 1.78068 0.931628 0.00000
1.60792 1.59114 1.53340 1.53063 1.50737 1.48166 1.45339 1.49754 1.51895 1.60584 1.64135 1.65047 1.65047 1.65047 1.64899 1.64230 1.63518 1.62806 1.64016 1.60409 1.62145 1.64670 1.60356 1.58832 1.51019 1.47619 1.43634 1.40961 1.39441 1.33073 1.30881 1.26924 1.24543 0.775169 0.692240 0.691248 0.691248 0.674356 0.960441 1.07819 1.14999 1.33385 1.15520 1.12731 0.979873 1.04958 1.06444 1.09870 1.13424 1.82930 1.88537 1.87755 1.89300 1.87049 1.88896 1.85798 1.85798 1.84758 1.79762 1.73599 1.68226 1.65582 1.56052 1.57677 1.47868 0.815174
1.47843 1.49497 1.47603 1.49453 1.48330 1.49373 1.49754 1.53736 1.53814 1.61264 1.64740 1.66484 1.65915 1.65345 1.64893 1.64858 1.64858 1.65301 1.63704 1.59599 1.55007 1.51232 1.45729 1.41897 1.36795 1.29895 1.22557 1.19859 1.18502 0.644101 0.684863 0.684863 0.684863 0.684863 0.645651 0.611209 0.611209 0.589642 0.737423 1.00719 1.02610 1.32338 1.15725 1.15740 0.934827 1.01375 1.02258 1.02321 1.02321 1.78795 1.84045 1.82732 1.84045 1.80189 1.76438 1.69649 1.62838 1.57334 1.56533 1.58547 1.58914 1.64869 1.46565 1.47986 1.47934 1.10531
1.49391 1.50458 1.49777 1.51966 1.50925 1.52598 1.52393 1.54714 1.54326 1.58362 1.62185 1.65638 1.65662 1.63757 1.61401 1.59043 1.56686 1.55696 1.50667 1.44473 1.37573 1.31666 1.23853 1.18149 1.11561 0.814550 0.824518 0.676602 0.790227 0.667516 0.718863 0.717967 0.701780 0.680103 0.675457 0.666335 0.674703 0.661068 0.672033 1.01137 1.00198 1.25488 1.24130 1.24130 1.05127 1.02697 1.02321 1.02321 1.02321 1.77770 1.78652 1.71794 1.65487 1.58144 1.56467 1.56858 1.57276 1.57686 1.57823 1.59488 1.59488 1.64883 1.48332 1.47986 1.47984 1.10683
1.47028 1.48743 1.47982 1.49413 1.47594 1.48284 1.49318 1.51510 1.52063 1.54614 1.54722 1.53921 1.51941 1.50434 1.45818 1.40770 1.34011 1.25237 1.19126 1.14529 0.896975 0.912155 0.824518 0.871326 0.813050 0.813050 0.815832 0.641464 0.734437 0.643910 0.674126 0.651654 0.645720 0.644116 0.663355 0.680097 0.647156 0.586149 0.573183 0.931834 1.04814 1.22775 1.31528 1.33679 1.17925 1.11475 1.06808 1.00180 0.933667 0.909892 1.55012 1.58322 1.60169 1.59438 1.59133 1.59133 1.59133 1.59133 1.59133 1.61267 1.60872 1.64930 1.59424 1.53187 1.53668 1.53548
1.47468 1.48988 1.47652 1.49065 1.49772 1.52468 1.53152 1.56662 1.57005 1.55099 1.42191 1.36995 1.35505 1.26109 1.19457 1.12995 1.08403 1.10597 1.10645 1.13524 0.823647 0.799456 0.731049 0.740809 0.679070 0.661991 0.675719 0.552368 0.625923 0.575463 0.592204 0.563988 0.561885 0.536816 0.556721 0.601702 0.605880 0.582891 0.582891 0.810606 1.04751 1.22117 1.34548 1.33995 1.16573 1.01628 0.954114 0.953657 0.986608 1.01521 1.55632 1.59828 1.61098 1.60342 1.60057 1.59560 1.57273 1.56629 1.55982 1.57289 1.54166 1.56774 1.60475 1.37018 0.789265 0.796833
1.47769 1.51066 1.50753 1.52645 1.51233 1.51059 1.44396 1.38785 1.28573 1.18995 1.14413 1.12726 1.07809 1.05646 1.05364 1.04306 1.02682 1.04320 0.994407 0.977318 0.724493 0.670196 0.625306 0.625306 0.605094 0.541904 0.565793 0.430353 0.431342 0.393649 0.426146 0.426146 0.467944 0.467944 0.503393 0.511846 0.532540 0.551306 0.583625 0.719195 0.885389 0.960620 0.871800 0.997351 1.00017 0.932018 0.902490 0.888744 0.927698 0.960439 1.55179 1.61523 1.62992 1.59670 1.59168 1.59085 1.56669 1.56611 1.01827 0.981224 0.890059 0.883875 0.866351 0.762309 0.830801 0.832042
1.50720 1.50548 1.43972 1.38366 1.28092 1.18889 1.18680 1.18934 1.21607 1.24880 1.21201 1.15154 1.04040 0.986125 0.970116 0.964523 0.964523 1.00133 0.964523 0.963761 0.790722 0.650856 0.591058 0.564717 0.593887 0.530356 0.613908 0.485438 0.471718 0.467859 0.468604 0.469393 0.506841 0.531224 0.599108 0.632474 0.718684 0.789878 0.853601 0.955371 0.963205 1.08595 1.00719 1.12613 1.13888 1.06651 1.01876 0.987703 0.937286 0.931932 1.05219 1.59307 1.07872 1.10851 1.10098 1.09168 1.10447 1.09663 1.00723 0.979056 0.894656 0.894656 0.842130 0.786030 0.826582 0.974261
1.29331 1.18034 1.16691 1.14899 1.16069 1.16054 1.15050 1.14035 1.13021 1.12241 1.11433 1.04943 0.999167 0.919863 0.919863 0.919863 0.919863 0.951850 0.908908 0.875625 0.707063 0.582707 0.498772 0.492301 0.553139 0.479076 0.581889 0.473023 0.544652 0.551020 0.569657 0.606350 0.703540 0.774731 0.892796 0.907381 1.02836 1.03592 1.03592 1.07702 1.03703 1.16949 1.10716 1.18061 1.24241 1.18286 1.10371 1.06117 1.04431 1.03421 1.12486 1.09767 1.22375 1.14688 1.14479 1.14479 1.15982 1.15982 1.07060 1.04939 0.991548 1.01599 0.974405 2.14360 2.40397 1.45011
1.19771 1.21401 1.19421 1.23020 1.14458 1.12141 1.12141 1.12141 1.12141 1.12141 1.12141 1.08931 1.07631 0.944725 0.934564 0.966675 0.962547 0.991327 0.959762 0.923688 0.776965 0.749142 0.601834 0.613340 0.612910 0.576348 0.640601 0.557978 0.652568 0.701594 0.748643 0.802509 0.904664 0.844748 0.844748 0.771220 0.821177 0.898513 0.838613 0.898091 0.831171 0.922070 0.841085 0.843173 0.900511 0.879321 0.768185 0.739095 0.809535 0.859223 0.956147 0.906928 1.07060 1.07060 1.07060 1.07060 1.09714 1.15794 1.12248 1.99053 2.02273 2.02958 1.99784 2.05982 2.39986 1.57601
1.15631 1.11512 1.08538 1.18510 1.14342 1.12141 1.12141 1.12141 1.12141 1.12006 1.11670 1.09169 1.06645 0.961362 0.922522 0.960673 0.967927 0.976390 0.949900 0.953665 0.859741 0.914452 0.705310 0.723937 0.763887 0.722944 0.836673 0.720327 0.799929 0.790117 0.752660 0.752660 0.822524 0.752660 0.752853 0.681523 0.729266 0.822671 0.764189 0.824155 0.758029 0.846725 0.850239 0.846249 0.859944 0.857038 0.761681 0.731043 0.801814 0.820643 0.925170 0.831725 1.01395 1.04713 1.08713 1.94821 1.93744 1.99375 1.99567 1.98949 1.92630 1.91901 1.91901 1.95947 2.25805 2.46846
1.76638 1.81640 1.87841 1.47954 1.39805 1.46152 1.42106 1.09343 1.12446 1.15726 1.16043 1.16043 1.16043 1.16043 1.12670 1.12670 1.09972 1.03034 1.16043 1.20082 1.12092 1.17858 1.12759 1.06573 1.06140 1.00581 0.956498 0.914014 0.871492 0.829570 0.950366 1.64749 1.69910 1.79848 1.75690 1.78606 1.51527 1.36347 1.18623 0.960500 0.658362 0.640056 0.684995 0.947139 1.02324 1.07460 1.12896 1.12909 1.12909 1.12909 1.12909 1.26363 1.30096 1.38219 1.56024 1.64776 1.61151 1.78472 1.77272 1.77294 1.78420 1.77840 1.69276 1.51210 1.44191 1.31894
2.19413 2.13804 2.05674 1.84663 2.03051 2.02115 1.99620 1.22331 1.20379 1.20379 1.20379 1.20379 1.20379 1.20379 1.16043 1.20379 1.16043 1.09790 1.21580 1.14314 0.976388 0.940039 0.912143 0.895137 0.860863 0.816366 0.814795 0.814795 0.823187 0.883840 0.953432 1.44057 1.53743 1.51054 1.33787 1.08346 0.707115 0.767215 0.797297 0.817356 0.786147 0.857089 0.923893 1.08460 1.15086 1.15086 1.19189 1.19921 1.20128 1.21053 1.22038 1.26678 1.40704 1.41969 1.63848 1.75172 1.60774 1.74674 1.70888 1.68445 1.67595 1.57926 1.43488 1.44124 1.46954 1.40645
1.86797 1.85666 1.85666 1.76883 2.16990 2.03023 2.03102 1.44958 1.20378 1.20379 1.20379 1.20379 1.20379 1.20223 1.12909 1.12088 1.04450 0.967433 0.951014 0.941948 0.868486 0.862609 0.862609 0.862609 0.862029 0.914040 1.00683 1.09969 1.18129 1.19125 1.18169 1.03126 0.802908 0.777557 0.770915 0.783163 0.678664 0.786358 0.786358 0.834557 0.846491 0.903308 0.964278 1.03337 1.15319 1.16257 1.19967 1.23063 1.23841 1.23902 1.23902 1.27221 1.37588 1.33165 1.41176 1.56327 1.45534 1.53981 1.50224 1.54260 1.58334 1.60864 1.50357 1.48553 1.48586 1.39870
1.77758 1.77758 1.77758 1.69178 2.06028 2.07700 2.03034 1.70657 1.15933 1.15970 1.13215 1.09090 1.04353 0.992291 0.992225 1.00907 0.979879 0.978741 0.978741 0.978741 0.914272 0.924230 0.993822 1.06344 1.12006 1.06852 1.04786 1.02851 1.00690 0.987943 0.986403 0.910148 0.750699 0.794365 0.794365 0.799166 0.657992 0.794816 0.794816 0.846491 0.863066 0.929403 0.998313 1.04112 1.23125 1.23585 1.24198 1.26228 1.24787 1.23342 1.21897 1.25259 1.39958 1.43015 1.41847 1.60132 1.52203 1.64081 1.62256 1.62219 1.62351 1.64936 1.55647 1.53187 1.55720 1.11604
1.57990 1.57990 1.57990 1.53963 1.76881 2.10895 2.04854 1.97435 1.01441 0.945522 0.928842 0.921290 0.917822 0.917822 0.948281 0.978741 0.964928 1.02872 1.13410 1.26864 1.30948 1.09954 1.08328 1.06451 1.05396 1.00908 0.986403 0.986403 0.986403 0.986403 0.986403 0.983799 0.732081 0.794365 0.794365 0.799166 0.638105 0.797422 0.805595 0.864611 0.886371 0.947606 1.01282 1.06205 1.16840 1.18241 1.16970 1.21105 1.25376 1.29465 1.33556 1.38786 1.53255 1.63124 1.56839 1.65962 1.57225 1.68610 1.67018 1.69571 1.55844 1.59000 1.50942 1.38808 1.37668 1.20319
1.54036 1.54036 1.54024 1.53463 1.59509 2.09227 2.02250 2.02043 1.22049 0.917822 0.917822 0.917822 0.920100 1.00044 1.15183 1.30155 1.41959 1.50788 1.55124 1.60346 1.62677 0.998207 0.984035 0.984035 0.984035 0.954155 0.902968 0.902968 0.902968 0.902968 0.902968 0.902968 0.754899 0.821717 0.836767 0.830613 0.648796 0.788903 0.821571 0.885914 0.915462 0.989824 1.06678 1.11435 1.20403 1.29945 1.36079 1.39766 1.43169 1.48049 1.52928 1.51357 1.53157 1.74476 1.54430 1.64720 1.54716 1.72662 1.70093 1.72237 1.73171 1.77555 1.57313 1.39979 1.37290 1.22482
1.67059 1.64126 1.61211 1.59259 1.55730 2.00975 1.98005 1.96536 1.59982 1.07298 1.19074 1.32218 1.45177 1.51279 1.53683 1.53683 1.51780 1.56349 1.56349 1.60346 1.64344 1.17046 0.971802 0.965645 0.959269 0.945241 0.855312 0.845297 0.839779 0.846145 0.855527 0.868574 0.799308 0.809841 0.876081 0.868542 0.645542 0.705636 0.753969 0.913903 1.08777 1.29962 1.38485 1.36207 1.30142 1.35366 1.35415 1.39723 1.52133 1.57134 1.63420 1.69852 1.73032 1.85506 1.66168 1.66748 1.46860 1.67692 1.67692 1.67692 1.67692 1.73171 1.55667 1.35684 2.10438 2.09968
1.68839 1.68839 1.68839 1.68881 1.58140 1.85772 2.09670 2.07865 2.12592 1.59560 1.51780 1.51780 1.51780 1.51780 1.53683 1.53683 1.51780 1.56349 1.56349 1.60346 1.64344 1.37310 0.831822 0.831822 0.835840 0.857329 0.758177 0.729278 0.756233 0.809008 0.861770 0.914533 0.957886 0.848397 0.934145 0.943283 0.892070 1.16908 1.45416 1.66842 1.62531 1.62086 1.55962 1.51706 1.43183 1.55396 1.65671 1.70774 1.83715 1.85386 1.85386 1.85386 1.85386 1.92202 1.72857 1.74562 1.68510 1.94818 1.94818 1.94818 2.24739 2.23880 2.26365 2.13578 2.13436 2.21081
1.68810 1.66440 1.63773 1.66516 1.63135 1.84359 2.17734 2.10333 2.17422 1.79046 1.53683 1.51780 1.53683 1.53683 1.55349 1.56349 1.56349 1.60346 1.60346 1.60346 1.61460 1.61068 0.971834 1.01329 1.16952 1.32840 1.24102 1.02103 1.04985 1.05049 1.05049 1.03765 0.989381 0.995288 1.36113 1.55479 1.38212 1.47914 1.55521 1.65519 1.62110 1.66104 1.68712 1.70537 1.70605 1.74155 1.79374 1.79374 1.85603 1.88613 1.88613 1.89548 1.92447 2.00864 1.84786 1.90886 2.26747 2.24977 2.24979 2.25108 2.25309 2.24947 2.26818 2.29145 2.31385 2.27308
1.76188 1.81966 1.88256 1.96732 1.92866 1.94403 2.18933 2.12984 2.16185 2.06569 1.58081 1.53683 1.56349 1.56349 1.57491 1.60346 1.61191 1.67751 1.76693 1.89508 2.08314 2.17461 1.71234 1.69139 1.72802 1.72802 1.60215 1.04001 0.992825 0.942458 0.892150 0.854667 0.887769 1.19110 1.63518 1.76322 1.54855 1.64299 1.62327 1.72786 1.68192 1.68192 1.68192 1.68192 1.68192 1.69677 1.76808 1.77743 1.83609 1.93980 1.97917 2.02725 2.26178 2.24749 2.31898 2.31579 2.27809 2.24422 2.23532 2.19220 2.14611 2.08095 2.06525 2.02987 2.00914 2.00774
1.89949 1.92866 1.94811 1.97241 1.94116 1.94322 2.11177 2.17166 2.13621 2.21168 1.67473 1.58125 1.63909 1.71002 1.76066 1.98519 2.21043 2.32190 2.28340 2.33935 2.34209 2.34209 2.08803 1.71963 1.67381 1.62344 1.57147 1.00961 1.08400 1.19395 1.27901 1.34666 1.46964 1.54829 1.82490 1.79841 1.82352 1.86118 1.89460 1.96224 1.94479 1.94479 1.94479 1.95441 1.97927 2.00647 2.12272 2.14093 2.12234 2.19977 2.19728 2.16724 2.16930 2.17058 2.29623 2.24995 2.15942 2.05322 1.97330 1.90462 1.83870 1.78374 1.88340 1.90251 1.87318 1.91210
1.92866 1.95253 1.97241 1.99672 1.97241 1.97257 2.04956 2.23504 2.13518 2.28618 1.95951 1.93205 2.31785 2.44845 2.39777 2.57671 2.57671 2.57671 2.47616 2.47058 2.43267 2.38648 2.16185 1.72643 1.78216 1.83742 1.84096 1.60933 1.45241 1.45241 1.45241 1.45241 1.52651 1.56357 1.76551 1.79843 1.82352 1.86118 1.86797 1.96971 1.95859 1.95414 1.96539 1.97025 1.95659 2.00419 2.10777 2.09613 2.09849 2.16275 2.19065 2.12878 2.09531 2.05217 2.02345 1.97444 1.86180 1.73397 1.76081 1.76085 1.74167 1.77323 1.87656 1.92910 1.98847 2.04026
