High_resolution/powerplant/Shangrao/OMI_NO2_200909.asc
ncols      200
nrows      200
xllcorner       115.451
yllcorner       27.0350
cellsize     0.0166667
NODATA_Value      -999.000
[rows 29 to 57 of 168, columns 67 to 133 of 200]
     3*               ?*                  >*                 2*                 2*                    <*                  <*               =*                  3*                 >*                  8*                  8*      *          >      *        ?    * 
   8*                  8*      *        ?      *        ?     *        <     *        3      *      :     *        2      *        <    *       ;      <*            ;*                  ?*                   =*  
  :      *        <    *        =     <*                  :*                    2*                   3*                      2*                 8*                ?*                 =*                 ?*                   9*                 9*                     :*     
               8*                ;*                  ;*                 ?*                9*              9*                  :*                    >*                      9*                 3*               3*                   >*             ;*               ?*            :*             ?*              
        3*            3*                ?*                  3*               :*               8*             >*                 <*                :*                   :*                        <*                        <*        *   
       <*                >*                  ;*                       <*                        <*        *      >        *       >     *        ?      *       ;     *       8     *       :      *       :      *       :     >*           
  ?      *      ?    *      3      *     <      *       9     *        3      *        3      9*                       =*              :*                   8*                        =*                        2*                 =*                   3*                       2*                 :*      
3.03955 3.23677 3.30120 3.29073 3.16890 3.01743 2.71205 2.56400 2.53697 2.53697 2.52286 2.39942 2.27879 2.22247 2.18824 2.13120 2.15133 2.19234 2.23325 2.27230 2.26753 2.24237 2.24024 2.25127 2.25737 2.25737 2.14332 1.99939 1.99939 1.99939 1.99939 1.99939 1.99939 1.95256 1.38772 0.931865 0.947129 0.968017 0.996641 1.03417 1.04316 1.04316 1.04316 0.00000 0.00000 2.22481 2.22481 2.22481 2.22481 2.22481 2.22481 2.22481 2.22481 2.22481 2.22481 2.22481 2.22481 2.22481 2.22481 2.13229 1.94009 1.94009 1.94009 1.94009 1.94009 1.94009 1.94009
2.91905 2.91174 2.85966 2.71860 2.68897 2.68897 2.61060 2.53697 2.53697 2.53697 2.53440 2.40919 2.26233 2.23015 2.22417 2.19708 2.22384 2.23221 2.24200 2.25312 2.25737 2.25737 2.25737 2.25737 2.25737 2.25737 2.21346 1.99939 1.99939 1.99939 1.99939 2.00179 2.00886 2.01740 1.44098 1.04078 1.04316 1.04316 1.04316 1.04316 1.04316 1.12397 1.68931 2.22481 2.22481 2.22481 2.22481 2.22481 2.22481 2.22481 2.22481 2.22481 2.22481 2.22481 2.22481 2.22481 2.22481 2.22481 2.22481 2.21228 1.95025 1.94009 1.94009 1.94009 1.94009 1.94009 1.94009
2.57610 2.60221 2.68897 2.68897 2.68897 2.67626 2.62797 2.48749 2.47142 2.49888 2.54122 2.49707 2.38386 2.35792 2.31075 2.26512 2.25737 2.25737 2.25737 2.25737 2.25737 2.25737 2.25737 2.25737 2.25737 2.25737 2.25684 2.03073 2.01011 2.01892 2.02969 2.03772 2.03784 2.03784 1.71855 1.04316 1.04316 1.08948 1.29991 1.45756 1.56929 1.63155 1.81012 2.22481 2.22481 2.22481 2.22481 2.22481 2.22481 2.22481 2.22481 2.22481 2.22481 2.22481 2.22481 2.22481 2.22481 2.22481 2.22481 2.22481 2.02779 1.94009 1.94009 1.94009 1.94009 1.94009 1.94009
2.55940 2.54811 2.61453 2.58985 2.56516 2.55319 2.55319 2.56216 2.56174 2.50036 2.42666 2.31466 2.23552 2.44032 2.38113 2.31571 2.25737 2.25737 2.25737 2.25737 2.25737 2.25737 2.25782 2.27682 2.30966 2.34922 2.39774 2.18237 2.03784 2.03784 2.03784 2.03784 2.03784 2.02557 1.77256 1.43181 1.55058 1.62633 1.63399 1.63399 1.63399 1.63399 1.70159 2.22481 2.22481 2.22481 2.22481 2.22481 2.22481 2.22481 2.22481 2.22481 2.22481 2.22481 2.22481 2.22481 2.22481 2.22481 2.22481 2.22481 2.11791 1.94009 1.94009 1.94009 1.94009 1.94009 1.94009
2.48183 2.48591 2.58904 2.60491 2.53836 2.46280 2.38729 2.40047 2.47049 2.48374 2.49703 2.50226 2.35274 2.57396 2.55956 2.42987 2.25737 2.25737 2.25896 2.28167 2.31545 2.35623 2.40556 2.42481 2.42481 2.42481 2.42481 2.28755 2.03784 2.03760 1.91833 1.69923 1.48012 1.27338 1.22484 1.57029 1.63760 1.66669 1.70077 1.73483 1.76889 1.80297 1.83188 2.16348 2.22481 2.22481 2.22481 2.22481 2.22481 2.22481 2.22481 2.22481 2.22481 2.22481 2.22481 2.22481 2.22481 2.22481 2.22481 2.22481 2.19477 1.94009 1.94009 1.94009 0.00000 0.00000 0.00000
2.46243 2.40102 2.42064 2.39093 2.38193 2.38193 2.38193 2.40674 2.51205 2.51205 2.51205 2.51205 2.38991 2.48599 2.58497 2.52174 2.32139 2.36351 2.41215 2.42481 2.42481 2.42481 2.42481 2.42481 2.42481 2.42481 2.36213 2.11547 1.54547 1.32460 1.22649 1.22166 1.20173 1.18549 1.17365 1.57345 1.82843 1.83340 1.83340 1.83340 1.83340 1.83340 1.83340 2.02198 2.22481 2.22481 2.22481 2.22481 2.22481 2.22481 2.22481 2.22481 2.22481 2.22481 2.22481 2.22481 2.22481 2.22481 2.22481 2.22481 0.00000 0.00000 0.00000 0.00000 0.00000 0.00000 0.00000
2.28167 2.28167 2.32691 2.38193 2.38193 2.38193 2.38193 2.38193 2.49422 2.51205 2.50552 2.46501 2.34243 2.26289 2.39782 2.70493 2.44392 2.42481 2.42481 2.42481 2.42481 2.42481 2.40099 2.21278 1.99355 1.72284 1.47328 1.32800 1.22482 1.22657 1.20868 1.19663 1.19663 1.19663 1.19663 1.39066 1.83340 1.83340 1.83340 1.83340 1.83340 1.83340 1.83340 1.92512 2.22481 2.22481 2.22481 2.22481 2.22481 2.22481 2.22481 2.22481 2.22481 2.22481 2.22481 2.22481 0.00000 0.00000 0.00000 0.00000 0.00000 0.00000 0.00000 0.00000 0.00000 0.00000 0.00000
2.28167 2.28167 2.31324 2.38193 2.38193 2.38193 2.37230 2.32065 2.35082 2.37231 2.33348 2.32864 2.29633 2.16850 2.36596 2.59651 2.52673 2.42481 2.42131 2.25056 1.94307 1.63258 1.34136 1.17846 1.06106 1.00295 0.981869 0.975688 1.09469 1.19663 1.19663 1.19663 1.19663 1.19663 1.19663 1.25503 1.78458 1.83340 1.83340 1.83340 1.83340 1.83340 1.83340 1.85629 2.22387 2.22481 2.22481 2.22481 2.22481 2.22481 2.22481 2.22481 0.00000 0.00000 0.00000 0.00000 0.00000 0.00000 0.00000 0.00000 0.00000 0.00000 0.00000 0.00000 0.00000 0.00000 0.00000
2.28167 2.28167 2.27843 2.31851 2.26143 2.20473 2.15767 2.15267 2.19162 2.32864 2.32864 2.32864 2.32757 2.17481 2.25676 2.34516 2.13898 1.54243 1.22739 1.05688 1.02409 0.999202 0.979571 0.975688 0.975688 0.975688 0.975688 0.975688 1.03458 1.19663 1.19663 1.19663 1.19663 1.19661 1.18236 1.16577 1.46045 1.73696 1.83340 1.83340 1.83340 1.83340 1.83340 1.83340 2.10242 2.22481 2.22481 2.22481 0.00000 0.00000 0.00000 0.00000 0.00000 0.00000 0.00000 0.00000 0.00000 0.00000 0.00000 0.00000 0.00000 0.00000 0.00000 0.00000 0.00000 0.00000 0.00000
2.08689 2.00695 1.94226 2.07905 2.15267 2.15267 2.15267 2.15267 2.12718 2.23884 2.21394 2.15113 2.02348 1.81951 1.70972 1.65732 1.52450 0.995539 0.977816 0.975688 0.975688 0.975688 0.975688 0.975688 0.975688 0.975688 0.975688 0.975688 0.982582 1.18790 1.17825 1.15515 1.13506 1.11748 1.11001 1.11001 1.25308 1.62009 1.83340 1.83340 1.81566 1.75215 1.66336 1.53351 1.44199 0.00000 0.00000 0.00000 0.00000 0.00000 0.00000 0.00000 0.00000 0.00000 0.00000 0.00000 0.00000 0.00000 0.00000 0.00000 0.00000 0.00000 0.00000 0.00000 0.00000 0.00000 0.00000
1.93648 1.93648 1.93277 1.97850 2.03896 1.98021 1.92141 1.86266 1.82959 1.88035 1.82704 1.76772 1.77377 1.74449 1.67342 1.52382 1.51524 0.978430 0.975688 0.975688 0.975688 0.975688 0.975688 0.975688 0.975688 0.975035 0.967580 0.959406 0.952285 1.06820 1.11001 1.11001 1.11001 1.11001 1.11001 1.11001 1.15526 1.44179 1.68177 1.56129 1.44549 1.44199 1.44199 1.44199 1.44199 0.00000 0.00000 0.00000 0.00000 0.00000 0.00000 0.00000 0.00000 0.00000 0.00000 0.00000 0.00000 0.00000 0.00000 0.00000 0.00000 0.00000 0.00000 0.00000 0.00000 0.00000 0.00000
1.80211 1.76289 1.72726 1.74371 1.81687 1.79854 1.78266 1.77790 1.77369 1.75118 1.69011 1.67412 1.65772 1.62974 1.51197 1.37448 1.31821 1.04387 0.975688 0.975688 0.975688 0.974323 0.966162 0.958178 0.950324 0.939475 0.933103 0.928179 0.939951 1.01883 1.11001 1.11001 1.10974 1.10558 1.10017 1.09477 1.10151 1.17566 1.36115 1.44581 1.51118 1.59790 1.68456 1.77127 1.86179 1.95116 0.00000 0.00000 0.00000 0.00000 0.00000 0.00000 0.00000 0.00000 0.00000 0.00000 0.00000 0.00000 0.00000 0.00000 0.00000 0.00000 0.00000 0.00000 0.00000 0.00000 0.00000
1.61340 1.60042 1.59095 1.59063 1.61233 1.63284 1.64444 1.64492 1.64492 1.64470 1.60180 1.59724 1.59724 1.59724 1.50398 1.41353 1.31954 1.12538 0.964629 0.952225 0.941660 0.934439 0.928550 0.920744 0.917233 0.916776 0.916776 0.916776 0.931002 0.970883 1.10173 1.09632 1.09120 1.09018 1.10227 1.12097 1.13964 1.27222 1.53279 1.92977 1.95116 1.95116 1.95116 1.95116 1.95116 1.95116 0.00000 0.00000 0.00000 0.00000 0.00000 0.00000 0.00000 0.00000 0.00000 0.00000 0.00000 0.00000 0.00000 0.00000 0.00000 0.00000 0.00000 0.00000 0.00000 0.00000 0.00000
1.59317 1.60403 1.61141 1.61209 1.63297 1.64492 1.64492 1.64492 1.64492 1.64492 1.61556 1.59724 1.59724 1.59046 1.51553 1.42475 1.28159 1.09124 0.926296 0.926604 0.926743 0.926743 0.924947 0.916776 0.916776 0.915574 0.911393 0.907067 0.924666 0.982491 1.13248 1.16107 1.17976 1.19821 1.20480 1.20480 1.20480 1.28041 1.46995 1.95116 1.95116 1.95116 1.95116 1.95116 1.95116 1.95116 0.00000 0.00000 0.00000 0.00000 0.00000 0.00000 0.00000 0.00000 0.00000 0.00000 0.00000 0.00000 0.00000 0.00000 0.00000 0.00000 0.00000 0.00000 0.00000 0.00000 0.00000
1.59930 1.61163 1.61163 1.61163 1.62504 1.64490 1.64492 1.64606 1.65970 1.68010 1.67669 1.63923 1.63846 1.50882 1.41307 1.35126 1.25555 1.14916 0.926743 0.926743 0.926743 0.926368 0.928656 0.944924 0.971529 0.999623 1.02889 1.05798 1.07511 1.13439 1.17938 1.20480 1.20480 1.20480 1.20480 1.20480 1.20480 1.23358 1.39226 1.87273 1.95116 1.95116 1.95116 1.95116 1.95116 1.95116 0.00000 0.00000 0.00000 0.00000 0.00000 0.00000 0.00000 0.00000 0.00000 0.00000 0.00000 0.00000 0.00000 0.00000 0.00000 0.00000 0.00000 0.00000 0.00000 0.00000 0.00000
1.56976 1.61163 1.61624 1.62839 1.65055 1.68798 1.68846 1.68324 1.67030 1.65269 1.64123 1.61080 1.60798 1.53821 1.42937 1.35409 1.29251 1.22675 0.987741 0.994713 1.01745 1.03994 1.05839 1.06768 1.07199 1.06996 1.06972 1.06972 1.06972 1.11692 1.16053 1.20480 1.20480 1.20480 1.20480 1.20480 1.20827 1.28731 1.63159 1.98598 1.95116 1.95116 1.95116 1.95116 1.95116 1.95116 1.95116 0.00000 0.00000 0.00000 0.00000 0.00000 0.00000 0.00000 0.00000 0.00000 0.00000 0.00000 0.00000 0.00000 0.00000 0.00000 0.00000 0.00000 0.00000 0.00000 0.00000
1.59363 1.65268 1.64681 1.63472 1.62748 1.63465 1.64156 1.64156 1.64156 1.64156 1.64156 1.62924 1.63762 1.63760 1.50392 1.46848 1.44241 1.34990 1.12855 1.05776 1.05577 1.05428 1.05420 1.05892 1.06972 1.06972 1.06972 1.06972 1.06972 1.09830 1.14193 1.20451 1.21428 1.30428 1.41261 1.52093 1.62595 1.65616 1.83471 2.21298 1.95116 1.95116 1.95116 1.95116 1.95116 1.95116 1.95116 0.00000 0.00000 0.00000 0.00000 0.00000 0.00000 0.00000 0.00000 0.00000 0.00000 0.00000 0.00000 0.00000 0.00000 0.00000 0.00000 0.00000 0.00000 0.00000 0.00000
1.52069 1.61220 1.61226 1.61226 1.61412 1.63086 1.66373 1.68900 1.71426 1.73959 1.76488 1.76415 1.72094 1.71085 1.54313 1.46754 1.41090 1.34961 1.19924 1.05420 1.05420 1.05420 1.05420 1.05510 1.06947 1.06972 1.06972 1.06972 1.08446 1.18011 1.36136 1.52628 1.63784 1.65616 1.65616 1.65616 1.65616 1.65616 1.73539 2.17071 1.96868 1.95116 1.95116 1.95116 1.95116 1.95116 1.95116 0.00000 0.00000 0.00000 0.00000 0.00000 0.00000 0.00000 0.00000 0.00000 0.00000 0.00000 0.00000 0.00000 0.00000 0.00000 0.00000 0.00000 0.00000 0.00000 0.00000
1.50594 1.63850 1.66393 1.68564 1.70753 1.75761 1.77988 1.78089 1.78035 1.76648 1.74145 1.71540 1.64267 1.62471 1.51836 1.42598 1.36134 1.32229 1.23234 1.05420 1.05420 1.05420 1.05420 1.05420 1.08886 1.17805 1.26471 1.35124 1.42161 1.42878 1.57381 1.62457 1.65616 1.65616 1.65616 1.67774 1.78859 1.90911 2.04253 2.47344 2.10358 1.95116 1.95168 1.97136 2.00083 2.03032 2.06349 0.00000 0.00000 0.00000 0.00000 0.00000 0.00000 0.00000 0.00000 0.00000 0.00000 0.00000 0.00000 0.00000 0.00000 0.00000 0.00000 0.00000 3.07949 2.82548 2.70731
1.88020 1.78471 1.73592 1.73401 1.73212 1.70805 1.68740 1.66787 1.64333 1.63215 1.63214 1.63214 1.60370 1.58844 1.53527 1.41235 1.34736 1.32368 1.27409 1.06072 1.08441 1.15639 1.22613 1.29026 1.37213 1.42388 1.42193 1.42013 1.41975 1.41975 1.52466 1.61160 1.75416 1.87468 1.99520 2.09414 2.10659 2.13813 2.17896 2.44907 2.28636 2.08516 2.11414 2.12393 2.12393 2.12393 2.12393 2.12393 0.00000 0.00000 0.00000 0.00000 0.00000 0.00000 0.00000 0.00000 0.00000 0.00000 0.00000 0.00000 3.07949 3.07949 3.07949 3.07949 3.07949 2.95766 2.70731
2.26130 1.93628 1.70120 1.68474 1.66825 1.63820 1.62173 1.63214 1.63214 1.63214 1.63214 1.63214 1.61797 1.58844 1.57965 1.41632 1.36874 1.34289 1.28814 1.28062 1.32802 1.31978 1.31384 1.31351 1.33094 1.41975 1.41975 1.41979 1.47057 1.56699 1.74437 2.01049 2.11701 2.15732 2.19816 2.23895 2.27707 2.28632 2.28632 2.40098 2.46695 2.12489 2.12393 2.12393 2.12393 2.12393 2.12393 2.12393 0.00000 0.00000 0.00000 0.00000 0.00000 0.00000 0.00000 0.00000 0.00000 3.07949 3.07949 3.07949 3.07949 3.07949 3.07949 3.07949 3.07949 3.06215 2.71929
2.24646 1.98391 1.66019 1.66019 1.66019 1.64743 1.61698 1.63203 1.63214 1.63214 1.63011 1.59301 1.54473 1.47362 1.42812 1.39981 1.37575 1.32366 1.28389 1.26491 1.31351 1.31351 1.31351 1.31351 1.33601 1.52513 1.64041 1.74099 1.79791 1.82796 1.89007 2.17257 2.26085 2.28632 2.28632 2.28632 2.28632 2.28632 2.28632 2.31350 2.55303 2.20687 2.12393 2.12393 2.12393 2.12393 2.12393 2.12393 0.00000 0.00000 0.00000 0.00000 0.00000 3.07949 3.07949 3.07949 3.07949 3.07949 3.07949 3.07949 3.07949 3.07949 3.07949 3.07949 3.07949 3.07949 2.81825
