High_resolution/powerplant/Shangrao/OMI_NO2_200903.asc
ncols      200
nrows      200
xllcorner       115.451
yllcorner       27.0350
cellsize     0.0166667
NODATA_Value      -999.000
[rows 30 to 59 of 200, columns 132 to 197 of 200]
2.30160 2.31418 2.31440 2.54890 2.77132 2.77132 2.77132 2.77132 2.77132 2.77132 2.77132 2.77132 2.77132 2.77132 2.77132 2.77132 2.76595 2.68491 2.68343 2.14921 2.04372 2.04372 2.04507 2.06563 2.12153 2.17878 2.23857 2.41249 2.64313 2.84010 3.01700 3.09922 3.08259 3.04992 3.04992 2.81875 2.76678 2.76678 2.76678 2.76678 2.71367 2.39418 2.39411 2.39411 2.39411 2.39411 2.39411 2.39411 2.14016 2.09616 2.13335 2.20570 2.20570 2.20570 2.20570 2.20570 2.20570 2.20570 2.20570 2.20920 2.21754 1.81599 1.11783 1.46313 2.02452 2.02452
2.30073 2.31115 2.31440 2.42054 2.77132 2.77132 2.77132 2.77132 2.77132 2.77132 2.77132 2.77132 2.77132 2.77132 2.77132 2.77132 2.77546 2.72234 2.70482 2.40244 2.21595 2.27322 2.33770 2.50971 2.68788 2.86478 3.03896 3.09922 3.09922 3.09922 3.09922 3.09922 3.09566 3.05047 3.04992 2.89660 2.76678 2.76678 2.76678 2.76678 2.76678 2.45575 2.39411 2.39411 2.39411 2.39411 2.39411 2.39411 2.22174 2.09616 2.10445 2.20474 2.20570 2.20570 2.20582 2.21131 2.21968 2.22804 2.23641 2.24126 2.24737 2.12636 1.10571 1.17450 1.55051 1.40476
2.30073 2.30725 2.31440 2.32120 2.74215 2.77132 2.77132 2.77132 2.77132 2.77132 2.77132 2.79725 2.89081 3.00983 3.14731 3.30750 3.48725 3.09976 2.80476 2.83832 2.70324 2.88938 3.05763 3.09922 3.09922 3.09922 3.09922 3.09922 3.09922 3.09922 3.09922 3.09922 3.09922 3.06054 3.04992 2.97446 2.76678 2.76678 2.76678 2.76678 2.76678 2.57042 2.39411 2.39411 2.39411 2.39411 2.39411 2.39411 2.30329 2.09616 2.09693 2.19100 2.22182 2.23018 2.24434 2.25562 2.23213 2.20676 2.18136 2.15630 2.12476 2.08987 1.12078 0.893777 1.12942 1.14330
2.30073 2.30344 2.31440 2.31440 2.62058 2.77406 2.83719 2.94463 3.07203 3.21963 3.39240 3.53625 3.55393 3.55425 3.58333 3.84471 4.15858 4.16812 3.59073 3.62013 3.10619 3.09922 3.09922 3.09922 3.09922 3.09922 3.09922 3.09922 3.09922 3.09922 3.09922 3.09922 3.09922 3.07416 3.04992 3.04137 2.77773 2.76678 2.76678 2.76678 2.76678 2.68505 2.39411 2.39411 2.39411 2.39411 2.39606 2.40401 2.39245 2.16491 2.23358 2.25702 2.18009 2.15510 2.12369 2.08987 2.08846 2.08846 2.08846 2.08846 2.08846 2.08846 1.53879 0.888592 1.03911 1.14330
2.30524 2.33540 2.50404 2.66972 3.02135 3.47844 3.54913 3.55425 3.55425 3.55425 3.58472 3.85012 4.16248 4.47649 4.76216 4.81328 4.81328 4.79750 3.68959 3.62648 3.26970 3.09922 3.09922 3.09922 3.09922 3.09922 3.09922 3.09922 3.09922 3.09922 3.09922 3.09922 3.09922 3.08785 3.04992 3.04992 2.84705 2.76678 2.76678 2.76678 2.76678 2.76421 2.43102 2.39275 2.41927 2.45078 2.48040 2.50403 2.53175 2.52987 2.52123 2.41269 2.08846 2.08846 2.08846 2.08846 2.08846 2.08846 2.08846 2.08846 2.08846 2.08846 1.86439 0.888592 0.967664 1.14330
2.63499 2.67633 2.94050 3.16655 3.20960 3.55363 3.58610 3.85327 4.16802 4.48023 4.76392 4.81328 4.81328 4.81328 4.81328 4.81328 4.81328 4.81328 3.93684 3.62648 3.43943 3.09922 3.09922 3.09922 3.09922 3.09922 3.09922 3.09922 3.09922 3.09922 3.09922 3.09922 3.09922 3.09846 3.05287 3.04992 2.92422 2.75408 2.76763 2.79072 2.81379 2.83693 2.65814 2.55994 2.56498 2.56498 2.56498 2.56498 2.56498 2.54368 2.52123 2.51076 2.10807 2.08846 2.08846 2.08846 2.08846 2.08846 2.08846 2.08846 2.08846 2.08846 2.07390 1.00156 0.917650 1.14330
2.67934 2.67934 2.83576 3.46910 3.78348 4.42006 4.76631 4.81328 4.81328 4.81328 4.81328 4.81328 4.81328 4.81328 4.81328 4.81328 4.81328 4.81328 4.25111 3.62648 3.60303 3.10578 3.09922 3.09922 3.09922 3.09922 3.09922 3.09922 3.09922 3.09922 3.09922 3.08797 3.05086 3.00043 2.92486 2.86694 2.82493 2.89213 2.90169 2.90169 2.90169 2.90169 2.80071 2.56498 2.56498 2.56498 2.56498 2.56498 2.56498 2.55557 2.52123 2.52123 2.21522 2.08846 2.08846 2.08846 2.08846 2.08846 2.08846 2.08846 2.08846 2.08846 2.08846 1.42431 0.889769 1.10846
3.09298 3.30256 3.53881 4.41474 4.42558 4.63888 4.81328 4.81328 4.81328 4.81328 4.81328 4.81328 4.81328 4.81328 4.81328 4.81328 4.81328 4.81328 4.64406 3.62902 3.62648 3.25210 3.09922 3.09922 3.09922 3.09467 3.06711 3.01831 2.96787 2.91742 2.86692 2.82763 2.81422 2.81414 2.80220 2.78532 2.78549 2.88906 2.90169 2.90169 2.90169 2.90169 2.88988 2.57906 2.56498 2.56498 2.56498 2.56498 2.56498 2.56447 2.52422 2.52123 2.33289 2.08846 2.08846 2.08846 2.08846 2.08846 2.08846 2.08846 2.08846 2.08877 2.17128 1.94979 0.888592 1.01595
3.51870 3.51870 3.51870 4.16985 4.42558 4.53052 4.81328 4.81328 4.81328 4.81328 4.81328 4.81328 4.81328 4.81328 4.81328 4.81328 4.81328 4.81328 4.81328 3.77845 3.60736 3.35815 2.98576 2.93533 2.88488 2.83899 2.81605 2.81430 2.81421 2.81413 2.81411 2.81411 2.81411 2.81411 2.81021 2.78532 2.78532 2.85738 2.90169 2.90169 2.90169 2.90169 2.90169 2.67043 2.56498 2.56498 2.56498 2.56498 2.56498 2.56498 2.53561 2.52123 2.45052 2.08846 2.08846 2.08846 2.08846 2.09630 2.20949 2.35539 2.50142 2.64708 2.71066 2.63719 1.00604 1.06683
3.51870 3.51870 3.51870 3.89204 4.42558 4.43752 4.79804 4.81328 4.81328 4.81328 4.81328 4.81328 4.81328 4.81328 4.73063 4.44614 4.16934 3.93084 3.72378 3.45952 3.33801 3.27746 2.81843 2.81429 2.81420 2.81412 2.81411 2.81411 2.81411 2.81411 2.81411 2.81411 2.81411 2.81411 2.81411 2.78930 2.78532 2.82554 2.90169 2.90169 2.90169 2.90169 2.90169 2.77373 2.56498 2.56498 2.56498 2.56498 2.56498 2.56498 2.54750 2.52123 2.52062 2.16130 2.24750 2.39353 2.53956 2.68326 2.75578 2.80428 2.85310 2.90195 2.95079 2.99404 1.89777 1.32141
3.51870 3.51870 3.51870 3.67036 4.42558 4.42558 4.70158 4.81328 4.80870 4.60865 4.31683 4.05758 3.83403 3.63903 3.50269 3.47602 3.47506 3.46294 3.40316 3.29969 3.12796 3.07467 2.87997 2.81411 2.81411 2.81411 2.81411 2.81411 2.81411 2.81411 2.81411 2.81411 2.81411 2.81411 2.81411 2.79717 2.78532 2.79459 2.90082 2.90169 2.90169 2.90169 2.90169 2.87349 2.56848 2.56498 2.56498 2.56498 2.56498 2.61774 2.75650 2.86974 3.04111 2.91796 2.85273 2.90159 2.95039 2.99374 3.00329 3.00379 3.00379 3.00379 3.00379 3.00379 2.42399 1.32827
3.51870 3.51870 3.51870 3.52240 4.09117 3.93048 3.84287 3.74285 3.56108 3.48385 3.47506 3.47506 3.47506 3.46240 3.40206 3.33688 3.27224 3.21929 3.21434 3.21006 3.07509 3.06919 2.96566 2.81411 2.81411 2.81411 2.81411 2.81411 2.81411 2.81411 2.81411 2.81411 2.81411 2.81411 2.81411 2.80512 2.78532 2.78532 2.87824 2.90169 2.90169 2.90169 2.90169 2.90169 2.64424 2.65543 2.81336 2.90723 2.98112 3.00233 2.93182 2.92660 2.86186 2.90452 3.00379 3.00379 3.00379 3.00379 3.00379 3.00379 3.00379 3.00379 3.00379 3.00379 2.83877 1.32878
3.43198 3.44256 3.42309 3.40884 3.42781 3.43503 3.44129 3.47506 3.47506 3.46171 3.40075 3.33594 3.27105 3.21880 3.21434 3.21434 3.21434 3.21434 3.21434 3.21434 3.11093 3.06919 3.05068 2.81465 2.81411 2.81411 2.81411 2.81411 2.81411 2.81411 2.81411 2.81411 2.81411 2.81411 2.81411 2.81253 2.78585 2.78532 2.84645 2.90188 2.91728 2.93006 2.93147 2.93281 2.91582 2.86993 2.78608 2.76618 2.76618 2.76618 2.76618 2.81557 2.85094 2.86396 3.00288 3.00379 3.00379 3.00379 3.00379 3.00379 3.00379 3.00379 3.00379 3.00379 3.00379 1.70276
3.21071 3.41545 3.41545 3.41545 3.42311 3.42084 3.35959 3.32987 3.26974 3.21851 3.21434 3.21434 3.21434 3.21434 3.21434 3.21434 3.21434 3.21434 3.21434 3.21434 3.15105 3.06919 3.07054 2.88027 2.81411 2.81411 2.81411 2.81411 2.81411 2.81411 2.81411 2.81411 2.81411 2.81411 2.81737 2.81033 2.79112 2.83985 2.88091 2.81023 2.79621 2.78478 2.78478 2.78478 2.78151 2.76618 2.76618 2.76618 2.76618 2.76618 2.76618 2.79258 2.85094 2.85094 2.97463 3.00379 3.00379 3.00379 3.00379 3.00379 3.00379 3.00379 3.00379 3.00379 3.00379 2.27284
3.01713 3.40038 3.33919 3.27401 3.21146 3.17803 3.17430 3.19818 3.21434 3.21434 3.21434 3.21434 3.21434 3.21434 3.21434 3.21434 3.21434 3.21434 3.21434 3.21434 3.19123 3.06919 3.06919 2.96748 2.81411 2.81411 2.81411 2.81411 2.81523 2.81725 2.79139 2.76135 2.74221 2.77799 2.81815 2.86870 2.96498 3.00809 3.00269 2.79488 2.78478 2.78478 2.78478 2.78478 2.78478 2.76883 2.76618 2.76618 2.76618 2.76618 2.76618 2.77094 2.84948 2.85094 2.93317 3.00379 3.00379 3.00379 3.00379 3.00379 3.00379 3.00379 3.00379 3.00379 3.00541 2.75859
3.02915 3.15627 3.15473 3.15473 3.15473 3.17096 3.17430 3.18700 3.21434 3.21434 3.21434 3.21434 3.21434 3.21434 3.21434 3.21434 3.21434 3.21434 3.21434 3.21434 3.21422 3.08625 3.06929 3.05810 2.80225 2.77225 2.74223 2.71219 2.69820 2.73597 2.80528 2.87872 2.94136 2.94900 2.94900 2.94900 2.96166 3.00809 3.00809 2.85052 2.78478 2.78478 2.78478 2.78478 2.78478 2.77450 2.76618 2.76618 2.76618 2.76618 2.76618 2.76618 2.83117 2.85094 2.89182 3.00379 3.00379 3.00379 3.00379 3.00379 3.01150 3.06699 3.13064 3.19434 3.25638 3.25991
3.07063 3.13177 3.15473 3.15473 3.15473 3.16549 3.17430 3.17653 3.21358 3.21434 3.21434 3.21434 3.21434 3.21434 3.21434 3.21434 3.21434 3.20652 3.19422 3.25946 3.34108 3.46593 3.66271 3.74516 2.72191 2.74203 2.81556 2.88900 2.94532 2.94900 2.94900 2.94900 2.94900 2.94900 2.94900 2.94900 2.94961 3.00381 3.00809 2.91141 2.78478 2.78478 2.78478 2.78478 2.78478 2.78017 2.76618 2.76618 2.76618 2.76618 2.76618 2.76618 2.80810 2.85094 2.85590 2.99836 3.02209 3.08392 3.14761 3.21128 3.26749 3.27662 3.23762 3.18652 3.13501 3.08343
3.07063 3.10540 3.15473 3.15473 3.15473 3.16008 3.17430 3.17430 3.20462 3.21434 3.21434 3.21412 3.19290 3.22159 3.29779 3.38515 3.48593 3.61478 3.76319 3.77579 3.59167 3.11539 2.68676 2.15470 2.48162 2.94900 2.94900 2.94900 2.94900 2.94900 2.94900 2.94900 2.94900 2.94900 2.94900 2.94900 2.94900 2.98818 3.00809 2.97267 2.78478 2.78478 2.78478 2.78478 2.78478 2.78454 2.76748 2.76618 2.76618 2.76618 2.76618 2.76618 2.81844 2.94799 3.01204 3.18758 3.23569 3.18599 3.13449 3.08294 3.03108 2.97863 2.96622 2.96622 2.96622 2.96622
3.07063 3.07944 3.15429 3.15473 3.15473 3.15535 3.16768 3.13043 3.15421 3.33867 3.43220 3.54098 3.69925 3.77579 3.77579 3.77579 3.58718 3.05940 2.52499 1.99550 1.64500 1.64750 1.78917 1.79116 2.12304 2.94900 2.94900 2.94900 2.94900 2.94900 2.94900 2.94900 2.94900 2.94900 2.94900 2.94900 2.94900 2.97192 3.00809 3.00789 2.81046 2.78478 2.78478 2.78478 2.78478 2.78478 2.77303 2.76887 2.81641 2.87680 2.97084 3.08391 3.16484 3.34417 3.41461 3.23759 2.96622 2.96622 2.96622 2.96622 2.96622 2.96622 2.96622 2.96622 2.96622 2.96622
3.07063 3.08924 3.19278 3.23030 3.24961 3.26891 2.96758 2.81722 2.95218 3.77579 3.77579 3.77579 3.58269 3.05405 2.51943 1.98780 1.64414 1.63730 1.63730 1.63730 1.63730 1.63730 1.75682 1.79116 1.78646 2.87185 2.94900 2.94900 2.94900 2.94900 2.94900 2.94900 2.94900 2.94900 2.94900 2.94900 2.94900 2.95574 3.00803 3.00809 2.87136 2.78478 2.78478 2.75039 2.51852 2.27096 2.36477 3.18867 3.25430 3.30711 3.32618 3.32618 3.32618 3.43108 3.48010 3.38535 2.96622 2.96622 2.96622 2.96622 2.96622 2.96622 2.96622 2.96622 2.96622 2.96622
3.18987 3.19059 3.21211 3.25627 3.25627 3.25627 3.06408 2.81440 2.68588 2.96166 2.51408 1.97989 1.64329 1.63730 1.63730 1.63730 1.63730 1.63730 1.63730 1.63730 1.63730 1.63730 1.71431 1.79116 1.78608 2.51995 2.94900 2.94900 2.94900 2.94900 2.94900 2.94900 2.94900 2.94900 2.94900 2.94900 2.94900 2.94488 2.98769 2.93802 2.62216 2.32168 2.07412 1.86094 1.84528 1.84528 1.91898 3.28486 3.32618 3.32618 3.32618 3.32618 3.32618 3.38938 3.48010 3.47779 3.01291 2.96622 2.96622 2.96622 2.96622 2.96622 2.96622 2.96622 2.96622 2.96622
3.17217 3.17217 3.18549 3.25627 3.11884 2.76798 2.34263 1.61328 1.39173 1.52476 1.63730 1.63730 1.63730 1.63730 1.63730 1.63730 1.63730 1.63730 1.63730 1.63730 1.63730 1.63730 1.67184 1.79116 1.79116 2.18249 2.94900 2.94900 2.94900 2.94900 2.94900 2.94788 2.93610 2.91961 2.90261 2.80739 2.50441 2.19468 1.95249 1.75227 1.73624 1.84419 1.84528 1.84528 1.84528 1.84528 1.84528 2.90724 3.32618 3.32618 3.32618 3.32618 3.32618 3.34782 3.48010 3.48010 3.14982 2.96622 2.96622 2.96622 2.96622 2.96622 2.96622 2.96622 2.96622 2.96622
3.12974 3.00208 2.87198 2.17066 1.83317 1.83061 1.83039 1.44336 1.38873 1.45794 1.63730 1.63730 1.63730 1.63730 1.63730 1.63730 1.63730 1.63730 1.63730 1.63730 1.63730 1.63730 1.63936 1.78105 1.79116 1.81839 2.91151 2.92579 2.90878 2.89178 2.87478 2.74924 2.44983 2.15229 1.85515 1.63647 1.62529 1.62529 1.65489 1.72746 1.72746 1.82074 1.84528 1.84528 1.84528 1.84528 1.84528 2.45555 3.32618 3.32618 3.32618 3.32618 3.32618 3.32618 3.46004 3.48010 3.28894 2.96622 2.96622 2.96622 2.96622 2.96622 2.96622 2.89454 2.54964 2.11602
2.66696 2.66458 2.66458 2.22101 1.83061 1.83061 1.83061 1.56650 1.38873 1.40471 1.63563 1.63730 1.63730 1.63730 1.63730 1.63730 1.63730 1.63730 1.63730 1.63730 1.64817 1.70610 1.75080 1.72518 1.65527 1.62136 2.50358 2.70679 2.40977 2.11263 1.81561 1.62824 1.62529 1.62529 1.62529 1.62529 1.62529 1.62529 1.62969 1.72471 1.72746 1.78850 1.84528 1.84528 1.84528 1.84528 1.84528 2.00922 3.32129 3.32618 3.32618 3.32618 3.32618 3.32618 3.41833 3.48010 3.42697 2.96730 2.96622 2.82052 2.43960 1.98427 1.43168 0.907424 0.835092 0.818557
2.66458 2.66458 2.66458 2.48169 1.83061 1.83061 1.83061 1.68983 1.38873 1.38873 1.57295 1.63730 1.63730 1.63730 1.63730 1.67217 1.72769 1.76727 1.80103 1.83013 1.84774 1.83325 1.83125 1.76467 1.67024 1.71000 1.72707 1.62529 1.62529 1.62529 1.62529 1.62529 1.62529 1.62529 1.62529 1.62529 1.62529 1.62529 1.62529 1.70116 1.72746 1.75627 1.84528 1.84528 1.84528 1.84528 1.84528 1.84528 3.03328 3.32618 3.32618 3.32618 3.32618 3.32618 3.37081 3.26770 2.91656 1.95510 1.23494 0.822381 0.819828 0.818315 0.817613 0.817076 0.844805 0.860583
2.66458 2.66458 2.66458 2.65924 1.91386 1.83061 1.83061 1.80529 1.39669 1.39363 1.54890 1.74579 1.78258 1.81409 1.84136 1.84131 1.83123 1.83123 1.83128 1.85320 1.89285 1.93267 1.97221 1.96445 1.76944 1.76929 1.73763 1.62568 1.62529 1.62529 1.62529 1.62529 1.62529 1.62529 1.62529 1.62529 1.62529 1.62529 1.62529 1.67322 1.72746 1.72997 1.83935 1.84528 1.84528 1.84528 1.84528 1.84528 2.58203 3.32618 3.29297 3.01184 2.60241 2.07303 1.44110 1.40487 1.33813 1.01547 0.845825 0.860583 0.860583 0.860583 0.860583 0.860583 0.860583 0.860583
2.66458 2.66458 2.66458 2.66458 2.16431 1.82804 1.86365 1.90009 1.79934 1.85186 1.88352 1.83123 1.83123 1.83123 1.83136 1.85399 1.89384 1.93347 1.97318 1.99098 1.99098 1.99098 1.99098 1.99098 1.80417 1.76929 1.75877 1.64792 1.62529 1.62529 1.62529 1.62529 1.62529 1.62529 1.62529 1.62529 1.62529 1.62529 1.62529 1.64531 1.72746 1.72746 1.80963 1.84528 1.84528 1.84528 1.85101 1.89230 2.04055 1.78759 1.15047 0.964374 0.910406 0.899383 0.899383 1.15185 1.22028 1.11565 0.860583 0.860583 0.860583 0.860583 0.860583 0.860583 0.860583 0.860583
2.67322 2.70959 2.74596 2.78236 2.58922 2.02371 2.02448 2.02448 1.96939 1.90983 1.90816 1.85880 1.89473 1.93436 1.97408 1.99098 1.99098 1.99098 1.99098 1.99098 1.99098 1.99098 1.99098 1.99098 1.86546 1.76929 1.76706 1.68290 1.62529 1.62529 1.62529 1.62529 1.62529 1.62529 1.62529 1.62529 1.62529 1.62529 1.62529 1.62594 1.70975 1.68306 1.72212 1.80012 1.83626 1.87222 1.90254 1.89727 1.89534 1.06160 0.899383 0.899383 0.899383 0.899383 0.899383 1.06491 1.22028 1.20394 0.869072 0.860583 0.860583 0.860583 0.860583 0.860583 0.860583 0.860583
2.85845 2.85845 2.85845 2.85845 2.83777 2.07168 2.02477 2.04923 2.06574 2.01396 2.05342 2.01491 1.99098 1.99098 1.99098 1.99098 1.99098 1.99098 1.99098 1.99098 1.99098 1.99098 1.99098 1.99098 1.92673 1.76929 1.76929 1.72404 1.62529 1.62529 1.62529 1.62529 1.62529 1.62529 1.62752 1.66894 1.74496 1.83719 1.99678 2.25605 1.99426 1.91238 1.96494 1.89714 1.89714 1.89714 1.89714 1.89714 1.89714 1.41509 0.899383 0.899383 0.899383 0.899383 0.899383 0.978003 1.22028 1.22028 0.949527 0.860583 0.860583 0.860583 0.860583 0.860583 0.860583 0.860583
2.85845 2.85845 2.85824 2.80710 2.71653 2.29655 2.16885 2.18423 2.18346 2.07934 2.06958 2.03687 1.99098 1.99098 1.99098 1.99098 1.99098 1.99098 1.99098 1.99098 1.99098 1.99098 1.99098 1.99098 1.98178 1.77550 1.76929 1.75312 1.63948 1.64758 1.71400 1.80172 1.90257 2.01973 2.23083 2.43092 2.57861 2.71948 2.79856 2.79880 2.41053 1.97930 1.97927 1.90705 1.89714 1.89714 1.89714 1.89714 1.89714 1.69261 0.899383 0.899383 0.899383 0.899383 0.899383 0.906503 1.20489 1.22028 1.04628 0.860583 0.860583 0.860583 0.860583 0.860583 0.860583 0.860583
