High_resolution/powerplant/Shangrao/OMI_NO2_2008_06-08.asc
ncols      200
nrows      200
xllcorner       115.451
yllcorner       27.0350
cellsize     0.0166667
NODATA_Value      -999.000
[rows 29 to 57 of 188, columns 0 to 65 of 200]
4.73904 4.82116 4.83708 4.89332 4.87045 4.78593 4.73058 4.65322 4.65928 4.54030 4.49544 4.38087 4.04254 3.95184 3.84351 3.78744 3.84256 4.12418 4.07267 4.08279 4.07887 4.07914 4.04274 4.08159 4.05597 4.09525 4.31751 4.34331 4.42892 4.49238 4.68557 4.81946 5.49477 5.28515 5.38802 5.34510 5.54453 5.39871 5.48019 5.39579 5.35686 4.64532 4.62150 4.67656 4.47226 4.47182 4.17313 4.17465 4.26008 4.27810 4.13951 3.49333 3.56193 3.56154 3.39698 3.36378 3.20218 3.17273 3.19429 3.09098 3.07746 2.97491 2.94432 2.81500 2.56469 2.52769
4.87658 4.87658 4.87658 4.93815 4.86073 4.88505 4.66734 4.63028 4.48931 4.37616 4.20649 4.09778 3.90410 3.88504 3.85927 3.87222 3.77026 4.10516 4.12500 4.19886 4.25647 4.26473 4.17999 4.20688 4.11079 4.08867 4.41124 4.36840 4.44379 4.62394 4.89218 5.06546 5.79820 5.73503 5.93160 5.83459 5.91814 5.73134 5.69867 5.58228 5.48107 4.82590 4.52521 4.56480 4.35939 4.31724 4.10233 4.11334 4.17644 4.17752 4.21648 3.56118 3.54157 3.57692 3.43221 3.35211 3.23626 3.00876 3.01259 3.08973 3.08204 2.99704 2.99395 2.89158 2.67583 2.57951
4.86452 4.85845 4.85286 4.88292 4.67705 4.61112 4.37655 4.33747 4.20552 4.33523 4.24913 4.16681 3.96756 3.83271 3.83345 3.87067 3.82337 4.08803 4.23483 4.25329 4.25333 4.26701 4.14388 4.13944 4.20736 4.48893 4.89266 5.03741 5.07901 5.06227 5.21638 5.32687 5.67527 5.67302 5.82758 5.71083 5.88569 5.77960 5.56872 5.42526 5.10828 4.75814 4.28896 4.49566 4.37390 4.30488 4.16850 4.18003 4.23917 4.18873 4.15592 3.67880 3.45629 3.49352 3.41520 3.31083 3.23971 2.88608 2.83449 2.95907 3.00097 2.90452 2.92066 2.84935 2.77380 2.68064
4.67982 4.44409 4.20871 4.12450 4.16486 4.24235 4.30582 4.34195 4.15174 4.25983 4.11474 3.97184 3.78227 3.76815 3.77880 3.78238 3.71572 3.84936 4.10789 4.13420 4.13937 4.13121 4.06318 4.04077 4.15132 4.77246 5.00203 5.17381 5.08178 5.07494 5.17739 5.38174 5.57051 5.86862 5.90604 5.76718 5.88035 5.81347 5.40557 5.39407 5.02412 4.96686 4.29595 4.33310 4.17016 4.12786 3.96001 3.84727 3.83134 3.86203 3.91581 3.73708 3.39421 3.44439 3.39985 3.26504 3.20732 2.93378 2.78433 2.85217 2.93505 2.76980 2.79544 2.64014 2.59717 2.53026
4.09461 4.09461 4.09263 4.20099 4.32783 4.26318 4.33966 4.27686 4.03620 4.00703 3.93910 3.91161 3.73145 3.73507 3.77756 3.77681 3.71219 3.75958 4.03443 4.03978 4.01788 4.03981 4.04584 4.07154 4.11794 4.72010 4.95525 5.36873 5.26980 5.25686 5.23335 5.37128 5.38007 5.98056 6.26217 6.16970 6.32394 6.35255 6.07783 6.01614 5.57434 5.35871 4.60468 4.13204 4.03418 4.08618 3.97582 3.91529 3.88119 3.89326 3.92605 3.82868 3.35833 3.37146 3.35060 3.21802 3.14190 2.93278 2.62452 2.60665 2.72377 2.58246 2.60893 2.49284 2.49376 2.42153
4.17678 4.17818 4.06014 3.98435 3.92190 3.72773 3.89490 3.88545 3.85597 3.82653 4.01430 3.95284 3.87764 3.82373 3.82856 3.80476 3.73704 3.77919 3.99932 4.16140 4.16445 4.19338 4.25574 4.32070 4.36858 4.82933 5.07098 5.39852 5.48732 5.57082 5.67444 5.85993 5.98771 6.22945 6.68850 6.34661 6.35268 6.35881 6.00503 5.74355 5.40796 5.11765 4.77695 4.12029 4.06584 4.10718 3.86440 3.86427 3.79596 3.80801 3.85901 3.77424 3.38733 3.27834 3.33941 3.17007 2.98217 2.88926 2.44923 2.41415 2.56400 2.44312 2.49739 2.44264 2.42036 2.34146
3.79588 3.66061 3.46567 3.34241 3.26689 3.18402 3.21544 3.25892 3.22604 3.55523 3.80215 3.80431 3.80351 3.73138 3.78410 3.81277 3.73742 3.78159 3.89333 4.24149 4.27760 4.25942 4.19003 4.07952 3.94184 4.28110 4.75766 5.05889 5.76445 5.87403 5.89488 5.92592 6.02253 5.98925 6.30844 6.08007 6.13704 6.19789 6.06469 5.76224 5.57973 5.23183 4.93833 4.03548 3.85521 3.85779 3.69882 3.70912 3.68209 3.69967 3.75000 3.71562 3.43718 3.18479 3.43398 3.26803 2.83339 2.83417 2.54602 2.43254 2.58314 2.45350 2.48946 2.46461 2.39508 2.34450
3.36105 3.30024 3.04822 3.03262 3.06708 3.02024 2.94569 2.99841 2.94592 3.42423 3.65792 3.82101 3.84461 3.79663 3.82730 3.88496 3.78487 3.77919 3.68570 4.07471 3.97404 3.93639 3.92643 3.91726 3.90405 4.04298 4.85896 5.03704 5.62630 5.94603 5.93165 5.83511 5.91150 5.78581 6.11653 5.91630 6.02028 6.13396 6.24239 5.94043 5.98021 5.55274 5.03365 4.14937 3.79260 3.81814 3.71740 3.70622 3.70065 3.70137 3.69611 3.70071 3.54733 3.14107 3.44654 3.38942 2.84625 2.82873 2.64092 2.40644 2.51315 2.39421 2.38109 2.33239 2.24080 2.20029
3.08423 3.14607 2.95468 3.01624 3.07153 3.02825 2.94425 2.96230 2.83921 3.10088 3.33500 3.68974 3.74365 3.72400 3.67403 3.61238 3.41895 3.39173 3.40094 3.76804 3.96543 3.97880 3.99020 3.99781 4.00936 4.05732 4.73848 4.82818 5.28105 5.81063 5.78109 5.73538 5.93459 5.89889 6.35121 6.35190 6.53050 6.67241 6.66417 6.22483 6.11413 5.58252 5.07702 4.31530 3.78462 3.81888 3.74430 3.70266 3.69451 3.68067 3.68156 3.69049 3.55357 3.19139 3.34632 3.38885 2.89805 2.68079 2.53419 2.25490 2.32939 2.22240 2.21147 2.21181 2.17771 2.14143
2.87358 2.99417 2.75690 2.82088 2.80318 2.73483 2.64992 2.66020 2.60573 2.77663 3.26893 3.39506 3.38239 3.39811 3.45364 3.51232 3.45508 3.46100 3.47405 3.65092 3.96128 3.93169 3.87291 3.82972 3.77152 3.78100 4.54594 5.10517 5.54191 6.48639 6.49852 6.50599 6.45803 6.29820 6.63939 6.63251 6.70310 6.60984 6.44374 5.95832 5.68691 5.34258 4.96904 4.41486 3.73102 3.78173 3.73782 3.66891 3.65707 3.63127 3.59724 3.48935 3.19497 2.86879 2.84273 2.90415 2.66487 2.36121 2.34849 2.16267 2.26529 2.30287 2.32235 2.33061 2.30878 2.22766
2.55404 2.66115 2.52061 2.63133 2.65668 2.68072 2.64662 2.64842 2.62111 2.62352 3.14797 3.10951 3.13771 3.25457 3.26841 3.39708 3.35619 3.33338 3.29602 3.28661 3.71637 3.88551 4.14325 4.35429 4.48000 4.73037 5.00761 5.78032 5.82202 6.61346 6.49052 6.41434 6.26738 5.95781 6.21768 6.20958 6.29539 6.29125 6.00993 5.66404 5.40968 5.24931 4.86698 4.32719 3.63259 3.52191 3.46755 3.27454 3.10385 2.96287 2.80244 2.64870 2.59802 2.57722 2.69734 2.85374 2.79801 2.40709 2.37137 2.17321 2.18844 2.22420 2.24297 2.22392 2.13283 1.96258
2.49389 2.65147 2.51414 2.58032 2.57518 2.58396 2.53086 2.52402 2.52835 2.55043 2.80856 2.90269 2.90233 2.91064 2.91557 3.14169 3.36710 3.56507 3.69208 3.78525 4.18111 4.30422 4.41049 4.41824 4.50997 4.83206 4.63435 5.58066 5.59821 6.28347 6.44614 6.23357 5.99513 5.80345 6.02900 6.15006 6.24697 6.17420 5.97394 5.54436 5.13639 4.99328 4.39385 3.92240 3.26252 2.93352 2.81699 2.73042 2.69577 2.69100 2.65975 2.58936 2.68829 2.65048 2.70907 2.91384 2.96671 2.39522 2.26750 2.02004 1.87353 1.87774 1.85756 1.83479 1.78864 1.74524
2.41312 2.51925 2.32802 2.40260 2.39576 2.43794 2.37277 2.40524 2.36034 2.39064 2.51184 2.94520 3.27015 3.45375 3.52153 3.85333 3.97960 3.96149 3.93479 3.94512 4.13714 4.51396 4.65591 4.73675 4.73869 5.32654 4.26731 4.85850 4.97748 5.54773 5.88442 5.79434 5.68970 5.48145 5.61745 5.66174 5.79323 5.78432 5.69916 5.18653 4.81642 4.54761 4.10962 3.71286 3.12338 2.75224 2.72855 2.66100 2.58156 2.57279 2.55335 2.47340 2.53237 2.49106 2.52639 2.56948 2.58070 2.24058 2.02144 1.77766 1.57230 1.63149 1.66130 1.66633 1.64848 1.64174
2.49034 2.46162 2.20100 2.26097 2.24672 2.34184 2.37386 2.45965 2.45459 2.51493 2.60312 3.32853 3.31720 3.33879 3.29023 3.45571 3.73691 3.80631 3.83700 3.87066 3.94521 4.42944 4.51264 4.50653 4.41530 4.80597 4.20606 4.50069 4.82682 5.26768 5.27091 5.29210 5.34007 5.22872 5.38617 5.40560 5.39524 5.27550 5.32122 4.90842 4.64738 4.31038 4.04112 3.54917 3.12981 2.78696 2.69926 2.61587 2.52260 2.47394 2.39896 2.29285 2.30562 2.28807 2.24615 2.19097 2.19075 2.10730 1.91510 1.79352 1.55430 1.58588 1.62443 1.63326 1.61554 1.63193
2.40811 2.44100 2.36825 2.43111 2.42899 2.51451 2.46917 2.47982 2.44373 2.51229 2.39961 3.25996 3.40865 3.53199 3.43404 3.64549 3.85718 4.01305 3.99585 3.96890 3.94595 4.24443 4.45021 4.40891 4.30456 4.47561 4.17541 4.09694 4.52400 4.78588 4.78619 4.74102 4.68372 4.54681 4.63950 4.63694 4.60538 4.61431 4.78186 4.57776 4.42702 4.07365 3.88133 3.37162 3.02901 2.72068 2.49092 2.33223 2.23241 2.18326 2.13441 2.10075 2.19518 2.26800 2.31925 2.27316 2.25872 2.21486 1.99921 1.90826 1.64323 1.64570 1.74547 1.75382 1.76621 1.78569
2.49830 2.58500 2.47958 2.46107 2.43118 2.50625 2.46559 2.48913 2.43511 2.52349 2.45311 2.98921 3.36360 3.46328 3.39464 3.51414 3.61312 3.80545 3.81480 3.81480 3.81480 4.05462 4.38063 4.34297 4.22864 4.19869 4.15846 3.73079 4.08504 4.12604 4.10141 4.44661 4.51394 4.49369 4.60847 4.50118 4.30602 4.04508 3.79424 3.45340 3.17467 3.03886 3.01381 3.04110 2.86527 2.60098 2.34301 2.21472 2.15217 2.12014 2.09721 2.05807 2.10667 2.23244 2.26933 2.22058 2.21094 2.20308 2.00041 1.95811 1.73779 1.72579 1.84486 1.83860 1.85610 1.86587
2.37368 2.45981 2.41621 2.40116 2.36791 2.36657 2.33810 2.39332 2.34341 2.42247 2.40679 2.67941 3.49211 3.53166 3.53977 3.64276 3.69538 3.95247 3.98026 3.99923 3.98558 4.08912 4.44757 4.36248 4.24824 4.17144 4.41642 3.79790 4.07981 4.19867 3.87153 4.08563 3.85097 3.49915 3.14106 3.06611 3.06529 3.03191 3.00247 2.97590 2.97055 2.94285 2.87821 2.91624 2.86180 2.64074 2.32467 2.23464 2.12428 2.06406 2.07449 2.03686 2.06875 2.23109 2.32296 2.27742 2.30669 2.31557 2.16218 2.05866 1.84502 1.82019 1.84937 1.83293 1.84610 1.85231
2.47308 2.46002 2.42761 2.40795 2.35108 2.33999 2.26947 2.23851 2.14272 2.24062 2.28534 2.31181 3.44498 3.49301 3.54988 3.75246 3.82002 4.00844 4.00715 3.94552 4.04414 4.16831 4.44841 4.48347 4.41042 4.29645 4.67562 3.82186 3.50224 3.12700 3.18767 3.45188 3.50419 3.49663 3.40386 3.32664 3.25047 3.12748 3.02389 3.03825 3.00651 3.04086 3.04216 3.08158 3.11785 2.90069 2.49275 2.38805 2.22129 2.16953 2.21035 2.15833 2.20065 2.31790 2.46135 2.37322 2.39128 2.40659 2.30513 2.16899 1.98876 1.89880 1.90502 1.91468 1.92239 1.93847
2.48875 2.31964 2.27727 2.14732 2.06633 2.05672 2.08004 2.07574 2.05619 2.16154 2.24976 2.35406 3.10688 3.32151 3.38456 3.59143 3.68413 3.81092 3.90795 3.94419 4.03928 4.11791 4.23251 4.22354 4.14921 4.18299 4.36094 3.79712 3.67189 3.17613 3.17334 3.26787 3.32376 3.25851 3.19585 3.10010 3.10628 3.06931 3.04221 3.05895 3.03588 3.05028 3.02485 3.00381 3.01836 2.74271 2.50913 2.40358 2.27359 2.25646 2.26904 2.21830 2.22715 2.27992 2.39000 2.33025 2.36179 2.35317 2.29214 2.10136 2.07835 1.98168 1.97326 1.95565 1.93667 1.90450
2.38456 2.20232 2.18671 2.13639 2.13639 2.15583 2.15751 2.14140 2.11456 2.13172 2.20426 2.25900 2.83529 3.34757 3.37654 3.65824 3.68829 3.70292 3.68592 3.84752 3.88275 3.98962 4.06902 4.13092 4.09561 4.11863 4.10551 4.65704 4.52374 3.65950 3.30113 3.40878 3.62648 3.61987 3.65284 3.51880 3.48531 3.43840 3.40819 3.33987 3.39511 3.38948 3.35336 3.28700 3.12572 2.90879 2.63840 2.50527 2.39255 2.33085 2.32412 2.28351 2.25998 2.27300 2.37417 2.31837 2.35761 2.34694 2.30930 2.17791 2.08703 1.94586 1.90397 1.87233 1.85308 1.85046
2.43175 2.26279 2.20395 2.15764 2.15381 2.16401 2.11460 2.08424 2.05484 2.01923 2.09713 2.19508 2.51520 3.09329 3.06054 3.32993 3.44264 3.53382 3.57785 3.81242 3.80863 3.78864 3.84854 3.83867 3.90272 3.89381 3.80035 4.16572 4.33219 3.86562 3.29773 3.33780 3.45949 3.48593 3.56791 3.44938 3.47750 3.47046 3.46037 3.41687 3.46895 3.45872 3.40061 3.30386 3.12366 2.92516 2.52038 2.38362 2.34689 2.33388 2.36522 2.33617 2.31148 2.30153 2.36412 2.25138 2.18726 2.09481 2.02476 2.00085 1.97014 1.88185 1.85853 1.84910 1.84567 1.84127
2.27159 2.15365 2.05986 1.97001 1.91619 1.92976 1.86912 1.86396 1.82656 1.75461 1.87717 2.21314 2.39396 3.22337 3.28094 3.45685 3.59405 3.67169 3.66320 3.85336 3.85760 3.76023 3.76906 3.64899 3.66171 3.72946 3.67080 3.79154 4.05267 3.87354 3.23934 3.20414 3.29435 3.37626 3.46123 3.35547 3.33508 3.31155 3.34579 3.31264 3.34088 3.36538 3.31035 3.08940 2.98085 2.83498 2.55298 2.43340 2.32774 2.27122 2.24227 2.19357 2.21177 2.20078 2.21012 2.11937 2.12151 2.08915 2.04159 2.03993 2.02647 1.90878 1.86845 1.86009 1.85648 1.83882
2.00447 1.94036 1.84646 1.81086 1.77999 1.81041 1.76303 1.76303 1.75206 1.69682 1.82274 2.13904 2.33463 2.91663 3.24323 3.35888 3.50628 3.60946 3.63617 3.80666 3.85657 3.75552 3.75552 3.62804 3.66760 3.60773 3.50003 3.50754 3.80318 3.84074 3.20718 3.14414 3.17547 3.24820 3.31117 3.29169 3.20661 3.17959 3.12535 3.00305 2.88617 2.76550 2.61018 2.54649 2.58682 2.58472 2.46772 2.36736 2.24025 2.21369 2.22692 2.21265 2.25740 2.21009 2.20308 2.09339 2.07154 2.12273 2.07257 2.07250 2.07239 1.91849 1.86632 1.81336 1.79095 1.77381
2.00549 1.93177 1.83259 1.76774 1.73150 1.77950 1.73492 1.73263 1.70959 1.66320 1.73979 1.97325 2.25884 2.67243 3.34654 3.40783 3.59378 3.71211 3.74350 3.86694 3.94210 3.81289 3.79949 3.63374 3.62166 3.56956 3.47069 3.41236 3.76300 3.87581 3.41198 3.14953 3.11065 3.06242 3.02496 2.99416 2.69722 2.56435 2.50252 2.52905 2.51034 2.51054 2.47930 2.43410 2.43549 2.39266 2.31007 2.19275 2.09831 2.06402 2.04878 2.02781 2.04848 2.01879 2.02778 1.94344 1.94524 2.00478 1.98024 1.95554 1.92617 1.79825 1.74058 1.70402 1.71931 1.70944
2.11004 2.03748 1.94403 1.80985 1.75674 1.77852 1.71999 1.70611 1.69739 1.67797 1.72859 1.87345 2.21501 2.37672 3.25677 3.31706 3.43913 3.57433 3.72989 3.81380 3.93624 3.82709 3.73387 3.59773 3.59691 3.59320 3.46625 3.33469 3.35369 3.30764 3.01840 2.71323 2.65018 2.67733 2.71492 2.84540 2.61664 2.43363 2.35800 2.35753 2.31329 2.28436 2.21709 2.21040 2.19518 2.20185 2.16327 2.07367 1.97874 1.95906 1.94792 1.93498 1.95386 1.92317 1.91745 1.78838 1.76688 1.79463 1.85256 1.85006 1.83125 1.74513 1.68707 1.61649 1.65566 1.64933
2.25914 2.19315 2.07820 1.90514 1.86167 1.88585 1.86775 1.87660 1.89429 1.89044 1.88272 1.95386 2.28468 2.28536 3.02713 3.33464 3.38176 3.57992 3.73550 3.81931 3.89780 3.83913 3.56488 3.28730 3.11975 3.01239 2.85024 2.77507 2.77243 2.69481 2.70095 2.63568 2.62508 2.63852 2.65165 2.68407 2.53313 2.33141 2.26173 2.30296 2.30463 2.30581 2.26118 2.24353 2.22608 2.22907 2.20457 2.14570 2.06061 2.00798 1.98616 1.96914 1.98782 1.96288 1.98388 1.88968 1.81536 1.79962 1.85447 1.85776 1.84658 1.75421 1.68178 1.57379 1.57547 1.60352
2.15548 2.20746 2.06059 1.94585 1.89646 1.90855 1.92788 1.92597 1.94393 1.94193 1.89544 2.00974 2.26435 2.32029 2.78450 3.27885 3.52167 3.50516 3.38480 3.18898 2.96336 2.74423 2.68200 2.69536 2.73243 2.89301 3.04460 2.94156 3.09102 2.97571 3.02209 2.93720 2.89289 2.82549 2.85414 2.77341 2.59493 2.41299 2.29458 2.32848 2.32043 2.30939 2.28651 2.28529 2.27325 2.29989 2.30266 2.27526 2.20754 2.02751 2.00584 2.00348 2.02919 2.00544 2.02201 1.96598 1.86027 1.84317 1.89793 1.92192 1.96193 1.86464 1.77420 1.75696 1.78341 1.80358
2.22208 2.35920 2.21304 2.07963 1.98940 1.99437 1.97572 1.94445 1.94153 1.91652 1.87322 2.23192 2.33869 2.41330 2.47735 2.54255 2.42148 2.53253 2.62648 2.64874 2.66572 2.72991 2.74292 2.75895 2.79090 2.89120 3.06897 2.91467 2.97133 2.77975 2.80119 2.75474 2.75522 2.69581 2.69963 2.67165 2.51591 2.36841 2.22912 2.26670 2.26785 2.27822 2.29343 2.29018 2.29092 2.30281 2.29575 2.27409 2.19985 2.07673 2.00604 2.00734 2.02656 2.02437 2.06611 2.06523 1.95867 1.96168 2.05765 2.11546 2.08826 1.95461 1.81110 1.80960 1.79624 1.81378
1.98465 2.16917 2.02263 1.91815 1.84475 1.82062 1.86353 1.90134 1.92307 1.92968 1.91337 2.20044 2.29823 2.37478 2.40247 2.40995 2.38202 2.44603 2.59549 2.64514 2.65724 2.71830 2.76430 2.81575 2.93531 2.91959 2.89656 2.84263 2.90300 2.78300 2.81863 2.78688 2.81549 2.76238 2.79778 2.79069 2.57379 2.49013 2.28984 2.31116 2.30970 2.30040 2.29897 2.24135 2.20608 2.20332 2.18333 2.15916 2.16142 2.14528 2.09991 2.15870 2.23076 2.21607 2.19088 2.14744 2.04629 2.03187 2.06562 2.14091 2.11962 2.03411 1.89182 1.88611 1.86979 1.88951
