High_resolution/powerplant/Shangrao/OMI_NO2_200911.asc
ncols      200
nrows      200
xllcorner       115.451
yllcorner       27.0350
cellsize     0.0166667
NODATA_Value      -999.000
[rows 116 to 144 of 175, columns 0 to 66 of 200]
1.51248 1.51248 1.51248 1.51248 1.51248 1.51243 1.51033 1.50711 1.50391 1.50071 1.52163 1.51997 1.51799 1.51799 1.48994 1.41423 0.654704 0.328163 0.328163 0.328163 0.328163 0.328163 0.328163 0.328163 20.6557 14.6373 14.0533 14.0476 14.0476 14.0476 13.9242 10.9053 10.7929 10.7929 8.31386 7.87206 7.87206 7.87206 7.87206 7.87206 7.49779 7.02203 7.02203 7.02203 7.02203 7.02203 7.02203 7.02203 7.02203 7.01213 6.99158 6.87739 6.52319 6.34581 6.28276 6.14682 5.90412 5.78663 5.66915 5.61546 5.61546 5.61546 5.61546 5.61546 5.61040 5.52604 5.41422
1.51176 1.50873 1.50553 1.50233 1.49912 1.49597 1.49486 1.49486 1.49486 1.49486 1.50057 1.51799 1.50724 1.47397 1.42992 1.25696 0.904112 0.328163 0.328163 0.328163 0.328163 0.328163 0.328163 0.328163 20.6557 15.8137 14.0476 14.0476 14.0476 14.0476 14.0476 11.5780 10.7929 10.7929 9.13854 7.87206 7.87206 7.87206 7.87206 7.87206 7.72295 7.02203 7.02203 7.02203 7.01464 6.99432 6.97378 6.95321 6.93268 6.92202 6.90591 6.72023 6.17921 5.91996 5.80938 5.77901 5.62135 5.61546 5.60899 5.52125 5.40977 5.29823 5.18641 5.07487 4.96839 4.94107 4.94107
1.49504 1.49486 1.49486 1.49486 1.49486 1.49486 1.49486 1.49486 1.48260 1.44881 1.41233 1.39688 1.37151 1.36774 1.36766 1.26628 1.10545 0.328163 0.328163 0.328163 0.328163 0.328163 0.328163 0.328163 20.6557 17.5259 14.0476 14.0476 14.0476 14.0476 14.0476 12.4900 10.7929 10.7929 9.96339 7.87206 7.87206 7.87206 7.87206 7.86681 7.84412 7.05557 6.95595 6.93541 6.92226 6.92202 6.89438 6.80251 6.70804 6.61361 6.53521 6.52188 6.06884 5.67856 5.54032 5.40295 5.20262 5.07029 4.96508 4.94107 4.94107 4.94107 4.94107 4.94107 4.94107 4.94107 4.94107
1.49486 1.49486 1.49486 1.49486 1.48094 1.44679 1.40975 1.37264 1.34788 1.34458 1.34454 1.36101 1.36766 1.36766 1.36766 1.31316 1.21425 0.464791 0.328163 0.328163 0.328163 0.328163 0.328163 0.328163 20.6557 19.9288 14.0989 14.0476 14.0476 14.0476 14.0476 13.6289 10.8092 10.7929 10.5949 7.90852 7.82928 7.80874 7.78818 7.77288 7.77205 7.22327 6.87972 6.78545 6.69098 6.59643 6.52851 6.44084 6.30323 6.16571 6.02810 5.89074 5.45882 5.03190 4.97902 4.97902 4.96126 4.94107 4.94107 4.94107 4.94107 4.94107 4.94107 4.94107 4.94107 4.94107 4.94107
1.47924 1.44475 1.40765 1.37063 1.34745 1.34455 1.34454 1.34454 1.34454 1.34454 1.34454 1.35479 1.36766 1.36766 1.36766 1.35020 1.21855 0.811278 0.328163 0.328163 0.328163 0.328163 0.328163 0.328163 20.6557 20.6557 14.8852 14.0476 14.0476 14.0127 13.3592 12.4788 9.53718 8.57293 8.07855 7.84167 7.77205 7.77130 7.71281 7.61834 7.52387 7.03355 6.32324 6.18568 6.04815 5.91063 5.77415 5.72189 5.72189 5.72189 5.72189 5.72189 5.54793 5.11751 4.97902 4.97902 4.97127 4.94107 4.94107 4.94107 4.94107 4.94107 4.94107 4.94107 4.94107 4.94107 4.94070
1.34712 1.34454 1.34454 1.34454 1.34454 1.34454 1.34454 1.34454 1.34454 1.34454 1.34454 1.34860 1.36766 1.36766 1.36766 1.36761 1.24628 1.04337 0.328163 0.328163 0.377612 0.516677 0.657823 0.798568 20.6557 19.7719 14.4526 11.8441 10.9637 10.1178 9.89084 9.89084 8.79265 8.01724 7.94544 7.70676 7.31301 7.04905 6.84257 6.67216 6.50184 6.33096 5.72231 5.72189 5.72189 5.72189 5.72189 5.72189 5.72189 5.72189 5.72189 5.72189 5.67281 5.20382 4.97902 4.97902 4.97871 4.94372 4.94107 4.94107 4.94107 4.94045 4.79690 4.54843 4.29795 4.04722 3.77419
1.34454 1.34454 1.34454 1.34454 1.34454 1.34454 1.34454 1.34454 1.34454 1.34454 1.34454 1.34461 1.36543 1.36766 1.37382 1.41527 1.41442 1.41213 0.922190 1.03493 1.12647 1.12831 1.12831 1.12831 13.2184 12.3421 11.3942 9.89084 9.89084 9.87851 9.68295 9.42777 8.67890 6.99976 6.80676 6.63096 6.40997 6.40997 6.40997 6.40997 6.40997 6.40997 5.82608 5.72189 5.72189 5.72189 5.72189 5.72189 5.72189 5.72189 5.72189 5.72189 5.72189 5.34448 5.00068 4.97902 4.97815 4.80664 4.54367 4.29331 4.04471 3.79293 3.64556 3.58927 3.53295 3.47665 3.44486
1.34454 1.34454 1.34454 1.34454 1.34454 1.34454 1.34454 1.34454 1.34479 1.38450 1.45993 1.54588 1.57481 1.58799 1.62885 1.63437 1.63122 1.61862 1.33600 1.12831 1.12831 1.12831 1.12831 1.12831 12.3421 12.3421 12.2418 9.11038 8.74347 8.50063 8.44013 8.44013 8.43266 6.79596 6.65965 6.65953 6.44105 6.40997 6.40997 6.40997 6.40997 6.40997 6.00957 5.72189 5.72189 5.72189 5.72189 5.72189 5.72189 5.72189 5.72189 5.72149 5.60712 5.11158 4.43194 4.07765 3.82855 3.70099 3.62817 3.57187 3.51553 3.46090 3.44477 3.44477 3.44477 3.44477 3.44477
1.34454 1.34454 1.34454 1.35650 1.42205 1.50244 1.59520 1.70234 1.82839 1.88741 1.88741 1.88741 1.76855 1.63437 1.63432 1.56272 1.42092 1.11975 0.982231 1.12831 1.12831 1.12831 1.12831 1.12831 12.3421 12.3421 12.3421 9.11714 8.44013 8.44013 8.44013 8.44013 8.44013 7.21573 6.65965 6.65965 6.51117 6.40997 6.40997 6.40997 6.40997 6.40997 6.19259 5.72189 5.72189 5.72189 5.72189 5.63239 5.42782 5.22304 5.01797 4.81359 4.72299 4.48860 3.77744 3.59247 3.53610 3.48260 3.44477 3.44477 3.44477 3.44624 3.52112 3.63653 3.75201 3.86735 3.98283
1.54833 1.64810 1.76468 1.87569 1.88741 1.88741 1.88741 1.88741 1.88741 1.88741 1.88651 1.76743 1.53557 1.27023 1.12606 1.05370 1.04927 0.903421 0.824118 1.12818 1.12831 1.12831 1.12831 1.12831 12.3421 12.3421 12.3421 9.97040 8.44013 8.44013 8.44013 8.44013 8.44013 7.74929 6.65965 6.65965 6.58126 6.40997 6.40997 6.40997 6.40997 6.40997 6.29965 5.46233 5.24861 5.04364 4.83877 4.72339 4.72299 4.66094 4.53386 4.40667 4.27953 4.17195 3.51221 3.48344 3.53317 3.61193 3.74610 3.87470 3.99011 4.10405 4.14464 4.14464 4.14464 4.14464 4.14464
1.88741 1.88741 1.88741 1.88741 1.88741 1.88741 1.88479 1.75481 1.54364 1.32796 1.11250 1.01570 1.00975 1.04476 1.04927 1.04927 1.04927 0.976262 0.800136 1.03758 1.12831 1.12831 1.12831 1.12831 12.3421 12.3421 12.3421 11.2139 8.44013 8.44013 8.44013 8.44013 8.44013 8.34285 6.70449 6.65965 6.64645 6.36716 6.16723 5.96216 5.75749 5.55231 5.41486 4.87210 4.72130 4.63880 4.51162 4.38448 4.25729 4.19216 4.23054 4.30938 4.38812 4.46700 4.04020 3.91467 3.94348 3.94348 4.06960 4.14464 4.14464 4.14464 4.14464 4.14464 4.14464 4.14464 4.14464
1.88741 1.88741 1.88250 1.74191 1.53044 1.31451 1.10085 1.01503 1.00975 1.00975 1.00975 1.00975 1.00975 1.03609 1.04927 1.04927 1.04927 1.03328 0.802483 0.922564 1.12831 1.12831 1.12831 1.12831 12.3421 12.3421 12.3421 12.3242 8.64788 8.44013 8.44013 8.44013 8.42166 8.23715 6.73616 6.22583 6.07658 5.55457 5.41107 5.41107 5.40385 5.30464 5.17745 4.69438 4.26421 4.29730 4.37609 4.45484 4.53372 4.61247 4.65292 4.65292 4.65292 4.65292 4.34377 3.94475 3.94348 3.94348 4.01694 4.14464 4.14464 4.14464 4.14464 4.14464 4.14464 4.14464 4.14464
1.51724 1.30120 1.09002 1.01440 1.00975 1.00975 1.00975 1.00975 1.00975 1.00975 1.00975 1.00975 1.00975 1.02543 1.04927 1.04927 1.04927 1.04927 0.870851 0.846376 1.12831 1.12831 1.12831 1.12831 12.3421 12.3421 12.3421 12.3390 9.14486 8.07724 7.85336 7.62948 7.42397 7.38460 6.66315 5.95597 5.93930 5.57068 5.14695 4.96569 4.78500 4.69592 4.63489 4.58596 4.65182 4.65292 4.65292 4.65292 4.65292 4.65292 4.65292 4.65292 4.65292 4.65292 4.54030 3.94613 3.94348 3.94348 3.96459 4.14434 4.14464 4.14464 4.14464 4.14464 4.14660 4.35850 4.71363
1.00975 1.00975 1.00975 1.00975 1.00975 1.00975 1.00975 1.00975 1.00975 1.00975 1.00975 1.00975 1.00975 1.01293 1.04882 1.04927 1.04927 1.04881 0.938274 0.735205 1.04942 1.12831 1.12831 1.12831 11.7436 11.2959 10.8481 10.4035 8.70634 7.38460 7.38460 7.38460 7.23699 6.55394 5.85962 5.38592 5.21504 5.03544 4.54120 4.53425 4.53425 4.53425 4.53425 4.53751 4.64840 4.65292 4.65292 4.65292 4.65292 4.65292 4.65292 4.65292 4.65292 4.65292 4.65243 4.03123 3.94389 3.94348 3.94348 4.11546 4.36760 4.72255 5.07750 5.43245 5.78779 5.95353 5.98116
1.00975 1.00975 1.00975 1.00975 1.00975 1.00975 1.00975 1.00975 1.00975 1.00975 1.00975 1.00975 1.00975 1.00975 1.03075 1.02786 1.01980 1.01133 0.950431 0.471964 0.471964 0.00000 0.00000 0.00000 10.2311 10.2311 10.2311 10.2311 9.29052 6.38923 5.78662 5.29260 4.94099 4.89688 4.89688 5.04518 5.07914 5.07674 4.58648 4.53425 4.53425 4.53425 4.53425 4.53425 4.62031 4.65292 4.65292 4.65292 4.65292 4.65292 4.65292 4.65292 4.65292 4.65292 4.65262 4.37573 4.53168 4.88526 5.24021 5.70886 5.93537 5.96188 5.98950 6.01712 6.04238 6.04715 6.04715
1.00975 1.00975 1.00975 1.00975 1.00975 1.00975 1.00975 1.00975 1.00975 1.00975 1.00975 1.00975 1.00975 1.00975 1.00975 1.00975 1.00975 1.00743 0.968583 0.408141 0.183974 0.00000 0.00000 0.00000 9.67092 8.08433 6.94769 6.12583 5.62697 4.98010 4.89688 4.89688 4.89688 4.89688 4.89688 4.99119 5.07914 5.07914 4.73713 4.53425 4.53425 4.53425 4.53425 4.53425 4.58903 4.65292 4.65292 4.65292 4.65292 4.65292 4.63595 4.60208 4.56814 4.53444 4.50088 4.89145 5.74626 5.76908 5.79668 5.88830 6.04603 6.04715 6.04715 6.04715 6.04715 6.00140 5.90261
1.00975 1.00975 1.00975 1.00975 1.00975 1.00975 1.00975 1.00975 1.00975 1.00975 1.00975 1.00975 1.00975 1.00651 0.967415 0.937936 0.914685 0.893769 0.908130 0.541383 0.0562020 0.0562020 0.00000 0.00000 5.61759 5.59523 5.59523 5.59523 5.59523 5.13394 4.89688 4.89688 4.89688 4.89688 4.89688 4.93685 5.07914 5.07914 4.89038 4.53425 4.53425 4.53425 4.53425 4.53425 4.55777 4.64007 4.60655 4.57269 4.53887 4.50501 4.48818 4.48873 4.51263 4.54876 4.58491 4.69785 5.86158 5.84770 5.84599 5.87433 5.90427 5.80156 5.70259 5.60445 5.50560 5.45309 5.45309
1.00975 1.00975 1.00975 1.00975 1.00975 1.00975 1.00975 1.00975 1.00975 1.00539 0.965095 0.936633 0.913357 0.893381 0.909231 0.915444 0.915444 0.915444 0.915444 0.757410 0.0562020 0.0562020 0.00000 0.00000 5.59523 5.59523 5.59523 5.59523 5.59523 5.32355 4.89688 4.89688 4.89688 4.89688 4.89688 4.89856 5.06397 5.07914 5.03822 4.53969 4.52499 4.49227 4.45845 4.42462 4.39176 4.47972 4.48818 4.49047 4.51916 4.55532 4.59144 4.62705 4.63933 4.65042 4.68186 4.71378 5.70007 5.99533 6.01612 6.03311 5.57211 5.45309 5.45309 5.45309 5.45309 5.45309 5.45309
1.00975 1.00975 1.00975 1.00975 1.00975 1.00410 0.962862 0.935293 0.912095 0.893173 0.910231 0.915444 0.915444 0.915444 0.915444 0.915444 0.915444 0.915444 0.915444 0.895846 0.106417 0.0562020 0.00000 0.00000 5.59523 5.59523 5.59523 5.59523 5.59523 5.54334 4.90602 4.89688 4.89688 4.89688 4.89688 4.85330 4.66084 4.37817 4.02751 4.23130 4.37065 4.36950 4.36950 4.37476 4.40705 4.52281 4.59803 4.63966 4.67761 4.70950 4.74138 4.77328 4.80521 4.82599 4.82644 4.82644 5.43536 6.05449 6.03311 6.03311 5.72394 5.45309 5.45309 5.45309 5.45309 5.45309 5.45309
1.01099 1.00271 0.960703 0.934032 0.910745 0.893172 0.911151 0.915444 0.915444 0.915444 0.915444 0.915444 0.915444 0.915444 0.915444 0.915444 0.915444 0.915444 0.915444 0.915444 0.433901 0.0562020 0.00000 0.00000 5.59523 5.59523 5.59523 5.59523 5.59523 5.59523 5.00622 4.64284 4.29235 3.94153 3.59088 3.28380 3.30017 3.42199 3.42199 3.90980 4.41361 4.45345 4.52315 4.59363 4.63707 4.71441 4.80092 4.82502 4.82644 4.82644 4.82644 4.82644 4.82644 4.82644 4.82644 4.82644 5.09005 6.06472 6.03314 6.03311 5.87572 5.45309 5.45309 5.45309 5.45309 5.45309 5.45309
0.949050 0.893243 0.911980 0.915444 0.915444 0.915444 0.915444 0.915444 0.915444 0.915444 0.915444 0.915444 0.915444 0.915444 0.915444 0.915444 0.915444 0.915444 0.915444 0.915444 0.685452 0.0562020 0.0562020 0.00000 5.59523 5.59523 5.35785 4.83286 4.30688 3.78065 3.31396 3.23972 3.23972 3.23972 3.23972 3.24940 3.31002 3.56842 3.64894 3.92886 4.70385 4.73960 4.74579 4.74579 4.74579 4.75725 4.82644 4.82644 4.82644 4.82644 4.82644 4.82644 4.82644 4.82644 4.82644 4.82644 4.83814 5.97481 6.03953 6.03311 6.01124 5.46947 5.44755 5.20393 4.83480 4.46751 4.10023
1.04000 0.915444 0.915444 0.915444 0.915444 0.915444 0.915444 0.915444 0.915444 0.915444 0.915444 0.915444 0.915444 0.915444 0.915444 0.915444 0.915444 0.915444 0.915444 0.915444 0.857280 0.0575757 0.0562020 0.00000 3.92507 3.39918 3.11025 3.10950 3.10950 3.10950 3.21016 3.30237 3.36799 3.43375 3.49947 3.55555 3.57095 3.73907 3.79828 3.81069 4.68214 4.74579 4.74579 4.74579 4.74579 4.74581 4.81659 4.82644 4.82644 4.82644 4.82644 4.82644 4.82644 4.82644 4.82644 4.82644 4.82644 5.63391 5.79311 5.40743 5.04144 4.23926 3.73000 3.60737 3.60718 3.60700 3.60682
1.23207 0.915444 0.915444 0.915444 0.915444 0.915444 0.915444 0.915444 0.915444 0.915444 0.915444 0.915444 0.915444 0.915444 0.915444 0.915444 0.915444 0.915444 0.915444 0.915444 0.930555 0.495452 0.507615 0.00000 3.12089 3.31525 3.54079 3.74821 3.94364 4.11396 4.21508 3.60653 3.57095 3.57095 3.57095 3.57095 3.57095 3.67189 3.79828 3.79828 4.42964 4.74579 4.74579 4.74579 4.74579 4.74579 4.79525 4.82644 4.82644 4.82644 4.82644 4.82644 4.82604 4.73132 4.56597 4.40037 4.23486 4.16016 4.21417 4.18733 4.18714 3.90524 3.60676 3.60665 3.60665 3.60665 3.60665
1.39899 0.923678 0.915444 0.915444 0.915444 0.915444 0.915444 0.915444 0.915444 0.915444 0.915444 0.915444 0.915444 0.915444 0.915444 0.915444 0.933700 1.03739 1.17621 1.31822 1.44505 1.28142 0.929699 0.929699 4.14731 4.20524 4.23140 4.24539 4.24541 4.24541 4.24541 3.77383 3.57095 3.57095 3.57095 3.57095 3.57095 3.60428 3.79828 3.79828 4.16478 4.74579 4.74579 4.74579 4.74579 4.74579 4.77391 4.82644 4.75323 4.58804 4.42268 4.25701 4.09189 4.02101 4.01917 4.00109 3.97922 3.97845 4.13866 4.18339 4.18667 4.05676 3.64157 3.75252 3.86726 3.98145 4.09563
1.56679 0.991595 0.915444 0.915444 0.915444 0.915444 0.915444 0.915444 0.915444 0.915444 0.915444 0.915444 0.937106 1.04426 1.18383 1.32588 1.44955 1.48775 1.49095 1.49095 1.49095 1.41514 0.929699 0.929699 4.24541 4.24541 4.24541 4.24541 4.24541 4.24541 4.24541 3.95324 3.57095 3.57095 3.57095 3.57095 3.57095 3.57095 3.76452 3.79828 3.90166 4.74399 4.74579 4.69207 4.52954 4.36410 4.20574 4.11329 4.02134 4.02101 4.01727 3.99727 3.97539 3.95351 3.93348 3.92967 3.90043 3.76915 3.79561 3.72730 3.60528 3.47465 4.24174 4.29536 4.29536 4.29536 4.29536
1.63954 1.19634 0.915444 0.915444 0.915444 0.915444 0.915444 0.915444 0.940819 1.05135 1.19146 1.33353 1.45383 1.48857 1.49095 1.49095 1.49095 1.49095 1.49095 1.49095 1.49095 1.48708 1.00490 0.929699 4.24541 4.24541 4.24541 4.24541 4.24541 4.24541 4.24541 4.13251 3.57095 3.57095 3.57095 3.57095 3.57095 3.57095 3.67992 3.69054 3.59158 4.10182 4.05514 3.94343 3.94037 3.94037 3.93404 3.97891 3.97155 3.94969 3.91380 3.78887 3.64872 3.50832 3.36817 3.22810 3.11703 3.10816 3.21904 3.33066 3.36516 3.36516 4.01600 4.29536 4.29536 4.29536 4.29536
1.65935 1.39361 0.915444 0.915444 0.944880 1.05844 1.19921 1.34112 1.45779 1.48925 1.49095 1.49095 1.49095 1.49095 1.49095 1.49095 1.49095 1.49095 1.49095 1.49095 1.49095 1.49095 1.22336 0.929699 4.24541 4.24541 4.24541 4.24541 4.24541 4.24541 4.24541 4.24393 3.63894 3.56619 3.49064 3.39168 3.29277 3.19382 3.17090 3.33106 3.33106 3.66487 3.93079 3.90895 3.88750 3.87341 3.86845 3.69447 3.38822 3.24790 3.12541 3.10816 3.10816 3.10816 3.10816 3.10816 3.10816 3.10816 3.16313 3.31503 3.36470 3.36516 3.77218 4.29536 4.29536 4.29536 4.29536
1.79501 1.60829 1.22014 1.34875 1.46138 1.48979 1.49095 1.49095 1.49095 1.49095 1.49095 1.49095 1.49095 1.49095 1.49095 1.49095 1.49095 1.49095 1.49095 1.49095 1.49095 1.49095 1.37206 0.929699 4.24534 4.24541 4.24541 4.24541 4.24536 4.19252 4.09361 3.99466 3.46713 3.12714 3.10374 3.10374 3.10374 3.10374 3.10996 3.29154 3.28938 3.44130 3.88564 3.89617 3.90635 3.90910 3.90910 3.67545 3.10816 3.10816 3.10816 3.10816 3.10816 3.10816 3.10816 3.10816 3.10816 3.10816 3.11459 3.30275 3.35341 3.36516 3.52845 4.29536 4.29536 4.29296 4.22625
2.12996 1.85200 1.55918 1.49095 1.49095 1.49095 1.49095 1.49095 1.49095 1.49095 1.49095 1.49095 1.49095 1.49095 1.49095 1.49095 1.49095 1.49095 1.49095 1.49095 1.49095 1.49095 1.47105 0.946396 4.16139 4.12104 4.02208 3.92322 3.82426 3.77819 3.77819 3.77819 3.52891 3.10594 3.11751 3.13075 3.14402 3.15721 3.16891 3.25806 3.29980 3.31761 3.88388 3.90910 3.90910 3.90910 3.90910 3.87023 3.12442 3.10816 3.10816 3.10816 3.10816 3.10816 3.10816 3.10816 3.10816 3.10816 3.10816 3.25314 3.33410 3.29346 3.20124 3.94901 3.93737 3.84459 3.81759
