High_resolution/powerplant/Shangrao/OMI_NO2_201008.asc
ncols      200
nrows      200
xllcorner       115.451
yllcorner       27.0350
cellsize     0.0166667
NODATA_Value      -999.000
[rows 30 to 59 of 186, columns 66 to 131 of 200]
2.76761 2.76961 2.76961 2.76961 2.76961 2.76898 2.07726 1.97854 1.97854 1.99044 2.06289 2.14390 2.22488 2.20075 2.24441 2.24960 2.24960 2.24960 2.25214 2.26256 2.49478 2.29336 2.09264 1.87887 0.715694 0.509065 0.219047 0.0921778 0.0921778 0.0921778 0.0921778 0.0921778 0.0921778 0.0921778 0.0921778 0.0921778 0.0921778 0.0921778 0.0921778 0.0921778 0.184648 2.00114 2.05130 2.05130 2.05130 2.04169 1.56020 1.51845 1.43873 1.32995 1.19039 1.00791 0.837685 0.820937 0.820937 0.827001 0.961034 1.23476 1.44502 1.47360 1.49046 1.40965 0.934405 0.934405 0.934405 0.934405
2.78961 2.76961 2.76961 2.76961 2.76612 2.71681 2.32584 2.21290 2.29383 2.36294 2.37143 2.37143 2.37143 2.31796 2.25042 2.25935 2.27032 2.28130 2.27509 2.21108 2.22239 2.25161 2.29469 2.29990 0.315831 0.0921778 0.0921778 0.0921778 0.0921778 0.0921778 0.0921778 0.0921778 0.0921778 0.0921778 0.0921778 0.0921778 0.0921778 0.0921778 0.0921778 0.0921778 0.0921778 1.53644 2.05130 2.04519 1.73736 1.33424 1.01515 0.838339 0.820937 0.820937 0.820937 0.867529 1.02567 1.14393 1.23096 1.29617 1.31296 1.32634 1.48826 1.49090 1.49090 1.49090 1.01863 0.934405 0.934405 0.934405
2.87585 2.66802 2.59235 2.50670 2.41522 2.39239 2.38491 2.37143 2.35866 2.31442 2.26869 2.22773 2.19019 2.17926 2.26572 2.20032 2.13164 2.06296 2.00895 2.00484 2.01960 2.15714 2.29352 2.30854 0.946450 0.0921778 0.0921778 0.0921778 0.0921778 0.0921778 0.0921778 0.0921778 0.0921778 0.0921778 0.0921778 0.0921778 0.0921778 0.213685 0.474581 0.735606 0.973551 1.08779 0.787843 0.787259 0.787259 0.787259 0.797739 0.936989 1.08116 1.18425 1.26165 1.30982 1.31296 1.31296 1.31296 1.31296 1.31296 1.31296 1.45817 1.49090 1.49090 1.49090 1.18420 0.934405 0.934405 0.934405
2.74627 2.39239 2.38706 2.33638 2.27549 2.21443 2.15529 2.14764 2.12411 2.13092 2.11508 2.06695 2.01544 1.96516 2.00053 2.00484 2.00484 2.00484 2.00484 2.00484 2.00484 2.11723 2.23227 2.30854 1.58527 0.0921778 0.0921778 0.0921778 0.0921778 0.0921778 0.0921778 0.0921778 0.216165 0.477191 0.738217 0.999242 1.22302 1.24372 1.16885 1.11501 1.09230 1.06427 0.787259 0.967145 1.10614 1.19992 1.27167 1.31195 1.31296 1.31296 1.31296 1.31296 1.31296 1.31296 1.31296 1.31296 1.31296 1.31296 1.41373 1.49090 1.49090 1.49090 1.34970 0.934405 0.934405 0.934405
2.69046 2.12140 2.05674 2.04786 2.05752 2.06799 2.03671 2.03934 2.00739 1.95590 1.92841 1.92839 1.92839 1.92839 1.97615 2.00484 2.00484 2.00484 2.00484 2.00484 2.00484 2.06396 2.18917 2.30854 2.18132 0.135397 0.0921778 0.218775 0.479801 0.740827 1.00081 1.26027 1.37081 1.26171 1.18124 1.12412 1.09325 1.09228 1.09228 1.09228 1.09228 1.09210 0.850963 1.20913 1.29613 1.29613 1.29613 1.30689 1.31296 1.31296 1.31296 1.31296 1.31296 1.31296 1.31296 1.31296 1.31296 1.31296 1.35780 1.49090 1.49090 1.49090 1.49690 0.986800 0.961304 0.977806
2.61089 2.20397 2.02277 1.96361 1.89624 1.82810 1.80167 1.86399 1.92839 1.92839 1.92839 1.92839 1.92839 1.92839 1.95500 2.00484 2.00484 2.00484 2.00484 2.00484 2.00484 2.02283 2.08881 1.82396 1.47109 0.990006 1.26288 1.39731 1.38499 1.28102 1.19447 1.13376 1.09571 1.09228 1.09228 1.09228 1.09228 1.09228 1.09228 1.09228 1.09228 1.09228 0.961309 1.08196 1.29613 1.29613 1.29613 1.30161 1.31296 1.31296 1.31296 1.31296 1.31296 1.31296 1.31296 1.31296 1.31296 1.31296 1.32823 1.55375 1.64094 1.71544 1.76800 1.19276 0.878694 0.849567
2.39018 2.09387 1.80167 1.80167 1.80167 1.80167 1.80167 1.82271 1.92835 1.92839 1.92839 1.92839 1.92839 1.92839 1.93685 2.00484 2.00484 1.97315 1.86034 1.74368 1.62685 1.51018 1.33594 0.889529 0.612188 0.944745 1.20865 1.14395 1.09975 1.09228 1.09228 1.09228 1.09228 1.09228 1.09228 1.09228 1.09228 1.09228 1.09228 1.09228 1.09228 1.09228 1.03479 0.888198 1.29534 1.29613 1.29613 1.29685 1.31237 1.31296 1.31296 1.31296 1.31296 1.31296 1.32393 1.38769 1.44941 1.51313 1.55509 1.63782 1.67676 1.67078 1.67078 1.39612 1.08991 1.26046
2.28136 2.21943 1.80225 1.80167 1.80167 1.80167 1.80167 1.80167 1.91238 1.92839 1.92839 1.92839 1.91349 1.83351 1.74597 1.64711 1.52817 1.44303 1.43907 1.43907 1.43907 1.42999 1.32277 1.01279 0.695431 0.767285 1.09228 1.09228 1.09228 1.09228 1.09228 1.09228 1.09228 1.09228 1.09228 1.09228 1.09228 1.09228 1.09228 1.09228 1.09228 1.09228 1.08380 0.799572 1.24178 1.29613 1.29613 1.29613 1.30775 1.31296 1.31646 1.35670 1.40722 1.46112 1.50227 1.48116 1.47823 1.47823 1.47584 1.51578 1.61185 1.58070 1.54955 1.53902 1.61169 1.61265
2.28136 2.28136 1.88855 1.80167 1.80167 1.80167 1.80167 1.80576 1.84398 1.75942 1.67188 1.58434 1.51161 1.50406 1.50406 1.46997 1.43907 1.43467 1.41647 1.39726 1.37805 1.37242 1.33793 1.11992 0.699461 0.699792 1.04648 1.09228 1.09228 1.09228 1.09228 1.09228 1.09228 1.09228 1.09228 1.09228 1.09228 1.09228 1.09228 1.09228 1.09228 1.09228 1.09228 0.909386 1.12966 1.29049 1.28532 1.34949 1.40738 1.42133 1.46891 1.47823 1.47823 1.47823 1.46790 1.43725 1.40610 1.37495 1.34617 1.35390 1.53062 1.53295 1.53295 1.53295 1.59407 1.61265
2.29335 2.28136 2.03705 1.83146 1.87544 1.91416 1.94850 1.97682 1.85949 1.50406 1.50406 1.50227 1.49371 1.48256 1.45795 1.41939 1.38372 1.37521 1.38704 1.39988 1.41273 1.42107 1.42063 1.21553 0.811397 0.699242 0.933668 1.09228 1.09228 1.09228 1.09228 1.09228 1.09228 1.09228 1.09228 1.09228 1.09228 1.09228 1.09228 1.09228 1.07700 1.03951 0.994242 1.03628 1.22658 1.45389 1.52580 1.54148 1.53834 1.47891 1.45522 1.42407 1.39291 1.36176 1.34092 1.34040 1.34040 1.34040 1.34040 1.34040 1.49004 1.53295 1.53295 1.53295 1.57040 1.61265
2.40466 2.32733 2.26414 1.98202 1.98202 1.98261 1.99245 2.00651 2.01052 1.49674 1.44088 1.40970 1.38953 1.37983 1.38900 1.40184 1.41468 1.42124 1.42124 1.42124 1.42124 1.42124 1.42124 1.29024 0.977121 0.699242 0.820348 1.09228 1.09228 1.09228 1.09228 1.09228 1.09228 1.09228 1.09228 1.07640 1.03867 0.991420 0.929120 0.945714 1.13030 1.36132 1.58899 1.58890 1.41075 1.52777 1.51735 1.49659 1.47581 1.38617 1.34040 1.34040 1.34040 1.34040 1.34040 1.34040 1.34040 1.34040 1.34040 1.34040 1.43595 1.53295 1.53295 1.53295 1.54672 1.61265
2.50624 2.38653 2.41919 2.08081 2.05158 2.07107 2.07037 2.05157 2.03293 1.59377 1.39094 1.40380 1.41651 1.42124 1.42124 1.42124 1.42124 1.42124 1.42124 1.42124 1.42124 1.42124 1.42124 1.36556 1.10662 0.699242 0.717558 1.08175 1.09228 1.09228 1.07587 1.03824 0.990337 0.927859 0.843222 0.860360 1.08662 1.31772 1.54882 1.66799 1.66799 1.67721 1.69266 1.70262 1.52616 1.47958 1.44959 1.44959 1.44959 1.41379 1.34040 1.34040 1.34040 1.34040 1.34040 1.34040 1.34040 1.34040 1.34040 1.34040 1.38181 1.53295 1.53295 1.53295 1.53302 1.60266
2.55607 2.55605 2.55370 2.25752 2.03933 2.03099 2.03061 2.04304 2.05533 1.81442 1.42124 1.42124 1.42124 1.42124 1.42124 1.42124 1.42124 1.42124 1.42124 1.42124 1.42124 1.42124 1.42124 1.41908 1.20548 0.815462 0.890755 1.01652 0.926954 0.841201 0.787259 0.829798 1.04294 1.27404 1.50523 1.66315 1.66855 1.68214 1.69607 1.70602 1.71348 1.71687 1.71688 1.71688 1.58470 1.50445 1.44959 1.44959 1.44959 1.44129 1.34111 1.34040 1.34040 1.34040 1.34040 1.34040 1.34040 1.34040 1.34040 1.34040 1.34230 1.51836 1.53295 1.52782 1.45206 1.39997
2.52115 2.48677 2.45265 2.32662 2.05656 2.05853 2.05853 2.05853 2.05853 1.99677 1.42436 1.42124 1.42124 1.42124 1.42124 1.42124 1.42124 1.42124 1.42124 1.42124 1.44853 1.53482 1.62298 1.71132 1.66007 1.47042 1.33997 1.19486 0.999339 1.23044 1.46155 1.65011 1.67080 1.68658 1.69917 1.70832 1.71510 1.71688 1.71688 1.71688 1.71688 1.71688 1.71688 1.71688 1.63769 1.52534 1.45247 1.44959 1.44959 1.44959 1.37171 1.34040 1.34040 1.34040 1.34040 1.34040 1.34040 1.34040 1.34660 1.38220 1.42163 1.31507 1.12459 1.03149 1.00901 1.03190
2.41727 2.41519 2.41519 2.40694 2.07911 2.05853 2.05853 2.05853 2.05853 2.05853 1.54819 1.42124 1.42124 1.42124 1.42124 1.43858 1.52064 1.60893 1.69718 1.78538 1.84642 1.84839 1.84839 1.84664 1.75319 1.69773 1.65531 1.74937 1.67455 1.69056 1.70201 1.71044 1.71617 1.71688 1.71688 1.71688 1.71688 1.71688 1.71688 1.71688 1.71688 1.71688 1.71688 1.71688 1.70081 1.53074 1.47320 1.44959 1.44959 1.44959 1.40884 1.34040 1.34040 1.35075 1.38863 1.42808 1.46744 1.50684 1.54007 1.54383 1.54383 1.34196 0.941800 0.855912 0.740673 0.637276
2.41519 2.41519 2.41519 2.41519 2.18072 2.05853 2.05853 2.05853 2.05853 2.05853 1.74280 1.50654 1.59479 1.68304 1.77133 1.84224 1.84839 1.84839 1.84839 1.84839 1.81271 1.72731 1.64165 1.55771 1.54511 1.89935 1.78363 1.77603 1.72741 1.71688 1.71688 1.71688 1.71688 1.71688 1.71688 1.71688 1.71688 1.71688 1.71688 1.71688 1.71688 1.71688 1.71688 1.71688 1.71688 1.56188 1.49698 1.44959 1.45996 1.50228 1.59772 1.47387 1.51331 1.54234 1.54383 1.54383 1.54383 1.54459 1.54664 1.54934 1.55304 1.45796 0.493298 0.488698 0.488698 0.488698
2.41519 2.41519 2.41519 2.41519 2.29061 2.05805 2.03876 2.00974 1.98075 1.95171 1.90978 1.84839 1.84839 1.84839 1.84839 1.84839 1.83170 1.75211 1.66642 1.58091 1.54003 1.55356 1.56739 1.58124 1.58803 1.82697 1.83001 1.77548 1.74704 1.71688 1.71688 1.71688 1.71688 1.71688 1.71688 1.71688 1.71688 1.71688 1.71688 1.71688 1.71688 1.71688 1.71688 1.74770 1.80424 1.72881 1.69470 1.73853 1.84198 1.91386 1.92063 1.62756 1.54394 1.54540 1.54770 1.55077 1.55507 1.55832 1.55833 1.55833 1.55833 1.55833 0.691347 0.488698 0.488698 0.488698
2.41519 2.40349 2.37461 2.34563 2.29451 1.93881 1.92167 1.92167 1.92167 1.92167 1.92099 1.85430 1.84359 1.77685 1.69116 1.60630 1.54802 1.55582 1.56965 1.58329 1.58803 1.58803 1.58803 1.58803 1.58803 1.70618 1.88756 1.77548 1.76252 1.71688 1.71688 1.71688 1.71688 1.71688 1.71688 1.71688 1.71688 1.71688 1.74832 1.80476 1.85216 1.89504 1.99405 2.09608 2.18403 2.21173 1.99944 1.93677 1.93013 1.96283 2.00230 1.86063 1.55707 1.55833 1.55833 1.55833 1.55833 1.55833 1.55833 1.55833 1.55833 1.55833 0.991953 0.488698 0.488698 0.488698
2.29577 2.27849 2.27834 2.27834 2.27834 2.01686 1.92167 1.92167 1.92158 1.87490 1.78924 1.65845 1.56321 1.55808 1.57191 1.58498 1.58803 1.58803 1.58803 1.58803 1.58803 1.58803 1.58803 1.58803 1.58803 1.60187 1.92800 1.77614 1.77380 1.71946 1.71688 1.71688 1.71688 1.74918 1.80527 1.85259 1.89290 1.92755 1.99176 2.07974 2.16766 2.25315 2.27885 2.27890 2.28517 2.29449 2.05413 2.05291 2.11488 2.11628 2.11628 2.05138 1.55833 1.55833 1.55833 1.55833 1.55833 1.55833 1.55833 1.55833 1.55833 1.55833 1.29261 0.488698 0.488698 0.488698
2.27834 2.27834 2.27834 2.27834 2.27834 2.10228 1.81398 1.73135 1.65879 1.63362 1.64745 1.63406 1.58803 1.58803 1.58803 1.58803 1.58803 1.58803 1.58803 1.58803 1.58803 1.58803 1.58803 1.58803 1.58803 1.58803 1.84175 1.81304 1.75030 1.76570 1.85303 1.89327 1.92797 1.94343 1.97623 2.06338 2.15132 2.23917 2.27885 2.27965 2.28816 2.29858 2.30903 2.31940 2.32358 2.32358 2.14953 2.05421 2.11628 2.11628 2.11628 2.11517 1.67009 1.55833 1.55833 1.55833 1.55833 1.55833 1.55833 1.55833 1.55833 1.55833 1.53608 0.546094 0.525775 0.568036
2.27834 2.26899 2.19541 2.10786 2.01553 1.90859 1.65023 1.66052 1.66132 1.66132 1.66132 1.65610 1.58897 1.58803 1.58803 1.58803 1.58803 1.58803 1.58803 1.58803 1.58803 1.58803 1.58803 1.56948 1.51694 1.46373 1.54338 1.63984 1.51668 1.70399 1.96362 2.04704 2.13495 2.22290 2.27804 2.28126 2.29116 2.30158 2.31202 2.32165 2.32358 2.32358 2.32358 2.32358 2.32358 2.32358 2.22841 2.04434 2.10528 2.11628 2.11628 2.11628 1.89004 1.55833 1.55833 1.55833 1.55833 1.55833 1.55833 1.55817 1.46109 1.32623 1.20657 0.966180 1.03929 1.17248
2.04002 1.95687 1.93784 1.93287 1.93263 1.93263 1.71236 1.66132 1.66132 1.66132 1.66132 1.66132 1.60501 1.58803 1.58803 1.58803 1.58803 1.58803 1.57507 1.52427 1.47106 1.41782 1.36461 1.32993 1.32924 1.32924 1.36172 1.74721 1.69187 1.84469 2.27432 2.28373 2.29416 2.30459 2.31502 2.32304 2.32358 2.32358 2.32358 2.32358 2.32358 2.32358 2.32358 2.32358 2.32358 2.32358 2.30388 2.04755 2.08004 2.11628 2.11628 2.11628 2.03232 1.55833 1.55833 1.55833 1.45974 1.28893 1.17013 1.08350 1.03533 1.01058 1.00772 1.13951 1.33470 1.34172
1.93263 1.93263 1.93263 1.93263 1.93263 1.93263 1.79553 1.66132 1.66132 1.66132 1.66132 1.66132 1.62625 1.57968 1.53156 1.47836 1.42515 1.37194 1.33164 1.32924 1.32924 1.32924 1.33082 1.39410 1.48910 1.58408 1.66613 1.86837 1.86189 1.88088 2.26041 2.32357 2.32358 2.32358 2.32358 2.32358 2.32358 2.32358 2.32358 2.32358 2.32358 2.32358 2.32358 2.32358 2.32358 2.32358 2.32358 2.10676 2.06011 2.11628 2.11628 2.10494 2.05051 1.32201 1.13281 1.05036 1.00887 1.00772 1.00772 1.00792 1.03308 1.06906 1.09879 1.15261 1.35793 1.35822
1.95241 1.93263 1.93263 1.93263 1.93263 1.93263 1.87866 1.66132 1.66025 1.64065 1.61429 1.58791 1.52732 1.33439 1.32924 1.32924 1.32924 1.32924 1.32924 1.36681 1.46122 1.55623 1.64296 1.59699 1.50011 1.40323 1.30861 1.41965 1.79057 1.89682 2.14363 2.32358 2.32358 2.32358 2.32358 2.32358 2.32358 2.32358 2.32358 2.32358 2.32358 2.32358 2.32358 2.32358 2.32358 2.32358 2.34481 2.20496 1.98732 1.94802 1.86566 1.79374 1.75962 1.28525 1.00772 1.01378 1.04924 1.08236 1.10987 1.13303 1.14150 1.14150 1.14150 1.14150 1.32434 1.35822
2.10369 1.93263 1.93263 1.93263 1.91990 1.89355 1.86629 1.59957 1.54419 1.53744 1.53744 1.53744 1.53672 1.35060 1.32924 1.34610 1.43333 1.52837 1.60969 1.58096 1.48468 1.38784 1.29770 1.27856 1.27856 1.27856 1.27856 1.30869 1.70785 1.89682 2.02118 2.32358 2.32358 2.32358 2.32358 2.32358 2.32358 2.32358 2.32358 2.32358 2.32358 2.34566 2.38821 2.43101 2.46947 2.48068 2.46639 2.30553 1.80793 1.77743 1.75912 1.74228 1.70997 1.49788 1.12020 1.13917 1.14150 1.14150 1.14150 1.14150 1.14150 1.14150 1.14150 1.14150 1.26345 1.35822
2.28033 1.87512 1.84877 1.82241 1.80875 1.80875 1.80875 1.64979 1.53744 1.53744 1.53744 1.54177 1.61364 1.58115 1.57245 1.55835 1.46929 1.37246 1.28924 1.27856 1.27856 1.27856 1.27856 1.27856 1.27856 1.27856 1.27856 1.27856 1.55675 1.88444 1.91306 2.30924 2.32358 2.32358 2.32358 2.32360 2.34641 2.38898 2.43187 2.47454 2.51552 2.50897 2.47303 2.43708 2.40550 2.40088 2.39953 2.36925 1.79399 1.69675 1.65261 1.64247 1.64244 1.62286 1.16143 1.14150 1.14150 1.14150 1.14150 1.14150 1.14150 1.14150 1.14150 1.14150 1.20260 1.35822
2.39523 1.82139 1.80875 1.80875 1.80875 1.80875 1.80875 1.73290 1.58575 1.68079 1.74092 1.73581 1.66211 1.49772 1.28319 1.27856 1.27856 1.27856 1.27856 1.27856 1.27856 1.27856 1.27856 1.27856 1.27856 1.27856 1.27856 1.27856 1.43382 1.81365 1.89679 2.21596 2.38984 2.43273 2.47523 2.51805 2.53774 2.51561 2.47966 2.44372 2.40946 2.40088 2.39528 2.36421 2.32999 2.29577 2.26291 2.25408 1.87237 1.65750 1.64251 1.64244 1.64244 1.64244 1.29999 1.14150 1.14150 1.14150 1.14150 1.14150 1.14150 1.14150 1.14150 1.14150 1.14919 1.35070
2.44475 1.95051 1.80875 1.80875 1.83309 1.92422 2.00979 2.07688 1.67726 1.54980 1.48789 1.48676 1.48676 1.47505 1.28279 1.27856 1.27856 1.27856 1.27856 1.27856 1.27856 1.27856 1.27856 1.27856 1.27856 1.27856 1.25428 1.19426 1.17523 1.52903 1.63153 2.00694 2.53802 2.52218 2.48629 2.45034 2.41467 2.40088 2.38816 2.35430 2.32005 2.28583 2.25722 2.25408 2.25408 2.25408 2.25408 2.25408 2.04131 1.65927 1.64573 1.64244 1.64244 1.64244 1.45814 1.14150 1.14150 1.14150 1.14150 1.14150 1.14150 1.14150 1.14241 1.15963 1.18347 1.33645
2.44475 2.18422 1.98116 2.05525 2.10504 2.08797 2.07646 2.07643 1.68300 1.48676 1.48676 1.48676 1.48676 1.48676 1.33110 1.27856 1.27856 1.27856 1.27856 1.27856 1.27856 1.26129 1.20273 1.14238 1.08203 1.02171 0.985645 0.985323 0.985323 1.28128 1.55569 1.66005 2.42105 2.40055 2.37855 2.34436 2.31014 2.27591 2.25440 2.25408 2.25408 2.25408 2.25408 2.25408 2.25408 2.25408 2.25408 2.25408 2.20551 1.66415 1.65078 1.64244 1.64244 1.64244 1.60736 1.15027 1.14150 1.14150 1.14200 1.15895 1.18600 1.21321 1.23950 1.24948 1.25285 1.25865
2.36554 2.30907 2.07950 2.07643 2.07643 2.07643 2.07643 2.07643 1.86371 1.48676 1.48676 1.48676 1.48676 1.48676 1.39114 1.27856 1.26713 1.21120 1.15086 1.09057 1.03016 0.987082 0.985323 0.985323 0.985323 0.987276 1.00306 1.02154 1.04001 1.13237 1.39668 1.39999 2.17069 2.26636 2.25408 2.25408 2.25408 2.25408 2.25408 2.25408 2.25408 2.25408 2.25408 2.25408 2.25408 2.25408 2.25408 2.25408 2.25408 1.78461 1.65578 1.64244 1.64244 1.64244 1.64430 1.29482 1.18893 1.21613 1.24283 1.25309 1.25323 1.25323 1.25431 1.28625 1.33237 1.38042
