High_resolution/powerplant/Shangrao/OMI_NO2_200809.asc
ncols      200
nrows      200
xllcorner       115.451
yllcorner       27.0350
cellsize     0.0166667
NODATA_Value      -999.000
[rows 112 to 139 of 165, columns 126 to 188 of 200]
0.00000 0.00000 0.00000 0.00000 0.00000 0.00000 0.00000 0.00000 0.00000 0.00000 0.00000 0.00000 0.00000 0.00000 0.00000 0.00000 1.28680 1.28680 1.28680 1.28680 1.28680 1.28680 1.28680 1.28680 1.28680 1.28680 1.28680 1.28680 1.28680 1.22936 1.21855 1.31159 1.40287 1.40287 1.40287 1.40287 1.40287 1.40341 1.45727 1.46015 1.45604 1.45155 1.44704 1.44905 1.75675 1.77151 1.77151 1.77151 1.77151 1.77151 1.77151 1.77151 1.77151 1.77151 1.77151 1.77151 2.79643 2.33340 2.13783 1.75202 1.89973 1.91595 1.96562
0.00000 0.00000 0.00000 0.00000 0.00000 0.00000 0.00000 0.00000 0.00000 0.00000 0.00000 0.00000 0.00000 0.00000 0.00000 0.00000 1.28680 1.28680 1.28680 1.28680 1.28680 1.28680 1.28680 1.28680 1.28680 1.28680 1.28680 1.28680 1.28680 1.24304 1.21855 1.25376 1.40251 1.40008 1.39708 1.39408 1.39108 1.38808 1.41848 1.43048 1.43008 1.43008 1.43008 1.43008 1.64270 1.77151 1.77151 1.77151 1.77151 1.77151 1.77151 1.77151 1.77151 1.68535 1.35347 1.00648 2.79643 2.48567 2.30754 2.18698 2.40415 2.54517 2.60521
0.00000 0.00000 0.00000 0.00000 0.00000 0.00000 0.00000 0.00000 0.00000 0.00000 0.00000 0.00000 0.00000 0.00000 0.00000 0.00000 1.28680 1.28680 1.28680 1.28680 1.28680 1.28680 1.28680 1.28680 1.28680 1.28680 1.28680 1.28680 1.28680 1.25732 1.19703 1.19254 1.35808 1.38232 1.38232 1.38232 1.38232 1.38232 1.40381 1.43008 1.43008 1.43008 1.43008 1.43008 1.54883 1.77151 1.77151 1.77151 1.77151 1.73999 1.44991 1.10285 0.755728 0.494902 0.479658 0.479658 2.79643 2.79643 2.79643 2.79643 2.65250 2.60649 2.60649
0.00000 0.00000 0.00000 0.00000 0.00000 0.00000 0.00000 0.00000 0.00000 0.00000 0.00000 0.00000 0.00000 0.00000 0.00000 0.00000 1.28680 1.28680 1.28680 1.28680 1.28680 1.28680 1.28680 1.28680 1.28680 1.28680 1.28680 1.28680 1.28680 1.28370 1.19043 1.18773 1.30562 1.38232 1.38232 1.38232 1.38232 1.38232 1.39458 1.43008 1.43008 1.43008 1.43008 1.43008 1.48219 1.76764 1.54660 1.19935 0.852488 0.536758 0.479658 0.479658 0.479658 0.479658 0.479658 0.479658 2.79643 2.79643 2.79643 2.79643 2.69606 2.60649 2.60649
0.00000 0.00000 0.00000 0.00000 0.00000 0.00000 0.00000 0.00000 0.00000 0.00000 0.00000 0.00000 1.56808 1.56808 1.56808 1.56808 0.00000 1.28680 1.28680 1.28680 1.28680 1.28680 1.28680 1.28680 1.28680 1.28680 1.28680 1.28680 1.28680 1.28680 1.20465 1.18773 1.23874 1.38232 1.38232 1.38232 1.38232 1.38232 1.38669 1.43008 1.43008 1.43008 1.36439 1.19219 1.01741 0.617407 0.479658 0.479658 0.479658 0.479658 0.479658 0.479658 0.479658 0.479658 0.479658 0.479658 2.79643 2.79643 2.79643 2.79643 2.75937 2.60374 2.46394
0.00000 0.00000 0.00000 0.00000 0.00000 0.00000 1.56808 1.56808 1.56808 1.56808 1.56808 1.56808 1.56808 1.56808 1.56808 1.56808 0.00000 1.28680 1.28680 1.28680 1.28680 1.28680 1.28680 1.28680 1.28680 1.28680 1.28680 1.28680 1.28680 1.28680 1.22496 1.18773 1.18825 1.36540 1.38232 1.38232 1.38232 1.38232 1.36204 1.24223 1.06694 0.893380 0.785575 0.784154 0.784530 0.607536 0.512464 0.526033 0.538552 0.550111 0.560937 0.571144 0.580568 0.589414 0.597847 0.605715 2.79643 2.79643 2.63171 2.20415 1.77323 1.65262 1.47648
0.00000 1.56808 1.56808 1.56808 1.56808 1.56808 1.56808 1.56808 1.56808 1.56808 1.56808 1.56808 1.56808 1.56808 1.56808 1.56808 1.56808 1.28680 1.28680 1.28680 1.28680 1.28680 1.28680 1.28680 1.28680 1.28680 1.28680 1.28680 1.28680 1.28680 1.24076 1.16353 1.15957 1.32276 1.39644 1.28832 1.14113 0.987443 0.854057 0.811188 0.809145 0.810044 0.810909 0.811747 0.812406 0.755934 0.674352 0.674352 0.674352 0.674285 0.672201 0.669501 0.667119 0.665006 0.663116 0.661416 1.89633 1.46541 1.19905 1.19569 1.19569 1.19569 1.19569
0.00000 1.56808 1.56808 1.56808 1.56808 1.56808 1.56808 1.56808 1.56808 1.56808 1.56808 1.56808 1.56808 1.56808 1.56808 1.56808 1.56808 1.28680 1.28680 1.28680 1.28680 1.28680 1.28680 1.28680 0.00000 0.00000 0.00000 0.00000 0.00000 0.00000 1.08865 1.08865 1.08865 1.05478 0.824847 0.784154 0.784154 0.784154 0.784154 0.801222 0.812451 0.812451 0.812427 0.811452 0.809985 0.778574 0.664868 0.662991 0.661304 0.659810 0.659364 0.659364 0.659364 0.659364 0.659364 0.659364 1.19569 1.19569 1.19569 1.19569 1.19569 1.19569 1.19569
0.00000 1.56808 1.56808 1.56808 1.56808 1.56808 1.56808 1.56808 1.56808 1.56808 1.56808 1.56808 1.56808 1.56808 1.56808 1.56808 1.56808 0.00000 0.00000 0.00000 0.00000 0.00000 0.00000 0.00000 0.00000 0.00000 0.00000 0.00000 0.00000 0.00000 0.00000 1.08865 1.08865 1.08078 0.796758 0.784154 0.783004 0.780810 0.778606 0.788315 0.805822 0.804355 0.802914 0.802422 0.802422 0.797401 0.663312 0.659364 0.659364 0.659364 0.659364 0.659364 0.659364 0.659364 0.659364 0.659364 1.19569 1.19569 1.19569 1.19569 1.25168 1.39576 1.50257
0.00000 1.56808 1.56808 1.56808 1.56808 1.56808 1.56808 1.56808 1.56808 1.56808 1.56808 1.56808 1.56808 1.56808 1.56808 1.56808 1.56808 0.00000 0.00000 0.00000 0.00000 0.00000 0.00000 0.00000 0.00000 0.00000 0.00000 0.00000 0.00000 0.00000 0.00000 1.07902 1.07386 1.06946 0.841155 0.770160 0.769110 0.769110 0.769110 0.773299 0.802407 0.802422 0.802422 0.802422 0.802422 0.802422 0.694189 0.659364 0.659364 0.659364 0.659364 0.659364 0.657489 0.650555 0.643355 0.636150 1.19569 1.19569 1.19569 1.30400 1.67473 1.67595 1.67595
0.00000 0.00000 1.56808 1.56808 1.56808 1.56808 1.56808 1.56808 1.56808 1.56808 1.56808 1.56808 1.56808 1.56808 1.56808 1.56808 1.56808 1.56808 0.00000 0.00000 0.00000 0.00000 0.00000 0.00000 0.00000 0.00000 0.00000 0.00000 0.00000 0.00000 0.00000 1.05856 1.05856 1.05856 0.923161 0.769110 0.769110 0.769110 0.769110 0.769110 0.799617 0.802422 0.802422 0.802422 0.802422 0.802422 0.730178 0.659364 0.658668 0.652593 0.645388 0.638183 0.632856 0.632580 0.632580 0.632580 1.19569 1.19569 1.19569 1.19578 1.64152 1.67595 1.67595
0.00000 0.00000 1.56808 1.56808 1.56808 1.56808 1.56808 1.56808 1.56808 1.56808 1.56808 1.56808 1.56808 1.56808 1.56808 1.56808 1.56808 1.56808 0.00000 0.00000 0.00000 0.00000 0.00000 0.00000 0.00000 0.00000 0.00000 0.00000 0.00000 0.00000 0.00000 1.05856 1.05856 1.05856 1.03904 0.775591 0.769110 0.769110 0.769110 0.769110 0.794199 0.802422 0.802422 0.802422 0.802334 0.797684 0.754002 0.640216 0.633710 0.632580 0.632580 0.632580 0.632580 0.632580 0.632580 0.632580 1.19569 1.19569 1.19569 1.19569 1.55009 1.67595 1.67595
0.00000 0.00000 1.56808 1.56808 1.56808 1.56808 1.56808 1.56808 1.56808 1.56808 1.56808 1.56808 1.56808 1.56808 1.56808 1.56808 1.56808 0.00000 0.00000 0.00000 0.00000 0.00000 0.00000 0.00000 0.00000 0.00000 0.00000 0.00000 0.00000 0.00000 0.00000 0.00000 1.05856 1.05856 1.05856 0.824881 0.769110 0.769110 0.769110 0.769110 0.787867 0.799663 0.792515 0.785310 0.778194 0.775638 0.770803 0.636700 0.632580 0.632580 0.632580 0.633072 0.637450 0.642655 0.647909 0.653078 1.19569 1.19569 1.19569 1.19569 1.42164 1.74018 1.83510
0.00000 0.00000 0.00000 1.56808 1.56808 1.56808 1.56808 1.56808 1.56808 1.56808 0.00000 0.00000 0.00000 0.00000 0.00000 0.00000 0.00000 0.00000 0.00000 0.00000 0.00000 0.00000 0.00000 0.00000 0.00000 0.00000 0.00000 0.00000 0.00000 0.00000 1.38643 1.38643 1.13135 1.10620 1.11764 0.984025 0.854073 0.863660 0.866188 0.867942 0.863024 0.843174 0.848383 0.853576 0.858758 0.864035 0.869216 0.766739 0.736581 0.741751 0.746944 0.751718 0.752521 0.756349 0.767540 0.778925 1.19569 1.27178 1.45902 1.64746 1.84730 2.02431 2.02595
0.00000 0.00000 0.00000 0.00000 0.00000 0.00000 0.00000 0.00000 0.00000 0.00000 0.00000 0.00000 0.00000 0.00000 0.00000 0.00000 0.00000 0.00000 0.00000 1.38643 1.38643 1.38643 1.38643 1.38643 1.38643 1.38643 1.38643 1.38643 1.38643 1.38643 1.38643 1.38643 1.33920 1.22249 1.22249 1.19788 0.958095 0.948695 0.948098 0.948098 0.945333 0.896037 0.895580 0.895580 0.895580 0.895580 0.886724 0.815166 0.780063 0.791416 0.802801 0.814170 0.825539 0.833096 0.833266 0.833266 1.78235 1.89470 1.89568 1.89568 1.89568 2.00655 2.02595
0.00000 0.00000 0.00000 0.00000 0.00000 0.00000 0.00000 0.00000 0.00000 0.00000 0.00000 0.00000 0.00000 0.00000 0.00000 0.00000 0.00000 0.00000 0.00000 1.38643 1.38643 1.38643 1.38643 1.38643 1.38643 1.38643 1.38643 1.38643 1.38643 1.38643 1.38643 1.38643 1.38535 1.23010 1.22249 1.22249 1.00116 0.948098 0.948098 0.942383 0.919768 0.852196 0.819832 0.796164 0.772464 0.748747 0.733902 0.758702 0.833266 0.833266 0.833266 0.833266 0.833266 0.833266 0.833266 0.833266 1.89568 1.89568 1.89568 1.89568 1.89539 1.92187 1.92162
0.00000 0.00000 0.00000 0.00000 0.00000 0.00000 0.00000 0.00000 0.00000 0.00000 0.00000 0.00000 0.00000 0.00000 0.00000 0.00000 0.00000 0.00000 0.00000 1.38643 1.38643 1.38643 1.38643 1.38643 1.38643 1.38643 1.38643 1.38643 1.38643 1.38643 1.38643 1.38643 1.38481 1.22836 1.15047 1.11492 0.960787 0.828964 0.805296 0.787294 0.786210 0.753270 0.733691 0.733691 0.733691 0.733691 0.733691 0.736798 0.830131 0.833266 0.833266 0.833266 0.833266 0.833266 0.833295 0.855098 1.64721 1.57793 1.52111 1.47351 1.43316 1.44096 1.45083
0.00000 0.00000 0.00000 0.00000 0.00000 0.00000 0.00000 0.00000 0.00000 0.00000 0.00000 0.00000 0.00000 0.00000 0.00000 0.00000 0.00000 0.00000 0.00000 1.38643 1.38643 1.38643 1.38643 1.38643 1.38643 1.38636 1.37901 1.36910 1.36135 1.35511 1.34999 1.34570 1.34248 1.19426 0.979661 0.979661 0.948729 0.786675 0.786210 0.786210 0.786210 0.764256 0.733691 0.733691 0.733691 0.733691 0.733691 0.733691 0.808123 0.833266 0.833266 0.844637 0.888220 0.943138 1.01187 1.05025 1.41740 1.41740 1.41740 1.41740 1.41740 1.41738 1.41151
0.00000 0.00000 0.00000 0.00000 0.00000 0.00000 0.00000 0.00000 0.00000 0.00000 0.00000 0.00000 0.00000 0.00000 0.00000 0.00000 0.00000 0.00000 0.00000 1.29767 1.36885 1.36418 1.35741 1.35189 1.34730 1.34344 1.34205 1.34205 1.34205 1.34205 1.34205 1.34205 1.34205 1.28617 0.979661 0.979661 0.979661 0.814454 0.786210 0.786210 0.786210 0.775139 0.733691 0.733691 0.733691 0.733691 0.733691 0.737103 0.819810 0.926575 0.990989 1.04765 1.05025 1.05025 1.05025 1.05025 1.41740 1.41740 1.41740 1.41740 1.41740 1.41740 1.41290
0.00000 0.00000 0.00000 0.00000 0.00000 0.00000 0.00000 0.00000 0.00000 0.00000 0.00000 0.00000 1.43215 1.43215 1.43215 1.43215 1.43215 1.43215 1.43215 1.35337 1.32846 1.34205 1.34205 1.34205 1.34205 1.34205 1.34205 1.34205 1.34205 1.34205 1.34205 1.34205 1.34205 1.34151 1.01610 0.979661 0.979661 0.866826 0.786210 0.786210 0.786210 0.784776 0.735037 0.734272 0.755895 0.793582 0.840137 0.891773 0.937418 1.05025 1.05025 1.05025 1.05025 1.05025 1.05025 1.05025 1.41740 1.41740 1.41740 1.41740 1.41740 1.41740 1.41464
0.00000 0.00000 0.00000 0.00000 0.00000 0.00000 1.43215 1.43215 1.43215 1.43215 1.43215 1.43215 1.43215 1.43215 1.43215 1.43215 1.43215 1.43215 1.43215 1.38838 1.31920 1.34205 1.34205 1.34205 1.34205 1.34205 1.34205 1.34205 1.34205 1.34205 1.34205 1.34205 1.34205 1.34205 1.10750 0.979661 0.975505 0.904892 0.744235 0.723351 0.714504 0.722870 0.777319 0.844128 0.858715 0.854018 0.849288 0.844536 0.843961 0.979217 0.979718 0.975021 0.970269 0.965539 0.960842 0.956079 1.41740 1.41740 1.41740 1.41579 1.36884 1.30131 1.23942
2.35794 2.35794 2.35794 2.35794 2.35794 1.63065 1.43215 1.43215 1.43215 1.43215 1.43215 1.43215 1.43215 1.43215 1.43215 1.43215 1.43215 1.41174 1.36692 1.31750 1.19265 1.18852 1.15720 1.12618 1.09492 1.06384 1.03264 1.00150 0.970294 0.939154 0.908014 0.876812 0.845672 0.814470 0.640680 0.389739 0.362817 0.359349 0.365822 0.362254 0.359363 0.359343 0.612526 0.792146 0.792146 0.792146 0.792146 0.792146 0.792146 0.903035 0.946631 0.952767 0.960007 0.968673 0.979206 0.992293 1.38332 1.31633 1.25839 1.20395 1.18862 1.19044 1.19220
2.32354 2.17457 2.09622 2.02498 1.95962 1.52917 1.18334 1.15878 1.13611 1.11519 1.09567 1.07741 1.06046 1.04456 1.02952 1.01549 1.00228 0.994858 0.994858 0.994858 0.940186 0.742943 0.721732 0.721732 0.721732 0.721732 0.721732 0.721732 0.721732 0.721732 0.721732 0.721732 0.721732 0.721732 0.670775 0.359343 0.359343 0.359343 0.359343 0.359343 0.359343 0.359343 0.522204 0.790620 0.788783 0.786947 0.785111 0.783277 0.781441 0.855119 1.01139 1.01139 1.01139 1.01139 1.01139 1.01139 1.17688 1.20816 1.20816 1.20816 1.20816 1.20816 1.20816
2.14087 1.45775 1.45775 1.45775 1.45775 1.32824 0.994858 0.994858 0.994858 0.994858 0.994858 0.994858 0.994858 0.994858 0.994858 0.994858 0.994858 0.994858 0.994858 0.994858 0.957406 0.786706 0.721732 0.721732 0.721732 0.721732 0.721732 0.721732 0.721732 0.721732 0.721732 0.721732 0.721732 0.721732 0.721623 0.400440 0.358074 0.356238 0.354405 0.352567 0.350732 0.348895 0.419888 0.779555 0.779555 0.779555 0.779555 0.779555 0.779555 0.811169 1.01139 1.01139 1.01139 1.01139 1.01139 1.01139 1.16685 1.20371 1.18645 1.16628 1.14608 1.13604 1.15183
2.35435 1.49536 1.45775 1.45775 1.45775 1.43725 1.00506 0.994858 0.994858 0.994858 0.994858 0.994858 0.994858 0.994858 0.994858 0.994858 0.994858 0.994858 0.994858 0.994858 0.974646 0.830503 0.721732 0.721732 0.721732 0.721732 0.721732 0.721732 0.721732 0.738550 0.788799 0.839994 0.891156 0.942317 0.993478 0.599149 0.346752 0.346752 0.346752 0.346752 0.346752 0.346752 0.350940 0.757780 0.779555 0.779555 0.779555 0.779555 0.779555 0.782561 0.994506 1.01139 1.01139 1.01017 0.955367 0.896290 0.993942 1.09571 1.14413 1.17583 1.20401 1.22287 1.22382
2.35794 1.61282 1.45775 1.45775 1.45775 1.45775 1.10381 0.994858 0.994858 0.994858 0.994858 0.994858 0.994858 0.994858 0.994858 0.994858 0.994858 0.994858 0.994858 0.994858 0.990944 0.875239 0.726021 0.768233 0.819395 0.870590 0.921751 0.972912 1.02414 1.05852 1.05943 1.05943 1.05943 1.05943 1.05943 0.786831 0.346752 0.346752 0.346752 0.346752 0.346752 0.346752 0.346752 0.671717 0.779555 0.779555 0.779555 0.779555 0.779555 0.779555 0.893929 0.910335 0.865637 0.833865 0.824482 0.824482 1.19511 1.21527 1.22382 1.22382 1.22382 1.22382 1.22382
2.35794 1.76522 1.45775 1.45775 1.45775 1.45775 1.22302 0.994858 0.994858 0.994858 0.994858 0.994858 0.994858 0.994858 0.994858 0.994858 0.990181 0.977468 0.964639 0.951810 0.938973 1.13476 1.05225 1.05943 1.05943 1.05943 1.05943 1.05943 1.05943 1.05943 1.05943 1.05943 1.05943 1.05943 1.05943 0.966405 0.346752 0.346752 0.346752 0.346752 0.346752 0.346752 0.346752 0.581526 0.779555 0.779555 0.776186 0.761250 0.748297 0.737796 0.768131 0.824482 0.824482 0.824482 0.824482 0.824482 1.20080 1.20797 1.21318 1.20471 1.19667 1.18906 1.18188
2.35794 1.96929 1.45775 1.45775 1.45775 1.45775 1.34226 0.994858 0.994858 0.994439 0.985152 0.972307 0.959470 0.946633 0.933796 0.920975 0.912806 0.912675 0.912675 0.912675 0.912675 1.10090 1.09368 1.05943 1.05943 1.05943 1.05943 1.05943 1.05943 1.05943 1.05943 1.05943 1.05943 1.05943 1.05943 1.05943 0.432921 0.346752 0.346752 0.346752 0.346752 0.346752 0.349055 0.509230 0.747282 0.734522 0.725453 0.722946 0.721030 0.719140 0.731750 0.799143 0.796315 0.793480 0.790605 0.787751 1.13091 1.13146 1.15894 1.15894 1.15894 1.15894 1.15117
