High_resolution/powerplant/Shangrao/OMI_NO2_200805.asc
ncols      200
nrows      200
xllcorner       115.451
yllcorner       27.0350
cellsize     0.0166667
NODATA_Value      -999.000
[rows 58 to 86 of 175, columns 67 to 133 of 200]
2.29901 2.29901 2.28897 2.25165 2.21135 2.11622 2.13850 2.13934 2.13934 2.13934 2.13934 2.13934 2.13934 2.13934 2.13934 2.17695 2.16747 2.07824 2.00390 1.94394 1.93523 1.92027 1.88393 1.86942 1.93159 1.93583 1.93583 1.91958 1.94427 1.92235 1.88519 1.93940 1.93056 1.89112 1.72207 1.58188 1.50968 1.45652 1.45168 1.45168 1.61942 1.68440 1.55190 1.54713 1.54713 1.54713 1.54589 1.53456 1.53451 1.65394 1.75703 1.75703 1.75703 1.75703 1.79497 2.10873 2.11465 2.11875 2.09672 2.14154 2.18460 2.15528 2.02934 1.98682 1.98682 1.98286 1.93414
2.21592 2.17707 2.14825 2.14672 2.14672 2.12558 2.13934 2.13934 2.13934 2.13934 2.13934 2.13934 2.13934 2.13934 2.13934 2.15372 2.18136 2.04712 1.98698 1.88420 1.87851 1.87851 1.85587 1.84993 1.92267 1.93587 1.95516 1.95541 1.88563 1.89997 1.89501 1.82220 1.69312 1.66612 1.58106 1.45168 1.45168 1.45168 1.45168 1.45168 1.56636 1.68991 1.58734 1.54713 1.54713 1.54713 1.54713 1.53673 1.53451 1.58680 1.75703 1.76005 1.76729 1.77495 1.79557 2.02892 2.04948 2.01749 2.01166 2.03844 2.15261 2.14018 2.00410 1.85583 1.79454 1.73716 1.72458
2.14681 2.14672 2.14672 2.14672 2.14672 2.12643 2.13891 2.13934 2.13934 2.13934 2.13899 2.12899 2.11461 2.10022 2.08583 2.07603 2.14249 2.02956 1.99694 1.88217 1.88852 1.91682 1.93302 1.95561 2.03826 2.09370 2.06274 2.01290 1.82990 1.82391 1.82333 1.80438 1.66429 1.66421 1.62587 1.45168 1.45168 1.45168 1.45168 1.45168 1.51806 1.68991 1.62831 1.54713 1.54713 1.54713 1.54918 1.54924 1.55089 1.56076 1.77853 1.81987 1.83967 1.85905 1.86546 1.93378 2.01166 1.98607 1.92499 1.86423 1.92928 1.89441 1.85598 1.73304 1.76126 1.79053 1.81971
2.28482 2.19874 2.20168 2.20462 2.20756 2.20355 2.17853 2.17905 2.16713 2.15518 2.14359 2.14166 2.14413 2.14656 2.14902 2.16084 2.24284 2.21530 2.19807 2.10495 2.11837 2.10573 2.03184 1.92820 1.90378 1.93772 1.93732 1.93732 1.83493 1.82462 1.82864 1.83528 1.71288 1.70103 1.71020 1.50707 1.50603 1.51631 1.52661 1.53687 1.56561 1.69275 1.68837 1.56233 1.56961 1.57688 1.58573 1.60062 1.61132 1.63110 1.78340 1.86546 1.86436 1.82305 1.76177 1.72248 1.78533 1.75142 1.76074 1.77117 1.86885 1.93296 1.94253 1.90315 1.90045 1.90045 1.90045
2.51474 2.24725 2.24725 2.24725 2.24725 2.24725 2.15717 2.15760 2.15760 2.15834 2.17358 2.19438 2.22134 2.25515 2.28878 2.31312 2.37621 2.38687 2.28828 2.15622 2.08091 2.07027 2.06528 2.00940 2.02652 2.12094 2.14049 2.15553 2.10343 2.01875 2.03747 2.04342 1.95219 1.88448 1.88448 1.72188 1.65941 1.67030 1.68550 1.70070 1.71591 1.77163 1.78016 1.62644 1.61812 1.63789 1.65403 1.65508 1.64675 1.68068 1.73465 1.68428 1.63270 1.62306 1.63348 1.64391 1.77622 1.80916 1.81005 1.81005 1.85717 1.95100 1.95100 1.91702 1.90045 1.90045 1.90045
2.79077 2.36002 2.37551 2.39099 2.41071 2.44909 2.39441 2.37317 2.39307 2.41211 2.41674 2.41575 2.40855 2.37613 2.32308 2.27004 2.23368 2.31926 2.37489 2.28197 2.18380 2.18380 2.18147 2.11678 2.11575 2.17420 2.20165 2.20165 2.19555 2.02820 2.04361 2.04361 2.00117 1.90279 1.91548 1.82324 1.72608 1.73039 1.73039 1.73855 1.75435 1.80813 1.84776 1.74013 1.66208 1.69943 1.72920 1.75239 1.81729 1.85449 1.85334 1.66700 1.66385 1.66385 1.66385 1.66385 1.73939 1.81005 1.81005 1.81005 1.81909 1.94882 1.95100 1.93055 1.90045 1.90045 1.90045
3.19860 2.48461 2.48098 2.48930 2.49337 2.47882 2.42959 2.33428 2.34276 2.32293 2.28371 2.24449 2.20525 2.18457 2.18456 2.18456 2.18456 2.29004 2.37115 2.32261 2.18380 2.18380 2.18380 2.12925 2.11575 2.14918 2.20165 2.20482 2.21907 2.09770 2.08345 2.09613 2.09507 1.94728 1.94401 1.89083 1.74970 1.76552 1.78133 1.78898 1.79245 1.83943 1.90182 1.86917 1.74484 1.73073 1.72422 1.72422 1.79564 1.87634 1.87634 1.72079 1.66385 1.66385 1.66385 1.66385 1.69308 1.81005 1.81005 1.81005 1.81005 1.91774 1.95100 1.94411 1.89687 1.88765 1.87728
3.29295 2.64425 2.46946 2.46946 2.46946 2.48420 2.51471 2.30972 2.20394 2.18456 2.18456 2.18456 2.18456 2.18456 2.18456 2.18456 2.18456 2.25584 2.35611 2.36231 2.18472 2.18380 2.18540 2.18802 2.22694 2.29035 2.26063 2.27214 2.27309 2.19267 2.09761 2.10434 2.11535 2.00796 1.98110 1.96636 1.77298 1.79051 1.80909 1.82767 1.84276 1.86193 1.92111 1.91435 1.73159 1.72422 1.72422 1.72422 1.75466 1.87634 1.87634 1.78427 1.66385 1.66385 1.66385 1.66385 1.66423 1.79257 1.81019 1.82465 1.84901 1.90791 1.93812 1.92969 1.86523 1.85631 1.85631
3.29295 2.86998 2.51293 2.54412 2.57529 2.59171 2.59172 2.40782 2.18456 2.18456 2.18456 2.18456 2.18456 2.18456 2.18456 2.18456 2.18456 2.22243 2.35714 2.44372 2.33473 2.35884 2.41037 2.41783 2.40576 2.40576 2.29855 2.27309 2.27309 2.25678 2.10743 2.12510 2.13187 2.06648 1.99491 2.02106 1.87769 1.84390 1.84390 1.84390 1.84390 1.84827 1.92076 1.92111 1.78132 1.72422 1.72422 1.72422 1.72543 1.86457 1.87634 1.84772 1.66391 1.66385 1.67124 1.68858 1.71534 1.85599 1.92577 1.93164 1.92422 1.92370 1.92370 1.92370 1.91348 1.98104 2.07749
3.39636 3.19279 2.59172 2.59172 2.59172 2.59172 2.59172 2.51756 2.20058 2.18456 2.18456 2.18456 2.18456 2.18777 2.22960 2.28267 2.33577 2.39558 2.56283 2.61656 2.49512 2.42547 2.42547 2.42027 2.39407 2.38227 2.30167 2.22613 2.23461 2.26312 2.18614 2.19991 2.21320 2.17628 2.03861 2.03861 1.92577 1.84390 1.84390 1.84390 1.84390 1.84390 1.90772 1.92111 1.83784 1.72422 1.72422 1.72422 1.72422 1.83280 1.91375 1.94617 1.76947 1.80344 1.90284 1.98580 2.06018 2.03555 1.92370 1.92399 1.97939 2.07581 2.17242 2.26892 2.31259 2.26974 2.27219
3.39992 3.34602 2.61479 2.56995 2.56778 2.56561 2.56345 2.55071 2.23726 2.17709 2.22813 2.27942 2.33072 2.37882 2.38827 2.38647 2.38468 2.38287 2.47268 2.55432 2.46270 2.34080 2.32913 2.31925 2.36236 2.39711 2.40108 2.33290 2.34692 2.34692 2.27458 2.21093 2.21320 2.21126 2.04837 2.03229 1.96288 1.84374 1.84011 1.83518 1.83023 1.82528 1.87872 1.92111 1.89212 1.74742 1.76990 1.79515 1.82372 1.95549 2.16185 2.24478 2.17463 2.07257 2.07257 2.07885 2.15583 2.25038 2.21195 2.29608 2.33420 2.30937 2.28010 2.25086 2.22530 2.34644 2.36103
3.35247 3.33990 2.72150 2.51692 2.52074 2.57022 2.62871 2.68250 2.52307 2.36363 2.36389 2.36389 2.36368 2.35938 2.35352 2.34766 2.34179 2.33573 2.37008 2.46098 2.44104 2.34003 2.36197 2.38275 2.42407 2.42389 2.41316 2.28272 2.26391 2.25482 2.23394 2.10830 2.11367 2.10627 1.98542 1.92264 1.89374 1.74468 1.74336 1.74282 1.73524 1.72550 1.78118 1.87443 1.86475 1.86214 1.93466 2.01758 2.10051 2.17718 2.35583 2.34889 2.27556 2.27970 2.37500 2.44333 2.43374 2.40450 2.28384 2.19753 2.17223 2.16636 2.16636 2.16636 2.16636 2.32315 2.36246
3.38359 3.34793 2.98764 2.64584 2.67716 2.67177 2.65567 2.63877 2.52551 2.20707 2.17649 2.14229 2.10733 2.07636 2.04687 2.01818 2.00848 2.00782 2.03823 2.22144 2.29442 2.30018 2.29949 2.29949 2.31733 2.32938 2.32938 2.24323 2.19671 2.19671 2.19671 2.09715 2.08802 2.08802 2.01983 1.90915 1.89995 1.73150 1.70899 1.69981 1.69765 1.69958 1.76987 1.97459 2.03680 2.11662 2.15307 2.14197 2.10449 2.05653 2.15716 2.12202 2.09348 2.32900 2.32269 2.31489 2.30934 2.30290 2.26209 2.18105 2.17616 2.16636 2.16636 2.16636 2.16636 2.27080 2.36246
3.34768 3.12274 2.93525 2.41092 2.38998 2.37068 2.35143 2.33313 2.29284 1.97031 1.89975 1.89949 1.92002 1.94861 1.97720 2.00516 2.01405 2.01405 2.01502 2.16800 2.28990 2.29753 2.29949 2.29949 2.31138 2.32938 2.32938 2.28166 2.19671 2.19671 2.19417 2.12063 2.06954 2.06187 2.03322 1.87546 1.87534 1.75403 1.72179 1.77154 1.82132 1.86914 1.88812 2.07424 2.03843 2.00308 1.96861 1.92483 1.90742 1.90053 1.97299 2.02495 2.03356 2.21194 2.29891 2.29413 2.29297 2.29297 2.28963 2.18701 2.18014 2.16648 2.16636 2.16636 2.16636 2.21852 2.36255
3.12862 2.83420 2.76406 2.34864 2.29353 2.29353 2.29353 2.29220 2.25836 2.01813 1.97829 2.00599 2.01405 2.01405 2.01405 2.01405 2.01405 2.01405 2.01405 2.10140 2.28990 2.29535 2.29949 2.29949 2.30584 2.32681 2.29368 2.24235 2.16818 2.15856 2.15137 2.13618 2.03984 2.04993 2.05984 1.95207 1.96621 1.93891 1.87326 1.85030 1.81739 1.78446 1.75155 1.86540 1.90508 1.90498 1.90078 1.90053 1.90771 1.93243 1.98681 2.06998 2.07526 2.14863 2.29297 2.29297 2.29297 2.29297 2.29297 2.21909 2.18132 2.17044 2.16636 2.17060 2.17993 2.19575 2.38804
3.16078 2.81886 2.81061 2.43514 2.26201 2.21408 2.16623 2.11963 2.10557 2.00912 2.01339 2.01405 2.01405 2.01405 2.01405 2.01405 2.01405 2.01405 2.01405 2.05215 2.27159 2.27887 2.25017 2.21512 2.18034 2.14658 2.13766 2.13766 2.14810 2.15100 2.15100 2.15100 2.11155 2.15605 2.17739 2.05904 1.95860 1.89250 1.74054 1.73054 1.73054 1.73054 1.73054 1.82520 1.90696 1.92380 1.94610 1.96819 1.98125 1.98195 1.98729 2.07372 2.07526 2.08795 2.28833 2.29297 2.29297 2.29297 2.29297 2.25597 2.19018 2.19338 2.19686 2.20197 2.20198 2.20198 2.34564
3.15063 2.79257 2.69218 2.39335 2.10557 2.10557 2.10557 2.10557 2.10557 2.05581 1.99208 2.01405 2.01405 2.01405 2.01405 2.01405 2.01027 1.98020 1.94518 1.92118 2.09206 2.13162 2.13972 2.13972 2.13972 2.13802 2.13664 2.12695 2.12185 2.11691 2.10387 2.07188 2.05784 2.09474 2.07596 2.02035 1.90275 1.89471 1.73261 1.73054 1.73076 1.74680 1.77056 1.84731 1.96695 1.96931 1.97388 1.98195 1.98195 1.98195 1.98195 2.06698 2.12383 2.15828 2.34225 2.42489 2.33803 2.29950 2.30283 2.29987 2.21058 2.20734 2.20045 2.16134 2.10611 2.05089 2.08709
2.95853 2.74287 2.62792 2.49579 2.12060 2.10642 2.10679 2.10715 2.10752 2.10382 1.97442 2.01710 1.99913 1.96443 1.92976 1.89506 1.86419 1.85954 1.85991 1.86027 2.02112 2.13302 2.13253 2.12387 2.11451 2.09394 2.07403 2.05114 2.02732 2.01138 1.98620 1.98001 1.98365 2.06182 2.07020 2.06216 1.90650 1.90779 1.80688 1.82603 1.87109 1.90301 1.92852 1.97952 2.14980 2.17539 2.20682 2.28919 2.31664 2.34326 2.36895 2.42239 2.46182 2.46448 2.54311 2.64370 2.46551 2.30533 2.29965 2.26292 2.15198 2.08282 1.99428 1.96526 1.96519 1.96485 1.89652
2.97257 2.82736 2.64035 2.56998 2.20508 2.11826 2.11826 2.11071 2.05559 1.99213 1.86998 1.88367 1.86698 1.86698 1.86698 1.86649 1.85405 1.83656 1.81904 1.80153 1.89719 2.08956 2.09473 2.07954 2.05605 2.01589 1.96492 1.95485 1.95049 1.95810 1.95487 1.95042 1.94598 2.00601 2.03443 2.04487 1.94009 1.90862 2.02074 2.09721 2.09541 2.09361 2.09142 2.08843 2.28691 2.29341 2.28857 2.36687 2.38641 2.38906 2.39173 2.41138 2.46992 2.46992 2.50476 2.60066 2.45643 2.16820 2.13243 2.12768 2.08863 2.03025 1.98021 1.86431 1.80482 1.75348 1.72998
2.97376 2.90575 2.64061 2.59860 2.19610 1.96618 1.90867 1.86254 1.86395 1.87378 1.85313 1.88902 1.89548 1.88772 1.88064 1.88342 1.90120 1.92412 1.94506 1.94957 1.99367 2.16527 2.05742 1.95302 1.95069 1.93667 1.89242 1.89240 1.89240 1.90078 1.90574 1.90574 1.90574 1.94440 2.00831 2.02743 1.97034 1.89588 1.96432 2.08214 2.07798 2.07383 2.07005 2.06937 2.22659 2.28728 2.28950 2.34373 2.39525 2.39527 2.41269 2.45225 2.55971 2.60247 2.62887 2.52274 2.45938 2.12742 2.12509 2.11291 2.09042 1.98978 1.93120 1.73374 1.73374 1.73374 1.73374
2.83614 2.75647 2.54394 2.51194 2.29353 2.02615 2.02571 2.02128 2.01691 2.01250 2.00406 2.00586 2.06389 2.07840 2.09995 2.09771 2.07017 2.02735 2.00710 2.00335 2.00885 2.14737 2.09546 1.94803 1.94803 1.94505 1.89265 1.89240 1.89240 1.89694 1.90574 1.90574 1.90574 1.91239 1.99824 2.00656 1.99571 1.87803 1.90367 2.06937 2.06945 2.07089 2.07279 2.07470 2.18652 2.29330 2.31253 2.36989 2.49270 2.52975 2.54935 2.54799 2.60383 2.62955 2.62908 2.55233 2.48213 2.13042 2.07920 2.07808 2.07808 2.00293 1.98005 1.76266 1.73374 1.73374 1.73374
2.70768 2.63067 2.50057 2.43082 2.25346 2.07594 2.07698 2.09019 2.10292 2.11524 2.12836 2.11494 2.13591 2.12657 2.11118 2.10829 2.08133 2.00335 2.00335 2.00335 2.00335 2.11181 2.13884 1.94852 1.94803 1.94803 1.90135 1.89240 1.89252 1.89440 1.89437 1.88828 1.88246 1.87855 1.95899 1.98617 2.01626 1.88786 1.87962 2.05738 2.07592 2.07667 2.09594 2.12238 2.21831 2.40822 2.41986 2.42281 2.54072 2.54729 2.54729 2.54193 2.56565 2.60290 2.59273 2.55955 2.46228 2.21534 2.07808 2.07808 2.07808 2.03351 1.98079 1.83995 1.73374 1.73280 1.70391
2.56461 2.51790 2.40355 2.38250 2.32420 2.18499 2.16119 2.17143 2.18416 2.19691 2.20837 2.17839 2.11125 2.10829 2.10829 2.10829 2.10327 2.00494 2.00335 2.00335 2.00335 2.07075 2.15460 1.97666 1.94852 1.94949 1.91611 1.89648 1.89753 1.89770 1.88300 1.87844 1.87844 1.87844 1.92909 1.99167 2.01836 1.93493 1.90579 2.06507 2.15168 2.17784 2.18502 2.18502 2.21113 2.41979 2.41979 2.41754 2.49183 2.52376 2.51312 2.50784 2.52011 2.59010 2.59010 2.58837 2.47166 2.30284 2.07808 2.07808 2.07808 2.06405 1.95877 1.85411 1.62820 1.58737 1.57449
2.74406 2.64219 2.45023 2.40584 2.39507 2.23954 2.20783 2.21032 2.21032 2.21032 2.21032 2.19722 2.12276 2.10829 2.10829 2.10829 2.10829 2.02732 2.00335 2.00350 2.00438 2.03176 2.15751 2.02447 1.95244 1.95244 1.92932 1.89770 1.89770 1.89795 1.89170 1.88516 1.88872 1.89215 1.91116 2.07447 2.11505 2.08668 1.99206 2.08116 2.18502 2.18502 2.18502 2.18435 2.17827 2.38037 2.39390 2.38728 2.43176 2.50784 2.50784 2.50784 2.50787 2.58017 2.59010 2.58996 2.49392 2.35187 2.12674 2.12474 2.12211 2.11954 1.99887 1.98852 1.81273 1.81642 1.82279
2.81228 2.68408 2.56229 2.44570 2.44553 2.28652 2.21173 2.21032 2.21032 2.21032 2.21032 2.20989 2.14044 2.10874 2.10955 2.11085 2.11248 2.06063 2.01205 2.01381 2.01484 2.01630 2.15270 2.07871 1.96438 1.96825 1.95733 1.90972 1.91329 1.91644 1.91269 1.89609 1.89516 1.89437 1.89437 2.09237 2.14385 2.13451 1.99211 2.03740 2.18026 2.17265 2.16706 2.17129 2.17789 2.34108 2.42357 2.43110 2.34429 2.33916 2.31024 2.28027 2.24929 2.27703 2.28131 2.23002 2.13971 2.02508 2.24155 2.24421 2.24421 2.24011 2.15288 2.06860 1.92880 1.83920 1.83616
2.84684 2.72349 2.64246 2.47386 2.46658 2.35125 2.24847 2.23364 2.23444 2.23524 2.23574 2.23490 2.19514 2.13968 2.13942 2.13975 2.13975 2.11222 2.04011 2.04162 2.04371 2.04581 2.14565 2.15944 2.00103 2.00090 1.99500 1.91552 1.91438 1.91361 1.91634 1.92117 1.94544 1.97216 2.02547 2.19622 2.35157 2.37689 2.27108 2.28578 2.22011 2.23188 2.24600 2.25138 2.25963 2.32035 2.39285 2.41419 2.32667 2.14276 2.13475 2.12037 2.09806 2.11088 2.15846 2.15505 2.14512 1.98831 2.17774 2.20291 2.18629 2.16762 2.12760 2.00426 1.93201 1.80624 1.83043
2.83984 2.74286 2.69763 2.49669 2.47334 2.39734 2.27062 2.23533 2.23342 2.23136 2.22956 2.22937 2.20944 2.14764 2.13595 2.13555 2.13517 2.12868 2.03458 2.02537 2.00970 1.99394 2.06469 2.22983 2.20611 2.22989 2.26238 2.27461 2.30889 2.34496 2.37694 2.38075 2.38421 2.51715 2.56981 2.58497 2.68685 2.65593 2.52164 2.46183 2.34615 2.32248 2.34078 2.35909 2.37737 2.41256 2.47098 2.46539 2.40694 2.11228 2.06017 2.05223 2.05237 2.06917 2.17660 2.18567 2.18463 1.94931 2.03240 2.12175 2.10994 2.09900 2.08447 1.94822 1.91707 1.90432 1.90396
2.83993 2.76579 2.74825 2.53047 2.46758 2.43052 2.25649 2.19531 2.18627 2.17274 2.15916 2.14568 2.13113 2.07172 2.03697 2.02572 2.01455 2.00256 1.91223 1.90534 1.92248 1.93919 2.00908 2.36896 2.40070 2.41314 2.41396 2.41333 2.41297 2.41297 2.41297 2.40784 2.39692 2.48272 2.56981 2.56933 2.67593 2.70786 2.60130 2.51684 2.45736 2.39497 2.39497 2.39285 2.38124 2.37356 2.42510 2.41591 2.41458 2.14615 2.14021 2.21495 2.28953 2.35577 2.19267 2.12572 2.12554 1.98585 1.91955 2.07466 2.06035 2.05133 2.05119 1.97240 1.91219 1.90661 1.90396
2.82487 2.74963 2.65942 2.46827 2.33853 2.35343 2.29300 2.08015 2.05046 2.04982 2.04794 2.04604 2.04413 2.01811 1.97694 1.97457 1.97226 1.97071 1.98855 2.00180 2.00180 2.00180 2.00258 2.34216 2.40241 2.41396 2.41396 2.41352 2.41297 2.41297 2.41297 2.41579 2.42137 2.48643 2.63672 2.65807 2.72682 2.77282 2.69616 2.53902 2.48462 2.37219 2.35943 2.34957 2.37328 2.41483 2.53132 2.59381 2.64325 2.52043 2.45464 2.45539 2.45539 2.45469 2.26458 2.09369 2.07580 2.01479 1.80273 2.05119 2.05119 2.05119 2.05119 2.01630 1.91219 1.90919 1.90396
