High_resolution/powerplant/Shangrao/OMI_NO2_200601.asc
ncols      200
nrows      200
xllcorner       115.451
yllcorner       27.0350
cellsize     0.0166667
NODATA_Value      -999.000
[rows 58 to 86 of 182, columns 0 to 66 of 200]
4.53644 4.82553 4.94972 4.86395 4.65147 4.74462 4.83770 4.90308 4.90551 4.90551 4.34457 4.24729 4.24980 4.29574 4.30274 4.33052 4.28515 4.11808 4.15389 4.14399 4.11233 4.10861 4.10861 4.10861 4.10861 4.10861 4.10861 4.10861 4.10861 4.10861 6.27981 9.73932 9.75160 10.3193 10.3002 10.2971 10.2971 10.2971 10.2971 10.2971 10.2971 10.2971 10.2971 10.2971 10.2971 10.2805 6.89177 6.14269 6.02812 5.64225 5.80283 6.45538 6.81293 6.81293 6.81872 6.87686 6.94751 7.01828 7.08897 7.15970 7.20076 6.97720 6.18026 6.18026 6.02652 5.57040 5.52068
5.37600 5.53664 5.53664 5.46208 4.90683 4.92741 4.97743 5.02757 5.07189 5.07137 4.69772 4.44252 4.42707 4.36808 4.34800 4.37309 4.40757 4.24266 4.22749 4.11371 4.10861 4.10861 4.10861 4.10861 4.10861 4.10861 4.10861 4.10861 4.10861 4.10861 4.88623 9.73932 9.73932 10.1621 10.3132 10.2971 10.2971 10.2971 10.2971 10.2971 10.2971 10.2971 10.2971 10.2971 10.2971 10.2971 7.78171 6.29753 6.06856 5.72340 5.94029 6.34665 7.02794 7.06262 7.09134 7.06783 7.03165 6.99550 6.95941 6.92323 6.89675 6.88180 6.21312 6.14219 5.95352 5.31850 5.04501
5.31663 5.53664 5.53664 5.52236 5.22605 5.16396 5.10414 5.04429 4.99030 4.98104 4.74091 4.34800 4.34800 4.34800 4.34800 4.35757 4.40979 4.29085 4.23017 4.14143 4.10861 4.10861 4.10861 4.10861 4.10861 4.10861 4.10861 4.10861 4.10861 4.10861 4.11086 9.11994 9.73932 9.99159 10.3267 10.2971 10.2971 10.2971 10.2971 10.2971 10.2971 10.2971 10.2963 10.1649 9.88737 9.60021 7.91061 5.90851 5.50763 5.55893 5.94446 5.94752 6.85674 6.89542 6.89542 6.89542 6.89542 6.89287 6.88273 6.82798 6.70382 6.57868 5.86861 5.49484 5.46771 5.02814 4.78587
5.02954 5.26609 5.19711 5.13155 5.03109 4.98104 4.98104 4.98104 4.98104 4.98104 4.86454 4.34800 4.34800 4.34800 4.34800 4.34811 4.40381 4.34131 4.23017 4.17182 4.10861 4.10861 4.10861 4.10861 4.10861 4.10861 4.10861 4.10861 4.10861 4.10861 4.10861 7.72859 9.73932 9.82118 10.3216 10.1047 9.89776 9.69081 9.44563 9.15856 8.87139 8.58436 8.29862 8.14294 8.13325 8.13325 7.65504 5.63104 5.38033 5.39213 5.81042 5.86657 6.57492 6.84265 6.83194 6.76119 6.63614 6.51371 6.39562 6.31848 6.31069 6.30398 5.91370 5.43859 5.43859 5.18932 4.78602
0.00000 5.12975 5.12509 5.12509 5.06760 4.98104 4.98104 4.98104 4.98104 4.98104 4.96466 4.36560 4.34800 4.34800 4.34800 4.34800 4.38863 4.39124 4.23067 4.20251 4.10861 4.10861 4.10861 4.10861 4.10861 4.10861 4.10950 4.11482 4.12074 4.12665 4.13257 5.94861 8.44847 8.31602 8.47818 8.33735 8.25511 8.17524 8.13325 8.13325 8.13239 8.12949 8.12652 8.12355 8.12058 8.11761 8.08992 5.76436 5.44283 5.32947 5.66389 5.95079 6.36654 6.49624 6.38032 6.31968 6.31274 6.30581 6.30209 6.30209 6.30209 6.30209 6.10909 5.43859 5.43859 5.32047 4.82477
0.00000 5.21304 5.12509 5.12509 5.10932 4.98147 4.98104 4.98104 4.98104 4.98104 4.98104 4.50974 4.34800 4.34800 4.34800 4.34800 4.37318 4.40979 4.26343 4.23383 4.12603 4.12665 4.13257 4.13849 4.14441 4.15032 4.15535 4.17940 4.26728 4.35872 4.45016 5.11688 8.50893 8.58363 8.46199 8.20267 8.11945 8.11648 8.11351 8.11054 8.10844 8.10836 8.10836 8.10836 8.10836 8.10836 8.11023 6.53675 6.06216 6.00312 6.38862 6.64968 6.61760 6.31217 6.30247 6.30209 6.30209 6.30209 6.30209 6.30209 6.30209 6.30209 6.27199 5.45943 5.43859 5.41692 4.89816
0.00000 5.47340 5.12509 5.12509 5.12509 5.00491 4.99505 5.00480 5.01456 5.02424 5.03255 4.65948 4.25545 4.20340 4.15135 4.09925 4.10472 4.45150 4.35969 4.27750 4.18907 4.15599 4.20509 4.29658 4.41228 4.56146 4.71078 4.83682 4.89835 4.95622 5.01433 5.07790 8.58039 8.95894 8.86523 8.38625 8.10836 8.10836 8.10836 8.10836 8.10836 8.10836 8.11077 8.21479 8.35341 8.47336 8.57666 7.74441 6.73435 6.32171 6.34259 6.62808 6.63003 6.38180 6.30209 6.30209 6.30209 6.30209 6.30209 6.30209 6.30209 6.30209 6.30209 5.65796 5.42359 5.41055 5.14225
0.00000 6.57439 5.37918 5.27962 5.24049 5.09152 4.99497 4.95593 4.91687 4.87783 4.84025 4.57045 3.94943 3.94943 3.94943 3.94943 3.94478 4.37848 4.39014 4.47226 4.63790 4.91090 5.01106 5.06908 5.10278 5.10301 5.10301 5.10301 5.10301 5.10301 5.10301 5.10301 7.63565 8.95894 8.94367 8.52639 8.10836 8.10836 8.11171 8.21899 8.35681 8.47615 8.57914 8.61152 8.61152 8.61152 8.61152 8.20057 6.73486 6.45313 6.28159 6.59211 6.63003 6.48233 6.30209 6.30209 6.30209 6.30163 6.29375 6.28333 6.27289 6.26245 6.25202 5.81642 5.38119 5.41612 5.39610
0.00000 0.00000 5.19212 4.92390 4.92378 4.88720 4.83006 4.83006 4.82872 4.81582 4.80031 4.68798 3.86111 3.83262 3.80414 3.77567 3.75291 4.08522 4.26645 4.58854 4.71943 5.10301 5.10301 5.10301 5.10301 5.10301 5.10301 5.10301 5.10301 5.10301 5.10301 5.10301 6.68741 8.95894 8.96149 8.79198 8.37632 8.47914 8.58103 8.61152 8.61152 8.61152 8.61152 8.61152 8.61152 8.61152 8.61152 8.57495 6.81649 6.61373 6.25950 6.51860 6.62536 6.56766 6.27663 6.25666 6.20807 6.15790 6.11525 6.07510 6.03505 5.99497 5.95485 5.83158 5.63751 5.63753 5.61608
0.00000 0.00000 5.38112 4.92378 4.92378 4.91042 4.74291 4.72114 4.70111 4.69265 4.68681 4.68020 3.85058 3.75014 3.75014 3.75014 3.75014 3.95846 4.25783 4.49966 4.61608 5.08279 5.10301 5.10301 5.10301 5.10301 5.10301 5.10301 5.10301 5.10301 5.13853 5.61487 6.29291 9.17480 9.23301 9.13990 8.71351 8.61152 8.61152 8.61152 8.61152 8.61152 8.61152 8.61152 8.61152 8.61152 8.59681 8.40313 7.00686 6.53075 6.08175 6.16428 6.33446 6.29426 5.97959 5.89562 5.89370 5.89370 5.89370 5.89370 5.89370 5.89299 5.87216 5.81872 5.54183 5.48053 5.43213
0.00000 0.00000 5.98995 4.92157 4.89863 4.89084 4.70980 4.68059 4.68059 4.68059 4.68059 4.68059 4.08941 3.75014 3.75014 3.75014 3.75014 3.83264 4.25783 4.40208 4.60492 4.97047 5.10301 5.10301 5.10301 5.10301 5.11704 5.89363 6.95752 7.87230 8.64882 8.17040 6.36792 9.00335 9.24946 9.20412 8.81327 8.61152 8.55445 8.33588 8.10816 7.87161 7.62471 7.37771 7.13076 6.88381 6.65152 6.59826 6.40018 6.19360 5.96509 5.90268 6.22056 6.21983 6.04422 5.88884 5.88732 5.88501 5.85958 5.82336 5.78641 5.73263 5.69132 5.66541 5.43362 5.38408 5.38408
0.00000 0.00000 6.98877 5.07010 4.88370 4.88370 4.75423 4.68059 4.68059 4.68059 4.68059 4.68059 4.30041 3.75014 3.75014 3.75014 3.75014 3.75157 4.21199 4.30458 4.60492 4.84695 5.10602 5.79801 6.87530 7.80179 8.59910 8.86414 8.86414 8.86414 8.88405 8.86989 6.61205 7.84160 8.20475 7.97915 7.42247 6.84662 6.65674 6.62817 6.60908 6.59830 6.59826 6.59826 6.58896 6.57117 6.55341 6.53560 6.41828 6.09538 5.97805 5.72930 6.15425 6.20478 6.08597 5.81564 5.78093 5.73578 5.69912 5.67316 5.64791 5.64025 5.64025 5.64025 5.49267 5.38408 5.38408
0.00000 0.00000 7.47193 5.37565 4.88370 4.88370 4.80597 4.68059 4.68059 4.68059 4.68059 4.68059 4.48662 3.75014 3.75014 3.75014 3.75014 3.75014 4.08745 4.89000 6.30551 7.41751 8.56323 8.92963 8.97566 9.02183 9.06786 9.11403 9.16005 9.20637 9.24444 9.28939 7.68782 7.13829 7.53773 7.57917 7.16523 6.57259 6.54767 6.52989 6.51209 6.49432 6.47650 6.45874 6.45025 6.45025 6.45025 6.45025 6.43746 6.05221 5.97275 5.61168 5.85359 5.96063 5.92014 5.70006 5.65503 5.64030 5.64025 5.64025 5.64025 5.64025 5.64025 5.64025 5.55466 5.38408 5.38408
0.00000 0.00000 0.00000 5.75248 4.88370 4.88370 4.86461 4.68169 4.68059 4.68059 4.67097 4.63322 4.55652 3.75660 3.74086 4.25849 5.42737 6.43745 7.60443 8.47966 8.67487 8.84204 9.21914 9.23293 9.23293 9.25708 9.30395 9.34855 9.36164 9.36456 9.35613 9.31410 8.39756 6.83026 7.29017 7.24814 7.02522 6.49772 6.45025 6.45025 6.45025 6.45025 6.45025 6.45025 6.45025 6.44415 6.37940 6.29962 6.21988 5.83833 5.72443 5.51620 5.57762 5.85717 5.85538 5.72347 5.64025 5.64025 5.64025 5.64025 5.64025 5.64025 5.64025 5.64025 5.61609 5.38449 5.38328
0.00000 0.00000 0.00000 5.57206 4.44234 4.33910 4.28421 4.17455 4.10287 4.03569 3.97844 4.29083 5.18368 6.18960 7.14543 7.63461 7.63837 7.63837 7.79875 8.59806 8.67038 8.93801 9.17846 9.24327 9.24647 9.22516 9.18130 9.13977 9.12962 9.12962 9.12962 9.12962 8.97819 6.68195 7.19248 7.23733 7.18452 6.55029 6.45025 6.45025 6.45025 6.44318 6.37692 6.29718 6.21747 6.14402 6.12908 6.12908 6.12908 5.92036 5.72443 5.60519 5.42729 5.85520 5.85538 5.78944 5.64025 5.64025 5.64025 5.64025 5.64015 5.63611 5.62994 5.62378 5.61761 5.39348 5.34990
0.00000 0.00000 0.00000 5.00050 4.02377 3.84782 3.81328 3.84757 3.87206 5.51789 6.66050 7.11672 7.12596 7.40160 7.62688 7.60503 7.57980 7.55458 7.53280 8.38306 8.48457 9.05963 9.10439 9.12962 9.12962 9.12962 9.12962 9.12962 9.12962 9.12962 9.12962 9.12962 9.12962 7.30279 7.04529 7.23733 7.23733 6.70178 6.37448 6.29477 6.21503 6.14257 6.12908 6.12908 6.12908 6.12908 6.12908 6.12908 6.12908 6.01886 5.72443 5.71515 5.37699 5.79776 5.85538 5.84498 5.64024 5.62585 5.61969 5.58969 5.52222 5.45811 5.39634 5.33441 5.27265 5.24248 5.25887
0.00000 0.00000 0.00000 5.08226 4.11146 3.73982 3.67165 3.68931 3.85597 5.68963 7.08957 7.06937 7.05038 7.19443 7.50194 7.49854 7.49854 7.49854 7.49854 8.14039 8.45921 8.91239 9.09034 9.12962 9.12962 9.12962 9.12962 9.12962 9.12962 9.12962 9.12962 9.12962 9.12962 8.06350 6.81587 7.07941 6.99967 6.60917 6.13291 6.12908 6.12908 6.12908 6.12908 6.12908 6.12908 6.12908 6.12908 6.12908 6.12908 6.11316 5.75391 5.71842 5.43938 5.51044 5.56862 5.50277 5.29162 5.16380 5.10192 5.06394 5.06351 5.06351 5.06351 5.06351 5.05989 5.02611 4.99372
2.10072 2.10072 2.10072 2.10072 3.44803 3.35598 3.33229 3.34268 3.74790 4.49970 7.01528 7.01528 7.01528 7.07997 7.49854 7.49854 7.49854 7.49854 7.49854 7.90204 8.45921 8.73965 9.07909 9.12786 9.12962 9.12962 9.12962 9.12962 9.12962 9.10226 8.80615 8.44193 8.07785 7.59607 6.42604 6.91616 6.91616 6.76880 6.17336 6.12908 6.12908 6.12908 6.09833 6.03818 5.99372 5.97692 5.96065 5.94446 5.92819 5.90897 5.41600 5.28719 5.18710 5.10761 5.27865 5.27865 5.18005 5.01041 4.97246 4.93457 4.88800 4.76259 4.61814 4.48037 4.38337 4.41055 4.61509
2.10072 2.10072 2.10072 2.10072 3.26864 3.31368 3.27032 3.27032 3.64447 3.74207 6.69126 7.01528 7.01528 7.01764 7.46055 7.49854 7.49854 7.49854 7.49854 7.66185 8.45921 8.56715 9.07759 9.11722 9.12962 9.11324 8.83807 8.47399 8.10977 7.77276 7.70465 7.70465 7.70465 7.70329 6.56487 6.77288 6.74341 6.66990 5.96112 5.81190 5.79566 5.77946 5.79397 5.83780 5.86607 5.86662 5.86662 5.86556 5.85124 5.83294 5.50051 5.21690 5.18807 4.95100 5.00557 4.96753 4.91390 4.62028 4.51119 4.40582 4.34243 4.37295 4.42255 4.46541 4.47110 4.47112 4.62868
2.10072 2.10072 2.10072 2.10072 2.98234 3.37438 3.27032 3.27032 3.52899 3.73223 5.77399 7.01528 7.01528 7.01528 7.34178 7.49854 7.49854 7.49854 7.49854 7.50238 8.38002 8.45239 8.75179 8.47976 8.14169 7.79258 7.68222 7.65388 7.62548 7.59702 7.56846 7.54009 7.51172 7.48381 6.78416 6.30596 6.40307 6.39970 6.10421 5.86275 5.84555 5.82724 5.80893 5.79064 5.77233 5.75401 5.73571 5.71848 5.71448 5.71448 5.54146 5.13505 5.11831 4.86090 4.76471 4.68528 4.63358 4.42908 4.40772 4.45609 4.47110 4.47110 4.47110 4.47110 4.47110 4.47110 4.58598
2.10072 2.10072 2.10072 2.10072 2.58704 3.45511 3.27032 3.27032 3.41277 3.73223 4.71417 7.01528 7.01528 7.01528 7.23154 7.49854 7.49854 7.49620 7.30256 6.98611 7.18538 7.03982 7.27958 7.50174 7.51226 7.48502 7.47767 7.47767 7.47616 7.47278 7.46941 7.46785 7.47192 7.47707 7.22846 6.24515 6.43637 6.44419 6.29317 5.72111 5.71448 5.71448 5.71448 5.71448 5.71448 5.71448 5.71448 5.71448 5.69621 5.59920 5.45602 4.81289 4.71843 4.66397 4.68934 4.75813 4.78665 4.63832 4.47110 4.47110 4.47110 4.47110 4.47110 4.47110 4.47110 4.47110 4.54325
2.10072 2.10072 2.10072 2.10072 2.14767 3.62833 3.38366 3.38220 3.42911 3.87234 3.97102 7.01233 7.25878 7.30964 7.27783 7.19307 6.87670 6.56202 6.43914 6.43914 6.59536 6.80726 7.01539 7.43006 7.48085 7.48564 7.49008 7.49450 7.50049 7.50833 7.51619 7.52217 7.52255 7.52255 7.52090 6.37135 6.45856 6.45856 6.41136 5.79894 5.71448 5.71448 5.71448 5.71448 5.69463 5.59630 5.49033 5.38440 5.29649 5.28753 5.28753 4.81715 4.70809 4.70910 4.75341 4.78679 4.78679 4.73463 4.47110 4.47110 4.47110 4.47110 4.47110 4.47104 4.45923 4.43876 4.44767
2.10072 2.10072 2.10072 2.10072 2.10072 3.79698 3.81643 3.75113 3.79866 4.21932 4.43127 6.25086 6.78774 6.49609 6.36556 6.43980 6.45854 6.48437 6.52386 6.56660 6.67438 7.02017 7.09772 7.58624 7.54011 7.52255 7.52255 7.52255 7.52255 7.52255 7.52255 7.52255 7.52255 7.52255 7.52255 6.73659 6.44231 6.45856 6.45856 5.94433 5.69262 5.59365 5.48747 5.38146 5.29538 5.28753 5.28753 5.28753 5.28753 5.28753 5.28753 4.95818 4.70809 4.70809 4.73507 4.78766 4.78679 4.78670 4.50972 4.44585 4.42536 4.40487 4.38409 4.33184 4.27139 4.21957 4.16844
2.10072 2.10072 2.10072 2.10072 2.10072 3.49763 4.19480 4.16880 4.37616 4.78998 5.08128 5.51822 6.44967 6.48243 6.51661 6.65221 6.69957 6.71646 6.71971 6.71971 6.72173 7.05975 7.08782 7.48245 7.55759 7.52255 7.52255 7.52255 7.52255 7.52255 7.52255 7.52255 7.52255 7.52255 7.52255 7.16427 6.34153 6.33474 6.22885 5.80087 5.29444 5.28753 5.28753 5.28753 5.28753 5.28753 5.28753 5.28753 5.28753 5.28753 5.28753 5.09921 4.70732 4.69419 4.66484 4.66290 4.58450 4.51220 4.27012 4.07715 4.02542 3.97351 3.92209 3.90191 3.90191 3.90191 3.90191
2.10010 2.08533 2.26137 3.26380 4.03164 4.79493 5.12203 4.64442 4.65256 4.83590 5.23042 5.29780 6.53321 6.58557 6.58557 6.66285 6.71971 6.71971 6.71971 6.71971 6.71971 6.97065 7.08782 7.34178 7.57522 7.52255 7.52255 7.52255 7.52255 7.52255 7.52255 7.52255 7.48938 7.31987 7.13569 6.93102 5.93834 6.03160 6.03160 5.89936 5.29053 5.28753 5.28753 5.28753 5.28753 5.28543 5.25472 5.20977 5.15308 5.09585 5.03863 4.92267 4.15899 4.08746 4.05853 4.22254 4.21761 4.21761 4.13850 3.90189 3.89449 3.88124 3.86795 3.83782 3.73692 3.62826 3.48612
3.85323 4.44771 4.81251 4.77373 4.70085 4.68838 4.94658 4.74988 4.71052 4.74705 5.25380 5.25898 6.17260 6.58557 6.58557 6.63363 6.71971 6.71971 6.71971 6.71971 6.71971 6.87949 7.08782 7.20115 7.59098 7.52442 7.52255 7.52255 7.49740 7.33418 7.14985 6.96568 6.81466 6.79999 6.79999 6.79999 6.17256 6.02232 5.98456 5.92623 5.24250 5.12056 5.06844 5.01123 4.95407 4.89896 4.87248 4.86021 4.85973 4.85973 4.85973 4.86398 4.20376 4.09515 4.11836 4.21247 4.14730 4.13402 4.11582 3.78727 3.66682 3.57142 3.46263 3.29164 3.17850 3.07309 3.00112
4.63901 4.58586 4.55091 4.54911 4.54911 4.54911 4.88243 4.80203 4.71052 4.71052 5.15203 5.25898 5.75742 6.58557 6.58557 6.60710 6.71971 6.71971 6.71971 6.71971 6.71971 6.78840 7.08782 7.09429 7.54116 7.36521 7.16416 6.97998 6.82095 6.78633 6.72846 6.66708 6.60599 6.54460 6.48341 6.42227 6.01090 5.70690 5.74469 5.76649 5.17840 4.86483 4.85973 4.87038 4.89358 4.91679 4.94000 4.96322 4.98643 5.00965 5.03286 5.05180 4.56979 4.24013 4.24013 4.26813 4.16927 4.21120 4.25691 3.63866 3.20940 3.10403 3.01191 2.99894 2.99894 2.99894 2.99894
4.54911 4.54911 4.54911 4.54911 4.54911 4.54911 4.81812 4.85499 4.71052 4.71052 5.01491 5.25898 5.36112 6.56713 6.58557 6.58729 6.71283 6.71971 6.71971 6.71971 6.70735 6.55988 6.65477 6.42860 6.53907 6.58125 6.48527 6.42428 6.36284 6.31537 6.31205 6.32128 6.34304 6.36486 6.38666 6.40844 6.37045 5.71903 5.81466 5.81457 5.45761 5.01781 5.04100 5.05360 5.05360 5.05360 5.05360 5.05360 5.05360 5.05360 5.05360 5.07343 4.84659 4.37890 4.43899 4.48535 4.18604 4.04060 3.93750 3.60042 2.99894 2.99894 2.99894 2.99894 2.99894 2.99894 2.99894
4.54911 4.54911 4.54911 4.54911 4.54911 4.54911 4.74965 4.93567 4.77533 4.78219 4.96876 5.36909 5.38821 6.40258 6.74390 6.75093 6.69916 6.51690 6.31765 6.11809 5.93119 5.88213 5.87841 5.87732 6.07415 6.36474 6.32823 6.35002 6.37172 6.39344 6.41517 6.42766 6.42762 6.42753 6.42743 6.42739 6.42739 5.88222 5.81424 5.81424 5.68144 5.05436 5.05360 5.05360 5.05360 5.05360 5.05360 5.07495 5.13410 5.19421 5.25440 5.29461 5.20771 4.48255 4.48223 4.48223 4.06404 3.90464 3.90464 3.85465 3.02086 2.99894 2.99894 2.99894 2.99894 2.99894 2.99894
