High_resolution/powerplant/Shangrao/OMI_NO2_200912.asc
ncols      200
nrows      200
xllcorner       115.451
yllcorner       27.0350
cellsize     0.0166667
NODATA_Value      -999.000
[rows 0 to 31 of 183, columns 0 to 70 of 200]
0.00000 0.00000 0.00000 0.00000 0.00000 0.00000 0.00000 0.00000 0.00000 0.00000 0.00000 25.5278 25.5278 25.5278 25.5278 25.5278 25.5278 25.5278 25.5278 25.5278 25.5278 25.5278 24.8968 21.3401 18.4786 16.3925 14.8319 14.2298 14.2298 14.2298 14.2298 14.2298 13.8115 3.31387 2.93179 2.93179 2.93179 2.93179 2.93179 2.93179 2.93179 2.93179 4.96570 11.5395 32.3287 41.0280 41.0280 41.0280 41.0280 41.0280 41.0280 41.0280 41.0280 41.0280 41.0280 41.0280 41.0280 8.62456 8.62456 8.62456 8.62456 8.62456 6.87619 4.71534 4.71534 4.71534 4.71534 4.71534 4.71534 4.71534 4.71534
0.00000 0.00000 0.00000 0.00000 0.00000 0.00000 0.00000 0.00000 25.5278 25.5278 25.5278 25.5278 25.5278 25.5278 25.5278 25.5278 25.5278 25.5278 23.5893 20.0639 17.5566 15.6935 14.4169 14.2586 14.2586 14.2406 14.2298 14.2298 14.2298 14.2298 14.2298 14.2298 14.2298 7.65403 2.93179 2.93179 2.93179 2.93179 5.14234 11.7119 16.4101 19.8080 21.8572 21.9799 29.0537 41.0280 41.0280 41.0280 41.0280 41.0280 41.0280 41.0280 40.9568 37.1286 32.6360 29.3641 17.4356 8.62456 8.62456 8.62456 8.62456 8.62456 8.03935 4.71534 4.71534 4.71534 4.71534 4.71534 4.71534 5.14940 9.97892
0.00000 0.00000 0.00000 0.00000 0.00000 0.00000 0.00000 0.00000 0.00000 25.5278 25.5278 25.5278 25.5278 25.2759 22.0075 18.9503 16.7399 15.0672 14.2637 14.2586 14.2586 14.2586 14.2586 14.2586 14.2586 14.2499 14.2298 14.2298 14.2298 14.2298 14.2298 14.2298 14.2298 11.2509 5.32730 11.8802 16.5288 19.8963 21.8793 21.9799 21.9799 21.9799 21.9799 21.9799 24.6192 41.0280 41.0280 41.0280 38.7448 33.8236 30.2456 27.5584 25.4846 24.8263 24.8263 24.8263 20.7999 8.62456 8.62456 8.62456 8.62456 8.62456 8.62456 5.27983 4.71534 5.60694 10.7413 14.8430 17.7950 19.9061 20.3244
0.00000 0.00000 0.00000 0.00000 0.00000 0.00000 0.00000 0.00000 0.00000 23.1572 20.6375 17.9740 16.0099 14.5660 14.2586 14.2586 14.2586 14.2586 14.2586 14.2586 14.2586 14.2586 14.2586 14.2586 14.2586 14.2578 14.2306 14.2298 14.2298 14.2298 14.3976 15.1238 15.8947 16.9633 21.8748 21.9799 21.9799 21.9799 21.9799 21.9799 21.9799 21.9799 21.9799 22.0179 22.4326 30.7569 28.2892 26.0401 24.8473 24.8263 24.8263 24.8263 24.8263 24.8263 24.8263 24.8263 24.0299 8.87854 8.62456 8.62456 8.62456 9.92251 14.5281 16.4818 18.1717 20.0794 20.3244 20.3244 20.3244 20.3244 20.3244
0.00000 0.00000 0.00000 0.00000 0.00000 0.00000 2.98949 2.98949 2.98949 6.45366 14.2586 14.2586 14.2586 14.2586 14.2586 14.2586 14.2586 14.2586 14.2586 14.2586 14.2586 14.2586 14.2586 14.2586 14.2586 14.2586 14.3632 15.0527 15.8238 16.5947 17.1982 17.2431 17.2431 17.2431 20.9577 21.9799 21.9799 21.9799 21.9802 22.1499 22.4614 22.7729 23.0847 23.3583 23.3983 24.3248 24.8263 24.8263 24.8263 24.8263 24.8263 24.8263 24.8263 24.8263 24.8263 24.8263 24.8263 15.7989 15.1219 18.3511 20.7102 22.1751 22.2790 21.7584 20.3244 20.3244 20.3244 20.3244 20.3244 20.3244 20.3244
0.00000 0.00000 0.00000 0.00000 0.00000 0.00000 2.98949 2.98949 2.98949 3.00076 13.3993 14.2586 14.2586 14.2586 14.2586 14.2586 14.2586 14.2586 14.2586 14.2586 14.2586 14.2586 14.3460 15.0111 15.7816 16.5527 17.1883 17.2431 17.2431 17.2431 17.2431 17.2431 17.2431 17.2431 19.5119 22.3218 22.6335 22.9450 23.2563 23.3983 23.3983 23.3983 23.3983 23.3983 23.3983 23.9014 24.8263 24.8263 24.8263 24.8263 24.8263 24.8263 24.8263 24.8162 24.7864 24.7562 24.7250 23.5915 22.2790 22.2790 22.2790 22.2790 22.2790 22.2313 20.4254 20.3244 20.3244 20.3244 20.3244 20.3244 20.3673
0.00000 0.00000 0.00000 0.00000 0.00000 0.00000 2.98949 2.98949 2.98949 2.98949 10.8687 14.2586 14.2586 14.2586 14.2586 14.2586 14.2586 14.2586 14.3153 14.9399 15.7114 16.4816 17.1656 17.2720 17.2720 17.2720 17.2693 17.2432 17.2431 17.2467 17.4456 17.7572 18.0688 18.3804 19.3513 23.3978 23.3983 23.3983 23.3983 23.3983 23.3983 23.3983 23.3983 23.3983 23.3983 23.4971 24.8055 24.8263 24.8263 24.8155 24.7857 24.7554 24.7251 24.7049 24.7044 24.7044 24.7044 24.3471 22.2799 22.2790 22.2790 22.2790 22.2790 22.2790 20.9528 20.3545 20.4444 20.5360 20.6275 20.7190 20.7677
0.00000 0.00000 0.00000 0.00000 0.00000 0.00000 0.00000 2.98949 2.98949 2.98949 7.00062 14.2586 14.2586 14.2586 14.2912 14.8694 15.6400 16.4114 17.1253 17.2720 17.2720 17.2720 17.2720 17.2720 17.2720 17.3223 17.5507 17.8968 18.2408 18.5489 18.6615 18.6615 18.6615 18.6615 18.6615 22.6114 23.3983 23.3983 23.3983 23.3983 23.3983 23.3983 23.3983 23.3983 23.3983 23.3870 24.4378 24.7547 24.7244 24.7048 24.7044 24.7044 24.7044 24.7044 24.7044 24.7044 24.7044 24.7044 22.6769 22.2790 22.2797 22.2840 22.2890 22.2939 21.6888 20.7661 20.7677 20.7677 20.7677 20.7677 20.7677
0.00000 0.00000 0.00000 0.00000 0.00000 0.00000 0.00000 2.98949 2.98949 2.98949 3.09716 14.1121 15.5694 16.3400 17.0788 17.2720 17.2720 17.2720 17.2720 17.2720 17.2723 17.4077 17.6513 17.8951 18.1387 18.3319 18.3474 18.5089 18.6615 18.6615 18.6615 18.6615 18.6615 18.6615 18.6615 21.1119 23.3983 23.3983 23.3983 23.3983 23.3983 23.3863 23.3562 23.3259 23.2956 23.2767 23.9330 24.7044 24.7044 24.7044 24.7044 24.7044 24.7044 24.7044 24.7044 24.7045 24.7080 24.7129 23.4466 22.2973 22.3015 22.3021 22.3021 22.3021 22.1529 20.7752 20.7677 20.7677 20.7677 20.7677 20.7677
0.00000 0.00000 0.00000 0.00000 0.00000 0.00000 0.00000 2.98949 2.98949 2.98949 2.98949 13.4168 17.2720 17.2720 17.2720 17.2720 17.2990 17.5084 17.7520 17.9957 18.2391 18.3474 18.3474 18.3474 18.3474 18.3474 18.3474 18.4146 18.6615 18.6615 18.6615 18.6615 18.6615 18.6615 18.6615 19.6129 23.3983 23.3857 23.3555 23.3251 23.2949 23.2766 23.2764 23.2764 23.2764 23.2764 23.5080 24.7044 24.7044 24.7044 24.7044 24.7065 24.7114 24.7163 24.7212 24.7260 24.7275 24.7275 24.2115 22.3021 22.3021 22.3021 22.3021 22.3021 22.3021 21.0750 20.7677 20.7677 20.7128 20.4686 20.2081
0.00000 0.00000 0.00000 0.00000 0.00000 0.00000 0.00000 0.00000 2.98949 2.98949 2.98949 8.79717 17.3671 17.6091 17.8528 18.0964 18.3132 18.3474 18.3474 18.3474 18.3474 18.3474 18.3474 18.3474 18.3474 18.3474 18.3474 18.3495 18.6324 18.6615 18.6615 18.6615 18.6615 18.4227 17.7745 17.1333 22.4501 23.2765 23.2764 23.2764 23.2764 23.2764 23.2764 23.2764 23.2764 23.2764 23.3118 24.5536 24.7148 24.7197 24.7246 24.7274 24.7275 24.7275 24.7275 24.7275 24.7275 24.7275 24.7144 22.5535 22.3021 22.3021 22.3021 22.3021 22.2195 21.1862 20.1700 19.9096 19.7042 19.6882 19.6882
0.00000 0.00000 0.00000 0.00000 0.00000 0.00000 0.00000 8.37861 4.23313 3.86505 4.35262 5.21121 17.8047 18.3474 18.3474 18.3474 18.3474 18.3474 18.3474 18.3474 18.3474 18.3474 18.3474 18.3474 18.3474 18.3474 18.3474 18.3474 18.5339 18.4695 17.8331 17.1789 16.5238 16.1085 16.1013 16.1013 20.1852 23.2764 23.2764 23.2764 23.2764 23.2782 23.4047 23.6064 23.8082 24.0101 24.1768 24.4987 24.7275 24.7275 24.7275 24.7275 24.7275 24.7275 24.7275 24.7275 24.7275 24.7275 24.7275 23.2966 22.1861 21.9262 21.6660 21.4056 21.2279 20.8930 19.6882 19.6882 19.6882 19.6882 19.6882
0.00000 0.00000 0.00000 8.37861 8.37861 8.37861 8.37861 8.37861 7.88087 5.14022 5.14022 5.14022 15.2050 18.3474 18.3474 18.3474 18.3474 18.3474 18.3474 18.3474 18.3474 18.3474 18.3474 18.3474 18.3474 18.1973 17.5774 16.9221 16.3653 16.1195 16.1013 16.1013 16.1013 16.1013 16.1013 16.1013 17.9233 23.3234 23.5142 23.7168 23.9187 24.1185 24.1939 24.1939 24.1939 24.1939 24.1939 24.3402 24.7275 24.7275 24.7275 24.7275 24.7275 24.7275 24.7275 24.7275 24.4982 24.0236 23.5491 22.6058 21.2230 21.2226 21.2226 21.2226 21.2226 21.2103 19.8195 19.6882 19.6882 19.6882 19.6882
8.37861 8.37861 8.37861 8.37861 8.37861 8.37861 8.37861 8.37861 8.37861 5.62825 5.14022 5.14022 11.1715 18.3474 18.3474 18.3474 18.3474 18.3474 18.3474 18.3474 18.3474 18.2339 17.6351 16.9797 16.3256 15.8212 15.7872 15.7872 15.8014 16.0918 16.1013 16.1013 16.1068 16.2485 16.4504 16.6521 16.9596 23.6397 24.1939 24.1939 24.1939 24.1939 24.1939 24.1939 24.1939 24.1939 24.1939 24.2082 24.7010 24.7275 24.7275 24.7275 24.4841 24.0107 23.5361 23.0619 22.8185 22.8185 22.8185 22.7780 21.3105 21.2226 21.2226 21.2226 21.2226 21.2226 20.2562 19.6882 19.6199 19.4293 19.2365
8.37861 8.37861 8.37861 8.37861 8.37861 8.37861 8.37861 8.37861 8.37861 6.61404 5.14022 5.14022 5.88215 17.9885 18.3474 18.3474 18.3474 18.2654 17.6930 17.0378 16.3834 15.8425 15.7872 15.7872 15.7872 15.7872 15.7872 15.7872 15.8064 16.2173 16.5608 16.7625 16.9590 17.0189 17.0189 17.0189 17.0189 21.4951 24.1939 24.1939 24.1939 24.1939 24.1939 24.1939 24.1939 24.1939 24.1939 24.1935 24.2985 23.9973 23.5231 23.0486 22.8185 22.8185 22.8185 22.8185 22.8185 22.8185 22.8185 22.8185 21.7663 21.2226 21.2226 21.2001 21.0804 20.9496 20.2315 18.8819 18.7574 18.7549 18.6742
8.37861 8.37861 8.37861 8.37861 8.37861 8.37861 8.37861 8.37861 8.37861 7.60001 5.14022 5.14022 5.14022 15.5400 17.7506 17.0962 16.4413 15.8688 15.7872 15.7872 15.7872 15.7872 15.7872 15.7881 15.8329 15.9023 15.9715 16.0408 16.0909 16.4765 17.0189 17.0189 17.0189 17.0189 17.0189 17.0189 17.0189 19.2335 24.1939 24.1939 24.1939 24.1939 24.1939 24.1928 23.9234 23.4494 22.9764 22.5024 22.4891 22.8185 22.8185 22.8185 22.8185 22.8185 22.8185 22.8185 22.8185 22.8185 22.8132 22.7157 22.0296 20.8579 20.7271 20.6186 20.6074 20.6074 20.0867 17.7049 17.2229 16.8353 16.5378
8.37861 8.37861 8.37861 8.37861 8.37861 8.37861 8.37861 8.37861 8.37861 8.33749 5.38893 5.14022 5.14022 10.5034 15.7872 15.7872 15.7872 15.7872 15.7872 15.7987 15.8618 15.9311 16.0004 16.0688 16.0932 16.0932 16.0932 16.0932 16.0932 16.2015 17.0167 17.0189 17.0189 17.0189 17.0189 17.0189 17.0189 17.2782 23.8883 24.1916 23.9103 23.4359 22.9627 22.4902 22.2850 22.2850 22.2850 22.2850 22.3330 22.8147 22.8185 22.8185 22.8185 22.8185 22.7548 22.6239 22.4931 22.3621 22.2367 22.2034 22.1081 20.6446 20.6074 20.6074 20.6074 20.6074 19.6116 16.8023 16.4960 16.4960 16.4960
8.37861 8.37861 8.37861 8.37861 8.37861 8.37861 8.37861 8.37861 8.37861 8.37861 6.33357 5.14022 5.14022 6.12133 15.6124 15.8214 15.8907 15.9600 16.0292 16.0870 16.0932 16.0932 16.0932 16.0932 16.0932 16.0932 16.0932 16.0932 16.0932 16.0932 16.8488 17.0189 17.0189 17.0189 17.0189 17.0170 16.2917 14.6768 20.3967 22.4782 22.2850 22.2850 22.2850 22.2850 22.2850 22.2850 22.2850 22.2850 22.2850 22.6738 22.6632 22.5323 22.4015 22.2705 22.2034 22.2034 22.2034 22.2034 22.2034 22.2034 22.2034 21.0462 20.6074 20.6074 20.6074 20.6074 20.5123 17.2725 16.5341 16.5597 16.5853
8.37861 8.37861 8.37861 8.37861 8.37861 8.37861 8.37861 8.37861 8.37861 8.37861 7.33442 5.26641 5.40497 5.54358 14.1976 16.0932 16.0932 16.0932 16.0932 16.0932 16.0932 16.0932 16.0932 16.0932 16.0932 16.0932 16.0932 16.0932 16.0932 16.0932 16.5722 17.0189 16.4019 14.8247 12.6571 9.50327 7.60363 7.60363 15.4221 22.2850 22.2850 22.2850 22.2850 22.2850 22.3012 22.6963 23.2509 23.8057 24.3598 23.5076 22.2034 22.2034 22.2034 22.2034 22.2034 22.2034 22.2034 22.2034 22.2034 22.2034 22.2034 21.5426 20.6078 20.6321 20.6705 20.7089 20.7472 18.3190 16.6023 16.6023 16.6023
8.37861 8.37861 8.37861 8.37861 8.37861 8.37861 8.44847 8.73647 9.04017 9.34401 9.42460 5.85738 5.75221 5.75221 11.3993 16.0932 16.0932 16.0932 16.0932 16.0932 16.0932 16.0932 16.0932 16.0932 16.0932 16.0932 16.0932 16.0932 15.5277 13.8424 11.8187 9.80235 7.60363 7.60363 7.60363 7.60363 7.60363 7.60363 9.43708 22.1419 22.4611 23.0043 23.5591 24.1137 24.6521 24.8115 24.8115 24.8115 24.8115 24.3063 22.2034 22.2034 22.2034 22.2034 22.2034 22.2034 22.2034 22.2034 22.1757 21.2374 19.8659 18.6421 20.7340 20.7668 20.7668 20.7668 20.7668 19.3558 16.7597 16.6023 16.6023
8.37861 8.37861 8.51638 8.81983 9.12353 9.42737 9.66135 9.67706 9.67706 9.67706 9.67706 6.84221 5.75221 5.75221 7.15029 16.0040 16.0932 16.0932 16.0932 16.0932 16.0932 16.0932 16.0932 16.0932 15.6280 13.9969 11.7421 8.49198 5.77700 5.75221 5.76776 7.44255 7.60363 7.60363 7.60363 7.67285 8.55108 9.65973 10.7694 22.4778 24.8004 24.8115 24.8115 24.8115 24.8115 24.8115 24.8115 24.8115 24.8115 24.8024 22.4786 22.2034 22.2034 22.2034 22.1669 21.1959 19.8244 18.4523 17.1062 16.6708 16.6708 16.6708 19.9135 20.7668 20.7668 20.7668 20.7668 20.3691 17.1307 16.6023 16.6023
9.20689 9.51073 9.67667 9.67706 9.67706 9.67706 9.67706 9.67706 9.67706 9.67706 9.67706 8.02643 5.75221 5.75221 5.75221 14.5151 16.0932 16.0932 16.0932 16.0932 15.7181 14.1483 11.9520 8.80399 5.83461 5.75221 5.75221 5.75221 5.75221 5.75221 5.75221 7.29759 9.16705 10.2762 11.3854 12.4253 12.6567 12.6567 12.6567 19.8022 24.8115 24.8115 24.8115 24.8115 24.8115 24.8115 24.8115 24.8115 24.8115 24.8115 23.1939 21.1539 19.7829 18.4108 17.0735 16.6708 16.6708 16.6708 16.6708 16.6708 16.6708 16.6708 18.6415 20.7668 20.7668 20.7668 20.7079 20.4686 17.6059 16.6832 16.7080
9.67706 9.67706 9.67706 9.67706 9.67706 9.67706 9.67706 9.67706 9.67706 9.67706 9.67706 9.20298 5.75888 5.75221 5.75221 11.8169 15.7975 14.2954 12.1569 9.10678 5.92449 5.75221 5.75221 5.75221 5.75221 5.75221 5.77092 6.06999 6.46279 6.85542 7.24822 9.15332 12.6567 12.6567 12.6567 12.6567 12.6567 12.6567 12.6567 14.9806 24.7799 24.8115 24.8115 24.8115 24.8115 24.8115 24.7535 23.7205 22.3495 20.9774 18.8504 16.6708 16.6708 16.6708 16.6708 16.6708 16.6708 16.6708 16.6708 16.6708 16.6708 16.6527 17.1480 20.2936 20.0419 19.7900 19.5972 19.5847 18.0045 16.3984 16.0148
9.67706 9.67706 9.67706 9.67706 9.67706 9.67706 9.67706 9.67706 9.67706 9.67706 9.67706 9.67706 6.46921 5.75221 5.75221 6.29398 6.04781 5.75221 5.75221 5.75221 5.75221 5.75221 5.85427 6.23165 6.62445 7.01725 7.39116 7.48490 7.48490 7.48490 7.48490 7.74297 12.5176 12.6567 12.6567 12.6567 12.6567 12.6567 12.6567 12.6567 23.3483 24.8115 24.7407 23.6789 22.3080 20.9357 19.6197 19.2789 19.2789 19.2789 19.1678 16.7537 16.6708 16.6708 16.6708 16.6708 16.6702 16.5262 16.2744 16.0227 15.7709 15.5371 15.4898 19.0073 19.0301 18.2419 17.5856 17.0305 16.3208 15.0185 14.9212
9.67706 9.67706 9.67706 9.67706 9.67706 9.67706 9.67706 9.67706 9.67706 9.67706 9.67706 9.67706 7.65322 5.75221 5.75221 5.75221 5.75221 5.75568 6.00068 6.39348 6.78611 7.17891 7.46965 7.48490 7.48490 7.48490 7.48490 7.48490 7.48490 7.48490 7.48490 7.48490 11.2241 12.6567 12.6567 12.6567 12.6567 12.6567 12.6567 12.6567 18.8598 20.8944 19.5915 19.2789 19.2789 19.2789 19.2789 19.2789 19.2789 19.2789 19.2789 17.4138 16.5963 16.3512 16.0995 15.8476 15.5965 15.4886 15.4886 15.3213 14.8679 14.4831 14.1587 15.4279 16.5135 16.5135 16.5135 16.5135 16.5046 15.2268 14.9460
9.67706 9.67706 9.67706 9.67706 9.67706 9.67706 9.67706 9.67706 9.67706 9.67706 9.67706 9.67706 8.83714 5.81043 6.16234 6.55514 6.94794 7.33710 7.48490 7.48490 7.48490 7.48490 7.48490 7.48490 7.48490 7.48490 7.48490 7.48490 7.48490 7.48490 7.48490 7.48490 9.67466 12.6567 12.6567 12.6567 12.6567 12.6567 12.6567 12.6567 14.4410 19.2789 19.2789 19.2789 19.2789 19.2789 19.2789 19.2758 19.2333 19.1791 19.1249 17.6391 15.4953 15.4886 15.4237 14.9998 14.5932 14.2523 13.9621 13.7879 13.7828 13.7828 13.7828 14.4368 16.5135 16.5153 16.5438 16.5815 16.6193 15.8257 15.0781
9.67706 9.67706 9.67706 9.67706 9.67706 9.67706 9.67706 9.67706 9.67706 9.59947 9.38134 9.16057 8.91817 7.56217 7.48490 7.48490 7.48490 7.48490 7.48490 7.48490 7.48490 7.48490 7.48490 7.48490 7.48490 7.48490 7.48490 7.48490 7.48490 7.48490 7.48490 7.48490 8.13157 12.6510 12.6567 12.6567 12.6567 12.6567 12.6567 12.6567 12.6567 18.7109 19.2789 19.2575 19.2036 19.1494 19.0951 19.0441 19.0323 19.0323 19.0323 17.7688 14.3523 14.0459 13.8145 13.7828 13.7828 13.7828 13.7828 13.7828 13.7828 13.7097 12.8323 11.5906 16.1292 16.6608 16.6700 16.6700 16.6700 16.2480 15.1349
9.67706 9.67706 9.67706 9.67706 9.67555 9.54049 9.31982 9.09876 8.87808 8.73480 8.73197 8.73197 8.73197 7.97275 7.48490 7.48490 7.48490 7.48490 7.48490 7.48490 7.48490 7.48490 7.48490 7.48490 7.48490 7.48490 7.48490 7.48490 7.48490 7.48490 7.48490 7.48490 7.48490 11.7465 12.6567 12.6567 12.6567 12.6567 12.6464 12.5551 12.4466 17.0260 19.0654 19.0326 19.0323 19.0323 19.0323 19.0323 19.0323 19.0323 19.0323 17.7685 14.1809 13.7828 13.7828 13.7828 13.7828 13.6974 12.7918 11.5049 9.93852 8.14801 7.72371 7.72371 14.0710 16.6700 16.6700 16.6700 16.6700 16.5942 15.2544
9.65967 9.47887 9.25801 9.03723 8.81778 8.73197 8.73197 8.73197 8.73197 8.73197 8.73197 8.73197 8.73197 8.35061 7.48490 7.48490 7.48490 7.48490 7.48490 7.48490 7.48490 7.48490 7.48490 7.48490 7.48490 7.48490 7.48490 7.48490 7.48490 7.48490 7.48490 7.48490 7.48490 10.1949 12.6040 12.4956 12.3871 12.2787 12.1806 12.1635 12.1635 14.5898 19.0323 19.0323 19.0323 19.0323 19.0323 19.0323 19.0323 19.0323 19.0323 18.7662 14.9030 13.6798 12.7529 11.4580 9.87943 8.09846 7.72371 7.72371 7.72371 7.72371 7.72371 7.72371 11.3255 16.6700 16.6700 16.6700 16.6700 16.6403 15.5385
8.77204 8.73197 8.73197 8.73197 8.73197 8.73197 8.73197 8.73197 8.73197 8.73197 8.73197 8.73197 8.73197 8.68308 7.53043 7.48490 7.48490 7.48490 7.48490 7.48490 7.48490 7.48490 7.48490 7.48490 7.48490 7.48490 7.48490 7.48490 7.48490 7.52629 7.92649 8.40947 8.89202 9.98757 12.1635 12.1635 12.1635 12.1635 12.1635 12.1635 12.1635 12.2359 18.6536 19.0323 19.0323 19.0323 19.0323 19.0323 19.0323 18.9320 18.0797 16.7943 12.4185 8.06089 7.72371 7.72371 7.72371 7.72371 7.72371 7.72371 7.72371 7.72371 7.72371 7.72371 8.21995 16.3345 16.4600 16.3522 16.2444 16.1663 15.5891
8.73197 8.73197 8.73197 8.73197 8.73197 8.73197 8.73197 8.73197 8.73197 8.73197 8.73197 8.73197 8.73197 8.73197 7.85951 7.48490 7.48490 7.48490 7.48490 7.48490 7.48490 7.48490 7.48490 7.48490 7.48490 7.65194 8.12809 8.61128 9.09378 9.53542 9.61819 9.61819 9.61819 9.64313 11.9545 12.1635 12.1635 12.1635 12.1635 12.1635 12.1635 12.1635 17.2448 19.0323 19.0323 18.9167 18.0412 16.7427 14.9303 12.6037 12.1635 12.1635 11.5279 7.96114 7.72371 7.72371 7.72371 7.72371 7.72371 7.72189 7.61818 7.45641 7.29480 7.13296 6.98748 14.0492 16.1630 16.1788 16.2030 16.2272 16.4331
8.73197 8.73197 8.73197 8.73197 8.73197 8.73197 8.73197 8.73197 8.73197 8.73197 8.73197 8.73197 8.73197 8.73197 8.23763 7.48490 7.48490 7.48490 7.48490 7.48490 7.49983 7.84671 8.32990 8.81266 9.29560 9.61136 9.61819 9.61819 9.61819 9.61819 9.61819 9.61819 9.61819 9.61819 11.2220 12.1635 12.1635 12.1635 12.1635 12.1635 12.1635 12.1635 14.5646 16.6905 14.8545 12.5481 12.1635 12.1635 12.1635 12.1635 12.1635 12.1635 11.9176 8.94842 7.72371 7.66429 7.50420 7.34262 7.18074 7.02088 6.96282 6.96282 6.97640 7.01241 7.04873 11.4858 16.2681 16.2766 16.2766 16.2766 16.2777
