High_resolution/powerplant/Shangrao/OMI_NO2_201012.asc
ncols      200
nrows      200
xllcorner       115.451
yllcorner       27.0350
cellsize     0.0166667
NODATA_Value      -999.000
[rows 29 to 57 of 165, columns 0 to 66 of 200]
12.6767 12.6767 12.6373 11.9343 11.2661 10.8022 10.3517 10.3814 14.0690 14.2153 15.0041 15.7017 16.8567 16.7273 17.0249 17.1349 17.1236 17.1123 17.1010 17.0956 17.0956 17.0956 17.0956 17.0956 17.0110 16.8193 16.8193 16.8193 16.8193 16.2438 15.7902 15.7902 15.8036 15.9953 16.2421 16.1309 13.0273 12.9941 12.9356 12.8678 12.8303 11.3592 11.2791 11.2775 11.2761 11.3200 11.5725 11.8514 11.9744 12.0956 11.3910 11.4098 11.5003 11.5907 11.6814 11.7394 11.7340 11.4902 11.4054 11.1259 11.1259 10.4573 9.90427 9.84437 9.75987 9.66739 9.44909
11.3775 10.8712 10.3027 9.98536 9.82521 9.97390 10.2078 10.4986 12.3998 12.8910 14.4146 14.5934 16.3656 16.2498 16.5314 17.0956 17.0956 17.0956 17.0956 17.0956 17.0956 17.0956 17.0956 17.0956 17.0824 16.8261 16.8193 16.8193 16.8266 16.7351 16.2206 16.4676 16.7011 16.7563 16.7563 16.7561 13.7742 12.9909 12.9704 12.8614 12.8606 11.8137 11.5826 11.8613 12.1802 12.5266 12.6659 12.7789 12.8162 12.7273 12.1085 11.7404 11.7404 11.7404 11.7404 11.7404 11.7404 11.5564 11.4721 11.1068 10.9816 10.5944 9.60344 9.57088 9.56291 9.56291 9.54729
10.1037 10.2586 10.4964 10.7591 10.9703 11.0035 11.0035 10.9813 11.6697 12.4879 13.5728 13.9269 15.5173 16.0346 16.1469 17.0898 17.0956 17.0956 17.0956 17.0956 17.0956 17.0956 17.0956 17.0956 17.0987 17.0533 17.2282 17.4751 17.7147 17.7643 16.8173 16.7553 16.7538 16.7522 16.7506 16.7493 14.9493 13.0247 13.2238 13.2989 13.3773 13.0895 12.8349 12.9480 13.0216 13.0231 13.0231 13.0231 13.0153 12.7640 12.4502 11.7404 11.7404 11.7404 11.7402 11.6979 11.5796 11.3406 11.0656 10.8683 10.7703 10.7549 9.65769 9.56291 9.56291 9.56291 9.55767
11.0035 11.0035 11.0035 10.9941 10.8825 10.7427 10.6030 10.4855 10.7812 12.2451 12.9639 13.9230 14.8453 16.0346 16.0346 16.8648 17.0956 17.0956 17.0956 17.0956 17.0962 17.2361 17.4829 17.7300 17.9738 17.9357 17.7591 17.6070 17.4383 17.2698 16.8750 16.7492 16.7492 16.7456 16.7564 16.7746 16.1734 13.0112 12.8302 12.8324 12.8899 12.9074 13.0231 13.0231 13.0231 13.0231 13.0231 13.0231 13.0231 12.8365 12.7367 11.7859 11.5965 11.4686 11.3408 11.2550 11.2457 11.2070 10.9832 10.9254 10.7703 10.7681 10.0017 9.53520 9.51174 9.44622 9.38131
10.9100 10.7704 10.6306 10.5002 10.4722 10.4722 10.4722 10.4722 10.4752 12.0451 12.4591 13.9214 14.1787 16.0292 16.0346 16.5275 17.0956 17.2146 17.4614 17.7085 17.9548 18.0618 17.9836 17.8151 17.6465 17.4303 17.0591 17.0426 16.9681 16.7818 16.6521 16.4840 16.5022 16.5241 16.5318 16.5318 16.5314 13.3305 12.7696 12.7946 12.8899 12.8899 13.0036 13.0231 13.0231 13.0231 13.0231 13.0115 12.9384 12.7496 12.5019 11.6672 11.2457 11.2457 11.2457 11.2457 11.2453 11.2355 10.9936 10.9415 10.6966 10.5222 10.0469 9.31593 9.26925 9.26465 9.74194
10.4722 10.4722 10.4722 10.4722 10.4722 10.4722 10.4722 10.4722 10.4722 11.5436 12.2451 13.6293 13.9230 15.6990 16.3791 16.7819 17.9335 18.0503 17.9155 17.7467 17.5783 17.4094 17.3182 17.0522 16.5821 16.1224 16.3665 16.4871 16.5797 16.7845 16.8020 16.5350 16.5318 16.5318 16.5318 16.5318 16.5318 14.5107 12.7696 12.7701 12.8767 12.8899 12.9663 13.0101 12.9359 12.8534 12.7709 12.7001 12.6909 12.6636 12.4206 12.0513 11.2396 11.2263 11.2130 11.1996 11.1470 10.9917 10.6778 10.4131 10.1522 10.0698 10.2265 10.6604 11.8618 12.9956 13.6969
10.4722 10.4722 10.4722 10.4722 10.4722 10.4722 10.4722 10.4722 10.4722 10.9971 12.0466 12.7584 13.3918 15.0320 16.7862 16.6176 17.3285 17.3406 16.9772 16.5072 16.0374 15.5721 15.2590 15.2795 15.5042 15.7183 16.4129 16.8252 16.8252 16.8252 16.8252 16.5988 16.5318 16.5318 16.5318 16.5318 16.5318 15.6909 12.7696 12.7551 12.7498 12.7177 12.6744 12.6989 12.6909 12.6909 12.6909 12.6570 12.4633 12.2489 12.2854 12.3264 11.2115 10.9869 10.8290 10.6706 10.5519 10.5452 10.5091 11.3053 12.4720 13.4709 14.3635 14.0482 13.8628 13.8628 13.8628
10.4722 10.4722 10.4722 10.4722 10.4722 10.4515 10.3062 10.1398 9.97290 9.87389 11.3883 11.6511 12.6350 12.7490 15.3712 14.9009 14.9733 15.0358 15.0342 15.2589 15.4839 15.7032 15.7722 15.7722 15.7722 15.7722 16.1170 16.8252 16.8252 16.8252 16.8252 16.6862 16.5318 16.5318 16.5318 16.4750 16.1334 15.7254 12.7682 12.4443 12.4695 12.5577 12.5620 12.5549 12.3442 12.1302 11.9159 11.7356 11.6567 11.4640 11.5837 11.6945 10.8885 10.5605 10.5802 11.1589 12.3770 13.4827 14.4548 14.7116 14.7012 14.5381 14.5338 14.2734 13.8628 13.8419 13.7831
10.4722 10.4646 10.3385 10.1723 9.99748 9.75710 9.61887 9.47744 9.16154 8.87925 9.44029 9.21991 10.0855 10.1221 13.0998 13.2927 13.3882 15.6864 15.7722 15.7722 15.7722 15.7722 15.7722 15.7722 15.7722 15.7722 15.8377 16.8087 16.8252 16.8252 16.8252 16.7326 16.1655 15.7844 15.4032 15.0784 15.0388 15.0388 13.4360 12.1861 11.9743 11.8701 11.6652 11.6801 11.6520 11.4580 11.2606 11.0694 10.9537 10.9730 11.1304 11.6482 11.3331 10.6528 13.5694 14.7298 14.7322 14.7322 14.7322 14.7162 14.7112 14.5736 14.4577 14.2439 13.4754 13.3273 13.2232
10.0126 9.74341 9.56165 9.24522 8.90186 8.64488 8.41051 8.19982 8.16430 8.16430 8.29637 8.21624 8.74008 8.91500 10.6894 12.4270 12.4332 15.3532 15.7722 15.7722 15.7722 15.7722 15.7722 15.7722 15.7722 15.7722 15.7722 16.5513 16.4907 16.1095 15.7284 15.3873 15.0742 15.0333 14.8828 14.6686 14.4545 14.2403 13.3317 11.4616 11.3445 11.1915 10.9529 10.7641 10.9885 11.0091 11.0337 11.0515 11.0523 11.0523 11.0567 11.6225 11.6506 10.7081 12.8183 14.7322 14.7322 14.7293 14.6790 14.5661 14.4497 14.1997 13.8860 13.8779 13.3615 13.2070 13.2070
8.65166 8.41051 8.19982 8.16430 8.16430 8.16430 8.10400 7.76837 7.39915 7.02964 6.86090 7.27864 7.74012 8.71626 9.51278 12.4270 12.4270 14.2988 15.7722 15.7722 15.7722 15.7722 15.7722 15.7558 15.4697 15.0887 14.7074 14.8633 15.3323 15.3216 15.2782 15.2324 14.6943 14.1269 14.0631 14.0631 13.9400 13.3643 12.6693 9.65189 9.00443 9.00204 9.43914 9.72790 11.0523 11.0523 11.0523 11.0523 11.0523 11.0523 11.0523 11.4428 11.6782 10.9835 11.3602 14.5885 14.4829 14.3802 14.3251 14.3176 14.3010 14.2543 13.8795 13.8779 13.5613 13.1661 13.1306
8.16430 8.16430 8.13801 7.84047 7.47097 7.10160 6.79253 6.75880 6.75880 6.75880 6.75984 7.22120 7.34865 8.67644 8.73481 12.0289 12.4270 13.2390 15.7722 15.7640 15.5015 15.1204 14.7391 14.3745 14.2791 14.2521 14.2064 14.3748 15.1679 15.1328 15.1306 15.0471 14.4225 13.0623 12.4368 11.8120 11.3096 11.2607 11.2607 9.54194 8.65925 8.69577 9.41449 9.44382 10.8880 11.0523 11.0523 11.0523 11.0523 11.0523 11.0276 11.1470 11.4772 10.9845 10.1636 13.7252 14.3220 14.3220 14.3220 14.3197 14.2725 14.2354 13.8629 13.6299 13.2313 12.8742 12.8055
7.54307 7.17356 6.83048 6.75880 6.75880 6.75880 6.75880 6.75880 6.75880 6.75880 6.75880 7.07445 7.27864 8.31480 8.71626 10.8676 12.1885 11.8446 14.4851 14.3982 14.2735 14.2333 14.1876 14.1419 14.0963 14.0777 14.1130 14.1886 14.4384 13.8276 13.2025 12.6608 12.3217 11.3068 11.2607 11.2607 11.2607 11.2607 11.2607 10.3549 8.65925 8.65925 9.20761 9.43914 10.4437 11.0523 11.0258 10.9383 10.8488 10.7589 10.6936 10.7258 11.3032 11.2753 10.2117 12.4358 14.2672 14.2316 14.1960 14.0420 13.7236 13.4181 12.9136 12.5099 12.5073 12.3969 11.3760
6.75880 6.75880 6.75880 6.75880 6.75880 6.75880 6.75880 6.75880 6.75880 6.75880 6.75880 6.92588 7.22754 7.71459 8.43149 9.02927 10.9150 10.8694 12.8595 14.1231 14.0848 14.1238 14.1924 14.2687 14.3091 13.9938 13.5298 13.0331 12.4396 12.3282 12.3282 12.3282 12.3282 11.5907 11.2607 11.2607 11.2607 11.2607 11.2607 11.1066 8.71935 8.65925 8.93501 9.32267 9.78875 10.7563 10.6929 10.6905 10.6905 10.6905 10.6727 10.6002 11.0211 11.1437 10.3162 10.6850 13.7276 13.4292 13.1308 12.9528 12.9434 12.8123 11.8366 10.3278 9.06354 8.28097 8.41148
6.75880 6.75880 6.75880 6.75880 6.75880 6.75880 6.75880 6.75880 6.72721 6.61438 6.49741 6.40632 6.75428 6.85245 8.14009 8.12474 10.4402 10.5201 11.5251 14.3691 14.4332 14.0695 13.5730 13.0766 12.6292 12.5523 12.5523 12.5523 12.4568 12.3282 12.3282 12.3282 12.3282 11.9082 11.2607 11.2607 11.2607 11.2607 11.1023 10.5785 8.86557 8.36084 8.36751 9.06970 9.20002 10.6730 10.6337 10.5572 10.4807 10.4043 10.3455 10.1324 10.0088 9.96178 9.21752 8.51735 12.3432 12.8080 12.0284 10.8250 9.54931 8.81291 8.63288 8.19112 8.12572 8.19321 8.42285
6.75880 6.75880 6.75880 6.75880 6.74205 6.63780 6.52079 6.38994 6.22243 6.12678 6.03184 5.92024 5.79451 5.32826 6.53750 6.55693 8.71525 9.85793 9.73272 12.9367 12.6551 12.5523 12.5523 12.5523 12.5523 12.5523 12.5523 12.5523 12.5282 12.3295 12.3282 12.3282 12.3282 12.2208 11.1392 10.6224 10.0844 9.54565 9.16571 9.15116 8.80000 8.27280 8.19776 8.71865 8.82470 10.0220 10.3417 10.1171 9.66943 9.22224 8.74854 8.40681 8.41007 8.91399 8.77419 8.08857 9.02800 8.50048 8.03979 8.03979 8.03979 8.53278 8.63344 8.34678 8.08105 8.00893 8.27266
6.75223 6.66117 6.54421 6.39507 6.20460 6.09712 5.98234 5.87817 5.84248 5.81598 5.79285 5.78961 5.20622 4.18576 5.06203 5.85736 6.72365 9.08437 9.08437 11.3714 12.5523 12.5523 12.5523 12.5523 12.5523 12.5523 12.5523 12.5523 12.5523 12.3649 12.2307 11.7341 11.1958 10.6574 9.39319 9.15116 9.14603 9.08490 9.00846 8.93195 8.76606 7.95451 7.94865 8.10411 8.04094 8.36469 8.57708 8.24571 8.13708 8.02880 7.94623 7.94123 7.94130 8.56532 8.66561 8.21640 8.03979 8.03979 8.03979 8.03979 8.02004 8.25590 8.43141 8.26262 8.09202 8.16442 8.34792
6.18817 6.04754 5.92955 5.84366 5.81598 5.79285 5.78961 5.78961 5.78961 5.72660 5.54229 5.35505 4.92725 3.36384 3.83711 5.53473 5.66790 8.93616 9.08437 10.2763 12.5523 12.5523 12.5523 12.5523 12.5523 12.5523 12.4550 11.8196 11.1018 10.5688 10.2608 10.2186 10.2006 10.1512 9.53347 8.88901 8.81763 8.80227 8.80227 8.66986 8.34351 7.33934 6.82518 6.66477 6.74412 7.01101 7.94123 7.94123 7.94123 7.94123 7.94123 7.94123 7.94123 8.35316 8.66561 8.41742 8.03495 7.96081 7.87169 7.78259 7.71336 7.88231 8.31127 8.30858 8.17636 8.16644 8.25647
5.79285 5.78961 5.78961 5.78961 5.78961 5.75283 5.57857 5.39133 5.20409 5.07986 5.07687 5.07687 5.07327 3.59448 3.38012 5.33826 5.53473 7.94458 9.08437 9.27444 12.4604 12.5523 12.4834 11.8784 11.1603 10.4427 9.82195 9.73718 9.68853 9.76599 10.0805 10.0306 9.99881 9.99825 9.74320 8.64974 8.32068 7.98860 7.65636 7.45660 7.45076 7.04580 6.59714 6.59714 6.70831 6.74928 7.86512 7.94123 7.94123 7.94123 7.94123 7.94123 7.94123 8.15285 8.70365 8.67991 7.75976 7.71755 7.71763 7.71763 7.71763 7.73869 8.30307 8.42088 8.44251 8.50475 8.58170
5.78961 5.77207 5.61484 5.42761 5.24037 5.08991 5.07687 5.07687 5.07687 5.07687 5.07687 5.07687 5.07687 4.14354 3.36384 4.70217 5.53473 6.81899 9.03880 8.46978 10.2230 10.5012 9.85261 9.72402 9.66079 9.59430 9.52778 9.46358 9.44652 9.73548 9.98705 9.81816 9.49422 9.16217 8.83459 7.57158 7.45076 7.45076 7.45076 7.45076 7.45076 7.31244 6.59714 6.59714 6.66654 6.73124 7.54556 7.94123 7.94123 7.95369 7.98007 8.00644 8.03287 8.06839 8.73907 8.77203 7.99430 7.71892 7.79188 7.90643 8.02098 8.13474 8.61748 8.71639 8.58680 8.40954 8.37642
5.27665 5.10695 5.07687 5.07687 5.07687 5.07687 5.07687 5.07687 5.07687 5.07687 5.07687 5.07687 5.07687 4.61340 3.36770 4.20732 5.92354 6.26329 6.42266 6.23171 7.54182 9.56656 9.50004 9.46170 9.80606 10.2555 10.6558 10.9408 10.9797 10.8248 9.42130 8.65509 8.64674 8.64674 8.64674 7.91722 7.45076 7.45076 7.45076 7.45076 7.45076 7.45076 6.72515 6.59714 6.62450 6.74448 7.24719 8.00724 8.03368 8.04764 8.04765 8.04765 8.04765 8.07034 8.70652 9.10702 8.76811 8.21243 8.20173 8.12049 8.03912 7.95857 8.19395 8.52125 8.49089 8.23593 8.09965
5.07687 5.07687 5.07687 5.07687 5.07687 5.07687 5.07687 5.07687 5.07687 5.07687 5.07687 5.16106 5.33452 5.43219 4.21699 4.51870 6.24490 6.21316 6.09795 6.60289 7.51253 10.6901 11.0694 11.3263 11.1457 10.8496 10.5535 10.3257 10.3107 10.3107 9.67110 8.64674 8.64674 8.64674 8.64674 8.27248 7.45076 7.45076 7.45076 7.45076 7.45076 7.41379 6.95973 6.66396 6.69087 6.82259 6.97765 8.04632 8.05216 8.10796 8.17823 8.24856 8.31886 8.36479 8.72558 9.27274 9.08300 7.97743 7.92684 7.86052 7.75185 7.64318 7.62147 7.89207 7.78259 7.66769 7.62658
5.07687 5.07687 5.07687 5.07687 5.07687 5.07687 5.07687 5.13087 5.30030 5.47363 5.68434 5.90675 6.04474 6.18822 5.94502 6.48987 7.73847 8.48673 8.85262 8.88060 8.96969 10.4782 10.5783 10.3349 10.3107 10.3107 10.3107 10.3107 10.3107 10.3107 10.1347 8.65068 8.64674 8.64674 8.64674 8.59241 7.48628 7.41959 7.34434 7.26883 7.19332 7.15475 7.05297 6.70356 6.73275 6.88054 7.00722 8.08853 8.35327 8.36552 8.29531 8.19389 8.09238 7.96841 7.92551 8.74689 8.61435 7.72506 7.37505 7.33282 7.33282 7.33282 7.33378 7.72506 7.77142 7.71221 7.62526
5.07687 5.07687 5.07687 5.10720 5.26615 5.43961 5.68278 5.94035 6.08742 6.26231 6.40439 6.45063 6.49209 6.52807 7.31279 8.16152 8.57726 9.16043 9.25391 9.25144 9.26573 9.73742 10.3107 10.3107 10.3107 10.3107 10.3107 10.3107 10.3107 10.3107 10.3107 8.94232 8.64674 8.62087 8.54642 8.47088 7.53588 7.15504 7.15475 7.16236 7.22264 7.29291 7.35962 7.02434 7.02339 7.05670 7.08250 7.65353 8.01201 7.77672 7.60957 7.47381 7.33805 7.22623 7.21515 8.08833 8.29101 7.86817 7.33282 7.33282 7.33282 7.33282 7.33282 7.56659 7.61916 7.47887 7.06187
5.23216 5.41070 5.68624 5.97244 6.16127 6.34073 6.45022 6.49168 6.52786 6.53294 6.53294 6.53325 6.59318 6.69725 7.12049 8.52640 8.64903 9.37066 9.37238 9.28973 9.26573 9.40814 10.3099 10.3107 10.3107 10.3107 10.3107 10.3107 10.3107 10.2896 10.2164 9.24034 8.40149 8.35179 8.35073 8.39193 7.96594 7.33187 7.40214 7.46482 7.47487 7.47387 7.42291 7.07535 6.82284 6.75183 6.76925 6.90688 7.21515 7.21515 7.21515 7.21515 7.21515 7.21515 7.21515 7.77312 8.29101 8.20064 7.34520 7.31579 7.21116 7.09104 6.97096 7.04227 7.32160 7.32160 6.99013
6.23975 6.41378 6.49126 6.52765 6.53294 6.53294 6.53294 6.53294 6.57384 6.67723 6.78134 6.88509 6.92924 6.92924 6.93753 8.40331 8.55402 9.22016 9.37238 9.32331 9.26573 9.26573 10.1223 10.3107 10.3107 10.2938 10.2225 10.1470 10.0715 10.0170 10.0214 9.65948 8.51602 8.60322 8.69049 8.73652 8.57702 7.47723 7.43616 7.36217 7.28828 7.21529 7.19234 7.06103 6.74219 6.74219 6.76656 6.79555 7.20049 7.21515 7.21515 7.21515 7.21515 7.21515 7.21515 7.45780 8.27825 8.25904 7.28271 6.89847 6.88300 6.88300 6.88300 6.91809 7.31822 7.31186 7.04936
6.53294 6.53294 6.53294 6.53294 6.55802 6.65722 6.76133 6.86540 6.92857 6.92924 6.92924 6.92924 6.92924 6.92924 6.92924 7.95106 8.55402 8.97466 9.37238 9.35708 9.26576 9.25270 9.71005 10.1531 10.0776 10.0188 10.0437 10.1295 10.2167 10.3040 10.3845 10.3577 8.81182 8.74578 8.71210 8.63814 8.56421 7.44181 7.19338 7.19338 7.19338 7.19338 7.19338 7.17959 6.76399 6.74219 6.75477 6.78009 7.09571 7.21515 7.21515 7.21480 7.20182 7.18270 7.16348 7.15616 8.13007 8.21377 7.59543 6.88300 6.88105 6.83335 6.76652 6.69965 6.98282 7.02002 6.94593
6.54602 6.63721 6.74131 6.84538 6.92437 6.92924 6.92924 6.92924 6.92924 6.92924 6.92924 6.92924 6.92924 6.92924 6.92924 7.48988 8.55402 8.72868 9.37531 9.37846 9.10315 8.97864 9.23077 10.1663 10.2536 10.3408 10.3939 10.2387 10.0115 9.78465 9.52410 9.21793 8.71431 8.49529 8.45507 8.45507 8.45507 7.78095 7.19338 7.19338 7.19338 7.19338 7.19338 7.19338 6.89032 6.74219 6.74408 6.77851 6.96134 7.18213 7.16300 7.14414 7.13791 7.13791 7.13791 7.13791 7.79143 8.09313 7.86119 6.66214 6.58831 6.57462 6.58146 6.58831 6.82386 7.03488 7.03450
6.91636 6.92924 6.92924 6.92924 6.92924 6.92924 6.92924 6.92924 6.92924 6.92924 6.92924 6.92924 6.92924 6.92933 6.93156 7.05284 8.54403 8.55885 9.38590 9.57290 9.44779 9.31479 9.15964 9.84143 9.74906 9.52197 9.27229 9.12336 9.04350 8.96367 8.91730 8.91698 8.72331 8.45507 8.45507 8.45507 8.45507 8.15399 7.19338 7.19338 7.19338 7.19338 7.19338 7.19181 6.99567 6.70870 6.68949 6.69771 6.77754 7.13791 7.13791 7.13045 7.07400 7.00872 6.94338 6.87804 7.18182 7.82864 7.83719 6.84213 6.59495 6.59624 6.57731 6.54270 6.64069 7.07317 7.08369
