High_resolution/powerplant/Shangrao/OMI_NO2_200607.asc
ncols      200
nrows      200
xllcorner       115.451
yllcorner       27.0350
cellsize     0.0166667
NODATA_Value      -999.000
[rows 84 to 111 of 165, columns 126 to 188 of 200]
1.17020 1.15625 1.25133 1.16514 1.15873 1.15382 1.14890 1.14397 1.14152 1.14100 1.13973 1.13840 1.10845 1.07571 1.07065 1.06046 1.05237 0.867823 0.859066 0.788023 0.716807 0.707421 0.700740 0.694075 0.687403 0.689054 0.757349 0.745748 0.734524 0.723360 0.711763 0.718556 0.895560 0.893099 0.903419 0.919296 0.935122 0.951052 0.956819 0.870242 0.851178 0.819710 0.776702 0.769949 0.795324 0.940604 0.966311 0.813710 0.884640 0.961602 1.03024 1.08080 1.08826 1.08826 1.08826 1.08826 1.08885 1.09309 1.09803 1.10293 1.10784 1.11276 1.14579
1.17348 1.19900 1.22752 1.13512 1.11452 1.10604 1.09720 1.08796 1.07837 1.06962 1.06250 1.05542 1.02595 0.960502 0.964884 0.974979 0.989605 0.852099 0.799407 0.750150 0.666539 0.666802 0.666816 0.666816 0.666557 0.661397 0.636923 0.627196 0.620931 0.622807 0.640967 0.664172 0.850600 0.908444 0.914014 0.914014 0.914014 0.914014 0.914014 0.858340 0.810417 0.800955 0.777230 0.867504 0.958283 1.17610 1.22872 1.03815 0.988722 0.992855 1.02639 1.08793 1.10759 1.11252 1.11742 1.12233 1.12667 1.12732 1.12732 1.12732 1.12732 1.12732 1.12194
1.30668 1.30304 1.23251 1.08263 1.04017 1.04017 1.04017 1.04017 1.04017 1.04347 1.05315 1.06299 1.06815 0.989111 0.988138 0.988138 0.991067 0.903386 0.799538 0.793659 0.667105 0.662731 0.655720 0.648694 0.641938 0.646693 0.653401 0.666880 0.687242 0.704714 0.706933 0.707842 0.826271 0.914014 0.914014 0.914014 0.914014 0.914014 0.929536 0.965388 0.971324 1.05437 1.11724 1.13964 1.16087 1.26207 1.34835 1.18066 1.02654 1.02731 1.04255 1.10527 1.12732 1.12732 1.12732 1.12732 1.12732 1.12732 1.12665 1.12603 1.12732 1.12732 1.12403
1.30302 1.30302 1.26631 1.10824 1.04017 1.04151 1.05023 1.06007 1.06991 1.07645 1.07661 1.07661 1.07661 1.00416 0.988138 0.988138 0.988844 0.949569 0.787815 0.789462 0.672487 0.651862 0.672232 0.692594 0.712955 0.726721 0.718010 0.706933 0.706933 0.706933 0.706933 0.706933 0.775662 0.918400 0.940360 1.00797 1.08254 1.15703 1.21607 1.23156 1.21151 1.21594 1.23052 1.24617 1.24617 1.28110 1.39119 1.28361 1.02731 1.02731 1.03006 1.09709 1.12732 1.12732 1.12529 1.12097 1.11709 1.11356 1.11079 1.11705 1.12732 1.12732 1.12618
1.30302 1.30323 1.29616 1.15933 1.06699 1.07549 1.07661 1.07661 1.07661 1.07661 1.07661 1.07661 1.07661 1.03197 1.03833 1.08414 1.13173 1.04617 0.889705 0.927495 0.795963 0.727095 0.727095 0.727095 0.727095 0.727298 0.733489 0.735512 0.752798 0.770059 0.790459 0.854240 0.949814 1.19078 1.24496 1.25195 1.25195 1.25195 1.25195 1.25195 1.22851 1.21594 1.22101 1.24617 1.24617 1.24787 1.37932 1.36954 1.03144 1.02736 1.02802 1.07847 1.11304 1.11224 1.11046 1.11045 1.11045 1.11045 1.11045 1.11258 1.11625 1.05734 0.992887
1.32294 1.33093 1.33312 1.22322 1.07876 1.07661 1.07661 1.07661 1.07661 1.07866 1.11322 1.15902 1.20908 1.25177 1.24650 1.28703 1.32299 1.25792 1.05701 1.02471 0.910437 0.779031 0.796318 0.813579 0.830853 0.847949 0.853622 0.871802 0.932017 0.992361 1.04965 1.06357 1.06743 1.21776 1.25195 1.25195 1.25195 1.25195 1.25180 1.24023 1.20664 1.15675 1.13608 1.23293 1.24617 1.24311 1.31677 1.35196 1.09107 1.03142 1.03520 1.07321 1.11410 1.12355 1.12656 1.12963 1.12580 1.07899 1.02367 0.966896 0.888153 0.875043 0.875031
1.33339 1.33339 1.33339 1.26326 1.09965 1.07661 1.09965 1.14544 1.19931 1.28284 1.33348 1.37001 1.40033 1.39412 1.33104 1.33055 1.33006 1.30608 1.15212 1.13435 1.06749 0.876097 0.854109 0.879964 0.940216 1.00056 1.06049 1.06702 1.06357 1.06357 1.06357 1.06357 1.06549 1.17344 1.25726 1.25462 1.24086 1.22676 1.21254 1.21015 1.21159 1.17038 1.16965 1.23893 1.29105 1.28956 1.34034 1.44723 1.25944 1.10267 1.10281 1.13087 1.16375 1.11049 1.04606 0.981585 0.925100 0.916535 0.915199 0.913877 0.890964 0.867284 0.865521
1.33339 1.33339 1.34291 1.34549 1.23896 1.27786 1.33827 1.37392 1.40136 1.40375 1.40326 1.40285 1.40280 1.40253 1.33458 1.32907 1.32907 1.32907 1.18801 1.13917 1.13131 1.01711 1.05029 1.08525 1.08583 1.08623 1.08663 1.07450 1.06735 1.06866 1.07012 1.06653 1.05119 1.15842 1.28882 1.27726 1.27940 1.28973 1.30194 1.31415 1.32630 1.23201 1.20843 1.24321 1.34731 1.34893 1.35599 1.49135 1.38434 1.08353 1.02071 0.956999 0.888979 0.876436 0.875100 0.873764 0.872442 0.871542 0.871542 0.871611 0.888707 0.923277 0.987708
1.38129 1.43656 1.47928 1.48657 1.45451 1.40441 1.41068 1.41768 1.42468 1.43174 1.43879 1.44579 1.45283 1.45988 1.40451 1.38477 1.40690 1.43301 1.37554 1.28769 1.29075 1.17930 1.17339 1.17825 1.18307 1.18791 1.19280 1.15326 1.07913 1.06052 1.04172 1.02797 1.02945 1.09976 1.32602 1.33863 1.34865 1.35055 1.35055 1.35055 1.35055 1.28774 1.22599 1.22922 1.35647 1.32736 1.26952 1.29660 1.24946 0.898181 0.895015 0.894193 0.878986 0.902566 0.950673 1.00065 1.04698 1.09023 1.13066 1.16846 1.18811 1.22145 1.22349
1.35488 1.34339 1.32928 1.31555 1.37218 1.54296 1.54378 1.54378 1.54378 1.54378 1.54378 1.54386 1.55598 1.57687 1.55126 1.52080 1.52485 1.52485 1.49282 1.33985 1.33012 1.25047 1.20195 1.20098 1.18626 1.16745 1.14864 1.11093 1.03154 1.04065 1.04975 1.05886 1.06582 1.10165 1.31015 1.35055 1.35055 1.35055 1.35055 1.35055 1.35055 1.30244 1.15750 1.11124 1.12178 1.10907 1.07526 1.09574 1.18128 1.12925 1.18941 1.25189 1.28856 1.29613 1.18738 1.18738 1.18738 1.18738 1.18738 1.18738 1.18738 1.21074 1.22349
1.26905 1.30549 1.30549 1.30549 1.32642 1.53569 1.54378 1.54378 1.55029 1.57072 1.59162 1.61242 1.62119 1.62119 1.59624 1.52485 1.52485 1.52485 1.52442 1.36738 1.31794 1.25835 1.15183 1.13488 1.13732 1.14643 1.15554 1.16179 1.06873 1.06627 1.06627 1.06627 1.06627 1.08693 1.25679 1.35055 1.34985 1.31637 1.24406 1.17078 1.09746 1.06279 0.972978 0.982132 1.02853 1.12574 1.17069 1.21107 1.29596 1.32421 1.34506 1.34506 1.33359 1.32582 1.20021 1.18738 1.18745 1.21411 1.26215 1.31023 1.35826 1.33541 1.22349
1.22551 1.30549 1.30549 1.30549 1.31423 1.51918 1.58547 1.60636 1.62074 1.62119 1.62119 1.62119 1.62119 1.62119 1.61654 1.52612 1.53041 1.54514 1.55998 1.40786 1.24256 1.22015 1.15788 1.16691 1.16952 1.16952 1.16952 1.16952 1.08713 1.06763 1.07358 1.07991 1.08625 1.09303 1.13579 1.08779 1.03364 1.01318 1.02879 1.11556 1.19843 1.21996 1.15632 1.11644 1.12118 1.20431 1.20658 1.20658 1.27473 1.31244 1.34506 1.34506 1.34282 1.37311 1.33097 1.33029 1.37829 1.39967 1.39967 1.39967 1.39967 1.38417 1.22415
1.18239 1.31801 1.33596 1.35386 1.37407 1.52797 1.62119 1.62119 1.62119 1.62119 1.62119 1.62119 1.62360 1.63709 1.65195 1.58546 1.56104 1.54437 1.52756 1.43911 1.19076 1.18867 1.17736 1.17892 1.18533 1.19165 1.19799 1.20431 1.14951 1.11448 1.09618 1.07225 1.04956 1.03422 1.08985 1.06736 1.06711 1.06711 1.06711 1.12087 1.22025 1.22070 1.19288 1.12898 1.13570 1.18638 1.20658 1.20658 1.26563 1.36779 1.45975 1.50805 1.54684 1.53856 1.48468 1.39898 1.39819 1.39741 1.39666 1.39003 1.36900 1.34771 1.19070
1.22269 1.34825 1.37184 1.37184 1.37242 1.47705 1.62119 1.62119 1.62175 1.63270 1.64756 1.65738 1.65346 1.63803 1.62131 1.55678 1.52482 1.53385 1.54289 1.54773 1.26191 1.23195 1.22669 1.22230 1.23810 1.23718 1.22089 1.19508 1.13586 1.05710 1.05145 1.05145 1.05145 1.05145 1.08693 1.07436 1.06711 1.06721 1.07163 1.09128 1.23236 1.23578 1.22891 1.13621 1.16028 1.22168 1.30450 1.34337 1.37493 1.43938 1.46816 1.46936 1.46298 1.44272 1.48590 1.38357 1.36591 1.34717 1.32845 1.31490 1.31428 1.31428 1.23948
1.22839 1.30469 1.37184 1.37184 1.37184 1.42818 1.64317 1.65093 1.65481 1.65094 1.64317 1.64042 1.64904 1.65807 1.66701 1.63526 1.57397 1.57575 1.58252 1.58924 1.41013 1.29917 1.31234 1.29163 1.22001 1.15320 1.13993 1.13992 1.12393 1.05141 1.05140 1.05139 1.05138 1.05137 1.07039 1.07428 1.06383 1.06852 1.06948 1.07484 1.21177 1.26593 1.29702 1.27545 1.26478 1.27249 1.33947 1.34011 1.34047 1.40263 1.43984 1.45374 1.43698 1.43643 1.47647 1.38167 1.36693 1.36915 1.37137 1.37359 1.37581 1.37801 1.35187
1.22855 1.27409 1.41234 1.43211 1.44599 1.47175 1.65366 1.66766 1.67032 1.67032 1.67035 1.67122 1.67308 1.66926 1.66519 1.64920 1.57201 1.56882 1.56210 1.55803 1.46917 1.25973 1.25387 1.22463 1.08461 1.04770 1.02649 1.01845 1.00938 1.05346 1.05987 1.06583 1.07190 1.07798 1.08816 1.11155 1.11936 1.15023 1.18103 1.20628 1.28247 1.34001 1.34001 1.31007 1.27099 1.27099 1.32938 1.34872 1.36944 1.38997 1.37869 1.38978 1.38820 1.41781 1.47337 1.43616 1.39457 1.39822 1.40041 1.40271 1.40512 1.40764 1.40883
1.47921 1.53044 1.58183 1.59066 1.60602 1.62653 1.55578 1.50196 1.49290 1.48395 1.50483 1.51705 1.51214 1.51185 1.51218 1.51535 1.44076 1.43759 1.44067 1.44086 1.43124 1.16364 1.15042 1.14138 1.03428 0.978311 0.955946 0.961255 0.967020 1.05336 1.08217 1.10194 1.13274 1.16355 1.19544 1.23919 1.20901 1.20875 1.20875 1.20875 1.24793 1.34001 1.34001 1.33109 1.28683 1.30774 1.36716 1.43544 1.44029 1.42455 1.35822 1.42029 1.43525 1.47283 1.54874 1.55496 1.41846 1.41664 1.41664 1.41664 1.41664 1.41664 1.41664
1.69066 1.69066 1.69280 1.69411 1.69411 1.69411 1.57638 1.45849 1.45849 1.45849 1.48147 1.51432 1.51839 1.52245 1.52619 1.52691 1.46705 1.44086 1.44086 1.44086 1.44086 1.24263 1.15091 1.15181 1.08954 1.00523 0.979157 1.00525 1.03608 1.12571 1.20245 1.21364 1.21364 1.21364 1.21364 1.23654 1.21504 1.20875 1.20875 1.20879 1.22791 1.37260 1.39768 1.41979 1.37011 1.36596 1.38773 1.47329 1.48025 1.48593 1.41122 1.47816 1.49568 1.50702 1.56259 1.61794 1.41774 1.41664 1.41664 1.41681 1.42259 1.43105 1.43951
1.69066 1.69066 1.69177 1.69411 1.69411 1.69411 1.62664 1.46006 1.46473 1.46947 1.48143 1.52691 1.52691 1.52691 1.52691 1.52691 1.48618 1.44086 1.44045 1.41635 1.37600 1.26406 1.17597 1.19754 1.20950 1.11494 1.10902 1.10854 1.10854 1.14568 1.21364 1.21364 1.21357 1.21042 1.20564 1.21741 1.22694 1.24638 1.26857 1.28909 1.29738 1.41444 1.45582 1.46091 1.42701 1.39639 1.39648 1.47845 1.49254 1.49254 1.44002 1.45315 1.49568 1.49685 1.55345 1.62758 1.46603 1.43457 1.44303 1.45132 1.45400 1.45400 1.45400
1.69066 1.69066 1.69083 1.69466 1.69896 1.70370 1.69023 1.47696 1.47606 1.47606 1.47606 1.52045 1.52691 1.52691 1.52691 1.51436 1.45608 1.34524 1.30739 1.31494 1.34071 1.35110 1.26393 1.26423 1.27819 1.17980 1.11931 1.09875 1.09396 1.10456 1.18950 1.18472 1.18416 1.20009 1.21866 1.24745 1.28161 1.29044 1.28870 1.28861 1.28861 1.37839 1.46541 1.46541 1.45229 1.42172 1.44625 1.48307 1.49254 1.49254 1.46814 1.43433 1.50866 1.51712 1.57245 1.64500 1.55117 1.45400 1.45400 1.45400 1.45411 1.45529 1.48535
1.69412 1.69886 1.70361 1.71017 1.71169 1.71169 1.71169 1.50909 1.47606 1.47606 1.47606 1.50175 1.48948 1.45146 1.42168 1.41979 1.44079 1.37209 1.38746 1.38604 1.38406 1.38178 1.26452 1.23830 1.24081 1.18993 1.09631 1.07034 1.07043 1.08669 1.20307 1.22847 1.24291 1.24393 1.24393 1.24781 1.27371 1.28849 1.28861 1.28861 1.29026 1.35010 1.51588 1.54521 1.57008 1.50219 1.50243 1.51258 1.52382 1.53505 1.54436 1.47748 1.57394 1.57913 1.61892 1.66832 1.62789 1.47496 1.50054 1.55968 1.61898 1.67719 1.70652
1.70824 1.70824 1.70824 1.70968 1.71169 1.71169 1.71169 1.55784 1.44252 1.39609 1.36257 1.37486 1.44653 1.47034 1.48232 1.48036 1.47838 1.39552 1.37459 1.37454 1.37258 1.36040 1.25737 1.18017 1.16324 1.13927 1.04031 1.11692 1.13603 1.13954 1.21923 1.25002 1.25276 1.25549 1.25823 1.26101 1.29809 1.33215 1.35971 1.38628 1.41274 1.42581 1.61791 1.61700 1.60541 1.58739 1.59726 1.60415 1.61001 1.61597 1.62178 1.56866 1.64349 1.67193 1.68969 1.72040 1.78509 1.63595 1.66337 1.66084 1.65809 1.65534 1.65259
1.70824 1.70824 1.70824 1.70864 1.68955 1.63478 1.59422 1.45187 1.36698 1.39535 1.40510 1.40877 1.47410 1.47494 1.47428 1.46519 1.45122 1.38075 1.32992 1.31763 1.31119 1.31104 1.25451 1.14028 1.13472 1.15788 1.15591 1.19538 1.21027 1.21613 1.28628 1.35296 1.35812 1.37464 1.40204 1.43184 1.50045 1.54184 1.54784 1.53889 1.53005 1.52121 1.66367 1.72843 1.73429 1.74258 1.75118 1.75118 1.75118 1.75118 1.74884 1.73186 1.86232 1.99436 1.99178 1.80737 1.83328 1.66317 1.61413 1.60913 1.59769 1.60157 1.60538
1.62747 1.56585 1.47204 1.35862 1.42545 1.48897 1.49052 1.44162 1.44323 1.45151 1.45355 1.45550 1.47898 1.47352 1.46407 1.46427 1.46948 1.46322 1.43915 1.42757 1.41195 1.40332 1.38707 1.24301 1.22867 1.24004 1.24469 1.25299 1.26766 1.27404 1.34369 1.47978 1.50808 1.52076 1.50936 1.49461 1.50562 1.52508 1.53117 1.53117 1.53117 1.53117 1.62360 1.73744 1.73744 1.73865 1.74981 1.74171 1.73247 1.72323 1.71632 1.72524 1.90366 1.96254 1.98015 1.83010 1.88879 1.75436 1.57934 1.58728 1.60037 1.60045 1.60045
0.784461 0.811044 0.837627 0.864193 0.890572 0.900385 0.900385 0.900385 0.900385 0.903242 0.903882 0.953243 1.19561 1.23692 1.24926 1.18639 1.10723 1.07126 1.05916 1.05916 1.05916 1.05916 1.05916 1.06579 1.12637 1.12649 1.12649 1.20186 1.38415 1.27408 1.22367 1.17205 1.14720 1.15933 1.17045 1.17589 1.25055 1.20546 1.19708 1.20562 1.20562 1.20562 1.20537 1.16392 1.14961 1.12572 1.07858 1.04676 1.00425 0.968380 0.967210 0.967210 0.967210 0.935255 0.939343 0.957282 0.967210 1.02187 0.910380 0.657309 0.814921 0.778700 0.698441
0.900385 0.900385 0.900385 0.900385 0.900385 0.900385 0.900385 0.900385 0.900385 0.902345 0.903882 0.905807 1.17653 1.18249 1.12807 1.11643 1.05916 1.05916 1.05916 1.05916 1.05916 1.05916 1.05916 1.05916 1.11584 1.12649 1.12649 1.13226 1.37934 1.30949 1.22367 1.21013 1.17258 1.17258 1.17258 1.17258 1.22975 1.21825 1.19396 1.20384 1.20066 1.17378 1.12800 1.05492 0.988267 0.965219 0.965167 0.965784 0.967210 0.967210 0.967210 0.955538 0.923487 0.891116 0.858744 0.825847 0.765796 0.717208 0.565590 0.146117 0.552104 0.685546 0.685546
0.900385 0.900385 0.900385 0.900385 0.900385 0.900385 0.900385 0.900385 0.900385 0.901443 0.903882 0.903882 1.11197 1.19561 1.13581 1.12744 1.06281 1.05916 1.05916 1.05916 1.05916 1.05916 1.05916 1.05916 1.09867 1.12649 1.12649 1.12649 1.32826 1.34487 1.22367 1.22309 1.17650 1.17258 1.17261 1.17267 1.20494 1.20879 1.13016 1.08124 1.03709 1.02033 1.02033 1.00497 0.965167 0.960554 0.945181 0.928034 0.864202 0.832793 0.802042 0.782924 0.768018 0.727161 0.685916 0.645221 0.631653 0.633585 0.609840 0.215696 0.405980 0.685546 0.685546
0.900385 0.900385 0.900385 0.900385 0.900385 0.900385 0.900385 0.900385 0.900385 0.900591 0.903836 0.903882 1.04549 1.19561 1.15371 1.12807 1.07683 1.05916 1.05916 1.05916 1.05916 1.05916 1.05916 1.05916 1.08152 1.12649 1.12649 1.12560 1.25494 1.37339 1.22118 1.21510 1.17847 1.15708 1.15394 1.15082 1.14700 1.11982 1.11795 1.11498 1.08385 1.05074 1.01759 0.983642 0.983686 0.975536 0.976817 0.978033 0.827047 0.769728 0.726878 0.684001 0.657344 0.656994 0.656994 0.656994 0.656994 0.656994 0.665707 0.386830 0.290838 0.00000 0.00000
