High_resolution/powerplant/Shangrao/OMI_NO2_201009.asc
ncols      200
nrows      200
xllcorner       115.451
yllcorner       27.0350
cellsize     0.0166667
NODATA_Value      -999.000
[rows 145 to 173 of 175, columns 0 to 65 of 200]
1.10966 1.36865 0.874860 0.869796 0.869796 0.869796 0.869796 0.869796 0.869796 0.869619 0.862941 0.862594 0.862594 0.862594 0.862594 0.862594 0.862594 0.860553 0.785085 0.673426 0.561630 0.450877 0.409361 0.515127 0.475631 0.475631 0.475631 0.475631 0.475631 0.475631 0.475631 0.847770 1.82445 1.82445 1.82445 1.82445 1.82445 1.82445 1.82445 1.82445 1.82445 1.82445 1.82445 1.82445 1.82445 1.82445 1.82445 1.82445 0.00000 0.00000 0.00000 0.00000 0.00000 0.00000 0.00000 0.00000 0.00000 0.00000 0.00000 0.00000 0.00000 0.00000 0.00000 0.00000 0.00000 1.26224
1.06311 1.39099 0.992252 0.869796 0.869796 0.869796 0.869796 0.869796 0.869796 0.869796 0.864806 0.862594 0.862594 0.859056 0.778600 0.666940 0.554963 0.445480 0.409062 0.409062 0.409062 0.409062 0.409062 0.473096 0.475631 0.475631 0.475631 0.475631 0.475631 0.475631 0.475631 0.527561 1.78601 1.82445 1.82445 1.82445 1.82445 1.82445 1.82445 1.82445 1.82445 1.82445 1.82445 1.82445 1.82445 1.82445 1.82445 1.82445 0.00000 0.00000 0.00000 0.00000 0.00000 0.00000 0.00000 0.00000 0.00000 0.00000 0.00000 0.00000 0.00000 1.26224 1.26224 1.26224 1.26224 1.26224
1.05701 1.29008 1.15513 0.869796 0.869796 0.869796 0.869796 0.869796 0.869796 0.864353 0.776362 0.660273 0.548613 0.440355 0.409062 0.409062 0.408539 0.402272 0.398430 0.410854 0.465866 0.546266 0.620580 0.728781 0.475631 0.475631 0.475631 0.475631 0.475631 0.475631 0.475631 0.475631 1.47929 1.82445 1.82445 1.82445 1.82445 1.82445 1.82445 1.82445 1.82445 1.82445 1.82445 1.82445 1.82428 1.78126 1.70555 1.62114 0.00000 0.00000 0.00000 0.00000 0.00000 0.00000 0.00000 0.00000 0.00000 0.00000 0.00000 0.00000 1.26224 1.26224 1.26224 1.26224 1.26224 1.26224
1.05701 1.18314 1.31814 0.869796 0.869796 0.862176 0.772785 0.660944 0.549329 0.442840 0.415343 0.405971 0.398513 0.391767 0.385720 0.382397 0.422100 0.479537 0.523971 0.647859 0.643434 0.611135 0.584875 0.588845 0.475631 0.475631 0.475631 0.475631 0.475631 0.475631 0.475631 0.475631 1.12064 1.82445 1.82445 1.82445 1.82445 1.82445 1.82445 1.80330 1.72984 1.65409 1.57817 1.50238 1.42667 1.39382 1.39382 1.39382 0.00000 0.00000 0.00000 0.00000 0.00000 0.00000 0.00000 0.00000 0.00000 0.00000 0.00000 0.00000 1.26224 1.26224 1.26224 1.26224 1.26224 1.26224
1.05701 1.07857 1.30727 0.721940 0.542708 0.437781 0.408887 0.401417 0.394708 0.388659 0.383174 0.378582 0.423963 0.470915 0.506980 0.540844 0.532923 0.510025 0.504627 0.559286 0.582465 0.582465 0.582465 0.582465 0.475631 0.475631 0.475631 0.475631 0.475631 0.475631 0.475631 0.475631 0.761850 1.81760 1.75426 1.67842 1.60263 1.52671 1.45096 1.39618 1.39382 1.39382 1.39382 1.39382 1.39382 1.39382 1.39382 1.39382 1.39382 0.00000 0.00000 0.00000 0.00000 0.00000 0.00000 0.00000 0.00000 0.00000 0.00000 0.00000 1.26224 1.26224 1.26224 1.26224 1.26224 1.26224
0.951641 0.917957 0.948637 0.640634 0.385822 0.380919 0.379975 0.384253 0.434413 0.501190 0.568242 0.573087 0.515504 0.504627 0.504627 0.504627 0.504627 0.504627 0.504627 0.537377 0.582465 0.582465 0.582465 0.582465 0.475631 0.475631 0.475631 0.475631 0.513779 0.597024 0.680637 0.764158 0.859092 1.37653 1.39382 1.39382 1.39382 1.39382 1.39382 1.39382 1.39382 1.39382 1.39382 1.39382 1.39382 1.39382 1.39382 1.39382 1.39382 0.00000 0.00000 0.00000 0.00000 0.00000 0.00000 0.00000 0.00000 0.00000 0.00000 0.00000 0.00000 1.26224 1.26224 1.26224 1.26224 1.26224
0.911633 0.911633 0.933995 0.807578 0.448851 0.508495 0.575672 0.638453 0.655420 0.655778 0.655778 0.613312 0.504627 0.504627 0.504627 0.504627 0.504627 0.504627 0.504627 0.518565 0.582465 0.582465 0.582465 0.582465 0.639728 0.723295 0.806862 0.890198 0.935709 0.935801 0.935801 0.935801 0.935801 1.24800 1.39382 1.39382 1.39382 1.39382 1.39382 1.39382 1.39382 1.39382 1.39382 1.39382 1.39382 1.39382 1.39382 1.39382 1.39382 0.00000 0.00000 0.00000 0.00000 0.00000 0.00000 0.00000 0.00000 0.00000 0.00000 0.00000 0.00000 1.26224 1.26224 1.26224 1.26224 1.26224
0.801495 0.670866 0.547780 0.480254 0.689192 0.655778 0.655778 0.655778 0.655778 0.655778 0.655778 0.650496 0.509967 0.504627 0.504627 0.504627 0.504627 0.504627 0.504627 0.505559 0.577173 0.587785 0.593450 0.599124 0.935801 0.935801 0.935801 0.935801 0.935801 0.935801 0.935801 0.935801 0.935801 1.12673 1.39382 1.39382 1.39382 1.39382 1.39382 1.39382 1.39382 1.39382 1.39382 1.39382 1.39382 1.39382 1.39382 1.39382 1.39382 1.39382 0.00000 0.00000 0.00000 0.00000 0.00000 0.00000 0.00000 0.00000 0.00000 0.00000 0.00000 1.26224 1.26224 1.26224 1.26224 1.26224
0.401289 0.401289 0.401299 0.443629 0.641261 0.655778 0.655778 0.655778 0.655778 0.655778 0.655778 0.655778 0.547217 0.504627 0.504627 0.504627 0.505160 0.508881 0.513131 0.517385 0.573548 0.605494 0.605494 0.605494 0.935801 0.935801 0.935801 0.935801 0.935801 0.935801 0.935801 0.935801 0.935801 1.00541 1.39382 1.39382 1.39382 1.39382 1.39382 1.39382 1.39382 1.39382 1.39382 1.39382 1.39382 1.39382 1.39382 1.39382 1.39382 1.39382 0.00000 0.00000 0.00000 0.00000 0.00000 0.00000 0.00000 0.00000 0.00000 0.00000 0.00000 0.00000 1.26224 1.26224 1.24544 1.15664
0.401289 0.401289 0.401289 0.428999 0.573655 0.657740 0.655778 0.655778 0.655778 0.655778 0.655778 0.655778 0.590415 0.509143 0.513401 0.517648 0.521368 0.521898 0.521898 0.522521 0.558448 0.605494 0.600110 0.549845 0.935801 0.935801 0.935801 0.935801 0.935801 0.935801 0.935801 0.935801 0.935801 0.936122 1.34178 1.39382 1.39382 1.39382 1.39382 1.39382 1.39382 1.39382 1.39382 1.39382 1.39382 1.39382 1.39382 1.39382 1.34559 1.23990 0.00000 0.00000 0.00000 0.00000 0.00000 0.00000 0.00000 0.00000 0.00000 0.00000 0.00000 0.00000 1.08081 0.978193 0.897856 0.889621
0.401289 0.401289 0.401289 0.414350 0.481486 0.678423 0.655778 0.655778 0.656609 0.660562 0.664818 0.669063 0.649126 0.521898 0.526002 0.538162 0.551744 0.566711 0.576645 0.541802 0.479578 0.436958 0.403260 0.444653 0.935801 0.935801 0.935801 0.935801 0.935801 0.935801 0.935801 0.935801 0.935801 0.935801 1.22069 1.39382 1.39382 1.39382 1.39382 1.39382 1.39382 1.39382 1.37255 1.27730 1.17601 1.07479 0.973328 0.872273 0.818987 0.818987 0.00000 0.00000 0.00000 0.00000 0.00000 0.00000 0.00000 0.00000 0.00000 0.00000 0.00000 0.00000 0.889621 0.889621 0.889621 0.889621
0.401289 0.401289 0.401289 0.402415 0.449086 0.656761 0.665082 0.669331 0.673902 0.689252 0.709956 0.732870 0.758116 0.617208 0.596305 0.542399 0.501515 0.468815 0.441472 0.486835 0.538826 0.547651 0.547651 0.547651 0.935801 0.935801 0.935801 0.935801 0.935801 0.935801 0.935801 0.935801 0.935801 0.935801 1.09945 1.39382 1.38847 1.31035 1.20901 1.10772 1.00644 0.905038 0.825195 0.818987 0.818987 0.818987 0.818987 0.818987 0.818987 0.818987 0.818987 0.00000 0.00000 0.00000 0.00000 0.00000 0.00000 0.00000 0.00000 0.00000 0.00000 0.00000 0.00000 0.889621 0.889621 0.889621
0.404738 0.420705 0.437770 0.454855 0.471231 0.620141 0.745501 0.772250 0.800361 0.807029 0.799350 0.752140 0.676686 0.531511 0.480238 0.528133 0.547651 0.547651 0.547651 0.547651 0.547651 0.547651 0.547651 0.547651 0.935801 0.935801 0.935801 0.935801 0.935801 0.935801 0.935801 0.894879 0.793754 0.692011 0.633381 0.936768 0.842095 0.818987 0.818987 0.818987 0.818987 0.818987 0.818987 0.818987 0.818987 0.818987 0.818987 0.818987 0.818987 0.818987 0.818987 0.00000 0.00000 0.00000 0.00000 0.00000 0.00000 0.00000 0.00000 0.00000 0.00000 0.00000 0.00000 0.889621 0.889621 0.889621
0.467521 0.468659 0.468659 0.468659 0.470497 0.537785 0.796053 0.736702 0.658801 0.563691 0.464785 0.438205 0.437760 0.472009 0.547651 0.547651 0.547651 0.547651 0.547651 0.547651 0.547651 0.547651 0.547651 0.547651 0.935801 0.926807 0.842152 0.740353 0.638610 0.536810 0.435067 0.374246 0.373684 0.373684 0.373684 0.741920 0.818987 0.818987 0.818987 0.818987 0.818987 0.818987 0.818987 0.818987 0.818987 0.818987 0.818987 0.818987 0.818987 0.818987 0.818987 0.00000 0.00000 0.00000 0.00000 0.00000 0.00000 0.00000 0.00000 0.00000 0.00000 0.00000 0.00000 0.889621 0.889621 0.889621
0.468659 0.468659 0.466216 0.477429 0.491154 0.509527 0.458861 0.437760 0.437760 0.437760 0.437760 0.437760 0.437760 0.443487 0.545294 0.547651 0.547651 0.547651 0.547651 0.547651 0.547651 0.547651 0.547651 0.545387 0.483578 0.390772 0.373684 0.373684 0.373684 0.373684 0.373684 0.373684 0.373684 0.373684 0.373684 0.623760 0.818987 0.818987 0.818987 0.818987 0.818987 0.818987 0.818987 0.818987 0.818987 0.818987 0.818987 0.818987 0.818987 0.818987 0.818987 0.00000 0.00000 0.00000 0.00000 0.00000 0.00000 0.00000 0.00000 0.00000 0.00000 0.00000 0.00000 0.889621 0.889621 0.889621
0.477421 0.490673 0.506346 0.508371 0.508371 0.512167 0.475741 0.437760 0.437760 0.437760 0.437760 0.437760 0.437760 0.437760 0.520142 0.547651 0.547651 0.547651 0.547651 0.544975 0.535372 0.525408 0.515458 0.507754 0.373684 0.373684 0.373684 0.373684 0.373684 0.373684 0.373684 0.373684 0.373684 0.373684 0.373684 0.505703 0.818987 0.818987 0.818987 0.818987 0.818987 0.818987 0.810315 0.766077 0.818903 0.818987 0.818987 0.818987 0.818987 0.818987 0.818987 0.818987 0.00000 0.00000 0.00000 0.00000 0.00000 0.00000 0.00000 0.00000 0.00000 0.00000 0.00000 0.00000 0.889621 0.889621
0.508371 0.508371 0.508371 0.508371 0.508371 0.510724 0.496494 0.437760 0.437760 0.437760 0.437760 0.437760 0.437760 0.437760 0.489294 0.544534 0.534781 0.524830 0.514867 0.507584 0.507232 0.507232 0.507232 0.507232 0.373684 0.373684 0.373684 0.373684 0.373684 0.373684 0.373684 0.373684 0.373684 0.373684 0.373684 0.396172 0.810348 0.818987 0.808392 0.760926 0.724900 0.698946 0.681676 0.679574 0.780590 0.818987 0.818987 0.818987 0.818987 0.818987 0.818987 0.818514 0.00000 0.00000 0.00000 0.00000 0.00000 0.00000 0.00000 0.00000 0.00000 0.00000 0.00000 0.00000 1.04026 1.19598
0.508371 0.508371 0.508371 0.508371 0.508371 0.509272 0.511263 0.441837 0.437760 0.437760 0.437760 0.434159 0.424313 0.414358 0.425061 0.507455 0.507232 0.507232 0.507232 0.507232 0.507232 0.507232 0.507232 0.501650 0.373684 0.373684 0.373684 0.373684 0.373684 0.373684 0.373684 0.373684 0.373684 0.373684 0.381294 0.409765 0.654724 0.697708 0.681203 0.679574 0.679574 0.679574 0.679574 0.679574 0.732045 0.818470 0.815636 0.812527 0.809414 0.806305 0.803194 0.801319 0.00000 0.00000 0.00000 0.00000 0.00000 0.00000 0.00000 0.00000 0.00000 0.00000 0.00000 0.00000 1.42214 1.42214
0.508371 0.508371 0.508371 0.508371 0.508371 0.508381 0.512636 0.463415 0.423731 0.413768 0.403813 0.397455 0.397342 0.397342 0.397769 0.496584 0.507232 0.507232 0.505934 0.475670 0.424833 0.358794 0.269538 0.163742 0.373684 0.373684 0.373684 0.373684 0.373684 0.373684 0.382647 0.411199 0.431869 0.446834 0.456192 0.456923 0.568360 0.679574 0.679574 0.679519 0.678376 0.676821 0.675267 0.673710 0.691334 0.801556 0.801280 0.801280 0.801280 0.801280 0.801280 0.801280 0.00000 0.00000 0.00000 0.00000 0.00000 0.00000 0.00000 0.00000 0.00000 0.00000 0.00000 0.00000 0.00000 1.42214
0.508371 0.508371 0.508371 0.531944 0.592098 0.652755 0.579830 0.458501 0.397342 0.397342 0.397342 0.397342 0.397342 0.397342 0.384615 0.407373 0.378882 0.297072 0.186938 0.147930 0.147930 0.147930 0.147930 0.147930 0.373684 0.373684 0.384108 0.412563 0.432840 0.447571 0.456387 0.456923 0.456923 0.456923 0.469537 0.502592 0.572045 0.674190 0.672633 0.671135 0.670721 0.670721 0.670721 0.670721 0.672013 0.786732 0.801280 0.801280 0.801280 0.801280 0.801280 0.801280 0.801280 0.00000 0.00000 0.00000 0.00000 0.00000 0.00000 0.00000 0.00000 0.00000 0.00000 0.00000 0.00000 1.42214
0.589319 0.649928 0.710489 0.747502 0.747933 0.747933 0.671711 0.479456 0.397728 0.393582 0.365995 0.326646 0.274469 0.202010 0.148079 0.147930 0.147930 0.147930 0.147930 0.147930 0.147930 0.147930 0.147930 0.147930 0.433807 0.448266 0.456572 0.456923 0.459141 0.485762 0.519093 0.552424 0.585754 0.619250 0.639986 0.640261 0.640875 0.669210 0.670721 0.670721 0.670721 0.670721 0.670721 0.670721 0.670721 0.736093 0.801280 0.801280 0.801280 0.801280 0.801280 0.801280 0.801280 0.00000 0.00000 0.00000 0.00000 0.00000 0.00000 0.00000 0.00000 0.00000 0.00000 0.00000 0.00000 1.42214
0.747933 0.747933 0.747933 0.747933 0.747970 0.776062 0.835180 0.617477 0.368489 0.160001 0.147930 0.147930 0.147930 0.147930 0.147930 0.147930 0.147930 0.147930 0.147930 0.147930 0.147930 0.147930 0.147930 0.147930 0.502262 0.535648 0.569089 0.602420 0.633551 0.640261 0.640261 0.640261 0.640261 0.640261 0.640261 0.640261 0.640261 0.661758 0.670721 0.670721 0.670721 0.670721 0.670721 0.670721 0.670721 0.700761 0.801280 0.801280 0.801280 0.801280 0.801280 0.801280 0.801280 0.00000 0.00000 0.00000 0.00000 0.00000 0.00000 0.00000 0.00000 0.00000 0.00000 0.00000 0.00000 0.00000
0.749669 0.779372 0.852174 0.939321 1.04453 1.10631 1.10649 0.832327 0.518017 0.147930 0.147930 0.147930 0.147930 0.147930 0.147930 0.147930 0.147930 0.147930 0.147930 0.147930 0.147930 0.147930 0.147930 0.147930 0.640261 0.640261 0.640261 0.640261 0.640261 0.640261 0.640261 0.640261 0.640261 0.640261 0.640261 0.640261 0.640261 0.653681 0.670721 0.670721 0.670721 0.670721 0.670721 0.670721 0.670721 0.682043 0.801227 0.801280 0.801280 0.801280 0.801280 0.801280 0.801280 0.00000 0.00000 0.00000 0.00000 0.00000 0.00000 0.00000 0.00000 0.00000 0.00000 0.00000 0.00000 0.00000
1.05564 1.10594 1.10649 1.10649 1.10649 1.10649 1.10649 0.948612 0.644677 0.147930 0.147930 0.147930 0.147930 0.147930 0.147930 0.147930 0.147930 0.147930 0.147930 0.147930 0.147930 0.147930 0.00000 0.00000 0.641002 0.640261 0.640261 0.640261 0.640261 0.640261 0.640261 0.640261 0.640261 0.640261 0.640261 0.640261 0.640261 0.645609 0.670721 0.670721 0.670721 0.676409 0.696156 0.723018 0.761167 0.799439 0.801280 0.801280 0.801280 0.801280 0.801280 0.801280 0.801280 0.801280 0.00000 0.00000 0.00000 0.00000 0.00000 0.00000 0.00000 0.00000 0.00000 0.00000 0.00000 0.00000
1.10649 1.10649 1.10649 1.10649 1.10649 1.10649 1.10649 1.06385 0.712820 0.237865 0.147930 0.147930 0.147930 0.147930 0.147930 0.147930 0.147930 0.147930 0.00000 0.00000 0.00000 0.00000 0.00000 0.00000 0.653956 0.640261 0.640261 0.640261 0.640261 0.640261 0.640261 0.640261 0.640261 0.640261 0.640261 0.640261 0.640261 0.645464 0.694177 0.725037 0.764048 0.800317 0.801280 0.801280 0.801280 0.801280 0.801280 0.801280 0.789243 0.700452 0.598229 0.495947 0.393666 0.297008 0.00000 0.00000 0.00000 0.00000 0.00000 0.00000 0.00000 0.00000 0.00000 0.00000 0.00000 0.00000
1.10649 1.10649 1.10649 1.10649 1.10649 1.10649 1.10649 1.10649 0.788906 0.457032 0.147930 0.147930 0.147930 0.147930 0.00000 0.00000 0.00000 0.00000 0.00000 1.26653 1.26653 1.26653 1.26653 1.26653 0.676899 0.640261 0.640261 0.640261 0.640261 0.640261 0.640261 0.640261 0.640261 0.646154 0.661996 0.683477 0.714095 0.740059 0.779708 0.801280 0.801280 0.801280 0.799826 0.732782 0.630384 0.528161 0.425879 0.323598 0.233411 0.219804 0.219804 0.219804 0.219804 0.219804 0.00000 0.00000 0.00000 0.00000 0.00000 0.00000 0.00000 0.00000 0.00000 0.00000 0.00000 0.00000
1.10649 1.10649 1.10649 1.10649 1.10649 1.10681 1.12257 1.15294 1.09473 1.15527 0.00000 0.00000 0.00000 0.00000 0.00000 1.26653 1.26653 1.26653 1.26653 1.26653 1.26653 1.26653 1.26653 1.26653 0.711417 0.640261 0.640261 0.640261 0.640261 0.647002 0.663148 0.685085 0.716470 0.740299 0.740359 0.740359 0.740359 0.740359 0.709046 0.560374 0.458093 0.355870 0.254984 0.219804 0.219804 0.219804 0.219804 0.219804 0.219804 0.219804 0.219804 0.219804 0.219804 0.219804 0.219804 0.00000 0.00000 0.00000 0.00000 0.00000 0.00000 0.00000 0.00000 0.00000 0.00000 0.00000
1.10649 1.10667 1.12145 1.15144 1.19276 1.25230 1.27998 1.27998 1.27998 1.27998 1.27998 1.26653 1.26653 1.26653 1.26653 1.26653 1.26653 1.26653 1.26653 1.26653 1.26653 1.26653 1.26653 1.26653 0.740199 0.654895 0.664338 0.686698 0.718910 0.740359 0.740359 0.740359 0.740359 0.740359 0.740359 0.740359 0.740359 0.740359 0.219804 0.219804 0.219804 0.219804 0.219804 0.219804 0.219804 0.219804 0.219804 0.219804 0.219804 0.219804 0.219804 0.219804 0.219804 0.219804 0.219804 0.00000 0.00000 0.00000 0.00000 0.00000 0.00000 0.00000 0.00000 0.00000 0.00000 0.00000
1.19066 1.24956 1.27998 1.27998 1.27998 1.27998 1.27998 1.27998 1.27998 1.27998 1.26830 1.26653 1.26653 1.26653 1.26653 1.26653 1.26653 1.26653 1.26653 1.26653 1.26653 1.26653 1.26653 1.26653 0.740359 0.740359 0.740359 0.740359 0.740359 0.740359 0.740359 0.740359 0.00000 0.00000 0.00000 0.00000 0.00000 0.00000 0.00000 0.219804 0.219804 0.219804 0.219804 0.219804 0.219804 0.219804 0.219804 0.219804 0.219804 0.219804 0.219804 0.219804 0.219804 0.219804 0.219804 0.00000 0.00000 0.00000 0.00000 0.00000 0.00000 0.00000 0.00000 0.00000 0.00000 0.00000
