High_resolution/powerplant/Shangrao/OMI_NO2_200509.asc
ncols      200
nrows      200
xllcorner       115.451
yllcorner       27.0350
cellsize     0.0166667
NODATA_Value      -999.000
[rows 0 to 29 of 200, columns 132 to 197 of 200]
1.43233 1.43233 1.43233 1.43233 1.07350 0.849598 0.849598 0.849598 0.849598 0.849598 0.849598 0.849598 0.849598 0.849598 0.849598 0.649300 0.376721 0.376721 0.376721 0.376721 0.376721 0.376721 0.376721 0.376721 0.376721 0.376721 0.376721 0.376721 0.376721 0.376721 0.376721 0.376721 0.376721 0.389225 0.626023 1.38150 1.37717 1.57034 1.80094 1.96185 2.07811 2.12844 2.11281 2.09806 2.09412 2.09412 2.09412 2.09412 2.09412 2.09412 2.09412 2.09412 2.09412 2.15646 2.37185 2.79988 2.79988 2.79988 2.79860 2.74176 2.56258 2.06523 1.98147 1.90827 1.84388 1.78651
1.43233 1.43233 1.43233 1.43233 1.22897 0.849598 0.849598 0.849598 0.849598 0.849598 0.849598 0.849598 0.849598 0.849598 0.849598 0.755694 0.376721 0.376721 0.376721 0.376721 0.376721 0.376721 0.376721 0.382137 0.445030 0.512160 0.568641 0.616953 0.658634 0.695029 0.727023 0.755396 0.780730 0.800306 0.807801 1.29275 1.58852 2.07922 2.09412 2.09412 2.09412 2.09412 2.09412 2.09412 2.09412 2.09412 2.09412 2.09412 2.09412 2.09412 2.09412 2.09412 2.09412 2.10404 2.33290 2.72617 2.43899 2.19415 2.15339 2.14002 2.12542 1.62381 1.59172 1.59172 1.59172 1.59172
1.43233 1.43233 1.43233 1.43233 1.34045 0.849598 0.849598 0.849598 0.849598 0.849598 0.849598 0.849598 0.849598 0.849598 0.859407 0.879095 0.545548 0.578109 0.619807 0.655826 0.691303 0.750272 0.776142 0.797991 0.802553 0.802553 0.802553 0.802553 0.802553 0.802553 0.802553 0.802553 0.802553 0.802553 0.802553 1.18266 1.39467 2.04420 2.09412 2.09412 2.09412 2.09412 2.09412 2.09412 2.09412 2.09412 2.09412 2.09412 2.09412 2.09412 2.09412 2.09412 2.09412 2.09412 2.28557 2.60265 2.50981 2.14041 2.14069 2.14993 2.21936 1.92283 1.66436 1.64505 1.62889 1.61546
1.43233 1.43233 1.43233 1.43233 1.41852 0.885126 0.892922 0.914177 0.932116 0.947459 0.960742 0.972374 0.982619 0.991711 0.997342 0.997497 0.820571 0.761059 0.761059 0.761059 0.761125 0.798615 0.802553 0.802553 0.802553 0.802553 0.802553 0.802553 0.802553 0.802553 0.802553 0.802553 0.802553 0.802553 0.802553 1.06748 1.32090 1.90449 2.09412 2.09412 2.10116 2.11589 2.13120 2.14730 2.16403 2.18159 2.19993 2.21930 2.23958 2.26080 2.28329 2.30684 2.33196 2.35831 2.57796 2.67964 2.59932 2.26331 2.28526 2.28893 2.24991 2.03946 1.65991 1.65960 1.65960 1.65960
1.23881 1.17515 1.10033 1.01087 0.902341 0.979525 0.997497 0.997497 0.997497 0.997497 0.997497 0.997497 0.997497 0.997497 0.997497 0.997497 0.873791 0.761059 0.763092 0.779424 0.796959 0.836646 0.861551 0.862419 0.802553 0.812542 0.837476 0.862482 0.887525 0.912532 0.937574 0.962617 0.987587 1.01267 1.03771 1.11385 1.26148 1.83519 2.38891 2.41879 2.43447 2.43447 2.43447 2.43447 2.43447 2.43447 2.43447 2.43447 2.43447 2.43447 2.43447 2.43948 2.53606 2.66712 2.91327 2.88786 2.60096 2.22442 2.17962 2.17962 2.17962 2.15103 1.67177 1.65960 1.65960 1.65960
0.849598 0.849598 0.849598 0.849598 0.849598 0.953320 0.997497 0.997497 0.997497 0.999617 1.00645 1.02028 1.04663 1.07099 1.09334 1.11383 1.08447 0.996143 1.01758 1.03493 1.05158 1.08000 1.11266 1.12927 1.14910 1.16433 1.16444 1.16444 1.16444 1.16444 1.16444 1.16444 1.16444 1.16444 1.16444 1.16680 1.22783 1.42829 2.42132 2.43447 2.43447 2.43447 2.43447 2.43447 2.43447 2.43447 2.43447 2.43652 2.52363 2.65451 2.78565 2.91164 2.94601 2.94601 2.97653 2.91224 2.52138 2.28667 2.17739 2.15436 2.12632 2.09834 1.69448 1.48798 1.45309 1.41808
0.974676 1.02455 1.07456 1.12430 1.17430 1.20610 1.20972 1.23466 1.22549 1.23634 1.25282 1.26392 1.26416 1.26416 1.26416 1.26416 1.25382 1.12896 1.12847 1.12847 1.12847 1.13348 1.15613 1.15613 1.16162 1.16444 1.16444 1.16444 1.16444 1.16444 1.16444 1.16444 1.16444 1.16444 1.16444 1.16444 1.21117 1.22839 2.27254 2.43447 2.43447 2.43447 2.43447 2.43498 2.51110 2.64200 2.77316 2.90179 2.92052 2.87751 2.83469 2.79172 2.74885 2.70598 2.66301 2.61362 2.20140 2.04187 1.86955 1.86458 1.86458 1.86458 1.64716 1.26579 1.26579 1.26579
1.50756 1.50756 1.50756 1.50756 1.50756 1.48619 1.32736 1.32648 1.28188 1.26416 1.26416 1.26416 1.26416 1.26416 1.26416 1.26416 1.26416 1.14915 1.12847 1.12847 1.12847 1.12867 1.15424 1.15613 1.15949 1.16444 1.16444 1.16444 1.16444 1.16444 1.16444 1.16444 1.16444 1.16444 1.16444 1.16444 1.19332 1.21591 1.92769 2.34702 2.36820 2.45643 2.54433 2.63209 2.64402 2.60114 2.55827 2.51553 2.49801 2.49801 2.49801 2.49801 2.49801 2.49801 2.49801 2.51342 2.15232 2.07382 1.86458 1.86458 1.86458 1.86458 1.81310 1.27305 1.27912 1.28993
1.50756 1.50756 1.50756 1.50756 1.50756 1.50756 1.34552 1.32648 1.29644 1.26416 1.26416 1.26416 1.26416 1.26416 1.26416 1.26416 1.26416 1.17970 1.12847 1.12847 1.12847 1.12847 1.14775 1.15613 1.15773 1.16444 1.16444 1.16149 1.11865 1.06296 1.00748 0.951951 0.896421 0.840891 0.785470 0.729831 0.567884 0.149514 0.705267 2.43057 2.49801 2.49801 2.49801 2.49801 2.49801 2.49801 2.49801 2.49801 2.49801 2.49801 2.49801 2.49801 2.48988 2.45144 2.41328 2.38695 2.16070 2.06405 1.99704 2.02586 2.05127 2.07780 2.10547 1.60546 1.41430 1.41430
1.50756 1.50756 1.50756 1.50756 1.50756 1.50756 1.37662 1.32648 1.31427 1.26416 1.26416 1.26416 1.26416 1.26416 1.26416 1.26416 1.26416 1.21024 1.14585 1.18769 1.22979 1.27182 1.17616 0.945866 0.905584 0.741992 0.682507 0.629931 0.617348 0.617348 0.617348 0.617348 0.617348 0.617348 0.617348 0.617348 0.570525 0.134196 0.154246 2.31463 2.49801 2.49774 2.47165 2.43172 2.39529 2.36175 2.33086 2.30226 2.27576 2.25111 2.22822 2.20673 2.19023 2.18874 2.18874 2.19126 2.13191 2.01456 2.08633 2.12565 2.12565 2.12565 2.09922 1.74320 1.44218 1.45862
1.50756 1.50756 1.50756 1.50756 1.50756 1.50756 1.41920 1.32648 1.32765 1.29912 1.33556 1.37763 1.41973 1.46172 1.50375 1.54582 1.58789 1.60655 1.51892 1.51907 1.51907 1.51907 1.36229 0.791403 0.791403 0.668755 0.617348 0.617348 0.617348 0.617348 0.617348 0.617348 0.617348 0.617348 0.617348 0.617348 0.615017 0.184745 0.134196 1.81760 2.49801 2.37204 2.18874 2.18874 2.18874 2.18502 2.16264 2.13823 2.11503 2.09265 2.07103 2.05032 2.03023 2.01100 1.99239 1.97438 1.96557 2.08735 2.15031 2.11218 1.96841 1.82691 1.69112 1.71183 1.75458 1.78325
1.47915 1.43886 1.40570 1.37785 1.35417 1.33380 1.34614 1.82804 1.89223 1.72222 1.65476 1.65476 1.65476 1.65476 1.65476 1.65476 1.65476 1.65369 1.52730 1.51907 1.51907 1.51907 1.50724 0.810150 0.763544 0.684308 0.617348 0.617348 0.617348 0.617348 0.625631 0.650775 0.676437 0.702025 0.727650 0.753239 0.778827 0.540482 0.427481 1.00326 2.09915 2.05809 1.92310 1.90720 1.89201 1.87935 1.87781 1.87781 1.87781 1.87781 1.87781 1.87781 1.87781 1.87781 1.86035 1.71908 1.54311 1.67808 1.68402 1.73417 1.77612 1.78340 1.78340 1.78340 1.78340 1.78340
1.28417 1.28417 1.28417 1.28417 1.28417 1.28417 1.28417 1.81052 1.91238 1.78106 1.65476 1.65476 1.65476 1.66162 1.68110 1.70234 1.73242 1.77206 1.70737 1.71412 1.76530 1.82178 1.87792 1.10289 0.841392 0.866980 0.892568 0.918156 0.943744 0.969370 0.986675 0.987119 0.987119 0.987119 0.987119 0.987119 0.987119 0.758886 0.539604 0.629202 1.86827 1.98035 1.89008 1.87781 1.87781 1.87781 1.87781 1.87781 1.87781 1.87781 1.86644 1.73490 1.55123 1.33901 1.12036 1.08384 1.09135 1.39608 1.71351 1.77977 1.78340 1.78340 1.78340 1.79272 1.80972 1.82667
1.28694 1.28417 1.28445 1.29670 1.31483 1.33306 1.35124 1.74375 2.01587 1.99725 1.93852 1.99475 2.05677 2.10630 2.12499 2.14324 2.15194 2.15194 2.11548 2.07862 2.07862 2.07862 2.07862 1.53542 0.987119 0.987119 0.987119 0.987119 0.987119 0.987119 0.987119 0.987119 0.987119 0.987119 0.987119 0.987119 0.987119 0.858324 0.539604 0.558842 1.56596 1.98035 1.91100 1.87781 1.87781 1.87781 1.87130 1.75060 1.56928 1.35973 1.13447 1.08384 1.10445 1.15363 1.20292 1.25221 1.28018 1.32641 1.78830 1.87673 1.93129 1.94829 1.96529 1.97291 1.97291 1.97291
1.44699 1.49981 1.51771 1.52372 1.52372 1.52372 1.52372 1.74592 2.15194 2.15194 2.15194 2.15194 2.15194 2.15194 2.15194 2.15194 2.15194 2.15194 2.13200 2.07862 2.07862 2.07862 2.07862 1.79671 0.987119 0.987119 0.987119 0.987119 0.987119 0.987119 0.987119 0.987119 0.987119 0.987119 0.987119 0.987119 0.987119 0.955703 0.541663 0.539604 1.13081 1.98449 1.97132 1.84002 1.70778 1.55526 1.38717 1.37533 1.42462 1.47417 1.52341 1.57275 1.60143 1.60159 1.60159 1.60159 1.59597 1.27817 1.83256 1.89495 1.97291 1.97291 1.97291 1.97291 1.97291 1.97291
1.44214 1.52372 1.52372 1.52372 1.52372 1.52372 1.52372 1.59396 2.15181 2.15194 2.15194 2.15194 2.15194 2.15194 2.15194 2.15194 2.15194 2.15194 2.14780 2.07933 2.07862 2.07862 2.07862 2.03464 1.01021 0.987119 0.987119 0.987119 0.987119 0.987119 0.987119 0.989556 1.04418 1.14513 1.24374 1.33911 1.43148 1.52082 1.04669 0.807464 1.35563 1.97239 1.71162 1.60159 1.60159 1.60159 1.60159 1.60159 1.60159 1.60159 1.60159 1.60159 1.60159 1.60159 1.60159 1.60159 1.60087 1.32158 1.71804 1.85037 1.97291 1.97291 1.97291 1.97291 1.97291 1.97291
1.40308 1.52372 1.52372 1.52372 1.52372 1.52372 1.52372 1.52372 2.07001 2.15194 2.15194 2.15194 2.15194 2.15194 2.15194 2.15194 2.15194 2.15194 2.15194 2.09171 2.07862 2.07862 2.07147 2.05704 1.30815 1.22192 1.33413 1.44207 1.54603 1.64627 1.74285 1.83129 1.85177 1.85178 1.85178 1.85178 1.85178 1.85178 1.50084 0.945013 1.28774 1.61728 1.61727 1.60266 1.60159 1.60159 1.59893 1.59243 1.58590 1.57939 1.57285 1.56634 1.55981 1.55329 1.54678 1.54024 1.53446 1.34779 1.52862 1.77885 1.97001 1.97291 1.97291 1.97291 1.97291 1.97291
1.36485 1.52293 1.52372 1.52372 1.52372 1.52372 1.52372 1.52372 1.91793 2.15194 2.15194 2.15194 2.15149 2.14431 2.13399 2.12235 2.10914 2.08774 2.00403 1.85179 1.72413 1.63861 1.58281 1.62733 1.85154 1.85178 1.85178 1.85178 1.85178 1.85178 1.85178 1.85178 1.85178 1.85178 1.85178 1.85178 1.85178 1.85178 1.65818 0.945013 1.07277 1.61715 1.61728 1.56823 1.54397 1.53744 1.53358 1.53355 1.53355 1.53355 1.53355 1.54808 1.57299 1.59782 1.62257 1.64760 1.67255 1.59947 1.44683 1.55488 1.60847 1.59362 1.54320 1.48808 1.42827 1.36190
1.35241 1.49631 1.52372 1.52502 1.54627 1.57708 1.61213 1.65229 1.86363 2.07109 2.03739 1.93310 1.82503 1.75544 1.70637 1.66528 1.63044 1.60269 1.59755 1.57033 1.52423 1.52423 1.52423 1.53383 1.84041 1.85178 1.85178 1.85178 1.85178 1.85178 1.85178 1.85178 1.85178 1.85178 1.85178 1.84344 1.81306 1.78149 1.69605 1.34425 1.36524 1.83431 1.90212 1.83853 1.77306 1.79797 1.82296 1.84771 1.87262 1.89753 1.92232 1.93274 1.93274 1.93274 1.93274 1.93274 1.93274 1.91635 1.53120 1.25912 1.22578 1.16693 1.16693 1.16693 1.16693 1.16693
1.48874 1.69572 1.87654 1.96269 1.98484 1.98326 1.98201 1.98099 1.98015 1.70740 1.60088 1.59755 1.59755 1.59755 1.59755 1.59755 1.59755 1.59755 1.59755 1.58686 1.52387 1.50355 1.47198 1.44041 1.65075 1.70481 1.67324 1.64167 1.61010 1.57849 1.54692 1.51535 1.48377 1.45220 1.42063 1.39740 1.39621 1.39621 1.40190 2.01985 2.14258 2.19935 2.21607 2.14250 1.93274 1.93274 1.93274 1.93274 1.93274 1.93274 1.93274 1.93274 1.93274 1.93274 1.92367 1.86319 1.80222 1.74875 1.47601 1.29697 1.58941 1.93682 2.12432 2.28347 2.41985 2.53775
1.75998 1.85580 1.97953 1.97896 1.97886 1.97886 1.97886 1.97759 1.95532 1.74255 1.56492 1.54654 1.51358 1.49646 1.47919 1.46205 1.44485 1.42764 1.41048 1.39286 1.10466 1.06867 1.06867 1.06867 1.22681 1.39621 1.39621 1.39621 1.39621 1.39621 1.39621 1.39621 1.39621 1.39621 1.39621 1.39621 1.39621 1.39621 1.39621 1.83559 2.14258 2.18396 2.21607 2.21163 1.94407 1.93274 1.93274 1.93274 1.93274 1.93274 1.90278 1.84301 1.79694 1.75887 1.76268 2.00454 2.05137 2.07385 2.02436 1.99026 2.35678 2.87433 2.91305 2.95164 2.99028 3.02892
1.51700 1.52392 1.81551 1.79564 1.77742 1.76082 1.74551 1.73226 1.72919 1.66267 1.47498 1.45873 1.37146 1.37146 1.37146 1.37146 1.37146 1.37146 1.37146 1.37146 1.16083 1.06867 1.06867 1.06867 1.14299 1.39621 1.39621 1.39621 1.39621 1.39621 1.39621 1.39621 1.39621 1.39621 1.39621 1.39621 1.39621 1.39621 1.39621 1.69536 2.14258 2.16222 2.21607 2.21344 1.99867 1.94311 1.87031 1.78447 1.71281 1.65204 1.61226 1.58540 1.55370 1.52211 1.49373 1.84277 1.84985 1.84909 1.93867 2.12580 2.36330 2.99600 3.09714 3.09714 3.09714 3.09714
1.31695 1.31856 1.69811 1.72919 1.72919 1.72919 1.72919 1.72919 1.72919 1.72060 1.48286 1.47365 1.37817 1.37146 1.37146 1.37146 1.37146 1.37146 1.37146 1.37146 1.22897 1.06867 1.06867 1.06867 1.07493 1.38046 1.39621 1.39621 1.39621 1.39621 1.39621 1.39621 1.39621 1.39621 1.39621 1.39459 1.37100 1.33984 1.30752 1.46388 1.96175 1.92756 1.73577 1.63023 1.52555 1.45166 1.43615 1.43615 1.43615 1.43615 1.43615 1.43615 1.43615 1.43615 1.43615 1.71920 1.84909 1.84909 1.87416 2.12607 2.24478 2.82546 3.09714 3.09714 3.09714 3.09714
1.31695 1.31695 1.60572 1.72919 1.72919 1.72919 1.72919 1.72919 1.72919 1.72919 1.54011 1.47498 1.40822 1.37146 1.37146 1.37146 1.37146 1.37146 1.37146 1.37146 1.29713 1.06867 1.06867 1.06867 1.06867 1.30297 1.39739 1.39924 1.39421 1.36861 1.34084 1.31211 1.28252 1.25192 1.22029 1.18967 1.18293 1.21263 1.26062 1.33463 1.82227 1.67933 1.51748 1.45366 1.44875 1.43615 1.43615 1.43615 1.43615 1.43615 1.43146 1.41568 1.39945 1.38313 1.36689 1.53026 1.74732 1.73100 1.71480 1.93330 1.93679 2.50017 3.09714 3.09714 3.09714 3.09714
1.31695 1.31695 1.51178 1.72919 1.72919 1.72919 1.72919 1.72919 1.72919 1.72919 1.60599 1.47498 1.43476 1.37146 1.37146 1.37146 1.37207 1.38025 1.38979 1.39844 1.39646 1.15734 1.12352 1.09638 1.07128 1.16680 1.26606 1.21835 1.18510 1.18293 1.18293 1.18293 1.18571 1.22717 1.27251 1.30982 1.34115 1.35432 1.35432 1.35432 1.74250 1.73606 1.57551 1.47740 1.48287 1.35014 1.32648 1.31021 1.29394 1.27772 1.26607 1.26561 1.26561 1.26561 1.26561 1.34201 1.67726 1.67151 1.66543 1.83235 1.91231 2.23747 3.09714 3.09714 3.09714 3.09714
1.31695 1.31695 1.41783 1.72919 1.72919 1.72919 1.72919 1.72633 1.70422 1.68003 1.64197 1.48779 1.47624 1.42169 1.40278 1.36644 1.33223 1.29312 1.25211 1.21111 1.17010 0.985872 0.944405 0.944405 0.944405 0.989440 1.20927 1.18293 1.19311 1.24089 1.28889 1.33836 1.37676 1.39358 1.40416 1.41415 1.42356 1.43248 1.44090 1.44890 1.65627 1.77752 1.62633 1.49358 1.48744 1.29267 1.22770 1.22157 1.21548 1.20935 1.20320 1.19704 1.19092 1.18484 1.18159 1.18386 1.53071 1.57537 1.58027 1.68834 1.88909 2.04522 3.01351 3.09714 3.09714 3.09714
1.29803 1.28845 1.29301 1.61301 1.60154 1.58397 1.56742 1.57004 1.59904 1.63033 1.71970 1.38702 1.32166 1.16941 1.14626 1.14626 1.14626 1.14626 1.14626 1.14626 1.14617 1.01983 0.919187 0.904566 0.911402 0.948699 1.15924 1.18044 1.20191 1.47507 1.51800 1.53234 1.54654 1.56071 1.57491 1.58908 1.60326 1.61743 1.63161 1.64578 1.64724 1.71347 1.58086 1.42268 1.41476 1.28489 1.16732 1.16732 1.16742 1.17140 1.17702 1.18225 1.18712 1.19168 1.19377 1.19377 1.42863 1.56728 1.61547 1.69739 2.05142 2.20789 2.73468 2.90675 2.74312 2.58092
1.25395 1.28498 1.31625 1.59140 1.68800 1.71925 1.75050 1.76528 1.76528 1.76528 1.79307 1.46262 1.28036 1.15346 1.07773 1.05583 1.03526 1.01594 0.997681 0.980488 0.964272 0.977758 1.07858 1.12003 1.14815 1.15971 1.29505 1.33892 1.33892 1.55959 1.65765 1.65765 1.65765 1.65765 1.65765 1.65765 1.65765 1.65765 1.65765 1.65765 1.65328 1.69577 1.62645 1.45781 1.41196 1.34252 1.18307 1.18789 1.19232 1.19377 1.19377 1.19377 1.19378 1.19923 1.20824 1.21109 1.33858 1.45599 1.39834 1.31787 1.54787 1.43284 1.48764 1.74648 1.73079 1.71330
1.46896 1.48426 1.49922 1.65272 1.75358 1.75186 1.75015 1.74845 1.74673 1.74503 1.74508 1.59299 1.25468 1.09551 0.946274 0.946274 0.946274 0.946274 0.946274 0.946274 0.946274 0.966039 1.16177 1.16461 1.16461 1.16461 1.24517 1.34255 1.33892 1.48345 1.65765 1.65765 1.65765 1.65765 1.65765 1.65765 1.65765 1.65765 1.66317 1.69245 1.71990 1.71613 1.70591 1.58234 1.47524 1.38765 1.19557 1.18737 1.17987 1.17928 1.17665 1.17091 1.16460 1.15225 1.13696 1.12916 1.11602 1.07834 1.01278 1.00276 1.14204 1.03653 1.09526 1.53764 1.53764 1.53764
1.64146 1.64222 1.64297 1.67537 1.73954 1.73954 1.73954 1.73954 1.73954 1.73954 1.73954 1.72072 1.25446 1.17006 0.946274 0.946274 0.946274 0.946274 0.946274 0.946274 0.946274 0.946283 1.12537 1.16461 1.16461 1.16461 1.19672 1.35082 1.33892 1.40732 1.65765 1.65765 1.66325 1.69000 1.71844 1.74326 1.76448 1.78312 1.79667 1.79734 1.78448 1.72597 1.68946 1.54612 1.45361 1.33117 1.14839 1.10394 1.10385 1.09803 1.09492 1.09492 1.09492 1.09492 1.09492 1.09492 1.09470 1.06359 1.01340 0.994843 1.08682 1.09116 1.03396 1.51159 1.53764 1.53764
