High_resolution/powerplant/Shangrao/OMI_NO2_200907.asc
ncols      200
nrows      200
xllcorner       115.451
yllcorner       27.0350
cellsize     0.0166667
NODATA_Value      -999.000
[rows 116 to 144 of 200, columns 0 to 65 of 200]
1.29882 1.29882 1.29882 1.55684 1.77253 1.80533 1.97612 2.16632 2.33543 2.40316 2.47557 2.50131 2.50131 2.50240 2.52063 2.54472 2.56880 2.59292 2.61477 2.48344 2.44018 2.47960 2.48394 2.48394 2.51335 2.51811 2.51811 2.51811 2.51811 2.51811 2.51811 2.51811 2.51811 2.51811 2.51339 2.45676 2.38575 2.34048 2.32145 1.98922 1.73978 1.57242 1.41847 1.38818 1.43265 1.53491 1.53491 1.53491 1.53491 1.53491 1.49571 1.42935 1.42935 1.42935 1.36401 1.32117 1.32117 1.32117 1.32117 1.32117 1.32117 1.32117 1.32117 1.32117 1.31879 1.27824
1.33151 1.37361 1.65661 2.05753 2.33440 2.49380 2.51324 2.51324 2.51359 2.51949 2.54156 2.56569 2.58977 2.61279 2.61867 2.61867 2.61867 2.61867 2.61867 2.53933 2.44014 2.46541 2.48394 2.48394 2.50430 2.51811 2.51811 2.51811 2.51811 2.51811 2.51681 2.46901 2.41284 2.42104 2.44110 2.51295 2.59940 2.67242 2.03491 1.65254 1.38818 1.38818 1.38818 1.38818 1.39345 1.52886 1.53491 1.53491 1.53491 1.53491 1.52405 1.42961 1.42935 1.42935 1.39376 1.32117 1.32117 1.32117 1.32117 1.32117 1.31964 1.28130 1.22727 1.17333 1.12169 1.10829
2.33991 2.67825 2.77566 2.77566 2.55375 2.55038 2.57446 2.59858 2.62232 2.62385 2.61867 2.61867 2.61867 2.61867 2.61867 2.61867 2.61867 2.61867 2.61867 2.59496 2.44030 2.45312 2.48394 2.48394 2.49525 2.51811 2.51811 2.49810 2.50716 2.52255 2.53923 2.60235 2.67372 2.68103 2.68103 2.68103 2.68103 2.68077 2.24952 1.72775 1.38818 1.38818 1.38818 1.38818 1.38818 1.48896 1.53491 1.53491 1.53491 1.53491 1.53491 1.44030 1.42935 1.42935 1.42214 1.32255 1.32032 1.28430 1.23038 1.17637 1.12392 1.10829 1.10829 1.10829 1.10829 1.10829
2.77566 2.77566 2.77566 2.77566 2.67718 2.63060 2.63060 2.63060 2.63060 2.62703 2.61867 2.61867 2.61867 2.61867 2.61867 2.61867 2.61867 2.61867 2.61867 2.61867 2.47245 2.44277 2.50245 2.55845 2.57725 2.62375 2.63941 2.67494 2.68103 2.68103 2.68103 2.68061 2.66507 2.64190 2.61881 2.59561 2.57250 2.54963 2.35471 1.70334 1.40259 1.38818 1.38818 1.38818 1.38818 1.44372 1.53491 1.53491 1.53491 1.53491 1.53491 1.45843 1.42891 1.39559 1.34165 1.20333 1.12637 1.10829 1.10829 1.10829 1.10829 1.11498 1.14187 1.17021 1.19851 1.22682
2.77566 2.77566 2.77566 2.77566 2.72052 2.63060 2.63060 2.63060 2.63060 2.62998 2.61889 2.61867 2.61867 2.61867 2.61867 2.61867 2.61867 2.62572 2.66988 2.69171 2.57114 2.52399 2.65027 2.64770 2.64686 2.67361 2.66423 2.64102 2.61793 2.59478 2.57160 2.54893 2.54130 2.54130 2.54130 2.54130 2.54130 2.54130 2.53014 1.76538 1.49838 1.38818 1.38818 1.38818 1.38818 1.40020 1.53324 1.53491 1.53471 1.48892 1.40791 1.30800 1.23717 1.21647 1.21647 1.16195 1.12330 1.15160 1.17989 1.20820 1.23652 1.25814 1.25954 1.25955 1.26490 1.27376
2.77566 2.77566 2.77566 2.77566 2.77105 2.63568 2.63060 2.63060 2.63060 2.63060 2.62146 2.61867 2.62266 2.66326 2.71277 2.75310 2.69500 2.60332 2.47441 2.36882 2.47118 2.71141 3.00087 3.34636 3.53991 3.08116 2.54130 2.54130 2.54130 2.54130 2.54130 2.54130 2.54130 2.54130 2.54130 2.54130 2.54130 2.54130 2.54130 1.98397 1.58754 1.38818 1.38818 1.38818 1.38818 1.37910 1.40268 1.33160 1.25068 1.21559 1.21585 1.23255 1.28730 1.30324 1.31905 1.33540 1.35397 1.36287 1.37178 1.38066 1.38960 1.39844 1.40733 1.41615 1.41975 1.41975
2.77566 2.77566 2.77566 2.77566 2.77566 2.65975 2.63060 2.63238 2.66862 2.71807 2.76162 2.80451 2.77052 2.64515 2.58198 2.60211 2.72062 2.86579 3.01095 3.15526 3.21252 3.31844 3.45669 3.78407 3.78407 3.44712 2.54130 2.54130 2.54130 2.54130 2.54130 2.54130 2.54130 2.54130 2.54130 2.54130 2.54130 2.54130 2.54130 2.21373 1.65996 1.38199 1.36325 1.34411 1.32501 1.31584 1.27920 1.23556 1.24603 1.25648 1.26667 1.27463 1.40979 1.41284 1.41284 1.41295 1.41934 1.41975 1.41975 1.41975 1.41975 1.41975 1.41975 1.41975 1.41975 1.41975
2.77566 2.77566 2.77566 2.77566 2.77566 2.76447 2.81046 2.85814 2.82004 2.66897 2.58587 2.90242 2.99287 3.13803 3.21224 3.21224 3.21332 3.22773 3.24783 3.27033 3.29572 3.40969 3.49239 3.77327 3.78407 3.73904 2.57859 2.54130 2.54130 2.54130 2.54130 2.54130 2.54130 2.54130 2.54130 2.54130 2.54130 2.53874 2.52683 2.41570 1.66949 1.35533 1.33688 1.34734 1.35779 1.36737 1.35433 1.26981 1.26981 1.26981 1.26981 1.26981 1.38972 1.41284 1.41284 1.41284 1.41757 1.41975 1.41975 1.41975 1.41975 1.41975 1.41975 1.41975 1.41975 1.41975
2.77566 2.77566 2.77187 2.73914 2.65970 2.44189 2.51948 2.36600 2.26373 2.26112 2.27900 3.16344 3.22522 3.24500 3.26719 3.29216 3.31865 3.32504 3.32504 3.32504 3.32504 3.36580 3.48209 3.69913 3.78407 3.78407 2.86281 2.54130 2.54130 2.54130 2.54130 2.54130 2.54130 2.53992 2.52899 2.48428 2.32426 2.15611 1.99768 1.83946 1.69970 1.49928 1.36918 1.36918 1.36918 1.36918 1.36918 1.28551 1.26981 1.26981 1.26981 1.26981 1.36370 1.41284 1.41284 1.41284 1.41567 1.41975 1.41975 1.41975 1.41975 1.41975 1.41975 1.41893 1.41275 1.38725
2.62512 2.38777 2.08443 1.80990 1.58225 1.55514 2.19782 2.24211 2.20679 2.16729 2.12275 2.94397 3.32504 3.32504 3.32504 3.32504 3.32504 3.32504 3.32504 3.32504 3.32504 3.32780 3.47118 3.61472 3.78407 3.78407 3.19189 2.54130 2.54130 2.54074 2.49609 2.33487 2.16376 1.99521 1.83518 1.70957 1.69902 1.69902 1.69902 1.69902 1.69863 1.58321 1.36918 1.36918 1.36918 1.36918 1.36918 1.31598 1.26981 1.26981 1.26981 1.26981 1.33289 1.41284 1.41284 1.41284 1.41378 1.41975 1.41975 1.41911 1.41328 1.40634 1.36574 1.31148 1.29120 1.28384
1.62512 1.55514 1.55514 1.55514 1.55514 1.55514 1.89221 2.05688 2.05688 2.05688 2.05688 2.60792 3.32504 3.32504 3.32504 3.32504 3.32504 3.32504 3.32504 3.32504 3.32504 3.32504 3.42514 3.53032 3.78407 3.74596 3.32531 2.17445 2.00397 1.83404 1.70790 1.69902 1.69902 1.69902 1.69902 1.69111 1.67496 1.65882 1.64268 1.62655 1.61021 1.57222 1.36918 1.36918 1.36918 1.36918 1.36918 1.34643 1.26981 1.26981 1.26981 1.26981 1.29585 1.41284 1.41284 1.41234 1.40675 1.40575 1.39976 1.39345 1.39233 1.39233 1.35908 1.28384 1.28651 1.29908
1.55514 1.55514 1.55514 1.55514 1.55514 1.55514 1.73048 2.05688 2.05688 2.05688 2.05688 2.26993 3.32504 3.32504 3.32504 3.32504 3.32504 3.32504 3.32504 3.32504 3.32129 3.30190 3.33895 3.39836 3.13056 2.95402 2.92712 1.77992 1.69901 1.69022 1.67409 1.65795 1.64181 1.62567 1.60952 1.60130 1.60130 1.60130 1.60130 1.60130 1.60127 1.60008 1.39917 1.36918 1.36918 1.36918 1.36918 1.36826 1.27849 1.26981 1.26981 1.26926 1.26147 1.39123 1.39321 1.38677 1.38541 1.38948 1.39233 1.40109 1.41908 1.43566 1.43155 1.32054 1.31070 1.29710
1.55514 1.55514 1.55514 1.55514 1.55514 1.55514 1.57490 2.04153 2.05688 2.05688 2.05688 2.05980 3.19784 3.32504 3.32504 3.32284 3.30484 3.28372 3.27013 3.28103 3.29755 3.32973 3.34764 3.27273 2.91377 2.63385 2.50905 1.86112 1.60865 1.60130 1.60130 1.60130 1.60130 1.60130 1.60130 1.60130 1.60130 1.60130 1.60130 1.60130 1.60130 1.60080 1.47186 1.36918 1.36918 1.36918 1.36918 1.36702 1.28484 1.25136 1.24095 1.23106 1.22868 1.35704 1.40836 1.32929 1.33262 1.33568 1.33649 1.33050 1.31764 1.30627 1.30647 1.25965 1.24261 1.24550
1.55514 1.55514 1.55514 1.55514 1.55514 1.55514 1.55514 1.94497 2.05688 2.05688 2.05583 2.03961 2.82431 3.26553 3.24706 3.25582 3.28661 3.27670 3.17987 3.05688 2.93216 2.80729 2.68249 2.60295 2.47268 2.20896 2.20896 1.95453 1.60130 1.60130 1.60130 1.60130 1.60130 1.60130 1.60130 1.60130 1.60130 1.60130 1.60130 1.60130 1.60130 1.60099 1.53094 1.36896 1.32835 1.25796 1.18756 1.11921 1.14183 1.25620 1.28704 1.31784 1.34872 1.49153 1.57827 1.35678 1.33496 1.33486 1.33265 1.33261 1.33261 1.33261 1.33261 1.30015 1.25776 1.25776
1.55514 1.55514 1.55514 1.55514 1.55514 1.55527 1.56435 1.78986 2.00032 1.97920 1.95940 1.98199 2.44764 3.03554 2.94200 2.82341 2.69861 2.61756 2.61595 2.61595 2.61595 2.61595 2.61595 2.60869 2.57463 2.21550 2.20896 2.11472 1.60130 1.60130 1.60130 1.60130 1.60130 1.60130 1.60130 1.60130 1.60130 1.60130 1.60130 1.60130 1.58180 1.53489 1.46081 1.13417 1.13240 1.16322 1.19408 1.22489 1.25857 1.38367 1.38839 1.38839 1.38839 1.45568 1.57827 1.40388 1.33496 1.33496 1.33319 1.33261 1.33261 1.33261 1.33261 1.32390 1.25807 1.25776
1.55514 1.56067 1.57366 1.58457 1.59378 1.60352 1.62997 1.71927 2.08591 2.14995 2.21371 2.25022 2.28987 2.61533 2.61595 2.61595 2.61595 2.61595 2.61595 2.61595 2.61595 2.61595 2.61595 2.61422 2.59797 2.30091 2.20896 2.20836 1.66781 1.60130 1.60130 1.60130 1.60130 1.60130 1.60130 1.60130 1.58833 1.54287 1.48967 1.41366 1.35526 1.32386 1.48311 1.30487 1.25907 1.25907 1.25907 1.25907 1.25907 1.34926 1.38839 1.38839 1.38839 1.40490 1.57738 1.45728 1.33496 1.33496 1.33383 1.33261 1.33261 1.33261 1.33261 1.33261 1.27020 1.25776
1.61665 1.65063 1.68077 1.71659 1.77759 1.83978 1.87996 1.90160 2.19986 2.25192 2.25192 2.25192 2.25192 2.55648 2.61595 2.61595 2.61595 2.61595 2.61595 2.61595 2.61595 2.61595 2.61595 2.61595 2.60189 2.40945 2.20896 2.20896 1.82728 1.60130 1.60130 1.60130 1.59349 1.54409 1.46778 1.38990 1.32478 1.29219 1.26740 1.26533 1.26533 1.26533 1.43030 1.38991 1.25907 1.25907 1.25907 1.25907 1.25907 1.30964 1.38839 1.38839 1.38839 1.38839 1.55652 1.51827 1.33496 1.33496 1.33447 1.33261 1.33261 1.33261 1.32342 1.28123 1.21418 1.17637
1.80296 1.83685 1.87074 1.89897 1.90198 1.90198 1.90198 1.90198 2.10094 2.25192 2.25192 2.25192 2.25192 2.45949 2.61595 2.61595 2.61595 2.61595 2.61595 2.61595 2.61595 2.61595 2.61595 2.61595 2.60754 2.51802 2.20896 2.20896 1.97652 1.52198 1.44396 1.36602 1.29563 1.26719 1.26533 1.26533 1.26533 1.26533 1.24802 1.19425 1.13916 1.08418 1.12176 1.24437 1.25907 1.25907 1.25907 1.25907 1.25907 1.27093 1.38739 1.38839 1.38839 1.38839 1.52359 1.57350 1.34361 1.33496 1.32711 1.27956 1.23180 1.18877 1.15742 1.15339 1.15807 1.17474
1.90198 1.90198 1.90198 1.90198 1.90198 1.90198 1.90198 1.90198 2.00202 2.25192 2.25192 2.25192 2.25192 2.36255 2.61595 2.61595 2.61595 2.61595 2.61595 2.61595 2.61595 2.61595 2.61595 2.59913 2.51492 2.37756 2.03995 1.94968 1.82033 1.26642 1.26533 1.26533 1.24475 1.19027 1.13522 1.08021 1.02516 0.971577 0.945216 0.955393 0.965415 0.974386 0.995150 1.19546 1.25875 1.25907 1.25907 1.25907 1.25907 1.25907 1.35959 1.38839 1.38839 1.38839 1.46766 1.48694 1.27185 1.19079 1.15880 1.15391 1.15329 1.15329 1.14591 1.12952 1.11334 1.11653
1.90198 1.90198 1.90198 1.90198 1.90198 1.90198 1.90198 1.90198 1.91485 2.24009 2.25192 2.25192 2.25192 2.27188 2.60976 2.61595 2.61595 2.61595 2.60479 2.52919 2.44340 2.32898 2.18186 2.05154 1.98589 1.99369 1.87810 1.70825 1.56555 1.10767 1.02125 0.966200 0.933621 0.944383 0.955606 0.965647 0.974557 0.981669 0.982618 0.982618 0.982618 0.982618 0.982618 1.14076 1.24354 1.25907 1.25907 1.25907 1.25907 1.25903 1.29787 1.27416 1.19372 1.12603 1.12985 1.29271 1.22456 1.17596 1.17176 1.16088 1.14290 1.13338 1.13126 1.13818 1.14507 1.16593
1.90198 1.90198 1.90198 1.90198 1.90198 1.90198 1.90198 1.90198 1.90198 2.15407 2.25192 2.25192 2.25192 2.24525 2.45595 2.45334 2.36746 2.26682 2.13368 2.06203 1.97460 1.82832 1.69463 1.54234 1.36731 1.18723 0.989006 0.870197 0.891820 0.940802 0.965842 0.974757 0.981747 0.982618 0.982618 0.982618 0.982618 0.982618 0.982618 0.982618 0.982618 0.982618 0.982618 1.07788 1.22400 1.25907 1.24469 1.20918 1.17791 1.15153 1.12306 1.06944 1.05245 1.03136 1.01466 1.13904 1.12994 1.13766 1.13616 1.13314 1.11194 1.11193 1.11193 1.11193 1.11193 1.11971
1.90198 1.90198 1.90198 1.90198 1.90198 1.90198 1.90198 1.90198 1.90304 2.03818 2.09928 2.01336 1.92761 1.84276 1.94378 1.96308 1.76989 1.56784 1.39285 1.19396 1.02004 1.00858 1.00858 1.00858 1.00858 1.01865 1.04091 0.955531 0.956358 0.966305 0.982618 0.982618 0.982618 0.982618 0.982618 0.982618 0.982618 0.982618 0.982618 0.982618 0.982618 0.982618 0.982448 1.01423 1.17306 1.18309 1.14007 1.10802 1.08692 1.06582 1.04473 0.974293 0.961799 0.961799 0.961799 1.08156 1.11146 1.13598 1.13616 1.13616 1.11554 1.11193 1.11193 1.11193 1.11193 1.11372
1.90198 1.90198 1.90198 1.90198 1.91829 1.95404 1.98984 2.02561 2.05922 1.99850 1.67914 1.52813 1.35454 1.16035 1.02424 1.00858 1.00858 1.00858 1.00858 1.00858 1.00858 1.00858 1.00858 1.00858 1.00858 1.00890 1.05018 0.970497 0.956358 0.958552 0.982385 0.982618 0.982618 0.982618 0.982618 0.982618 0.982618 0.982618 0.982618 0.975622 0.961301 0.951688 0.958528 0.979175 1.05278 1.01595 0.996826 1.02101 1.02101 1.02101 1.02101 0.988276 0.961799 0.961799 0.961799 1.05319 1.10948 1.13223 1.13616 1.13616 1.12217 1.11193 1.11193 1.11193 1.11193 1.11193
1.94368 1.97946 2.01526 2.03256 2.00523 1.95129 1.85928 1.70314 1.52212 1.39804 1.05309 1.00858 1.00858 1.00858 1.00858 1.00858 1.00858 1.00858 1.00858 1.00858 1.00858 1.00858 1.00858 1.00858 1.00858 1.00858 1.03619 0.993744 0.956358 0.956358 0.978257 0.982618 0.982618 0.982618 0.982618 0.977764 0.968793 0.975784 0.983859 0.998918 1.02138 1.03905 1.04047 1.04047 1.02145 0.992855 0.985595 1.01802 1.02101 1.02101 1.02101 1.00630 0.961799 0.961799 0.961799 1.02114 1.10948 1.12671 1.13616 1.13616 1.12880 1.11193 1.11193 1.11193 1.11193 1.11023
1.91027 1.84198 1.74555 1.60621 1.51384 1.42185 1.36606 1.36548 1.36548 1.36548 1.15320 1.00858 1.00858 1.00858 1.00858 1.00858 1.00858 1.00858 1.00858 1.00858 1.00858 1.00858 1.00858 1.00858 1.00858 1.00858 1.02190 1.02275 0.956358 0.956358 0.972094 0.985120 0.993167 1.00123 1.00934 1.02231 1.03929 1.04047 1.04047 1.04047 1.04047 1.03377 1.00149 0.966636 0.907930 0.887263 0.985541 1.00976 1.02101 1.02101 1.02101 1.02015 0.966064 0.961799 0.961799 0.984646 1.10948 1.12060 1.13616 1.13616 1.13492 1.11128 1.11192 1.11452 1.11711 1.12141
1.53914 1.44663 1.37221 1.36548 1.36548 1.36548 1.36548 1.36548 1.36548 1.36548 1.25357 1.00858 1.00858 1.00858 1.00858 1.00858 1.00858 1.00858 1.00858 1.00858 1.00858 1.00858 1.00858 1.00858 1.00858 1.00858 0.997984 0.987013 0.995363 1.01520 1.02886 1.04038 1.04047 1.04047 1.04047 1.03282 1.00008 0.965118 0.930223 0.895411 0.858754 0.819193 0.803925 0.791217 0.772349 0.779472 0.985541 0.999400 1.02101 1.02101 1.02101 1.02101 0.983198 0.961799 0.961799 0.961878 1.09885 1.11462 1.13933 1.14192 1.14452 1.12992 1.12550 1.12550 1.12550 1.12616
1.45021 1.36548 1.36548 1.36548 1.36548 1.36548 1.36548 1.36548 1.36548 1.36548 1.34645 1.01600 1.00858 1.00858 1.00858 1.00858 1.00858 1.00858 1.00858 1.00858 1.00858 1.00044 0.954608 0.908547 0.970738 1.07973 1.20056 0.904984 0.957482 1.03350 1.03382 0.968288 0.928790 0.893936 0.859041 0.829800 0.816261 0.803540 0.790807 0.778042 0.767109 0.765667 0.765667 0.765667 0.765656 0.741307 0.974169 0.987679 1.02025 1.02101 1.02101 1.02101 1.00157 0.967832 0.972363 0.976701 1.08825 1.12635 1.14791 1.15208 1.17421 1.17518 1.15122 1.15943 1.16846 1.17709
1.64313 1.36548 1.36548 1.36548 1.36548 1.36548 1.36548 1.36548 1.36548 1.36548 1.36548 1.09725 1.00858 1.00858 1.00858 1.00858 1.00350 0.960624 0.910132 0.859616 0.883815 1.00083 1.15555 1.31070 1.35737 1.35737 1.35737 1.11999 0.871991 1.03350 1.03058 0.857070 0.803156 0.790390 0.777651 0.766910 0.765667 0.765667 0.765667 0.765667 0.765667 0.765667 0.765667 0.765667 0.765667 0.746588 0.898653 0.985541 1.01618 1.04339 1.10262 1.16600 1.21689 0.991892 0.987315 1.01878 1.13338 1.22692 1.30461 1.35112 1.35979 1.33252 1.22658 1.22767 1.22794 1.22794
1.93689 1.36548 1.36548 1.36548 1.36548 1.36548 1.36548 1.36548 1.36548 1.36548 1.36548 1.19480 0.966639 0.916148 0.865632 0.815116 0.808921 0.953555 1.11311 1.27254 1.35731 1.35737 1.35737 1.35737 1.35737 1.34299 1.25649 1.13739 0.670042 0.963519 0.949455 0.847734 0.765667 0.765667 0.765667 0.765667 0.765667 0.765667 0.765667 0.765667 0.765667 0.765667 0.765667 0.765667 0.756841 0.732631 0.803288 0.936465 1.07395 1.27313 1.31235 1.35088 1.38949 1.22114 1.17727 1.18443 1.22266 1.30223 1.33300 1.36344 1.36344 1.36211 1.23791 1.22794 1.22794 1.22794
