High_resolution/powerplant/Shangrao/OMI_NO2_200710.asc
ncols      200
nrows      200
xllcorner       115.451
yllcorner       27.0350
cellsize     0.0166667
NODATA_Value      -999.000
[rows 145 to 173 of 194, columns 67 to 133 of 200]
2.45963 2.47218 2.48146 2.48829 2.55429 2.63878 2.65638 2.75592 2.77477 3.00983 3.03705 3.04885 3.05149 2.99355 2.93112 2.87263 2.81949 2.74812 2.73522 2.73522 2.73522 2.72872 2.69439 2.59680 2.49116 2.47569 2.37449 2.14884 2.03784 1.99785 1.96291 1.95912 1.96289 2.00164 1.98210 1.92958 1.92958 1.92958 2.02506 2.12216 2.00125 1.75868 1.75868 1.83701 1.88857 1.88857 1.88857 1.88857 1.88842 1.86948 1.83836 1.72350 1.55545 1.48368 1.34014 1.36034 1.34943 1.44042 1.47219 1.40056 1.05525 1.05525 1.05525 1.05864 1.06487 1.07107 1.07734
2.54978 2.54978 2.54978 2.54978 2.58045 2.68664 2.68664 2.77601 2.75868 2.87159 2.83936 2.76861 2.69307 2.67277 2.67373 2.68119 2.70217 2.69938 2.69485 2.69024 2.68554 2.68759 2.69058 2.63068 2.46403 2.28325 2.29557 2.10579 2.00691 2.01172 2.01494 2.01501 2.01501 2.01201 1.99100 1.91335 1.90664 1.90007 1.94123 2.08064 2.03156 1.69700 1.65506 1.65877 1.70744 1.67063 1.64178 1.61379 1.58572 1.57671 1.57973 1.56415 1.55603 1.53021 1.41314 1.44422 1.46012 1.53990 1.61881 1.62115 1.28631 1.25722 1.26342 1.26627 1.26627 1.26627 1.26627
2.54978 2.54978 2.54984 2.53762 2.49973 2.58584 2.54508 2.58083 2.63011 2.66407 2.59827 2.58942 2.57146 2.55353 2.55512 2.70971 2.73456 2.73889 2.73398 2.72907 2.72418 2.71923 2.71432 2.64516 2.49819 2.23588 2.24680 2.06232 1.85983 1.85310 1.84655 1.83988 1.83321 1.82941 1.81846 1.72326 1.70285 1.68742 1.67804 1.84453 1.75100 1.37378 1.29418 1.29075 1.49878 1.51099 1.51180 1.51180 1.51180 1.51180 1.51180 1.51338 1.59651 1.58987 1.47401 1.45310 1.48692 1.53063 1.64101 1.64101 1.41358 1.26627 1.26680 1.27220 1.27880 1.28542 1.29205
2.53025 2.51193 2.49356 2.48745 2.51171 2.55268 2.57371 2.61949 2.67851 2.63646 2.46225 2.46425 2.46661 2.46661 2.46661 2.60657 2.64959 2.66661 2.66661 2.66366 2.64890 2.63289 2.61690 2.58859 2.49542 2.24501 2.21124 2.10048 1.80367 1.78255 1.76712 1.75170 1.73625 1.72108 1.71590 1.64990 1.61291 1.59797 1.58303 1.71446 1.70442 1.39271 1.25183 1.25183 1.45344 1.51180 1.51180 1.51180 1.51180 1.51180 1.51180 1.51180 1.58041 1.59948 1.51089 1.43509 1.49536 1.51221 1.66155 1.66702 1.54978 1.31199 1.31810 1.31919 1.31627 1.31203 1.30775
2.57438 2.57438 2.57438 2.57438 2.57438 2.57418 2.57404 2.58992 2.67760 2.66788 2.48338 2.44268 2.43365 2.41965 2.40567 2.48619 2.54021 2.54897 2.53298 2.51903 2.51417 2.51035 2.50653 2.52661 2.51355 2.27624 2.10513 2.05159 1.76282 1.71590 1.71229 1.69805 1.68325 1.66831 1.65337 1.59802 1.55576 1.55576 1.55576 1.65444 1.74159 1.47263 1.25183 1.25183 1.38161 1.51180 1.51183 1.51381 1.51667 1.51967 1.52282 1.52612 1.58756 1.63558 1.56330 1.43344 1.51219 1.52254 1.62792 1.63751 1.59938 1.25390 1.24914 1.24495 1.24363 1.24363 1.24363
2.57438 2.57630 2.58285 2.58958 2.59632 2.60293 2.60944 2.61643 2.57840 2.55696 2.40733 2.32950 2.33612 2.33286 2.32952 2.38283 2.46994 2.49836 2.49465 2.49171 2.49151 2.49151 2.49151 2.50109 2.54391 2.33047 2.07020 2.01966 1.76357 1.65322 1.64189 1.64076 1.63641 1.63112 1.62583 1.59679 1.53795 1.53463 1.53131 1.58046 1.73230 1.56431 1.21257 1.20840 1.27045 1.51443 1.53357 1.55148 1.56883 1.58695 1.60586 1.62557 1.69331 1.79490 1.74420 1.55560 1.61176 1.62289 1.62289 1.62289 1.62289 1.31740 1.24363 1.24363 1.24363 1.24363 1.24363
2.62867 2.63348 2.63367 2.63367 2.63367 2.63375 2.63407 2.63470 2.57743 2.55077 2.46784 2.33010 2.31380 2.31339 2.31339 2.33942 2.45654 2.48504 2.48589 2.48136 2.47331 2.44345 2.40981 2.37646 2.37685 2.21187 1.91266 1.88119 1.73820 1.57650 1.57118 1.56637 1.56784 1.57154 1.57369 1.55629 1.48071 1.46250 1.44378 1.43198 1.65654 1.51443 1.28687 1.29643 1.31398 1.67518 1.70112 1.70112 1.70112 1.70112 1.70112 1.70112 1.72444 1.83264 1.80229 1.58560 1.58536 1.62289 1.62168 1.59523 1.56280 1.40274 1.29425 1.31756 1.34096 1.36421 1.38748
2.63497 2.63560 2.63623 2.63686 2.63744 2.63778 2.63734 2.63719 2.59929 2.55173 2.50991 2.34595 2.31616 2.31209 2.31195 2.31260 2.42375 2.38292 2.34347 2.31439 2.28880 2.28503 2.28503 2.28503 2.30558 2.21410 1.92752 1.83039 1.74037 1.48612 1.46723 1.44754 1.42434 1.39875 1.37433 1.36947 1.30509 1.29458 1.29458 1.29458 1.48788 1.48678 1.31116 1.31116 1.31116 1.57243 1.70112 1.70112 1.70112 1.70112 1.70112 1.70112 1.70717 1.86074 1.86496 1.63084 1.53382 1.57529 1.55869 1.56719 1.58159 1.54458 1.42948 1.42948 1.42948 1.42948 1.42948
2.63669 2.63655 2.63641 2.63627 2.63618 2.63618 2.63591 2.63583 2.61823 2.55064 2.53873 2.35417 2.27617 2.24237 2.21691 2.19161 2.25964 2.25933 2.23220 2.22251 2.21277 2.20312 2.19343 2.18370 2.17602 2.09572 1.83828 1.72643 1.70236 1.37959 1.36947 1.36947 1.36947 1.36947 1.36947 1.36947 1.32142 1.29458 1.29458 1.29458 1.41893 1.54721 1.32329 1.32753 1.33507 1.51397 1.79927 1.84565 1.88641 1.89015 1.88962 1.88893 1.88179 1.88010 1.87119 1.69110 1.48425 1.56952 1.56882 1.56813 1.56743 1.56107 1.41358 1.40791 1.40703 1.40617 1.40529
2.63618 2.63618 2.63618 2.63618 2.63618 2.63618 2.62322 2.57855 2.53640 2.41520 2.36725 2.22927 2.13916 2.12509 2.12436 2.12512 2.16182 2.17913 2.15295 2.14837 2.14375 2.13915 2.13458 2.12997 2.12556 2.10525 1.82013 1.65750 1.64101 1.48378 1.46832 1.47413 1.47983 1.48564 1.49132 1.49707 1.47116 1.43771 1.45931 1.48142 1.57864 1.84663 1.72254 1.73102 1.81534 1.92155 2.09822 2.03723 1.98684 1.98167 1.98167 1.98167 1.98167 1.90639 1.85029 1.74089 1.47485 1.55192 1.55906 1.55906 1.55906 1.55906 1.44723 1.40006 1.40006 1.40006 1.41160
2.63214 2.61183 2.56925 2.52219 2.46744 2.41061 2.35950 2.33337 2.32100 2.23562 2.19798 2.19999 2.12542 2.09727 2.09227 2.08769 2.08566 2.08524 2.05896 2.05774 2.05774 2.05774 2.05774 2.05624 2.05110 2.04677 1.83482 1.59177 1.57268 1.54238 1.53932 1.55582 1.57229 1.58879 1.60527 1.62174 1.62290 1.57578 1.58326 1.60919 1.64999 2.01296 2.01153 2.00064 2.00288 2.00288 1.98502 1.98167 1.98167 1.98167 1.98167 1.98167 1.98167 1.93267 1.85029 1.80226 1.51181 1.52876 1.56852 1.59614 1.62411 1.65224 1.62630 1.58692 1.62214 1.65731 1.68099
2.35312 2.33071 2.31922 2.31136 2.31049 2.31049 2.30477 2.26992 2.26992 2.22154 2.17257 2.17404 2.13546 2.09019 2.08308 2.07811 2.07313 2.06817 2.04222 2.03031 2.02535 2.02037 2.01499 2.00298 1.99121 2.00182 1.85437 1.57312 1.66940 1.67084 1.65139 1.65139 1.65139 1.65869 1.68464 1.71177 1.73709 1.69349 1.71105 1.71223 1.71223 1.98798 2.06191 2.00288 2.00288 2.00288 1.99086 1.98167 1.98167 1.98167 1.96831 1.89691 1.82381 1.73497 1.57968 1.52373 1.71249 1.68751 1.73452 1.72755 1.72016 1.71273 1.68460 1.57369 1.56437 1.55518 1.54591
2.28466 2.31049 2.31049 2.31049 2.31049 2.30599 2.29712 2.25080 2.23926 2.20872 2.14394 2.13415 2.12263 2.05167 2.03973 2.03879 2.02920 2.01753 1.99102 1.96630 1.95463 1.94298 1.93173 1.92861 1.92861 1.93935 1.87253 1.58311 1.64739 1.64847 1.71148 1.73946 1.76635 1.78616 1.78711 1.78711 1.78639 1.72680 1.70973 1.70845 1.70718 1.88406 2.06603 1.93018 1.85235 1.78135 1.71042 1.63734 1.58134 1.52900 1.48767 1.48188 1.48061 1.47920 1.38595 1.38198 1.65561 1.58514 1.65281 1.65281 1.65281 1.65281 1.65190 1.53004 1.51724 1.51724 1.51724
2.23290 2.26423 2.25552 2.24678 2.23807 2.23386 2.23386 2.20436 2.19275 2.18263 2.11083 2.09901 2.09563 2.00597 1.96931 1.95859 1.95652 1.95652 1.94780 1.92861 1.92861 1.92861 1.92682 1.91563 1.88435 1.85294 1.80387 1.45560 1.36158 1.44165 1.66016 1.69647 1.68664 1.67680 1.66698 1.66493 1.68875 1.74705 1.80252 1.83740 1.87225 1.85280 1.67302 1.53255 1.49642 1.49642 1.49574 1.48094 1.48051 1.48051 1.48051 1.48051 1.48051 1.48051 1.40435 1.38198 1.59139 1.57829 1.65093 1.65621 1.65736 1.65779 1.64429 1.56974 1.53568 1.52806 1.52067
2.17959 2.23365 2.22727 2.21802 2.20878 2.19954 2.19029 2.15996 2.13179 2.12929 2.07584 2.06083 2.06772 2.00511 1.95232 1.95057 1.94967 1.94876 1.93797 1.82226 1.78850 1.75483 1.72294 1.70044 1.69808 1.69704 1.68148 1.45469 1.24662 1.42607 1.61575 1.77062 1.80542 1.84035 1.87515 1.90226 1.90415 1.91937 1.95003 1.95003 1.95003 1.93260 1.66387 1.57624 1.49642 1.49642 1.49642 1.48464 1.48051 1.48051 1.48051 1.48051 1.48051 1.48051 1.42405 1.39250 1.52616 1.62347 1.59259 1.58537 1.55384 1.52087 1.50441 1.49498 1.49081 1.49081 1.49081
2.14604 2.16818 2.16438 2.16347 2.16257 2.16166 2.16076 2.14715 2.11838 2.11799 2.08120 2.05134 2.05137 2.02499 1.93181 1.89612 1.86949 1.84280 1.81888 1.71219 1.68731 1.65447 1.61109 1.56777 1.52439 1.48103 1.38903 1.44007 1.44926 1.62847 1.71010 1.90415 1.90415 1.90415 1.90415 1.90415 1.90415 1.90936 1.95003 1.95003 1.95003 1.95003 1.71725 1.61527 1.49642 1.49642 1.49642 1.48903 1.47831 1.46944 1.46087 1.44654 1.40776 1.36534 1.28600 1.17299 1.25227 1.49729 1.45193 1.50461 1.50593 1.50728 1.50863 1.51001 1.51141 1.51282 1.51426
2.18443 2.16636 2.15855 2.15855 2.15855 2.15855 2.15855 2.15425 2.11798 2.10617 2.06037 1.97649 1.93395 1.90858 1.76128 1.69889 1.65560 1.61222 1.56889 1.45049 1.37614 1.36567 1.36567 1.36519 1.36377 1.36236 1.31999 1.35541 1.44758 1.58004 1.63718 1.89609 1.90717 1.90745 1.90773 1.90802 1.90830 1.90858 1.94996 1.95504 1.95519 1.95163 1.78447 1.64048 1.46874 1.46003 1.44575 1.41191 1.35285 1.31557 1.27486 1.23907 1.23575 1.23575 1.21366 1.07090 1.20113 1.48422 1.45150 1.53927 1.53927 1.53927 1.53927 1.53927 1.53927 1.53927 1.53927
2.19279 2.16742 2.13369 2.10894 2.07796 2.03190 1.98473 1.92423 1.85301 1.80516 1.76284 1.67865 1.66003 1.63668 1.49430 1.45996 1.45852 1.45711 1.45569 1.40414 1.33607 1.33465 1.33324 1.33230 1.33228 1.33228 1.30658 1.26996 1.43804 1.49231 1.59488 1.84006 1.91198 1.91106 1.90605 1.90053 1.89503 1.88952 1.91509 1.92440 1.91903 1.91049 1.79657 1.57502 1.39545 1.34042 1.32347 1.32235 1.24528 1.23575 1.23575 1.23575 1.23575 1.23575 1.23418 1.08017 1.16659 1.43028 1.42879 1.53450 1.53927 1.53823 1.49865 1.43949 1.38062 1.32127 1.26254
1.91964 1.81552 1.74951 1.70748 1.67167 1.65098 1.63137 1.62507 1.66622 1.68464 1.68464 1.62842 1.61799 1.62570 1.52071 1.44993 1.44905 1.44902 1.44482 1.41344 1.31394 1.30687 1.29982 1.29276 1.28570 1.27864 1.26612 1.23828 1.39139 1.39836 1.55851 1.73681 1.87655 1.87197 1.87148 1.87148 1.86424 1.84142 1.83901 1.84033 1.81702 1.80037 1.77784 1.51203 1.40063 1.32270 1.32270 1.32270 1.27148 1.23575 1.23575 1.23575 1.23575 1.23575 1.24708 1.15805 1.19259 1.37298 1.17545 1.17256 1.14417 1.08711 1.06855 1.06947 1.07038 1.07129 1.07220
1.71447 1.64982 1.62548 1.62507 1.62507 1.62507 1.62507 1.62507 1.65376 1.68263 1.67976 1.62948 1.59096 1.59373 1.51559 1.41000 1.39380 1.38677 1.38392 1.37658 1.25575 1.24119 1.23062 1.22004 1.20946 1.19888 1.19188 1.16956 1.29287 1.29803 1.54120 1.63952 1.84101 1.81748 1.79405 1.77066 1.75438 1.75384 1.76488 1.79973 1.79973 1.79972 1.79755 1.55508 1.43727 1.30942 1.30982 1.32216 1.30854 1.26768 1.28403 1.30036 1.31667 1.33300 1.33801 1.26785 1.20608 1.32945 1.04257 1.02298 1.08033 1.08033 1.08033 1.08033 1.08033 1.17493 1.21776
1.74099 1.64668 1.62300 1.61504 1.61216 1.60927 1.60639 1.60350 1.61701 1.65932 1.65932 1.61973 1.55613 1.57400 1.54484 1.39698 1.33543 1.32485 1.31427 1.30851 1.21901 1.19173 1.19173 1.19173 1.19173 1.19173 1.19107 1.17322 1.23704 1.30861 1.50088 1.59670 1.77221 1.79859 1.80583 1.81307 1.82030 1.82755 1.83329 1.74193 1.72152 1.70304 1.68671 1.58855 1.53251 1.37954 1.39187 1.39263 1.38708 1.32345 1.32316 1.32316 1.32316 1.32316 1.32316 1.28222 1.18745 1.31322 1.12191 0.995514 1.08033 1.08033 1.07900 1.06874 1.05696 1.13377 1.17086
1.73551 1.63507 1.61062 1.59974 1.59974 1.60212 1.60924 1.61651 1.62787 1.69038 1.69785 1.69058 1.60264 1.60694 1.59867 1.42842 1.28621 1.27836 1.27047 1.26259 1.23821 1.23522 1.23760 1.23960 1.24161 1.24362 1.24630 1.24401 1.25202 1.41021 1.50862 1.64975 1.78176 1.82669 1.81192 1.79712 1.78236 1.76756 1.75304 1.65455 1.63205 1.63205 1.63205 1.61480 1.58037 1.42149 1.38687 1.37242 1.36513 1.38407 1.45914 1.23707 1.22205 1.20780 1.19406 1.16029 1.01375 1.11524 1.03986 0.794317 0.891817 0.887096 0.879708 0.881145 0.884167 0.936319 1.03304
1.70059 1.64880 1.62671 1.61471 1.61408 1.61104 1.60335 1.59549 1.58756 1.63080 1.63145 1.62344 1.51972 1.50183 1.50939 1.41196 1.20922 1.20303 1.19986 1.19670 1.21299 1.25071 1.25034 1.25002 1.24958 1.25295 1.25647 1.25758 1.25035 1.33158 1.34330 1.52662 1.64786 1.74821 1.7uK7b"Nl7sapyaauXQ0a6b`Xw]rqy"ajXo?yda pWqfaOakuMyaMopb%p paawss 1.50376 1.51338 1.5ywb2'7b3t$363 1.66087 1.66014 1.19864 1.09544 1.08376 1.07208 1.05908 0.888214 0.935415 0.975718 0.650476 0.835250 0.893922 0.894088 0.894252 0.894413 aqrao/sapS$#xaa{sQaLa@qya0oIsrara1s7ab+Jqrmal!ub$ py 0.99ubaEbd|lz(vbG5l2rb7r P]vua}taKq3q:bnltI]bi sw b*gbp% H ubl zb=Ws;{!b)a sa &a
1.12526 1.12405 1.12284 1.12161 1.12040 1.11033 1.09769 1.07836 1.07895 1.06184 1.28316 1.28389 1.28397 1.36223 1.rpa9JoHuqar-aNua,avr'va'pOwaa6GvaHaw ZxaCRo saQss&0aaq H8ObHl Bp M)b Kp.{j:bUbwFb uba?sXF sH(,b]7lvqVbUpxuUb*bspnbl9p.ibCsw&0#b0Ab/v/b 28b {)Rg{+b"Wql8/M{6aLavaG.ajvKqHavowt(ap]ryaaRsaaw@qtQaup(=q"YaEOa}q"aaynsy\aoUt6-b"Np#z,>*b6b4bFrClKdlaoS 59 1.99181 2.0qO 2.02427 2.03663 2.02829 2.23164 2.23121 2.09570 2.06786 2.03021 2.00712 1.98403 1.96216 1.95692 1.95674 1.98464 2.01980 2.01960 apsaP]aqOykaDwo0uoa=pyKaa~dv3@K$a]Zo%Bpa|fp2Zrhah%aF y$a a3vBEpzao v5b%:sovI bg-bau bv * bB~qlIQzdb\sMOvK^b"b^vb bS<uxt\[b#wlqXbb?t*bybv%zzMb $l!t7b $s zt2aaYu}aP-as7tjwae?ptaRar aO4aEtrmaop@apxsapa;w)lKIaGo"fra$p0 sSvaDaqEqaamq7`{/~b"l2Pq49b(6s.XsD4 1.19526 1.19392 1.19256 1.19118 1.24275 1.24836 1.24698 1.24562 1.24426 1.24288
2.05428 2.06133 2.03786 1.8q_KKJHaopFav pswaAaCwO$axEaRw$va3Uo 8rrapwOa;aqu ao ws9$avfp}Ds+aMaqg!rga a #w2Kv"laCx"wrybuddrr.bIbkp{q2w|<bZo{C*zObolGu9bXr>wqC4bbgZ]qhmw;b&l tjtsbr>6t Bar=aqMra: o$uZaeppV y_aaeqKy\aoBpxFCappT0aaw@"Wayayp s,u`wn/twa?plxaEOaHppT#yaotLb!Npv8jb& b91p7=ayaxsrd9 1.18426 1.04818 1.03706 1.03706 1.03706 1.03680 1.03386 1.03733 1.04637 1.10640 1.11639 1.11674 1.11708 1.11747 1.15192 0.934679 0.918046 0.xSPxQca~o\s's aawv8aXxLGVp*ao0pa q r&aYa]x7.qdaiopyaqvx azraFxktGa}xIxNa qoTragtqy8p8Ab<b1vPu tb:All vkbQ-r#wbb]rAevqMbXl{ q bfs w -bbs#{RH87b cl-qaKpqAa|aQpQageaxraaopZ"ao qcaaSqua+ov7sappw.D`Sq6Y9ya avtJpaysaIBqqJb( b s9<Pu=b.s)u&a aU1765 1.74314 1.75369 1.93447 2.09340 1.96712 2.00181 2.02949 2.08916 2.05309 2.04242 2.04242 2.00642 1.92028 1.90266 1.88801 1.89403 1.93443 aT\yuX
(s.52108 1.33679 1.35803 1.38163 1.41974 1.43529 1.42436 1.41304 1.40135 1.38923 1.37669 1.33781 1.31786 1.30492 1.30287 1.30287 1.36357 1.rt~CaMpOOtQaazv%-ab p{&b%o*pu0wb":p]raab5 $z:K:b(Nl7?Mpa>pgv ^a) `x``8rww Dqa`S\q"v#aMa p:Dq[bG5lIzJbqJs 1sa.aqiaDP4a1vEt0/b0l$|.slaw3b; tqa EaQr=js!aKwoP.t{a$sv\)aaww)2a EHalVqHra(pqaWa]v9aEWax8sDayoXpaa piw aQ7aMqK%ayosxapEw56b&asLa<b" |w((u8]b-l;;s.Sb>gs79r678 0.843562 0.843562 0.843562 0.841774 0.660553 0.720990 0.853028 0.969501 1.10563 1.21515 1.27460 1.30801 1.30870 1.30870 1.26689 1.29035 pjLu$aaa!t KI=aoBt1)b*s/J8u21paaub' b$Bv&Dz9fb:lz4b'g;p\sna`4s(w.s` np Ew ts O``[vv`(a`7eu#y aSov)bIbc+s\ b{b0qBStb ]a8jo: ds \3a.hpAw|naEa1x,?axb/&sOr +as#qS<aoapE~aacAp x ao|py\8a cpnWpa$4a@pKKaonssapu\a a}xsaUa?;w]xqa|xp_a+}o;pFWaThax_g{$ axKt_b'V)l"Bt*Vb-0r=@Cq-b?(bb*s48532 0.962721 0.968451 0.969657
0.904988 1.yu/b&uo*y.mb,zsAwb7b*Ts bzbkP{}{0}aa0n R .9y4uj` d`fy_dw`nFv`Jrsb``?(u0v`v+`qq9 s+a!Rrv\`}`q a@pau x?pYaoHw,~alopXt?aAa^)q/Ka oyXap,wWaa=w'b/Ib#Yw*qa#o9u7aEp7voa awqvaouda2puaHa%x[aav:BUtb"o0wa3au,aa=0rr2 aJsouZanp8)rb&+b+St a~bM~qqvL} 1.33495 1.46102 1.46580 1.35502 1.33425 1.37604 1.37604 1.37606 1.38223 1.39333 1.40442 1.41810 1.48067 1.49323 1.50210 1.48876 1.47637 1l1q{%{b08b9p& b7b qvvubl JvbsyDa7 .5 60 8 u386p `.qq=x ` D`UBs z`` kuv&p`nvH 1.53x``sJ[r`LnyZa+tp1u 9`` rXaunaksr]$aJ]oua(pt^?aOaDsGfrtal!(t0`aYpq9aay#aFaftpTxra6+oq-=ak,a7@vaya}pqa%o]sy ats7h.qCb+Qa rJaSaosdjvHap s,a9alp8Sa)apq1z&b:mljq bsq b[ 1.24372 1.22427 1.22758 1.22791 1.22791 1.23255 1.26564 1.30411 1.34760 1.24725 1.31445 1.53107 1.69241 1.89122 1.88499 1.87552 2.25117
1.77678 1.68898 1.70390 1.71zfbqt6b Mz/.b bw t1b>;:pyUvQc` M1  1` q.44p*S`q`vaJ `yl#nukP`}lqLHv ``vS`?=`S`r5bt*H`n9|x]`p*x?Y`ia)#yu8=Mpa04ol[ttap@rkVa a<Gy:ya raPwNuCpRaKKHoD:wa?axuCaa1%u)dpdKa- oUSwaphq a-aFy/a}Hal\u1ypapQFs]daJaLzrZ_aTa~v sd bmlrr~)b !s6Du"ub;hbzjHZb0jl<up3t0bVse {} b  1.25785 1.26035 1.26781 1.27921 1.29062 1.29278 1.26272 1.33820bDb] @qP5 1.40746 1.42283 1.39026 1.33259 1.16938 1.12198 1.13744 1.05506 1.03953 1.r_w {yb E{ltHb NfsH{wa:aI0y0J 128  0 ` qHvY`&8n!u&/` zq8vwn`(r`Vyw @`Jy/pK`q(v`py0a6 ma%st*Ot3f0`y,!xa"q cq55aGaFtR]s?a.x QavJs>aoPYitlaPpqvataqx aeo=ywhSa8qn\ya padqA=p$b%C{l"Gu%4b$~p5gpR1a)qtr 6PKfaNM;yC-wYal(p<b b:tmwb4Ql& t&b*s20udbb/%w*Yb&bWVv z8 1.81931 1.86173 1.82120 1.86873 1.90879 1.99884 1.97628 1.92tq bTVbIpI 1.92989
rOn`B$a!u& K;:aoDoTavdax prtp(aTFayaax$xesaCor%aip)^{"Ua:aBx2s2ab!=o_raXpzpoa~ 1.93877 1.90697 1.75740 1.75740 1.78397 1.930th ! 1.71914 1.66920 1.60529 bK{1.61109 1.5tDbR 1.51276 1.43254 1.42948 1.43520 1.44351 1.34838 1.33093 1.33093 1.330{VbtsLr-Sa%a X 74 118  .4 99 a` :t_9v\0`_nw!)F `*{cu `Vd`Jvuv< HnfC G `xu`v`Iuny?Aa-Yqtv>``cqvIS`y `t3w`nrC`AqHuI/``a 5av Kn8qasoRsK aIFpuq<`@^Z` # xe 1. t}s/`Sndjy_a"up5p%zac$azy$xoadutohrwapr.Ga:<a:xEx};aialgu'ku$(a otGb*&{atruVaWaIwpa5.39855 1.38839 1.36404 1.18620 1.16704 1.1xacb!21608 1.24141 1.26991 bzzx Hl 1l]R!w@ bAcs}q] 1.33448 1.33495 1.33495 1.48571 1.62922 1.54100 1.53646 1.5qblFb.w#mzr`u91 .431 1. 13
