High_resolution/powerplant/Shangrao/OMI_NO2_201003.asc
ncols      200
nrows      200
xllcorner       115.451
yllcorner       27.0350
cellsize     0.0166667
NODATA_Value      -999.000
[rows 87 to 115 of 175, columns 0 to 66 of 200]
5.74628 5.74628 5.71776 5.46922 5.46863 5.46863 5.46863 5.46863 5.46863 5.46863 5.46863 5.46863 4.52256 4.02063 4.02063 4.01152 3.74379 3.30681 3.09670 2.65390 1.93734 1.77960 1.77960 1.77960 3.42969 3.42969 3.42969 3.32517 3.35890 3.35455 3.32598 3.17205 2.98646 3.02241 3.05193 3.05193 3.05193 3.05193 3.05193 3.05193 3.05193 3.05193 3.90810 5.11717 4.65586 4.74888 4.55841 4.51882 4.51882 4.51023 4.44098 4.37017 4.30920 4.26568 4.26194 4.26194 4.26194 4.28208 4.38653 4.50030 4.61408 4.39478 3.97997 2.76791 2.55520 2.55171 2.55779
5.74628 5.74628 5.74628 5.51578 5.46863 5.46863 5.46863 5.46863 5.46863 5.46863 5.46863 5.39958 4.54421 2.84323 2.38120 1.92847 1.73398 1.70911 1.72406 1.77960 1.77960 1.77960 1.77960 1.77960 3.60771 3.57905 3.53524 3.39289 3.27628 3.25368 3.25368 3.16858 2.95281 2.99497 3.05193 3.05193 3.05193 3.05193 3.13225 3.36346 3.59837 3.83328 4.05474 4.50016 4.19765 4.51568 4.45457 4.38183 4.31930 4.26988 4.26194 4.26194 4.28276 4.38698 4.50030 4.61408 4.72786 4.77185 4.68383 4.58652 4.48921 4.25888 3.72700 2.87105 2.53503 2.55779 2.55779
5.74628 5.74628 5.74628 5.59096 5.46863 5.45537 5.36342 5.21556 5.06532 4.91508 4.76489 4.68371 4.41139 1.72517 1.70911 1.70911 1.70911 1.70911 1.71237 1.77895 1.77960 1.77960 1.77960 1.77960 3.37611 3.35872 3.35872 3.32366 3.25368 3.25368 3.25368 3.23612 2.95637 2.97099 3.16646 3.40127 3.63619 3.87100 4.02559 4.02911 4.02911 4.02911 4.02911 4.33030 4.13201 4.21921 4.26194 4.28276 4.38766 4.50144 4.61522 4.72899 4.81704 4.75125 4.65390 4.55659 4.45928 4.41157 4.41157 4.41157 4.41157 4.40146 3.77047 3.22575 2.52447 2.55758 2.55680
5.69186 5.59869 5.45247 5.21952 4.88085 4.74382 4.68553 4.68326 4.68326 4.68326 4.68326 4.68326 4.68326 2.29867 1.70911 1.70911 1.70911 1.70911 1.70911 1.75783 1.77960 1.77960 1.77960 1.77960 3.35872 3.35872 3.35872 3.35399 3.25660 3.25520 3.34508 3.48597 3.46989 3.59961 4.00491 4.02911 4.02911 4.02911 4.02911 4.02911 4.02911 4.02911 4.02282 4.14891 4.13006 4.24926 4.72899 4.82195 4.81183 4.72127 4.62396 4.52665 4.43421 4.41157 4.41157 4.41157 4.41157 4.41157 4.41157 4.41157 4.41157 4.41157 3.92755 3.45258 2.45217 2.44852 2.42495
5.01463 4.95132 4.94106 4.92953 4.68943 4.68326 4.68326 4.68326 4.68326 4.68326 4.68326 4.68326 4.68326 3.14368 1.70911 1.70911 1.70911 1.70911 1.70911 1.73590 1.77960 1.77960 1.77960 1.77960 3.35872 3.36715 3.50120 3.67738 3.69835 3.78892 3.83999 3.83999 3.76727 3.68570 3.90348 4.02911 4.02911 4.02552 3.98907 3.94461 3.90020 3.85580 3.81764 3.89472 4.08436 3.97887 4.59403 4.49672 4.41836 4.41157 4.41157 4.41157 4.41157 4.41157 4.41157 4.41157 4.41157 4.41157 4.36064 4.24516 4.12944 4.01377 3.65033 3.22816 2.47702 2.25801 2.18210
4.94106 4.94106 4.94106 4.94106 4.74725 4.68326 4.68326 4.68326 4.68326 4.68326 4.68326 4.68326 4.68326 3.98902 1.70911 1.70911 1.70911 1.70911 1.70911 1.72081 1.77960 1.77960 1.77960 1.77960 3.87059 4.04954 4.09161 4.09161 3.96857 3.83999 3.83999 3.83999 3.80519 3.65996 3.74406 3.90599 3.86156 3.82073 3.81277 3.81266 3.78727 3.74235 3.69744 3.65331 3.94543 3.63495 4.38184 4.41157 4.41157 4.41157 4.41157 4.41157 4.41157 4.40808 4.32525 4.20953 4.09386 3.97819 3.91340 3.91325 3.92921 3.96106 3.90043 3.15054 2.53590 2.01865 2.05742
4.94106 4.77011 4.40947 4.70780 4.81693 4.68326 4.68326 4.68326 4.68326 4.68326 4.68326 4.68326 4.68326 4.63984 1.90333 1.70911 1.70911 1.70911 1.70911 1.71066 1.77618 1.77960 1.77960 1.77960 4.06758 4.09161 4.09161 4.09161 4.04487 3.79623 3.76958 3.74292 3.71288 3.53218 3.56083 3.81148 3.77957 3.73465 3.68972 3.64494 3.62542 3.62542 3.62542 3.62542 3.86136 3.78260 4.11366 4.41157 4.41157 4.39383 4.28967 4.17395 4.05828 3.94605 3.91320 3.91320 3.92428 3.95519 3.99108 4.03297 4.05384 4.05384 4.05384 3.28712 2.86804 2.01036 2.06624
3.50162 3.38714 3.38652 4.05304 4.88595 4.68326 4.68326 4.68326 4.68326 4.68326 4.68326 4.68326 4.68326 4.68326 2.70520 1.70911 1.70911 1.70911 1.70879 1.70241 1.71928 1.77960 1.77960 1.77960 4.04568 4.09161 4.09161 4.09161 4.09156 3.75242 3.78932 3.99591 4.19485 3.84027 3.55195 3.63138 3.62542 3.62542 3.62542 3.62542 3.62542 3.62542 3.62542 3.62542 3.75697 3.89741 3.68063 4.13836 4.02264 3.92472 3.91320 3.91320 3.92028 3.94946 3.98444 4.02524 4.05350 4.05384 4.05384 4.05384 4.02246 3.86473 3.69465 3.32360 3.20301 2.24064 2.29314
3.38652 3.38652 3.38652 3.68042 4.93815 4.70074 4.68326 4.68326 4.68326 4.68326 4.68326 4.68326 4.68326 4.68022 3.39931 1.56132 1.41076 1.21080 0.938842 0.723364 0.652033 0.00000 0.00000 0.00000 4.07165 4.35728 4.63251 4.90312 5.14865 4.98452 4.86492 4.85245 4.84778 4.33902 3.58157 3.60628 3.62542 3.62542 3.62542 3.62542 3.62535 3.57962 3.49427 3.40892 3.33084 3.44273 3.20814 3.91320 3.91722 3.94387 3.97798 4.01764 4.05180 4.05384 4.05384 4.01920 3.85924 3.68950 3.51865 3.34928 3.25396 3.30720 3.37344 3.44295 3.49232 2.75147 2.40721
3.38652 3.38652 3.38652 3.41612 4.85029 4.76720 4.68326 4.68326 4.67453 4.47572 3.97587 3.33000 2.47105 1.28640 0.656571 0.652033 0.652033 0.652033 0.652033 0.652033 0.652033 0.00000 0.00000 0.00000 6.04349 5.70070 5.54452 5.51653 5.51360 5.28336 4.84778 4.84778 4.84778 4.64913 3.58157 3.59484 3.62364 3.56525 3.47991 3.39456 3.30942 3.26981 3.26981 3.26981 3.26981 3.39560 3.17141 3.85888 4.04864 4.05384 4.01543 3.85410 3.68402 3.51325 3.34317 3.21482 3.26106 3.32728 3.39353 3.45876 3.48152 3.48152 3.48152 3.48199 3.49257 3.08365 2.36837
3.38652 3.38652 3.38650 3.37923 4.28656 4.33463 3.42540 2.62019 1.53006 0.668270 0.652033 0.652033 0.652033 0.652033 0.652033 0.652033 0.652033 0.652033 0.652033 0.652033 0.652033 0.652033 0.00000 0.00000 6.21162 5.81750 5.51360 5.51360 5.51360 5.47868 4.86348 4.84778 4.84424 4.79741 3.59553 3.39638 3.29687 3.26981 3.26981 3.26981 3.26981 3.26981 3.26981 3.26981 3.26981 3.33049 3.33546 3.23132 3.50776 3.33803 3.20558 3.21658 3.28115 3.34734 3.41359 3.47238 3.48152 3.48152 3.48152 3.48152 3.48152 3.48152 3.48152 3.48152 3.48992 3.35649 2.38722
3.08973 2.69929 2.24022 1.70211 1.42513 1.75953 0.652033 0.652033 0.652033 0.652033 0.652033 0.652033 0.652033 0.652033 0.652033 0.640271 0.568937 0.507347 0.459824 0.423968 0.632754 0.652033 0.00000 0.00000 6.36721 6.01550 5.51471 5.51360 5.50427 5.44703 4.89004 4.69219 4.64452 4.63441 3.84125 3.31486 3.27927 3.26981 3.26981 3.26981 3.26620 3.24059 3.21128 3.18198 3.15270 3.14701 3.29400 2.91536 3.30121 3.36743 3.43368 3.47987 3.48152 3.48152 3.48152 3.48152 3.48152 3.48152 3.48152 3.48152 3.48036 3.39602 3.26069 3.12541 2.99540 2.91380 2.53865
1.10556 1.10556 1.10556 1.10556 1.18596 1.93369 0.823356 0.652033 0.652033 0.650646 0.593361 0.525671 0.474088 0.433556 0.400935 0.377042 0.373877 0.373877 0.373877 0.373877 0.532902 0.652033 0.00000 0.00000 6.56461 5.99886 5.45285 5.30834 5.25367 5.24689 4.94043 4.63441 4.63441 4.63441 4.19334 3.31344 3.27047 3.21529 3.18597 3.15668 3.13098 3.12727 3.13167 3.23254 3.37268 3.51277 3.78731 3.36687 3.47080 3.48152 3.48152 3.48152 3.48152 3.48152 3.48152 3.48152 3.46927 3.35635 3.22102 3.08568 2.95162 2.90068 2.90068 2.90068 2.90275 2.91205 2.67977
1.10556 1.10556 1.10556 1.10556 1.11293 1.52931 0.855208 0.445801 0.410894 0.382628 0.373877 0.373877 0.373877 0.373877 0.373877 0.373877 0.373877 0.373877 0.373877 0.373877 0.456916 0.652033 0.00000 0.00000 6.68131 5.84965 5.45594 5.24689 5.24689 5.24689 5.12850 4.62167 4.60408 4.58650 4.43942 3.21313 3.18826 3.12727 3.14046 3.25810 3.39830 3.53838 3.67407 3.71339 3.71339 3.71339 3.79880 3.66868 3.30033 3.48152 3.48152 3.48152 3.44656 3.31662 3.18135 3.04601 2.92299 2.90068 2.90068 2.90068 2.90068 2.90068 2.90068 2.90068 2.90072 2.91094 2.82089
1.13883 1.15706 1.17530 1.19359 1.20579 1.08413 0.804819 0.373877 0.373877 0.373877 0.373877 0.373877 0.373877 0.373877 0.373877 0.373877 0.373877 0.373877 0.373877 0.373877 0.403416 0.652033 0.652033 0.00000 6.68131 6.08149 5.61574 5.24689 5.24689 5.24689 5.24637 4.61936 4.54889 4.58033 4.75290 3.83555 3.81209 3.58397 3.69095 3.71339 3.71339 3.71339 3.71339 3.71339 3.71339 3.71339 3.74942 3.87872 3.15232 3.27689 3.14167 3.00634 2.90597 2.90068 2.90068 2.90068 2.90068 2.90068 2.90068 2.90068 2.90068 2.90068 2.90068 2.89326 2.86079 2.71418 2.51391
1.20612 1.20612 1.20612 1.20612 1.20612 1.13578 0.970488 0.380862 0.373877 0.373877 0.373877 0.373877 0.373877 0.373877 0.373877 0.373877 0.373877 0.368374 0.342197 0.308610 0.267606 0.521994 0.652033 0.00000 6.68131 6.37515 5.74230 5.29775 5.39880 5.66670 5.97740 5.76146 5.74315 6.01740 6.15053 5.28743 4.51340 3.94245 3.71339 3.71339 3.71339 3.71339 3.71339 3.71201 3.66970 3.60840 3.54838 3.37932 2.77048 2.90068 2.90068 2.90068 2.90068 2.90068 2.90068 2.90068 2.90068 2.90068 2.89258 2.85996 2.82556 2.79121 2.75497 2.70373 2.67085 2.48278 2.15632
1.20612 1.20612 1.20612 1.20612 1.20612 1.18683 1.01518 0.509220 0.373877 0.373877 0.373877 0.372297 0.351162 0.319629 0.280614 0.231350 0.166850 0.101175 0.0957218 0.0957218 0.0957218 0.0957218 0.00000 0.00000 7.89122 8.41063 7.37236 7.08968 7.06873 7.18305 7.25457 6.85779 6.15672 6.15672 6.15672 5.71072 4.51340 4.16866 3.71339 3.70889 3.65916 3.59786 3.53651 3.47659 3.45756 3.45756 3.45756 3.35893 2.96196 2.84071 2.90068 2.90068 2.90068 2.89205 2.85906 2.82473 2.79033 2.75600 2.72307 2.69225 2.66129 2.63036 2.60127 2.59465 2.59465 2.55948 2.14598
1.20612 1.20612 1.20612 1.20612 1.20612 1.20612 1.02011 0.640409 0.293447 0.247678 0.188556 0.115001 0.0957218 0.0957218 0.0957218 0.0957218 0.0957218 0.0957218 0.0957218 0.0957218 0.0957218 0.0957218 0.00000 0.00000 9.82172 9.82172 8.36787 7.62203 7.25668 7.25668 7.25668 7.18584 6.17590 6.15672 6.15672 6.06588 4.49077 4.26243 3.52599 3.46915 3.45756 3.45756 3.45756 3.45756 3.45756 3.45756 3.45756 3.40577 3.23895 2.61091 2.82383 2.78948 2.75510 2.72938 2.71363 2.68271 2.65176 2.62081 2.59649 2.59465 2.59465 2.59465 2.59465 2.59465 2.59465 2.59465 2.23674
1.19900 1.15078 1.09626 1.04143 0.986637 0.931903 0.797702 0.624555 0.0957218 0.0957218 0.0957218 0.0957218 0.0957218 0.0957218 0.0957218 0.0957218 0.0957218 0.0957218 0.0957218 0.0957218 0.0957218 0.0957218 0.00000 0.00000 9.82172 9.82172 8.93983 7.80703 7.27101 7.25668 7.25668 7.24450 6.34237 6.07474 6.03794 6.00685 4.75062 4.30863 3.51432 3.45756 3.45756 3.45756 3.45756 3.44435 3.36697 3.28134 3.19550 3.10110 2.89031 2.43957 2.70411 2.67315 2.64223 2.61127 2.59468 2.59465 2.59465 2.59465 2.59465 2.59465 2.59465 2.59465 2.59465 2.59480 2.59717 2.60028 2.37141
0.911287 0.904716 0.904716 0.904716 0.904716 0.904716 0.849284 0.705235 0.145735 0.0957218 0.0957218 0.0957218 0.0957218 0.0957218 0.0957218 0.0957218 0.0957218 0.0957218 0.0957218 0.00000 0.00000 0.00000 0.00000 0.00000 9.82172 9.82172 9.63149 7.83697 7.32340 7.14632 7.10031 7.06650 6.51107 6.00322 6.00322 6.00322 5.22461 4.32152 3.76195 3.37922 3.29347 3.20767 3.12187 3.04933 3.04087 3.02244 2.87251 2.69689 2.40486 2.05397 2.59110 2.59465 2.59465 2.59465 2.59465 2.59465 2.59465 2.59465 2.59465 2.59522 2.59810 2.60121 2.60432 2.60729 2.60803 2.60803 2.50194
0.904716 0.904716 0.904716 0.904716 0.904716 0.904716 0.896218 0.734423 0.426272 0.0957218 0.0957218 0.0957218 0.0957218 0.00000 0.00000 0.00000 0.00000 0.00000 0.00000 0.00000 0.00000 0.00000 0.00000 0.00000 9.82172 9.82172 9.82172 7.99027 7.33303 7.06481 7.06481 7.06481 6.83199 6.00135 5.96350 5.91204 5.49582 4.07900 3.66523 3.04087 3.04087 3.00533 2.84116 2.66547 2.48977 2.33250 2.30666 2.30666 2.23717 2.08364 2.40500 2.59465 2.59465 2.59465 2.59465 2.59593 2.59902 2.60214 2.60525 2.60779 2.60803 2.60803 2.60803 2.60803 2.60803 2.60803 2.60070
0.904716 0.907177 0.954969 1.01963 1.08433 1.14920 1.21404 1.29988 1.33089 0.00000 0.00000 0.00000 0.00000 0.00000 0.00000 0.00000 0.00000 0.00000 0.00000 0.00000 0.00000 0.00000 0.00000 0.00000 9.82172 9.82172 9.82172 8.58641 7.50688 6.92644 6.67206 6.44204 6.22968 5.79232 5.75321 5.75321 5.66556 4.09019 3.90625 2.63404 2.45842 2.31826 2.30666 2.30666 2.30666 2.30666 2.30666 2.30666 2.28393 2.14859 2.22446 2.59684 2.59995 2.60307 2.60618 2.60802 2.60803 2.60803 2.60803 2.60803 2.60803 2.60803 2.60803 2.60803 2.60803 2.60803 2.60634
1.18194 1.24432 1.26137 1.26137 1.26137 1.26137 1.26137 1.28341 1.33089 0.00000 0.00000 0.00000 0.00000 0.00000 0.00000 0.00000 0.00000 0.00000 0.00000 0.00000 0.523753 0.523753 0.523753 0.523753 9.60404 8.89580 8.28314 7.51801 6.24457 6.02289 5.98942 5.84033 5.74493 5.45414 5.17004 4.98117 4.84225 4.52672 4.36926 2.56818 2.30666 2.30666 2.30666 2.30666 2.30666 2.30666 2.30360 2.27551 2.24192 2.16262 2.12114 2.60803 2.60803 2.60803 2.60803 2.60803 2.60803 2.60803 2.60803 2.60803 2.60803 2.60625 2.59972 2.59298 2.58618 2.57643 2.55178
1.26137 1.26137 1.26137 1.26137 1.26137 1.26137 1.26137 1.26964 1.33089 1.33089 0.00000 0.00000 0.00000 0.00000 0.523753 0.523753 0.523753 0.523753 0.523753 0.523753 0.523753 0.523753 0.523753 0.523753 7.14915 6.94607 6.74779 6.60876 5.72582 5.47822 5.27610 5.23646 5.14283 5.00461 4.83887 4.83887 4.83887 4.65349 4.37345 3.19616 2.30666 2.30666 2.30054 2.26959 2.23599 2.20243 2.17189 2.16639 2.16639 2.16396 2.05537 2.55925 2.60803 2.60803 2.60803 2.60803 2.60615 2.59957 2.59283 2.58605 2.57928 2.56655 2.54451 2.52243 2.50035 2.48129 2.47878
1.26137 1.26137 1.26137 1.26137 1.26137 1.26137 1.26137 1.26176 1.32206 1.17985 0.523753 0.523753 0.523753 0.523753 0.523753 0.523753 0.523753 0.523753 0.523753 0.523753 0.523753 0.523753 0.523753 0.523753 5.95543 6.28549 6.34467 6.34467 5.84096 5.42044 5.08943 5.08943 5.08943 5.07195 4.84196 4.83887 4.83887 4.76694 4.36574 3.70210 2.23010 2.19649 2.16901 2.16639 2.16639 2.16639 2.16639 2.16639 2.16639 2.16527 2.15640 2.34316 2.59944 2.59266 2.58591 2.57912 2.57402 2.55960 2.53753 2.51544 2.49339 2.47907 2.47878 2.47878 2.47878 2.47878 2.47878
1.26137 1.26137 1.26137 1.25317 1.18045 1.09415 1.00794 0.921547 0.653712 0.433312 0.523753 0.523753 0.523753 0.523753 0.523753 0.523753 0.523753 0.523753 0.523753 0.523753 0.523753 0.523753 0.523753 0.523753 5.54251 6.34467 6.34467 6.34467 6.09205 5.53113 5.12133 5.08943 5.08943 5.08943 4.88573 4.80954 4.78936 4.76719 4.31991 4.09510 2.17031 2.16639 2.16639 2.16639 2.16639 2.16639 2.19177 2.30951 2.43580 2.56181 2.68396 2.56056 2.57161 2.55264 2.53055 2.50848 2.48666 2.47878 2.47878 2.47878 2.47878 2.47878 2.47878 2.47878 2.47878 2.47878 2.45574
1.04926 0.962863 0.876657 0.798504 0.784827 0.784827 0.784827 0.784827 0.681350 0.393615 0.523535 0.523753 0.523753 0.523753 0.523753 0.523753 0.523753 0.523753 0.523753 0.523753 0.523753 0.523753 0.523753 0.523753 4.94171 6.34467 6.34467 6.34467 6.32536 5.57445 5.22119 5.05643 5.03637 5.01622 4.88135 4.75471 4.75471 4.75471 4.46261 4.26825 2.59360 2.18237 2.29304 2.41914 2.54555 2.67165 2.77250 2.78092 2.73970 2.56859 2.38511 2.22696 2.48188 2.47878 2.47878 2.47878 2.47878 2.47878 2.47878 2.47878 2.47878 2.47878 2.41839 2.23112 2.03999 1.84885 1.68067
0.784827 0.784827 0.784827 0.784827 0.784827 0.784827 0.784827 0.784827 0.755013 0.377809 0.500013 0.523753 0.523753 0.523753 0.523753 0.523753 0.523753 0.523753 0.523753 0.523753 0.523753 0.523753 0.523753 0.523753 4.31119 6.28404 6.34467 6.34467 6.34467 5.69442 5.27057 5.00527 5.00527 5.00527 4.95180 4.75471 4.75998 4.82079 4.74564 4.54018 3.64239 2.76543 2.78092 2.78092 2.71559 2.53717 2.35671 2.17618 2.03687 2.02745 2.02580 2.02657 2.42209 2.47878 2.47878 2.47878 2.47878 2.47787 2.36433 2.17303 1.98190 1.79076 1.65994 1.65599 1.65599 1.65599 1.65599
0.784827 0.784827 0.784827 0.784827 0.784257 0.758225 0.711730 0.654031 0.580615 0.383467 0.460720 0.523753 0.523753 0.523753 0.523753 0.523753 0.523753 0.523753 0.523753 0.523753 0.523753 0.523753 0.523753 0.523753 4.23009 5.90003 6.34467 6.34467 6.34467 5.95439 5.40290 5.01390 5.02087 5.04548 5.06772 5.03819 5.10853 5.12343 5.08474 4.72929 4.10665 2.50567 2.32522 2.14469 2.02948 2.02745 2.02745 2.02745 2.02745 2.02745 2.02709 2.02306 2.29735 2.46323 2.30624 2.11494 1.92381 1.73358 1.65599 1.65599 1.65599 1.65599 1.65599 1.65599 1.65599 1.65599 1.65599
