High_resolution/powerplant/Shangrao/OMI_NO2_200505.asc
ncols      200
nrows      200
xllcorner       115.451
yllcorner       27.0350
cellsize     0.0166667
NODATA_Value      -999.000
[rows 87 to 115 of 200, columns 0 to 66 of 200]
0.125350 0.125350 0.575994 1.01043 1.01588 1.02134 1.02677 1.03224 1.03768 1.04313 1.52728 2.13635 2.21675 2.29001 2.29001 2.29001 2.29001 2.29001 2.29001 2.29001 2.29001 2.29001 2.29001 2.29001 2.29001 2.29001 2.29001 2.20609 2.20705 2.32363 2.39787 2.44426 2.48330 2.51626 2.54461 2.56915 2.58329 2.47633 1.67005 1.61077 1.55142 1.52165 1.52165 1.52165 1.64630 1.70170 1.70170 1.70170 1.70170 1.70170 1.70170 1.70170 1.79547 2.00047 1.98120 1.98120 1.97918 1.96219 1.94222 1.92224 1.90769 1.90664 1.90098 1.90094 1.90094 1.90094 1.90094
0.125350 0.125350 0.335340 1.05708 1.05708 1.05708 1.05708 1.05708 1.05708 1.05708 1.28285 2.13941 2.18448 2.29001 2.29001 2.29001 2.29001 2.29001 2.29001 2.26985 2.20322 2.13517 2.07984 2.38205 2.42033 2.45262 2.48045 2.48472 2.48882 2.46521 2.45507 2.45507 2.45507 2.45507 2.45507 2.45507 2.45507 2.45169 1.64508 1.52165 1.52165 1.52165 1.52165 1.52165 1.60525 1.70170 1.70170 1.70170 1.70170 1.70170 1.70170 1.70170 1.70170 1.97214 1.94797 1.92798 1.91003 1.90701 1.90701 1.90701 1.90701 1.90701 1.90199 1.90094 1.90094 1.90094 1.90094
0.125350 0.125350 0.126654 1.01164 1.05708 1.05708 1.05708 1.05708 1.05726 1.09205 1.17249 2.02471 2.01622 1.96867 1.90045 1.83204 1.76392 1.69558 1.62725 1.57922 1.57744 1.57744 1.57744 2.42021 2.48296 2.48296 2.48296 2.47361 2.45507 2.45507 2.45507 2.45507 2.45507 2.45507 2.45507 2.45507 2.45507 2.45507 1.96190 1.52165 1.52165 1.52165 1.52165 1.52165 1.56423 1.70170 1.70170 1.70170 1.70170 1.70170 1.70170 1.70170 1.70170 1.86594 1.90701 1.90701 1.90701 1.90701 1.90701 1.90701 1.90701 1.90701 1.90335 1.90094 1.90094 1.90094 1.90094
0.297237 0.419175 0.540993 1.20331 1.38660 1.44745 1.50830 1.56920 1.62993 1.65599 1.65599 1.75032 1.77881 1.58395 1.57744 1.57744 1.57744 1.57744 1.57744 1.57744 1.57744 1.57744 1.57744 2.27317 2.48296 2.48296 2.48296 2.48004 2.45507 2.45507 2.45507 2.45507 2.45507 2.45507 2.45507 2.45507 2.45507 2.45507 2.18656 1.52165 1.52165 1.52165 1.52165 1.52165 1.52758 1.69731 1.70170 1.70170 1.70170 1.70170 1.70170 1.70170 1.70170 1.78022 1.90720 1.90701 1.90701 1.90701 1.90701 1.90701 1.90701 1.90701 1.90473 1.90094 1.90094 1.90116 1.90704
1.32317 1.32317 1.32317 1.53571 1.65599 1.65599 1.65599 1.65599 1.65599 1.65599 1.65599 1.72059 1.78312 1.64399 1.57744 1.57744 1.57744 1.57744 1.57744 1.57744 1.57744 1.57744 1.57744 2.07346 2.48296 2.48296 2.48296 2.48296 2.45859 2.45507 2.45507 2.45507 2.45507 2.45507 2.45507 2.45507 2.45507 2.45507 2.35032 1.52165 1.52165 1.52165 1.52165 1.52165 1.52165 1.66220 1.70170 1.70170 1.70170 1.70170 1.70170 1.70170 1.70170 1.70170 1.89395 1.90701 1.90701 1.91137 1.92036 1.93008 1.94069 1.95225 1.96374 1.97081 1.98580 2.00201 2.00721
1.32317 1.32317 1.32317 1.45621 1.65599 1.65599 1.65599 1.65599 1.65599 1.65599 1.65599 1.69087 1.78312 1.69724 1.57744 1.57744 1.57744 1.57744 1.57744 1.57744 1.57744 1.57744 1.57744 1.78692 2.48296 2.48296 2.48296 2.48296 2.46503 2.45507 2.45507 2.45507 2.45507 2.45507 2.45507 2.45507 2.45507 2.45507 2.44905 1.62032 1.52165 1.52165 1.52165 1.52165 1.52165 1.62116 1.70170 1.70170 1.70170 1.70170 1.70170 1.70170 1.70170 1.70170 1.89150 1.99077 2.00753 2.01599 2.01466 2.01327 2.01187 2.01047 2.00904 1.94833 1.93029 1.92029 1.91388
1.32317 1.32317 1.32317 1.35165 1.65359 1.65599 1.65599 1.65599 1.65599 1.65599 1.65599 1.66272 1.78153 1.73623 1.57744 1.57744 1.57744 1.57744 1.57744 1.57744 1.57744 1.57744 1.57744 1.57762 2.42715 2.48296 2.48296 2.48296 2.47147 2.45507 2.45507 2.45507 2.45507 2.45507 2.45507 2.45507 2.45507 2.45507 2.45507 1.93908 1.52165 1.52165 1.52165 1.52165 1.52165 1.58093 1.69834 1.69555 1.69274 1.68995 1.68718 1.68438 1.68158 1.67878 1.78299 2.00206 2.00066 1.99959 1.99953 1.99953 1.99953 1.99953 1.99960 1.94953 1.97818 2.04403 2.10631
1.32317 1.32317 1.32317 1.32317 1.59739 1.61667 1.60230 1.58695 1.57019 1.55198 1.53220 1.51045 1.64137 1.64708 1.57744 1.57744 1.57744 1.57744 1.57744 1.57744 1.57744 1.57744 1.57744 1.57744 2.28270 2.48296 2.48296 2.48296 2.47790 2.45507 2.45507 2.45507 2.42679 2.36140 2.28780 2.20799 2.11382 2.00247 1.86764 1.65936 1.59258 1.60379 1.61502 1.62620 1.63743 1.64822 1.66810 1.66812 1.66812 1.66812 1.66812 1.66812 1.66812 1.66812 1.66931 1.97702 1.99953 1.99953 1.99953 2.01853 2.08250 2.14837 2.21405 2.18614 2.12108 2.12108 2.12108
1.32317 1.32317 1.32317 1.32317 1.32317 1.32317 1.32317 1.32317 1.32317 1.32317 1.32317 1.32317 1.46886 1.57744 1.57744 1.57744 1.57744 1.57744 1.57744 1.57744 1.57744 1.57744 1.57744 1.62205 2.24621 2.65693 2.73873 2.83352 2.94375 2.12131 1.89025 1.72664 1.62801 1.63924 1.64661 1.64677 1.64677 1.64677 1.64677 1.64677 1.64677 1.64677 1.64677 1.64677 1.64677 1.64677 1.66527 1.66812 1.66812 1.66812 1.66812 1.66812 1.66812 1.66812 1.66812 1.91365 2.06369 2.12954 2.19541 2.24225 2.24414 2.24414 2.24414 2.21408 2.12108 2.12108 2.12108
1.32317 1.32317 1.32317 1.32317 1.32317 1.32317 1.32317 1.32317 1.32317 1.32317 1.32317 1.32317 1.41085 1.71775 1.94657 2.17515 2.40445 2.63279 2.86113 3.08971 3.31804 3.54782 3.77592 3.96013 3.97596 3.97596 3.97596 3.97596 3.97596 2.29801 1.64677 1.64677 1.64677 1.64677 1.64677 1.64677 1.64677 1.64677 1.64677 1.64677 1.64677 1.64677 1.64677 1.64677 1.64677 1.64677 1.66038 1.66812 1.66812 1.66812 1.66812 1.66812 1.66812 1.66812 1.66812 1.88620 2.24414 2.24414 2.24414 2.24414 2.24414 2.24414 2.24414 2.23945 2.12352 2.12108 2.12108
1.32317 1.32317 1.32317 1.31800 1.30499 1.29187 1.27875 1.26566 1.25255 1.23946 1.22632 1.21322 1.49162 3.97513 3.97596 3.97596 3.97596 3.97596 3.97596 3.97596 3.97596 3.97596 3.97596 3.97596 3.97596 3.97596 3.97596 3.97596 3.97596 2.83559 1.64677 1.64677 1.64677 1.64677 1.64677 1.64677 1.64677 1.64677 1.64677 1.64677 1.64677 1.64677 1.64677 1.64677 1.64677 1.64677 1.65549 1.66812 1.66812 1.66812 1.66812 1.66812 1.66812 1.66812 1.66812 1.67772 2.21535 2.24414 2.24414 2.24414 2.24414 2.24414 2.24414 2.24414 2.14675 2.12108 2.12108
1.22942 1.21630 1.20320 1.19525 1.19517 1.19517 1.19517 1.19517 1.19517 1.19517 1.19517 1.19517 1.19517 3.61570 3.97596 3.97596 3.97596 3.97596 3.97596 3.97596 3.97596 3.97596 3.97596 3.97596 3.97596 3.97596 3.97596 3.97596 3.97596 3.37317 1.64677 1.64677 1.64677 1.64677 1.64677 1.64677 1.64677 1.64677 1.64677 1.64677 1.64677 1.64677 1.64677 1.64677 1.64677 1.64677 1.65060 1.66812 1.66812 1.66812 1.66812 1.66812 1.66812 1.66812 1.66812 1.66812 2.09701 2.24414 2.24414 2.24414 2.24414 2.24414 2.24414 2.24414 2.17459 2.12108 2.12108
1.19517 1.19517 1.19517 1.19517 1.19517 1.19517 1.19517 1.19517 1.19517 1.19517 1.19517 1.19517 1.19517 2.96234 3.97596 3.97596 3.97596 3.97596 3.97596 3.97596 3.97596 3.97596 3.97596 3.97596 3.97596 3.97596 3.97596 3.97596 3.97596 3.87208 1.68521 1.64677 1.64677 1.64677 1.64677 1.64677 1.64677 1.64677 1.64677 1.64677 1.64677 1.64677 1.64677 1.64677 1.64677 1.64677 1.64697 1.66686 1.66812 1.66812 1.66812 1.66812 1.66812 1.66812 1.66812 1.66812 1.91504 2.24414 2.24414 2.24414 2.24414 2.24465 2.27204 2.31436 2.26457 2.03741 2.01618
1.19517 1.19517 1.19517 1.19517 1.19517 1.19517 1.19517 1.19517 1.19517 1.19517 1.19517 1.19517 1.19517 2.30910 3.97596 3.97596 3.97596 3.97596 3.97596 3.97596 3.97596 3.97596 3.97596 3.97596 3.97596 3.97596 3.97596 3.97596 3.97596 3.97596 2.11890 1.64677 1.64677 1.64677 1.64677 1.64677 1.64677 1.64677 1.64677 1.64677 1.64677 1.64677 1.64677 1.64677 1.64677 1.64677 1.64677 1.66215 1.66812 1.66913 1.72393 1.80857 1.89300 1.97763 2.06226 2.14669 2.24281 2.55928 2.61027 2.65259 2.69490 2.73661 2.75153 2.75153 2.64823 1.83822 1.78939
1.19517 1.19517 1.19517 1.19517 1.19517 1.19517 1.19517 1.20774 1.29488 1.38395 1.46341 1.53423 1.59829 1.98636 3.61040 3.76921 3.97596 3.97596 3.97596 3.97596 3.97596 3.97596 3.97596 3.97596 3.97596 3.97596 3.97596 3.97596 3.97596 3.97596 2.65648 1.64677 1.64677 1.64677 1.64677 1.64677 1.64677 1.64677 1.64358 1.61972 1.59218 1.56466 1.53712 1.50961 1.48206 1.45452 1.42704 1.92327 2.56965 2.65307 2.68290 2.68290 2.68290 2.68290 2.68290 2.68290 2.68290 2.73608 2.75153 2.75153 2.75153 2.75151 2.71758 2.65396 2.59029 1.72076 1.60482
1.19517 1.19517 1.19517 1.19517 1.19517 1.27546 1.97714 2.00383 2.00734 2.00734 2.00734 2.00734 2.00734 2.01415 3.29495 3.54565 3.97596 3.97596 3.97596 3.97596 3.97596 3.97596 3.97596 3.97596 3.97596 3.97596 3.97596 3.96631 3.87836 3.77374 2.95029 1.53288 1.50537 1.47786 1.45028 1.42277 1.39525 1.36768 1.34339 1.33971 1.33971 1.33971 1.33971 1.33971 1.33971 1.33971 1.33971 1.69404 2.68290 2.68290 2.68290 2.68290 2.68290 2.68290 2.68290 2.68290 2.68290 2.71555 2.73369 2.67201 2.60839 2.54472 2.51494 2.51494 2.51494 1.91058 1.60482
1.19517 1.19517 1.19517 1.19517 1.19517 1.19517 1.93920 2.00734 2.00734 2.00734 2.00734 2.00734 2.00734 2.00734 2.97519 3.45829 3.97596 3.93330 3.82912 3.72428 3.61967 3.51483 3.41021 3.30538 3.20087 3.09592 2.99130 2.89623 2.87934 2.87934 2.71737 1.34001 1.33971 1.33971 1.33971 1.33971 1.33971 1.33971 1.33971 1.33971 1.33971 1.33971 1.33971 1.33971 1.33971 1.33971 1.33971 1.40579 2.66490 2.68290 2.68290 2.68290 2.68290 2.68290 2.68290 2.68290 2.68290 2.67646 2.52075 2.51494 2.51494 2.51494 2.51494 2.51494 2.51494 2.11528 1.60482
1.19517 1.19517 1.19517 1.19517 1.19517 1.19517 1.82040 1.99843 1.97348 1.94817 1.92293 1.89764 1.87233 1.84706 2.36221 2.93401 2.93677 2.87989 2.87934 2.87934 2.87934 2.87934 2.87934 2.87934 2.87934 2.87934 2.87934 2.87934 2.87934 2.87934 2.87934 1.53339 1.33971 1.33971 1.33971 1.33971 1.33971 1.33971 1.33971 1.33971 1.33971 1.33971 1.33971 1.33971 1.33971 1.33971 1.33971 1.33971 2.42501 2.68290 2.68290 2.68290 2.68290 2.68290 2.68290 2.68290 2.68290 2.68290 2.54768 2.51494 2.51494 2.51494 2.51494 2.51494 2.51494 2.31988 1.60482
1.03850 0.987921 0.937391 0.886813 0.836185 0.785705 1.33768 1.76091 1.76061 1.76061 1.76061 1.76061 1.76061 1.76061 2.00892 2.84942 2.86752 2.87934 2.87934 2.87934 2.87934 2.87934 2.87934 2.87934 2.87934 2.87934 2.87934 2.87934 2.87934 2.87934 2.87934 1.88868 1.33971 1.33971 1.33971 1.33971 1.33971 1.33971 1.33971 1.33971 1.33971 1.33971 1.33971 1.33971 1.33971 1.33971 1.33971 1.33971 2.11876 2.68290 2.68290 2.68290 2.68290 2.68290 2.68290 2.68290 2.68290 2.68290 2.59493 2.51494 2.51494 2.51494 2.51494 2.51494 2.51494 2.49391 1.63540
0.701719 0.701719 0.701719 0.701719 0.701719 0.701719 1.03566 1.76061 1.76061 1.76061 1.76061 1.76061 1.76061 1.76061 1.78957 2.81469 2.86037 2.87934 2.87934 2.87934 2.87934 2.87934 2.87934 2.87934 2.87934 2.87934 2.87934 2.87934 2.87934 2.87934 2.87934 2.24489 1.33971 1.33971 1.33971 1.33971 1.33971 1.33971 1.33971 1.33971 1.33971 1.33971 1.33971 1.33971 1.33971 1.33971 1.33971 1.33971 1.81265 2.68290 2.68290 2.68290 2.68290 2.68290 2.68290 2.68290 2.68290 2.68290 2.66395 2.51697 2.51494 2.51494 2.51494 2.51494 2.51494 2.51494 1.82287
0.701719 0.701719 0.701719 0.701719 0.701719 0.701719 0.730341 1.73579 1.76061 1.76061 1.76061 1.76061 1.76061 1.76061 1.76061 2.58963 2.85508 2.87934 2.87934 2.87934 2.87934 2.87934 2.87934 2.87934 2.87934 2.87934 2.87934 2.87934 2.87934 2.87934 2.87934 2.60036 1.33971 1.33971 1.33971 1.33971 1.33971 1.33971 1.33971 1.33971 1.33971 1.33971 1.33971 1.33971 1.33971 1.33971 1.33971 1.33971 1.50653 2.68290 2.68290 2.68290 2.68290 2.68290 2.67312 2.62361 2.56947 2.51540 2.46132 2.38215 2.35014 2.32304 2.29616 2.26906 2.24202 2.21502 2.08262
0.701719 0.701719 0.701719 0.701719 0.701719 0.701719 0.701719 1.60837 1.76061 1.76061 1.76061 1.76061 1.76063 1.76218 1.76469 2.34197 2.86034 2.87934 2.87934 2.87934 2.87934 2.87934 2.87934 2.87934 2.87934 2.87934 2.87934 2.87934 2.87934 2.87934 2.87934 2.86502 1.43039 1.33971 1.33971 1.33971 1.33971 1.33971 1.33971 1.33971 1.33971 1.33971 1.34158 1.41662 1.52818 1.63974 1.75130 1.86273 1.97456 2.31916 2.24144 2.18737 2.13342 2.07929 2.03493 2.03063 2.03063 2.03063 2.03063 2.12075 2.18880 2.18880 2.18880 2.18880 2.19323 2.26236 2.28932
0.701719 0.701719 0.701719 0.701719 0.701719 0.701719 0.701719 1.45051 1.78746 1.78996 1.79247 1.79498 1.79741 1.79842 1.79842 2.11904 2.88723 2.88099 2.87934 2.87934 2.87934 2.87934 2.87934 2.87934 2.87934 2.87934 2.87934 2.87934 2.87934 2.87934 2.87934 2.87432 1.82886 1.55219 1.66375 1.77519 1.88674 1.99830 2.10974 2.22130 2.33273 2.44429 2.55385 2.59037 2.59037 2.59037 2.59037 2.59037 2.59037 2.21618 2.03063 2.03063 2.03063 2.03063 2.03063 2.03063 2.03063 2.03063 2.03063 2.05661 2.18804 2.23688 2.32724 2.41760 2.50356 2.52483 2.50653
0.701719 0.701719 0.701719 0.701719 0.701719 0.701719 0.701719 1.22038 1.79842 1.79842 1.79842 1.79842 1.79842 1.79842 1.79842 1.87202 2.88004 2.88329 2.87934 2.87934 2.87934 2.85667 2.77621 2.69298 2.60966 2.52651 2.44311 2.35987 2.27682 2.19324 2.11018 2.03188 2.29580 2.59037 2.59037 2.58992 2.58636 2.58250 2.57886 2.57540 2.57213 2.56901 2.56605 2.56323 2.56051 2.55791 2.55545 2.55309 2.55084 2.37319 2.15626 2.16200 2.16749 2.17280 2.12676 2.03063 2.03063 2.03063 2.03063 2.03063 2.42040 2.52483 2.52483 2.52483 2.52483 2.52483 2.52483
0.701719 0.701719 0.701719 0.701719 0.701719 0.701719 0.701719 0.884670 1.79792 1.79842 1.79842 1.81891 1.87697 1.93578 1.99453 2.05334 2.58202 2.52905 2.24402 2.16079 2.07765 2.01691 2.01414 2.01414 2.01414 2.01414 2.01414 2.01414 2.09804 2.20931 2.21301 2.21658 2.29782 2.52024 2.51914 2.51818 2.51805 2.51805 2.51805 2.51805 2.51805 2.51805 2.51805 2.51805 2.51805 2.51805 2.51805 2.51805 2.51805 2.45855 2.23818 2.23818 2.23818 2.23818 2.20263 2.03063 2.03063 2.03063 2.03063 2.03063 2.33354 2.52483 2.52483 2.52483 2.52483 2.52483 2.52483
0.701719 0.726421 0.836888 0.954395 1.07202 1.18964 1.30726 1.42500 2.17197 2.27762 2.33644 2.37476 2.37557 2.37557 2.37557 2.37557 2.42268 2.39674 2.01414 2.01414 2.01414 2.01414 2.01414 2.01414 2.01414 2.01414 2.01414 2.01414 2.05966 2.22994 2.22994 2.22994 2.24264 2.51321 2.51805 2.51805 2.51805 2.51805 2.51805 2.51805 2.51805 2.51805 2.51805 2.51805 2.51805 2.51805 2.51805 2.51805 2.51805 2.51206 2.24845 2.23818 2.23818 2.23818 2.22782 2.03063 2.03063 2.03063 2.03063 2.03063 2.14053 2.52431 2.52483 2.52483 2.52483 2.52483 2.52483
1.76105 1.84886 1.85602 1.85602 1.85602 1.85602 1.85602 1.85602 2.26570 2.37557 2.37557 2.37557 2.37557 2.37557 2.37557 2.37557 2.40434 2.44669 2.03133 2.01414 2.01414 2.01414 2.01414 2.01414 2.01414 2.01414 2.01414 2.01414 2.01444 2.22043 2.22994 2.22994 2.22994 2.45942 2.51805 2.51805 2.51805 2.51805 2.51805 2.51805 2.51805 2.51805 2.51805 2.51805 2.51805 2.51805 2.51805 2.51805 2.51805 2.51805 2.30622 2.23818 2.23818 2.23818 2.23818 2.06918 2.03063 2.03063 2.03063 2.03063 2.03063 2.47123 2.52483 2.52483 2.52483 2.52483 2.52483
1.85602 1.85602 1.85602 1.85602 1.85602 1.85602 1.85602 1.85602 2.16908 2.37557 2.37557 2.37557 2.37557 2.37557 2.37557 2.37557 2.38597 2.45463 2.16177 2.01414 2.01414 2.01414 2.01414 2.01414 2.01414 2.01414 2.01414 2.01414 2.01414 2.19402 2.22994 2.22994 2.22994 2.39295 2.51805 2.51805 2.51805 2.51805 2.51805 2.51805 2.51805 2.51805 2.51805 2.51805 2.51805 2.51805 2.51805 2.51805 2.51805 2.51805 2.37003 2.23818 2.23818 2.23818 2.23818 2.12642 2.03063 2.03063 2.03063 2.00412 1.95729 2.27265 2.44116 2.41769 2.39419 2.37078 2.34716
1.85602 1.85602 1.85602 1.85602 1.85602 1.85602 1.85602 1.85602 2.03749 2.37557 2.37557 2.37557 2.37557 2.37557 2.37557 2.37557 2.37561 2.44666 2.26965 2.01414 2.01414 2.01414 2.01414 2.01414 2.01414 2.01414 2.01414 2.01414 2.01414 2.16048 2.22994 2.22994 2.22994 2.32646 2.51805 2.51805 2.51805 2.51805 2.51805 2.51805 2.51805 2.51805 2.51805 2.51805 2.51805 2.51805 2.51805 2.50096 2.45336 2.40521 2.29197 2.12971 2.10627 2.08268 2.05935 1.89816 1.57892 1.53186 1.48503 1.46436 1.46436 1.68638 2.24170 2.24170 2.24170 2.24170 2.24170
