High_resolution/powerplant/Shangrao/OMI_NO2_200810.asc
ncols      200
nrows      200
xllcorner       115.451
yllcorner       27.0350
cellsize     0.0166667
NODATA_Value      -999.000
[rows 150 to 179 of 200, columns 132 to 197 of 200]
0.534452 0.534452 0.534452 0.534452 0.534452 0.534452 0.534452 0.534452 0.625443 1.63140 1.63581 1.63581 1.63581 1.63581 1.63581 1.63581 1.63581 1.63581 1.63539 1.14683 1.11072 1.11072 1.11072 1.08411 0.666327 0.661384 0.661384 0.646062 0.603951 0.561346 0.518775 0.476170 0.433600 0.390994 0.348424 0.312011 0.307516 0.241806 0.0641439 0.827508 0.985095 0.985095 0.985095 0.985095 0.985095 0.997237 1.08024 1.17454 1.26901 1.36340 1.42659 1.42823 1.42823 1.42823 1.32692 0.985152 0.00000 0.00000 0.00000 0.00000 0.00000 0.00000 0.00000 0.00000 0.00000 0.00000
0.534452 0.534452 0.534452 0.534452 0.534452 0.534452 0.534452 0.534452 0.534452 1.45282 1.63581 1.63581 1.63581 1.63581 1.63581 1.63581 1.63581 1.63581 1.63581 1.19288 0.965392 0.864245 0.763742 0.662032 0.439781 0.377830 0.335224 0.308012 0.307516 0.307516 0.307516 0.307516 0.307516 0.307516 0.307516 0.307516 0.307516 0.300629 0.0748523 0.606273 0.987001 1.05134 1.14578 1.24012 1.33455 1.41680 1.42823 1.42823 1.42823 1.42823 1.42823 1.42823 1.42823 1.42823 1.39639 0.985152 0.985152 0.00000 0.00000 0.00000 0.00000 0.00000 0.00000 0.00000 0.00000 0.00000
0.586216 0.534452 0.534452 0.534452 0.534452 0.534452 0.534452 0.534452 0.534452 1.18315 1.63581 1.55261 1.35208 1.14963 0.947657 0.746007 0.543391 0.342385 0.139287 0.153862 0.306047 0.306047 0.306047 0.306047 0.306890 0.307516 0.307516 0.307516 0.307516 0.307516 0.307516 0.307516 0.307516 0.307516 0.307516 0.307516 0.296441 0.259857 0.262808 0.705497 1.39819 1.42823 1.42823 1.42823 1.42823 1.42823 1.42823 1.42823 1.42823 1.42823 1.42823 1.42823 1.42823 1.42823 1.42814 1.06878 0.985152 0.00000 0.00000 0.00000 0.00000 0.00000 0.00000 0.00000 0.00000 0.00000
0.681192 0.534452 0.534452 0.550528 0.633667 0.724119 0.814641 0.905093 0.995546 0.841899 0.146690 0.0272774 0.0264727 0.0264727 0.0264727 0.0264727 0.0264727 0.0264727 0.0264727 0.0474610 0.301313 0.306047 0.306047 0.306047 0.306520 0.307516 0.307516 0.319084 0.324778 0.307516 0.307516 0.305033 0.276993 0.234324 0.177962 0.0999757 0.0310197 0.0294114 0.309478 0.606957 1.42796 1.42823 1.42823 1.42823 1.42823 1.42823 1.42823 1.42823 1.42823 1.42823 1.42823 1.42823 1.42823 1.42823 1.42823 1.21084 0.985152 0.00000 0.00000 0.00000 0.00000 0.00000 0.00000 0.00000 0.00000 0.00000
1.02993 1.05205 1.14264 1.21702 1.22440 1.22440 1.22440 1.22440 1.22440 1.10421 0.0276706 0.0264727 0.0264727 0.0264727 0.0264727 0.0264727 0.0264727 0.0264727 0.0264727 0.0264727 0.260455 0.332072 0.368590 0.400369 0.428353 0.454021 0.476000 0.487093 0.409959 0.204473 0.137137 0.0502893 0.0294114 0.0294114 0.0294114 0.0294114 0.0294114 0.0294114 0.139738 0.507234 1.30630 1.42823 1.42823 1.42823 1.42823 1.42823 1.42823 1.42823 1.42823 1.42823 1.42823 1.42823 1.42823 1.42823 1.42823 1.31038 0.985152 0.00000 0.00000 0.00000 0.00000 0.00000 0.00000 0.00000 0.00000 0.00000
1.20409 1.22440 1.22440 1.22440 1.22440 1.22440 1.22440 1.22440 1.22440 1.22440 0.200567 0.0264727 0.0264727 0.0264727 0.0439019 0.141400 0.226513 0.293677 0.347902 0.392548 0.457976 0.490149 0.489139 0.482337 0.473485 0.464023 0.451664 0.443888 0.407203 0.0294114 0.0294114 0.0294114 0.0294114 0.0294114 0.0294114 0.0294114 0.0294114 0.0294114 0.0294114 0.467472 1.08490 1.42823 1.42823 1.42823 1.42823 1.42823 1.42823 1.42665 1.36589 1.27466 1.18367 1.09253 1.00154 0.910393 0.819326 0.753569 0.985152 0.985152 0.00000 0.00000 0.00000 0.00000 0.00000 0.00000 0.00000 0.00000
1.22440 1.22440 1.22440 1.22440 1.22440 1.22440 1.22440 1.22440 1.22440 1.22440 0.493925 0.0264727 0.0264727 0.0264727 0.355918 0.442412 0.442412 0.442412 0.468775 0.513147 0.542024 0.456085 0.444082 0.442412 0.442412 0.443308 0.443881 0.443881 0.443383 0.100914 0.0294114 0.0294114 0.0294114 0.0294114 0.0294114 0.0294114 0.0294114 0.0294114 0.0294114 0.396881 0.864703 1.21200 1.12101 1.02986 0.938876 0.847730 0.756663 0.667179 0.637034 0.637034 0.637034 0.637034 0.637034 0.621088 0.575770 0.518500 0.854454 0.985152 0.00000 0.00000 0.00000 0.00000 0.00000 0.00000 0.00000 0.00000
1.22440 1.22440 1.22440 1.22440 1.22440 1.22440 1.22440 1.22440 1.22440 1.22440 0.787190 0.0264727 0.0264727 0.0445758 0.351120 0.529261 0.563111 0.591695 0.604159 0.604159 0.604159 0.475677 0.442412 0.442412 0.442412 0.442932 0.443881 0.443881 0.443881 0.242680 0.0309045 0.103507 0.215304 0.327102 0.438712 0.550602 0.662306 0.774010 0.885901 0.965980 0.924233 0.637034 0.637034 0.637034 0.637034 0.637034 0.637034 0.637034 0.630002 0.590483 0.536344 0.465068 0.366770 0.289542 0.288916 0.288916 0.288916 0.00000 0.00000 0.00000 0.00000 0.00000 0.00000 0.00000 0.00000 0.00000
1.22440 1.22440 1.22440 1.22440 1.22440 1.22440 1.22440 1.22440 1.22440 1.20222 1.04493 0.338915 0.414744 0.468523 0.502489 0.604159 0.604159 0.604159 0.604159 0.604159 0.604159 0.528983 0.445183 0.481527 0.527130 0.575118 0.668108 0.724028 0.779926 0.830152 0.923602 0.962610 0.962610 0.962610 0.962610 0.962610 0.962610 0.962610 0.962610 0.963315 0.973144 0.668559 0.637034 0.635232 0.604154 0.553966 0.488621 0.399735 0.300015 0.288916 0.288916 0.288916 0.288916 0.288916 0.288916 0.288916 0.288916 0.00000 0.00000 0.00000 0.00000 0.00000 0.00000 0.00000 0.00000 0.00000
1.22440 1.22440 1.22440 1.22440 1.22210 1.18070 1.13975 1.11021 1.08792 1.07622 1.07603 0.551780 0.477062 0.477062 0.479306 0.619510 0.659471 0.689897 0.720518 0.751017 0.781565 0.800298 0.797322 0.806946 0.806946 0.806946 0.896997 0.910480 0.910480 0.914540 0.962610 0.962610 0.962610 0.962610 0.962610 0.962610 0.962610 0.962610 0.962610 1.02170 1.00914 0.662365 0.429408 0.322259 0.288916 0.288916 0.288916 0.288916 0.288916 0.288916 0.288916 0.288916 0.288916 0.288916 0.288916 0.288916 0.288916 0.00000 0.00000 0.00000 0.00000 0.00000 0.00000 0.00000 0.00000 0.00000
1.22440 1.22440 1.18509 1.10017 1.08073 1.07603 1.07591 1.04750 0.997386 0.947238 0.897128 0.740275 0.741240 0.786916 0.830733 0.845585 0.847181 0.847181 0.847181 0.847181 0.847181 0.846311 0.809318 0.806946 0.806946 0.806946 0.871945 0.910480 0.910480 0.910496 0.952227 0.962610 0.962610 0.962610 0.981696 1.07883 1.15655 1.21383 1.25776 1.27705 1.19195 0.673287 0.288916 0.288916 0.288916 0.288916 0.288916 0.288916 0.288916 0.288916 0.288916 0.288916 0.288916 0.288916 0.288916 0.288916 0.288916 0.288916 0.00000 0.00000 0.00000 0.00000 0.00000 0.00000 0.00000 0.00000
1.10531 1.00502 0.906084 0.865540 0.815928 0.765818 0.715784 0.694090 0.694090 0.694090 0.694090 0.751190 0.841596 0.841596 0.841596 0.844187 0.847181 0.847181 0.847181 0.847181 0.847181 0.847181 0.822448 0.806946 0.805503 0.800960 0.844326 0.928834 0.937144 0.948249 1.03257 1.12562 1.19067 1.23981 1.27328 1.27705 1.27705 1.27705 1.27705 1.27705 1.25307 0.834486 0.288916 0.288916 0.288916 0.288916 0.288916 0.288916 0.288916 0.288916 0.288916 0.288916 0.288916 0.288916 0.288916 0.288916 0.288916 0.288916 0.00000 0.00000 0.00000 0.00000 0.00000 0.00000 0.00000 0.00000
0.460528 0.460528 0.460528 0.660892 0.694090 0.694090 0.694090 0.694090 0.694090 0.694090 0.694090 0.715259 0.841596 0.841596 0.844058 0.857064 0.865965 0.850867 0.846731 0.846067 0.845321 0.844479 0.824398 0.765183 0.755746 0.793219 0.948370 1.16452 1.21983 1.26228 1.27705 1.27705 1.27705 1.27705 1.27705 1.27705 1.27705 1.27705 1.27705 1.27705 1.27705 1.03492 0.329001 0.288916 0.288916 0.288916 0.288916 0.288916 0.288916 0.288916 0.288916 0.291031 0.311659 0.336625 0.361614 0.386537 0.411547 0.441809 0.00000 0.00000 0.00000 0.00000 0.00000 0.00000 0.00000 0.00000
0.460528 0.460528 0.460528 0.607923 0.694090 0.694090 0.694090 0.694090 0.694090 0.701575 0.726999 0.749489 0.869556 0.889593 0.896056 0.896755 0.894574 0.865900 0.841596 0.841596 0.841801 0.853235 0.875011 1.06758 1.13096 1.17082 1.17362 1.26677 1.27705 1.27705 1.27705 1.27705 1.27705 1.27705 1.27705 1.27705 1.27705 1.27705 1.27705 1.27705 1.27705 1.15066 0.483430 0.305008 0.329931 0.354941 0.379864 0.404875 0.429819 0.454808 0.479774 0.502626 0.506965 0.506965 0.506965 0.506965 0.506965 0.506965 0.00000 0.00000 0.00000 0.00000 0.00000 0.00000 0.00000 0.00000
0.460528 0.460528 0.460528 0.528707 0.705010 0.730672 0.752481 0.771109 0.787189 0.797853 0.798418 0.798418 0.863002 0.896755 0.896755 0.896755 0.898745 0.895391 0.878507 0.896256 0.913800 0.920130 0.920130 1.13411 1.17351 1.17351 1.17351 1.24180 1.27705 1.27705 1.27705 1.27705 1.27705 1.27705 1.28473 1.33820 1.39925 1.46021 1.52116 1.58221 1.64326 1.72338 1.25017 0.506965 0.506965 0.506965 0.506965 0.506965 0.506965 0.506965 0.506965 0.506965 0.506965 0.506965 0.506965 0.506965 0.506965 0.506965 0.506965 0.00000 0.00000 0.00000 0.00000 0.00000 0.00000 0.00000
0.830873 0.850246 0.682232 0.715939 0.792885 0.798418 0.798418 0.798418 0.798418 0.798418 0.798418 0.798418 0.845024 0.914551 0.926388 0.938216 0.948069 0.946948 0.920204 0.920130 0.920130 0.920130 0.920130 1.06142 1.17351 1.17351 1.17888 1.26313 1.41981 1.48086 1.54191 1.60297 1.66392 1.72487 1.77824 1.78582 1.78582 1.78582 1.78582 1.78582 1.78582 1.78957 1.63548 0.506965 0.506965 0.506965 0.506965 0.506965 0.506965 0.506965 0.506965 0.506965 0.506965 0.506965 0.506965 0.506965 0.506965 0.506965 0.506965 0.00000 0.00000 0.00000 0.00000 0.00000 0.00000 0.00000
1.28644 1.19516 0.733800 0.733800 0.778000 0.798418 0.798418 0.799506 0.809402 0.821245 0.833061 0.844909 0.867481 0.949111 0.949111 0.949111 0.949111 0.949111 0.931192 0.942292 0.960445 0.978527 0.996723 1.08342 1.28633 1.30452 1.31723 1.39998 1.78582 1.78582 1.78582 1.78582 1.78582 1.78061 1.78139 1.78582 1.78582 1.78582 1.78582 1.78582 1.78582 1.78607 1.87268 0.555727 0.506965 0.506965 0.506965 0.506965 0.506965 0.506965 0.506965 0.506965 0.506965 0.506965 0.506965 0.506965 0.506965 0.506965 0.506965 0.00000 0.00000 0.00000 0.00000 0.00000 0.00000 0.00000
1.28644 1.28566 0.795298 0.750140 0.801463 0.826255 0.838098 0.848836 0.850773 0.850773 0.854090 0.873672 0.895966 0.983437 0.999577 1.01165 1.02373 1.03584 1.05341 1.06432 1.06432 1.06432 1.06432 1.07149 1.30643 1.31770 1.31770 1.32056 1.74194 1.75272 1.73434 1.71860 1.70492 1.69529 1.74131 1.78582 1.78582 1.79515 1.83479 1.87676 1.91874 1.96043 1.97787 0.868706 0.506965 0.506965 0.506965 0.506965 0.506965 0.506965 0.506965 0.506965 0.506965 0.506965 0.506965 0.506965 0.506965 0.506965 0.506965 0.00000 0.00000 0.00000 0.00000 0.00000 0.00000 0.00000
1.27009 1.26226 1.01652 0.897192 0.918082 0.909701 0.930464 0.952269 0.974091 0.995912 1.01440 1.01659 1.01659 1.03613 1.04524 1.04524 1.04524 1.04524 1.04925 1.06432 1.06432 1.06432 1.06604 1.09517 1.27989 1.35803 1.36869 1.37798 1.59847 1.69455 1.69455 1.69455 1.69525 1.71479 1.77237 1.90008 1.94204 1.97467 1.97699 1.97699 1.97699 1.97699 1.97725 1.22124 0.506965 0.506965 0.506965 0.506965 0.506965 0.506965 0.506965 0.506965 0.506965 0.506965 0.506965 0.506965 0.506965 0.506965 0.506965 0.506965 0.00000 0.00000 0.00000 0.00000 0.00000 0.00000
1.36644 1.38822 1.28451 1.04916 1.04916 1.02571 1.01659 1.01659 1.01659 1.01659 1.01659 1.01659 1.01659 1.02912 1.04524 1.04524 1.04524 1.04091 1.01587 1.12836 1.16556 1.18902 1.20873 1.21356 1.28281 1.38248 1.38248 1.38248 1.53158 1.73035 1.75832 1.78630 1.81358 1.82200 1.83032 1.97523 1.97699 1.97699 1.97699 1.97699 1.97699 1.97699 1.97699 1.61936 0.506965 0.506965 0.506965 0.506965 0.506965 0.506965 0.506965 0.506965 0.506965 0.506965 0.506965 0.506965 0.506965 0.506965 0.506965 0.506965 0.00000 0.00000 0.00000 0.00000 0.00000 0.00000
1.41758 1.41758 1.39010 1.05269 1.04916 1.03515 1.01659 1.01659 1.01659 1.01659 1.01659 1.01659 1.00963 0.988430 0.983666 0.955734 0.927831 0.904227 0.901481 1.13235 1.21356 1.21356 1.21356 1.21285 1.22323 1.43356 1.46179 1.48978 1.57440 1.82200 1.82200 1.82200 1.82200 1.82200 1.82200 1.93478 1.97699 1.97699 1.97699 1.97699 1.97699 1.97699 1.97699 1.92494 0.528179 0.506965 0.506965 0.506965 0.506965 0.506965 0.506965 0.506965 0.506965 0.506965 0.506965 0.506965 0.00000 0.00000 0.00000 0.00000 0.00000 0.00000 0.00000 0.00000 0.00000 0.00000
1.41758 1.41758 1.41758 1.12653 1.04916 1.04460 1.01659 1.00637 0.978753 0.950850 0.922918 0.895000 0.874041 0.873108 0.899694 0.901481 0.901481 0.901481 0.901481 1.04332 1.19427 1.17862 1.16296 1.14800 1.14418 1.45038 1.50993 1.50993 1.51489 1.80674 1.82200 1.82200 1.82200 1.82200 1.82200 1.88848 1.97699 1.97699 1.97934 1.98631 1.99343 2.00054 2.00764 2.02217 1.28640 0.506965 0.506965 0.00000 0.00000 0.00000 0.00000 0.00000 0.00000 0.00000 0.00000 0.00000 0.00000 0.00000 0.00000 0.00000 0.00000 0.00000 0.00000 0.00000 0.00000 0.00000
1.41758 1.41758 1.38537 1.15643 0.979234 0.951316 0.895715 0.873135 0.872833 0.872833 0.872833 0.872833 0.872833 0.872833 0.892755 0.891129 0.875463 0.859804 0.844152 0.893867 1.14418 1.14418 1.14418 1.14418 1.14418 1.34585 1.50993 1.50993 1.50993 1.73633 1.82481 1.82955 1.83429 1.83903 1.84377 1.88035 2.02386 2.03096 2.03573 2.03586 2.03586 2.03586 2.03586 2.03739 2.09139 0.00000 0.00000 0.00000 0.00000 0.00000 0.00000 0.00000 0.00000 0.00000 0.00000 0.00000 0.00000 0.00000 0.00000 0.00000 0.00000 0.00000 0.00000 0.00000 0.00000 0.00000
1.17782 1.10863 1.07164 1.03154 0.905400 0.905400 0.887173 0.872833 0.872833 0.872833 0.870100 0.855745 0.840086 0.824406 0.822075 0.832101 0.832101 0.832101 0.832101 0.834192 1.11846 1.14419 1.14674 1.15134 1.15636 1.27615 1.62042 1.65207 1.68707 1.80079 1.86125 1.86125 1.86125 1.86125 1.86125 1.86458 2.02566 2.03586 2.03586 2.03586 2.03586 2.03586 2.03586 2.03586 2.06370 0.00000 0.00000 0.00000 0.00000 0.00000 0.00000 0.00000 0.00000 0.00000 0.00000 0.00000 0.00000 0.00000 0.00000 0.00000 0.00000 0.00000 0.00000 0.00000 0.00000 0.00000
1.07209 1.07161 1.07161 1.06831 0.914120 0.905400 0.896018 0.849008 0.833342 0.817676 0.804757 0.803453 0.803453 0.803453 0.805605 0.817165 0.806596 0.794867 0.782016 0.767778 1.03259 1.19051 1.19430 1.19430 1.19430 1.20869 1.71703 1.74293 1.74293 1.78145 1.86125 1.88107 1.93044 1.98019 2.02988 2.07954 2.06544 2.03586 2.03586 2.03586 2.00903 1.93099 1.85173 1.77251 1.80691 2.09788 0.00000 0.00000 0.00000 0.00000 0.00000 0.00000 0.00000 0.00000 0.00000 0.00000 0.00000 0.00000 0.00000 0.00000 0.00000 0.00000 0.00000 0.00000 0.00000 0.00000
1.07977 1.07180 1.07533 1.08006 0.969477 0.923331 0.922022 0.800985 0.787213 0.778562 0.768995 0.758360 0.746436 0.733008 0.726191 0.726191 0.726191 0.726191 0.726191 0.726191 0.904355 1.19430 1.19430 1.19430 1.19430 1.19601 1.62748 1.87055 1.94513 2.02088 2.09541 2.12527 2.12556 2.12556 2.12556 2.12163 2.03866 1.88637 1.80711 1.72785 1.67549 1.67427 1.67427 1.67427 1.71463 2.09788 0.00000 0.00000 0.00000 0.00000 0.00000 0.00000 0.00000 0.00000 0.00000 0.00000 0.00000 0.00000 0.00000 0.00000 0.00000 0.00000 0.00000 0.00000 0.00000 0.00000
1.11641 1.10937 1.11874 1.12762 1.04389 0.912054 0.909752 0.782518 0.726191 0.726191 0.726191 0.726191 0.726191 0.726191 0.726191 0.726191 0.726191 0.726191 0.726191 0.726191 0.780332 1.27055 1.34572 1.42029 1.49487 1.56766 1.81418 2.13940 2.13940 2.13940 2.12794 2.10177 2.04900 1.99618 1.94337 1.89443 1.85714 1.67427 1.67427 1.67427 1.67427 1.67427 1.67427 1.67427 1.67463 1.91177 0.00000 0.00000 0.00000 0.00000 0.00000 0.00000 0.00000 0.00000 0.00000 0.00000 0.00000 0.00000 0.00000 0.00000 0.00000 0.00000 0.00000 0.00000 0.00000 0.00000
1.15890 1.15890 1.15890 1.15890 1.12235 0.909593 0.909593 0.835507 0.726191 0.726191 0.726191 0.726191 0.726191 0.726191 0.726191 0.729629 0.745570 0.766445 0.793095 0.828450 0.869931 1.52762 1.59078 1.59078 1.59078 1.59078 1.66795 2.05935 1.97994 1.90072 1.87862 1.88457 1.88450 1.88450 1.88450 1.88450 1.88386 1.70122 1.67427 1.67427 1.67427 1.67427 1.67427 1.67427 1.67427 1.77374 0.00000 0.00000 0.00000 0.00000 0.00000 0.00000 0.00000 0.00000 0.00000 0.00000 0.00000 0.00000 0.00000 0.00000 0.00000 0.00000 0.00000 0.00000 0.00000 0.00000
1.15890 1.15890 1.15890 1.15890 1.15885 0.941280 0.909593 0.888228 0.726433 0.726191 0.731549 0.748663 0.770342 0.798172 0.835361 0.873630 0.876579 0.876579 0.876579 0.876579 0.876579 1.39325 1.62632 1.70964 1.79318 1.87680 1.95003 1.80784 1.77781 1.77781 1.81722 1.88450 1.88450 1.88450 1.88450 1.88450 1.88450 1.76884 1.67427 1.67427 1.67427 1.67412 1.65804 1.62873 1.59531 1.59819 0.00000 0.00000 0.00000 0.00000 0.723055 0.723055 0.723055 0.723055 0.00000 0.00000 0.00000 0.00000 0.00000 0.00000 0.00000 0.00000 0.00000 0.00000 0.00000 0.00000
1.15890 1.15890 1.15890 1.15890 1.15890 1.03106 0.966588 1.01659 0.851717 0.842637 0.875859 0.876579 0.876579 0.876579 0.876579 0.876579 0.876579 0.886712 1.01815 1.18546 1.35247 1.69896 1.96034 1.96060 1.96060 1.96060 1.96060 1.86007 1.77781 1.77781 1.78615 1.88355 1.88450 1.88368 1.87618 1.86657 1.85605 1.76327 1.49564 1.43938 1.37164 1.28861 1.25065 1.25065 1.25055 1.20031 0.756873 0.723055 0.723055 0.723055 0.723055 0.723055 0.723055 0.723055 0.00000 0.00000 0.00000 0.00000 0.00000 0.00000 0.00000 0.00000 0.00000 0.00000 0.00000 0.00000
