High_resolution/powerplant/Shangrao/OMI_NO2_200810.asc
ncols      200
nrows      200
xllcorner       115.451
yllcorner       27.0350
cellsize     0.0166667
NODATA_Value      -999.000
[rows 150 to 179 of 200, columns 66 to 131 of 200]
1.68231 1.81134 1.76140 1.67672 1.68077 1.68483 1.68889 1.69295 1.69614 1.69638 1.69638 1.66189 1.63133 1.46748 1.45291 1.43563 1.38783 1.38774 1.38579 1.32923 1.31413 1.31903 1.32621 1.29644 1.32737 1.36078 1.36983 1.37084 1.53073 1.72639 1.57850 1.39632 1.43320 1.39886 1.10123 1.15670 1.21354 0.941703 0.802363 0.818373 0.837493 0.860915 0.869890 0.853592 0.849211 0.917925 0.929685 0.929685 0.929685 0.929685 0.929685 0.929685 0.929685 0.929685 0.929685 0.929981 1.07260 1.08545 1.08545 1.08181 0.859826 0.847593 0.847593 0.847593 0.847593 0.782453
1.71415 1.81053 1.82385 1.69868 1.69638 1.69638 1.69638 1.69638 1.69253 1.68395 1.67538 1.64651 1.60033 1.47509 1.43661 1.43911 1.40945 1.42762 1.44825 1.43411 1.43736 1.45809 1.47660 1.48303 1.53204 1.63696 1.66470 1.69239 1.83435 2.17068 2.07374 1.85284 1.89973 1.94916 1.79348 1.86702 1.97504 1.44161 0.849211 0.849211 0.849211 0.849211 0.849211 0.849211 0.849211 0.902429 0.929685 0.929685 0.929685 0.929685 0.929685 0.929685 0.929685 0.929685 0.929685 0.929685 1.03897 1.08545 1.08545 1.08545 0.915072 0.847593 0.847593 0.847593 0.847593 0.826289
1.71415 1.77050 1.84871 1.72639 1.69568 1.69915 1.70305 1.70691 1.71470 1.72736 1.74454 1.75163 1.71940 1.64284 1.57501 1.58220 1.54683 1.51556 1.50041 1.47345 1.45548 1.44168 1.42688 1.41985 1.56063 1.66288 1.64021 1.61750 1.62054 1.96961 1.96912 2.14093 2.15730 2.15730 2.07063 1.99617 1.99617 1.69492 0.849211 0.849211 0.849211 0.849211 0.849211 0.849211 0.849211 0.880623 0.929685 0.929685 0.929685 0.929685 0.929685 0.929685 0.929685 0.929685 0.929685 0.929685 1.00503 1.08545 1.08545 1.08545 0.973942 0.847593 0.847593 0.847593 0.847593 0.847452
1.56466 1.52384 1.72069 1.71790 1.64787 1.64391 1.63984 1.63576 1.63161 1.62732 1.61856 1.61622 1.56288 1.50019 1.38350 1.38332 1.35435 1.30924 1.29411 1.26810 1.24532 1.23019 1.21594 1.21507 1.43933 1.55068 1.57209 1.57209 1.57209 1.88846 1.96749 2.08352 2.15730 2.15730 2.11274 1.99617 1.99617 1.93619 0.861484 0.849211 0.849211 0.849211 0.849211 0.849211 0.849211 0.853534 0.928247 0.929685 0.929685 0.929685 0.929685 0.929685 0.929685 0.929685 0.929685 0.929685 0.971080 1.08545 1.08545 1.08545 1.03286 0.847593 0.847593 0.847593 0.847593 0.847593
1.32656 1.31159 1.48971 1.62716 1.61592 1.61622 1.61622 1.61622 1.59867 1.53878 1.46806 1.39692 1.41070 1.46833 1.29975 1.28193 1.27022 1.23117 1.23117 1.22425 1.21333 1.21263 1.21263 1.21263 1.38557 1.51203 1.57209 1.57209 1.57209 1.78320 1.96749 2.03448 2.15730 2.15730 2.14264 1.99617 1.99617 1.99617 1.05505 0.849211 0.849211 0.849211 0.849211 0.849211 0.849211 0.849211 0.917793 0.929685 0.929685 0.929685 0.929685 0.929685 0.929685 0.929685 0.929685 0.929685 0.938481 1.08411 1.08545 1.08545 1.08093 0.859495 0.880159 0.925419 0.970645 1.01587
1.27050 1.27050 1.38359 1.59580 1.54203 1.47055 1.39939 1.32830 1.27469 1.26347 1.26308 1.26308 1.29904 1.43974 1.30729 1.27606 1.27606 1.23677 1.23117 1.22760 1.21494 1.21566 1.21925 1.22868 1.37638 1.55928 1.60339 1.60874 1.61409 1.72375 1.96749 1.99437 2.15730 2.15730 2.15713 2.02570 1.99617 1.99617 1.30852 0.849211 0.849211 0.849211 0.849211 0.849211 0.849211 0.849211 0.902176 0.929685 0.929685 0.929685 0.929685 0.929685 0.929685 0.929685 0.928683 0.923174 0.916284 1.07200 1.11452 1.12538 1.13873 1.17613 1.19372 1.19493 1.19622 1.19762
1.12074 1.04732 1.03087 1.24418 1.26504 1.26308 1.26308 1.26308 1.26308 1.26308 1.26308 1.26308 1.25864 1.40149 1.33188 1.28868 1.29225 1.26794 1.25455 1.26472 1.26596 1.27609 1.29073 1.29768 1.39035 1.61856 1.61856 1.61856 1.61856 1.65017 1.93210 1.89698 1.98306 1.94119 1.88688 1.91936 1.99617 1.99617 1.56186 0.849211 0.849211 0.849211 0.849211 0.849211 0.849211 0.849211 0.880362 0.945771 0.991021 1.04396 1.10621 1.18070 1.27119 1.38353 1.51461 1.61051 1.70140 1.62377 1.16073 1.16073 1.16073 1.22345 1.22440 1.22440 1.22440 1.22440
0.905970 0.905970 0.917978 1.18454 1.25484 1.23688 1.22218 1.20752 1.19283 1.17814 1.16347 1.14877 1.14059 1.23836 1.30036 1.31615 1.33131 1.32943 1.31314 1.31992 1.30716 1.29768 1.29768 1.29751 1.31707 1.57437 1.54720 1.52002 1.49287 1.46883 1.72109 1.76281 1.81556 1.84066 1.78197 1.71918 1.59727 1.46604 1.27297 1.44871 1.47057 1.43887 1.41393 1.39355 1.37674 1.36262 1.36393 2.01294 2.13846 2.13846 2.13846 2.13846 2.13846 2.13846 2.13846 2.13846 2.13846 2.13846 0.00000 0.00000 0.00000 1.22440 1.22440 1.22440 1.22440 1.22440
0.830672 0.815970 0.801305 0.994786 1.13815 1.14056 1.14056 1.14056 1.14056 1.14056 1.14067 1.14472 1.15116 1.21858 1.35572 1.37378 1.37379 1.36774 1.31647 1.30319 1.27285 1.20400 1.15481 1.10702 1.07265 1.27757 1.27150 1.23874 1.20589 1.17309 1.25144 1.28621 1.18243 0.995187 0.961298 0.900814 0.394461 0.407445 0.424329 1.30969 1.34822 1.34822 1.35368 1.37086 1.38537 1.39736 1.40593 1.69587 2.13815 2.13846 2.13846 2.13846 2.13846 2.13846 2.13846 2.13846 2.13846 2.13846 0.00000 0.00000 0.00000 1.22440 1.22440 1.22440 1.22440 1.22440
0.784715 0.783454 0.783454 0.909900 1.12903 1.14138 1.14072 1.14499 1.15127 1.15399 1.15506 1.15134 1.14491 1.14619 1.29424 1.28435 1.26487 1.25049 1.19807 1.19418 1.18535 0.939210 0.886192 0.895526 0.905160 1.00699 1.03324 1.01011 0.986961 0.963814 0.983461 1.03268 0.976454 0.857281 0.857281 0.857281 0.527087 0.433727 0.483664 1.14890 1.38748 1.39913 1.40648 1.40681 1.40681 1.40681 1.40681 1.57354 2.05198 2.13846 2.13846 2.13846 2.13846 2.13846 2.13846 2.13846 2.13846 2.13846 2.13846 0.00000 0.00000 0.00000 1.22440 1.22440 1.22440 1.22440
0.857427 0.854655 0.873028 0.952434 1.16486 1.18978 1.19984 1.20400 1.19630 1.19250 1.19061 1.18872 1.18694 1.19402 1.39354 1.47560 1.49987 1.50804 1.46745 1.43390 1.41039 1.14209 0.967706 0.944544 0.921413 0.898219 0.885214 0.885167 0.885167 0.885167 0.899813 0.989630 0.988518 0.866488 0.885870 0.931257 0.831300 0.760186 0.796865 1.09656 1.40681 1.40681 1.40681 1.40681 1.40681 1.40681 1.40681 1.48197 1.94579 2.13846 2.13846 2.13846 2.13846 2.13846 2.13846 2.13846 2.13846 2.13846 2.13846 0.00000 0.00000 0.00000 1.22440 1.22440 1.22440 1.22440
1.09503 1.05315 1.04927 1.03091 1.22458 1.21381 1.24613 1.23547 1.23477 1.23477 1.23477 1.25419 1.30310 1.35592 1.45269 1.49394 1.50210 1.50058 1.42862 1.28311 1.28249 1.12812 0.885167 0.885167 0.885167 0.885167 0.885167 0.885167 0.885167 0.886123 0.912351 1.04517 1.08527 1.04217 1.02396 1.02396 0.966341 0.797155 0.797155 0.960757 1.40681 1.40681 1.40681 1.40681 1.40681 1.40681 1.40681 1.41504 1.85022 2.13846 2.13846 2.13846 2.13846 2.13846 2.13846 2.13846 2.13846 2.13846 2.13846 0.00000 0.00000 0.00000 1.22440 1.22440 1.22440 1.20065
1.03256 0.899728 0.883364 0.883364 1.07503 1.13652 1.23805 1.27899 1.32933 1.38478 1.44609 1.48404 1.48289 1.48263 1.48263 1.48460 1.49799 1.49799 1.47705 1.28294 1.28249 1.22060 0.885440 0.885167 0.887099 0.900966 0.957865 1.01640 1.02001 1.05347 1.06959 1.10871 1.12323 1.08004 1.02396 1.02396 1.01337 0.801190 0.797155 0.830809 1.40096 1.40681 1.40681 1.40681 1.40681 1.40681 1.40681 1.40681 1.68864 2.10308 2.13846 2.13846 2.13846 2.13846 2.13846 2.13846 2.13846 2.13846 2.13846 0.00000 0.00000 0.00000 1.10453 0.647718 0.541880 0.465416
1.02584 0.907054 0.935221 0.981999 1.14084 1.29035 1.44531 1.48263 1.48263 1.48263 1.48263 1.48263 1.48263 1.48263 1.48263 1.48293 1.50519 1.51900 1.53067 1.36096 1.33847 1.34121 1.05253 1.07281 1.12526 1.16353 1.17212 1.17205 1.10406 1.09430 1.09430 1.10618 1.12178 1.08214 0.964012 0.926693 0.885414 0.804713 0.797155 0.797155 1.29909 1.40681 1.40681 1.40681 1.40681 1.40681 1.40681 1.40681 1.57557 1.98403 2.13846 2.13846 2.13085 2.11182 2.09270 2.07355 2.05441 2.03529 2.00903 1.86688 0.00000 0.00000 0.00000 0.460528 0.460528 0.460528
1.24016 1.15067 1.14547 1.14547 1.20037 1.35072 1.41895 1.48389 1.49089 1.49861 1.50633 1.51405 1.52177 1.52948 1.53720 1.54462 1.58082 1.60124 1.61620 1.51921 1.46464 1.48560 1.27119 1.17212 1.17212 1.17212 1.17212 1.16260 1.09477 1.03527 1.00827 0.979084 0.939448 0.928631 0.807148 0.797155 0.797155 0.797155 0.808456 0.840138 1.18712 1.38395 1.37757 1.38386 1.43714 1.49502 1.55288 1.61068 1.68449 1.74856 1.89765 1.87850 1.86699 1.86688 1.86688 1.86688 1.86688 1.86688 1.86688 1.86688 0.00000 0.00000 0.00000 0.460528 0.460528 0.460528
1.28948 1.20139 1.17143 1.17914 1.19440 1.39445 1.44009 1.54592 1.54664 1.54664 1.54664 1.54664 1.54664 1.54879 1.56673 1.58587 1.62124 1.66010 1.66238 1.60469 1.48998 1.49025 1.33670 1.12808 1.10519 1.08574 1.08141 1.09163 1.08805 1.04225 1.06632 1.09097 1.15744 1.19147 1.13356 1.12310 1.17159 1.26515 1.35009 1.41468 1.51992 1.65125 1.71547 1.76700 1.77146 1.74240 1.67511 1.60768 1.53629 1.31330 1.85735 1.86688 1.86688 1.86688 1.86688 1.86688 1.86688 1.86688 1.86688 1.86688 0.00000 0.00000 0.00000 0.460528 0.460528 0.595942
1.11002 1.14497 1.20947 1.20947 1.20947 1.36426 1.41775 1.54048 1.54664 1.54917 1.56750 1.58657 1.60364 1.61537 1.61016 1.60243 1.60262 1.63158 1.62523 1.60413 1.44078 1.43344 1.37735 1.30382 1.32780 1.34611 1.34725 1.34725 1.34424 1.25628 1.26245 1.27467 1.37134 1.43718 1.50652 1.61304 1.66065 1.66325 1.66325 1.66325 1.68018 1.73121 1.66376 1.59633 1.52896 1.49057 1.49040 1.49040 1.49040 1.34532 1.65652 1.86688 1.86688 1.86688 1.86688 1.86688 1.86688 1.86688 1.86688 1.86688 2.11235 2.11235 2.11235 2.02644 1.24842 1.28631
1.10910 1.11824 1.18709 1.16786 1.14881 1.23492 1.32786 1.48938 1.54604 1.55448 1.54939 1.54291 1.53652 1.53240 1.53356 1.53493 1.53568 1.57469 1.57793 1.57793 1.43519 1.40553 1.39734 1.35747 1.37717 1.39449 1.41331 1.43378 1.45619 1.38679 1.34829 1.34829 1.42501 1.53313 1.56495 1.66325 1.66089 1.61165 1.54419 1.47677 1.41029 1.48316 1.49040 1.49040 1.49040 1.49040 1.49040 1.49040 1.49040 1.40268 1.46692 1.86688 1.86688 1.86688 1.86688 1.88700 1.92191 1.94749 1.96701 1.99653 2.11235 2.11235 2.11235 2.11235 1.39640 1.28644
0.949294 0.934879 1.00302 1.01591 1.01845 1.06402 1.22330 1.40176 1.53284 1.53422 1.53536 1.53548 1.53548 1.53548 1.53548 1.53528 1.51942 1.52309 1.51068 1.48510 1.46714 1.49703 1.51490 1.47969 1.47799 1.47799 1.47799 1.47799 1.47799 1.42679 1.34829 1.34829 1.37907 1.43870 1.33913 1.45316 1.40040 1.38219 1.38219 1.38219 1.38219 1.45987 1.49040 1.49040 1.49040 1.49040 1.49040 1.49040 1.49040 1.44970 1.31711 1.74257 1.94749 1.96701 1.98240 1.98959 1.98961 1.98961 1.98961 1.99092 2.10411 2.11235 2.11235 2.11235 1.54875 1.27963
0.946808 0.949401 0.989426 1.01196 1.00963 1.01221 1.20420 1.31212 1.53548 1.52817 1.50332 1.47772 1.45213 1.42653 1.40095 1.37557 1.36583 1.38499 1.40828 1.40828 1.43858 1.51816 1.51816 1.49721 1.47799 1.47799 1.47799 1.47799 1.46117 1.35887 1.17616 1.09483 1.02164 1.10849 1.11155 1.31695 1.38219 1.38219 1.38219 1.38219 1.38219 1.43599 1.49040 1.49040 1.49040 1.47828 1.43896 1.40305 1.37113 1.33713 1.13553 1.38837 1.98878 1.98961 1.98961 1.98961 1.98961 1.98961 1.98961 1.98961 2.05292 1.95172 1.82740 1.73777 1.54236 1.34462
0.942137 0.942137 0.968351 1.02632 1.04975 1.07324 1.12575 1.13410 1.37138 1.36658 1.36583 1.36583 1.36583 1.36583 1.36583 1.36583 1.36583 1.37484 1.40828 1.40734 1.40698 1.49721 1.48781 1.46877 1.39547 1.30426 1.20620 1.10816 1.02695 1.01830 0.962575 0.948855 0.948855 1.06807 1.11155 1.25385 1.38219 1.38219 1.38219 1.38219 1.37575 1.37197 1.40819 1.37572 1.34675 1.32759 1.32673 1.32673 1.32673 1.32673 1.18616 1.24227 1.88359 1.98961 1.98961 1.98961 1.96767 1.89321 1.83198 1.78122 1.70511 1.64738 1.64738 1.64738 1.63248 1.42060
1.03984 1.06331 1.09534 1.15868 1.15868 1.15868 1.11906 1.07290 1.29352 1.36583 1.36583 1.36458 1.36136 1.35811 1.35486 1.35162 1.34837 1.34565 1.34558 1.33835 1.32701 1.34048 1.29401 1.23129 1.03531 1.01830 1.01830 1.01830 1.01830 1.01830 0.983149 0.948855 0.948855 1.02490 1.11155 1.17382 1.34910 1.31796 1.29037 1.26579 1.24737 1.25065 1.32620 1.32806 1.33105 1.33403 1.33618 1.31105 1.27279 1.23449 1.17443 1.21848 1.73123 1.92362 1.86136 1.80940 1.77628 1.77659 1.77662 1.77662 1.74485 1.64738 1.64738 1.64738 1.64738 1.45404
1.09238 1.09238 1.09277 1.15144 1.15406 1.15136 1.13280 1.06027 1.18725 1.34405 1.34081 1.33881 1.33879 1.33879 1.33879 1.33879 1.32718 1.27914 1.22726 1.17621 1.13578 1.15337 1.17339 1.17339 1.08276 1.01830 1.01830 1.01830 1.01830 1.01830 0.993299 0.905872 0.871462 0.863472 0.882950 0.877628 1.12101 1.12022 1.10337 1.08492 1.03747 0.979450 1.19727 1.21274 1.17145 1.13017 1.08977 1.07738 1.11690 1.17809 1.27373 1.47532 1.47349 1.77662 1.77662 1.77662 1.77662 1.77662 1.77662 1.77662 1.76673 1.64738 1.64738 1.64738 1.64738 1.50204
1.20105 1.22039 1.23932 1.17363 1.13615 1.13615 1.13684 1.05763 1.09688 1.33828 1.33879 1.33879 1.32573 1.27707 1.22636 1.17570 1.13662 1.13435 1.14039 1.13735 1.12527 1.12288 1.13407 1.11903 0.997100 0.830403 0.804680 0.776232 0.751105 0.728947 0.716538 0.668878 0.664873 0.685474 0.735492 0.777336 0.865843 0.827442 0.786186 0.746597 0.735933 0.735933 0.945064 1.07978 1.12692 1.18818 1.24937 1.30985 1.33157 1.33157 1.33728 1.51795 1.41191 1.76172 1.77662 1.77662 1.77662 1.77662 1.77662 1.77662 1.77662 1.66713 1.64738 1.59808 1.49507 1.33678
1.24570 1.24570 1.24570 1.19996 1.13723 1.13954 1.15152 1.10600 1.08431 1.28458 1.26983 1.23252 1.20860 1.21652 1.21102 1.20343 1.19604 1.18832 1.17452 1.17163 1.18365 1.19521 1.23002 1.22018 1.12766 0.948771 0.966673 0.994431 0.958949 0.817521 0.816973 0.808475 0.809824 0.814884 0.854631 0.863957 0.829752 0.735933 0.735933 0.743173 0.796306 0.857494 1.05265 1.31750 1.33157 1.33157 1.33157 1.33157 1.33157 1.33157 1.33157 1.46851 1.44788 1.65794 1.77662 1.77662 1.77662 1.77662 1.74310 1.67456 1.60536 1.39135 1.18291 1.12842 1.12842 1.12372
1.41216 1.43217 1.45211 1.45276 1.38576 1.42117 1.44798 1.40772 1.38554 1.35731 1.33084 1.32049 1.31023 1.30247 1.30658 1.31231 1.31797 1.32353 1.31069 1.28120 1.26536 1.25265 1.28905 1.30104 1.27992 1.14113 1.14013 1.14013 1.11439 0.925794 0.856551 0.843136 0.814884 0.814884 0.842155 0.875665 0.932107 0.867590 0.928779 0.982804 0.990886 0.990886 1.04944 1.33157 1.33157 1.33157 1.33157 1.33157 1.33157 1.33157 1.33157 1.41728 1.49848 1.54857 1.67387 1.60467 1.53548 1.46628 1.43065 1.43065 1.43065 1.32205 1.12842 1.12842 1.12842 1.12842
1.52035 1.53755 1.55737 1.59432 1.53286 1.55139 1.57653 1.56479 1.52768 1.46714 1.33258 1.33258 1.33264 1.33312 1.33369 1.33425 1.33482 1.33538 1.31120 1.25346 1.25327 1.25327 1.28270 1.30617 1.30488 1.16219 1.14013 1.14013 1.12962 0.969594 0.856551 0.852885 0.872221 0.915799 0.992090 1.11394 1.13374 1.00448 0.990886 0.990886 0.990886 0.990886 0.993800 1.31195 1.33157 1.33157 1.33157 1.33157 1.36392 1.46025 1.55843 1.72107 2.08776 1.91787 1.43065 1.43065 1.43065 1.43065 1.43065 1.43065 1.43065 1.37832 1.12842 1.12960 1.13607 1.14318
1.66747 1.69413 1.71815 1.72434 1.64806 1.61479 1.59525 1.55495 1.51405 1.52071 1.33951 1.33573 1.33623 1.33631 1.33631 1.33631 1.33631 1.33631 1.33338 1.25654 1.25327 1.25327 1.26931 1.30500 1.29994 1.18876 1.12076 1.11342 1.10342 0.961023 0.778685 0.766736 0.894933 0.944173 0.965816 1.11769 1.12351 1.04519 0.990886 0.990886 0.990886 0.990886 0.990886 1.26055 1.44486 1.54295 1.64104 1.73917 1.80482 1.80658 1.80658 1.81774 2.14696 2.05952 1.49266 1.43065 1.43065 1.43065 1.43065 1.43243 1.43712 1.43409 1.16005 1.15826 1.15890 1.15890
1.68971 1.65137 1.61303 1.57466 1.48640 1.38841 1.36966 1.37826 1.48037 1.53298 1.38561 1.33631 1.33631 1.33631 1.33632 1.33671 1.33732 1.33793 1.33854 1.27009 1.22180 1.21645 1.21433 1.25798 1.25525 1.18347 1.07488 1.07259 1.07254 0.995467 0.762450 0.761922 0.840968 0.944173 0.944492 1.09908 1.11770 1.08152 1.00305 1.08874 1.18678 1.28496 1.38305 1.63346 1.80658 1.80658 1.80658 1.80658 1.79963 1.78382 1.78083 1.80182 2.00503 1.99606 1.50904 1.27671 1.26032 1.24393 1.22757 1.20940 1.18834 1.16722 1.15743 1.15890 1.15890 1.15890
1.47921 1.47921 1.47921 1.47921 1.45556 1.36966 1.36973 1.37158 1.45044 1.53496 1.44351 1.33934 1.33995 1.34056 1.34116 1.34138 1.34138 1.34138 1.34138 1.29799 1.20255 1.19912 1.19604 1.23627 1.24703 1.21120 1.07961 1.07254 1.07254 1.02838 0.796135 0.761922 0.787036 0.944444 0.953014 1.10712 1.24735 1.47387 1.55698 1.59747 1.62565 1.65379 1.68189 1.71765 1.68517 1.70383 1.72394 1.74571 1.77807 1.82482 1.85363 1.80708 1.74754 1.68536 1.51266 1.15175 1.15175 1.15175 1.15175 1.15175 1.15175 1.15175 1.15521 1.15890 1.15890 1.15890
