High_resolution/powerplant/Shangrao/OMI_NO2_201009.asc
ncols      200
nrows      200
xllcorner       115.451
yllcorner       27.0350
cellsize     0.0166667
NODATA_Value      -999.000
[rows 58 to 86 of 175, columns 132 to 197 of 200]
1.71648 1.71648 1.71648 1.71648 1.71648 1.71770 1.72249 1.72752 1.73254 1.73778 1.76250 1.79801 1.83352 1.86669 1.88411 2.53329 2.59950 2.59950 2.59950 2.22859 0.855812 0.855812 0.855812 0.855812 0.855812 0.855812 0.855812 0.855812 0.855812 0.855812 0.855812 0.855812 0.855812 0.855812 0.855812 0.855812 0.855812 0.855812 0.855812 0.855812 0.855812 0.855812 0.855812 0.853986 0.00000 0.00000 0.00000 0.00000 0.00000 0.00000 0.00000 0.00000 0.00000 2.10836 2.10836 2.10836 2.10836 2.10836 2.10836 2.10836 2.10836 2.19764 2.30945 1.85214 1.93206 1.95676
1.71648 1.71893 1.72396 1.72898 1.73401 1.73782 1.75626 1.79175 1.82728 1.86215 1.87384 1.87384 1.87384 1.87384 1.87384 2.25017 2.59950 2.59950 2.59950 2.59026 1.03710 0.855812 0.855812 0.855812 0.855812 0.855812 0.855812 0.855812 0.855812 0.855812 0.855812 0.855812 0.855812 0.855812 0.855812 0.855812 0.855812 0.855812 0.855812 0.855812 0.00000 0.00000 0.00000 0.00000 0.00000 0.00000 0.00000 0.00000 0.00000 0.00000 0.00000 0.00000 0.00000 2.10836 2.10836 2.10836 2.10836 2.10836 2.13751 2.40609 2.48000 2.51153 2.51157 2.07573 1.97125 2.04119
1.73544 1.73805 1.75046 1.78551 1.82102 1.85653 1.87384 1.87384 1.87384 1.87384 1.87384 1.87384 1.87384 1.87384 1.87384 2.04728 2.59950 2.59950 2.59950 2.59950 1.57076 0.855812 0.855812 0.855812 0.855812 0.855812 0.855812 0.855812 0.855812 0.855812 0.855812 0.855812 0.855812 0.855812 0.855812 0.855812 0.00000 0.00000 0.00000 0.00000 0.00000 0.00000 0.00000 0.00000 0.00000 0.00000 0.00000 0.00000 0.00000 0.00000 0.00000 0.00000 0.00000 2.10836 2.10836 2.10836 2.10836 2.10836 2.10876 2.48038 2.51157 2.51157 2.51157 2.41064 2.38119 2.37032
1.81477 1.85028 1.87337 1.87384 1.87384 1.87384 1.87384 1.87384 1.87384 1.87384 1.87384 1.87384 1.87384 1.87384 1.87384 1.90995 2.59085 2.59950 2.59950 2.59950 2.11363 0.855812 0.855812 0.855812 0.855812 0.855812 0.855812 0.855812 0.855812 0.855812 0.855812 0.855812 0.00000 0.00000 0.00000 0.00000 0.00000 0.00000 0.00000 0.00000 0.00000 0.00000 0.00000 0.00000 0.00000 0.00000 0.00000 0.00000 0.00000 0.00000 0.00000 0.00000 0.00000 0.00000 2.10836 2.10836 2.10836 2.10836 2.10836 2.38936 2.49907 2.45194 2.40275 2.33695 2.24849 2.23203
1.87384 1.87384 1.87384 1.87384 1.87384 1.87384 1.87384 1.87384 1.87384 1.87384 1.87384 1.87384 1.87384 1.87384 1.87384 1.87384 2.34921 2.59950 2.59950 2.59950 2.55696 0.955028 0.855812 0.855812 0.855812 0.855812 0.855812 0.855812 0.00000 0.00000 0.00000 0.00000 0.00000 0.00000 0.00000 0.00000 0.00000 0.00000 0.00000 0.00000 0.00000 0.00000 0.00000 0.00000 0.00000 0.00000 0.00000 0.00000 0.00000 0.00000 0.00000 0.00000 0.00000 0.00000 2.10836 2.09936 2.01707 1.91869 1.82026 1.93118 2.28166 2.27964 2.27964 2.27953 2.23557 2.23203
1.87384 1.87384 1.87384 1.87384 1.87384 1.87384 1.87384 1.87384 1.87384 1.87384 1.87384 1.87384 1.87384 1.87384 1.87384 1.87384 2.11219 2.59950 2.59950 2.59950 2.59950 1.44405 0.855812 0.855812 0.855812 0.00000 0.00000 0.00000 0.00000 0.00000 0.00000 0.00000 0.00000 0.00000 0.00000 0.00000 0.00000 0.00000 0.00000 0.00000 0.00000 0.00000 0.00000 0.00000 0.00000 0.00000 0.00000 0.00000 0.00000 0.00000 0.00000 1.43065 1.43065 1.43065 1.48796 1.66058 1.64450 1.64450 1.64450 1.64969 2.24143 2.27964 2.27964 2.27964 2.24575 2.23203
1.87384 1.87384 1.87384 1.87384 1.87384 1.87384 1.87384 1.87384 1.87384 1.87384 1.87384 1.87384 1.87723 1.89713 1.91925 1.94138 2.01403 2.59950 2.59950 2.59950 2.59950 0.00000 0.00000 0.00000 0.00000 0.00000 0.00000 0.00000 0.00000 0.00000 0.00000 0.00000 0.00000 0.00000 0.00000 0.00000 0.00000 0.00000 0.00000 0.00000 0.00000 0.00000 0.00000 0.00000 0.00000 0.00000 1.43065 1.43065 1.43065 1.43065 1.43065 1.43065 1.43065 1.43065 1.43065 1.61171 1.64450 1.64450 1.64450 1.64450 2.10496 2.27964 2.27964 2.27964 2.25835 2.23203
1.87384 1.87384 1.87384 1.87384 1.87384 1.87384 1.87384 1.87384 1.88187 1.90374 1.92590 1.94798 1.95784 1.87827 1.75122 1.57000 1.35929 1.33836 0.00000 0.00000 0.00000 0.00000 0.00000 0.00000 0.00000 0.00000 0.00000 0.00000 0.00000 0.00000 0.00000 0.00000 0.00000 0.00000 0.00000 0.00000 0.00000 0.00000 0.00000 0.00000 0.00000 1.43065 1.43065 1.43065 1.43065 1.43065 1.43065 1.43065 1.43065 1.43065 1.43065 1.43065 1.43065 1.43065 1.43065 1.55006 1.64450 1.64450 1.64450 1.64450 1.89579 2.27964 2.27964 2.28340 2.35582 2.36446
1.87384 1.87384 1.87384 1.87409 1.88824 1.91036 1.93247 1.95459 1.96546 1.89731 1.77738 1.60835 1.38465 1.33836 1.33836 1.33836 1.33836 1.33836 0.00000 0.00000 0.00000 0.00000 0.00000 0.00000 0.00000 0.00000 0.00000 0.00000 0.00000 0.00000 0.00000 0.00000 0.00000 0.00000 0.00000 0.00000 0.00000 1.43065 1.43065 1.43065 1.43065 1.43065 1.43065 1.43065 1.43065 1.43065 1.43065 1.43065 1.43065 1.43065 1.43065 1.43065 1.43065 1.43065 1.43065 1.48840 1.64450 1.64450 1.64450 1.64450 1.65870 2.40091 2.55824 2.66701 2.69796 2.53670
1.89486 1.91697 1.93907 1.96096 1.96855 1.91533 1.80202 1.64388 1.41866 1.33836 1.33836 1.33836 1.33836 1.33836 1.33836 1.33836 1.33836 1.33836 0.00000 0.00000 0.00000 0.00000 0.00000 0.00000 0.00000 0.00000 0.00000 0.00000 0.00000 0.00000 0.00000 0.00000 0.00000 0.00000 0.00000 0.00000 0.00000 1.43065 1.43065 1.43065 1.43065 1.43065 1.43065 1.43065 1.43065 1.43065 1.43065 1.43065 1.43065 1.43065 1.43065 1.43065 1.43065 1.43065 1.43065 1.43651 1.63471 1.64450 1.64450 1.64450 1.64450 2.43766 2.64061 2.54657 2.46643 2.34052
1.96893 1.93216 1.82523 1.67701 1.45964 1.33836 1.33836 1.33836 1.33836 1.33836 1.33836 1.33836 1.33836 1.33836 1.33836 1.33836 1.33836 1.33836 1.33836 0.00000 0.00000 0.00000 0.00000 0.00000 0.00000 0.00000 0.00000 0.00000 0.00000 0.00000 0.00000 0.00000 0.00000 0.00000 0.00000 0.00000 0.00000 1.43065 1.43065 1.43065 1.43065 1.43065 1.43065 1.43065 1.43065 1.43065 1.43065 1.43065 1.43065 1.43065 1.43065 1.43065 1.43065 1.43065 1.43065 1.43065 1.57598 1.61555 1.59514 1.57951 1.56715 1.86384 2.34468 2.40560 2.48892 2.53178
1.50533 1.33950 1.33836 1.33836 1.33836 1.33836 1.33836 1.33836 1.33836 1.33836 1.33836 1.33836 1.33836 1.33836 1.33836 1.33836 1.33836 1.33836 1.33836 0.00000 0.00000 0.00000 0.00000 0.00000 0.00000 0.00000 0.00000 0.00000 0.00000 0.00000 0.00000 0.00000 0.00000 0.00000 0.00000 0.00000 0.00000 1.43065 1.43065 1.43065 1.43065 1.43065 1.43065 1.43065 1.43065 1.43065 1.43065 1.43065 1.43065 1.43065 1.43066 1.43341 1.43743 1.44045 1.44281 1.44469 1.48976 1.59068 1.74275 1.92445 2.08135 2.21283 2.61816 2.66480 2.66564 2.66258
1.33836 1.33836 1.33836 1.33836 1.33836 1.33836 1.33836 1.33836 1.33836 1.33836 1.33836 1.33836 1.33836 1.33836 1.33836 1.33836 1.33836 1.33836 1.33836 0.00000 0.00000 0.00000 2.15073 2.15073 0.00000 0.00000 0.00000 0.00000 0.00000 0.00000 0.00000 0.00000 0.00000 0.00000 0.00000 0.00000 0.00000 1.43065 1.43065 1.43065 1.43065 1.43065 1.43065 1.43065 1.43065 1.42752 1.39987 1.37467 1.35555 1.34057 1.39228 1.44618 1.44618 1.49195 1.61838 1.71119 1.81822 2.24230 2.29681 2.30371 2.30371 2.30371 2.55930 2.66564 2.66564 2.66564
1.33836 1.33836 1.33836 1.33836 1.33836 1.33836 1.33836 1.33836 1.33836 1.33836 1.33836 1.33836 1.33836 1.33836 1.33836 1.33986 1.34512 1.35057 1.35622 2.14509 2.15073 2.15073 2.15073 2.15073 0.00000 0.00000 0.00000 0.00000 0.00000 0.00000 0.00000 0.00000 0.00000 0.00000 0.00000 0.00000 0.00000 0.00000 1.43065 1.43065 1.42004 1.39023 1.36743 1.34993 1.33608 1.32568 1.32385 1.32385 1.32385 1.36843 1.52185 1.69431 1.77183 1.81337 1.80462 1.80462 1.80462 2.21820 2.30371 2.30371 2.30371 2.30371 2.44439 2.66564 2.66564 2.66564
1.33836 1.33836 1.33836 1.33836 1.33836 1.33836 1.33836 1.33836 1.33836 1.33836 1.33836 1.34128 1.34672 1.35218 1.35762 1.41396 1.55483 1.65333 1.72384 2.03665 2.15073 2.15073 2.15073 2.15073 2.15073 0.00000 0.00000 0.00000 0.00000 0.00000 0.00000 0.00000 0.00000 0.00000 0.00000 1.21704 1.21704 1.21704 1.28268 1.33192 1.32416 1.32385 1.32385 1.32385 1.32198 1.28461 1.23360 1.18267 1.60763 1.72155 1.72531 1.80123 1.80462 1.80462 1.80462 1.80462 1.80462 2.07427 2.30371 2.30371 2.30371 2.30371 2.32341 2.65506 2.66564 2.66564
1.33836 1.33836 1.33836 1.33836 1.33836 1.33836 1.33866 1.34289 1.34833 1.35378 1.35922 1.39210 1.53231 1.63768 1.71241 1.75444 1.75624 1.75624 1.75624 1.90093 2.15073 2.15073 2.15073 2.15073 2.15073 0.00000 0.00000 0.00000 0.00000 0.00000 0.00000 0.00000 0.00000 0.00000 0.00000 1.21704 1.21704 1.21704 1.22528 1.32206 1.30587 1.25554 1.20456 1.15363 1.10453 1.09096 1.09096 1.09096 1.50543 1.72307 1.72307 1.78112 1.80462 1.80462 1.80462 1.80462 1.80462 1.93038 2.30371 2.30371 2.30371 2.30371 2.30371 2.63759 2.86249 2.97508
1.33836 1.33836 1.33942 1.34449 1.34994 1.35538 1.36053 1.37548 1.50803 1.62111 1.70033 1.75099 1.75624 1.75624 1.75624 1.75624 1.75624 1.75624 1.75624 1.81073 2.15073 2.15073 2.15073 2.15073 2.15073 0.00000 0.00000 0.00000 0.00000 0.00000 0.00000 0.00000 0.00000 0.00000 0.00000 1.22075 1.25075 1.28095 1.30278 1.17739 1.09161 1.09096 1.09096 1.09096 1.09096 1.09096 1.09096 1.09096 1.30390 1.72307 1.72307 1.75875 1.80462 1.80462 1.80462 1.80462 1.80462 1.81466 2.27550 2.30371 2.30371 2.30371 2.30371 2.64026 3.08358 3.05937
1.35154 1.35699 1.36137 1.36529 1.48171 1.60336 1.68755 1.74567 1.75624 1.75624 1.75624 1.75624 1.75624 1.75624 1.75624 1.75624 1.75624 1.75624 1.75624 1.75932 2.10119 2.15073 2.15073 2.15073 2.15073 2.15073 0.00000 0.00000 0.00000 0.00000 0.00000 1.43851 1.43851 1.43851 1.43851 1.38597 1.32777 1.32777 1.32777 1.22725 1.09096 1.09096 1.09096 1.09096 1.09096 1.09096 1.09096 1.09096 1.10629 1.69308 1.72307 1.73641 1.80462 1.80462 1.80462 1.80462 1.80462 1.80462 2.14164 2.29534 2.23784 2.17197 2.10640 2.11205 2.78945 2.68103
1.46204 1.58434 1.67407 1.73826 1.75624 1.75624 1.75624 1.75624 1.75624 1.75624 1.75624 1.75624 1.75624 1.75624 1.75624 1.75624 1.75624 1.75624 1.75624 1.75624 1.94809 2.15073 2.15073 2.15073 2.15073 2.15073 1.43851 1.43851 1.43851 1.43851 1.43851 1.43851 1.43851 1.43851 1.43851 1.42926 1.32926 1.32777 1.32777 1.29612 1.09100 1.09096 1.09096 1.09096 1.09096 1.09096 1.09096 1.09096 1.09096 1.55094 1.72307 1.72316 1.79548 1.80462 1.77071 1.70495 1.63927 1.57347 1.70095 1.94948 1.89148 1.76526 1.65506 1.54668 2.24960 2.48406
1.99432 1.75624 1.75624 1.75624 1.75624 1.75624 1.75624 1.75624 1.75624 1.75624 1.75624 1.75624 1.75624 1.75624 1.75624 1.75624 1.75624 1.75624 1.75624 1.75624 1.84293 2.15073 2.12618 2.01284 1.92424 1.79424 1.43851 1.43851 1.43851 1.43851 1.43851 1.43851 1.43851 1.43851 1.43851 1.43851 1.34427 1.32777 1.32777 1.32777 1.12832 1.09096 1.09096 1.09096 1.09096 1.09096 1.09096 1.09096 1.08496 1.30364 1.62617 1.57510 1.53452 1.47413 1.44232 1.44232 1.38785 1.27366 1.21707 1.55539 1.49873 1.51653 1.51840 1.51840 1.98295 2.49460
2.39720 1.75624 1.75624 1.75624 1.75624 1.75624 1.75624 1.75624 1.75624 1.75624 1.75624 1.75624 1.75624 1.75624 1.75624 1.75624 1.75624 1.75624 1.73703 1.69021 1.65654 1.83237 1.74113 1.65398 1.57006 1.49103 1.44146 1.43851 1.43851 1.43851 1.43851 1.43851 1.43851 1.43851 1.43851 1.43851 1.36828 1.32777 1.32777 1.32777 1.19724 1.09096 1.09096 1.07117 0.997543 0.920894 0.844245 0.767677 0.696984 0.743066 1.43795 1.45112 1.39498 1.28128 1.17354 1.06590 1.01269 1.01917 1.01917 1.42376 1.51840 1.51840 1.51840 1.51840 1.63740 2.48836
2.79974 1.75624 1.75624 1.75624 1.75624 1.75624 1.75624 1.75624 1.75624 1.75624 1.75624 1.75624 1.75624 1.75529 1.72328 1.67619 1.62915 1.58206 1.51217 1.42802 1.34413 1.44706 1.47368 1.47368 1.47368 1.47368 1.45554 1.43851 1.43851 1.43851 1.43851 1.43851 1.43851 1.43851 1.43851 1.43851 1.40348 1.32769 1.28625 1.20960 1.07141 0.819484 0.742957 0.686011 0.683033 0.683033 0.683033 0.685398 0.743098 0.828975 1.12407 1.08227 1.02689 1.01925 1.01917 1.01917 1.01917 1.01917 1.01917 1.27982 1.51840 1.51840 1.51840 1.51840 1.51840 2.31304
3.05473 1.90379 1.75624 1.75624 1.75624 1.75624 1.75624 1.75624 1.75624 1.75042 1.70930 1.66222 1.61515 1.56902 1.52536 1.44269 1.35883 1.27487 1.23305 1.23305 1.23305 1.34778 1.47368 1.47368 1.47368 1.47368 1.46567 1.43851 1.43851 1.43851 1.43851 1.43851 1.43851 1.43851 1.43851 1.43851 1.43752 0.982138 0.919851 0.919851 0.914522 0.695703 0.683033 0.698372 0.758257 0.842805 0.911284 0.965866 0.984737 0.984775 1.00271 1.02797 1.02797 1.02094 1.01917 1.01917 1.01917 1.01917 1.01917 1.13584 1.51840 1.51840 1.51840 1.51840 1.51840 2.01084
3.05931 2.30193 1.75624 1.75624 1.75624 1.74140 1.69529 1.64822 1.60118 1.55992 1.53621 1.45742 1.37349 1.28960 1.23430 1.23305 1.23305 1.23305 1.23305 1.23305 1.23305 1.27705 1.47368 1.47368 1.47368 1.47368 1.47230 1.43949 1.43851 1.43851 1.43851 1.43851 1.43851 1.43851 1.43851 1.43851 1.43851 1.03575 0.923515 0.959523 1.01334 0.928077 0.924377 0.969011 0.984579 0.984775 0.984775 0.984775 0.984775 0.984775 0.989658 1.02785 1.02797 1.02335 1.01917 1.01917 1.01917 1.01917 1.01917 1.02610 1.48421 1.51840 1.51840 1.51840 1.51840 1.61995
3.05917 2.66862 1.68131 1.63423 1.58718 1.55496 1.54449 1.47212 1.38816 1.30430 1.23815 1.23305 1.23305 1.23305 1.23305 1.23305 1.23305 1.23305 1.23305 1.23305 1.23305 1.23355 1.44634 1.47368 1.47368 1.47368 1.47368 1.45249 1.43851 1.43851 1.43851 1.43851 1.43851 1.43851 1.46917 1.55515 1.61802 1.35775 1.14037 1.15690 1.16307 1.09423 0.984775 0.984775 0.984775 0.984775 0.984775 0.984775 0.984775 0.984775 0.984775 1.01955 1.02797 1.02578 1.01917 1.01917 1.01917 1.01917 1.01917 1.01917 1.34722 1.51840 1.52500 1.58710 1.67028 1.76531
2.80006 2.74262 1.62274 1.48675 1.40289 1.31897 1.24457 1.23305 1.23305 1.23305 1.23305 1.23305 1.23305 1.23305 1.23305 1.23305 1.23305 1.23305 1.23305 1.23305 1.23305 1.23305 1.39108 1.60015 1.70900 1.79721 1.65387 1.46369 1.43851 1.44163 1.50539 1.59249 1.65741 1.65185 1.62462 1.57448 1.54555 1.49656 1.16475 1.16324 1.16324 1.14550 0.985560 0.984775 0.984775 0.984775 0.984775 0.984775 0.984775 0.984775 0.984775 1.00636 1.02797 1.02777 1.01960 1.01917 1.01917 1.03710 1.08096 1.13099 1.42160 1.93931 2.06563 2.08825 2.04903 1.89489
2.32990 2.04321 1.43208 1.23305 1.23305 1.23305 1.23305 1.23305 1.23305 1.23305 1.23305 1.23305 1.23305 1.23305 1.23305 1.23305 1.23305 1.23305 1.23873 1.35899 1.49549 1.60580 1.73785 1.86296 1.86296 1.87003 1.81201 1.57370 1.69721 1.68394 1.62946 1.57753 1.54630 1.54427 1.54427 1.54427 1.54427 1.54427 1.21639 1.16324 1.16324 1.16324 1.01983 0.984775 0.984775 0.984775 0.984775 0.984775 0.984775 0.984775 0.984775 0.995681 1.06387 1.11075 1.16071 1.22192 1.29494 1.34121 1.34132 1.33774 1.37970 1.77994 1.61803 1.45726 1.33377 1.32519
1.70285 1.70285 1.52687 1.23305 1.23305 1.23305 1.23305 1.23305 1.23305 1.23305 1.23305 1.23305 1.23305 1.23305 1.23347 1.33119 1.47334 1.58767 1.67899 1.70254 1.70254 1.70292 1.70999 1.92947 1.97441 2.05143 2.11131 1.96777 1.63406 1.54427 1.54427 1.54427 1.54427 1.54427 1.54427 1.54427 1.54427 1.54427 1.30570 1.16324 1.16324 1.16324 1.07185 0.984775 0.984775 0.984775 0.993902 1.03209 1.07781 1.13067 1.19249 1.26060 1.33403 1.34136 1.34129 1.32843 1.29998 1.27144 1.24294 1.21799 1.21256 1.30186 1.32519 1.32519 1.32519 1.32519
1.70285 1.70285 1.66272 1.23815 1.23305 1.23305 1.23305 1.23305 1.23305 1.23305 1.23305 1.30299 1.45032 1.56901 1.66592 1.70254 1.70258 1.70311 1.70379 1.70446 1.70737 1.75535 1.82091 2.08986 2.23200 2.24252 2.24252 2.12248 1.78616 1.54427 1.54427 1.54427 1.54427 1.54427 1.54427 1.54427 1.54427 1.54427 1.41690 1.16324 1.16327 1.18968 1.20072 1.09472 1.15037 1.21572 1.27299 1.27657 1.27657 1.27657 1.27624 1.33878 1.35091 1.25679 1.22833 1.21265 1.21256 1.21256 1.21256 1.21256 1.21256 1.26958 1.32519 1.32519 1.32519 1.32519
