High_resolution/powerplant/Shangrao/OMI_NO2_200612.asc
ncols      200
nrows      200
xllcorner       115.451
yllcorner       27.0350
cellsize     0.0166667
NODATA_Value      -999.000
[rows 145 to 173 of 183, columns 67 to 133 of 200]
7.22337 7.33230 7.31087 7.30559 7.30559 7.30696 7.32732 7.32766 6.70951 6.42720 6.43647 6.43647 6.43647 6.43647 6.40244 6.29189 6.17910 6.05124 5.46118 5.25814 5.02557 4.72596 4.68663 4.64890 4.53252 4.33943 4.11840 4.05274 4.05274 4.04893 3.94360 3.79196 3.64030 3.49906 3.41853 2.89509 2.36954 2.35326 2.36629 2.35434 2.29157 2.29156 2.29156 2.29156 2.28706 2.02344 2.01180 2.01180 2.01180 2.00286 1.86196 1.78770 1.71993 1.61242 1.56067 1.57237 1.63991 1.64171 1.64171 1.65492 1.68364 1.89718 1.95094 1.97925 2.07829 2.19888 2.25479
7.21799 7.25246 7.30559 7.30559 7.30559 7.30559 7.32328 7.32766 6.97010 6.38751 6.26539 6.15286 6.04007 5.91720 5.77062 5.64615 5.60455 5.56966 5.24123 5.02947 4.96773 4.58424 4.55653 4.43362 4.26741 3.87487 3.56157 3.28055 3.12887 2.95698 2.86098 2.81121 2.76138 2.71205 2.73800 2.66061 2.25241 2.36157 2.36163 2.36163 2.30144 2.29156 2.29156 2.29156 2.29156 2.05967 1.92572 1.85807 1.79037 1.73064 1.65786 1.63105 1.63121 1.62641 1.60235 1.64287 1.72702 1.77472 1.80302 1.81814 1.81814 1.93942 2.03048 2.04027 2.07945 2.17400 2.17991
7.21799 7.22778 7.30538 7.30559 7.30559 7.30559 7.31731 7.32766 7.12529 6.34829 5.76622 5.74456 5.72290 5.70891 5.67137 5.49995 5.36343 5.21322 4.89687 4.44021 4.34356 3.73577 3.50991 3.48145 3.46416 3.21427 3.01207 2.76889 2.71912 2.69345 2.69345 2.69345 2.69345 2.69345 2.72537 2.72054 2.32739 2.33717 2.36163 2.36163 2.31962 2.25233 2.18573 2.11815 2.05044 1.85374 1.72189 1.74712 1.78788 1.83194 1.83125 1.82368 1.87419 1.89872 1.82713 1.83191 1.87495 1.93101 1.94273 1.95468 1.96681 2.04452 2.24673 2.27129 2.29337 2.10451 2.09247
7.21799 7.21799 7.29016 7.30559 7.30551 7.28699 7.26080 7.24405 7.11632 6.40199 5.54102 5.33769 5.17879 5.02273 4.89876 4.69924 4.62446 4.62446 4.56617 4.10959 4.07977 3.64146 3.32295 3.27319 3.24066 3.10847 2.95050 2.69348 2.69345 2.69345 2.69345 2.69345 2.69008 2.67464 2.67744 2.69615 2.38131 2.14961 2.13495 2.05109 1.94414 1.87302 1.88911 1.90673 1.92569 1.97991 2.13302 2.15791 2.15791 2.15791 2.12842 2.03179 2.03173 2.03173 1.95736 1.92229 1.92026 2.00107 2.01508 2.03006 2.04613 2.06962 2.35062 2.35524 2.32932 2.11323 1.89289
7.21775 7.19785 7.16491 7.03923 6.87159 6.72258 6.58439 6.24918 6.06639 5.49243 4.88473 4.75813 4.75813 4.75813 4.75802 4.70750 4.62142 4.61978 4.61802 4.14003 3.90522 3.56346 3.08864 3.04637 3.00432 2.89991 2.66021 2.54188 2.52288 2.50645 2.49001 2.47358 2.45202 2.40146 2.35307 2.37870 2.22728 1.79524 1.91761 1.94305 1.96999 1.98045 1.98045 1.98045 1.98045 1.99524 2.15785 2.15791 2.15791 2.15791 2.15299 2.03701 2.03654 2.04309 2.01574 1.98006 1.93545 2.00209 1.99050 1.96462 1.93869 1.91277 2.08021 2.16928 2.14655 1.94427 1.48546
6.42968 6.28177 6.21667 6.28035 6.28035 6.28035 6.25763 5.98267 5.85167 5.39662 4.77672 4.48163 4.43088 4.37999 4.32940 4.26878 4.09794 4.04746 3.99853 3.69871 3.48395 3.28647 2.69478 2.69243 2.69243 2.68690 2.44498 2.45029 2.44505 2.40446 2.38327 2.37057 2.38788 2.45291 2.52786 2.62190 2.53153 1.97539 1.97455 1.98045 1.98045 1.98045 1.98045 1.98045 1.98045 1.98045 2.13321 2.16169 2.13071 2.08195 2.03326 1.94707 1.93882 1.91081 1.86106 1.74470 1.74039 1.79069 1.82540 1.81595 1.81330 1.87809 1.95521 1.82537 1.75951 1.72610 1.40818
5.75595 5.68656 5.61932 5.63090 5.56616 5.49553 5.44638 5.30440 5.17171 4.85015 4.41855 4.11206 4.11162 4.11162 4.11162 4.11162 4.00821 3.97796 3.97796 3.79777 3.54079 3.34652 2.80154 2.69195 2.66684 2.60561 2.44593 2.40775 2.44788 2.50644 2.54096 2.56478 2.56565 2.56565 2.56565 2.60712 2.59789 2.14249 1.93027 1.98045 1.97312 1.93156 1.88948 1.84605 1.78794 1.72800 1.73906 1.70711 1.66603 1.64272 1.61941 1.66154 1.77555 1.76819 1.76720 1.65965 1.66622 1.76771 1.95430 2.05368 2.14625 2.17146 2.14654 1.78048 1.77259 1.75910 1.48857
5.35783 5.32817 5.29207 5.38130 5.43858 5.43687 5.43681 5.36682 5.16821 4.98640 4.51587 4.14919 4.11162 4.11162 4.11162 4.11162 4.04801 3.97932 4.00565 3.96389 3.57900 3.35896 2.82843 2.44812 2.43257 2.46623 2.50020 2.53681 2.56565 2.56565 2.56565 2.56565 2.56565 2.54048 2.47713 2.41500 2.30291 2.07467 1.59502 1.58658 1.53393 1.51544 1.49751 1.48093 1.47892 1.47892 1.50979 1.55608 1.55608 1.55608 1.55608 1.58351 1.76904 1.81773 1.89769 1.93730 1.98966 1.98833 2.16327 2.17146 2.17146 2.17146 2.17473 1.88106 1.77163 1.77115 1.55444
5.20245 5.19602 5.19602 5.29272 5.43681 5.43681 5.43681 5.42729 5.17595 5.12162 4.55629 4.22819 4.12952 4.17040 4.21391 4.25961 4.25427 4.06920 4.00383 3.92549 3.46457 3.34183 3.00055 2.52400 2.53689 2.56036 2.55488 2.49792 2.46908 2.40790 2.34285 2.27551 2.23725 2.25259 2.31722 2.29985 2.07073 2.07559 1.62805 1.47892 1.47892 1.47892 1.47892 1.47892 1.47892 1.47892 1.49406 1.55608 1.55874 1.59539 1.67507 1.75775 2.01783 2.07650 2.07650 2.06270 2.02877 1.99254 2.14222 2.21959 2.23587 2.25344 2.26732 2.05267 1.76947 1.76947 1.65115
5.19602 5.19602 5.19602 5.22455 5.43655 5.43681 5.43681 5.43681 5.23468 5.16821 4.64733 4.43727 4.34718 4.31064 4.27408 4.23824 4.23535 3.98136 3.98196 3.96702 3.67457 3.46993 3.08921 2.36131 2.28544 2.19035 2.13028 2.15498 2.24233 2.30906 2.36737 2.42551 2.45078 2.45078 2.45078 2.44645 2.10411 2.08034 1.80532 1.48178 1.47892 1.47892 1.47892 1.47909 1.48255 1.50431 1.57142 1.74098 1.82130 1.86462 1.86491 1.86491 1.99367 2.04875 2.02803 2.00365 1.92658 1.90341 1.96864 2.07138 2.04767 2.02462 2.00202 1.92627 1.54259 1.50178 1.52325
5.19602 5.19602 5.19602 5.19602 5.39656 5.43681 5.43681 5.43474 5.26651 5.08564 4.65639 4.34084 4.18971 4.08030 3.97305 3.86597 3.74950 3.40945 3.12255 3.03049 3.02917 3.02650 2.77454 2.30903 2.26326 2.32157 2.37985 2.41297 2.43400 2.45078 2.45078 2.45078 2.45078 2.45078 2.45078 2.45078 2.17662 2.08319 1.97273 1.47908 1.46723 1.47656 1.53204 1.59304 1.65078 1.69022 1.68683 1.68516 1.66829 1.65424 1.64051 1.62702 1.68791 1.79423 1.79423 1.79423 1.72268 1.70224 1.72446 1.89014 1.84999 1.78943 1.73308 1.68058 1.35384 1.27474 1.30263
5.19602 5.19602 5.19602 5.19319 5.28906 5.33877 5.19908 5.04776 4.81327 4.22368 3.79275 3.24160 3.34185 3.36242 3.36242 3.36242 3.36242 3.26465 3.00921 2.98910 2.96897 2.94887 2.98826 2.66921 2.41899 2.42588 2.43270 2.43950 2.43931 2.40892 2.40238 2.39584 2.38930 2.38276 2.37622 2.38816 2.25380 2.12416 2.03495 1.53256 1.53479 1.55660 1.56041 1.65818 1.65818 1.65818 1.65818 1.63513 1.61790 1.61790 1.61790 1.61790 1.64461 1.79421 1.79386 1.78522 1.68945 1.55412 1.50736 1.55845 1.51012 1.45102 1.39202 1.33297 1.10231 0.882350 0.832638
4.97811 4.82468 4.67137 4.52074 4.46718 4.54987 4.53613 4.53613 4.51440 3.74375 3.60318 3.10616 3.28684 3.36776 3.35451 3.34123 3.32793 3.30648 3.00244 2.99490 3.00170 3.00855 3.04567 2.90754 2.50167 2.50167 2.50167 2.50167 2.48527 2.35705 2.35705 2.38505 2.43479 2.43861 2.35983 2.21231 1.96071 1.63839 1.59134 1.48632 1.50101 1.50075 1.50309 1.64849 1.65818 1.65818 1.65818 1.64394 1.61790 1.61747 1.60865 1.58533 1.53608 1.60014 1.54213 1.47971 1.34794 1.07852 1.02695 1.09746 1.17828 1.18615 1.19403 1.18839 1.05624 0.844905 0.813723
4.23666 4.20381 4.17092 4.13811 4.11151 4.30171 4.28012 4.24734 4.20424 3.54042 3.26547 3.13042 3.19062 3.35639 3.35639 3.35639 3.35639 3.35639 3.12607 3.02313 3.02313 3.02313 3.03077 3.05633 2.50469 2.50167 2.49194 2.46226 2.46816 2.35568 2.30328 2.15963 2.00079 1.87478 1.82214 1.82214 1.81297 1.60381 1.59430 1.50319 1.50567 1.50075 1.50075 1.60590 1.63260 1.58078 1.52581 1.46994 1.40909 1.38725 1.37379 1.37478 1.40605 1.33655 1.33947 1.34732 1.34801 1.09084 1.07908 1.10884 1.12289 1.00653 0.880323 0.758947 0.725738 0.708900 0.707085
3.90147 3.90147 3.90147 3.89427 3.85073 4.00115 4.06436 4.03921 4.02414 3.62636 3.20073 3.12101 3.10168 3.34599 3.35639 3.35639 3.35639 3.35639 3.22522 3.02313 3.02174 2.95898 2.87049 2.89004 2.43897 2.33819 2.32127 2.22535 2.13179 1.94809 1.82451 1.82214 1.82214 1.82214 1.82214 1.82214 1.81978 1.61759 1.56240 1.48335 1.42260 1.40553 1.38643 1.42187 1.50575 1.53547 1.56803 1.59616 1.56305 1.55968 1.55968 1.55968 1.55968 1.41154 1.36304 1.36681 1.34519 1.11340 0.998121 0.967380 0.743207 0.725843 0.725843 0.725843 0.725843 0.714497 0.707085
3.82300 3.77435 3.72576 3.68434 3.67930 3.82139 4.02401 4.02401 4.02401 3.83496 3.20073 3.14544 3.09150 3.28096 3.35639 3.31850 3.21607 3.11896 3.00483 2.70887 2.69055 2.72061 2.76951 2.72989 2.34981 2.01027 1.90328 1.88968 1.90675 1.88390 1.78753 1.75301 1.71847 1.68395 1.64963 1.62743 1.61489 1.67019 1.72167 1.67353 1.51984 1.45085 1.45085 1.47418 1.59996 1.59996 1.59996 1.59996 1.57178 1.55968 1.55994 1.57167 1.55647 1.42216 1.29674 1.26136 1.25147 1.12943 0.967515 0.967515 0.815952 0.725843 0.725843 0.725843 0.725843 0.720220 0.707085
3.67930 3.67930 3.67930 3.67930 3.67930 3.72355 4.02391 4.02401 4.02401 4.00673 3.23725 3.16988 3.09150 3.01201 2.89686 2.90689 2.97649 3.04704 3.11119 2.79512 2.60359 2.47895 2.35020 2.28038 2.12414 1.78150 1.74696 1.71244 1.68156 1.67238 1.58560 1.60525 1.62485 1.64447 1.66391 1.67118 1.67118 1.69554 1.74214 1.69603 1.56740 1.46161 1.45085 1.45138 1.58480 1.59996 1.60210 1.61890 1.59198 1.53952 1.50774 1.46441 1.44811 1.39279 1.24938 1.25147 1.25147 1.20963 0.990795 1.01652 0.965618 0.846638 0.877558 0.908429 0.939545 0.969752 0.983325
3.67930 3.67930 3.67930 3.67930 3.67930 3.67930 3.97013 4.02401 4.02401 4.02401 3.44323 3.30324 3.30750 3.30966 3.10839 3.08770 2.92173 2.73850 2.55521 2.26375 2.03919 1.98047 1.93007 1.92504 1.96097 1.65243 1.66993 1.68953 1.70916 1.76683 1.67392 1.67118 1.67118 1.67118 1.67118 1.67118 1.67118 1.67766 1.74193 1.71413 1.59725 1.49034 1.45571 1.47130 1.56518 1.59136 1.55658 1.50723 1.50994 1.64686 1.67263 1.69840 1.72429 1.74074 1.57646 1.60507 1.63080 1.65443 1.40969 1.37522 1.36221 1.21603 1.21564 1.24214 1.28576 1.33306 1.36954
3.67930 3.67930 3.67930 3.67930 3.67930 3.67930 3.89056 4.13933 4.24393 4.26148 3.86114 3.39353 3.21439 3.10764 2.47964 2.27539 2.25809 2.25809 2.25809 2.18869 1.92078 1.90498 1.88771 1.87043 2.00458 1.80034 1.73872 1.73872 1.73733 1.75664 1.68983 1.66785 1.66680 1.66580 1.66477 1.66373 1.66270 1.66166 1.68368 1.60330 1.44757 1.48521 1.45217 1.43942 1.45600 1.47369 1.47369 1.47369 1.49467 1.85239 1.85581 1.85581 1.85581 1.85581 1.69254 1.65918 1.65918 1.66049 1.51838 1.44997 1.49468 1.42876 1.46310 1.54868 1.61798 1.68745 1.74768
3.67930 3.67930 3.65969 3.62152 3.58665 3.55175 3.59299 3.71102 3.57142 3.51871 3.41183 3.02911 2.96236 2.91988 2.48337 2.25573 2.23389 2.20689 2.17995 2.15098 1.82611 1.78338 1.77366 1.76394 1.85270 1.78986 1.63118 1.62152 1.61318 1.62610 1.66016 1.65648 1.65648 1.65551 1.59570 1.50783 1.44453 1.36488 1.40282 1.45356 1.40237 1.54130 1.52227 1.52200 1.51653 1.47369 1.47369 1.47369 1.47369 1.79052 1.85581 1.85581 1.85720 1.87768 1.78776 1.76905 1.84167 1.91322 1.92377 1.87695 1.93239 1.96612 1.99190 1.99052 1.98372 1.97693 2.03192
3.22144 3.18638 3.17109 3.18281 3.21212 3.24348 3.28773 3.67379 3.73382 3.78072 3.81993 3.30394 3.04534 2.69308 2.43708 2.05562 2.05016 2.05016 2.05016 2.05016 1.84443 1.71579 1.71579 1.71579 1.74557 1.84856 1.61214 1.61214 1.61214 1.61256 1.61676 1.55470 1.49640 1.42326 1.39839 1.40176 1.38041 1.37539 1.42205 1.48860 1.44233 1.48409 1.54566 1.52200 1.52200 1.48098 1.47369 1.48489 1.54974 1.85703 2.07869 2.15047 2.20989 2.24868 2.21726 2.12421 2.12216 2.11763 2.10656 1.99461 1.98750 1.97327 1.99565 2.17611 2.34218 2.49231 2.57860
3.50652 3.55225 3.60054 3.63593 3.63716 3.63716 3.68902 4.02070 4.02033 3.98577 3.95123 3.46771 3.14168 2.60799 2.55596 2.06671 2.05016 2.05016 2.05016 2.05016 1.94347 1.71579 1.71579 1.71586 1.73928 1.94949 1.62920 1.57529 1.52325 1.46329 1.43973 1.41228 1.38592 1.37539 1.37539 1.37539 1.37539 1.37539 1.39372 1.48860 1.47909 1.49576 1.65489 1.66249 1.71335 1.75955 1.81523 1.86328 1.85776 1.99462 2.21135 2.19889 2.19712 2.19712 2.18491 2.09040 2.09878 2.09880 2.12074 2.13145 2.21245 2.31913 2.56942 2.58692 2.58692 2.58692 2.58692
3.63716 3.64391 3.81149 4.07838 4.39398 4.77298 5.12025 4.51027 3.93408 3.93408 3.93408 3.63222 3.27580 2.64167 2.60799 2.15376 2.05016 2.05016 2.06103 2.10137 2.12678 1.83978 1.78465 1.73267 1.65726 1.70702 1.49274 1.40350 1.37698 1.35966 1.37089 1.37618 1.37634 1.40289 1.4rLf/hhp[f4w5Iu0f Ffp/ffHssfhpPf wK5qBfD fcHs t Pf8h?7t|fFwrPffwJfH4f`~f%hiv*ffwfRfn0~0vFf=h? uftqfrfQY&fp4fHwt1f|tq>ffuwfXfWrwgwcfh"0r%f4tF~ ffuLfhGSrLfDto~m fufc9~|f` fq$s{(tkflIhFh fh[t~pbqfz fRsQtMgfZhq[f>tffw f|f w 5v fuh_s*ffsf& f veqK*fh7vft4q ftfTpfFf|w/~a>fFtqf>f=pLfcfowAfThu!f:rt szfw>fE'uOFLfh;vfw-Pfft7Uf/Pf+vGp Pfh sdfit{jtxfmfivsrsi*fghpffgwpyPfhfiisw fegfusp3sf4fhJhyQAfm>faucfxfnisUopOPfWhO~f|w~Ff*fSvffprf|wT~ff#t9f*f?Hq,~<f Jh~fw rFf [f  pLgfWh Hq fw&~f f0-f;gf(is&u3f/vh<kw#fwlffqtfht>fwufV fI`8fefu0fch sf fq frfAtkwg|fh,;r* fw#qf[fqf[f:uuOgfwfwtgffrVf=f(0r#q)fh 
fFtt9fefst p Pfu8hQduft*q[ffffrvK>fBhmqf f'ffUv~*f`h pgf|twrf fcqaf>f$u1t|ftwIfMfL vb fe|f^rTt?f2h2wf tstfftH.LI|fr&h'uf/t2 ffpffGwSrofh*!ftpVf f|wE3v}fi;h;gf'>wsf f~fFf:sOULrf@h{u6f4f v'f-gf>s&.f0%h=)u.f.w!q/4f fvff sutxrfCgwP[fY*fQtffUq^~>fh~4fPw5T~6ff#ttLyPfVchPf>w2u1f fHu7ffPsPf`h'wft8w fnfZuCsv[fhq>fw1 &f fc=~X#fTfHut4fhqf*f$t*f *fu}tf~h_jvO>fXw p4ffsffrew*fww[f f~ffr-wfh fgwwM fWf\O~ULH[fEh[BfAwV2rmf@ fSiVsD[fGBh[tSf[|t7r|f|f-q!ffrwfUh8sPff+ff5|r)t6Ff;oh~fupffq ffrwfguv frfpdfgf tw fh&rf>u-Qq. f9f:w6:L'*f-hfu&pffpf*fpM8qNfB2hamwkfa*taqf: f>pntfh,wf|t~*ffdtNlfJfRHp`vmfeh @w0rff 3tf[f0u/p1Pf+h;(f*t>r!f<f *u fFfHq*r ft sqfe*ffq|fufi$QwHfNhBuR fP tGMsDf^rfjs,LZ f[uh+~gfurffw8 f|f3v6jt" f%h=v.[f4t"f fq*Gp3f4h8v6f2t$u'f-gf&I~f>frtt4fhmpFff~&ffHtYsBfxh~s`4ftt% f!>f t%ffterrfK>tf~*f f:w2f>frtwfh ~H[fmt2qf.4fs LfshqfMso syf >f1u.6f*f'w fhsfrdpf^fMrHufhMq^f[rpff~HffroqfhWvfPfvs7-f!>f=pqf hrrl f@rt@AvN|f[fr*ff ~f"wts fFf1r%fIgfipfht3fwg`pN4ff(Lf/hsgf5Pwrt[fy*fBwmffq s|fhp-f:wuf >f~slpKfU;hOr4fw-sffu f frsmufhp|ff!rffsrfhsfw5pf4fEsNfXfEsBsN fLwX=pRfIfFPsQjfHrfXr~REqNfU/hDt*fttFff;rDLfhRr[f4tArf fw8kf* f!t)~ fhu fgtqp #f f|tHqfhquftrffWpCf[f wufhv)ffp-f7Pf"w9w"4f,hf|twffvvff$tG rLfteursf` f vf9f>w7rfThuf
f hxtFfvtasefAfR0~*LfhwPf*t1r*f;f&wf f=0tr4flThJrfFtnvMffujrgfhdq1gf 4t vv f fu.f >fu^wcwfh4ufrfwff^wjqgf1h;p5f<Ftvf fbpifJ f\|tBv_ftAv f>fqf*f^rGvfhpf tt3 f*4f!w CL=fh p ft Vufgf0Rv*f7*f'r"@s)fhvft.u ffsrfuhq4fFtvgffEpjfgfsG~PfhwwfFfvfgf^us|fhugftff(Wp3bf6[f%w*v=f tpf Pf w f f~wv *f chwf w vf fhvLfAhNs=|f:w-3r# f;Pf2Mr-f9f$q's-f(h1efw6vVff.~~ fhep4ft(tffPVpFifFfkvbEpj4fbh s>ff p(f;f%w%s2f2h%t4rf6 t'w-Pf?f tf rf $w~*f>t rwfjFfbqufmgf|v}pwrfvha qsfu|wi_>fRfWFwML f/hp[fFwuf f4ffUsrgf%h$tFfgwv7f fpt4f/h%w f4wt[ff u ff$qrfJhrffLtPffptftHsHfI>fpqbMfo>fx:u :rfhp f t>&t>|ff~oLfhpfuLhrSfu*fhpfFf=w0rfhkufu&pfTFfdwy~t|fCh$%;*f'uff~'ff$wEr|fXhT~efZf9vfPfq7t|fhftmwfgfwf*f1q5w4f t 1v fyf=w5f| f :q_*s4fhrrft1v frf#w7L f5Bh,tofIt-ugffoGf]f.u'tfhqftHp ff$r>Kv4fht fbt|q~4fwfM(wGf_*fpovgfhu4ff<rLf f|pt fhrPf#t1#q?*f1f6pf f .~ rf>tt f>fqkfFf q'q[f:h9#*fPtrff qVLf`hD[f[tr|fffqbf>fr wfhbufttrf>fr qPfuhap fgt wf4fq2f)f<r#av7f<`h/Br+f |f~ ff v s f h
fhv|fFtuzff$r~f,hqfrtrff+uffistfhuf'f8t+f>[ft Suhfunhnp}fvt_ pfFfAvAffv*~gft^ff$$p5ff-|~Rrf;hzuzfEwgnqfoPfJguFL fJh[frwdvffufFfr~fhwfwrff|uu4f1h[frwp?f0rf0_sef*f uf hs5q[fxfw sofyflTuCfChS'uB fwftT*f}fv-tk fjfs|~Kpfw$p6 ff)>f4fqrrfAhpfwtffpkL4fAhq fw_sff~fff$u~fhsfPwCsff|r9uq:f1hugf|wukqw fb4fnu 7f f sr[f1h<[f*fpf>f pp f tw Fff+qqf f s mr[f`h"q5|f2 t&$t<f*f*v.LFfhltf*t?uffu?ffqbs[fhvftp ffHq s|fhv>frtp ffqff0~ufhvfPfp f[fiq(qfh"w4f t1Iu> f/|f;w$ff qw|f[tvv f?fLw1f?>f,qsgf Bhurdfit|t>fb fuL fch}Wr`4f*t qffq f fUwp?f9h#Bt6Ff3t?Np9f)f4|t9fuht|f t?ufgf?u=ffsufhu ffwffC pYux fkh et 4ft t;ffqf>f|~Swftuf^Ff[sltfH4fd~etrfIh9&v%f!t9fw*ff-tLfh~ftuuffuffuw.[f0h*fo*th~^fJ[fKrrf`hwFftj~ fFfDpkf>fit p" f&h~HFf`[flwv f*fWq[rCfHh@p fttA>f\[f,fgfr1q ftuffvffrKvfThHvgf|t~PfPfawqLrf2h9sFft3u f*f -~ 8fd f~|rhvq*fthltIgfR tCOtB fRFf_r[v~QfVhA~TfPt\w\fJ fMnqfAfy>fft}ltef hw-|f;Pf#r2@f[frsPfhapf4tFprffvf[ftpftsf*fsf*fwAufhBwf wqgff tL+*f8Whm~ [fwsqsfiPfd_v,fgfv{'u Pfahpfrt H fFfHu<urfhu ft kq|ff9v 1f f r^q[fh7p*f9f:p&of+|f4Uq8~ fh~
f8hr ftpfrfw ffiurrf tK~ffBr3fftquPfh!s$[f|tw24f3*f2qLf h&rdFfm>tas|fkfd~}kfufjt`Iqtfph|uh fbFt as fft 'a|fchwwafctp ~uPfefj tvkf`Ff s /pfh p3gfft"f fUpp< f7h!Sq)f$t:bw2f*fv?fgfr~w f tw f4fvKf f:~wPfhjr#f)t$cp!f9>f1wHL fThw fbtpJqpfd fkwy'figfxrzsqPfw8hftEfJtDevCf^Ffirqfnh w[ft7sf fTq@fSf]rNuX[fYhKbtvFf[fWuOfYfJUpErV4fPhRwGfF tWrRf@Ffr vf fqfy$ry-tagftsf fuff $tq f hrftrf>f8r( L+*f*h2s(f'*t5Vv2Ff*ff[f.tr fhC~4f4t3~IMfX[fAuXhwMfFhRqx fsPtv |fPf1s-f5f!0t$ sFfuhmvffuAfgfuufhv( f(Ft6v> f0 f$fv)kf& f>r!ud fptV~ff^ v@fW|fJUrFv f8hv fts fFf;rLf8h~gf>tv>ffArHf!f2w0%ufhftuqf#|f6Ut6tfhuf trffC~2f&Ff5u;~0f5Bh+pfrf j~!ffg~}*fyhfB fJ uZqE|fZfQ@vEfft~f[upfftf*ftwfh rf4u-wffkCLPf8hB5uQ*fEtc8s fbf~/f<f!^q?q( f!8hvfrt7q9zffswfhVwgf|tUsgf>f3pf f ur!*f,h2~ f%f:7qfrf qP fghcgvsfyweAwcgftfrg~kf{fdsjrmgfiPwu-vyfd fk~q9fefvtvug*fjhyatpfmt}Jvzfkfd'wy,Lhrffhucudfc|wyMvFff q f >fisqf< h,3t84f7gw s f1f>r>t(4f$h7gw|fgwqwfgfr3f*rf?u p5f:Jh-8p(f*ft6ff upcfimhIupfrw`,cfvfxHtkf|[fS:u^pN4fSwH8 ffrffsf2h.v ft^~|f f%uNwL
h w` f t At fc*fh~rfiPfxw|sifj&h}^uCfhfgqbf{fV|t\qOfQ8h]vN fP[tBpA fVfT'uLffuS~Pf|tr>f>f't5ffu@sf8h<v ft fgfLfhuf|tsgf[fJqfFfUtQu fh ftNuAfQfYr_ rD fA,ho$uz fwtcslfv4fxMrafwfhpkrz fuhnrT[f~fp^wffr4fc~gpgPfch+s` ftCs ff~ ffw'(r8f+u0vff~fPfwr fHh?tPf>ut*ffuNLfuhuftsf|f~rf[f.~~fh[ftqffp,wfnh6t4 f/t=Bv1f( f!s<f4f#p$s4f hv:ffRq +fbfptt8rf fk/h~tnfk>w|pv[fcfe~fa|fvqtvfw pt[f`Ff ~'f f tE f,h*;u9f:t.;wf gf wHLf hxumgfptk~lf@ fF r@fYfsBqPfhtPfwpfgfrrJtPf1hwfws*f4f3~f f usfJhqffvf[f^p,qf/hhqf4wHwN fJfp qkkfmfypspb faw t Pf4fEs f f|~cw fh(s=*f;t&Hw$f1Pf?~-L f hvfe>whsaPftfx-c2fy>fQTqHFfH hXsJfKw_qYfGfS.p[Ar~fxhjV~@fJrwEpF[fS|fV w ffrs fhtffvfFfrIvfchsfwIvrIfXfVuApfW*fFsCsSgfNwRtsTrfy>fzub2fq*fasiqfph|'qoft wlpo f{ft rgLtfv hlFurFfo>wy4~kqf~ fZiAqTfVahGwRfU>uNtIPf\fBqffrf3hrfgfqIff v rfh9rftff@vfgfvr fFuwff tTffvvfhvft8uf\fYsATLNfLh^vF fC*tWwX fgfp qmfz flwZ*r@ fBhVtGfHw_8v] fF fnpczfzhkwprfowzpzfffldq f
umtppfkh{3qfrfeutv|rfp4fzTrhf~fV^tTwR[fV[uHNffQrMfZFfG.tObwWf^'hCtf^uH r*f4f~jLfhkpf>utf4f&qefrfi~Hr f&hPtf tfwf fpvFfmhqfws*ffrff pc~fAh9~ffkwf f.qq4fh~f t'u|fFfujff vO1~Y*fW*tEuG|f[f.~fftpu_f&hqf[tvffsLPfhsf>trffwJf ftr|fh~4ft0ffrqfhwftuf>fsff^vkufhu*fFf0~frfv&t_Pfhpf tN~ f_|fRJwOf\rfOvftMuffBqf f0ttfhrv]fR t\sTPfH4fLwoLLzFfy,hc0tl fitxt{>fffjWurCf f Ht-v|fTh f w v f 4f.r~ ~ f hw f Fwt4frf (~Wf |fp w fehsB~Gfq|f=sb2f{fSvXBFf~hT_qAfC>tWZfBrfMw^_fLrfA^wBwX fYtL9wPf4f0fftrr fhFf^ tH~GfR[f];sLLYfYnh@.~TrfRt@dq_ fH fLuh ftrfcrr`Ssz4fxhe,~rfsto6vP7fJFfBpGt^FfTht4f>ts*ff~ffq&sgfhks>fPfu f"f2sPufh3tf[t8t4 f!*f.Prkff phvftvffsBf4f0prfhqrftuf fLfhCpPfZ tC<wCfM|fFuU,f~fi~dIptfrhaHt[fx tdrV9fG|f^ivCpY*f^3h~>fub~ ffR qAvfYPftw[PfhMqf|fHtf*fu~f hvfuv[f4f;u^f f pfuItf[fpRff:~~fhkpf[tB4ff2tL|fh pf|tq4ffvfrf.~qfh~f*wpzfPf|~>p>fhu>ftuff~ef fit/f`hs|f>fqffUt4t|fhtfwvffRqf fru f[w tffhsffHst>fh?q fw`r f fkrhL|fWhUsf4tvfPfuWf>ftqf2h~|ft9lf f$tqfh'~rftH fPfUpHffu t|fhKvp4fVf_u_fKPfZ.wS8rGfAhc1wvfuwm qx|fj fi&wzfffwp|Cw Pf wGvff~ff sw f WhqNrffePwrtu|fa>f Lkfzhlos}fy*tk~YfC>fKSDfIPfZt]brE|fIhA^rVfU*tDrJfT fKivPvfhnrf4wq ffj~kf>fpq
