High_resolution/powerplant/Shangrao/OMI_NO2_201009.asc
ncols      200
nrows      200
xllcorner       115.451
yllcorner       27.0350
cellsize     0.0166667
NODATA_Value      -999.000
[rows 29 to 57 of 175, columns 132 to 197 of 200]
3.48514 3.48514 3.48514 3.48514 3.48514 3.48514 3.48514 3.48514 3.48514 3.48514 0.00000 0.00000 0.00000 0.00000 0.00000 0.00000 0.00000 0.00000 0.00000 0.00000 0.00000 0.00000 0.00000 0.00000 0.00000 0.00000 0.00000 0.00000 0.00000 0.00000 0.00000 0.00000 1.77487 1.98447 2.05720 2.30305 2.31785 2.32216 2.32216 2.32216 2.32216 2.32216 2.32216 2.32216 2.34093 2.94215 2.96875 2.96875 2.96574 2.03597 1.96498 1.96498 1.96498 2.01606 2.55893 3.25840 3.36875 2.84810 0.00000 0.00000 0.00000 0.00000 0.00000 0.00000 0.00000 0.00000
3.48514 3.48514 3.48514 3.48514 3.48514 3.48514 3.48514 3.48514 3.48514 3.48514 0.00000 0.00000 0.00000 0.00000 0.00000 0.00000 0.00000 0.00000 0.00000 0.00000 0.00000 0.00000 0.00000 0.00000 0.00000 0.00000 0.00000 1.67558 1.70564 1.91082 1.98762 2.01879 2.05257 2.06318 2.06318 2.27817 2.32216 2.32216 2.32216 2.32216 2.32216 2.32216 2.32216 2.32216 2.32216 2.70403 2.96875 2.96875 2.96875 2.33214 2.52102 3.18902 3.87298 4.54539 4.76290 4.76290 4.53967 2.96875 2.96875 0.00000 0.00000 0.00000 0.00000 2.51438 2.51438 2.51438
3.48514 3.48514 3.48514 3.48514 3.48514 3.48514 3.48514 3.48514 3.48514 3.48514 3.48514 0.00000 0.00000 0.00000 0.00000 0.00000 0.00000 0.00000 0.00000 0.00000 0.00000 0.00000 0.00000 0.00000 2.45079 2.45079 2.15128 1.99505 2.04963 2.06318 2.06318 2.06318 2.06318 2.06318 2.06318 2.19762 2.32216 2.32216 2.32216 2.32216 2.32216 2.32216 2.32216 2.32216 2.32216 2.58856 3.67973 4.15621 4.49729 4.67051 4.75777 4.76290 4.76290 4.76290 4.76290 4.73588 4.48854 2.26438 1.22340 0.00000 0.00000 0.00000 0.00000 2.51438 2.51438 2.51438
3.48514 3.48514 3.48514 3.48514 3.48514 3.48514 3.48514 3.48514 3.48514 3.48514 3.48514 0.00000 0.00000 0.00000 0.00000 0.00000 0.00000 0.00000 0.00000 0.00000 2.45079 2.45079 2.45079 2.45079 2.45079 2.45079 2.40595 2.06684 2.06318 2.06318 2.06318 2.06318 2.06318 2.06318 2.06318 2.11710 2.32216 2.32216 2.32216 2.32216 2.32216 2.39684 2.80438 3.17523 3.47937 3.81731 4.76290 4.76290 4.76290 4.76290 4.76290 4.73071 4.48502 4.20036 3.91582 3.65830 3.61323 2.32682 0.669416 0.00000 0.00000 0.00000 0.00000 2.51438 2.51438 2.51438
3.48514 3.48514 3.48514 3.48514 3.48514 3.48514 3.48514 3.48514 3.48514 3.48514 3.48514 0.00000 0.00000 0.00000 0.00000 0.00000 2.45079 2.45079 2.45079 2.45079 2.45079 2.45079 2.45079 2.45079 2.45079 2.45079 2.45079 2.11934 2.06318 2.06318 2.06318 2.06318 2.06318 2.06318 2.06318 2.06433 2.29446 2.40805 2.82077 3.18854 3.49040 3.70872 3.73379 3.73379 3.73379 3.73393 4.56619 4.72507 4.47364 4.18898 3.90444 3.65209 3.61323 3.61323 3.61323 3.61323 3.61323 3.09067 0.669416 0.669416 0.00000 0.00000 0.00000 0.00000 2.51438 2.51438
3.48514 3.48514 3.48514 3.48514 3.48514 3.48514 3.48514 3.48514 0.00000 0.00000 0.00000 0.00000 0.00000 2.45079 2.45079 2.45079 2.45079 2.45079 2.45079 2.45079 2.45079 2.45079 2.45079 2.45079 2.45079 2.45079 2.45079 2.20973 2.06318 2.06318 2.06318 2.06318 2.06318 2.06318 2.06318 2.79397 3.42419 3.71293 3.73379 3.73379 3.73379 3.73379 3.73379 3.70451 3.60321 3.54842 3.70586 3.64634 3.61323 3.61323 3.61323 3.61323 3.61323 3.61323 3.61323 3.61323 3.61323 3.55957 0.900758 0.669416 0.00000 0.00000 0.00000 0.00000 2.51438 2.51438
3.48514 3.48514 3.48514 3.48514 0.00000 0.00000 0.00000 0.00000 0.00000 0.00000 0.00000 0.00000 2.45079 2.45079 2.45079 2.45079 2.45079 2.45079 2.45079 2.45079 2.45079 2.45079 2.45079 2.45079 2.45079 2.45079 2.45079 2.34635 2.06318 2.06318 2.06318 2.06318 2.06318 2.06318 2.06318 2.90780 3.60881 3.73379 3.73379 3.72307 3.68020 3.62948 3.56914 3.53806 3.61323 3.61323 3.61323 3.61323 3.61323 3.61323 3.61323 3.61323 3.61323 3.61323 3.61323 3.61323 3.61323 3.61323 2.06884 0.669416 0.00000 0.00000 0.00000 0.00000 2.51438 2.51438
0.00000 0.00000 0.00000 0.00000 0.00000 0.00000 0.00000 0.00000 0.00000 0.00000 0.00000 0.00000 2.45079 2.45079 2.45079 2.45079 2.45079 2.45079 2.45079 2.45079 2.45079 2.45079 2.45079 2.45079 2.45079 2.45079 2.45079 2.45072 2.09240 2.06318 2.06318 2.06318 2.06318 2.06318 2.06344 2.39446 3.64609 3.72019 3.66382 3.61508 3.61323 3.61323 3.61323 3.61323 3.61323 3.61323 3.61323 3.61323 3.61323 3.61323 3.61323 3.61323 3.61323 3.61323 3.61323 3.61323 3.53107 3.11901 1.95482 0.669416 0.00000 0.00000 0.00000 0.00000 0.00000 2.51438
0.00000 0.00000 0.00000 0.00000 0.00000 0.00000 0.00000 0.00000 0.00000 0.00000 0.00000 0.00000 0.00000 2.45079 2.45079 2.45079 2.45079 2.45079 2.45079 2.45079 2.45079 2.45079 2.45079 2.45079 2.45079 2.45079 2.45079 2.45079 2.17114 2.06318 2.07296 2.08931 1.90806 1.62696 1.23288 0.848825 3.44178 3.63768 3.61323 3.61323 3.61323 3.61323 3.61323 3.61323 3.61323 3.61323 3.61323 3.61323 3.61323 3.61323 3.61323 3.61323 3.52234 3.10085 2.51251 1.68318 0.752995 0.669416 0.669416 0.669416 0.669416 0.00000 0.00000 0.00000 0.00000 2.49031
0.00000 0.00000 0.00000 0.00000 0.00000 0.00000 0.00000 0.00000 0.00000 0.00000 0.00000 0.00000 0.00000 2.45079 2.45079 2.45079 2.45079 2.45079 2.45079 2.45079 2.45079 2.45079 2.45079 2.45079 2.45079 2.45079 2.45079 2.41247 2.02128 1.64977 1.23293 0.863564 0.813124 0.813124 0.813124 0.813124 2.81337 3.66004 3.61323 3.61323 3.61323 3.61323 3.61323 3.61323 3.61323 3.61323 3.61323 3.61323 3.51182 3.08270 2.48791 1.64700 0.734627 0.669416 0.669416 0.669416 0.669416 0.669416 0.761021 1.18012 1.66157 0.00000 0.00000 0.00000 0.00000 1.29529
0.00000 0.00000 0.00000 0.00000 0.00000 0.00000 0.00000 0.00000 0.00000 0.00000 0.00000 0.00000 0.00000 2.45079 2.45079 2.45079 2.45079 2.45079 2.45079 2.45079 2.45079 2.45079 2.45079 2.42525 2.09591 1.67798 1.26054 0.881087 0.813124 0.813124 0.813124 0.813124 0.813124 0.813124 0.813124 0.813124 1.86698 3.68051 3.61482 3.61323 3.61323 3.61323 3.61323 3.61323 3.50123 3.06394 2.46216 1.60946 0.721932 0.669416 0.669416 0.669416 0.669416 0.669416 0.770978 1.19624 1.64503 2.09346 2.45046 2.47979 2.47979 0.00000 0.00000 0.00000 0.00000 1.29418
0.00000 0.00000 0.00000 0.00000 0.00000 0.00000 0.00000 0.00000 0.00000 0.00000 0.00000 0.00000 0.00000 0.00000 2.45079 2.45079 2.45079 2.45079 2.45079 2.43556 2.12883 1.71106 1.29345 0.901231 0.813124 0.813124 0.813124 0.813124 0.813124 0.813124 0.813124 0.813124 0.813124 0.813124 0.813124 0.813124 0.858711 3.54550 3.63246 3.61323 3.49041 3.04540 2.43665 1.57175 0.708020 0.669416 0.669416 0.669416 0.669416 0.669416 0.783289 1.21253 1.66096 2.10957 2.45644 2.47979 2.47979 2.47979 2.47979 2.47979 2.47979 2.47979 0.00000 0.00000 0.00000 0.00000
0.00000 0.00000 0.00000 0.00000 0.00000 0.00000 0.00000 0.00000 0.00000 0.00000 0.00000 0.00000 0.00000 0.00000 2.45079 2.44326 2.16175 1.74398 1.32653 0.923831 0.813124 0.813124 0.813124 0.813124 0.813124 0.813124 0.813124 0.813124 0.813124 0.813124 0.813124 0.813124 0.813124 0.813124 0.813124 0.813124 0.813124 2.47669 2.46935 1.53433 0.695792 0.669416 0.669416 0.669416 0.669416 0.669416 0.794332 1.22900 1.67743 2.12604 2.46078 2.47979 2.47979 2.47979 2.47979 2.47979 2.47979 2.47979 2.47979 2.47979 2.47979 2.47979 0.00000 0.00000 0.00000 0.00000
0.00000 0.00000 0.00000 0.00000 0.00000 0.00000 0.00000 0.00000 0.00000 0.00000 0.00000 0.00000 0.00000 0.00000 1.42697 0.949214 0.813124 0.813124 0.813124 0.813124 0.813124 0.813124 0.813124 0.813124 0.813124 0.813124 0.813124 0.813124 0.813124 0.813124 0.813124 0.813124 0.813124 0.813124 0.813124 0.813124 0.813124 0.813124 0.796829 0.669876 0.669416 0.669416 0.807005 1.24512 1.69354 2.14216 2.46567 2.47979 2.47979 2.47979 2.47979 2.47979 2.47979 2.47979 2.47979 2.47979 2.47979 2.47979 2.47979 2.47979 2.47979 2.47979 0.00000 0.00000 0.00000 0.00000
0.00000 0.00000 0.00000 0.00000 0.00000 0.00000 0.00000 0.00000 0.00000 0.00000 0.00000 0.00000 0.00000 0.00000 0.813124 0.813124 0.813124 0.813124 0.813124 0.813124 0.813124 0.813124 0.813124 0.813124 0.813124 0.813124 0.813124 0.813124 0.813124 0.813124 0.813124 0.813124 0.813124 0.813124 0.813124 0.813124 0.813124 0.813124 0.897345 1.23391 1.71002 2.15845 2.46911 2.47979 2.47979 2.47979 2.47979 2.47979 2.47979 2.47979 2.47979 2.47979 2.47979 2.47979 2.47979 2.47979 2.47979 2.47979 2.47979 2.47979 2.47979 2.47979 2.47979 0.00000 0.00000 0.00000
0.00000 0.00000 0.00000 0.00000 0.00000 0.00000 0.00000 0.00000 0.00000 0.00000 0.00000 0.00000 0.00000 0.00000 0.00000 0.813124 0.813124 0.813124 0.813124 0.813124 0.813124 0.813124 0.813124 0.813124 0.813124 0.813124 0.813124 0.813124 0.813124 0.813124 0.813124 0.813124 0.813124 0.813124 0.883132 1.14269 1.41254 1.68240 1.86801 2.17182 2.47979 2.47979 2.47979 2.47979 2.47979 2.47979 2.47979 2.47979 2.47979 2.47979 2.47979 2.47979 2.47979 2.47979 2.47979 2.47979 2.47979 2.47979 2.47979 2.47979 2.47979 2.47979 2.47979 0.00000 0.00000 0.00000
0.00000 0.00000 0.00000 0.00000 0.00000 0.00000 0.00000 0.00000 0.00000 0.00000 0.00000 0.00000 0.00000 0.00000 0.00000 0.813124 0.813124 0.813124 0.813124 0.813124 0.813124 0.813124 0.813124 0.813124 0.813124 0.813124 0.813124 0.813124 0.810571 0.768823 0.781293 1.12370 1.39344 1.66340 1.86345 1.87384 1.87384 1.87384 1.87384 1.98427 2.47979 2.47979 2.47979 2.47979 2.47979 2.47979 2.47979 2.47979 2.47979 2.47979 2.47979 2.47979 2.47979 2.47979 2.47979 2.47979 2.47979 2.47979 2.47979 2.47979 2.47979 2.27888 1.71793 0.00000 0.00000 0.00000
0.00000 0.00000 0.00000 0.00000 0.00000 0.00000 0.00000 0.00000 0.00000 0.00000 0.00000 0.00000 0.00000 0.00000 0.00000 0.813124 0.813124 0.813124 0.813124 0.813124 0.813124 0.813124 0.813124 0.813124 0.797639 0.750009 0.745129 0.857905 0.958814 1.08081 1.18941 1.75954 1.87384 1.87384 1.87384 1.87384 1.87384 1.87384 1.87384 1.87457 2.40202 2.47979 2.47979 2.47979 2.47979 2.47979 2.47979 2.47979 2.47979 2.47979 2.47979 2.47979 2.47979 2.47979 2.47979 2.47979 2.47979 2.26042 1.71265 1.16177 0.610887 0.260913 0.254906 0.254906 0.00000 0.00000
0.00000 0.00000 0.00000 0.00000 0.00000 0.00000 0.00000 0.00000 0.00000 0.00000 0.00000 0.00000 0.00000 0.00000 0.00000 0.00000 0.813124 0.813124 0.813124 0.812651 0.776771 0.733780 0.724971 0.829645 0.938460 1.07132 1.18360 1.19548 1.19548 1.19548 1.19548 1.50046 1.87384 1.87384 1.87384 1.87384 1.87384 1.87384 1.87384 1.87384 2.21512 2.47979 2.47979 2.47979 2.47979 2.47979 2.47979 2.47979 2.47979 2.47979 2.47979 2.47979 2.47979 2.24128 1.69174 1.14085 0.589751 0.258243 0.254906 0.254906 0.254906 0.254906 0.254906 0.254906 0.00000 0.00000
0.00000 0.00000 0.00000 0.00000 0.00000 0.00000 0.00000 0.00000 0.00000 0.00000 0.00000 0.00000 0.00000 0.00000 0.00000 0.517111 0.691215 0.719665 0.707841 0.804378 0.926903 1.06177 1.17925 1.19548 1.19548 1.19548 1.19548 1.19548 1.19548 1.19548 1.19548 1.32758 1.87384 1.87384 1.87384 1.87384 1.87384 1.87384 1.87384 1.87384 2.02753 2.47979 2.47979 2.47979 2.47979 2.47979 2.47979 2.47979 2.47979 2.22148 1.67082 1.11994 0.568615 0.256241 0.254906 0.254906 0.254906 0.254906 0.254906 0.254906 0.254906 0.254906 0.254906 0.254906 0.00000 0.00000
0.00000 0.00000 0.00000 0.00000 0.00000 0.00000 0.00000 0.00000 0.00000 0.00000 0.00000 1.10505 0.734066 0.517111 0.544229 0.837714 1.08799 1.05901 1.17423 1.19548 1.19548 1.19548 1.19548 1.19548 1.19548 1.19548 1.19548 1.19548 1.19548 1.19548 1.19548 1.21437 1.84373 1.87384 1.87384 1.87384 1.87384 1.87384 1.87384 1.87384 1.88336 2.43634 2.47979 2.47979 2.47979 2.20057 1.64969 1.09880 0.547701 0.255129 0.254906 0.254906 0.254906 0.254906 0.254906 0.254906 0.254906 0.254906 0.254906 0.254906 0.254906 0.254906 0.254906 0.254906 0.00000 0.00000
0.00000 0.00000 0.00000 0.00000 0.00000 0.00000 1.10505 1.10505 1.10505 1.10505 1.10759 1.27555 1.32460 1.25389 1.39268 1.42251 1.42251 1.26153 1.19548 1.19548 1.19548 1.19548 1.19548 1.19548 1.19548 1.19548 1.19548 1.19548 1.19548 1.19548 1.19548 1.19548 1.59158 1.87384 1.87384 1.87384 1.87384 1.87384 1.87384 1.87384 1.87374 2.00215 1.62877 1.07789 0.526787 0.254906 0.254906 0.254906 0.254906 0.254906 0.254906 0.254906 0.254906 0.254906 0.254906 0.254906 0.254906 0.254906 0.254906 0.254906 0.254906 0.254906 0.254906 0.254906 0.254906 0.00000
0.00000 0.00000 1.10505 1.10505 1.10505 1.10505 1.10505 1.23058 1.43920 1.58131 1.68369 1.71648 1.69628 1.42691 1.42251 1.42251 1.42251 1.33256 1.19548 1.19548 1.19548 1.19548 1.19548 1.19548 1.19548 1.19548 1.19548 1.19548 1.19548 1.19548 1.19548 1.19548 1.38865 1.87384 1.87384 1.87384 1.87384 1.75534 1.49615 1.23686 0.977671 0.659956 0.254906 0.254906 0.254906 0.254906 0.254906 0.254906 0.254906 0.254906 0.254906 0.254906 0.254906 0.254906 0.254906 0.254906 0.254906 0.254906 0.254906 0.254906 0.254906 0.254906 0.254906 0.254906 0.254906 0.00000
1.10505 1.10505 1.10505 1.18909 1.40694 1.55872 1.66758 1.71629 1.71648 1.71648 1.71648 1.71648 1.71648 1.49367 1.42251 1.42251 1.42251 1.40156 1.19732 1.19548 1.19548 1.19548 1.19548 1.19548 1.19548 1.19548 1.19548 1.19548 1.19548 1.19548 1.19548 1.20226 1.33521 1.77285 1.51529 1.25610 0.996708 0.856016 0.855812 0.855812 0.855812 0.827089 0.272993 0.254906 0.254906 0.254906 0.254906 0.254906 0.254906 0.254906 0.254906 0.254906 0.254906 0.254906 0.254906 0.254906 0.254906 0.254906 0.254906 0.254906 0.254906 0.277903 0.359465 0.421361 0.610304 1.35009
1.37240 1.53472 1.64994 1.71399 1.71648 1.71648 1.71648 1.71648 1.71648 1.71648 1.71648 1.71648 1.71648 1.58077 1.42251 1.42251 1.42251 1.42251 1.24713 1.19548 1.19548 1.19548 1.19548 1.19548 1.19548 1.19548 1.19548 1.22418 1.31721 1.38263 1.33489 1.24742 1.01585 0.857645 0.855812 0.855812 0.855812 0.855812 0.855812 0.855812 0.855812 0.855812 0.429434 0.254906 0.254906 0.254906 0.254906 0.254906 0.254906 0.254906 0.254906 0.254906 0.254906 0.254906 0.254906 0.254906 0.254906 0.254906 0.254906 0.254906 0.254906 0.470084 0.775860 1.06797 1.29945 1.71681
1.71648 1.71648 1.71648 1.71648 1.71648 1.71648 1.71648 1.71648 1.71648 1.71648 1.71648 1.71648 1.71648 1.66771 1.42251 1.42251 1.42251 1.42251 1.31810 1.19548 1.19548 1.19548 1.19841 1.26065 1.36565 1.45425 1.42068 1.29247 1.03519 0.860393 0.855812 0.855812 0.855812 0.855812 0.855812 0.855812 0.855812 0.855812 0.855812 0.855812 0.855812 0.855812 0.614549 0.254906 0.254906 0.254906 0.254906 0.254906 0.254906 0.254906 0.254906 0.254906 0.254906 0.254906 0.254906 0.254906 0.254906 0.367986 1.00598 1.77561 2.10836 2.00424 1.47981 1.47775 1.47775 1.69747
1.71648 1.71648 1.71648 1.71648 1.71648 1.71648 1.71648 1.71648 1.71648 1.71648 1.71648 1.71648 1.71648 1.71633 1.46098 1.42251 1.42251 1.42251 1.41407 1.30228 1.42039 1.53586 1.51390 1.31352 1.05431 0.865076 0.855812 0.855812 0.855812 0.855812 0.855812 0.855812 0.855812 0.855812 0.855812 0.855812 0.855812 0.855812 0.855812 0.855812 0.855812 0.855812 0.796148 0.258511 0.254906 0.254906 0.254906 0.254906 0.254906 0.254906 0.254906 0.254906 0.277458 0.678686 1.24775 1.86880 2.10836 2.10836 2.10836 2.10836 2.10836 2.10836 1.54837 1.47775 1.47775 1.61736
1.71648 1.71648 1.71648 1.71648 1.71648 1.71648 1.71648 1.71648 1.71648 1.71648 1.71648 1.71648 1.71648 1.71651 1.59868 1.62728 1.80566 2.06113 2.38357 1.54755 1.07347 0.870574 0.855812 0.855812 0.855812 0.855812 0.855812 0.855812 0.855812 0.855812 0.855812 0.855812 0.855812 0.855812 0.855812 0.855812 0.855812 0.855812 0.855812 0.855812 0.855812 0.855812 0.855812 0.383860 0.254906 0.254906 0.254906 0.254906 0.254906 0.254906 0.254906 0.254906 2.10836 2.10836 2.10836 2.10836 2.10836 2.10836 2.10836 2.10836 2.10836 2.10836 1.67347 1.47775 1.47775 1.51643
1.71648 1.71648 1.71648 1.71648 1.71648 1.71648 1.71648 1.71648 1.71648 1.71689 1.72103 1.72605 1.73108 1.73844 1.86857 2.46034 2.53139 2.59201 2.59950 1.68592 0.855812 0.855812 0.855812 0.855812 0.855812 0.855812 0.855812 0.855812 0.855812 0.855812 0.855812 0.855812 0.855812 0.855812 0.855812 0.855812 0.855812 0.855812 0.855812 0.855812 0.855812 0.855812 0.855812 0.572319 0.254906 0.254906 0.254906 0.254906 0.00000 0.00000 0.00000 0.00000 2.10836 2.10836 2.10836 2.10836 2.10836 2.10836 2.10836 2.10836 2.10836 2.10836 1.85282 1.47775 1.48384 1.60999
