High_resolution/powerplant/Shangrao/OMI_NO2_200512.asc
ncols      200
nrows      200
xllcorner       115.451
yllcorner       27.0350
cellsize     0.0166667
NODATA_Value      -999.000
[rows 58 to 86 of 164, columns 0 to 66 of 200]
4.00352 3.96931 3.81605 3.41995 3.32348 3.20189 3.14070 3.18311 3.16552 3.15118 3.15004 3.43883 3.59587 3.65108 3.70560 3.73458 3.72701 3.88442 3.82534 3.82012 3.81653 3.95162 3.84955 3.74141 4.14727 4.38121 4.44571 4.51336 4.85506 5.68719 5.89151 5.98180 6.06215 6.12512 6.22918 6.69322 7.25066 7.79753 8.16599 8.48924 8.59706 8.74135 8.95685 9.29956 9.70414 9.96191 10.0369 9.80307 10.0038 10.2655 10.2655 10.3720 10.1503 10.1324 10.1324 10.1324 10.1324 10.1324 10.1516 10.2189 10.2884 10.5302 10.8019 10.7384 10.6648 10.7018 10.7018
3.56232 3.66315 3.64425 3.45750 3.26318 3.20141 3.09895 3.10295 3.16041 3.22170 3.27090 3.45875 3.64709 3.64709 3.64709 3.64709 3.64405 3.74520 3.77474 3.75133 3.75133 3.84482 3.86369 3.83582 4.17824 4.71796 4.93872 5.10735 5.39567 6.35601 7.04022 7.36699 7.63737 7.98216 8.39556 8.48766 8.53489 8.87747 9.05741 9.30329 9.55004 9.70728 9.84019 9.94457 10.0345 10.1798 10.1800 9.81536 9.94166 10.2403 10.2655 10.3214 10.2627 10.1324 10.1690 10.2385 10.3081 10.3776 10.4278 10.4301 10.4301 10.5185 10.8120 10.8105 10.6354 10.7018 10.6880
3.63152 3.67570 3.68880 3.57352 3.36934 3.39829 3.28701 3.30875 3.29614 3.29614 3.29614 3.37144 3.64709 3.64709 3.64709 3.64709 3.64510 3.67426 3.78300 3.72252 3.77540 3.94041 4.36214 4.71393 5.02043 5.72897 5.93687 6.14241 6.34132 7.31080 8.33573 8.33755 8.40387 8.45151 8.76644 9.02637 9.27965 9.66607 9.83044 9.83883 9.83883 9.83883 9.83992 9.93889 9.99433 10.1468 10.1818 9.91183 9.92799 10.1584 10.3155 10.3820 10.5527 10.3972 10.4301 10.4301 10.4301 10.4301 10.4301 10.4301 10.4301 10.4430 10.7998 10.7769 10.4705 10.2112 10.0566
3.57191 3.47553 3.45917 3.39184 3.47424 3.48843 3.34066 3.31025 3.29614 3.29614 3.29614 3.30919 3.60244 3.59022 3.59105 3.61811 3.68512 3.94987 4.13790 4.17263 4.22901 4.43287 5.20184 5.51928 5.78439 6.48613 6.52531 6.54986 6.54986 7.09992 8.32740 8.76818 9.06951 9.31746 9.52424 9.57765 9.57765 9.70654 9.83883 9.83883 9.83883 9.83883 9.83883 9.91637 9.96448 10.1142 10.2493 10.1672 10.0801 10.3179 10.5301 10.5301 10.6931 10.4301 10.4301 10.4301 10.4301 10.4334 10.4336 10.4056 10.3713 10.3362 10.5795 10.5833 10.2894 9.87407 9.83738
3.36120 3.27425 3.34640 3.30993 3.32181 3.32877 3.19302 3.07804 3.04156 3.08037 3.10594 3.12493 3.52069 3.65258 3.62380 3.58780 3.71715 4.26516 4.53615 4.88109 5.02562 5.03218 5.51198 5.73384 5.86149 6.34780 6.58739 6.93057 7.21807 7.84692 8.84000 9.33516 9.36473 9.41201 9.48228 9.57765 9.57765 9.63620 9.83883 9.83883 9.83883 9.86954 9.97292 10.1332 10.2916 10.3280 10.4460 10.4170 10.1263 10.2454 10.5301 10.6144 10.9609 10.5239 10.4111 10.3703 10.3019 10.2238 10.1261 10.0280 9.93586 9.84492 9.80478 9.75506 9.66642 9.04418 8.91651
3.22287 3.13181 3.01193 2.94226 2.89527 2.92076 2.92468 3.16965 3.14344 3.07445 3.01894 3.05577 3.47461 3.99051 4.20294 4.39584 4.43051 4.73374 4.86214 4.99711 5.03218 5.03204 5.37201 5.81421 6.09467 6.53576 6.89090 7.30264 7.54746 7.78610 8.53351 9.33516 9.34644 9.41201 9.43774 9.57765 9.57765 9.62615 9.97372 10.0940 10.1973 10.2699 10.2699 10.2831 10.2977 10.2935 10.5278 10.7475 10.6455 10.8003 11.2325 11.3061 11.3474 10.5588 9.92625 9.83383 9.76202 9.69661 9.65407 9.63996 9.62636 9.62152 9.58813 9.51254 9.54465 8.72266 8.30206
3.07483 2.98340 2.76408 2.68462 2.46771 2.48191 2.48243 3.09047 3.25079 3.39814 3.54992 3.61635 3.81968 4.42088 4.43051 4.43051 4.43051 4.63240 4.83168 5.03256 5.23234 5.33494 5.53786 6.04097 6.18368 6.42197 6.88923 7.09859 7.53966 7.62589 8.26905 9.26612 9.33249 9.47379 9.59975 9.86907 10.0102 10.0871 10.2864 10.4251 10.6131 10.8149 11.0433 11.3365 11.6201 11.9136 12.1269 12.3528 11.9887 11.7692 11.5902 11.4644 11.3892 10.3903 9.42280 9.44894 9.48173 9.51458 9.54734 9.58013 9.61289 9.63652 9.61804 9.49145 9.49145 8.58411 7.66486
3.00319 2.99973 2.86089 2.96444 2.75162 2.93519 3.09432 3.48735 3.62274 3.61635 3.61660 3.62137 3.73763 4.33559 4.46741 4.49829 4.52915 4.66163 5.02454 5.38252 5.75092 5.80053 5.85644 6.48959 6.66946 6.83506 6.95107 6.98994 7.60497 7.70545 8.53964 9.57050 10.0722 10.1885 10.3258 10.5829 10.7960 10.9548 11.4618 12.1306 12.3207 12.4980 12.6648 12.8059 12.9158 13.0347 12.9888 12.6978 12.4765 11.8967 11.8599 11.7392 11.7389 11.0027 9.63782 9.63748 9.63748 9.63748 9.63748 9.63748 9.63748 9.67182 9.75153 9.69856 9.76581 9.35442 7.97704
3.55607 3.71327 3.59474 3.48411 3.22860 3.13146 3.20468 3.44958 3.85357 4.06395 4.09792 4.12068 4.19095 4.80191 5.05934 5.05934 5.05934 5.07207 5.46413 5.58518 6.03890 6.05355 6.05355 6.47690 6.72011 6.97669 7.16460 7.28702 7.92013 8.26407 8.98441 9.88772 10.7845 11.1372 11.4453 11.7323 12.0735 12.2769 12.4649 13.0471 13.1703 13.2960 13.3638 13.3853 13.2829 13.2045 13.1394 12.7884 12.7239 11.9993 11.9491 11.7452 11.7431 11.2829 9.87538 9.63748 9.63920 9.69407 9.77413 9.85423 9.93425 9.98001 9.98021 9.87888 9.83418 9.66309 8.26669
3.83014 3.83021 3.73682 3.53470 3.38144 3.14208 3.21648 3.28782 3.80190 4.18210 4.17531 4.17531 4.17605 4.65013 5.05934 5.05934 5.05934 5.05934 5.37584 5.47893 5.96915 6.11719 6.20858 6.64609 7.23514 7.70122 7.98335 8.23840 8.84977 9.60147 10.4669 11.5148 12.1494 12.2182 12.3458 12.3614 12.5830 12.6569 12.6968 13.2810 13.3172 13.2742 13.2734 13.2734 13.2447 13.2009 13.1655 12.9090 12.7316 12.2191 11.9702 11.7887 11.7525 11.4766 10.4497 9.87661 9.95502 9.98021 9.98021 9.98021 9.98021 9.98021 9.98021 9.91096 9.83418 9.72989 8.55738
3.83029 3.83100 3.84033 3.63365 3.62525 3.32053 3.19949 3.14559 3.62503 4.15359 4.17531 4.17531 4.17531 4.48447 5.00443 5.06486 5.12769 5.34159 5.80705 6.22796 6.73216 7.15466 7.36400 7.65340 8.57494 9.09602 9.63009 9.96561 10.1330 10.7138 11.0209 11.8794 12.1616 12.2759 12.4622 12.5113 12.6449 12.6470 12.6470 13.0283 13.2734 13.2734 13.2734 13.2734 13.2609 13.2009 13.1913 13.0299 12.7552 12.5192 12.1865 12.1093 12.0753 11.8572 11.0112 9.98021 9.98021 9.98021 9.98021 9.98021 9.95989 9.89252 9.76684 9.60013 9.36192 9.29699 8.52950
3.96443 4.01525 4.03387 3.81490 3.74004 3.40860 3.26692 3.17180 3.55949 4.19032 4.38054 4.45970 4.64270 5.14793 5.95114 6.42257 6.68067 6.79265 6.92761 7.36969 7.78691 8.52381 8.79128 8.95805 9.51027 9.68710 9.97715 10.0591 10.0722 10.6506 10.8727 12.0009 12.1831 12.3057 12.4180 12.4633 12.5625 12.6470 12.6470 12.8598 13.2734 13.2734 13.2734 13.2734 13.2829 13.2375 13.2555 13.3698 13.1110 12.9927 12.3485 12.2493 12.0858 11.9974 11.3057 9.97071 9.91246 9.85434 9.73329 9.62290 9.54853 9.50537 9.51008 9.51154 9.57018 9.59837 9.16174
4.17750 4.25879 4.34060 4.25673 4.09698 3.93281 3.89946 3.99476 4.34068 4.97473 5.43696 5.64821 5.75568 5.99203 6.79371 7.43751 7.73834 8.03467 8.29456 8.50143 8.50664 8.88247 8.96078 8.96078 9.34020 9.74591 10.2474 10.5501 10.7254 10.7913 10.8202 11.8222 12.0750 12.3057 12.3802 12.4633 12.5129 12.6470 12.6470 12.6960 13.2823 13.3093 13.3315 13.3538 13.3691 13.3123 13.2856 13.3659 13.1816 12.8602 12.0866 11.6700 11.2407 11.0284 10.3763 9.80225 9.61055 9.55260 9.55234 9.54166 9.51520 9.50452 9.50452 9.49892 9.71994 9.75609 9.51976
4.71931 4.88532 5.11023 5.26572 5.11468 5.28146 5.26421 5.21719 5.27300 5.56220 6.21204 6.48619 6.76020 7.12247 7.89581 8.30126 8.31458 8.31458 8.31458 8.46469 8.51168 8.87150 9.25336 9.43484 9.80739 10.3100 10.5282 10.7328 10.7612 10.7733 10.8203 11.5637 12.0120 12.3023 12.3606 12.4870 12.5145 12.7128 12.7333 12.7103 13.1683 13.2407 13.1727 12.9798 12.7629 12.4124 11.9508 11.5743 11.1936 10.6487 10.3604 10.1216 10.1563 10.1245 9.94685 9.55264 9.15654 9.11292 9.07373 9.03503 8.99606 8.95720 8.91846 8.88492 8.97903 9.04979 8.99105
5.81896 5.88222 5.89085 5.89889 5.63940 5.81025 6.01852 6.19879 6.37434 6.61801 7.10751 7.11101 7.11101 7.11388 7.82375 8.19380 8.32331 8.41433 8.54649 8.79064 9.01034 9.29047 9.85189 9.88995 9.96169 10.6002 10.7620 11.0748 11.1424 11.1769 11.2633 11.3324 11.2895 11.4597 11.5316 11.6430 11.6119 11.7226 11.7823 11.8280 11.7516 11.3289 10.9776 10.7395 10.5224 10.3080 10.1094 10.0113 10.0543 9.68127 9.57485 9.35374 9.42664 9.59073 9.56864 9.38460 8.84307 8.84307 8.84307 8.84307 8.84307 8.84307 8.84307 8.84261 8.84780 8.85339 8.72689
5.99976 6.27500 6.54831 6.82161 6.88590 6.83024 6.77829 6.75129 6.63068 6.68240 7.43096 7.57855 7.62581 7.73852 8.48396 9.05577 9.43484 9.48485 9.49385 9.55308 9.68486 9.70357 10.3274 10.3590 10.3590 10.8510 11.0214 11.3658 11.4366 11.4564 11.5116 11.4682 11.1865 11.3421 11.5562 11.6885 11.6095 11.4942 11.3398 11.1358 10.8028 10.3199 10.3184 10.2569 10.1719 10.0622 9.84350 9.81068 9.88015 9.73444 9.61875 9.29780 9.27066 9.54861 9.54795 9.52787 8.87411 8.84307 8.84307 8.83557 8.74912 8.64193 8.53456 8.42770 8.40320 8.52335 8.52335
7.31067 7.35041 7.38753 7.42475 7.34715 7.18482 7.18844 7.16170 7.00738 7.06644 7.72639 8.06925 8.14735 8.16020 8.62420 9.12192 9.49491 9.49491 9.49491 9.50832 9.68361 9.68486 10.1587 10.3650 10.3925 10.7462 11.1473 11.4460 11.6718 11.7775 11.8755 11.7881 11.1609 10.9840 11.3070 11.1026 10.9972 10.9974 10.9776 10.9159 10.7952 10.1204 9.99849 9.96007 9.94527 9.94527 9.81646 9.79096 9.83651 9.83297 9.62284 9.40211 9.21466 9.52179 9.54859 9.52455 8.93520 8.61150 8.50418 8.40440 8.38344 8.38344 8.38344 8.38344 8.38410 8.51282 8.52335
7.54661 7.54661 7.54661 7.54661 7.51578 7.30226 7.35787 7.37280 7.36784 7.32526 7.72780 8.16020 8.16020 8.16020 8.44969 9.05772 9.43340 9.49491 9.49491 9.51018 9.87140 10.2266 10.7800 11.3886 11.6276 11.7945 11.6439 11.5566 11.5411 11.2777 11.0300 11.0076 10.6549 10.5753 11.1257 11.1337 10.8521 10.7391 10.6112 10.5584 10.5480 10.1117 9.94527 9.94527 9.94527 9.94527 9.85082 9.79096 9.79751 9.91697 9.63301 9.45147 9.10129 9.19944 9.22042 9.14268 8.81554 8.38344 8.38344 8.38344 8.38344 8.38344 8.38344 8.30527 8.09991 7.89246 7.62471
7.55105 7.60793 7.68002 7.75205 7.81737 7.56135 7.51480 7.45204 7.41680 7.32902 7.55095 8.18174 8.20874 8.23569 8.40936 9.40688 9.93055 10.3935 10.6727 10.9749 11.4366 11.6508 11.4641 11.3528 11.0932 10.8446 10.5874 10.6134 10.9267 10.9510 10.9510 10.9669 10.6153 10.3317 10.5793 10.8052 10.5716 10.5682 10.5549 10.5480 10.5480 10.2742 9.94527 9.94527 9.94527 9.94527 9.88543 9.81029 9.83976 9.73739 9.36160 9.17575 8.85788 8.93150 9.14005 9.13785 9.00706 8.38344 8.30363 8.13906 7.94863 7.69975 7.42604 7.17945 6.96682 6.76211 6.56715
7.86009 7.87686 7.88022 7.92115 7.97753 7.79802 7.66840 7.64885 7.64687 7.63017 7.88807 8.88128 9.12339 9.36162 9.60989 10.6596 10.8831 11.0294 10.7987 10.5301 10.4298 10.5500 10.5309 10.6413 10.7029 10.7029 10.6187 10.5755 10.8099 10.8565 10.8057 10.6951 10.4041 10.1423 10.3127 10.8110 10.6170 10.5682 10.5603 10.5480 10.5480 10.4365 9.94678 9.96946 9.99893 10.0284 10.0316 9.91370 9.91247 9.73124 9.36112 9.12684 8.71264 8.38932 8.38597 8.05888 7.67642 7.22115 6.96639 6.77837 6.53216 6.33333 6.15850 6.03472 6.00451 6.07170 6.26818
8.20044 8.25494 8.30756 8.32725 8.44041 8.39986 8.22065 8.36693 8.54957 8.63977 8.70846 9.61178 9.73859 9.58379 9.40123 9.92642 9.99309 10.0080 10.0105 10.0105 10.0632 10.5305 10.5309 10.5870 10.6837 10.6330 10.5318 10.4103 10.5676 10.7729 10.7729 10.7539 10.4963 10.1423 10.1571 10.7746 10.6539 10.5243 10.5025 10.4874 10.4941 10.4980 9.95677 9.88712 9.86427 9.83425 9.72235 9.37966 9.22342 9.05443 8.53608 8.10654 7.43170 6.66454 6.67262 6.49023 6.24653 6.11813 5.99680 5.88752 5.81443 5.74145 5.66822 5.59537 5.52211 5.45972 5.54884
8.65079 8.81103 8.97113 9.15007 9.27346 9.27257 8.78408 8.74857 8.75885 8.53639 8.27435 8.76500 9.00633 9.00516 9.00516 9.49933 9.94508 9.99126 10.0105 10.0173 10.0498 10.5323 10.6402 10.6221 10.4767 10.4309 10.3692 10.2160 10.2357 10.4778 10.4347 10.3886 10.1806 9.83077 9.80327 10.2632 10.4143 10.2730 10.2928 10.2719 10.1369 9.91903 9.46358 9.22945 9.11583 9.00720 8.99751 8.83723 8.77916 8.72367 8.27322 7.83212 7.26653 6.01120 5.59337 5.47579 5.35608 5.29023 5.22485 5.16527 5.15437 5.15437 5.15437 5.15437 5.15437 5.15437 5.26794
9.26662 9.34497 9.42346 9.38831 9.20777 9.02430 8.29000 7.94842 8.07082 8.09799 7.98848 8.34090 8.76467 8.71942 8.67406 8.93088 9.51153 9.52308 9.54526 9.52256 9.47432 9.74594 9.89288 9.84565 9.78201 9.79002 9.79002 9.68282 9.66722 9.96518 10.0142 10.0432 9.97734 9.82667 9.76042 9.82573 10.0013 9.54260 9.31036 9.07506 8.97584 8.98268 8.98529 8.98343 8.96863 8.91957 8.82105 8.61150 8.40955 8.38498 8.16810 7.80618 7.43076 5.81052 5.17382 5.21104 5.16293 5.15437 5.15437 5.15437 5.15437 5.15437 5.14017 5.05452 4.95909 4.86371 4.82305
9.11516 8.92025 8.72546 8.62099 8.60867 8.59554 8.21978 7.83700 7.92371 7.99318 7.89296 7.94601 8.30385 8.33896 8.37008 8.51704 9.25998 9.26843 9.32543 9.32545 9.32545 9.52282 9.84580 9.84580 9.78761 9.79002 9.81559 9.80751 9.80148 9.81556 9.71114 9.48490 9.19136 8.69470 8.53276 8.70133 9.24769 9.08734 9.07976 9.01638 8.88765 8.86799 8.79192 8.72371 8.65913 8.62800 8.64646 8.58319 8.40554 8.40554 8.30602 7.92207 7.57785 6.21103 5.28619 5.21054 5.17453 5.15437 5.12118 5.02698 4.93159 4.83617 4.75498 4.74516 4.74516 4.74516 4.77623
8.52021 8.52018 8.52018 8.52018 8.52018 8.52018 8.31102 7.84778 7.94342 8.16732 8.12815 7.99322 8.35588 8.39619 8.39619 8.40280 9.21199 9.25998 9.31499 9.32545 9.32545 9.39778 9.87711 9.88357 9.76414 9.69020 9.59809 9.25761 8.52056 8.59137 8.83979 8.93332 9.04486 8.91102 8.83087 8.83087 9.15696 9.11426 8.98450 8.90723 8.68844 8.63715 8.64865 8.65228 8.65228 8.65228 8.65228 8.63635 8.40712 8.40554 8.40084 8.00552 7.66691 6.66344 5.42173 5.04440 4.93586 4.80867 4.74647 4.74516 4.74516 4.74516 4.74516 4.74516 4.74516 4.74516 4.68936
8.52018 8.52018 8.52018 8.53563 8.61899 8.71027 8.70969 8.25786 8.15299 8.32322 8.28794 7.97719 8.26866 8.39619 8.39750 8.41569 9.07940 9.32325 9.31831 9.32681 9.30600 9.28301 9.27461 9.15400 9.15508 9.42600 9.54918 9.60170 8.91469 8.95610 9.15962 9.16783 9.16783 9.02392 8.79070 8.72533 8.87498 8.92936 8.81746 8.81941 8.68880 8.65228 8.65228 8.65228 8.65228 8.65228 8.65228 8.65228 8.44610 8.40355 8.37857 7.99562 7.50551 6.76697 5.27141 4.77429 4.78857 4.74516 4.74516 4.74516 4.74516 4.67817 4.54805 4.39896 4.23447 4.06040 3.93000
9.04830 9.18072 9.30556 9.41484 9.45167 9.48019 9.49958 9.00789 8.82246 9.02027 9.12842 8.86545 9.00472 9.19687 9.16617 9.15361 9.11321 9.03432 9.02699 9.03872 9.07340 9.12662 9.24949 9.36451 9.44297 9.74423 9.77608 9.77608 9.14757 8.94826 9.06068 8.98266 8.83571 8.70470 8.60750 8.59969 8.70204 8.96966 8.81941 8.81941 8.73370 8.65228 8.65228 8.65228 8.65228 8.64812 8.62033 8.58884 8.40604 8.28112 8.27461 8.03461 7.49026 7.02093 5.57553 4.77758 4.66374 4.45438 4.29784 4.11899 3.89418 3.73495 3.64204 3.57615 3.52572 3.48484 3.46787
9.71154 9.73772 9.71699 9.69629 9.67556 9.65486 9.63583 9.44098 9.02285 8.97558 9.00856 8.72943 8.57387 8.95000 8.94250 8.87467 8.80025 8.75441 8.71861 9.33184 9.38261 9.38261 9.40591 9.43896 9.43896 9.65909 9.74954 9.63054 9.08588 8.49063 8.47685 8.60169 8.60169 8.60481 8.62684 8.59969 8.60955 8.97247 8.83892 8.81941 8.77691 8.63473 8.59562 8.55490 8.51423 8.47765 8.46471 8.45546 8.29430 8.02109 7.99533 7.84874 6.98018 6.37704 5.00597 3.97015 3.61375 3.50145 3.42862 3.39138 3.39991 3.40987 3.41667 3.41106 3.36654 3.31337 3.26016
9.55005 9.62050 9.51641 9.40010 9.28349 9.15888 9.03463 8.93809 8.73220 8.71933 8.83875 8.70631 8.35470 8.69427 8.68362 8.66120 8.66120 8.66120 8.66120 9.15896 9.38261 9.38261 9.36958 9.35401 9.29115 9.35957 9.31525 9.27167 9.06371 8.34760 8.36059 8.55280 8.53777 8.52157 8.52850 8.50067 8.48753 8.73419 8.69967 8.59440 8.54801 8.36365 8.35012 8.38067 8.36890 8.33847 8.27967 8.09078 7.79267 7.16608 6.94761 6.80154 6.19151 5.73731 4.73519 3.62811 3.23748 3.19753 3.15011 3.09831 3.04641 2.99461 2.94275 2.89557 2.88699 2.88699 2.88699
