High_resolution/powerplant/Shangrao/OMI_NO2_200904.asc
ncols      200
nrows      200
xllcorner       115.451
yllcorner       27.0350
cellsize     0.0166667
NODATA_Value      -999.000
[rows 29 to 57 of 164, columns 67 to 133 of 200]
5.27855 5.23807 5.03148 4.77561 4.82753 4.72489 4.72468 4.72537 4.73413 4.66052 4.33953 4.35061 4.36032 4.32286 4.24754 4.17223 4.11752 4.08097 4.03207 4.03254 3.94229 3.22476 3.05829 3.05829 3.05829 2.49531 2.26961 2.26961 2.26961 2.26961 2.25199 2.17323 2.08937 2.00541 1.95128 1.95026 1.95026 1.95822 1.79143 1.65979 1.51806 1.25879 1.26383 1.26936 1.26936 1.26602 1.24839 1.22914 1.20989 1.19062 1.17314 1.17001 1.17001 1.17001 1.48173 1.82788 1.82163 1.86592 1.75049 1.64374 1.64022 1.69869 1.75874 1.81876 1.85695 1.85761 1.83476
4.74135 4.59421 4.58359 4.43322 4.74359 4.75468 4.76576 4.74621 4.64939 4.54400 4.13301 4.04408 3.99362 3.98231 4.00741 4.03249 4.04554 4.06471 4.06536 4.06536 4.02971 3.42884 3.05829 3.05829 3.05829 2.70874 2.26099 2.18958 2.10566 2.02176 1.95543 1.95026 1.95026 1.95026 1.95026 1.95026 1.95026 1.95082 1.88174 1.65979 1.60785 1.23474 1.21713 1.20681 1.18754 1.17164 1.17001 1.17001 1.17001 1.18730 1.23270 1.27848 1.32427 1.37002 1.30586 1.13214 1.31302 1.69390 1.75391 1.81394 1.85605 1.85761 1.85761 1.85761 1.85761 1.85761 1.85729
4.65448 4.67456 4.61822 4.37206 4.43429 4.37705 4.28108 4.23310 4.25546 4.28056 4.12395 4.04413 4.04438 4.04438 4.04438 4.04438 4.04438 4.05917 4.06536 4.06536 4.06536 3.68363 3.05548 2.99458 2.91065 2.69046 1.96278 1.95026 1.95026 1.95026 1.95026 1.95026 1.95026 1.95026 1.95026 1.96059 1.99336 2.02689 2.06358 1.61072 1.58554 1.22337 1.15943 1.16832 1.19424 1.24000 1.28578 1.33157 1.37735 1.40586 1.40624 1.40624 1.42117 1.49524 1.56794 1.34224 1.53278 1.83846 1.85761 1.85761 1.85761 1.85761 1.85761 1.85761 1.85761 1.85761 1.85761
4.25420 4.15667 4.09711 4.00635 4.12779 4.30152 4.32052 4.32168 4.32168 4.32168 4.21567 4.04438 4.04438 4.04438 4.04438 4.04438 4.04438 4.05239 4.06517 4.01800 3.93407 3.68551 2.83525 2.73893 2.73893 2.73688 2.02934 1.95026 1.95026 1.95026 1.96040 1.99336 2.02689 2.06043 2.09397 2.11718 2.11795 2.11795 2.13121 1.75800 1.67682 1.50511 1.32829 1.37959 1.40624 1.40624 1.40624 1.40624 1.41753 1.48881 1.56881 1.64887 1.71394 1.71996 1.71996 1.45625 1.53084 1.74957 1.80258 1.79261 1.78255 1.77262 1.76255 1.75257 1.74258 1.73257 1.72254
3.95960 3.91429 3.90706 3.90753 4.06381 4.32168 4.32168 4.32168 4.32168 4.32168 4.29118 4.04477 4.04438 4.04438 4.04438 4.02170 3.95207 3.88097 3.78322 3.74600 3.74600 3.67016 3.01386 2.73893 2.73893 2.74900 2.28348 2.02656 2.06010 2.09364 2.11711 2.11795 2.11795 2.11913 2.17662 2.26592 2.35539 2.44426 2.53694 2.38171 2.09290 1.89521 1.39566 1.39782 1.41436 1.48238 1.56238 1.64247 1.71117 1.71996 1.71996 1.71996 1.71996 1.71996 1.71996 1.55925 1.47998 1.61437 1.67631 1.67631 1.67631 1.67631 1.67631 1.67631 1.67408 1.66823 1.66232
3.90706 3.90706 3.90706 3.90706 3.95591 4.30912 4.32168 4.32168 4.32168 4.32168 4.32168 4.08100 3.97285 3.90182 3.83078 3.78243 3.78101 3.78101 3.75508 3.74600 3.70662 3.54810 3.00852 2.84877 2.88231 2.90579 2.62168 2.11864 2.15462 2.23304 2.32232 2.41114 2.50041 2.58866 2.62014 2.62014 2.62014 2.62014 2.62014 2.55736 2.09677 2.13088 1.64664 1.77983 1.73168 1.71996 1.71996 1.71996 1.71996 1.71996 1.71996 1.71996 1.71996 1.71996 1.71996 1.67356 1.41774 1.58208 1.67620 1.67221 1.66630 1.66039 1.65450 1.64859 1.64491 1.64487 1.64487
3.90706 3.90706 3.90706 3.90706 3.92614 4.21808 4.32168 4.32004 4.27102 4.19989 4.12886 3.91121 3.78101 3.78101 3.78101 3.75550 3.61116 3.45164 3.27773 3.09787 2.97787 2.97081 2.76613 2.85943 2.85942 2.86554 2.82821 2.55718 2.60929 2.62014 2.62014 2.62014 2.62014 2.62014 2.62014 2.62014 2.62046 2.68040 2.78430 2.90786 2.52849 2.48826 2.05932 1.92281 1.80741 1.71996 1.71996 1.71996 1.71996 1.71996 1.71996 1.71996 1.71996 1.71746 1.69343 1.66442 1.34824 1.51544 1.64595 1.64487 1.64487 1.64487 1.64730 1.67903 1.72285 1.77134 1.82560
3.90706 3.90706 3.90706 3.90706 3.88057 4.01157 4.14962 4.08025 4.05831 4.05831 4.04366 3.83030 3.47349 3.31419 3.15465 3.02086 2.99513 2.96710 2.93545 2.88513 2.87217 2.85951 2.77267 2.84337 2.91339 2.91339 2.91339 2.67271 2.62014 2.62014 2.62014 2.62014 2.62014 2.66102 2.76421 2.86807 2.97158 3.01550 3.01550 3.02495 2.71688 2.48826 2.22453 1.92281 1.87168 1.71996 1.71996 1.71996 1.71528 1.68899 1.65998 1.63098 1.60197 1.57547 1.57051 1.57051 1.34869 1.46980 1.67412 1.73798 1.78814 1.84432 1.90310 1.94791 2.02007 2.10777 2.21636
3.89136 3.82687 3.75581 3.68478 3.64390 3.73353 3.93239 3.77257 3.61327 3.45389 3.28161 3.12514 2.93757 2.91508 2.89364 2.88096 2.87898 2.89433 2.90982 2.88933 2.88123 2.88123 2.86025 2.78719 2.91339 2.91339 2.91339 2.75197 2.62014 2.64513 2.74413 2.84796 2.95185 3.01483 3.01550 3.01550 3.01550 3.01550 3.01550 3.01621 2.87555 2.48826 2.36586 1.91526 1.88461 1.67154 1.62654 1.59753 1.57321 1.57051 1.57051 1.57051 1.59101 1.64681 1.70313 1.75950 1.70827 1.63488 1.89054 1.94315 2.01402 2.10036 2.20735 2.27268 2.27268 2.27268 2.27268
3.64447 3.65974 3.69312 3.72653 3.75336 3.71420 3.14648 2.92686 2.80065 2.67956 2.59642 2.60478 2.82166 2.90744 2.91620 2.91623 2.91623 2.91623 2.91623 2.90070 2.88123 2.88123 2.88123 2.75728 2.91339 2.92640 3.01733 3.03917 2.93177 3.01064 3.01550 3.01550 3.01550 3.01550 3.01550 3.01550 3.01550 3.01550 2.96912 2.82541 2.67827 2.41346 2.37794 1.80110 1.77336 1.64802 1.57051 1.59903 1.65544 1.71175 1.76813 1.82454 1.86035 1.86096 1.86096 1.88093 1.93453 1.66274 2.23672 2.27215 2.27268 2.27268 2.27268 2.27268 2.27268 2.27268 2.27268
3.59203 3.48687 3.36107 3.23490 3.11391 3.08878 2.86257 2.61790 2.63346 2.64433 2.64470 2.64470 2.77198 2.91623 2.91623 2.91623 2.91623 2.91623 2.91623 2.91192 2.88132 2.88613 2.96509 2.96271 3.17824 3.29582 3.30875 3.29742 3.02413 3.01550 3.01550 3.01550 3.01550 2.96912 2.82541 2.67862 2.53183 2.38504 2.28464 2.28156 2.29647 2.36212 2.40403 2.05029 1.92323 1.91852 1.83316 1.86096 1.86096 1.86096 1.86096 1.87731 1.93929 2.01637 2.11156 2.18663 2.18839 1.84624 2.38262 2.26076 2.23073 2.20033 2.17035 2.14000 2.10976 2.07973 2.04927
3.04048 3.06888 3.05870 3.04854 3.04006 3.03943 3.05104 2.64470 2.64470 2.64470 2.64470 2.64470 2.69765 2.91623 2.91623 2.91623 2.91623 2.91649 3.01511 3.21402 3.20856 3.25168 3.27659 3.22878 3.21470 3.30875 3.30875 3.30875 3.04460 2.82394 2.67715 2.53036 2.38379 2.28464 2.28156 2.28156 2.28157 2.22731 2.10249 1.97631 1.86838 1.98704 1.90690 1.92352 2.06381 2.05732 1.87067 1.87409 1.93402 2.00994 2.10354 2.18472 2.18839 2.18839 2.18839 2.18839 2.18839 1.99462 2.20946 1.74847 1.73069 1.73069 1.73069 1.73069 1.73069 1.73069 1.73069
2.74945 3.03910 3.03914 3.03914 3.03914 3.03914 3.13389 2.67720 2.64470 2.64470 2.64470 2.64470 2.64650 2.89330 2.96714 3.15300 3.37409 3.63308 3.76391 3.76391 3.49616 3.27659 3.27659 3.25735 3.05628 2.97040 2.82361 2.67682 2.44035 2.28156 2.28156 2.22548 2.09921 1.97295 1.84775 1.72172 1.59552 1.52367 1.52336 1.52336 1.52336 1.73961 1.83191 1.86669 2.05399 2.04438 2.07004 2.18214 2.18839 2.18839 2.18839 2.18839 2.18839 2.18839 2.18839 2.18839 2.18839 2.13490 1.94355 1.83438 1.73069 1.72899 1.62800 1.46905 1.31043 1.15191 0.993044
2.72185 2.99234 3.03914 3.03914 3.03914 3.03914 3.09385 2.83237 2.64470 2.64470 2.66193 2.80391 2.99293 3.43396 3.75545 3.76391 3.76391 3.76391 3.74964 3.68040 3.51644 3.10209 3.04612 3.00654 2.85946 2.53694 2.40435 2.26427 2.05007 1.71851 1.59271 1.52335 1.52336 1.52336 1.52336 1.52336 1.52336 1.52336 1.52336 1.52296 1.51737 1.64462 1.80522 1.80647 2.00440 2.02718 2.06971 2.18839 2.18839 2.18839 2.18839 2.18839 2.18839 2.18839 2.18839 2.18839 2.19153 2.22311 1.84427 1.33095 1.09794 0.941275 0.883406 0.883406 0.883406 0.888798 0.962800
2.72185 2.91166 3.03914 3.03914 3.03914 3.03914 3.05004 3.12016 2.93495 3.14569 3.36438 3.40187 3.40187 3.52936 3.69126 3.61670 3.54214 3.46747 3.40721 3.37548 3.26013 2.80586 2.56513 2.30799 2.03542 1.73253 1.65211 1.65242 1.65120 1.53128 1.52336 1.52336 1.52336 1.52336 1.52336 1.52329 1.51875 1.51153 1.50432 1.49750 1.49589 1.55835 1.78227 1.80443 1.93674 2.02718 2.03350 2.18244 2.18839 2.18839 2.18839 2.19430 2.22888 2.26726 2.30566 2.34404 2.37932 2.38612 2.16571 0.881267 0.904238 0.990382 1.06859 1.13544 1.19327 1.23949 1.20903
2.72185 2.83900 3.03914 3.11206 3.31452 3.55082 3.82370 4.02805 3.40178 3.34012 3.26552 3.19096 3.11629 3.11057 3.28415 3.14730 2.99474 2.74213 2.36179 1.98344 1.78614 1.64824 1.63097 1.63097 1.65991 1.81643 1.65242 1.65242 1.65242 1.55971 1.52336 1.52336 1.52011 1.51291 1.50570 1.49855 1.49589 1.49589 1.49589 1.49589 1.49589 1.50081 1.75198 1.80443 1.87740 2.02718 2.03352 2.16871 2.27300 2.31142 2.34984 2.38230 2.38612 2.38612 2.38612 2.32715 2.16598 2.00314 1.84662 1.50083 1.24900 1.25124 1.21357 1.16242 1.11842 1.08112 1.07098
2.86964 3.09346 3.74269 3.92568 3.89106 3.82447 3.75788 3.79852 3.34146 3.34223 3.52202 3.70182 3.83984 3.87703 2.42040 1.81525 1.63255 1.53912 1.53912 1.53912 1.53912 1.56381 1.63097 1.63097 1.63097 1.83994 1.65242 1.65242 1.64965 1.58281 1.50707 1.49985 1.49590 1.49589 1.49589 1.49589 1.49589 1.49589 1.49589 1.49589 1.49589 1.48985 1.64559 1.84507 1.89277 2.13858 2.15787 2.22868 2.38612 2.38612 2.30225 2.13940 1.97647 1.81362 1.65069 1.54672 1.54495 1.54455 1.48907 1.50907 1.12543 1.08351 1.07098 1.07098 1.07098 1.07098 1.07098
3.24620 3.20248 3.74149 3.88935 4.03930 4.21920 4.39890 4.61072 4.31721 3.79695 3.67515 3.55323 3.47325 3.47148 2.59480 1.53912 1.53912 1.53912 1.53912 1.53912 1.53912 1.53943 1.62295 1.63097 1.62941 1.78546 1.67091 1.62290 1.61607 1.59787 1.49595 1.49589 1.49589 1.49589 1.49589 1.49589 1.48970 1.47137 1.45274 1.43427 1.41562 1.40301 1.50135 1.84269 1.90203 2.04276 1.97680 1.87331 1.78658 1.62402 1.54495 1.54495 1.54495 1.54495 1.48450 1.38196 1.29933 1.23140 1.20594 1.35423 1.07764 1.07098 1.07098 1.07098 1.07098 1.07572 1.08493
3.61936 3.75577 4.38178 4.64273 4.65062 4.65851 4.66639 4.67261 4.16064 3.47148 3.47148 3.47148 3.47148 3.47148 3.07176 1.53912 1.53912 1.53912 1.53912 1.53912 1.53912 1.53912 1.58762 1.60328 1.59523 1.66680 1.74106 1.61579 1.61579 1.61579 1.51037 1.48955 1.47118 1.45254 1.43391 1.41543 1.40298 1.40266 1.40266 1.40288 1.42396 1.49404 1.57806 1.66815 1.78410 1.70437 1.59822 1.59822 1.56174 1.54495 1.49363 1.38959 1.30549 1.23640 1.20594 1.20594 1.20594 1.20594 1.20594 1.31776 1.20282 1.20337 1.21259 1.22167 1.23094 1.23530 1.23530
3.89509 3.90285 4.24367 4.67309 4.67309 4.67309 4.67309 4.67309 4.44454 3.53573 3.47148 3.47148 3.47148 3.47148 3.42190 1.62620 1.53912 1.53912 1.53912 1.53912 1.53912 1.53912 1.55662 1.59433 1.59433 1.59795 1.82060 1.58260 1.55774 1.53287 1.44825 1.40294 1.40266 1.40266 1.41993 1.48824 1.56180 1.63488 1.70847 1.78133 1.83377 1.83693 1.83693 1.71253 1.87735 1.80312 1.58544 1.54316 1.42318 1.24157 1.20616 1.20594 1.20594 1.20594 1.20594 1.20594 1.20594 1.20594 1.20594 1.24742 1.29212 1.23530 1.23530 1.23530 1.23535 1.24603 1.26454
3.90964 3.90964 4.08402 4.67309 4.67309 4.67309 4.67309 4.67309 4.56501 3.76336 3.47148 3.47148 3.47148 3.47148 3.47148 2.21963 1.53912 1.53912 1.53912 1.53912 1.53912 1.57069 1.70271 1.79948 1.88957 1.98268 2.21894 1.51860 1.51191 1.59144 1.63247 1.62928 1.70256 1.77588 1.83204 1.83693 1.83693 1.83693 1.83693 1.83693 1.83693 1.83693 1.83145 1.69064 1.78472 1.76054 1.43823 1.43263 1.40235 1.20614 1.20594 1.20594 1.20594 1.20594 1.20594 1.20594 1.20594 1.20594 1.20594 1.20430 1.32513 1.26800 1.28884 1.30736 1.32582 1.33366 1.33366
3.90946 3.90964 3.94617 4.66537 4.67309 4.67309 4.67309 4.67309 4.66121 4.01525 3.47148 3.47148 3.47148 3.47148 3.47148 2.77067 1.55816 1.68198 1.82165 1.96125 2.10092 2.20895 2.22657 2.16090 2.15315 2.22531 2.38278 2.05477 1.91449 1.92475 1.92230 1.83860 1.83693 1.83693 1.83693 1.83693 1.83693 1.83693 1.83442 1.80785 1.77528 1.74270 1.71560 1.65973 1.65856 1.75316 1.51576 1.43263 1.43263 1.24736 1.20594 1.20594 1.20594 1.20594 1.20167 1.17530 1.14575 1.11624 1.08672 1.05910 1.20258 1.31855 1.33366 1.34107 1.37863 1.41948 1.46027
3.87426 3.90964 3.90964 4.50686 4.67309 4.67309 4.67309 4.67309 4.67309 4.34182 3.48124 3.47799 3.55290 3.64597 3.73904 3.59948 2.20584 2.27636 2.33522 2.38598 2.45885 2.54757 2.62267 2.59269 2.46787 2.48038 2.48924 2.29585 1.92707 1.92707 1.92707 1.85814 1.83693 1.83693 1.83625 1.81396 1.78138 1.74881 1.71875 1.71274 1.71274 1.71274 1.71274 1.70808 1.59864 1.75316 1.60779 1.43263 1.43263 1.31136 1.17007 1.14054 1.11101 1.08149 1.05622 1.05307 1.05307 1.05307 1.08267 1.16434 1.30940 1.47175 1.51444 1.54782 1.55572 1.60682 1.66968
3.81308 3.90964 3.90964 4.31334 4.67309 4.67309 4.67239 4.61100 4.51114 4.25246 3.83111 3.78309 3.58889 3.37602 3.16387 2.96344 2.58333 2.61817 2.66687 2.71559 2.73892 2.73892 2.73892 2.73187 2.49327 2.48038 2.48038 2.46208 1.92707 1.92707 1.92707 1.86553 1.78750 1.75492 1.72303 1.71274 1.71274 1.71274 1.71274 1.71274 1.71274 1.71274 1.71274 1.71274 1.59463 1.72141 1.63003 1.33247 1.30297 1.23872 1.05307 1.05307 1.05307 1.09463 1.17728 1.25980 1.34241 1.42497 1.47790 1.47888 1.48956 1.63068 1.66473 1.72753 1.78568 1.79740 1.79740
3.75190 3.90964 3.88435 4.03490 4.44102 4.28159 3.97640 3.72540 3.51265 3.25338 2.76495 2.77558 2.82432 2.87300 2.92172 2.95201 2.81549 2.73892 2.73892 2.73892 2.73892 2.73892 2.73892 2.73892 2.55824 2.48038 2.48038 2.52187 1.97037 1.85118 1.81860 1.78249 1.71274 1.71274 1.71274 1.71274 1.71274 1.71274 1.71274 1.72148 1.74420 1.76725 1.79030 1.81334 1.74381 1.63422 1.63055 1.29844 1.33431 1.41665 1.30239 1.35535 1.43792 1.47888 1.47888 1.47888 1.48105 1.54008 1.62389 1.70763 1.78749 1.87505 1.79744 1.79740 1.79740 1.79740 1.79740
3.34610 3.29790 3.09188 2.98034 3.15629 3.00045 2.96853 2.93839 2.90830 2.87818 2.86598 2.95244 2.95244 2.95244 2.95244 2.95244 2.87354 2.73892 2.73892 2.73892 2.73892 2.73892 2.73892 2.73892 2.62780 2.41058 2.37802 2.37938 2.07752 1.80288 1.80288 1.80150 1.71802 1.71274 1.72159 1.74443 1.76748 1.79053 1.81358 1.82781 1.82798 1.82798 1.82988 1.87751 1.94291 1.87594 1.98228 1.81519 1.70557 1.70557 1.57976 1.47888 1.47980 1.53348 1.61728 1.70102 1.78266 1.80739 1.80739 1.80739 1.80739 1.86209 1.85604 1.85434 1.85970 1.86506 1.87043
2.32540 2.58877 2.64219 2.62310 2.85583 2.85966 2.85482 2.85482 2.85482 2.85482 2.84957 2.94195 2.95244 2.95244 2.95244 2.95244 2.93113 2.73950 2.73892 2.73892 2.73892 2.73892 2.73892 2.73892 2.72007 2.36860 2.35618 2.35716 2.25721 1.81190 1.83480 1.85785 1.81892 1.81381 1.82783 1.82798 1.82798 1.83581 1.91015 2.00363 2.09737 2.19085 2.28262 2.32862 2.33203 2.18429 2.16969 1.98961 1.70557 1.85154 2.01693 1.69445 1.77730 1.80739 1.80739 1.80739 1.80739 1.80739 1.80739 1.80739 1.80739 1.83012 1.91028 1.89413 1.89413 1.89413 1.89413
2.21532 2.40749 2.58216 2.58216 2.75264 2.85482 2.85482 2.85482 2.85482 2.85482 2.85216 2.91131 2.95244 2.95244 2.95244 2.95244 2.95244 2.77629 2.73892 2.73892 2.73892 2.73892 2.73892 2.73892 2.71627 2.37469 2.21825 2.15674 2.15032 1.92541 1.91812 1.91614 1.89067 1.94679 2.04023 2.13396 2.22742 2.31270 2.33203 2.33203 2.33203 2.33203 2.33203 2.33203 2.33203 2.30493 2.44784 2.61364 2.63690 2.77026 2.75998 1.89036 1.80739 1.80739 1.80739 1.80739 1.80739 1.80739 1.80739 1.80739 1.80739 1.80809 1.91178 1.89561 1.89732 1.89903 1.90074
2.20425 2.29473 2.58216 2.58216 2.68934 2.85482 2.85482 2.85482 2.85482 2.85482 2.85459 2.88069 2.95244 2.95244 2.95244 2.95244 2.95244 2.83443 2.73892 2.72470 2.64968 2.56768 2.48563 2.40363 2.34431 2.22070 2.04701 2.03378 2.06131 2.04067 2.01922 2.06731 2.15140 2.33203 2.33203 2.33203 2.33203 2.33203 2.33203 2.33203 2.33203 2.37627 2.57278 2.78215 2.99160 3.07840 2.96148 2.96729 2.79150 2.77026 2.77026 2.18401 1.80739 1.80739 1.80739 1.80739 1.80739 1.80296 1.77480 1.74318 1.71155 1.67994 1.75358 1.90076 1.90324 1.90324 1.89260
