High_resolution/powerplant/Shangrao/OMI_NO2_201006.asc
ncols      200
nrows      200
xllcorner       115.451
yllcorner       27.0350
cellsize     0.0166667
NODATA_Value      -999.000
[rows 0 to 28 of 173, columns 67 to 133 of 200]
4.22056 3.95998 3.75717 3.60790 3.63461 3.90618 3.99743 4.49508 6.07962 8.55813 8.83986 8.83986 8.83986 8.83986 12.5299 15.8472 15.8472 15.8472 14.5993 12.5131 11.0920 10.0705 9.74995 9.74995 9.74995 9.74995 9.74995 9.74995 9.74995 9.74995 9.74995 9.74995 9.74995 7.46148 3.65269 3.65269 0.00000 0.00000 0.00000 0.00000 0.00000 0.00000 0.00000 0.00000 0.00000 0.00000 0.00000 2.56923 2.56923 2.56923 2.56923 2.56923 2.56923 2.56923 2.56923 2.56923 2.56923 2.56923 2.56923 2.56923 0.00000 0.00000 0.00000 0.00000 0.00000 0.00000 0.00000
3.54930 3.54930 3.58320 3.71385 3.86233 4.46685 4.58062 5.13721 7.03923 8.37323 8.83986 8.83986 8.83986 8.83986 10.2932 12.8603 11.3338 10.2433 9.75178 9.74995 9.74995 9.74995 9.74995 9.74995 9.74995 9.74995 9.74995 9.74995 9.74995 9.74995 9.74995 9.47856 9.42674 8.37762 3.65269 3.65269 0.00000 0.00000 0.00000 0.00000 0.00000 0.00000 0.00000 2.56923 2.56923 2.56923 2.56923 2.56923 2.56923 2.56923 2.56923 2.56923 2.56923 2.56923 2.56923 2.56923 2.56923 2.56923 2.56923 2.56923 0.00000 0.00000 0.00000 0.00000 0.00000 0.00000 0.00000
3.80991 3.94649 4.04917 4.05514 4.05514 4.40318 4.58062 4.59611 6.77987 7.73354 8.74339 8.21705 7.74416 7.35953 7.32524 9.74086 9.74995 9.74995 9.74995 9.74995 9.74995 9.74995 9.74995 9.74995 9.74995 9.74995 9.49508 8.80258 8.02058 7.28623 6.65410 6.22482 8.02353 8.44836 4.54806 3.65269 0.00000 0.00000 0.00000 2.56923 2.56923 2.56923 2.56923 2.56923 2.56923 2.56923 2.56923 2.56923 2.56923 2.56923 2.56923 2.56923 2.56923 2.56923 2.56923 2.56923 2.56923 2.56923 2.56923 2.56923 2.56923 0.00000 0.00000 0.00000 0.00000 0.00000 0.00000
4.05514 4.05514 4.05514 4.05514 4.05514 4.25347 4.58151 4.60066 6.04038 7.16700 7.14362 7.11080 7.11080 7.11080 7.11080 9.08923 9.74995 9.74995 9.74995 9.74995 9.74995 9.49508 8.81248 8.22826 7.59113 6.93759 6.47207 6.24772 6.18547 6.18547 6.18547 6.18547 7.26545 8.46380 6.48627 3.65269 2.56923 2.56923 2.56923 2.56923 2.56923 2.56923 2.56923 2.56923 2.56923 2.56923 2.56923 2.56923 2.56923 2.56923 2.56923 2.56923 2.56923 2.56923 2.56923 2.56923 2.56923 2.56923 2.56923 2.56923 2.56923 0.00000 0.00000 0.00000 0.00000 0.00000 2.25208
4.05514 4.05514 4.05514 4.06434 4.08408 4.17624 4.67100 4.67820 5.29032 7.13681 7.11595 7.11080 7.11080 7.11080 7.11080 8.23665 9.49508 8.81248 8.22868 7.73263 7.21873 6.74268 6.51061 6.28536 6.18547 6.18547 6.18547 6.18547 6.18547 6.18547 6.18547 6.18547 6.64773 8.35334 7.51490 3.08555 2.63162 2.56923 2.56923 2.56923 2.56923 2.56923 2.56923 2.56923 2.56923 2.56923 2.56923 2.56923 2.56923 2.56923 2.56923 2.56923 2.56923 2.56923 2.56923 2.56923 2.56923 2.56923 2.56923 2.56923 2.56923 0.00000 2.25208 2.25208 2.25208 2.25208 2.25208
4.07824 4.09800 4.11775 4.12831 4.12832 4.12911 4.60211 4.67820 4.70635 6.91986 7.12444 7.19372 7.57207 8.03521 8.57994 8.63310 7.00049 6.78087 6.55528 6.32995 6.18770 6.18547 6.18547 6.18547 6.18547 6.18547 6.18547 6.18547 6.17573 6.12315 6.06542 6.00779 6.01942 8.01836 8.09372 3.71874 2.76745 2.56923 2.56923 2.56923 2.56923 2.56923 2.56923 2.56923 2.56923 2.56923 2.56923 2.56923 2.56923 2.56923 2.56923 2.56923 2.56923 2.56923 2.56923 2.56923 2.56923 2.56923 2.60906 2.81883 3.00716 2.25208 2.25208 2.25208 2.25208 2.25208 2.25208
4.12832 4.12832 4.12832 4.12832 4.12832 4.12832 4.45164 4.89382 5.13812 7.27880 9.15772 9.70625 9.71368 9.42404 9.08578 8.69760 6.30583 6.18547 6.18547 6.18547 6.18547 6.18547 6.18547 6.18547 6.18119 6.13441 6.07672 6.01905 5.97111 5.96604 5.96604 5.96604 5.96604 7.31300 8.13465 5.83280 2.90350 2.56923 2.56923 2.56923 2.56923 2.56923 2.56923 2.56923 2.56923 2.56923 2.56923 2.56923 2.56923 2.56923 2.56923 2.56923 2.56923 2.56923 2.59883 2.80017 3.02914 3.25812 3.44725 3.46645 3.46633 2.43388 2.25208 2.25208 2.25208 2.25208 2.25208
4.12832 4.13695 4.23367 4.36387 4.50987 4.67449 5.14821 6.10105 6.10684 7.15608 9.19230 8.82128 8.51255 8.46380 8.46380 8.46380 6.77874 6.18547 6.18547 6.18547 6.18444 6.14569 6.08802 6.03031 5.97694 5.96604 5.96604 5.96604 5.96604 5.96604 5.96604 5.96604 5.96604 6.67875 8.13465 7.23713 2.99247 2.61617 2.56923 2.56923 2.56923 2.56923 2.56923 2.56923 2.56923 2.56923 2.56923 2.56923 2.56923 2.56923 2.59004 2.78142 3.01048 3.23936 3.43882 3.46645 3.46645 3.46645 3.46645 3.46645 3.46645 2.81741 2.25208 2.25208 2.25208 2.25208 2.25208
4.64313 4.81185 4.84756 4.84756 4.84756 4.90908 5.11826 6.59048 6.81215 6.90216 8.38544 8.48271 8.46380 8.46380 8.46380 8.46380 7.41333 6.15699 6.09928 6.04161 5.98495 5.96604 5.96604 5.96604 5.96604 5.96604 5.96604 5.96604 5.96604 5.96604 5.96604 5.96604 5.96604 6.17120 7.97589 7.09114 3.02309 2.75021 2.56923 2.56923 2.56923 2.56923 2.56923 2.56923 2.56923 2.56923 2.58295 2.76267 2.99164 3.22068 3.42886 3.46645 3.46645 3.46645 3.46645 3.46645 3.46645 3.46645 3.46645 3.46645 3.46645 3.20098 2.25208 2.25208 2.25208 2.25208 2.25208
4.84756 4.87652 5.00666 5.14554 5.28443 5.36174 5.36195 6.44589 6.87264 6.87264 7.88590 8.49521 8.46380 8.43619 8.35146 8.26493 7.92225 5.97952 5.96604 5.96604 5.96604 5.96604 5.96604 5.96604 5.96604 5.96604 5.96604 5.96604 5.96604 6.05696 6.29350 6.00664 5.44004 4.48900 3.13443 2.99438 2.99438 2.88622 2.56923 2.56923 2.56923 2.56923 2.57721 2.74401 2.97298 3.20195 3.41719 3.46645 3.46645 3.46645 3.46645 3.46645 3.46645 3.46645 3.46645 3.46645 3.46645 3.46645 3.46645 3.46645 3.46645 3.45929 2.37680 2.25208 2.25208 2.25208 2.25208
5.24333 5.35326 5.36195 5.36195 5.36195 5.36195 5.36195 5.99090 6.87264 6.86787 7.32120 8.43405 8.22499 8.13640 8.13465 8.13465 8.13465 6.30742 5.96604 5.96604 5.96604 5.96604 5.96604 5.96604 6.05937 6.37587 6.71984 6.59049 6.13260 5.14423 3.34011 2.99438 2.99438 2.99438 2.99438 2.99438 2.99438 2.98847 2.60658 2.72525 2.95432 3.18320 3.40427 3.46645 3.46645 3.46645 3.46645 3.46645 3.46645 3.46645 3.46645 3.46645 3.46645 3.46645 3.46645 3.46645 3.46645 3.46645 3.46645 3.46645 3.46645 3.46645 2.75304 2.25208 2.25208 2.25208 2.25208
5.36195 5.36195 5.36195 5.36195 5.36195 5.36134 5.34545 5.58469 6.78025 6.75120 6.79248 8.28653 8.24431 8.13465 8.13465 8.13465 8.13465 6.85459 5.96604 6.06179 6.37933 6.75354 7.18783 7.26001 6.74845 5.46355 3.62274 2.99438 2.99438 2.99438 2.99438 2.99438 2.99438 2.99438 2.99438 3.04709 3.15194 3.25679 3.38348 3.46645 3.46645 3.46645 3.46645 3.46645 3.46645 3.46645 3.46645 3.46645 3.46645 3.46645 3.46645 3.46645 3.46645 3.46645 3.46645 3.46645 3.46645 3.46645 3.46645 3.46645 3.46645 3.46645 3.13608 2.25208 2.25208 2.24713 2.23361
5.36195 5.36195 5.35211 5.32969 5.30708 5.28515 5.27851 5.29803 6.63392 6.74748 6.74748 7.80215 8.32293 8.13465 8.13465 8.13465 8.13465 7.88112 7.71188 7.82216 6.96087 5.74780 3.96958 2.99438 2.99438 2.99438 2.99438 2.99438 2.99438 2.99438 2.99438 3.02866 3.13158 3.23641 3.34122 3.39336 3.39336 3.39336 3.41494 3.46645 3.46645 3.46645 3.46645 3.46645 3.46645 3.46645 3.46645 3.46645 3.46645 3.46645 3.46645 3.46645 3.46645 3.46645 3.46645 3.46645 3.46645 3.46645 3.46645 3.46645 3.46645 3.37668 3.09352 2.23928 2.20572 2.19699 2.19683
5.31381 5.29128 5.27856 5.27851 5.27851 5.27851 5.27851 5.27851 6.15955 6.74748 6.74748 7.27196 8.37613 8.16004 8.13465 7.94987 7.14789 6.01209 4.35858 3.00363 2.99438 2.99438 2.99438 2.99438 2.99438 2.99438 2.99438 3.01417 3.11120 3.21606 3.32087 3.39145 3.39336 3.39336 3.39336 3.39336 3.39336 3.39336 3.39545 3.46257 3.46645 3.46645 3.46645 3.46645 3.46645 3.46645 3.46645 3.46645 3.46645 3.46645 3.46645 3.46645 3.46645 3.46645 3.46645 3.46645 3.46645 3.39451 3.14139 2.87946 2.61773 2.44536 2.44167 2.28463 2.19683 2.19683 2.19683
5.27851 5.27851 5.27851 5.27851 5.27851 5.28733 5.30587 5.32443 5.79792 6.74748 6.74748 6.75217 7.56750 6.39949 4.72704 3.09415 2.99438 2.99438 2.99438 2.99438 2.99438 2.99438 2.99438 3.00364 3.09086 3.19563 3.30052 3.38558 3.39336 3.39336 3.39336 3.39336 3.39336 3.39336 3.39336 3.39336 3.39336 3.39336 3.39336 3.44128 3.46645 3.46645 3.46645 3.46645 3.46645 3.46645 3.46645 3.46645 3.46645 3.46645 3.46645 3.46645 3.46645 3.41029 3.16414 2.90231 2.64048 2.45028 2.44167 2.44167 2.44167 2.44167 2.44167 2.36180 2.19683 2.19683 2.19683
5.30005 5.31859 5.33714 5.35569 5.37423 5.38397 5.38397 5.37392 5.19186 5.75889 4.84962 3.67871 3.48040 3.35748 2.99438 2.99438 2.99438 2.99438 2.99438 2.99706 3.07051 3.17528 3.28017 3.37577 3.39336 3.39336 3.39336 3.39336 3.39336 3.39336 3.39336 3.39336 3.39336 3.39336 3.39336 3.39336 3.39336 3.39336 3.39336 3.41791 3.46645 3.46645 3.46645 3.46645 3.46645 3.46645 3.46645 3.46645 3.46645 3.42433 3.18689 2.92516 2.66302 2.45735 2.44167 2.44167 2.44167 2.44167 2.44167 2.44167 2.44167 2.44167 2.44167 2.43065 2.20516 2.19683 2.19683
5.38397 5.38397 5.38397 5.38397 5.20089 4.70527 4.09360 3.34352 3.06867 3.38373 3.48040 3.48040 3.48040 3.47427 3.03526 2.99442 3.05012 3.15493 3.25979 3.36196 3.39336 3.39336 3.39336 3.39336 3.39336 3.39336 3.39336 3.39336 3.39336 3.39336 3.39336 3.39336 3.39336 3.39336 3.39336 3.39336 3.39336 3.39336 3.39336 3.39689 3.46409 3.46645 3.46645 3.46645 3.46645 3.43622 3.20974 2.94791 2.68577 2.46616 2.44167 2.44167 2.44167 2.44167 2.44167 2.44167 2.44167 2.44167 2.44167 2.44167 2.44167 2.44167 2.44167 2.44167 2.27127 2.19683 2.19683
5.30261 4.86488 4.29142 3.57424 3.07180 3.06867 3.06867 3.06867 3.06867 3.24183 3.48040 3.48040 3.46406 3.41132 3.28147 3.34425 3.39336 3.39336 3.39336 3.39336 3.39336 3.39336 3.39336 3.39336 3.39336 3.39336 3.39336 3.39336 3.39336 3.39336 3.39336 3.39336 3.39336 3.39336 3.39336 3.39336 3.39336 3.39336 3.39336 3.39336 3.44425 3.44616 3.23260 2.97046 2.70862 2.47702 2.44167 2.44167 2.44167 2.44167 2.44167 2.44167 2.44167 2.44167 2.44167 2.44167 2.44167 2.44167 2.44167 2.44167 2.44167 2.44167 2.44167 2.44167 2.34847 2.19683 2.19683
                <*                      =*                  3*                  3*                  3*                  3*                  3*                  >*                  >*                  >*                  8*        
            3*                  ;*                   3*                  >*                  >*                  >*                  2*                   :*                  :*                  :*                   2*           
   >*                  >*                    ;*                  :*                  :*                  :*                  ;*                    :*                  ?*                  ?*                  ?*                 
:*                  >*                  =*                  ?*                  ?*                   ?*                  ?*                   2*                  2*       *    :      *    :        *    :        *      :    *    :    *    :    *    :       *            :          :*        
         ?*                  2*                  2*       *    :        *    :        *    :        *      :    *    :    *    :    *    :    *            :          :*                              :*                    >*                   9*                  ;*                  8*                  ?*  
                :*                    2*                  ;*                  ;*                  ;*                  ;*                   8*                  8*                  8*                  8*                  ;*             
          9*                  8*                  8*                  8*                  9*                     ;*                        ;*                        ;*                        ;*                    :*                    :*              
8*                  3*                     ;*                        ;*                        ;*                        ;*                    2*                        :*                        :*                  =*                  ?*                  :*  
             ;*                        ;*                        ;*                        :*                        :*                        :*                   =*                  2*                     8*                  2*                   ;*           
 ;*                          :*                          :*                        :*                        :*                   =*                    >*                   2*                  2*                  3*                  2*                  ?*  
           :*                           :*                        :*                        :*                   8*                   2*                  2*                  2*                  <*                  >*                  =*              
