High_resolution/powerplant/Shangrao/OMI_NO2_200506.asc
ncols      200
nrows      200
xllcorner       115.451
yllcorner       27.0350
cellsize     0.0166667
NODATA_Value      -999.000
[rows 87 to 115 of 164, columns 67 to 133 of 200]
1.53638 1.58576 1.60110 1.61644 1.78618 1.87608 1.87580 1.85109 1.81098 1.77085 1.75181 1.73777 1.69926 1.75304 1.79524 1.78060 1.75001 1.73083 1.73083 1.79763 1.94714 2.00819 2.06240 2.13886 2.22960 2.33167 2.35912 2.35912 2.35912 2.24082 2.10976 2.10976 2.13450 2.24369 2.20594 2.13242 2.15065 2.15599 2.15599 2.15599 2.15893 2.16911 2.17958 2.18916 2.18662 2.17204 2.15233 2.14609 2.10500 2.03057 1.79473 1.82717 1.86503 1.92832 1.94566 1.98637 2.03947 2.08401 2.11791 2.13122 2.13124 2.13127 2.13130 2.13133 2.12600 2.10851 2.03101
1.57920 1.64052 1.67902 1.71793 1.75489 1.69695 1.65712 1.64165 1.64165 1.64165 1.65225 1.68889 1.68889 1.72103 1.79351 1.78962 1.75871 1.73086 1.75206 1.81513 2.12028 2.28044 2.35912 2.35912 2.35911 2.35765 2.35523 2.35281 2.35731 2.32331 2.22786 2.25755 2.28670 2.38173 2.36589 2.23249 2.22543 2.21888 2.21221 2.20554 2.19602 2.17914 2.16206 2.14585 2.14179 2.13852 2.11471 2.08559 2.02160 2.02814 2.11870 2.16954 2.20621 2.21143 2.17235 2.13230 2.13235 2.13240 2.13244 2.13249 2.13250 2.13255 2.14910 2.17845 2.20717 2.20927 2.18101
1.76702 1.84081 1.84676 1.84676 1.82567 1.64213 1.64173 1.64176 1.64179 1.64182 1.64346 1.68641 1.68574 1.68806 1.79491 1.84913 1.88025 1.90120 1.93752 1.93544 2.16808 2.27269 2.32120 2.31849 2.32652 2.34183 2.35812 2.37439 2.38377 2.38220 2.36743 2.36644 2.36563 2.28689 2.27657 2.16745 2.13753 2.13753 2.13753 2.13744 2.12229 2.09606 2.06986 2.04364 2.01741 1.99065 1.93126 1.92891 1.90426 1.84078 2.15956 2.21641 2.21641 2.21641 2.19926 2.13250 2.13250 2.13829 2.16563 2.19498 2.22434 2.25363 2.26646 2.26646 2.26646 2.24556 2.22927
1.80090 1.83971 1.86103 1.86376 1.86648 1.69868 1.66678 1.66948 1.67219 1.67489 1.68481 1.73690 1.80719 1.87999 1.94333 1.94851 1.93202 1.91536 1.91869 1.91980 2.08843 2.27317 2.35750 2.37407 2.37991 2.37991 2.37991 2.37991 2.37991 2.37991 2.36779 2.36505 2.36505 2.30742 2.26766 2.17961 2.06373 2.03750 2.01128 1.98458 1.96004 1.94260 1.97143 1.97408 1.97408 1.97408 1.94049 1.92891 1.92559 1.81996 2.09225 2.21641 2.21670 2.24201 2.28285 2.22341 2.24088 2.26443 2.26646 2.26646 2.26646 2.26646 2.26646 2.26646 2.26646 2.25318 2.23724
1.82824 1.85127 1.88291 1.88291 1.88165 1.75639 1.65595 1.69146 1.75293 1.81438 1.86835 1.86072 1.84324 1.83190 1.83248 1.84727 1.86046 1.91134 1.97175 1.98734 2.06349 2.29579 2.37843 2.37991 2.37991 2.37991 2.37991 2.37944 2.36928 2.35529 2.33253 2.31259 2.29861 2.25277 2.20016 2.17068 1.96352 1.94559 1.92919 1.91446 1.91032 1.91032 1.95248 1.97388 1.95605 1.92707 1.86606 1.80288 1.77168 1.81847 2.06695 2.34172 2.38301 2.39902 2.39902 2.31698 2.26646 2.26646 2.26646 2.26646 2.26646 2.26646 2.26646 2.26646 2.26646 2.26078 2.23724
1.87307 1.87234 1.79891 1.81529 1.87730 1.88872 1.81568 1.84163 1.84163 1.84163 1.84163 1.82685 1.79329 1.76830 1.74317 1.78321 1.90940 1.92565 1.98981 1.98981 1.99677 2.27829 2.35270 2.35515 2.34117 2.32717 2.31325 2.29981 2.29598 2.29598 2.29038 2.28112 2.26618 2.22356 2.12538 2.11915 1.92830 1.87751 1.85266 1.82780 1.80295 1.77812 1.76632 1.76203 1.76035 1.78100 1.77525 1.74679 1.76799 1.85462 2.07347 2.37463 2.39902 2.39902 2.39902 2.35557 2.26646 2.26646 2.26646 2.26646 2.26646 2.26646 2.26646 2.26646 2.26646 2.26623 2.23940
1.98834 2.06040 2.00967 2.04600 2.04673 2.03726 1.84630 1.82728 1.80230 1.77732 1.75232 1.73625 1.72457 1.72457 1.72457 1.73122 1.92776 1.97204 2.09871 2.14088 2.18224 2.21332 2.26172 2.29598 2.29598 2.29598 2.29598 2.29598 2.28635 2.25068 2.21460 2.17305 2.15576 2.15556 2.04794 1.93522 1.80223 1.71900 1.71900 1.72026 1.73454 1.75121 1.75815 1.79223 1.78379 1.76490 1.73475 1.64771 1.74298 1.81235 2.01021 2.33511 2.39902 2.39902 2.39902 2.39147 2.26917 2.26646 2.26593 2.25018 2.22738 2.20460 2.17297 2.11815 2.06042 2.00493 2.08148
2.18046 2.18046 2.08568 2.02835 2.00335 1.97837 1.79886 1.73764 1.73764 1.73764 1.75258 1.78212 1.80007 1.82820 1.85781 1.89533 2.06111 2.12013 2.21561 2.23225 2.23225 2.22183 2.24375 2.29598 2.29072 2.25723 2.22266 2.19121 2.16924 2.16795 2.16788 2.15640 2.15556 2.15556 2.07911 1.87882 1.78097 1.70335 1.70491 1.70523 1.69396 1.68089 1.67803 1.69385 1.69950 1.69934 1.69652 1.61515 1.69688 1.77857 1.96592 2.13834 2.19714 2.16721 2.13810 2.10934 1.98543 1.91196 1.86803 1.83734 1.81307 1.78938 1.77306 1.77156 1.77156 1.77156 1.87499
2.13303 2.10804 2.02167 1.94274 1.93462 1.90868 1.84244 1.83704 1.86662 1.89616 1.91081 1.91081 1.90209 1.89775 1.89775 1.90000 2.00393 2.11279 2.19236 2.23225 2.23023 2.19890 2.16469 2.19675 2.17127 2.16795 2.16795 2.16795 2.16795 2.16795 2.16693 2.12752 2.07037 1.95344 1.77663 1.62715 1.60901 1.65865 1.66278 1.66366 1.66455 1.66546 1.66637 1.67591 1.68907 1.69046 1.69363 1.65582 1.69569 1.80989 1.96671 1.95970 1.93603 1.91511 1.89557 1.87660 1.82585 1.77156 1.77156 1.77156 1.77156 1.77156 1.77156 1.77156 1.77028 1.70354 1.63964
2.01955 1.99818 1.94152 1.81123 1.79273 1.79210 1.81763 1.91081 1.91081 1.91081 1.91081 1.90894 1.89809 1.88582 1.88080 1.87564 1.90860 2.04671 2.05341 2.08765 2.05668 2.04385 2.02016 2.14355 2.14816 2.14596 2.14045 2.09515 2.04134 1.98724 1.93361 1.89306 1.87829 1.86028 1.70607 1.59647 1.56309 1.60520 1.62983 1.62983 1.62983 1.62983 1.62983 1.63524 1.66209 1.67377 1.68542 1.69710 1.72329 1.89320 1.99620 2.05222 1.89609 1.87098 1.87098 1.87098 1.85472 1.77156 1.77156 1.77156 1.74488 1.64561 1.54225 1.43893 1.33684 1.30022 1.30067
1.86213 1.85471 1.84549 1.71130 1.69756 1.68887 1.68158 1.78227 1.78142 1.77271 1.76400 1.75714 1.75500 1.73968 1.66570 1.58897 1.56429 1.76947 1.84510 1.96103 1.96634 1.97164 1.95424 2.05305 2.04774 1.99386 1.94355 1.93569 1.93616 1.93616 1.93616 1.92537 1.89742 1.89742 1.74236 1.63283 1.56624 1.58619 1.64516 1.65516 1.66516 1.67516 1.68645 1.70246 1.71917 1.71947 1.71947 1.71947 1.71947 1.86433 1.94640 2.07905 1.92767 1.87098 1.87098 1.86927 1.82522 1.61400 1.48428 1.38096 1.30432 1.30022 1.30022 1.30022 1.30022 1.30022 1.30022
1.80964 1.76080 1.75818 1.65825 1.62434 1.62434 1.62434 1.70469 1.74462 1.74505 1.69036 1.62407 1.55817 1.52611 1.53274 1.54186 1.57107 1.80805 1.88264 1.92622 1.88091 1.83073 1.78339 1.85773 1.93616 1.93616 1.93616 1.93616 1.93616 1.93616 1.93615 1.92690 1.87847 1.86592 1.74326 1.62509 1.51816 1.53961 1.69231 1.70073 1.71138 1.72203 1.73140 1.73278 1.72638 1.71947 1.71947 1.72183 1.73549 1.85846 1.97917 2.09092 1.88886 1.73684 1.67472 1.61428 1.59611 1.42454 1.30022 1.30022 1.30022 1.28360 1.25373 1.22555 1.23782 1.30022 1.30022
1.81733 1.74293 1.73579 1.69355 1.67317 1.68101 1.64119 1.62331 1.62575 1.55904 1.54745 1.54745 1.54745 1.55853 1.55516 1.54432 1.53347 1.64732 1.68307 1.75799 1.78739 1.78739 1.78531 1.82371 1.93613 1.92896 1.91663 1.90421 1.89185 1.87947 1.86709 1.86147 1.82895 1.82272 1.75664 1.63878 1.54522 1.54217 1.70392 1.73320 1.74260 1.75605 1.77003 1.78457 1.79925 1.81598 1.83547 1.82411 1.77630 1.79490 1.88524 1.83750 1.73672 1.57837 1.53648 1.50012 1.46580 1.35873 1.15008 1.12751 1.10612 1.09642 1.09642 1.09642 1.13014 1.30022 1.28809
1.78487 1.69550 1.66599 1.59498 1.52930 1.45519 1.42874 1.44523 1.54745 1.54705 1.53907 1.52823 1.51739 1.51456 1.51660 1.51660 1.51660 1.58460 1.68093 1.70894 1.73075 1.69263 1.65455 1.72304 1.86674 1.86147 1.86147 1.86147 1.86147 1.86147 1.86147 1.86823 1.85911 1.85930 1.85110 1.69436 1.61552 1.61110 1.73964 1.84302 1.84785 1.84785 1.84261 1.80627 1.76482 1.70432 1.64243 1.61122 1.60102 1.60037 1.60461 1.57024 1.48601 1.35739 1.33313 1.33313 1.33313 1.32515 1.10578 1.09642 1.09642 1.09642 1.09642 1.09959 1.10910 1.30740 1.32052
1.64235 1.46862 1.41620 1.41604 1.42853 1.42772 1.41858 1.40774 1.50014 1.50516 1.50230 1.50230 1.50230 1.49557 1.47290 1.44020 1.40757 1.39635 1.46955 1.47407 1.56425 1.56439 1.56439 1.64636 1.85261 1.86147 1.86147 1.86593 1.88045 1.89537 1.91028 1.91843 1.90295 1.87970 1.87970 1.72617 1.64275 1.63765 1.67650 1.77162 1.72166 1.67174 1.62702 1.61343 1.60492 1.57606 1.55654 1.55654 1.55654 1.55654 1.52710 1.52301 1.48711 1.38680 1.34153 1.34572 1.34996 1.35418 1.19238 1.12338 1.12250 1.12164 1.12079 1.11673 1.10837 1.23682 1.30089
1.52086 1.44156 1.40346 1.39261 1.39234 1.38531 1.38359 1.38689 1.43872 1.43075 1.39809 1.36542 1.33277 1.31316 1.32545 1.32545 1.32545 1.32586 1.42812 1.46005 1.54775 1.56439 1.56439 1.60992 1.83365 1.89268 1.90760 1.91806 1.91845 1.91845 1.91845 1.91845 1.91145 1.87897 1.85469 1.68146 1.52238 1.46736 1.46158 1.59625 1.60544 1.60510 1.59534 1.58398 1.57264 1.54890 1.49738 1.48376 1.47010 1.45648 1.42177 1.39478 1.37331 1.44163 1.34908 1.34399 1.33891 1.33384 1.23208 1.08948 1.08948 1.08948 1.08948 1.08948 1.08948 1.17301 1.29155
1.48544 1.42217 1.38301 1.39841 1.42116 1.44254 1.45790 1.47000 1.41780 1.31115 1.31115 1.31115 1.31115 1.31115 1.32386 1.32545 1.32545 1.32545 1.38508 1.46195 1.52555 1.60231 1.62031 1.64468 1.85710 1.92010 1.92044 1.92078 1.92111 1.91696 1.88613 1.85166 1.82022 1.76869 1.76231 1.67796 1.47977 1.38449 1.37240 1.47226 1.50009 1.48910 1.48749 1.48749 1.48749 1.48609 1.42887 1.43583 1.44789 1.45994 1.45927 1.45005 1.44444 1.51105 1.33679 1.32619 1.32619 1.32619 1.29849 1.08986 1.08948 1.08948 1.08948 1.10898 1.16353 1.26295 1.52223
1.53031 1.51916 1.48325 1.48680 1.49484 1.50828 1.51204 1.51515 1.50486 1.34644 1.34621 1.34755 1.34893 1.35035 1.37104 1.38469 1.40186 1.43836 1.48069 1.50659 1.56580 1.75406 1.75717 1.76230 1.89853 1.92934 1.89905 1.86806 1.83709 1.81058 1.81077 1.81460 1.81502 1.79934 1.79386 1.76301 1.51073 1.33429 1.33429 1.40407 1.49092 1.50081 1.51085 1.52090 1.53094 1.53399 1.50432 1.49737 1.49737 1.49737 1.49301 1.46338 1.46087 1.48387 1.38674 1.32619 1.32619 1.32619 1.33015 1.18092 1.19473 1.24997 1.30523 1.34099 1.34170 1.34637 1.59360
1.49040 1.49323 1.53314 1.53161 1.53131 1.54406 1.54260 1.54183 1.54183 1.39341 1.35544 1.35544 1.36416 1.40519 1.46704 1.53348 1.56428 1.57987 1.59463 1.60387 1.62887 1.74754 1.74172 1.70634 1.75724 1.81571 1.81502 1.81502 1.81502 1.81502 1.81502 1.81502 1.81502 1.80398 1.78998 1.77986 1.56529 1.31055 1.29719 1.35885 1.54802 1.54678 1.53474 1.52380 1.49702 1.45482 1.46756 1.49737 1.49737 1.49737 1.49737 1.46743 1.46338 1.46471 1.45810 1.39669 1.45025 1.50383 1.55344 1.44577 1.34170 1.34170 1.34170 1.34170 1.34263 1.35106 1.53214
1.48189 1.48189 1.52089 1.52236 1.51029 1.55307 1.57786 1.58843 1.60095 1.53951 1.49534 1.53969 1.57928 1.58708 1.60015 1.63235 1.63478 1.62984 1.62288 1.60159 1.53284 1.58631 1.66180 1.65116 1.68758 1.81502 1.81502 1.81502 1.81088 1.80071 1.79057 1.78037 1.77022 1.75363 1.73260 1.73253 1.59117 1.33240 1.27792 1.29965 1.49319 1.50859 1.50899 1.50899 1.50299 1.45412 1.45632 1.49632 1.49737 1.49899 1.53740 1.56934 1.61052 1.64883 1.73040 1.56358 1.56442 1.57273 1.58281 1.53952 1.38116 1.39122 1.40129 1.41137 1.42059 1.42222 1.50330
1.41733 1.40675 1.41574 1.41783 1.41751 1.56921 1.69214 1.72572 1.75571 1.71718 1.59584 1.59981 1.59980 1.59386 1.58788 1.61385 1.60818 1.60647 1.60647 1.60091 1.53130 1.53914 1.67769 1.71911 1.77277 1.78816 1.76993 1.75972 1.75372 1.75369 1.75369 1.75369 1.75369 1.75124 1.71451 1.69262 1.59780 1.36931 1.28035 1.28039 1.44528 1.50899 1.50899 1.50899 1.50899 1.47556 1.50658 1.59490 1.66905 1.74777 1.79932 1.79717 1.74003 1.72520 1.81959 1.65086 1.64235 1.64410 1.64410 1.64060 1.43661 1.42222 1.42222 1.42222 1.42222 1.42222 1.46135
1.38873 1.39752 1.44071 1.49361 1.52685 1.62059 1.76148 1.76030 1.75896 1.74779 1.59180 1.57885 1.57263 1.57161 1.57161 1.59870 1.61620 1.65202 1.68928 1.72660 1.73441 1.73436 1.90172 1.92088 1.95180 1.80983 1.75369 1.75369 1.75369 1.75367 1.73946 1.71613 1.69503 1.67635 1.65676 1.65434 1.63042 1.41818 1.28035 1.28035 1.38255 1.54410 1.60825 1.67253 1.73670 1.78852 1.81698 1.89342 2.00418 2.01364 2.01364 1.98030 1.78129 1.77022 1.81108 1.71451 1.64024 1.63138 1.62425 1.61706 1.46333 1.38089 1.37506 1.37227 1.36957 1.36695 1.36900
1.47433 1.49396 1.50539 1.54092 1.53845 1.55737 1.74466 1.73750 1.73188 1.73138 1.62218 1.61224 1.64953 1.68677 1.72403 1.78064 1.82373 1.82515 1.82515 1.82515 1.82053 1.76799 1.85001 1.91693 1.94571 1.86260 1.74378 1.72010 1.69863 1.67910 1.67188 1.67197 1.67197 1.67197 1.66063 1.65434 1.65636 1.59381 1.45484 1.50183 1.59994 1.85827 1.88255 1.88510 1.88763 1.89213 1.91081 1.93845 2.07905 2.09650 2.11355 2.13034 1.93929 1.93188 1.86619 1.72639 1.60209 1.60828 1.61276 1.61725 1.53946 1.40434 1.40753 1.40765 1.40765 1.40765 1.40765
1.49137 1.48443 1.47977 1.51271 1.50792 1.52004 1.73343 1.77187 1.78642 1.80105 1.80218 1.79029 1.79029 1.79029 1.79029 1.80187 1.82515 1.82515 1.82515 1.82515 1.82991 1.77901 1.79792 1.88540 1.87166 1.82207 1.67251 1.67377 1.67481 1.67588 1.67691 1.67792 1.68481 1.70860 1.75060 1.80456 1.80736 1.79479 1.69983 1.70816 1.73554 1.95464 2.03074 2.04194 2.05296 2.06362 2.09720 2.10400 2.22235 2.25673 2.21480 2.18840 2.02580 1.93336 1.86134 1.72443 1.62953 1.62953 1.62953 1.62953 1.61002 1.40923 1.40765 1.40765 1.40765 1.40765 1.41889
1.48852 1.50100 1.51625 1.57410 1.59924 1.60398 1.74734 1.81308 1.80378 1.80497 1.80990 1.79048 1.79488 1.80103 1.80718 1.81575 1.80730 1.80384 1.80251 1.82659 1.85939 1.84135 1.81506 1.78277 1.77565 1.77725 1.72476 1.69722 1.68163 1.67700 1.67232 1.66768 1.65784 1.63265 1.62194 1.65922 1.65660 1.66626 1.76376 1.81548 1.81548 1.95857 2.08308 2.08171 2.07513 2.06803 2.07816 2.08455 2.13292 2.20767 2.17293 2.13958 2.04555 1.90724 1.88418 1.73644 1.64299 1.62953 1.62953 1.62953 1.62953 1.45754 1.43186 1.45493 1.47802 1.50111 1.51296
1.65033 1.61680 1.62268 1.62616 1.62948 1.63264 1.71386 1.82571 1.82532 1.84137 1.88684 1.87093 1.87057 1.87057 1.87069 1.89032 1.83475 1.83973 1.85282 1.83671 1.79998 1.72511 1.60410 1.50924 1.48003 1.52826 1.55666 1.57070 1.58165 1.58165 1.58165 1.58165 1.58165 1.58165 1.58326 1.65408 1.65660 1.66279 1.74425 1.83753 1.84746 1.89206 2.03881 2.03954 2.02631 1.98525 1.95572 1.97081 1.99750 2.20603 2.18594 2.13958 2.10271 1.90724 1.89826 1.76170 1.67038 1.61337 1.57940 1.54543 1.51143 1.49927 1.51296 1.51296 1.51296 1.51296 1.51296
1.74635 1.66659 1.66659 1.66659 1.66659 1.66659 1.69876 1.84378 1.81566 1.79906 1.82150 1.79861 1.80443 1.81967 1.83256 1.81262 1.71818 1.66834 1.65067 1.63375 1.61157 1.57622 1.58907 1.53585 1.52383 1.56766 1.60137 1.58165 1.58165 1.58165 1.58165 1.58462 1.59562 1.60708 1.61845 1.68761 1.71630 1.72484 1.75953 1.87564 1.86806 1.83573 1.90620 1.90793 1.87818 1.87677 1.87819 1.95170 1.95775 2.16972 2.19807 2.13958 2.13632 1.89765 1.84029 1.69597 1.56531 1.47922 1.47922 1.47922 1.47862 1.48369 1.50839 1.50637 1.50435 1.50236 1.50033
1.79806 1.67735 1.68056 1.68378 1.68700 1.69021 1.69331 1.67799 1.71099 1.74138 1.78811 1.79775 1.76607 1.74841 1.73298 1.72540 1.66050 1.58355 1.55950 1.53851 1.53556 1.53272 1.60853 1.54939 1.52438 1.55184 1.62500 1.60737 1.61870 1.63012 1.64157 1.64999 1.65040 1.65040 1.65040 1.69179 1.72103 1.68126 1.65077 1.74066 1.71725 1.71449 1.79035 1.87781 1.87677 1.87677 1.87677 1.92650 1.94928 2.05320 2.14002 2.03324 1.99199 1.82746 1.75232 1.67444 1.56592 1.46888 1.46655 1.46453 1.46311 1.46328 1.49377 1.49680 1.49680 1.49680 1.49556
1.84170 1.71617 1.69488 1.69575 1.71987 1.72971 1.72290 1.69766 1.70623 1.72379 1.73576 1.74381 1.69869 1.67461 1.65056 1.63191 1.60954 1.53556 1.53556 1.53698 1.54517 1.55424 1.60951 1.60155 1.57701 1.58672 1.66222 1.66883 1.65040 1.65040 1.65040 1.65044 1.65019 1.61917 1.57536 1.55651 1.56504 1.56027 1.57658 1.69136 1.77103 1.81483 1.88421 2.02121 1.86137 1.83250 1.80330 1.79445 1.81500 1.85602 2.01813 1.93317 1.89200 1.82824 1.74076 1.70424 1.56825 1.48090 1.46306 1.46306 1.46480 1.48073 1.52002 1.52672 1.51076 1.49705 1.49049
