High_resolution/powerplant/Shangrao/OMI_NO2_200704.asc
ncols      200
nrows      200
xllcorner       115.451
yllcorner       27.0350
cellsize     0.0166667
NODATA_Value      -999.000
[rows 60 to 89 of 165, columns 132 to 197 of 200]
1.87355 1.87506 1.88314 1.88609 1.88609 1.91309 1.86758 1.74788 1.69739 1.65418 1.64509 1.72763 1.73316 1.73316 1.63190 1.59099 1.59099 1.59099 1.59099 1.59099 1.59099 1.59099 1.59099 1.59099 1.61459 1.74382 1.74382 1.83084 1.78450 1.55900 1.82886 1.89293 1.84545 1.81235 1.81136 1.82254 1.84180 1.86343 1.88671 1.89542 1.89649 1.89649 1.89649 1.87975 1.73935 1.74888 1.48710 1.20357 1.65247 1.67695 1.70279 1.72990 1.75859 2.04219 2.12130 2.15405 2.18812 2.22387 2.25639 2.26097 2.26097 2.26330 2.26018 2.38040 2.77152 2.59823
1.88609 1.88609 1.86932 1.80985 1.75488 1.71002 1.71720 1.64352 1.64352 1.64352 1.64352 1.70326 1.73316 1.73316 1.66625 1.59099 1.59099 1.59099 1.59099 1.59099 1.59099 1.59099 1.59099 1.59099 1.59323 1.77137 1.83416 1.79728 1.69040 1.38442 1.59925 1.82259 1.84163 1.86301 1.88684 1.89649 1.89649 1.89649 1.88037 1.82769 1.77368 1.71952 1.66546 1.61141 1.41795 1.34763 1.30282 1.22471 1.93637 2.03268 2.05070 2.06962 2.08938 2.27837 2.42492 2.44676 2.46914 2.49349 2.53981 2.59570 2.64382 2.56174 2.40681 2.14024 1.89947 1.85550
1.83319 1.71962 1.68529 1.68341 1.68341 1.68341 1.72393 1.64498 1.64352 1.64352 1.64352 1.67726 1.73316 1.73316 1.70062 1.59099 1.59099 1.59099 1.59099 1.59099 1.59519 1.63762 1.68925 1.74080 1.79071 1.89899 1.91869 1.83955 1.59861 1.39448 1.43652 1.73421 1.68470 1.63513 1.58555 1.53607 1.48654 1.43697 1.40356 1.40671 1.41125 1.41577 1.42031 1.42484 1.28784 1.19433 1.22590 1.22074 1.88441 2.32194 2.32194 2.32194 2.32194 2.39734 2.63172 2.66322 2.68866 2.59060 2.42243 2.24608 2.08010 2.04201 2.02742 1.85589 1.85550 1.85550
1.85678 1.68396 1.68341 1.68341 1.68341 1.68341 1.70988 1.66328 1.64352 1.64352 1.64352 1.65182 1.73264 1.73316 1.72973 1.59625 1.59899 1.64586 1.69902 1.74671 1.76229 1.72413 1.67682 1.63228 1.61067 1.69054 1.79022 1.79238 1.43774 1.25164 1.15860 1.42803 1.43342 1.43342 1.43342 1.43342 1.43342 1.43342 1.43342 1.43342 1.43342 1.43342 1.43342 1.43342 1.34334 1.19414 1.21363 1.22628 1.55347 2.35057 2.39785 2.44510 2.49238 2.52845 2.46049 2.26025 2.08998 2.04201 2.09415 2.21763 2.34143 2.46542 2.58934 2.04721 1.85550 1.85550
1.88609 1.71870 1.68341 1.68341 1.68406 1.68840 1.70104 1.69606 1.65067 1.65233 1.64708 1.62154 1.67915 1.71985 1.74460 1.66859 1.63427 1.59160 1.54269 1.49954 1.50312 1.53369 1.56431 1.59209 1.59705 1.64460 1.78034 1.78034 1.56873 1.32244 1.14848 1.37247 1.43342 1.43342 1.43342 1.43342 1.43342 1.43342 1.43342 1.43342 1.43342 1.43342 1.43342 1.43342 1.39379 1.24235 1.30405 1.41855 1.57487 2.49685 2.53061 2.53061 2.53118 2.63867 2.44860 2.36184 2.48576 2.60956 2.68135 2.68179 2.68179 2.68179 2.68179 2.31064 1.85550 1.85550
1.93508 1.82532 1.70352 1.67998 1.65565 1.62771 1.59923 1.57247 1.48457 1.50723 1.53633 1.58197 1.64025 1.63956 1.61450 1.54009 1.49440 1.52465 1.55527 1.58561 1.59705 1.59705 1.59705 1.59705 1.59705 1.60596 1.77797 1.78034 1.68259 1.37143 1.16529 1.30471 1.43342 1.43342 1.43342 1.43342 1.43342 1.43342 1.43342 1.43342 1.44222 1.48081 1.52185 1.56284 1.59682 1.43405 1.42796 1.48747 1.70812 2.57218 3.04087 3.22657 3.41188 3.49029 3.24140 2.68179 2.68179 2.68179 2.68179 2.68179 2.68179 2.68179 2.68179 2.51888 1.85550 1.85550
1.69979 1.62266 1.49080 1.49073 1.49138 1.49277 1.49061 1.59334 1.61360 1.60897 1.60466 1.60416 1.60692 1.62828 1.65891 1.65982 1.59667 1.59705 1.59705 1.59705 1.59705 1.59705 1.59705 1.59705 1.59705 1.59705 1.74584 1.78034 1.77414 1.40963 1.22712 1.23687 1.43342 1.43342 1.43342 1.43342 1.45111 1.49205 1.53307 1.57412 1.60633 1.60876 1.61079 1.65595 1.71844 1.69080 1.74081 1.98320 2.51402 2.91704 3.44673 3.40424 3.36246 3.32273 3.27537 2.61156 2.54842 2.53114 2.51379 2.49727 2.48063 2.46483 2.44881 2.43965 1.90565 1.85550
1.72604 1.64509 1.51025 1.48351 1.47931 1.47438 1.47298 1.52844 1.61924 1.62711 1.65774 1.68836 1.71436 1.71036 1.70974 1.70493 1.59927 1.59705 1.59705 1.59705 1.59705 1.59705 1.59705 1.59705 1.59384 1.58488 1.68179 1.74565 1.73567 1.48558 1.24284 1.12441 1.38478 1.41484 1.44336 1.47130 1.48306 1.47581 1.50582 1.57533 1.65306 1.70050 1.74553 1.75390 1.74777 1.68819 1.62907 1.68622 1.95016 2.06164 2.62725 2.62905 2.62905 2.62905 2.62905 2.36819 2.23798 2.23798 2.23798 2.23798 2.23798 2.23798 2.23798 2.23999 2.14068 1.73833
1.76840 1.62306 1.54063 1.47298 1.47298 1.48693 1.51751 1.54937 1.72610 1.71761 1.71761 1.71761 1.71761 1.71252 1.70974 1.70974 1.57388 1.46211 1.45521 1.44842 1.44168 1.43504 1.42855 1.42215 1.41803 1.41798 1.47362 1.56977 1.56075 1.46185 1.28690 1.15463 1.35533 1.42878 1.47878 1.52877 1.57876 1.62726 1.64151 1.66226 1.71829 1.71829 1.71706 1.71289 1.70859 1.67156 1.58718 1.59217 1.86977 1.98847 2.50750 2.60346 2.55967 2.51802 2.47768 2.32885 2.09438 2.07106 2.04828 2.02614 1.99655 1.89114 1.77003 1.65752 1.36345 0.636290
1.82703 1.62306 1.59708 1.53910 1.56972 1.58640 1.58643 1.58643 1.68470 1.71761 1.71761 1.71761 1.71761 1.71476 1.70974 1.70974 1.61539 1.41798 1.41798 1.41798 1.41798 1.41798 1.41798 1.41618 1.40631 1.39547 1.40610 1.52801 1.56336 1.61275 1.52123 1.40490 1.53479 1.63687 1.63258 1.62828 1.62192 1.61314 1.60436 1.60071 1.66328 1.65479 1.64723 1.64261 1.63814 1.61090 1.38859 1.37628 1.51612 1.63114 1.85997 2.08507 2.08507 2.08507 2.08507 2.07833 1.85835 1.75504 1.65863 1.56549 1.49550 1.50036 1.52658 1.55081 1.53734 0.491944
1.87489 1.63717 1.62306 1.59111 1.58643 1.58643 1.58643 1.58643 1.63346 1.71761 1.71761 1.71761 1.71761 1.71701 1.70979 1.70974 1.67456 1.42748 1.41798 1.41506 1.40461 1.39376 1.37971 1.40446 1.49454 1.58615 1.66546 1.87121 1.89828 1.88659 1.86079 1.91870 1.72183 1.54606 1.54158 1.53709 1.53465 1.53465 1.53465 1.53465 1.60050 1.61144 1.61144 1.61144 1.61144 1.61139 1.36424 1.33645 1.41620 1.60396 1.70699 2.08225 1.99879 1.87816 1.75761 1.63712 1.50127 1.49847 1.52445 1.54975 1.55344 1.49604 1.34902 1.18523 1.01311 0.500979
1.87816 1.69594 1.62306 1.60192 1.58643 1.58643 1.58643 1.58643 1.59085 1.70477 1.70270 1.69182 1.68101 1.67024 1.65265 1.63350 1.60107 1.50617 1.50653 1.58944 1.68077 1.77250 1.86293 1.87959 1.83085 1.78148 1.74478 1.89281 1.95930 1.95930 1.89878 2.01127 1.77571 1.53465 1.53465 1.53465 1.53465 1.53465 1.53465 1.53465 1.58459 1.61144 1.61144 1.61144 1.61144 1.61144 1.42493 1.33593 1.36188 1.57403 1.59358 1.59342 1.55344 1.55344 1.55344 1.55310 1.47378 1.32381 1.15726 0.971091 0.761749 0.627330 0.626465 0.626465 0.613267 0.486419
1.74633 1.58774 1.41455 1.37918 1.35820 1.32715 1.29529 1.26299 1.23105 1.46204 1.56921 1.56068 1.54626 1.52809 1.54408 1.65734 1.72837 1.94574 1.92462 1.89476 1.84538 1.79601 1.75102 1.74282 1.74282 1.74282 1.74282 1.84448 1.95930 1.95930 1.93724 1.97939 1.82972 1.56671 1.53465 1.53465 1.53465 1.53465 1.53465 1.53465 1.56871 1.61144 1.61144 1.61019 1.60650 1.60274 1.47326 1.32075 1.32081 1.51846 1.58084 1.46318 1.29834 1.12869 0.939061 0.726406 0.626465 0.626465 0.626465 0.626465 0.626465 0.626465 0.626465 0.626465 0.626213 0.500784
1.40216 1.34201 1.15012 1.14851 1.19915 1.20416 1.20433 1.22587 1.25981 1.38300 1.48245 1.45830 1.44006 1.42558 1.50917 1.82631 1.76785 1.83497 1.76155 1.74282 1.74282 1.74282 1.74282 1.74282 1.74282 1.74282 1.74282 1.79612 1.95930 1.95930 1.95930 1.91933 1.90504 1.63198 1.53465 1.53465 1.53465 1.53465 1.53463 1.53238 1.54688 1.60165 1.59790 1.59538 1.59532 1.59241 1.46631 1.15127 1.04414 0.946832 0.735863 0.654614 0.626465 0.626465 0.626465 0.626465 0.626465 0.626465 0.627580 0.629690 0.631777 0.633875 0.635968 0.638060 0.640165 0.543525
1.38505 1.37947 1.15494 1.17381 1.23384 1.26905 1.28551 1.28068 1.26346 1.29362 1.42340 1.41574 1.36272 1.30345 1.24654 1.58884 1.62732 1.72460 1.74282 1.74282 1.74282 1.74282 1.74282 1.74282 1.74282 1.74282 1.74282 1.75161 1.95544 1.95930 1.95930 1.89146 1.99054 1.71770 1.56086 1.56672 1.57192 1.57721 1.58269 1.59065 1.60118 1.55093 1.46554 1.37398 1.27383 1.16738 1.12525 0.802378 0.796900 0.789594 0.711480 0.711573 0.675391 0.676407 0.678464 0.680598 0.685081 0.699219 0.712463 0.724040 0.735010 0.745324 0.755138 0.764404 0.773218 0.733854
1.43105 1.45194 1.29443 1.22502 1.22649 1.25943 1.25943 1.25763 1.21523 1.16230 1.23601 1.19862 1.18747 1.18249 1.17763 1.42117 1.56233 1.58714 1.83553 1.85327 1.86350 1.87385 1.88435 1.89518 1.90607 1.91709 1.92828 1.93971 2.15405 2.21875 2.21783 2.12914 2.30442 2.05986 1.76838 1.76486 1.69923 1.59801 1.48556 1.35957 1.22196 1.15877 1.15551 1.15551 1.15551 1.15551 1.15624 0.876295 0.796019 0.788474 0.772114 0.785014 0.768828 0.768476 0.777070 0.785269 0.794168 0.807910 0.822174 0.836438 0.850771 0.865059 0.879209 0.903605 0.978965 1.05932
1.35448 1.34710 1.23767 1.12958 1.12522 1.10637 1.04689 0.995150 0.978288 0.976608 1.06972 1.11402 1.11402 1.11402 1.11402 1.23229 1.46616 1.46616 1.85963 1.98687 1.98687 1.98687 1.98687 1.98687 1.98687 1.98687 1.96356 1.88997 1.96430 1.99910 1.93838 1.91127 2.11210 1.99057 1.39215 1.22310 1.17992 1.18363 1.18795 1.19260 1.19761 1.17313 1.15054 1.13669 1.12192 1.10619 1.08913 0.940640 0.881477 0.900497 0.954174 0.981913 0.982926 0.979357 0.993621 1.00789 1.01975 1.02092 1.02092 1.05243 1.12044 1.18850 1.25649 1.31438 1.32135 1.32889
1.29546 1.29546 1.24663 1.10351 1.10351 1.02405 0.976576 0.976576 0.976576 0.976576 1.03376 1.11402 1.11402 1.11402 1.11402 1.13649 1.46046 1.46616 1.73575 1.98687 1.98687 1.98687 1.95359 1.87846 1.80308 1.72776 1.65738 1.61418 1.65060 1.78393 1.80542 1.86030 2.02694 1.73181 1.06432 1.00557 0.976159 0.948780 0.921759 0.894700 0.867679 0.890357 0.928105 0.928105 0.928105 0.928105 0.928105 0.964846 1.03192 1.03192 1.04184 1.05195 1.04791 1.02093 1.02578 1.08070 1.14875 1.21674 1.29410 1.32129 1.32135 1.32135 1.32135 1.32135 1.40957 1.60437
1.29546 1.29546 1.28855 1.10833 1.10351 1.06584 0.976576 0.976576 0.976576 0.976576 1.00743 1.10435 1.11402 1.11403 1.11592 1.11912 1.38974 1.47760 1.60024 1.86738 1.77841 1.67040 1.57062 1.51355 1.45367 1.40698 1.43306 1.50513 1.61620 1.75599 1.75603 1.75603 1.80816 1.74399 0.849961 0.849961 0.849961 0.849961 0.849961 0.849961 0.849961 0.871987 0.928105 0.928105 0.928105 0.928105 0.928105 0.942068 1.03192 1.03192 1.05105 1.10741 1.15326 1.23544 1.32757 1.48629 1.63835 1.77368 1.79777 1.44023 1.63274 1.80866 1.97010 2.11858 2.19924 2.19959
1.29546 1.29738 1.31811 1.19620 1.17688 1.19970 1.08970 1.10121 1.12241 1.14741 1.16701 1.14288 1.18705 1.19987 1.16316 1.10307 1.21971 1.35106 1.29846 1.40355 1.36097 1.33956 1.39795 1.47945 1.57459 1.65878 1.66453 1.66453 1.66459 1.74731 1.75603 1.75603 1.76414 1.90409 0.960144 0.849961 0.849961 0.849961 0.849961 0.849961 0.849961 0.853015 0.926791 0.928105 0.928105 0.928105 0.958171 1.01952 1.17546 1.24556 1.30019 1.39080 1.54652 1.72553 1.96765 2.11898 2.24513 2.36266 2.47222 2.25667 2.19959 2.19959 2.19959 2.19959 2.19959 2.19959
1.57426 1.60549 1.61916 1.54598 1.48979 1.51183 1.38547 1.32467 1.34016 1.34975 1.34785 1.16061 0.950619 0.778950 0.658935 0.560314 0.618957 1.19947 1.22849 1.42126 1.54583 1.64362 1.66453 1.66453 1.66453 1.66453 1.66453 1.66453 1.66453 1.72690 1.75603 1.75603 1.75603 1.87252 1.31902 0.849961 0.849961 0.849961 0.849961 0.849961 0.849961 0.853421 0.967600 1.03678 1.09794 1.15914 1.19130 1.33397 1.62258 2.00197 2.32628 2.29380 2.32945 2.44874 2.51720 2.51720 2.51720 2.51720 2.51720 2.36234 2.19959 2.19959 2.19959 2.19959 2.19959 2.19959
1.67510 1.67615 1.67615 1.65839 1.60184 1.60295 1.52346 1.28310 1.16391 1.03133 0.903637 0.639472 0.489329 0.483954 0.486628 0.494899 0.506607 1.29353 1.41348 1.55505 1.66453 1.66453 1.66453 1.66453 1.66453 1.66453 1.66453 1.66453 1.66453 1.70642 1.75603 1.75603 1.75603 1.82415 1.61458 0.849961 0.849961 0.864352 0.947197 1.03901 1.13086 1.21909 1.24132 1.37238 1.79737 2.18411 2.49058 2.69528 2.87214 2.94528 2.95275 2.75705 2.55810 2.56491 2.61543 2.62509 2.63119 2.63741 2.64347 2.59427 2.36789 2.39643 2.42944 2.46253 2.49560 2.52868
1.67615 1.67753 1.65824 1.56320 1.31275 1.14488 0.972384 0.776243 0.770216 0.770216 0.774477 0.690679 0.532901 0.511788 0.519294 0.519027 0.515003 1.05544 1.39941 1.48923 1.66453 1.66453 1.66453 1.66453 1.66453 1.66453 1.66453 1.66453 1.66453 1.68594 1.75603 1.75603 1.75603 1.80858 1.93328 1.07263 1.15693 1.23427 1.26662 1.69788 2.26831 2.67873 2.90145 2.97390 3.00639 3.00639 3.00639 3.00639 3.02237 3.06868 3.06868 2.97199 2.69321 2.71395 2.76662 2.80534 2.82670 2.84816 2.86953 2.88963 2.69958 2.67648 2.68539 2.70000 2.71460 2.72923
1.36159 1.23522 1.14551 1.13835 0.924272 0.847190 0.840796 0.762804 0.755338 0.783598 0.810780 0.731846 0.492988 0.431721 0.426915 0.422559 0.421787 0.710374 1.31580 1.37482 1.66453 1.66453 1.66453 1.66453 1.66453 1.66453 1.66453 1.66453 1.66453 1.71397 1.89802 1.99778 2.09548 2.16149 2.20404 2.08165 2.52254 2.87842 3.13892 3.22409 3.22625 3.22625 3.17931 3.00639 3.00639 3.00639 3.00867 3.01763 3.03008 3.11792 3.13416 3.14370 2.96683 2.95713 2.98610 3.03005 3.04218 3.05436 3.06659 3.07874 2.97923 2.90320 2.96493 3.05678 3.14851 3.24038
1.08040 1.08040 1.08040 1.08040 0.936302 0.782748 0.782748 0.782748 0.782748 0.782748 0.782748 0.765507 0.505382 0.423842 0.421787 0.421787 0.421787 0.471852 1.29783 1.32323 1.65333 1.66453 1.66453 1.66453 1.66539 1.72615 1.82380 1.92150 2.01936 2.09287 2.20201 2.26284 2.31398 2.36677 2.40147 2.96046 3.27647 3.29144 3.30314 3.31485 3.32655 3.33824 3.34576 3.12292 3.12409 3.13344 3.14052 3.14093 3.14093 3.27156 3.30055 3.30055 3.13228 3.05923 3.06242 3.10693 3.10776 3.11886 3.18725 3.26377 3.30254 3.27842 3.31418 3.31418 3.31418 3.31418
1.20219 1.08040 1.08040 1.08040 1.00441 0.782748 0.782748 0.782748 0.782748 0.782748 0.782748 0.782748 0.555091 0.442202 0.421787 0.421787 0.421787 0.421787 1.09143 1.31631 1.58016 1.74448 1.85898 1.97283 2.09374 2.17202 2.21400 2.25343 2.29045 2.30814 2.43454 2.54010 2.54514 2.54514 2.54799 2.83863 3.34946 3.39443 3.39443 3.39443 3.39443 3.39443 3.39443 3.19054 3.14093 3.14093 3.14093 3.14093 3.14093 3.23653 3.30055 3.30055 3.19158 3.05642 3.04936 3.22681 3.37252 3.42306 3.37787 3.32253 3.26806 3.30895 3.32779 3.35230 3.37677 3.40121
1.46393 1.08040 1.08040 1.08040 1.06297 0.784729 0.774129 0.751073 0.727680 0.704512 0.681343 0.657979 0.556556 0.473169 0.427347 0.427968 0.435746 0.498195 0.985183 1.54851 1.94337 2.24373 2.27340 2.30130 2.31647 2.31650 2.31650 2.31650 2.31650 2.31650 2.39449 2.54514 2.54514 2.54514 2.54525 2.65402 3.27863 3.39443 3.39443 3.39443 3.39443 3.39443 3.39443 3.23856 3.14093 3.14093 3.14093 3.14093 3.14081 3.19575 3.28632 3.27780 3.21964 3.02672 2.97101 3.10472 3.27803 3.25176 3.27017 3.29057 3.31096 3.39179 3.44057 3.44057 3.44057 3.44057
1.61417 0.951527 0.934004 0.916585 0.888182 0.582096 0.503157 0.502934 0.502934 0.502934 0.502934 0.502934 0.506791 0.495331 0.583164 0.667286 0.752829 0.784030 1.00522 1.76307 1.94963 2.31650 2.31650 2.31650 2.31650 2.31650 2.31650 2.31650 2.31650 2.31650 2.34368 2.54514 2.54514 2.54514 2.54514 2.55820 3.12297 3.39443 3.39443 3.39443 3.39443 3.39443 3.39443 3.29109 3.14008 3.13284 3.12432 3.11580 3.10740 3.12573 3.20709 3.13401 2.95552 2.80640 2.87670 2.96218 3.33422 3.34039 3.34039 3.34039 3.34039 3.37089 3.44057 3.44057 3.44057 3.44057
1.70240 0.689986 0.595266 0.541592 0.503815 0.502934 0.502934 0.502934 0.500316 0.487565 0.475519 0.463976 0.456386 0.467256 0.746346 0.820889 0.820889 0.820889 0.823025 1.68130 1.83111 2.31470 2.31650 2.31650 2.31650 2.31650 2.31650 2.31650 2.31650 2.31650 2.31652 2.52154 2.54514 2.54514 2.54514 2.54927 2.91650 3.39370 3.39443 3.39443 3.39161 3.38135 3.37069 3.31564 3.10576 3.10350 3.05420 2.88518 2.66971 2.44055 2.42105 2.25623 2.21487 2.56748 2.94919 2.95234 3.31377 3.37578 3.37892 3.38207 3.38519 3.39360 3.49863 3.50567 3.50988 3.52999
1.70045 0.863984 0.502934 0.502934 0.499996 0.487454 0.475138 0.463089 0.453067 0.450656 0.450127 0.450127 0.450184 0.465423 0.641132 0.820889 0.820889 0.820889 0.820889 1.45163 1.76681 2.27629 2.31650 2.31650 2.31650 2.31650 2.31650 2.31650 2.31650 2.31650 2.31650 2.47065 2.54514 2.54514 2.54514 2.54577 2.70323 3.34326 3.36771 3.35706 3.34924 3.34149 3.18105 2.91668 2.62341 2.37582 2.16575 2.11869 2.11869 2.11869 2.26242 2.31821 2.31821 2.43316 3.01507 3.03428 3.28850 3.49111 3.51087 3.53072 3.55049 3.57032 3.69248 3.76399 3.78729 3.79475
