High_resolution/powerplant/Shangrao/OMI_NO2_2007_06-08.asc
ncols      200
nrows      200
xllcorner       115.451
yllcorner       27.0350
cellsize     0.0166667
NODATA_Value      -999.000
[rows 116 to 144 of 200, columns 67 to 133 of 200]
1.49212 1.52234 1.56218 1.60219 1.61609 1.63691 1.69247 1.80483 1.87205 1.87807 1.90825 1.92441 1.97247 1.97308 2.02375 2.01160 2.05180 2.02853 1.91480 1.85445 1.91192 1.95656 1.89065 1.88785 1.87332 1.79640 1.82191 1.79591 1.80180 1.80652 1.81640 1.87126 1.89276 1.86007 1.84783 1.77003 1.80010 1.86625 1.93897 1.93812 1.98385 2.01349 2.05680 2.11568 2.10434 2.09406 2.01055 2.00358 1.98679 1.84628 1.78364 1.81147 1.83118 1.79291 1.76043 1.73004 1.72713 1.67001 1.64506 1.62750 1.55677 1.52538 1.52715 1.52413 1.53921 1.56128 1.66154
1.53286 1.56681 1.58559 1.61216 1.60309 1.60153 1.62166 1.73993 1.85016 1.90911 1.94267 1.93291 1.97151 1.97429 2.01452 2.01133 2.07953 2.05172 2.01996 1.95283 1.95897 1.99685 1.94178 1.94920 1.97525 1.88424 1.89670 1.86806 1.85399 1.84222 1.83600 1.87565 1.88478 1.84637 1.82181 1.86066 1.90455 1.98921 2.07684 2.07075 2.08625 2.10760 2.11349 2.15018 2.11936 2.12013 2.05434 2.00974 2.06710 1.91667 1.83889 1.82529 1.81646 1.81937 1.78369 1.74180 1.74930 1.69674 1.65176 1.65731 1.58822 1.56388 1.58377 1.62030 1.67771 1.69568 1.78027
1.52520 1.55741 1.55357 1.59892 1.60688 1.61476 1.64313 1.74249 1.84491 1.90236 1.94804 1.96196 1.99342 1.99146 2.05713 2.03955 2.11156 2.07244 2.05552 1.93239 1.93394 1.96900 1.95300 1.95586 1.99254 1.89794 1.85937 1.84217 1.80224 1.79190 1.79387 1.82885 1.85265 1.84693 1.81285 1.85205 1.90044 1.96258 2.01484 1.99827 2.01359 2.09807 2.15524 2.24473 2.20787 2.18472 2.10805 1.99270 2.07164 1.97323 1.90879 1.87022 1.87615 1.90636 1.83517 1.80201 1.80172 1.76480 1.73492 1.76522 1.72514 1.67839 1.68206 1.67012 1.69988 1.68348 1.71066
1.47161 1.53873 1.51140 1.52304 1.53759 1.54054 1.58361 1.66300 1.73760 1.78338 1.87728 1.89618 1.90391 1.89913 1.94301 1.93623 2.01646 1.96080 1.93786 1.87625 1.86713 1.82516 1.85161 1.85520 1.92350 1.88193 1.81489 1.82773 1.79556 1.79568 1.79332 1.80988 1.82809 1.84380 1.80303 1.82590 1.95404 2.06428 2.12621 2.09292 2.12234 2.20180 2.25388 2.31888 2.24605 2.20564 2.16418 2.05785 2.13969 2.11692 2.07751 2.04023 2.03372 2.04218 1.94023 1.92463 1.92891 1.90897 1.86615 1.85947 1.81821 1.70704 1.70860 1.69829 1.73733 1.69308 1.68316
1.37560 1.45182 1.47923 1.49426 1.52459 1.53158 1.56956 1.64819 1.64194 1.69086 1.80989 1.87138 1.88167 1.88355 1.92620 1.91461 1.98565 1.90545 1.93742 1.88353 1.88408 1.81528 1.84284 1.83141 1.88325 1.86369 1.70079 1.78710 1.79138 1.79347 1.79513 1.81804 1.87905 1.93713 1.94010 1.99070 2.12361 2.18640 2.23919 2.15527 2.13823 2.20007 2.24847 2.31804 2.27852 2.21102 2.16540 2.08497 2.10631 2.12092 2.05879 2.00314 1.99892 2.01415 1.91921 1.89433 1.92011 1.90414 1.82553 1.79404 1.77540 1.62342 1.62073 1.58251 1.63169 1.59578 1.57841
1.47187 1.52847 1.56760 1.56397 1.60826 1.62120 1.64439 1.71560 1.70893 1.73241 1.82971 1.92774 1.93743 1.92154 1.97673 1.95004 1.97380 1.88600 1.88774 1.86878 1.88987 1.80484 1.76958 1.78377 1.81952 1.86565 1.69843 1.78962 1.85371 1.89735 1.93265 1.97778 2.02731 2.08531 2.08551 2.08892 2.17643 2.23305 2.32252 2.25381 2.21740 2.29308 2.36653 2.38149 2.35861 2.27390 2.24861 2.22326 2.24738 2.25248 2.15132 2.05484 1.98312 1.97714 1.89184 1.85448 1.87596 1.82467 1.71350 1.65139 1.63676 1.54951 1.54603 1.55516 1.60995 1.62807 1.57973
1.53559 1.60540 1.65963 1.65933 1.67842 1.68801 1.68495 1.76210 1.75336 1.74308 1.81141 1.93861 1.95215 1.92252 1.91781 1.91897 1.93797 1.92087 1.90111 1.89221 1.92453 1.87524 1.77099 1.81404 1.87330 1.97861 1.89016 1.90444 2.04379 2.06356 2.04160 2.04459 2.08772 2.15464 2.16610 2.14714 2.19157 2.27950 2.39439 2.25417 2.20319 2.23354 2.29909 2.32888 2.29591 2.20216 2.17363 2.17481 2.24836 2.27409 2.22703 2.13759 1.98359 1.97397 1.88666 1.80657 1.79853 1.72513 1.61228 1.61498 1.59654 1.59942 1.57459 1.58816 1.60263 1.62775 1.60648
1.54648 1.60392 1.65845 1.66139 1.66170 1.66222 1.66820 1.73248 1.69465 1.66502 1.75674 1.90852 1.95548 1.94183 1.93172 1.92729 1.93088 1.92043 1.89954 1.90835 1.99987 2.02871 1.87933 1.90096 1.89510 1.95247 1.91865 1.88287 2.08115 2.08642 2.06945 2.08530 2.13561 2.22529 2.25941 2.26327 2.23520 2.35295 2.42435 2.28354 2.14718 2.16371 2.22602 2.28742 2.29932 2.25101 2.22693 2.23263 2.32543 2.31986 2.26832 2.13731 1.88301 1.86624 1.83393 1.72947 1.71705 1.63815 1.57364 1.62229 1.60572 1.62609 1.60074 1.60134 1.60178 1.64187 1.62841
1.41844 1.47930 1.51839 1.52787 1.54609 1.55752 1.58916 1.66940 1.67410 1.66108 1.73754 1.89615 1.97056 1.96776 1.96175 1.96435 1.96021 1.93846 1.89535 1.87228 1.96489 1.98581 1.81599 1.81017 1.80999 1.87406 1.90305 1.88704 2.12484 2.18768 2.19206 2.18797 2.23791 2.31032 2.32473 2.31185 2.23898 2.38670 2.46999 2.44343 2.28098 2.26429 2.33006 2.40109 2.39206 2.34811 2.28064 2.27968 2.35689 2.35611 2.29565 2.16713 1.84740 1.79675 1.77587 1.69973 1.69898 1.60297 1.57682 1.60312 1.57256 1.59055 1.55218 1.54078 1.53399 1.54712 1.51226
1.35375 1.40898 1.47998 1.53522 1.58422 1.60323 1.63918 1.72299 1.72540 1.70829 1.76229 1.87979 1.94224 1.91348 1.87681 1.82326 1.79602 1.77170 1.73526 1.71220 1.73242 1.83785 1.69260 1.60567 1.65344 1.75206 1.83562 1.91280 2.11319 2.23642 2.25628 2.22958 2.23676 2.27415 2.25185 2.23922 2.17654 2.33361 2.44672 2.49459 2.30729 2.30430 2.35531 2.43968 2.37141 2.28795 2.22743 2.20225 2.18712 2.18301 2.15711 2.08779 1.83536 1.75132 1.74101 1.71602 1.69108 1.58298 1.55900 1.59849 1.57802 1.55920 1.48496 1.44149 1.40769 1.44497 1.46737
1.37471 1.43064 1.51109 1.55487 1.60378 1.63827 1.66422 1.78472 1.80960 1.82569 1.83524 1.79812 1.70437 1.68978 1.62982 1.63202 1.62438 1.65905 1.63423 1.64954 1.66630 1.80926 1.75050 1.61586 1.65620 1.72818 1.85413 1.88480 2.01750 2.17033 2.16971 2.13459 2.14792 2.26204 2.30454 2.34178 2.31387 2.38652 2.49301 2.48804 2.22922 2.23586 2.22540 2.21814 2.16856 2.10635 2.04246 2.04025 2.05271 2.08237 2.05847 1.98921 1.78290 1.60393 1.57750 1.58781 1.56808 1.54564 1.50425 1.50626 1.47709 1.46550 1.43547 1.42576 1.43373 1.46662 1.50465
1.52569 1.58750 1.70367 1.74357 1.77429 1.79779 1.77254 1.83929 1.85709 1.86426 1.82873 1.81820 1.68398 1.69337 1.65744 1.65684 1.63521 1.65278 1.63287 1.64426 1.64389 1.74980 1.76095 1.58030 1.62399 1.65411 1.82914 1.93930 2.20470 2.31927 2.28360 2.25993 2.28213 2.34626 2.37529 2.34963 2.26271 2.21065 2.26217 2.22860 2.06291 2.08650 2.11088 2.10799 2.09063 2.01777 1.96492 1.91625 1.89353 1.91450 1.94311 1.94862 1.83196 1.58398 1.57003 1.55031 1.46167 1.44271 1.43902 1.44294 1.47358 1.45880 1.42781 1.40785 1.41131 1.43170 1.50651
1.77916 1.82378 1.79945 1.78602 1.77217 1.78544 1.75821 1.79421 1.85212 1.86942 1.84266 1.87296 1.69279 1.69329 1.67514 1.68969 1.66759 1.68535 1.66629 1.68618 1.68533 1.71350 1.75814 1.64722 1.67268 1.70467 1.89341 1.97081 2.25454 2.31378 2.30145 2.22454 2.19147 2.19138 2.21087 2.19266 2.14939 2.08701 2.17365 2.15086 2.01944 1.92964 1.97778 2.01143 2.00741 1.94133 1.88711 1.82194 1.83166 1.81639 1.82180 1.85688 1.73483 1.48803 1.48744 1.50607 1.38951 1.37352 1.37639 1.39110 1.45346 1.45297 1.43995 1.42886 1.40126 1.38389 1.35716
1.79823 1.82928 1.80229 1.76001 1.74373 1.77426 1.76689 1.78165 1.86112 1.87677 1.85478 1.84681 1.70054 1.64259 1.61569 1.63822 1.65043 1.63748 1.64340 1.59608 1.59081 1.60964 1.70310 1.63884 1.64474 1.65690 1.83195 1.88794 2.15660 2.22396 2.20060 2.09692 2.06708 2.03385 2.01224 1.95866 1.92562 1.89509 2.00911 2.02248 1.96805 1.84403 1.93326 1.99375 1.98164 1.90774 1.79477 1.60988 1.55449 1.49330 1.54795 1.67322 1.69515 1.47908 1.47428 1.49263 1.38758 1.36801 1.39472 1.44144 1.46287 1.38535 1.36711 1.29656 1.24363 1.24371 1.24739
1.77281 1.83077 1.81256 1.75967 1.74228 1.76756 1.76838 1.76145 1.78851 1.84478 1.85867 1.79848 1.66613 1.51299 1.50307 1.56645 1.64371 1.61540 1.60273 1.56059 1.62365 1.65397 1.71208 1.64198 1.60605 1.63144 1.75164 1.85512 2.00362 2.13542 2.06198 1.94929 1.93555 1.89462 1.86485 1.85026 1.81810 1.79540 1.84476 1.90904 1.88258 1.78048 1.85138 1.87508 1.80051 1.71393 1.57145 1.45016 1.43151 1.38612 1.41086 1.49456 1.56724 1.59835 1.62856 1.63240 1.51643 1.45129 1.43332 1.47806 1.45411 1.33619 1.32911 1.29925 1.21609 1.18948 1.18571
1.69770 1.76364 1.75128 1.72776 1.70019 1.72068 1.73229 1.71420 1.71970 1.77235 1.78902 1.70682 1.64531 1.43988 1.41956 1.44327 1.54567 1.53870 1.52545 1.47881 1.51260 1.56000 1.57766 1.53487 1.51677 1.59225 1.68341 1.82144 1.90220 2.06908 2.04341 1.91242 1.89801 1.86067 1.84095 1.83271 1.80787 1.79202 1.75663 1.77138 1.70137 1.54080 1.52204 1.54380 1.49848 1.48879 1.42045 1.36668 1.31140 1.33130 1.36591 1.48807 1.56354 1.58243 1.54854 1.58375 1.49223 1.39989 1.38343 1.38791 1.31983 1.22133 1.17829 1.18801 1.13828 1.12955 1.16120
1.67263 1.74978 1.74995 1.73886 1.69754 1.70293 1.70889 1.68143 1.66721 1.70599 1.71812 1.63408 1.62928 1.36360 1.33751 1.34262 1.49940 1.47049 1.46511 1.43941 1.42012 1.54252 1.62060 1.61628 1.58871 1.66009 1.74495 1.83427 1.90050 2.07380 2.07177 1.93633 1.89430 1.84682 1.80216 1.74344 1.68128 1.61841 1.56188 1.54915 1.51729 1.41460 1.35595 1.35796 1.29061 1.24137 1.34429 1.32992 1.22551 1.23781 1.25218 1.43596 1.52903 1.57523 1.51867 1.54603 1.44370 1.33120 1.32653 1.35938 1.30121 1.20992 1.14320 1.12676 1.06918 1.05543 1.06589
1.62518 1.70082 1.70795 1.69026 1.64631 1.63616 1.60017 1.57458 1.57281 1.59546 1.56404 1.47844 1.43843 1.33912 1.33965 1.33320 1.48113 1.50767 1.51346 1.48061 1.44187 1.56291 1.63957 1.64539 1.59875 1.63699 1.71499 1.83343 1.91222 2.16270 2.17338 1.91204 1.76909 1.66183 1.56954 1.49380 1.41817 1.34653 1.28606 1.27132 1.26161 1.24231 1.19409 1.18330 1.14762 1.09212 1.18424 1.25583 1.19617 1.19610 1.18337 1.33998 1.46629 1.53873 1.48799 1.49508 1.46351 1.34774 1.33746 1.33234 1.26406 1.17225 1.09671 1.00814 0.971923 0.999503 1.01968
1.47580 1.52690 1.49941 1.47525 1.41267 1.39381 1.33686 1.35267 1.33496 1.34153 1.36391 1.33802 1.31203 1.34038 1.35836 1.34072 1.44696 1.48749 1.47016 1.43211 1.40008 1.46403 1.57261 1.61352 1.57086 1.59856 1.64633 1.69273 1.71570 1.71967 1.69530 1.58274 1.34756 1.31684 1.29136 1.25235 1.21585 1.15610 1.14247 1.13108 1.10773 1.08167 1.09050 1.07503 1.07883 1.01650 1.07702 1.20797 1.17216 1.21319 1.21454 1.31318 1.43898 1.51647 1.42670 1.38936 1.30485 1.20486 1.15883 1.13696 1.06973 0.898042 0.866333 0.797252 0.775675 0.812484 0.865620
1.31369 1.35923 1.31288 1.28413 1.18886 1.20775 1.20288 1.28722 1.31030 1.32693 1.35338 1.32034 1.29501 1.28730 1.30415 1.28112 1.34810 1.41193 1.39576 1.39144 1.36535 1.36996 1.48650 1.52833 1.47753 1.48455 1.42517 1.42032 1.50644 1.51308 1.49832 1.47060 1.29062 1.26336 1.24265 1.19726 1.14398 1.09034 1.12843 1.10626 1.15104 1.13179 1.15608 1.12681 1.17353 1.11310 1.16513 1.30481 1.26972 1.28200 1.25295 1.26596 1.31064 1.29235 1.26417 1.23811 1.21750 1.22830 1.21439 1.21075 1.18402 1.25050 0.620081 0.565065 0.548046 0.844901 0.900562
1.31486 1.35102 1.23911 1.19289 1.13331 1.15039 1.15957 1.20953 1.25019 1.26988 1.28568 1.26020 1.23674 1.20406 1.22766 1.20128 1.22899 1.28567 1.26745 1.25496 1.23105 1.17740 1.33751 1.40110 1.39200 1.41696 1.39518 1.33998 1.43717 1.43817 1.44308 1.40285 1.22297 1.15367 1.11221 1.13459 1.09863 1.04369 1.08402 1.06065 1.11649 1.10842 1.11388 1.03203 1.12222 1.07708 1.07683 1.12178 1.15033 1.20214 1.24037 1.29119 1.31548 1.26338 1.23221 1.21020 1.18732 1.19996 1.17582 1.15618 1.11384 1.29351 0.567773 0.534034 0.545542 0.861799 0.906548
1.28967 1.33576 1.23476 1.15330 1.13707 1.10656 1.15385 1.18582 1.25055 1.26385 1.24141 1.20629 1.17220 1.11899 1.13950 1.12715 1.14351 1.19022 1.19608 1.20097 1.20327 1.14652 1.16145 1.24108 1.23480 1.22641 1.19406 1.07170 1.27180 1.32336 1.40059 1.38026 1.27739 1.14249 1.10527 1.15587 1.15356 1.09610 1.10328 1.07035 1.10070 1.09301 1.10605 0.967503 1.12543 1.14474 1.18030 1.23640 1.29692 1.31476 1.32051 1.34793 1.36813 1.30309 1.28402 1.28240 1.25829 1.26247 1.16423 1.09963 0.992880 1.06391 0.440830 0.531760 0.619414 1.52382 1.50354
1.29394 1.33979 1.30017 1.19533 1.18859 1.12310 1.17261 1.17660 1.22868 1.24510 1.19148 1.20997 1.19553 1.16510 1.18580 1.19895 1.20081 1.15593 1.19109 1.17805 1.15334 1.07395 1.02150 1.04358 1.09740 1.16804 1.17074 1.09436 1.23807 1.32281 1.37204 1.34046 1.28609 1.09392 1.04871 1.09286 1.12915 1.10965 1.11217 1.09279 1.13602 1.15897 1.16728 1.07613 1.16244 1.19890 1.22855 1.24548 1.31346 1.35136 1.36853 1.41716 1.43469 1.33638 1.21843 1.13766 1.03322 0.962602 0.921124 0.931545 0.949834 1.14924 1.37663 1.38073 1.52357 1.51412 1.49706
1.37124 1.39322 1.36005 1.24766 1.19122 1.15213 1.19569 1.19588 1.23183 1.28237 1.21833 1.24340 1.22691 1.20145 1.20161 1.21080 1.19277 1.10859 1.14105 1.13410 1.15595 1.12316 1.07748 1.08414 1.13293 1.19903 1.22277 1.14726 1.17368 1.25527 1.30974 1.30334 1.29392 1.11173 1.05807 1.10617 1.15613 1.15805 1.16772 1.15373 1.16297 1.11462 1.07858 1.02833 1.10767 1.18252 1.23345 1.23842 1.30772 1.29583 1.25908 1.20427 1.13323 1.01856 0.941830 0.919520 0.846195 0.864067 1.00768 1.08392 1.08153 1.16733 1.41349 1.35683 1.50053 1.51490 1.49904
1.36879 1.34282 1.34404 1.24845 1.15028 1.12862 1.17288 1.19156 1.22497 1.31209 1.28425 1.28558 1.24899 1.20844 1.16040 1.16191 1.17534 1.11643 1.13483 1.14344 1.15102 1.12310 1.05268 1.04733 1.09784 1.18372 1.23829 1.21748 1.19938 1.28404 1.34320 1.35656 1.37096 1.22590 1.10317 1.14795 1.18592 1.14652 1.12638 1.09187 1.12264 1.10258 1.15251 1.03247 1.13144 1.17112 1.21277 1.10677 1.02102 1.01349 1.03226 1.04720 1.06019 1.01527 0.921747 0.936228 0.861045 0.889551 0.957104 1.09006 1.08902 1.11408 1.37941 1.29498 1.44241 1.54472 1.56207
1.40505 1.36265 1.37866 1.33096 1.21310 1.22143 1.22900 1.26737 1.27496 1.33473 1.30281 1.25097 1.23209 1.19210 1.15399 1.14483 1.16664 1.13241 1.11805 1.14836 1.16376 1.15095 1.08868 1.07575 1.11838 1.20038 1.27078 1.26656 1.25094 1.28597 1.38503 1.42279 1.44611 1.37498 1.07690 1.13227 1.16881 1.09330 1.11410 1.07200 1.10307 1.04900 1.09398 1.01540 1.05379 0.988734 1.03566 1.01212 0.974322 0.976767 1.03040 1.04503 1.03360 1.03851 1.02231 1.04481 0.942386 0.991443 1.02974 1.27556 1.31279 1.33699 1.70651 1.68596 1.71198 1.78702 1.78902
1.47815 1.43208 1.42968 1.40540 1.27055 1.26848 1.26447 1.28377 1.26958 1.27349 1.28330 1.19468 1.20861 1.16905 1.18186 1.18654 1.21753 1.21698 1.16443 1.18860 1.18723 1.16540 1.10459 1.06790 1.09235 1.14605 1.20813 1.23226 1.24323 1.29243 1.39588 1.45670 1.48677 1.50644 1.10407 1.14304 1.16905 1.16919 1.19171 1.11710 1.09472 1.03209 1.06124 0.943605 1.04310 0.975315 0.994730 0.991537 0.947652 0.945067 1.01648 1.05340 1.06887 1.11721 1.24105 1.31643 1.26500 1.28411 1.20970 1.39945 1.41278 1.41029 1.61803 1.72064 1.67683 1.80108 1.82078
1.55767 1.45883 1.36698 1.30837 1.15687 1.06844 1.11073 1.22708 1.23605 1.24534 1.29160 1.20968 1.25493 1.20543 1.19852 1.18804 1.19720 1.20988 1.12572 1.15682 1.16377 1.12393 1.05992 0.994523 1.00681 1.10467 1.18378 1.31128 1.30665 1.36037 1.42893 1.47381 1.50648 1.51413 1.17472 1.17816 1.17941 1.17901 1.18312 1.13177 1.11355 1.07627 1.14758 1.01841 1.07647 1.01063 1.01273 1.03413 1.00807 1.02314 1.15399 1.20672 1.13664 1.16467 1.21532 1.28788 1.25786 1.26498 1.19736 1.40193 1.49580 1.51100 1.61395 1.67807 1.67508 1.78093 1.79030
1.41338 1.37130 1.29246 1.27986 1.21273 1.09256 1.10417 1.20770 1.20313 1.18864 1.19892 1.19042 1.23244 1.22962 1.21324 1.21464 1.21748 1.23881 1.15498 1.10785 1.09513 1.03823 1.00249 0.956126 0.990588 1.12721 1.18767 1.37534 1.39193 1.45798 1.48194 1.49837 1.53691 1.51427 1.46070 1.07482 1.06668 1.06247 1.04415 0.961731 1.06312 1.00645 1.05360 0.893214 1.08133 1.17952 1.18330 1.16483 1.10533 1.05728 1.14302 1.21805 1.17572 1.21523 1.29276 1.37750 1.32620 1.29526 1.20249 1.41559 1.67060 1.67215 1.66551 1.66551 1.65970 1.65970 1.65389
