High_resolution/powerplant/Shangrao/OMI_NO2_200708.asc
ncols      200
nrows      200
xllcorner       115.451
yllcorner       27.0350
cellsize     0.0166667
NODATA_Value      -999.000
[rows 0 to 28 of 200, columns 0 to 66 of 200]
2.37989 2.35505 2.33189 2.31038 2.29026 2.27152 2.26512 2.26920 2.51223 2.46361 2.31422 2.23810 1.97624 1.71028 1.67690 1.67363 1.67363 1.67363 1.67363 1.67363 1.67363 1.64169 1.64039 1.69934 1.74848 2.16263 2.54075 2.52084 2.35381 2.35381 2.35381 2.35381 2.35381 2.35381 2.35381 2.35381 2.35381 2.35381 2.35381 2.23546 1.86036 1.74579 1.74579 1.74579 1.74579 1.74579 1.74579 1.74579 1.74579 1.74579 1.74579 1.74579 1.74579 1.74579 1.76595 1.82775 1.86584 1.85096 1.82267 1.80930 1.83424 1.86164 1.88509 2.03370 2.09232 2.11588 2.13934
2.26512 2.25818 2.22152 2.18385 2.14894 2.11631 2.08580 2.05755 2.21726 2.28470 2.17635 2.09829 1.99768 1.67363 1.67363 1.67363 1.67363 1.67512 1.70965 1.79680 1.87611 1.95787 2.03483 2.04935 2.01615 2.14493 2.54104 2.54184 2.38718 2.35381 2.35381 2.35381 2.35381 2.35381 2.35381 2.35381 2.35381 2.35381 2.35381 2.30908 1.90610 1.74579 1.74579 1.74579 1.74579 1.74392 1.73356 1.72387 1.71577 1.70889 1.73269 1.78132 1.80530 1.80574 1.81544 1.83119 2.03543 2.02143 1.97418 1.99951 2.00201 2.00108 2.00019 2.06241 2.12458 2.12458 2.12458
2.07344 2.05009 2.04764 2.04764 2.04764 2.04764 2.04764 2.04764 2.15795 2.28487 2.22353 2.08241 2.02608 1.74649 1.78198 1.85723 1.92601 1.98457 2.02133 2.02518 2.02518 2.03769 2.06713 2.06713 2.02355 2.03805 2.52934 2.54110 2.45859 2.35381 2.35381 2.35381 2.35381 2.35381 2.35381 2.35381 2.34509 2.29893 2.25316 2.20221 1.83172 1.64826 1.69640 1.69203 1.69910 1.71937 1.75834 1.80669 1.84178 1.86839 1.84942 1.83680 1.83860 1.85027 1.85248 1.85251 2.07152 2.08970 1.99952 1.99950 1.99950 1.99950 2.00120 2.13908 2.37570 2.51813 2.65377
2.04764 2.04764 2.04764 2.04764 2.04561 2.01375 1.97192 1.93022 1.93980 2.08389 2.01787 1.90679 1.93474 1.98640 2.02183 2.02518 2.02518 2.02518 2.02518 2.02518 2.02518 2.03015 2.06713 2.06713 2.03587 2.01702 2.40373 2.53817 2.47545 2.25972 2.21767 2.17947 2.14474 2.11289 2.08358 2.05573 2.03185 2.02663 2.00251 1.95045 1.78175 1.72066 1.80915 1.84108 1.86102 1.87603 1.88600 1.88600 1.88600 1.88600 1.87072 1.85248 1.85248 1.85248 1.85248 1.85248 2.00604 2.10082 2.26121 2.59744 2.72641 2.84942 2.96594 3.01668 3.11161 3.11166 3.11166
1.95424 1.91243 1.87071 1.82890 1.78919 1.77932 1.79129 1.84157 1.89409 2.13019 2.15610 2.05400 2.01392 2.01938 2.02518 2.02518 2.02518 2.02518 2.02518 2.03181 2.04818 2.06480 2.13021 2.15398 2.15481 2.14336 2.23525 2.31280 2.28542 2.04561 2.02110 2.00262 1.95147 1.89934 1.84722 1.79596 1.74674 1.70154 1.71572 1.76076 1.78344 1.81229 1.87437 1.88600 1.88600 1.88600 1.88600 1.88600 1.88600 1.88600 1.88107 1.85248 1.85248 1.85248 1.85248 1.85248 1.94041 2.10082 2.37397 3.00743 3.00743 3.00743 3.00743 3.00743 3.09922 3.11166 3.11166
1.77932 1.77932 1.77932 1.77932 1.77932 1.77932 1.90654 1.97172 1.97172 2.11368 2.16951 2.09585 2.04378 2.06270 2.08795 2.10441 2.12086 2.13721 2.14367 2.13687 2.12034 2.10374 2.12541 2.12153 2.11656 2.22041 2.25309 2.20225 2.16119 1.88258 1.70408 1.67046 1.66945 1.67757 1.72307 1.76722 1.80571 1.83714 1.84308 1.84308 1.83502 1.81123 1.86311 1.88494 1.88249 1.88005 1.87759 1.87516 1.87271 1.87025 1.86780 1.83726 1.82937 1.82693 1.82449 1.82204 1.84210 2.06541 2.08965 2.96119 2.97185 2.96981 2.96777 2.96573 3.00311 3.01803 3.02098
1.77932 1.77932 1.77979 1.78733 1.79715 1.80489 1.87619 2.00442 2.01009 2.10683 2.20176 2.18475 2.08421 2.06331 2.05447 2.03597 2.01676 1.99854 2.01357 2.04684 2.08196 2.11899 2.22611 2.36254 2.41621 2.53475 2.52567 2.10436 2.09285 1.91541 1.73038 1.77356 1.81126 1.83979 1.84308 1.84308 1.84308 1.84308 1.84308 1.84308 1.84135 1.76136 1.79080 1.82638 1.82638 1.82638 1.82638 1.82638 1.82638 1.82638 1.82638 1.80866 1.79286 1.79286 1.79286 1.79286 1.79189 1.99905 2.02615 2.76814 2.95775 2.95891 2.96700 2.97626 3.00953 3.04565 3.04847
1.73840 1.74779 1.77079 1.78886 1.80469 1.82256 1.84881 2.03218 2.05477 2.05344 2.00252 1.99526 1.96448 2.00041 2.04615 2.08970 2.13169 2.17500 2.18869 2.18869 2.18869 2.18869 2.25772 2.42196 2.42196 2.49674 2.51787 2.08744 1.95239 1.79478 1.83839 1.84308 1.84308 1.84308 1.84308 1.84308 1.84308 1.84308 1.84308 1.84308 1.84308 1.77550 1.77018 1.82537 1.82638 1.82638 1.82638 1.82638 1.82638 1.82638 1.82638 1.81902 1.79286 1.79286 1.79286 1.79286 1.79286 1.93599 2.05564 2.55958 2.99783 3.01134 3.01790 3.01290 3.00981 3.03085 3.01427
1.87935 1.89555 1.89764 1.89764 1.89628 1.87103 1.83716 1.93712 1.96341 1.93385 1.84221 1.82192 1.98510 2.17519 2.18091 2.18869 2.18869 2.18869 2.18869 2.18869 2.18869 2.18795 2.20065 2.41067 2.40092 2.46830 2.60191 2.29491 2.04812 1.93219 1.80006 1.84308 1.84308 1.84308 1.84308 1.84308 1.84308 1.84308 1.84308 1.84308 1.84308 1.79659 1.75910 1.81597 1.82638 1.82638 1.82638 1.82638 1.82638 1.82826 1.83755 1.84737 1.82738 1.84046 1.86163 1.88450 1.93698 2.03359 2.11142 2.31904 2.96182 2.94586 2.92994 2.92441 2.93371 2.98741 2.99374
1.82209 1.78816 1.75427 1.72037 1.68784 1.67916 1.67916 1.76235 1.88826 1.88826 1.83904 1.82049 1.89724 2.17519 2.18275 2.21151 2.23132 2.24095 2.22640 2.20925 2.18989 2.16937 2.16914 2.44933 2.47181 2.49768 2.64137 2.46499 2.04812 2.01621 1.74847 1.84308 1.84308 1.84308 1.84308 1.84308 1.84308 1.84308 1.84308 1.84308 1.85142 1.85403 1.80070 1.85890 1.87117 1.88120 1.89125 1.90131 1.91285 2.01266 2.14169 2.27031 2.16969 2.05727 2.08360 2.10816 2.10310 2.10273 2.05986 2.05165 2.92703 2.94811 2.94811 2.94811 2.94811 2.99170 2.99803
1.67432 1.67916 1.67916 1.67916 1.67916 1.67916 1.67916 1.69439 1.89736 1.92500 1.91626 1.90465 1.93882 2.30114 2.31614 2.24653 2.20105 2.16903 2.16777 2.16777 2.16777 2.16777 2.16777 2.37891 2.47181 2.47211 2.62543 2.61139 2.06997 2.04812 1.75911 1.84692 1.87433 1.90230 1.93028 1.95823 1.98618 2.01418 2.04214 2.08551 2.13798 2.16870 1.91428 1.96287 1.96639 2.07567 2.20401 2.35543 2.56702 2.68265 2.75634 2.58978 2.37403 2.08634 2.08634 2.08634 2.08634 2.08932 2.07976 2.11131 2.77372 2.93433 2.92900 2.92369 2.91836 2.94611 2.96001
1.63633 1.68229 1.70673 1.73521 1.76369 1.79215 1.82062 1.84905 1.99721 2.02789 1.97220 1.87045 1.82272 2.06889 2.21404 2.18478 2.16777 2.16777 2.16777 2.16777 2.16777 2.16777 2.16782 2.31730 2.47966 2.48434 2.60139 2.66324 2.32581 2.24282 2.12731 2.11663 2.16648 2.19928 2.23423 2.29134 2.35442 2.41751 2.48068 2.52837 2.57736 2.71839 2.27198 2.38126 2.55830 2.65938 2.73518 2.78936 2.79308 2.79308 2.79308 2.68924 2.56732 2.33059 2.44144 2.56281 2.67807 2.78774 2.89669 2.91592 2.86537 2.90862 2.90862 2.90862 2.90862 2.93115 2.95973
1.66859 1.85793 1.86195 1.86195 1.86195 1.86195 1.86195 1.86195 1.87439 1.86272 1.86007 1.78384 1.78197 1.95271 2.21463 2.20077 2.17506 2.17856 2.18206 2.18557 2.18907 2.19457 2.21884 2.34246 2.60947 2.64344 2.77136 2.95035 2.79463 2.61688 2.62407 2.51592 2.52522 2.55545 2.58364 2.58965 2.62029 2.74186 2.86935 2.99696 3.14928 3.23036 2.87020 2.73865 2.80258 2.81627 2.96932 3.06230 3.15141 3.23670 3.31880 3.39023 3.29537 3.06688 2.96613 2.97311 2.98010 2.98709 3.00597 2.97865 2.93356 2.98441 2.99140 2.99837 3.00536 3.02959 3.10522
1.57656 1.86195 1.86195 1.86195 1.86195 1.86195 1.86285 1.86684 1.87110 1.87535 1.87961 1.82400 1.80681 1.87882 2.27620 2.29796 2.28345 2.31021 2.33707 2.36392 2.39076 2.41560 2.42159 2.47036 2.79651 2.79651 2.84467 3.10823 3.11935 2.93961 2.83540 2.65345 2.63521 2.76112 2.88861 3.01616 3.13612 3.21095 3.27353 3.32903 3.35111 3.35111 3.13567 2.83603 2.94111 2.96691 3.53619 3.55000 3.55599 3.56198 3.56765 3.56896 3.48408 3.32155 3.10932 3.10932 3.10932 3.10932 3.12773 3.08787 3.03899 3.07491 3.07864 3.07864 3.08762 3.12979 3.30186
1.53014 1.87819 1.90526 1.91059 1.91592 1.92857 1.95170 1.97194 1.99186 2.01185 2.03179 2.01973 2.00800 2.02248 2.45079 2.50636 2.46745 2.46008 2.46008 2.46008 2.46008 2.46008 2.46230 2.52090 2.90253 2.98253 3.03454 3.23645 3.23415 2.98368 2.84977 2.63011 3.03531 3.19085 3.25570 3.31329 3.34984 3.35111 3.35111 3.35111 3.35111 3.35111 3.28349 2.87043 2.97508 2.96310 3.45250 3.56896 3.56896 3.56896 3.56896 3.56896 3.52339 3.42239 3.11304 3.10932 3.10932 3.10932 3.11417 3.10892 3.08051 3.10948 3.17607 3.21923 3.25466 3.26156 3.39904
1.65643 1.92198 2.03673 2.05562 2.07428 2.08588 2.08600 2.08600 2.11671 2.18325 2.25421 2.31364 2.34069 2.42414 2.49978 2.50636 2.47964 2.46008 2.46301 2.52113 2.59287 2.65707 2.71336 2.72934 2.93871 2.95969 2.90000 2.96055 2.97023 2.88668 2.84111 2.80406 3.13830 3.35111 3.35111 3.35111 3.35111 3.35111 3.35111 3.35111 3.35111 3.35111 3.35109 2.91753 2.95008 2.96334 3.30356 3.56896 3.56896 3.56896 3.56853 3.56695 3.55654 3.44936 3.17895 3.09090 3.10996 3.14056 3.17118 3.23082 3.25679 3.34905 3.44364 3.47930 3.51364 3.54806 3.70368
1.76519 1.91630 2.14329 2.21157 2.28454 2.36264 2.44655 2.53694 2.58615 2.58615 2.58615 2.58414 2.51262 2.50920 2.50999 2.56776 2.62380 2.65747 2.69225 2.68091 2.64880 2.61199 2.57842 2.54770 2.63846 2.76411 2.84792 2.97897 3.11559 3.07292 2.96761 2.87571 3.01604 3.35111 3.35111 3.35111 3.35111 3.35111 3.35111 3.35111 3.35111 3.35111 3.35111 3.01933 2.91075 2.95621 3.12671 3.54132 3.53345 3.52608 3.51916 3.50947 3.48131 3.34230 3.23202 3.23320 3.25853 3.27213 3.28589 3.36564 3.40939 3.43589 3.51807 3.51807 3.51807 3.51807 3.59443
2.20301 2.34871 2.58615 2.58615 2.58615 2.58615 2.58615 2.58615 2.58615 2.58615 2.59029 2.64849 2.66903 2.71879 2.77463 2.79330 2.77836 2.55114 2.53578 2.52925 2.52586 2.52585 2.52585 2.52585 2.59547 2.81018 2.99739 3.02273 3.13313 3.11957 2.96824 2.90003 2.92955 3.30400 3.35111 3.34585 3.32648 3.30627 3.28612 3.26596 3.24575 3.22558 3.21248 2.99647 2.77200 2.91915 2.97202 3.47358 3.46822 3.44630 3.46576 3.53856 3.62927 3.53105 3.24010 3.24606 3.24606 3.24606 3.24606 3.29696 3.39553 3.40798 3.49464 3.40863 3.30973 3.21091 3.13418
2.32513 2.32513 2.55893 2.58615 2.58631 2.59161 2.59947 2.60731 2.63308 2.80162 2.85559 2.87030 2.82903 2.77954 2.76027 2.74353 2.73570 2.57100 2.52585 2.52585 2.52585 2.52585 2.52585 2.52585 2.55625 2.74323 2.97364 2.98026 3.08543 3.07657 2.93523 2.86267 2.78580 3.03254 3.17611 3.13669 3.11144 3.08722 3.08512 3.09941 3.11243 3.12439 3.12799 3.04554 2.70921 2.87837 2.91756 3.39219 3.60198 3.69384 3.74423 3.74434 3.74434 3.70436 3.24053 3.24756 3.25809 3.26787 3.27767 3.30018 3.44919 3.46198 2.99123 2.78553 2.78553 2.78553 2.78670
2.32513 2.32513 2.51940 2.62621 2.63392 2.63645 2.63645 2.63645 2.73457 3.07122 3.14983 2.79732 2.77656 2.73802 2.73699 2.73570 2.73570 2.62651 2.51865 2.49863 2.47838 2.45813 2.43787 2.41759 2.39910 2.54659 2.69201 2.77853 2.85212 2.87363 2.80001 2.73286 2.59108 2.70846 3.03907 3.07776 3.11325 3.14561 3.15930 3.14228 3.09955 3.05655 3.02140 3.08029 2.83004 3.04260 3.24381 3.50757 3.74694 3.75419 3.76152 3.76887 3.77621 3.79005 3.42151 3.31205 3.31567 3.31567 3.31090 3.30112 3.42049 3.43181 3.12456 2.73186 2.72208 2.71233 2.70157
2.32513 2.32513 2.44914 2.63645 2.71936 2.91213 3.08458 3.23894 3.31489 3.36341 3.38956 2.84383 2.76098 2.70277 2.68227 2.61852 2.59817 2.51183 2.32066 2.29847 2.27652 2.25455 2.23262 2.21066 2.19004 2.28566 2.41553 2.63635 2.69172 2.76892 2.91612 3.09042 2.94565 2.80968 3.13739 3.13514 3.09000 3.04545 3.00182 3.04152 3.15691 3.28472 3.43351 3.49553 3.18894 3.17222 3.36994 3.46822 3.68817 3.68093 3.67361 3.66628 3.65896 3.65167 3.42150 3.09741 3.09309 3.08331 3.07832 3.07832 3.17169 3.22627 3.09221 2.55531 2.55880 2.56205 2.56344
2.43278 2.70372 2.94443 3.21331 3.28889 3.27752 3.26533 3.25305 3.23936 3.22271 3.25673 2.87320 2.57745 2.54868 2.53107 2.42671 2.39955 2.38441 2.19510 2.19658 2.20540 2.21381 2.24087 2.26332 2.27213 2.35183 2.55767 2.91858 3.10820 3.33275 3.36950 3.41324 3.27013 2.96045 2.99767 3.04241 3.18846 3.33150 3.46902 3.54831 3.58375 3.60863 3.60972 3.60972 3.35895 3.13992 3.34230 3.35507 3.60515 3.61854 3.61854 3.61854 3.61854 3.61854 3.55698 3.07148 3.07770 3.07513 3.06057 3.04600 3.08351 3.14970 3.15046 2.60769 2.57176 2.57694 2.58224
3.16733 3.10781 3.04589 3.08844 3.06446 3.02134 2.97808 2.93493 2.89316 2.88315 3.02368 2.87888 2.42771 2.45484 2.48225 2.41974 2.40862 2.41563 2.28590 2.23676 2.23676 2.25316 2.41737 2.58967 2.73493 2.93332 3.08930 3.21650 3.33217 3.49140 3.56235 3.62432 3.68883 3.43592 3.59435 3.60721 3.60972 3.60972 3.60972 3.60972 3.60972 3.60972 3.60972 3.60972 3.46876 3.12790 3.29729 3.35010 3.54064 3.61854 3.61854 3.61854 3.61854 3.63620 3.66317 3.13867 3.02633 3.01916 3.02015 3.02585 3.04797 3.17041 3.17973 2.76875 2.55197 2.52474 2.49885
2.77466 2.70930 2.70930 2.81050 2.88152 2.88152 2.88152 2.88152 2.88152 2.88152 2.98088 3.02583 2.47173 2.44133 2.48225 2.44183 2.40642 2.43593 2.49656 2.56592 2.73207 2.88670 2.91966 2.95128 3.01274 3.10872 3.36522 3.43013 3.57186 3.73886 3.86050 3.96551 3.98054 3.70287 3.68746 3.61179 3.60972 3.60972 3.60972 3.60972 3.60972 3.60972 3.60972 3.60972 3.56056 3.14593 3.24022 3.35010 3.47173 3.64538 3.69416 3.74292 3.79170 3.82280 3.81991 3.31907 3.02724 2.99962 2.98352 2.96356 2.94268 3.00024 2.97585 2.74860 2.40702 2.40865 2.40896
2.82694 2.70930 2.70930 2.76312 2.88152 2.88152 2.88152 2.88152 2.88152 2.88152 2.93166 3.03567 2.65290 2.45558 2.67866 2.86062 2.97082 3.07942 3.07638 3.00346 3.07370 3.13892 3.19612 3.16671 3.16557 3.16851 3.38985 3.40685 3.81657 3.89965 3.95502 3.97223 3.98054 3.80862 3.69197 3.63270 3.60972 3.60972 3.60972 3.60921 3.60801 3.60681 3.60561 3.60441 3.59757 3.23773 3.25578 3.49097 3.59600 3.81900 3.80485 3.80071 3.79785 3.82302 3.85942 3.59256 2.96386 2.92597 2.92442 2.92442 2.92442 2.96577 2.97331 2.90015 2.40896 2.40880 2.39659
2.90351 2.70930 2.70930 2.71641 2.87693 2.88152 2.88152 2.88152 2.88443 2.88936 2.88764 3.40523 3.46139 3.21849 3.28931 3.35202 3.33413 3.28584 3.33976 3.22865 3.21820 3.21820 3.21820 3.17548 3.16557 3.16557 3.34262 3.39992 3.68420 3.87402 3.95813 3.97445 3.97784 3.92844 3.66885 3.65182 3.60223 3.60090 3.58855 3.56990 3.55474 3.57614 3.61598 3.65669 3.69652 3.50246 3.45215 3.47793 3.48496 3.76172 3.83490 3.87805 3.91992 3.93369 3.93369 3.82506 3.07462 2.93689 2.91925 2.84471 2.74553 2.67295 2.58819 2.49694 2.27701 2.25124 2.24131
3.00901 2.71311 2.70930 2.70930 2.85738 2.90677 2.90034 2.89204 2.88194 2.87092 2.87179 3.59110 4.00739 3.46873 3.53576 3.58248 3.51909 3.39058 3.35968 3.26477 3.21820 3.21830 3.22746 3.20852 3.19982 3.21290 3.35938 3.48390 3.62918 3.95408 4.03727 4.00424 3.90801 3.88998 3.62436 3.56813 3.49424 3.52889 3.58067 3.63931 3.69515 3.71444 3.72338 3.73797 3.75256 3.63975 3.57228 3.58939 3.63970 3.84554 3.93369 3.92653 3.86990 3.80180 3.73128 3.63616 2.86090 2.31525 2.16978 2.14152 2.14152 2.15505 2.20724 2.21362 2.24131 2.24140 2.24236
3.13244 2.75950 2.70299 2.69629 2.78992 2.87146 2.87030 2.93437 3.03759 3.14088 3.24178 3.61260 4.25911 3.75744 3.55256 3.60450 3.58299 3.48982 3.43515 3.39247 3.32383 3.34279 3.35387 3.33147 3.29356 3.29820 3.39251 3.56131 3.55755 3.93321 3.87262 3.82641 3.80333 3.96109 3.87827 3.75022 3.72640 3.71555 3.72560 3.74019 3.75478 3.77139 3.81108 3.85494 3.90674 3.93354 3.86024 3.92797 4.01995 3.91187 3.50081 3.42860 3.41790 3.41890 3.41989 3.42088 3.00704 2.20363 2.16175 2.16257 2.16373 2.16507 2.23202 2.22908 2.26624 2.25359 2.23688
3.10787 2.76388 2.67010 2.73328 2.88974 3.11033 3.21888 3.26607 3.27402 3.28201 3.28997 3.35299 4.27222 4.06025 3.63368 3.64007 3.63184 3.57087 3.45928 3.44112 3.32194 3.31026 3.28305 3.24631 3.17823 3.15550 3.18365 3.42431 3.43585 3.79868 3.98531 4.01561 4.06090 4.21155 4.19058 3.89025 3.85692 3.79428 3.88962 4.02216 4.15490 4.28542 4.38505 4.47372 4.55464 4.53249 4.32408 4.30310 4.29465 4.17728 3.43089 3.43089 3.43089 3.43089 3.43089 3.43089 3.27646 2.33521 2.18003 2.16961 2.16365 2.14398 2.18048 2.16384 2.18857 2.19109 2.15965
