High_resolution/powerplant/Shangrao/OMI_NO2_200812.asc
ncols      200
nrows      200
xllcorner       115.451
yllcorner       27.0350
cellsize     0.0166667
NODATA_Value      -999.000
[rows 87 to 115 of 200, columns 0 to 66 of 200]
1.33696 1.35731 1.35731 1.35731 1.37822 1.53310 1.69046 1.82751 1.94210 5.07889 6.90256 6.91904 7.00160 6.92821 8.46079 8.85990 9.26393 9.44518 9.63430 9.83287 10.0009 10.0654 10.1177 10.1427 10.1754 9.85648 9.55690 9.62112 10.1594 10.4756 9.71391 9.27384 9.27384 9.27384 9.27384 8.84951 8.65824 8.65256 8.62704 8.59982 8.57262 8.54618 8.25957 7.76595 5.94311 5.61161 5.40813 5.39645 5.40399 5.07004 4.80391 4.83958 4.87526 4.91092 4.94654 4.96899 4.97631 4.97612 4.45982 3.88503 3.78013 3.84427 3.77406 3.56246 3.58172 3.69245 3.68607
1.23317 1.55724 1.71157 1.84592 1.95204 1.96807 1.98322 2.05845 2.13561 3.91090 6.99761 7.05167 7.00168 7.19579 8.47304 9.35012 10.1294 10.1424 10.1754 10.2083 10.2411 10.2740 10.3068 10.3263 10.3265 10.1352 9.64195 9.64195 10.0732 10.4054 10.0279 9.27384 9.27381 9.25897 9.23175 8.97143 8.54922 8.51876 8.50834 8.49922 8.47978 8.45422 8.37693 7.98820 6.38500 5.80806 5.54466 5.54600 5.57001 5.43655 4.95870 4.95707 4.95542 4.95379 4.95211 4.95110 4.95044 4.94978 4.59077 4.06171 3.70447 3.79287 3.77719 3.57411 3.50694 3.68435 3.69203
1.79425 1.97598 2.04315 2.09226 2.12867 2.16511 2.18645 2.14766 2.10693 2.93764 6.41175 6.93424 7.01349 7.29765 8.25681 9.15642 10.3061 10.3263 10.3265 10.3265 10.3265 10.3265 10.3265 10.3265 10.3250 10.2644 9.66136 9.66422 9.98723 10.4425 10.4417 9.24834 9.17320 9.16005 9.16083 9.10619 8.44624 8.41631 8.39941 8.39177 8.42752 8.47212 8.51069 8.24480 7.00273 5.99205 5.65269 5.59372 5.59122 5.58027 4.99227 4.94952 4.94886 4.94820 4.94765 4.94759 4.94759 4.93901 4.74613 4.30132 3.71122 3.82559 3.83669 3.68377 3.48501 3.65647 3.65662
2.05688 2.14313 2.11232 2.09973 2.09973 2.12116 2.23269 2.35455 2.47627 2.77492 6.14755 7.37895 7.38084 7.45791 8.01325 9.04089 10.0930 10.2524 10.2234 10.1943 10.1653 10.1363 10.1073 10.0782 10.0603 10.0938 9.90242 9.88780 10.1189 10.6208 10.7932 9.45926 9.27685 9.57941 9.89803 10.2460 8.96330 8.52316 8.56779 8.60328 8.60621 8.60774 8.65218 8.45710 7.69055 6.19241 5.83060 5.61790 5.60893 5.60113 5.15558 4.92285 4.92769 4.93273 4.93755 4.94268 4.94747 4.96116 4.93000 4.54718 3.91026 3.82717 3.86149 3.84228 3.69878 3.83537 3.90628
2.29312 2.33978 2.45300 2.57486 2.69657 2.79686 2.80698 2.80698 2.80698 2.80698 4.98497 7.13647 7.13419 7.10253 7.40396 8.71227 9.51540 10.0441 10.0441 10.0441 10.0631 10.1056 10.1482 10.1907 10.2237 10.2261 10.0742 9.94278 10.0469 11.0221 11.9214 10.9112 10.4708 10.5178 10.5488 10.5552 9.76653 8.74664 8.82137 8.89601 8.97070 9.05764 9.12978 8.91443 8.14082 6.48025 5.97990 5.57836 5.55561 5.56835 5.36744 4.97710 4.97720 4.97484 4.95847 4.93979 4.92111 4.90242 4.87876 4.54492 4.07446 4.03318 4.14795 4.10515 3.88450 3.88123 3.90884
3.08574 2.88970 2.80698 2.80698 2.80698 2.80698 2.80698 2.80698 2.80698 2.80698 4.05134 6.66012 7.05131 7.05131 7.25422 8.37520 9.20599 10.1174 10.1600 10.2025 10.2260 10.2261 10.2261 10.2261 10.3362 10.7820 11.2344 11.7233 12.2201 12.9031 13.2948 12.0680 10.7784 10.8570 10.9729 11.0928 10.9147 9.26801 9.30474 9.27356 9.22897 9.17073 9.07740 8.87085 7.84559 6.69506 6.22032 5.65207 5.61693 5.60117 5.51896 4.93571 4.91085 4.89453 4.88181 4.83630 4.78786 4.73944 4.70449 4.50185 4.17889 4.05603 4.14969 4.13614 3.93315 3.88674 3.94549
3.03860 2.96452 2.80698 2.80698 2.80698 2.80698 2.80698 2.80698 2.80698 2.80698 3.52484 6.02314 7.10105 7.15065 7.27992 8.17263 9.03448 10.2083 10.2261 10.3056 10.5367 10.9518 11.4363 11.9234 12.3171 12.3786 12.4111 12.5181 12.5527 13.0027 13.5491 13.1439 11.3885 11.2806 11.1948 11.0997 11.0047 9.33633 8.88118 8.86768 8.86768 8.86768 8.86768 8.83562 8.11998 6.91816 6.27166 5.62888 5.49718 5.47483 5.46717 4.97174 4.79233 4.74383 4.70582 4.70292 4.70292 4.70292 4.68228 4.51661 4.14097 3.87624 3.91766 3.87166 3.92475 3.84511 3.89856
2.97024 3.05175 2.80738 2.80698 2.80698 2.80698 2.80698 2.83294 2.94960 3.07404 3.42053 5.54555 7.25228 7.26366 7.24460 8.10432 9.47964 10.8426 11.6269 12.0592 12.3437 12.4434 12.4730 12.4998 12.5097 12.5170 12.4992 12.4795 12.3828 12.5514 13.1500 13.2625 11.0740 10.8113 10.8113 10.8113 10.8113 9.84784 8.86768 8.86768 8.85217 8.80472 8.75638 8.69742 8.18936 7.13925 6.19596 5.70853 5.39642 5.33123 5.29925 5.02602 4.73582 4.71465 4.68000 4.64543 4.61081 4.57623 4.56226 4.53856 4.17304 3.68802 3.74243 3.78259 3.84719 3.75005 3.82600
2.88525 3.09012 2.84410 2.84556 2.96711 3.09145 3.21590 3.31433 3.32205 3.33575 3.39877 5.09687 6.96565 7.27852 7.44429 9.00637 10.9049 11.8544 12.5192 12.5214 12.4992 12.4101 12.3165 12.2230 12.1294 12.0359 11.9646 11.9635 11.9658 12.0179 12.9100 13.2937 11.5739 10.8113 10.8113 10.8102 10.7771 10.3749 8.73670 8.68836 8.65548 8.65454 8.64929 8.58984 8.37358 7.30546 6.31418 5.89225 5.47723 5.37577 5.34013 5.18992 4.68003 4.67441 4.68214 4.68987 4.69766 4.70578 4.72098 4.73889 4.46457 3.93835 3.86500 3.92068 3.94378 3.83791 3.83244
3.15906 3.48889 3.39042 3.31922 3.31593 3.28628 3.26765 3.25583 3.24489 3.27254 3.45453 4.47951 6.31894 7.53140 7.53089 8.78011 10.5425 11.2059 12.1285 12.0349 11.9646 11.9601 11.9601 11.9601 11.9601 11.9601 11.9601 11.9621 11.9658 11.9658 12.7226 13.1539 12.2091 10.7095 10.6607 10.6133 10.5981 10.5964 8.90944 8.59715 8.52458 8.45191 8.38858 8.39266 8.48637 7.71674 6.73888 6.26124 5.65172 5.32026 5.31130 5.31167 4.80201 4.75060 4.76072 4.77083 4.78095 4.79067 4.79332 4.79332 4.58350 4.10387 3.87681 3.94219 3.94924 3.92052 3.84501
3.75886 3.34864 3.25108 3.07952 3.07844 3.10376 3.30994 3.55522 3.77566 3.93084 3.93163 4.40480 5.59764 7.46348 7.45493 8.09084 10.0508 10.6466 11.8977 11.9604 11.9609 11.9614 11.9620 11.9626 11.9631 11.9638 11.9644 11.9327 11.8427 11.7514 12.1760 12.6629 12.5294 10.7074 10.5975 10.5257 10.4063 10.2928 9.21022 8.41443 8.43359 8.45273 8.46780 8.46896 8.55665 8.01551 6.94980 6.29466 5.77946 5.44955 5.36907 5.37790 5.02646 4.79212 4.77854 4.73636 4.69143 4.64648 4.60159 4.55668 4.37169 4.04481 3.89911 3.93267 3.92798 3.91398 3.72587
4.38271 3.22365 3.42696 3.47590 3.68346 3.86828 3.90247 3.88652 3.87234 3.87009 3.87009 4.04492 4.81906 6.76690 7.07454 7.13695 9.42681 10.4323 11.5116 11.9658 11.9658 11.9658 11.9651 11.9090 11.8178 11.7266 11.6354 11.5770 11.5760 11.5760 11.8515 12.4978 12.7788 10.6885 10.2375 10.2091 10.2283 10.2414 9.80951 8.44882 8.41786 8.38694 8.35597 8.32505 8.36069 8.13838 7.11830 6.23975 5.89814 5.49172 5.25484 5.20902 4.98133 4.54033 4.50898 4.50627 4.50449 4.49500 4.48463 4.47425 4.41590 4.00449 3.81240 3.91660 3.95318 3.97250 3.77377
5.35269 4.48269 4.17361 3.93526 3.87009 3.87009 3.87009 3.87009 3.87009 3.87009 3.87009 3.87009 3.88872 5.54848 6.70876 6.71477 8.62313 10.2306 11.0819 11.8841 11.7929 11.7017 11.6111 11.5760 11.5760 11.5760 11.5760 11.5592 11.4772 11.3905 11.3544 12.2103 12.5840 11.2025 10.1847 10.1538 10.1229 10.1047 10.0860 8.50028 8.39254 8.42429 8.39066 8.32813 8.28140 8.20563 6.92633 6.13725 5.76778 5.37909 5.08888 5.08880 5.05066 4.50441 4.47896 4.46859 4.45999 4.42796 4.34874 4.26898 4.18917 3.80735 3.61830 3.89050 3.95812 3.96678 3.82394
5.75118 4.96825 4.19721 4.01236 3.87009 3.87009 3.87009 3.87009 3.87009 3.87009 3.87009 3.87009 3.87009 4.67612 6.68841 6.60223 7.70218 9.66094 10.2961 11.5760 11.5760 11.5760 11.5905 11.6063 11.5328 11.4461 11.3586 11.2757 11.2543 11.2407 11.2558 12.0274 12.4650 11.9202 10.2306 10.2462 10.1999 10.1246 10.0283 8.83022 8.06212 7.96778 7.93909 7.93909 7.93909 8.06830 7.09162 6.30084 5.87379 5.41140 5.06912 5.01735 5.01003 4.58365 4.35521 4.27545 4.19567 4.14702 4.14646 4.14646 4.14646 3.92218 3.69932 3.88829 4.09208 4.13174 3.88675
5.75118 5.31837 4.26069 4.09745 3.87009 3.87009 3.87009 3.87009 3.87009 3.87009 3.85208 3.80150 3.75019 3.87204 6.01048 6.31898 6.78874 9.28695 10.0603 11.4963 11.5875 11.4878 11.3810 11.2992 11.3077 11.3294 11.3520 11.3866 11.4250 11.4553 11.4282 11.8939 12.3508 12.2010 9.97516 9.72803 9.71198 9.71198 9.71198 9.16271 7.93909 7.93909 7.93909 7.92771 7.90101 8.00670 7.33848 6.41449 5.85166 5.43761 5.04443 4.83286 4.75304 4.45954 4.14038 4.12621 4.13860 4.16219 4.18572 4.20926 4.23277 4.09168 3.83837 3.94559 4.20116 4.21200 4.03015
5.75118 5.68369 4.35483 4.16545 3.88847 3.87009 3.84534 3.79401 3.74272 3.69144 3.65814 3.65746 3.67566 3.78108 5.44509 6.60162 6.80609 8.90793 10.2174 10.9812 11.4039 11.4386 11.4659 11.4618 11.4279 11.3897 11.3516 11.3132 11.2749 11.2415 11.2369 11.5083 12.1735 12.2666 10.2999 9.71198 9.71198 9.71198 9.71050 9.62207 7.96033 7.86315 7.83632 7.82090 7.82082 7.88797 7.48403 6.32730 5.55830 5.17091 4.80490 4.58972 4.60681 4.54584 4.09621 4.12751 4.13219 4.12578 4.11937 4.11292 4.10653 4.06060 3.76188 3.85114 4.12649 4.14335 4.08355
5.78246 5.75033 4.60713 4.07052 3.81547 3.68395 3.65746 3.66816 3.74860 3.88081 4.04406 4.20741 4.36863 4.50635 5.39285 6.82689 6.78893 8.39727 10.1019 10.7049 11.3512 11.3129 11.2745 11.2414 11.2369 11.2369 11.2369 11.2369 11.2369 11.2369 11.2369 11.2879 12.1593 12.2404 11.0062 9.67861 9.65179 9.62497 9.59966 9.59370 8.37520 7.80215 7.69410 7.57447 7.45479 7.37278 7.23230 6.04479 5.43526 5.06238 4.69897 4.62093 4.62027 4.62027 4.15512 4.09342 4.11917 4.14490 4.17060 4.19634 4.22202 4.23330 3.89411 3.90918 4.08387 4.10963 4.06587
5.71423 5.36495 4.67880 4.12423 4.10315 4.14686 4.31014 4.46270 4.55279 4.62166 4.66289 4.70222 4.69774 4.65944 4.83524 6.48040 6.59770 7.49146 9.63198 10.2637 11.2354 11.2369 11.2369 11.2369 11.2369 11.2369 11.2369 11.2369 11.2369 11.2369 11.2689 11.3318 12.1360 12.4342 11.9127 9.62287 9.59370 9.57808 9.41008 9.20386 8.41513 7.33782 7.30695 7.28774 7.26849 7.25395 7.24380 6.23213 5.59132 5.14355 4.76916 4.72288 4.73141 4.75714 4.47409 4.23288 4.23062 4.22354 4.20468 4.18262 4.16052 4.13848 3.82071 3.65833 3.73887 3.84658 3.82256
6.03791 5.83730 5.64135 4.71746 4.56855 4.60916 4.62621 4.62885 4.62429 4.58917 4.55057 4.51391 4.50485 4.50485 4.58359 5.89940 6.55890 6.89253 9.24874 10.1468 11.0619 11.2369 11.2369 11.2369 11.2369 11.2395 11.2864 11.3493 11.4122 11.4750 11.5059 11.5059 12.0136 12.4516 12.3144 9.53815 9.00923 8.79931 8.74170 8.72246 8.59418 7.27096 7.24032 7.21275 7.18517 7.15758 7.16360 6.40727 5.65947 5.05744 4.89337 4.78973 4.72746 4.70541 4.53844 4.11098 4.09119 4.07622 4.07303 4.06711 4.04498 4.02195 3.80468 3.51772 3.57319 3.75802 3.74664
6.34819 6.03406 6.07427 4.94732 4.52933 4.51637 4.50485 4.50485 4.50485 4.50485 4.50485 4.50485 4.50485 4.50485 4.50608 5.33801 6.55890 6.68253 8.53280 10.0963 10.7715 11.2470 11.3039 11.3667 11.4296 11.4899 11.5059 11.5059 11.5059 11.5059 11.3226 10.9442 10.8388 11.1249 10.9742 9.54131 8.69193 8.66433 8.63675 8.60918 8.57815 7.39391 6.95660 6.88749 6.81856 6.70746 6.65712 6.29206 5.54606 4.99016 4.82296 4.68843 4.62396 4.62396 4.61156 4.08671 4.03252 4.00948 3.98645 3.96943 3.97480 3.98476 3.91702 3.53414 3.57586 3.70624 3.73403
6.83497 6.35748 6.29829 5.36904 4.50109 4.49509 4.50485 4.50485 4.50485 4.50485 4.50485 4.50485 4.50485 4.50485 4.50485 4.79123 6.46780 6.58500 8.01805 9.98551 10.6913 11.4999 11.5059 11.5059 11.5059 11.4290 11.1902 10.8139 10.4352 10.0550 9.79002 9.68327 9.63070 10.3644 10.2626 9.46913 8.30278 8.23374 8.16290 8.03897 7.89457 7.14690 6.26398 6.18510 6.10623 6.06935 6.13946 6.23884 5.43831 5.08949 4.86840 4.72148 4.65638 4.66446 4.67691 4.19827 3.97396 3.98391 3.99388 4.00374 4.00742 4.00742 4.00584 3.57180 3.55785 3.61593 3.66354
6.89658 6.49687 6.29829 5.66221 4.64178 4.48792 4.50485 4.50485 4.50485 4.50485 4.50485 4.50485 4.50488 4.52208 4.55413 4.73062 6.22181 6.82706 7.51180 9.82468 10.4036 11.2424 11.0480 10.6841 10.2360 9.83017 9.63578 9.59423 9.55664 9.52030 9.55082 9.61999 9.69080 9.67484 9.65642 9.28322 7.74577 7.62734 7.55026 7.52617 7.52617 7.32373 6.06993 6.06935 6.06935 6.06938 6.08667 6.30548 5.62677 5.26439 4.96627 4.77421 4.71193 4.69520 4.70517 4.44140 4.00742 4.00742 4.00837 3.99734 3.97853 3.95967 3.94083 3.59870 3.38183 3.41048 3.53096
6.89658 6.67024 6.29829 5.97166 4.81633 4.48039 4.50455 4.50485 4.50540 4.52688 4.55892 4.59098 4.62302 4.63786 4.63786 4.63348 5.62633 6.65199 6.86769 8.47050 9.34978 9.74077 9.66775 9.61568 9.64616 9.71231 9.73079 9.75385 9.78347 9.81295 9.84245 9.87195 9.89974 9.85192 9.76001 9.24418 7.82670 7.52617 7.52617 7.52617 7.52617 7.52828 6.33741 6.10727 6.12653 6.14576 6.15425 6.32515 5.85856 5.44040 5.02810 4.90074 4.82324 4.77935 4.76408 4.68051 4.02661 4.00878 3.99371 3.99052 3.99517 3.99987 4.00452 3.80230 3.42782 3.39590 3.51592
6.89658 6.86389 6.31213 6.26640 5.05100 4.51059 4.56095 4.59578 4.62728 4.63786 4.62314 4.55007 4.47246 4.40405 4.33630 4.31265 4.81840 5.91661 5.96271 7.71379 9.26606 9.57603 9.78317 9.81265 9.84217 9.87165 9.89954 9.90616 9.90616 9.90616 9.90616 9.90616 9.90616 9.87659 9.80688 9.34921 8.30164 7.53355 7.55267 7.57194 7.59120 7.60835 6.85455 6.15425 6.15905 6.17370 6.18863 6.42201 6.27483 5.69946 5.29639 5.15596 5.02911 4.76067 4.76164 4.76229 4.19356 4.05002 4.04486 4.03715 4.02945 4.02176 4.01406 3.91610 3.44815 3.38679 3.44462
6.90796 6.99143 6.56343 6.48972 5.60936 4.67417 4.54429 4.48403 4.41588 4.34756 4.29409 4.31091 4.35214 4.38439 4.41725 4.47665 4.76687 5.69562 5.98489 7.56049 9.24194 9.63212 9.90616 9.90616 9.90616 9.90616 9.90616 9.90616 9.90616 9.90616 9.90616 9.90616 9.90732 9.95635 9.94846 9.72304 9.07336 7.62463 7.61107 7.61107 7.59075 7.49990 7.14181 6.21153 6.24699 6.27284 6.29841 6.45266 6.61338 5.79455 5.49439 5.25594 5.08147 4.79489 4.73848 4.73079 4.36294 4.00339 4.00085 4.00078 3.99235 4.00002 4.02226 4.04012 3.66571 3.51056 3.53199
7.26913 7.08042 6.45594 5.84512 5.16197 4.29741 4.17190 4.31364 4.34282 4.41264 4.51720 4.60965 4.68237 4.75478 4.82601 4.85029 4.90702 5.68988 6.13627 7.00737 8.98286 9.55353 9.88830 9.90616 9.90616 9.90616 9.90616 9.90616 9.91468 9.98618 10.0704 10.1547 10.2378 10.2671 10.1879 10.0086 9.50923 7.69603 7.43444 7.36311 7.31213 7.33168 7.35234 6.45265 6.34425 6.34039 6.32724 6.34293 6.65968 5.87368 5.55852 5.22035 5.02585 4.80500 4.65367 4.67094 4.54163 4.00325 4.02551 4.04788 4.07845 4.09309 4.07727 4.03311 3.76324 3.41754 3.31401
6.25912 6.22898 6.07346 5.39141 5.22430 4.53428 4.46466 4.73153 4.81560 4.85029 4.85029 4.85029 4.85029 4.85029 4.85029 4.85029 4.85029 5.35716 6.13028 6.65477 8.42507 9.54479 9.79931 9.90616 9.92879 10.0100 10.0943 10.1785 10.2543 10.2671 10.2671 10.2671 10.2638 10.1623 9.95045 9.72430 9.05175 7.92462 7.37384 7.36790 7.35438 7.34081 7.32725 6.70815 6.25795 6.21031 6.17131 6.13271 6.46092 5.97329 5.64105 5.22457 5.12126 4.99573 4.80020 4.80522 4.79988 4.15216 4.05344 4.00871 3.96397 3.91924 3.89125 3.90175 3.77223 3.46413 3.35559
6.26005 6.32424 6.38848 5.65282 5.55230 4.77014 4.67024 4.79692 4.85029 4.85029 4.85029 4.85029 4.85029 4.85029 4.85029 4.85029 4.85029 5.12449 5.96694 6.34176 7.99923 9.54286 9.91494 10.2024 10.2641 10.2671 10.2671 10.2671 10.2363 10.1213 9.96391 9.80647 9.65187 9.57889 9.51221 9.40619 8.94186 8.20142 7.22322 7.17656 7.13790 7.09931 7.08735 6.81732 6.10118 6.15453 6.20860 6.26263 6.54218 6.30389 5.80136 5.41979 5.25201 5.09738 4.73263 4.66322 4.60172 4.13993 3.89031 3.90061 3.91450 3.92840 3.94133 3.94414 3.87784 3.53872 3.36324
6.46699 6.46689 6.46689 5.88917 5.56800 4.94834 4.68080 4.74842 4.85029 4.85029 4.85029 4.85029 4.85029 4.85029 4.85029 4.85143 4.88194 5.04830 5.97063 6.45989 7.81919 9.56257 9.96756 10.2372 10.1767 10.0794 9.92249 9.74771 9.58459 9.50737 9.47509 9.44291 9.41073 9.39569 9.38425 9.02951 8.75468 8.31920 7.21612 7.19518 7.24918 7.30318 7.33060 7.30614 6.36033 6.30101 6.30101 6.30101 6.45835 6.45664 5.69656 5.37448 5.07556 4.86262 4.61750 4.54361 4.55750 4.35487 3.94057 3.94414 3.94414 3.94383 3.93230 3.90275 3.86296 3.48581 3.25977
