High_resolution/powerplant/Shangrao/OMI_NO2_201108.asc
ncols      200
nrows      200
xllcorner       115.451
yllcorner       27.0350
cellsize     0.0166667
NODATA_Value      -999.000
[rows 60 to 89 of 200, columns 132 to 197 of 200]
1.75183 1.75183 1.75183 1.75183 1.75183 1.75183 1.75183 1.75183 1.75183 1.75183 1.75183 1.67489 1.54253 1.54253 1.54253 1.50694 1.27745 1.27974 1.35708 1.47064 1.58429 1.69639 1.73590 1.73590 1.73590 1.73590 1.73590 1.73590 1.73590 1.73590 1.73590 1.80332 2.25015 2.25015 2.25015 0.00000 0.00000 0.00000 0.00000 0.00000 0.00000 0.00000 0.00000 0.00000 0.00000 0.00000 0.00000 0.00000 0.00000 1.99878 1.99878 1.99878 1.99878 1.99878 1.99878 1.99878 1.99878 0.00000 0.00000 0.00000 0.00000 0.00000 0.00000 0.00000 0.00000 0.00000
1.75676 1.75183 1.75183 1.75183 1.75183 1.75183 1.75183 1.75183 1.75183 1.75183 1.75183 1.74855 1.55272 1.47710 1.43492 1.44913 1.62616 1.69964 1.73590 1.73590 1.73590 1.73590 1.73590 1.73590 1.73590 1.73590 1.73590 1.73591 1.74265 1.75510 1.76756 1.78455 2.20026 2.25015 2.25015 0.00000 0.00000 0.00000 0.00000 0.00000 0.00000 0.00000 0.00000 0.00000 0.00000 1.99878 1.99878 1.99878 1.99878 1.99878 1.99878 1.99878 1.99878 1.99878 1.99878 1.99878 1.99878 0.00000 0.00000 0.00000 0.00000 0.00000 0.00000 0.00000 0.00000 0.00000
1.98362 1.75183 1.75183 1.75183 1.75183 1.75183 1.75183 1.73050 1.52054 1.32668 1.27489 1.27579 1.29571 1.34608 1.36814 1.36814 1.73483 1.73590 1.73590 1.73590 1.73590 1.73590 1.73776 1.74895 1.76140 1.77386 1.78635 1.79883 1.80458 1.80458 1.80458 1.80458 2.03519 2.25015 2.25015 2.25015 0.00000 0.00000 0.00000 0.00000 1.99878 1.99878 1.99878 1.99878 1.99878 1.99878 1.99878 1.99878 1.99878 1.99878 1.99878 1.99878 1.99878 1.99878 1.99878 1.99878 1.99878 0.00000 0.00000 0.00000 0.00000 0.00000 0.00000 0.00000 0.00000 0.00000
2.33032 1.75183 1.67749 1.44680 1.26858 1.13367 1.11474 1.15070 1.23089 1.30893 1.33172 1.33172 1.34235 1.36814 1.36814 1.36814 1.60864 1.74277 1.75526 1.76771 1.78017 1.79266 1.80329 1.80458 1.80458 1.80458 1.80458 1.80458 1.80458 1.80458 1.80458 1.80458 1.91832 2.25015 2.25015 2.25015 1.99878 1.99878 1.99878 1.99878 1.99878 1.99878 1.99878 1.99878 1.99878 1.99878 1.99878 1.99878 1.99878 1.99878 1.99878 1.99878 1.99878 1.99878 1.99878 1.99878 1.99878 1.99878 0.00000 0.00000 0.00000 0.00000 0.00000 0.00000 0.00000 0.00000
2.00991 0.992975 1.00815 1.12605 1.22381 1.30396 1.33172 1.33172 1.33172 1.33172 1.33172 1.33273 1.34581 1.39433 1.41102 1.42596 1.58341 1.81159 1.80458 1.80458 1.80458 1.80458 1.80458 1.80458 1.80458 1.80458 1.80458 1.80458 1.80458 1.80458 1.80458 1.80458 1.82942 2.03235 1.76011 1.56764 1.99878 1.99878 1.99878 1.99878 1.99878 1.99878 1.99878 1.99878 1.99878 1.99878 1.99878 1.99878 1.99878 1.99878 1.99878 1.99878 1.99878 1.99878 1.99878 1.99878 1.99878 1.99878 0.00000 0.00000 0.00000 0.00000 0.00000 0.00000 0.00000 0.00000
2.29484 1.32083 1.33172 1.33172 1.33172 1.33172 1.33519 1.34938 1.36433 1.37929 1.39424 1.40818 1.41117 1.43568 1.44759 1.44759 1.47188 1.86566 1.80458 1.80458 1.80458 1.80458 1.80458 1.80458 1.80458 1.80458 1.80458 1.80458 1.79666 1.69024 1.55412 1.41800 1.28804 1.17636 1.15018 1.15986 1.93027 1.99878 1.99878 1.99878 1.99878 1.99878 1.99878 1.99878 1.99878 1.99878 1.99878 1.99867 1.97351 1.99878 1.99878 1.99878 1.99878 1.99878 1.99878 1.99878 1.99878 1.99878 0.00000 0.00000 0.00000 0.00000 0.00000 0.00000 0.00000 0.00000
2.53198 1.48178 1.35407 1.36903 1.38398 1.39893 1.41041 1.41117 1.41117 1.41117 1.41117 1.41117 1.41117 1.42443 1.44759 1.44759 1.44759 1.76803 1.80458 1.80458 1.80458 1.80458 1.80458 1.80458 1.79468 1.68480 1.54868 1.41255 1.28435 1.25460 1.25460 1.25460 1.25460 1.21176 1.15018 1.15018 1.67983 1.99878 1.99878 1.99878 1.99878 1.99878 1.98310 1.93500 1.89738 1.86816 1.84491 1.82596 1.82050 1.98182 1.99878 1.99878 1.99878 1.99878 1.99878 1.99878 2.01256 2.06586 2.20942 0.00000 0.00000 0.00000 0.00000 0.00000 0.00000 0.00000
2.16363 1.57986 1.41117 1.41117 1.41117 1.41117 1.41117 1.41117 1.41117 1.41117 1.41117 1.41117 1.41117 1.41378 1.44702 1.44759 1.44759 1.65451 1.80458 1.80458 1.79248 1.67930 1.54318 1.40705 1.28083 1.25460 1.25460 1.25460 1.25460 1.25460 1.25460 1.25460 1.25460 1.23569 1.15018 1.15018 1.42261 1.95036 1.90893 1.87729 1.85226 1.83195 1.81921 1.81857 1.81857 1.81857 1.81857 1.81857 1.81857 1.91591 1.99878 1.99878 2.01955 2.06989 2.12045 2.17094 2.20770 2.20942 2.20942 0.00000 0.00000 0.00000 0.00000 0.00000 0.00000 0.00000
2.11926 1.76257 1.41118 1.41117 1.41117 1.41117 1.41117 1.41117 1.41117 1.41117 1.41117 1.41117 1.41117 1.41117 1.43835 1.44759 1.47963 1.56957 1.56448 1.40161 1.27759 1.25460 1.25460 1.25460 1.25460 1.25460 1.25460 1.25460 1.25460 1.25460 1.25460 1.23253 1.18419 1.13139 1.32797 1.36747 1.40910 1.80469 1.81857 1.81857 1.81857 1.81857 1.81857 1.81857 1.81857 1.81857 1.81857 1.81864 1.83311 1.91879 2.12889 2.17943 2.20921 2.20942 2.20942 2.20942 2.20942 2.20942 2.20942 0.00000 0.00000 0.00000 0.00000 0.00000 0.00000 0.00000
2.11926 1.98529 1.41659 1.41117 1.41117 1.41117 1.41117 1.41117 1.41117 1.41117 1.41530 1.48220 1.57528 1.70638 1.74312 1.59870 1.56405 1.55084 1.37210 1.25460 1.25460 1.25460 1.25460 1.25460 1.25460 1.24949 1.20830 1.15996 1.11156 1.06316 1.01476 0.988436 0.988382 0.988382 1.29603 1.39427 1.39427 1.69343 1.81857 1.81857 1.81857 1.81857 1.81857 1.81932 1.83736 1.86262 1.88787 1.91309 1.92389 1.94877 2.20942 2.20942 2.20942 2.20942 2.20942 2.20942 2.20942 2.20942 2.20942 0.00000 0.00000 0.00000 0.00000 0.00000 0.00000 0.00000
2.11926 2.11926 1.48994 1.41117 1.41117 1.42902 1.51128 1.59937 1.69089 1.81958 1.95481 2.02699 2.07304 2.08102 2.01261 1.55137 1.55074 1.55074 1.46238 1.25460 1.23232 1.18392 1.13552 1.08712 1.03872 0.995437 0.988382 0.988382 0.988382 0.988382 0.988382 0.988382 0.988382 0.988382 1.18500 1.39427 1.39427 1.56350 1.81857 1.82072 1.84159 1.86685 1.89213 1.91666 1.92389 1.92389 1.92389 1.92389 1.92389 1.92405 2.15223 2.20942 2.20942 2.20942 2.20942 2.20942 2.20942 2.20942 2.20942 2.20942 0.00000 0.00000 0.00000 0.00000 0.00000 0.00000
2.05589 1.91827 1.69290 1.71682 1.80706 1.91522 1.97203 2.02303 2.07068 2.08102 2.08102 2.08102 2.08102 2.08102 2.08132 1.62819 1.49410 1.45642 1.36370 1.01487 0.988409 0.988382 0.988382 0.988382 0.988382 0.988382 0.988382 0.988382 0.988382 0.988382 0.988382 0.988382 0.988382 0.988382 1.07400 1.39814 1.42882 1.52748 1.89546 1.91951 1.92389 1.92389 1.92389 1.92389 1.92389 1.92389 1.92389 1.92389 1.92389 1.92389 2.05197 2.20942 2.20942 2.20942 2.20942 2.20942 2.20942 2.20942 2.20942 2.20942 0.00000 0.00000 0.00000 0.00000 0.00000 0.00000
1.55802 1.59270 1.75186 2.01485 2.01426 1.97521 1.93035 2.04417 2.08102 2.08224 2.08806 2.09515 2.10332 2.11290 2.12358 1.72107 1.33102 1.33102 1.32136 1.00557 0.988382 0.988382 0.988382 0.988382 0.988382 0.988382 0.988382 0.988382 0.988382 0.988382 0.988382 0.985433 0.964505 0.933743 0.897292 1.56630 1.63837 1.63837 1.89000 1.92389 1.92389 1.92389 1.92389 1.92389 1.92389 1.92389 1.92389 1.92389 1.92389 1.92389 1.98419 2.20942 2.20942 2.20942 2.20942 2.20942 2.20942 2.20942 2.20942 2.20942 0.00000 0.00000 0.00000 0.00000 0.00000 0.00000
1.69522 1.68017 1.66809 1.87961 1.87029 1.86424 1.85756 1.97100 2.11635 2.12567 2.12645 2.12645 2.12645 2.12645 2.12645 1.96696 1.33102 1.33102 1.33102 1.08588 0.988382 0.988382 0.988382 0.988382 0.988382 0.988382 0.988382 0.985030 0.963551 0.932447 0.888879 0.834908 0.826585 0.826585 0.826585 1.36534 1.63837 1.63837 1.82428 1.92389 1.92389 1.92389 1.92389 1.92389 1.92389 1.92836 1.95430 1.98839 2.03079 2.08482 2.15945 2.20942 2.20942 2.20942 2.20942 2.20942 2.20942 2.20942 2.20942 2.39737 3.21321 0.00000 0.00000 0.00000 0.00000 0.00000
1.63848 1.64385 1.64920 1.81375 1.83389 1.83389 1.83389 1.89084 2.12645 2.12645 2.12645 2.12645 2.12645 2.12645 2.12645 2.12374 1.42016 1.33102 1.33102 1.19620 0.988382 0.988382 0.988382 0.984531 0.962589 0.931135 0.886987 0.833643 0.826585 0.826585 0.826585 0.826585 0.826585 0.826585 0.826585 1.14326 1.63837 1.63837 1.72465 1.92480 1.94458 1.97657 2.01590 2.06577 2.13066 2.20115 2.20942 2.20942 2.20942 2.20942 2.20942 2.20942 2.20942 2.20942 2.21241 2.45817 2.85693 3.25553 3.65445 3.86852 3.86885 0.00000 0.00000 0.00000 0.00000 0.00000
1.65728 1.65728 1.65728 1.76371 1.83389 1.83389 1.83389 1.83859 2.10404 2.12645 2.12645 2.12645 2.12645 2.12645 2.12645 2.12645 1.66327 1.33102 1.33102 1.30166 0.964923 0.929762 0.885003 0.832618 0.826585 0.826585 0.826585 0.826585 0.826585 0.826585 0.826585 0.826585 0.826585 0.826585 0.853060 1.00606 1.63783 1.63837 1.64098 2.18010 2.20942 2.20942 2.20942 2.20942 2.20942 2.20942 2.20942 2.20942 2.20942 2.20942 2.22569 2.52272 2.92148 3.32008 3.71585 3.86885 3.86885 3.86885 3.86885 3.86885 3.86885 0.00000 0.00000 0.00000 0.00000 0.00000
1.65728 1.65728 1.65728 1.70728 1.84666 1.83389 1.83389 1.83389 2.00451 2.12645 2.12645 2.12645 2.12645 2.12666 2.13113 2.12097 1.85180 1.42973 1.49707 1.57087 0.864038 0.826585 0.826585 0.826585 0.826585 0.826585 0.826585 0.826585 0.831456 0.886079 0.953680 1.02128 1.08892 1.15671 1.19798 1.19843 1.19843 0.00000 0.00000 2.20942 2.20942 2.20942 2.20942 2.20942 2.20942 2.20942 2.24942 2.58711 2.98603 3.38480 3.76713 3.86885 3.86885 3.86885 3.86885 3.86885 3.83182 3.71595 3.63417 3.57814 3.81774 3.86885 0.00000 0.00000 0.00000 0.00000
1.65728 1.65728 1.65728 1.65834 1.84507 1.83389 1.83389 1.83389 1.92046 2.13324 2.13939 2.13298 2.05876 1.94890 1.78596 1.59610 1.57756 1.57756 1.57756 1.57756 1.12143 0.826585 0.826585 0.852390 0.919545 0.987146 1.05475 1.12238 1.18530 1.19843 1.19843 1.19843 1.19843 1.19843 1.19843 1.19843 1.19843 0.00000 0.00000 2.20942 2.20942 2.20942 2.28360 2.65166 3.05042 3.44931 3.80795 3.86885 3.86885 3.86885 3.86885 3.86885 3.85623 3.74636 3.65491 3.59118 3.55390 3.55168 3.55168 3.55168 3.69206 3.86885 0.00000 0.00000 0.00000 0.00000
1.65728 1.65728 1.65728 1.68183 1.83452 1.84393 1.84803 1.84278 1.79243 1.95836 1.80039 1.60438 1.57756 1.57756 1.57756 1.57756 1.57756 1.57297 1.49080 1.40595 1.22616 1.08821 1.15585 1.19787 1.19843 1.19843 1.19843 1.19843 1.19843 1.19843 1.19843 1.19843 1.19843 1.19843 1.19843 1.19843 1.19843 0.00000 0.00000 2.20942 3.07663 3.51373 3.83848 3.86885 3.86885 3.86885 3.86885 3.86885 3.86809 3.78084 3.67789 3.60761 3.55990 3.55168 3.55168 3.55168 3.55168 3.55168 3.55168 3.55168 3.60693 3.86885 0.00000 0.00000 0.00000 0.00000
1.83069 1.91271 2.00499 2.06038 1.95444 1.68539 1.56511 1.44385 1.43184 1.53212 1.57756 1.57756 1.55581 1.46066 1.38341 1.32462 1.27831 1.24206 1.23316 1.23316 1.20149 1.16149 1.19843 1.19843 1.19843 1.19843 1.19843 1.19843 1.19843 1.19843 1.19843 1.19843 1.19843 1.19843 1.19843 1.19843 1.19843 1.19843 0.00000 0.00000 3.86885 3.86885 3.86885 3.86885 3.86885 3.81760 3.70352 3.62562 3.57009 3.55168 3.55168 3.55168 3.55168 3.55168 3.55168 3.55168 3.55168 3.55168 3.55168 3.55168 3.55655 3.83370 3.86885 0.00000 0.00000 0.00000
2.01365 1.94041 1.85472 1.76284 1.74438 1.51857 1.45221 1.43189 1.38700 1.35407 1.30858 1.26540 1.23592 1.23316 1.23316 1.23316 1.23316 1.23316 1.23316 1.23316 1.23285 1.12491 1.19843 1.19843 1.19843 1.19843 1.19843 1.19843 1.19843 1.19843 1.19843 1.19843 1.19843 1.19843 1.19843 1.19843 1.19843 1.19843 0.00000 0.00000 3.86885 3.84681 3.73235 3.64541 3.58432 3.55248 3.55168 3.55168 3.55168 3.55168 3.55168 3.55168 3.55168 3.55168 3.55168 3.55168 3.55168 3.55168 3.55168 3.55168 3.55168 3.70747 3.75425 0.00000 0.00000 0.00000
1.75484 1.76453 1.82371 1.91225 2.00079 1.63151 1.27935 1.26502 1.26493 1.26017 1.23316 1.23316 1.23316 1.23316 1.23316 1.23316 1.23316 1.23316 1.23316 1.23316 1.23316 1.15248 1.19843 1.19843 1.19843 1.19843 1.19843 1.19843 1.19843 1.19843 1.19843 1.19843 1.19843 1.19843 1.19843 1.19843 1.19843 1.22535 3.23452 3.23452 3.28641 3.55389 3.55168 3.55168 3.55168 3.55168 3.55168 3.55168 3.55168 3.55168 3.55168 3.55168 3.55168 3.55168 3.55168 3.55168 3.55168 3.54664 3.46389 3.35483 3.24595 3.11768 2.96002 0.00000 0.00000 0.00000
2.10430 2.19211 2.22593 2.22593 2.22593 1.88957 1.26493 1.26493 1.26493 1.26479 1.23728 1.23316 1.23316 1.23316 1.23316 1.23316 1.23316 1.23316 1.23316 1.23316 1.23316 1.17389 1.19431 1.19843 1.19843 1.19843 1.19843 1.19843 1.19843 1.19843 1.19843 1.19843 1.19843 1.19843 1.33677 1.76675 2.00559 2.32301 3.23452 3.23452 3.23452 3.50519 3.55168 3.55168 3.55168 3.55168 3.55168 3.55168 3.55168 3.55168 3.55168 3.55168 3.55168 3.53946 3.44553 3.33647 3.22759 3.12358 3.09727 3.09727 3.09727 3.09335 2.96925 0.00000 0.00000 0.00000
2.22593 2.22593 2.22593 2.22593 2.22593 2.14245 1.31226 1.26493 1.26493 1.26493 1.24826 1.23316 1.23316 1.23316 1.23316 1.23316 1.23216 1.20023 1.15362 1.10712 1.06057 1.00908 1.12863 1.19843 1.19843 1.19843 1.19843 1.19843 1.19843 1.19843 1.19843 1.19843 1.19843 1.19843 1.71905 2.74737 2.99598 3.22479 3.23452 3.23452 3.23452 3.42855 3.55168 3.55168 3.55168 3.55168 3.55168 3.55168 3.55168 3.52923 3.42717 3.31811 3.20918 3.11240 3.09727 3.09727 3.09727 3.09727 3.09727 3.13372 3.21586 3.29800 3.14645 2.96002 0.00000 0.00000
2.22593 2.22593 2.22593 2.22593 2.22593 2.22027 1.50733 1.26493 1.26493 1.26493 1.25706 1.22627 1.18454 1.13794 1.09146 1.04488 0.999275 0.984611 0.984611 0.984611 0.984611 0.984611 1.04977 1.19843 1.19843 1.19843 1.19843 1.19843 1.19843 1.19843 1.19843 1.19843 0.00000 0.00000 3.23452 3.23452 3.23452 3.23452 3.23452 3.23452 3.23452 3.31124 3.55164 3.55168 3.55168 3.51592 3.40881 3.29975 3.19083 3.10426 3.09727 3.09727 3.09727 3.09727 3.09727 3.11502 3.19245 3.27474 3.35688 3.40272 3.40284 3.40284 3.29393 2.96002 0.00000 0.00000
2.22593 2.22593 2.22593 2.22593 2.22593 2.22593 1.72073 1.22205 1.19098 1.16003 1.12504 0.992847 0.984611 0.984611 0.984611 0.984611 0.984611 0.984611 0.984611 0.984611 0.984822 0.991516 1.01309 1.19843 1.19843 1.19843 1.19843 0.00000 0.00000 0.00000 0.00000 0.00000 0.00000 0.00000 0.00000 3.23452 3.23452 3.23452 3.23452 3.23452 3.23452 3.23452 3.38330 3.28140 3.17247 3.09922 3.09727 3.09727 3.09727 3.09727 3.09727 3.10304 3.16911 3.25134 3.33363 3.39801 3.40284 3.40284 3.40284 3.40284 3.40284 3.40284 3.38241 2.97373 0.00000 0.00000
2.22593 2.22593 2.22593 2.22593 2.22593 2.22593 1.92426 1.09990 1.09923 1.09468 1.07602 1.00292 0.984611 0.984611 0.984611 0.986006 0.995113 1.00746 1.02305 1.04336 1.07007 1.08046 1.08046 0.00000 0.00000 0.00000 0.00000 0.00000 0.00000 0.00000 0.00000 0.00000 0.00000 0.00000 0.00000 3.23452 3.23452 3.23452 3.23452 3.23452 3.23452 3.23452 3.13936 3.09727 3.09727 3.09727 3.09727 3.09757 3.14582 3.22802 3.31022 3.38674 3.40284 3.40284 3.40284 3.40284 3.40284 3.40284 3.40284 3.40284 3.40284 3.40284 3.40284 3.14010 2.96002 0.00000
2.22593 2.22593 2.22593 2.22593 2.22692 2.29572 2.33254 1.19268 1.01254 0.986151 0.988304 0.998971 1.01229 1.02926 1.05165 1.07696 1.08046 1.08046 1.08046 1.08046 1.08046 1.08046 1.08046 1.08046 0.00000 0.00000 0.00000 0.00000 0.00000 0.00000 0.00000 0.00000 0.00000 0.00000 0.00000 3.23452 3.02924 2.62200 2.34659 3.23452 3.23452 3.23452 3.18362 3.09727 3.12397 3.20468 3.28694 3.36880 3.40284 3.40284 3.40284 3.40284 3.40284 3.40284 3.40284 3.40284 3.40284 3.40284 3.40284 3.40284 3.40284 3.40284 3.40284 3.27641 2.96002 0.00000
2.24196 2.34790 2.49818 2.70041 2.98406 3.12338 3.12338 1.35085 1.03609 1.06089 1.08025 1.08046 1.08046 1.08046 1.08046 1.08046 1.08046 1.08046 1.08046 1.08046 1.08046 1.08046 1.08046 1.08046 0.00000 0.00000 0.00000 0.00000 0.00000 0.00000 0.0698426 0.0698426 0.0698426 0.0698426 0.0698426 0.0698426 1.20840 1.65218 1.65218 2.84806 3.25701 3.40258 3.56139 3.36294 3.40128 3.40284 3.40284 3.40284 3.40284 3.40284 3.40284 3.40284 3.40284 3.40284 3.40284 3.40284 3.40284 3.40284 3.40284 3.40284 3.40225 3.39799 3.39310 3.35676 2.92522 0.00000
3.07741 3.12338 3.12338 3.12338 3.12338 0.00000 0.00000 1.08046 1.08046 1.08046 1.08046 1.08046 1.08046 1.08046 1.08046 1.08046 1.08046 1.08046 1.08046 1.08046 1.08046 1.08046 1.08046 1.08046 0.00000 0.0698426 0.0698426 0.0698426 0.0698426 0.0698426 0.0698426 0.0698426 0.0698426 0.0698426 0.0698426 0.0698426 0.680822 1.71296 1.79513 2.63187 3.82696 3.84566 3.84566 3.50631 3.40284 3.40284 3.40284 3.40284 3.40284 3.40284 3.40284 3.40284 3.40284 3.40284 3.40284 3.40284 3.40179 3.39720 3.39231 3.38742 3.38313 3.38250 3.38250 3.38250 3.08796 0.00000
