High_resolution/powerplant/Shangrao/OMI_NO2_200805.asc
ncols      200
nrows      200
xllcorner       115.451
yllcorner       27.0350
cellsize     0.0166667
NODATA_Value      -999.000
[rows 145 to 173 of 175, columns 67 to 133 of 200]
0.833266 0.833266 0.830366 0.800948 0.800864 0.800864 0.777894 0.496169 0.564493 0.568986 0.568986 0.572930 0.591696 0.611892 0.635008 0.670190 0.796770 0.921264 1.06799 1.08921 1.11046 1.13161 1.14630 1.12083 1.17069 1.24164 1.31245 1.37127 1.37740 1.37740 1.40261 1.38880 1.32332 1.37805 1.37805 1.37805 1.38133 1.43357 1.43396 1.47353 1.48175 1.45158 1.41417 1.37675 1.33934 1.31416 1.31348 1.27416 0.860812 0.859353 0.859353 0.861708 0.891646 0.929374 1.01999 1.08891 1.01679 0.968389 0.866110 0.781155 0.781155 0.781155 0.781155 0.850377 0.895755 0.895755 0.895755
0.833266 0.833266 0.833266 0.806013 0.800864 0.800864 0.799758 0.597449 0.632332 0.680195 0.716682 0.749183 0.766881 0.783159 0.796476 0.797758 0.845675 0.943389 1.14146 1.15400 1.21422 1.28514 1.35606 1.39512 1.37740 1.37740 1.37740 1.37740 1.37740 1.37740 1.39349 1.40945 1.31606 1.37651 1.37805 1.37805 1.36133 1.37091 1.34247 1.33098 1.32073 1.31348 1.31348 1.31348 1.31348 1.31348 1.32321 1.35109 0.995938 0.980614 1.02276 1.05813 1.06596 1.06596 1.06582 0.971934 0.967017 0.967017 0.904828 0.781155 0.781155 0.781155 0.781155 0.822867 0.895755 0.895755 0.895755
0.913104 0.980672 1.06721 1.02937 0.966165 1.02675 1.09686 0.923750 0.819866 0.797758 0.797758 0.797758 0.797758 0.797758 0.797758 0.804823 0.892652 1.06919 1.30236 1.41502 1.42565 1.42565 1.42565 1.41647 1.37740 1.37740 1.37740 1.37740 1.37740 1.37740 1.38309 1.40681 1.31252 1.28635 1.26530 1.22790 1.20718 1.24219 1.26304 1.27530 1.31478 1.33624 1.36452 1.39283 1.42114 1.44946 1.46803 1.46844 1.19333 1.04229 1.06596 1.06596 1.06596 1.06596 1.06596 0.995096 0.967017 0.967017 0.943611 0.796477 0.851369 0.908195 0.965120 1.01315 0.895755 0.895755 0.895755
1.63715 1.74498 1.74938 1.52595 1.11200 1.11200 1.11200 1.00431 0.832803 0.798549 0.797758 0.802517 0.875290 0.969816 1.06423 1.15180 1.16961 1.20955 1.32526 1.42565 1.42565 1.42565 1.42565 1.42539 1.38163 1.37740 1.37740 1.37012 1.35546 1.34223 1.33025 1.28396 1.23205 1.17278 1.20713 1.21441 1.24695 1.30482 1.37222 1.40778 1.46058 1.46844 1.46844 1.46844 1.46844 1.46844 1.46844 1.46844 1.29691 1.01366 1.04441 1.09755 1.16187 1.22616 1.29055 1.30706 1.23337 1.28012 1.32821 1.27539 1.27352 1.27327 1.27303 1.26916 0.916609 0.889459 0.889135
1.74938 1.74938 1.74938 1.68162 1.11238 1.11200 1.11200 1.10125 0.842745 0.931929 1.05802 1.14775 1.16961 1.16961 1.16961 1.16961 1.16961 1.20126 1.27389 1.42565 1.42565 1.42565 1.42422 1.40956 1.36505 1.33694 1.32544 1.31965 1.31964 1.32058 1.33655 1.34124 1.34593 1.29352 1.38182 1.41288 1.41873 1.41635 1.35780 1.34919 1.35518 1.35271 1.33926 1.31784 1.29624 1.27466 1.25312 1.23155 1.20848 1.28631 1.48421 1.49885 1.49885 1.49885 1.49885 1.48744 1.31249 1.29168 1.29168 1.27726 1.27139 1.27139 1.27139 1.27139 1.03545 0.946252 0.984909
1.74938 1.74938 1.74938 1.74938 1.20061 1.11200 1.11200 1.11200 0.885367 1.00516 1.16961 1.16961 1.16961 1.16961 1.16961 1.16961 1.16961 1.20135 1.24790 1.42643 1.41555 1.40312 1.39284 1.39321 1.38300 1.38254 1.41324 1.44397 1.47464 1.50443 1.51917 1.50620 1.47353 1.41346 1.44678 1.43465 1.42170 1.40477 1.22136 1.20279 1.19890 1.19761 1.18947 1.18935 1.18935 1.18935 1.18935 1.18935 1.18938 1.32283 1.45182 1.49885 1.49885 1.49885 1.49885 1.49885 1.35663 1.29168 1.29168 1.28149 1.27906 1.30697 1.33595 1.36493 1.23514 1.03229 1.04618
1.74938 1.74938 1.74938 1.74938 1.35660 1.11200 1.11200 1.11200 0.948474 0.886988 1.16883 1.16961 1.16961 1.16943 1.16530 1.16019 1.15573 1.17545 1.24134 1.38178 1.46612 1.52370 1.58120 1.63873 1.67418 1.51931 1.50717 1.48923 1.47132 1.45338 1.42769 1.38447 1.28973 1.22500 1.32135 1.34865 1.34865 1.34865 1.20828 1.16863 1.17214 1.18935 1.18935 1.18935 1.18935 1.18935 1.18935 1.18935 1.17740 1.24901 1.36516 1.49885 1.49885 1.49885 1.49885 1.49885 1.41990 1.31925 1.34834 1.37137 1.38303 1.40247 1.42176 1.44102 1.39612 1.16580 1.17767
1.74938 1.74938 1.74938 1.74938 1.51274 1.11200 1.11200 1.11200 1.04170 0.835285 1.12254 1.16961 1.16921 1.15091 1.16498 1.23278 1.30461 1.37802 1.47988 1.60888 1.66057 1.64262 1.62472 1.60662 1.58868 1.41395 1.36823 1.34321 1.31472 1.28283 1.26048 1.26014 1.21935 1.20309 1.28633 1.34865 1.34865 1.34865 1.24634 1.16863 1.16867 1.18726 1.18935 1.18585 1.16264 1.13638 1.11014 1.08389 1.06956 1.13175 1.26274 1.49885 1.49885 1.49885 1.50149 1.54894 1.56009 1.45445 1.47398 1.49147 1.48758 1.48845 1.48845 1.48845 1.47970 1.18704 1.17767
1.74938 1.74938 1.74938 1.74938 1.66875 1.11200 1.11200 1.11200 1.11194 0.907829 1.19061 1.39473 1.49094 1.49149 1.51905 1.52344 1.52369 1.52394 1.53789 1.54830 1.56483 1.56483 1.56107 1.54657 1.52989 1.38458 1.26093 1.26014 1.26014 1.26014 1.26014 1.26014 1.23569 1.20309 1.25129 1.34865 1.34865 1.34865 1.28431 1.15341 1.12716 1.11401 1.09536 1.07260 1.06954 1.06954 1.06954 1.06954 1.06954 1.11059 1.28145 1.60579 1.70637 1.76957 1.83003 1.84592 1.83023 1.52219 1.50874 1.50874 1.49099 1.48845 1.48845 1.48845 1.48845 1.26325 1.17767
1.74938 1.74938 1.75588 1.88299 1.95255 1.11017 0.921768 0.872774 0.834265 1.27491 1.60746 1.66920 1.66920 1.59730 1.52405 1.52405 1.52405 1.52405 1.53074 1.52400 1.53078 1.51237 1.49725 1.49647 1.49647 1.42839 1.26014 1.26014 1.26014 1.26014 1.26014 1.26014 1.25199 1.20309 1.21111 1.31839 1.29239 1.26614 1.21376 1.04882 1.04882 1.05639 1.06954 1.07134 1.10622 1.15354 1.20104 1.24845 1.29577 1.32976 1.46957 1.68576 1.84592 1.84592 1.84592 1.84592 1.84592 1.59481 1.50874 1.50874 1.49519 1.48845 1.48845 1.47799 1.45449 1.30964 1.17767
2.18403 2.07502 1.98747 1.85360 1.76697 1.16019 0.813781 0.813781 0.813781 1.06357 1.58511 1.66286 1.66920 1.64404 1.52035 1.50030 1.47554 1.44685 1.44089 1.46665 1.49110 1.49647 1.49647 1.49647 1.49647 1.48634 1.26626 1.26014 1.26014 1.26001 1.24559 1.22160 1.19761 1.11573 1.08496 1.20698 1.22884 1.22884 1.22885 1.06497 1.05557 1.07004 1.27095 1.31732 1.32984 1.32984 1.32984 1.32984 1.32984 1.32984 1.43494 1.58491 1.84592 1.84592 1.83828 1.80914 1.77862 1.58926 1.41064 1.38977 1.35594 1.31885 1.29539 1.28232 1.28228 1.25608 1.17730
1.76546 1.76546 1.76546 1.76546 1.76546 1.39489 0.813781 0.813781 0.813781 0.863118 1.57415 1.62983 1.63384 1.61050 1.43980 1.41930 1.41930 1.41930 1.42774 1.46665 1.48385 1.49647 1.49647 1.49647 1.49647 1.49308 1.29553 1.21138 1.18741 1.16353 1.15397 1.15397 1.15397 1.11513 1.08795 1.17596 1.22930 1.22567 1.22135 1.10743 1.06949 1.07014 1.28949 1.33580 1.33645 1.33718 1.34015 1.34414 1.34812 1.35209 1.36760 1.36945 1.63912 1.61269 1.58990 1.58860 1.58860 1.51502 1.29653 1.31575 1.30735 1.28204 1.28204 1.28204 1.28204 1.27588 1.17804
1.76546 1.76546 1.76546 1.76546 1.76546 1.62892 0.813781 0.813781 0.813781 0.813781 1.41256 1.58467 1.58467 1.58467 1.47627 1.41930 1.41930 1.41930 1.41946 1.45145 1.45575 1.45785 1.42717 1.39645 1.36570 1.33835 1.21685 1.08610 1.08174 1.07817 1.07455 1.07090 1.06729 1.04195 0.984705 1.03536 1.12726 1.12774 1.13071 1.10907 1.08855 1.09188 1.24275 1.36290 1.36623 1.36948 1.37049 1.37049 1.37049 1.37049 1.35176 1.28674 1.50772 1.58860 1.58860 1.58860 1.58860 1.58300 1.29701 1.31575 1.31405 1.28236 1.28204 1.28512 1.29063 1.29613 1.22303
1.76546 1.76546 1.76546 1.76546 1.76546 1.76469 0.912565 0.813781 0.813781 0.813781 1.20173 1.58467 1.58467 1.58467 1.52553 1.41930 1.41697 1.39106 1.35910 1.29042 1.25800 1.27201 1.26831 1.24394 1.21637 1.18881 1.13780 1.05168 1.05238 1.05492 1.06876 1.08388 1.09897 1.11150 1.06106 1.08426 1.15175 1.15460 1.15496 1.14028 1.10614 1.10614 1.18240 1.37049 1.37049 1.37049 1.37049 1.37049 1.37049 1.37049 1.36869 1.32029 1.46629 1.58860 1.58860 1.58860 1.58860 1.58860 1.36539 1.31372 1.32284 1.30028 1.30014 1.30738 1.33275 1.36035 1.35085
1.76546 1.76546 1.76546 1.76546 1.76546 1.76546 1.14592 0.813781 0.813781 0.813781 0.990752 1.58467 1.58467 1.58467 1.57772 1.32343 1.28384 1.26921 1.23435 1.18881 1.15458 1.15464 1.14899 1.16107 1.17615 1.19123 1.20567 1.14991 1.15910 1.17164 1.17297 1.17297 1.17297 1.17297 1.12222 1.10229 1.14897 1.15496 1.15496 1.15056 1.10616 1.10614 1.11774 1.36396 1.37049 1.37049 1.38121 1.43178 1.48604 1.54030 1.59446 1.55601 1.54420 1.58860 1.58860 1.58860 1.58860 1.58766 1.44522 1.36666 1.41209 1.41860 1.43359 1.45639 1.45868 1.45868 1.44468
1.76546 1.76546 1.76546 1.76546 1.76546 1.76546 1.38042 0.813781 0.813781 0.813781 0.825884 1.53864 1.56519 1.50966 1.41357 1.13466 1.00954 0.941001 0.898778 0.882176 0.897524 1.10140 1.24612 1.21913 1.19080 1.16450 1.14004 1.18409 1.17297 1.17297 1.17297 1.17297 1.17297 1.17297 1.14254 1.10229 1.13631 1.15496 1.15496 1.15496 1.11207 1.10720 1.14403 1.39646 1.51696 1.57123 1.61475 1.61850 1.61850 1.61850 1.61850 1.57601 1.52680 1.53316 1.48889 1.43346 1.36873 1.29453 1.31588 1.48177 1.49240 1.47833 1.45868 1.45868 1.45868 1.45868 1.45392
1.76546 1.76546 1.76546 1.76546 1.76546 1.76546 1.58639 0.730708 0.662704 0.594534 0.526361 0.837664 0.918463 0.858386 0.838818 0.809355 0.775747 0.760235 0.745732 0.740338 0.808895 0.910740 1.09403 1.09171 1.09171 1.09171 1.09171 1.16107 1.17297 1.17297 1.17297 1.17297 1.17297 1.17297 1.16277 1.10229 1.12360 1.17098 1.22378 1.27802 1.29973 1.33673 1.35414 1.48108 1.61850 1.61850 1.61776 1.59765 1.56661 1.53226 1.49417 1.42307 1.30565 1.28395 1.26871 1.26871 1.26871 1.26871 1.26927 1.46195 1.49173 1.48539 1.45868 1.45868 1.45868 1.45868 1.45876
1.61195 1.51991 1.42507 1.32540 1.22590 1.12626 1.05414 0.379596 0.313928 0.313928 0.313928 0.528255 0.828990 0.755501 0.737838 0.719868 0.699890 0.699561 0.699561 0.699561 0.776009 0.822236 1.09171 1.09171 1.09171 1.09171 1.09171 1.13995 1.17300 1.17297 1.17297 1.17297 1.17473 1.21172 1.26263 1.26374 1.31924 1.40150 1.40296 1.40296 1.38066 1.35456 1.35643 1.39951 1.51354 1.47331 1.42955 1.41520 1.41520 1.41520 1.41520 1.41000 1.30542 1.29352 1.26871 1.26871 1.26871 1.26871 1.27619 1.43797 1.51285 1.52621 1.50407 1.51372 1.52450 1.53528 1.54594
1.06159 1.05397 1.04939 1.04935 1.04935 1.04935 1.04935 0.557701 0.313928 0.313928 0.313928 0.384469 0.837770 0.718492 0.711450 0.711450 0.701168 0.699561 0.699561 0.699561 0.759310 0.786785 1.05289 1.09171 1.09171 1.09171 1.09171 1.11153 1.19689 1.23368 1.28453 1.33535 1.38446 1.39825 1.39825 1.37068 1.35146 1.40170 1.40790 1.40989 1.39991 1.36663 1.36988 1.37343 1.42554 1.43453 1.43870 1.44286 1.44703 1.44965 1.44328 1.43546 1.39577 1.40981 1.45141 1.47682 1.50204 1.52729 1.54506 1.60375 1.65527 1.63751 1.58488 1.57104 1.57104 1.57104 1.57104
1.04935 1.04935 1.04935 1.04935 1.04935 1.04935 1.04935 0.737880 0.313928 0.313928 0.313928 0.313928 0.765541 0.743256 0.711450 0.711450 0.704207 0.699561 0.699561 0.699561 0.740985 0.786785 0.978721 1.09232 1.11876 1.16089 1.20292 1.24520 1.41226 1.40910 1.41096 1.41424 1.41800 1.42175 1.42550 1.41532 1.38408 1.42186 1.44028 1.44204 1.44297 1.42360 1.41447 1.40547 1.43362 1.44551 1.43351 1.42152 1.40953 1.39909 1.39764 1.39764 1.45258 1.49702 1.54315 1.55894 1.55894 1.55894 1.55894 1.57473 1.66688 1.63801 1.59875 1.57104 1.57104 1.56842 1.53651
1.04935 1.04935 1.04935 1.04935 1.04935 1.04935 1.04935 0.917855 0.313928 0.313928 0.313928 0.313928 0.621690 0.773944 0.711450 0.711450 0.707789 0.699561 0.699561 0.707424 0.776733 0.892538 1.05231 1.28103 1.29663 1.29779 1.30479 1.31258 1.41862 1.43737 1.43926 1.43973 1.43973 1.44064 1.44248 1.44244 1.39971 1.40220 1.39295 1.38395 1.37496 1.35482 1.35158 1.35158 1.36721 1.39764 1.39764 1.39764 1.39764 1.39764 1.39764 1.39764 1.42897 1.49723 1.52783 1.55894 1.55894 1.55894 1.55894 1.55894 1.65644 1.64426 1.58889 1.50725 1.46718 1.42973 1.42082
1.04935 1.04935 1.04935 1.04935 1.04935 1.04935 1.04935 1.04450 0.367263 0.313928 0.313928 0.313928 0.477908 0.811994 0.711450 0.711450 0.711144 0.816313 0.876928 0.919867 0.929190 0.999547 1.05244 1.32171 1.32951 1.33683 1.33910 1.34056 1.40958 1.45001 1.44973 1.45155 1.45339 1.45429 1.45429 1.45429 1.41965 1.39879 1.36926 1.36926 1.36926 1.35849 1.35158 1.35158 1.35654 1.39764 1.39764 1.39764 1.39764 1.39819 1.40016 1.40253 1.41595 1.55238 1.55894 1.55894 1.55894 1.55894 1.55894 1.55894 1.63186 1.58061 1.46758 1.40660 1.40108 1.39555 1.39071
1.04935 1.04935 1.04935 1.04935 1.04935 1.04935 1.04935 1.04935 0.542532 0.313928 0.313928 0.313928 0.343374 0.829289 0.720963 0.716563 0.729462 0.914829 1.05854 1.15384 1.24659 1.32066 1.38658 1.36550 1.34782 1.34882 1.35146 1.35478 1.38049 1.48175 1.45429 1.45429 1.45429 1.45429 1.45429 1.45429 1.43328 1.40578 1.37112 1.36926 1.36926 1.36226 1.35158 1.35158 1.35151 1.39107 1.40145 1.40405 1.40719 1.40977 1.40987 1.40987 1.40987 1.53511 1.55894 1.55781 1.55383 1.55028 1.54723 1.54458 1.56858 1.60236 1.45631 1.39353 1.39007 1.39007 1.39007
1.04935 1.04935 1.04935 1.04935 1.04935 1.04935 1.04935 1.04935 0.722603 0.321493 0.488885 0.745717 1.00242 1.49219 1.43736 1.44016 1.55424 1.63332 1.62737 1.62807 1.63185 1.58950 1.56393 1.43229 1.36542 1.36851 1.36918 1.36918 1.36918 1.48355 1.45429 1.45429 1.45429 1.45429 1.45429 1.45429 1.44691 1.40633 1.37944 1.36926 1.36917 1.36543 1.34830 1.34662 1.34483 1.37729 1.40987 1.40987 1.40987 1.41004 1.41568 1.42287 1.42900 1.50152 1.54338 1.54171 1.54162 1.54162 1.54162 1.54162 1.54607 1.62606 1.48324 1.40679 1.39007 1.39007 1.39007
1.04935 1.04935 1.05492 1.07692 1.09994 1.16125 1.26987 1.37862 1.52817 1.95718 2.04662 2.04675 2.04675 2.14358 1.96365 1.66085 1.66636 1.66830 1.64937 1.65274 1.65310 1.62152 1.57431 1.48896 1.36918 1.36918 1.36918 1.36918 1.36918 1.45881 1.45429 1.45429 1.45429 1.45429 1.45429 1.45373 1.44819 1.41326 1.39122 1.36818 1.36796 1.36764 1.34541 1.34438 1.36575 1.45152 1.42605 1.43175 1.43670 1.44096 1.44223 1.44223 1.44223 1.47851 1.54162 1.54162 1.54162 1.54162 1.54162 1.54162 1.54162 1.60784 1.53943 1.43948 1.42050 1.43211 1.44373
1.21569 1.32433 1.42750 1.51428 1.59999 1.64743 1.64756 1.64756 1.65255 2.02423 2.04675 2.04675 2.04675 2.08948 2.14980 1.68256 1.68245 1.68245 1.65739 1.65310 1.65310 1.64027 1.57431 1.53855 1.36918 1.36918 1.36918 1.36918 1.36918 1.43062 1.46147 1.45199 1.44515 1.43735 1.42845 1.41920 1.41738 1.41738 1.40513 1.41593 1.51585 1.61610 1.69820 1.79269 1.87135 1.84474 1.44593 1.43893 1.42975 1.42049 1.41121 1.40193 1.39266 1.39347 1.49381 1.50000 1.50622 1.51242 1.51863 1.52482 1.53105 1.58045 1.58111 1.45512 1.48117 1.48068 1.48019
1.64743 1.64756 1.64756 1.64756 1.64756 1.64756 1.64756 1.64756 1.64756 1.93190 2.04675 2.04675 2.04675 2.04903 2.23034 1.73795 1.68245 1.68245 1.66490 1.65310 1.65310 1.65292 1.57950 1.57308 1.38422 1.36918 1.36884 1.36206 1.35208 1.36117 1.47687 1.42509 1.42835 1.43686 1.52498 1.64484 1.76988 1.90064 2.03516 2.06103 2.07893 2.09932 1.88958 1.72742 1.71817 1.71087 1.33281 1.21474 1.19519 1.17382 1.15025 1.12414 1.09504 1.07282 1.46015 1.49240 1.49240 1.49240 1.49240 1.49240 1.49240 1.51293 1.57819 1.44300 1.47969 1.47969 1.47969
1.64756 1.64756 1.64756 1.64756 1.64756 1.64756 1.64756 1.64756 1.64756 1.83458 2.04675 2.04675 2.04675 2.04675 2.17861 1.85549 1.68245 1.68245 1.67375 1.65310 1.65310 1.65310 1.62764 1.62789 1.44901 1.35358 1.34094 1.33817 1.33613 1.31540 1.67356 1.96591 2.11603 2.25929 2.29590 2.29590 2.29797 2.32526 2.36405 2.36205 2.40685 2.47301 2.15667 1.71755 1.72256 1.72460 1.37857 1.07198 1.07198 1.07198 1.07198 1.07198 1.07198 1.07198 1.38177 1.49240 1.49240 1.49240 1.49240 1.49240 1.49240 1.49421 1.57435 1.47817 1.47231 1.45572 1.42900
1.64756 1.64756 1.64756 1.64756 1.64756 1.64756 1.64756 1.64756 1.64756 1.73730 2.04675 2.04675 2.04675 2.04675 2.12453 1.99914 1.68245 1.68245 1.68182 1.66263 1.66845 1.67580 1.68206 1.68245 1.51548 1.28277 1.25028 1.21200 1.17243 1.13683 1.51663 2.40675 2.45845 2.51982 2.59287 2.68247 2.78575 2.81221 2.81221 2.81221 2.81221 2.81221 2.57603 1.72460 1.72460 1.72460 1.55355 1.07198 1.07198 1.07198 1.07198 1.07198 1.07198 1.07198 1.28789 1.49240 1.49240 1.49240 1.49240 1.49240 1.49240 1.49240 1.55338 1.50757 1.35653 1.35100 1.33037
