High_resolution/powerplant/Shangrao/OMI_NO2_200508.asc
ncols      200
nrows      200
xllcorner       115.451
yllcorner       27.0350
cellsize     0.0166667
NODATA_Value      -999.000
[rows 29 to 57 of 175, columns 132 to 197 of 200]
1.61118 1.67883 1.68181 1.68181 1.68181 1.68181 1.68181 1.68181 1.68181 1.68181 1.67970 1.64935 0.898422 0.878164 0.878164 0.878164 0.878164 0.878164 0.878164 0.878164 0.878164 0.878164 0.878164 0.878164 0.878164 0.878164 0.878164 1.20906 1.47449 1.47762 1.51575 1.56356 1.61142 1.43155 1.27300 1.27300 1.27300 1.27300 1.27300 1.27300 1.27300 1.27300 1.27300 1.12196 1.09628 1.09628 1.09628 1.09628 1.09628 1.09628 1.09628 1.09628 1.09628 1.09628 1.18814 1.41095 1.41016 1.38795 1.35647 1.62889 1.72561 1.71419 1.58176 1.41704 1.25231 1.08830
1.68181 1.68181 1.68181 1.68181 1.68181 1.68181 1.68181 1.68181 1.68181 1.68181 1.68062 1.67890 1.06571 0.878164 0.878164 0.878164 0.878164 0.878164 0.878164 0.878164 0.878164 0.878164 0.878164 0.878164 0.878164 0.882027 0.921252 1.15411 1.61324 1.65793 1.66762 1.66762 1.66762 1.54501 1.27300 1.27300 1.27300 1.27300 1.27300 1.27300 1.27300 1.27300 1.27300 1.16473 1.09628 1.09628 1.09628 1.08852 1.03343 0.970524 0.907559 0.844593 0.781568 0.718602 0.656336 1.11891 1.12850 1.10157 1.02415 1.14277 1.20606 1.05283 1.02046 1.02046 1.02046 1.02046
1.68181 1.68181 1.68181 1.68181 1.68181 1.68181 1.68181 1.68181 1.68181 1.68181 1.68171 1.67900 1.26316 0.878164 0.878164 0.878164 0.878164 0.878164 0.878164 0.878164 0.878164 0.882838 0.923067 0.970886 1.01873 1.06268 1.07130 1.11447 1.66369 1.66762 1.66762 1.66762 1.66762 1.63153 1.27300 1.27300 1.27300 1.27300 1.25742 1.14000 1.00463 0.869133 0.733400 0.650697 0.701796 0.638830 0.575864 0.520660 0.512723 0.512723 0.512723 0.512723 0.512723 0.636925 0.883711 0.978762 0.836261 0.771528 0.766592 0.829881 1.02046 1.02046 1.02046 1.02046 1.02046 1.02046
1.68181 1.68181 1.68181 1.68181 1.68181 1.68181 1.68181 1.68181 1.68181 1.68181 1.68181 1.67955 1.45998 0.878164 0.878164 0.878164 0.878164 0.883610 0.924902 0.972760 1.02058 1.06372 1.07130 1.07130 1.07130 1.07130 1.07130 1.07130 1.56118 1.66542 1.61641 1.54860 1.48086 1.41301 0.803351 0.492744 0.357248 0.221634 0.101841 0.0834021 0.0834021 0.0834021 0.0834021 0.139274 0.512723 0.512723 0.512723 0.512723 0.512723 0.680415 0.914932 1.07917 1.20069 1.26176 1.26254 1.13243 0.766592 0.766592 0.766592 0.788698 1.02046 1.02046 1.02046 1.02046 1.02046 1.02046
1.68181 1.68181 1.68181 1.68181 1.68181 1.68181 1.68181 1.68181 1.68181 1.68181 1.68181 1.68038 1.64230 0.899594 0.926717 0.974575 1.02239 1.06477 1.07130 1.07130 1.07130 1.08329 1.12990 1.17854 1.22722 1.27586 1.32455 1.37323 1.27093 1.09150 1.07282 1.07282 1.07282 1.07282 0.692899 0.0834021 0.0834021 0.0834021 0.0834021 0.0834021 0.0834021 0.0834021 0.0834021 0.0834880 0.471281 0.723680 0.944396 1.10062 1.21697 1.26254 1.26254 1.26254 1.26254 1.26254 1.26254 1.25236 0.796543 0.766592 0.766592 0.767037 0.981939 1.02046 1.02046 1.02046 1.02046 1.02046
1.68181 1.68181 1.68181 1.68181 1.68181 1.68181 1.68181 1.68181 1.68181 1.70555 1.84806 1.95191 1.83214 1.26380 1.14863 1.19731 1.24595 1.29464 1.34328 1.39196 1.44060 1.47729 1.47937 1.47937 1.47937 1.47937 1.47937 1.47937 1.34362 1.07282 1.07282 1.07282 1.07282 1.07282 0.932511 0.0834021 0.0834021 0.0834021 0.0834021 0.0834021 0.109659 0.406769 0.674572 0.865946 1.15256 1.26254 1.26254 1.26254 1.26254 1.26254 1.26254 1.26254 1.26254 1.26254 1.26254 1.26254 0.936125 0.766592 0.766592 0.766592 0.898074 1.02046 1.02046 1.02046 1.02046 1.02046
1.68181 1.68181 1.68181 1.68181 1.68155 1.67116 1.77769 1.87345 1.94133 1.98388 1.97042 1.94774 1.76676 1.57745 1.47937 1.47937 1.47937 1.47937 1.47937 1.47937 1.47937 1.47937 1.47937 1.47937 1.47937 1.47937 1.47937 1.47937 1.44178 1.07368 1.07282 1.07282 1.07282 1.07282 1.06550 0.217514 0.138494 0.455620 0.708835 0.891070 1.02173 1.04788 1.04788 1.04788 1.13561 1.26254 1.26254 1.26254 1.26254 1.26254 1.26254 1.26254 1.26254 1.26254 1.26254 1.26254 1.08583 0.766592 0.766592 0.766592 0.838949 1.02046 1.02046 1.02046 1.02046 1.02046
1.51664 1.48442 1.61393 1.73952 1.82828 1.90134 1.91541 1.91541 1.91541 1.91541 1.91541 1.91541 1.82712 1.62922 1.47937 1.47937 1.47937 1.47937 1.47937 1.47937 1.47937 1.47937 1.47937 1.47937 1.47937 1.47437 1.45586 1.43760 1.42012 1.09132 1.02700 1.01938 1.00957 0.988892 0.967617 0.892308 0.953332 0.960469 0.955071 0.949869 0.944842 0.940002 0.935328 0.973497 1.08392 1.26254 1.26254 1.26254 1.26254 1.26254 1.26254 1.26254 1.26254 1.26254 1.26254 1.26254 1.22801 0.774292 0.766592 0.766592 0.795838 1.02046 1.02046 1.02046 1.05924 1.28363
1.80933 1.89721 1.91541 1.91541 1.91541 1.91541 1.91541 1.91541 1.91541 1.91541 1.91541 1.91541 1.89523 1.68037 1.48220 1.47937 1.47937 1.47937 1.47937 1.47937 1.47937 1.44638 1.23472 1.22521 1.21601 1.20933 1.20900 1.20900 1.20675 1.03201 0.912401 0.900271 0.890110 0.888979 0.888979 0.899436 0.921342 0.921342 0.921342 0.921342 0.921342 0.921342 0.921342 0.944179 1.04890 1.24584 1.26254 1.26254 1.26254 1.26254 1.26254 1.26966 1.30934 1.35740 1.41184 1.47360 1.54468 1.07251 0.922822 0.978426 1.12601 1.36603 1.56777 1.74865 1.88328 1.87802
1.91541 1.91541 1.91541 1.91541 1.91541 1.91541 1.91541 1.91541 1.91541 1.91541 1.91541 1.91541 1.91541 1.74194 1.52232 1.47937 1.47937 1.47937 1.47937 1.47937 1.47937 1.47925 1.22674 1.20900 1.20645 1.19507 1.18295 1.17082 1.16094 1.06241 0.888979 0.888979 0.888979 0.888979 0.888979 0.890517 0.920380 0.921342 0.921342 0.921342 0.921342 0.921342 0.929651 0.965412 1.15257 1.34878 1.49506 1.56933 1.65592 1.75765 1.87939 1.99928 2.01236 2.01236 2.01236 2.01176 1.76748 1.50552 1.55189 1.67425 1.75400 1.75544 1.75544 1.75544 1.75544 1.75544
1.91541 1.91541 1.91541 1.91541 1.91541 1.91541 1.91541 1.91541 1.91541 1.91541 1.91541 1.91541 1.91541 1.81211 1.57420 1.47937 1.47937 1.47937 1.47937 1.47937 1.47505 1.45774 1.24144 1.17033 1.16076 1.16001 1.16001 1.16001 1.16001 1.12838 0.888979 0.888979 0.889171 0.905208 0.950557 0.997587 1.06319 1.11340 1.11581 1.11428 1.14644 1.17872 1.20268 1.20395 1.40827 1.62690 2.01236 2.01236 2.01236 2.01236 2.01236 2.00754 1.87951 1.69796 1.51625 1.33523 1.29405 1.40258 1.75544 1.75544 1.75544 1.75544 1.75544 1.75544 1.75544 1.75544
1.91541 1.91541 1.91541 1.91541 1.91541 1.91541 1.91541 1.91541 1.91541 1.91541 1.91541 1.91541 1.91541 1.88217 1.62610 1.47937 1.47454 1.45702 1.43883 1.42063 1.40677 1.41169 1.28254 1.19137 1.20186 1.22166 1.24978 1.27660 1.30221 1.32665 1.20639 1.22147 1.25388 1.27796 1.28121 1.28121 1.29112 1.30548 1.27418 1.20395 1.20395 1.20395 1.20395 1.20395 1.34305 1.53374 2.01236 1.99909 1.85215 1.67051 1.48888 1.31208 1.25840 1.25840 1.25840 1.25840 1.26747 1.34129 1.69084 1.75544 1.75544 1.75544 1.75544 1.75544 1.75544 1.75544
1.91541 1.91541 1.91541 1.91541 1.91541 1.91541 1.91541 1.91541 1.91541 1.91541 1.91541 1.91541 1.91120 1.89529 1.67266 1.42174 1.40894 1.43477 1.46756 1.50031 1.53307 1.57902 1.52714 1.38527 1.40164 1.40969 1.40969 1.40969 1.40969 1.40969 1.32876 1.28121 1.28121 1.28121 1.28121 1.28121 1.28382 1.30539 1.29393 1.20395 1.20395 1.20395 1.20395 1.19536 1.21599 1.28988 1.43629 1.29315 1.25840 1.25840 1.25840 1.25840 1.25840 1.25840 1.25840 1.25840 1.25840 1.33368 1.56551 1.75544 1.75544 1.75544 1.75544 1.75544 1.75544 1.75544
1.91510 1.91541 1.91541 1.91541 1.91541 1.91541 1.91541 1.91541 1.90889 1.86882 1.82367 1.77866 1.73766 1.70845 1.55688 1.59669 1.67399 1.68022 1.68022 1.68022 1.68022 1.66359 1.63853 1.41114 1.40969 1.40969 1.40969 1.40969 1.40969 1.40969 1.36005 1.28121 1.28121 1.28121 1.28121 1.28121 1.28121 1.30056 1.30530 1.20110 1.13228 1.07171 1.01121 0.959215 0.972780 1.09482 1.18779 1.25840 1.25840 1.25840 1.25840 1.25840 1.25840 1.25840 1.25840 1.25840 1.25840 1.32092 1.44009 1.75544 1.75544 1.75544 1.75544 1.75544 1.75544 1.75544
1.90646 1.88686 1.85845 1.82986 1.79870 1.75536 1.71010 1.66504 1.62648 1.62137 1.62137 1.62137 1.62137 1.62137 1.57046 1.55299 1.68022 1.68022 1.68022 1.68022 1.68022 1.66872 1.65683 1.44159 1.40969 1.40969 1.40969 1.40969 1.40969 1.40969 1.39136 1.28148 1.28712 1.29487 1.30281 1.29107 1.23313 1.20512 1.19804 1.06176 1.00025 1.00673 1.01344 1.02042 1.03073 1.09482 1.14710 1.25840 1.25840 1.25840 1.25840 1.25840 1.25840 1.25840 1.25840 1.25840 1.25840 1.30403 1.34676 1.72337 1.75544 1.75544 1.75544 1.75544 1.75373 1.72719
1.69574 1.67019 1.65359 1.63700 1.62299 1.62137 1.62137 1.62137 1.62137 1.62137 1.62137 1.62137 1.62115 1.61611 1.60813 1.49407 1.65070 1.64375 1.63715 1.63086 1.62484 1.61857 1.61261 1.56061 1.55247 1.56558 1.57908 1.59300 1.60734 1.62217 1.63731 1.47186 1.37427 1.28914 1.20393 1.14410 1.14183 1.16500 1.26656 1.20330 1.09482 1.09482 1.09482 1.09482 1.09482 1.09482 1.11755 1.25840 1.25840 1.25840 1.25840 1.25840 1.25840 1.25840 1.25840 1.24388 1.19065 1.17516 1.24153 1.42908 1.51557 1.48081 1.47984 1.49995 1.41526 1.34611
1.63622 1.62137 1.61509 1.57179 1.56731 1.56307 1.55897 1.55507 1.55130 1.54769 1.54422 1.54087 1.53777 1.53691 1.53691 1.45863 1.57517 1.57614 1.57614 1.57614 1.57614 1.57620 1.58416 1.60921 1.65683 1.65683 1.65683 1.62652 1.54252 1.45737 1.37219 1.20229 1.14183 1.14183 1.14183 1.14183 1.14183 1.14205 1.25132 1.23669 1.09482 1.09482 1.09482 1.09482 1.09482 1.09482 1.09158 1.17472 1.13369 1.09621 1.05646 1.00414 0.961199 0.925902 0.896486 0.873749 0.859955 0.848392 1.14551 1.26960 1.33365 1.26759 1.21036 1.29735 1.30122 1.30122
1.63821 1.62158 1.62023 1.54004 1.53691 1.53691 1.53691 1.53691 1.53691 1.53691 1.53691 1.53691 1.53691 1.53691 1.53691 1.49164 1.54228 1.57614 1.57614 1.57614 1.57614 1.57614 1.58259 1.56977 1.53939 1.45419 1.36904 1.31424 1.31314 1.31314 1.31314 1.24247 1.14183 1.14183 1.14183 1.14183 1.14183 1.13734 1.18825 1.21495 0.985748 0.948482 0.920014 0.893213 0.868128 0.844433 0.826339 0.813574 0.802989 0.793691 0.786960 0.786581 0.786581 0.786581 0.789252 0.816326 0.849289 0.882253 1.21427 1.33833 1.17836 1.17406 1.17406 1.27906 1.30122 1.30122
1.63928 1.62498 1.62137 1.55310 1.53691 1.53691 1.53691 1.53691 1.53691 1.53691 1.53691 1.53691 1.53691 1.53691 1.53691 1.53226 1.50184 1.57614 1.57614 1.54050 1.45564 1.37044 1.32971 1.32713 1.31379 1.31054 1.29931 1.28730 1.27395 1.24006 1.19958 1.13563 1.01631 0.994306 0.972344 0.950393 0.928373 0.910913 0.942696 1.03419 0.841439 0.789318 0.789318 0.789318 0.789318 0.789318 0.789318 0.787896 0.786581 0.786581 0.791703 0.821448 0.854398 0.887375 0.917640 0.923529 0.923529 0.923529 1.12941 1.34749 1.22127 1.17406 1.17514 1.27795 1.35088 1.28908
1.63928 1.62938 1.62137 1.56899 1.53691 1.53691 1.53691 1.53691 1.53691 1.53691 1.53691 1.53691 1.53691 1.53691 1.53691 1.52065 1.39737 1.36735 1.28225 1.23272 1.22584 1.19876 1.18007 1.16716 1.08173 1.02180 0.992593 0.964054 0.936970 0.930336 0.930336 0.930236 0.911089 0.909459 0.909459 0.909459 0.909459 0.909459 0.912078 1.02661 0.896852 0.789318 0.789318 0.789318 0.789318 0.789318 0.797699 0.828543 0.859519 0.892497 0.920297 0.923529 0.923529 0.923529 0.923529 0.923529 0.923600 0.955582 1.11229 1.42853 1.39343 1.34143 1.36876 1.41028 1.46956 1.29062
1.59426 1.63385 1.62137 1.58787 1.53691 1.53691 1.53691 1.53691 1.53691 1.53691 1.53691 1.52318 1.48249 1.43696 1.39131 1.36200 1.24188 1.07424 1.04573 1.01719 0.995280 0.993824 0.996092 1.03902 0.986626 0.930336 0.930336 0.930336 0.930336 0.930336 0.930336 0.930336 0.916035 0.909459 0.909459 0.909459 0.909459 0.909459 0.909459 0.991027 0.952224 0.789318 0.801753 0.834415 0.867378 0.900328 0.924910 0.926134 0.923564 0.923529 0.923529 0.946008 1.00068 1.05029 1.09512 1.13587 1.17301 1.18893 1.20540 1.50330 1.49026 1.37694 1.37682 1.38763 1.47220 1.34010
1.50695 1.63812 1.62153 1.61057 1.53442 1.52758 1.52071 1.50246 1.45791 1.41229 1.36666 1.33482 1.32992 1.32983 1.32983 1.32983 1.30544 0.997813 0.993824 0.993824 0.993824 0.993824 0.993824 1.03201 1.00882 0.930336 0.930336 0.930336 0.930336 0.930336 0.930336 0.930336 0.921096 0.909459 0.909459 0.909459 0.909459 0.909459 0.959249 1.07321 1.09081 0.905449 0.925978 0.926265 0.926265 0.926265 0.926265 0.926265 0.924092 0.923529 1.12063 1.18865 1.18893 1.18893 1.18893 1.18893 1.18893 1.18893 1.18893 1.44896 1.50690 1.39932 1.37682 1.37682 1.46033 1.39219
1.58119 2.01218 1.63430 1.53152 1.43885 1.39699 1.35820 1.33086 1.32983 1.32983 1.32983 1.32983 1.32983 1.32983 1.32983 1.32983 1.32983 1.07813 0.993103 0.983303 0.970552 0.957981 0.945320 0.971056 0.975218 0.930336 0.930336 0.930336 0.930336 0.930336 0.930336 0.930336 0.926142 0.909459 0.963472 1.06799 1.17251 1.27703 1.33176 1.32173 1.17429 0.955112 0.926265 0.926265 0.926265 0.926265 0.926265 0.926265 0.924751 0.923529 1.07513 1.18893 1.18893 1.18893 1.18893 1.18893 1.18893 1.18893 1.18893 1.38395 1.53672 1.48896 1.44590 1.46985 1.46693 1.41424
1.57454 2.13634 1.54420 1.31348 1.29348 1.27096 1.25839 1.24566 1.23307 1.22043 1.20775 1.19515 1.18247 1.16983 1.15721 1.14451 1.13191 0.972303 0.771311 0.768540 0.768540 0.768540 0.768540 0.808926 0.870853 0.923931 0.930336 0.930336 0.930336 0.930505 0.988572 1.09309 1.19730 1.28237 1.33176 1.33176 1.33176 1.33176 1.33176 1.33176 1.21323 1.01048 0.926265 0.926265 0.926265 0.926265 0.926265 0.926265 0.925392 0.923538 1.00520 1.21210 1.22806 1.24502 1.26300 1.28980 1.33139 1.37832 1.43133 1.59476 1.73030 1.68248 1.56391 1.58272 1.51403 1.42946
1.29874 1.92627 1.63288 1.31075 1.19957 1.10454 1.10454 1.10454 1.10454 1.10454 1.10454 1.10454 1.10454 1.10454 1.10454 1.10454 1.10454 1.06184 0.769058 0.768540 0.768540 0.768540 0.768540 0.781707 0.870756 0.909472 0.992753 1.09727 1.20179 1.30615 1.35264 1.35264 1.35264 1.33768 1.33176 1.33176 1.33176 1.33176 1.33176 1.33176 1.26220 1.05761 0.903124 0.894694 0.885871 0.876469 0.866592 0.856076 0.862589 1.27667 1.35641 1.65056 1.70156 1.74692 1.79579 1.82690 1.82718 1.82918 1.83968 1.81116 1.66786 1.67401 1.60154 1.59473 1.55692 1.41055
1.26216 1.80883 1.84338 1.31288 1.24912 1.10454 1.10454 1.10454 1.10454 1.10454 1.10454 1.10454 1.10454 1.10454 1.10454 1.10454 1.10454 1.10454 0.831091 0.768540 0.768540 0.769553 0.835179 0.939700 1.07419 1.22040 1.35264 1.35264 1.35264 1.35263 1.34749 1.33851 1.33013 1.30114 1.24672 1.21786 1.18902 1.16009 1.13121 1.10236 1.05278 0.893850 0.905463 0.905509 0.905509 0.905509 0.905509 0.905509 0.905509 1.45844 1.66924 1.79791 1.82718 1.83039 1.84150 1.85297 1.86444 1.87391 1.87487 1.87389 1.68644 1.67602 1.62520 1.59473 1.59375 1.42170
1.37096 1.67400 1.92627 1.37244 1.30175 1.10799 1.10454 1.10454 1.10454 1.10454 1.10454 1.10454 1.10454 1.10454 1.10454 1.10454 1.10454 1.10415 0.969777 0.963199 1.07713 1.18392 1.22758 1.23524 1.18000 1.17214 1.28170 1.27563 1.26955 1.26347 1.26251 1.26542 1.26772 1.21688 1.04782 1.04782 1.04782 1.04782 1.04782 1.04782 1.04782 0.916010 0.904440 0.905509 0.905509 0.905509 0.905509 0.905509 0.905509 1.24032 1.70149 1.80108 1.86624 1.87451 1.87487 1.87487 1.87487 1.87487 1.87487 1.87487 1.71268 1.64915 1.59636 1.50073 1.46384 1.28104
1.38797 1.56726 1.92627 1.47928 1.31075 1.13595 1.10454 1.10745 1.11981 1.13112 1.14182 1.15195 1.16154 1.17056 1.16433 1.14852 1.14999 1.15898 1.19379 1.28216 1.28434 1.28652 1.28869 1.29087 1.22275 1.13140 1.26706 1.26791 1.26791 1.26791 1.26791 1.26791 1.26791 1.26245 1.05588 1.04782 1.04782 1.04782 1.04782 1.04782 1.04782 0.964566 0.899487 0.905509 0.905528 0.911972 0.923447 0.934913 0.946383 1.13253 1.76463 1.79265 1.87487 1.87487 1.87217 1.86170 1.84862 1.83247 1.81195 1.78505 1.60718 1.52148 1.51533 1.40277 1.39954 1.30031
1.38797 1.48226 1.92627 1.62600 1.31075 1.17338 1.10454 1.14409 1.22624 1.24980 1.26125 1.26141 1.26153 1.26179 1.27553 1.29828 1.30544 1.30544 1.28495 1.27512 1.29197 1.29197 1.29197 1.29197 1.26123 1.12396 1.24037 1.26791 1.26791 1.26791 1.26791 1.26791 1.26791 1.26791 1.10396 1.04782 1.04782 1.04782 1.04782 1.04782 1.04645 0.970998 0.911010 0.936725 0.948176 0.953203 0.953203 0.953203 0.953203 1.00647 1.76463 1.76467 1.81344 1.78977 1.76581 1.76463 1.76463 1.76463 1.76463 1.76463 1.66542 1.52148 1.52148 1.43331 1.39954 1.34793
