High_resolution/powerplant/Shangrao/OMI_NO2_200703.asc
ncols      200
nrows      200
xllcorner       115.451
yllcorner       27.0350
cellsize     0.0166667
NODATA_Value      -999.000
[rows 58 to 86 of 164, columns 0 to 65 of 200]
1.11304 1.11304 1.11304 1.45603 1.96285 1.96285 1.96285 1.99589 2.04435 2.04435 2.04435 2.04435 2.04435 2.04435 2.04413 2.03852 2.03808 2.02045 1.99264 1.96481 1.92553 1.76344 1.57405 1.30275 1.05059 0.919766 0.910219 0.910219 0.910219 0.910219 0.910219 0.910219 0.910707 1.44542 1.52079 1.52079 1.52079 1.52079 1.50251 1.26579 1.25926 1.25926 1.25926 1.25926 1.25926 1.25926 1.25926 1.25926 1.25926 1.25926 1.69935 2.34830 2.33061 2.30520 2.84020 3.07550 3.05014 3.00654 2.90729 2.80485 2.69726 2.58524 2.50992 2.49437 2.48290 2.47142
1.11304 1.11304 1.11304 1.28109 1.96285 1.96285 1.96285 1.97169 2.04435 2.04435 2.04435 2.03362 1.98195 1.92619 1.87054 1.90163 1.79938 1.62153 1.45393 1.28633 1.13002 1.09672 1.09672 1.04541 0.910219 0.910219 0.910219 0.910219 0.910219 0.910219 0.910219 0.910219 0.910219 1.27074 1.52079 1.52079 1.52079 1.52079 1.52079 1.31173 1.25926 1.25926 1.26759 1.31366 1.36139 1.40602 1.44785 1.48714 1.52408 1.55892 1.41703 2.10512 2.08254 2.00867 2.28634 2.65813 2.56895 2.49808 2.48278 2.47131 2.46448 2.46442 2.46208 2.45801 2.45391 2.44983
1.11304 1.11304 1.11304 1.15225 1.95810 1.96285 1.96285 1.96285 1.91306 1.84381 1.78815 1.74325 1.73925 1.73925 1.73925 1.40714 1.09672 1.09672 1.09672 1.09672 1.09672 1.09672 1.09672 1.09006 0.916280 0.910219 0.910219 0.910219 0.910219 0.910219 0.910219 0.910219 0.910219 1.09565 1.52637 1.65683 1.70641 1.75152 1.79286 1.66042 1.56795 1.60042 1.62633 1.62920 1.62920 1.62920 1.62920 1.64893 1.78508 2.00088 2.04857 2.04731 2.12875 2.22252 2.30666 2.46441 2.46196 2.45786 2.45378 2.44969 2.44560 2.44152 2.43976 2.43976 2.43976 2.43976
1.11304 1.11304 1.11304 1.11304 1.72918 1.96285 1.96285 1.97778 1.87655 1.73925 1.73925 1.73925 1.73925 1.73925 1.73925 1.62466 1.09814 1.09672 1.09672 1.09672 1.09672 1.09672 1.09672 1.09672 0.960387 0.910219 0.910219 0.910219 0.910219 0.910219 0.910219 0.910219 0.910219 0.937572 1.50451 1.90002 1.92687 1.92687 1.92687 1.84030 1.62920 1.62920 1.65466 1.84350 2.06272 2.28205 2.50138 2.70098 2.78422 2.78786 2.75863 2.23465 2.28947 2.29259 2.29502 2.42065 2.43976 2.43976 2.43976 2.43976 2.43976 2.43976 2.43976 2.43976 2.43976 2.43976
1.11304 1.11304 1.13324 1.19223 1.67169 2.36089 2.48085 2.58582 2.34575 1.73925 1.73925 1.73925 1.73925 1.73925 1.73925 1.73925 1.16605 1.09672 1.09672 1.09672 1.09672 1.09672 1.09672 1.09672 1.01119 0.910219 0.910219 0.910219 0.910219 0.910219 0.910219 0.910219 0.910219 0.910219 1.35594 1.82516 1.92757 1.94541 2.07943 2.24455 2.32514 2.56339 2.75732 2.78786 2.78885 2.79191 2.79504 2.79817 2.80129 2.80442 2.80609 2.33112 2.29998 2.29998 2.29998 2.38033 2.43976 2.43976 2.43976 2.43976 2.43976 2.60440 2.96302 3.29051 3.59004 3.86768
1.33143 1.39141 1.43114 1.43209 1.68072 2.60094 2.60094 2.60094 2.57113 1.74502 1.73925 1.73925 1.73925 1.73925 1.73925 1.73925 1.30135 1.09672 1.09672 1.09672 1.09672 1.09672 1.09672 1.09672 1.06192 0.910219 0.910219 0.910219 0.910219 0.910219 0.910219 0.921566 0.946939 0.956447 1.40616 2.34871 2.60163 2.76312 2.80564 2.79152 2.75780 2.79763 2.80076 2.80388 2.80602 2.80609 2.80609 2.80609 2.80609 2.80609 2.80609 2.45144 2.29306 2.29998 2.29998 2.34328 2.59761 2.95942 3.28738 3.58717 3.86240 4.01245 4.01320 4.01320 4.01320 4.01320
1.48227 1.52909 1.57566 1.62208 1.72909 2.60030 2.60094 2.60094 2.60094 1.92387 1.73925 1.73925 1.73925 1.73925 1.73925 1.73925 1.50014 1.09672 1.09672 1.09672 1.09672 1.09672 1.09672 1.09672 1.09584 0.931709 0.938212 0.963713 0.980857 0.978035 0.974191 0.959033 0.934256 1.01656 1.39382 2.77793 2.75710 2.74643 2.73822 2.73737 2.73965 2.80609 2.80609 2.80609 2.80609 2.80609 2.80609 2.80609 2.80609 2.80609 2.80609 2.59935 2.25871 3.12678 3.46485 3.75084 4.01138 4.01320 4.01320 4.01320 4.01320 4.01320 4.01320 4.01320 4.01320 4.02244
1.80374 1.80374 1.80374 1.80374 1.80374 2.40846 2.60094 2.60094 2.60094 2.18191 1.73925 1.73925 1.73925 1.73925 1.73925 1.73925 1.72351 1.12075 1.09672 1.09660 1.07252 1.03065 0.988838 0.943973 0.877165 0.932608 0.967758 0.996556 1.09731 1.19995 1.28956 1.36782 1.43457 1.45252 1.45290 2.57183 2.73734 2.73737 2.73737 2.73737 2.72125 2.80595 2.80609 2.80609 2.80609 2.80609 2.80609 2.80609 2.80609 2.80609 2.80609 2.74879 2.22266 3.56595 3.90138 3.90159 4.00898 4.06433 4.09498 4.12564 4.16319 4.22012 4.27828 4.35875 4.49949 4.63435
1.80374 1.80374 1.80374 1.80374 1.80374 2.16182 2.60094 2.60094 2.60094 2.43957 1.73925 1.73925 1.73925 1.73925 1.72652 1.65127 1.56759 1.07748 0.926821 0.866183 0.819167 0.789908 0.760663 0.734417 0.730096 1.04201 1.41544 1.45238 1.45252 1.45252 1.45252 1.45252 1.45252 1.45252 1.45252 2.20473 2.73724 2.73737 2.73737 2.73737 2.73466 2.77411 2.80609 2.80609 2.80609 2.80609 2.80004 2.77075 2.73916 2.70757 2.67603 2.64450 2.44641 3.39464 4.16014 4.19727 4.29125 4.39641 4.50673 4.62014 4.72615 4.81305 4.89901 4.96270 4.96605 4.95995
1.80374 1.80374 1.80374 1.80374 1.80374 1.98880 2.60094 2.60094 2.60094 2.59909 1.66723 1.52805 1.44435 1.36063 1.26198 1.18250 1.13011 0.962728 0.740432 0.730096 0.730096 0.730096 0.730096 0.730096 0.730096 0.901604 1.45218 1.45252 1.45252 1.45252 1.45252 1.45252 1.45252 1.45252 1.45252 1.83948 2.73711 2.72524 2.69388 2.66231 2.63072 2.61475 2.63637 2.60472 2.57319 2.54162 2.51611 2.51383 2.51383 2.51383 2.51789 2.54704 2.63973 3.20788 4.46286 4.53109 4.66774 4.96296 4.96605 4.95954 4.94433 4.92893 4.91366 4.89828 4.88301 4.87372
1.80374 1.80374 1.80374 1.80374 1.80374 1.86081 2.60094 2.60094 2.60094 2.58092 1.56303 1.15103 1.10689 1.07328 1.05388 1.05316 1.05316 1.02617 0.732745 0.730096 0.730096 0.730096 0.730096 0.730096 0.730096 0.734571 1.39756 1.45252 1.45252 1.45252 1.45252 1.45252 1.45252 1.45252 1.45252 1.50903 2.62320 2.44534 2.44511 2.44511 2.44511 2.44215 2.51383 2.51383 2.51383 2.52087 2.58755 2.66783 2.74807 2.82835 2.90460 2.95568 2.97208 3.12520 4.55078 4.70498 4.74167 4.88840 4.88256 4.87367 4.87363 4.87363 4.87363 4.87363 4.87363 4.87363
1.80374 1.80374 1.80374 1.80374 1.80374 1.74401 1.97218 1.78666 1.58695 1.43551 1.22954 1.05316 1.05316 1.05316 1.05316 1.05316 1.05316 1.05316 0.798875 0.730096 0.730096 0.730096 0.730096 0.730096 0.730096 0.730096 1.24551 1.45252 1.45252 1.45252 1.45252 1.45252 1.45252 1.45252 1.45252 1.45252 2.38287 2.45250 2.44511 2.44653 2.51556 2.62003 2.71223 2.79396 2.87429 2.94748 2.96108 2.97088 3.01598 3.06420 3.11244 3.16071 3.21321 3.32573 4.39081 4.84020 4.84020 4.83039 4.87363 4.87363 4.87363 4.87363 4.87363 4.87363 4.85592 4.81440
1.75305 1.61281 1.48520 1.37872 1.28850 1.23581 1.29720 1.34840 1.34840 1.34840 1.30337 1.05223 1.05316 1.05316 1.05316 1.05316 1.05316 1.05316 0.891987 0.730096 0.730096 0.730096 0.730096 0.730096 0.730096 0.730096 1.05617 1.45252 1.45252 1.45252 1.45252 1.45252 1.45252 1.45252 1.50101 1.63973 2.39958 2.91014 2.95281 3.07660 3.13269 3.13463 3.01153 3.05555 3.10379 3.15207 3.20031 3.23875 3.24190 3.24190 3.24190 3.24190 3.24193 3.27440 3.99811 4.84020 4.84020 4.82181 4.87363 4.85592 4.81440 4.77277 4.73115 4.68952 4.66552 4.66541
1.25027 1.23445 1.23445 1.24498 1.26981 1.29452 1.33193 1.34840 1.34840 1.34840 1.34825 1.07940 1.05316 1.05316 1.05316 1.05316 1.05316 1.05316 0.985164 0.730096 0.730096 0.730096 0.730096 0.730096 0.730096 0.730096 0.824966 1.44801 1.47026 1.59231 1.73154 1.91721 2.18396 2.45265 2.67301 2.80273 2.95490 3.30111 3.06229 3.03349 3.00466 2.97867 3.12448 3.24190 3.24190 3.24190 3.24190 3.24190 3.24190 3.24190 3.24190 3.24190 3.24190 3.26119 3.53005 4.76859 4.73936 4.67009 4.68952 4.66552 4.66541 4.66541 4.66541 4.66541 4.66541 4.66541
1.44383 1.39449 1.41944 1.43380 1.43388 1.43388 1.42418 1.34840 1.34840 1.34840 1.34840 1.16340 1.05316 1.05316 1.05316 1.05316 1.05316 1.05316 1.05074 0.757683 0.730096 0.730096 0.730137 0.769549 0.843446 0.917346 1.02040 2.06352 2.48912 2.63575 2.75367 2.79925 2.76233 2.72400 2.68558 2.64740 2.63257 3.19026 2.97418 2.97418 2.97418 2.97418 3.05252 3.24190 3.24190 3.24190 3.24190 3.24190 3.24190 3.24190 3.24190 3.24190 3.24190 3.25438 3.35760 4.41099 4.63199 4.61477 4.64626 4.66537 4.66383 4.66152 4.65920 4.64288 4.59050 4.53631
1.60221 1.43388 1.43388 1.43388 1.43388 1.43388 1.43370 1.35892 1.34840 1.34840 1.34840 1.24770 1.05316 1.05316 1.05316 1.05316 1.05316 1.06310 1.12846 0.997700 0.953272 1.03304 1.24604 1.47493 1.67617 1.93491 2.14752 2.46865 2.69827 2.65983 2.63317 2.63225 2.63225 2.63225 2.63225 2.63225 2.63225 3.08242 2.97936 2.97418 2.97418 2.97418 2.98767 3.23489 3.24190 3.24190 3.24190 3.24190 3.24190 3.24190 3.24256 3.24473 3.24695 3.25236 3.28728 4.09144 4.61693 4.61461 4.58623 4.57936 4.51817 4.41550 4.30714 4.21271 4.15440 4.09791
1.70659 1.43651 1.43388 1.43388 1.43388 1.43388 1.43388 1.38432 1.34840 1.34840 1.34840 1.32818 1.08845 1.16442 1.23826 1.31230 1.38606 1.46440 1.51050 1.60169 1.91868 2.14383 2.23528 2.27524 2.30810 2.31489 2.31489 2.34714 2.63225 2.63225 2.63225 2.63225 2.63225 2.63225 2.63225 2.63225 2.63225 2.87719 3.04937 2.97418 2.97418 2.97534 2.97756 3.18205 3.24970 3.25192 3.25414 3.25636 3.25858 3.26079 3.26234 3.26240 3.26240 3.26060 3.23059 3.54911 4.36874 4.27943 4.15007 4.09791 4.04989 4.04419 4.07478 4.18642 4.31101 4.44523
1.73828 1.48493 1.43388 1.43388 1.43388 1.43388 1.43317 1.39414 1.32800 1.31911 1.31145 1.30479 1.37908 1.50032 1.62388 1.75204 1.86142 1.94566 2.00280 2.05559 2.31128 2.31489 2.31489 2.31489 2.31489 2.31489 2.31489 2.30543 2.58807 2.63225 2.63225 2.63225 2.60932 2.55693 2.50805 2.46243 2.41978 2.40995 2.96881 2.99140 2.99362 2.99468 2.99468 3.12504 3.26240 3.26240 3.26240 3.26240 3.25955 3.21868 3.16491 3.11115 3.05745 3.00530 2.94805 2.89685 4.03725 4.09218 4.07770 4.44791 4.59159 4.74749 4.86922 4.87503 4.87503 4.87503
1.73828 1.55718 1.41895 1.40731 1.39688 1.38750 1.37942 1.36635 1.33716 1.45430 1.57575 1.69729 1.86352 2.02530 2.03655 2.03655 2.03655 2.03655 2.03655 2.03655 2.25065 2.31489 2.31489 2.30530 2.26569 2.22663 2.19016 2.15615 2.27277 2.35140 2.31565 2.28192 2.26310 2.26296 2.26296 2.26296 2.26296 2.26296 2.74701 2.99468 2.99468 2.99468 2.99467 3.04820 3.18033 3.12659 3.07286 3.01908 2.96819 2.95536 2.94972 2.91319 2.87194 2.83072 2.77969 2.70197 3.53072 3.93857 3.95136 4.80383 4.87503 4.87503 4.87503 4.87503 4.87503 4.87503
1.58203 1.52000 1.37753 1.41828 1.50737 1.59843 1.68954 1.78108 1.91871 1.93002 1.93002 1.93002 1.92777 2.03655 2.03655 2.03239 2.02493 2.01802 2.01159 2.00559 2.10963 2.21560 2.20391 2.08800 2.02494 2.02494 2.02494 2.02494 2.09373 2.26296 2.26296 2.26296 2.26296 2.26296 2.26296 2.26296 2.26296 2.26190 2.53943 2.98066 2.97031 2.95979 2.94919 2.94567 2.96309 2.91979 2.87857 2.83732 2.79607 2.75485 2.71926 2.71456 2.71456 2.71456 2.70949 2.69058 3.15980 3.93857 3.93857 4.53794 4.87503 4.87503 4.76729 4.52542 4.25492 3.95168
1.83649 1.93190 1.81402 1.84669 1.84872 1.84872 1.84818 1.83959 1.88980 1.92012 1.91715 1.91437 1.90875 1.97138 1.98811 1.98593 1.98593 1.98593 1.98593 1.98593 2.02611 2.19468 2.19468 2.12861 2.02494 2.02494 2.02494 2.02494 2.02982 2.26248 2.26296 2.26250 2.25953 2.25605 2.29675 2.39177 2.48708 2.58357 2.69698 2.89850 2.87659 2.83549 2.79437 2.75325 2.73588 2.71456 2.71456 2.71456 2.71456 2.71456 2.71456 2.71456 2.71456 2.71456 2.71380 2.69485 2.76869 3.82574 3.60214 3.67244 3.94847 3.60574 3.41140 3.41140 3.41140 3.41140
2.04727 2.03226 1.87520 1.79435 1.78308 1.77189 1.76114 1.75846 1.82584 1.90603 1.90603 1.90603 1.90603 1.94067 1.98593 1.98593 1.98593 1.98593 1.98593 1.98593 1.98678 2.17381 2.19468 2.16969 2.02494 2.02494 2.07428 2.17638 2.27637 2.28281 2.35882 2.45451 2.55300 2.64203 2.65732 2.61631 2.57519 2.53407 2.49307 2.64488 2.70701 2.70701 2.70701 2.70701 2.72554 2.71456 2.71456 2.71456 2.71456 2.71456 2.71456 2.71456 2.71456 2.71456 2.71456 2.69884 2.65492 2.60674 2.60674 2.69229 3.40982 3.41140 3.41140 3.41156 3.42531 3.44768
1.95432 1.95432 1.87994 1.75846 1.75846 1.75846 1.75846 1.75846 1.78969 1.90603 1.90603 1.90603 1.90603 1.91892 1.98593 1.98593 1.98593 1.98593 1.98593 1.98593 1.99667 2.21260 2.39496 2.49680 2.45120 2.61400 2.76600 2.86260 2.92307 2.74319 2.58905 2.54791 2.50682 2.47581 2.47399 2.47399 2.47399 2.47399 2.47399 2.58454 2.70701 2.70701 2.70701 2.70701 2.72283 2.71525 2.71456 2.71456 2.71456 2.71456 2.71456 2.71456 2.71456 2.71456 2.71050 2.70914 2.72040 2.66420 2.68091 2.69949 3.42427 3.52283 3.37641 3.21322 2.89038 2.51956
1.95432 1.95432 1.94158 1.76216 1.75846 1.75846 1.75846 1.75846 1.76085 1.89874 1.90603 1.90603 1.90603 1.89997 1.98312 2.03085 2.13289 2.23499 2.33709 2.43919 2.58486 2.77626 2.98762 3.03719 2.96778 2.88217 2.83174 2.78377 2.77195 2.66445 2.47399 2.47399 2.47399 2.47399 2.47399 2.47399 2.47399 2.47399 2.47399 2.52418 2.70701 2.70701 2.70701 2.70701 2.70766 2.72169 2.69654 2.68517 2.67379 2.66244 2.65106 2.63971 2.62834 2.61696 2.60967 2.68590 2.84106 2.62786 2.45996 2.31269 2.27070 1.99799 1.79587 1.60925 1.56832 1.56832
1.95432 1.95432 1.95432 1.80023 1.75846 1.75846 1.75846 1.75846 1.75846 1.86619 1.93251 1.96970 2.01093 2.05686 2.40559 2.56206 2.66141 2.73623 2.79907 2.86186 2.87045 2.82914 2.93966 2.94170 2.87024 2.77195 2.77195 2.77195 2.77195 2.74301 2.47609 2.47399 2.47399 2.47399 2.47399 2.47412 2.48865 2.51286 2.53702 2.56667 2.66175 2.64078 2.62942 2.61804 2.60673 2.62195 2.60953 2.60953 2.60953 2.60953 2.60953 2.59844 2.53270 2.45563 2.37862 2.32032 2.48978 2.20166 2.01945 2.01539 1.90249 1.56832 1.56832 1.56832 1.56832 1.56832
1.95432 1.95432 1.95432 1.85324 1.76294 1.78808 1.81835 1.85196 1.88949 2.02232 2.13944 2.21221 2.29782 2.39232 2.66173 2.83354 2.79718 2.78520 2.78520 2.78520 2.78520 2.78520 2.90297 2.94170 2.91130 2.77195 2.77195 2.78156 2.80558 2.82982 2.60985 2.58018 2.60438 2.62851 2.65275 2.67677 2.68642 2.68642 2.68642 2.68642 2.64038 2.60197 2.60197 2.60197 2.60197 2.62000 2.59514 2.52703 2.44999 2.37293 2.29586 2.22996 2.21861 2.21669 2.19468 2.16738 2.34783 2.21720 1.88625 1.86301 1.86862 1.58054 1.56832 1.56832 1.56832 1.56832
2.02590 2.08628 2.15634 2.16774 1.93785 1.94174 1.92709 1.98278 2.05599 2.19971 2.51437 2.54044 2.53696 2.53696 2.60029 2.78520 2.78520 2.78520 2.78289 2.75237 2.71351 2.67470 2.70861 2.75350 2.71338 2.92007 2.96966 2.98425 2.98438 2.98438 2.82096 2.68642 2.68642 2.68642 2.68642 2.68642 2.68642 2.68642 2.68642 2.68642 2.65373 2.58797 2.53357 2.46436 2.39517 2.33608 2.23282 2.21804 2.19926 2.17198 2.14462 2.11732 2.09002 2.06465 2.05935 2.05935 2.20826 2.28199 1.86795 1.86018 1.86018 1.67688 1.56832 1.56832 1.56832 1.56832
2.32075 2.23304 2.12820 2.03741 1.99570 2.11279 2.23014 2.24182 2.24182 2.24908 2.50736 2.44419 2.36660 2.28881 2.21457 2.56174 2.54458 2.50572 2.46916 2.46082 2.46082 2.46082 2.48868 2.61732 2.61732 2.87329 2.98438 2.98438 2.98438 2.98438 2.90158 2.68642 2.68642 2.68642 2.68600 2.67841 2.66821 2.64177 2.60091 2.56006 2.48823 2.27340 2.26096 2.26643 2.27190 2.27738 2.14694 2.06788 2.05935 2.05935 2.05935 2.05935 2.05935 2.05935 2.05935 2.05935 2.14945 2.30841 1.96747 1.86018 1.86018 1.75943 1.56832 1.56832 1.56832 1.56832
1.77896 1.82399 1.83889 1.79796 1.98093 2.10495 2.06199 2.01847 1.97548 1.93203 1.89309 1.88821 1.88821 1.88821 1.88821 2.34029 2.46082 2.46082 2.46082 2.46082 2.46082 2.46082 2.46114 2.59992 2.61732 2.78511 2.98438 2.98438 2.98438 2.96544 2.90578 2.66142 2.64286 2.60299 2.56254 2.52929 2.49957 2.49025 2.49573 2.50119 2.50524 2.30320 2.28966 2.28967 2.28967 2.28967 2.17691 2.05935 2.05935 2.05935 2.05935 2.05935 2.05935 2.05935 2.05935 2.05935 2.09063 2.30841 2.09341 1.86018 1.86018 1.83011 1.56832 1.56832 1.56832 1.56832
