High_resolution/powerplant/Shangrao/OMI_NO2_200901.asc
ncols      200
nrows      200
xllcorner       115.451
yllcorner       27.0350
cellsize     0.0166667
NODATA_Value      -999.000
[rows 87 to 115 of 164, columns 67 to 133 of 200]
5.70391 5.71737 5.71737 5.71737 5.72557 7.70917 8.60058 8.61600 8.63143 8.64687 8.51794 8.28297 8.22374 7.75478 7.58237 7.88167 7.83792 7.85587 8.78383 8.88694 8.91902 8.95118 8.97556 9.00099 9.97250 10.0653 10.4717 10.4245 10.3518 10.3497 10.5817 10.4573 10.3697 10.3636 10.3636 10.6175 11.2158 11.2158 11.2158 11.2158 11.2158 11.9714 12.9497 12.9627 13.1775 13.4636 14.0338 14.5180 14.5653 14.6264 14.7349 14.8553 14.9658 15.0328 15.0456 15.0211 14.9982 15.2257 15.2218 12.4875 10.2546 10.1330 10.0076 10.0076 10.0076 10.0076 10.0076
5.75690 5.78832 5.80682 5.82536 5.83565 6.97522 8.64887 8.61251 8.47534 8.31978 8.14098 7.97411 7.93777 7.76316 7.59351 7.87274 8.01131 7.99917 8.68852 8.97704 8.97704 8.96124 8.89270 8.81998 9.46358 9.72484 10.0297 10.0764 10.0764 10.0791 10.4213 10.3861 10.3636 10.3636 10.3636 10.3947 11.1830 11.2158 11.2158 11.2158 11.2158 11.6179 12.8936 13.0064 13.1506 13.6291 14.0319 14.8993 14.9472 14.9806 14.9666 14.9406 14.9147 14.8887 14.8686 14.8672 14.8672 15.0438 15.1458 13.7293 10.1720 10.1635 10.0107 10.0076 9.97408 9.86473 9.75303
5.78263 5.74534 5.71999 6.00461 6.64334 7.38000 8.02495 7.90149 7.88313 7.88313 7.88372 7.98553 8.00057 7.89982 7.54871 7.72314 7.95165 7.89105 8.30758 8.71280 8.64004 8.58320 8.57903 8.57903 8.99222 9.62932 9.89811 10.0764 10.0764 10.0764 10.3286 10.4090 10.3636 10.3636 10.3636 10.3636 10.9579 11.2158 11.1126 10.8937 10.6761 10.5560 12.2964 13.3966 13.4696 13.8334 13.8761 14.8367 14.8672 14.8672 14.8672 14.8672 14.8672 14.8672 14.8672 14.8672 14.8672 14.9610 15.1338 14.8468 10.2410 9.99572 9.63081 9.41909 9.34056 9.33761 9.33761
6.89241 7.46292 8.00794 8.29646 8.29735 8.29735 7.97590 7.88566 7.88792 7.89018 7.88960 7.94190 7.95812 7.92966 7.49291 7.49446 7.66561 7.65844 7.94029 8.57903 8.57903 8.57903 8.57903 8.57903 8.69246 9.62659 9.79054 10.0764 10.0764 10.0764 10.2331 10.4323 10.3636 10.3171 10.1157 9.90196 10.0266 10.3453 10.2856 10.3421 10.3976 10.4369 11.6860 13.5423 13.5462 13.7281 13.8181 14.5936 14.8672 14.8672 14.8672 14.8672 14.8606 14.8123 14.7564 14.7006 14.6447 14.6053 14.8180 14.8197 11.1737 9.84660 9.59078 9.33761 9.33761 9.33761 9.33761
8.36580 8.30067 8.29768 8.29970 8.30195 8.29771 8.07445 7.83843 7.81449 7.79055 7.76889 7.81009 7.87753 7.87753 7.59494 7.42396 7.66757 7.66057 7.77972 8.57903 8.57903 8.57903 8.57903 8.57903 8.57903 9.43743 9.68247 10.0491 9.99475 9.78174 9.60453 9.85160 9.55990 9.39685 9.41191 9.43929 9.56229 10.4342 10.4393 10.4393 10.4393 10.4393 11.1539 13.2293 13.5462 13.6593 13.8188 14.2967 14.7660 14.7102 14.6543 14.5985 14.5492 14.5418 14.5418 14.5418 14.5418 14.5418 14.7481 14.8204 12.5439 9.84660 9.72527 9.33761 9.33761 9.33053 9.32134
8.45668 8.34149 8.31642 8.29643 8.27624 8.26254 8.18341 7.85494 7.85868 7.86240 7.86614 7.88744 7.98604 7.98978 7.85016 7.54124 7.73362 7.78347 7.78745 8.52569 8.56686 8.52636 8.48473 8.44310 8.38348 8.71708 8.81608 8.97543 8.82322 8.78737 8.81663 9.46195 9.49684 9.48418 9.48077 9.43567 9.37834 10.0817 10.2189 10.1617 10.1045 10.0534 10.5549 12.7669 13.6084 13.6709 13.9161 14.0476 14.5418 14.5418 14.5418 14.5418 14.5418 14.5418 14.5418 14.5418 14.5418 14.5418 14.6653 14.8204 13.6621 9.85872 9.83923 9.35650 9.32343 9.32172 9.32201
8.10822 8.31462 8.30431 8.30431 8.30431 8.30431 8.30246 7.93009 7.89010 7.89010 7.89010 7.89037 7.99257 8.00392 8.01170 7.62751 7.70069 7.64903 7.61439 8.11545 8.26654 8.22794 8.19046 8.15301 8.13354 8.19416 8.36305 8.62099 8.72533 8.68387 8.62671 9.01704 9.16250 9.05332 8.99952 8.98973 9.00278 9.49061 9.98691 10.0015 10.0161 10.0246 10.1987 12.3206 13.6489 13.6496 13.8955 13.9264 14.4963 14.5418 14.5418 14.5418 14.5418 14.5418 14.5418 14.3756 13.6227 12.7951 12.0026 11.3841 10.6856 9.83735 9.83099 9.47063 9.32190 9.30064 9.26344
8.06380 8.29187 8.30497 8.30431 8.30431 8.30431 8.30431 8.05621 7.93295 7.96993 8.00693 8.04390 8.15621 8.22892 8.23859 7.89994 7.71473 7.48964 7.43473 7.76383 8.10092 8.10289 8.11870 8.13452 8.15033 8.15700 8.33076 8.36128 8.38947 8.38928 8.36347 8.59310 8.95947 9.04106 9.05575 9.06820 9.06975 9.25581 10.0247 10.0247 10.0247 10.0247 10.0247 11.6347 13.5514 13.6489 13.8273 13.9208 14.3359 14.5418 14.4502 13.7597 12.9533 12.1248 11.2935 10.6285 10.5500 10.5404 10.4413 10.5097 10.4107 9.75164 9.64920 9.38655 9.06599 9.05011 9.05011
8.06298 8.24322 8.36651 8.39841 8.43538 8.47238 8.50933 8.40231 8.12621 8.12886 8.14160 8.13389 8.13504 8.10115 8.06036 7.85569 7.57153 7.40405 7.36663 7.61593 8.13363 8.14745 8.14745 8.14745 8.14012 8.10011 8.18704 8.21491 8.21078 8.16720 8.14917 8.24842 8.83268 9.03396 9.06975 9.06975 9.06975 9.07280 9.92042 10.0247 10.0247 10.0247 10.0247 11.1104 13.0836 13.6106 13.1102 12.4732 11.9121 11.4534 10.7062 10.4614 10.3005 10.1628 10.0278 9.89254 9.75719 9.62685 9.59073 9.72326 9.83067 9.67326 9.55909 9.46839 9.05011 9.05011 9.05011
8.29616 8.40835 8.57773 8.58206 8.60341 8.62480 8.64743 8.64700 8.20271 8.17873 8.15618 8.15393 8.12839 8.03203 8.06486 8.05099 7.64437 7.54245 7.42374 7.50132 8.07885 8.03497 7.99126 7.94741 7.91100 7.90716 7.98190 8.10227 8.14512 8.14917 8.14917 8.14958 8.75729 8.96981 9.06975 9.06975 9.06975 9.06975 9.63619 10.0247 10.0245 9.84821 9.52079 9.76623 10.5104 9.86856 9.62556 9.42177 9.34675 9.74927 9.62118 9.59073 9.59073 9.59073 9.59073 9.59073 9.59073 9.59073 9.59073 9.65240 9.83067 9.72268 9.41858 9.27610 9.80229 10.3083 10.6997
8.46389 8.50457 8.73569 8.71466 8.71693 8.71918 8.72010 8.72010 8.29715 8.16732 8.20000 8.23287 8.26463 8.14958 8.09580 8.04131 7.59778 7.38993 7.23989 7.22888 7.86864 7.90716 7.90716 7.90716 7.90716 7.90716 7.92634 8.10136 8.13374 8.14917 8.14917 8.14917 8.58347 8.90636 9.06975 9.06975 8.98142 8.64875 8.57347 8.89424 8.52528 8.32179 8.26964 8.40920 9.57057 9.42147 9.42080 9.01708 8.96970 9.50701 9.59073 9.59073 9.59073 9.59073 9.59073 9.58271 9.47392 9.33484 9.19559 9.06117 9.14281 9.00652 8.76099 8.74905 10.1011 11.0829 11.0829
8.49400 8.49597 8.70030 8.72246 8.72010 8.73122 8.76355 8.79641 8.55695 8.21712 8.16279 8.10830 8.05381 7.90744 7.85619 7.85619 7.61671 7.34837 7.22794 7.22358 7.72252 7.90716 7.90716 7.90716 7.90716 7.90716 7.90716 8.06479 8.12236 8.14917 8.15377 8.13596 8.10122 8.12072 7.98570 7.63547 7.41496 7.46573 7.56749 8.18463 8.19696 8.19696 8.19696 8.20187 9.45781 9.44983 9.42125 9.13091 8.96970 9.33888 9.49895 9.35987 9.22062 9.08146 8.94229 8.81107 8.78069 8.78069 8.78069 8.78069 8.94020 9.02060 8.80010 8.74905 9.48616 11.0829 11.0829
8.58405 8.60468 8.78222 8.89933 8.87903 8.85779 8.81543 8.77250 8.64803 8.18593 8.19748 8.20907 8.22062 8.16944 8.10599 8.11758 8.03923 7.64813 7.54516 7.53127 7.73739 7.90716 7.90716 7.90835 7.91911 7.93158 7.94269 7.87176 7.64069 7.36351 7.04365 6.74714 6.79337 7.23090 7.48712 7.61386 7.64128 7.64128 7.63964 8.01438 8.17605 8.16594 8.15585 8.14573 9.15460 9.93000 10.2111 10.4048 10.4966 10.0818 8.78069 8.78069 8.78069 8.78069 8.78069 8.78069 8.78069 8.78069 8.78069 8.78069 8.86901 9.02062 8.86933 8.58572 8.17027 9.18430 8.30700
9.13236 9.21071 9.19514 8.96592 8.94765 8.94765 8.94765 8.94765 8.94714 8.45133 8.38148 8.38148 8.38148 8.35230 8.24372 8.24372 8.24293 7.86085 7.74200 7.63772 7.74713 7.96392 7.91837 7.67571 7.40852 7.13898 6.87091 6.73654 6.69712 6.81341 6.88213 6.94430 6.95969 7.31103 7.47501 7.58282 7.57272 7.56261 7.57332 7.95592 8.52758 8.76597 9.02400 9.30404 10.4321 11.8923 11.7272 11.6452 11.1251 10.9077 8.79814 8.78069 8.78069 8.78069 8.78069 8.78069 8.78069 8.78069 8.71450 8.43195 7.97700 7.48171 6.80558 5.81858 5.70905 6.77535 7.02959
9.29305 9.29305 9.28570 8.98886 8.94765 8.94765 8.94765 8.94765 8.94765 8.61484 8.38988 8.47012 8.56654 8.66052 8.62836 8.71799 8.81453 8.57290 7.97333 7.29705 7.09850 6.98896 6.77254 6.75324 6.79914 6.86698 6.93490 6.99976 6.91065 6.90104 6.89979 6.89979 6.89978 7.14932 7.41032 8.06757 8.29354 8.53851 8.77568 8.88235 9.50601 9.51027 9.51027 9.51027 9.91860 11.9459 11.7372 11.7271 11.1957 11.1251 9.16394 8.78069 8.78069 8.74104 8.52757 8.20818 7.72406 7.23635 6.81454 6.60921 6.59463 6.40723 6.27662 5.65849 5.39209 5.90619 6.36422
9.29305 9.29305 9.29305 9.07233 8.98374 9.07532 9.17181 9.26823 9.36459 9.29257 8.98287 8.99918 8.99918 8.93527 8.61281 8.34280 8.11373 7.75557 7.25774 6.63858 6.67163 6.84138 6.92016 6.99153 7.01339 7.01339 7.01339 7.01201 6.92596 6.87845 6.87034 6.86063 6.85094 6.99468 7.28513 8.71018 8.81567 8.81567 8.81567 8.81567 9.36375 9.51027 9.51027 9.51027 9.54264 11.8067 11.7946 11.7272 11.3221 10.8408 9.22059 7.97791 7.48977 7.04150 6.74455 6.52601 6.47208 6.42217 6.37215 6.32216 6.27225 6.13920 6.02731 5.40502 5.03993 5.32187 6.13744
9.36433 9.39274 9.42115 9.31538 9.41190 9.56660 9.57028 9.57406 9.55865 9.16320 8.59562 8.39054 8.16979 8.01293 7.90811 7.80083 7.76414 7.70000 7.48197 6.97008 6.86630 6.97474 7.00841 6.99870 6.98899 6.97929 6.96957 6.96124 6.91602 6.84421 6.84658 6.84658 6.84658 6.88868 7.26232 8.26044 8.81567 8.81567 8.81567 8.81567 9.15482 9.51027 9.51027 9.50730 9.35507 10.6771 11.0142 10.3381 9.44604 8.55854 7.64758 6.36968 6.31963 6.26982 6.24241 6.24238 6.24238 6.24238 6.24238 6.24238 6.24238 6.20270 6.02731 5.65801 5.05777 5.22567 6.13627
9.48122 9.48497 9.48874 9.44475 9.21096 8.98680 8.47669 7.96674 7.47571 7.34186 7.81989 8.00616 7.97268 7.92035 7.81916 7.61242 7.59817 7.61422 7.60661 7.21540 6.83406 6.89917 6.96019 6.96019 6.96019 6.96019 6.96019 6.96019 6.94883 6.84408 6.84646 6.84658 6.84658 6.84658 7.19770 7.83413 8.81567 8.81567 8.81567 8.73079 8.62582 8.94492 8.68837 8.25486 7.90751 8.41322 9.07880 8.71931 8.59851 7.74070 7.68489 6.28675 6.24238 6.24238 6.24238 6.24238 6.24238 6.24238 6.24699 6.38546 6.59988 6.83456 6.86730 6.85211 6.22951 6.13744 6.13744
9.19468 8.67740 8.16723 7.65718 7.03917 7.34153 7.34186 7.34174 7.31183 7.25946 7.49317 7.82463 7.82457 7.84448 7.85858 7.68651 7.69821 7.70206 7.68711 7.44500 6.84745 6.86777 6.96019 6.96019 6.96019 6.96019 6.96019 6.96019 6.96019 6.86592 6.84586 6.84658 6.84658 6.87082 7.12521 7.23598 8.30462 8.05938 7.81667 7.68451 7.71127 7.63112 7.34420 7.28155 7.28155 7.62944 8.98035 8.75885 8.71927 7.86655 7.74070 6.57941 6.24272 6.35291 6.56401 6.79567 7.05074 7.33296 7.63878 7.74070 7.74070 7.74070 7.57090 7.36043 6.44436 6.13744 6.13744
7.37445 7.24535 7.24507 7.24134 7.02132 7.18871 7.20201 7.16496 7.15766 7.17287 7.28214 7.86359 7.85993 7.85519 7.85044 7.69190 7.63639 7.63165 7.62392 7.53309 6.81382 6.76304 6.96019 6.96019 6.96019 6.96019 6.96195 7.06277 7.22049 7.31250 7.28382 7.25494 7.22476 7.17013 6.80144 6.35132 7.51482 7.74562 7.77811 7.78484 7.78484 7.48891 7.32252 7.47063 7.63249 7.86580 8.98035 8.69428 8.14262 7.20103 6.54823 6.67669 7.59338 7.74070 7.74070 7.74070 7.74070 7.74070 7.74070 7.74070 7.74070 7.74070 7.65589 7.45395 6.69920 6.13744 6.06713
7.36596 6.98344 6.87109 6.76209 6.66628 6.90642 7.08508 7.08509 7.08509 7.08509 7.08509 7.65214 7.74997 7.74997 7.74997 7.64607 7.54541 7.54541 7.54541 7.51428 6.94842 6.83292 7.29812 7.47236 7.62998 7.69045 7.54389 7.29149 6.98228 6.77711 7.00566 7.03177 7.05980 7.09952 7.16681 6.64197 7.60304 8.50214 8.71331 8.93970 9.18171 9.21435 8.54137 8.11215 7.71981 7.36517 7.04322 6.77400 6.62434 6.35470 5.89042 6.16326 7.74070 7.74070 7.74070 7.74070 7.74070 7.74070 7.74070 7.74070 7.74070 7.67429 7.40107 6.68664 5.78020 5.09402 4.88434
7.06721 6.59671 6.59671 6.59671 6.60198 6.81000 7.08509 7.08509 7.08509 7.08509 7.08509 7.46019 7.74997 7.75019 7.76377 7.73106 7.60211 7.62354 7.64497 7.64784 7.64804 7.31584 7.33205 7.11834 6.80913 6.60154 6.60945 6.64500 6.68421 6.72943 7.15336 7.98472 8.17216 8.32553 8.35147 7.65235 8.03280 8.87915 8.44034 8.04422 7.68484 7.36495 6.84151 6.82016 6.82016 6.82016 6.82016 6.81353 6.63161 6.53980 5.89057 5.89807 7.53842 7.74070 7.74070 7.74070 7.69789 7.51255 7.22028 6.84328 6.46634 6.15568 6.04136 5.66277 5.20917 4.66176 4.51696
7.20349 6.60109 6.59671 6.59671 6.59671 6.69001 7.08262 7.08827 7.10752 7.12895 7.15039 7.35498 7.85814 7.87934 7.88718 7.87861 7.57979 7.32515 7.07693 6.82257 6.57190 6.44164 6.54402 6.69429 6.73349 6.76822 6.79307 6.79674 6.79674 6.79674 7.07200 8.09046 8.42643 8.46424 8.50207 8.05773 7.67936 7.32665 7.32345 7.32345 7.32345 7.32345 6.97548 6.82016 6.82016 6.82016 6.82016 6.82016 6.68065 6.62434 5.99104 5.87222 6.80081 7.34493 7.02744 6.65070 6.31642 6.09334 5.82295 5.61655 5.41030 5.20390 4.99765 4.57298 3.99977 3.50974 3.56736
7.25035 6.73485 6.67849 6.74176 6.80508 6.90787 7.16822 7.22009 7.22221 7.21854 7.21297 7.23296 7.61080 7.35282 7.08946 6.82634 6.60287 6.58523 6.57938 6.53921 6.57389 6.59119 6.61644 6.79674 6.79674 6.81062 6.84087 6.87114 6.90137 6.93162 7.11186 7.94863 8.55854 8.55854 8.55854 8.29294 7.70864 7.40036 7.32345 7.32345 7.32345 7.32345 7.12586 6.82016 6.82016 6.82016 6.81619 6.74086 6.51902 6.19828 5.46560 4.77131 4.90643 5.45358 5.18754 4.98144 4.77489 4.59990 4.57931 4.57931 4.57931 4.57931 4.57931 4.51819 4.04447 3.55448 3.56679
7.59818 7.25874 6.98055 6.97497 6.96940 6.98189 7.12179 7.20650 7.25655 7.31063 7.36666 7.41691 6.89630 6.66800 6.66386 6.62565 6.53553 6.45134 6.41141 6.40342 6.50001 6.59983 6.64660 6.91578 6.94601 6.96238 6.96240 6.96240 6.96240 6.96240 7.00007 7.67399 8.55854 8.55854 8.55854 8.50142 7.71688 7.50464 7.32345 7.32345 7.32345 7.32345 7.22510 6.65222 6.36947 6.03997 5.61291 5.23976 4.83039 4.12396 3.78442 3.51937 3.61958 4.57902 4.57931 4.57931 4.57931 4.57931 4.57931 4.57931 4.57931 4.57931 4.57931 4.57931 4.14212 3.68817 3.54943
7.41260 7.25035 6.94747 6.98892 7.04493 7.10229 7.27566 7.42477 7.42526 7.42526 7.42251 7.38655 7.03019 6.53774 6.48798 6.44639 6.38624 6.29158 6.25555 6.22195 6.26988 6.47956 6.66036 6.94994 6.96240 6.96240 6.96240 6.96240 6.96240 6.96240 6.96240 7.35418 8.54716 8.55854 8.55854 8.55854 7.86970 7.42619 6.83395 6.52096 6.20788 5.85788 5.40408 4.71518 4.47659 4.35797 4.34072 4.34072 4.34072 3.96863 3.86763 3.51961 3.51937 4.38473 4.57931 4.57931 4.57931 4.57931 4.57931 4.57931 4.57931 4.57931 4.57931 4.57931 4.30079 3.83001 3.52427
7.52185 7.53880 7.17935 7.19245 7.19245 7.19245 7.25220 7.38769 7.34444 7.28144 7.20239 7.15657 7.02423 6.31734 6.28152 6.27231 6.26018 6.17592 6.16773 6.16046 6.15608 6.37592 6.53833 6.86201 6.96240 6.96240 6.96240 6.96240 6.96240 6.96240 6.91404 6.99346 7.92255 7.91535 7.64824 7.38101 6.46670 5.74368 5.18654 4.96593 4.75995 4.59067 4.57403 4.45831 4.34072 4.34072 4.34072 4.34072 4.34072 4.09027 3.94272 3.74871 3.85336 4.35194 4.57931 4.57931 4.57931 4.57931 4.57931 4.57931 4.57931 4.57931 4.57931 4.57931 4.45955 3.97255 3.49910
7.49026 7.48299 7.09448 6.98226 6.89469 6.79082 6.73490 6.86800 6.85937 6.83334 6.82607 6.81880 6.81492 6.18368 6.05766 6.05766 6.05766 5.99106 5.97488 5.97488 5.97488 6.12414 6.32920 6.70371 6.83736 6.70509 6.57299 6.44080 6.29701 6.13933 6.02997 6.05089 6.59335 6.94412 6.74887 6.54282 5.98353 4.97269 4.68099 4.57403 4.57403 4.57403 4.57403 4.52820 4.34744 4.48294 4.68263 4.90254 5.14576 5.25301 5.08191 4.78554 4.57931 4.57931 4.57931 4.57931 4.57931 4.57931 4.57931 4.57931 4.57931 4.57931 4.57931 4.57931 4.56798 3.95455 3.20396
7.23919 7.14251 6.77754 6.52792 6.51159 6.51159 6.53163 6.74015 6.81492 6.81492 6.81492 6.81492 6.81492 6.40208 6.05766 6.05766 6.05766 6.02291 6.01644 6.04658 6.07670 6.18369 5.85810 5.85070 6.06572 6.04019 6.01465 5.98912 5.97593 5.95744 5.83261 5.70264 5.88566 6.16963 6.15890 6.15890 6.09198 4.97649 4.78453 4.65252 4.85584 5.08021 5.32818 5.60245 5.62500 5.67444 5.67444 5.67444 5.67444 5.64910 5.11567 4.91641 4.57931 4.57931 4.57931 4.57931 4.57931 4.57931 4.57931 4.57555 4.55838 4.46722 4.34619 4.22513 4.11022 3.48121 2.78694
