High_resolution/powerplant/Shangrao/OMI_NO2_200603.asc
ncols      200
nrows      200
xllcorner       115.451
yllcorner       27.0350
cellsize     0.0166667
NODATA_Value      -999.000
[rows 87 to 115 of 175, columns 0 to 66 of 200]
2.06039 2.06039 2.24953 3.66715 3.66876 3.66652 3.64927 3.64904 3.64904 3.64904 3.64904 3.64904 3.64904 3.64497 3.63180 3.61832 3.60481 3.58980 3.57253 3.43782 2.47597 2.25269 0.00000 0.00000 6.39195 6.37631 6.36634 6.35288 5.56684 5.54139 5.54471 5.54346 5.97923 6.86591 6.85736 6.84884 6.51080 6.03377 6.03377 6.03377 6.03377 5.61543 5.48073 5.48073 5.48073 5.48073 5.48073 5.67962 6.19566 5.45879 5.22135 5.22135 5.21948 5.21204 5.20393 5.19203 4.87385 4.78592 4.65364 4.51299 4.36328 4.26109 4.22309 4.19149 4.18904 3.59210 3.47078
2.06039 2.06039 2.06039 3.40146 3.66876 3.66874 3.65178 3.64505 3.63194 3.61845 3.60494 3.58989 3.57264 3.55783 3.55246 3.54680 3.54045 3.53840 3.53840 3.53541 2.28061 2.00822 0.00000 0.00000 6.38210 6.39800 6.41388 6.42596 5.67751 5.49616 5.49616 5.49616 5.62836 6.83455 6.83562 6.83562 6.74106 6.03505 6.03377 6.03377 6.03377 5.78240 5.38914 5.27022 5.15144 5.03228 4.91336 4.84198 5.38670 5.19894 5.13335 5.11927 5.10696 5.06265 4.93115 4.79762 4.41711 4.19012 4.18904 4.18904 4.18904 4.18904 4.18904 4.18904 4.18904 3.81114 3.47078
2.06039 2.06635 2.09424 3.01053 3.76242 3.79231 3.64612 3.55774 3.55239 3.54672 3.54035 3.53840 3.53840 3.53840 3.53840 3.53840 3.53840 3.53840 3.53840 3.53840 2.84270 2.05127 0.00000 0.00000 6.42671 6.42671 6.42671 6.42671 5.86186 5.49616 5.49616 5.48677 5.42952 6.42186 6.45948 6.34069 6.22190 5.44342 5.18210 5.06294 4.94403 4.75326 4.24491 4.24464 4.24464 4.24464 4.24426 4.24250 4.84444 4.96236 4.94092 4.80832 4.67643 4.58587 4.58302 4.58302 4.44845 4.18904 4.18904 4.18904 4.18904 4.18904 4.18904 4.18904 4.18904 4.03014 3.47078
2.20898 2.23287 2.23489 2.66658 3.84327 3.84327 3.72889 3.53840 3.53840 3.53840 3.53840 3.53840 3.53840 3.53840 3.53840 3.53840 3.52709 3.32553 3.10957 2.93314 2.78362 2.94788 0.00000 0.00000 6.18975 6.10471 6.01967 5.93455 5.54845 4.99942 4.93558 4.88119 4.87454 5.33192 5.59953 5.59953 5.59953 5.17623 4.79768 4.79768 4.79768 4.79767 4.33895 4.24173 4.23985 4.21845 4.12493 4.02589 4.37586 4.56901 4.58288 4.58302 4.58302 4.58302 4.58302 4.58302 4.55672 4.19492 4.18904 4.18904 4.18904 4.18904 4.18904 4.18904 4.18904 4.18343 3.53647
2.23489 2.23489 2.23489 2.28073 3.77443 3.84327 3.80934 3.53871 3.53840 3.53840 3.53840 3.52619 3.30398 3.05938 2.87544 2.72422 2.60563 2.60522 2.60560 2.60560 2.62003 2.90007 3.53212 0.00000 5.59788 5.59788 5.59788 5.59788 5.50608 4.87470 4.87454 4.87454 4.87454 5.16276 5.59953 5.59953 5.59953 5.40476 4.79587 4.79399 4.79212 4.80846 4.51426 4.03391 3.93506 3.85571 3.84889 3.84889 4.14276 4.56382 4.57897 4.58302 4.58302 4.58302 4.58302 4.58302 4.58302 4.28274 4.18904 4.18904 4.18904 4.18904 4.18904 4.18904 4.18904 4.18904 3.74994
2.23489 2.23489 2.23489 2.23489 3.36542 3.84327 3.83106 3.34886 3.00983 2.80633 2.65135 2.53235 2.57559 2.60560 2.60560 2.60560 2.60560 2.60560 2.60560 2.60560 2.60560 2.80278 3.13869 0.00000 5.59788 5.59788 5.59788 5.59788 5.59788 4.94234 4.87454 4.87454 4.87454 4.96238 5.45684 5.34139 5.22600 5.12577 4.92550 5.03852 5.17468 5.29267 5.00377 3.84889 3.84889 3.84889 3.84889 3.84889 3.98777 4.56382 4.57402 4.58302 4.58302 4.58302 4.58302 4.58302 4.58302 4.39683 4.18904 4.18282 4.15758 4.12980 4.10110 4.07129 4.03996 4.00759 3.71913
2.23489 2.23492 2.23583 2.23718 2.61344 2.83641 2.69230 2.59831 2.59301 2.60560 2.60560 2.60560 2.60560 2.60560 2.60560 2.60560 2.60560 2.60560 2.60560 2.60560 2.60560 2.71897 3.03976 0.00000 5.59788 5.59788 5.59788 5.59788 5.59788 5.01084 4.69902 4.58368 4.46828 4.38896 5.13893 5.32859 5.46481 5.59365 5.42059 5.30851 5.30851 5.30851 5.30750 4.02456 3.88730 3.90716 3.92776 3.94891 3.98431 4.43536 4.40979 4.35837 4.32986 4.29974 4.26846 4.23541 4.20050 4.06123 3.54743 3.50412 3.50144 3.50144 3.48903 3.34911 3.02216 2.61589 2.18992
2.23965 2.24097 2.37612 2.68382 2.75262 2.80884 2.80884 2.74476 2.60560 2.60560 2.60560 2.60560 2.60560 2.60560 2.60560 2.60560 2.59098 2.51231 2.42549 2.33852 2.25160 2.17480 2.31557 3.75572 5.59076 5.47421 5.32028 5.16629 5.01256 4.69172 4.55080 4.72970 4.91487 5.10560 5.78283 6.09460 6.15867 6.22500 6.15836 5.97022 6.03688 6.10665 6.16854 5.02872 4.23035 4.23035 4.23035 4.23035 4.23035 4.23035 4.21681 4.09242 4.09242 4.09242 4.09242 4.09242 4.09242 4.09095 3.49357 3.25949 2.94878 2.54259 2.14879 1.88242 1.80319 1.80319 1.80319
2.24140 2.24140 2.28857 2.74028 2.74617 2.80010 2.80884 2.79600 2.60818 2.60560 2.59046 2.51080 2.42372 2.33711 2.25061 2.16358 2.09122 2.08355 2.08355 2.08355 2.08355 2.08371 2.11570 3.33135 4.97585 4.93867 4.99189 5.16846 5.34994 5.53156 5.63061 5.63081 5.63081 5.63081 6.07929 6.59747 6.59747 6.59747 6.56793 6.18244 6.17651 6.17651 6.17651 5.63127 4.23035 4.23030 4.22495 4.21540 4.20522 4.19432 4.18236 4.09614 4.09242 4.08750 4.02501 3.94592 3.74062 3.42219 2.53486 1.89869 1.80319 1.80319 1.80319 1.80319 1.80319 1.80319 1.80319
2.24140 2.24140 2.24140 2.65411 2.73551 2.69431 2.63190 2.54299 2.29339 2.16186 2.09086 2.08355 2.08355 2.08355 2.08355 2.08355 2.08355 2.08355 2.08355 2.08355 2.08355 2.08355 2.09247 2.68853 5.31591 5.49744 5.62576 5.63081 5.63081 5.63081 5.63081 5.63081 5.63081 5.63081 5.85382 6.60509 6.66533 6.73927 6.81844 6.53613 6.49434 6.57324 6.65903 6.68548 4.26844 4.10036 4.09242 4.09242 4.09242 4.06901 3.99207 3.91311 3.72649 3.41323 3.15725 2.91797 2.80476 2.80476 2.49304 1.80319 1.80319 1.80319 1.80319 1.80319 1.80319 1.80319 1.80319
1.99882 1.86561 1.73232 1.99651 2.23979 2.24696 2.29101 2.29101 2.18337 2.08355 2.08355 2.08355 2.08355 2.08355 2.08355 2.08355 2.08355 2.08355 2.08355 2.08284 1.92018 1.60255 1.16546 0.695521 5.63081 5.63354 5.70052 5.79377 5.88710 5.98062 6.07414 6.16748 6.26081 6.35442 6.46908 7.57311 7.64310 7.64310 7.64310 7.34765 7.01166 7.01166 7.01166 7.01166 5.08098 4.03823 3.95927 3.88020 3.71099 3.41787 3.17631 2.93684 2.80504 2.80476 2.80476 2.80476 2.80476 2.80476 2.75778 1.83053 1.80319 1.80319 1.80319 1.80319 1.80319 1.80319 1.80319
1.46465 1.46465 1.46465 1.62885 2.22834 2.23106 2.28929 2.29101 2.23880 2.08355 2.08355 2.08355 2.08355 2.08355 2.08365 2.06655 1.82215 1.47026 1.05561 0.567435 0.359922 0.359922 0.359922 0.351485 6.42240 6.51302 6.53964 6.53964 6.53964 6.53964 6.53964 6.53964 6.53964 6.53964 6.53964 7.29331 7.64310 7.64310 7.64310 7.53335 6.99732 6.92456 6.84553 6.76657 5.60677 3.43483 3.19536 2.95599 2.80673 2.80476 2.80476 2.80476 2.80476 2.80476 2.80476 2.80476 2.80476 2.80476 2.80476 2.07552 1.80319 1.80319 1.80319 1.80319 1.80319 1.80319 1.80319
1.46465 1.46465 1.46465 1.46465 2.15184 2.22834 2.27439 2.29101 2.28547 2.09204 2.08531 2.02275 1.70774 1.31400 0.849007 0.442349 0.359922 0.359922 0.359922 0.359922 0.359922 0.359922 0.359922 0.359691 6.53964 6.53964 6.53964 6.53964 6.53964 6.53964 6.53964 6.53964 6.53964 6.53964 6.53964 7.01352 7.55762 7.34984 7.14090 6.93138 6.65528 6.51559 6.38052 6.24540 5.94059 2.87228 2.80476 2.80476 2.80476 2.80476 2.80476 2.80476 2.80476 2.80476 2.80476 2.80476 2.80476 2.80476 2.80476 2.36737 1.80319 1.80319 1.80319 1.80319 1.80319 1.80319 1.80319
1.46465 1.46465 1.46465 1.46465 1.96932 2.30486 2.37359 2.20032 1.85141 1.21735 0.704759 0.384789 0.359922 0.359922 0.359922 0.359922 0.359922 0.359922 0.359922 0.359922 0.359922 0.359922 0.359922 0.359922 6.53964 6.53964 6.53964 6.53964 6.53964 6.53964 6.53964 6.53702 6.44270 6.30359 6.16435 6.21107 6.73704 6.62499 6.48991 6.35484 6.19333 6.14738 6.14738 6.14738 6.14738 3.69367 2.80476 2.80476 2.80476 2.80476 2.80476 2.80476 2.80476 2.80476 2.80476 2.80476 2.80476 2.80476 2.80476 2.65953 1.80319 1.80319 1.80319 1.80319 1.80319 1.80922 1.83932
1.55675 1.70704 1.85747 2.00776 2.19902 1.97831 1.60893 0.671817 0.671121 0.529836 0.359922 0.359922 0.359922 0.359922 0.359922 0.359922 0.359922 0.359922 0.359922 0.361430 0.376246 0.394047 0.411999 0.429961 6.53964 6.53964 6.53964 6.52310 6.40220 6.26303 6.12385 5.98725 5.94016 5.87760 5.78755 5.72997 6.24990 6.23178 6.23178 6.23178 6.20650 6.14738 6.14738 6.14738 6.14738 4.72464 2.80476 2.80476 2.80476 2.80476 2.80476 2.80476 2.80476 2.80476 2.80476 2.80476 2.80476 2.80476 2.80476 2.80476 1.94974 1.82911 1.86720 1.82848 1.76775 1.70109 1.61016
2.19385 2.19385 2.19385 2.19385 2.17347 1.57990 1.55404 0.809026 0.671121 0.612717 0.359922 0.359922 0.359922 0.361452 0.376257 0.394230 0.412182 0.430133 0.448107 0.464550 0.467675 0.467675 0.467675 0.467675 6.36170 6.22247 6.08329 5.96061 5.94229 5.89423 5.80418 5.71413 5.62622 5.59877 5.59877 5.59877 6.08301 6.23178 6.23178 6.23178 6.22864 6.15012 6.14738 6.14738 6.14738 5.74910 2.81212 2.80476 2.80476 2.80476 2.80476 2.80476 2.80476 2.80476 2.80476 2.80476 2.78853 2.67840 2.54901 2.34521 1.94701 1.71357 1.61460 1.59277 1.59277 1.59277 1.59277
2.19385 2.19385 2.19385 2.19385 2.19385 1.71471 1.55516 1.10304 0.640306 0.594963 0.410497 0.430317 0.448279 0.464657 0.467675 0.467675 0.467675 0.467675 0.467675 0.467675 0.467675 0.467675 0.467675 0.467675 5.94233 5.90989 5.82088 5.73080 5.64078 5.59877 5.59877 5.59877 5.59877 5.59877 5.59877 5.59877 5.91310 6.23178 6.23178 6.23178 6.23178 6.17200 6.14738 6.14738 6.14738 6.14738 3.44525 2.80476 2.80476 2.80476 2.80476 2.80476 2.75138 2.62667 2.49904 2.30068 2.08644 1.96582 1.86456 1.83776 1.77101 1.59277 1.59277 1.59277 1.59277 1.59277 1.59277
2.19385 2.19521 2.26281 2.38284 2.52968 2.19612 1.73418 1.49004 0.277783 0.277783 0.428270 0.467675 0.467675 0.467675 0.467675 0.467675 0.467675 0.467675 0.467675 0.467675 0.467675 0.467675 0.470731 0.526200 5.65741 5.59980 5.59877 5.59877 5.59877 5.60012 5.63216 5.67924 5.72991 5.78455 5.84369 5.90779 6.07155 6.23178 6.23178 6.23178 6.23178 6.19656 6.14738 6.14738 6.14738 6.14738 4.47674 2.79758 2.69993 2.57484 2.44864 2.25630 2.07906 1.97312 1.87000 1.83776 1.83776 1.83776 1.83776 1.83776 1.83090 1.60396 1.59277 1.59277 1.59277 1.59277 1.59277
2.90341 3.19740 3.32324 3.32324 3.32324 3.09270 1.80809 1.75017 0.322494 0.277783 0.384616 0.467675 0.467675 0.467675 0.467675 0.467675 0.467675 0.467675 0.479552 0.546992 0.621406 0.695820 0.767146 0.786091 5.82993 5.89304 5.96142 6.03607 6.11789 6.20519 6.23178 6.23178 6.23178 6.23178 6.23178 6.23178 6.23178 6.23178 6.23178 6.23178 6.23178 6.22136 6.14746 6.11200 5.99072 5.86574 5.10106 2.21898 2.08603 1.98042 1.87598 1.83776 1.83776 1.83776 1.83776 1.83776 1.83776 1.83776 1.83776 1.83776 1.83776 1.66817 1.59277 1.59277 1.59277 1.59277 1.59277
3.32324 3.32324 3.32324 3.32324 3.32324 3.32324 1.99402 1.80051 0.851077 0.277783 0.320431 0.467675 0.467675 0.467675 0.494231 0.567785 0.642167 0.716613 0.779086 0.786091 0.786091 0.786091 0.786091 0.786091 6.23178 6.23178 6.23178 6.23178 6.23178 6.23178 6.23178 6.23178 6.23178 6.23178 6.23178 6.23178 6.23178 6.23178 6.23171 6.21689 6.19076 6.16466 5.77098 5.30525 4.56300 3.82002 3.07727 1.94832 1.83776 1.83776 1.83776 1.83776 1.83776 1.83776 1.83776 1.83776 1.83776 1.83776 1.83776 1.83776 1.83776 1.73922 1.59277 1.59277 1.59277 1.59277 1.59277
3.32324 3.32324 3.32324 3.32324 3.32324 3.32324 2.33984 1.79067 1.20967 0.278929 0.370697 0.583406 0.662960 0.737374 0.785200 0.786091 0.786091 0.786091 0.786091 0.786091 0.786091 0.786091 0.786091 0.786091 6.23178 6.23178 6.23178 6.23178 6.23178 6.23178 6.23178 6.23178 6.23178 6.23178 6.23015 6.20944 6.18334 6.15724 6.13119 5.93728 5.22714 4.48473 3.46020 2.76813 2.76388 2.76388 2.76388 2.23173 1.83776 1.83776 1.83776 1.83776 1.83776 1.83776 1.83776 1.83776 1.83776 1.83776 1.83776 1.83776 1.83776 1.80983 1.59324 1.59277 1.59277 1.59277 1.59277
3.32324 3.32324 3.31822 3.06856 2.68495 2.27124 1.51021 1.05766 1.04420 0.857684 0.914617 0.818555 0.786091 0.786091 0.786091 0.786091 0.786091 0.786091 0.786091 0.786091 0.786091 0.786091 0.786304 0.794056 6.23178 6.23178 6.23178 6.23178 6.23178 6.23178 6.22643 6.20202 6.17592 6.14981 6.12534 6.02222 5.36730 4.62432 3.88163 3.32156 3.28843 3.28843 3.16099 2.76388 2.76388 2.76388 2.76388 2.51699 1.83776 1.83776 1.83776 1.83776 1.83776 1.83776 1.83776 1.83776 1.83776 1.83776 1.83776 1.83776 1.83776 1.83776 1.63637 1.59174 1.56292 1.51594 1.43631
2.36135 1.92690 1.36410 1.12036 1.02191 0.951950 0.939458 1.16041 1.18904 0.956467 0.914617 0.850590 0.786091 0.786091 0.786091 0.786091 0.786375 0.794412 0.807607 0.823759 0.843700 0.869130 0.901911 0.914617 6.23178 6.23178 6.22064 6.19459 6.16850 6.14239 6.12161 6.08055 5.50718 4.76420 4.02150 3.37649 3.28843 3.28843 3.28843 3.28843 3.28843 3.28843 3.28016 2.79854 2.76388 2.76388 2.76388 2.74489 1.89518 1.83776 1.83776 1.83776 1.83776 1.83776 1.83776 1.83776 1.83776 1.83776 1.83776 1.82665 1.78141 1.73364 1.53689 1.30187 1.18955 1.07815 1.06644
1.00856 0.946128 0.939030 0.939030 0.939030 0.939030 0.939030 1.08655 1.19010 1.05909 0.914617 0.896705 0.808046 0.824168 0.844281 0.869899 0.902516 0.914617 0.914617 0.914617 0.914617 0.914617 0.914617 0.914617 6.16092 6.13496 6.11997 6.11311 5.64677 4.90407 4.16166 3.45776 3.28843 3.28843 3.28843 3.28843 3.28843 3.28843 3.28843 3.28843 3.28843 3.28843 3.28843 2.94411 2.76388 2.76388 2.76388 2.76388 2.16167 1.83776 1.83776 1.83776 1.83776 1.83776 1.83750 1.80903 1.76145 1.71341 1.65524 1.59146 1.55642 1.51700 1.40271 1.06644 1.06644 1.06644 1.06644
0.939030 0.939030 0.939030 0.939030 0.939030 0.939030 0.939030 1.01212 1.18329 1.08789 0.865635 0.850325 0.875683 0.914617 0.914617 0.914617 0.914617 0.914617 0.914617 0.914617 0.914617 0.914617 0.914617 0.914617 5.78636 5.04395 4.30125 3.56535 3.28843 3.28843 3.28843 3.28843 3.28843 3.28843 3.28843 3.28843 3.28843 3.28843 3.28843 3.28843 3.28843 3.28843 3.28843 3.09797 2.76388 2.76388 2.76388 2.76388 2.44687 1.83776 1.83124 1.78904 1.74145 1.69334 1.63389 1.59023 1.55922 1.51904 1.51127 1.51127 1.51127 1.51127 1.50353 1.09380 1.06644 1.06644 1.06644
0.939030 0.939030 0.937373 0.923503 0.909203 0.896875 0.886113 0.882755 1.03121 1.02333 0.823698 0.821772 0.842847 0.914617 0.914617 0.914617 0.914617 0.914617 0.914617 0.914617 0.914617 0.914617 0.914617 0.914617 3.28928 3.28843 3.28843 3.28843 3.28843 3.28843 3.28843 3.28843 3.28843 3.28843 3.28843 3.28843 3.28843 3.28843 3.28843 3.28843 3.28843 3.28843 3.28843 3.24652 2.76912 2.76388 2.74270 2.69518 2.59450 1.69521 1.61972 1.59212 1.56196 1.52134 1.51127 1.51127 1.51127 1.51127 1.51127 1.51127 1.51127 1.51127 1.51127 1.21432 1.06644 1.06644 1.06644
0.887747 0.878095 0.870297 0.868996 0.868996 0.868996 0.868996 0.868996 0.985982 1.03638 0.879902 0.821772 0.826989 0.914357 0.914617 0.914617 0.914617 0.914617 0.914617 0.914617 0.914617 0.914617 0.00000 0.00000 3.28989 3.28843 3.28843 3.28843 3.28843 3.28843 3.28843 3.28843 3.28843 3.28843 3.28843 3.28843 3.28843 3.28843 3.28843 3.28843 3.28843 3.28108 3.14648 2.96574 2.65431 2.57648 2.36794 2.08642 1.80497 1.53966 1.51127 1.51127 1.51127 1.51127 1.51127 1.51127 1.51127 1.51127 1.51127 1.51127 1.51127 1.51127 1.51127 1.34258 1.06644 1.06644 1.06644
0.868996 0.868996 0.868996 0.868996 0.868996 0.868996 0.868996 0.868996 0.936419 1.03638 0.946278 0.821772 0.821231 0.884010 0.914617 0.914617 0.914617 0.00000 0.00000 0.00000 0.00000 0.00000 0.00000 0.00000 3.29419 3.28843 3.28843 3.28843 3.28843 3.28843 3.28843 3.28843 3.28843 3.28843 3.28843 3.28843 3.28843 3.25908 3.09506 2.91439 2.73372 2.56025 2.38000 2.09844 1.83641 1.57892 1.47970 1.47970 1.47970 1.48807 1.51127 1.51127 1.51127 1.51127 1.51127 1.51127 1.51127 1.51127 1.51127 1.51127 1.51127 1.51127 1.51127 1.46874 1.06862 1.06644 1.06644
0.868996 0.868996 0.868996 0.868996 0.868996 0.870234 0.901886 0.946638 1.03554 1.23171 1.22407 0.769150 0.738542 0.728928 0.00000 0.00000 0.00000 0.00000 0.00000 0.00000 0.00000 0.00000 0.00000 0.00000 3.29244 3.28843 3.28843 3.28843 3.28843 3.28843 3.28843 3.28843 3.28843 3.22253 3.04372 2.86305 2.68230 2.53075 2.42564 2.15031 1.86896 1.58760 1.44017 1.44017 1.44783 1.47970 1.47970 1.47970 1.47970 1.48163 1.51110 1.51127 1.51127 1.51127 1.51127 1.51127 1.51127 1.51127 1.51127 1.51127 1.51127 1.51127 1.51127 1.51127 1.15430 1.06644 1.06473
