High_resolution/powerplant/Shangrao/OMI_NO2_200810.asc
ncols      200
nrows      200
xllcorner       115.451
yllcorner       27.0350
cellsize     0.0166667
NODATA_Value      -999.000
[rows 60 to 89 of 200, columns 66 to 131 of 200]
2.43165 2.43165 2.43165 2.41039 2.35776 2.36006 2.38019 2.39562 2.36784 2.37044 2.17911 1.88625 1.88625 1.88625 1.88625 1.88625 1.87001 1.95834 2.00205 1.99985 1.99901 2.18803 2.25932 2.31313 2.34644 2.45109 2.45593 2.69233 3.12557 3.12557 3.12557 3.12557 3.12557 3.12557 3.12557 3.12557 3.15584 3.21620 3.01421 2.91950 2.80432 2.75552 2.72046 2.68539 2.65031 2.61801 2.67729 2.67722 2.67722 2.67722 2.67722 2.67722 2.08857 1.99884 2.02059 2.09753 2.08897 2.08897 2.08562 2.06332 2.03603 2.00843 1.98083 1.95201 1.91664 1.89949
2.63157 2.68971 2.74530 2.75577 2.64219 2.55885 2.53953 2.51612 2.38424 2.37830 2.29762 1.88623 1.88501 1.88318 1.88134 1.87919 1.86249 1.92343 2.03319 2.04852 2.06267 2.21342 2.32505 2.36741 2.36741 2.43868 2.45593 2.55380 3.12557 3.12557 3.12557 3.11747 3.08323 3.04697 3.01076 2.97458 2.95934 2.96386 2.85475 2.68724 2.63692 2.60226 2.60765 2.61328 2.61900 2.62487 2.66924 2.67722 2.67722 2.67722 2.67722 2.67722 2.23575 1.99746 1.99397 2.04033 1.99155 1.94815 1.89262 1.88938 1.87916 1.86489 1.85061 1.83754 1.83375 1.80414
2.77503 2.77544 2.77585 2.77605 2.66933 2.53542 2.52335 2.50059 2.35280 2.30740 2.34128 1.95394 1.88178 1.85961 1.83726 1.81523 1.80761 1.89606 2.06543 2.06543 2.06543 2.14138 2.31671 2.36281 2.34508 2.34989 2.34846 2.30889 2.88943 2.89040 2.84788 2.81335 2.80506 2.79871 2.79236 2.78601 2.84438 3.06078 3.10626 2.79451 2.75682 2.67722 2.67722 2.67722 2.67722 2.67722 2.67722 2.67722 2.67701 2.67247 2.66616 2.65509 2.35711 1.89015 1.91549 1.87141 1.78422 1.77179 1.77152 1.81246 1.82194 1.78170 1.74067 1.69963 1.65986 1.64842
2.77450 2.75439 2.73175 2.70911 2.61752 2.43746 2.40867 2.41942 2.33807 2.26088 2.30154 2.04492 1.81955 1.82501 1.83069 1.83635 1.84182 1.86154 1.97589 1.94887 1.92182 1.90582 2.11169 2.05128 2.01075 2.03412 2.09927 2.09927 2.58965 2.76892 2.76892 2.76892 2.76892 2.76892 2.76892 2.76892 2.78550 3.06897 3.16124 2.82391 2.78402 2.65449 2.62822 2.60274 2.57097 2.53217 2.48952 2.44665 2.40274 2.36268 2.32411 2.28937 2.15279 1.87166 1.95801 1.95453 1.91647 1.97198 2.02382 1.98263 1.75595 1.75924 1.76319 1.76708 1.77097 1.77478
2.66744 2.66466 2.64704 2.62801 2.60546 2.51366 2.44751 2.42227 2.35315 2.25637 2.28439 2.18699 1.83420 1.81696 1.79972 1.78156 1.76271 1.75485 1.81253 1.81857 1.81641 1.81423 1.99503 2.03310 1.99017 1.99071 2.07105 2.07218 2.26209 2.40814 2.38330 2.35888 2.33350 2.30797 2.28208 2.25561 2.22898 2.36609 2.45644 2.14302 1.84592 1.72994 1.69779 1.67882 1.66641 1.66322 1.66322 1.66322 1.66322 1.66322 1.66322 1.68102 1.76124 2.00287 2.14501 2.17710 2.13482 2.11895 2.11895 2.10942 1.81304 1.79866 1.79866 1.79866 1.79866 1.79858
2.58728 2.54812 2.51132 2.44450 2.36093 2.30170 2.19697 2.14330 2.09231 2.13192 2.13693 2.18712 1.72826 1.71921 1.71741 1.71652 1.71652 1.71652 1.75224 1.77714 1.77714 1.77714 1.88802 2.01784 1.95957 1.95957 2.02357 2.04809 2.06657 2.11591 2.11591 2.11591 2.11384 2.09535 2.10679 2.12352 2.14036 2.26695 2.40467 2.21812 1.64703 1.65547 1.66322 1.66322 1.66322 1.66322 1.66326 1.71019 1.78960 1.85888 1.91989 1.96394 1.96757 2.04817 2.18703 2.18770 2.15230 2.11888 2.11777 2.11634 1.89419 1.79320 1.79178 1.79035 1.78893 1.78757
2.18075 2.10563 2.05383 2.03340 2.03340 2.05580 2.01592 2.01592 2.01592 2.10078 2.11984 2.19423 1.82657 1.71652 1.71652 1.71652 1.71652 1.71652 1.73640 1.77714 1.77714 1.77714 1.81600 2.02818 1.96663 1.95957 1.99789 2.02678 2.01219 2.07528 2.09202 2.10904 2.12796 2.16319 2.16918 2.16918 2.16918 2.23667 2.37258 2.45611 1.65078 1.65114 1.67184 1.74364 1.81869 1.88449 1.94252 1.96757 1.96757 1.96740 1.95435 1.93314 1.91194 1.95353 2.14239 2.17941 2.16101 2.10788 2.10755 2.10755 1.98150 1.78726 1.78726 1.78726 1.78726 1.78726
2.04750 2.03340 2.03340 2.03340 2.03340 2.05402 1.98934 1.90582 1.81801 1.78921 1.74472 1.70540 1.71652 1.71652 1.71652 1.71652 1.71652 1.71652 1.72369 1.77472 1.77669 1.76245 1.74185 1.94307 1.94357 1.93613 1.96654 2.05219 2.08555 2.16000 2.16918 2.16918 2.16918 2.16918 2.16918 2.16918 2.16918 2.19762 2.37190 2.49774 1.82029 1.83957 1.95230 1.94060 1.91937 1.89819 1.87699 1.85578 1.83457 1.81353 1.80539 1.80539 1.80539 1.85446 2.06962 2.17630 2.17301 2.11231 2.10755 2.10755 2.07487 1.78861 1.80775 1.86976 1.93297 1.99618
2.04479 1.95264 1.86697 1.77688 1.68151 1.58995 1.50788 1.49024 1.49024 1.52682 1.61148 1.64246 1.71652 1.71652 1.71650 1.70714 1.68993 1.67272 1.65991 1.66392 1.58952 1.54231 1.50158 1.83271 2.06883 2.02702 2.02729 2.08490 2.09071 2.14156 2.16918 2.16918 2.16918 2.16918 2.17129 2.22895 2.31106 2.39544 2.75903 2.70911 1.91092 1.63575 1.80252 1.81050 1.84118 1.87449 1.90660 1.91301 1.80539 1.80539 1.80539 1.80539 1.80539 1.82783 2.00679 2.17630 2.17617 2.16354 2.20986 2.27308 2.33556 2.13713 2.11120 2.10710 2.10180 2.09650
1.55675 1.51072 1.51063 1.51063 1.51063 1.51065 1.51562 1.49024 1.49024 1.50680 1.64957 1.68689 1.66239 1.64083 1.60287 1.59127 1.60323 1.61522 1.62357 1.59234 1.45947 1.45947 1.45947 1.64761 2.08621 2.02702 2.02702 2.07902 2.16152 2.28153 2.43992 2.53414 2.62823 2.72220 2.81438 2.85079 2.86279 2.87477 3.18952 3.21117 2.49454 2.01679 2.19611 2.22099 2.22330 2.22330 2.22330 2.20675 1.81164 1.80539 1.80539 1.80522 1.80143 1.79731 1.94221 2.21462 2.25353 2.43677 2.42005 2.41477 2.41017 2.24735 2.08929 2.08040 2.05888 2.03727
1.54616 1.51585 1.51063 1.51341 1.53927 1.57028 1.60604 1.61186 1.64287 1.64805 1.71016 1.71948 1.60326 1.57323 1.60597 1.62726 1.64366 1.66046 1.67733 1.68786 1.53586 1.57862 1.63226 1.71194 2.35613 2.47610 2.56160 2.64976 2.70502 2.76571 2.94309 2.94309 2.94309 2.94309 2.94309 2.94309 2.94309 2.94309 3.15625 3.35490 2.77771 2.08517 2.19430 2.22330 2.22330 2.22330 2.22297 2.21953 1.91246 1.86944 1.91681 1.96438 2.01553 2.06826 2.13061 2.34147 2.38043 2.45826 2.36413 2.32978 2.28752 2.18652 1.94536 1.92874 1.92477 1.92087
1.62563 1.63441 1.65806 1.70295 1.71380 1.69070 1.67460 1.64955 1.67401 1.71900 1.84587 1.94835 1.88397 1.82474 1.87774 1.92573 1.96271 1.99944 2.03613 2.04885 1.94991 1.91104 1.91105 1.91942 2.38950 2.63762 2.68427 2.70003 2.76557 2.78932 2.94303 2.94309 2.94309 2.94309 2.94309 2.94309 2.94309 2.94309 3.06493 3.35640 2.94629 2.26586 2.19688 2.29302 2.32439 2.36228 2.40051 2.44184 2.26799 2.10460 2.10460 2.10460 2.10460 2.10460 2.04727 2.12759 2.19512 2.18778 2.16156 2.10680 2.10680 2.10508 1.88018 1.85760 1.85760 1.85760
1.71189 1.72519 1.77291 1.72949 1.72891 1.76939 1.82078 1.97138 2.01628 2.04764 2.12669 2.30434 2.31317 2.20967 2.21752 2.22491 2.23225 2.23689 2.23871 2.23382 2.15270 2.10863 2.11515 2.11588 2.39582 2.79048 2.85433 2.85433 2.90765 2.91801 2.93910 2.94309 2.94309 2.94309 2.94309 2.94444 3.00060 3.06177 3.15060 3.58763 3.39291 2.87149 2.59947 2.52551 2.46267 2.46267 2.46267 2.46267 2.34523 2.10384 2.07214 2.02417 1.97623 1.92826 1.88149 1.94438 2.11289 2.11289 2.18074 2.10680 2.10680 2.10690 1.95238 1.85853 1.85895 1.85937
1.50861 1.59343 1.76436 1.82206 1.85045 1.86749 1.87836 2.05148 2.22690 2.22693 2.23564 2.43875 2.44242 2.28192 2.26334 2.25749 2.25205 2.24945 2.24945 2.24945 2.19015 2.11562 2.11456 2.11588 2.21405 2.76447 2.85432 2.85433 2.89053 2.91923 2.99202 3.09548 3.15606 3.21291 3.27013 3.32589 3.32651 3.32253 3.32253 3.67497 3.64008 3.04967 2.58374 2.56910 2.46267 2.45605 2.42094 2.38259 2.29305 1.90935 1.89311 1.89311 1.89311 1.90396 1.95858 1.99538 2.11484 2.11465 2.17911 2.10941 2.10983 2.11015 2.02871 1.86097 1.86097 1.86097
1.73878 1.73975 1.85683 1.86469 1.86469 1.86469 1.86469 1.97653 2.20875 2.22309 2.21856 2.36261 2.39904 2.29853 2.24945 2.24945 2.24945 2.24945 2.24945 2.24945 2.20815 2.13635 2.11393 2.11589 2.12901 2.70543 2.89786 2.90978 2.99480 3.25442 3.29350 3.32664 3.32253 3.32253 3.32253 3.32253 3.32253 3.32253 3.32253 3.58362 3.73490 3.16617 2.68428 2.55005 2.32860 2.29780 2.33226 2.38768 2.44152 2.17751 2.21872 2.28805 2.35728 2.41571 2.42169 2.29155 2.14420 2.11626 2.17399 2.11259 2.11017 2.11017 2.09651 1.86655 1.86097 1.85289
1.73880 1.73880 1.82926 1.86469 1.86547 1.87213 1.87956 1.93965 2.16788 2.20912 2.20912 2.30273 2.39530 2.33817 2.24945 2.24945 2.24945 2.24945 2.25590 2.27292 2.26315 2.22201 2.23640 2.32923 2.39489 2.63636 2.81196 2.84821 2.86701 3.21401 3.24253 3.32253 3.32253 3.32253 3.32253 3.32253 3.32197 3.30412 3.25710 3.30040 3.39672 3.25026 3.06750 2.87469 2.67172 2.69919 2.71689 2.71689 2.71606 2.51143 2.42238 2.42238 2.42238 2.42238 2.42238 2.31506 2.18597 2.11626 2.12342 2.15918 2.09387 2.06403 2.03418 1.82097 1.73579 1.72804
1.73903 1.74055 1.82065 1.88751 1.89339 1.89439 1.89439 1.90902 2.13151 2.20912 2.20912 2.25505 2.39333 2.36800 2.28708 2.30425 2.32215 2.36178 2.39736 2.42072 2.43135 2.40517 2.42443 2.45774 2.48906 2.56566 2.78251 2.84821 2.84821 3.13235 3.22548 3.26581 3.16440 3.05477 2.95655 2.87051 2.79281 2.71748 2.66179 2.69384 2.72075 2.89019 3.04822 2.69087 2.39947 2.28643 2.25019 2.21396 2.17865 2.28129 2.42238 2.42238 2.42238 2.42238 2.42238 2.34146 2.22846 2.11228 2.08437 2.05792 2.02472 2.05171 2.08070 1.97476 1.80948 1.80939
1.74414 1.74427 1.80488 1.89439 1.89439 1.89439 1.89402 1.88777 2.05955 2.18258 2.17309 2.16869 2.35374 2.39440 2.42831 2.45266 2.47517 2.47595 2.47431 2.47431 2.46874 2.41667 2.42988 2.45193 2.49438 2.49126 2.71858 2.56823 2.49658 2.61363 2.72671 2.68528 2.69222 2.69752 2.69973 2.69973 2.69973 2.69973 2.69973 2.69572 2.43362 2.49769 2.92296 2.52915 2.32980 2.16784 2.16784 2.16784 2.16784 2.22869 2.42269 2.41155 2.37376 2.33493 2.29609 2.21701 2.10544 1.92722 1.92563 1.99977 2.12951 2.13286 2.14085 2.08861 1.70997 1.67469
1.74427 1.74052 1.75703 1.87269 1.86574 1.85743 1.84947 1.85002 1.97914 2.21443 2.23797 2.25309 2.38653 2.41668 2.40906 2.40419 2.39495 2.37605 2.35481 2.33354 2.31685 2.36790 2.37984 2.37106 2.42571 2.44851 2.63272 2.44122 2.40775 2.47756 2.71875 2.72244 2.73808 2.74874 2.75896 2.76925 2.77928 2.78912 2.79899 2.80849 2.62552 2.57229 3.00308 2.78873 2.60696 2.37717 2.35936 2.34407 2.32867 2.32735 2.53778 2.52880 2.54085 2.55329 2.56572 2.52436 2.15920 2.01955 1.98960 2.01334 2.24856 2.26405 2.26589 2.26589 1.78574 1.72408
1.70463 1.70056 1.71063 1.79392 1.81230 1.82541 1.83713 1.83928 1.89596 2.15286 2.18811 2.20583 2.27134 2.30386 2.29274 2.28464 2.27214 2.26936 2.26887 2.26853 2.27410 2.32767 2.37804 2.39565 2.45358 2.48119 2.57543 2.51658 2.39560 2.39965 2.68735 2.81176 2.95814 2.95814 2.95814 2.95814 2.95814 2.95814 2.95814 2.93054 2.73416 2.54803 2.74913 2.72219 2.51106 2.35749 2.35375 2.35375 2.35375 2.35375 2.55044 2.59456 2.59612 2.61701 2.64590 2.67701 2.22797 2.06843 1.98204 1.98204 2.20609 2.26589 2.26589 2.26589 1.92515 1.73236
1.77968 1.80450 1.82702 1.88134 1.90287 1.91413 1.92707 1.94764 2.00220 2.22805 2.28731 2.28731 2.28026 2.25575 2.25619 2.26398 2.27119 2.28031 2.28943 2.29841 2.30148 2.32725 2.38722 2.39517 2.42630 2.47901 2.51267 2.59113 2.39511 2.39511 2.60820 2.75992 2.95814 2.93460 2.88162 2.80818 2.73176 2.65509 2.57868 2.52988 2.45572 2.29479 2.46515 2.69309 2.50798 2.38044 2.35375 2.35375 2.35722 2.36965 2.54150 2.69164 2.72624 2.73454 2.73454 2.73454 2.34347 2.11525 2.00446 2.01915 2.17982 2.35427 2.37384 2.39329 2.22447 1.84060
1.95270 1.95971 1.96666 1.99961 2.02780 2.02780 2.02780 2.02780 2.03621 2.20774 2.28731 2.28837 2.29569 2.27537 2.28294 2.29761 2.30148 2.30148 2.30148 2.30148 2.30148 2.30830 2.38699 2.39179 2.40302 2.47773 2.47908 2.64018 2.40211 2.40213 2.43839 2.43853 2.60106 2.55366 2.53000 2.52705 2.52705 2.52705 2.52705 2.52705 2.50668 2.29509 2.35700 2.72313 2.51459 2.41077 2.38945 2.40504 2.41705 2.41422 2.51365 2.71681 2.70772 2.69795 2.68745 2.67606 2.29690 1.95375 2.09830 2.09856 2.17115 2.42126 2.42126 2.42126 2.40313 1.86386
1.96947 1.96911 1.96911 1.98274 2.02780 2.02780 2.02780 2.02962 2.03813 2.17106 2.31573 2.32395 2.32517 2.30263 2.29361 2.29752 2.30148 2.30148 2.30148 2.30148 2.30148 2.30241 2.37920 2.39738 2.41169 2.47717 2.50133 2.58318 2.36042 2.28767 2.28308 2.27514 2.47721 2.52705 2.52705 2.52705 2.52705 2.52705 2.52705 2.52400 2.49225 2.25434 2.22103 2.52605 2.39763 2.30610 2.33900 2.31875 2.29816 2.28146 2.33479 2.65722 2.65722 2.65722 2.65722 2.65722 2.42969 1.93384 2.07848 2.09856 2.10749 2.40497 2.42126 2.44977 2.51059 2.11632
1.97781 1.96911 1.96911 1.96153 2.03003 2.04862 2.05775 2.06504 2.06566 2.14702 2.30278 2.32517 2.32517 2.31066 2.29361 2.29618 2.30539 2.30923 2.31308 2.31691 2.32821 2.35972 2.44367 2.50526 2.43784 2.45792 2.50264 2.52676 2.40912 2.28446 2.28446 2.27626 2.42544 2.52705 2.53630 2.57256 2.58448 2.59442 2.60433 2.61658 2.65621 2.54255 2.45925 2.44079 2.34828 2.15821 2.19632 2.18193 2.17029 2.15867 2.15050 2.62276 2.65722 2.65722 2.65722 2.65722 2.57645 1.93378 2.04082 2.09348 2.08969 2.45121 2.71140 2.74372 2.74375 2.44449
1.95123 1.90116 1.87151 1.85023 1.99062 2.06566 2.06566 2.06566 2.06566 2.12051 2.26956 2.33761 2.34514 2.34619 2.32865 2.33477 2.32659 2.35066 2.38048 2.41031 2.43268 2.43389 2.46865 2.51963 2.47079 2.43201 2.49912 2.50437 2.50472 2.39370 2.44025 2.46321 2.56604 2.72718 2.72572 2.69718 2.69302 2.69084 2.68867 2.68729 2.68726 2.55286 2.37036 2.35843 2.32564 2.08558 2.10117 2.10685 2.10685 2.10685 2.10685 2.48563 2.65701 2.65389 2.64727 2.62803 2.60697 1.92934 1.92251 2.01898 2.00708 2.28207 2.74375 2.74375 2.74375 2.66695
1.88134 1.84937 1.84937 1.84937 1.92840 2.07544 2.08296 2.09050 2.09804 2.13363 2.27965 2.36671 2.36091 2.37173 2.36515 2.38606 2.39799 2.39193 2.38470 2.37748 2.37415 2.37532 2.40169 2.52467 2.51273 2.44351 2.52158 2.51206 2.53091 2.50453 2.46564 2.44149 2.48214 2.68726 2.68726 2.68726 2.68726 2.68496 2.67395 2.66235 2.65043 2.57442 2.31020 2.29240 2.23615 2.03307 1.95253 1.92835 1.90421 1.87144 1.83815 2.01001 2.21047 2.16901 2.13127 2.10637 2.08253 1.83006 1.75474 1.98568 1.98500 2.10919 3.01637 3.02936 3.04276 3.05659
1.86039 1.87992 1.89787 1.91103 1.92473 2.06140 2.09073 2.11909 2.14748 2.19054 2.35323 2.34602 2.37247 2.38368 2.36690 2.36558 2.36543 2.36316 2.36806 2.37299 2.37406 2.37060 2.36896 2.51066 2.51723 2.42958 2.36734 2.31669 2.34838 2.38038 2.37452 2.36970 2.36003 2.40782 2.39697 2.38511 2.37352 2.36402 2.36328 2.36328 2.36328 2.35710 2.05152 2.02291 1.91354 1.74825 1.54715 1.52736 1.52705 1.52668 1.52668 1.61665 1.88366 1.88366 1.88366 1.88366 1.88366 1.79875 1.67235 1.94764 1.97914 1.98044 2.91290 3.07559 3.07559 3.07559
1.80307 1.90200 1.96487 1.99462 2.02014 2.05888 2.13220 2.15846 2.18476 2.20046 2.32390 2.32950 2.31644 2.31507 2.32164 2.33005 2.32829 2.31777 2.31813 2.32026 2.32263 2.32501 2.32719 2.43992 2.48060 2.42345 2.35169 2.27939 2.29228 2.35364 2.34937 2.34937 2.34182 2.35801 2.36328 2.36328 2.35561 2.33274 2.31557 2.29926 2.28284 2.26662 2.01588 1.94064 1.86880 1.76730 1.49988 1.50630 1.52668 1.52668 1.52668 1.55201 1.88333 1.88366 1.88366 1.88366 1.88366 1.83681 1.67235 1.88637 1.98040 1.99235 2.58881 3.13868 3.16023 3.18197
1.88865 1.94981 2.03709 2.06921 2.10135 2.10321 2.18851 2.18853 2.18853 2.18853 2.28448 2.33690 2.31503 2.31503 2.31837 2.33289 2.33526 2.32693 2.32737 2.32762 2.32762 2.32762 2.32762 2.40570 2.48060 2.45586 2.37400 2.28606 2.27944 2.34623 2.35151 2.35927 2.32522 2.28082 2.27468 2.25846 2.24987 2.25656 2.25754 2.25754 2.25754 2.25754 2.08636 1.94064 1.89871 1.82048 1.53674 1.49495 1.52668 1.52668 1.52668 1.52668 1.82603 1.89597 1.91454 1.93166 1.94751 1.95272 1.85494 1.95159 2.09148 2.09397 2.39575 3.24784 3.24784 3.24784
1.97576 2.03079 2.13341 2.13341 2.13341 2.07950 2.18843 2.18853 2.18853 2.18853 2.25105 2.35037 2.32005 2.30973 2.32485 2.33873 2.33990 2.33251 2.32762 2.32762 2.32762 2.32762 2.32762 2.37147 2.48170 2.48639 2.40051 2.33796 2.30910 2.37356 2.42132 2.42986 2.38118 2.24263 2.25754 2.25754 2.25754 2.25754 2.25754 2.25754 2.25754 2.25754 2.15825 1.94416 1.93204 1.81931 1.60469 1.48896 1.60657 1.62796 1.64813 1.66721 1.87279 2.00107 2.00107 2.00107 2.00107 2.00107 1.91321 1.92081 2.09392 2.09397 2.15549 3.23574 3.24784 3.24784
