High_resolution/powerplant/Shangrao/OMI_NO2_200508.asc
ncols      200
nrows      200
xllcorner       115.451
yllcorner       27.0350
cellsize     0.0166667
NODATA_Value      -999.000
[rows 116 to 144 of 175, columns 0 to 65 of 200]
1.10141 1.08783 1.07491 1.06260 1.05101 1.00968 0.970799 0.965149 0.959693 0.954383 0.949179 0.946528 1.00538 1.07499 1.10895 1.36959 1.36959 1.36959 1.36953 1.34894 1.31182 1.27470 1.23760 1.21101 2.27655 2.28349 2.30520 2.01956 2.01956 1.92519 1.88295 1.91397 1.97413 1.97413 1.97413 1.97413 1.98206 2.01743 2.01743 2.01659 1.98699 1.94332 1.96512 2.06241 2.05415 2.15712 1.97651 1.78365 1.73035 1.67913 1.63210 1.58518 1.53823 1.50138 1.28323 1.19136 1.19261 1.19350 1.19084 1.19553 1.21823 1.17031 1.10835 1.10217 1.09601 1.01023
0.987260 0.987260 0.987260 0.987260 0.987260 0.978819 0.946528 0.946528 0.946528 0.946528 0.946528 0.946528 0.967518 1.07499 1.07258 1.30605 1.30053 1.26343 1.22543 1.20463 1.20007 1.19551 1.19097 1.18640 2.27655 2.27655 2.38281 2.01956 2.01956 1.97763 1.87545 1.89213 1.97295 1.97413 1.97413 1.96870 1.93106 1.88935 1.76947 1.64869 1.55656 1.47516 1.39547 1.48770 1.48364 1.50935 1.45886 1.43548 1.42384 1.41234 1.39981 1.38216 1.36360 1.34474 1.17983 1.02905 1.04882 1.09796 1.09446 1.10544 1.14491 1.14197 1.08265 1.09514 1.10700 1.10910
0.987260 0.987260 0.987260 0.987260 0.994504 1.01566 0.943911 0.930578 0.926023 0.921467 0.920475 0.935143 0.951723 0.926342 0.875031 1.05436 1.15294 1.14839 1.14480 1.14453 1.14453 1.14453 1.14453 1.14453 2.27655 2.27655 2.40925 2.05664 2.01464 2.00486 1.86194 1.81276 1.74673 1.62253 1.48651 1.35113 1.24660 1.16876 1.13726 1.11449 1.09147 1.07190 1.06036 1.15697 1.16838 1.10136 1.08013 1.09739 1.08695 1.07597 1.06640 1.06548 1.06548 1.06548 1.03174 0.968436 0.983179 1.06394 1.06394 1.09692 1.17189 1.17786 1.10731 1.10007 1.09270 1.02141
1.14618 1.15844 1.17001 1.18100 1.18821 1.18841 0.977300 0.907593 0.928678 0.949762 0.967285 0.956699 0.932225 0.855208 0.831960 0.968378 1.14453 1.14453 1.14453 1.14453 1.14238 1.12546 1.10349 1.07865 2.18616 2.10882 1.95602 1.80365 1.51744 1.35094 1.22683 1.16194 1.11616 1.07431 1.06740 1.07313 1.08548 1.06314 1.04384 1.05631 1.06926 1.08271 1.09627 1.11482 1.11409 1.05818 1.03271 1.05877 1.06548 1.06548 1.06548 1.06548 1.06548 1.06548 1.05393 0.968436 0.968910 1.05763 1.06394 1.07294 1.13743 1.06306 0.926285 0.813122 0.734580 0.719905
1.18841 1.18841 1.19743 1.21846 1.23954 1.26061 1.12642 0.962704 0.938517 0.916711 0.897949 0.888691 0.888673 0.863710 0.814758 0.893384 1.10203 1.07755 1.04909 1.01623 0.982655 0.977066 0.977066 0.977066 1.20990 1.13793 1.17017 1.25629 1.24290 1.26993 1.28443 1.23223 1.22794 1.18268 1.19833 1.20122 1.19747 1.16825 1.10579 1.09862 1.09100 1.08287 1.07479 1.07296 1.07296 1.06795 1.03271 1.04928 1.06548 1.06548 1.06548 1.06548 1.06548 1.06548 1.06548 0.973605 0.902971 0.886151 0.826606 0.740613 0.806275 0.797933 0.767315 0.719905 0.769294 0.904216
1.24316 1.26425 1.27632 1.27182 1.22931 1.18484 1.08202 0.889527 0.888661 0.888503 0.888314 0.888139 0.887976 0.885632 0.821487 0.862692 0.968809 0.977066 0.977066 0.977066 0.977066 0.977066 0.977066 0.977066 1.23781 1.23781 1.23781 1.32052 1.39279 1.40024 1.40094 1.29671 1.27783 1.18127 1.17222 1.16807 1.16786 1.15901 1.07302 1.07296 1.07296 1.07296 1.07296 1.07296 1.07296 1.07296 1.03818 1.03983 1.06543 1.06548 1.06548 1.04035 0.938129 0.830732 0.723288 0.613732 0.588271 0.636863 0.686450 0.712423 0.833373 0.890024 0.915510 0.938231 1.08889 1.32431
1.24275 1.19627 1.15631 1.11787 1.10331 1.09489 1.07629 0.889714 0.887712 0.887682 0.887682 0.887682 0.887682 0.887682 0.838342 0.845586 0.941705 0.977066 0.977066 0.977066 0.977066 0.977066 0.977066 0.977066 1.29304 1.30544 1.31693 1.35028 1.43433 1.43433 1.43301 1.32303 1.27522 1.19688 1.16786 1.16786 1.16786 1.16786 1.08486 1.07296 1.07296 1.07296 1.07296 1.07296 1.07296 1.07296 1.04855 1.00508 0.900880 0.785255 0.677763 0.595600 0.598321 0.634956 0.674101 0.698620 0.715747 0.754014 0.824684 0.804640 0.832664 0.963405 0.992927 0.997170 1.01403 1.31687
1.15265 1.13509 1.10798 1.10992 1.11466 1.11950 1.12448 0.959320 0.926060 0.929246 0.932547 0.935884 0.939262 0.942725 0.912341 0.888398 0.949510 0.977066 0.977066 0.977066 0.977066 0.975813 0.946992 0.897515 1.33251 1.33251 1.33251 1.33275 1.42472 1.43433 1.43433 1.36591 1.27522 1.22517 1.16786 1.16786 1.16786 1.16786 1.10551 1.07296 1.07296 1.07296 1.06966 1.03144 0.978668 0.918509 0.829270 0.752878 0.677245 0.722118 0.754678 0.764066 0.763380 0.734156 0.702358 0.664483 0.629352 0.632747 0.720381 0.720572 0.738341 0.923088 0.992927 0.995901 0.999939 1.25595
1.29357 1.26893 1.19110 1.19110 1.19110 1.19110 1.19110 1.05216 0.960685 0.960685 0.960685 0.960685 0.960685 0.960685 0.951377 0.878763 0.946709 0.970250 0.933564 0.879714 0.806492 0.705440 0.669038 0.673837 1.33251 1.33251 1.33251 1.33251 1.39816 1.43433 1.43433 1.40565 1.27605 1.25346 1.16786 1.16786 1.16786 1.16786 1.11621 1.01595 0.958701 0.888658 0.813545 0.790515 0.780457 0.765665 0.746401 0.575648 0.563589 0.683688 0.668554 0.676652 0.686775 0.696851 0.706910 0.714000 0.697753 0.705796 0.760672 0.770954 0.777376 0.928553 1.04827 1.04258 1.03565 1.20543
1.29357 1.29269 1.19747 1.19110 1.19110 1.19110 1.19110 1.10297 0.960685 0.962989 0.969631 0.976380 0.983128 0.964137 0.892088 0.842374 0.894459 0.898659 0.920684 0.947676 0.974669 1.00162 1.02861 1.05081 1.33251 1.33251 1.33251 1.33251 1.36773 1.43433 1.43433 1.42405 1.29897 1.28388 1.17196 1.12383 1.07799 1.02545 0.954432 0.870486 0.871770 0.878026 0.884451 0.890876 0.899407 0.912687 0.926206 0.711950 0.654699 0.780625 0.795945 0.795945 0.795945 0.797031 0.821725 0.854448 0.908727 0.937631 0.981924 1.01497 1.03443 0.957930 1.03663 1.04693 1.05225 1.14038
1.27937 1.27620 1.20291 1.17336 1.17100 1.16864 1.16628 1.14417 1.05212 1.01889 0.938614 0.858209 0.777871 0.725116 0.764331 0.896617 1.02734 0.996180 1.05300 1.05300 1.05300 1.05300 1.05300 1.05300 1.38675 1.39512 1.40350 1.41188 1.42735 1.52032 1.52827 1.52978 1.42783 1.34280 1.13214 1.03195 1.02489 1.01786 1.01105 0.941450 0.939555 0.939555 0.939555 0.939555 0.939555 0.939555 0.944309 0.848863 0.780476 0.867725 0.932709 0.959029 0.983930 1.00684 1.01328 1.01328 1.02019 1.02281 1.03519 1.05143 1.05143 0.996816 0.992167 1.07372 1.14126 1.21585
1.25241 1.25241 1.20972 1.16024 1.15950 1.10904 1.02864 0.947674 0.771201 0.721689 0.749088 0.805553 0.861977 0.916548 0.932190 0.968248 1.11822 0.978883 1.05300 1.05300 1.05300 1.05300 1.05300 1.05300 1.47802 1.49048 1.49373 1.46864 1.43835 1.40289 1.35968 1.32010 1.24720 1.30086 1.18210 1.01305 1.01305 1.01305 1.01305 0.955384 0.939555 0.939555 0.939555 0.939555 0.939555 0.939555 0.949478 1.10757 0.969219 0.980203 1.01328 1.01328 1.01328 1.01328 1.01328 1.01328 1.01835 1.02281 1.03212 1.08651 1.12783 1.15542 1.16225 1.37300 1.37769 1.38097
1.24745 1.16611 1.05184 0.934835 0.855166 0.825215 0.839700 0.893871 0.875802 0.903179 0.932190 0.932044 0.926402 0.918028 0.909659 0.902520 1.06752 0.910785 1.03538 1.05300 1.05300 1.05300 1.05300 1.05300 1.36593 1.32630 1.29591 1.29392 1.29392 1.29392 1.29392 1.29631 1.25761 1.29799 1.25786 1.01305 1.01305 1.01305 1.01305 0.971428 0.939555 0.939555 0.939555 0.939555 0.939555 0.939555 0.939555 1.11719 0.972455 0.974119 1.01328 1.01328 1.01328 1.01328 1.02880 1.07453 1.12213 1.16052 1.20628 1.24760 1.24849 1.24769 1.11427 1.24030 1.17017 1.11999
0.831578 0.805714 0.813209 0.878466 0.935073 0.991512 1.02900 1.02287 0.962880 0.902563 0.894184 0.885962 0.883220 0.883220 0.883220 0.883220 0.991444 0.979462 0.969813 1.05300 1.05300 1.05300 1.05300 1.05300 1.29750 1.31109 1.32524 1.33940 1.35357 1.36774 1.38190 1.39368 1.34873 1.27258 1.30069 1.04590 1.01305 1.01305 1.01305 0.987464 0.939555 0.939555 0.939555 0.939555 0.939555 0.939555 0.939555 1.07654 1.01473 0.969327 1.04336 1.09589 1.14901 1.20794 1.24930 1.24525 1.19390 1.12402 1.07669 1.05684 1.03391 1.01153 0.882031 0.880697 0.886515 0.936554
0.931895 1.00715 1.07492 1.03483 0.999028 0.990654 0.986780 0.986780 0.958057 0.883220 0.883220 0.883220 0.883220 0.883220 0.883220 0.883220 0.936182 1.03722 0.922183 1.05300 1.05300 1.05300 1.05300 1.05300 1.39433 1.39492 1.39492 1.39492 1.39492 1.39492 1.39492 1.39492 1.38756 1.24727 1.30086 1.12149 1.01305 1.01305 1.01305 1.00351 0.939555 0.939555 0.939555 0.939555 0.939555 0.939555 0.939555 1.01575 1.06844 0.970605 1.11452 1.12419 1.06508 1.00887 0.974331 0.947245 0.967464 1.01616 1.04717 1.10260 1.13235 1.13235 1.04952 0.882254 0.882254 0.926773
1.08643 1.08643 1.08643 1.04697 0.986780 0.986780 0.986780 0.986780 0.980247 0.883903 0.883220 0.883220 0.883220 0.883220 0.883220 0.883220 0.892016 1.06918 0.909472 1.05300 1.05300 1.05300 1.05300 1.05300 1.39492 1.39492 1.39492 1.39492 1.39492 1.39492 1.39492 1.39492 1.39492 1.26803 1.30086 1.19725 1.01305 1.01305 1.01305 1.01297 0.946124 0.939555 0.939555 0.941281 0.950124 0.960808 0.972973 1.00114 1.23061 1.13534 1.09002 1.01111 1.05004 1.09130 1.10258 1.10679 1.11097 1.10688 1.10711 1.10616 1.08492 1.07930 1.04115 0.796625 0.789125 0.821649
1.08643 1.08643 1.08643 1.07688 0.987424 0.986780 0.986780 0.986780 0.986780 0.900249 0.883220 0.883220 0.883220 0.883220 0.881332 0.875251 0.901374 1.02509 0.919579 0.902554 0.896755 0.871860 0.846965 0.822106 1.39492 1.39492 1.39492 1.39492 1.39492 1.39492 1.39492 1.39492 1.39492 1.30121 1.29463 1.27235 1.01369 1.01629 1.03235 1.05161 1.01569 1.01052 1.03207 1.05691 1.06671 1.07650 1.08913 1.10465 1.45071 1.50641 1.44416 1.15616 1.16032 1.16186 1.16186 1.16186 1.16186 1.08101 0.979764 0.926354 0.784272 0.736839 0.684892 0.708228 0.739416 0.758370
1.08557 1.06783 1.04358 1.01914 0.930262 0.899889 0.881582 0.863465 0.845135 0.822505 0.817306 0.811901 0.848741 0.909417 0.971989 1.03873 1.05772 0.910181 0.682423 0.694524 0.696850 0.696850 0.696850 0.696850 1.39784 1.40006 1.40228 1.40449 1.40671 1.40894 1.41115 1.41836 1.45116 1.44742 1.43835 1.52741 1.26989 1.21809 1.23876 1.26091 1.22740 1.17132 1.17234 1.17234 1.17234 1.17234 1.17234 1.17234 1.41689 1.52591 1.50623 1.13019 1.05965 1.01684 0.969381 0.916369 0.856920 0.749579 0.649585 0.649203 0.518804 0.508194 0.508194 0.667688 0.727544 0.729864
0.773578 0.769016 0.769016 0.769016 0.756710 0.748721 0.748721 0.752349 0.804149 0.888924 0.983410 1.04947 1.06920 0.995023 0.895383 0.795818 0.711733 0.672091 0.471037 0.681867 0.696850 0.696850 0.696850 0.696850 1.42645 1.42924 1.45731 1.49150 1.52562 1.56681 1.64268 1.71825 1.76815 1.81201 1.81621 1.87901 1.65756 1.32060 1.32060 1.32060 1.28211 1.17234 1.18980 1.23903 1.27912 1.31170 1.33868 1.36136 1.35814 1.19020 1.17234 0.890059 0.801481 0.801481 0.801481 0.801481 0.801481 0.784313 0.649717 0.649585 0.548647 0.508194 0.508194 0.616305 0.727544 0.727544
0.747345 0.769016 0.769016 0.780254 0.844182 0.882575 0.949474 1.01275 1.02782 0.984525 0.922558 0.822992 0.727437 0.702044 0.702044 0.702355 0.703019 0.703687 0.460065 0.562118 0.696850 0.696850 0.696850 0.696850 1.63053 1.70823 1.76065 1.80704 1.85335 1.89270 1.89735 1.89735 1.89735 1.89735 1.87090 1.87179 1.76161 1.40071 1.42118 1.43820 1.44817 1.38772 1.39838 1.39879 1.39879 1.39879 1.39879 1.39879 1.39306 1.17969 1.17234 0.978417 0.801481 0.801481 0.801481 0.801481 0.801481 0.801481 0.662573 0.649585 0.578878 0.508194 0.508194 0.557024 0.727544 0.743149
0.817319 0.962894 1.05209 1.13005 1.13568 1.00287 0.904270 0.804667 0.705065 0.656500 0.700152 0.703628 0.704416 0.705288 0.706256 0.706780 0.706780 0.706780 0.538110 0.439017 0.696850 0.696850 0.696850 0.696850 1.89735 1.89735 1.89735 1.89731 1.89633 1.89499 1.89364 1.89230 1.89096 1.88962 1.84154 1.79682 1.78322 1.47889 1.47173 1.47096 1.47022 1.41645 1.40656 1.40773 1.40055 1.39879 1.39879 1.39879 1.39879 1.25202 1.17234 1.10731 0.801945 0.801481 0.801481 0.801481 0.801481 0.801481 0.686912 0.680194 0.685708 0.630803 0.676789 0.724097 0.914248 0.941852
1.01075 1.12664 1.01265 0.879794 0.747041 0.655731 0.651649 0.649761 0.647667 0.648386 0.705232 0.734925 0.748026 0.760804 0.773383 0.785461 0.797225 0.808847 0.765804 0.441673 0.693336 0.696850 0.696850 0.696850 1.89214 1.88296 1.86248 1.85459 1.84779 1.84154 1.83547 1.82960 1.82389 1.81836 1.79183 1.72404 1.71206 1.52991 1.46449 1.46449 1.46449 1.43433 1.41507 1.41507 1.40545 1.39879 1.39879 1.39879 1.37443 1.20334 0.991315 0.945713 0.806536 0.862142 0.931120 1.00010 1.06908 1.13810 1.04049 0.935387 0.924782 0.794392 0.793996 0.793996 0.904254 0.941895
0.836948 0.849568 0.844434 0.854161 0.863778 0.873049 0.882114 0.891084 0.899818 0.907066 0.931108 0.953413 0.953413 0.953413 0.953413 0.953413 0.953413 0.953413 0.949776 0.592760 0.576491 0.696850 0.696850 0.696850 1.88780 1.86629 1.79976 1.79976 1.79976 1.79976 1.79976 1.79976 1.79976 1.79976 1.79599 1.72312 1.70935 1.59883 1.46449 1.46449 1.46449 1.44504 1.41507 1.41494 1.37142 1.28296 1.22093 1.13608 1.07296 0.984361 0.774752 0.750451 0.934140 1.23018 1.23018 1.23018 1.23018 1.23018 1.12176 0.931789 0.928603 0.877127 0.899754 0.923358 1.00339 1.07454
0.814118 0.890243 0.907951 0.907951 0.907951 0.907951 0.907951 0.907951 0.907951 0.907951 0.921066 0.953413 0.953413 0.953413 0.953413 0.953413 0.953413 0.953413 0.953319 0.742314 0.458410 0.691850 0.689629 0.687412 1.88780 1.88556 1.80229 1.79976 1.79976 1.79976 1.79976 1.79976 1.79976 1.79976 1.79976 1.74175 1.70935 1.65805 1.46449 1.46009 1.40638 1.30855 1.20002 1.13738 1.07745 0.971167 0.945728 0.941619 0.949196 0.947230 0.756320 0.765789 0.872189 1.26298 1.28138 1.29046 1.29929 1.28972 1.23301 0.918789 0.902537 1.10812 1.20749 1.19316 1.28977 1.44368
0.814118 0.867013 0.907951 0.907951 0.907951 0.908622 0.913619 0.919406 0.925148 0.930920 0.939465 0.949929 0.949222 0.948668 0.947725 0.942203 0.935371 0.928533 0.921788 0.856535 0.443960 0.665125 0.665125 0.665125 1.88780 1.88780 1.81721 1.79976 1.79807 1.79253 1.78687 1.78120 1.77553 1.76987 1.75833 1.69127 1.52146 1.39846 1.23087 1.18242 1.15821 1.15625 1.17482 1.18127 1.18505 1.14198 1.14815 1.15379 1.13376 1.10918 1.00096 0.957460 0.956335 1.21476 1.23882 1.21922 1.20159 1.19408 1.19773 0.998208 0.973551 1.08258 1.22237 1.22237 1.29771 1.59949
0.945543 0.959352 0.965166 0.970915 0.976688 0.981766 0.982527 0.982527 0.982527 0.982527 0.981648 0.944687 0.932733 0.926453 0.920556 0.930537 0.992343 1.06946 1.15960 1.21704 0.702798 0.665125 0.665125 0.665125 1.81298 1.80590 1.75680 1.72290 1.71625 1.66406 1.59359 1.53508 1.49560 1.37079 1.22875 1.29883 1.23025 1.18857 1.18626 1.18549 1.18549 1.18549 1.19858 1.20313 1.20313 1.16486 1.15337 1.15232 1.07332 1.00431 0.965674 0.944073 0.952496 1.11424 1.20574 1.20574 1.20574 1.20574 1.20574 1.06395 0.977957 1.02990 1.22237 1.22237 1.23172 1.51370
0.982527 0.982527 0.982527 0.982527 0.982527 0.982527 0.980960 0.974948 0.968665 0.962383 0.956979 0.936508 0.973275 1.04733 1.13365 1.21565 1.22417 1.22417 1.22417 1.22417 0.912700 0.665125 0.665125 0.665125 1.64272 1.55453 1.46533 1.41425 1.38555 1.40313 1.43503 1.45337 1.45559 1.37863 1.20954 1.29125 1.25821 1.18857 1.18687 1.18444 1.18356 1.18268 1.19104 1.19857 1.19769 1.16937 1.14647 1.14647 1.10381 1.00119 0.987731 0.958020 0.958020 1.05021 1.20574 1.20574 1.20574 1.20574 1.20574 1.11043 0.970865 0.967107 1.15917 1.14758 1.13595 1.32981
0.982527 0.982527 0.980073 0.973835 0.967553 0.961267 0.956554 0.956379 0.993420 1.06751 1.15356 1.22909 1.22417 1.22417 1.22417 1.22417 1.22417 1.22417 1.22417 1.22417 1.05818 0.665125 0.665125 0.665125 1.36539 1.40553 1.44340 1.45603 1.45603 1.45603 1.45603 1.45506 1.45257 1.43807 1.20747 1.25768 1.28542 1.18341 1.18146 1.17902 1.17902 1.17902 1.18529 1.19984 1.20218 1.18152 1.13129 1.12821 1.11839 0.993850 0.987963 0.950991 0.950062 0.987211 1.14645 1.19214 1.18564 1.16926 1.15418 1.09369 0.939957 0.939957 1.08636 1.11516 1.10124 1.20927
0.966440 0.960154 0.956326 0.956284 0.976552 1.04630 1.12823 1.22399 1.27356 1.27356 1.27356 1.26445 1.22417 1.22417 1.22417 1.22417 1.22394 1.21969 1.21393 1.20823 1.12469 0.665125 0.665125 0.665125 1.48090 1.45331 1.45029 1.44732 1.44610 1.44592 1.44573 1.44652 1.44884 1.45117 1.27333 1.23971 1.31828 1.22458 1.20669 1.20616 1.20831 1.21065 1.21366 1.22975 1.22976 1.20972 1.10247 1.10247 1.10247 1.00555 0.984230 0.962461 0.974868 0.999404 1.12140 1.12131 1.12801 1.11641 1.10483 1.08090 0.875191 0.860677 0.963887 1.04872 1.04872 1.11257
