High_resolution/powerplant/Shangrao/OMI_NO2_200912.asc
ncols      200
nrows      200
xllcorner       115.451
yllcorner       27.0350
cellsize     0.0166667
NODATA_Value      -999.000
[rows 96 to 127 of 183, columns 71 to 141 of 200]
 :7       # & 03  43    3: $7b"'0 2(79=_(0 2     $ : 140&W;rI,v=A D2(- * <'>&$ ]<5  /= !i   ,< 3AE    &=       L   5F?J- 1#C3/"(3 J 'u9 1mE'y9-Q^9"09k *6xO     *) $#?r     ,Z?F-          '# $3    0<v2|)Z$ *|$'  
6 U^ \6<m0d%         1{&b 6lT  65W%$$S5  4,G*a(t&` /5}   m>q3$   .(>,3=d-[K    7 6  , 9$    8  3.:C< >~,    "5Y:6&5 r .%  3Mm"m3             3  8 $         2   >N+?~9<6=9 $  &*9o >L3?< R&(G& $e  2 (
       y-k C2t6! 5{d- $        &      , )$6           , 3[ ?b *50(h D$}00/n2g     -:m\(^$1   , % :          2 '~  <,;:    "M9.27-  #8*h6* <- = :        >=!  &*9j6:t+"z*X0 $ 8&P+: 6>j
           '   )2#      $  h0,f* [v-) ? 25Wu~!._;W   ',6x :!"!/++4I     / 084[   3      3h73     - >           TD!;)9#-=/T7~   - =    .10-# ,-+ *<      ) = Rr>T    
      "%;(1I !CE6s&D%             *   0* ? $  %8po<F7%     0.:$     1F1,~D92`;@ (- 5Z,9$  s$  !=$f  .e,T?  (&+5p#< )K?1n A<x,"\ 3& -W5# Q 9W => $ &#< > "-?  '7D  3 , < $      =  't4"*2P[,8N$ <.b  1^2< P=  2:|     3 (= $ /?M;q  
30.0461 30.0461 30.0461 30.0461 10.0634 10.0634 10.0634 10.0634 10.0634 10.0634 10.0634 10.0634 10.0634 10.0634 10.0634 10.0634 10.5653 12.7744 12.7744 12.7744 12.7744 12.7519 12.5878 12.3987 12.2098 12.0247 11.9641 11.9637 11.8960 11.7801 11.6643 11.5484 11.4690 11.4666 11.4666 11.4666 11.4154 9.52644 9.25647 9.25647 9.25647 9.25647 9.25647 9.25647 9.25647 9.25647 9.25647 9.25647 9.25647 9.25647 9.25647 9.25647 9.25647 9.25647 9.25643 9.25281 9.41506 4.42705 4.21872 4.04757 4.03083 4.04554 4.20891 4.35874 4.46809 4.69360 6.06725 6.08735 6.08735 6.08735 6.08735
30.0461 30.0461 30.0461 30.0461 10.0634 10.0634 10.0634 10.0634 10.0634 10.0634 10.0634 10.0634 10.0634 10.0634 10.0634 10.0634 9.85241 12.6153 12.5335 12.3446 12.1556 11.9890 11.9641 11.9556 11.8619 11.7460 11.6299 11.5147 11.4666 11.4666 11.4666 11.4666 11.4666 11.4666 11.4666 11.4666 11.4552 10.1396 9.25647 9.25647 9.25647 9.25647 9.25647 9.25647 9.25647 9.25647 9.25647 9.25647 9.25647 9.25647 9.25561 9.25022 9.24417 9.23812 9.23211 9.22969 10.1142 4.31720 4.29869 4.42367 4.51716 4.58595 4.59961 4.59961 4.59961 4.59961 5.79511 6.08735 6.08735 6.08735 6.10627
30.0461 30.0461 30.0461 30.0461 10.0634 10.0634 10.0634 10.0634 10.0634 10.0634 10.0634 10.0634 10.0634 10.2177 10.5640 10.9108 11.1037 11.6253 11.9641 11.9376 11.8278 11.7119 11.5960 11.4887 11.4666 11.4666 11.4666 11.4666 11.4666 11.4666 11.4666 11.4666 11.4666 11.4666 11.4666 11.4666 11.4666 10.7816 9.25647 9.25647 9.25647 9.25647 9.25647 9.25647 9.25647 9.25647 9.25368 9.24763 9.24159 9.23554 9.23035 9.22969 9.21798 9.06903 8.88035 8.69192 8.62331 5.71994 4.59961 4.59961 4.59961 4.59961 4.59961 4.59961 4.59961 4.59961 5.40320 6.24850 6.40454 6.56052 6.69770
30.0170 29.7465 29.4224 29.0989 10.0634 10.0634 10.0634 10.0634 10.0655 10.2750 10.6218 10.9686 11.3155 11.5080 11.5086 11.3995 11.1315 11.0149 11.5620 11.4726 11.4666 11.4666 11.4666 11.4666 11.4666 11.4666 11.4666 11.4666 11.4666 11.4666 11.4666 11.4666 11.4666 11.4666 11.4666 11.4666 11.4666 11.3408 9.35090 9.25647 9.25647 9.25601 9.25110 9.24505 9.23900 9.23295 9.22970 9.22969 9.17115 8.98682 8.79830 8.60979 8.43291 8.39335 8.39335 8.39335 8.40017 6.91791 4.59961 4.59961 4.59961 4.59961 4.59961 4.59961 4.59961 4.59961 4.96048 6.71538 6.71807 6.71807 6.71807
28.5255 28.5617 29.9599 32.0884 10.0767 10.3328 10.6796 11.0264 11.3711 11.5086 11.5079 11.3573 11.0931 10.8293 10.5655 10.4105 10.4094 10.4791 11.4647 11.4666 11.4666 11.4666 11.4666 11.4666 11.4666 11.4666 11.4666 11.4666 11.4666 11.4666 11.4666 11.4666 11.4666 11.4666 11.4666 11.4666 11.4666 11.3093 9.71959 9.24246 9.23641 9.23082 9.22969 9.22501 9.09320 8.90460 8.71609 8.52758 8.39761 8.39335 8.39335 8.39335 8.39335 8.39335 8.39335 8.39335 8.39335 8.03000 4.59961 4.59961 4.59961 4.59961 4.59961 4.59961 4.59961 4.59961 4.59961 6.43497 6.71807 6.71807 6.71807
41.4083 46.4679 47.9129 47.9129 11.4178 11.5086 11.5011 11.3138 11.0499 10.7857 10.5226 10.4094 10.4094 10.4094 10.4094 10.4094 10.4094 10.3720 11.2556 11.4666 11.4666 11.4666 11.4666 11.4666 11.4666 11.4666 11.4666 11.4666 11.4666 11.4666 11.4666 11.4666 11.4655 11.2194 10.7865 10.3536 9.92046 9.61881 9.39228 9.18862 9.01107 8.82247 8.63396 8.45005 8.39335 8.39335 8.39335 8.39335 8.39335 8.39335 8.39335 8.39335 8.39335 8.39335 8.39335 8.39335 8.39335 8.54348 5.19302 4.59961 4.59961 4.59961 4.59961 4.59961 4.59961 4.59961 4.59847 5.83238 6.61264 6.54901 6.48532
47.9129 47.9129 47.9129 47.9129 11.0065 10.7424 10.4859 10.4094 10.4094 10.4094 10.4094 10.4094 10.4094 10.4094 10.4094 10.4094 10.4094 10.4039 10.9085 11.4666 11.4666 11.4666 11.4666 11.4666 11.4666 11.4666 11.4666 11.4666 11.4381 11.0929 10.6600 10.2270 9.79523 9.60849 9.60849 9.80616 10.3000 10.9566 9.63068 8.40540 8.39335 8.39335 8.39335 8.39335 8.39335 8.39335 8.39335 8.39335 8.39335 8.39335 8.39335 8.39335 8.39335 8.39335 8.39335 8.39335 8.39335 8.42805 6.41356 4.59961 4.59961 4.59961 4.57439 4.48252 4.38707 4.29157 4.19721 4.77994 6.42724 6.46577 6.57070
47.9129 47.9129 47.9129 47.9129 10.4094 10.4094 10.4094 10.4094 10.4094 10.4094 10.4094 10.4094 10.4094 10.4094 10.4094 10.4094 10.4094 10.4094 10.5923 11.3961 11.3526 11.3148 11.2818 11.3908 11.3737 10.9666 10.5334 10.1007 9.69619 9.60849 9.62295 9.93627 10.4707 11.1893 12.2067 12.9187 12.9187 12.9187 10.9116 8.44232 8.39335 8.39335 8.39335 8.39335 8.39335 8.39335 8.39335 8.39335 8.39335 8.39335 8.39335 8.39335 8.39335 8.39335 8.39335 8.39335 8.39335 8.37646 7.25773 4.42812 4.33267 4.23713 4.16689 4.16336 4.15105 4.04407 3.88704 3.69817 6.72175 7.05563 7.05667
47.9129 47.9129 47.9129 47.9129 10.4094 10.4094 10.4094 10.4094 10.4094 10.4094 10.4094 10.4094 10.4170 10.4443 10.4688 10.4900 10.5086 10.5249 10.5089 11.1724 11.1098 10.8217 10.5330 10.1470 9.63413 9.60849 9.67088 10.0764 10.6564 11.4464 12.5346 12.9187 12.9187 12.9187 12.9187 12.9187 12.9187 12.9187 12.5657 8.57838 8.39335 8.39335 8.39335 8.39335 8.39335 8.39335 8.39335 8.39335 8.39335 8.39335 8.39335 8.39335 8.39335 8.27881 7.81353 7.32421 6.83468 6.36181 6.35735 4.27362 4.10063 3.96006 3.77696 3.52833 3.21859 3.15834 3.15834 3.15834 6.04248 7.05667 7.05667
47.9129 47.9129 47.9129 47.9129 10.4094 10.4094 10.4094 10.4094 10.4368 10.4870 10.5059 10.5226 10.5339 10.5345 10.5345 10.5357 10.6098 10.7272 10.8353 10.4208 10.0010 10.0006 10.1085 10.4085 10.8591 11.7320 12.7743 12.9187 12.9187 12.9187 12.9187 12.9187 12.9187 12.9187 12.9187 12.9187 12.9187 12.9187 12.9187 9.27971 8.39335 8.39335 8.39335 8.39335 8.39335 8.39335 8.39335 8.39335 8.39075 8.09608 7.60676 7.11722 6.62776 6.25269 6.22823 6.25548 6.46751 6.77538 7.23452 4.72129 3.15834 3.15834 3.15834 3.15834 3.15834 3.15834 3.15834 3.15834 4.86719 6.93163 6.48523
47.9129 47.9129 47.9129 47.5115 10.4094 10.4094 10.4094 10.4094 10.4450 10.5345 10.5345 10.5402 10.6299 10.7474 10.8648 10.9812 11.0246 11.0264 11.2526 11.2810 10.9573 11.4622 11.8449 11.8552 12.7586 12.9187 12.9187 12.9187 12.9187 12.9187 12.9187 12.9187 12.9187 12.9187 12.9187 12.9187 12.9187 12.9187 12.9187 10.3695 8.41435 8.39335 8.39335 8.39335 8.32471 7.88952 7.39977 6.91024 6.42330 6.22823 6.22823 6.32539 6.59006 6.93766 7.41313 7.99941 8.09995 8.09995 8.09995 6.11688 3.15834 3.15834 3.15834 3.15834 3.15834 3.79838 5.83538 7.29933 8.29072 5.39998 5.19044
40.9662 37.1397 33.3132 29.8900 10.4094 10.4094 10.4094 10.4299 10.5836 10.7671 10.8850 10.9968 11.0246 11.0380 11.3211 11.7671 12.3056 12.9635 13.2727 13.1965 11.8855 11.8518 11.8518 11.8518 12.3765 12.9187 12.9187 12.9187 12.9187 12.9187 12.9187 12.9187 12.9187 12.9187 12.9187 12.9187 12.9187 12.9187 12.9187 11.9364 8.31179 7.68232 7.19300 6.70325 6.28235 6.22823 6.24246 6.43124 6.72757 7.12328 7.67722 8.09846 8.09995 8.09995 8.09995 8.09995 8.09995 8.09995 8.09995 7.54594 3.16921 3.67989 5.71261 7.21366 8.28855 8.92865 8.96754 8.96754 8.96754 6.43668 5.19044
29.3288 29.3288 29.3288 29.3288 10.6128 10.7890 10.9651 11.1209 11.1445 11.0937 11.3909 11.8514 12.4073 13.0658 13.2727 13.2727 13.2727 13.2727 13.2727 13.2727 12.2322 11.8518 11.8518 11.8518 12.1124 12.9187 12.9187 12.9187 12.9187 12.9187 12.9187 12.9187 12.9187 12.9187 12.9187 12.9172 12.8794 12.8261 12.7727 12.7194 8.06460 6.22823 6.29802 6.54911 6.88347 7.33743 7.93772 8.09995 8.09995 8.09995 8.09995 8.09995 8.09995 8.09995 8.09995 8.09995 8.09995 8.33756 9.49531 10.3804 8.73089 8.91005 8.96754 8.96754 8.96754 8.96754 8.96754 8.96754 8.96754 7.59267 5.24189
29.3288 29.3288 29.3288 29.3288 11.1445 11.2505 11.8544 12.7095 13.8928 14.1204 13.2727 13.2727 13.2727 13.2727 13.2727 13.2727 13.2727 13.2727 13.2727 13.2727 12.6547 11.8518 11.8518 11.8518 11.9239 12.9185 12.9187 12.9187 12.9187 12.9187 12.9187 12.9111 12.8636 12.8102 12.7569 12.7051 12.6896 12.6896 12.6896 12.6896 10.9940 7.66717 8.08281 8.09995 8.09995 8.09995 8.09995 8.09995 8.09995 8.09995 8.09995 8.09995 8.09995 8.28244 9.42074 10.3291 10.9736 11.3927 11.4383 11.4383 10.1367 8.96754 8.96754 8.96754 8.96754 8.99166 9.05718 9.12340 9.18961 8.97584 5.54741
29.3288 29.3288 29.3288 29.3288 14.1381 15.5963 15.7605 15.7605 15.7605 15.1529 13.2727 13.2727 13.2727 13.2727 13.2727 13.2727 13.2727 13.2727 13.2727 13.2727 13.0773 11.8038 11.6143 11.4161 11.2179 12.4125 12.9187 12.9003 12.8477 12.7944 12.7411 12.6953 12.6896 12.6896 12.6896 12.6896 12.6896 12.6896 12.6896 12.6896 12.6896 9.27581 8.09995 8.09995 8.09995 8.09995 8.09995 8.09995 8.09995 8.23344 9.34448 10.2766 10.9351 11.3777 11.4383 11.4383 11.4383 11.4383 11.4383 11.4383 10.8413 9.02915 9.09537 9.16158 9.22780 9.26989 9.27059 9.27059 9.27059 9.27059 6.42329
29.3288 29.3288 29.3288 29.3288 15.7605 15.7605 15.7605 15.7605 15.7605 15.7605 13.4438 13.2727 13.2727 13.2727 13.2727 13.2436 13.0661 12.8679 12.6696 12.4716 12.2732 10.9302 10.6934 10.6769 10.6502 11.5368 12.7252 12.6903 12.6896 12.6896 12.6896 12.6896 12.6896 12.6896 12.6896 12.6896 12.6896 12.6896 12.6896 12.6896 12.6896 10.6286 8.09995 8.09995 8.09995 8.16562 9.13301 10.2226 10.8960 11.3605 11.4383 11.4383 11.4383 11.4383 11.4383 11.4383 11.3120 10.9648 10.6132 10.2618 9.93298 9.31361 9.27059 9.27059 9.27059 9.27059 9.27059 9.27059 9.27059 9.27059 7.57695
29.3288 29.3288 29.3288 29.3288 15.7605 15.7605 15.7605 15.7605 15.7511 15.3357 13.4255 12.8987 12.7007 12.5024 12.3042 12.1352 12.1145 12.1145 12.0722 11.4975 10.7615 10.3363 10.5893 10.5791 10.5791 10.9966 12.6896 12.6896 12.6896 12.6896 12.6896 12.6896 12.6896 12.6896 12.6896 12.6896 12.6896 12.6896 12.6896 12.6896 12.6896 11.9843 8.87219 9.73861 10.3367 10.7562 10.8973 11.4324 11.4383 11.4383 11.4383 11.4250 11.1655 10.8141 10.4626 10.1114 9.88617 9.88213 9.88213 9.88213 9.88213 9.48338 9.27059 9.27059 9.27059 9.27059 9.27059 9.27059 9.27059 9.27059 8.73016
29.3288 29.3288 29.3288 29.3288 14.6661 13.8229 13.2722 12.8836 12.5950 12.3839 12.2986 12.1277 12.1145 12.1145 12.0214 11.3758 10.6402 9.90491 9.21188 9.05073 9.05073 9.42517 10.5791 10.5791 10.5791 10.6601 12.6540 12.6896 12.6896 12.6896 12.6896 12.6896 12.6896 12.6896 12.6896 12.6896 12.6896 12.6896 12.7844 12.9375 13.0420 13.1170 11.1684 10.8462 10.8462 10.8462 10.8462 11.2129 11.0142 10.6633 10.3121 9.97410 9.88213 9.88213 9.88213 9.88213 9.88213 9.88213 9.88213 9.88213 9.88213 9.66142 9.27059 9.27059 9.27059 9.27059 9.27059 9.27059 9.04776 8.54954 8.04995
29.3288 28.9520 25.1775 20.6051 12.3419 12.3419 12.3419 12.3419 12.3419 12.3419 12.2227 11.4311 10.5189 9.78358 9.14141 9.05073 9.05073 9.05073 9.05073 9.05073 9.05073 9.07442 10.4750 10.5791 10.5791 10.5791 11.9878 12.6896 12.6896 12.6896 12.6896 12.6896 12.6896 12.6896 12.7543 12.9146 13.0259 13.1058 13.1409 13.1410 13.1410 13.1410 11.8412 10.6242 10.2722 9.92026 9.56887 9.57756 9.88213 9.88213 9.88213 9.88213 9.88213 9.88213 9.88213 9.88213 9.88213 9.88213 9.88213 9.88213 9.88213 9.83387 9.27664 9.27059 9.08111 8.58563 8.08624 7.58684 7.30988 7.30909 7.30909
12.1606 7.96723 7.16490 7.16490 12.3419 12.3419 12.1718 11.6879 11.1973 10.7071 10.3264 9.88064 9.05073 9.05073 9.05073 9.05073 9.05073 9.05073 9.05073 9.05073 9.05073 9.05073 10.0440 10.5791 10.5791 10.5791 11.3512 12.6896 12.6896 12.6896 12.7289 12.8900 13.0089 13.0933 13.1394 13.1410 13.1410 13.1410 13.1514 13.2434 13.3529 13.4624 12.4201 9.28999 9.28999 9.28999 9.28999 9.37970 9.88213 9.88213 9.88213 9.88213 9.88213 9.88213 9.88213 9.88213 9.88213 9.88213 9.88213 9.88213 9.72285 9.23326 8.25848 7.62293 7.31321 7.30909 7.30909 7.30909 7.30909 7.30909 7.30909
7.16490 7.16490 7.16490 7.16490 11.1164 10.6262 10.3062 10.2994 10.2994 10.2994 10.2994 10.1493 9.05308 9.05073 9.05073 9.05073 9.05073 9.05073 9.05073 9.05073 9.05073 9.05073 9.58946 10.5791 10.5791 10.5791 10.9436 12.8636 12.9907 13.0801 13.1360 13.1410 13.1410 13.1410 13.1700 13.2755 13.3849 13.4944 13.5936 13.6110 13.6110 13.6110 13.4995 9.50493 9.28999 9.28999 9.28999 9.28999 9.78947 9.88213 9.88213 9.88213 9.88213 9.88213 9.88213 9.88213 9.75031 9.26955 8.77035 8.27095 7.93044 7.92063 7.62324 7.30909 7.30909 7.30909 7.30909 7.30909 7.40296 7.59314 7.78314
7.16490 7.16490 7.16490 7.16490 10.2994 10.2994 10.2994 10.2994 10.2994 10.2994 10.2994 10.2655 9.30083 9.05073 9.05073 9.05073 9.05073 9.05073 9.05073 9.05073 9.05073 9.05073 9.15725 10.8104 11.2241 11.8990 12.5389 13.1874 13.1410 13.1410 13.1980 13.3075 13.4170 13.5265 13.6070 13.6110 13.6110 13.6110 13.6110 13.6110 13.6110 13.6110 13.6110 10.6645 9.28999 9.28999 9.28999 9.28999 9.60722 9.88213 9.88213 9.88213 9.77542 9.30584 8.80644 8.30665 7.93946 7.92063 7.92063 7.92063 7.92063 7.92063 7.80138 7.33914 7.51117 7.70126 7.89126 8.08144 8.17748 8.17748 8.17748
7.16490 7.16490 7.16490 7.16490 10.2994 10.2994 10.2994 10.2994 10.2994 10.2994 10.2994 10.2954 9.64921 9.05073 9.05073 9.05073 9.05073 9.05073 9.11184 9.67130 10.3389 11.0084 11.6768 13.5264 14.1538 14.1989 14.2547 13.6796 13.4490 13.5585 13.6110 13.6110 13.6110 13.6110 13.6110 13.6110 13.6110 13.6110 13.6110 13.6110 13.6110 13.6110 13.6110 11.9364 9.28999 9.28999 9.28999 9.28999 9.40632 9.34213 8.84253 8.34333 7.95064 7.92063 7.92063 7.92063 7.92063 7.92063 7.92063 7.84933 7.70722 7.56505 7.42155 8.07094 8.17748 8.17748 8.17748 8.17748 8.17748 8.17748 8.17748
7.16490 7.16490 7.16490 7.16490 10.2994 10.2994 10.2994 10.2994 10.2994 10.2994 10.2994 10.2997 10.0448 9.57688 10.2456 10.9144 11.5828 12.2511 12.8592 12.9685 12.9685 13.0023 13.2065 13.9605 14.4221 14.4915 14.5087 14.1702 13.6110 13.6110 13.6110 13.6110 13.6110 13.6110 13.6110 13.6110 13.6110 13.6110 13.6110 13.6110 13.6110 13.6110 13.6110 13.1867 9.31554 9.34076 9.39772 9.45467 9.48851 8.06366 7.92063 7.92063 7.92063 7.92063 7.90787 7.78909 7.64699 7.50488 7.36271 7.29185 7.29185 7.29185 7.29185 7.83619 8.17748 8.17748 8.17748 8.17748 8.17748 8.17748 8.17748
7.16490 7.16490 7.16490 7.16490 10.2994 10.2994 10.3433 10.5119 10.7031 10.8944 11.0855 11.2766 12.3666 12.9869 12.9685 12.9685 12.9685 13.0266 13.2452 13.4732 13.7009 13.8952 13.9187 14.0684 14.5115 14.5087 14.5087 14.3727 13.6110 13.6110 13.6110 13.6110 13.6110 13.6110 13.6110 13.6110 13.6110 13.6110 13.6110 13.6110 13.6123 13.6517 13.7086 13.7656 10.3653 9.50767 9.50767 9.50767 9.50767 8.54125 7.86945 7.72885 7.58681 7.44458 7.31530 7.29185 7.29185 7.29185 7.29185 7.29185 7.29185 7.29185 7.29185 7.57980 8.17748 8.17748 8.17748 8.17748 8.17748 8.17748 8.17831
2.72155 2.72155 2.72155 2.72155 2.72155 2.72155 2.77864 3.35824 3.36227 3.36227 3.36227 3.36227 3.38241 3.21259 2.98892 3.08493 3.19103 3.30906 3.45748 3.56558 3.65957 3.78117 4.00350 4.19359 4.26541 3.32672 3.54422 3.80784 9.18648 12.7340 12.7340 12.7340 12.7340 12.7340 11.0897 10.6358 10.5257 10.4271 10.3382 10.2828 10.2812 10.2812 10.2812 10.2087 9.31621 9.31471 9.31471 9.31471 9.31471 9.31471 9.31471 9.31471 9.31471 9.30928 8.86150 7.64128 7.69153 8.33774 8.93797 10.3373 10.3372 10.2912 10.2077 10.1242 10.0407 9.98158 9.97875 9.83111 9.23847 8.71857 8.28706
2.72155 2.72155 2.72155 2.72155 2.72155 2.72155 2.72155 3.22135 3.30785 3.26232 3.21678 3.17125 3.12657 3.17597 3.51275 3.63981 3.83303 4.07782 4.31204 4.50946 4.73839 4.97445 5.16504 5.42044 5.79424 6.09176 0.00000 0.00000 7.18999 12.3868 12.7340 12.7340 12.7340 12.7331 11.0813 10.2812 10.2812 10.2812 10.2812 10.2812 10.2812 10.2812 10.2812 10.2894 9.50354 9.31471 9.31471 9.31471 9.31471 9.31396 9.04857 8.32472 7.59245 6.86588 6.58268 6.07293 7.40171 8.38528 8.44084 10.0874 10.0163 9.97875 9.97875 9.66839 9.07059 8.58010 8.17107 7.89154 7.87035 7.87035 7.87035
