High_resolution/powerplant/Shangrao/OMI_NO2_200710.asc
ncols      200
nrows      200
xllcorner       115.451
yllcorner       27.0350
cellsize     0.0166667
NODATA_Value      -999.000
[rows 29 to 57 of 194, columns 0 to 66 of 200]
3.75994 3.46694 3.86286 6.20189 5.85343 5.60333 5.49455 5.49517 5.49577 5.49637 5.49606 5.48079 5.71626 5.84301 5.82543 5.80787 5.83979 5.89757 6.39496 6.17650 5.97767 5.77741 5.77780 5.77784 5.76316 5.67085 5.63435 5.51141 5.37025 5.28833 5.28833 5.20673 5.06536 4.14899 4.08790 4.17192 4.32791 4.27604 4.24467 4.23637 4.32217 4.40792 4.50289 4.76447 4.80256 4.83644 4.97932 5.22916 4.66583 4.71572 4.72944 4.72779 4.76265 4.84816 4.98681 5.13457 5.23790 5.64643 5.66087 5.66087 5.61399 5.62152 5.67849 5.45312 5.41524 5.28091 5.11898
3.84309 3.62451 3.40311 5.94367 5.99359 5.63688 5.46103 5.43620 5.41512 5.39399 5.37381 5.36785 5.48867 5.75537 5.74050 5.72564 5.74038 5.80642 6.25913 6.23229 6.03438 5.78046 5.77784 5.77784 5.77518 5.69012 5.70072 5.52068 5.43874 5.22813 5.17321 5.08654 4.93577 4.56859 4.61344 4.84664 5.08682 5.01568 4.86454 4.49413 4.52334 4.55724 4.60525 4.87418 4.99770 5.05584 5.12870 5.38135 4.96929 4.91835 5.00567 5.09319 5.14412 5.14442 5.17060 5.25634 5.31452 5.60121 5.73400 5.75119 5.72978 5.45392 5.21001 4.89997 4.72696 4.69589 4.69242
3.84310 3.76761 3.11271 5.04354 5.95598 5.51492 5.40384 5.36237 5.34521 5.32788 5.31052 5.29390 5.30333 5.69502 5.71421 5.71421 5.71786 5.80401 6.12106 6.33516 6.08826 5.94700 5.95025 5.96078 5.96246 5.86102 5.76921 5.66091 5.50371 5.31034 5.30650 5.30047 5.15802 5.05347 4.96704 4.99470 5.28607 5.26121 5.16299 4.67901 4.72699 4.78513 4.83779 5.02038 5.26892 5.35685 5.45487 5.73545 5.50712 5.19874 5.22214 5.24556 5.26899 5.29234 5.31205 5.39101 5.33681 5.34211 5.38446 5.23991 5.12472 4.99767 4.81795 4.68987 4.58336 4.57018 4.55518
3.84310 3.84310 3.08992 4.19711 6.05232 5.52897 5.41452 5.30609 5.32580 5.34574 5.36568 5.38561 5.40551 5.70737 5.84779 5.86378 5.82248 5.81887 5.95379 6.43245 6.09389 5.99766 5.91909 5.85830 5.80627 5.77062 5.66844 5.74708 5.53185 5.38591 5.30650 5.30650 5.20791 5.19929 5.16512 5.29950 5.66428 5.82018 5.51393 5.12090 5.05137 5.12339 5.19042 5.28809 5.67322 5.69565 5.71493 5.88623 5.71388 5.18077 5.17283 5.16485 5.10498 4.99984 4.89977 4.85765 4.81073 4.80670 4.97736 4.97830 4.97828 4.90939 4.71691 4.61081 4.40739 4.34573 4.28596
3.84310 3.84310 3.25213 3.29861 6.18231 5.87775 5.73886 5.51448 5.51430 5.49650 5.40070 5.29572 5.19074 5.25996 5.44913 5.35994 5.31790 5.30258 5.32242 6.11039 5.87439 5.84659 5.91966 5.98712 6.05483 6.11565 6.14354 6.42190 6.17284 6.17652 6.06720 6.18647 6.25315 6.27048 6.21533 6.30042 6.50403 6.72724 5.99080 5.58117 5.32654 5.32949 5.32949 5.32966 5.70500 5.76131 5.76131 5.85780 5.79231 4.99434 4.88453 4.78732 4.74201 4.74201 4.74201 4.76949 4.81585 4.78318 4.94683 4.96140 4.90835 4.78882 4.51018 4.33724 4.21227 4.20971 4.20728
0.00000 3.84310 3.48202 2.99613 5.53586 5.68946 5.33663 5.06101 4.93011 4.84219 4.83259 4.83209 4.85617 5.03673 5.19138 5.11552 5.05846 5.07187 5.14355 5.83689 6.33330 6.60812 6.61575 6.61575 6.61575 6.61575 6.60171 6.82368 6.80266 6.79953 6.72292 6.85142 6.87641 6.67072 6.53367 6.48797 6.53405 6.78493 6.21613 5.73307 5.32949 5.32949 5.32949 5.32363 5.49688 5.58173 5.48444 5.43748 5.50790 4.90844 4.74201 4.74201 4.74201 4.72943 4.71749 4.70986 4.71997 4.69872 4.56976 4.54352 4.49802 4.49751 4.33836 4.21192 4.20519 4.15388 4.08111
0.00000 3.84310 3.78407 3.00912 4.17564 5.24780 4.96476 4.88785 4.84830 4.99247 5.15086 5.29738 5.41489 5.42962 5.15620 5.05134 5.05134 5.05276 5.13831 5.59515 6.21325 6.66046 6.71938 6.77156 6.82727 6.88465 7.01570 7.31430 7.50222 7.23357 7.10154 7.03455 7.02750 6.69238 6.58243 6.48797 6.48797 6.73922 6.41174 5.85632 5.23233 5.13467 5.03742 4.94603 5.04917 5.35712 5.32722 5.27600 5.37032 4.94379 4.61196 4.60159 4.60441 4.69042 4.78614 4.88031 4.92766 4.89109 4.42522 4.49754 4.47535 4.44212 4.26399 3.95979 3.88396 3.86168 3.86564
0.00000 3.77367 3.74586 3.05628 3.50435 5.45701 5.28554 5.39910 5.38004 5.39829 5.39578 5.39328 5.39082 5.38834 5.22537 4.98993 4.97767 4.96541 5.23285 5.63198 6.41218 6.89643 6.91737 6.92418 6.92363 6.92147 6.98230 7.21714 7.66352 7.24038 7.16695 7.03455 7.03455 6.77897 6.63112 6.49905 6.55591 6.60014 6.30026 5.51115 4.92468 4.78882 4.73188 4.67489 4.63271 4.97612 4.97702 5.00806 5.17640 5.13549 4.82317 4.93581 5.03508 5.06385 5.08221 5.08279 5.05682 5.00557 4.58602 4.37294 4.37584 4.37608 4.27433 3.94400 3.90367 3.89372 3.87430
9.02099 5.60257 5.02427 4.86488 4.75116 5.85842 5.57605 5.53261 5.34386 5.32093 5.31115 5.30137 5.29157 5.28180 5.23887 4.90746 4.91258 4.91979 5.16165 5.49100 6.34378 6.79553 6.90055 6.90549 6.90549 6.90549 6.91200 7.13380 7.65935 7.34827 7.22643 7.05607 7.09516 6.95533 6.77580 6.57103 6.51499 6.38622 6.04710 5.21415 4.84651 4.67610 4.70027 4.73914 4.77886 5.16415 5.41452 5.51727 5.69783 5.74813 5.19198 5.13749 5.10054 5.06357 5.02664 5.00742 5.00619 4.97342 4.76564 4.31922 4.35136 4.34104 4.31425 3.88344 3.68454 3.60283 3.54082
9.02099 8.58907 6.12086 5.72837 4.71835 5.56521 5.60600 5.46473 5.33869 5.27731 5.28045 5.28764 5.29485 5.30206 5.30874 5.01317 4.93184 4.93184 5.02365 5.47469 6.11835 6.68432 6.89680 6.91833 6.92894 6.93720 6.91163 7.05727 7.55589 7.55102 7.31401 7.19037 7.10424 7.04314 6.75925 6.54573 6.46028 6.45718 6.13760 5.47887 5.09315 4.85892 4.96282 5.05773 5.15194 5.38249 5.59284 5.55587 5.56161 5.62269 5.16014 5.02382 5.03312 5.04268 5.05238 5.06218 5.07232 5.06202 5.04486 4.39535 4.34764 4.28782 4.22620 3.86459 3.58071 3.57390 3.57084
9.02099 9.02099 6.31079 6.09398 4.71557 5.21665 5.63997 5.37942 5.32404 5.30604 5.31011 5.30283 5.28603 5.26916 5.25234 5.05651 4.84039 4.82352 4.80810 5.25514 5.63562 6.27072 6.57313 6.82716 6.85983 6.88460 6.94327 7.09634 7.52781 7.76662 7.33437 7.25517 7.11940 7.11695 6.78783 6.63713 6.49539 6.51539 6.35650 5.89801 5.60680 5.38381 5.50065 5.61322 5.74177 5.85843 5.84185 5.91129 5.98530 5.92244 5.53484 5.19507 5.19386 5.19265 5.19082 5.17239 5.14652 5.11154 5.07157 4.55831 4.18076 4.17099 4.17095 4.00116 3.54831 3.51068 3.47651
9.02099 8.68607 6.31260 5.72260 4.82821 4.70566 5.41051 5.15421 5.13891 5.14623 5.12988 5.12032 5.11703 5.07020 5.00970 4.88837 4.51041 4.44983 4.38937 4.72837 5.18870 6.13031 6.71372 7.01618 7.12098 7.13536 7.12608 7.11570 7.41870 7.81291 7.40051 7.25911 7.06089 7.05240 6.84611 6.73627 6.59141 6.76341 6.78692 6.62494 6.72830 6.28411 6.28712 6.31851 6.33535 6.33535 6.24671 6.22865 6.22865 6.04115 5.68472 5.16172 5.13707 5.11241 5.08836 5.08094 5.08094 5.07901 5.05796 4.79881 4.20089 4.13423 4.10871 3.97825 3.40006 3.23864 3.16320
6.81748 6.61947 5.96833 5.48216 5.02618 4.54696 5.29642 5.18303 5.15269 5.13895 5.11265 5.07954 5.04968 5.06340 5.09081 5.10465 4.89550 4.97601 5.08287 5.37035 5.71646 6.57313 6.76993 6.90953 7.03607 7.00756 7.00638 6.97079 7.05519 7.65912 7.47938 7.39721 7.59675 7.89742 7.84591 7.50836 7.26647 7.26311 7.24973 6.87939 6.86211 6.47779 6.33535 6.33535 6.33535 6.33535 6.27439 6.20342 6.17876 6.05282 5.72582 5.11221 5.08094 5.08094 5.08094 5.08094 5.08061 5.06619 4.96941 4.80904 3.97410 3.77315 3.68526 3.64429 3.20583 3.02572 3.05125
6.61477 6.61477 6.21472 5.48216 5.30707 4.53891 4.80388 5.16407 5.20130 5.21295 5.22754 5.21680 5.17111 5.12262 5.07418 5.03928 5.10849 5.17020 5.17020 5.23370 5.71283 6.32740 6.65991 6.75974 7.09896 7.23289 7.37719 7.61710 7.77119 8.81973 9.04708 8.56670 8.56607 8.56751 8.42405 7.60052 7.37193 7.26356 7.26356 6.98961 6.86211 6.59771 6.32976 6.30641 6.28176 6.25711 6.20934 6.12633 6.12633 6.08842 5.66350 5.17555 4.98729 4.96949 4.95276 4.91845 4.84682 4.78787 4.66408 4.54541 3.99029 3.64369 3.63944 3.59852 3.27047 2.85882 2.81577
6.61477 6.61477 6.50415 5.48473 5.48179 4.62665 4.70158 5.11230 5.15746 5.11870 5.09844 5.06646 5.06946 5.07518 5.08107 5.08680 5.12203 5.24746 5.31268 5.38009 6.10948 6.74175 7.52304 7.81267 8.31688 8.45759 8.58483 8.61469 8.47882 9.01598 9.21789 8.69981 8.56534 8.56745 8.56693 7.70946 7.45922 7.26356 7.25907 7.09011 6.80481 6.63556 6.22520 6.16347 6.09527 6.02697 5.95680 5.79026 5.71601 5.67142 5.35999 5.11343 4.85786 4.79869 4.73841 4.69572 4.69080 4.68709 4.63336 4.42937 4.05641 3.42861 3.33183 3.30880 3.19236 2.69582 2.69424
6.61477 6.61477 6.61477 5.96606 5.81808 5.03797 4.67761 5.08947 5.21827 5.21827 5.24154 5.28641 5.34794 5.40950 5.47103 5.53251 5.59512 5.77584 5.90680 6.03863 6.78238 7.45411 8.35656 8.35682 8.64079 8.70329 8.70329 8.70329 8.59158 8.89151 9.21789 8.90395 8.56521 8.56687 8.56255 7.93445 7.41613 7.08633 7.00794 6.89153 6.39341 6.26407 5.76104 5.74679 5.74312 5.74584 5.75521 5.69252 5.62754 5.57058 5.27492 4.98457 4.65979 4.63650 4.57581 4.51462 4.45342 4.39226 4.36345 4.23932 4.13028 3.38720 3.27899 3.25429 3.21412 2.75816 2.71605
6.46002 6.29041 6.12059 5.64763 5.52177 5.17292 4.79718 5.21116 5.47198 5.53346 5.60855 5.64093 5.64123 5.71634 5.84805 5.97994 6.11165 6.30545 6.37421 6.37421 6.71470 7.40996 8.22376 8.35682 8.56082 8.70329 8.70304 8.68504 8.58963 8.59444 8.85404 8.56301 7.89139 7.75184 7.66360 7.17088 6.50749 6.46686 6.43970 6.42743 6.09084 5.98586 5.77966 5.74480 5.73521 5.68557 5.62891 5.53338 5.43253 5.37379 5.16347 4.85469 4.42774 4.36393 4.35900 4.33627 4.31155 4.28685 4.26217 4.12848 3.98403 3.41336 3.09514 3.06826 3.04203 2.76464 2.65311
5.95064 5.95064 5.95064 5.71086 5.52177 5.49239 5.26322 5.39095 5.61338 5.66106 5.75334 6.05354 6.18501 6.24179 6.24179 6.23773 6.21318 6.22363 6.29088 6.26347 6.31334 7.23637 7.75820 7.98684 7.93544 7.96912 7.79744 7.63388 7.46052 7.26111 7.67652 7.67633 7.32250 7.25599 7.40800 7.30710 6.44532 6.43456 6.43912 6.45216 6.25564 5.96840 5.75412 5.58620 5.52510 5.49174 5.45332 5.39019 5.11199 5.08004 4.98977 4.64110 4.34168 4.19177 4.16948 4.16549 4.16345 4.15784 4.12292 3.98536 3.76840 3.43767 2.98157 2.96697 2.96516 2.81685 2.61503
5.95064 5.95064 5.95064 5.80439 5.55557 5.57030 5.35229 5.41059 5.65147 5.66365 5.64434 6.01526 6.01471 5.98736 5.95998 5.93666 5.92780 5.92026 6.03088 6.02674 6.01557 6.83760 7.06255 7.12322 7.14561 7.39305 7.38947 7.39623 7.40316 7.17425 7.59541 7.61306 7.38920 7.17341 7.30482 7.35625 6.54119 6.34853 6.27637 6.19231 6.04168 5.59820 5.44008 5.21433 5.18127 5.15414 5.13245 5.11526 4.91378 4.86204 4.86032 4.55810 4.36327 4.13206 4.09618 4.05683 4.01750 3.98170 3.97521 3.93422 3.74183 3.62041 2.99513 2.93664 2.91209 2.84570 2.58193
5.23947 5.25656 5.27208 5.27451 5.11546 5.10853 5.03234 5.03424 5.42546 5.51309 5.51025 5.79188 5.93486 5.93058 5.92631 5.92199 5.92378 5.93059 6.01405 6.05200 6.04218 6.59405 7.07471 7.18899 7.19678 7.47418 7.50505 7.50505 7.50505 7.16734 7.34809 7.47995 7.41757 7.12180 7.07575 6.94064 6.31073 5.94703 5.87943 5.84666 5.82794 5.45462 5.34256 5.11351 5.11351 5.11351 5.11351 5.11351 4.98663 4.85143 4.81345 4.54277 4.33741 3.97869 3.97521 3.97521 3.97521 3.97521 3.97470 3.91966 3.71921 3.62594 3.11263 2.97783 3.03610 3.08645 2.80216
5.25670 5.25670 5.25670 5.22219 5.01527 4.92525 4.83057 4.73263 5.28409 5.55337 5.55188 5.70908 5.98504 5.98504 5.96609 5.91860 5.87083 5.82305 5.88616 6.04994 6.04994 6.34015 7.08569 7.18052 7.20296 7.40563 7.50505 7.45645 7.33343 7.01656 6.94007 6.75819 6.57084 6.22453 6.14157 6.22798 6.10274 5.84167 5.82717 5.82475 5.82475 5.59154 5.37963 5.13684 5.11351 5.09795 5.05885 5.01950 4.92609 4.69994 4.69857 4.54161 4.36811 4.00919 3.98190 3.96172 3.89735 3.83195 3.73616 3.65527 3.53090 3.44815 3.30478 3.10411 3.09708 3.09644 2.88610
4.88750 4.80120 4.72211 4.66886 4.66620 4.66605 4.66429 4.63623 5.04521 5.55145 5.53622 5.52272 5.86969 5.82690 5.79807 5.79779 5.79779 5.79796 5.81373 6.04544 6.05357 6.11430 6.82717 6.77485 6.70496 6.87469 7.20526 7.41564 7.70071 7.82784 7.41041 6.31526 6.31526 6.21770 6.13245 6.20644 6.20028 5.84458 5.83158 5.82475 5.82475 5.81830 5.31931 5.09667 4.97407 4.94990 4.93177 4.90487 4.87579 4.62041 4.57253 4.45286 4.12036 3.92241 3.77552 3.67435 3.61520 3.55447 3.52395 3.52042 3.47208 3.42016 3.34126 3.05765 3.00824 2.98681 2.88044
4.66655 4.66655 4.66655 4.66655 4.67223 4.67918 4.66197 4.58290 4.75335 5.36870 5.37678 5.37633 5.70968 5.81025 5.81882 5.83800 5.85718 5.87623 5.89503 6.09755 6.23656 6.50334 6.85640 7.19684 7.56549 7.75505 7.99295 7.99295 7.99295 7.97189 7.56147 6.54741 6.31526 6.27994 6.13245 6.17576 6.22949 6.03857 6.17889 6.37323 6.56696 6.63672 5.26522 4.97089 4.79666 4.76662 4.75396 4.74822 4.69501 4.46258 4.29244 4.15856 3.79837 3.64804 3.49360 3.48814 3.47513 3.45196 3.42939 3.40682 3.36091 3.31961 3.29188 3.06837 2.97118 2.96414 2.93788
4.66655 4.66655 4.64899 4.57048 4.50293 4.47482 4.42569 4.43046 4.53940 5.30320 5.43247 5.45130 5.67439 5.92209 5.93272 5.93692 6.12400 6.40916 6.69445 7.08504 7.46314 7.48406 7.52852 7.57884 7.68824 7.69713 7.98156 7.99295 7.99295 7.99295 7.58667 7.02154 6.43010 6.77104 6.96589 7.31769 7.62189 7.63646 7.54045 7.06077 7.12263 7.18801 6.34870 5.55349 4.68625 4.61725 4.54746 4.44311 4.36583 4.22090 4.00440 3.98909 3.70561 3.58917 3.41048 3.38794 3.37508 3.37481 3.36482 3.34945 3.32266 3.25840 3.20739 3.05562 2.83866 2.81121 2.79157
4.49367 4.39391 4.24551 4.15636 4.08614 4.13800 4.07885 4.15964 4.57986 5.26430 5.49961 5.51117 5.66618 6.56727 6.85243 7.13356 7.23191 7.23191 7.23191 7.25998 7.49276 7.50801 7.54347 7.62611 7.72962 7.77574 8.39035 8.73596 8.88592 9.18954 9.28666 9.62993 8.99686 9.12256 8.79626 8.53870 8.37792 8.22272 7.94715 7.43547 7.30511 7.23982 6.72530 5.54503 4.40959 4.32479 4.26401 4.21926 4.19169 4.14720 3.90576 3.87336 3.66810 3.51456 3.33421 3.29872 3.28269 3.26687 3.26084 3.26018 3.25707 3.09953 3.07762 3.03232 2.73060 2.68598 2.68541
3.92384 3.87122 3.86575 3.86575 3.86575 3.99515 4.01521 4.06181 4.64221 5.21141 5.70856 5.76178 5.78052 7.11728 7.31645 7.33070 7.34501 7.35929 7.37356 7.38888 7.59817 7.65360 7.65942 7.74688 8.00492 8.48644 9.30375 10.0530 10.3029 10.3992 10.2044 10.3112 9.19871 9.11862 8.97586 8.47847 8.33733 8.12793 7.67799 7.23151 6.84282 6.76066 6.63559 5.34983 4.38194 4.09312 4.04897 4.02547 4.00525 3.98504 3.78874 3.72764 3.62324 3.43364 3.31602 3.24961 3.25186 3.25952 3.26743 3.27534 3.28185 3.14574 3.09235 3.07382 2.80655 2.67829 2.67009
3.87654 3.88126 3.89540 3.96253 4.03797 4.18714 4.28387 4.31184 4.71219 5.20392 5.87700 5.88330 5.88340 6.76850 7.41474 7.43258 7.45061 7.46852 7.48661 7.50317 7.64478 7.95982 8.22601 8.55648 8.98243 9.41355 9.59190 10.2420 10.1916 10.1424 9.97259 9.56325 8.96128 8.46538 8.42696 7.89822 7.74447 7.51912 7.16360 6.85350 6.41709 6.37660 6.35265 5.52794 4.44859 3.95762 3.95762 3.95762 3.95762 3.95762 3.84790 3.72687 3.67861 3.45873 3.38224 3.27660 3.28226 3.28250 3.28250 3.28250 3.28250 3.18008 3.07138 3.05820 2.90521 2.63623 2.61847
4.07411 4.13752 4.19067 4.19348 4.18876 4.22673 4.26830 4.26697 4.48804 4.89130 5.94668 6.13041 6.14815 6.59433 7.67119 7.67119 7.67154 7.70115 7.75223 7.80744 8.07016 8.94138 8.94138 8.98210 9.04383 9.30273 9.03253 9.87706 9.88181 9.88181 9.86230 9.23973 9.06809 8.11594 7.99584 7.52111 7.15950 6.92914 6.88743 6.85578 6.33830 6.32961 6.32961 5.93340 4.69866 3.95762 3.95762 3.95764 3.96214 3.97005 3.93517 3.75512 3.74831 3.50633 3.44318 3.28250 3.28463 3.28962 3.26786 3.22881 3.18807 3.07225 2.93568 2.97951 2.91559 2.63275 2.60141
4.15340 4.15736 4.16142 4.16548 4.16954 4.19617 4.26047 4.26084 4.34698 4.76299 5.76220 6.16201 6.16200 6.20823 7.68217 7.80291 7.86191 7.88605 7.88605 7.88605 7.88667 8.81451 8.94138 8.95720 8.96867 9.17531 8.75795 9.44227 9.39143 9.13035 8.88209 8.18179 8.21569 7.69114 7.68901 7.54332 7.10119 6.99549 6.88803 6.88656 6.45173 6.32961 6.32961 6.30434 4.96658 3.97164 3.97921 3.98710 3.99051 3.98451 3.96560 3.74167 3.69831 3.48083 3.35260 3.26114 3.21709 3.15444 3.10158 3.06601 3.03216 3.00885 2.87408 2.91517 2.92988 2.65480 2.53521
