High_resolution/powerplant/Shangrao/OMI_NO2_200510.asc
ncols      200
nrows      200
xllcorner       115.451
yllcorner       27.0350
cellsize     0.0166667
NODATA_Value      -999.000
[rows 58 to 86 of 189, columns 0 to 66 of 200]
4.45209 4.48993 4.46195 4.49410 4.57131 4.56730 4.56338 4.55937 4.55543 4.55175 4.53475 4.65938 5.24705 5.69707 5.85586 5.86197 5.83968 5.88807 6.32257 6.26598 6.13364 6.06041 6.04738 6.03940 6.10456 6.10666 6.02229 5.88222 5.78853 6.15178 6.19921 6.20554 6.11845 6.01117 5.47491 5.45410 5.31161 4.87834 4.87834 4.66953 4.61281 4.65692 4.71036 4.71350 4.69358 4.64684 4.47456 3.71158 3.66798 3.62317 3.56634 3.56242 3.58393 3.58407 3.57605 3.42980 2.96982 2.70538 2.62745 2.67967 2.79375 2.83975 2.88004 2.87879 2.67225 2.67189 2.67314
4.15297 4.38167 4.39145 4.39514 4.51040 4.51659 4.50531 4.46422 4.42806 4.40618 4.39889 4.46039 5.16583 5.51022 5.71964 5.67585 5.61396 5.58193 6.07075 6.15731 6.11706 6.03357 6.03357 6.03357 6.08547 6.10666 6.10006 5.94025 5.90876 6.17977 6.36210 6.39024 6.28104 6.02047 5.58113 5.45980 5.44899 4.90402 4.82713 4.65428 4.45579 4.42462 4.46412 4.43655 4.42381 4.43279 4.43828 3.66339 3.58613 3.58537 3.58533 3.58414 3.58407 3.58407 3.58407 3.49665 3.15387 2.87688 2.81246 2.83357 2.88352 2.88822 2.88801 2.88714 2.72117 2.66772 2.66972
4.13595 4.31993 4.38150 4.33697 4.39688 4.41840 4.40832 4.42802 4.44280 4.42052 4.37190 4.32324 4.84766 5.24930 5.61598 5.61598 5.60708 5.58193 5.89980 6.15731 6.15280 6.07105 6.10593 6.13699 6.19715 6.27215 6.28304 6.09167 6.03183 6.14420 6.38985 6.35308 6.28900 5.89844 5.52586 5.24031 5.19613 4.77403 4.55687 4.47133 4.32728 4.33780 4.45175 4.44878 4.44558 4.44558 4.44558 3.87927 3.58646 3.58537 3.58537 3.58766 3.60952 3.63338 3.65561 3.61787 3.37543 2.98383 2.84170 2.83128 2.86684 2.88834 2.89171 2.87222 2.81413 2.78973 2.74094
4.06927 4.10678 4.28067 4.30113 4.35830 4.42424 4.37591 4.32725 4.27859 4.25274 4.25272 4.25272 4.60989 5.14103 5.61073 5.62349 5.66349 5.67814 5.88915 6.31066 6.33958 6.24730 6.20767 6.20763 6.18954 6.18659 6.11456 5.93478 5.79758 5.78830 6.09583 6.08848 6.09122 5.80942 5.47347 5.06300 5.00025 4.71806 4.30984 4.29378 4.32294 4.33002 4.40838 4.44558 4.44558 4.44558 4.44558 4.08769 3.60859 3.64653 3.68251 3.71305 3.72990 3.77874 3.83958 3.86034 3.55950 3.18961 3.00901 2.94428 2.93572 2.92935 2.89799 2.88831 2.91013 2.99067 2.75995
4.04083 3.98845 4.30714 4.30903 4.30756 4.25443 4.25272 4.25272 4.25272 4.25272 4.26609 4.31412 4.52440 5.22231 5.80006 5.93765 5.98200 5.98976 5.94736 6.19899 6.14864 6.01800 5.86564 5.78300 5.72792 5.79240 5.81262 5.77426 5.69590 5.64179 5.99840 5.96928 5.90632 5.67925 5.38361 4.87258 4.86418 4.79596 4.25311 4.23196 4.23056 4.22492 4.25427 4.30218 4.28297 4.26451 4.24713 4.15071 3.85069 3.89202 3.93650 3.95587 3.95895 3.93116 3.89142 3.85098 3.48241 3.15488 2.95062 2.85755 2.85578 2.88167 2.86410 2.82786 2.78293 2.85380 2.57519
3.98088 4.01440 4.23731 4.30903 4.30903 4.28788 4.32176 4.37158 4.42289 4.50533 4.58659 4.63934 4.73923 5.27970 5.64557 5.74397 5.66876 5.57516 5.51763 5.76979 5.90511 5.89774 5.79440 5.80881 5.81629 5.83289 5.85250 5.82768 5.70119 5.66810 5.79460 5.80937 5.79846 5.71490 5.39431 4.72501 4.66109 4.66085 4.20225 4.07939 4.08094 4.09160 4.11860 4.22383 4.26830 4.31351 4.35568 4.38605 4.06344 3.97864 3.82671 3.81264 3.80351 3.79152 3.77974 3.76801 3.56115 3.20131 2.96659 2.82402 2.78052 2.69851 2.64183 2.61017 2.58817 2.66814 2.53077
3.92084 4.07134 4.20490 4.41830 4.46650 4.50670 4.51993 4.58034 4.63941 4.66721 4.68283 4.69229 4.67760 4.64626 5.17298 5.70666 5.73149 5.75469 5.74988 5.92427 6.20831 6.25537 6.04011 5.96289 5.94701 5.95737 6.01135 6.01092 5.91124 5.85981 5.75918 5.74109 5.74109 5.73910 5.40023 4.85428 4.64841 4.64427 4.35444 4.09372 4.13395 4.23015 4.27902 4.40298 4.41180 4.40854 4.40834 4.40881 4.13928 3.98595 3.78532 3.76747 3.76354 3.76303 3.74271 3.65741 3.46182 2.99625 2.77787 2.62766 2.58099 2.56133 2.55155 2.55155 2.55155 2.60414 2.56839
3.63377 4.07652 4.28996 4.62665 4.68298 4.68020 4.57548 4.55740 4.54006 4.52267 4.50536 4.48797 4.47064 4.64914 5.19479 5.88056 5.90118 5.91982 5.89903 5.94179 6.29215 6.29062 6.04341 5.84138 5.83715 5.83301 5.88351 5.88932 5.81733 5.75695 5.64095 5.60296 5.59881 5.59509 5.33740 4.78998 4.38244 4.32719 4.24805 4.12788 4.12724 4.28918 4.30873 4.37211 4.41467 4.42177 4.42884 4.42538 4.19749 3.85383 3.64732 3.52906 3.45390 3.30057 3.22540 3.21514 3.19949 2.79718 2.73116 2.65260 2.57411 2.56711 2.54806 2.54404 2.54002 2.55247 2.61630
3.79830 4.02255 4.26584 4.48264 4.51652 4.51652 4.45380 4.43716 4.43716 4.44053 4.44763 4.46333 4.49050 4.60462 5.06369 5.89474 5.90126 5.90076 5.87541 5.85710 6.15679 6.23972 6.12723 5.79973 5.79973 5.79973 5.83426 5.86438 5.82833 5.71473 5.55111 5.37993 5.28232 5.18496 5.06600 4.76156 4.25867 4.25867 4.25788 4.13939 4.13093 4.23266 4.26498 4.25582 4.22237 4.16742 4.10504 4.05078 3.93854 3.59815 3.45637 3.34561 3.34528 3.23036 3.21514 3.21514 3.21514 2.90922 2.72704 2.69131 2.56262 2.55761 2.53725 2.53665 2.53665 2.53319 2.63018
3.63561 3.84008 4.29971 4.38467 4.51652 4.51971 4.48972 4.47101 4.49825 4.52211 4.54225 4.55375 4.55347 4.56158 4.99682 5.77343 5.89968 5.89968 5.88675 5.85700 6.04419 6.23972 6.23110 5.82400 5.76289 5.68988 5.60689 5.55987 5.45613 5.27295 5.22647 5.12246 5.11581 5.11581 5.08706 4.86390 4.18592 4.15925 4.13399 4.02591 3.94676 4.00005 4.08189 4.07595 4.02972 4.02043 4.01848 4.01849 3.98530 3.64572 3.51149 3.34561 3.34561 3.27005 3.21378 3.20942 3.20496 3.02232 2.71150 2.71471 2.56797 2.54252 2.51510 2.49814 2.48567 2.47418 2.53587
3.59758 3.80266 4.23725 4.31254 4.59393 4.62138 4.62802 4.55384 4.55351 4.55301 4.55251 4.55201 4.55185 4.55185 4.90636 5.58258 5.89968 5.89968 5.89597 5.80890 5.83501 6.04037 5.94302 5.55542 5.34520 5.32093 5.32138 5.37426 5.35293 5.22344 5.15598 5.00057 4.95639 4.93114 4.92213 4.80913 4.16535 4.05386 4.03692 3.97644 3.87102 3.90143 4.03418 4.05199 4.02580 4.01849 4.01849 4.01849 4.01849 3.73342 3.54716 3.36073 3.33674 3.28666 3.16507 3.14071 3.11110 3.02342 2.54596 2.50789 2.35672 2.25688 2.22173 2.19628 2.16688 2.14015 2.16857
3.59758 3.73831 4.08094 4.28325 4.63307 4.64775 4.64775 4.56690 4.55185 4.55185 4.55185 4.55185 4.55185 4.54922 4.79586 5.37012 5.88015 5.89516 5.91188 5.75768 5.71737 5.74165 5.71571 5.52332 5.21528 5.18505 5.15485 5.16953 5.19899 5.13258 5.07012 4.98340 4.91840 4.90142 4.88449 4.78950 4.24310 3.99531 3.99541 3.98587 3.85988 3.85361 3.95605 3.95958 3.93046 3.88886 3.86289 3.83395 3.80358 3.56699 3.27253 3.08665 2.97771 2.95024 2.81420 2.78610 2.77101 2.75736 2.21992 2.10977 2.06161 1.96786 1.98446 2.01711 2.01729 2.01830 2.03216
3.59758 3.66495 3.89466 4.33781 4.52613 4.64775 4.64775 4.59558 4.54807 4.53844 4.52875 4.52096 4.53137 4.54906 4.72651 5.21969 5.90117 5.87092 5.84071 5.69921 5.54000 5.52463 5.50567 5.43711 5.03136 5.02592 5.02477 5.00255 4.92464 4.83347 4.67152 4.56576 4.34841 4.29020 4.23223 4.13710 3.87329 3.73335 3.70734 3.68331 3.56274 3.52392 3.60829 3.66469 3.67946 3.66790 3.66133 3.65254 3.64649 3.50687 3.22506 3.05626 2.87535 2.86506 2.77494 2.73802 2.74708 2.75613 2.39680 2.13562 2.12704 1.98368 1.99053 2.02834 2.03415 2.04037 2.04120
3.56442 3.60178 3.82152 4.30811 4.37720 4.61239 4.59479 4.56651 4.49615 4.45154 4.40223 4.35101 4.28160 4.20758 4.18741 4.82895 5.27146 5.24654 5.20714 5.12494 4.91826 4.95020 5.00683 4.98921 4.64317 4.54319 4.52339 4.51310 4.47814 4.47892 4.35172 4.33162 3.97044 3.94455 3.94455 3.94130 3.77153 3.65554 3.65554 3.65554 3.59532 3.52251 3.57078 3.64891 3.66231 3.65618 3.65991 3.66897 3.67674 3.61028 3.30584 3.15382 2.88049 2.88798 2.85025 2.76716 2.76716 2.76992 2.57348 2.16061 2.19068 2.06144 2.01961 2.04697 2.06334 2.06439 2.06439
3.15302 3.42229 3.55391 3.86726 3.96447 4.30270 4.25518 4.19977 4.10906 4.10542 4.10724 4.10749 4.10782 4.10803 4.10840 4.61645 5.01329 5.12354 5.14178 5.11278 4.84050 4.75525 4.73291 4.72215 4.61156 4.49254 4.49761 4.49630 4.46662 4.45106 4.34513 4.30443 4.01523 3.89872 3.89691 3.89510 3.78516 3.59294 3.57023 3.55136 3.52117 3.46643 3.54656 3.65804 3.68235 3.68084 3.67030 3.63434 3.59538 3.54999 3.21373 3.20948 2.95887 2.89418 2.86790 2.79809 2.80947 2.81829 2.76096 2.19701 2.22406 2.13155 2.03131 2.04459 2.06764 2.08216 2.09763
2.19704 2.35601 2.53795 3.13861 3.57915 3.95380 4.04536 4.04326 4.02060 4.00434 4.00281 4.00362 4.02753 4.06175 4.06072 4.38548 4.80305 4.92713 4.87948 4.88345 4.74203 4.66160 4.69856 4.71104 4.66514 4.46755 4.46755 4.46755 4.45255 4.42592 4.35921 4.28289 4.09190 3.84264 3.80956 3.77649 3.71163 3.55077 3.52311 3.52311 3.52308 3.48120 3.51414 3.58799 3.60008 3.56563 3.52661 3.52495 3.52632 3.52046 3.25870 3.16780 2.98505 2.82818 2.82794 2.82143 2.81913 2.81913 2.81726 2.30107 2.21487 2.20262 2.06323 2.08375 2.12079 2.12178 2.12178
1.89434 2.22898 2.28668 2.93792 3.56703 3.78572 4.03009 4.03046 4.04648 4.05166 4.03196 4.00354 3.95204 3.89023 3.86447 4.09219 4.61449 4.90028 4.90794 4.90902 4.82563 4.66967 4.68711 4.71104 4.71034 4.49401 4.46737 4.46238 4.43626 4.36511 4.30208 4.15521 4.04974 3.72517 3.72517 3.72517 3.71634 3.58602 3.53757 3.52089 3.50221 3.45561 3.44536 3.58282 3.65609 3.60110 3.50248 3.48286 3.46319 3.45079 3.28021 3.13182 3.05753 2.82794 2.82794 2.82411 2.81916 2.82885 2.84604 2.50410 2.26325 2.28951 2.11356 2.10309 2.15877 2.19760 2.23307
1.78640 2.20400 2.22898 2.78819 3.42148 3.69131 4.03055 3.99917 3.94334 3.87225 3.86421 3.87109 3.87985 3.88860 3.89657 3.98015 4.54598 4.90902 4.90902 4.90902 4.89038 4.67082 4.66787 4.69102 4.65925 4.48013 4.34978 4.32169 4.31190 4.28103 4.26912 4.15222 4.15792 3.81163 3.79213 3.77501 3.75632 3.62796 3.50250 3.49533 3.47590 3.43285 3.35967 3.43209 3.54170 3.55602 3.44524 3.45063 3.45063 3.45063 3.35342 3.12859 3.13020 2.84541 2.84984 2.86589 2.87539 2.88277 2.87727 2.65776 2.32209 2.39149 2.30534 2.27073 2.29055 2.30340 2.29241
1.78104 2.10815 2.22898 2.58809 3.22941 3.65018 3.85706 3.87357 3.87357 3.88281 3.89615 3.89802 3.89802 3.89802 3.89802 3.89827 4.42598 4.83647 4.83334 4.80399 4.77791 4.67751 4.66347 4.57571 4.55761 4.49143 4.33091 4.33947 4.34803 4.33861 4.31210 4.23325 4.17404 3.86081 3.70336 3.68688 3.66663 3.57878 3.39439 3.35909 3.33803 3.32488 3.28035 3.36454 3.47734 3.56074 3.42347 3.39323 3.36698 3.34225 3.30608 3.08340 3.09615 2.87557 2.76017 2.72377 2.68010 2.64930 2.63559 2.59909 2.50051 2.54779 2.47794 2.32389 2.29727 2.27779 2.27443
1.78104 1.99346 2.22898 2.35934 3.01862 3.63422 3.80096 3.87357 3.87357 3.88192 3.89802 3.88522 3.85121 3.81689 3.78399 3.75782 4.13078 4.60473 4.72385 4.72722 4.79030 4.74955 4.70999 4.65680 4.61020 4.60013 4.36474 4.31408 4.26790 4.21646 4.13779 4.08358 4.02027 3.81005 3.51457 3.46520 3.42039 3.36358 3.12627 3.08361 3.05327 3.02238 2.95343 2.94644 2.98202 3.11750 3.03684 3.07310 3.09244 3.10019 3.07612 2.92847 2.85103 2.70308 2.61183 2.62904 2.64168 2.64073 2.61089 2.57393 2.47194 2.44230 2.41832 2.22518 2.21236 2.29826 2.32020
1.78102 1.85951 2.22898 2.23789 2.87579 3.52891 3.71828 3.81483 3.77852 3.74477 3.75378 3.74610 3.73748 3.72484 3.71068 3.69078 3.92590 4.52926 4.66745 4.66178 4.73174 4.72059 4.61925 4.52094 4.36124 4.28547 4.02808 3.91280 3.86556 3.81158 3.72012 3.65794 3.56082 3.48468 3.19754 3.18284 3.18284 3.17897 2.96016 2.90084 2.90084 2.90084 2.87831 2.87060 2.91262 3.06397 2.96410 2.93684 2.87497 2.80578 2.75398 2.64692 2.60896 2.61507 2.61477 2.57917 2.52386 2.46994 2.44628 2.42518 2.36145 2.34135 2.35430 2.26934 2.26361 2.35244 2.38455
1.88182 1.90111 2.28937 2.43352 2.95838 3.36611 3.52355 3.71227 3.70199 3.68703 3.69517 3.68858 3.70020 3.71734 3.73471 3.75247 3.85193 4.29273 4.43030 4.37158 4.33970 4.28030 4.10224 4.04996 3.90350 3.85205 3.75358 3.63665 3.61674 3.60359 3.57898 3.55456 3.49459 3.47350 3.19600 3.12298 3.11947 3.11593 2.95055 2.82674 2.80542 2.73819 2.65543 2.52130 2.54006 2.59993 2.63780 2.60686 2.70228 2.70971 2.70772 2.65819 2.59839 2.44237 2.42889 2.44564 2.45226 2.48312 2.51529 2.53905 2.52387 2.45317 2.33604 2.31053 2.28176 2.33489 2.39188
2.00725 2.00008 2.13180 2.14265 2.61601 3.16465 3.46691 3.69055 3.76335 3.78351 3.81701 3.85012 3.85004 3.84913 3.84426 3.80955 3.77001 3.92771 4.05703 4.01913 3.99135 3.97305 3.89000 3.84094 3.74848 3.69838 3.67601 3.52980 3.52973 3.52973 3.52149 3.48711 3.44660 3.42364 3.21885 3.05473 3.03222 3.00878 2.81120 2.46940 2.41694 2.41012 2.41012 2.33255 2.44216 2.52097 2.68028 2.62727 2.81989 2.87084 2.76303 2.74074 2.66155 2.55948 2.46253 2.42848 2.40325 2.49783 2.55937 2.55937 2.53871 2.48540 2.34983 2.32292 2.26327 2.26413 2.32547
1.94765 1.94758 1.95414 1.96263 2.36981 3.13496 3.53228 3.69585 3.81363 3.81363 3.81323 3.80975 3.76311 3.68809 3.61426 3.57023 3.53310 3.67476 3.93012 3.92788 3.91406 3.91159 3.87255 3.81281 3.77073 3.69811 3.69811 3.55701 3.52973 3.52965 3.52626 3.47265 3.42280 3.36246 3.22312 2.95840 2.95064 2.95064 2.86361 2.41035 2.41126 2.43159 2.46632 2.44934 2.55484 2.63278 2.83299 2.80824 2.95999 2.91360 2.75971 2.63254 2.54871 2.51294 2.38679 2.39859 2.35839 2.39460 2.48927 2.47873 2.44667 2.37641 2.24769 2.18372 2.13174 2.12586 2.21554
1.94758 1.94758 1.94934 1.96257 2.25340 2.94859 3.44217 3.58783 3.71077 3.62328 3.53876 3.53872 3.52381 3.51807 3.50268 3.48590 3.46913 3.54279 3.85885 3.90142 3.90142 3.90995 3.89988 3.81294 3.80275 3.69500 3.68438 3.57205 3.47463 3.45386 3.43631 3.40714 3.38156 3.32557 3.26404 3.02816 2.98693 3.01050 3.04222 2.59152 2.57364 2.58868 2.60048 2.60677 2.63968 2.71409 2.63769 2.56613 2.69612 2.77568 2.73474 2.62373 2.57226 2.55330 2.41677 2.41219 2.28140 2.27187 2.38855 2.38042 2.37462 2.32971 2.23995 2.15814 2.12223 2.09717 2.16348
1.94758 1.94758 1.94758 1.96060 2.14316 2.73544 3.33584 3.49320 3.44169 3.44579 3.41689 3.43012 3.47040 3.45660 3.45523 3.45523 3.45523 3.49741 3.79692 3.89341 3.86329 3.83470 3.83467 3.87033 3.92065 3.69134 3.60031 3.55676 3.42438 3.41681 3.40922 3.39034 3.35143 3.40354 3.41266 3.20815 3.11699 3.13084 3.12852 2.81178 2.65834 2.66172 2.65501 2.62974 2.59484 2.68254 2.63161 2.56796 2.61812 2.77284 2.76939 2.63069 2.58637 2.54337 2.43615 2.37775 2.25631 2.21929 2.29075 2.30777 2.28234 2.24393 2.25506 2.15585 2.15003 2.15149 2.22518
1.94758 1.94758 1.94758 1.95725 2.01710 2.49879 3.18102 3.45720 3.33809 3.33483 3.33077 3.34592 3.45498 3.45523 3.44208 3.40750 3.37259 3.35728 3.61871 3.79200 3.80917 3.85969 3.92733 3.95303 3.97205 3.77121 3.55940 3.54938 3.39316 3.40142 3.44344 3.48458 3.41192 3.45944 3.50528 3.35566 3.17760 3.16500 3.11505 2.85728 2.56872 2.56260 2.55648 2.55036 2.51057 2.58712 2.56235 2.45977 2.43749 2.63897 2.62266 2.50413 2.43921 2.41035 2.34362 2.22802 2.12722 2.07547 2.13485 2.22647 2.24221 2.27505 2.32751 2.26834 2.27830 2.23730 2.25130
1.94758 1.94775 1.97820 2.01896 2.03969 2.37472 2.91119 3.32775 3.28276 3.25732 3.19632 3.13537 3.17523 3.16649 3.16533 3.18687 3.20818 3.21904 3.40130 3.60875 3.59250 3.62422 3.81500 3.82226 3.85613 3.78594 3.49409 3.51407 3.42267 3.38970 3.39313 3.39691 3.33039 3.33840 3.40822 3.40435 3.07321 2.97013 2.96699 2.86918 2.49875 2.49834 2.49834 2.49834 2.46818 2.53802 2.54234 2.43672 2.37096 2.46771 2.52001 2.45897 2.39835 2.41903 2.43431 2.27695 2.18491 2.14016 2.18803 2.35360 2.37997 2.38223 2.39262 2.34348 2.30045 2.28955 2.30721
2.03788 2.05931 2.06191 2.05201 2.08734 2.13161 2.44752 2.80102 2.78104 2.89292 2.94746 2.99486 3.10393 3.18538 3.18608 3.18548 3.18546 3.18546 3.26518 3.43855 3.41696 3.41830 3.67458 3.72310 3.80474 3.79262 3.35442 3.27481 3.30248 3.39342 3.43231 3.47078 3.43411 3.34244 3.41524 3.41692 3.21870 2.98216 2.98346 2.94757 2.56352 2.51364 2.51374 2.49656 2.48230 2.47492 2.49057 2.42599 2.39623 2.45760 2.57511 2.55389 2.45357 2.46351 2.47764 2.44278 2.35634 2.24329 2.22706 2.31799 2.32481 2.30194 2.27833 2.30140 2.32835 2.34417 2.36224
