High_resolution/powerplant/Shangrao/OMI_NO2_201001.asc
ncols      200
nrows      200
xllcorner       115.451
yllcorner       27.0350
cellsize     0.0166667
NODATA_Value      -999.000
[rows 29 to 57 of 200, columns 67 to 133 of 200]
2.71020 2.71020 2.71020 2.71020 2.71020 2.71020 2.71020 2.71020 2.71020 2.71020 3.25094 5.18065 6.56551 9.98360 13.2646 13.2646 13.2646 12.1749 7.24287 7.24287 7.24287 7.24287 7.24287 7.24287 7.24287 7.24287 7.24287 7.24287 7.24287 7.24287 7.24287 7.24287 7.24287 7.24287 7.24287 7.24287 7.24287 7.24287 7.24287 7.20847 6.89343 6.51676 6.14023 5.69655 5.34155 5.34155 5.34155 5.34155 5.34155 5.34155 5.34155 5.34155 5.34155 5.34155 5.34155 5.34155 5.34155 5.34155 5.34155 5.34155 5.34155 5.34155 5.34155 5.34155 5.34155 5.34155 5.34155
2.71020 2.71020 2.71020 2.71020 2.71020 2.71020 2.86925 4.65579 6.20904 7.28747 7.93866 7.98739 7.98739 9.08940 13.2646 13.2646 13.2646 13.2616 8.10208 7.24287 7.24287 7.24287 7.24287 7.24287 7.24287 7.24287 7.24287 7.24287 7.24287 7.24287 7.24287 7.24287 7.24287 7.24287 7.24287 7.23269 6.96681 6.59000 6.21347 5.87120 5.80957 5.80957 5.80957 5.79502 5.36471 5.34155 5.34155 5.34155 5.34155 5.34155 5.34155 5.34155 5.34155 5.34155 5.34155 5.34155 5.34155 5.34155 5.34155 5.34155 5.34155 5.34155 5.34155 5.34155 5.34155 5.34155 5.34155
2.71020 2.71020 2.71231 4.05723 5.81250 7.00494 7.82642 7.98739 7.98739 7.98739 7.98739 7.98739 7.98739 8.20670 13.1860 13.2646 13.2646 13.2646 10.0445 7.24287 7.24287 7.24287 7.24287 7.24287 7.24287 7.24287 7.24287 7.24287 7.24287 7.24287 7.24287 7.24258 7.04005 6.66338 6.28671 5.92036 5.80957 5.80957 5.80957 5.80957 5.80957 5.80957 5.80957 5.80957 5.49848 5.34155 5.34155 5.34155 5.34155 5.34155 5.34155 5.34155 5.34155 5.34155 5.34155 5.34155 5.34155 5.34155 5.34155 5.34155 5.34155 5.34155 5.34155 5.34155 5.34155 5.34155 0.00000
5.36814 6.69478 7.63918 7.98739 7.98739 7.98739 7.98739 7.98739 7.98739 7.98739 7.98739 7.99513 8.01537 8.03576 11.5250 13.2646 13.2646 13.2646 11.9887 7.24287 7.24287 7.24287 7.24287 7.24287 7.24287 7.24287 7.24287 7.24287 7.10885 6.73677 6.35995 5.98371 5.80957 5.80957 5.80957 5.80957 5.80957 5.80957 5.80957 5.80957 5.80957 5.80957 5.80957 5.80957 5.64678 5.34155 5.34155 5.34155 5.34155 5.34155 5.34155 5.34155 5.34155 5.34155 5.34155 5.34155 5.34155 5.34155 5.34155 5.34155 5.34155 5.34155 0.00000 0.00000 0.00000 0.00000 0.00000
7.98739 7.98739 7.98739 7.98739 7.98739 7.99037 8.00865 8.02904 8.04943 8.06978 8.09016 8.10282 8.10298 8.10298 9.94063 13.2646 13.2646 13.2646 13.2405 7.93596 7.24287 7.24287 7.24287 7.24287 7.16346 6.81001 6.43334 6.05653 5.81415 5.80957 5.80957 5.80957 5.80957 5.80957 5.80957 5.80957 5.80957 5.80957 5.80957 5.80957 5.80957 5.80957 5.80957 5.80957 5.78308 5.35358 5.34155 5.34155 5.34155 5.34155 5.34155 5.34155 5.34155 5.34155 5.34155 5.34155 5.34155 5.34155 0.00000 0.00000 0.00000 0.00000 0.00000 0.00000 0.00000 0.00000 0.00000
8.00191 8.02231 8.04270 8.06310 8.08345 8.10084 8.10298 8.10298 8.10298 8.10298 8.10298 8.10298 8.10298 8.10298 8.84575 13.2646 13.2646 13.2646 13.2646 9.85750 7.20374 6.88339 6.50672 6.12977 5.83279 5.80957 5.80957 5.80957 5.80957 5.80957 5.80957 5.80957 5.80957 5.80957 5.80957 5.80957 5.80957 5.80957 5.80957 5.80957 5.80957 5.80957 5.80957 5.80957 5.80957 5.47542 5.34155 5.34155 5.34155 5.34155 5.34155 5.34155 5.34155 5.34155 0.00000 0.00000 0.00000 0.00000 0.00000 0.00000 0.00000 0.00000 0.00000 0.00000 0.00000 0.00000 0.00000
8.10298 8.10298 8.10298 8.10298 8.10298 8.10298 8.10298 8.10298 8.10298 8.10298 8.10298 8.10298 8.10298 8.10298 8.16593 12.8097 13.2497 12.6663 11.7915 9.76691 5.86561 5.80957 5.80957 5.80957 5.80957 5.80957 5.80957 5.80957 5.80957 5.80957 5.80957 5.80957 5.80957 5.80957 5.80957 5.80957 5.80957 5.80957 5.80957 5.80957 5.80957 5.80957 5.80957 5.80957 5.80957 5.62381 5.34155 5.34155 5.34155 5.34155 5.34155 0.00000 0.00000 0.00000 0.00000 0.00000 0.00000 0.00000 0.00000 0.00000 0.00000 0.00000 0.00000 0.00000 0.00000 0.00000 0.00000
8.10298 8.10298 8.10298 8.10298 8.10298 8.10298 8.10298 8.10298 8.10298 8.10298 8.10298 8.10298 8.10298 7.92981 7.49493 9.29531 10.3132 10.0216 10.0216 9.97743 6.18602 5.80957 5.80957 5.80957 5.80957 5.80957 5.80957 5.80957 5.80957 5.80957 5.80957 5.80957 5.80957 5.80957 5.80957 5.80957 5.80957 5.80957 5.80957 5.80957 5.80957 5.80957 5.68432 5.16146 4.60939 4.07859 4.04006 0.00000 0.00000 0.00000 0.00000 0.00000 0.00000 0.00000 0.00000 0.00000 0.00000 0.00000 0.00000 0.00000 0.00000 0.00000 0.00000 0.00000 0.00000 0.00000 0.00000
8.10282 8.10298 8.10298 8.10298 8.10298 8.10298 8.10298 8.10298 8.10298 8.02531 7.62367 7.18604 6.74857 6.48411 6.48151 7.45369 10.0216 10.0216 10.0216 10.0216 7.49592 5.80957 5.80957 5.80957 5.80957 5.80957 5.80957 5.80957 5.80957 5.80957 5.80957 5.80957 5.80957 5.80957 5.80957 5.80957 5.80957 5.80957 5.74589 5.26801 4.71615 4.16408 3.73726 3.70805 3.70805 3.70805 3.70805 0.00000 0.00000 0.00000 0.00000 0.00000 0.00000 0.00000 0.00000 0.00000 0.00000 0.00000 0.00000 0.00000 0.00000 0.00000 0.00000 0.00000 0.00000 0.00000 0.00000
8.06181 8.10298 8.10298 8.10298 8.10298 8.08320 7.75225 7.31478 6.87715 6.51735 6.48151 6.48151 6.48151 6.48151 6.48151 6.78371 10.0216 10.0216 10.0216 10.0216 8.85032 5.80957 5.80957 5.80957 5.80957 5.80957 5.80957 5.80957 5.80957 5.80957 5.80957 5.80957 5.80957 5.80957 5.78687 5.37476 4.82270 4.27084 3.78244 3.70805 3.70805 3.70805 3.70805 3.70805 3.70805 3.70805 3.70805 0.00000 0.00000 0.00000 0.00000 0.00000 0.00000 0.00000 0.00000 0.00000 0.00000 0.00000 0.00000 0.00000 0.00000 0.00000 0.00000 0.00000 0.00000 0.00000 0.00000
7.98878 8.10298 7.88100 7.44353 7.00589 6.58821 6.48151 6.48151 6.48151 6.48151 6.48151 6.48151 6.48151 6.48151 6.46713 6.42100 9.24631 10.0216 10.0216 10.0216 9.93110 6.08290 5.80957 5.80957 5.80957 5.80957 5.80957 5.80957 5.80957 5.80957 5.80705 5.48152 4.92945 4.37753 3.84822 3.70805 3.70805 3.70805 3.70805 3.70805 3.70805 3.70805 3.70805 3.70805 3.70805 3.70805 3.70805 3.70805 0.00000 0.00000 0.00000 0.00000 0.00000 0.00000 0.00000 0.00000 0.00000 0.00000 0.00000 0.00000 0.00000 0.00000 0.00000 0.00000 0.00000 0.00000 0.00000
6.94740 6.69700 6.48151 6.48151 6.48151 6.48151 6.48151 6.48151 6.47698 6.43606 6.38725 6.33933 6.29048 6.24109 6.20631 6.20501 7.87915 10.0216 10.0216 10.0216 10.0216 7.34751 5.80957 5.80957 5.80957 5.80957 5.80957 5.58555 5.03600 4.48414 3.93459 3.70805 3.70805 3.70805 3.70805 3.70805 3.70805 3.70805 3.70805 3.70805 3.70805 3.70805 3.70805 3.70805 3.70805 3.70805 3.70805 3.70805 0.00000 0.00000 0.00000 0.00000 0.00000 0.00000 0.00000 0.00000 0.00000 0.00000 0.00000 0.00000 0.00000 0.00000 0.00000 0.00000 0.00000 0.00000 0.00000
6.22791 6.47485 6.48147 6.45319 6.40355 6.35389 6.30476 6.25694 6.21289 6.20501 6.20501 6.20501 6.20501 6.20501 6.20501 6.20501 6.97651 10.0216 10.0216 10.0216 10.0216 8.70213 5.80957 5.67150 5.14276 4.59090 4.03883 3.71057 3.70805 3.70805 3.70805 3.70805 3.70805 3.70805 3.70805 3.70805 3.70805 3.70805 3.70805 3.70805 3.70805 3.70805 3.70805 3.70805 3.70805 3.70805 3.70805 3.70805 0.00000 0.00000 0.00000 0.00000 0.00000 0.00000 0.00000 0.00000 0.00000 0.00000 0.00000 0.00000 0.00000 0.00000 0.00000 0.00000 0.00000 0.00000 0.00000
6.22755 6.26575 6.22508 6.20501 6.20501 6.20501 6.20501 6.20501 6.20501 6.20501 6.20501 6.20501 6.20501 6.20501 6.20501 6.20501 6.34918 9.94607 10.0216 9.97854 9.61575 9.03409 4.35717 3.73159 3.70805 3.70805 3.70805 3.70805 3.70805 3.70805 3.70805 3.70805 3.70805 3.70805 3.70805 3.70805 3.70805 3.70805 3.70805 3.70805 3.70805 3.70805 3.70805 3.70805 3.70805 3.70805 3.70805 3.70805 0.00000 0.00000 0.00000 0.00000 0.00000 0.00000 0.00000 0.00000 0.00000 0.00000 0.00000 0.00000 0.00000 0.00000 0.00000 0.00000 0.00000 3.63759 3.81538
6.23622 6.22142 6.20501 6.20501 6.20501 6.20501 6.20501 6.20501 6.20501 6.20501 6.20501 6.20501 6.20501 6.20501 6.20501 6.20240 6.06467 8.10737 8.88589 8.50138 8.43672 8.43672 5.26946 3.70805 3.70805 3.70805 3.70805 3.70805 3.70805 3.70805 3.70805 3.70805 3.70805 3.70805 3.70805 3.70805 3.70805 3.70805 3.70805 3.70805 3.70805 3.70805 3.70805 3.70805 3.70805 3.61085 3.38207 3.15208 2.86075 0.00000 0.00000 0.00000 0.00000 0.00000 0.00000 0.00000 0.00000 0.00000 0.00000 0.00000 0.00000 3.63759 3.63759 3.63759 3.63759 6.69696 16.8441
6.23622 6.23004 6.20501 6.20501 6.20501 6.20501 6.20501 6.20501 6.20501 6.20501 6.20501 6.20501 6.12537 5.91346 5.69981 5.48854 5.41255 6.46298 8.43672 8.43672 8.43672 8.43672 6.78946 3.70805 3.70805 3.70805 3.70805 3.70805 3.70805 3.70805 3.70805 3.70805 3.70805 3.70805 3.70805 3.70805 3.70805 3.70805 3.70805 3.70805 3.70805 3.64721 3.42612 3.19648 2.96691 2.83456 2.83386 2.83386 2.83386 0.00000 0.00000 0.00000 0.00000 0.00000 0.00000 0.00000 0.00000 3.63759 3.63759 3.63759 3.63759 3.63759 3.63759 3.63759 3.63759 3.70102 16.6245
6.23622 6.23606 6.20762 6.20501 6.20501 6.20501 6.20501 6.20501 6.17030 5.97615 5.76234 5.54861 5.41453 5.41255 5.41255 5.41255 5.41255 5.82904 8.43672 8.43672 8.43672 8.43672 8.17811 3.84044 3.70805 3.70805 3.70805 3.70805 3.70805 3.70805 3.70805 3.70805 3.70805 3.70805 3.70805 3.70805 3.70805 3.67509 3.47018 3.24062 3.01097 2.84225 2.83386 2.83386 2.83386 2.83386 2.83386 2.83386 2.83386 0.00000 0.00000 0.00000 0.00000 3.63759 3.63759 3.63759 3.63759 3.63759 3.63759 3.63759 3.63759 3.63759 3.63759 3.63759 3.63759 3.63759 13.9113
6.23622 6.23622 6.21608 6.20501 6.19685 6.03875 5.82502 5.61122 5.43220 5.41255 5.41255 5.41255 5.41255 5.41255 5.41255 5.41255 5.41255 5.47706 8.17124 8.43672 8.43672 8.43672 8.43672 5.10259 3.70805 3.70805 3.70805 3.70805 3.70805 3.70805 3.70805 3.70805 3.70805 3.69441 3.51424 3.28468 3.05512 2.85851 2.83386 2.83386 2.83386 2.83386 2.83386 2.83386 2.83386 2.83386 2.83386 2.83386 2.83386 2.83386 3.63759 3.63759 3.63759 3.63759 3.63759 3.63759 3.63759 3.63759 3.63759 3.63759 3.63759 3.63759 3.63759 3.63759 3.63759 3.63759 9.92567
6.23622 6.13265 5.90752 5.67390 5.46826 5.41255 5.41255 5.41255 5.41255 5.41255 5.41255 5.42040 5.53771 5.69049 5.84283 5.99535 6.14805 6.26699 7.42888 8.43672 8.43672 8.43672 8.43672 6.62346 3.70805 3.70805 3.70805 3.70805 3.70805 3.70534 3.55830 3.32883 3.09918 2.88325 2.83386 2.83386 2.83386 2.83386 2.83386 2.83386 2.83386 2.83386 2.83386 2.83386 2.83386 2.83386 2.83386 2.83386 2.83386 2.83386 3.63759 3.63759 3.63759 3.63759 3.63759 3.63759 3.63759 3.63759 3.63759 3.63759 3.63759 3.63759 3.63759 3.63759 3.63759 3.63759 4.59290
5.55399 5.44376 5.44076 5.41270 5.41255 5.41255 5.48592 5.63826 5.79096 5.94339 6.09591 6.24066 6.27571 6.27571 6.27571 6.27571 6.27571 6.27571 6.85605 8.43672 8.43672 8.43672 8.43672 8.07174 3.77993 3.70805 3.60219 3.37289 3.14324 2.91639 2.83386 2.83386 2.83386 2.83386 2.83386 2.83386 2.83386 2.83386 2.83386 2.83386 2.83386 2.83386 2.83386 2.83386 2.83386 2.83386 2.83386 2.83386 2.83386 2.83386 3.63759 3.63759 3.63759 3.63759 3.63759 3.63759 3.63759 3.63759 3.63759 3.63759 3.63759 3.63759 3.63759 3.63759 3.63759 3.63759 3.63759
5.44239 5.43451 5.42578 5.78280 6.04395 6.19638 6.27571 6.27571 6.27571 6.27571 6.27571 6.27571 6.27571 6.27571 6.27571 6.27571 6.27571 6.27571 6.45270 8.43672 8.43672 8.43672 8.39049 8.21735 4.44866 2.95773 2.83404 2.83386 2.83386 2.83386 2.83386 2.83386 2.83386 2.83386 2.83386 2.83386 2.83386 2.83386 2.83386 2.83386 2.83386 2.83386 2.83386 2.83386 2.83386 2.83386 2.83386 2.83386 2.83386 2.83386 3.31055 3.63759 3.63759 3.63759 3.63759 3.63759 3.63759 3.63759 3.63759 3.63759 3.63759 3.63759 3.63759 3.63759 3.63759 3.63759 3.63759
5.39661 5.39576 5.39576 5.86688 6.27571 6.27571 6.27571 6.27571 6.27571 6.27571 6.27571 6.27571 6.27571 6.27571 6.27571 6.27571 6.27571 6.27571 6.26798 7.82031 8.08944 7.90908 7.77501 7.76771 5.69376 2.83386 2.83386 2.83386 2.83386 2.83386 2.83386 2.83386 2.83386 2.83386 2.83386 2.83386 2.83386 2.83386 2.83386 2.83386 2.83386 2.83386 2.83386 2.83386 2.83386 2.83386 2.83386 2.83386 2.83386 2.83386 2.83386 3.63759 3.63759 3.63759 3.63759 3.63759 3.63759 3.63759 3.63759 3.63759 3.63759 3.63759 3.63759 3.63759 3.67141 6.29355 14.1321
5.39576 5.39576 5.39576 5.62471 6.27571 6.27571 6.27571 6.27571 6.27571 6.27571 6.27571 6.27571 6.27571 6.27571 6.27487 6.21848 6.12826 6.03808 5.95606 6.73673 7.76771 7.76771 7.76771 7.76771 7.24605 2.86149 2.83386 2.83386 2.83386 2.83386 2.83386 2.83386 2.83386 2.83386 2.83386 2.83386 2.83386 2.83386 2.83386 2.83386 2.83386 2.83386 2.83386 2.83386 2.83386 2.83386 2.83386 2.83386 0.00000 0.00000 0.00000 3.63759 3.63759 3.63759 3.63759 3.63759 3.63759 3.63759 3.63759 3.63759 3.71932 9.57325 16.6887 21.7742 25.5742 27.8315 27.9604
5.39576 5.39576 5.39576 5.41978 6.23849 6.27571 6.27571 6.27571 6.27571 6.27571 6.27571 6.24353 6.15445 6.06430 5.97496 5.94121 5.94121 5.94121 5.94121 6.30844 7.76771 7.76771 7.76771 7.76771 7.76771 3.91964 2.83386 2.83386 2.83386 2.83386 2.83386 2.83386 2.83386 2.83386 2.83386 2.83386 2.83386 2.83386 2.83386 2.83386 2.83386 2.83386 2.83386 2.83386 0.00000 0.00000 0.00000 0.00000 0.00000 0.00000 0.00000 3.63759 3.63759 3.63759 3.63759 3.63759 5.06523 12.7531 18.9161 23.4187 26.8252 27.9604 27.9604 27.9604 27.9604 27.9604 27.9604
5.39576 5.39576 5.39576 5.39576 6.02052 6.27571 6.27571 6.26186 6.18068 6.09050 6.00031 5.94231 5.94121 5.94121 5.94121 5.94121 5.94121 5.94121 5.94121 6.00971 7.73155 7.76771 7.76771 7.76771 7.76771 5.49966 2.83386 2.83386 2.83386 2.83386 2.83386 2.83386 2.83386 2.83386 2.83386 2.83386 2.83386 2.83386 2.83386 2.83386 2.83386 0.00000 0.00000 0.00000 0.00000 0.00000 0.00000 0.00000 0.00000 0.00000 0.00000 0.00000 8.80967 15.4800 20.8723 24.8911 27.6272 27.9604 27.9604 27.9604 27.9604 27.9604 27.9604 27.9604 27.9604 27.9604 27.9604
5.39576 5.39576 5.39576 5.39265 5.70970 6.11669 6.02650 5.95017 5.94121 5.94121 5.94121 5.94121 5.94121 5.94121 5.94210 5.96770 6.00433 6.04097 6.07761 6.11427 7.20454 7.76771 7.76771 7.76771 7.76771 7.07726 2.83732 2.83386 2.83386 2.83386 2.83386 2.83386 2.83386 2.83386 2.83386 2.83386 2.83386 0.00000 0.00000 0.00000 0.00000 0.00000 0.00000 0.00000 0.00000 0.00000 0.00000 0.00000 0.00000 51.4800 51.4800 51.4800 35.8443 27.9604 27.9604 27.9604 27.9604 27.9604 27.9604 27.9604 27.9604 27.9604 27.9604 27.9604 27.9604 27.9604 27.9604
5.35308 5.26293 5.17278 5.08571 5.20205 5.94121 5.94121 5.94121 5.94121 5.95519 5.99158 6.02821 6.06483 6.10149 6.13726 6.14832 6.14832 6.14832 6.14832 6.14832 6.71508 7.76771 7.76771 7.76771 7.76771 7.76771 3.72599 2.83386 2.83386 2.83386 2.83386 2.83386 2.83386 0.00000 0.00000 0.00000 0.00000 0.00000 0.00000 0.00000 0.00000 0.00000 0.00000 0.00000 0.00000 0.00000 0.00000 0.00000 0.00000 51.4800 51.4800 51.4800 44.2370 27.9604 27.9604 27.9604 27.9604 27.9604 27.9604 27.9604 27.9604 27.9604 27.9604 27.9604 27.9604 27.9604 27.9604
5.06129 5.06126 5.06126 5.06935 5.13103 5.92453 6.05207 6.08873 6.12537 6.14803 6.14832 6.14832 6.14832 6.14832 6.14832 6.14832 6.14832 6.14832 6.14832 6.14832 6.37618 7.76771 7.76771 7.76771 7.76771 7.63419 5.64644 2.83386 2.83386 0.00000 0.00000 0.00000 0.00000 0.00000 0.00000 0.00000 0.00000 0.00000 0.00000 0.00000 0.00000 0.00000 0.00000 0.00000 0.00000 0.00000 0.00000 0.00000 0.00000 51.4800 51.4800 51.4800 51.4377 29.6575 27.9604 27.9604 27.9604 27.9604 27.9604 27.9604 27.9604 27.9604 27.9604 27.9604 27.9604 27.9604 27.9604
5.23544 5.30582 5.37619 5.43874 5.44834 5.87574 6.14832 6.14832 6.14832 6.14832 6.14832 6.14832 6.14832 6.14832 6.14832 6.14832 6.14832 6.14832 6.14832 6.14832 6.16682 7.55634 7.44116 7.16917 6.89749 6.75922 6.75922 0.00000 0.00000 0.00000 0.00000 0.00000 0.00000 0.00000 0.00000 0.00000 0.00000 0.00000 0.00000 0.00000 0.00000 0.00000 0.00000 0.00000 0.00000 0.00000 0.00000 0.00000 0.00000 0.00000 51.4800 51.4800 51.4800 34.7769 27.9604 27.9604 27.9604 27.9604 27.9604 27.9604 27.9604 27.9604 27.9604 27.9604 27.9604 27.9604 27.9604
