High_resolution/powerplant/Shangrao/OMI_NO2_200710.asc
ncols      200
nrows      200
xllcorner       115.451
yllcorner       27.0350
cellsize     0.0166667
NODATA_Value      -999.000
[rows 0 to 28 of 194, columns 67 to 133 of 200]
4.26289 4.25299 4.17221 4.30451 4.77848 5.17977 6.13776 6.11035 6.08386 6.05834 6.03378 6.01000 5.98687 5.96463 5.94311 5.92220 5.93467 6.37978 6.81333 7.49493 7.91606 8.43849 8.72760 8.71256 8.78395 8.92554 9.05744 9.17927 9.75629 10.2630 10.5935 10.6804 10.5678 10.3736 9.92558 9.59813 9.20973 9.20973 9.20973 9.20699 9.09027 8.39786 8.48593 8.58042 8.54792 8.51645 8.48537 8.35687 8.11325 8.06042 8.61651 6.43467 4.12631 1.83410 0.959249 0.959249 0.959249 1.05725 1.37079 1.95227 2.49078 2.76727 2.92636 3.01710 3.02889 3.02646 3.02646
4.26168 4.34063 4.34197 4.40744 4.65884 4.78886 5.82938 5.90082 5.90287 5.89833 5.89097 5.92576 6.01224 6.08744 6.15310 6.21094 6.24622 6.37593 6.75408 7.48431 8.33948 8.86625 8.89798 8.87167 8.93383 8.99307 9.05241 9.07034 9.30494 9.86284 9.66803 9.52122 9.50263 9.48420 9.32193 9.08646 8.57441 8.53101 8.50339 8.40507 8.30977 7.59202 7.36142 7.22043 7.12648 7.03709 6.95219 6.91511 6.77643 6.75328 7.03952 6.36466 3.52115 2.67164 1.64704 2.02882 2.37914 2.56644 2.67615 2.86762 3.03437 3.03437 3.03437 3.03437 3.03088 3.02646 3.02646
4.46015 4.50264 4.60498 4.76550 4.90875 5.08789 5.66767 6.01920 6.07989 6.14185 6.20341 6.23854 6.23887 6.23887 6.23887 6.39789 6.75502 7.11749 7.97562 8.54246 9.24997 9.37333 9.26118 8.87441 8.84099 8.76092 8.68002 8.63813 8.66992 9.51166 9.49259 9.29668 9.23538 9.10445 8.91635 8.56923 8.11741 7.85895 7.79301 7.78287 7.78287 7.39713 7.02460 6.91511 6.91511 6.91511 6.87721 6.78943 6.68383 6.38040 6.31126 5.72875 3.43124 3.12954 2.66877 2.76172 2.79569 2.82809 2.85989 2.94099 3.21222 3.23937 3.25010 3.25318 3.25484 3.25244 3.13064
4.63583 4.65094 4.75179 5.02010 5.29042 5.55118 5.79606 6.23887 6.23887 6.23887 6.25894 6.54471 6.89447 7.22331 7.53345 7.70421 7.71871 7.77838 8.31340 8.62427 9.31014 9.32772 9.33369 8.57465 8.52413 8.47641 8.43078 8.38613 8.34303 8.84709 9.07104 8.93072 8.91653 8.80994 8.64007 8.36820 8.12444 7.78287 7.78287 7.78287 7.77554 7.53432 6.88801 6.68627 6.57962 6.45185 6.27913 5.98164 5.51126 4.84326 4.27742 3.82554 3.51948 3.20833 3.26904 3.26466 3.24452 3.22505 3.20630 3.18835 3.36673 3.37452 3.36822 3.36822 3.36813 3.36292 3.24522
4.65759 4.65837 4.75357 4.97147 5.40325 5.53703 5.72008 6.66312 7.03020 7.35115 7.63848 7.70511 7.71511 7.77260 7.83552 7.87842 7.85763 7.78788 7.93965 8.07647 8.61306 8.79540 8.98013 8.30921 8.27066 8.27066 8.27066 8.27066 8.27066 8.55645 9.07063 8.97811 8.91653 8.87794 8.64091 8.42998 8.22258 7.57983 7.50228 7.42835 7.34240 7.14824 6.40676 5.95164 5.46956 5.05754 4.63874 4.33708 4.18203 3.83355 3.49244 3.40309 3.31761 3.05282 3.10655 3.14881 3.14881 3.14881 3.14881 3.14881 3.27664 3.36822 3.36822 3.36822 3.36822 3.36423 3.30105
4.65837 4.65896 4.80600 5.26535 6.39071 6.79034 7.12514 7.51880 7.70715 7.75896 7.81977 7.86670 7.85159 7.78406 7.71096 7.65789 7.65498 7.65498 7.73844 7.95038 8.33723 8.76010 8.93603 8.51583 8.27066 8.27066 8.27066 8.27066 8.27066 8.32032 9.03147 8.97222 8.82879 8.79565 8.51757 8.34148 8.04011 7.08917 6.71905 6.31776 5.80998 5.43006 4.74687 4.13048 3.78823 3.88352 3.82962 3.82962 3.82962 3.72444 3.37430 3.37596 3.36765 3.09032 3.07673 3.14881 3.14881 3.14881 3.14881 3.14881 3.21211 3.36822 3.36822 3.36822 3.36822 3.36561 3.34989
5.15898 5.34022 5.47526 5.86655 6.85281 6.92859 7.23211 7.49197 7.84997 7.78800 7.71716 7.66000 7.65498 7.65498 7.65498 7.65498 7.65498 7.65498 7.66964 7.94533 8.14133 8.73570 8.84603 8.71188 8.18518 8.12494 8.05995 7.99502 7.91887 7.83126 8.34392 8.47426 8.09766 7.83439 7.40236 6.80218 5.92185 5.15395 4.43375 4.16960 4.03253 3.91657 3.73651 3.50578 3.56115 3.83915 3.82962 3.82962 3.82962 3.81136 3.38667 3.37547 3.37631 3.17743 3.05381 3.14293 3.14881 3.14881 3.14881 3.14995 3.16501 3.37683 3.39400 3.40253 3.41108 3.42926 3.43998
5.53904 5.51105 5.47867 5.58864 6.49201 6.71722 7.13304 7.24880 7.62021 7.62091 7.61134 7.60167 7.59204 7.58237 7.57280 7.56313 7.55353 7.54385 7.53426 7.78836 8.06589 8.46780 8.43678 8.20393 7.41498 7.38679 7.36247 7.21821 7.00711 6.80781 6.93275 7.07766 6.69466 6.37509 5.92102 5.52666 4.89242 4.48791 3.87762 3.87762 3.87762 3.87762 3.84744 3.49693 3.56014 3.79568 3.83011 3.82962 3.82962 3.82917 3.47865 3.38109 3.38988 3.29419 3.08005 3.15212 3.19850 3.20703 3.21556 3.22297 3.22680 3.40090 3.48805 3.46294 3.43638 3.39167 3.28023
5.30399 5.24730 5.20691 5.25030 5.88428 6.50579 6.76033 7.08010 7.37964 7.50009 7.50009 7.50009 7.50623 7.53241 7.60901 7.75993 7.90832 8.05425 8.20022 8.47045 8.61687 8.40639 8.17618 7.97334 6.96777 6.61598 6.41076 6.33212 6.33752 6.34163 6.26441 5.90093 5.72415 5.43057 5.34943 5.10623 4.72042 4.48940 3.72553 3.69578 3.68869 3.68157 3.66710 3.33592 3.23877 3.39956 3.53171 3.49499 3.46526 3.43608 3.42908 3.44022 3.44205 3.42379 3.12869 3.16112 3.24733 3.26143 3.28765 3.31417 3.33781 3.34150 3.29473 3.29317 3.29317 3.29317 3.25565
5.06693 5.06100 5.05525 5.10360 5.43144 6.31088 6.50218 7.03851 7.22534 7.57074 7.71672 7.86273 8.00245 8.12241 8.19162 8.18669 8.18435 8.18435 8.10045 8.02197 8.07332 7.80827 7.37618 7.33999 6.65313 6.19784 6.16227 6.08581 6.00349 5.92254 5.89467 5.65531 5.57058 5.29026 5.25966 4.98906 4.69822 4.34213 3.71735 3.47523 3.44900 3.42277 3.40382 3.21966 3.01701 3.13225 3.41748 3.40771 3.40771 3.39213 3.35816 3.32264 3.27389 3.21719 3.15453 3.19532 3.31686 3.33235 3.33261 3.33261 3.33261 3.32129 3.27344 3.26028 3.24709 3.23446 3.20056
4.82053 4.77148 4.72235 4.70945 4.81964 5.96035 6.75358 7.47864 7.74327 8.17907 8.18435 8.18435 8.18435 8.16941 8.03433 7.87286 7.71160 7.55027 7.47270 7.49147 7.77976 7.75327 7.41758 7.27067 6.79959 5.92865 5.87279 5.83698 5.80110 5.76543 5.72979 5.55244 5.34883 5.09948 4.99425 4.85931 4.68836 4.21744 3.84743 3.40296 3.40296 3.41506 3.43719 3.38984 3.06551 3.06569 3.21600 3.16293 3.10487 3.05654 3.00280 2.91962 2.85670 2.81000 2.92183 3.10128 3.11670 3.10942 3.10135 3.09323 3.08521 3.08390 3.05659 3.05456 3.05961 3.06421 3.05247
4.72920 4.79862 4.86804 4.95304 5.04595 5.91305 6.91678 7.46865 7.76436 8.02199 7.96801 7.80668 7.64520 7.49888 7.47270 7.47639 7.48858 7.50108 7.47392 7.38982 7.47765 7.38176 7.07037 6.88826 6.71964 5.72626 5.63286 5.63965 5.64626 5.65287 5.65938 5.62444 5.38229 5.28046 5.11645 5.04957 4.94230 4.48296 4.29823 3.67861 3.65215 3.61594 3.57124 3.51900 3.20224 3.17554 2.88252 2.81542 2.78255 2.73152 2.71488 2.64981 2.66791 2.77205 2.82023 3.09793 3.10294 3.10449 3.10449 3.10449 3.10449 3.10449 3.08372 3.06505 3.06505 3.06505 3.06345
4.96451 4.96141 4.96141 4.96276 5.04435 5.42332 6.47866 6.84239 7.18365 7.27498 7.52089 7.52880 7.54494 7.56152 7.55136 7.48816 7.41659 7.34591 7.31268 7.32757 7.38409 7.43072 7.30120 7.09893 7.00946 6.15233 5.72254 5.72254 5.72254 5.72254 5.72254 5.72254 5.49544 5.36619 5.02122 4.89046 4.63159 4.19242 3.95475 3.52799 3.40608 3.32339 3.19643 3.05998 2.90585 2.76050 2.53826 2.49511 2.59492 2.59585 2.59585 2.54357 2.54386 2.78830 2.78863 3.05524 3.10449 3.10449 3.10449 3.10449 3.10449 3.10449 3.09533 3.06505 3.06505 3.06505 3.06505
4.92636 4.94224 4.98925 5.04605 5.16112 5.36589 6.10917 6.74617 7.21197 7.32267 7.63777 7.57724 7.50463 7.43151 7.38313 7.38199 7.38199 7.38199 7.38199 7.38199 7.40327 7.45903 7.39385 7.11185 7.05893 6.46570 5.72254 5.71399 5.62686 5.51955 5.41250 5.30082 4.99423 4.73249 4.42960 4.22179 3.91045 3.66455 3.43017 3.04797 2.80188 2.74008 2.72343 2.72641 2.69370 2.67436 2.57509 2.40771 2.59509 2.59585 2.59585 2.56132 2.51684 2.74874 2.78863 2.96280 3.10449 3.10449 3.10449 3.10449 3.10449 3.10449 3.10398 3.06518 3.05218 3.04168 3.03123
5.18466 5.15827 5.17136 5.17739 5.25211 5.39571 6.01817 6.79756 7.15351 7.36130 7.38241 7.38095 7.37516 7.36880 7.36246 7.35613 7.34973 7.34341 7.33707 7.33071 7.32783 7.39345 7.33752 7.00067 6.69365 6.21121 4.97940 4.78202 4.68480 4.60555 4.48540 4.35187 4.22202 3.93699 3.72233 3.50299 3.31985 3.20110 3.15732 3.02397 2.71648 2.71824 2.71824 2.71824 2.71426 2.65468 2.64439 2.37919 2.55367 2.59585 2.59585 2.57805 2.51697 2.68220 2.78723 2.85982 3.08335 3.07286 3.06240 3.05191 3.04143 3.03096 3.02046 2.98166 2.89529 2.74214 2.54471
5.28219 5.25727 5.30392 5.36343 5.39885 5.41486 5.88277 6.65959 6.97793 7.28824 7.28392 7.28059 7.28004 7.28004 7.28004 7.27984 7.25796 7.20404 7.11997 7.03548 6.95090 6.92595 6.75907 6.19126 5.82169 5.58756 4.55712 4.28809 4.22414 4.16007 4.09246 4.02297 3.94675 3.57682 3.43083 3.39854 3.33946 3.21355 3.15052 3.10956 2.65440 2.64307 2.63867 2.63437 2.63008 2.56933 2.57590 2.24067 2.31330 2.41029 2.38447 2.36521 2.43480 2.53387 2.69774 2.70465 2.99380 3.01159 2.98423 2.94414 2.89056 2.77454 2.64247 2.43325 2.14589 2.10091 2.10025
5.48595 5.41830 5.43768 5.44113 5.43552 5.38549 5.67084 6.42266 6.84508 7.16957 7.17593 7.14197 7.07978 6.99420 6.90864 6.82312 6.75944 6.72782 6.72625 6.72513 6.72198 6.65328 6.49558 5.86762 5.19502 4.87726 4.27417 3.92109 3.85156 3.73146 3.63961 3.56718 3.50122 3.33205 3.20921 3.30333 3.29623 3.11681 3.05531 3.01330 2.61505 2.48058 2.45906 2.43751 2.41596 2.35196 2.32174 2.07706 2.03502 2.26116 2.26176 2.26283 2.39306 2.47906 2.73626 2.75504 2.82113 2.74626 2.64150 2.54950 2.47104 2.45491 2.45491 2.42980 2.10504 2.10025 2.10025
5.49707 5.45683 5.50262 5.55189 5.60123 5.60444 5.87035 6.40737 6.48198 6.66464 6.78751 6.74264 6.71980 6.71980 6.71980 6.71980 6.69328 6.54252 6.37559 6.20881 6.04431 6.00564 6.02578 5.62799 4.99081 4.66049 4.10556 3.57382 3.50515 3.48528 3.45913 3.42915 3.39929 3.30068 3.05956 3.07458 3.09222 2.95308 2.91009 2.87378 2.63470 2.38414 2.38414 2.38414 2.38414 2.37104 2.31500 2.15119 2.01424 2.23608 2.29204 2.31244 2.43629 2.43003 2.53808 2.44187 2.30538 2.36124 2.35236 2.34349 2.33372 2.31550 2.29520 2.27491 1.98350 1.87963 1.85932
5.84554 5.80157 5.81693 5.87029 5.92366 5.94278 6.11397 6.39602 6.34545 6.41382 6.71577 6.71785 6.64134 6.47470 6.30800 6.14114 6.00096 5.98509 5.95444 5.88892 5.82248 5.71373 5.65409 5.32346 4.71270 4.35916 3.91516 3.36862 3.27763 3.23522 3.20592 3.18052 3.15499 3.12620 2.84732 2.80990 2.83776 2.73103 2.64940 2.56870 2.43837 2.02576 2.01192 1.99890 1.98563 1.97264 1.86829 1.88945 1.97362 2.06316 2.08904 1.97084 1.86270 1.89804 2.05105 2.12836 2.09977 2.19407 2.19525 2.18381 2.17325 2.17114 2.17114 2.17114 2.00390 1.81648 1.81648
6.05582 6.06504 6.04879 6.04879 6.04879 6.02633 6.03919 6.38572 6.23442 6.00226 6.20436 6.07020 5.98139 5.94665 5.88172 5.77813 5.67369 5.52804 5.38209 5.27126 5.16098 5.09616 4.91538 4.70698 4.21357 3.73287 3.38151 2.98507 2.79451 2.78540 2.78540 2.78540 2.78540 2.78540 2.61367 2.50551 2.48352 2.34918 2.18854 2.03995 1.94462 1.94192 1.93431 1.91379 1.88601 1.80851 1.77305 1.75551 1.76361 1.75744 1.79753 1.79695 1.80294 1.88985 1.97879 2.09556 2.10431 2.14860 2.21965 2.22768 2.23559 2.24341 2.25116 2.25880 2.20773 1.94771 1.95709
6.13682 6.11270 6.06420 6.05711 6.01585 5.96125 5.87443 5.78667 5.17476 5.04819 5.24242 5.29246 5.19555 5.09128 4.97961 4.90681 4.83464 4.80347 4.80347 4.80347 4.80347 4.80347 4.70914 4.59552 4.19128 3.64013 3.36944 3.07176 2.78540 2.78540 2.78002 2.71635 2.63671 2.55718 2.39844 2.13283 2.10844 2.09909 2.00323 1.91519 1.84895 1.82442 1.78383 1.72441 1.67208 1.66954 1.70703 1.83261 1.91298 1.93064 1.95800 1.96982 1.98382 2.05965 2.10804 2.24151 2.24151 2.24189 2.33005 2.33005 2.33005 2.33005 2.33005 2.33005 2.32952 2.05569 2.01972
6.10536 6.04783 5.93326 5.89677 5.89447 5.89399 5.84446 5.70411 5.17480 4.94861 4.99111 5.09296 4.95455 4.80347 4.80347 4.80347 4.80360 4.81376 4.83023 4.84696 4.86383 4.88101 4.84793 4.72414 4.39269 3.85912 3.41268 3.07989 2.66349 2.57639 2.52353 2.52905 2.54942 2.55687 2.54694 2.28256 2.24307 2.16818 1.99296 1.82623 1.65467 1.67211 1.71776 1.71776 1.71776 1.71776 1.72133 1.87357 1.93543 1.96006 1.96994 1.97955 1.98021 2.04116 2.08694 2.22458 2.24151 2.21485 2.32818 2.33988 2.34788 2.35587 2.36389 2.37187 2.37989 2.20389 2.08324
5.97406 5.97381 5.90110 5.89799 5.90110 5.90506 5.96817 5.94841 5.51222 5.16193 5.14534 5.30218 5.25907 5.02853 5.04816 5.06817 5.08812 5.09583 5.09583 5.09108 5.00915 4.83558 4.65264 4.28503 3.99180 3.64278 3.31084 3.01491 2.71853 2.57582 2.55765 2.53949 2.51289 2.43615 2.35318 2.13073 2.00543 1.97932 1.90258 1.82646 1.66664 1.67624 1.74448 1.74808 1.75126 1.75445 1.75763 1.87657 1.96520 2.01001 2.02249 2.04432 2.05551 2.06637 2.12698 2.23461 2.29760 2.29706 2.34688 2.40032 2.40027 2.38779 2.36599 2.32756 2.24783 2.12531 2.06235
5.97854 5.98206 5.93167 5.91496 5.91652 5.91583 6.09905 6.25576 5.89071 5.31242 5.24080 5.33640 5.35773 5.01928 4.94424 4.83154 4.65161 4.47168 4.29161 4.11628 4.01843 4.01186 4.00696 3.84101 3.69246 3.48161 3.01031 2.76282 2.60157 2.53143 2.44991 2.36898 2.29757 2.28925 2.29189 2.21811 2.08118 2.08118 2.03134 1.95989 1.77229 1.76184 1.82843 1.85198 1.86136 1.87073 1.88009 1.96144 2.08342 2.15005 2.15225 2.15069 2.15039 2.11946 2.14953 2.21074 2.26802 2.22997 2.22205 2.26677 2.18551 2.11558 2.05506 2.01116 2.03264 2.09048 2.24298
5.92950 5.93038 5.86263 5.79722 5.78569 5.74738 5.80654 6.00732 5.72465 5.08924 4.80286 4.68056 4.63415 4.30035 4.02340 3.95609 3.95609 3.95609 3.95609 3.93132 3.82878 3.72057 3.61235 3.40235 3.26551 3.14438 2.70749 2.51936 2.31645 2.29091 2.29180 2.29273 2.29285 2.29477 2.29999 2.29225 2.10356 2.10424 2.09267 2.02375 1.89147 1.83775 1.87560 1.90995 1.90995 1.90995 1.90995 1.94043 2.07678 2.15080 2.12742 2.09213 2.06076 2.00111 1.93307 1.90509 1.98534 1.93411 1.89098 2.00857 2.01912 2.06963 2.12054 2.16835 2.19703 2.21183 2.30398
5.77977 5.73964 5.65959 5.53088 5.50055 5.48227 5.48210 5.74235 5.54661 4.88356 4.13866 4.14156 4.28413 4.20092 3.95567 3.89242 3.78420 3.67603 3.56782 3.48438 3.47655 3.41100 3.31624 3.16926 2.94371 2.89976 2.66087 2.47906 2.34861 2.31780 2.32142 2.32672 2.33201 2.33540 2.33536 2.33247 2.17461 2.11248 2.10793 2.02777 1.92527 1.81018 1.82330 1.87365 1.86132 1.82137 1.77918 1.74784 1.83394 1.91684 1.88577 1.84853 1.83581 1.77258 1.68746 1.71851 1.87347 1.95371 2.01894 2.18882 2.26963 2.28861 2.30468 2.32073 2.33398 2.33528 2.38029
5.61093 5.58531 5.54606 5.40541 5.38007 5.37098 5.37098 5.63038 5.58081 5.19713 4.16124 4.02606 4.02535 3.95895 3.54760 3.47874 3.47796 3.41815 3.31941 3.22202 3.14668 3.14178 3.16869 3.18827 3.04964 3.01778 2.85352 2.53395 2.38139 2.28537 2.27772 2.27356 2.26939 2.26523 2.26116 2.25989 2.17260 2.04822 2.04822 1.98761 1.91042 1.74064 1.73295 1.66255 1.62645 1.60964 1.59061 1.57436 1.62405 1.69558 1.76440 1.77325 1.76311 1.79010 1.76987 1.87628 2.11048 2.21402 2.21357 2.25765 2.31428 2.29732 2.28036 2.26344 2.24652 2.22957 2.22640
5.49966 5.49966 5.49965 5.38361 5.37046 5.37018 5.32687 5.36819 5.29305 4.88772 3.89023 3.65775 3.71178 3.75388 3.44675 3.22411 3.14553 3.13457 3.16543 3.19699 3.20583 3.20583 3.20583 3.20583 3.09489 3.04285 2.98011 2.56275 2.41649 2.26518 2.25989 2.25989 2.25989 2.25943 2.25269 2.24397 2.21322 2.01599 2.00611 1.96431 1.90160 1.69762 1.66633 1.58557 1.54558 1.54899 1.55686 1.56248 1.49018 1.47548 1.54818 1.63831 1.72086 1.72683 1.63561 1.64608 1.74888 1.89216 1.87521 1.87212 1.98349 1.98349 1.98349 1.98349 1.98349 1.98349 1.98349
5.49621 5.49546 5.40953 5.15893 4.95773 4.79579 4.67690 4.73125 4.82435 4.70755 4.14757 3.61795 3.56208 3.32060 3.22289 3.19476 3.20583 3.20583 3.20583 3.20583 3.20583 3.20583 3.20583 3.20583 3.13102 3.05725 3.00069 2.66869 2.44713 2.23469 2.21806 2.20343 2.18837 2.17379 2.16550 2.15763 2.13568 1.94419 1.87335 1.83769 1.76602 1.65631 1.61730 1.58874 1.53439 1.53439 1.53439 1.53439 1.38774 1.26048 1.38101 1.49075 1.63771 1.63884 1.57833 1.56894 1.63488 1.86222 1.86222 1.85119 1.96545 1.98349 1.98493 1.98841 1.99191 1.99540 1.99889
