High_resolution/powerplant/Shangrao/OMI_NO2_200602.asc
ncols      200
nrows      200
xllcorner       115.451
yllcorner       27.0350
cellsize     0.0166667
NODATA_Value      -999.000
[rows 120 to 149 of 200, columns 0 to 65 of 200]
4.07096 4.07096 4.07096 4.07096 4.07096 4.07096 4.07096 4.07096 4.07096 4.07096 4.07096 4.07096 4.04854 4.01755 4.01755 4.11432 4.58419 5.09161 5.59942 6.10684 6.61465 7.12245 7.62987 7.88804 7.88804 7.88804 7.88804 6.50648 4.88847 4.88847 4.88847 4.88847 4.88847 4.88847 4.88847 4.88847 4.88847 4.88847 4.88847 4.88847 4.88847 4.88847 4.52675 3.87372 3.87372 3.87372 3.87372 3.87372 3.87372 3.87372 3.87372 3.87372 3.87372 3.87372 3.87372 3.87372 3.87372 3.72370 1.75396 1.73988 1.73988 1.73988 1.73988 1.73988 1.73988 1.73988
4.07096 4.07096 4.07096 4.07096 4.07096 4.07096 4.07096 4.07048 3.94785 3.73153 3.51585 3.29969 3.55194 6.93241 7.44022 7.85088 7.88804 7.88804 7.88804 7.88804 7.88804 7.88804 7.88804 7.88804 7.88804 7.88804 7.88804 7.24090 4.88847 4.88847 4.88847 4.88847 4.88847 4.88847 4.88847 4.88847 4.88847 4.88847 4.88847 4.88847 4.88847 4.88847 4.77371 3.87392 3.87372 3.87372 3.87372 3.87372 3.87372 3.87372 3.87372 3.87372 3.87372 3.87372 3.87372 3.87372 3.87372 3.87372 2.11722 1.73988 1.73988 1.73988 1.73988 1.73988 1.73988 1.73988
4.05060 3.86927 3.65311 3.43727 3.22111 3.00512 2.78927 2.57359 2.48039 2.48039 2.48039 2.48039 2.50472 7.44519 7.88804 7.88804 7.88804 7.88804 7.88804 7.88804 7.88804 7.88804 7.88804 7.88804 7.88804 7.88804 7.88804 7.83464 5.02916 4.88847 4.88847 4.88847 4.88847 4.88847 4.88847 4.88847 4.88847 4.88847 4.88847 4.88847 4.88847 4.88847 4.88847 4.00594 3.87372 3.87372 3.87372 3.87372 3.87372 3.87372 3.87372 3.87372 3.87372 3.87372 3.87372 3.87372 3.87372 3.87372 2.63097 1.72949 1.70910 1.68874 1.66839 1.64801 1.62766 1.60726
2.51490 2.48039 2.48039 2.48039 2.48039 2.48039 2.48039 2.48039 2.48039 2.48039 2.48039 2.48039 2.48039 6.13127 7.88804 7.88804 7.88804 7.88804 7.88804 7.88804 7.88804 7.88804 7.88804 7.88804 7.88804 7.88804 7.88804 7.88804 5.70948 4.88847 4.88847 4.88847 4.88847 4.88847 4.88847 4.88847 4.88847 4.88847 4.88847 4.88847 4.88847 4.88847 4.88847 4.25303 3.87372 3.87372 3.87372 3.87372 3.87372 3.87372 3.86185 3.69330 3.47672 3.25978 3.04302 2.82608 2.60932 2.39256 1.98318 1.56084 1.56084 1.56084 1.56084 1.56084 1.56084 1.56084
2.48039 2.48039 2.48039 2.48039 2.48039 2.48039 2.48039 2.48039 2.48039 2.48039 2.48039 2.48039 2.48039 4.79270 7.88804 7.88804 7.88804 7.88804 7.88804 7.88804 7.88804 7.88804 7.88804 7.88804 7.88804 7.88804 7.88804 7.88804 6.44436 4.88847 4.88847 4.88847 4.88847 4.88847 4.88847 4.88847 4.88847 4.88847 4.88847 4.88847 4.88847 4.88847 4.81906 4.13019 3.41250 3.19556 2.97880 2.76186 2.54528 2.32816 2.12346 2.07489 2.07489 2.07489 2.07489 2.07489 2.07489 2.07489 2.02323 1.56135 1.56084 1.56084 1.56084 1.56084 1.56084 1.56084
2.48039 2.48039 2.48039 2.48039 2.48039 2.48039 2.48039 2.48039 2.48039 2.48039 2.48039 2.48039 2.48039 3.45376 7.88804 7.88804 7.88804 7.88804 7.88804 7.88804 7.88804 7.88804 7.88804 7.88804 7.88804 7.88804 7.88804 7.88804 7.17857 4.88847 4.88847 4.88847 4.88847 4.88847 4.81674 4.43795 4.02775 3.61591 3.20274 2.78956 2.37639 1.96322 1.61947 1.65165 2.07489 2.07489 2.07489 2.07489 2.07489 2.07489 2.07489 2.07489 2.07489 2.07489 2.07489 2.07489 2.07489 2.07489 2.07489 1.63393 1.56084 1.56084 1.56084 1.56084 1.56084 1.56084
2.48039 2.48039 2.48039 2.48039 2.48039 2.48039 2.48039 2.48039 2.48039 2.48039 2.48039 2.48039 2.48039 2.51607 7.48733 7.88804 7.88804 7.88804 7.88804 7.88804 7.88804 7.88804 7.88804 7.88804 7.88804 7.88804 7.82977 7.36528 6.74331 3.69207 3.19877 2.78527 2.37243 1.95893 1.61781 1.58311 1.58311 1.58311 1.58311 1.58311 1.58311 1.58311 1.58311 1.58340 2.02335 2.07489 2.07489 2.07489 2.07489 2.07489 2.07489 2.07489 2.07489 2.07489 2.07489 2.07489 2.07489 2.07489 2.07489 1.75818 1.56084 1.56084 1.56084 1.56084 1.56084 1.56084
2.48039 2.48039 2.48039 2.48039 2.48039 2.48039 2.48039 2.48039 2.48039 2.48039 2.48039 2.48039 2.48039 2.48039 6.18409 7.88804 7.88804 7.88804 7.88638 7.57397 7.03137 6.48878 5.94619 5.40318 4.86058 4.31799 3.83366 3.75556 3.75556 2.13496 1.58311 1.58311 1.58311 1.58311 1.58311 1.58311 1.58311 1.58311 1.58311 1.58311 1.58311 1.58311 1.58311 1.58311 1.90391 2.07489 2.07489 2.07489 2.07489 2.07489 2.07489 2.07489 2.07489 2.07489 2.07489 2.07489 2.07489 2.07489 2.07489 1.88250 1.56084 1.56084 1.56084 1.56084 1.56084 1.56084
2.48039 2.48039 2.48039 2.48039 2.48039 2.48039 2.48039 2.48039 2.48039 2.48039 2.48039 2.46145 2.36016 2.24907 3.94357 5.61187 5.06927 4.52668 3.98574 3.75556 3.75556 3.75556 3.75556 3.75556 3.75556 3.75556 3.75556 3.75556 3.75556 2.67075 1.58311 1.58311 1.58311 1.58311 1.58311 1.58311 1.58311 1.58311 1.58311 1.58311 1.58311 1.58311 1.58311 1.58311 1.78427 2.07489 2.07489 2.07489 2.07489 2.07489 2.07489 2.07489 2.07489 2.07489 2.07489 2.07489 2.07489 2.07489 2.07489 2.00667 1.56084 1.56084 1.56084 1.56084 1.56084 1.56084
2.48039 2.48039 2.48039 2.48039 2.43109 2.32032 2.20932 2.09848 1.98755 1.87663 1.76570 1.67371 1.66416 1.66416 2.06069 3.75556 3.75556 3.75556 3.75556 3.75556 3.75556 3.75556 3.75556 3.75556 3.75556 3.75556 3.75556 3.75556 3.75556 3.20500 1.58311 1.58311 1.58311 1.58311 1.58311 1.58311 1.58311 1.58311 1.58311 1.58311 1.58311 1.58311 1.58311 1.58311 1.66450 2.07489 2.07489 2.07489 2.07489 2.07489 2.07489 2.07489 2.07489 2.07489 2.07489 2.07489 2.07489 2.07489 2.07489 2.07473 1.61707 1.56084 1.56084 1.56084 1.56084 1.56084
2.07912 1.94772 1.83688 1.72587 1.66433 1.66416 1.66416 1.66416 1.66416 1.66416 1.66416 1.66416 1.66416 1.66416 1.68173 3.61564 3.75556 3.75556 3.75556 3.75556 3.75556 3.75556 3.75556 3.75556 3.75556 3.75556 3.75556 3.75556 3.75556 3.68083 1.64263 1.58311 1.58311 1.58311 1.58311 1.58311 1.58311 1.58311 1.58311 1.58311 1.58311 1.58311 1.58311 1.58311 1.58507 2.03466 2.07489 2.07489 2.07489 2.07489 2.07489 2.07489 2.07489 2.07489 2.05703 1.97025 1.87668 1.78311 1.68955 1.59598 1.50658 1.56084 1.56084 0.00000 0.00000 0.00000
1.66416 1.66416 1.66416 1.66416 1.66416 1.66416 1.66416 1.66416 1.66416 1.66416 1.66416 1.66416 1.66416 1.66416 1.66416 3.11476 3.75556 3.75556 3.75556 3.75556 3.75556 3.75556 3.75556 3.75556 3.75556 3.75556 3.75556 3.75556 3.75556 3.75556 2.10232 1.58311 1.58311 1.58311 1.58311 1.58311 1.58311 1.58311 1.58311 1.58311 1.58311 1.58311 1.58311 1.58311 1.58311 1.91693 2.03231 1.93875 1.84518 1.75161 1.65805 1.56448 1.47091 1.37766 1.30195 1.29516 1.29516 1.29516 1.29516 1.29516 1.29516 0.00000 0.00000 0.00000 0.00000 0.00000
1.66416 1.66416 1.66416 1.66416 1.66416 1.66416 1.66416 1.66416 1.66416 1.66416 1.66416 1.66416 1.66416 1.66416 1.66416 2.59609 3.75556 3.75556 3.75556 3.75556 3.75556 3.75556 3.75556 3.75556 3.75556 3.75556 3.75556 3.75556 3.75556 3.75556 2.63772 1.58311 1.58311 1.58311 1.58311 1.58311 1.58311 1.58311 1.60970 1.66525 1.72076 1.77626 1.83176 1.88727 1.94277 1.70514 1.29516 1.29516 1.29516 1.29516 1.29516 1.29516 1.29516 1.29516 1.29516 1.29516 1.29516 1.29516 1.29516 1.29516 1.29516 0.00000 0.00000 0.00000 0.00000 0.00000
1.66416 1.66416 1.66416 1.66416 1.66416 1.66416 1.66416 1.66416 1.66416 1.66416 1.66416 1.66416 1.66416 1.66416 1.66416 2.07742 3.75556 3.75556 3.75556 3.75556 3.75556 3.75556 3.75556 3.75556 3.75556 3.75556 3.75556 3.75556 3.75556 3.75556 3.10809 1.66468 1.72022 1.77568 1.83123 1.88669 1.94224 1.99770 2.02714 2.02714 2.02714 2.02714 2.02714 2.02714 2.02714 1.88668 1.29516 1.29516 1.29516 1.29516 1.29516 1.29516 1.29516 1.29516 1.29516 1.29516 1.29516 1.29516 1.29516 1.29516 1.29516 1.29516 0.00000 0.00000 0.00000 0.00000
0.00000 1.66416 1.66416 1.66416 1.66416 1.66416 1.66416 1.66416 1.66416 1.66416 1.66416 1.66416 1.66416 1.66416 1.66416 1.68759 3.62757 3.75556 3.75556 3.75556 3.75556 3.75556 3.71476 3.49691 3.25902 3.02095 2.78269 2.54462 2.30674 2.06848 1.93859 2.02522 2.02714 2.02714 2.02714 2.02714 2.02714 2.02714 2.02714 2.02714 2.02714 2.02714 2.02714 2.02714 2.02714 2.01974 1.34040 1.29516 1.29516 1.29516 1.29516 1.29516 1.29516 1.29516 1.29516 1.29516 1.29516 1.29516 1.29516 1.29516 1.29516 1.29516 0.00000 0.00000 0.00000 0.00000
0.00000 1.66416 1.66416 1.66416 1.66416 1.66416 1.66416 1.66416 1.66416 1.66416 1.66416 1.66416 1.66416 1.66416 1.66547 1.72405 2.90226 3.10419 2.86575 2.62805 2.38980 2.15154 1.95446 1.93406 1.93406 1.93406 1.93406 1.93406 1.93406 1.93406 1.93406 2.00633 2.02714 2.02714 2.02714 2.02714 2.02714 2.02714 2.02714 2.02714 2.02714 2.02714 2.02714 2.02714 2.02714 2.02714 1.51110 1.29516 1.29516 1.29516 1.29516 1.29516 1.29516 1.29516 1.29516 1.29516 1.29516 1.29516 1.29516 1.29516 1.29516 1.29516 0.00000 0.00000 0.00000 0.00000
0.00000 1.66416 1.66416 1.66416 1.66416 1.66416 1.66416 1.67625 1.75500 1.84381 1.93275 2.02150 2.11050 2.19931 2.28675 2.31718 2.14314 1.93406 1.93406 1.93406 1.93406 1.93406 1.93406 1.93406 1.93406 1.93406 1.93406 1.93406 1.93406 1.93406 1.93406 1.98347 2.02714 2.02714 2.02714 2.02714 2.02714 2.02714 2.02714 2.02714 2.02714 2.02714 2.02714 2.02714 2.02714 2.02714 1.68929 1.29516 1.29516 1.29516 1.29516 1.29516 1.29516 1.29516 1.29516 1.29516 1.29516 1.29516 1.29516 1.29516 1.29516 1.29516 0.00000 0.00000 0.00000 0.00000
0.00000 1.66416 1.86708 1.96364 2.05258 2.14146 2.23014 2.30713 2.31718 2.31718 2.31718 2.31718 2.31718 2.31718 2.31718 2.31718 2.23785 1.93406 1.93406 1.93406 1.93406 1.93406 1.93406 1.93406 1.93406 1.93406 1.93406 1.93406 1.93406 1.93406 1.93406 1.96056 2.02714 2.02714 2.02714 2.02714 2.02714 2.02714 2.02714 2.02714 2.02714 2.02714 2.02714 2.02714 2.02714 2.02714 1.86749 1.29516 1.29516 1.29516 1.29516 1.29516 1.29516 1.29516 1.29516 1.29516 1.29516 1.29516 1.27916 1.23938 1.19936 1.15720 0.744500 0.720260 0.720260 0.720260
0.00000 0.00000 2.31718 2.31718 2.31718 2.31718 2.31718 2.31718 2.31718 2.31718 2.31718 2.31718 2.31718 2.31718 2.31718 2.31718 2.31170 1.95490 1.93406 1.93406 1.93406 1.93406 1.93406 1.93406 1.93406 1.93406 1.93406 1.93406 1.93406 1.93406 1.93406 1.93903 2.02580 2.02714 2.02714 2.02714 2.02714 2.02714 2.02714 2.02714 2.02714 2.02714 2.02714 2.02714 2.02714 2.02714 2.01316 1.32759 1.29516 1.29372 1.26443 1.22444 1.18446 1.14448 1.10447 1.06449 1.02447 0.984525 0.960516 0.960315 0.960315 0.960315 0.785863 0.720260 0.720260 0.720260
0.00000 0.00000 2.31718 2.31718 2.31718 2.31718 2.31718 2.31718 2.31718 2.31718 2.31718 2.31718 2.31718 2.31718 2.31718 2.31718 2.31718 2.04414 1.93406 1.93406 1.93406 1.93406 1.93406 1.93406 1.93406 1.93406 1.93406 1.93406 1.93406 1.93406 1.93406 1.93406 2.00790 2.02714 2.02714 2.02714 2.02714 2.02714 2.02714 2.02714 2.02714 2.02486 1.99371 1.95392 1.91393 1.87411 1.83425 1.24985 1.00960 0.971030 0.960315 0.960315 0.960315 0.960315 0.960315 0.960315 0.960315 0.960315 0.960315 0.960315 0.960315 0.960315 0.843625 0.720260 0.720260 0.720260
0.00000 0.00000 2.31718 2.31718 2.31718 2.31718 2.31718 2.31718 2.31718 2.31718 2.31718 2.31718 2.31718 2.31718 2.31718 2.31718 2.31718 2.13882 1.93406 1.93406 1.93406 1.93406 1.93406 1.93406 1.93406 1.93406 1.93406 1.93406 1.93406 1.93406 1.93406 1.93406 1.98500 2.02562 1.99608 1.95629 1.91634 1.87648 1.83666 1.79677 1.75689 1.71928 1.71057 1.71057 1.71057 1.71057 1.71057 1.34298 0.960315 0.960315 0.960315 0.960315 0.960315 0.960315 0.960315 0.960315 0.960315 0.960315 0.960315 0.960315 0.960315 0.960315 0.901430 0.720260 0.720260 0.720260
0.00000 0.00000 2.31718 2.31718 2.31718 2.31718 2.31718 2.31718 2.31718 2.31718 2.31718 2.31718 2.31718 2.31718 2.31718 2.31718 2.31718 2.23352 1.93406 1.93406 1.93406 1.93406 1.93406 1.93406 1.93406 1.93406 1.90816 1.85258 1.79697 1.74130 1.68573 1.63007 1.63048 1.72093 1.71057 1.71057 1.71057 1.71057 1.71057 1.71057 1.71057 1.71057 1.71057 1.71057 1.71057 1.71057 1.71057 1.52430 0.960315 0.960315 0.960315 0.960315 0.960315 0.960315 0.960315 0.960315 0.960315 0.960315 0.960315 0.960315 0.960315 0.960315 0.952536 0.726911 0.720260 0.720260
0.00000 0.00000 0.00000 2.31718 2.31718 2.31718 2.31718 2.31718 2.31718 2.31718 2.31718 2.31718 2.31718 2.31718 2.31718 2.31718 2.31718 2.31029 1.94169 1.87231 1.81665 1.76108 1.70546 1.64980 1.59422 1.53860 1.50884 1.50884 1.50884 1.50884 1.50884 1.50884 1.52209 1.70886 1.71057 1.71057 1.71057 1.71057 1.71057 1.71057 1.71057 1.71057 1.71057 1.71057 1.71057 1.71057 1.71057 1.68544 0.980572 0.960315 0.960315 0.960315 0.960315 0.960315 0.960315 0.960315 0.960315 0.960315 0.960315 0.960315 0.960315 0.960315 0.960315 0.776925 0.720260 0.720260
0.00000 0.00000 0.00000 2.31718 2.31718 2.31718 2.31718 2.31718 2.31718 2.31718 2.31718 2.37709 2.49853 2.61969 2.74094 2.86202 2.98327 3.10452 1.97531 1.50884 1.50884 1.50884 1.50884 1.50884 1.50884 1.50884 1.50884 1.50884 1.50884 1.50884 1.50884 1.50884 1.50884 1.67272 1.71057 1.71057 1.71057 1.71057 1.71057 1.71057 1.71057 1.71057 1.71057 1.71057 1.71057 1.71057 1.71057 1.71057 1.13683 0.960315 0.960315 0.960315 0.960315 0.960315 0.960315 0.960315 0.960315 0.960315 0.960315 0.960315 0.960315 0.960315 0.960315 0.834682 0.720260 0.720260
0.00000 0.00000 0.00000 2.33691 2.42279 2.54413 2.66529 2.78646 2.90762 3.02887 3.15022 3.21138 3.21138 3.21138 3.21138 3.21138 3.21138 3.21138 2.40096 1.50884 1.50884 1.50884 1.50884 1.50884 1.50884 1.50884 1.50884 1.50884 1.50884 1.50884 1.50884 1.50884 1.50884 1.62334 1.71057 1.71057 1.71057 1.71057 1.71057 1.71057 1.71057 1.71057 1.71057 1.71057 1.71057 1.71057 1.71057 1.71057 1.31811 0.960315 0.960315 0.960315 0.960315 0.960315 0.960315 0.960315 0.960315 0.960315 0.960315 0.960315 0.960315 0.962953 1.04152 1.01599 0.555437 0.497155
0.00000 0.00000 0.00000 3.21138 3.21138 3.21138 3.21138 3.21138 3.21138 3.21138 3.21138 3.21138 3.21138 3.21138 3.21138 3.21138 3.21138 3.21138 2.82239 1.50884 1.50884 1.50884 1.50884 1.50884 1.50884 1.50884 1.50884 1.50884 1.50884 1.50884 1.50884 1.50884 1.50884 1.57393 1.71057 1.71057 1.71057 1.71057 1.71057 1.71057 1.71057 1.71057 1.71057 1.71057 1.71057 1.71057 1.71057 1.71057 1.49947 0.960315 0.960315 0.960315 0.960315 0.976612 1.07769 1.19101 1.30415 1.41737 1.53060 1.64383 1.75706 1.86756 1.90232 1.80869 0.229848 0.209020
0.00000 0.00000 0.00000 0.00000 3.21138 3.21138 3.21138 3.21138 3.21138 3.21138 3.21138 3.21138 3.21138 3.21138 3.21138 3.21138 3.21138 3.21138 3.17392 1.57898 1.50884 1.50884 1.50884 1.50884 1.50884 1.50884 1.50884 1.50884 1.50884 1.50884 1.50884 1.50884 1.50884 1.52534 1.70977 1.71057 1.71057 1.71057 1.71057 1.71057 1.71057 1.71057 1.71057 1.71057 1.71057 1.70584 1.68735 1.66790 1.61044 1.44898 1.56677 1.68019 1.79323 1.89026 1.90232 1.90232 1.90232 1.90232 1.90232 1.90232 1.90232 1.90232 1.90232 1.90232 0.541686 0.209020
0.00000 0.00000 0.00000 0.00000 3.21138 3.21138 3.21138 3.21138 3.21138 3.21138 3.21138 3.21138 3.21138 3.21138 3.21138 3.21138 3.21138 3.21138 3.21138 1.96303 1.50884 1.50884 1.50884 1.50884 1.50884 1.50884 1.50884 1.50884 1.50884 1.50884 1.50884 1.50884 1.50884 1.50884 1.67688 1.71057 1.71057 1.70624 1.68788 1.66840 1.64902 1.62962 1.61012 1.59079 1.57134 1.55662 1.55575 1.55575 1.55575 1.83223 1.90232 1.90232 1.90232 1.90232 1.90232 1.90232 1.90232 1.90232 1.90232 1.90232 1.90232 1.90232 1.90232 1.90232 0.946715 0.209020
0.00000 0.00000 0.00000 0.00000 3.21138 3.21138 3.21138 3.21138 3.21138 3.21138 3.21138 3.21138 3.21138 3.21138 3.21138 3.21138 3.21138 3.21138 3.21138 2.38446 1.50884 1.50884 1.50884 1.50884 1.50884 1.50884 1.50884 1.50884 1.50884 1.50821 1.50252 1.49573 1.48892 1.48213 1.55640 1.59133 1.57181 1.55680 1.55575 1.55575 1.55575 1.55575 1.55575 1.55575 1.55575 1.55575 1.55575 1.55575 1.55575 1.74834 1.90232 1.90232 1.90232 1.90232 1.90232 1.90232 1.90232 1.90232 1.90232 1.90232 1.90232 1.90232 1.90232 1.90232 1.35188 0.209020
0.00000 0.00000 0.00000 0.00000 3.21138 3.21138 3.21138 3.21138 3.21138 3.21138 3.21138 3.21138 3.21138 3.21138 3.21138 3.21138 3.21138 3.21138 3.21138 2.80583 1.50884 1.50882 1.50500 1.49820 1.49140 1.48461 1.47782 1.47102 1.46422 1.45805 1.45695 1.45695 1.45695 1.45695 1.49102 1.55575 1.55575 1.55575 1.55575 1.55575 1.55575 1.55575 1.55575 1.55575 1.55575 1.55575 1.55575 1.55575 1.55575 1.66441 1.90232 1.90232 1.90232 1.90232 1.90232 1.90232 1.90232 1.90232 1.90232 1.90232 1.90232 1.90232 1.90232 1.90232 1.75298 0.213084
