High_resolution/powerplant/Shangrao/OMI_NO2_200805.asc
ncols      200
nrows      200
xllcorner       115.451
yllcorner       27.0350
cellsize     0.0166667
NODATA_Value      -999.000
[rows 87 to 115 of 175, columns 67 to 133 of 200]
2.76013 2.76949 2.71895 2.63171 2.40557 2.40119 2.34935 2.14256 2.03653 2.03404 2.02842 2.02242 2.01643 2.00249 1.97507 1.97066 1.97066 1.97066 1.98096 2.00180 2.00180 2.00180 2.00180 2.24974 2.39652 2.41396 2.41416 2.42547 2.44755 2.47066 2.49574 2.51775 2.50229 2.50356 2.66586 2.67010 2.69467 2.75374 2.70701 2.56601 2.55647 2.47443 2.51717 2.55910 2.57690 2.57804 2.64493 2.68455 2.68455 2.58406 2.44228 2.42874 2.41084 2.39364 2.30054 2.05915 2.05915 2.05915 1.79926 2.02989 2.05119 2.05119 2.05147 2.05979 1.95727 1.98509 2.02118
2.76867 2.74082 2.62744 2.60540 2.41738 2.39323 2.35336 2.20767 2.01689 2.01212 2.01173 2.01173 2.01173 2.00812 1.98181 1.97066 1.97066 1.97066 1.97346 2.00172 2.00180 2.00180 2.00276 2.16742 2.42870 2.47388 2.49518 2.50430 2.51983 2.51986 2.51986 2.51986 2.50925 2.50721 2.65254 2.70441 2.72225 2.78374 2.79112 2.70200 2.69674 2.59366 2.57804 2.57804 2.57804 2.57804 2.61979 2.67025 2.65832 2.59899 2.38837 2.38901 2.38901 2.38901 2.37797 2.07017 2.05915 2.05916 1.90416 2.00188 2.08750 2.12224 2.17098 2.21171 2.17053 2.13896 2.14291
2.75435 2.75347 2.63167 2.61150 2.42892 2.37124 2.35165 2.27603 2.01292 2.01173 2.01173 2.01173 2.01173 2.01171 1.99056 1.97066 1.97066 1.97074 1.97287 2.00383 2.01345 2.01825 2.02216 2.10091 2.46840 2.50588 2.50948 2.51509 2.53823 2.55347 2.56804 2.58265 2.59660 2.58885 2.69959 2.80061 2.81460 2.81620 2.81485 2.73412 2.69723 2.62240 2.57718 2.56874 2.55851 2.54829 2.56413 2.65055 2.65960 2.66443 2.40455 2.38901 2.38901 2.38983 2.39179 2.17855 2.11436 2.13709 2.11224 2.13088 2.32161 2.33186 2.32601 2.32019 2.29761 2.26085 2.30434
2.70100 2.69116 2.64081 2.62899 2.50209 2.39881 2.39641 2.33572 2.09910 2.04657 2.04824 2.04993 2.05160 2.05327 2.04334 2.02214 2.02582 2.03266 2.03593 2.05940 2.07560 2.07707 2.07196 2.07308 2.49534 2.59765 2.61838 2.62661 2.61701 2.63072 2.65404 2.67736 2.69343 2.64774 2.69179 2.81211 2.80212 2.79688 2.79202 2.74055 2.65373 2.61256 2.57756 2.58318 2.59055 2.59793 2.60781 2.61934 2.60465 2.56751 2.29794 2.25234 2.27527 2.27588 2.29533 2.21461 2.11898 2.13567 2.12869 2.02357 2.25776 2.30437 2.35101 2.39761 2.42878 2.34570 2.35629
2.62921 2.62921 2.64872 2.66765 2.59442 2.42767 2.42767 2.37264 2.20367 2.06874 2.06874 2.06874 2.06874 2.06874 2.06874 2.05393 2.04171 2.03298 2.02257 2.02493 2.03768 2.02728 2.02341 2.02897 2.37657 2.60358 2.62748 2.63417 2.62196 2.61605 2.67321 2.73336 2.79587 2.80135 2.82446 2.73727 2.74441 2.75868 2.76863 2.74667 2.60783 2.60047 2.60047 2.59879 2.57526 2.54500 2.51473 2.43685 2.40285 2.40124 2.26645 2.21702 2.32206 2.34791 2.35223 2.31121 2.16099 2.19480 2.23364 2.21909 2.45814 2.47763 2.49338 2.50902 2.51048 2.42493 2.37834
2.62921 2.62921 2.64091 2.66765 2.64357 2.43277 2.42254 2.38219 2.27761 2.06125 2.06046 2.05627 2.05470 2.07027 2.08631 2.09539 2.09398 2.11873 2.14518 2.17594 2.24394 2.32852 2.43009 2.52541 2.55420 2.81300 2.91082 2.97753 3.06128 3.16741 3.16825 3.16825 3.16825 3.11336 3.01140 2.80640 2.75644 2.75644 2.77257 2.74723 2.59157 2.52402 2.49374 2.46513 2.45840 2.45840 2.46818 2.45715 2.45986 2.48417 2.41940 2.23104 2.38681 2.42425 2.46231 2.49675 2.35896 2.36627 2.37959 2.33960 2.47031 2.50171 2.48936 2.47715 2.47261 2.43302 2.36508
2.62921 2.63047 2.64297 2.68734 2.69481 2.48999 2.42663 2.40026 2.40764 2.24739 2.26071 2.28092 2.29862 2.30341 2.30971 2.31538 2.30664 2.33079 2.35648 2.38220 2.77728 2.85247 2.85247 2.85247 2.81693 3.01426 3.08698 3.08699 3.09277 3.16822 3.16825 3.16825 3.16825 3.15997 3.00415 2.81604 2.66239 2.62002 2.60628 2.60007 2.53528 2.45840 2.46298 2.48579 2.51045 2.53513 2.55006 2.53549 2.53250 2.56509 2.58684 2.34698 2.50950 2.51692 2.51692 2.51692 2.42425 2.36469 2.35029 2.32706 2.37525 2.47261 2.47261 2.47261 2.47261 2.46493 2.36686
2.71997 2.68659 2.62699 2.60074 2.54336 2.33917 2.24788 2.27277 2.40481 2.35234 2.33454 2.34081 2.35471 2.37715 2.39789 2.41863 2.41134 2.40161 2.40161 2.40161 2.68330 2.85247 2.85247 2.85247 2.84181 2.92510 3.08159 3.08699 3.08699 3.15735 3.16825 3.16825 3.16825 3.16825 2.89579 2.73012 2.55755 2.55755 2.57351 2.62543 2.63024 2.53215 2.55303 2.56853 2.60073 2.63333 2.66593 2.67831 2.63381 2.63381 2.63381 2.41393 2.46567 2.50551 2.49111 2.47671 2.41101 2.32667 2.32667 2.32667 2.34064 2.47261 2.47261 2.47261 2.47261 2.47559 2.46283
2.31415 2.25860 2.22184 2.21185 2.18743 2.25789 2.28723 2.28729 2.42339 2.42247 2.39639 2.41713 2.43010 2.43029 2.43029 2.43029 2.42008 2.40161 2.40161 2.40161 2.57293 2.85247 2.85247 2.85247 2.85247 2.85529 3.07190 3.08699 3.08699 3.13921 3.16825 3.16825 3.16825 3.16825 2.99281 2.78972 2.53569 2.50566 2.47636 2.60858 2.64111 2.61845 2.67194 2.69091 2.69133 2.69133 2.69133 2.69011 2.63564 2.62753 2.61518 2.45301 2.36702 2.46340 2.46340 2.46340 2.44631 2.32668 2.32667 2.32667 2.31299 2.52921 2.62196 2.71852 2.86274 3.01843 2.94933
2.13631 2.13631 2.13631 2.15521 2.18119 2.25496 2.33378 2.35401 2.46461 2.49993 2.43029 2.43029 2.43029 2.43029 2.43029 2.43029 2.42831 2.40208 2.40161 2.40161 2.46250 2.85247 2.85247 2.85247 2.85247 2.80338 3.06075 3.08699 3.08699 3.12267 3.15795 3.12249 3.08588 3.04930 2.95389 2.66923 2.46501 2.44254 2.46054 2.61245 2.71412 2.67897 2.69133 2.69133 2.69133 2.68809 2.67621 2.66386 2.60666 2.58793 2.58210 2.48834 2.31410 2.46340 2.46340 2.46340 2.51387 2.50483 2.59360 2.70199 2.83239 2.91877 2.97578 3.02775 3.03205 3.02263 2.97844
2.14339 2.16832 2.19481 2.22717 2.25089 2.25550 2.35719 2.34309 2.40333 2.48185 2.40600 2.39351 2.39072 2.38793 2.38513 2.38234 2.37754 2.35528 2.34528 2.34249 2.33983 2.73821 2.78497 2.78217 2.77996 2.74906 2.87722 2.90931 2.87668 2.88177 2.96895 2.98029 3.00279 3.02530 3.04776 2.76243 2.57170 2.46985 2.46985 2.53472 2.71440 2.68893 2.65904 2.62882 2.59464 2.56360 2.54118 2.51923 2.51393 2.53045 2.53092 2.53078 2.41327 2.79266 2.99469 3.11729 3.21171 3.22030 3.25558 3.34700 3.39623 3.27716 3.26195 3.25079 3.23322 3.21500 3.18766
2.27694 2.27849 2.27849 2.26800 2.15854 2.15849 2.26114 2.27368 2.30340 2.41810 2.36772 2.33439 2.32352 2.31069 2.29872 2.28754 2.29409 2.32251 2.30660 2.30922 2.32738 2.65988 2.87053 2.91493 2.97064 2.98008 2.84218 2.79998 2.80867 2.83354 2.99304 2.99567 2.98641 2.90895 2.79724 2.52223 2.31345 2.26257 2.23182 2.20399 2.44259 2.44234 2.40033 2.40424 2.40414 2.40414 2.40267 2.39071 2.48892 2.67399 2.65998 2.64998 2.57225 3.06222 3.47178 3.54894 3.60389 3.56214 3.46670 3.45067 3.43283 3.30608 3.25441 3.31585 3.38351 3.45120 3.52079
2.27849 2.27849 2.27849 2.27849 2.17226 2.15849 2.23465 2.28698 2.28753 2.41028 2.38506 2.33313 2.33920 2.34783 2.36295 2.39082 2.42050 2.51542 2.51492 2.53399 2.52947 2.73779 3.05385 3.05508 3.04243 2.96520 2.94367 2.56665 2.42879 2.34514 2.27690 2.17468 2.07195 2.03754 2.03754 1.99396 1.93463 2.13202 2.13202 2.13202 2.32764 2.43238 2.40064 2.38088 2.36687 2.35286 2.34031 2.33826 2.38628 2.69490 2.76103 2.82724 2.84894 3.05350 3.60168 3.58642 3.59218 3.59570 3.62588 3.70484 3.78377 3.76368 3.56942 3.58133 3.59937 3.61741 3.63351
2.27849 2.27849 2.27815 2.26847 2.17936 2.13712 2.20680 2.39315 2.39921 2.44342 2.43749 2.39657 2.40199 2.40767 2.40564 2.38889 2.36952 2.39589 2.36765 2.34637 2.33698 2.37287 2.49426 2.41745 2.34558 2.33645 2.33599 2.18214 2.06841 2.06841 2.04816 2.03754 2.03754 2.03754 2.03754 2.03169 1.91163 2.09762 2.10533 2.08571 2.16884 2.36148 2.35155 2.33826 2.33826 2.36502 2.43082 2.49695 2.56343 2.87513 2.90238 2.91289 2.90386 2.90408 3.64156 3.69490 3.70123 3.70123 3.82269 3.86405 3.88494 3.89392 3.63863 3.63609 3.63609 3.63609 3.63609
2.29252 2.28709 2.28236 2.28614 2.24713 2.20232 2.21525 2.47313 2.48543 2.40626 2.32414 2.30133 2.27847 2.25560 2.23239 2.17133 2.08931 2.02858 2.13121 2.27413 2.27413 2.27429 2.33097 2.33645 2.33645 2.33645 2.33565 2.23356 2.06841 2.06841 2.05448 2.03754 2.03754 2.03754 2.03754 2.03754 1.87908 1.95898 2.03978 2.03978 2.05479 2.35963 2.44283 2.48546 2.54968 2.61326 2.63128 2.64163 2.65201 2.88983 2.97680 2.97666 2.97141 2.92505 3.48440 3.70501 3.72437 3.74543 3.84655 3.93372 3.93386 3.93386 3.70650 3.63609 3.63609 3.63609 3.63609
2.31090 2.31920 2.32927 2.33992 2.31289 2.23122 2.23590 2.31517 2.31358 2.27699 2.18961 2.15562 2.09202 2.02850 1.96538 1.94007 1.94007 1.93973 2.01439 2.27413 2.27413 2.27413 2.31607 2.33645 2.33645 2.33645 2.33603 2.28953 2.06841 2.06841 2.06026 2.03754 2.03754 2.03754 2.03754 2.03754 1.93050 1.90494 2.03941 2.02506 2.00356 2.37298 2.56410 2.65924 2.68650 2.67271 2.66535 2.66535 2.66535 2.82745 2.97666 2.97753 2.99131 2.96958 3.32322 3.77766 3.77934 3.77934 3.81797 3.93386 3.93386 3.93386 3.78187 3.63458 3.57204 3.47754 3.36683
2.36350 2.36470 2.36470 2.36470 2.35509 2.24485 2.24470 2.25291 2.21844 2.14748 1.97061 1.94007 1.94007 1.94007 1.94007 1.94007 1.94007 1.94007 1.94052 2.24616 2.27413 2.27413 2.30101 2.33645 2.33645 2.33645 2.33636 2.33558 2.08287 2.06841 2.06558 2.03754 2.03754 2.03142 2.00598 1.97907 1.91749 1.76116 1.92581 1.91449 1.91038 2.07578 2.46959 2.58937 2.66535 2.66535 2.66535 2.66536 2.67480 2.78954 3.02219 3.03934 3.04361 3.01916 3.12212 3.77934 3.77934 3.77934 3.78321 3.87032 3.76664 3.65649 3.50139 3.15458 3.03036 2.93907 2.86375
2.36470 2.36470 2.36470 2.33418 2.25840 2.07693 1.98594 1.98992 2.06299 2.06494 1.96672 1.94695 1.94889 1.95082 1.95276 1.95470 1.95664 1.95857 1.96071 2.17405 2.30335 2.30568 2.31981 2.37265 2.37497 2.37730 2.37963 2.38882 2.16762 2.08279 2.06352 1.95197 1.91206 1.89103 1.88585 1.88072 1.87558 1.70562 1.88587 1.90498 1.90498 1.93239 2.42827 2.53249 2.67932 2.69621 2.74041 2.78515 2.82042 2.87869 3.18053 3.20259 3.22450 3.14747 3.00118 3.54277 3.48170 3.36591 3.25014 3.24755 3.18851 3.08536 2.98758 2.81267 2.76983 2.75884 2.71445
2.07490 1.98951 1.90412 1.84941 1.83972 1.95633 2.02088 2.03851 2.12810 2.12785 2.05580 2.00598 2.00598 2.00598 2.00745 2.01715 2.02811 2.03907 2.04238 2.12374 2.35322 2.35322 2.34820 2.36219 2.31846 2.27415 2.23277 2.17791 2.10001 2.02978 2.02996 1.93605 1.89288 1.90518 1.92097 1.93729 1.95713 1.88432 1.99575 2.10716 2.14961 2.19076 2.53882 2.70603 2.94708 3.00532 3.00886 3.01141 3.01396 3.02538 3.22252 3.31420 3.39390 3.43994 3.26321 3.14146 2.99397 2.89614 2.79853 2.82354 2.90918 2.90573 2.89231 2.74458 2.57144 2.48227 2.41870
1.81288 1.81288 1.81288 1.81288 1.81288 1.91298 2.02427 2.02428 2.12068 2.12785 2.08881 2.02109 2.02437 2.02598 2.02598 2.01787 2.00849 1.98935 1.95085 1.87311 2.10701 2.08126 2.05800 2.09679 2.11878 2.12526 2.12922 2.09643 2.07255 2.18639 2.22141 2.22420 2.22897 2.26490 2.30064 2.33638 2.36861 2.29755 2.22483 2.34339 2.34339 2.34339 2.50310 2.76471 2.93277 3.05232 3.13334 3.20631 3.28429 3.35548 3.48435 3.52855 3.44372 3.34484 2.94576 2.80635 2.75466 2.74687 2.72368 2.68302 2.73487 2.64755 2.57676 2.44718 2.20206 2.18885 2.14165
1.81267 1.81288 1.81288 1.81288 1.81288 1.87127 2.03570 2.04886 2.03727 2.02400 2.01538 1.91826 1.94261 1.90347 1.89246 1.88204 1.87222 1.87015 1.88346 1.86108 2.05314 2.13454 2.12715 2.19639 2.32106 2.34763 2.37668 2.38655 2.29252 2.40883 2.40963 2.39956 2.37409 2.37409 2.37409 2.37409 2.37409 2.36484 2.18265 2.34339 2.36640 2.41999 2.52415 2.96065 3.18116 3.32027 3.36483 3.36286 3.29628 3.19849 3.18371 3.18956 3.17660 3.14892 2.82858 2.57442 2.44054 2.34705 2.27958 2.26232 2.41982 2.43530 2.39186 2.32317 2.06269 1.99474 1.98595
1.82704 1.85557 1.88732 1.91932 1.95129 1.99786 2.21517 2.24272 2.22343 2.19786 2.21238 2.13887 2.13259 1.94121 1.90604 1.90210 1.89815 1.89697 1.92902 1.95549 2.02374 2.09157 2.09092 2.16541 2.42786 2.42786 2.42786 2.42768 2.29596 2.38403 2.40963 2.40587 2.37409 2.37409 2.37409 2.36097 2.28982 2.21728 2.23997 2.57376 2.62630 2.62641 2.62834 2.97178 3.06792 3.21851 3.12846 3.02245 2.93742 2.86855 2.83985 2.90083 2.81641 2.76817 2.55736 2.23090 2.25476 2.26171 2.23574 2.16903 2.21388 2.20991 2.18619 2.18619 2.05498 1.98595 1.98595
2.04135 2.06773 2.08256 2.09905 2.11585 2.13509 2.30737 2.33758 2.31628 2.20472 2.19981 2.13510 2.10284 1.97736 1.91979 1.96541 2.01100 2.05388 2.06352 2.06134 2.03924 2.09073 2.09092 2.09776 2.41351 2.42786 2.42786 2.42786 2.32891 2.34865 2.40912 2.36692 2.25346 2.17944 2.11539 2.06513 2.05969 2.05969 2.17801 2.55435 2.62641 2.62634 2.62198 2.72404 2.69072 2.79085 2.68221 2.60246 2.56734 2.55780 2.57093 2.76693 2.76805 2.76805 2.66240 2.13854 2.08793 2.05345 2.01223 2.01175 2.07708 2.18619 2.18619 2.18619 2.11462 1.98595 1.98550
2.13517 2.16751 2.17457 2.17954 2.18316 2.18333 2.30083 2.35949 2.35439 2.21077 2.22614 2.23194 2.22649 2.20336 2.06352 2.06352 2.06352 2.06352 2.06352 2.06352 2.04012 2.07937 2.09092 2.09092 2.33832 2.42786 2.41176 2.34784 2.22379 2.12322 2.15530 2.13507 2.08246 2.05969 2.05969 2.05969 2.05857 2.05322 2.08318 2.47198 2.59161 2.53630 2.47754 2.50727 2.57521 2.61790 2.55890 2.55780 2.55780 2.55780 2.55440 2.68119 2.64579 2.57860 2.51564 1.95371 1.93691 2.01175 2.01175 2.01175 2.03062 2.18592 2.18114 2.17213 2.14973 1.92880 1.87461
2.17015 2.18226 2.18333 2.18333 2.18333 2.18383 2.29944 2.44684 2.50007 2.40994 2.37303 2.35419 2.28217 2.27087 2.06803 2.06352 2.06352 2.06331 2.06142 2.05919 2.04219 2.04967 2.03607 1.97869 2.07984 2.18086 2.13641 2.13161 2.10018 1.99708 2.10406 2.10366 2.07117 2.04466 2.03889 2.03313 2.02217 1.98041 1.93357 2.17443 2.36897 2.36125 2.36125 2.37463 2.59354 2.59765 2.58739 2.52158 2.45440 2.34976 2.21228 2.25772 2.25984 2.18616 2.11267 1.94652 1.91800 1.98851 1.97262 1.94500 1.91464 2.05860 2.04452 1.99185 1.93904 1.75436 1.70124
2.20670 2.21416 2.24917 2.30490 2.36053 2.41572 2.47048 2.56623 2.56611 2.45109 2.34568 2.34265 2.24427 2.23826 2.04665 1.98232 1.97937 1.96645 1.92426 1.88039 1.81816 1.70709 1.74098 1.74098 1.82437 2.08146 2.11097 2.14766 2.18249 2.06717 2.04334 2.02807 2.02065 1.97831 1.93149 1.88470 1.84188 1.82591 1.81196 1.94602 2.29511 2.21717 2.12488 2.02929 2.10338 2.06900 1.96134 1.72230 1.64447 1.60404 1.59977 1.65455 1.72161 1.71373 1.70588 1.69919 1.69141 1.68937 1.66696 1.62404 1.58114 1.66483 1.74792 1.74792 1.74792 1.69688 1.67503
2.41058 2.46067 2.45981 2.45981 2.45981 2.45981 2.46565 2.56450 2.56498 2.49726 2.33794 2.33731 2.25802 2.20484 2.03839 1.86194 1.81805 1.78461 1.78464 1.78728 1.79705 1.73146 1.80443 1.84245 1.88820 2.29125 2.29287 2.27504 2.24554 2.07789 1.86023 1.75355 1.68051 1.63661 1.59638 1.55502 1.51484 1.48745 1.46524 1.49940 1.46686 1.40152 1.40152 1.40152 1.45311 1.65082 1.73183 1.57689 1.57667 1.57667 1.57667 1.60155 1.68904 1.68904 1.67966 1.64427 1.59327 1.55037 1.52988 1.52988 1.52988 1.59440 1.66558 1.54278 1.41998 1.29712 1.17432
2.50184 2.49913 2.46060 2.45981 2.45981 2.45981 2.45981 2.54785 2.55779 2.48838 2.29256 2.23533 2.13970 2.07330 2.01473 1.80443 1.80798 1.81168 1.81341 1.81480 1.80565 1.68660 1.64536 1.64280 1.60079 1.84842 1.84816 1.75014 1.66509 1.63189 1.48844 1.43591 1.42715 1.42715 1.42715 1.42715 1.42715 1.42715 1.42715 1.43324 1.51848 1.40152 1.40152 1.40152 1.41361 1.62203 1.72612 1.61201 1.57667 1.57667 1.57310 1.54746 1.61954 1.58755 1.56261 1.56046 1.51902 1.48505 1.45152 1.41803 1.38453 1.33473 1.03601 1.03065 1.03320 1.05588 1.08639
2.50184 2.50184 2.46937 2.45815 2.41935 2.35162 2.28388 2.25084 2.19831 2.16184 2.03741 1.94179 1.85069 1.68205 1.62418 1.63544 1.65032 1.66560 1.68107 1.69634 1.70143 1.61826 1.49576 1.47036 1.41812 1.49239 1.56554 1.56554 1.56554 1.56554 1.48410 1.42233 1.42715 1.42715 1.42715 1.42715 1.42715 1.42715 1.43656 1.47347 1.54752 1.40152 1.40152 1.40152 1.40152 1.55604 1.68466 1.65312 1.51922 1.48491 1.45067 1.42206 1.48531 1.48082 1.45407 1.42729 1.35859 1.34002 1.34002 1.34002 1.34072 1.37224 1.15742 1.11157 1.14728 1.15382 1.15382
