High_resolution/powerplant/Shangrao/OMI_NO2_200510.asc
ncols      200
nrows      200
xllcorner       115.451
yllcorner       27.0350
cellsize     0.0166667
NODATA_Value      -999.000
[rows 116 to 144 of 189, columns 67 to 133 of 200]
2.06013 2.05869 2.06655 2.06655 2.13097 2.14169 2.14552 2.25657 2.23339 2.20164 2.20995 2.16862 2.17879 2.20974 2.22123 2.22224 2.21329 2.20433 2.19553 2.23775 2.21113 2.20202 2.20352 2.24122 2.39975 2.44355 2.43030 2.44565 2.56914 2.57423 2.57827 2.55854 2.52092 2.53362 2.44101 2.41465 2.44349 2.49414 2.55656 2.63910 2.63891 2.60985 2.58949 2.71311 2.72540 2.57590 2.59040 2.61592 2.56997 2.55604 2.57040 2.58458 2.60024 2.57795 2.54701 2.60999 2.75156 3.01728 3.04973 3.04315 3.04537 3.04946 3.03467 3.00293 3.01179 3.01484 3.03175
2.07436 2.07130 2.08759 2.09978 2.16035 2.20822 2.21958 2.29114 2.31508 2.24399 2.24399 2.21398 2.19859 2.23711 2.23103 2.13805 2.09662 2.05404 2.01143 2.16796 2.14656 2.14558 2.15194 2.18142 2.32559 2.43985 2.42184 2.38503 2.45517 2.44107 2.40393 2.39415 2.43891 2.51558 2.56817 2.57576 2.58222 2.60293 2.62580 2.70470 2.73139 2.73970 2.72397 2.85305 2.91502 2.79029 2.72520 2.74344 2.71666 2.65211 2.66550 2.68063 2.68696 2.66608 2.60928 2.64689 2.74528 3.03429 3.08341 3.08743 3.10094 3.12233 3.14200 3.11965 3.16227 3.18115 3.17789
2.11519 2.11603 2.14168 2.14325 2.16029 2.22232 2.22540 2.25879 2.33055 2.24626 2.24922 2.24022 2.21577 2.10977 2.04626 1.96583 1.94828 1.94828 1.95605 2.12055 2.20609 2.21574 2.22970 2.19337 2.27690 2.32352 2.31219 2.32195 2.44147 2.56777 2.64386 2.71392 2.74523 2.77028 2.87290 2.85284 2.87917 2.88843 2.89574 2.94405 2.97079 2.97686 2.94509 3.03742 3.15222 3.10142 3.00009 2.99967 2.93604 2.75668 2.74981 2.75162 2.75614 2.75084 2.69466 2.69376 2.80922 3.03690 3.18308 3.25053 3.25175 3.24465 3.22829 3.15766 3.14132 3.14286 3.14264
2.07318 2.03318 2.01995 1.99844 1.98644 2.15539 2.22475 2.23748 2.34428 2.25651 2.20562 2.19032 2.18999 2.10520 2.04610 2.02418 2.01318 2.03228 2.04356 2.11288 2.26669 2.23694 2.25132 2.24942 2.39583 2.62465 2.68082 2.74715 2.81504 2.91634 2.91634 2.91634 2.91634 2.91634 2.99733 2.95561 2.95996 3.03375 3.12827 3.20491 3.06010 3.05941 3.02149 3.02866 3.16089 3.15136 2.99617 2.99583 2.98749 2.77541 2.76715 2.76988 2.76990 2.77032 2.72308 2.71023 2.81013 3.00200 3.15713 3.19515 3.18778 3.18755 3.18732 3.15128 3.13012 3.14152 3.14152
1.92514 1.94007 2.00590 2.02078 2.00211 2.09294 2.18999 2.16526 2.23232 2.21483 2.20359 2.22373 2.24211 2.21855 2.11905 2.09911 2.05892 2.06887 2.07885 2.09768 2.40352 2.43611 2.49062 2.53568 2.57183 2.80727 2.78507 2.78507 2.79132 2.91356 2.91634 2.92078 2.99516 3.09050 3.25420 3.31551 3.43660 3.50082 3.54505 3.59010 3.14936 3.04979 3.05582 3.08339 3.18057 3.17608 3.05737 3.01221 3.01221 2.81845 2.77369 2.78155 2.78887 2.79347 2.74651 2.70950 2.76725 2.91949 3.12753 3.19400 3.18769 3.18819 3.18868 3.17107 3.12936 3.14464 3.14542
1.92234 1.89973 1.90285 1.90217 1.87799 1.91103 2.05693 2.10279 2.19634 2.25539 2.30037 2.30844 2.31828 2.32207 2.18756 2.17444 2.12059 2.17140 2.22553 2.27968 2.53497 2.56874 2.56088 2.56088 2.52692 2.80326 2.79028 2.86717 2.96522 3.15326 3.27032 3.36998 3.43388 3.47811 3.56647 3.62188 3.63156 3.66244 3.71118 3.78004 3.54008 3.30497 3.32661 3.28726 3.23870 3.18087 3.11307 3.02830 3.03778 2.90422 2.81270 2.81227 2.81443 2.81761 2.77772 2.71971 2.74211 2.86038 3.13027 3.19043 3.19649 3.19552 3.19552 3.19085 3.11756 3.09328 3.03189
1.76396 1.75959 1.83137 1.95357 2.03126 2.11902 2.31071 2.36714 2.35538 2.30248 2.33409 2.33766 2.34128 2.38456 2.32443 2.33946 2.31412 2.31065 2.31065 2.31065 2.44761 2.58960 2.57173 2.62629 2.82472 3.11192 3.23966 3.28497 3.33185 3.44535 3.57961 3.63799 3.67235 3.70935 3.78196 3.94268 3.92424 3.96428 3.98657 4.01171 3.92962 3.47662 3.51599 3.33552 3.28635 3.20710 3.19303 3.07529 3.07485 2.97592 2.83914 2.83254 2.83254 2.83254 2.80212 2.72642 2.70149 2.79536 2.93283 2.96482 2.94692 2.85112 2.75536 2.66054 2.53229 2.53638 2.58287
1.99082 2.03518 2.06945 2.13841 2.17051 2.17196 2.28414 2.36771 2.36765 2.34055 2.41054 2.47761 2.52813 2.53803 2.46146 2.37780 2.33686 2.33626 2.35832 2.37943 2.44591 2.68918 2.65670 2.72063 3.18784 3.40244 3.59752 3.63563 3.67369 3.72641 3.83270 3.86957 3.90642 3.94516 4.04482 4.29005 4.35954 4.49344 4.62989 4.74809 4.56231 3.63792 3.58510 3.41841 3.30965 3.21973 3.20794 3.10076 3.06660 3.00348 2.80659 2.75980 2.74147 2.72321 2.69267 2.58464 2.52441 2.52183 2.47597 2.44706 2.52084 2.53511 2.53439 2.51228 2.48261 2.53935 2.64174
2.04886 2.04577 2.05356 2.10443 2.15698 2.16955 2.27758 2.46687 2.51737 2.49593 2.48057 2.49944 2.50326 2.51635 2.50080 2.40340 2.42562 2.44222 2.48192 2.54835 2.61737 2.97306 3.04011 3.07270 3.38278 3.56344 3.77231 3.78545 3.88420 4.01975 4.27164 4.41339 4.54716 4.67764 4.72276 4.83415 4.78253 4.78861 4.79213 4.79214 4.74493 3.77877 3.56088 3.46112 3.26640 3.19635 3.14526 3.07074 3.00121 2.99071 2.75691 2.65435 2.60515 2.55417 2.50292 2.37758 2.33460 2.33599 2.33481 2.30148 2.41990 2.41005 2.37483 2.35512 2.34527 2.42448 2.50196
2.03178 2.01538 2.06108 2.15147 2.27359 2.30967 2.34146 2.50385 2.54317 2.53661 2.51389 2.55709 2.56397 2.56330 2.57276 2.60644 2.68245 2.75547 2.78340 2.78460 2.78461 3.00257 3.13938 3.15596 3.38099 3.69936 4.23277 4.45849 4.52497 4.54034 4.66669 4.73221 4.74499 4.78510 4.82696 4.94132 4.82082 4.75286 4.74428 4.73566 4.73206 4.02404 3.52703 3.51049 3.25729 3.21285 3.12728 3.06724 2.90878 2.85881 2.49727 2.31601 2.30078 2.29591 2.27152 2.17054 2.08354 2.06498 2.08091 2.10678 2.15693 2.14347 2.11844 2.10228 2.10404 2.20300 2.33844
2.22494 2.18439 2.19319 2.25093 2.34062 2.39404 2.43914 2.55647 2.58342 2.57750 2.53788 2.59108 2.62454 2.65283 2.66958 2.72813 2.76659 2.80904 2.84634 2.88275 2.91790 3.05270 3.27825 3.23466 3.30039 3.68144 4.26560 4.59909 4.68729 4.72567 4.84860 5.00798 5.03888 5.04254 5.04254 5.07497 4.94513 4.74650 4.74650 4.74798 4.76753 4.37335 3.51628 3.44395 3.18116 3.07393 2.94378 2.92568 2.80948 2.78889 2.49485 2.26640 2.22759 2.21917 2.22934 2.21513 2.18025 2.16212 2.15245 2.13279 2.10247 2.12065 2.14124 2.13771 2.13226 2.18238 2.29830
2.45038 2.32372 2.35093 2.33724 2.36115 2.41404 2.43771 2.55844 2.63797 2.66755 2.64243 2.66718 2.70148 2.73605 2.77398 2.84645 2.92508 2.93865 2.94118 2.94280 2.94566 2.99491 3.42815 3.42583 3.46399 3.86214 4.30434 4.73713 4.82756 4.82756 4.86142 5.04254 5.04254 5.04254 5.04420 5.06511 5.10204 4.81754 4.83832 4.84985 4.84326 4.66426 3.47161 3.30305 3.16733 3.01803 2.93784 2.88635 2.79656 2.72999 2.57709 2.33370 2.28084 2.25958 2.23714 2.19188 2.10398 2.07863 2.08121 2.08273 2.07211 2.09329 2.11216 2.11216 2.11184 2.13365 2.24817
2.60430 2.36573 2.38305 2.40366 2.43189 2.56326 2.59786 2.67597 2.76867 2.80429 2.79534 2.80719 2.84217 2.84693 2.84833 2.86336 2.94255 2.95235 2.95840 2.94291 2.90765 2.87578 3.30925 3.46502 3.49350 3.74744 4.12433 4.69373 4.82699 4.82913 4.84772 5.06607 5.11389 5.13865 5.15465 5.14774 5.22957 4.82814 4.81991 4.81971 4.81942 4.77876 3.69745 3.22907 3.14198 2.90803 2.92482 2.86134 2.82356 2.71924 2.60756 2.28073 2.19460 2.19176 2.19007 2.18240 2.03096 2.01072 2.01061 2.01756 2.01292 2.01607 2.04395 2.04266 2.03879 2.04019 2.13871
2.52428 2.51883 2.57966 2.59851 2.61720 2.70848 2.73409 2.74061 2.75540 2.74351 2.76049 2.83509 2.85733 2.85781 2.85781 2.85017 2.89398 2.87442 2.84682 2.82700 2.82694 2.82694 3.14844 3.43571 3.49727 3.66944 4.06638 4.65859 4.88748 4.93429 4.92982 5.05812 5.13425 5.13233 5.13842 5.14922 5.25211 4.89699 4.80413 4.78209 4.76032 4.75591 4.05890 3.22026 3.18061 2.92066 2.88968 2.76881 2.72811 2.69247 2.67377 2.31790 2.23887 2.23259 2.23259 2.23259 2.03296 1.98355 1.98143 2.00130 2.01531 2.02938 2.07441 2.08605 2.07557 2.06495 2.11850
2.66321 2.63070 2.70630 2.70637 2.66117 2.70474 2.75987 2.74585 2.71488 2.74269 2.74332 2.82351 2.82109 2.79140 2.75610 2.72841 2.77973 2.81650 2.83067 2.84156 2.89219 2.96167 3.20288 3.67784 3.83192 3.86615 4.13724 4.68102 5.00844 5.11773 5.16688 5.23396 5.26145 5.23535 5.20740 5.17943 5.19514 4.96119 4.72041 4.67447 4.62749 4.54982 4.15534 3.08604 2.94800 2.81319 2.78247 2.74016 2.71989 2.70086 2.69040 2.37502 2.26832 2.26462 2.27806 2.29160 2.15627 2.07393 2.07378 2.07661 2.06633 2.04273 2.04688 2.03364 2.03350 2.03491 2.07969
2.64442 2.58598 2.67744 2.67822 2.65530 2.67105 2.75817 2.75588 2.67649 2.68134 2.64493 2.66925 2.70625 2.71719 2.71618 2.74815 2.83655 2.95427 3.16338 3.23673 3.25586 3.25249 3.31002 3.78543 3.92908 3.96429 4.18986 4.71391 5.13465 5.22715 5.19913 5.15753 5.10030 5.05309 5.00706 4.96096 4.92541 4.83218 4.46834 4.42231 4.37725 4.36275 4.26071 3.21507 2.93288 2.85381 2.73735 2.75350 2.69169 2.67608 2.65097 2.40910 2.30109 2.33304 2.31567 2.28854 2.16342 1.99379 1.96172 1.98608 2.01975 2.01899 2.05967 2.08049 2.10228 2.12359 2.12448
2.64158 2.58677 2.63958 2.66440 2.63302 2.58225 2.64138 2.61391 2.54994 2.58883 2.62147 2.71343 2.83756 2.91572 2.97548 3.00428 3.01457 3.08772 3.19388 3.23471 3.22050 3.21042 3.21394 3.70392 3.92023 3.96893 4.09202 4.44184 4.87931 4.97713 4.93699 4.90450 4.89525 4.87857 4.83303 4.78385 4.68745 4.65609 4.31774 4.30297 4.28817 4.27350 4.24977 3.39704 2.81207 2.78345 2.60406 2.65490 2.56599 2.54467 2.48651 2.34018 2.19123 2.22666 2.21704 2.21716 2.17103 1.99525 1.99844 2.02907 2.10033 2.10416 2.06626 2.06463 2.06346 2.06266 2.05724
2.63226 2.56524 2.51934 2.54299 2.50615 2.48472 2.53590 2.56315 2.51923 2.69796 2.89138 2.90253 2.98885 3.00170 2.98800 2.97093 2.95239 3.00824 3.11175 3.20860 3.20244 3.19438 3.18108 3.47718 3.83138 3.90956 3.95072 4.22924 4.51010 4.59615 4.50961 4.38639 4.26300 4.15656 4.07872 4.00475 3.97793 4.06851 4.08428 4.07870 4.07870 4.07870 4.06901 3.48617 2.68184 2.61368 2.42629 2.43787 2.36163 2.33919 2.31385 2.27002 2.15637 2.24333 2.26605 2.28088 2.29065 2.04058 2.00404 2.00049 2.08042 2.12159 2.07746 2.04181 2.02794 2.01057 1.99254
2.55017 2.52118 2.45384 2.53534 2.51424 2.43032 2.46261 2.53588 2.52529 2.59024 2.86767 2.84918 2.90347 2.93492 2.94422 2.94494 2.93878 2.96861 3.03289 3.14950 3.13471 3.12249 3.11723 3.22571 3.51902 3.56724 3.47876 3.63624 3.73524 3.91531 3.97793 3.97793 3.97793 3.97793 3.97793 3.97793 3.97793 4.02720 3.98721 3.85359 3.73535 3.56468 3.35822 3.03546 2.56186 2.51256 2.40736 2.36272 2.37929 2.35774 2.36147 2.35313 2.20158 2.24299 2.26119 2.27468 2.30882 2.14335 2.10546 2.10677 2.13938 2.14947 2.07414 1.94170 1.92138 1.91246 1.91244
2.46225 2.41496 2.42542 2.54196 2.55084 2.42744 2.40686 2.48031 2.46663 2.42546 2.81420 2.82269 2.85840 2.89878 2.90060 2.88342 2.87314 2.88513 2.94971 3.12458 3.12980 3.13110 3.11629 3.06975 3.10168 3.20708 3.20782 3.39138 3.60702 3.88203 3.97792 3.97793 3.96730 3.86969 3.75165 3.63348 3.51024 3.35490 3.33555 3.21111 3.11307 3.06764 3.06764 2.98397 2.54538 2.50817 2.45492 2.31637 2.38599 2.38947 2.39054 2.37964 2.27166 2.31140 2.37951 2.39236 2.38443 2.26869 2.14865 2.04747 2.07510 2.12558 2.11035 1.95130 1.94468 1.94679 1.94973
2.38484 2.36533 2.40077 2.47468 2.47889 2.39227 2.36375 2.41776 2.41432 2.40831 2.74787 2.87624 2.88082 2.84150 2.87519 2.87522 2.87522 2.87749 2.93650 3.06583 3.07954 3.05868 3.05217 3.05098 3.00649 3.20175 3.20782 3.29740 3.43074 3.61961 3.61588 3.51414 3.38837 3.27827 3.18020 3.08231 2.98935 2.96859 3.08768 3.04404 3.03071 3.01721 3.00371 2.98721 2.52346 2.38544 2.32629 2.21453 2.24506 2.21356 2.16680 2.31570 2.24384 2.18801 2.24790 2.24790 2.24790 2.24856 2.24169 2.09129 2.09418 2.16337 2.16422 2.00723 1.97198 1.97403 1.98443
2.37736 2.32413 2.29246 2.35097 2.37622 2.31903 2.27145 2.26774 2.25468 2.35320 2.66876 2.90042 2.89963 2.84116 2.86711 2.85296 2.83371 2.81446 2.85040 2.97664 3.05217 3.05217 3.05087 3.02443 2.90028 3.07638 3.05522 3.00412 2.85749 2.97585 3.04109 2.98143 2.89280 2.87649 2.86764 2.85789 2.84706 2.83712 2.90058 2.88276 2.81946 2.69349 2.56706 2.43612 2.20947 2.04884 2.00329 2.01844 2.08916 2.11879 2.11322 2.22809 2.27026 2.17258 2.24439 2.25085 2.25468 2.25889 2.26630 2.14538 2.11335 2.16414 2.13779 1.98324 1.87984 1.97111 1.95943
2.19982 2.23067 2.26264 2.36017 2.39586 2.35937 2.28403 2.28093 2.25479 2.29716 2.54586 2.87871 2.85645 2.79207 2.77669 2.78672 2.78370 2.78038 2.78566 2.82937 2.86455 2.82312 2.78297 2.76783 2.70041 2.70982 2.65698 2.56215 2.41623 2.53694 2.76248 2.83918 2.83720 2.83521 2.79937 2.68812 2.56144 2.43567 2.35660 2.24246 2.12641 2.08268 2.03967 2.00168 2.03172 1.98443 1.96721 2.00285 2.07940 2.15521 2.15617 2.21281 2.37265 2.25131 2.27326 2.27859 2.28225 2.27679 2.26353 2.16195 2.06515 2.00889 1.97043 1.91255 1.77922 1.94876 1.95796
2.34454 2.33742 2.26774 2.31701 2.36474 2.35668 2.25464 2.24029 2.19440 2.16828 2.35485 2.74110 2.78933 2.75062 2.69570 2.69086 2.66153 2.63249 2.63289 2.68057 2.75557 2.74070 2.72585 2.71114 2.68083 2.54424 2.49558 2.48434 2.39923 2.39601 2.52034 2.47686 2.34975 2.22312 2.13101 2.11442 2.08762 2.04458 2.02984 2.03455 2.01022 2.02259 2.03496 2.04687 2.06931 2.08571 2.04522 2.05895 2.11519 2.19693 2.18386 2.18533 2.38172 2.28896 2.28055 2.27270 2.25476 2.24597 2.24967 2.21144 2.09396 2.07832 2.02423 2.00696 1.84324 1.97398 2.06484
2.44408 2.43474 2.24814 2.26917 2.31441 2.31295 2.19039 2.17293 2.15982 2.15107 2.31780 2.58333 2.66308 2.64911 2.60167 2.64361 2.63935 2.63285 2.62219 2.60797 2.69666 2.70444 2.69686 2.66403 2.62790 2.46179 2.34271 2.32517 2.27737 2.18577 2.14182 2.07810 2.03961 2.00173 1.96381 1.92629 1.91517 1.92030 1.93437 2.01507 2.00316 1.99969 1.99616 1.99311 1.99273 2.03313 1.97252 1.97541 2.03308 2.10035 2.08847 2.06475 2.17778 2.27383 2.27723 2.28668 2.28668 2.28093 2.26880 2.24944 2.06981 2.04094 1.95153 1.93691 1.93015 2.06853 2.27298
2.38053 2.37537 2.18987 2.14254 2.22052 2.25051 2.20587 2.19625 2.19417 2.16633 2.28101 2.51799 2.67111 2.65657 2.58375 2.59278 2.59544 2.58192 2.56116 2.52697 2.56096 2.55081 2.51755 2.50953 2.50247 2.40953 2.32227 2.31957 2.31500 2.12657 2.06274 1.97420 1.91536 1.91531 1.91531 1.91531 1.91531 1.91531 1.91531 1.99273 1.99093 1.96524 1.93518 1.90329 1.85771 1.87986 1.94757 1.90911 1.93656 2.01535 2.05369 2.02907 2.07470 2.23427 2.22017 2.21645 2.20028 2.19042 2.18884 2.17263 2.02422 1.96362 1.88321 1.84061 1.88121 2.08746 2.37575
2.23400 2.29389 2.19224 2.12081 2.17114 2.20377 2.20392 2.19125 2.17458 2.12490 2.15554 2.38793 2.62508 2.63162 2.58754 2.51245 2.45716 2.42734 2.38423 2.34995 2.36639 2.39096 2.36301 2.33506 2.31098 2.37926 2.43244 2.34972 2.19778 2.08213 2.01929 1.97573 1.91531 1.91531 1.91531 1.91208 1.88586 1.85403 1.82086 1.84725 1.82505 1.79693 1.77826 1.76001 1.75423 1.79068 1.91352 1.88207 1.89274 1.93583 1.92526 1.91372 1.91967 2.14580 2.14649 2.14465 2.11721 2.08053 2.04291 1.98786 1.94912 1.94553 1.91141 1.86199 1.86349 2.05223 2.32561
2.32592 2.42193 2.33202 2.15686 2.11678 2.12393 2.15220 2.13385 2.13620 2.11622 2.09604 2.29128 2.45212 2.45558 2.39282 2.29853 2.23081 2.20535 2.20067 2.20067 2.22689 2.31593 2.33536 2.35480 2.37161 2.39916 2.48896 2.41490 2.20366 2.12841 2.02597 1.96053 1.86217 1.82052 1.78546 1.74676 1.72306 1.70439 1.68572 1.71321 1.76120 1.75423 1.74801 1.72718 1.70281 1.68782 1.83156 1.82614 1.83827 1.84863 1.80860 1.78921 1.76963 1.89744 1.94587 1.92381 1.92284 1.92010 1.91739 1.91662 1.92348 1.94753 1.93482 1.86199 1.86199 1.99185 2.21941
2.23911 2.31772 2.25630 2.02403 2.05041 2.10805 2.22452 2.21669 2.22162 2.20525 2.16775 2.06703 2.16734 2.31423 2.31309 2.25726 2.20169 2.20964 2.22905 2.24848 2.27203 2.37245 2.37387 2.37387 2.37387 2.37173 2.45266 2.33399 2.09439 1.94524 1.87420 1.81955 1.73693 1.68363 1.66201 1.64638 1.64306 1.63994 1.62371 1.61532 1.64754 1.60246 1.57708 1.58403 1.59447 1.60522 1.72934 1.83271 1.83197 1.70900 1.69454 1.69462 1.69462 1.76620 1.90074 1.90472 1.91662 1.91662 1.91015 1.88214 1.85293 1.85180 1.82359 1.71904 1.66112 1.65375 1.74078
