High_resolution/powerplant/Shangrao/OMI_NO2_201004.asc
ncols      200
nrows      200
xllcorner       115.451
yllcorner       27.0350
cellsize     0.0166667
NODATA_Value      -999.000
[rows 0 to 28 of 195, columns 0 to 66 of 200]
0.00000 0.00000 0.00000 0.00000 0.00000 1.75659 1.75659 1.75659 1.75659 1.75659 1.75659 1.75659 1.75659 1.75659 1.75659 1.75659 1.75659 1.75659 1.75659 1.75659 1.75659 1.75659 1.75659 1.75659 2.04065 2.69177 5.30577 5.30577 5.30577 5.30577 5.30577 5.30577 5.30577 5.30577 5.30577 5.08003 4.29850 3.70858 3.27177 2.91207 2.01009 1.97353 1.97353 1.97353 2.01006 2.22021 2.22021 2.22021 2.22021 2.22021 2.22021 2.22021 2.22021 2.22021 2.22021 2.21638 1.05777 0.830924 0.830924 0.830924 0.830924 0.830924 0.830924 0.830924 0.00000 1.83321 1.83321
0.00000 0.00000 0.00000 0.00000 0.00000 0.00000 1.75659 1.75659 1.75659 1.75659 1.75659 1.75659 1.75659 1.75659 1.75659 1.75659 1.75659 1.75659 1.75791 1.83771 1.93438 2.00621 2.06175 2.25124 3.52715 3.54144 5.04530 5.30577 5.30577 5.30577 5.28056 4.63086 3.94660 3.45067 3.07411 2.83754 2.82167 2.82167 2.82167 2.82167 2.22495 1.97353 1.97353 1.97353 1.97353 2.18346 2.22021 2.22021 2.22021 2.22021 2.22021 2.22021 2.22021 2.22021 2.22021 2.22021 1.56808 0.830924 0.830924 0.837891 0.952388 1.07038 1.16058 1.38190 1.83321 1.83321 1.81341
0.00000 0.00000 0.00000 0.00000 0.00000 0.00000 1.75659 1.75659 1.75659 1.75659 1.75659 1.75659 1.75659 1.76310 1.85597 1.94764 2.01635 2.06971 2.11203 2.12584 2.12584 2.12584 2.12584 2.12584 3.27613 3.53118 4.18902 4.22079 3.65213 3.22891 2.90830 2.82167 2.82167 2.82167 2.82167 2.82167 2.82167 2.82167 2.82167 2.82167 2.46321 1.97353 1.97353 1.97353 1.97353 2.11010 2.22021 2.22021 2.22021 2.22021 2.22021 2.22021 2.22021 2.22021 2.31491 2.55771 2.34591 1.21055 1.27192 1.32050 1.33207 1.34678 1.44602 1.59215 1.68433 1.65819 1.64239
0.00000 0.00000 0.00000 0.00000 0.00000 0.00000 1.75659 1.75659 1.77192 1.87314 1.96033 2.02608 2.07745 2.11697 2.12584 2.12584 2.12584 2.12584 2.12584 2.12584 2.12584 2.12529 2.10324 2.07002 2.78851 3.40894 3.19905 2.82167 2.82167 2.82167 2.82167 2.82167 2.82167 2.82167 2.82167 2.82167 2.82167 2.82167 2.82167 2.82167 2.70170 1.97353 1.97353 1.97353 1.97353 2.03687 2.22021 2.22021 2.23742 2.43422 2.67877 2.92332 3.16814 3.41377 3.56362 3.56537 3.37141 1.42551 1.52514 1.63793 1.75072 1.84888 1.86235 1.86228 1.67131 1.64167 1.64167
0.00000 0.00000 0.00000 4.66050 4.66050 4.66050 4.64165 3.07989 2.14347 2.12584 2.12584 2.12584 2.12584 2.12584 2.12584 2.12584 2.12584 2.11994 2.08941 2.05623 2.02303 1.99033 1.97919 1.97919 2.33194 3.38454 3.35418 2.83518 2.82167 2.82167 2.82167 2.82167 2.82167 2.82167 2.82167 2.82167 2.82167 2.82167 2.82167 2.82167 2.82167 2.09193 1.97353 2.06608 2.30861 2.55891 3.03070 3.29028 3.51761 3.56537 3.56537 3.56537 3.61235 3.72472 3.83751 3.95030 4.06065 2.30275 1.86235 1.86235 1.86235 1.86235 1.86235 1.86235 1.73610 1.64167 1.64167
4.66050 4.66050 4.66050 4.66050 4.66050 4.66050 4.66050 3.58031 2.39954 2.12584 2.12584 2.12584 2.12584 2.10883 2.07563 2.04241 2.00921 1.98189 1.97919 1.97919 1.97919 1.97919 1.97919 1.97919 2.00901 3.30917 3.38454 2.97445 2.82167 2.82167 2.82167 2.82167 2.82167 2.82167 2.82167 2.82167 2.82167 2.82558 2.91385 3.03642 3.15914 3.06602 3.16467 3.31667 3.31869 3.31869 3.48199 3.58663 3.69104 3.80373 3.91663 4.02942 4.09523 4.09565 4.09565 4.09565 4.09565 2.92590 1.86235 1.86235 1.86235 1.86235 1.86235 1.86235 1.80091 1.64167 1.64167
4.66050 4.66050 4.66050 4.66050 4.66050 4.66050 4.66050 4.01100 2.70627 2.09503 2.06181 2.02861 1.99541 1.97919 1.97919 1.97919 1.97919 1.97919 1.97919 1.97919 1.97919 1.97919 1.97919 1.97919 1.97919 2.93989 3.38454 3.14391 2.82167 2.82167 2.82167 2.82167 2.84249 2.95427 3.07668 3.19929 3.32197 3.44040 3.47454 3.47454 3.47454 3.42812 3.32165 3.43114 3.59387 3.75652 3.94549 4.08727 4.09565 4.09565 4.09565 4.09565 4.09565 4.09565 4.09565 4.09565 4.09565 3.54969 1.86235 1.86235 1.86235 1.86235 1.86235 1.86235 1.85586 1.65160 1.64167
4.66050 4.66050 4.66050 4.66050 4.66050 4.66050 4.66050 4.57102 2.91261 1.97919 1.97919 1.97919 1.97919 1.97919 1.97919 1.97919 1.97919 1.97919 1.97919 1.97919 1.97919 1.97919 1.97919 1.97919 1.97919 2.54133 3.38454 3.36368 2.99519 3.11709 3.23951 3.36205 3.46390 3.47454 3.47454 3.47454 3.47454 3.47454 3.51919 3.67636 3.83908 3.99507 4.00997 4.05902 4.05902 4.05902 4.06169 4.09525 4.09565 4.09565 4.09565 4.09565 4.09565 4.09565 4.09565 4.09565 4.09565 4.05165 1.98362 1.86235 1.86235 1.86235 1.86235 1.86235 1.86235 1.70993 1.64167
4.66050 4.66050 4.66050 4.66050 4.66050 4.66050 4.66050 4.66050 3.36545 2.10232 1.97919 1.97919 1.97919 1.97919 1.97919 1.97919 1.97919 1.97919 1.97919 1.97919 1.97919 1.98074 2.13199 2.38256 2.63287 3.00551 3.96436 4.03695 3.57315 3.47454 3.47454 3.47454 3.47454 3.48143 3.60306 3.76579 3.92851 4.09124 4.20939 4.21487 4.21487 4.21487 4.10001 4.05902 4.05902 4.05902 4.05902 4.08706 4.09565 4.09565 4.09565 4.09565 4.09565 4.09565 4.09565 4.09565 4.09565 4.09565 2.56338 1.86235 1.86235 1.86235 1.86250 1.87229 1.88777 1.81571 1.69805
4.66050 4.66050 4.66050 4.66050 4.66050 4.66050 4.66050 4.66050 3.78921 2.41076 1.97919 1.97919 1.97919 1.97919 1.97919 1.97919 1.98824 2.17203 2.42234 2.67265 2.92296 3.17185 3.27079 3.27079 3.27079 3.27079 3.90891 4.03741 3.74264 3.53184 3.69250 3.85522 4.01802 4.17386 4.21487 4.21487 4.21487 4.21487 4.21487 4.21487 4.21487 4.21487 4.14362 4.05902 4.05902 4.05902 4.05902 4.07631 4.09565 4.09565 4.09565 4.09565 4.09565 4.09565 4.09565 4.09565 4.09565 4.09667 3.19688 1.89815 1.91364 1.92913 1.94444 1.95012 1.94646 1.90400 1.91643
4.66050 4.66050 4.66050 4.66050 4.66050 4.66050 4.66050 4.66050 4.42038 2.72791 1.97919 2.00219 2.21181 2.46212 2.71243 2.96300 3.20414 3.27079 3.27079 3.27079 3.27079 3.27079 3.27079 3.27079 3.28295 3.52188 4.26634 4.93601 4.99705 4.21280 4.21487 4.21487 4.21487 4.21487 4.21487 4.21487 4.21487 4.21487 4.21487 4.21487 4.21487 4.21487 4.18733 4.05902 4.05902 4.05902 4.05902 4.06544 4.09565 4.09565 4.09565 4.09577 4.09827 4.10173 4.10517 4.10861 4.11206 4.11449 3.83452 1.94982 1.93220 1.90824 1.88429 1.86035 1.84005 1.83766 2.10165
4.66050 4.66050 4.66050 4.66050 4.66050 4.66050 4.65917 4.64939 4.63811 3.20972 2.99759 3.22997 3.27079 3.27079 3.27079 3.27079 3.27079 3.27079 3.27079 3.27079 3.34924 3.65817 3.98199 4.30567 4.61747 4.70236 4.90553 5.46899 5.45751 4.32034 4.21487 4.21487 4.21487 4.21487 4.21487 4.21487 4.21487 4.21487 4.21487 4.21487 4.21487 4.21487 4.21462 4.07557 4.05902 4.05902 4.06000 4.06339 4.09891 4.10687 4.11031 4.11364 4.11458 4.11458 4.11458 4.10391 4.08001 4.05605 4.03210 2.16566 1.83766 1.83766 1.83766 1.83766 1.83766 1.83766 2.00634
4.66050 4.65917 4.64939 4.63811 4.62684 4.61556 4.60561 4.60412 4.60412 3.61293 3.20955 3.27079 3.27079 3.27079 3.27079 3.27308 3.47078 3.79474 4.11842 4.44225 4.68747 4.70236 4.70236 4.70236 4.70236 4.70236 4.72293 5.43409 5.46899 4.68318 4.21487 4.21487 4.21487 4.21487 4.21487 4.21487 4.21487 4.21487 4.21487 4.21487 4.21562 4.24863 4.29856 4.17897 4.07193 4.07538 4.07785 4.07795 4.09938 4.11458 4.10968 4.08729 4.06334 4.03939 4.01544 4.00215 4.00212 4.00212 4.00212 2.76102 1.83766 1.83766 1.83766 1.83766 1.83766 1.83766 1.91104
4.61556 4.60561 4.60412 4.60412 4.60412 4.60412 4.60412 4.60412 4.60412 4.17839 3.14151 3.31788 3.60735 3.93103 4.25485 4.57638 4.70236 4.70236 4.70236 4.70236 4.70236 4.70236 4.70236 4.70236 4.70236 4.70236 4.70236 5.23724 5.46899 5.05730 4.21487 4.21487 4.21487 4.21487 4.21487 4.22147 4.26563 4.31561 4.36572 4.41573 4.46504 4.48215 4.48215 4.34644 4.07795 4.07938 4.11351 4.16100 4.16553 4.02272 4.00368 4.00212 4.00212 4.00212 4.00212 4.00212 4.00212 4.00212 4.00212 3.36252 1.83766 1.83766 1.83766 1.83766 1.83766 1.83766 1.84111
4.60412 4.60412 4.60412 4.60412 4.60412 4.60412 4.60412 4.64961 4.74153 4.80653 4.27019 4.66815 4.70236 4.70236 4.70236 4.70236 4.70236 4.70236 4.70236 4.70236 4.70236 4.70236 4.70236 4.70236 4.70236 4.70236 4.70236 5.01959 5.46899 5.40182 4.26322 4.28263 4.33263 4.38277 4.43275 4.47621 4.48215 4.48215 4.48215 4.48215 4.48215 4.49760 4.54422 4.56436 4.24037 4.28106 4.29462 4.29462 4.28472 4.01400 4.00212 4.00212 4.00212 4.00212 4.00212 4.00212 4.00212 4.00212 4.00212 3.90645 1.89480 1.83766 1.83766 1.83766 1.83766 1.83766 1.83766
4.60412 4.60412 4.60542 4.67829 4.76183 4.82126 4.86570 4.88829 4.88860 4.88860 4.65627 4.67384 4.70236 4.70236 4.70236 4.70236 4.70236 4.70236 4.70236 4.70236 4.70236 4.70236 4.70236 4.70236 4.70164 4.60965 4.45457 4.44365 5.65352 5.70390 4.81847 4.48215 4.48215 4.48215 4.48215 4.48215 4.48531 4.52327 4.57079 4.61830 4.66584 4.69793 4.69881 4.69881 4.38594 4.29462 4.29462 4.29462 4.29462 4.09060 4.00212 4.00212 4.00212 4.00212 4.00212 4.00212 4.00212 4.00212 4.00212 4.00212 2.40042 1.83766 1.83766 1.83766 1.83766 1.83766 1.86246
4.78034 4.83490 4.87579 4.88860 4.88860 4.88860 4.88860 4.88860 4.88860 4.88860 4.78430 4.60606 4.70236 4.70236 4.70236 4.70236 4.70236 4.70236 4.70236 4.69682 4.58356 4.42808 4.27275 4.11775 3.96299 3.89965 3.89965 3.89965 5.45406 5.73627 5.19353 4.48215 4.50241 4.54981 4.59733 4.64489 4.68922 4.69881 4.69881 4.69881 4.69881 4.69881 4.69881 4.69881 4.49972 4.29462 4.29462 4.29462 4.29462 4.17705 4.00212 4.00212 4.00212 4.00212 4.00212 4.00212 4.00212 4.00212 4.00212 4.00212 2.98891 1.89456 1.94273 1.99090 2.03904 2.08721 2.11057
4.88860 4.88860 4.88860 4.88860 4.88860 4.88860 4.88860 4.88860 4.88860 4.88860 4.88234 4.56835 4.70236 4.70236 4.68767 4.55707 4.40183 4.24667 4.09118 3.94147 3.89965 3.89965 3.89965 3.89965 3.89965 3.89965 3.89965 3.90964 5.05174 5.98975 5.92854 4.67206 4.69868 4.69881 4.69881 4.69881 4.69881 4.69881 4.69881 4.69881 4.69881 4.69881 4.69881 4.69881 4.61357 4.29462 4.29462 4.29462 4.29462 4.26279 4.00288 4.00212 4.00212 4.00212 3.99646 3.75395 3.38624 3.01833 2.65224 2.28474 2.02383 2.11057 2.12563 2.36306 2.67392 2.98492 3.29622
4.88860 4.88860 4.88860 4.88860 4.88860 4.88860 4.88860 4.88860 4.88860 4.91995 5.12292 5.09076 4.26543 4.06493 3.92446 3.89965 3.89965 3.89965 3.89965 3.89965 3.89965 3.89965 3.89965 3.94378 4.07584 4.21011 4.34461 4.46895 5.00662 6.33089 6.33089 4.96974 4.69881 4.69881 4.69881 4.69881 4.69881 4.69881 4.69881 4.69881 4.69881 4.69881 4.69881 4.69881 4.69513 4.32651 4.29462 4.29462 4.29462 4.20967 3.62379 3.20036 2.83266 2.46677 2.10473 1.97953 1.97953 1.97953 2.13942 2.45072 2.76225 3.19110 3.49970 3.57343 3.57343 3.57343 3.57343
4.88860 4.88860 4.88860 4.88860 4.91995 5.12292 5.35180 5.58067 5.80955 6.00766 6.03414 5.89152 4.35598 3.89965 3.89965 3.89965 3.89965 3.89965 3.90334 3.99854 4.13281 4.26731 4.40164 4.49190 4.49428 4.49428 4.49428 4.49428 4.55502 6.26129 6.33089 5.46083 4.69881 4.69881 4.69881 4.69881 4.69881 4.69881 4.69881 4.69881 4.69881 4.69881 4.69881 4.70184 4.91120 4.25490 3.30719 2.93948 2.57359 2.29084 2.12154 1.97953 1.97953 2.05955 2.35812 2.66927 2.98042 3.29128 3.44239 3.44239 3.44239 3.52521 3.57343 3.57343 3.57343 3.57343 3.57343
5.12292 5.35180 5.58067 5.80955 6.00766 6.03414 6.03414 6.03414 6.03414 6.03414 6.03414 6.01014 4.85524 3.89965 3.92897 4.05556 4.19001 4.32434 4.45504 4.49428 4.49428 4.49428 4.49428 4.49428 4.49428 4.49428 4.49428 4.49428 4.49428 5.80091 6.33089 5.95062 4.69881 4.69881 4.69881 4.69881 4.69881 4.69881 4.73563 5.02220 5.35589 5.68941 6.02294 6.35325 6.47759 4.92926 2.27203 2.27203 2.27904 2.36788 2.48331 2.88797 3.19897 3.42996 3.44239 3.44239 3.44239 3.44239 3.44239 3.44239 3.44239 3.48898 3.57343 3.57343 3.57343 3.57343 3.57343
6.03414 6.03414 6.03414 6.03414 6.03414 6.03414 6.03414 6.03414 6.03414 6.03414 6.13709 6.34124 5.84562 4.38142 4.48655 4.49428 4.49428 4.49428 4.49428 4.49428 4.49428 4.49428 4.49428 4.49428 4.49428 4.49428 4.49428 4.49428 4.49428 5.28008 6.33089 6.31212 4.82693 4.80643 5.13355 5.46689 5.80059 6.13411 6.43081 6.47759 6.47759 6.47759 6.47759 6.47759 6.52472 6.24708 2.56377 2.65529 2.76040 2.78379 2.78939 3.38621 3.44239 3.44239 3.44239 3.44239 3.44239 3.44239 3.44239 3.44239 3.44239 3.45359 3.57262 3.57343 3.57343 3.57343 3.57343
6.03414 6.03414 6.03414 6.03414 6.03414 6.04207 6.19322 6.39711 6.60101 6.80498 6.90584 6.90584 6.60430 4.71040 4.49428 4.49428 4.49428 4.49428 4.49428 4.49428 4.49428 4.49428 4.49428 4.49428 4.49428 4.49428 4.49428 4.49487 4.62395 5.12924 7.21032 7.54366 6.84481 6.47119 6.47759 6.47759 6.47759 6.47759 6.47759 6.49049 6.58752 6.69965 6.81177 6.92395 6.98900 6.98936 3.59498 2.78379 2.78379 2.78379 2.78379 3.19700 3.44239 3.44239 3.44239 3.44239 3.44239 3.44239 3.44239 3.44239 3.44239 3.44239 3.54766 3.57343 3.57343 3.57343 3.57343
6.03414 6.06543 6.24910 6.45299 6.65706 6.85293 6.90584 6.90584 6.90584 6.90584 6.90584 6.90584 6.81592 5.20128 4.49428 4.49428 4.49428 4.49428 4.49428 4.49428 4.49428 4.49428 4.50049 4.66096 4.88792 5.11473 5.34162 5.56792 5.66560 5.66560 7.77126 8.10967 7.56782 6.47759 6.47769 6.53844 6.65057 6.76280 6.87493 6.97421 6.98936 6.98936 6.98936 6.98936 6.98936 6.98936 4.77458 2.78379 2.78379 2.78379 2.78379 3.00240 3.44239 3.44239 3.44239 3.44239 3.44239 3.44239 3.44239 3.44239 3.44239 3.44239 3.51138 3.57949 3.61457 3.65353 3.69249
6.71293 6.88562 6.90584 6.90584 6.90584 6.90584 6.90584 6.90584 6.90584 6.90584 6.90584 6.90584 6.90584 5.81220 4.49428 4.49428 4.49428 4.51220 4.69797 4.92474 5.15186 5.37851 5.59919 5.66560 5.66560 5.66560 5.66560 5.66560 5.66560 5.66560 7.10939 8.31812 8.42967 6.87165 6.93798 6.98936 6.98936 6.98936 6.98936 6.98936 6.98936 6.98936 6.98936 6.98936 6.98936 6.98936 5.95437 2.78379 2.78379 2.78379 2.78379 2.82146 3.42850 3.44239 3.44239 3.44239 3.44239 3.44242 3.44714 3.45540 3.46370 3.47196 3.54966 3.79000 3.79379 3.77455 3.58284
6.90584 6.90584 6.90584 6.90584 6.90584 6.90584 6.90584 6.90584 6.90584 6.90584 6.90584 6.90584 6.91192 6.51137 4.98660 5.18876 5.41541 5.62449 5.66560 5.66560 5.66560 5.66560 5.66560 5.66560 5.66560 5.66560 5.75707 5.96004 6.16309 6.36633 7.26707 9.00815 9.00815 7.52437 6.98936 6.98936 6.98936 6.98936 6.98936 6.98936 6.98936 6.98936 6.98936 6.98936 6.98936 6.98936 6.90567 3.01254 2.78379 2.78379 2.78379 2.78379 3.27283 3.45123 3.45949 3.46779 3.47605 3.48428 3.48782 3.48782 3.48662 3.34726 3.12154 3.17290 2.95525 2.74170 2.70081
6.90584 6.90584 6.90584 6.90584 6.90584 6.90584 6.90584 6.91215 6.95272 6.99831 7.04420 7.09008 7.12989 6.97937 5.87387 5.66560 5.66560 5.66560 5.66560 5.66560 5.66560 5.67962 5.84269 6.04584 6.24899 6.45213 6.56381 6.56408 6.56408 6.56408 6.66893 8.93874 9.00815 8.12400 6.98936 6.98936 6.98936 6.98936 6.98936 6.98936 6.98936 6.98936 6.98936 6.98936 6.98936 6.98936 6.98924 4.09952 2.79672 2.80498 2.81328 2.82153 3.12147 3.48782 3.48782 3.48782 3.41306 3.18495 2.95226 2.71956 2.48818 2.39484 2.39484 2.60830 2.70081 2.70081 2.70081
6.90584 6.90584 6.91240 6.95297 6.99876 7.04465 7.09054 7.13012 7.13528 7.13528 7.13528 7.13528 7.13528 7.12933 6.15452 5.66560 5.66560 5.72958 5.92850 6.13164 6.33479 6.52392 6.56408 6.56408 6.56408 6.56408 6.56408 6.56408 6.56408 6.56408 6.56408 8.35387 9.00815 8.72344 6.98956 6.98936 6.98936 6.98936 6.98936 6.98936 6.98936 6.98098 6.89476 6.78976 6.68465 6.57949 6.47449 4.96636 2.82922 2.82922 2.82922 2.82530 2.87819 3.02275 2.78995 2.55736 2.39932 2.39484 2.39484 2.39484 2.39484 2.39484 2.39484 2.52373 2.70081 2.70081 2.70081
7.04511 7.09100 7.13033 7.13528 7.13528 7.13528 7.13528 7.13528 7.13528 7.13528 7.13528 7.13528 7.13389 7.06539 6.71795 6.21736 6.42069 6.55977 6.56408 6.56408 6.56408 6.56408 6.56408 6.56408 6.56408 6.56408 6.56408 6.56408 6.56408 6.56408 6.56408 7.66367 9.00815 9.00815 7.30449 6.98936 6.95996 6.85828 6.75311 6.64801 6.54290 6.44622 6.42728 6.42728 6.42728 6.42728 6.42728 5.94722 2.77329 2.73526 2.69794 2.66454 2.65906 2.43321 2.39484 2.39484 2.39484 2.39484 2.39484 2.39484 2.39484 2.39484 2.39484 2.43920 2.70081 2.70081 2.70081
