High_resolution/powerplant/Shangrao/OMI_NO2_200901.asc
ncols      200
nrows      200
xllcorner       115.451
yllcorner       27.0350
cellsize     0.0166667
NODATA_Value      -999.000
[rows 58 to 86 of 164, columns 0 to 66 of 200]
11.0915 11.0915 11.0915 11.0915 11.0915 11.9907 12.7258 12.2860 12.2860 11.4957 12.5055 13.6533 13.6533 15.0125 24.5839 6.27867 6.27867 6.27870 6.28156 6.17820 5.99688 6.14253 6.53110 6.03849 6.46980 7.46376 7.67652 7.67756 7.74391 7.85690 7.77967 7.77967 7.77967 7.77967 7.77967 7.77967 7.77967 7.77967 7.97594 8.76265 9.93823 11.1596 12.1832 12.2876 12.6957 13.1151 13.1142 13.1119 12.9967 12.8416 12.6866 12.5329 12.4643 12.0079 11.9028 11.4907 11.2647 11.2634 10.1718 10.1241 10.2693 10.2693 10.2693 10.0978 8.93914 8.92012 8.89975
11.0915 11.0915 11.0915 11.0915 11.0915 11.4260 12.9172 12.2908 12.2860 11.9671 11.6644 13.6533 13.6533 13.8383 23.9161 5.85854 5.67745 5.49633 5.31226 5.23454 5.23454 5.28581 6.18112 6.20989 6.36645 7.54541 7.67756 7.67756 7.69128 7.89882 7.77967 7.77967 7.77967 7.77967 8.16673 8.97921 9.72511 10.4103 10.9059 10.9397 11.1773 11.6075 12.2058 12.0992 12.2207 12.8639 12.8605 12.7234 12.4643 12.4643 12.4643 12.4643 12.4643 12.1216 11.9028 11.6488 11.2647 11.2647 10.5263 10.0989 10.2197 10.1993 10.1790 10.1586 9.03319 8.81114 8.81450
11.0915 11.0915 11.0915 11.0915 11.0915 11.0970 12.7227 12.4645 12.3060 12.3416 11.1733 13.6533 13.6533 13.6533 20.6566 5.23454 5.23454 5.23454 5.23454 5.23454 5.23454 5.23454 5.95201 6.20989 6.20989 7.29229 7.67693 7.67756 7.67756 7.91716 8.40192 9.19127 9.91923 10.5895 10.9389 10.9397 10.9375 10.8885 10.8208 10.7530 10.8117 11.3126 11.8891 12.0742 12.1557 12.8799 12.9556 12.8980 12.4656 12.4643 12.4643 12.4644 12.4819 12.2837 11.9817 11.9163 11.4048 11.4354 11.0507 10.2414 10.1961 10.2096 10.2332 10.2785 9.64122 9.11885 9.19630
11.0915 11.0915 11.0915 11.1002 11.1325 11.1661 12.2042 12.8837 12.5436 12.5552 11.4097 13.5111 13.7722 13.7946 18.4387 5.22075 5.23454 5.23454 5.23454 5.23454 5.23454 5.23454 5.65163 6.20989 6.20989 7.02625 8.49302 9.30428 10.0194 10.8060 10.9769 10.9376 10.8892 10.8214 10.7537 10.6859 10.6373 10.7113 10.8135 10.9156 10.9893 11.5048 11.8832 12.1281 12.1281 12.6808 12.9793 13.0099 12.6457 12.5799 12.6098 12.6181 12.5987 12.4514 11.9722 11.9387 11.6168 11.6183 11.5622 10.4645 10.4477 10.4653 10.5140 10.5410 10.2252 9.25935 9.25767
11.2101 11.3258 11.3670 11.3994 11.4082 11.4157 11.8695 13.1682 12.7918 12.7539 12.0677 12.8070 13.8989 13.2460 14.7489 5.05987 5.23454 5.23454 5.23454 5.23454 5.23454 5.23454 5.32277 6.19744 6.22835 9.62056 10.7831 10.8048 10.7370 10.7642 10.7608 10.6204 10.6084 10.6912 10.7934 10.8956 10.9806 10.9896 10.9896 10.9934 11.0768 11.5672 12.0354 12.5452 12.6275 12.8641 13.0376 13.0051 12.7304 12.4487 12.4168 12.4065 12.4065 12.3917 11.8725 11.9059 11.8214 11.8004 11.8461 10.9017 10.5928 10.5410 10.5397 10.5339 10.5058 9.32628 9.27311
11.1719 11.4286 11.4152 11.3704 11.2966 11.2228 11.0816 12.0533 11.6167 11.1907 10.6827 8.89360 10.3612 10.3593 11.0416 4.83370 5.23454 5.23454 5.23454 5.23454 5.23454 5.23470 5.26202 6.06065 6.30713 8.68217 10.4000 10.5158 10.5176 10.6352 10.8843 10.8755 10.9702 10.9931 11.0746 11.1895 11.3464 11.5215 11.6960 11.8667 11.9589 12.0316 12.0314 12.5449 12.5611 12.6225 12.8974 12.9022 12.8236 12.4329 12.4750 12.5344 12.5936 12.6531 12.1363 11.9748 11.8836 11.7552 11.7458 11.1209 10.4872 10.4365 10.4591 10.4865 10.5144 9.69008 9.25050
10.6949 10.8389 10.5601 10.3128 10.0943 9.87603 9.71909 10.3927 10.6392 10.3463 10.3463 8.68915 10.3593 10.3593 10.4171 4.56961 5.23454 5.25396 5.30079 5.34785 5.39486 5.46369 5.54957 6.04826 6.56780 7.95192 10.5827 11.0505 11.2663 11.5020 11.6298 11.7316 11.9155 12.0982 12.2020 12.2723 12.3013 12.3121 12.3228 12.3336 12.3444 12.3322 12.2314 12.6637 12.8288 12.8528 13.2038 13.2935 13.3415 12.9627 12.9162 12.9162 12.9162 12.9162 12.2359 11.7857 11.7800 11.6363 11.6641 11.4336 10.5040 10.4397 10.4253 10.4253 10.4253 9.95375 9.14365
11.0277 9.72104 9.71247 9.71247 9.71247 9.71247 9.71247 10.0288 10.7982 10.3463 10.3463 9.13313 10.1175 10.3593 10.3593 6.08514 6.64802 6.76238 6.82923 6.89603 6.96221 7.01470 7.11406 7.39541 8.39514 8.81196 11.9270 12.7651 12.9285 12.9340 12.5201 12.4172 12.4150 12.4150 12.4150 12.4150 12.4150 12.4150 12.4150 12.4150 12.4150 12.4420 12.3989 12.7273 13.1244 13.1934 13.3229 13.4075 13.4075 13.1327 12.9367 12.9645 12.9912 13.0179 12.5978 11.9199 11.9193 11.7353 11.7171 11.7041 10.5920 10.4606 10.4253 10.4253 10.4253 10.3177 9.15502
11.1652 9.99047 9.71247 9.71247 9.71247 9.71247 9.71247 9.74677 10.8252 10.4246 10.3463 9.82898 9.26618 10.3593 10.3593 6.73544 7.04943 7.30040 7.47570 7.65109 7.82642 7.99387 8.07079 8.07079 8.79535 8.94528 11.3141 12.7371 12.9340 12.9340 12.6263 12.4190 12.4150 12.4150 12.4150 12.4150 12.4153 12.4633 12.5439 12.6246 12.7053 12.7590 12.6706 12.7238 13.2032 13.2274 13.3264 13.6374 13.8624 13.8329 13.0619 13.0608 13.0608 13.0608 12.8445 11.9199 11.9199 11.7851 11.7171 11.7171 10.9160 10.4787 10.3793 10.3405 10.3019 10.2632 9.22158
11.1652 10.3837 9.71247 9.71247 9.71247 9.71247 9.71247 9.71247 10.4573 10.6106 10.3463 10.1896 8.72243 10.3593 10.3593 6.99836 7.51921 8.07079 8.07079 8.07079 8.07079 8.07079 8.07079 8.07079 8.53840 8.94528 10.3773 12.5377 12.9340 12.9340 12.7325 12.4208 12.4207 12.4859 12.5665 12.6473 12.7276 12.7604 12.7604 12.7615 12.7842 12.8152 12.7898 12.8442 13.5892 13.8565 14.0531 14.3020 14.3077 14.2903 13.1562 13.0608 13.0608 13.0608 13.0392 11.9607 11.9329 11.8578 11.7492 11.7587 11.3040 10.5443 10.1801 10.1564 10.1403 10.1210 9.27689
11.1652 10.7766 9.71247 9.71247 9.71247 9.71247 9.65507 9.46812 9.62192 9.97952 9.11603 8.95374 8.49905 10.3593 10.3483 6.99836 7.19718 8.07079 8.07079 8.07079 8.07079 8.07079 8.07079 8.07079 8.24229 8.94528 9.42086 12.2650 12.9479 13.0275 13.0128 12.6764 12.7458 12.7604 12.7615 12.7839 12.8146 12.8454 12.8762 12.9722 13.1697 13.3620 13.5321 13.5107 13.8714 14.1023 14.1023 14.2518 14.3078 14.3131 13.5419 13.0852 13.0947 13.1042 13.1190 12.2530 12.0293 12.0031 11.7069 11.6908 11.5450 10.3557 9.36913 8.44106 7.53565 6.55325 6.71725
11.0232 10.9251 9.37836 9.11983 8.91282 8.70587 8.55624 8.53612 8.57026 9.38001 8.58566 8.49139 7.98018 9.09124 9.31094 6.99836 6.99865 7.96812 8.07079 8.07079 8.07079 8.07079 8.07079 8.07079 8.07079 8.83546 8.94528 11.8970 13.1887 13.2803 13.2939 12.8400 12.8477 12.8756 12.9054 12.9528 13.1323 13.3244 13.5167 13.6425 13.6452 13.6452 13.6452 13.5684 13.8272 14.2986 14.3750 14.4149 14.4046 14.4320 14.0625 13.2314 13.2546 13.2778 13.2956 12.6349 12.1560 11.8723 10.6739 9.83701 8.97644 6.96383 6.35363 6.12443 6.12443 6.12878 6.15270
10.0568 9.90087 8.83109 8.43360 8.43360 8.39540 8.25131 8.09718 7.94418 8.50860 8.00474 7.16004 6.49858 4.99291 4.82035 6.99836 6.99836 7.72074 8.07079 8.07079 8.07079 8.07079 8.07079 8.07079 8.07092 8.59260 8.96481 10.9273 13.1701 13.4241 13.4329 13.0561 13.0992 13.2870 13.4791 13.6325 13.6456 13.6910 13.7663 13.9039 14.1731 14.4464 14.7190 14.3807 14.1270 14.6949 14.7253 14.6778 14.5437 14.5438 14.4931 13.3432 13.2643 12.7697 12.0834 10.8576 9.20270 8.66909 8.26106 8.06922 8.07538 7.28563 6.53447 6.17793 6.12261 6.06142 5.99403
9.80236 9.75324 8.96021 7.99120 7.59460 7.18454 6.88071 6.58619 6.29219 6.29959 6.37626 5.45832 5.45832 3.98258 4.17208 6.99836 6.99836 7.43331 8.07079 8.07079 8.07782 8.09274 8.10767 8.12259 8.13738 8.36396 9.00303 9.91513 13.0775 13.7963 14.0114 13.9073 13.8489 14.1688 14.4452 14.7191 14.9931 15.2212 15.4203 15.5566 15.5616 15.5624 15.5632 14.9767 14.1525 14.6094 14.7456 14.7420 14.4018 13.8211 13.1674 11.4738 10.2442 10.0441 10.0450 9.83887 8.85822 8.86113 8.61928 8.29790 8.32522 7.87036 6.48626 6.00477 5.98320 5.98320 5.98320
8.80257 8.49820 7.92045 6.07507 6.02336 6.02336 6.02336 6.02336 6.02336 6.08196 6.65976 5.52718 5.45832 4.49304 4.17208 7.47655 7.54104 7.69878 8.57029 8.62423 8.66625 8.70014 8.73387 8.76783 8.88179 9.14517 10.2761 10.8194 14.1167 15.8504 16.1057 15.9592 15.3800 15.5315 15.5732 15.5732 15.5732 15.5732 15.5732 15.5732 15.5732 15.5732 15.5732 15.3366 14.2020 14.5738 14.9555 15.0364 13.2862 11.5420 11.5420 10.9720 10.0458 10.0586 10.0853 10.0969 9.00193 8.97685 8.87649 8.37699 8.37699 8.31591 6.51871 6.11290 5.98320 5.98320 5.98320
8.06338 8.06338 8.05359 6.20411 6.02336 6.02336 6.02336 6.02336 6.02336 6.02336 6.52851 5.92619 5.45832 4.94885 4.03586 8.14249 8.14285 8.15107 8.89523 9.12833 9.31941 9.58093 9.81713 10.0270 10.1861 10.2393 10.9063 11.3780 13.4710 16.1110 16.3949 16.2425 15.3800 15.4801 15.5732 15.5732 15.5732 15.5732 15.5732 15.5764 15.6367 15.7176 15.7986 15.8745 14.6287 14.6325 15.0986 15.0991 14.2965 11.5666 11.5465 11.4034 10.1732 10.1727 10.1733 10.1733 9.26106 8.98584 8.98206 8.42211 8.37699 8.37699 6.99494 6.23394 5.98130 5.96164 5.93763
8.06338 8.06338 8.06338 6.74451 6.02336 6.02336 6.02336 6.02336 6.02336 6.02336 6.30703 6.31626 5.45832 5.41588 3.84040 8.79912 8.94851 9.21449 9.80633 10.1954 10.2377 10.2400 10.2400 10.2400 10.2400 10.2400 10.5473 11.3780 12.4969 15.6628 16.3949 16.3896 15.4431 15.4286 15.5732 15.5859 15.6589 15.7400 15.8209 15.8986 15.9193 15.9193 15.9240 15.9968 15.1461 14.7785 15.1105 15.1038 14.9795 11.7331 11.4686 11.4686 10.4852 10.1733 10.1733 10.1733 9.50190 8.98584 8.97842 8.52718 8.29804 8.26093 7.37938 6.17728 5.83442 5.83025 5.83431
8.06338 8.06338 8.06338 7.29368 6.02336 6.02336 6.02336 6.02336 6.02336 5.91535 5.70671 5.80745 4.04598 3.57458 3.48301 9.47708 9.58142 9.60064 9.79688 10.2400 10.2400 10.2400 10.2400 10.2400 10.2400 10.2400 10.2627 11.3033 11.5936 15.0685 16.3949 16.4232 15.7562 15.5742 15.8353 15.9115 15.9193 15.9235 15.9946 16.0902 16.1850 16.2801 16.3496 16.3367 15.7085 14.8559 14.9714 15.0374 15.0370 12.7727 11.4686 11.4686 10.8750 10.1235 10.0864 10.0494 9.58233 8.78785 8.76359 8.50180 8.16186 8.16745 7.86595 6.24385 5.89644 5.87287 5.87439
8.16683 8.21220 8.26120 8.07949 6.15584 5.89741 5.62381 5.34683 5.06482 4.89627 4.91946 5.36141 4.23136 3.70895 3.79755 9.74983 9.60064 9.60064 9.62436 10.2206 10.2400 10.2400 10.2400 10.2400 10.2400 10.2400 10.2402 11.0374 11.5411 14.0926 16.6701 16.7400 16.2081 15.7996 16.0336 16.1831 16.2780 16.3694 16.3786 16.3437 16.3087 16.2738 16.2597 16.2597 16.0179 14.8474 14.8931 14.9550 14.8978 13.6619 11.3022 11.2736 11.0800 9.97199 9.98000 9.98865 9.80816 8.81844 8.82174 8.70178 8.19113 8.19113 8.18978 6.49087 6.00114 5.87439 5.87439
9.01403 8.64079 8.29548 7.95051 5.63679 5.22575 5.22575 5.22785 5.22841 5.17837 5.16009 5.13408 5.00739 4.73568 4.76958 10.0408 9.60064 9.60064 9.60064 10.0899 10.2400 10.2400 10.2428 10.3520 10.5030 10.6410 10.7677 11.1316 11.8622 13.3028 16.6974 17.0977 16.8632 16.1998 16.2784 16.3507 16.3156 16.2806 16.2599 16.2597 16.2350 16.1779 16.1194 16.0484 15.9666 14.6631 14.5510 14.7287 14.7367 14.4770 11.3542 11.3045 11.3045 10.2344 10.0092 10.0092 9.99958 8.88337 8.82174 8.81600 8.23218 8.19113 8.19113 7.02700 6.11877 5.91727 5.94250
7.72953 7.68476 7.84919 8.07239 6.81176 5.69882 5.68950 5.58181 5.43490 5.33828 5.19847 5.05757 4.83426 4.11240 4.10561 10.3751 9.60064 9.60064 9.61424 10.0903 10.5237 10.6601 10.7834 10.8933 11.0256 11.1579 11.2903 11.4612 12.3781 12.8334 16.4248 17.1795 17.0285 16.0944 16.1087 16.1738 16.0891 15.9986 15.9085 15.8183 15.7526 15.7196 15.6873 15.6680 15.6533 14.8153 14.3998 14.5398 14.5600 14.5270 11.9330 11.0240 11.0064 10.3215 9.67530 9.65768 9.63982 8.91033 8.67806 8.67284 8.24217 7.95843 7.74923 7.08753 6.14773 5.81848 5.81855
9.17338 9.04065 8.29193 7.47374 6.19516 5.08443 4.95120 4.91730 4.91730 4.91730 4.91730 4.91717 4.87051 4.33012 4.10561 10.7793 9.85476 10.0086 10.2008 10.4427 10.8612 10.9598 11.0584 11.0860 11.0520 11.0184 10.9894 11.0611 11.6341 11.8088 14.8499 16.4468 16.4182 15.7778 15.6973 15.4056 15.3752 15.3752 15.3752 15.3752 15.3752 15.3752 15.3752 15.3752 15.3752 14.8551 14.1509 14.2244 14.2696 14.2265 12.6830 10.8152 10.8152 10.5507 9.51990 9.51737 9.37964 8.69459 8.09818 7.89417 7.39073 6.92896 6.92896 6.88348 6.21411 5.86312 5.81855
5.84275 5.25924 5.25924 5.25924 5.24168 4.92387 4.91730 4.91730 4.91730 4.91730 4.91730 4.91730 4.88980 4.58493 4.10561 10.9043 10.1499 10.1651 10.2627 10.2661 10.6539 10.7017 10.7396 10.8640 11.0668 11.2697 11.4674 11.5649 11.7095 11.8847 13.6030 16.2944 16.3097 15.8569 15.6645 15.4756 15.3752 15.3752 15.3752 15.3752 15.3752 15.3752 15.3709 15.3344 15.2912 15.0340 13.9819 14.0154 14.1568 14.1568 13.5722 10.6289 10.3852 10.1146 8.82229 8.49925 8.43298 8.12919 7.55957 7.55957 7.42985 6.92896 6.92896 6.92896 6.36921 5.96382 5.81855
5.70347 5.25924 5.25924 5.25924 5.25924 4.99787 4.91730 4.91730 4.91730 4.91730 4.91730 4.91730 4.90603 4.78312 4.10573 11.4247 10.7440 10.4099 10.4514 10.5333 11.0360 11.3617 11.5266 11.6051 11.6052 11.6052 11.6052 11.6052 11.6268 11.8808 12.6025 16.0304 16.3097 15.9893 15.6645 15.5527 15.3752 15.3752 15.3638 15.3223 15.2791 15.2360 15.1972 15.1906 15.1906 15.1882 14.1102 14.0740 13.6288 13.3587 13.0857 9.98945 9.48744 9.48649 8.87150 8.43316 8.43316 8.30631 7.55957 7.55957 7.55099 6.95744 6.87043 6.80778 6.38598 5.91645 5.86800
5.92550 5.25924 5.25924 5.25924 5.25924 5.08933 4.91730 4.91730 4.91730 4.91730 4.91730 4.91730 4.89291 4.76516 4.03228 11.4415 11.2685 10.8850 11.0582 11.1910 11.3705 11.6052 11.6052 11.6052 11.6052 11.6052 11.6052 11.6052 11.6052 11.8144 11.9333 15.4346 16.3097 16.1219 15.6426 15.5645 15.2671 15.2239 15.1922 15.1906 15.1941 15.2376 15.2927 15.3477 15.4014 15.4312 14.5863 14.1648 13.3836 13.0496 13.0389 11.0423 9.48649 9.48649 9.19750 8.42021 8.36164 8.29497 7.41738 7.30018 7.23756 6.73226 6.54740 6.55391 6.40168 5.84830 5.91413
6.12574 5.25948 5.25924 5.25924 5.25924 5.18091 4.91730 4.90107 4.84728 4.79193 4.73667 4.68135 4.64967 4.56946 4.11512 12.1883 12.1209 11.2029 11.1996 11.1996 11.2524 11.6048 11.6052 11.6052 11.6052 11.6052 11.6052 11.6052 11.6052 11.7299 11.9748 14.2480 16.1894 16.0905 15.4804 15.4830 15.2793 15.2921 15.3472 15.4022 15.4539 15.4474 15.4205 15.3936 15.3687 15.3634 14.8393 14.1397 13.6858 13.0483 13.0439 11.9501 9.27673 9.21568 9.17475 8.22417 8.22519 8.29175 7.71202 7.55114 7.61770 7.16572 6.59194 6.59194 6.58338 5.91674 5.92210
6.21150 5.40844 5.24907 5.19801 5.14266 5.08158 4.70914 4.65104 4.64954 4.64954 4.64704 4.50851 4.23162 3.80481 3.20344 12.2281 12.2281 11.3466 11.1996 11.1996 11.1996 11.5504 11.6052 11.6052 11.6052 11.6145 11.7138 11.8357 11.9576 12.1099 12.3894 13.2305 16.1942 16.2811 15.7684 15.7430 15.5850 15.4525 15.4257 15.3988 15.3723 15.3634 15.3634 15.3621 15.3577 15.3532 15.1196 14.1951 14.0968 13.2082 13.2635 12.9731 9.67538 9.58469 9.60513 8.91481 8.55180 8.55180 8.08302 7.67822 7.67822 7.43892 6.59194 6.59194 6.59194 6.10879 5.90257
6.08102 5.46099 4.99574 4.99148 4.99148 4.93200 4.55479 4.25152 3.92581 3.61483 3.28623 3.06641 2.95748 2.88393 2.37765 12.2281 12.2281 11.5827 11.1996 11.1996 11.1996 11.4698 11.7323 11.8542 11.9761 12.0885 12.1000 12.0821 12.0643 12.0464 12.2541 12.4597 15.9323 16.3916 15.9299 15.6932 15.5733 15.3621 15.3571 15.3244 15.2775 15.2305 15.1836 15.1379 15.0906 15.0362 14.9930 14.5321 14.4830 13.5366 13.3690 13.2353 10.6277 9.47014 9.45586 9.07753 8.37373 8.35945 8.12516 7.71911 7.72134 7.70292 6.68753 6.60686 6.50544 6.11487 5.71862
5.46122 4.98010 4.35996 4.22788 3.93925 3.66231 3.29990 2.91325 2.85126 2.79417 2.77355 2.77355 2.77355 2.77355 2.45431 12.2883 12.2281 11.8871 11.3745 11.5180 11.6472 11.8523 12.0373 12.0037 11.9702 11.9369 11.9145 11.8988 11.8832 11.8757 12.0007 12.0678 14.6679 16.0608 15.7428 15.3912 15.3382 14.8362 14.7766 14.7502 14.7383 14.7263 14.7143 14.7024 14.6951 14.6951 14.6951 14.3624 14.2069 13.5707 13.0360 12.9290 11.2397 9.21064 9.21064 9.14870 8.18132 8.15731 8.10195 7.64843 7.48740 7.32623 6.37650 5.95265 5.89515 5.86724 5.65591
