High_resolution/powerplant/Shangrao/OMI_NO2_200803.asc
ncols      200
nrows      200
xllcorner       115.451
yllcorner       27.0350
cellsize     0.0166667
NODATA_Value      -999.000
[rows 116 to 144 of 175, columns 0 to 66 of 200]
0.863760 0.852217 0.887985 0.933654 0.933654 0.933654 0.933654 0.933654 0.933654 0.884131 0.642702 0.419595 0.419705 0.419816 0.419927 0.420037 0.420148 0.420259 0.420369 0.420480 0.420584 0.427888 0.511034 0.511346 6.80831 5.73455 5.73455 5.73455 5.73455 5.73455 5.75706 6.67844 6.54345 6.36925 6.19659 6.10655 5.29376 4.47359 3.74198 3.48597 3.40469 3.28514 3.19877 2.86512 2.71608 2.71608 2.71608 2.71608 2.71608 2.54352 2.19015 2.19015 2.19328 2.82634 2.87611 2.97156 2.97266 2.97266 2.97266 2.97266 2.97266 2.97266 2.97266 2.97266 2.97649 3.04480 3.04661
0.852217 0.852217 0.871176 0.933654 0.933654 0.933654 0.933654 0.933654 0.933654 0.905319 0.741574 0.432510 0.420609 0.420609 0.420609 0.420609 0.420609 0.420609 0.425811 0.455057 0.485830 0.514937 0.638663 0.586794 7.35826 5.73826 5.71651 5.67160 5.62588 5.47425 5.17075 5.34091 5.29871 5.07000 4.85444 4.68502 4.32705 3.46224 3.42686 3.36121 3.19729 3.19503 3.19503 2.96365 2.71608 2.71608 2.71608 2.71608 2.71608 2.68436 2.19935 2.19015 2.19015 2.65279 2.87315 2.95284 2.97266 2.97266 2.97266 2.97266 2.97276 2.97380 2.97509 2.97630 2.97756 3.03923 3.05103
0.852217 0.852217 0.856314 0.932983 0.933654 0.933654 0.933654 0.936418 0.948790 0.955373 0.836972 0.628577 0.594896 0.624236 0.651349 0.676333 0.699581 0.721280 0.739003 0.741996 0.737762 0.733356 0.781441 0.727832 6.92781 4.88038 4.38468 4.12558 3.86674 3.71330 3.71230 4.12677 4.66153 4.66153 4.66153 4.66153 4.59005 3.47267 3.45026 3.37078 3.23025 3.19503 3.19503 3.07212 2.71608 2.71608 2.71608 2.71608 2.71608 2.71608 2.31785 2.19015 2.19015 2.47556 2.87672 2.92807 2.97344 2.97469 2.97594 2.97720 2.97835 2.97858 2.97858 2.97858 2.97858 3.02410 3.05103
1.01704 1.03417 1.06307 1.07470 1.08120 1.09546 1.09566 1.04875 1.04890 1.04864 0.971259 0.832572 0.763789 0.763789 0.763789 0.761984 0.754652 0.746943 0.739241 0.733679 0.747053 0.794955 0.864982 1.04268 5.49294 4.14629 3.71230 3.71230 3.71230 3.71230 3.71230 3.81859 4.65625 4.66153 4.66153 4.66153 4.66153 3.67452 3.46224 3.38219 3.27271 3.19503 3.19503 3.17779 2.72528 2.71608 2.71608 2.71608 2.71608 2.71608 2.46816 2.19058 2.19182 2.30117 2.88446 2.90871 2.97858 2.97866 2.97936 2.98018 2.98099 2.98181 2.98262 2.98344 2.98435 2.98224 2.88957
1.23905 1.20585 1.20637 1.15500 1.12491 1.12859 1.13122 1.06917 1.05554 1.04169 0.976233 0.853784 0.799631 0.796879 0.825331 0.870688 0.918583 0.964111 1.00715 1.04793 1.07759 1.08254 1.08758 1.32458 5.89882 4.48069 3.71230 3.71230 3.71230 3.71230 3.71230 3.71230 4.50390 4.66153 4.66153 4.66153 4.66153 3.94771 3.46224 3.40560 3.31526 3.19503 3.19503 3.19503 2.80295 2.72270 2.71547 2.63797 2.54421 2.45032 2.33054 2.20756 2.21552 2.23346 2.87180 2.91924 3.01902 3.02534 3.02821 2.96278 2.86757 2.77203 2.67677 2.57444 2.46610 2.33392 2.19954
1.26766 1.32714 1.33031 1.29141 1.22176 1.20422 1.18670 1.12277 1.13251 1.16976 1.16101 1.08381 1.08791 1.12536 1.13717 1.13717 1.13717 1.13717 1.13717 1.13717 1.13717 1.13717 1.13717 1.29626 6.49038 4.89160 3.71277 3.71230 3.71230 3.71230 3.71230 3.71230 4.25611 4.66153 4.66153 4.66153 4.66153 4.22115 3.46224 3.42901 3.36580 3.22463 3.18703 3.08884 2.72308 2.49054 2.42018 2.41998 2.43607 2.45224 2.46803 2.40549 2.38914 2.35512 2.66381 2.61830 2.56508 2.46071 2.34965 2.30676 2.29379 2.28081 2.26786 2.26191 2.26191 2.25824 2.13511
1.21883 1.29666 1.31992 1.33294 1.29755 1.33467 1.37182 1.37056 1.34308 1.34308 1.31704 1.18595 1.12517 1.13717 1.13717 1.13717 1.13717 1.13717 1.13717 1.13717 1.13717 1.13717 1.13717 1.21282 6.89268 5.22803 3.84669 3.71230 3.70970 3.64367 3.55026 3.45674 3.63783 4.32965 4.25951 4.18937 4.11923 3.96350 3.54804 3.44002 3.25164 2.98714 2.89621 2.89621 2.72605 2.48706 2.45629 2.42365 2.39096 2.35830 2.32563 2.23863 2.18951 2.19083 2.28253 2.32968 2.27041 2.26191 2.26191 2.26191 2.26191 2.26191 2.26191 2.26191 2.26191 2.26191 2.15848
1.38335 1.51037 1.50678 1.50004 1.41605 1.41181 1.41181 1.39244 1.34308 1.34082 1.33378 1.23089 1.14027 1.16790 1.17487 1.18192 1.18914 1.19654 1.20405 1.21172 1.21960 1.22758 1.23575 1.27127 4.96468 4.16371 3.16800 2.78918 2.69827 2.67088 2.67088 2.67088 2.68561 3.73990 3.68883 3.57045 3.45223 3.35093 3.16217 3.11923 2.96015 2.81866 2.74559 2.70473 2.59675 2.28140 2.27946 2.27946 2.27946 2.27946 2.27946 2.25010 2.19189 2.19189 2.22396 2.36092 2.27562 2.26191 2.26191 2.26191 2.26191 2.26191 2.26191 2.26191 2.26191 2.26191 2.18542
1.39641 1.43604 1.44307 1.43739 1.37278 1.34802 1.34339 1.33523 1.27571 1.27303 1.27303 1.32382 1.24608 1.26636 1.26990 1.26990 1.26990 1.26990 1.26990 1.26990 1.26990 1.26990 1.27010 1.29109 3.76840 3.64930 3.13072 2.67088 2.70815 2.92840 3.12848 3.29637 3.44491 3.34093 3.22757 3.19828 3.16640 3.13225 2.95581 2.87614 2.70145 2.61813 2.62869 2.62869 2.62607 2.29688 2.27946 2.27946 2.27946 2.27946 2.27946 2.27365 2.19315 2.19189 2.19196 2.36554 2.28086 2.26191 2.26191 2.26191 2.26191 2.26191 2.26191 2.25993 2.24732 2.23310 2.16955
1.38325 1.37480 1.40779 1.40779 1.36771 1.33194 1.33194 1.33194 1.28344 1.27303 1.27303 1.30873 1.28937 1.28206 1.32119 1.33693 1.35164 1.36629 1.38096 1.39566 1.41035 1.42509 1.47737 1.55803 3.99721 4.30872 3.98351 3.27438 3.40983 3.40986 3.40602 3.41065 3.41477 3.30915 3.11144 3.11144 3.11144 3.11144 3.00311 2.87614 2.76895 2.61414 2.62868 2.62869 2.62869 2.35857 2.27946 2.27946 2.27946 2.27946 2.27946 2.27946 2.21234 2.19189 2.19189 2.33423 2.28761 2.26432 2.26152 2.25147 2.23726 2.22304 2.20884 2.19660 2.19501 2.19501 2.17276
1.38853 1.34183 1.36279 1.34244 1.30835 1.27380 1.26088 1.24754 1.30407 1.36283 1.37330 1.40458 1.42391 1.34859 1.38031 1.36953 1.36014 1.35105 1.36890 1.41919 1.53872 1.70117 1.74898 1.74862 5.01308 5.01327 5.01303 3.54280 3.41517 3.41517 3.41517 3.41517 3.41517 3.39269 3.11498 3.11144 3.11144 3.11144 3.05643 2.87614 2.84641 2.61321 2.62653 2.62869 2.62869 2.42801 2.27946 2.27946 2.27946 2.27946 2.27946 2.27946 2.23729 2.19189 2.18559 2.25897 2.28030 2.22060 2.19917 2.19501 2.19501 2.19501 2.19501 2.19501 2.19316 2.18863 2.18269
1.12254 1.08732 1.12509 1.12509 1.11733 1.15491 1.15019 1.14557 1.21391 1.31832 1.30831 1.28837 1.31106 1.19402 1.34379 1.40338 1.46738 1.53670 1.57522 1.57454 1.62226 1.75836 1.75748 1.75696 5.01327 5.01327 5.01327 3.84895 3.41517 3.41517 3.41517 3.41517 3.41517 3.41517 3.17957 3.11144 3.11144 3.11144 3.10389 2.88198 2.87614 2.64820 2.62253 2.62869 2.62869 2.50206 2.26799 2.26346 2.25894 2.24619 2.19232 2.13275 2.07807 2.08976 2.07731 2.10161 2.22391 2.15895 2.15465 2.16317 2.17177 2.18044 2.17769 2.15668 2.13725 2.12052 2.10487
1.22976 1.21408 1.16731 1.16906 1.14263 1.16524 1.16192 1.13449 1.13443 1.26459 1.25681 1.27883 1.35882 1.35039 1.56480 1.62273 1.61994 1.61822 1.61820 1.61820 1.63103 1.81397 1.81470 1.81470 5.01327 5.01327 5.01327 4.21772 3.41517 3.41517 3.41517 3.41517 3.41517 3.41517 3.26691 3.11144 3.11144 3.11144 3.11144 2.92774 2.87614 2.70761 2.61865 2.62869 2.62714 2.52475 2.07961 2.01392 1.94824 1.89090 1.87470 1.86414 1.85415 1.93068 1.92915 1.91563 2.12887 2.22503 2.19018 2.18390 2.17777 2.17151 2.17660 2.19999 2.22365 2.24731 2.26983
1.29166 1.28960 1.16922 1.12754 1.07834 1.03622 1.01992 1.02898 1.04035 1.24555 1.26739 1.26047 1.30413 1.34575 1.48057 1.61820 1.61820 1.61820 1.61820 1.61820 1.61820 1.77873 1.81470 1.81470 5.01327 5.01327 5.01327 4.66905 3.41517 3.41517 3.41517 3.41517 3.41517 3.39581 3.28784 2.99843 2.95152 2.90462 2.85766 2.77474 2.71647 2.53700 2.33453 2.26655 2.18620 2.15673 1.84412 1.81076 1.81015 1.80279 1.81022 1.82193 1.83366 1.90605 1.95376 1.96848 2.07361 2.27824 2.27651 2.27554 2.27554 2.27554 2.27554 2.27554 2.27554 2.27554 2.27554
1.13242 1.07075 0.970236 0.937836 0.947429 0.984402 1.04214 1.04329 1.04329 1.19744 1.26047 1.26047 1.28925 1.33673 1.41046 1.61145 1.60388 1.59646 1.58928 1.58216 1.57523 1.66406 1.72599 1.71602 4.83522 4.76486 4.69450 4.61952 3.19909 3.06188 3.01498 2.96804 2.92111 2.89362 2.89158 2.61473 2.52199 2.43028 2.33856 2.27168 2.25172 2.24517 2.16642 2.19896 2.21671 2.23133 1.98501 1.89387 1.90617 1.92525 1.92951 1.92951 1.92951 1.96280 2.02622 2.02622 2.06486 2.27031 2.27967 2.27554 2.27554 2.27554 2.27554 2.27554 2.27554 2.27554 2.27554
0.958821 0.951456 0.956486 0.975131 0.965896 0.950971 0.983359 0.975685 0.967987 1.07161 1.18275 1.17613 1.19534 1.27478 1.30166 1.48349 1.50284 1.50284 1.50284 1.50284 1.50284 1.54942 1.63698 1.63698 4.23063 4.23063 4.23063 4.23063 3.22655 2.89341 2.89341 2.86600 2.75285 2.64060 2.55492 2.35112 2.28438 2.32053 2.35694 2.40076 2.50525 2.53354 2.30077 2.28861 2.30518 2.30518 2.11244 1.92951 1.92951 1.92951 1.92951 1.92951 1.92951 1.93645 2.02509 2.02622 2.03808 2.23522 2.28293 2.27554 2.27554 2.27554 2.27554 2.27554 2.27554 2.27554 2.26788
0.852562 0.852562 0.854422 0.873995 0.874548 0.871509 0.921159 0.922632 0.922632 0.980289 1.15705 1.15705 1.16210 1.26939 1.29249 1.42185 1.49545 1.47978 1.46411 1.44843 1.42976 1.42244 1.49391 1.46615 4.23063 4.23063 4.22968 4.12284 3.34573 2.73089 2.64802 2.59223 2.62240 2.65157 2.65417 2.58805 2.45983 2.45983 2.45983 2.45983 2.52613 2.53562 2.36433 2.27699 2.30518 2.30518 2.19677 1.92951 1.92951 1.92951 1.92951 1.92951 1.92951 1.92951 2.00460 2.02622 2.02622 2.18512 2.28612 2.27554 2.27554 2.27329 2.24233 2.20266 2.16296 2.12325 2.09120
0.852562 0.852562 0.852852 0.868842 0.874200 0.867870 0.897554 0.899774 0.892368 0.891510 1.04069 1.02338 1.00357 1.07667 1.09172 1.14158 1.24812 1.24740 1.24660 1.24589 1.24702 1.21967 1.19714 1.15117 3.86793 3.68890 3.51078 3.43863 3.24471 2.65417 2.65417 2.65417 2.65417 2.65417 2.65417 2.64095 2.46256 2.45983 2.45983 2.45983 2.50897 2.53562 2.43764 2.26542 2.30518 2.30518 2.28410 1.93334 1.92951 1.92951 1.92951 1.92951 1.92951 1.92951 1.97711 2.02622 2.02616 2.10140 2.22721 2.17483 2.13454 2.09708 2.08834 2.08834 2.08834 2.08834 2.08834
0.816096 0.812827 0.809245 0.812301 0.814330 0.814126 0.810260 0.805187 0.804724 0.804245 0.891040 0.915597 0.916888 1.00568 1.10708 1.19486 1.28732 1.25141 1.20044 1.15409 1.11048 1.08656 1.07263 1.05860 3.43863 3.43863 3.43863 3.43863 3.43089 2.69258 2.65417 2.65417 2.65417 2.65417 2.65417 2.65417 2.50512 2.45983 2.45983 2.45983 2.49178 2.53562 2.51716 2.26119 2.30147 2.30518 2.30518 1.98557 1.92951 1.92951 1.93126 1.94469 1.96047 1.97758 1.99937 1.97414 1.94851 1.98940 2.24200 2.25720 2.27373 2.29480 2.31718 2.34016 2.36356 2.38937 2.42821
0.801376 0.806176 0.806580 0.798523 0.796142 0.795120 0.789821 0.780667 0.779655 0.796256 0.901052 0.988564 1.02784 1.09166 1.13638 1.10921 1.05589 1.02864 1.01459 1.00056 0.988694 0.986736 0.986589 0.986589 3.43882 3.43863 3.43863 3.43863 3.43863 2.83497 2.65417 2.65417 2.64741 2.61168 2.57438 2.53797 2.41657 2.29214 2.26230 2.23386 2.21897 2.24401 2.21711 2.05522 2.03482 2.02978 2.01214 2.12738 2.26010 2.29722 2.35064 2.38635 2.41876 2.45039 2.48063 2.40274 2.42427 2.46896 2.55912 2.54363 2.55891 2.58386 2.59895 2.61130 2.62486 2.63604 2.62299
0.803405 0.812994 0.812994 0.795888 0.779524 0.805926 0.840728 0.868482 0.906844 0.895366 0.888095 0.927019 0.888269 0.892490 0.999683 0.990760 0.986589 0.986589 0.986589 0.986589 0.986589 0.986589 0.986589 0.986589 3.52023 3.43863 3.43863 2.76221 2.62459 2.37986 2.16855 2.14531 2.12641 2.12455 2.12455 2.12455 2.09639 1.97685 1.96681 1.95592 1.94586 2.15265 2.20407 2.14225 2.11644 2.16392 2.19028 2.36167 2.66837 2.68670 2.68681 2.68681 2.70021 2.72078 2.72362 2.64877 2.60772 2.60973 2.62140 2.53550 2.57347 2.55649 2.55213 2.55213 2.55213 2.55213 2.55213
0.803414 0.845153 0.871824 0.888563 0.897565 0.894179 0.843645 0.786686 0.750745 0.736803 0.748481 0.866376 0.866798 0.867995 0.992494 0.994120 0.986589 0.986589 0.986589 0.986589 0.986642 0.987134 0.987723 0.988321 3.70117 3.43863 3.43301 2.70496 2.43874 2.34037 2.07857 2.06769 2.05679 2.04590 2.03502 2.02413 2.01259 1.87276 1.85777 1.85896 1.86046 2.27209 2.41621 2.35550 2.22590 2.24900 2.24901 2.31688 2.68134 2.68338 2.68543 2.68744 2.67601 2.65748 2.65662 2.61380 2.53665 2.53665 2.54301 2.45061 2.54972 2.55213 2.55213 2.55213 2.55213 2.55213 2.55213
0.782783 0.908601 0.910872 0.905774 0.845209 0.756602 0.761946 0.758763 0.760350 0.765707 0.771080 0.883245 0.904318 0.908789 0.982974 1.00710 0.995484 0.996247 0.997030 0.997824 0.998561 0.998690 0.998690 0.998690 3.82141 3.21338 3.19720 2.71964 2.30950 2.30446 2.01668 2.00343 2.00343 2.00343 1.95115 1.78751 1.59994 1.69390 1.84131 1.83575 1.83670 2.09643 2.32334 2.30345 2.25483 2.23289 2.23244 2.23761 2.63526 2.65662 2.65662 2.65662 2.65662 2.65662 2.65662 2.64687 2.53769 2.53665 2.55579 2.44695 2.52848 2.55213 2.55213 2.55213 2.55213 2.55213 2.55213
0.808040 0.933463 0.981923 0.987288 0.952130 0.846566 0.834057 0.828214 0.821689 0.821689 0.821689 0.897655 0.937537 0.937537 0.974390 1.01435 1.00016 0.998690 0.998690 0.998690 1.00112 1.01194 1.02344 1.03496 4.19664 3.19640 3.19640 2.93111 2.30950 2.30365 1.93253 1.66841 1.45409 1.24834 1.12339 1.15314 1.18354 1.45559 1.83979 1.84517 1.84517 1.97294 2.28737 2.28737 2.27364 2.24277 2.23244 2.23244 2.53803 2.65662 2.65662 2.65662 2.65662 2.65662 2.65662 2.65662 2.56204 2.53665 2.54536 2.47535 2.50329 2.55213 2.55213 2.55213 2.54769 2.51127 2.46856
0.826089 0.904690 0.990624 0.990624 0.961304 0.880379 0.834057 0.830901 0.821689 0.828867 0.867599 0.935371 0.981203 0.995354 1.03429 1.11766 1.12438 1.13588 1.15281 1.16978 1.18431 1.19043 1.19589 1.20956 4.63535 3.19391 2.96794 2.66981 1.57474 1.28094 1.29332 1.23693 1.27183 1.27684 1.27684 1.27684 1.27684 1.32166 1.83810 1.84517 1.84517 1.87529 2.28485 2.28737 2.27828 2.25163 2.23244 2.23244 2.44292 2.65662 2.65662 2.65662 2.65662 2.65662 2.65662 2.65662 2.59614 2.53665 2.53665 2.50421 2.44981 2.48094 2.43825 2.39554 2.35725 2.35095 2.35095
0.918331 0.994811 1.15579 1.19249 1.20935 1.19451 1.15832 1.19145 1.20107 1.22680 1.23020 1.21254 1.11579 1.11579 1.12478 1.22826 1.20442 1.15833 1.20831 1.21863 1.27654 1.34630 1.41609 1.47718 4.67415 1.76267 1.71865 1.71865 1.19616 1.13642 1.42451 1.27684 1.27684 1.27684 1.27684 1.27684 1.27684 1.27684 1.73195 1.84517 1.84517 1.84517 2.21483 2.28737 2.28293 2.26042 2.23244 2.23244 2.35631 2.65662 2.65662 2.65662 2.65662 2.65662 2.65662 2.62049 2.50616 2.45259 2.40840 2.32325 2.20489 2.28311 2.27066 2.25772 2.24524 2.23309 2.22041
1.25018 1.25291 1.38084 1.38949 1.38038 1.35130 1.26527 1.26136 1.24113 1.23713 1.23771 1.23694 1.11165 1.07608 1.05111 1.10090 1.14026 1.18319 1.35489 1.46636 1.46856 1.45719 1.44498 1.43253 0.00000 1.71865 1.71865 1.71865 1.28635 1.12717 1.41245 1.28382 1.27684 1.27684 1.27684 1.27684 1.27684 1.27684 1.57759 1.83946 1.83465 1.82982 2.09451 2.26242 2.25712 2.23422 2.19420 2.18824 2.22267 2.48626 2.46790 2.38344 2.28431 2.18559 2.07327 1.98935 1.96375 2.09876 2.09128 2.05600 2.02353 2.08674 2.11007 2.12951 2.14760 2.16471 2.18232
1.26883 1.26883 1.36433 1.40594 1.40341 1.36880 1.30505 1.26986 1.22466 1.18380 1.15483 1.13476 1.10482 1.13410 1.19314 1.32202 1.38841 1.24363 1.30336 1.43560 1.43560 1.43560 1.43560 1.43560 0.00000 1.71865 1.71865 1.71865 1.36178 1.02196 1.23595 1.25474 1.20620 1.20020 1.19416 1.18816 1.18217 1.17613 1.30519 1.76071 1.76071 1.76057 1.92145 2.16530 2.14505 2.11161 2.01938 1.90545 1.80055 1.93227 1.85545 1.81954 1.79939 1.78099 1.77750 1.77172 1.74874 1.85732 1.93245 1.95596 2.26941 2.26817 2.22476 2.22594 2.22707 2.22809 2.22824
1.26883 1.26883 1.32863 1.39228 1.35457 1.29570 1.23707 1.17140 1.20337 1.24901 1.30810 1.36100 1.32829 1.27599 1.27599 1.32530 1.39645 1.29281 1.24633 1.43560 1.43560 1.43560 1.43560 1.43560 0.00000 1.71865 1.71865 1.71865 1.51366 0.916025 1.03068 1.24848 1.16295 1.15857 1.15418 1.14980 1.14541 1.14103 1.13955 1.68095 1.72600 1.71078 1.67201 1.78929 1.70422 1.61048 1.53618 1.51840 1.51946 1.71501 1.80700 1.82290 1.83872 1.85457 1.87038 1.89199 1.93068 2.01438 2.12219 2.12219 2.41500 2.39834 2.22824 2.22824 2.22824 2.22824 2.22824
