High_resolution/powerplant/Shangrao/OMI_NO2_201102.asc
ncols      200
nrows      200
xllcorner       115.451
yllcorner       27.0350
cellsize     0.0166667
NODATA_Value      -999.000
[rows 116 to 144 of 200, columns 0 to 65 of 200]
9.04916 8.65592 8.92080 9.14068 9.17023 9.19829 9.32655 9.47933 9.65578 9.77366 9.81365 9.85321 9.87173 9.87173 9.87173 9.86804 9.74220 9.96669 9.88331 10.1419 10.2885 10.2691 10.1111 9.93621 9.76150 9.59324 9.54697 9.54697 9.54697 9.54697 9.54697 9.54697 9.54697 9.54697 9.54700 9.41236 9.50205 9.09096 7.64490 7.65099 7.65099 7.64552 5.97395 5.51222 5.51222 5.56438 5.68745 5.93172 6.27585 6.67316 7.07880 6.46038 5.86549 5.86549 5.86272 5.78471 5.67275 4.63309 4.32361 4.28891 4.28726 4.28726 4.28726 4.28726 4.28900 4.31001
10.7577 9.24586 9.29865 9.47381 9.65044 9.79908 9.84748 9.87148 9.87173 9.87173 9.86983 9.85067 9.82740 9.79982 9.74259 9.68347 9.62154 9.61964 9.73698 9.74066 9.71066 9.56370 9.54697 9.54697 9.54697 9.54697 9.54697 9.54697 9.54697 9.54697 9.55094 9.62260 9.71858 9.81464 9.90021 9.74096 9.68019 9.64347 7.77660 7.65157 7.74569 7.90653 7.02235 6.06222 6.41383 6.75691 7.06248 7.18006 7.18006 7.18006 7.15694 6.69390 5.62553 5.51367 5.40443 5.37052 5.37052 4.84377 4.28726 4.28726 4.28844 4.30432 4.32464 4.34495 4.36351 4.36701
11.5153 10.3246 9.90500 9.87173 9.87173 9.87102 9.85438 9.83111 9.80783 9.78393 9.73625 9.69261 9.65310 9.61617 9.60701 9.60344 9.59986 9.46374 9.43375 9.35048 9.54697 9.54697 9.54697 9.54697 9.54697 9.54697 9.54752 9.60546 9.70145 9.79747 9.88953 9.91390 9.91390 9.91390 9.91447 9.88313 9.96122 10.1222 8.93964 8.41412 8.48094 8.48094 8.12088 7.18006 7.18006 7.17986 7.11685 7.00494 6.89298 6.78101 6.69222 6.64158 5.41732 5.37052 5.37052 5.37052 5.37125 5.17321 4.32317 4.34346 4.36260 4.36701 4.36701 4.36701 4.36701 4.36701
11.7769 10.8243 9.94671 9.81155 9.78827 9.76571 9.74326 9.70394 9.66435 9.62322 9.60645 9.60287 9.59929 9.59748 9.59748 9.59748 9.59748 9.48610 9.51366 9.28070 9.54674 9.54697 9.54697 9.58851 9.68431 9.78034 9.87577 9.91390 9.91390 9.91447 9.94945 10.0040 10.0585 10.1130 10.1670 10.2464 10.5101 10.5101 9.76360 8.48094 8.48094 8.46772 8.33934 7.03152 6.84586 6.73409 6.68509 6.68509 6.68509 6.68509 6.68509 6.68509 5.73571 5.38463 5.40494 5.42525 5.44484 5.44529 4.47260 4.36701 4.36701 4.36701 4.36701 4.36701 4.36701 4.36701
11.7769 11.3285 9.99496 9.71525 9.67557 9.63333 9.60610 9.60230 9.59877 9.59748 9.59748 9.59748 9.59748 9.59748 9.59748 9.59748 9.59748 9.56322 9.47127 9.32810 9.60184 9.76320 9.85919 9.91368 9.91447 9.94945 10.0040 10.0585 10.1130 10.1670 10.1866 10.1866 10.1866 10.1866 10.1866 10.1880 10.4784 10.4953 10.2849 8.23246 8.09951 8.00077 7.98597 7.13025 6.68509 6.68509 6.68509 6.68509 6.68523 6.69773 6.71804 6.73834 6.16998 5.45027 5.45027 5.45027 5.45027 5.45027 4.78121 4.36701 4.36701 4.36701 4.36701 4.36808 4.46929 4.63622
11.6561 11.5645 10.0055 9.61433 9.59833 9.59748 9.59748 9.59748 9.59748 9.59748 9.59748 9.59748 9.59748 9.59748 9.59748 9.62520 9.82049 10.0438 9.76873 9.66256 9.74679 10.0040 10.0585 10.1130 10.1670 10.1866 10.1866 10.1866 10.1866 10.1866 10.1866 10.1866 10.1863 10.1605 10.1193 10.0781 10.2402 10.3341 10.3336 8.49959 7.98597 7.98597 7.98597 7.53274 6.68511 6.69625 6.71655 6.73686 6.75702 6.76484 6.76484 6.76484 6.53808 5.45027 5.45027 5.45027 5.45027 5.45027 5.11162 4.52327 4.69047 4.85732 5.02460 5.19036 5.25637 5.25637
11.5084 11.5075 10.3691 9.67917 9.59748 9.59748 9.59748 9.59748 9.59748 9.59748 9.59748 9.60262 9.75708 9.98035 10.2046 10.6095 11.0018 11.3658 11.3631 11.3465 9.83336 10.1866 10.1866 10.1866 10.1866 10.1866 10.1866 10.1866 10.1830 10.1483 10.1075 10.0663 10.0255 10.0101 10.0101 10.0101 10.1234 10.3336 10.3336 9.18755 7.98597 7.92429 7.77327 7.55677 6.76923 6.76484 6.76484 6.76484 6.76484 6.76484 6.76484 6.76484 6.76195 5.63602 5.66087 5.82772 5.99492 6.16176 6.25096 5.27793 5.25637 5.25637 5.19293 5.01361 4.83145 4.64959
11.5075 11.5075 10.8132 9.76367 9.59748 9.59748 9.59748 9.59748 9.69409 9.91702 10.2976 10.8791 11.3121 11.6764 12.0394 12.1945 12.1945 12.1945 12.0698 12.0202 10.0708 10.1866 10.1866 10.1866 10.1763 10.1369 10.0957 10.0545 10.0170 10.0101 10.0101 10.0101 10.0101 10.0101 10.0101 10.0101 10.0358 10.2909 10.1476 9.53761 7.49653 7.40648 7.40579 7.40579 6.93729 6.76484 6.76484 6.76484 6.70721 6.57386 6.44009 6.30645 6.17289 6.24337 6.33963 6.33963 6.33963 6.32399 6.12109 5.14786 4.72889 4.54695 4.42845 4.42596 4.42596 4.42596
11.5075 11.5075 11.3258 9.86726 9.64417 9.96503 10.5436 11.1312 11.6222 11.9865 12.1936 12.1945 12.1945 12.2130 12.3563 12.5356 12.7516 13.0387 13.3065 12.8583 11.1594 10.1251 10.0839 10.0427 10.0119 10.0101 10.0101 10.0101 10.0101 10.0101 10.0101 10.0101 10.0101 9.98737 9.85077 9.69900 9.54752 9.69229 9.75347 9.74407 7.64431 7.40579 7.40516 7.32584 6.92091 6.41756 6.28386 6.15023 6.07422 6.07388 6.07388 6.07388 6.07388 6.08909 6.01046 5.75274 5.49492 5.25263 5.19783 4.84503 4.42596 4.42596 4.42596 4.41419 4.34943 4.27833
11.5320 11.8283 12.2007 12.1613 12.0353 12.1859 12.1945 12.1945 12.2034 12.3311 12.5082 12.7017 12.9221 13.1932 13.3024 13.3785 13.4398 13.4531 13.4640 13.0127 11.8829 10.0101 10.0101 10.0101 10.0101 10.0101 10.0101 10.0101 10.0101 9.99947 9.87735 9.72575 9.57397 9.44529 9.42997 9.42997 9.42997 9.59184 9.65100 9.51723 7.95354 6.90235 6.76913 6.71482 6.63977 6.07548 6.07388 6.07388 6.06862 5.89279 5.63474 5.37680 5.11899 4.95989 5.19578 5.19783 5.19783 5.19783 5.19783 5.05989 4.35435 4.28325 4.21215 4.15272 4.14636 4.14636
12.8153 12.8908 12.8908 13.0438 12.6477 12.4811 12.6720 12.8815 13.1001 13.2047 13.2807 13.3573 13.4333 13.4549 13.4659 13.4767 13.4805 13.4805 13.4805 13.2162 12.6633 10.0144 10.0101 10.0101 10.0101 10.0071 9.90409 9.75232 9.60066 9.45962 9.42997 9.42997 9.43219 9.47580 9.53492 9.59405 9.65318 9.55443 9.06250 9.06250 8.32003 6.71482 6.71482 6.71482 6.66378 5.90631 5.52455 5.26662 5.01417 4.93207 4.93207 4.93207 4.93207 4.93207 5.14401 5.19106 5.13117 5.06004 4.98894 4.92633 4.24184 4.14636 4.14636 4.14636 4.14636 4.14636
12.8908 12.8908 12.8908 12.9651 13.1527 13.1835 13.2591 13.3363 13.4206 13.4567 13.4677 13.4781 13.4805 13.4805 13.4805 13.4805 13.4805 13.4805 13.4805 13.4704 12.8547 10.5263 9.93061 9.77901 9.62729 9.47859 9.42997 9.43237 9.47639 9.53552 9.59465 9.65378 9.71027 9.72562 9.72562 9.72562 9.72562 9.71461 9.10143 9.06250 8.62767 6.34260 6.05532 5.79750 5.59072 5.25351 4.93207 4.93207 4.93207 4.93207 4.93207 4.92729 4.87034 4.79921 4.86696 4.92949 4.91823 4.91823 4.91823 4.91823 4.46521 4.14636 4.14636 4.14636 4.14636 4.14636
12.8908 12.9100 13.0038 13.1120 13.3928 13.4582 13.4695 13.4792 13.4805 13.4805 13.4805 13.4805 13.4805 13.4805 13.4805 13.4805 13.4805 13.4805 13.3683 13.0134 12.4653 10.8824 9.43254 9.47698 9.53611 9.59524 9.65434 9.71051 9.72562 9.72562 9.72562 9.72562 9.72562 9.72562 9.72562 9.69550 9.22888 8.61877 7.55734 6.73516 6.44399 5.80783 5.57302 5.57302 5.57302 5.45094 4.93207 4.92894 4.87526 4.80416 4.73303 4.66668 4.65247 4.65247 4.71825 4.91823 4.91823 4.91823 4.91823 4.91823 4.68903 4.14583 4.14033 4.13362 4.12692 4.12021
13.1828 13.2937 13.3158 13.3272 13.4381 13.4805 13.4805 13.4805 13.4805 13.4805 13.4805 13.4805 13.4805 13.4805 13.4346 13.1162 12.7527 12.3910 12.2061 12.2975 12.3363 12.0721 9.71092 9.72562 9.72562 9.72562 9.72562 9.72562 9.72562 9.72562 9.72562 9.61374 9.05135 8.44097 7.83047 7.25060 7.10710 7.10710 6.84061 6.44399 6.44399 6.06284 5.57302 5.57018 5.43518 5.22762 4.76060 4.66995 4.65247 4.65247 4.65247 4.65247 4.65247 4.65247 4.65832 4.90507 4.91651 4.91007 4.90336 4.89665 4.85923 4.13731 4.11070 4.11070 4.11070 4.04953
12.8067 13.3280 13.3280 13.3280 13.3961 13.4805 13.4805 13.4805 13.4805 13.4805 13.4718 13.2189 12.8556 12.5448 12.3270 12.3820 12.4818 12.5800 12.6136 12.6136 12.6061 12.7496 9.86355 9.72562 9.72562 9.72562 9.72562 9.48052 8.87355 8.26344 7.65306 7.15450 7.10710 7.10710 7.10710 7.10710 7.10710 7.10710 7.02468 6.44425 6.34175 6.00959 5.05820 4.85491 4.78354 4.78354 4.70749 4.65247 4.65247 4.65247 4.65247 4.66589 4.69720 4.72864 4.76007 4.85892 4.88284 4.88257 4.88257 4.88257 4.87456 4.21547 3.84715 3.71826 3.58920 3.52136
11.9090 13.3280 13.3280 13.3280 13.3471 13.4800 13.4805 13.3210 12.9965 12.7319 12.4773 12.4665 12.5663 12.6136 12.6136 12.6136 12.6136 12.6136 12.6139 12.7394 12.9966 13.1792 10.7032 9.30613 8.69576 8.08564 7.47553 7.11024 7.10710 7.10710 7.10710 7.10710 7.10710 7.10710 7.10710 7.10710 7.03731 6.83426 6.62789 5.86103 5.65451 5.65451 4.91248 4.78354 4.78354 4.78372 4.76681 4.70287 4.73427 4.76572 4.79711 4.81517 4.81525 4.81525 4.81525 4.84370 4.85599 4.79552 4.73495 4.67434 4.62192 4.14624 3.52136 3.52136 3.52136 3.52136
10.7629 13.3280 13.3280 13.2243 12.7690 12.8143 12.6557 12.5516 12.6128 12.6136 12.6136 12.6136 12.6136 12.6136 12.6136 12.6795 12.9201 13.2061 13.5190 13.4319 13.1112 12.6786 9.45455 7.10710 7.10710 7.10710 7.10710 7.10710 7.10710 7.10710 7.10710 7.10710 7.06352 6.86994 6.66349 6.45736 6.32078 6.31762 6.31762 5.94131 5.65574 5.67910 5.22348 4.87098 4.90240 4.93367 4.94336 4.82296 4.81525 4.81525 4.81525 4.81134 4.76322 4.70273 4.64204 4.59133 4.61476 4.61465 4.61465 4.61465 4.61465 4.46157 3.51908 3.51171 3.50417 3.49663
9.25260 12.1096 11.9372 11.5562 11.5272 12.1751 12.6136 12.6136 12.6136 12.6136 12.6136 12.6394 12.8466 13.1206 13.3957 13.3673 13.0568 12.7366 12.4391 12.3774 12.3774 12.3564 10.6737 7.10710 7.10710 7.10710 7.10710 7.10710 7.08357 6.90547 6.69910 6.49296 6.33017 6.31762 6.31762 6.30491 6.11781 5.87562 5.63343 5.50111 5.80919 5.81728 5.58549 4.94631 4.94631 4.94631 4.94631 4.84146 4.73763 4.67700 4.61648 4.55973 4.54733 4.54733 4.54733 4.54733 4.60597 4.61465 4.61277 4.60566 4.59801 4.59046 3.65401 3.49173 3.49173 3.49173
7.17085 10.1359 11.5272 11.5272 11.5272 11.8526 12.6136 12.6179 12.7761 13.0387 13.2693 13.2748 13.0026 12.6821 12.4099 12.3774 12.3774 12.3774 12.3774 12.3774 12.3774 12.3774 11.7226 7.54644 7.09747 6.94107 6.73478 6.52857 6.34573 6.31762 6.30406 6.11636 5.87562 5.63343 5.39124 5.16176 5.10666 5.10666 5.10666 5.13615 5.79719 5.81728 5.79208 4.94154 4.84311 4.78251 4.72193 4.63403 4.54733 4.54733 4.54733 4.54733 4.54733 4.54733 4.54582 4.53878 4.57135 4.59101 4.58535 4.58502 4.58502 4.58502 3.96889 3.49173 3.49173 3.49173
7.17085 8.80591 11.5272 11.5272 11.6134 11.8765 13.0919 13.1575 12.9482 12.6275 12.3901 12.3774 12.3774 12.3774 12.3774 12.3774 12.3774 12.3774 12.3774 12.3774 12.3762 12.1906 11.7695 8.03148 6.36744 6.30406 6.11539 5.87320 5.63101 5.38882 5.16019 5.10666 5.10666 5.10666 5.10666 5.10666 5.10666 5.10666 5.08104 4.89497 5.20494 5.17815 4.96829 4.74861 4.67839 4.67839 4.67839 4.67014 4.54997 4.54733 4.54614 4.53933 4.53179 4.52424 4.51821 4.51770 4.53928 4.58502 4.58502 4.58502 4.58502 4.58502 4.28437 3.49173 3.48385 3.40067
7.11172 7.02476 11.6775 11.6967 11.4030 10.9235 11.9585 12.3774 12.3774 12.3774 12.3774 12.3774 12.3774 12.3774 12.3774 12.3774 12.3774 12.2742 11.9602 11.6402 11.2969 10.6092 9.85409 7.46100 5.38882 5.16019 5.10666 5.10666 5.10666 5.10666 5.10666 5.10666 5.10666 5.10666 5.04063 4.83169 4.61788 4.40416 4.21607 4.18824 4.51547 4.89886 4.89886 4.81285 4.67839 4.67839 4.66992 4.59605 4.52185 4.52479 4.51843 4.51770 4.51770 4.51770 4.51770 4.51770 4.52179 4.58397 4.58502 4.55838 4.46030 4.35835 4.22392 3.10787 2.96679 2.94804
5.10487 5.02785 9.58480 10.6297 10.6297 10.6297 11.4935 12.3774 12.3774 12.3774 12.3774 12.3774 12.3774 12.3336 12.0500 11.7255 10.9431 9.96002 9.18635 8.41925 7.67672 7.46298 7.46298 6.89105 5.12506 5.10666 5.10666 5.10666 5.10666 5.10593 4.98203 4.76831 4.55451 4.34094 4.19311 4.18824 4.18824 4.18824 4.18824 4.18824 4.31920 4.89886 4.89584 4.80960 4.52484 4.43637 4.35724 4.34351 4.41745 4.51770 4.51770 4.51770 4.51770 4.51770 4.51595 4.51205 4.50814 4.29591 4.12087 4.04524 4.04132 4.04132 4.04132 3.25173 2.80922 2.68864
5.02785 5.02785 8.15213 10.6297 10.6297 10.6297 10.9112 12.3755 12.3774 12.3680 12.1398 11.4643 10.3772 9.33375 8.53096 7.76796 7.46298 7.46298 7.46298 7.46298 7.46298 7.46298 7.46298 7.36077 5.33647 5.09132 4.91866 4.70494 4.49113 4.27815 4.18824 4.18824 4.18824 4.18824 4.18824 4.18824 4.18824 4.18824 4.18790 4.13703 4.05206 4.60416 4.58779 4.56398 4.38590 4.34351 4.34351 4.34351 4.36439 4.51505 4.51142 4.50752 4.50361 4.49970 4.49755 4.49754 4.49754 4.27110 4.04069 3.90491 3.66833 3.43185 3.19517 2.76450 2.39893 2.39893
5.02785 5.02785 5.99330 10.6117 10.6297 10.6297 10.4075 10.8168 9.81121 8.73336 7.87483 7.46335 7.46298 7.46298 7.46298 7.46298 7.46298 7.46298 7.46298 7.46298 7.46298 7.40570 7.10449 6.79269 5.14510 4.22938 4.18824 4.18824 4.18824 4.18824 4.18824 4.18824 4.18824 4.18824 4.18824 4.15214 4.06493 3.97733 3.89003 3.85336 3.85336 4.30211 4.56398 4.56384 4.44745 4.33661 4.33271 4.32880 4.32492 4.46509 4.49754 4.49754 4.49754 4.49754 4.46747 4.25971 4.02323 3.68497 3.09448 2.99359 2.99359 2.99359 2.99359 2.92104 2.39950 2.45283
5.02785 5.02785 4.80460 9.33425 9.58219 9.10177 8.84405 7.95322 7.46298 7.46298 7.46298 7.46298 7.46298 7.46298 7.46298 7.46298 7.46298 7.36924 7.05022 6.72133 6.39243 6.12028 6.09259 6.09285 5.45030 4.18824 4.18824 4.18824 4.18824 4.18824 4.18824 4.16490 4.08047 3.99287 3.90526 3.85372 3.85336 3.85336 3.85527 3.88186 3.91600 4.16596 4.54864 4.54488 4.49457 4.32336 4.32336 4.32336 4.32336 4.41156 4.39444 4.15839 3.92181 3.68523 3.47872 3.44981 3.44981 3.44367 3.02305 2.99359 2.99359 3.06420 3.24022 3.45394 3.01851 2.97626
3.20224 2.24175 1.50451 6.31633 8.84370 8.84370 8.84370 8.35617 7.46298 7.46298 7.46298 7.46298 7.46298 7.32375 6.99540 6.66651 6.33762 6.10246 6.09259 6.09259 6.09259 6.09259 6.09259 6.09259 5.91465 4.26940 4.18824 4.17488 4.09604 4.00837 3.92084 3.85654 3.85336 3.85551 3.88254 3.91642 3.95048 3.98461 4.01663 4.02404 4.02404 4.06802 4.54037 4.54382 4.54153 4.32511 4.11936 3.88278 3.64620 3.44468 3.45022 3.44981 3.44981 3.44981 3.44981 3.44981 3.44981 3.52594 3.39471 3.43759 3.69854 3.86799 3.86825 3.86825 3.38328 2.97626
1.45593 1.45593 1.45593 3.82756 8.84370 8.84370 8.84370 8.78590 7.50141 7.27003 6.94114 6.61224 6.28335 6.09369 6.09259 6.09259 6.09259 6.09259 6.09259 6.09259 6.09259 6.09259 6.09259 6.08830 6.04498 4.45627 3.93637 3.86213 3.85571 3.88289 3.91702 3.95116 3.98497 4.01694 4.02404 4.02404 4.02404 4.02404 4.02404 4.02404 4.02404 3.94003 3.99754 3.72067 3.34075 3.20931 3.27562 3.27562 3.27562 3.27628 3.43076 3.44981 3.44981 3.51420 3.72733 3.98941 4.31320 4.55010 4.27761 3.86825 3.86825 3.86825 3.86825 3.86825 3.64071 2.97626
1.45593 1.45593 1.45593 1.49866 8.39470 8.47287 7.97953 7.48578 6.39650 6.09259 6.09259 6.09259 6.09259 6.09259 6.09259 6.09259 6.09259 6.09259 6.09259 6.09243 6.05144 5.97843 5.90542 5.82706 5.66667 4.64091 3.95150 3.98564 4.01739 4.02404 4.02404 4.02404 4.02404 4.02404 4.02404 4.02404 4.02404 3.84982 3.47006 3.08997 2.71004 2.41396 2.66553 2.91253 2.91253 3.03922 3.27562 3.27562 3.27562 3.28861 3.54590 3.96940 4.28835 4.54581 4.55258 4.55258 4.55258 4.55258 4.46478 3.86832 3.86825 3.86825 3.85729 3.81343 3.74840 2.87799
1.45593 1.45593 1.45593 1.45593 5.49962 6.78812 6.78812 6.78812 6.42321 6.09259 6.09259 6.09259 6.09259 6.09259 6.09259 6.09259 6.07010 5.99883 5.92307 5.72592 5.50487 5.31562 5.12645 4.94702 4.90315 4.58312 4.02274 4.02404 4.02404 4.02404 4.02404 4.02404 4.01230 3.73922 3.35929 2.97904 2.59895 2.39308 2.39276 2.39276 2.39276 2.39276 2.52166 2.91253 2.91253 2.94568 3.32355 3.37907 3.42975 3.46747 3.69539 4.55258 4.55258 4.55258 4.55258 4.55258 4.55258 4.51424 4.42918 3.83430 3.70610 3.66000 3.62479 3.62253 3.62253 3.01812
