High_resolution/powerplant/Shangrao/OMI_NO2_2010_06-08.asc
ncols      200
nrows      200
xllcorner       115.451
yllcorner       27.0350
cellsize     0.0166667
NODATA_Value      -999.000
[rows 28 to 55 of 166, columns 126 to 188 of 200]
1.17148 1.66443 1.52954 1.50171 1.44333 1.44693 1.39050 1.33299 1.22311 1.24346 1.37493 1.37493 1.37493 1.37740 1.64209 1.65424 1.65424 1.65424 1.65424 1.58632 1.76563 1.84522 1.84522 1.82565 1.84522 1.84522 1.87217 1.87501 1.85290 1.81523 1.72292 1.70768 1.50819 1.37896 1.37896 1.31770 1.43257 1.39573 1.48413 0.494055 0.456927 0.560069 0.672259 0.806678 0.835407 1.02120 1.06384 1.06384 1.06384 1.06934 1.08974 0.906845 0.603026 0.413553 0.473547 0.501786 0.649880 0.694023 0.699317 0.710732 0.722146 0.632117 0.638694
1.09615 1.43917 1.24309 1.18564 1.10082 1.22446 1.26590 1.26590 1.19223 1.19618 1.36360 1.37493 1.37493 1.37407 1.54215 1.65424 1.65424 1.65424 1.65424 1.58855 1.68751 1.82565 1.82669 1.81486 1.83386 1.83871 1.90829 1.90839 1.88650 1.88130 1.73172 1.72237 1.64136 1.49287 1.53382 1.49288 1.66249 1.67483 1.85996 0.607027 0.716905 0.796626 0.751105 0.796626 0.751105 0.865102 0.983556 0.999950 1.01427 1.02407 1.08678 0.919581 0.825444 0.516102 0.435730 0.586346 0.725116 0.873114 0.881268 0.881281 0.881281 0.794797 0.794797
1.49046 1.40965 0.934405 0.934405 0.934405 1.08910 1.12777 1.12780 1.13029 1.13441 1.27130 1.34819 1.35232 1.35483 1.40510 1.53927 1.53927 1.53927 1.52814 1.42407 1.43984 1.79469 1.79888 1.78646 1.79896 1.79896 1.86149 1.85913 1.83106 1.93908 1.76662 1.73459 1.74185 1.64289 1.76663 1.82619 2.07798 2.13948 2.21282 2.10121 0.695468 0.764879 0.731809 0.813154 0.771933 0.826462 0.948774 0.948774 0.948774 0.949074 1.02872 0.861126 0.902778 0.386131 0.387614 0.619472 0.674587 0.881281 0.881281 0.881281 0.881281 0.794797 0.794797
1.49090 1.49090 1.01863 0.934405 0.934405 1.09878 1.14399 1.14809 1.14972 1.14972 1.21800 1.35525 1.35525 1.35525 1.35645 1.49477 1.45540 1.32921 1.29129 1.23734 1.23275 1.70553 1.76657 1.70861 1.69155 1.66256 1.77835 1.76249 1.70202 1.90490 1.93384 2.01597 2.18573 2.15801 2.02980 1.97485 2.13995 2.15249 2.24130 2.19140 0.774735 0.846150 0.783472 0.783472 0.705125 0.711908 0.854235 0.861736 0.865592 0.869178 0.966589 0.790846 0.869930 0.435531 0.421411 0.521126 0.579448 0.773408 0.794797 0.815361 1.06049 1.25327 1.45043
1.49090 1.49090 1.18420 0.934405 0.934405 1.10666 1.14972 1.14972 1.14972 1.14972 1.16332 1.30947 1.27255 1.22532 1.18611 1.33806 1.36826 1.24725 1.19779 1.10420 1.07199 1.33655 1.56430 1.52926 1.54279 1.52342 1.85998 2.08075 2.22460 2.47526 2.48427 2.35929 2.35940 2.32398 2.13328 2.08412 2.27121 2.27560 2.36093 2.33354 0.705125 0.784293 0.708800 0.711885 0.612831 0.615100 0.708699 0.745654 0.745654 0.745654 0.869930 0.695944 0.790846 0.437307 0.483767 0.474002 0.614351 1.29556 1.59756 1.76141 1.91028 2.17733 2.46900
1.49090 1.49090 1.34970 0.934405 0.934405 1.10666 1.15232 1.16063 1.17083 1.18346 1.19222 1.18672 1.16575 1.14392 1.11640 1.09134 1.20303 1.20967 1.36994 1.44079 1.58291 1.60224 1.51514 1.48152 1.51514 1.51514 2.33895 2.42215 2.39598 2.50068 2.53226 2.35929 2.35938 2.38013 2.20091 2.10495 2.27560 2.27684 2.36510 2.36445 0.718402 0.797562 0.717952 0.717952 0.615387 0.615387 0.671475 0.745654 0.745654 0.652448 0.772987 0.547711 0.487514 0.253027 0.260549 0.473293 0.651528 2.05363 2.64378 2.78500 2.78272 2.98354 2.97095
1.49090 1.49090 1.49690 0.986800 0.961304 1.14138 1.18036 1.15868 1.13685 1.11755 1.11074 1.11109 1.17623 1.31991 1.45595 1.49404 1.80696 1.74655 1.74655 1.68678 1.68678 1.63883 1.52033 1.48152 1.51514 1.51514 2.14301 2.45581 2.42215 2.53994 2.53934 2.26983 2.24935 2.22316 2.09191 1.94634 1.99320 1.99615 2.05014 1.99620 1.89784 1.11681 1.07693 1.07693 1.02565 1.02565 1.06417 1.20649 0.973896 0.794995 0.769644 0.525742 0.558753 0.408885 0.454021 0.358209 0.492625 2.70362 2.63919 2.79040 2.78140 3.00200 3.00200
1.64094 1.71544 1.76800 1.19276 0.878694 1.09622 1.10275 1.13141 1.25548 1.39742 1.52698 1.65477 1.73334 1.73427 1.73427 1.64465 1.83202 1.74655 1.74655 1.74655 1.74655 1.68675 1.59695 1.55997 1.62273 1.62273 2.02619 2.56350 2.50068 2.56350 2.56350 2.28617 2.20538 2.15355 2.11267 1.87035 1.92069 1.92069 1.92069 1.87035 1.80540 1.23077 1.20387 1.22348 1.17451 1.10390 1.02586 1.10174 0.973535 0.851843 0.908632 0.619522 0.610573 0.429135 0.410250 0.358284 0.397908 2.65840 2.62383 2.77967 2.77955 2.99712 2.98944
1.67676 1.67078 1.67078 1.39612 1.08991 1.26046 1.43084 1.58539 1.61265 1.61265 1.61265 1.61265 1.61265 1.61265 1.61265 1.54025 1.38795 1.38795 1.38795 1.38795 1.38795 1.38795 1.33112 1.24619 1.24619 1.24619 1.62295 2.34682 2.37504 2.42215 2.42215 2.34602 2.20538 2.14470 2.17066 1.89432 1.92362 1.93730 1.94905 1.90152 1.81683 1.24466 1.13015 1.02554 1.00618 1.00618 1.00618 1.08378 0.953460 0.798852 0.814369 0.529499 0.512705 0.375725 0.375725 0.363291 0.358807 0.448410 2.61232 2.74037 2.72707 2.96908 2.96908
1.61185 1.58070 1.54955 1.53902 1.61169 1.61265 1.61265 1.61265 1.61265 1.61265 1.61265 1.61265 1.61265 1.61265 1.61265 1.59905 1.39154 1.38795 1.38795 1.38795 1.38795 1.38795 1.37242 1.24657 1.24619 1.24619 1.55997 2.08844 2.34363 2.37504 2.37686 2.39794 2.19021 2.17264 2.18971 1.99017 1.35392 1.22385 1.07965 0.956662 0.878871 1.01456 1.00618 1.00572 0.982839 0.947410 0.912048 0.904832 0.805124 0.704484 0.751449 0.563587 0.565253 0.431058 0.438916 0.445347 0.483173 0.537917 2.36395 2.43385 2.43385 2.63971 2.63971
1.53062 1.53295 1.53295 1.53295 1.59407 1.61265 1.61265 1.61265 1.61265 1.61265 1.61265 1.61265 1.61265 1.61265 1.61265 1.61265 1.44039 1.38795 1.38795 1.38795 1.38795 1.38795 1.38795 1.27266 1.24619 1.25036 1.53265 1.84353 2.55272 2.64608 2.72219 2.20380 1.69774 1.48126 1.28037 1.11625 0.844199 0.843717 0.843717 0.877029 0.815763 0.849405 0.815644 0.784186 0.772940 0.772940 0.772940 1.39590 1.38755 1.26328 0.733518 0.530931 0.538767 0.455325 0.455325 0.455325 0.500452 0.519177 2.37664 2.44796 2.43385 2.43385 2.41982
1.49004 1.53295 1.53295 1.53295 1.57040 1.61265 1.61265 1.61265 1.61265 1.61265 1.61265 1.61265 1.61265 1.61265 1.61265 1.61265 1.50279 1.38795 1.38795 1.38870 1.40963 1.44447 1.48791 1.43163 1.34610 1.31150 1.51234 0.980485 2.05236 1.90574 1.66410 1.31676 0.799146 0.757493 0.754492 1.01466 0.766870 0.727749 0.695867 0.710061 0.658361 1.31437 1.42632 1.37424 1.36497 1.36935 1.37647 1.38037 1.45503 1.31247 1.29843 0.455325 0.520372 0.520372 0.520372 0.520372 0.582894 0.562623 0.612327 2.00053 1.72693 1.52340 1.33453
1.43595 1.53295 1.53295 1.53295 1.54672 1.61265 1.61265 1.61265 1.61265 1.61265 1.61265 1.61265 1.61265 1.61265 1.59169 1.49932 1.39875 1.51301 1.57623 1.67705 1.91096 2.15788 2.40479 2.29802 1.07824 1.07716 0.923280 0.897633 0.937599 0.861728 0.861728 0.861728 0.808035 0.757493 0.727193 1.32351 1.27739 1.18051 1.16618 1.10403 1.16366 1.17513 1.36088 1.37639 1.38292 1.38301 1.38301 1.52658 1.54733 1.33520 1.32651 0.346915 0.404734 0.404734 0.404734 0.404168 0.503528 0.430371 0.473702 1.35784 1.34206 1.34206 1.34206
1.38181 1.53295 1.53295 1.53295 1.53302 1.60266 1.61265 1.61265 1.61265 1.56486 1.46657 1.36833 1.27015 1.17191 1.09457 1.14576 1.27279 2.16870 2.54346 2.77066 2.81516 2.81516 2.81516 2.79656 1.21254 1.07716 0.897633 0.861728 0.861728 0.861728 0.861728 0.897633 0.891412 1.14041 1.17317 1.15391 1.18008 1.07966 1.09275 1.08152 1.11212 1.11212 1.22904 1.26815 1.26815 1.26815 1.26815 1.38301 1.43686 1.41264 1.31226 0.446780 0.494059 0.474724 0.451806 0.425832 0.488589 0.354961 0.397019 1.34814 1.36601 1.38420 1.40238
1.34230 1.51836 1.53295 1.52782 1.45206 1.39997 1.33527 1.23703 1.13880 1.08871 1.10555 1.21504 1.33844 1.46195 1.58547 1.65181 1.65193 2.21841 2.81516 2.81516 2.81516 2.81516 2.81516 2.81516 1.70295 1.07716 1.07716 1.07716 1.07716 1.07716 1.07716 1.07716 1.07716 0.938750 0.908992 0.933289 1.04280 0.944876 0.943085 0.943085 0.943085 0.943085 1.00250 1.09586 1.09586 1.09327 1.06946 1.21268 1.26087 1.36521 1.17707 1.22493 0.418791 0.418791 0.418783 0.408383 0.448192 0.374241 0.453783 1.41976 1.42006 1.42006 1.42006
1.42163 1.31507 1.12459 1.03149 1.00901 1.03190 1.16080 1.28437 1.40783 1.53123 1.63790 1.65193 1.65193 1.65193 1.65193 1.65193 1.65193 1.92186 2.81516 2.81516 2.81516 2.81516 2.81516 2.81516 2.21190 1.07716 1.07716 1.07716 1.07716 1.07716 1.07716 1.07716 1.07716 0.976982 0.908992 0.908992 1.03232 0.966632 0.943085 0.942104 0.935369 0.930839 0.946789 0.979332 0.925488 0.868152 0.840270 1.06368 1.15942 1.34134 1.16258 1.21109 0.379646 0.345340 0.296244 0.264770 0.308899 0.310164 0.443033 0.402803 1.38257 1.34713 1.31167
1.54383 1.34196 0.941800 0.855912 0.740673 0.637276 1.62485 1.65193 1.65193 1.65193 1.65193 1.65193 1.65193 1.65193 1.65193 1.65193 1.65193 1.71418 2.80820 2.81516 2.81516 2.81516 2.81516 2.81516 2.69576 1.10236 1.07716 1.07716 1.07716 1.07716 1.07716 1.07716 1.07716 1.03763 0.898399 0.883071 0.963968 0.976499 0.926775 0.929869 0.938727 0.945370 0.945564 0.865691 0.840270 0.840270 0.837910 0.996427 1.05496 1.07744 0.900041 0.882112 0.411865 0.411865 0.411865 0.411865 0.441284 0.411865 0.831652 0.516114 1.06953 1.06953 1.06953
1.55304 1.45796 0.493298 0.488698 0.488698 0.488698 1.43594 1.65193 1.65193 1.65193 1.65193 1.65193 1.65193 1.65193 1.65193 1.65193 1.65193 1.65193 2.46111 2.81516 2.81516 2.81516 2.81516 2.81516 2.81516 1.49185 1.07716 1.07716 1.15215 1.40255 1.59900 1.75078 1.88612 2.00057 1.02257 0.894543 0.949414 1.03850 0.945777 0.945564 0.945564 0.945564 0.942569 0.866071 0.745339 0.682944 0.610848 0.819655 0.933421 0.984324 0.919452 0.844353 0.441284 0.441284 0.441284 0.441284 0.00000 0.00000 1.00950 0.668969 1.01985 1.01985 1.01985
1.55833 1.55833 0.691347 0.488698 0.488698 0.488698 1.14048 1.65193 1.65193 1.65193 1.65193 1.65193 1.65193 1.65193 1.65193 1.65193 1.65193 1.65193 2.08457 2.81516 2.81516 2.81516 2.81546 2.82593 2.83798 2.30002 1.81348 1.93035 2.01863 2.04223 2.06180 2.08093 2.08695 2.08695 1.38382 0.913949 0.914539 1.04358 0.957051 0.916202 0.887165 0.853804 0.820325 0.778669 0.592124 0.592124 0.592119 0.795081 0.833293 0.801548 0.751258 0.411865 0.00000 0.00000 0.00000 0.00000 0.00000 0.00000 0.942201 0.820613 0.514293 1.01985 1.01985
1.55833 1.55833 0.991953 0.488698 0.488698 0.488698 0.694797 1.64878 1.65193 1.65193 1.65193 1.64758 1.57177 1.48736 1.41891 1.43987 1.65193 1.67913 1.98965 2.84282 2.85084 2.85720 2.84313 2.72579 2.59138 2.37720 2.07564 2.08690 2.08695 2.08695 2.08695 2.08695 2.08695 2.08695 1.70666 0.913949 0.913949 0.936890 0.857583 0.815231 0.815231 0.815231 0.815640 0.825658 0.615752 0.579628 0.571348 0.647533 0.634020 0.647533 0.647533 0.00000 0.00000 0.00000 0.00000 0.00000 0.00000 0.00000 1.04504 1.10178 0.705678 0.675150 0.617152
0.00000 0.00000 0.00000 0.00000 0.00000 0.00000 0.00000 0.00000 0.00000 0.00000 0.00000 0.00000 0.00000 0.00000 0.00000 1.67594 2.22206 2.35111 2.29488 2.62874 2.51550 2.38110 2.26534 2.25037 2.25037 2.25014 2.10630 2.08695 2.08695 2.08695 2.08695 2.08695 2.08695 2.08695 2.01258 0.930488 0.913949 0.913949 0.888874 0.830427 0.850474 0.874717 0.903740 0.913949 0.747739 0.566452 0.566452 0.647533 0.634020 0.647533 0.647533 0.194372 0.00000 0.951529 0.951529 0.951529 0.991176 0.951529 0.951529 1.02131 0.836425 0.725170 0.592014
0.00000 0.00000 0.00000 0.00000 0.00000 0.00000 0.00000 0.00000 0.00000 0.00000 0.00000 0.00000 0.00000 0.00000 0.00000 0.00000 0.00000 0.00000 0.00000 0.00000 0.00000 0.00000 0.00000 0.00000 0.00000 0.00000 0.00000 0.00000 0.00000 2.08695 2.08695 2.08695 2.08695 2.08695 2.08695 1.17881 0.913949 0.913949 0.913949 0.913949 0.913949 0.913949 0.913949 0.913949 0.838443 0.566452 0.566452 0.647533 0.633520 0.697782 0.776956 1.14551 0.951529 0.951529 0.951529 0.951529 0.951529 0.893203 0.928488 0.930904 0.728264 0.530997 0.385801
0.00000 0.00000 0.00000 0.00000 0.00000 0.00000 0.00000 0.00000 0.00000 0.00000 0.00000 0.00000 0.00000 0.00000 0.00000 0.00000 0.00000 0.00000 0.00000 0.00000 0.00000 0.00000 0.00000 0.00000 0.00000 0.00000 0.00000 0.00000 0.00000 2.08695 2.08695 2.08695 2.08695 2.08695 2.08695 1.50127 0.913949 0.913949 0.913949 0.913949 0.913949 0.913949 0.913790 0.912163 0.889378 0.700704 0.764956 0.845291 0.872232 0.887685 0.887685 1.07799 0.951529 0.955528 0.997904 1.03547 1.06233 1.01453 1.01973 1.00287 0.716990 0.518460 0.456640
0.00000 0.00000 0.00000 0.00000 0.00000 0.00000 0.00000 0.00000 0.00000 0.00000 0.00000 0.00000 0.00000 0.00000 0.00000 0.00000 0.00000 0.00000 0.00000 0.00000 0.00000 0.00000 0.00000 0.00000 0.00000 0.00000 0.00000 0.00000 0.00000 2.08695 2.08695 2.08695 2.08695 2.08695 2.08695 1.82396 0.913943 0.912804 0.910818 0.905923 0.889888 0.872775 0.855819 0.840357 0.831636 0.858844 0.866641 0.866641 0.866641 0.877022 0.938732 1.13249 1.33245 1.35527 1.35965 1.35965 1.35965 1.35965 1.34042 1.30287 1.04349 0.908672 0.909533
0.00000 0.00000 0.00000 0.00000 0.00000 0.00000 0.00000 0.00000 0.00000 0.00000 0.00000 1.41796 1.41796 1.41796 1.41796 1.41796 1.41796 1.64487 1.74694 1.74709 2.18729 2.25037 2.25037 2.25037 2.25037 2.25037 2.25037 2.13412 2.08695 2.08695 2.08695 2.07296 2.00136 1.92356 1.84463 1.74026 0.924609 0.859979 0.844862 0.832667 0.831586 0.831586 0.831586 0.831586 0.831586 0.866887 0.948755 1.00411 1.04985 1.08353 1.08772 1.14907 1.35965 1.35945 1.33386 1.29753 1.26786 1.24315 1.23096 1.23092 1.11600 0.948500 0.980826
0.00000 0.00000 0.00000 0.00000 0.00000 0.00000 0.00000 0.00000 0.00000 0.00000 0.00000 1.41796 1.41796 1.41796 1.41796 1.41796 1.41796 1.53663 1.74694 1.74694 2.04759 2.25037 2.25037 2.25037 2.25037 2.25007 2.20425 2.05793 1.88505 1.80725 1.72124 1.64217 1.62085 1.60576 1.59140 1.58794 1.07786 0.831586 0.831586 0.831586 0.831586 0.859829 0.928240 0.984679 1.03146 1.06703 1.08772 1.08772 1.08772 1.08742 1.08120 1.08180 1.25825 1.23963 1.23092 1.23092 1.23092 1.23092 1.23092 1.26962 1.36341 1.23314 1.23873
0.00000 0.00000 0.00000 0.00000 0.00000 0.00000 0.00000 0.00000 0.00000 0.00000 0.00000 1.41796 1.41796 1.41796 1.42095 1.44134 1.46456 1.51514 1.74691 1.74694 1.89670 2.16594 2.08805 2.00996 1.93216 1.86981 1.90564 1.94318 1.61067 1.59513 1.58794 1.58794 1.58794 1.58794 1.58794 1.58794 1.28593 0.831586 0.831586 0.908871 1.03826 1.06385 1.06435 1.06435 1.06435 1.06383 1.07779 1.07251 1.06608 1.06061 1.05916 1.05916 1.17995 1.23092 1.23092 1.23092 1.23092 1.23092 1.23092 1.25516 1.46433 1.29955 1.23157
0.862595 0.822771 0.822271 0.822271 0.852818 1.01584 1.04354 1.04354 1.04354 1.06504 1.07449 1.20267 1.21815 1.23362 1.24711 1.23941 1.46045 1.42603 1.53022 1.51912 1.49817 1.86779 1.94621 2.01871 2.09118 2.14837 2.15287 2.15287 1.68265 1.58794 1.58794 1.58794 1.58794 1.58794 1.58794 1.58794 1.49377 0.831813 0.831586 0.871547 1.06407 1.06315 1.05712 1.05138 1.04637 1.04233 1.05247 1.05916 1.05916 1.05916 1.05916 1.05916 1.13071 1.23092 1.23092 1.23092 1.23017 1.21589 1.19654 1.17721 1.36008 1.29442 1.18219
