High_resolution/powerplant/Shangrao/OMI_NO2_200809.asc
ncols      200
nrows      200
xllcorner       115.451
yllcorner       27.0350
cellsize     0.0166667
NODATA_Value      -999.000
[rows 28 to 55 of 165, columns 0 to 62 of 200]
0.00000 4.68788 4.76751 4.84099 4.85833 5.16254 5.24712 5.25011 5.25489 5.25500 5.25500 5.25500 5.25500 5.25500 5.25500 5.25500 5.25500 5.19388 4.81070 4.37764 4.09617 3.64365 3.62351 3.62351 3.62297 3.61177 3.59704 3.58268 3.56863 3.54861 3.12945 3.08570 3.10200 3.74738 3.71293 3.69698 3.57029 3.60668 3.61522 3.61341 3.61174 3.60953 3.51601 3.62303 3.64661 3.77996 3.81739 3.81739 3.64928 3.28667 3.22448 3.14290 3.13296 3.12200 3.12152 3.12152 3.12152 3.12152 3.12152 3.12152 3.12152 3.11016 3.08564
3.49777 3.49777 4.61029 4.81330 4.79231 4.96002 5.14379 5.13042 5.11718 5.10423 5.09141 5.07890 5.06644 5.05432 5.04224 5.03052 5.01878 5.00317 4.75535 4.21124 4.04591 3.57538 3.43718 3.35472 3.34463 3.34850 3.36611 3.39476 3.44375 3.49511 3.31891 3.25709 3.30511 3.71840 3.87765 3.82911 3.56924 3.56924 3.56924 3.56924 3.56924 3.56924 3.50285 3.55151 3.59607 3.69821 3.81739 3.81739 3.76795 3.31972 3.20754 3.17887 3.12765 3.09640 3.06664 3.04208 3.01743 2.99291 2.96828 2.94371 2.91916 2.90579 2.90364
3.49777 3.49777 3.86353 4.42373 4.44710 4.50860 4.88103 4.90355 4.90355 4.90355 4.90355 4.90355 4.90355 4.90355 4.90355 4.90355 4.90355 4.90355 4.74663 4.32787 4.17078 3.67801 3.55563 3.48070 3.53618 3.58617 3.59013 3.55523 3.49475 3.43515 3.39163 3.33300 3.33300 3.57013 3.91071 3.86994 3.60431 3.56924 3.56924 3.56924 3.56924 3.56924 3.52254 3.52689 3.61763 3.68883 3.89524 3.92497 3.95369 3.32343 3.06798 3.03557 2.94549 2.93092 2.90587 2.90587 2.90587 2.90587 2.90456 2.90156 2.89855 2.89564 2.89407
3.49777 3.49777 3.65624 4.35398 4.44710 4.44710 4.81876 4.90355 4.90355 4.90355 4.90355 4.90355 4.90724 4.94668 4.99513 5.04355 5.09315 5.15650 5.11651 4.88412 4.76717 4.31083 3.86087 3.56151 3.50060 3.44000 3.41627 3.41627 3.41627 3.41627 3.41375 3.33713 3.33300 3.41602 3.93930 3.86031 3.72444 3.63032 3.65902 3.68768 3.71638 3.74524 3.74969 3.72973 3.83186 3.83310 4.02329 4.04854 4.04699 3.48762 3.04912 3.02217 2.93097 2.97271 2.88578 2.87790 2.87313 2.86545 2.84399 2.82208 2.80017 2.77634 2.74051
3.49777 3.49777 3.49801 4.24402 4.44710 4.44710 4.71583 4.95257 5.00402 5.05242 5.10084 5.15178 5.21503 5.24704 5.27167 5.29861 5.32587 5.33180 5.23352 4.92164 4.70370 4.29209 3.65118 3.43866 3.42095 3.42894 3.43697 3.46111 3.54078 3.62579 3.71059 3.73977 3.79696 3.88176 4.28802 4.21723 4.09204 3.89129 3.89729 3.90331 3.90933 3.91513 3.89798 3.68869 3.79995 3.80469 3.94581 4.02600 4.02934 3.74403 3.17593 3.17243 3.14773 3.12191 2.88089 2.77080 2.73374 2.69962 2.68054 2.66365 2.64672 2.63174 2.62942
3.50199 3.52078 3.53634 3.94618 4.29935 4.27134 4.54995 5.23472 5.25043 5.27538 5.30265 5.32828 5.33180 5.33180 5.30031 5.21020 5.11869 5.02729 4.97059 4.73443 4.71669 4.69272 4.10698 3.96409 3.95014 4.02683 4.10364 4.16440 4.16928 4.16928 4.16928 4.14013 4.08602 4.08602 4.29787 4.30269 4.21103 3.91728 3.91674 3.91674 3.91674 3.91674 3.91674 3.71758 3.78015 3.85691 3.99454 4.15203 4.17300 4.05001 3.19846 3.05220 2.98440 2.96611 2.81679 2.62942 2.62591 2.61916 2.61243 2.60569 2.59895 2.59221 2.58547
3.57210 3.57263 3.57263 3.66353 4.12794 4.13041 4.17566 5.35222 5.33180 5.33180 5.30709 5.21615 5.07500 4.91732 4.79098 4.72338 4.65707 4.59070 4.52438 5.28443 5.53319 5.48080 4.69932 4.36151 4.16928 4.16928 4.16928 4.16928 4.16928 4.16928 4.16928 4.16438 4.08801 4.08602 4.21565 4.34536 4.24619 3.97072 3.91674 3.91674 3.92079 3.94823 3.98131 3.86575 3.87951 3.91901 3.93224 4.11809 4.12016 4.11246 3.30979 3.08198 2.95641 2.92865 2.88404 2.60211 2.60338 2.60784 2.61231 2.61679 2.62126 2.62571 2.63019
3.57263 3.57263 3.57263 3.57263 3.91535 3.96930 3.88088 4.79376 4.85198 4.68119 4.54814 4.48133 4.46465 4.46465 4.46465 4.46465 4.46465 4.46465 4.46465 4.99700 5.56047 5.48153 4.92661 4.44880 4.16928 4.16928 4.16928 4.16928 4.16928 4.16928 4.17005 4.18601 4.14748 4.14564 4.21414 4.47124 4.31186 4.13701 4.08480 4.13222 4.17177 4.18773 4.19819 4.10765 3.97567 3.94262 3.94619 4.10351 4.13139 4.13382 3.56209 3.15202 3.03729 2.97748 2.97725 2.71879 2.66219 2.66219 2.66219 2.66219 2.66219 2.66219 2.66219
3.57263 3.57263 3.57263 3.57263 3.49973 3.42014 3.42014 4.06289 4.50796 4.42279 4.40367 4.38477 4.36582 4.34675 4.32796 4.30874 4.29016 4.27072 4.25214 4.48011 5.38997 5.57249 5.27243 4.61650 4.48892 4.51405 4.53913 4.56400 4.58341 4.58001 4.57334 4.55163 4.49712 4.48878 4.54362 4.91476 4.74132 4.47819 4.33598 4.33192 4.33189 4.33189 4.33189 4.28146 4.09139 4.01317 4.01317 4.07714 4.13383 4.13383 3.78730 3.17870 3.07005 2.97924 2.97725 2.82075 2.65725 2.64618 2.63511 2.62403 2.61297 2.60186 2.59080
2.76232 2.72430 2.68639 2.64859 2.64061 2.75364 2.72794 3.00960 3.97267 3.93071 3.93071 3.93071 3.93071 3.93071 3.93071 3.93071 3.93071 3.93071 3.93071 3.94934 5.03764 5.64929 5.55827 4.65948 4.59654 4.56458 4.53376 4.50295 4.47953 4.50305 4.53946 4.57938 4.63005 4.71928 4.71982 4.93475 4.81562 4.56626 4.33312 4.33189 4.33189 4.33189 4.33189 4.32527 4.10722 4.02208 4.01317 4.02925 4.02927 3.93576 3.73606 3.16465 3.05074 2.92261 2.90747 2.83287 2.56522 2.56521 2.56521 2.56521 2.56366 2.50731 2.41837
2.50474 2.50474 2.50474 2.50474 2.50474 2.69056 2.70822 2.73099 3.92732 3.93218 3.93071 3.93071 3.93071 3.93071 3.93071 3.92934 3.87993 3.80672 3.73346 3.67848 4.59658 5.31994 5.20924 4.59314 4.46980 4.49987 4.53595 4.57552 4.61672 4.62725 4.62725 4.62725 4.62725 4.70194 4.71982 4.85261 4.90223 4.65411 4.35142 4.29130 4.19478 4.09770 4.00077 3.90385 3.62529 3.41913 3.29428 3.18310 3.26366 3.32152 3.32104 3.15330 3.03617 2.92198 2.88963 2.88343 2.59174 2.52779 2.44078 2.34585 2.24408 2.20305 2.19574
2.50474 2.50474 2.50474 2.50474 2.50474 2.64989 2.70822 2.70822 3.60520 3.94148 3.86531 3.79200 3.71879 3.64553 3.60899 3.76186 3.97115 4.18320 4.37835 4.54567 5.00879 5.73101 5.38416 4.96059 4.62123 4.62725 4.62725 4.62725 4.62725 4.62725 4.62986 4.59536 4.52876 4.52267 4.52595 4.48151 4.29095 3.97402 3.66576 3.54946 3.55219 3.55521 3.55826 3.56130 3.40326 3.24058 3.19322 3.17678 3.19182 3.31312 3.31312 3.18776 3.02457 2.87674 2.72040 2.62285 2.38535 2.18817 2.19494 2.21832 2.24391 2.27491 2.30708
2.50474 2.50474 2.50474 2.49628 2.40988 2.43737 2.52562 2.44587 2.93358 3.52256 3.77601 4.00484 4.21411 4.40680 4.56013 4.57899 4.57905 4.60383 4.65316 4.70835 5.01415 6.17243 5.82532 5.31468 4.58029 4.51025 4.44367 4.37687 4.30981 4.24279 4.17355 4.14127 4.14127 4.17150 4.31482 4.31434 4.06764 3.85391 3.70436 3.57418 3.57418 3.57418 3.57418 3.57418 3.46919 3.25836 3.19246 3.18445 3.09539 3.24437 3.19604 3.05052 2.83078 2.68594 2.61530 2.61734 2.56435 2.36599 2.38192 2.38177 2.37309 2.35964 2.34614
2.13892 1.95077 1.71064 1.42426 1.36201 1.96500 3.48674 3.88969 4.31521 4.76247 4.58107 4.57899 4.57899 4.59961 4.64840 4.69280 4.71731 4.70806 4.66973 4.63140 4.61198 5.43516 5.29306 4.71005 4.04840 4.13447 4.14127 4.14127 4.14127 4.14127 4.14127 4.14127 4.14127 4.14127 4.29040 4.31484 4.13495 3.90141 3.77372 3.57749 3.57418 3.57418 3.57418 3.56919 3.50729 3.23501 3.13584 3.12325 3.06832 3.07795 3.07113 3.02663 2.79412 2.70845 2.68947 2.63454 2.61408 2.31019 2.27719 2.26210 2.25554 2.25380 2.25204
1.36201 1.36201 1.36201 1.36201 1.36201 1.65605 4.50263 4.48457 4.44306 4.69328 4.57602 4.56160 4.57681 4.56844 4.53020 4.50293 4.50185 4.50185 4.50185 4.50185 4.50185 5.03499 5.51053 4.75282 4.17403 4.11486 4.14127 4.14127 4.14127 4.14127 4.14127 4.14127 4.14127 4.14127 4.23971 4.31484 4.20211 3.94474 3.80325 3.58468 3.54201 3.51852 3.49449 3.45551 3.42098 3.11281 3.02697 2.99290 2.89668 2.82100 2.78497 2.76036 2.56367 2.61583 2.62639 2.55728 2.55619 2.34867 2.22839 2.22839 2.22839 2.22839 2.22839
1.36201 1.36201 1.36201 1.36201 1.36201 1.36201 3.92062 4.10740 4.09822 4.37522 4.50185 4.50185 4.50185 4.50185 4.50185 4.50292 4.51115 4.52071 4.53019 4.53979 4.54921 4.89909 5.67927 4.82732 4.39129 4.09528 4.08986 4.08128 4.07275 4.06420 4.05561 4.04591 4.02308 3.99620 4.01696 4.12914 4.01540 3.70287 3.40553 3.31300 3.26735 3.23889 3.21092 3.20283 3.20479 2.99800 2.92803 2.93818 2.86215 2.75496 2.75496 2.75496 2.61200 2.59295 2.62717 2.57401 2.55619 2.45015 2.22839 2.22821 2.21943 2.20594 2.19248
1.86093 1.89930 1.93691 1.97581 2.01310 2.05189 3.73960 4.35351 4.36623 4.51948 4.72195 4.73133 4.74103 4.75043 4.76005 4.76846 4.76975 4.76975 4.76975 4.76975 4.76975 4.92803 5.75983 5.23656 4.70038 4.12595 4.01718 3.98835 3.95826 3.92952 3.90219 3.88989 3.95155 4.01724 4.07676 3.92453 3.89564 3.68230 3.29072 3.23405 3.21326 3.21326 3.21326 3.21326 3.21326 3.06774 2.92809 2.94075 2.89807 2.75496 2.75496 2.74963 2.64732 2.54961 2.59133 2.55040 2.49546 2.46371 2.13523 2.11529 2.11062 2.11062 2.11062
2.43359 2.43359 2.43359 2.43359 2.43359 2.43359 3.18937 4.45592 4.45542 4.49212 4.76873 4.76975 4.76975 4.76975 4.76975 4.76975 4.76975 4.76975 4.76975 4.70204 4.55727 4.42406 5.12114 4.57511 3.81216 3.91472 3.84862 3.85508 3.92384 3.99890 4.06831 4.12351 4.13012 4.13012 4.13012 3.99395 3.89635 3.73988 3.39325 3.24255 3.21429 3.21326 3.21300 3.20404 3.19101 3.09568 2.87529 2.87937 2.85592 2.65611 2.64008 2.63048 2.59997 2.46861 2.53755 2.52730 2.45391 2.45158 2.20124 2.09727 2.09447 2.09167 2.08885
2.43359 2.43359 2.43359 2.43359 2.43359 2.43359 2.43490 4.36919 4.45542 4.45542 4.72487 4.76975 4.76786 4.67366 4.52863 4.38378 4.23893 4.07968 3.83971 3.65468 3.54693 3.43918 3.93763 4.24244 3.78191 4.03944 4.07653 4.12071 4.13012 4.13012 4.13012 4.13012 4.13012 4.13012 4.12526 4.01633 3.79331 3.68866 3.44838 3.18893 3.15934 3.14506 3.13644 3.13658 3.14077 3.12295 2.79122 2.80752 2.80672 2.63281 2.59779 2.59579 2.59284 2.43041 2.48115 2.46327 2.33379 2.28966 2.18093 2.05324 2.05324 2.04341 2.00187
2.43359 2.43359 2.43359 2.43359 2.43359 2.43359 2.43466 3.97363 4.29701 4.21799 4.18969 4.06543 3.89880 3.74668 3.63887 3.53113 3.42338 3.32988 3.31718 3.32320 3.43549 3.57312 3.98814 4.62896 4.14848 4.19467 4.20497 4.12611 4.07548 4.02514 3.97422 3.92376 3.87332 3.82247 3.77682 3.76744 3.55467 3.55417 3.55946 3.20740 3.19181 3.17883 3.17883 3.17883 3.17883 3.17883 2.83488 2.79064 2.79582 2.66649 2.58007 2.54906 2.51342 2.33574 2.28067 2.25971 2.18843 2.14983 2.08705 1.83259 1.78832 1.75419 1.75178
2.43475 2.45856 2.48433 2.50407 2.51989 2.53278 2.54320 3.17300 3.86524 3.75755 3.61169 3.40763 3.32334 3.31718 3.31718 3.31995 3.42252 3.56150 3.68604 3.81372 3.87046 3.89998 3.98400 4.27060 3.85904 3.69931 3.80990 3.77376 3.77376 3.77376 3.77376 3.77376 3.77376 3.77376 3.77376 3.77376 3.62284 3.54036 3.61527 3.24772 3.19964 3.17883 3.17883 3.17883 3.17883 3.17883 2.91277 2.73827 2.68470 2.51561 2.31125 2.26205 2.21756 2.11847 2.03905 2.07443 2.02140 2.03849 2.04955 1.86434 1.82646 1.83970 1.85164
2.54327 2.54597 2.54597 2.54597 2.54597 2.54597 2.54597 2.60299 3.42813 3.45161 3.44603 3.33493 3.42353 3.62936 3.78176 3.91659 3.97866 4.00816 4.03705 4.04628 4.04628 4.04628 4.04203 4.00038 3.86404 3.55099 3.79743 3.77376 3.77376 3.77376 3.77376 3.77376 3.77376 3.77376 3.77376 3.77376 3.69588 3.53999 3.59584 3.34987 3.20609 3.17452 3.12748 3.06350 3.00009 2.93645 2.71225 2.46375 2.45132 2.40568 2.22708 2.24281 2.25856 2.24025 2.11718 2.13086 2.05599 2.05920 2.05621 1.93665 1.80069 1.79709 1.79486
2.54597 2.54597 2.54597 2.54563 2.54138 2.53654 2.53226 2.52845 3.40364 3.67458 3.71145 3.63364 3.71515 4.04628 4.04628 4.04628 4.04628 4.04628 4.04628 4.04628 4.04628 4.04628 4.04628 3.98974 4.01443 3.48309 3.74553 3.76218 3.76175 3.76061 3.75951 3.75837 3.75727 3.75607 3.75506 3.77600 3.80049 3.62151 3.66888 3.54911 3.35951 3.02114 2.86231 2.87108 2.87952 2.88791 2.80969 2.46918 2.33416 2.31924 2.27705 2.27714 2.27714 2.27530 2.11286 2.11348 2.06035 2.04337 2.04534 2.00076 1.79484 1.79484 1.79484
2.57527 2.57873 2.58220 2.58549 2.59278 2.60122 2.60967 2.61826 3.26853 3.82241 3.82870 3.77061 3.70989 4.10068 4.14212 4.14712 4.15228 4.15731 4.16245 4.16748 4.17260 4.17770 4.18272 4.03388 3.69927 3.20684 3.35115 3.57306 3.61066 3.64339 3.67464 3.68946 3.70372 3.71782 3.73259 3.72721 3.70648 3.43848 3.31454 3.36842 3.30364 3.08446 2.80441 2.80441 2.82998 2.88101 2.91999 2.61730 2.43956 2.25720 2.27405 2.27714 2.27714 2.27714 2.15388 2.11969 2.10496 2.08110 2.10630 2.12222 1.93711 1.92840 1.94858
2.75581 2.75581 2.75581 2.75581 2.75581 2.75581 2.75581 2.75581 3.02827 3.91287 3.91287 3.88438 3.77844 4.03989 4.18906 4.18906 4.18906 4.18906 4.18906 4.18906 4.18906 4.18906 4.20201 4.18917 3.81191 3.43097 3.31753 3.63078 3.69685 3.67821 3.66182 3.66342 3.66600 3.66858 3.67040 3.67048 3.67048 3.52212 3.29897 3.38066 3.35554 3.31191 2.95525 2.99932 3.02166 3.02166 3.02165 2.74074 2.55125 2.25834 2.26951 2.27674 2.27666 2.27659 2.25268 2.23325 2.22830 2.16788 2.19195 2.19195 2.07119 1.96117 1.94003
2.75581 2.75581 2.75581 2.75581 2.75581 2.75581 2.75581 2.75581 2.77534 3.82279 3.91287 3.91133 3.78745 3.90678 4.18906 4.18906 4.20928 4.25526 4.30133 4.34742 4.37566 4.30049 4.19590 4.05576 3.51603 3.13855 3.21135 3.55139 3.66578 3.66835 3.67034 3.67048 3.67048 3.67048 3.67054 3.68952 3.72159 3.71906 3.45369 3.53378 3.50782 3.48196 3.07724 3.02187 3.02212 3.02237 3.02263 2.84139 2.64785 2.35753 2.31208 2.33387 2.33982 2.34584 2.34038 2.30669 2.32350 2.24013 2.25561 2.23446 2.14052 1.94218 1.94216
2.75581 2.75581 2.75581 2.75581 2.75581 2.75581 2.75581 2.75581 2.75581 3.56304 3.89033 3.85033 3.88247 3.99567 4.38224 4.41921 4.31567 4.17811 4.04039 3.90281 3.78286 3.76644 3.76689 3.77005 3.47422 3.16851 3.15865 3.48769 3.67220 3.67273 3.68378 3.73402 3.78224 3.82781 3.87086 3.89840 3.91532 3.93220 3.69094 3.59228 3.52985 3.49122 3.19596 3.02670 3.02670 3.02670 3.02670 2.95243 2.76437 2.51324 2.36560 2.39597 2.39597 2.38448 2.35878 2.28213 2.27613 2.21005 2.20814 2.23432 2.24890 2.03355 2.04118
2.74753 2.75581 2.75581 2.75565 2.72460 2.67136 2.61757 2.56384 2.51056 2.97109 3.61724 3.44872 3.46645 3.56853 3.72893 3.77486 3.76644 3.76644 3.76675 3.76973 3.77334 3.77695 3.77718 3.76617 3.59934 3.29827 3.21751 3.54500 3.78420 3.81588 3.84452 3.94514 3.94528 3.94528 3.94528 3.94528 3.94528 3.94528 3.79368 3.60814 3.54692 3.49131 3.31952 3.02670 3.02670 3.02670 3.02670 2.99837 2.79339 2.59034 2.33079 2.34775 2.32256 2.30807 2.30773 2.25700 2.23921 2.27252 2.34486 2.33359 2.31909 2.13397 2.03293
