High_resolution/powerplant/Shangrao/OMI_NO2_201008.asc
ncols      200
nrows      200
xllcorner       115.451
yllcorner       27.0350
cellsize     0.0166667
NODATA_Value      -999.000
[rows 60 to 89 of 186, columns 132 to 197 of 200]
1.46779 1.46926 1.46926 1.46926 1.48793 1.54558 1.54558 1.54558 1.54558 1.54558 1.54558 1.54558 1.54558 1.59873 1.80172 1.78858 1.94926 1.99551 1.94639 1.91582 1.91448 1.91448 1.91448 1.76648 1.48478 1.44392 1.39687 1.35590 1.32049 1.33988 1.37794 1.42644 1.17496 1.13138 1.13138 1.22167 1.18478 1.10945 1.10640 1.10094 1.09549 1.08005 1.04195 1.04193 1.04193 1.04193 1.04232 1.05373 1.13997 1.15739 1.17801 1.18461 1.18461 1.18461 1.18461 1.24751 1.40566 1.27584 1.16463 1.26783 1.36529 1.36529 1.36529 1.36514 1.36404 1.36251
1.46437 1.46926 1.46926 1.46926 1.47052 1.54060 1.54558 1.54558 1.54558 1.54558 1.54558 1.53041 1.47676 1.42498 1.67541 1.68087 1.76758 1.91322 1.90492 1.89447 1.88245 1.86849 1.81773 1.64573 1.32984 1.36558 1.41353 1.43771 1.43771 1.43771 1.43771 1.43771 1.23982 1.13138 1.13138 1.17716 1.21731 1.08914 1.08674 1.08674 1.08674 1.08665 1.04677 1.04676 1.05179 1.05756 1.06359 1.06475 1.16046 1.18461 1.18461 1.18461 1.18461 1.18461 1.18461 1.18461 1.18461 1.14683 1.12229 1.14354 1.36247 1.36048 1.35783 1.35470 1.35419 1.35419
1.46093 1.46926 1.46926 1.46926 1.46926 1.51929 1.54558 1.53318 1.48076 1.42528 1.36984 1.32948 1.31451 1.28065 1.48005 1.56524 1.55525 1.83728 1.74374 1.62363 1.50352 1.38346 1.29910 1.29598 1.38738 1.43771 1.43771 1.43771 1.43771 1.43771 1.43771 1.43771 1.33407 1.13138 1.13138 1.13560 1.23678 1.10286 1.08944 1.09948 1.11180 1.12679 1.08831 1.06475 1.06475 1.06475 1.06475 1.06475 1.12272 1.18461 1.18461 1.18461 1.18461 1.18040 1.12499 1.05446 0.983969 0.891924 0.797736 0.800883 1.32242 1.35419 1.35419 1.35419 1.35419 1.35419
1.45769 1.46906 1.46926 1.45939 1.40846 1.38054 1.37315 1.30698 1.26983 1.23577 1.20168 1.16762 1.14669 1.11496 1.15961 1.30802 1.22791 1.28033 1.29598 1.29598 1.29598 1.29598 1.29598 1.29598 1.34234 1.43771 1.43771 1.43771 1.43771 1.43771 1.43771 1.43771 1.43273 1.14384 1.13533 1.14659 1.23393 1.19620 1.14281 1.14338 1.14338 1.14338 1.11185 1.06475 1.06475 1.06475 1.06475 1.06475 1.08942 1.13529 1.06477 0.994270 0.923809 0.857454 0.842397 0.842397 0.842397 0.824297 0.706223 0.606396 0.796746 1.35419 0.00000 0.00000 0.00000 0.00000
1.40011 1.34959 1.26693 1.18723 1.14863 1.12051 1.15663 1.14646 1.13854 1.07072 0.990686 0.910611 0.830500 0.781959 0.803700 1.12709 1.13422 1.20559 1.29598 1.29598 1.29598 1.29598 1.29598 1.29598 1.31189 1.43771 1.43771 1.43771 1.43771 1.43771 1.44644 1.46910 1.49194 1.24144 1.17735 1.17752 1.22090 1.24482 1.14338 1.14338 1.14338 1.14338 1.13713 1.03646 0.964898 0.873473 0.782000 0.690623 0.615625 0.836128 0.842397 0.842397 0.842397 0.821262 0.733961 0.614668 0.448432 0.249504 0.223078 0.223078 0.223078 0.00000 0.00000 0.00000 0.00000 0.00000
1.47378 1.29999 1.07014 1.07014 1.03442 0.953221 0.929505 0.865902 0.793784 0.781484 0.781484 0.781484 0.781484 0.781484 0.781484 1.04012 1.13422 1.16565 1.29598 1.29598 1.29598 1.29598 1.29598 1.29598 1.29636 1.41319 1.44731 1.47006 1.49290 1.51573 1.52983 1.52999 1.52999 1.33484 1.17752 1.17752 1.18714 1.25238 1.06462 0.981973 0.909661 0.849421 0.799293 0.651703 0.583891 0.583891 0.583891 0.583891 0.583891 0.729910 0.716401 0.590662 0.413799 0.232908 0.223078 0.223078 0.223078 0.223078 0.223078 0.223078 0.223078 0.00000 0.00000 0.00000 0.00000 0.00000
1.45884 1.28296 0.837491 0.756189 0.710537 0.710393 0.744410 0.781484 0.781484 0.781484 0.781484 0.781484 0.781484 0.781484 0.781484 0.930904 1.13422 1.13742 1.28646 1.29598 1.29598 1.29598 1.30123 1.31263 1.32405 1.41679 1.52992 1.52999 1.52999 1.52999 1.52999 1.54357 1.63879 1.64073 0.974929 0.901353 0.840239 0.951914 0.860783 0.786942 0.787019 0.787019 0.787019 0.696902 0.583656 0.541371 0.457186 0.355957 0.232039 0.171843 0.223078 0.223078 0.223078 0.223078 0.223078 0.223078 0.223078 0.223078 0.223078 0.223078 0.223078 0.223078 0.00000 0.00000 0.00000 0.00000
1.16907 1.16544 0.747638 0.710393 0.710393 0.710393 0.723510 0.781484 0.781484 0.781484 0.781484 0.781484 0.781484 0.781484 0.781484 0.822649 1.13327 1.13422 1.24008 1.31311 1.32453 1.33594 1.34211 1.34212 1.34212 1.37903 1.58611 1.68384 1.75698 1.81154 1.78240 1.72960 1.66102 1.59774 0.931373 0.809779 0.809779 0.893398 0.916067 0.787019 0.785396 0.744259 0.677550 0.556703 0.208873 0.144978 0.144978 0.144978 0.144978 0.155062 0.223078 0.223078 0.223078 0.223078 0.223078 0.223078 0.223078 0.223078 0.223078 0.223078 0.223078 0.223078 0.00000 0.00000 0.00000 0.00000
1.16907 1.16907 0.872257 0.710393 0.710393 0.710393 0.710571 0.773543 0.781484 0.781484 0.781484 0.781484 0.781484 0.781484 0.789569 0.806497 1.08969 1.16119 1.22532 1.34212 1.35054 1.41551 1.48114 1.53739 1.58609 1.62479 1.75827 1.68186 1.61549 1.55966 1.54264 1.54264 1.54264 1.54264 1.13092 0.809779 0.809779 0.835736 0.895701 0.587472 0.483044 0.449671 0.449671 0.449610 0.185500 0.144978 0.144978 0.144978 0.144978 0.145612 0.214473 0.223078 0.223078 0.223078 0.223078 0.223078 0.223078 0.223078 0.223078 0.223078 0.223078 0.223078 0.00000 0.00000 0.00000 0.00000
1.16907 1.16907 1.00050 0.710393 0.710393 0.710393 0.710393 0.752735 0.781484 0.781484 0.788347 0.805195 0.822136 0.839063 0.847919 0.848972 1.00895 1.17207 1.22479 1.60807 1.64106 1.61809 1.58381 1.54951 1.51521 1.49367 1.53017 1.54264 1.54264 1.54264 1.54264 1.54264 1.54264 1.54264 1.33142 0.809779 0.809779 0.809779 0.809779 0.566882 0.449671 0.449671 0.449671 0.449671 0.273287 0.144978 0.144978 0.144978 0.144978 0.144978 0.185833 0.223078 0.223078 0.223078 0.223078 0.223078 0.223078 0.223078 0.223078 0.223078 0.223078 0.223078 0.00000 0.00000 0.00000 0.00000
1.16907 1.16907 1.12646 0.712595 0.710393 0.710393 0.716127 0.754222 0.820820 0.837780 0.849850 0.852960 0.855993 0.859034 0.862065 0.864044 0.906047 1.12999 1.09617 1.47606 1.49896 1.49335 1.49335 1.49335 1.49335 1.49335 1.51576 1.54264 1.54264 1.54264 1.54264 1.54264 1.54264 1.54264 1.51189 0.829834 0.809731 0.776316 0.705194 0.547882 0.449671 0.449671 0.449671 0.449671 0.361134 0.144978 0.144978 0.144978 0.144978 0.144978 0.165489 0.223078 0.223078 0.223078 0.223078 0.223078 0.223078 0.00000 0.00000 0.00000 0.00000 0.00000 0.00000 0.00000 0.00000 0.00000
1.16907 1.16907 1.17378 0.819322 0.748791 0.768363 0.782604 0.788780 0.857665 0.863024 0.864086 0.858779 0.827860 0.793560 0.759260 0.724976 0.708012 0.984836 1.02460 1.31077 1.49335 1.49335 1.49335 1.49335 1.49335 1.49335 1.50138 1.54264 1.54264 1.54264 1.54264 1.54264 1.54265 1.54328 1.54454 0.856000 0.507977 0.449671 0.449671 0.449671 0.449671 0.449671 0.449671 0.449671 0.438367 0.155705 0.160482 0.185566 0.213757 0.249837 0.296796 0.223078 0.00000 0.00000 0.00000 0.00000 0.00000 0.00000 0.00000 0.00000 0.00000 0.00000 0.00000 0.00000 0.00000 0.00000
1.11877 1.06324 1.00302 0.856966 0.792602 0.792995 0.792998 0.793659 0.806084 0.774195 0.739911 0.710918 0.707537 0.707537 0.707537 0.707537 0.707537 0.887152 1.02460 1.18187 1.49335 1.49335 1.49335 1.49335 1.49335 1.49335 1.49338 1.53634 1.54265 1.54334 1.54461 1.54614 1.54804 1.54897 1.54897 1.03516 0.449671 0.449671 0.449671 0.449671 0.457293 0.483828 0.509108 0.530978 0.552821 0.418983 0.366218 0.377956 0.377956 0.377956 0.377956 0.377956 0.00000 0.00000 0.00000 0.00000 0.00000 0.00000 0.00000 0.00000 1.36477 1.36477 0.00000 0.00000 0.00000 0.00000
0.860264 0.860264 0.860410 0.844501 0.795287 0.796430 0.797569 0.798055 0.760173 0.707537 0.707537 0.707537 0.707537 0.707537 0.707537 0.707537 0.707537 0.788990 1.02460 1.05802 1.48829 1.49335 1.49335 1.49335 1.49331 1.49119 1.48748 1.51966 1.54812 1.54897 1.54897 1.54897 1.54897 1.54897 1.53407 1.18540 0.502414 0.528872 0.551219 0.573029 0.587263 0.582569 0.579116 0.579069 0.579069 0.524459 0.377956 0.377956 0.377956 0.377956 0.377956 0.377956 0.00000 0.00000 0.00000 0.00000 1.36477 1.36477 1.36477 1.36477 1.36477 1.36477 1.36477 0.00000 0.00000 0.00000
0.863046 0.864189 0.865185 0.863797 0.801374 0.798055 0.798055 0.798055 0.786718 0.707618 0.707537 0.707537 0.707537 0.707537 0.707537 0.707537 0.707537 0.712863 1.00260 1.02460 1.39253 1.49103 1.48729 1.48276 1.47724 1.47503 1.47503 1.49636 1.54897 1.47126 1.27203 1.07136 0.870461 0.664872 0.473220 0.430647 0.570508 0.579560 0.579069 0.579069 0.579069 0.579069 0.579069 0.579069 0.579069 0.563931 0.377956 0.377956 0.377956 0.377956 0.377956 0.377956 1.36477 1.36477 1.36477 1.36477 1.36477 1.36477 1.36477 1.36477 1.36477 1.36477 1.36477 0.00000 0.00000 0.00000
0.865324 0.865324 0.865324 0.865324 0.818570 0.798055 0.798055 0.798055 0.798055 0.722944 0.707537 0.707537 0.707537 0.707537 0.707537 0.707537 0.707795 0.715919 0.865889 0.875255 1.14520 1.47503 1.47503 1.46091 1.29942 1.09876 0.898088 0.700009 0.563731 0.438295 0.431305 0.425760 0.420443 0.419047 0.419047 0.419047 0.522536 0.579069 0.579069 0.569658 0.574524 0.579069 0.579069 0.579069 0.579069 0.579069 0.429475 0.377956 0.480211 0.636817 0.746428 0.845950 1.35545 1.36477 1.36477 1.36477 1.36477 1.36477 1.36477 1.36477 1.36477 1.36477 1.36477 0.00000 0.00000 0.00000
0.865324 0.865324 0.865324 0.865324 0.837292 0.798055 0.798055 0.798055 0.798055 0.749571 0.707537 0.707537 0.707657 0.715005 0.728441 0.744826 0.764709 0.771904 0.770191 0.764874 0.835320 0.798748 0.598081 0.400068 0.298902 0.230362 0.161884 0.0933117 0.313282 0.419047 0.419047 0.419047 0.419047 0.419047 0.419047 0.412058 0.435751 0.484777 0.452864 0.430437 0.519462 0.579069 0.579069 0.580011 0.635514 0.708653 0.765250 0.838527 0.871365 0.871365 0.871365 0.871365 1.19560 1.36477 1.36477 1.36477 1.36477 1.36477 1.36477 1.39430 1.59833 1.77277 1.93942 2.77916 2.78693 0.00000
0.865324 0.865324 0.865324 0.865324 0.856000 0.798055 0.798055 0.798055 0.798098 0.786271 0.727365 0.743502 0.763279 0.768454 0.763022 0.757586 0.752142 0.746715 0.742546 0.700693 0.625829 0.213644 0.123521 0.0656019 0.0588540 0.0588540 0.0588540 0.0588540 0.208975 0.419047 0.419047 0.411101 0.382060 0.357169 0.336702 0.322747 0.332612 0.428066 0.428311 0.429147 0.492197 0.641205 0.777199 0.825215 0.840971 0.840971 0.847218 0.871365 0.871365 0.871365 0.871365 0.871365 1.04590 1.36477 1.37899 1.56881 1.75128 1.88632 1.99020 2.06480 2.07585 2.07585 2.07585 2.54892 2.78693 0.00000
0.865324 0.865324 0.865324 0.865324 0.865324 0.817519 0.829998 0.856549 0.885571 0.894901 0.764939 0.750295 0.744911 0.742867 0.727278 0.662362 0.593884 0.525343 0.457271 0.430467 0.430467 0.176761 0.0588540 0.0588540 0.0588540 0.0588540 0.0588540 0.0609289 0.107681 0.356078 0.335913 0.322518 0.321630 0.321630 0.321630 0.323126 0.347937 0.453769 0.488592 0.504557 0.518272 0.644199 0.834438 0.840971 0.840971 0.840971 0.841630 0.869599 0.871365 0.921752 1.14524 1.38561 1.64324 1.97700 2.05822 2.07585 2.07585 2.07585 2.07714 2.16253 2.27705 2.37065 2.26143 2.31174 2.78693 0.00000
0.865324 0.876096 0.906111 0.946916 0.997805 0.949703 0.884219 0.879399 0.878644 0.881181 0.778635 0.624062 0.555521 0.487043 0.434091 0.430467 0.430467 0.430467 0.430467 0.430467 0.430467 0.279507 0.0588540 0.0611675 0.0679897 0.0736770 0.0783613 0.0813485 0.0815015 0.282561 0.321630 0.323565 0.349242 0.377964 0.402857 0.423771 0.428817 0.473149 0.508828 0.508828 0.508828 0.602448 0.781392 0.854105 0.923143 1.00553 1.10716 1.51179 1.80330 1.91566 1.93631 1.93631 1.93870 2.06696 2.08213 2.18251 2.29324 2.38401 2.45922 2.48465 2.48465 2.48465 2.40015 2.12886 2.78693 0.00000
1.00205 1.04013 1.04573 1.04603 1.04603 1.01787 1.00665 1.11904 1.23147 1.34142 1.03622 0.430467 0.430467 0.430467 0.430467 0.430467 0.430467 0.430467 0.430467 0.418970 0.388458 0.325627 0.0785666 0.0813926 0.0815015 0.0815015 0.0815015 0.0853807 0.126601 0.285005 0.403831 0.424375 0.428817 0.428817 0.428817 0.428817 0.428817 0.453008 0.551812 0.608260 0.663309 0.804725 1.13109 1.40007 1.47124 1.51093 1.51101 1.73193 1.93631 1.93631 1.94742 2.03311 2.12109 2.32587 2.46791 2.48465 2.48465 2.48465 2.48465 2.45518 2.37302 2.28985 2.19628 1.60580 2.55112 2.78693
1.04623 1.10921 1.22165 1.33413 1.44657 1.52797 1.37994 1.37614 1.37614 1.37614 1.30279 0.440756 0.430467 0.430467 0.430467 0.430467 0.430467 0.430467 0.430467 0.339436 0.329244 0.329244 0.117771 0.0863489 0.128611 0.172864 0.211251 0.242627 0.248720 0.295185 0.428817 0.428817 0.433817 0.451445 0.471384 0.492225 0.501945 0.525511 0.830070 0.841191 0.844548 0.891042 1.23639 1.50975 1.51101 1.51101 1.55042 1.78080 2.13398 2.20895 2.26847 2.27780 2.27780 2.35469 2.48465 2.44222 2.35901 2.27584 2.19274 2.13900 2.13796 2.13796 2.13796 1.79671 2.07993 2.78693
1.49403 1.54353 1.54353 1.54353 1.54353 1.54353 1.41817 1.37614 1.37614 1.37614 1.37614 0.644415 0.430467 0.430467 0.430467 0.430467 0.430467 0.430467 0.430467 0.364615 0.345077 0.387873 0.296971 0.243397 0.248720 0.248720 0.249050 0.255687 0.265437 0.280757 0.493791 0.521418 0.523009 0.501658 0.475241 0.445662 0.438587 0.438587 0.766672 0.844805 0.844805 0.845164 1.21170 1.69483 1.89520 2.01659 2.10084 2.10809 2.25727 2.27780 2.27681 2.23547 2.17306 2.13088 2.17873 2.13796 2.13796 2.13796 2.13796 2.12874 2.08896 2.05240 2.03605 1.96910 1.77019 2.78693
1.54353 1.54353 1.54353 1.54353 1.54353 1.54353 1.46467 1.37614 1.37614 1.37614 1.37614 0.921325 0.430467 0.430467 0.430467 0.430467 0.430467 0.430467 0.430467 0.397183 0.352569 0.425994 0.354512 0.270779 0.282135 0.294742 0.326641 0.411277 0.496494 0.581694 0.536161 0.438587 0.438587 0.438587 0.438587 0.438587 0.438587 0.438587 0.695217 0.931920 0.998135 1.06440 1.56567 2.00464 2.10809 2.10809 2.10310 2.03764 2.08504 2.10018 2.03885 2.01778 2.01778 2.01798 2.12211 2.13516 2.10039 2.06216 2.02939 2.00627 2.00436 2.00436 2.00292 2.06077 1.53780 2.54830
1.54353 1.54353 1.54353 1.54353 1.54353 1.54353 1.51116 1.37614 1.37614 1.37614 1.37614 1.19836 0.430467 0.430467 0.430467 0.430332 0.394269 0.330778 0.267321 0.203269 0.136274 0.251396 0.313984 0.456969 0.544706 0.629924 0.696580 0.701444 0.701444 0.701444 0.623352 0.438587 0.438587 0.438587 0.475204 0.573641 0.673043 0.772404 0.910942 1.11277 1.11277 1.11277 1.32660 1.92420 1.94043 1.85726 1.77915 1.76140 1.84645 2.01778 2.01778 2.01773 2.00273 1.97842 2.00340 2.01025 2.00436 2.00358 1.99419 1.98245 1.97068 1.95893 1.94862 1.99827 1.62654 2.03608
1.54353 1.54353 1.54353 1.54353 1.54353 1.54353 1.54264 1.39118 1.37614 1.37614 1.37090 1.31577 0.411356 0.245921 0.182430 0.119278 0.0918500 0.132007 0.257090 0.384975 0.420258 0.511661 0.557059 0.657117 0.701444 0.701444 0.701444 0.701444 0.701444 0.701444 0.710938 0.579231 0.677384 0.776785 0.839570 0.840534 0.840534 0.840534 0.841271 1.08808 1.09566 1.08720 1.09849 1.82485 1.77369 1.76140 1.76140 1.76140 1.76659 1.97678 1.96273 1.94299 1.94112 1.95524 1.97395 1.97224 1.96048 1.94951 1.94714 1.94714 1.94714 1.94389 1.89512 1.84363 1.67678 1.71542
1.54353 1.54353 1.54353 1.54353 1.54353 1.52131 1.42933 1.26794 1.17020 1.10674 1.04870 1.03753 0.476176 0.201582 0.329467 0.457273 0.585120 0.672847 0.675532 0.675532 0.599213 0.512557 0.557059 0.615497 0.701444 0.701444 0.731162 0.797349 0.863617 0.929804 0.969088 0.874415 0.840534 0.840534 0.838520 0.827026 0.814325 0.801624 0.790633 1.00193 1.07852 1.07852 1.07852 1.60395 1.80383 1.74845 1.74042 1.75430 1.75002 1.91364 1.99437 2.00625 2.01192 2.00967 2.00492 1.94743 1.94714 1.93969 1.88466 1.82122 1.75767 1.69750 1.68283 1.68289 1.67215 1.49935
1.50932 1.41338 1.31617 1.21917 1.12207 1.04709 1.04198 1.04065 1.03030 1.00768 0.984546 0.961430 0.858968 0.675532 0.675532 0.675532 0.675532 0.675532 0.675532 0.675532 0.663064 0.497763 0.578353 0.657947 0.866511 0.932778 0.969329 0.969409 0.969409 0.969409 0.967851 0.904297 0.813765 0.801051 0.790366 0.789153 0.789153 0.789153 0.789153 0.927019 1.07982 1.13048 1.19798 1.47641 1.81855 1.74706 1.73082 1.69987 1.68536 1.81894 2.00967 2.00967 2.00967 1.99902 1.95133 1.83004 1.74732 1.69122 1.68283 1.68283 1.68283 1.68291 1.71015 1.75864 1.84053 1.81311
1.04318 1.04198 1.04198 1.04141 1.02531 1.00218 0.979060 0.955697 0.935636 0.935109 0.935109 0.935109 0.923406 0.683034 0.675532 0.675532 0.675532 0.675532 0.675532 0.675532 0.675532 0.716416 0.758801 0.759177 0.946994 0.969409 0.967607 0.959661 0.951193 0.942719 0.935806 0.911149 0.789153 0.789153 0.789153 0.814986 0.915743 1.03019 1.15103 1.22948 1.30499 1.30255 1.28652 1.31031 1.74126 1.68856 1.68536 1.68536 1.68536 1.70998 1.94290 1.89224 1.84145 1.80136 1.79823 1.74100 1.68283 1.68406 1.71810 1.76664 1.81513 1.86360 1.88487 1.88487 1.90351 1.91449
1.01537 0.992231 0.969115 0.946563 0.939557 0.939557 0.939557 0.939557 0.935978 0.935109 0.935109 0.935109 0.935109 0.747353 0.675532 0.675532 0.675532 0.675532 0.675532 0.675532 0.675532 0.718165 0.764269 0.750439 0.864530 0.942342 0.935679 0.935155 0.935155 0.936299 0.982025 1.04365 1.05432 1.12159 1.17318 1.19812 1.18528 1.20962 1.24940 1.24760 1.27095 1.27563 1.27563 1.27563 1.63339 1.68222 1.61034 1.55959 1.50882 1.47478 1.74679 1.79823 1.79823 1.80120 1.83282 1.84837 1.82315 1.87039 1.88487 1.88487 1.88487 1.88487 1.86267 1.81004 1.75785 1.91831
