High_resolution/powerplant/Shangrao/OMI_NO2_201004.asc
ncols      200
nrows      200
xllcorner       115.451
yllcorner       27.0350
cellsize     0.0166667
NODATA_Value      -999.000
[rows 29 to 57 of 195, columns 67 to 133 of 200]
2.70081 2.70081 2.70081 2.70081 2.63267 2.40332 2.29035 2.17414 2.05780 1.94140 1.82566 1.75063 1.68544 1.56119 1.42849 1.29579 1.23356 1.23356 1.23356 1.23356 1.23356 1.23356 1.65305 1.98098 1.98098 1.98098 1.98098 1.98098 1.98098 1.98098 1.98098 1.98098 1.98098 1.98098 1.98098 1.98098 1.98098 1.98098 1.98098 1.40255 0.497834 0.497834 0.497834 0.497834 0.497834 0.497834 0.497834 0.497834 0.497834 0.497834 0.497834 0.497834 0.497834 0.497834 0.497834 0.00000 0.624656 0.624656 0.624656 0.624656 0.624656 0.624656 0.624656 0.624656 0.624656 0.624656 0.624656
2.59265 2.47625 2.35998 2.24371 2.12159 1.79459 1.75843 1.69430 1.62802 1.56160 1.49529 1.45496 1.45443 1.27872 1.23356 1.23356 1.23356 1.23356 1.23356 1.23356 1.23356 1.23356 1.43763 1.98098 1.98098 1.98098 1.98098 1.98098 1.98098 1.98098 1.98098 1.98098 1.98098 1.98098 1.98098 1.98098 1.98098 1.98098 1.98098 1.82167 0.501393 0.497834 0.497834 0.497834 0.497834 0.497834 0.497834 0.497834 0.497834 0.497834 0.00000 0.00000 0.00000 0.00000 0.00000 0.00000 0.624656 0.624656 0.624656 0.624656 0.624656 0.624656 0.624656 0.624656 0.624656 0.624656 0.624656
2.04092 2.02578 1.91098 1.77796 1.64482 1.50742 1.45680 1.45454 1.45454 1.45454 1.45454 1.45454 1.45454 1.35672 1.23356 1.23356 1.23356 1.23356 1.23356 1.23356 1.23356 1.23356 1.25509 1.94801 1.98098 1.98098 1.98098 1.98098 1.98098 1.98098 1.98098 1.98098 1.98098 1.98098 1.98098 1.98098 1.98098 1.98098 1.97602 1.82687 0.749204 0.497834 0.497834 0.497834 0.00000 0.00000 0.00000 0.00000 0.00000 0.00000 0.00000 0.00000 0.00000 0.00000 0.00000 0.00000 0.624656 0.624656 0.624656 0.624656 0.624656 0.624656 0.624656 0.624656 0.624656 0.624656 0.624656
1.55112 1.43319 1.41497 1.41497 1.41497 1.43019 1.45454 1.45454 1.45454 1.45454 1.45454 1.45454 1.45454 1.40926 1.23356 1.23356 1.23356 1.23356 1.23356 1.23356 1.23356 1.23356 1.23356 1.75406 1.98098 1.98098 1.98098 1.98098 1.98098 1.98098 1.98098 1.98098 1.98098 1.97559 1.82504 1.61135 1.39582 1.18030 0.969732 0.903350 0.903350 0.00000 0.00000 0.00000 0.00000 0.00000 0.00000 0.00000 0.00000 0.00000 0.00000 0.00000 0.00000 0.00000 0.00000 0.00000 0.00000 0.624656 0.624656 0.624656 0.624656 0.624656 0.624656 0.624656 0.624656 0.624656 0.624656
1.41497 1.41497 1.41497 1.41497 1.41497 1.41883 1.45435 1.45454 1.45454 1.45454 1.45454 1.45454 1.45454 1.44586 1.23755 1.23356 1.23356 1.23356 1.23356 1.23356 1.23356 1.23356 1.23356 1.53854 1.98098 1.98098 1.98098 1.98098 1.97505 1.82386 1.60919 1.39367 1.17814 0.968007 0.903350 0.903350 0.903350 0.903350 0.903350 0.903350 0.903350 0.00000 0.00000 0.00000 0.00000 0.00000 0.00000 0.00000 0.00000 0.00000 0.00000 0.00000 0.00000 0.00000 0.00000 0.00000 0.00000 0.624656 0.624656 0.624656 0.624656 0.624656 0.624656 0.624656 0.624656 0.624656 0.624656
1.41497 1.41497 1.41497 1.41497 1.41497 1.41497 1.44669 1.45454 1.45454 1.45454 1.45454 1.45454 1.45454 1.45454 1.30933 1.23356 1.23356 1.23356 1.23356 1.23356 1.23356 1.23356 1.23356 1.32428 1.82315 1.60704 1.39151 1.17599 0.966391 0.903350 0.903350 0.903350 0.903350 0.903350 0.903350 0.903350 0.903350 0.903350 0.903350 0.903350 0.903350 0.903350 0.00000 0.00000 0.00000 0.00000 0.00000 0.00000 0.00000 0.00000 0.00000 0.00000 0.00000 0.00000 0.00000 0.00000 0.00000 0.624656 0.624656 0.624656 0.624656 0.624656 0.635767 0.725670 0.831062 0.936455 1.04168
1.41497 1.41497 1.41497 1.41497 1.41497 1.41497 1.43514 1.45454 1.45454 1.45454 1.45454 1.45454 1.45454 1.45454 1.37087 1.23356 1.23356 1.23356 1.23356 1.23356 1.23356 1.23356 1.23356 1.23356 0.903350 0.903350 0.903350 0.903350 0.903350 0.903350 0.903350 0.903350 0.903350 0.903350 0.903350 0.903350 0.903350 0.903350 0.903350 0.903350 0.903350 0.903350 0.00000 0.00000 0.00000 0.00000 0.00000 0.00000 0.00000 0.00000 0.00000 0.00000 0.00000 0.00000 0.00000 0.00000 0.00000 1.14490 0.767858 0.865520 0.970856 1.07608 1.17053 1.18585 1.18585 1.18585 1.18585
1.41497 1.41497 1.41497 1.41497 1.41497 1.41497 1.42359 1.45454 1.45015 1.42928 1.40254 1.36931 1.32681 1.27069 1.23356 1.23356 1.23356 1.23356 1.23356 0.00000 0.00000 0.00000 0.00000 0.00000 0.903350 0.903350 0.903350 0.903350 0.903350 0.903350 0.903350 0.903350 0.903350 0.903350 0.903350 0.903350 0.903350 0.903350 0.903350 0.903350 0.903350 0.903350 0.00000 0.00000 0.00000 0.00000 0.00000 0.00000 0.00000 0.00000 0.00000 0.00000 1.36104 1.36104 1.36104 1.36104 1.36104 1.36104 1.23979 1.18585 1.18585 1.18585 1.18585 1.18585 1.18585 1.18585 1.18585
1.41497 1.41497 1.41352 1.39379 1.36421 1.32766 1.28197 1.28432 1.23781 1.23356 1.23356 1.23356 1.23356 1.23356 1.23356 0.00000 0.00000 0.00000 0.00000 0.00000 0.00000 0.00000 0.00000 0.00000 0.903350 0.903350 0.903350 0.903350 0.903350 0.903350 0.903350 0.903350 0.903350 0.903350 0.903350 0.903350 0.903350 0.903350 0.903350 0.903350 0.903350 0.903350 0.903350 0.00000 0.00000 0.00000 1.36104 1.36104 1.36104 1.36104 1.36104 1.36104 1.36104 1.36104 1.36104 1.36104 1.36104 1.36104 1.28905 1.18585 1.18585 1.18585 1.18585 1.18585 1.18585 1.18585 1.18585
1.29709 1.24171 1.17282 1.15443 1.17827 1.30637 1.44646 1.46075 1.23356 1.23356 0.00000 0.00000 0.00000 0.00000 0.00000 0.00000 0.00000 0.00000 0.00000 0.00000 0.00000 0.00000 0.00000 0.00000 0.903350 0.903350 0.903350 0.903350 0.903350 0.903350 0.903350 0.903350 0.903350 0.903350 0.903350 0.903350 0.903350 0.903350 0.903350 0.903350 0.903350 0.907912 1.14639 1.36104 1.36104 1.36104 1.36104 1.36104 1.36104 1.36104 1.36104 1.36104 1.36104 1.36104 1.36104 1.36104 1.36104 1.36104 1.33825 1.18588 1.18585 1.18585 1.18585 1.18585 1.18585 1.18585 1.18585
1.26323 1.40424 1.54446 1.68468 1.80092 1.81304 1.81304 1.81304 0.00000 0.00000 0.00000 0.00000 0.00000 0.00000 0.00000 0.00000 0.00000 0.00000 0.00000 0.00000 0.00000 0.00000 0.00000 0.00000 0.00000 0.903350 0.903350 0.903350 0.903350 0.903350 0.903350 0.903350 0.903350 0.903350 0.903350 0.903350 0.907912 1.00308 1.13344 1.26380 1.39416 1.51996 1.45097 1.36104 1.36104 1.36104 1.36104 1.36104 1.36104 1.36104 1.36104 1.36104 1.36104 1.36104 1.36104 1.36104 1.36104 1.36104 1.36104 1.21227 1.18585 1.18585 1.18585 1.18585 1.18585 1.18585 1.18585
1.66596 1.81304 1.81304 1.81304 1.81304 1.81304 1.81304 1.81304 1.81304 0.00000 0.00000 0.00000 0.00000 0.00000 0.00000 0.00000 0.00000 0.00000 0.00000 0.00000 0.00000 0.00000 0.00000 0.00000 0.00000 0.903350 0.903350 0.903350 0.903350 0.903350 0.903350 0.908238 1.00438 1.13474 1.26406 1.39416 1.51996 1.55515 1.55515 1.55515 1.55515 1.55515 1.50600 1.36104 1.36104 1.36104 1.36104 1.36104 1.36104 1.36104 1.36104 1.36104 1.36104 1.36104 1.36104 1.36104 1.36104 1.36104 1.36104 1.26152 1.18585 1.18585 1.18585 1.18585 1.18585 1.18585 1.18585
1.50235 1.81304 1.81304 1.81304 1.81304 1.81304 1.81304 1.81304 1.81304 0.00000 0.00000 0.00000 0.00000 0.00000 0.00000 0.00000 0.00000 0.00000 0.00000 0.00000 0.00000 0.00000 0.00000 0.00000 0.00000 0.903350 0.908248 1.00438 1.13474 1.26510 1.39546 1.52093 1.55515 1.55515 1.55515 1.55515 1.55515 1.55515 1.55515 1.55515 1.55515 1.55515 1.55094 1.37121 1.36104 1.36104 1.36104 1.36104 1.36104 1.36104 1.36104 1.36104 1.36104 1.36104 1.36104 1.36104 1.36104 1.36104 1.36104 1.31075 1.18585 1.18585 1.18585 1.18585 1.18585 1.17255 1.05142
1.39092 1.81304 1.81304 1.81304 1.81304 1.81304 1.81304 1.81304 1.81304 0.00000 0.00000 0.00000 0.00000 0.00000 0.00000 0.00000 0.00000 0.00000 0.00000 0.00000 0.00000 1.08110 1.08110 1.08110 1.08110 1.08110 1.44462 1.55515 1.55515 1.55515 1.55515 1.55515 1.55515 1.55515 1.55515 1.55515 1.55515 1.55515 1.55515 1.55515 1.55515 1.55515 1.55515 1.42206 1.36104 1.36104 1.36104 1.36104 1.36104 1.36104 1.36104 1.36104 1.36104 1.36104 1.36104 1.36104 1.36104 1.36104 1.36104 1.35435 1.15056 1.00476 0.860494 0.716071 0.571648 0.440599 0.417233
1.31842 1.78197 1.81304 1.81304 1.81304 1.81304 1.81304 1.81304 1.81304 0.00000 0.00000 0.00000 0.00000 0.00000 0.00000 0.00000 0.00000 1.08110 1.08110 1.08110 1.08110 1.08110 1.08110 1.08110 1.08110 1.08110 1.33564 1.55515 1.55515 1.55515 1.55515 1.55515 1.55515 1.55515 1.55515 1.55515 1.55515 1.55515 1.55515 1.55515 1.55515 1.55515 1.55515 1.47713 1.36104 1.36104 1.36104 1.36104 1.36104 1.36104 1.36104 1.36104 1.36104 1.36104 1.36104 1.28880 1.11980 0.950366 0.780843 0.611408 0.440829 0.417233 0.417233 0.417233 0.417233 0.417233 0.417233
1.30892 1.59906 1.81304 1.81304 1.81304 1.81304 1.81304 1.81304 1.81304 1.81304 0.00000 0.00000 1.08110 1.08110 1.08110 1.08110 1.08110 1.08110 1.08110 1.08110 1.08110 1.08110 1.08110 1.08110 1.08110 1.08110 1.19962 1.55515 1.55515 1.55515 1.55515 1.55515 1.55515 1.55515 1.55515 1.55515 1.55515 1.55515 1.55515 1.55515 1.55515 1.55515 1.55515 1.53201 1.36123 1.36104 1.36104 1.36104 1.36104 1.36043 1.26104 1.09161 0.921996 0.752648 0.583212 0.485842 0.485404 0.485404 0.485404 0.485404 0.455110 0.417233 0.417233 0.417233 0.417233 0.417233 0.417233
1.32497 1.51986 1.81304 1.81304 1.81304 1.81304 1.81304 1.73917 1.41957 1.05595 1.08110 1.08110 1.08110 1.08110 1.08110 1.08110 1.08110 1.08110 1.08110 1.08110 1.08110 1.08110 1.08110 1.08110 1.08110 1.08110 1.09044 1.52827 1.55515 1.55515 1.55515 1.55515 1.55515 1.55515 1.55515 1.55515 1.55515 1.55515 1.55515 1.55515 1.55515 1.55515 1.55515 1.55515 1.38754 1.23285 1.06332 0.893800 0.724365 0.555542 0.485404 0.485404 0.485404 0.485404 0.485404 0.485404 0.485404 0.485404 0.485404 0.485404 0.474275 0.417233 0.417233 0.417233 0.417233 0.417233 0.417233
1.81023 1.81304 1.79054 1.52009 1.18072 0.841817 0.502439 0.237096 0.217470 0.491761 1.08110 1.08110 1.08110 1.08110 1.08110 1.08110 1.08110 1.08110 1.08110 1.08110 1.08110 1.08110 1.08110 1.08110 1.08110 1.08110 1.08110 1.40159 1.55515 1.55515 1.55515 1.55515 1.55515 1.55515 1.55515 1.55515 1.55515 1.55515 1.55515 1.55698 1.59065 1.63545 1.68065 1.72587 1.07461 0.485404 0.485404 0.485404 0.485404 0.485404 0.485404 0.485404 0.485404 0.485404 0.485404 0.485404 0.485404 0.485404 0.485404 0.485404 0.485343 0.425306 0.417233 0.417233 0.417233 0.417233 0.417233
0.942019 0.602800 0.286080 0.217470 0.217470 0.217470 0.217470 0.217470 0.217470 0.262029 1.06072 1.08110 1.08110 1.08110 1.08110 1.08110 1.08110 1.08110 1.08110 1.08110 1.08110 1.08110 1.08110 1.08110 1.08110 1.08110 1.08110 1.26568 1.55515 1.55515 1.55515 1.55515 1.55515 1.55515 1.55712 1.59110 1.63633 1.68148 1.72632 1.76971 1.78127 1.78127 1.78127 1.78127 1.43569 0.485404 0.485404 0.485404 0.485404 0.485404 0.485404 0.485404 0.485404 0.485404 0.485404 0.485404 0.485404 0.485404 0.485404 0.485404 0.485404 0.444398 0.417233 0.417233 0.417233 0.417233 0.417233
0.217470 0.217470 0.217470 0.217470 0.217470 0.217470 0.217470 0.217470 0.217470 0.217470 0.855028 1.08110 1.08110 1.08110 1.08110 1.08110 1.08110 1.08110 1.08110 1.08110 1.08110 1.08110 1.08110 1.08110 1.08110 1.08110 1.08110 1.13107 1.55373 1.55739 1.59201 1.63696 1.68200 1.72723 1.77030 1.78127 1.78127 1.78127 1.78127 1.78127 1.78127 1.78127 1.78127 1.78127 1.74614 0.543459 0.485404 0.485404 0.485404 0.485404 0.485404 0.485404 0.485404 0.485404 0.485404 0.485404 0.485404 0.485404 0.485404 0.485404 0.485404 0.463560 0.417233 0.417233 0.417233 0.417233 0.417233
0.217470 0.217470 0.217470 0.217470 0.217470 0.217470 0.217470 0.217470 0.217470 0.217470 0.604897 1.08110 1.08110 1.08110 1.08110 1.08110 1.08110 1.08110 1.08110 1.08110 1.08110 1.08110 1.08110 1.08110 1.08110 1.08110 1.08110 1.08110 1.70182 1.77066 1.78127 1.78127 1.78127 1.78127 1.78127 1.78127 1.78127 1.78127 1.78127 1.78127 1.78127 1.78127 1.78127 1.78127 1.78127 0.876185 0.485404 0.485404 0.485404 0.485404 0.485404 0.485404 0.485404 0.485404 0.485404 0.485404 0.485404 0.485404 0.485404 0.485404 0.485404 0.481477 0.418467 0.412728 0.395982 0.378566 0.361160
0.217470 0.217470 0.217470 0.217470 0.217470 0.217470 0.217470 0.217470 0.217470 0.217470 0.354702 1.08110 1.08110 1.08110 1.08110 1.08110 1.08110 1.08110 1.08110 1.08110 1.08110 1.08110 1.08110 1.08110 1.08110 0.00000 0.00000 0.00000 1.78127 1.78127 1.78127 1.78127 1.78127 1.78127 1.78127 1.78127 1.78127 1.78127 1.78127 1.78127 1.78127 1.78127 1.78127 1.78127 1.78127 1.24449 0.485404 0.485404 0.485404 0.485404 0.485404 0.485404 0.485404 0.485404 0.485404 0.485404 0.485404 0.485404 0.546365 0.687048 0.828024 0.969073 0.528347 0.325030 0.324352 0.324352 0.324352
0.217470 0.217470 0.217470 0.217470 0.217470 0.217470 0.217470 0.217470 0.217470 0.217470 0.217729 0.967882 1.08110 1.08110 1.08110 1.08110 1.08110 1.08110 1.08110 1.08110 0.00000 0.00000 0.00000 0.00000 0.00000 0.00000 0.00000 0.00000 1.78127 1.78127 1.78127 1.78127 1.78127 1.78127 1.78127 1.78127 1.78127 1.78127 1.78127 1.78127 1.78127 1.78127 1.78127 1.78127 1.78127 1.61240 0.485663 0.485404 0.485404 0.485404 0.485404 0.485404 0.486207 0.571041 0.711944 0.853065 0.993968 1.13509 1.21518 1.21547 1.21547 1.21547 0.789744 0.324352 0.324352 0.324352 0.324352
0.217470 0.217470 0.217470 0.217470 0.217470 0.217470 0.217470 0.217470 0.217470 0.217470 0.217470 0.720029 1.08110 1.08110 1.08110 1.08110 0.00000 0.00000 0.00000 0.00000 0.00000 0.00000 0.00000 0.00000 0.00000 0.00000 0.00000 0.00000 1.78127 1.78127 1.78127 1.78127 1.78127 1.78127 1.78127 1.78127 1.78127 1.78127 1.78127 1.78127 1.78127 1.78127 1.78127 1.78127 1.78127 1.78127 0.684967 0.491026 0.596082 0.736912 0.877961 1.01901 1.15925 1.21547 1.21547 1.21547 1.21547 1.21547 1.21547 1.21547 1.21547 1.21547 1.04022 0.324352 0.324352 0.324352 0.324352
0.217470 0.217470 0.217470 0.217470 0.217470 0.217470 0.217470 0.217470 0.217470 0.217470 0.217470 0.00000 0.00000 0.00000 0.00000 0.00000 0.00000 0.00000 0.00000 0.00000 0.00000 0.00000 0.00000 0.00000 0.00000 0.00000 0.00000 0.00000 0.00000 1.78127 1.78127 1.78127 1.78127 1.78127 1.78127 1.78127 1.78127 1.78127 1.78127 1.78127 1.78127 1.78127 1.80200 2.09036 2.46054 2.83072 1.98955 1.17933 1.21547 1.21547 1.21547 1.21547 1.21547 1.21547 1.21547 1.21547 1.21547 1.21547 1.21547 1.21547 1.21547 1.21547 1.21048 0.404301 0.324352 0.324352 0.324352
0.217470 0.217470 0.217470 0.217470 0.217470 0.217470 0.00000 0.00000 0.00000 0.00000 0.00000 0.00000 0.00000 0.00000 0.00000 0.00000 0.00000 0.00000 0.00000 0.00000 0.00000 0.00000 0.00000 0.00000 0.00000 0.00000 0.00000 0.00000 0.00000 1.78127 1.78127 1.78127 1.78127 1.78127 1.78127 1.78127 1.78127 1.80329 2.09407 2.46424 2.83442 3.20090 3.55035 3.63216 3.63216 3.63216 2.95566 1.21547 1.21547 1.21547 1.21547 1.21547 1.21547 1.21547 1.21547 1.21547 1.21547 1.21547 1.21547 1.21547 1.21547 1.21547 1.21547 0.649675 0.324352 0.324352 0.324352
0.217470 0.00000 0.00000 0.00000 0.00000 0.00000 0.00000 0.00000 0.00000 0.00000 0.00000 0.00000 0.00000 0.00000 0.00000 0.00000 0.00000 0.00000 0.00000 0.00000 0.00000 0.00000 0.00000 0.00000 0.00000 0.00000 0.00000 0.00000 0.00000 1.78127 1.78127 1.78127 1.80459 2.09777 2.46795 2.83664 3.20460 3.55275 3.63216 3.63216 3.63216 3.63216 3.63216 3.63216 3.63216 3.63216 3.54998 1.30368 1.21547 1.21547 1.21547 1.21547 1.21547 1.21547 1.21547 1.21547 1.21547 1.21547 1.21547 1.21547 1.21547 1.21547 1.21547 0.900250 0.324352 0.324352 0.324352
0.00000 0.00000 0.00000 0.00000 0.00000 0.00000 0.00000 0.00000 0.00000 0.00000 0.00000 0.00000 0.00000 0.00000 0.00000 0.00000 0.00000 0.00000 0.00000 0.00000 0.00000 0.00000 0.00000 0.00000 0.00000 0.00000 0.00000 0.00000 0.00000 0.00000 2.79201 3.20830 3.55516 3.63216 3.63216 3.63216 3.63216 3.63216 3.63216 3.63216 3.63216 3.63216 3.63216 3.63216 3.63216 3.63216 3.63216 1.90340 1.21547 1.21547 1.21547 1.21547 1.21547 1.21547 1.21547 1.21547 1.21547 1.21547 1.21547 1.21547 1.21547 1.21547 1.21547 1.14329 0.331570 0.324352 0.347602
0.00000 0.00000 0.00000 0.00000 0.00000 0.00000 0.00000 0.00000 0.00000 0.00000 0.00000 0.00000 0.00000 0.00000 0.00000 0.00000 0.00000 0.00000 0.00000 0.00000 0.00000 0.00000 0.00000 0.00000 0.00000 0.00000 0.00000 0.00000 0.00000 0.00000 3.63216 3.63216 3.63216 3.63216 3.63216 3.63216 3.63216 3.63216 3.63216 3.63216 3.63216 3.63216 3.63216 3.63216 3.63216 3.63216 3.63216 2.58597 1.21547 1.21547 1.21547 1.21547 1.21547 1.21547 1.21547 1.21547 1.21547 1.21547 1.21547 1.21547 1.21547 1.21159 1.20251 1.19342 0.765360 0.766473 0.840968
