High_resolution/powerplant/Shangrao/OMI_NO2_200910.asc
ncols      200
nrows      200
xllcorner       115.451
yllcorner       27.0350
cellsize     0.0166667
NODATA_Value      -999.000
[rows 29 to 57 of 200, columns 0 to 66 of 200]
6.14520 7.54506 7.69481 7.70483 7.70483 7.70483 7.70310 7.63852 7.54291 7.44724 7.35158 7.23728 7.10063 6.88957 6.40775 6.40596 4.32434 3.96667 3.92563 3.89304 3.89043 3.89043 3.89043 3.89043 3.89043 3.89043 3.89043 3.89043 3.89043 3.89043 3.59460 3.34269 3.12380 3.06095 2.90206 2.93628 2.94747 2.95159 2.95568 2.95981 2.96390 2.96802 2.97212 2.97624 2.98034 3.00951 3.14108 3.40300 3.46546 3.63831 3.68354 3.68530 3.86902 4.99669 5.01843 5.07894 6.42032 7.34472 7.38664 7.42719 7.43924 7.43924 7.37320 7.20033 7.16135 6.96187 6.74530
5.53300 7.58662 7.54026 7.44442 7.34887 7.25315 7.15816 7.09746 7.05530 6.98712 6.86770 6.76628 6.68824 6.60397 6.37923 6.34874 5.08807 3.89043 3.89043 3.89043 3.89043 3.89043 3.89043 3.89043 3.89043 3.89043 3.89043 3.89043 3.89043 3.89043 3.73763 3.38389 3.21239 3.19417 3.02012 3.00720 3.00720 3.00720 3.00720 3.00720 3.01406 3.06468 3.12298 3.18134 3.23969 3.27292 3.27972 3.52924 3.54338 3.66289 3.77170 3.82187 3.87917 5.12316 5.34381 5.34609 5.87353 7.43924 7.43924 7.43924 7.42920 7.26455 7.03740 6.59583 6.40731 6.38767 6.38601
5.44932 6.86694 7.12258 7.08536 7.01797 6.89913 6.77953 6.68902 6.61106 6.55898 6.55766 6.55766 6.55766 6.55766 6.43574 6.34874 5.70274 3.89043 3.89043 3.89043 3.89043 3.89043 3.89043 3.89043 3.89043 3.89043 3.89043 3.89043 3.89043 3.89043 3.86723 3.39726 3.24198 3.19720 3.07387 3.00725 3.03886 3.09717 3.15552 3.22157 3.31105 3.35941 3.40062 3.46718 3.64331 3.83075 4.01903 4.16146 4.23971 4.29677 4.32428 4.35672 4.38957 5.01537 5.34609 5.34609 5.32136 7.11513 7.10809 6.88890 6.67975 6.62521 6.62484 6.45194 6.38592 6.38592 6.38592
5.05330 6.04092 6.69474 6.61184 6.55914 6.55766 6.55766 6.55766 6.55766 6.55766 6.55766 6.55766 6.55766 6.55766 6.49658 6.34895 6.14405 3.89423 3.89043 3.89043 3.89043 3.89043 3.89043 3.89043 3.89043 3.89043 3.89043 3.89043 3.89043 3.89043 3.89043 3.59129 3.88040 4.28877 4.31586 3.82757 3.89535 3.93605 4.03953 4.21904 4.36890 4.51611 4.66293 4.78391 4.79604 4.79604 4.79604 4.72430 4.62614 4.62085 4.55332 4.55277 4.55277 4.83584 5.33809 5.33467 5.33092 6.09011 6.63028 6.63880 6.64729 6.65577 6.66425 6.56589 6.44234 6.45082 6.45557
4.30826 4.93777 6.55817 6.55766 6.55766 6.55766 6.55766 6.55766 6.55766 6.55766 6.55766 6.55766 6.55766 6.55766 6.54058 6.36623 6.34844 4.45443 3.89043 3.89043 3.89043 3.89043 3.89043 3.89043 3.89043 3.89043 3.89043 4.13839 4.72839 5.32022 5.91206 6.19935 5.67766 5.35328 5.41597 4.43544 4.56403 4.71085 4.79565 4.79604 4.79604 4.79604 4.79604 4.79604 4.79604 4.79604 4.79604 4.77162 4.62614 4.62614 4.60253 4.61170 4.62188 4.73173 5.42464 5.45461 5.46733 5.78633 6.72791 6.72791 6.72791 6.72769 6.69922 6.61034 6.36419 6.31614 6.23398
4.30826 4.31541 6.44846 6.55766 6.55766 6.55766 6.55766 6.55766 6.55766 6.55766 6.55766 6.55197 6.50409 6.44818 6.39172 6.18796 6.07053 5.09585 3.89043 3.89043 3.89043 3.89043 3.92282 4.38270 4.97401 5.56584 6.15793 6.54765 6.94161 7.40401 7.86641 8.13866 7.37506 6.03708 6.02666 5.09562 4.79604 4.79604 4.79604 4.79604 4.79604 4.79604 4.79604 4.79604 4.79604 4.79604 4.79604 4.79604 4.64899 4.62614 4.65846 4.67646 4.67646 4.71960 5.33783 5.48462 5.48462 5.42895 6.54261 6.61741 6.56938 6.52153 6.48466 6.39806 6.09200 5.97315 5.91781
4.30826 4.30826 6.05179 6.55766 6.55766 6.55143 6.50294 6.44700 6.39062 6.33417 6.27830 6.22757 6.21904 6.21904 6.21904 6.13269 5.97280 5.45484 4.05530 4.62780 5.22015 5.81172 6.45887 7.02003 7.48291 7.94507 8.40747 8.82396 8.89425 8.89425 8.89425 8.89199 7.71153 6.18891 6.02666 5.46113 4.79604 4.79604 4.79604 4.79604 4.79604 4.79604 4.79604 4.79604 4.79604 4.79604 4.79604 4.79604 4.69617 4.62614 4.64685 4.67646 4.67347 4.64810 5.03308 5.26827 5.19619 5.14655 5.96973 6.42565 6.33241 6.23921 6.16286 6.12854 5.91939 5.75467 5.69441
4.30826 4.30826 5.40611 6.33305 6.27711 6.22696 6.21904 6.21904 6.21904 6.21904 6.17799 6.08852 5.99906 5.90947 5.78251 5.59567 6.13391 6.56988 7.03841 7.56157 8.02349 8.48637 8.86054 8.89425 8.89425 8.89425 8.89425 8.89425 8.89425 8.89425 8.89425 8.89425 8.08519 6.43243 6.02666 5.82676 4.79604 4.79604 4.79625 4.80452 4.81725 4.82977 4.84245 4.85502 4.86768 4.88025 4.89293 4.90548 4.84605 4.70307 4.68358 4.69689 4.67929 4.68464 4.74173 5.14458 5.14572 5.13270 5.23967 6.06524 6.02280 5.98017 5.93816 5.92284 5.80419 5.57609 5.57609
4.30826 4.30826 4.60502 6.21832 6.17398 6.08458 5.99506 5.90549 5.81608 5.72193 5.62227 5.55934 5.49336 5.42319 5.39003 5.39222 7.18896 7.96601 8.45473 8.89425 8.89425 8.89425 8.89425 8.89425 8.89425 8.89425 8.89425 8.89425 8.89425 8.89425 8.89425 8.89425 8.46092 6.84797 6.20064 6.21286 5.16151 5.00783 5.02032 5.02455 5.02455 5.02455 5.02455 5.01831 4.98351 4.94519 4.90686 4.86851 4.84067 4.68320 4.67973 4.71559 4.68736 4.63629 4.55573 4.81516 4.85062 4.79967 4.69143 5.80512 5.92284 5.92284 5.92284 5.88824 5.65999 5.06148 4.74936
4.30826 4.30826 4.30826 5.61393 5.67816 5.66351 5.60385 5.53787 5.46738 5.40170 5.38236 5.37470 5.37012 5.37009 5.37009 5.37009 6.63541 7.97115 8.20175 8.89425 8.89425 8.89425 8.89425 8.89425 8.89425 8.89425 8.89425 8.89425 8.89425 8.89425 8.89425 8.89425 8.81425 7.28851 6.25712 6.25516 5.55597 5.02455 5.02420 5.00022 4.96189 4.92356 4.88524 4.85315 4.84962 4.85588 4.90343 5.07848 5.27156 4.82337 4.54577 4.56033 4.58156 4.60151 4.61781 4.50748 4.79558 4.79558 4.79105 5.39015 5.72206 5.44172 5.13934 4.85221 4.74698 4.40654 4.31916
4.30826 4.24865 4.11785 5.09321 5.44138 5.38552 5.37470 5.37012 5.37009 5.37009 5.37009 5.37009 5.37009 5.37009 5.37009 5.37009 5.92392 7.91999 8.02602 8.89425 8.89425 8.89425 8.89425 8.89425 8.89425 8.89425 8.89425 8.89425 8.89425 8.89425 8.89425 8.89425 8.89425 7.86670 6.42143 6.31480 5.92254 5.15643 5.14326 5.15349 5.17825 5.26639 5.45808 5.65129 5.84450 6.03173 6.17730 6.19564 6.19564 5.52103 4.77643 4.78639 4.79670 4.79670 4.80912 4.38001 4.60993 4.46098 4.29270 4.20761 4.73526 4.73526 4.73088 4.70659 4.67986 4.43930 4.21024
3.78441 3.70302 3.69244 4.43792 5.37009 5.37009 5.37009 5.37009 5.37009 5.37009 5.37009 5.37009 5.37009 5.37009 5.37009 5.37009 5.54662 7.53519 7.95702 8.73176 8.89425 8.89425 8.89425 8.89425 8.89425 8.89425 8.89425 8.89425 8.89425 8.89402 8.75329 8.49426 8.23523 7.33932 6.09996 6.13297 6.22705 5.62649 5.75227 5.92086 6.08936 6.19429 6.19564 6.19564 6.19564 6.19564 6.19564 6.19564 6.19564 5.91748 4.77643 4.77586 4.73796 4.71123 4.68441 4.22245 3.76782 3.72191 3.67721 3.56945 4.39273 4.43579 4.41335 4.41091 4.41037 4.29213 3.94663
3.68087 3.69213 3.69213 3.80948 5.36177 5.37009 5.37009 5.37009 5.37009 5.37009 5.37009 5.37009 5.37009 5.37009 5.36664 5.29717 5.20236 6.68570 7.61294 8.18183 8.89425 8.89425 8.89425 8.89425 8.89425 8.86631 8.64416 8.38525 8.12622 7.86742 7.80356 8.28922 8.86819 9.07366 7.08231 6.97512 7.02862 6.46551 6.19564 6.19564 6.19564 6.19564 6.19564 6.19564 6.19564 6.19564 6.19564 6.19564 6.19564 6.18755 4.90234 4.76973 4.48283 4.47235 4.47235 4.16455 3.51742 3.50211 3.50211 3.49767 4.03872 4.37136 4.34297 4.31459 4.28677 4.26690 3.87344
3.59722 3.69213 3.69213 3.69213 5.14179 5.37009 5.37009 5.37009 5.36578 5.29355 5.19852 5.10320 5.00835 4.91309 4.82139 4.79590 4.79590 5.61678 7.39207 7.75176 8.89425 8.79257 8.53514 8.27623 8.01709 7.89019 8.38582 8.96449 9.54346 10.1224 10.6467 10.7397 10.7397 10.7258 7.85741 7.02862 7.02862 6.71325 6.19564 6.19564 6.19564 6.19564 6.19564 6.19564 6.19564 6.19564 6.19564 6.19564 6.19564 6.19564 5.29050 4.77643 4.53793 4.47235 4.47235 4.33114 3.51440 3.40320 3.35594 3.30863 3.58612 4.27620 4.26860 4.26030 4.25201 4.24692 3.96152
3.46746 3.69213 3.69213 3.69213 4.67466 5.09987 5.00450 4.90982 4.81869 4.79590 4.79590 4.79590 4.79590 4.78503 4.75275 4.71973 4.68979 5.06494 6.79013 6.90175 8.07823 8.48401 9.06078 9.64005 10.2187 10.6936 10.7397 10.7397 10.7397 10.7397 10.7397 10.7397 10.7397 10.7397 8.94141 7.01134 7.02862 6.95457 6.20205 6.19564 6.19564 6.19564 6.19564 6.19564 6.19537 6.18889 6.18014 6.17127 6.16252 6.15367 5.63600 4.71881 4.54727 4.41702 4.41242 4.40546 3.54722 3.27999 3.27999 3.27999 3.24598 4.19662 4.26337 4.27158 4.27979 4.28800 4.09814
3.27360 3.69210 3.69213 3.69213 4.06419 4.79594 4.79590 4.78407 4.75145 4.71855 4.68551 4.65259 4.63304 4.69145 4.78053 4.86689 4.94412 5.01720 7.29230 7.90686 10.1506 10.7397 10.7397 10.7397 10.7397 10.7397 10.7397 10.7397 10.7397 10.7397 10.7397 10.7397 10.7397 10.7397 9.84508 7.01608 6.94187 6.93305 6.27144 6.08245 6.07368 6.06484 6.05607 6.04722 6.03874 6.03636 6.03710 6.04001 6.04306 6.04611 5.92722 4.64030 4.54031 4.35607 4.35607 4.36556 3.81802 3.35778 3.32804 3.34172 3.34681 3.94168 4.29203 4.29203 4.29203 4.29203 4.13247
3.14207 3.64753 3.69213 3.69213 3.70487 4.64107 4.61844 4.59722 4.62813 4.71662 4.80286 4.88315 4.94995 4.94958 4.94017 4.93407 4.93396 4.93396 7.00848 8.12064 9.25696 10.7397 10.7397 10.7397 10.7397 10.7397 10.7397 10.7397 10.7397 10.7397 10.7397 10.7397 10.7397 10.7397 10.5333 7.14274 6.86934 6.86934 6.46449 6.03636 6.03636 6.03647 6.03870 6.04182 6.04480 6.04785 6.05015 6.05028 6.05028 6.03919 5.94825 4.87921 4.63737 4.38545 4.38908 4.39053 4.06173 3.48609 3.35527 3.35527 3.35527 3.64228 4.25164 4.00688 3.73398 3.46088 3.28334
3.14207 3.53892 3.69213 3.69351 3.80380 4.61539 4.81914 4.89936 4.94828 4.94000 4.93406 4.93396 4.93396 4.93396 4.93396 4.93396 4.93396 4.93396 6.14837 8.06764 8.64207 10.7397 10.7397 10.7397 10.7397 10.7397 10.7397 10.7397 10.7397 10.7397 10.7397 10.7397 10.7397 10.7397 10.7397 7.77890 6.85897 6.80944 6.52746 6.02338 6.02321 6.02288 6.02047 6.01722 5.98098 5.87355 5.76359 5.65355 5.54348 5.44475 5.42575 5.00860 4.62896 4.39510 4.35437 4.35437 4.18982 3.57354 3.35527 3.35527 3.35527 3.29335 3.30111 3.27980 3.27980 3.27980 3.27980
3.46875 3.90778 4.16895 4.32817 4.37817 4.72624 4.93396 4.93396 4.93396 4.93396 4.93396 4.93396 4.93396 4.93396 4.93396 4.93396 4.93396 4.93396 5.39107 7.95374 8.21424 10.7019 10.7397 10.7397 10.7397 10.7397 10.7397 10.7397 10.7397 10.7397 10.7397 10.7397 10.7337 10.5289 10.2276 8.11810 6.24910 6.14943 6.14473 5.94279 5.81897 5.71232 5.60562 5.49897 5.42537 5.42293 5.42293 5.42293 5.42293 5.42293 5.42293 5.22928 4.62896 4.45238 4.35447 4.36257 4.33085 3.70414 3.45023 3.45753 3.47964 3.49084 3.34562 3.39428 3.40756 3.42087 3.43414
4.68028 4.66069 4.37271 4.36631 4.36631 4.51990 4.94111 4.93396 4.93396 4.93396 4.93396 4.93396 4.93396 4.93396 4.93515 5.31028 5.92547 6.47778 6.85976 8.66029 7.45263 9.60800 10.7397 10.7397 10.7397 10.7397 10.7397 10.7397 10.6825 10.4035 10.1023 9.80130 9.50637 9.40413 9.33978 8.56614 5.76872 5.72467 5.61870 5.48503 5.42293 5.42293 5.42293 5.42293 5.42293 5.42293 5.42293 5.42293 5.42293 5.42293 5.42293 5.40727 4.67191 4.57409 4.51000 4.51516 4.54316 3.97047 3.71786 3.62325 3.62325 3.62325 3.44280 3.41773 3.37101 3.32431 3.27757
4.68028 4.68028 4.42048 4.36631 4.36631 4.36631 4.92110 4.93396 4.93396 4.93396 4.97754 5.49768 5.95508 6.27407 6.56317 6.56459 6.35721 6.14807 6.05758 7.35145 6.78619 8.18945 10.7397 10.7395 10.5793 10.2780 9.97696 9.67591 9.41955 9.32573 9.24637 9.16690 9.08758 9.01406 8.99903 8.94978 5.61925 5.57713 5.57713 5.53061 5.42293 5.42293 5.42293 5.42293 5.42293 5.42293 5.42293 5.42293 5.42293 5.42293 5.42293 5.42293 4.87703 4.61089 4.51516 4.51516 4.51605 4.17048 3.78795 3.53037 3.45247 3.37464 3.21176 3.21499 3.21759 3.20896 3.20024
4.68028 4.68028 4.49480 4.36631 4.36631 4.36631 4.87382 5.28428 5.65095 5.98054 6.24852 6.14279 6.05758 6.05758 6.05758 6.05758 6.05851 6.06310 6.06811 6.75743 7.27517 6.96093 9.85170 9.52930 9.31167 9.23228 9.15288 9.07357 9.00663 8.99903 8.99903 8.99903 8.99903 8.99903 8.99903 8.99903 6.23942 5.57713 5.57713 5.57099 5.42819 5.42293 5.42293 5.42293 5.42293 5.42293 5.42293 5.42293 5.42293 5.42293 5.42280 5.41963 5.09025 4.61532 4.48056 4.42887 4.38549 4.10285 3.58501 3.25848 3.25700 3.25700 3.24510 3.13355 3.06870 2.94168 2.81426
4.68028 4.68028 5.63387 6.16240 7.12975 7.93615 7.54748 6.05758 6.05758 6.05758 6.05861 6.06328 6.06827 6.07326 6.07825 6.08815 6.11045 6.12979 6.21515 6.53199 7.56248 5.87703 8.91547 9.00174 8.99903 8.99903 8.99903 8.99903 8.99903 8.99903 8.99903 8.99903 8.99903 8.99903 8.99903 8.99903 7.10615 5.55535 5.55101 5.54659 5.43272 5.38363 5.37929 5.37489 5.37054 5.36613 5.36178 5.35738 5.35302 5.33219 5.27898 5.22791 5.07388 4.33584 4.28394 4.26927 4.26927 4.16883 3.52172 3.01958 2.73652 2.52484 2.31235 2.29485 2.48717 2.48717 2.48717
8.88680 10.3385 10.7574 8.76487 8.52296 8.52296 8.38270 6.12459 6.07840 6.08341 6.08736 6.09745 6.11641 6.20178 6.40053 6.59627 6.77870 6.96040 7.07569 7.07760 7.78220 5.81823 7.74551 8.99903 8.99903 8.99903 8.99903 8.99903 8.99903 8.99903 8.99903 8.99903 8.99903 8.99903 8.99903 8.99903 8.30872 5.46858 5.49736 5.49736 5.43343 5.34316 5.34316 5.34316 5.33961 5.29942 5.24955 5.19974 5.14987 5.11646 5.11557 5.11557 5.10430 4.29230 4.01400 3.89183 3.76462 3.58138 2.44966 2.26465 2.08816 2.08816 2.08816 2.12706 2.47958 2.46061 2.38370
9.79290 10.7583 10.7583 9.29135 8.52296 8.52296 8.52448 6.54493 6.18996 6.38898 6.58964 6.78043 6.96040 7.07569 7.07760 7.07760 7.07760 7.07760 7.07760 7.07760 7.57326 6.53268 6.80358 8.99903 8.99903 8.99903 8.99903 8.99903 8.99903 8.99903 8.99903 8.99903 8.99903 8.99903 8.99903 8.99903 8.99781 5.71905 5.49736 5.49745 5.47834 5.27247 5.22233 5.17283 5.12685 5.11751 5.11782 5.08436 4.97267 4.85797 4.74315 4.62846 4.52478 3.89815 3.48069 3.57198 3.57222 3.58263 2.60749 2.37049 2.08816 2.08816 2.08816 2.08877 2.21390 2.19816 2.19694
7.50589 10.6277 10.7669 10.0468 9.00283 9.33725 9.67016 8.20412 7.07596 7.07760 7.07760 7.07760 7.07760 7.07760 7.07760 7.07760 7.07760 7.07760 7.07760 7.07760 7.27373 7.26820 6.14648 8.99903 8.99903 8.99903 8.99903 8.99903 8.99903 8.99903 8.99903 8.99903 8.99903 8.99903 8.99903 8.99888 8.99687 6.35300 5.49905 5.49802 5.49723 5.18717 5.05323 4.93805 4.82304 4.70792 4.59285 4.51155 4.50842 4.50842 4.50842 4.50842 4.50842 4.19160 3.45380 3.56881 3.57241 3.57241 2.92651 2.44610 2.11720 2.08619 2.08523 2.08426 2.13901 2.19345 2.19287
0.00000 10.4754 10.9581 10.9273 10.1954 10.1728 10.1728 9.29282 7.07760 7.07760 7.07760 7.07760 7.07760 7.07760 7.07760 7.07760 7.07760 7.06646 6.73893 6.22694 5.66462 6.14596 5.91308 8.69327 8.99903 8.99903 8.99903 8.99903 8.99903 8.99903 8.99903 8.99829 8.99579 8.99322 8.99065 8.98823 8.96318 6.97741 5.27690 5.16177 5.04676 4.73379 4.50842 4.50842 4.50842 4.50842 4.50842 4.50842 4.50842 4.50842 4.50842 4.50842 4.50842 4.45860 3.47591 3.54375 3.56714 3.56656 3.17400 2.43791 2.20919 2.07655 2.07655 2.07655 2.09350 2.18887 2.21322
0.00000 10.2043 10.9618 10.9618 10.3463 10.1728 10.1728 10.1349 7.23898 7.07760 7.07760 7.07760 7.07760 7.01790 6.59546 6.11307 5.63924 5.12796 5.03654 5.15274 5.26908 6.15427 6.44267 7.76819 8.99903 8.99903 8.99898 8.99728 8.99471 8.99214 8.98956 8.93594 8.62755 8.28447 7.94139 7.59814 7.27972 6.69279 4.94060 4.88452 4.88452 4.79736 4.50842 4.50842 4.50842 4.50842 4.50842 4.50842 4.50842 4.50842 4.50842 4.50842 4.50842 4.50842 3.71852 3.51730 3.56544 3.56544 3.37944 2.43782 2.31505 2.09751 2.16265 2.22927 2.29217 2.34949 2.37871
0.00000 8.71571 10.9302 10.9618 10.5533 10.1728 10.1728 10.1728 7.82331 6.97444 6.59411 6.16353 5.68503 5.23912 5.27428 5.34017 5.34045 5.34045 5.34045 5.33709 5.30555 5.70884 6.40102 6.98199 8.99362 8.99105 8.89965 8.56901 8.22593 7.88268 7.53995 7.24832 7.21373 7.21373 7.21373 7.21373 7.21373 7.10877 5.20653 4.88452 4.88452 4.88003 4.53697 4.50842 4.50842 4.50842 4.50842 4.50842 4.50842 4.50842 4.50842 4.50842 4.50842 4.50842 4.01091 3.49016 3.56536 3.56674 3.54343 2.40690 2.37898 2.38863 2.39034 2.39034 2.39034 2.51781 2.63903
