High_resolution/powerplant/Shangrao/OMI_NO2_201002.asc
ncols      200
nrows      200
xllcorner       115.451
yllcorner       27.0350
cellsize     0.0166667
NODATA_Value      -999.000
[rows 60 to 89 of 175, columns 66 to 131 of 200]
8.90174 8.90174 8.90174 8.74592 7.89179 7.20651 6.70554 6.77910 8.90174 8.90174 8.90174 8.90174 8.90174 8.90174 8.90174 8.90174 8.96885 0.00000 0.00000 0.00000 0.00000 0.00000 0.00000 0.00000 0.00000 0.00000 4.50167 4.50167 4.50167 4.50167 4.50167 4.50167 4.50167 4.50167 4.50167 4.50167 4.50167 4.50167 4.49477 4.44208 4.38088 4.31964 4.25844 4.21490 4.35325 4.59742 4.59742 4.59742 4.59742 4.59742 4.59742 4.59742 4.59742 4.59742 4.59742 4.59742 4.59742 4.59742 4.59742 4.59742 4.59742 4.59742 3.26046 3.01297 3.01297 3.01297
7.57473 6.97731 6.53242 6.22858 6.19164 6.19164 6.19164 6.23012 8.66239 8.90174 8.90174 8.90174 8.95625 9.14543 9.34098 9.53646 9.66529 9.66830 0.00000 0.00000 0.00000 0.00000 0.00000 0.00000 0.00000 0.00000 4.50167 4.50167 4.50167 4.50167 4.50167 4.50167 4.50167 4.50057 4.45948 4.39828 4.33704 4.27584 4.22153 4.21311 4.21311 4.21311 4.21311 4.21311 4.24596 4.59453 4.59742 4.59742 4.59742 4.59742 4.59742 4.59742 4.59742 4.59742 4.59742 4.59742 4.59742 4.59742 4.59742 4.59742 4.59742 4.59742 3.70839 3.01297 3.01297 3.01297
6.19164 6.19164 6.19164 6.19164 6.19164 6.19164 6.19164 6.19164 7.64979 9.12995 9.32550 9.52097 9.66202 9.66830 9.66830 9.66830 9.66830 9.66830 0.00000 0.00000 0.00000 0.00000 0.00000 0.00000 0.00000 0.00000 4.50167 4.50167 4.50167 4.47662 4.41568 4.35444 4.29324 4.23322 4.21311 4.21311 4.21311 4.21311 4.21311 4.21311 4.21311 4.21311 4.21311 4.21311 4.21311 4.51704 4.59742 4.59742 4.59742 4.59742 4.59742 4.59742 4.59742 4.59742 4.59742 4.59742 4.59742 4.59742 4.59742 4.59742 4.59742 4.59742 4.15631 3.01297 3.01297 2.99139
6.19164 6.19164 6.19164 6.19164 6.20854 6.29800 6.39577 6.49351 7.33380 9.66830 9.66830 9.66830 9.66830 9.66830 9.66830 9.66830 9.66830 9.66830 0.00000 0.00000 0.00000 0.00000 0.00000 0.00000 6.38493 6.38493 6.38493 4.93939 4.24952 4.21337 4.21311 4.21311 4.21311 4.21311 4.21311 4.21311 4.21311 4.21311 4.21311 4.21311 4.21311 4.21311 4.21311 4.21311 4.21311 4.40684 4.59742 4.59742 4.59742 4.59742 4.59742 4.59742 4.59742 4.59742 4.59742 4.59742 4.59742 4.59742 4.59742 4.59742 4.58772 4.43882 4.19205 2.25078 1.87964 1.60951
6.20428 6.29025 6.38803 6.48573 6.56664 6.57492 6.57492 6.57492 6.75046 9.64980 9.66830 9.66830 9.66830 9.66830 9.66830 9.66830 9.66830 9.66830 9.66830 6.38493 6.38493 6.38493 6.38493 6.38493 6.38493 6.38493 6.38493 5.68415 4.21311 4.21311 4.21311 4.21311 4.21311 4.21311 4.21311 4.21311 4.21311 4.21311 4.21311 4.21311 4.21311 4.21311 4.21311 4.21311 4.21311 4.29658 4.59742 4.59742 4.59742 4.59742 4.59742 4.59742 4.59742 4.59742 4.59742 4.59488 4.46838 4.27430 4.08013 3.88587 3.70158 3.65622 3.65622 2.16007 1.55438 1.55438
6.56315 6.57492 6.57492 6.57492 6.57492 6.57492 6.57492 6.57492 6.57492 8.68881 9.66830 9.66830 9.66830 9.66830 9.66830 9.53778 9.02260 8.62675 7.41565 6.38493 6.38493 6.38493 6.38493 6.38493 6.38493 6.38493 6.38493 6.26656 4.26002 4.21311 4.21311 4.21311 4.21311 4.21311 4.21311 4.21311 4.21311 4.21311 4.21311 4.21311 4.21311 4.21311 4.21311 4.21311 4.21311 4.21676 4.56694 4.59742 4.59742 4.59742 4.59742 4.49793 4.30395 4.10969 3.91561 3.72398 3.65622 3.65622 3.65622 3.65622 3.65622 3.65622 3.65622 2.75639 1.55438 1.55438
6.57492 6.57492 6.57492 6.57492 6.57492 6.57492 6.57492 6.57492 6.57492 7.65981 9.65914 9.25075 8.78945 8.45594 8.20377 8.04019 8.02662 8.02662 7.64115 6.38493 6.38493 6.38493 6.38493 6.38493 6.38493 6.38493 6.38493 6.38493 4.77099 4.21311 4.21311 4.21311 4.21311 4.21311 4.21311 4.21311 4.21311 4.21311 4.21311 4.21311 4.21311 4.21311 4.21311 4.21311 4.21311 4.21311 4.38761 4.33350 4.13933 3.94516 3.75100 3.65622 3.65622 3.65622 3.65622 3.65622 3.65622 3.65622 3.65622 3.65622 3.65622 3.65622 3.65622 3.35256 1.55438 1.55438
6.57492 6.57492 6.57492 6.57492 6.57492 6.57492 6.60882 6.77209 6.94814 7.37114 8.09235 8.02662 8.02662 8.02662 8.02662 8.02662 8.02662 8.02662 7.95472 6.42159 6.38493 6.38493 6.38493 6.38493 6.38493 6.38493 6.38493 6.38493 5.40001 4.21311 4.21311 4.21311 4.21311 4.21311 4.21311 4.21311 4.21311 4.21311 4.21311 4.21311 4.21311 4.17800 3.97587 3.75214 3.52829 3.30424 3.33904 3.65622 3.65622 3.65622 3.65622 3.65622 3.65622 3.65622 3.65622 3.65622 3.65622 3.65622 3.65622 3.65622 3.65622 3.65622 3.65622 3.65622 1.84713 1.55438
6.57492 6.57515 6.67132 6.84737 7.02358 7.19947 7.34162 7.35425 7.35425 7.36196 7.97586 8.02662 8.02662 8.02662 8.02662 8.16110 8.44325 8.72512 9.00656 7.42551 6.38493 6.38493 6.38493 6.38493 6.38493 6.38493 6.38493 6.38493 6.02897 4.21311 4.21311 4.21311 4.21311 4.21311 4.21311 4.21311 4.20499 4.04072 3.81709 3.59314 3.36919 3.18046 3.15874 3.15874 3.15874 3.15874 3.19918 3.65194 3.65622 3.65622 3.65622 3.65622 3.65622 3.65622 3.65622 3.65622 3.65622 3.65622 3.65622 3.65622 3.65622 3.65622 3.65622 3.65622 2.44358 1.55438
7.09863 7.27452 7.35425 7.35425 7.35425 7.35425 7.35425 7.35425 7.35425 7.35425 7.78739 8.14249 8.42320 8.70513 8.98684 9.13440 9.13440 9.13440 9.13440 8.31660 6.38493 6.38493 6.38493 6.38493 6.38493 6.38493 6.38493 6.38493 6.38362 4.48763 4.21311 4.21311 4.10577 3.88193 3.65798 3.43424 3.21841 3.15874 3.15874 3.15874 3.15874 3.15874 3.15874 3.15874 3.15874 3.15874 3.15874 3.55035 3.65622 3.65622 3.65622 3.65622 3.65622 3.65622 3.65622 3.65622 3.65622 3.65622 3.65622 3.65622 3.65622 3.65622 3.65622 3.65622 3.03960 1.55438
7.35425 7.35425 7.35425 7.35425 7.35425 7.35425 7.35425 7.45284 7.73089 8.01282 8.53189 9.13329 9.13440 9.13440 9.13440 9.13440 9.13440 9.13440 9.13440 8.91098 6.38493 6.38493 6.38493 6.38493 6.38493 6.38493 6.38493 6.33007 6.06606 4.57672 3.49919 3.27524 3.15874 3.15874 3.15874 3.15874 3.15874 3.15874 3.15874 3.15874 3.15874 3.15874 3.15874 3.15874 3.15874 3.15874 3.15874 3.40860 3.65622 3.65622 3.65622 3.65622 3.65622 3.65622 3.65622 3.65622 3.65622 3.65622 3.65622 3.65622 3.65622 3.65622 3.65622 3.63493 3.28241 1.37893
7.35425 7.35425 7.35425 7.43689 7.71095 7.99277 8.27492 8.45815 8.46203 8.46203 8.51145 9.12619 9.13440 9.13440 9.13440 9.13440 9.13440 9.13440 9.13440 9.13440 7.13398 6.38493 6.38026 6.19171 5.90721 5.62270 5.33820 5.10854 5.08819 4.51657 3.15874 3.15874 3.15874 3.15874 3.15874 3.15874 3.15874 3.15874 3.15874 3.15874 3.15874 3.15874 3.15874 3.15874 3.15874 3.15874 3.15874 3.26679 3.65622 3.65622 3.65622 3.65622 3.65622 3.65622 3.65622 3.65622 3.65622 3.65622 3.64934 3.41989 3.08187 2.74352 2.40566 2.08876 2.01850 1.27440
7.69090 7.97305 8.25498 8.45405 8.46203 8.46203 8.46203 8.46203 8.46203 8.46203 8.46203 8.97948 9.13440 9.13440 9.13440 9.13440 9.13440 9.13440 9.09575 8.95836 7.69866 5.46398 5.18402 5.08819 5.08819 5.08819 5.08819 5.08819 5.08819 5.01081 3.22086 3.15874 3.15874 3.15874 3.15874 3.15874 3.15874 3.15874 3.15874 3.15874 3.15874 3.15874 3.15874 3.15874 3.15874 3.15874 3.15874 3.16351 3.61741 3.65622 3.65622 3.65622 3.65622 3.65589 3.47246 3.13428 2.79609 2.45823 2.12675 2.01850 2.01850 2.01850 2.01850 2.01850 2.01850 1.56354
8.46203 8.46203 8.46203 8.46203 8.46203 8.46203 8.46203 8.46203 8.46203 8.46203 8.46203 8.78355 9.13440 9.12824 9.02125 8.87894 8.73675 8.59450 8.49089 8.48602 8.05272 5.08819 5.08819 5.08819 5.08819 5.08819 5.08819 5.08819 5.08819 5.08819 3.69981 3.15874 3.15874 3.15874 3.15874 3.15874 3.15874 3.15874 3.15874 3.15874 3.15874 3.15874 3.15874 3.15874 3.15874 3.15874 3.15874 3.15874 3.48070 3.52274 3.18685 2.84866 2.51063 2.17294 2.01850 2.01850 2.01850 2.01850 2.01850 2.01850 2.01850 2.01850 2.01850 2.01850 2.01850 1.85238
8.46203 8.46203 8.46203 8.46203 8.46203 8.46203 8.46203 8.46203 8.46203 8.43877 8.36312 8.38751 8.65739 8.52123 8.48602 8.48602 8.48602 8.48602 8.48602 8.48602 8.47169 5.65273 5.08819 5.08819 5.08819 5.08819 5.08819 5.08819 5.08819 5.08819 4.25623 3.15874 3.15874 3.15874 3.15874 3.15874 3.15874 3.15874 3.15874 3.15874 3.15874 3.15874 3.15874 3.15874 3.16036 3.16818 3.17660 3.18503 2.82654 2.02063 2.01850 2.01850 2.01850 2.01850 2.01850 2.01850 2.01850 2.01850 2.01850 2.01850 2.01850 2.01850 2.01850 2.01850 2.01850 2.01768
8.46203 8.46203 8.46203 8.46203 8.46052 8.40770 8.33036 8.25282 8.17528 8.12102 8.11906 8.12009 8.44691 8.48602 8.48602 8.48602 8.48602 8.48580 8.47986 8.47137 8.46288 6.97341 5.08819 5.08819 5.08819 5.08819 5.08819 5.08819 5.08819 5.08819 4.81244 3.15874 3.15874 3.15874 3.15874 3.15874 3.15874 3.15874 3.15874 3.15922 3.16580 3.17423 3.18265 3.19108 3.19787 3.19848 3.19848 3.19848 3.09983 2.02782 2.01850 2.01850 2.01850 2.01850 2.01850 2.01850 2.01850 2.01850 2.01850 2.01850 2.01850 2.01850 2.01850 2.01850 2.01850 2.01850
8.44711 8.37512 8.29758 8.22003 8.14403 8.11906 8.11906 8.11906 8.11906 8.11906 8.11906 8.11906 8.34064 8.48593 8.48048 8.47198 8.46349 8.45522 8.45267 8.45267 8.45267 7.84374 5.08819 5.08819 5.08819 5.08819 5.08819 5.08819 5.08819 5.08819 5.08819 3.43928 3.15874 3.15874 3.15875 3.16342 3.17184 3.18028 3.18869 3.19664 3.19848 3.19848 3.19848 3.19848 3.19848 3.19848 3.19848 3.19848 3.19848 2.26630 2.01850 2.01850 2.01850 2.01850 2.01850 2.01850 2.01850 2.01850 2.01850 2.01850 2.01850 2.01850 2.01850 2.01850 2.01850 2.01850
8.12462 8.11906 8.11906 8.11906 8.11906 8.11906 8.11906 8.11906 8.11906 8.11904 8.11413 8.10564 8.21187 8.45571 8.45267 8.45267 8.45267 8.45267 8.45267 8.45267 8.45267 8.38611 5.33078 5.08819 5.08819 5.08819 5.08819 5.08819 5.08819 5.08819 4.97027 3.76432 3.17789 3.18632 3.19473 3.19848 3.19848 3.19848 3.19848 3.19848 3.19848 3.19848 3.19848 3.19848 3.19848 3.19848 3.19848 3.19848 3.19848 2.60271 2.01850 2.01850 2.01850 2.01850 2.01850 2.01850 2.01850 2.01850 2.01850 2.01850 2.01850 2.01850 2.01850 2.01850 2.01850 2.01850
8.11906 8.11906 8.11906 8.11906 8.11906 8.11906 8.11475 8.10626 8.09776 8.08929 8.08570 8.08570 8.10317 8.44287 8.45267 8.45267 8.45267 8.45267 8.45267 8.45267 8.45267 8.45267 6.65453 5.08819 5.08819 5.06890 4.73746 4.29735 3.85724 3.41712 3.09512 3.11255 3.19848 3.19848 3.19848 3.19848 3.19848 3.19848 3.19848 3.19848 3.19848 3.19848 3.19848 3.19848 3.19848 3.19848 3.19848 3.19848 3.19848 2.93888 2.01850 2.01850 2.01850 2.01850 2.01850 2.01850 2.01850 2.01850 2.01850 2.01850 2.01850 2.01008 1.82800 1.57664 1.32528 1.07405
8.11906 8.11906 8.11534 8.10687 8.09837 8.08988 8.08570 8.08570 8.08570 8.08570 8.08570 8.08570 8.08570 8.35326 8.45267 8.45267 8.45267 8.45267 8.45267 8.45267 8.45267 8.37091 7.26096 4.04867 3.60876 3.18793 3.07946 3.07946 3.07946 3.07946 3.07946 3.08315 3.19356 3.19848 3.19848 3.19848 3.19848 3.19848 3.19848 3.19848 3.19848 3.19848 3.19848 3.19848 3.19848 3.19848 3.19848 3.19848 3.19848 3.18621 2.10830 2.01850 2.01850 2.01850 2.01850 2.01850 2.01691 1.86495 1.61360 1.36224 1.11100 0.868059 0.798908 0.798908 0.798908 0.798908
8.09899 8.09050 8.08572 8.08570 8.08570 8.08570 8.08570 8.08570 8.08570 8.08570 8.08570 8.08570 8.08570 8.24636 8.45267 8.45267 8.43268 8.24878 8.02862 7.80867 7.58871 7.45041 7.23332 3.14106 3.07946 3.07946 3.07946 3.07946 3.07946 3.07946 3.07946 3.07946 3.16295 3.19848 3.19848 3.19848 3.19848 3.19848 3.19848 3.19848 3.19848 3.19848 3.19848 3.19848 3.19848 3.19848 3.19848 3.19848 3.19848 3.19848 2.43314 2.01850 1.90179 1.65055 1.39919 1.14796 0.898183 0.798908 0.798908 0.798908 0.798908 0.798908 0.798908 0.798908 0.798908 0.798908
8.08570 8.08570 8.08570 8.08570 8.08570 8.08570 8.08570 8.08570 8.08570 8.08570 8.08570 8.08570 8.09795 8.14960 7.90448 7.68443 7.48436 7.44830 7.44830 7.44830 7.44830 7.44830 7.44830 4.64511 3.07946 3.07946 3.07946 3.07946 3.07946 3.07946 3.07946 3.07946 3.12863 3.19848 3.19848 3.19848 3.19848 3.19848 3.19848 3.19848 3.19848 3.19848 3.19848 3.19848 3.19848 3.19848 3.19848 3.17060 3.06666 2.95849 2.25061 0.933551 0.799030 0.798908 0.798908 0.798908 0.798908 0.798908 0.798908 0.798908 0.798908 0.798908 0.798908 0.798908 0.798908 0.798908
8.08570 8.08570 8.08570 8.08570 8.08570 8.08570 8.08570 8.08740 8.10931 8.13712 8.16492 8.19273 8.20847 8.20853 7.55861 7.44830 7.44830 7.44830 7.44830 7.44830 7.38941 6.84209 5.99900 4.10106 3.07946 3.07946 3.07946 3.07946 3.07946 3.07946 3.07946 3.07946 3.09439 3.19841 3.19848 3.19848 3.19848 3.19848 3.19848 3.19848 3.19848 3.19848 3.18844 3.09786 2.98974 2.88142 2.77331 2.69302 2.68874 2.68874 2.52867 0.813082 0.798908 0.798908 0.798908 0.798908 0.798908 0.798908 0.798908 0.798908 0.798908 0.798908 0.798908 0.798908 0.798908 0.798908
8.08085 8.08570 8.08570 8.09389 8.12093 8.14874 8.17654 8.20265 8.20853 8.20853 8.20853 8.20853 8.20853 8.20853 7.77992 7.44830 7.40640 6.89256 6.06791 4.91152 3.39446 3.07946 3.07946 3.07946 3.07946 3.07946 3.07946 3.07946 3.07946 3.07946 3.07946 3.07946 3.07946 3.17902 3.19848 3.19848 3.19848 3.19741 3.12905 3.02078 2.91262 2.80450 2.70633 2.68874 2.68874 2.68874 2.68874 2.68874 2.68874 2.68874 2.68874 1.19313 0.798908 0.798908 0.798908 0.798908 0.798908 0.798908 0.798908 0.798908 0.798908 0.798908 0.798908 0.798908 0.798908 0.798908
7.73561 8.16036 8.18816 8.20778 8.20853 8.20853 8.20853 8.20853 8.20853 8.20853 8.20853 8.20853 8.18529 7.79058 6.85401 5.00891 3.47727 3.07946 3.07946 3.07946 3.07946 3.07946 3.07946 3.07946 3.07946 3.07946 3.07946 3.07946 3.07946 3.07946 3.07946 3.07946 3.07946 3.12425 3.05198 2.94387 2.83560 2.72850 2.68874 2.68874 2.68874 2.68874 2.68874 2.68874 2.68874 2.68874 2.68874 2.68874 2.68874 2.68874 2.68874 1.73230 0.798908 0.798908 0.798908 0.798908 0.798908 0.798908 0.798908 0.798908 0.798908 0.798908 0.798908 0.798908 0.798908 0.798908
6.99280 8.20853 8.20853 8.20853 8.20853 8.20853 8.20853 8.20853 8.19441 7.83061 7.17853 6.27098 5.00523 4.59992 4.55750 3.14940 3.07946 3.07946 3.07946 3.07946 3.07946 3.07946 3.07946 3.07946 3.07946 3.07946 3.07946 3.07946 3.08727 3.16759 3.26550 3.36342 3.46137 3.30651 2.68874 2.68874 2.68874 2.68874 2.68874 2.68874 2.68874 2.68874 2.68874 2.68874 2.68874 2.68874 2.68874 2.68874 2.68874 2.68874 2.68874 2.27033 0.798908 0.798908 0.798908 0.798908 0.798908 0.798908 0.798908 0.798908 0.798908 0.798908 0.798908 0.798908 0.817691 1.11023
5.73385 8.20853 8.20853 8.20853 8.20148 7.86986 7.23129 6.34624 5.08905 4.59992 4.59992 4.59992 4.59992 4.59992 4.59992 3.54973 3.07946 3.07946 3.07946 3.07946 3.07946 3.07946 3.07946 3.07946 3.12455 3.22237 3.32029 3.41824 3.50830 3.52593 3.52593 3.52593 3.52593 3.50584 2.73092 2.68874 2.68874 2.68874 2.68874 2.68874 2.68874 2.68874 2.68874 2.68874 2.68874 2.68874 2.68874 2.68874 2.68874 2.68874 2.68874 2.66833 0.940835 0.798908 0.798908 0.798908 0.798908 0.798908 0.798908 0.804673 1.05723 1.43977 1.82232 2.20487 2.56863 2.65864
4.61145 7.66335 7.28314 6.42028 5.17695 4.59992 4.59992 4.59992 4.59992 4.59992 4.59992 4.59992 4.59992 4.59992 4.59992 3.99225 3.07946 3.07946 3.07946 3.09267 3.17924 3.27716 3.37507 3.47303 3.52584 3.52593 3.52593 3.52593 3.52593 3.52593 3.52593 3.52593 3.52593 3.52593 2.95090 2.68874 2.68874 2.68874 2.68874 2.68874 2.68874 2.68874 2.68874 2.68874 2.68874 2.68874 2.68874 2.68874 2.68874 2.68874 2.68874 2.68874 1.46035 0.798908 0.799094 1.00422 1.38677 1.76913 2.15187 2.52865 2.65864 2.65864 2.65864 2.65864 2.65864 2.65864
4.59992 4.59992 4.59992 4.59992 4.59992 4.59992 4.59992 4.59992 4.59992 4.59992 4.59992 4.59992 4.59992 4.59992 4.59960 4.30292 3.23410 3.33194 3.42990 3.51464 3.52593 3.52593 3.52593 3.52593 3.52593 3.52593 3.52593 3.52593 3.52593 3.52593 3.52593 3.52593 3.52593 3.52593 3.19106 2.68874 2.68874 2.68874 2.68874 2.68874 2.68874 2.68874 2.68874 2.68874 2.68874 2.68874 2.68874 2.68874 2.68874 2.68874 2.76794 3.00031 2.67247 2.09886 2.48123 2.65864 2.65864 2.65864 2.65864 2.65864 2.65864 2.65864 2.65864 2.65864 2.65864 2.65864
4.59992 4.59992 4.59992 4.59992 4.59992 4.59992 4.59992 4.59992 4.59992 4.59992 4.57206 4.36575 4.12757 3.88971 3.65196 3.54463 3.52934 3.52593 3.52593 3.52593 3.52593 3.52593 3.52593 3.52593 3.52593 3.52593 3.52593 3.52593 3.52593 3.52593 3.52593 3.52593 3.52593 3.52593 3.43001 2.69008 2.68874 2.68874 2.68874 2.68874 2.68874 2.68874 2.68874 2.68874 2.68874 2.72156 2.93156 3.16782 3.40397 3.64012 3.79718 3.80107 3.70177 2.66619 2.65864 2.65864 2.65864 2.65864 2.65864 2.65864 2.65864 2.65864 2.65864 2.65864 2.65864 2.65864
