High_resolution/powerplant/Shangrao/OMI_NO2_200703.asc
ncols      200
nrows      200
xllcorner       115.451
yllcorner       27.0350
cellsize     0.0166667
NODATA_Value      -999.000
[rows 29 to 57 of 164, columns 66 to 131 of 200]
      =*                  <*                ?*                >*                <*                  ?*                  9*              8*              8*                   <*                ?*                  3*   *9     *    8      *     8     *       3      *     2      *      ?     *    3     
   2*                 >*                     3*                  :*                  <*                  9*                :*                  ?*              <*            >*             ?*                  9*                     8*                  9*              8*                  3*                   2*  
9     *         ;      *     :      3*                  8*              3*               =*               <*                 <*               =*               >*               ;*                       :*                           ?*                 8*                 9*                  3*             9*             8*               8*            8*              :*                  3*           
   8*      *    ;    *    >      *    =       *     09 5.90216 5.85128 5.82239 5.82239 5.82239 5.89649 6.16747 6.16747 6.19593 6.34200 6.34200 6.34200 6.34200 6.71252 6.67915 5.25092 5.07713 4.90321 4.72892 4.22818 3.94850 3.69942 3.55335 3.41610 2.80396 2.71574 2.70271 2.70113 2.88140 3.25727 3.17033 3.13986 3.13487 3.13178 3.12915 3.12249 3.09652 3.06116 3.03218 3.08512 3.10733 2.97701 2.76174 2.58497 2.26112 2.22997 2.16516 2.16516 2.16516 2.16516 2.16516 2.16516 2.16516 2.16516 2.16516
4.81040 4.73840 4.68165 4.62702 4.60992 4.60992 4.72565 4.91740 4.91740 5.05370 5.89970 5.90193 5.86997 5.82239 5.82239 5.82239 5.82802 6.14125 6.16747 6.13784 6.20800 6.12629 6.04054 5.95478 5.88973 5.88719 3.87861 3.69896 3.52446 3.37143 3.27501 3.28869 3.30573 3.30988 3.25712 2.76506 2.58520 2.56918 2.55268 2.59266 3.23461 3.17448 3.10054 3.07492 3.05080 3.02910 3.01224 3.01023 3.01023 3.01023 3.05462 3.10733 3.07466 2.76321 2.71173 2.26203 2.25471 2.16634 2.16516 2.16516 2.16516 2.16516 2.16516 2.16516 2.16523 2.19375
4.60992 4.60992 4.60992 4.60992 4.60992 4.60992 4.63818 4.91564 4.91740 4.91740 5.76313 5.90158 5.87773 5.76309 5.71167 5.66022 5.60877 5.73019 5.77182 5.65819 5.30075 4.82513 4.30536 3.69940 3.09211 3.67123 3.33167 3.30280 3.31219 3.28388 3.17849 3.06871 2.95894 2.84922 2.79755 2.70434 2.53821 2.53821 2.53993 2.54444 3.04710 3.11197 3.01114 3.01023 3.01023 3.01023 3.01023 3.01023 3.01023 3.01023 3.02713 3.10733 3.10733 2.82930 2.76174 2.33957 2.26112 2.18586 2.16516 2.16523 2.19375 2.24552 2.29624 2.34196 2.38430 2.38517
4.60992 4.60992 4.60992 4.60493 4.58405 4.56145 4.53482 4.74017 4.78384 4.75208 5.31221 5.60424 5.51043 5.47366 5.30530 5.05720 4.78913 4.51297 4.09526 3.76968 3.33979 3.02323 3.07169 3.10351 3.09305 3.34338 3.25584 2.99311 2.88339 2.80187 2.79755 2.79755 2.79755 2.79755 2.79258 2.76565 2.55022 2.55272 2.55489 2.55493 2.86546 3.11472 3.01727 3.01023 3.01023 3.01023 3.01023 3.01023 3.01023 3.01023 3.01063 3.09533 3.10733 2.92832 2.76180 2.49566 2.33821 2.32141 2.30999 2.33743 2.33657 2.30630 2.25688 2.21080 2.16805 2.13845
4.40164 4.36799 4.33333 4.30449 4.29672 4.29052 4.28812 4.41906 4.59273 4.59273 4.79571 4.87599 4.36395 4.02988 3.88071 3.76764 3.65451 3.55666 3.73831 3.73940 3.44904 2.87169 2.72539 2.57903 2.44474 2.59415 3.02140 2.79755 2.79755 2.79747 2.79111 2.78182 2.77350 2.76599 2.76240 2.76240 2.60117 2.55493 2.55493 2.55493 2.72080 3.11604 3.04482 3.01023 3.01023 3.01023 3.01023 3.01023 3.01023 3.01079 3.09671 3.32694 3.57538 3.66841 3.55036 3.23450 2.26619 2.22640 2.19416 2.16630 2.13845 2.11657 2.11491 2.11491 2.11491 2.11491
4.28812 4.28812 4.28812 4.28812 4.28812 4.28812 4.28812 4.33052 4.59273 4.58084 4.49950 4.16525 3.74827 3.47986 3.41967 3.41084 3.37658 3.34070 3.36898 3.27010 3.08932 2.41901 2.41901 2.41901 2.41901 2.43438 3.10366 2.80052 2.79755 2.79701 2.76467 2.76240 2.76240 2.76240 2.76240 2.76240 2.66151 2.55493 2.55493 2.55493 2.58523 3.10706 3.07638 3.08957 3.20073 3.31413 3.45492 3.59708 3.73912 3.88088 3.93688 4.00799 4.20204 4.14206 3.81038 3.62853 2.12950 2.12047 2.11522 2.11491 2.11491 2.11491 2.11491 2.11491 2.11491 2.11491
4.28812 4.28812 4.28812 4.28812 4.28802 4.24611 4.17073 4.09534 4.22692 4.16676 4.07812 3.77267 3.43190 3.25259 3.19751 3.15096 3.13028 3.11102 3.07441 3.03862 2.99555 2.42019 2.41901 2.41901 2.41901 2.41901 2.95802 2.86156 2.79755 2.79755 2.77379 2.76240 2.76240 2.76240 2.76240 2.76218 2.70345 2.50690 2.47737 2.44800 2.42760 3.50688 3.95767 3.87224 3.90336 3.93199 3.92953 3.89271 3.84836 3.80405 3.75967 3.72995 3.97800 3.99251 3.82774 3.74059 2.40454 2.12055 2.11667 2.11491 2.11491 2.11491 2.11491 2.11491 2.11491 2.11491
4.07972 3.99326 3.89709 3.79869 3.64569 3.50375 3.38696 3.25628 3.12178 2.96957 2.91871 2.72775 2.46024 2.46024 2.46024 2.46024 2.46024 2.46024 2.45086 2.41901 2.41901 2.41901 2.41901 2.41901 2.41901 2.41901 2.76250 2.95551 2.79755 2.77989 2.73403 2.68924 2.65965 2.63023 2.60100 2.56503 2.47918 2.43561 2.49770 2.54667 2.58662 3.40273 4.11179 3.88609 3.81078 3.76640 3.72592 3.71838 3.71838 3.71935 3.72315 3.72713 3.89753 3.99251 3.89989 3.74059 2.81684 2.12055 2.11820 2.11491 2.11491 2.11491 2.11491 2.11491 2.11491 2.11491
3.41372 3.31283 3.17404 3.02787 2.95467 2.92538 2.90498 2.90537 2.90537 2.90537 2.90537 2.84488 2.46024 2.46024 2.46024 2.46024 2.46024 2.46024 2.45985 2.42210 2.41901 2.41901 2.43661 2.50942 2.58625 2.66308 2.79737 2.82356 2.56420 2.54541 2.54632 2.50716 2.41576 2.32362 2.23116 2.14569 2.12876 2.42391 2.51898 2.47463 2.43028 2.80115 3.93073 3.80712 3.71838 3.71982 3.72376 3.72774 3.73173 3.73474 3.73492 3.73492 3.82030 3.99251 3.97050 3.74229 3.22880 2.12055 2.11969 2.11491 2.11491 2.11491 2.11491 2.11491 2.11491 2.12438
2.72820 2.90278 2.90356 2.90537 2.90537 2.90537 2.90537 2.90537 2.90537 2.90537 2.90537 2.90537 2.51685 2.46024 2.46024 2.46365 2.52160 2.59848 2.67531 2.72563 2.78774 2.86457 2.98370 3.21368 3.42627 3.61739 3.75311 3.70751 2.36632 2.16949 2.05424 2.09729 2.14478 2.19505 2.24641 2.29779 2.34893 2.36113 2.37552 2.37552 2.37552 2.43460 3.89314 3.87496 3.73234 3.73488 3.73492 3.73492 3.73492 3.73492 3.73492 3.73492 3.75334 3.98972 3.99251 3.79261 3.62767 2.13416 2.12054 2.11554 2.11491 2.14329 2.25596 2.35102 2.42863 2.49422
2.39161 2.90537 2.90537 2.90537 2.90537 2.90537 2.90537 2.90537 2.90537 2.87848 2.80096 2.72221 2.67733 2.79986 2.87680 2.95016 2.97254 3.13190 3.35540 3.54307 3.70171 3.85377 3.87119 3.76300 3.64744 3.53176 3.45024 3.40875 2.50545 2.13325 2.19742 2.29396 2.36880 2.36986 2.36986 2.36986 2.36991 2.36403 2.38015 2.38611 2.39009 2.39207 3.56088 3.93549 3.73870 3.73492 3.73492 3.73492 3.73492 3.73492 3.73492 3.73492 3.73492 3.92413 3.99251 3.86490 3.74059 2.48240 2.27395 2.33846 2.41386 2.49291 2.51471 2.54172 2.57618 2.61194
2.19487 2.86036 2.90274 2.84557 2.76687 2.68813 2.60944 2.53069 2.45205 2.40014 2.39898 2.42231 2.77491 3.45336 3.64335 3.81506 3.96875 4.03370 4.06067 4.08518 3.58739 3.46417 3.44830 3.49156 3.55576 3.62001 3.68418 3.71220 3.12153 2.30687 2.30687 2.31411 2.36968 2.37308 2.37707 2.38105 2.38499 2.38641 2.38003 2.39207 2.39207 2.39207 3.16065 3.94728 3.78478 3.73492 3.73492 3.73492 3.73492 3.73492 3.73492 3.60183 3.45048 3.47197 3.52728 3.45245 3.29058 2.73922 2.33676 2.41633 2.55942 2.56944 2.57405 2.57867 2.58209 2.57496
1.69299 2.22531 2.42050 2.39898 2.39898 2.39898 2.45141 2.57017 2.67661 2.77202 2.85808 2.92271 3.00949 4.03876 4.07691 4.10952 4.14668 4.16519 4.15133 4.11094 3.71006 3.66482 3.72786 3.74877 3.74877 3.74877 3.74877 3.73823 3.49898 2.30687 2.30687 2.30687 2.37096 2.38641 2.38641 2.38641 2.38641 2.38641 2.37838 2.39207 2.39207 2.39207 2.76065 3.94728 3.84254 3.73492 3.73128 3.71781 3.68687 3.63338 3.57952 3.38365 3.07481 3.05232 3.22769 3.29755 3.17843 2.94531 2.40506 2.42313 2.58034 2.57177 2.56095 2.55088 2.54157 2.53822
1.43413 1.97220 2.60367 2.70658 2.79899 2.88239 2.92845 2.92844 2.90457 2.86347 2.81706 2.76429 2.71530 3.87084 4.12947 4.08844 4.04744 4.00644 3.97928 3.97864 3.88295 3.74877 3.74877 3.74877 3.74877 3.74877 3.74877 3.74870 3.68776 2.50342 2.30687 2.30687 2.34874 2.38641 2.38641 2.38641 2.38641 2.38641 2.37677 2.39845 2.42313 2.44895 2.52201 3.87392 3.85990 3.54156 3.49135 3.45097 3.42809 3.42661 3.41822 3.36869 3.01435 3.00582 3.11175 3.26908 3.20442 3.10182 2.40816 2.39379 2.51086 2.53822 2.53822 2.53822 2.53822 2.53822
2.41626 2.48949 2.91999 2.91994 2.88262 2.83871 2.78896 2.73280 2.71023 2.69288 2.65199 2.61099 2.56998 3.30039 3.97864 3.97864 3.97864 3.97864 3.97864 3.97864 3.96050 3.74950 3.74877 3.74877 3.74877 3.74877 3.74877 3.74877 3.70545 2.88088 2.30687 2.30687 2.32762 2.41429 2.44009 2.46593 2.49546 2.55205 2.60831 2.64280 2.66385 2.67548 2.67534 3.58171 3.92656 3.45223 3.41002 3.40030 3.39057 3.38194 3.38060 3.38060 3.04958 3.01637 3.00616 3.14002 3.10093 3.05430 2.53054 2.38942 2.46926 2.53822 2.53822 2.53822 2.53822 2.53822
2.45844 2.45844 2.68557 2.71313 2.70573 2.67049 2.62949 2.58849 2.54749 2.52381 2.52368 2.52368 2.52368 2.89727 3.97864 3.97864 3.97864 3.97864 3.97864 3.97864 3.97875 3.79591 3.74877 3.74877 3.74877 3.74634 3.71302 3.67035 3.67556 3.38655 2.46706 2.52631 2.59830 2.65622 2.67784 2.68949 2.69737 2.67825 2.65646 2.64346 2.64893 2.63920 2.62947 3.21700 3.88889 3.54395 3.38060 3.38066 3.39939 3.43558 3.47568 3.52049 3.21097 3.05761 3.01879 3.06537 3.12018 3.05455 2.69999 2.38942 2.42899 2.53822 2.53822 2.53822 2.53822 2.53822
2.44194 2.40472 2.47610 2.56599 2.52947 2.52368 2.52368 2.52368 2.52368 2.52368 2.52368 2.52368 2.52368 2.56795 3.91302 3.97864 3.97864 3.97864 3.97864 3.95270 3.89584 3.73936 3.60130 3.55863 3.51596 3.44291 3.26796 3.08831 2.97651 3.13776 2.72682 2.71163 2.68104 2.65734 2.65299 2.66744 2.70586 2.74461 2.78334 2.72790 2.60825 2.60825 2.60825 2.87818 3.92887 3.76955 3.48230 3.52782 3.54961 3.54961 3.54961 3.54961 3.31863 3.05761 3.05452 3.01239 3.12679 3.06870 2.86953 2.38942 2.39412 2.53282 2.53822 2.53822 2.51789 2.45569
2.29403 2.29396 2.32989 2.52368 2.52368 2.52368 2.52368 2.52368 2.52368 2.52368 2.52368 2.52368 2.53370 2.59926 3.51484 3.80382 3.74689 3.69000 3.63314 3.60150 3.46460 3.23568 3.08540 3.02835 2.97071 2.92583 2.99396 3.06947 3.12678 3.04943 2.68078 2.69130 2.73974 2.78349 2.81021 2.83447 2.83481 2.83481 2.83481 2.80566 2.60199 2.59871 2.59280 2.60753 4.08850 4.09770 3.54961 3.54961 3.54961 3.54961 3.54961 3.54961 3.43767 3.05761 3.05761 2.98289 3.12404 3.08950 3.02478 2.40328 2.34986 2.38977 2.35604 2.27386 2.20819 2.17760
2.29396 2.29396 2.29398 2.49167 2.52368 2.52368 2.55668 2.63078 2.70503 2.77923 2.85352 2.92763 2.99200 3.00054 3.17262 3.40166 3.30919 3.22616 3.15072 3.08192 3.12600 3.24842 3.18636 3.14434 3.12353 3.12223 3.15010 3.18885 3.22758 3.28461 2.93341 2.86738 2.86738 2.86691 2.83697 2.83569 2.84158 2.84889 2.85703 2.86546 2.62614 2.58417 2.58417 2.58417 3.70036 4.18215 3.63709 3.54961 3.54961 3.54082 3.50745 3.47428 3.43427 3.18804 3.22373 3.18518 3.21059 3.14609 3.00760 2.39705 2.24606 2.24500 2.18299 2.18131 2.18676 2.21136
2.42809 2.43253 2.50678 2.71078 2.88495 2.95920 3.00040 3.00054 3.01480 3.32104 3.65997 3.96608 4.24548 4.50197 4.68903 3.35234 3.27995 3.27995 3.27995 3.27995 3.27995 3.30423 3.24678 3.21571 3.25445 3.29196 3.30284 3.30284 3.30284 3.38004 2.98296 2.86738 2.86738 2.86738 2.86157 2.86629 2.86062 2.83945 2.81822 2.79799 2.63040 2.50223 2.48831 2.47499 3.07219 3.80662 3.46093 3.21965 3.19590 3.17272 3.07877 2.96949 2.87835 2.97856 2.94765 2.82440 2.64816 2.64431 2.64183 2.50192 2.38958 2.40653 2.32443 2.34977 2.38127 2.41225
3.04397 2.77082 2.87409 3.39300 3.91424 4.20339 4.46792 4.71118 4.92594 4.95324 4.95217 4.95217 4.95217 4.95217 4.94557 3.72669 3.28625 3.33690 3.39614 3.45544 3.51471 3.54970 3.46149 3.30284 3.30284 3.30284 3.30284 3.30284 3.30284 3.33182 3.15308 2.87785 2.86738 2.86738 2.86738 2.67023 2.63228 2.63192 2.63192 2.63192 2.56882 2.40536 2.40429 2.38967 2.58454 3.32201 3.03316 2.67385 2.58267 2.49753 2.49952 2.51752 2.52432 2.67168 2.85483 2.91977 2.87203 2.88309 2.78420 2.65881 2.56021 2.57600 2.46613 2.46333 2.46429 2.46429
3.56868 4.73552 4.89281 4.81905 4.94336 4.95217 4.95217 4.95217 4.95217 4.95217 4.95217 4.95217 4.98276 5.04203 5.10130 4.36236 3.54133 3.54997 3.54997 3.54997 3.54997 3.54997 3.53798 3.30719 3.30284 3.30284 3.30284 3.30284 3.30284 3.30284 3.26480 2.91424 2.86738 2.86738 2.86738 2.70697 2.61875 2.59996 2.58121 2.56073 2.51237 2.24290 2.16294 2.10031 2.04543 2.49126 2.51148 2.52090 2.56242 2.61433 2.66621 2.71816 2.76331 2.83673 3.03946 3.03946 2.97211 2.92005 2.87386 2.77914 2.57331 2.59728 2.51117 2.46429 2.46429 2.46429
2.86193 4.77987 4.77987 4.77987 4.89670 4.95217 4.95217 4.96183 5.01570 5.07494 5.13424 5.19351 5.22218 5.22218 5.22218 4.85780 3.54997 3.54997 3.54997 3.54997 3.54997 3.54997 3.54997 3.36137 3.30284 3.30284 3.30284 3.30284 3.30284 3.29873 3.30985 2.89153 2.78367 2.76023 2.71732 2.56640 2.42532 2.43561 2.46657 2.54439 2.65305 2.38495 2.24369 2.33795 2.44089 2.71117 2.70271 2.75728 2.76959 2.76959 2.76959 2.76959 2.76959 2.78545 3.03797 3.03946 3.02202 2.94125 2.92575 2.79001 2.60642 2.59728 2.54693 2.46429 2.46429 2.46429
2.13738 4.55923 4.77980 4.76029 4.84586 5.10788 5.16715 5.21675 5.22218 5.22218 5.22218 5.22218 5.22218 5.22218 5.22218 5.17183 3.66925 3.54997 3.54997 3.54997 3.54997 3.54997 3.54802 3.41941 3.28576 3.27772 3.26969 3.26165 3.24377 3.17934 3.16549 2.60001 2.62524 2.72820 2.84199 2.91930 2.83646 2.89728 2.91845 2.88383 2.83999 2.72170 2.61755 2.63084 2.63084 2.77957 2.76175 2.76568 2.76959 2.76959 2.76959 2.76959 2.76959 2.76959 2.98853 3.03946 3.03946 2.95388 2.94125 2.81719 2.65403 2.59728 2.58259 2.46445 2.46429 2.46429
1.98967 3.75916 4.64312 4.62821 4.68429 5.21868 5.22218 5.22218 5.22218 5.22218 5.22218 5.22218 5.22218 5.22218 5.22218 5.21782 4.04593 3.53246 3.52247 3.51243 3.50237 3.49233 3.48423 3.40152 3.14669 3.06669 2.96528 2.87596 2.83917 2.85689 2.89751 3.09294 3.18544 3.18775 3.13830 3.08350 2.82087 2.76549 2.74167 2.74162 2.74162 2.73647 2.63381 2.63084 2.63084 2.70370 2.81075 2.76355 2.76959 2.76959 2.76959 2.76959 2.76959 2.76959 2.92191 3.03946 3.03946 2.98094 2.94125 2.85990 2.71246 2.59098 2.59728 2.48546 2.45907 2.45073
3.05750 3.55576 6.37047 6.99468 7.20997 7.28055 7.32675 7.32844 7.33815 7.36311 7.38827 7.41346 7.43859 7.46373 7.48305 1.62138 1.62138 1.53337 2.14010 2.33419 2.35725 2.38030 2.40335 2.42641 2.44946 2.46388 2.46408 2.46237 2.39464 2.29263 2.19502 2.11395 2.12207 2.79462 3.10189 3.21210 3.24001 3.35062 3.48774 3.48774 3.48774 3.48774 3.48774 3.48774 3.54003 3.64592 3.75171 3.82944 2.93936 2.55336 2.55336 2.55336 2.55336 2.55336 2.55336 2.55336 2.34225 2.24296 2.24296 2.24296 2.24296 2.24296 2.29057 2.16800 2.24158 2.27120
