High_resolution/powerplant/Shangrao/OMI_NO2_201005.asc
ncols      200
nrows      200
xllcorner       115.451
yllcorner       27.0350
cellsize     0.0166667
NODATA_Value      -999.000
[rows 112 to 139 of 166, columns 62 to 123 of 200]
0.886543 1.21589 1.21589 1.21589 2.09511 2.09511 2.09511 2.09511 2.09511 2.09511 2.03790 1.83819 1.85415 1.89397 1.94741 2.02286 2.09306 2.09511 2.09511 2.09511 2.09511 2.07977 1.87590 1.61613 1.35636 1.14463 1.12474 1.12474 1.12474 1.12474 1.12474 1.22679 1.81907 1.83109 1.83109 1.83109 1.83109 1.83109 1.83109 1.83109 1.83109 1.83109 1.83109 1.83109 1.79718 1.64399 1.48047 1.31704 1.16252 1.12614 1.12628 1.19407 1.48035 1.71304 1.83281 1.87011 1.87011 1.61737 1.56714 1.56714 1.56714 1.56714
0.968040 1.21589 1.21589 1.21589 2.09511 2.09511 2.09511 2.09511 2.09511 2.09511 2.09511 2.04491 2.09511 2.09511 2.09511 2.09511 2.09511 2.09433 1.94489 1.68503 1.42526 1.18063 1.12474 1.12474 1.12474 1.12474 1.12474 1.12474 1.12474 1.12474 1.12474 1.12551 1.74319 1.83109 1.83109 1.83109 1.83109 1.83109 1.83109 1.83109 1.75650 1.59303 1.42962 1.26607 1.13643 1.12614 1.12614 1.17436 1.29634 1.41903 1.54158 1.59657 1.68085 1.87011 1.87011 1.87011 1.87011 1.70945 1.56714 1.56714 1.56714 1.56714
0.943372 1.15951 1.21589 1.21589 0.00000 2.09511 2.09511 2.09511 2.09511 2.09511 2.09511 2.09511 2.09511 2.09511 2.00933 1.75392 1.49416 1.23507 1.12474 1.12474 1.12474 1.12474 1.12474 1.12474 1.12474 1.12474 1.12474 1.12474 1.12474 1.12474 1.12474 1.12474 1.55287 1.83109 1.83109 1.82523 1.70575 1.54213 1.37869 1.21510 1.12628 1.12614 1.12614 1.15794 1.27583 1.39861 1.52130 1.59577 1.59657 1.59657 1.59657 1.59657 1.60913 1.86244 1.87011 1.87011 1.87011 1.80157 1.56714 1.56714 1.56714 1.56714
0.943195 1.06146 1.21589 1.21589 0.00000 2.09511 2.09511 2.09511 2.09511 2.09511 2.05619 1.82292 1.56305 1.30319 1.12930 1.12474 1.12474 1.12474 1.12474 1.12474 1.12474 1.12474 1.12474 1.12474 1.12474 1.12474 1.12474 1.12474 1.12474 1.12474 1.12474 1.12474 1.28325 1.51000 1.32775 1.17006 1.12614 1.12614 1.12614 1.14491 1.25542 1.37810 1.50089 1.59177 1.59657 1.59657 1.59657 1.59657 1.59657 1.59657 1.59657 1.59657 1.59657 1.79570 1.87011 1.87011 1.87011 1.86739 1.59342 1.56714 1.56714 1.56714
0.943195 1.04076 1.21589 1.21589 0.00000 2.09511 2.08474 1.89181 1.63205 1.37218 1.15123 1.12474 1.12474 1.12474 1.12474 1.12474 1.12474 1.12474 1.12474 1.12474 1.12474 1.12474 1.12474 1.12474 1.12474 1.12474 1.12474 1.12474 1.12474 1.12474 1.12474 1.12474 1.13363 1.20681 1.12614 1.13531 1.23495 1.35769 1.48038 1.58434 1.59657 1.59657 1.59657 1.59657 1.59657 1.59657 1.59657 1.59657 1.59657 1.59657 1.59657 1.59657 1.59657 1.71644 1.87011 1.87011 1.87011 1.87011 1.68274 1.56714 1.58079 1.63857
1.70821 1.81201 1.23655 1.21589 0.00000 0.00000 1.18970 1.12474 1.12474 1.12474 1.12474 1.12474 1.12474 1.12474 1.12474 1.12474 1.12474 1.12474 1.12474 1.12474 1.12474 1.12474 1.12474 1.12474 1.12474 1.12474 1.12474 1.12474 1.12474 1.12474 1.12474 1.12663 1.20670 1.46669 1.45996 1.57347 1.59657 1.59657 1.59657 1.59657 1.59657 1.59657 1.59657 1.59657 1.59657 1.59657 1.59657 1.59657 1.59657 1.59657 1.59657 1.59657 1.59657 1.63706 1.87011 1.87120 1.93033 2.04245 2.05473 1.88001 2.00477 1.96310
1.83379 1.83379 1.45379 1.21589 0.00000 0.00000 1.12474 1.12474 1.12474 1.12474 1.12474 1.12474 1.12474 1.12474 1.12474 1.12474 1.12474 1.12474 1.12474 1.12474 1.12474 1.12474 1.12474 1.12474 1.12474 1.12474 1.12474 1.12474 1.17473 1.29526 1.41628 1.53541 1.57633 1.79332 1.59877 1.59657 1.59657 1.59657 1.59657 1.59657 1.59657 1.59657 1.59657 1.59657 1.59657 1.59657 1.59657 1.59657 1.59657 1.59657 1.59657 1.59554 1.58871 1.58097 2.11384 2.50796 2.61813 2.57711 2.27569 1.49210 1.21750 1.00691
1.83379 1.83599 1.66609 1.30211 0.00000 0.00000 1.12474 1.12474 1.12474 1.12474 1.12474 1.12474 1.12474 1.12474 1.12474 1.12474 1.12474 1.12474 1.12474 1.12474 1.12474 1.12474 1.12474 1.12474 1.14958 1.26279 1.38382 1.50480 1.57588 1.57633 1.57633 1.57633 1.57633 1.62613 1.69032 1.59657 1.59657 1.59657 1.59657 1.59657 1.59657 1.59657 1.59657 1.59657 1.59657 1.59657 1.59657 1.59395 1.58633 1.57860 1.57087 1.56417 1.56327 1.55382 1.79650 2.04146 1.72980 1.45916 1.42220 1.11495 0.987443 0.987443
1.93620 1.95613 1.90522 1.46739 0.00000 0.00000 0.00000 1.12474 1.12474 1.12474 1.12474 1.12474 1.12474 1.12474 1.12474 1.12474 1.12474 1.12474 1.12474 1.12474 1.13314 1.23032 1.35130 1.47237 1.56856 1.57633 1.57633 1.57633 1.57633 1.57633 1.57633 1.57633 1.57633 1.57633 1.72671 1.59657 1.59657 1.59657 1.59657 1.59657 1.59657 1.59657 1.59651 1.59170 1.58396 1.57623 1.56849 1.56339 1.56327 1.56064 1.45671 1.30070 1.14493 0.998429 1.03894 1.42220 1.42220 1.42220 1.42220 1.24686 0.987443 0.987443
1.95954 1.95954 1.95805 1.54742 0.00000 0.00000 0.00000 1.12474 1.12474 1.12474 1.12474 1.12474 1.12474 1.12474 1.12474 1.12474 1.12542 1.19785 1.31888 1.43990 1.55253 1.57633 1.57633 1.57633 1.57633 1.57633 1.57633 1.57633 1.57633 1.57633 1.57633 1.57633 1.57633 1.57633 1.73979 1.59657 1.59657 1.59657 1.59583 1.58932 1.58159 1.57385 1.56619 1.56327 1.56327 1.56327 1.48242 1.32665 1.17064 1.01732 0.965302 0.965302 0.965302 0.965302 0.972354 1.38470 1.42220 1.42220 1.42220 1.37691 0.989356 0.987443
1.95954 1.95954 1.95954 1.72995 0.00000 0.00000 0.00000 1.12474 1.12474 1.12474 1.12474 1.12474 1.12474 1.16701 1.28645 1.40743 1.52774 1.57633 1.57633 1.57633 1.57633 1.57633 1.57633 1.57633 1.57633 1.57633 1.57633 1.57633 1.57633 1.57633 1.57633 1.57633 1.57633 1.57633 1.66912 1.62907 1.57922 1.57148 1.56449 1.56327 1.56327 1.56327 1.50658 1.35242 1.19648 1.04041 0.965302 0.965302 0.965302 0.965302 0.965302 0.965302 0.965302 0.965302 0.965302 1.20998 1.42220 1.42220 1.42220 1.42220 1.07599 0.987443
1.95299 1.95954 1.95954 1.85344 0.00000 0.00000 0.00000 1.12474 1.12474 1.14425 1.25394 1.37496 1.49595 1.57470 1.57633 1.57633 1.57633 1.57633 1.57633 1.57633 1.57633 1.57633 1.57633 1.57633 1.57633 1.57633 1.57633 1.57633 1.57633 1.57633 1.57633 1.57633 1.57633 1.57633 1.57633 1.66294 1.56327 1.56327 1.52649 1.37814 1.22219 1.06618 0.966976 0.965302 0.965302 0.965302 0.965302 0.965302 0.965302 0.965302 0.965302 0.965302 0.965302 0.965302 0.965302 1.08222 1.42220 1.42220 1.42220 1.42220 1.20795 0.987443
1.69807 1.73601 1.63368 1.53013 0.00000 0.00000 0.00000 0.00000 1.46424 1.56504 1.57633 1.57633 1.57633 1.57633 1.57633 1.57633 1.57633 1.57633 1.57633 1.57633 1.57633 1.57633 1.57633 1.57633 1.57633 1.57633 1.57633 1.57633 1.57633 1.57633 1.57633 1.57633 1.57633 1.57633 1.55728 1.50145 1.24790 1.09195 0.972956 0.965302 0.965302 0.965302 0.965302 0.965302 0.965302 0.965302 0.965302 0.965302 0.965302 0.965302 0.965302 0.965302 0.965302 0.965302 0.965302 0.994130 1.42102 1.42220 1.43291 1.56707 1.63335 1.51632
1.26004 1.47635 1.47635 1.47635 0.00000 0.00000 0.00000 0.00000 1.57633 1.57633 1.57633 1.57633 1.57633 1.57633 1.57633 1.57633 1.57633 1.57633 1.57633 1.57633 1.57633 1.57633 1.57633 1.57633 1.57633 1.57633 1.57633 1.57633 1.57633 1.57633 1.57228 1.46224 1.30531 1.14839 1.01051 1.03004 0.969335 0.965302 0.965302 0.965302 0.965302 0.965302 0.965302 0.965302 0.965302 0.965302 0.965302 0.965302 0.965302 0.965302 0.965302 0.965302 0.965302 0.965302 0.978948 1.03968 1.63540 1.81440 1.87287 1.88511 1.90744 1.86653
1.17166 1.47635 1.47635 1.47635 0.00000 0.00000 0.00000 0.00000 1.57633 1.57633 1.57633 1.57633 1.57633 1.57633 1.57633 1.57633 1.57633 1.57633 1.57633 1.57633 1.57633 1.57633 1.57633 1.57633 1.57633 1.57633 1.57633 1.50378 1.34698 1.19011 1.03717 0.990350 0.990350 0.990350 0.990350 0.990479 0.995667 0.965302 0.965302 0.965302 0.965302 0.965302 0.965302 0.965302 0.965302 0.965302 0.965302 0.965302 0.965302 0.965302 0.994595 1.06299 1.15392 1.28032 1.41324 1.42220 1.76474 1.97044 2.04755 2.12460 2.17885 2.21519
1.13035 1.43259 1.49348 1.49830 0.00000 0.00000 0.00000 0.00000 0.00000 1.57633 1.57633 1.57633 1.57633 1.52104 1.27932 1.36632 1.57633 1.57633 1.57633 1.57633 1.57633 1.57633 1.57633 1.53830 1.38870 1.23171 1.07485 0.990467 0.990350 0.990350 0.990350 0.990350 0.990350 0.990350 0.990350 0.990350 1.00294 0.965302 0.965302 0.965302 0.965302 0.965302 0.965302 0.965302 0.965302 0.968222 1.01407 1.08848 1.18867 1.33053 1.42220 1.42220 1.43746 1.56784 1.72206 1.87616 2.07108 2.18089 2.18089 2.18089 2.18089 2.19729
1.14302 1.32172 1.50380 1.50380 0.00000 0.00000 0.00000 0.00000 0.00000 1.39857 1.26784 1.08865 0.959234 0.875766 0.867850 1.03571 1.57633 1.57633 1.57633 1.56185 1.43036 1.27338 1.11657 0.997616 0.990350 0.990350 0.990350 0.990350 0.990350 0.990350 0.990350 0.990350 0.990350 0.990350 0.990350 0.990350 1.01370 0.965302 0.965302 0.965302 0.965302 0.976537 1.03518 1.11639 1.22736 1.37720 1.42220 1.42220 1.42830 1.54282 1.69698 1.85114 1.98998 2.01376 2.01376 2.01376 2.02009 2.17589 2.18089 2.18089 2.18089 2.18243
1.14302 1.22301 1.50380 1.50380 0.00000 0.159372 0.159372 0.159372 0.159372 0.231608 0.858045 0.867850 0.867850 0.867850 0.867850 0.901411 1.46375 1.31516 1.15817 1.01578 0.990350 0.990350 0.990350 0.990350 0.990350 0.990350 0.990350 0.990350 0.990350 0.990350 0.990350 0.990350 0.990350 0.990350 0.990350 0.990350 0.996318 1.00407 1.05809 1.14711 1.27086 1.40896 1.42220 1.42220 1.42327 1.51786 1.67196 1.82606 1.97413 2.01376 2.01376 2.01376 2.01376 2.01376 2.01376 2.01376 2.01376 2.14816 2.18089 2.18089 2.18089 2.18089
1.14302 1.15249 1.48555 1.50380 0.159372 0.159372 0.159372 0.159372 0.159372 0.159372 0.749488 0.867850 0.836149 0.758096 0.679663 0.602226 0.846528 0.990350 0.990350 0.990350 0.990350 0.990350 0.990350 0.990350 0.990350 0.990350 0.990350 0.990350 0.990350 0.990350 0.990350 0.990350 0.988911 0.896168 0.788259 0.712055 0.655394 0.969999 1.42220 1.42220 1.42220 1.49289 1.64699 1.80104 1.95413 2.01376 2.01376 2.01376 2.01376 2.01376 2.01376 2.01376 2.01376 2.01376 2.01376 2.01376 2.01376 2.10647 2.18089 2.18089 2.18089 2.18089
1.19204 1.21059 1.35904 1.33272 0.159372 0.159372 0.159372 0.159372 0.159372 0.159372 0.471991 0.622003 0.575271 0.574861 0.574861 0.574861 0.711443 0.990350 0.990350 0.990350 0.990350 0.990350 0.990350 0.990350 0.990350 0.990350 0.990350 0.990350 0.982296 0.873639 0.772690 0.700700 0.647108 0.629947 0.629947 0.629947 0.629947 0.805418 1.62191 1.77607 1.93017 2.01364 2.01376 2.01376 2.01376 2.01376 2.01376 2.01376 2.01376 2.01376 2.01376 2.01376 2.01376 2.01376 2.01376 2.01376 2.01376 2.04393 2.18054 2.18089 2.18089 2.16387
0.950986 0.861999 0.824294 0.872983 0.159372 0.159372 0.159372 0.159372 0.159372 0.159372 0.233057 0.573464 0.574861 0.574861 0.574861 0.574861 0.620642 0.990350 0.990350 0.990350 0.990350 0.990350 0.990350 0.990350 0.970444 0.852673 0.758094 0.689913 0.640577 0.629947 0.629947 0.629947 0.629947 0.643201 0.731137 0.830875 0.930501 1.01966 1.94185 2.01376 2.01376 2.01376 2.01376 2.01376 2.01376 2.01376 2.01376 2.01376 2.01376 2.01376 2.01376 2.01376 2.01376 2.01376 2.01376 2.01376 2.01376 2.01376 1.99104 1.84122 1.70220 1.57994
0.798034 0.798034 0.804118 0.872781 0.159372 0.159372 0.159372 0.159372 0.159372 0.159372 0.159372 0.523298 0.574861 0.574861 0.574861 0.574861 0.575756 0.913572 0.990350 0.990350 0.954005 0.833070 0.744321 0.679652 0.635696 0.629947 0.629947 0.629947 0.629947 0.633112 0.704779 0.804525 0.904105 0.990552 1.00224 1.00224 1.00224 1.00224 1.55443 2.01376 2.01376 2.01376 2.01376 2.01376 2.01376 2.01376 2.01376 2.01376 2.01376 2.01376 2.01376 2.01376 2.01376 2.01376 2.01376 2.01376 2.01376 2.01376 1.70573 1.49862 1.34281 1.18624
0.798034 0.798034 0.781161 0.770498 0.159372 0.159372 0.159372 0.159372 0.159372 0.159372 0.159372 0.424250 0.574861 0.574861 0.574861 0.574861 0.651674 0.851345 0.731215 0.669881 0.632360 0.629947 0.629947 0.629947 0.629947 0.629947 0.678420 0.778120 0.877784 0.974282 1.00224 1.00224 1.00224 1.00224 1.00224 1.00224 1.00224 1.00224 1.26406 2.01376 2.01376 2.01376 2.01376 2.01376 2.01376 2.01376 2.01376 2.01376 2.01376 2.01376 2.01376 2.01376 2.01376 2.01376 2.01376 1.92793 1.62538 1.31236 1.01988 0.961881 0.961159 0.961159
0.571325 0.492007 0.436560 0.360760 0.159372 0.159372 0.159372 0.159372 0.159372 0.159372 0.159372 0.271822 0.662552 0.895759 1.13097 1.36609 1.52477 1.24921 0.629947 0.629947 0.629947 0.629947 0.655934 0.751725 0.851425 0.951051 1.00224 1.00224 1.00224 1.00224 1.00224 1.00224 1.00224 1.00224 1.00224 1.00224 1.00224 1.00224 1.06503 2.01055 2.01376 2.01376 2.01376 2.01376 2.01376 2.01376 2.01376 2.01376 2.01376 2.01376 2.01376 1.96123 1.67574 1.36261 1.04947 0.822284 0.811706 0.811706 0.815367 0.955570 0.961159 0.961159
0.435909 0.435909 0.435909 0.408777 0.159372 0.159372 0.159372 0.159372 0.358800 0.827886 1.29793 1.76892 1.57188 1.52906 1.52906 1.52906 1.52906 1.48806 0.666516 0.725366 0.825030 0.924693 0.998407 1.00224 1.00224 1.00224 1.00224 1.00224 1.00224 1.00224 1.00224 1.00224 1.00224 1.00224 1.00224 1.00224 1.00224 1.00224 1.00224 1.71025 2.01376 2.01376 2.01376 2.01376 2.01376 2.01376 2.01376 1.98635 1.72611 1.41297 1.09996 0.839353 0.811706 0.811706 0.811706 0.811706 0.811706 0.811706 0.811706 0.929622 0.961159 0.961159
0.435909 0.435909 0.435909 0.434788 0.383991 0.854031 1.32503 1.79507 2.06625 2.06778 2.06778 2.06778 1.69276 1.52906 1.53089 1.59816 1.69779 1.79745 1.23762 1.00224 1.00224 1.00224 1.00224 1.00224 1.00224 1.00224 1.00224 1.00224 1.00224 1.00224 1.00224 1.00224 1.00224 1.00224 1.00224 1.00855 1.09719 1.21135 1.32550 1.62924 2.01376 2.01376 2.01376 2.00342 1.77648 1.46346 1.15032 0.864596 0.811706 0.811706 0.811706 0.811706 0.811706 0.811706 0.811706 0.811706 0.811706 0.811706 0.811706 0.891296 0.961159 0.961159
0.437786 0.459789 0.487256 0.514757 2.06759 2.06778 2.06778 2.06778 2.06778 2.06778 2.06778 2.06778 1.91410 1.77109 1.86893 1.90136 1.90136 1.90136 1.51728 1.00224 1.00224 1.00224 1.00224 1.00224 1.00224 1.00224 1.00224 1.00224 1.00224 1.00224 1.00224 1.01738 1.11821 1.23236 1.34652 1.45437 1.47987 1.47987 1.47987 1.54258 1.82696 1.51383 1.20057 0.897893 0.811706 0.811706 0.811706 0.811706 0.811706 0.811706 0.811706 0.811706 0.811706 0.811706 0.811706 0.811706 0.811706 0.811706 0.811706 0.834537 0.960514 0.961159
0.542160 0.547463 0.547288 0.547112 2.06778 2.06778 2.06778 2.06778 2.06778 2.06778 2.06778 2.06778 2.06540 1.90978 1.90136 1.90136 1.90136 1.90136 1.78187 1.00251 1.00224 1.00224 1.00224 1.00224 1.00224 1.00224 1.00224 1.03018 1.13923 1.25329 1.36753 1.46655 1.47987 1.47987 1.47987 1.47987 1.49431 1.53539 1.57706 1.62187 0.996743 0.811706 0.811706 0.811706 0.811706 0.811706 0.811706 0.811706 0.811706 0.811706 0.811706 0.811706 0.811706 0.811706 0.811706 0.811706 0.811706 0.811706 0.811706 0.812652 1.05355 1.25091
