High_resolution/powerplant/Shangrao/OMI_NO2_201010.asc
ncols      200
nrows      200
xllcorner       115.451
yllcorner       27.0350
cellsize     0.0166667
NODATA_Value      -999.000
[rows 29 to 57 of 175, columns 67 to 133 of 200]
10.2808 10.2808 10.2753 10.1873 10.0722 9.50888 8.05205 7.88132 7.76693 7.43520 6.70848 6.70848 6.70848 6.70848 6.70848 6.70848 6.70249 5.80230 5.61911 5.66384 5.67798 5.65228 5.32659 5.27096 5.20797 4.39802 2.95739 2.95739 2.77644 2.54832 2.54832 2.54832 2.54832 2.54832 2.54832 2.69296 2.63858 2.65683 2.67862 2.70042 2.72141 2.56197 2.47629 2.47629 2.47629 2.47629 2.47629 2.47629 2.47629 2.33098 2.04878 2.12857 2.24236 2.78668 2.95634 2.95083 2.94237 2.93391 2.92544 2.91710 2.91415 2.91415 2.91415 2.91415 2.91415 2.91415 2.91415
9.91986 9.75664 9.39454 9.09142 8.81599 8.59382 7.79643 7.71979 7.71979 7.68104 6.74024 6.70848 6.70848 6.70718 6.65914 6.60777 6.59537 5.91865 5.65786 5.60883 5.59080 5.59080 5.29518 5.19613 5.19613 5.00091 2.97015 2.95739 2.90156 2.54853 2.54832 2.54832 2.55136 2.56731 2.58475 2.71723 2.72686 2.72720 2.72688 2.69274 2.63571 2.53563 2.47629 2.47629 2.47629 2.47628 2.47069 2.46009 2.44948 2.45491 2.50499 2.50062 2.59342 2.79595 2.91710 2.91415 2.91415 2.91415 2.91415 2.91415 2.91415 2.91415 2.91415 2.91415 2.91812 3.00070 3.11382
8.83771 8.61004 8.58691 8.58691 8.58691 8.58691 8.05800 7.71979 7.71979 7.69949 6.89948 6.60011 6.58805 6.57593 6.62143 6.67664 6.67821 6.13562 5.57533 5.59080 5.59080 5.59080 5.41886 5.19613 5.19613 5.19613 3.39059 2.95739 2.94466 2.62320 2.58752 2.60496 2.61936 2.60714 2.56283 2.55309 2.59952 2.48373 2.42708 2.40425 2.40425 2.41419 2.47340 2.46316 2.45255 2.48185 2.56937 2.66212 2.75496 2.84753 2.94127 2.80607 2.80607 2.82429 2.91415 2.91415 2.91415 2.91415 2.91415 2.91415 2.93099 3.03250 3.14548 3.25865 3.36776 3.39821 3.39821
8.58691 8.58691 8.58691 8.58691 8.58331 8.52861 8.26271 7.69011 7.74657 7.83566 7.39203 6.67821 6.67821 6.67821 6.67821 6.67821 6.67821 6.57117 5.51814 5.59080 5.59080 5.59080 5.55444 5.20132 5.18214 5.13428 3.89510 2.79252 2.71750 2.59818 2.48672 2.44112 2.39552 2.36364 2.36247 2.36247 2.48427 2.40425 2.40345 2.39670 2.41029 2.47055 2.63473 2.74197 2.83463 2.88762 2.88784 2.88784 2.88784 2.88784 2.94689 2.82323 2.80607 2.80619 2.90136 2.91415 2.95283 3.06421 3.17728 3.29036 3.38659 3.39821 3.39821 3.39821 3.39821 3.39821 3.39821
8.55924 8.50762 8.58328 8.69321 8.82183 9.03378 9.14376 8.07867 8.02663 8.02663 7.79443 6.67821 6.67821 6.67821 6.67821 6.67821 6.67821 6.67821 5.69910 5.59080 5.57148 5.51123 5.31385 4.74831 4.41751 4.17958 3.58510 2.50721 2.50011 2.47069 2.36247 2.36247 2.36247 2.36247 2.36239 2.35479 2.44214 2.53247 2.59488 2.66327 2.71136 2.71292 2.81128 2.88784 2.88784 2.88784 2.88784 2.88784 2.88784 2.88784 2.90837 2.88512 2.87480 2.98783 3.16550 3.32211 3.39651 3.39821 3.39821 3.39821 3.39821 3.39821 3.39821 3.39984 3.48852 3.62654 3.76462
8.98213 9.14693 9.18279 9.18279 9.18279 9.18279 9.18279 8.39977 8.02663 8.02663 8.02393 6.82316 6.67821 6.67821 6.67821 6.67821 6.61037 6.19575 5.15340 4.51369 4.17708 3.88058 3.72159 3.71170 3.70062 3.70062 3.66914 2.55173 2.50011 2.49928 2.37522 2.34443 2.32186 2.30458 2.28747 2.27788 2.33620 2.69358 2.71292 2.71292 2.71292 2.71292 2.76472 2.88784 2.88784 2.88784 2.88784 2.88408 2.81219 2.71503 2.61791 2.83500 3.29013 3.29013 3.32393 3.39821 3.39821 3.39821 3.39821 3.39821 3.46262 3.60059 3.73862 3.87502 3.92443 3.92443 3.92443
9.55758 9.18279 9.18279 9.18279 9.18279 9.18279 9.18279 8.75935 8.02663 8.02663 8.02663 7.03001 6.08140 5.60566 5.13043 4.65393 4.24632 4.18570 4.03141 3.66422 3.72142 3.72142 3.72142 3.71895 3.70075 3.70062 3.69068 2.81971 2.45361 2.43641 2.33763 2.28245 2.28781 2.28790 2.28790 2.28790 2.29222 2.62186 2.71292 2.71292 2.71292 2.71292 2.72517 2.87745 2.79646 2.69935 2.60223 2.50879 2.48352 2.48352 2.48352 2.58299 3.27038 3.29013 3.29559 3.39568 3.44004 3.57470 3.71273 3.85076 3.92438 3.92443 3.92476 3.93659 3.95408 3.97168 3.98916
9.90525 9.18279 9.18279 9.18279 9.18279 9.17137 8.93127 8.51941 7.10236 6.67246 6.26075 5.39662 4.18650 4.18570 4.18570 4.18570 4.18570 4.18570 4.18540 3.66179 3.72142 3.71518 3.69225 3.67586 3.65098 3.63112 3.62386 3.10246 2.42553 2.42553 2.38541 2.28790 2.28790 2.28790 2.28790 2.28790 2.28790 2.49250 2.71292 2.69975 2.63265 2.55978 2.48691 2.48068 2.48352 2.48352 2.48352 2.48352 2.48352 2.48352 2.48352 2.50965 3.12102 3.44068 3.57871 3.79681 3.92106 3.92484 3.93688 3.95444 3.97202 3.98945 4.00672 4.01242 4.01242 4.01242 4.01242
10.1876 8.82812 8.49185 8.16229 7.82588 7.48823 7.37876 7.35876 6.29714 5.93742 5.93742 5.80980 4.20405 4.18570 4.18570 4.18570 4.19489 4.33099 4.52273 4.13345 3.65277 3.64548 3.65488 3.65772 3.64196 3.62604 3.62604 3.43103 2.42553 2.42553 2.42129 2.29437 2.28790 2.28790 2.28790 2.27094 2.21425 2.23325 2.47119 2.41543 2.40967 2.40967 2.38896 2.41072 2.48352 2.48352 2.48352 2.48352 2.48075 2.43663 2.37890 2.32174 3.30319 3.79105 3.75138 3.82763 3.98981 4.00700 4.01242 4.01242 4.01242 4.01242 4.01242 4.01242 4.01242 4.01242 4.01242
8.62260 7.64225 7.38042 7.36041 7.34708 7.34675 7.34675 7.34675 6.73534 5.93742 5.93742 5.93742 4.62934 4.43410 4.63201 4.80914 4.95760 4.99086 4.99079 4.72936 3.69205 3.65772 3.65772 3.65772 3.65308 3.62612 3.62604 3.62460 2.56058 2.42553 2.42553 2.30885 2.20486 2.14656 2.08827 2.04693 2.03788 2.02132 2.27107 2.28031 2.23958 2.19881 2.17879 2.24552 2.48352 2.45336 2.39563 2.33790 2.26359 2.21028 2.17061 2.13096 2.65955 3.62186 3.62396 3.69054 4.01242 4.01242 4.01242 4.01242 4.01242 4.01242 4.01242 4.06700 4.26522 4.47094 4.67692
8.52363 7.93636 7.34675 7.34675 7.34675 7.34675 7.34675 7.36327 7.33618 6.23235 6.30732 6.37514 5.67305 4.99080 4.99079 4.99079 4.99079 4.99079 4.99079 4.96091 3.84860 3.65772 3.65772 3.65772 3.65772 3.63153 3.62604 3.60605 2.82345 2.31765 2.27178 2.14566 1.98527 1.95267 1.92009 1.88749 1.86231 1.86060 2.04233 2.17879 2.17879 2.16717 2.12544 2.07868 2.23314 2.17653 2.13686 2.09721 2.07693 2.07693 2.07693 2.07693 2.29223 3.49160 3.62396 3.62451 3.96748 4.01242 4.01242 4.11762 4.32351 4.52940 4.73520 4.88652 4.89419 4.89419 4.89419
8.52292 8.28427 7.34675 7.43313 7.57611 7.57872 7.56777 7.54472 7.42273 6.50339 6.30458 6.30458 5.99949 4.99079 4.99079 4.99079 4.99079 4.99079 4.99079 4.99079 4.20666 3.65772 3.65772 3.63059 3.57562 3.44518 3.24610 3.06036 2.62953 2.10097 2.07027 2.04745 1.86313 1.86060 1.86060 1.86060 1.86060 1.85720 1.91022 2.05927 1.98623 1.92475 1.89349 1.87424 2.01011 2.07693 2.07693 2.07693 2.07693 2.07693 2.07693 2.07693 2.08761 3.21337 3.63287 3.78762 4.22674 4.58769 4.79367 4.89419 4.89419 4.89419 4.89419 4.89419 4.89419 4.89419 4.89083
8.34313 8.15865 7.55930 7.48508 7.37212 7.36157 7.36157 7.36157 7.36157 6.83206 6.30458 6.30458 6.28369 5.07022 4.99079 4.99079 4.99079 4.99079 4.99076 4.94487 4.32168 3.14027 2.87730 2.64737 2.44525 2.36555 2.55893 2.55904 2.52113 2.06748 2.06321 2.06321 1.90913 1.85996 1.83500 1.80515 1.78440 1.76548 1.78277 1.86521 1.87385 1.87385 1.87385 1.87385 1.95312 2.07693 2.07693 2.07693 2.07693 2.07693 2.08436 2.13961 2.20334 3.01589 4.45459 4.50573 4.62837 4.89419 4.89419 4.89419 4.89419 4.89419 4.89314 4.86653 4.82892 4.79135 4.75710
8.11300 8.08933 7.38230 7.36157 7.36157 7.36157 7.36157 7.36157 7.36157 7.16074 6.30458 6.30458 6.30458 5.41278 4.90794 4.67519 4.41810 4.16104 3.90400 3.69283 3.54751 2.42547 2.32396 2.32396 2.32396 2.32396 2.52350 2.55904 2.55903 2.16325 2.05090 2.03980 1.92781 1.78481 1.79042 1.80298 1.80302 1.80302 1.80302 1.84496 1.87385 1.87385 1.87385 1.87385 1.90425 2.07693 2.09006 2.14977 2.21353 2.27729 2.33365 2.34216 2.34216 2.60052 4.36972 4.50573 4.52605 4.88552 4.89414 4.87353 4.83594 4.79836 4.76182 4.75083 4.75083 4.75141 4.77171
8.11300 8.11300 7.54944 7.36157 7.36157 7.36157 7.36157 7.36157 7.35799 7.26408 6.20855 5.91549 5.73074 4.86264 3.68145 3.65703 3.65703 3.65703 3.65703 3.65703 3.65703 2.70400 2.32396 2.32396 2.32266 2.32142 2.48332 2.60775 2.62448 2.33660 2.05433 2.05629 2.01816 1.80302 1.80302 1.80302 1.80302 1.80302 1.80302 1.82465 1.87385 1.87385 1.88921 1.93609 1.98492 2.25894 2.33808 2.34216 2.34216 2.34216 2.34216 2.34216 2.34216 2.36595 3.93767 4.49174 4.45450 4.70643 4.76782 4.75083 4.75153 4.77215 4.76971 4.68231 4.60014 4.52700 4.44577
8.11300 8.11300 7.76237 7.34134 7.22566 7.09581 6.96579 6.75932 6.49433 6.31775 5.74864 5.39299 5.39299 5.17439 3.65755 3.65703 3.65703 3.65703 3.65703 3.65148 3.59810 2.99689 2.39542 2.45371 2.52119 2.59692 2.62874 2.67607 2.67607 2.52293 2.05629 2.05629 2.05629 1.84211 1.80302 1.80302 1.80302 1.80302 1.82512 1.87611 1.98961 2.03937 2.07184 2.07277 2.07277 2.23238 2.34216 2.34216 2.34216 2.34216 2.34216 2.34358 2.35084 2.35875 3.22608 4.36393 4.41771 4.61054 4.68144 4.59937 4.52573 4.44458 4.38365 4.38025 4.38025 4.38025 4.38025
7.70486 7.53182 7.28780 6.61381 6.46719 6.32841 6.18985 6.12775 6.12775 6.12775 5.93552 5.39299 5.39299 5.39299 3.91846 3.62632 3.54609 3.39714 3.24017 3.08875 2.98509 2.91706 2.63863 2.61585 2.61585 2.61585 2.61586 2.66891 2.67607 2.66222 2.08654 2.05629 2.05629 1.91968 1.83268 1.88050 1.92834 1.97616 2.00190 2.00686 2.09201 2.15292 2.19809 2.24814 2.30375 2.34166 2.34216 2.34254 2.34857 2.35647 2.36442 2.41479 2.53584 2.81193 3.31997 4.90862 5.02674 4.66703 4.38025 4.38025 4.38025 4.38025 4.38025 4.38025 4.38025 4.38025 4.40193
6.93487 6.74983 6.56493 6.17256 6.12775 6.12775 6.12775 6.12775 6.12775 6.12775 6.10459 5.37289 5.20184 5.04490 3.89341 3.02565 2.94893 2.94094 2.94094 2.94094 2.94094 2.93938 2.71034 2.61585 2.61585 2.61585 2.61585 2.65176 2.67607 2.67545 2.21037 1.97648 1.92853 1.91149 2.02641 2.06267 2.10265 2.14677 2.19579 2.24195 2.28971 2.34216 2.34216 2.34216 2.34630 2.35420 2.39509 2.50506 2.77024 3.03733 3.27394 3.45035 3.55982 3.57149 3.59700 4.75445 5.06466 4.87595 4.36860 4.38025 4.38025 4.38103 4.41800 4.47473 4.53146 4.58819 4.62319
6.46791 6.46791 6.46791 6.26217 6.12775 6.12743 6.08906 6.00146 5.84845 5.69144 5.54386 4.97053 4.67690 4.67690 4.16200 2.94094 2.94094 2.94094 2.94094 2.94094 2.94094 2.94094 2.81253 2.61585 2.61585 2.61456 2.57107 2.52933 2.54215 2.48223 2.24148 1.96833 2.00670 2.05056 2.23281 2.24772 2.24772 2.24772 2.24772 2.24772 2.26477 2.37553 2.47175 2.72403 2.99986 3.24074 3.42906 3.55010 3.57149 3.57149 3.57149 3.57149 3.57149 3.57149 3.57149 4.32175 5.06466 5.05758 4.44255 4.49123 4.54794 4.60391 4.62363 4.62363 4.62363 4.62363 4.62363
6.46791 6.46327 6.43828 6.31219 5.78139 5.60362 5.48492 5.41559 5.41166 5.41166 5.41166 5.16295 4.67690 4.67690 4.59809 2.98469 2.94094 2.94094 2.94094 2.94094 2.94094 2.93957 2.85673 2.49647 2.40976 2.33007 2.29257 2.27606 2.39849 2.41222 2.37039 2.06209 2.06209 2.06209 2.17833 2.24772 2.25379 2.30662 2.39216 2.49324 2.71713 3.41929 3.53747 3.57149 3.57149 3.57149 3.57149 3.57149 3.57149 3.57149 3.57149 3.57149 3.57149 3.57090 3.56841 3.87053 5.24304 5.29966 4.81381 4.62363 4.62363 4.62363 4.62363 4.62363 4.62363 4.61673 4.56512
6.37956 6.36408 6.36576 6.36262 5.56421 5.41166 5.41166 5.41166 5.41166 5.41166 5.41166 5.37103 4.69497 4.67690 4.67690 3.38553 2.94094 2.93494 2.88701 2.82624 2.76549 2.70614 2.66617 2.32251 2.26404 2.26404 2.26404 2.26404 2.35718 2.41222 2.41211 2.11679 2.08704 2.14824 2.31390 2.55503 2.64605 2.66446 2.66635 2.66635 2.67848 3.56520 3.57149 3.57149 3.57149 3.57149 3.57149 3.57149 3.57149 3.57058 3.56798 3.56534 3.56269 3.56064 3.56050 3.60066 5.04960 5.30804 5.01098 4.62144 4.62363 4.62115 4.57653 4.51695 4.45735 4.40465 4.39666
6.36677 6.36677 6.36677 6.36677 5.84090 5.41166 5.41166 5.41166 5.41166 5.41166 5.41166 5.40702 4.70781 4.25238 3.96678 3.25822 2.74468 2.68994 2.67709 2.67709 2.67709 2.67709 2.67709 2.44047 2.26404 2.26404 2.26404 2.28280 2.38338 2.54764 2.62122 2.54342 2.46404 2.48012 2.48939 2.66074 2.66635 2.66635 2.66635 2.66635 2.66635 3.33799 3.57149 3.57149 3.57149 3.57019 3.56755 3.56491 3.56227 3.56054 3.56050 3.56050 3.56050 3.56050 3.56050 3.56050 4.55358 5.30776 5.19202 4.50494 4.46875 4.41166 4.39666 4.39602 4.38184 4.35548 4.31103
6.36677 6.36677 6.36677 6.36677 6.11197 5.42123 5.37888 5.15869 4.90943 4.65355 4.27151 3.84520 3.42889 3.16755 3.15607 3.06459 2.67709 2.67709 2.67709 2.67709 2.67709 2.67709 2.67914 2.58488 2.40203 2.49401 2.58609 2.64693 2.65339 2.72090 2.72619 2.65927 2.48072 2.48072 2.48072 2.61279 2.66635 2.66635 2.66635 2.66635 2.66631 3.05274 3.57156 3.56448 3.56184 3.56050 3.56050 3.56050 3.56050 3.56050 3.56050 3.56050 3.56050 3.56050 3.57574 3.62190 4.05978 5.10526 5.08141 4.48429 4.35509 4.31055 4.26516 4.22022 4.18896 4.16978 4.16874
6.37019 6.27970 6.03363 5.78437 5.49477 4.40360 3.98892 3.77768 3.59597 3.42076 3.37157 3.37157 3.34803 3.15691 3.15607 3.15367 2.72040 2.67713 2.68632 2.69365 2.67682 2.65860 2.63828 2.60811 2.64462 2.65334 2.65334 2.65334 2.65334 2.70147 2.72619 2.71288 2.48421 2.48072 2.48072 2.55618 2.66618 2.66348 2.65995 2.65643 2.65295 2.73827 3.59199 3.56050 3.56050 3.56050 3.56050 3.56050 3.56050 3.56050 3.56713 3.60795 3.65978 3.72045 3.77420 3.76317 3.65305 4.86659 4.97585 4.51064 4.16978 4.16874 4.16874 4.16874 4.16874 4.16874 4.16874
5.21389 5.04176 4.92860 4.74689 4.56519 3.74906 3.37157 3.37157 3.37157 3.37157 3.37157 3.37157 3.37157 3.20338 3.17319 3.16409 2.84016 2.64859 2.62114 2.59559 2.59420 2.59420 2.59420 2.59428 2.62816 2.65334 2.65334 2.65334 2.65334 2.67758 2.72619 2.72619 2.54897 2.52101 2.56677 2.61949 2.65257 2.65169 2.65169 2.65169 2.65169 2.65169 3.44125 3.56050 3.56050 3.56050 3.56210 3.59450 3.64417 3.70862 3.76547 3.65147 3.48582 3.29146 3.04790 2.80360 2.77782 4.19321 4.86089 4.66760 4.17442 4.16874 4.16874 4.16874 4.16359 4.09026 3.99574
4.47517 4.39860 4.32667 4.32667 4.32667 3.96878 3.37280 3.37157 3.37193 3.38301 3.38734 3.36962 3.35138 3.22505 3.08228 3.07318 2.89985 2.59420 2.59420 2.59420 2.59420 2.59420 2.59420 2.59420 2.61179 2.65334 2.65334 2.65334 2.65739 2.69698 2.78936 2.81463 2.73706 2.66555 2.66555 2.66555 2.65454 2.65169 2.65169 2.65169 2.65169 2.65169 3.17999 3.58163 3.63355 3.69610 3.65581 3.51107 3.32133 3.08665 2.82527 2.77782 2.77782 2.77782 2.77782 2.77782 2.77782 3.60381 4.86089 4.84521 4.19879 4.06340 3.96888 3.87428 3.78482 3.76359 3.76359
4.08834 4.32667 4.32667 4.32667 4.32503 4.19435 3.40201 3.35966 3.34105 3.31175 3.28919 3.28869 3.28869 3.25059 3.07318 3.07318 3.02983 2.59660 2.59420 2.59420 2.59420 2.59420 2.59420 2.59420 2.60280 2.69232 2.69797 2.68110 2.65994 2.60480 2.61176 2.60737 2.61685 2.66555 2.66555 2.66555 2.65874 2.65169 2.65169 2.63908 2.57599 2.40423 2.37160 3.28643 3.12443 2.85319 2.77782 2.77782 2.77782 2.77782 2.77782 2.77782 2.77782 2.77782 2.77782 2.77782 2.77250 2.92606 4.50629 4.43252 3.93822 3.76359 3.76359 3.76359 3.76359 3.76359 3.76359
3.98310 4.24680 4.07599 3.88896 3.70373 3.53553 3.34573 3.28869 3.28869 3.28869 3.28869 3.28869 3.28869 3.28851 3.10193 3.07318 3.07318 2.68566 2.59420 2.59420 2.58615 2.57081 2.55796 2.54529 2.52966 2.50696 2.49218 2.49218 2.49218 2.49218 2.53420 2.60532 2.60620 2.66136 2.66425 2.63488 2.52342 2.29276 2.06181 1.84429 1.68257 1.61891 1.62147 2.43967 2.77782 2.77782 2.77782 2.77782 2.77782 2.77782 2.77782 2.77782 2.77018 2.75527 2.74035 2.72543 2.71583 2.71566 3.95379 4.32070 4.08351 3.76451 3.76359 3.76359 3.75256 3.68886 3.61833
3.04359 3.35493 3.50017 3.50017 3.50017 3.50017 3.40771 3.28869 3.28869 3.28869 3.28869 3.28869 3.28869 3.28869 3.16630 2.91969 2.68329 2.47673 2.48824 2.47554 2.47084 2.47333 2.47333 2.47333 2.47333 2.48437 2.49218 2.49218 2.49218 2.49218 2.48497 2.54992 2.41962 2.22760 1.99275 1.76040 1.63553 1.62057 1.61891 1.61891 1.61891 1.61891 1.61891 2.06549 2.77782 2.77782 2.77782 2.77761 2.76770 2.75278 2.73786 2.72294 2.71566 2.71566 2.71566 2.71566 2.71566 2.71566 3.52622 4.32070 4.24257 3.71514 3.63122 3.56066 3.50119 3.49438 3.49393
