High_resolution/powerplant/Shangrao/OMI_NO2_200902.asc
ncols      200
nrows      200
xllcorner       115.451
yllcorner       27.0350
cellsize     0.0166667
NODATA_Value      -999.000
[rows 81 to 107 of 167, columns 0 to 59 of 200]
      <*      *        :    *    2    *        2      *        2      *        2      *        2      *        =      *        2      ;*               ;*              2*        
  2      *        =      *        2      ;*              ;*                ;*                  ;*                  8*                  :*                  9*                 ;*                  :*               :*             
            ;*                  =*                  :*                8*                :*                3*                 <*                    ;*               3*                 ;*                8*                  >*                >*                     2*                  <*        
         >*                   >*               3*               <*                <*                <*             <*              <*   *    :    *    2    *       2      *        2      *        2   
2      *        2        *        2       *        3      *        8      =*                  =*                  >*             8*               2*                  >*               9*                  <*              
2.54786 2.73019 2.69954 2.66970 2.83503 2.83519 2.83519 2.83519 2.83519 2.83519 2.83519 2.83519 2.96183 3.13479 3.13479 3.13479 3.13479 3.13479 3.13479 2.92072 2.76072 2.76072 2.75182 2.72593 2.69964 2.67354 2.66343 2.66343 2.68245 2.70338 2.70338 2.70338 2.70338 2.70338 3.23448 4.74129 4.69341 4.69341 4.69341 4.69341 4.69341 4.69331 4.64854 4.56743 4.48666 4.40594 4.32517 4.24391 4.20889 4.13858 3.36783 3.37031 3.38437 3.39535 2.21270 2.08324 2.08414 2.08414 2.08414 2.07601
2.26064 2.49664 2.61355 2.61355 2.80002 2.83519 2.83519 2.83519 2.83519 2.83519 2.83519 2.83519 2.89862 3.13479 3.13479 3.13479 3.13479 3.13479 3.13121 2.99498 2.70752 2.68123 2.66384 2.66343 2.66343 2.66343 2.66343 2.66343 2.66979 2.70338 2.70338 2.70338 2.70338 2.70338 2.76139 4.67668 4.64980 4.56869 4.48749 4.40677 4.32595 4.24532 4.20889 4.20889 4.20889 4.20889 4.20889 4.20976 4.21818 4.22833 3.58098 3.42421 3.42535 3.42535 2.65139 2.08414 2.08414 2.08414 2.08414 2.08414
2.26064 2.37903 2.61355 2.61355 2.73975 2.83519 2.83519 2.83519 2.83519 2.83519 2.83519 2.83519 2.84317 3.12699 3.13414 3.11581 3.08952 3.06322 3.04051 3.01828 2.67089 2.66343 2.66343 2.66343 2.66343 2.66343 2.66343 2.66343 2.66343 2.69706 2.73677 2.82388 2.91192 2.99985 3.08783 4.00150 4.21089 4.20889 4.20889 4.20889 4.20889 4.20889 4.20889 4.20913 4.21619 4.22633 4.23648 4.24575 4.24748 4.24748 3.84715 3.42535 3.42535 3.42535 3.06855 2.08414 2.08414 2.08414 2.08414 2.08414
2.26064 2.26732 2.59344 2.61355 2.67951 2.83519 2.83519 2.83519 2.83519 2.83519 2.83519 2.82405 2.79782 3.00807 3.04546 3.03751 3.03751 3.03751 3.03751 3.03751 2.75280 2.66343 2.66343 2.66343 2.68355 2.76688 2.85486 2.94279 3.03078 3.13964 3.21329 3.21401 3.21401 3.21401 3.21401 3.70214 4.22565 4.20889 4.20889 4.20889 4.21420 4.22430 4.23449 4.24436 4.24748 4.24748 4.24748 4.24748 4.24748 4.24748 4.05060 3.42535 3.42535 3.42535 3.39893 2.17062 2.08414 2.08414 2.08414 2.08652
2.26064 2.26064 2.50730 2.61355 2.62421 2.83023 2.83519 2.83013 2.80572 2.77943 2.75313 2.73798 2.73791 2.91123 3.03751 3.03751 3.03751 3.03751 3.04210 3.08542 2.98818 2.92574 3.01367 3.10155 3.16951 3.17406 3.17406 3.17406 3.17406 3.18232 3.21401 3.21401 3.21456 3.21948 3.22533 3.43110 4.27570 4.26558 4.28343 4.30106 4.31351 4.32116 4.32869 4.33632 4.34391 4.35144 4.35913 4.36668 4.37420 4.38192 4.35547 3.66257 3.66112 3.67238 3.68386 2.83117 2.36529 2.37687 2.38816 2.39713
2.26064 2.26064 2.39293 2.61220 2.59199 2.73279 2.76102 2.73979 2.73791 2.73791 2.74167 2.75055 2.75959 2.90507 3.14729 3.20516 3.26291 3.32071 3.37392 3.38840 3.35999 3.24401 3.24983 3.25574 3.26159 3.26741 3.27333 3.27916 3.28499 3.29106 3.33215 3.34252 3.34990 3.36026 3.37041 3.38594 4.36739 4.45656 4.45656 4.45656 4.45656 4.45656 4.45656 4.45656 4.45656 4.45656 4.45656 4.45656 4.45656 4.45656 4.45656 3.94520 3.73896 3.73896 3.73896 3.29207 2.39775 2.39775 2.39775 2.39775
2.40148 2.41491 2.43791 2.63515 2.64582 2.76161 2.88532 2.90664 2.96512 3.02591 3.08302 3.13500 3.18687 3.25002 3.46499 3.46499 3.46499 3.46499 3.46499 3.46499 3.46295 3.31888 3.30884 3.30884 3.30884 3.30884 3.30884 3.30884 3.30620 3.27706 3.31302 3.37856 3.38670 3.38739 3.38739 3.38739 4.08620 4.45656 4.45656 4.45656 4.45656 4.45656 4.45656 4.45656 4.45656 4.45656 4.45656 4.45656 4.45656 4.45656 4.45656 4.13950 3.73896 3.73896 3.73896 3.67085 2.43598 2.39775 2.45657 2.57182
2.52963 2.53124 2.58156 2.74563 2.82804 2.92661 3.16793 3.20750 3.20993 3.20993 3.20993 3.20993 3.20993 3.21158 3.44989 3.46499 3.46499 3.46499 3.46499 3.46499 3.46499 3.35912 3.30884 3.30884 3.30871 3.28777 3.25182 3.21587 3.18257 3.17574 3.23042 3.38739 3.38739 3.38739 3.38739 3.38739 3.79922 4.45688 4.45656 4.45656 4.45656 4.45656 4.45656 4.45656 4.45656 4.41822 4.31671 4.21515 4.11376 4.01213 3.90983 3.82828 3.73896 3.73896 3.62545 3.32167 2.75508 2.79144 2.84778 2.84778
2.83611 2.90794 2.93094 2.94438 2.96312 2.96550 3.19174 3.20993 3.20993 3.20993 3.20993 3.20993 3.20993 3.20993 3.39798 3.46499 3.46499 3.46499 3.46499 3.46499 3.46499 3.39024 3.26255 3.22659 3.19077 3.17574 3.17574 3.17574 3.17574 3.17574 3.17912 3.37189 3.38739 3.38739 3.38739 3.38739 3.51175 4.45771 4.45656 4.41907 4.31860 4.21721 4.11534 4.01329 3.91190 3.84886 3.84800 3.84800 3.84800 3.84800 3.80274 3.60525 3.09303 2.76846 2.57527 2.57235 2.68206 2.84778 2.84778 2.84778
2.93094 2.93094 2.93094 2.93291 2.96229 2.96312 3.12661 3.20993 3.20993 3.20993 3.20993 3.20993 3.20993 3.20993 3.34445 3.46499 3.46499 3.46068 3.42941 3.39345 3.35749 3.31138 3.17574 3.17574 3.17574 3.17574 3.17574 3.17574 3.17574 3.17574 3.17574 3.30841 3.38739 3.38036 3.35501 3.32871 3.30244 3.91337 3.91385 3.84898 3.84800 3.84800 3.84800 3.84800 3.84800 3.84800 3.82537 3.64968 3.44521 3.24074 3.08177 3.07026 2.75153 2.57235 2.57235 2.57235 2.59849 2.84577 2.84778 2.84778
2.93094 2.93094 2.93094 2.93094 2.95552 2.96312 3.05906 3.20993 3.20993 3.20993 3.20993 3.20993 3.20993 3.20928 3.26605 3.40416 3.36822 3.33656 3.33189 3.33189 3.33189 3.33189 3.19673 3.17574 3.17574 3.17574 3.17574 3.17173 3.14808 3.12179 3.09550 3.13504 3.25459 3.23531 3.23438 3.23438 3.23438 3.59189 3.84800 3.84800 3.84800 3.84800 3.84023 3.68950 3.48511 3.28072 3.09888 3.07026 3.07026 3.07026 3.07026 3.07026 2.88857 2.57235 2.57235 2.57235 2.57235 2.78607 2.84778 2.84778
2.93094 2.93094 2.93094 2.93094 2.94576 2.96312 2.99176 3.20974 3.20993 3.20993 3.19560 3.15982 3.12388 3.08857 3.10425 3.33189 3.33189 3.33189 3.33189 3.33189 3.33189 3.32713 3.19944 3.12650 3.10021 3.07393 3.04764 3.02536 3.02273 3.02273 3.02273 3.03060 3.22557 3.23438 3.23438 3.23438 3.23438 3.42699 3.84738 3.72955 3.51286 3.27296 3.03989 2.95002 2.91438 2.87755 2.84171 2.80568 2.76905 2.73321 2.69688 2.66055 2.52264 1.84923 1.79503 1.74127 1.68633 1.76078 1.85380 1.79900
2.93094 2.93094 2.93094 2.93094 2.93394 2.96266 2.95675 3.13145 3.13460 3.09863 3.07703 3.07683 3.07683 3.07683 3.07683 3.30577 3.29330 3.20562 3.11653 3.02729 2.93792 2.85352 2.87426 2.96247 2.95378 2.94507 2.93628 2.92755 2.91884 2.91009 2.90130 2.89261 3.02779 3.08672 3.07801 2.98921 2.77747 2.60026 2.26878 2.09953 2.07524 2.07484 2.07484 2.07484 2.07484 2.07484 2.07484 2.07484 2.07484 2.07484 2.07484 2.07484 2.06938 1.18634 1.07922 1.07922 1.07922 1.12178 1.35465 1.35465
2.84423 2.82250 2.80073 2.77899 2.75722 2.73396 2.68816 2.81093 2.90301 2.88853 2.85958 2.77106 2.67603 2.58108 2.48605 2.62291 2.67754 2.67591 2.67591 2.67591 2.67591 2.67591 2.68554 2.81803 2.81971 2.81971 2.81971 2.81971 2.81971 2.81971 2.81971 2.82363 2.82647 2.58369 2.37937 2.25501 2.25361 2.25361 2.15502 2.07484 2.07484 2.07484 2.07484 2.07484 2.07484 2.07484 2.07484 2.07484 2.07484 2.07484 2.07484 2.07484 2.07484 1.50302 1.07922 1.07922 1.07922 1.07922 1.31144 1.35465
2.49805 2.49805 2.49805 2.49805 2.49902 2.57269 2.64969 2.68474 2.48830 2.40781 2.34177 2.33529 2.33529 2.33529 2.33529 2.49748 2.67591 2.67591 2.67591 2.67591 2.67591 2.67591 2.67591 2.78906 2.81971 2.81971 2.81971 2.82091 2.83549 2.85377 2.87204 2.88640 2.84477 2.26580 2.25361 2.25361 2.25361 2.25361 2.15457 2.07484 2.07484 2.07484 2.07484 2.07484 2.07484 2.07484 2.07484 2.07484 2.11671 2.29778 2.49004 2.68230 2.87445 2.43902 1.07922 1.07922 1.08029 1.14417 1.47873 1.88787
2.60754 2.70649 2.80533 2.90417 3.00209 3.02066 2.90335 2.89832 2.41652 2.44146 2.47800 2.51362 2.54795 2.58144 2.61375 2.66165 2.67591 2.67591 2.67591 2.67591 2.67591 2.67591 2.67591 2.75036 2.83016 2.84843 2.86672 2.88379 2.88749 2.88749 2.88749 2.88749 2.88749 2.42345 2.25361 2.25361 2.25361 2.25361 2.15401 2.07484 2.07484 2.07484 2.11671 2.29778 2.49004 2.68230 2.87445 3.06671 3.21711 3.22818 3.22818 3.22818 3.22818 3.04689 1.22523 1.32571 1.42513 1.46174 1.60931 2.12991
3.47901 3.50278 3.52546 3.54756 3.56868 3.58927 3.40952 3.36783 3.04915 2.94303 2.94303 2.94303 2.94303 2.94303 2.94303 2.92461 2.67565 2.67591 2.67591 2.67591 2.68148 2.69932 2.71759 2.77162 2.88749 2.88749 2.88749 2.88749 2.88749 2.88749 2.88749 2.88749 2.88749 2.62364 2.25361 2.25361 2.25095 2.23637 2.15023 2.59659 2.87445 3.06671 3.21711 3.22818 3.22818 3.22818 3.22818 3.22818 3.22818 3.24748 3.31254 3.37951 3.44652 3.48285 1.81040 1.46174 1.46174 1.46174 1.46626 2.06528
3.61438 3.61438 3.61438 3.61438 3.61438 3.61438 3.48834 3.36783 3.16490 2.94303 2.94303 2.94303 2.94303 2.94303 2.94303 2.94303 2.71964 2.69398 2.71227 2.73055 2.74326 2.74370 2.74370 2.74718 2.88108 2.88749 2.88749 2.88749 2.88749 2.88749 2.88625 2.87318 2.85720 2.77440 2.19468 2.17533 2.16200 2.16057 2.16057 2.76351 3.22818 3.22818 3.22818 3.22818 3.22818 3.23889 3.29953 3.36652 3.43354 3.48126 3.48319 3.48319 3.48319 3.48319 2.44153 1.46174 1.46174 1.46174 1.46174 1.86200
3.61438 3.61438 3.61438 3.61438 3.61438 3.61438 3.57596 3.36831 3.28041 2.94303 2.94303 2.94303 2.94329 2.95258 2.96629 2.98000 2.84020 2.74370 2.74370 2.74370 2.74370 2.74370 2.74370 2.74370 2.84555 2.87612 2.86012 2.84413 2.82814 2.81214 2.79738 2.79445 2.79445 2.79445 2.29738 2.16057 2.16057 2.16057 2.16057 2.43155 3.22818 3.23280 3.28655 3.35354 3.42054 3.47684 3.48319 3.48319 3.48427 3.48825 3.49236 3.49642 3.50057 3.50466 2.97624 1.50632 1.51242 1.51856 1.52477 1.72337
3.61438 3.61438 3.61438 3.61438 3.61438 3.61438 3.61438 3.40713 3.36405 2.98076 2.96229 2.97601 2.98945 2.99387 2.99387 2.99387 2.89523 2.74370 2.74370 2.73326 2.70541 2.67733 2.64925 2.62104 2.67343 2.76371 2.74487 2.72595 2.70710 2.68814 2.66931 2.65060 2.63163 2.61279 2.29729 1.94102 1.92232 1.90461 1.92995 2.08777 3.48844 3.55501 3.57233 3.57641 3.58058 3.58464 3.58875 3.59288 3.59588 3.59604 3.59604 3.59604 3.59604 3.59604 3.47268 1.64159 1.63100 1.63100 1.63100 1.64991
3.61438 3.61438 3.61438 3.62289 3.63732 3.65174 3.66602 3.55149 3.47089 3.20874 3.07576 3.08658 3.09731 3.10543 3.09777 3.08744 2.95951 2.31831 2.27122 2.23482 2.21586 2.19681 2.17801 2.15922 2.18823 2.36142 2.36142 2.36142 2.36142 2.36142 2.36142 2.36142 2.36142 2.36142 2.32267 1.82692 1.89391 1.95991 1.98255 1.91797 3.41839 3.59604 3.59604 3.59604 3.59604 3.59604 3.59604 3.59604 3.59604 3.59604 3.59604 3.59604 3.59604 3.59604 3.59604 2.10806 1.63100 1.63100 1.63100 1.63100
3.86825 3.88268 3.89710 3.90287 3.90287 3.90287 3.90287 3.84881 3.60646 3.40818 3.15452 3.13343 3.11236 3.09399 3.09138 3.09138 3.06791 2.17660 2.15220 2.15220 2.15220 2.15220 2.15220 2.15220 2.15274 2.34067 2.36142 2.36142 2.36142 2.36142 2.39016 2.51270 2.64251 2.77233 2.84248 2.12209 1.98255 1.98255 1.98255 1.96365 2.92807 3.59604 3.59604 3.59604 3.59604 3.59604 3.59604 3.59604 3.59604 3.59604 3.59604 3.58740 3.52514 3.45429 3.38339 2.53551 1.63100 1.63100 1.63100 1.64056
