High_resolution/powerplant/Shangrao/OMI_NO2_200703.asc
ncols      200
nrows      200
xllcorner       115.451
yllcorner       27.0350
cellsize     0.0166667
NODATA_Value      -999.000
[rows 87 to 115 of 164, columns 66 to 131 of 200]
1.07266 0.896851 0.716204 0.579421 0.512523 0.430596 0.324754 0.280662 0.280662 0.280662 0.00000 0.00000 0.00000 0.00000 0.00000 2.64846 2.66425 2.67567 2.67618 2.68173 2.74978 2.83539 2.92101 3.00657 3.46056 3.55637 3.35933 3.70224 3.70224 3.70224 3.70224 3.70224 3.69780 3.68646 3.67504 3.66363 3.65220 3.64382 3.64341 3.64341 3.23924 2.52142 2.52142 2.52142 2.52142 2.52142 2.21250 1.95545 1.80584 1.65636 1.50702 1.43876 1.43876 1.43876 1.43876 1.20390 0.812890 0.585260 0.585260 0.585260 0.585260 0.585260 0.585260 0.585260 0.601453 0.868371
0.323709 0.280662 0.280662 0.280662 0.280662 0.280662 0.280662 0.280662 0.280662 0.280662 0.280662 0.00000 0.00000 0.00000 0.00000 2.83621 2.92188 3.00744 3.09259 3.17225 3.18976 3.18976 3.18976 3.18976 3.43613 3.62784 3.33158 3.63851 3.68473 3.67330 3.66189 3.65047 3.64349 3.64341 3.64341 3.64341 3.64341 3.64341 3.64341 3.64341 3.53572 2.53130 2.47038 2.37450 2.27866 2.18274 1.83263 1.43876 1.43876 1.43876 1.43876 1.43876 1.43876 1.43876 1.43876 1.34656 0.872105 0.591378 0.585260 0.585260 0.586603 0.611940 0.646224 0.680508 0.714769 0.965482
0.280662 0.280662 0.280662 0.280662 0.280662 0.280662 0.280662 0.280662 0.280662 0.280662 0.280662 0.00000 0.00000 0.00000 0.00000 3.18976 3.18976 3.18976 3.18976 3.18976 3.18976 3.19069 3.31203 3.51753 3.70268 3.58646 3.36418 3.46765 3.64341 3.64341 3.64341 3.64341 3.64341 3.64341 3.64341 3.64341 3.64341 3.63330 3.55144 3.45556 3.35964 2.35063 2.09680 2.09680 2.09680 2.09680 2.01474 1.43922 1.43876 1.43876 1.43876 1.43876 1.43876 1.43876 1.42852 1.39884 0.974163 0.780689 0.736738 0.771022 0.803985 0.812909 0.812909 0.812909 0.812909 0.946436
0.280662 0.280662 0.280662 0.280662 0.280662 0.280662 0.280662 0.280662 0.280662 0.280662 0.280662 0.00000 0.00000 0.00000 0.00000 3.18976 3.19069 3.31203 3.51753 3.72302 3.92852 4.13309 4.21724 4.21724 4.19296 3.59056 3.44562 3.34949 3.64341 3.64341 3.64341 3.64341 3.64341 3.60575 3.51050 3.41458 3.31870 3.23284 3.21879 3.21879 3.21879 2.61200 2.09680 2.09680 2.09680 2.09680 2.09680 1.54609 1.41706 1.38860 1.36012 1.33168 1.30320 1.27476 1.25654 1.25621 1.10530 0.917623 0.812909 0.812909 0.812909 0.812909 0.812909 0.812909 0.812909 0.863556
0.280662 0.280662 0.280662 0.280662 0.280662 0.280662 0.280662 0.280662 0.280662 0.280662 0.280662 0.00000 0.00000 0.00000 0.00000 3.92646 4.13165 4.21724 4.21724 4.21724 4.21724 4.21724 4.21724 4.21724 4.21724 3.74633 3.53224 3.25089 3.61929 3.56541 3.46953 3.37365 3.27773 3.21938 3.21879 3.21879 3.21879 3.21879 3.21879 3.21879 3.21879 2.91841 2.06328 2.03482 2.00638 1.97790 1.94948 1.56229 1.25621 1.25621 1.25608 1.24668 1.23005 1.21094 1.18871 1.16257 1.01320 0.812909 0.812909 0.812909 0.812909 0.812909 0.812865 0.786663 0.738830 0.691467
0.280662 0.280662 0.280662 0.280662 0.280662 0.280662 0.280662 0.280662 0.280662 0.280662 0.280662 0.280662 0.00000 0.00000 0.00000 4.21724 4.21724 4.21724 4.21724 4.21724 4.21724 4.21724 4.21724 4.21724 4.20496 3.85449 3.43312 3.08827 3.15735 3.21879 3.21879 3.21879 3.21879 3.21879 3.21879 3.22251 3.23212 3.24180 3.25148 3.26116 3.27085 3.23908 1.97246 1.91425 1.91425 1.91706 1.94167 1.78081 1.20425 1.18089 1.15356 1.14204 1.14204 1.14204 1.14204 1.14204 1.09730 0.812909 0.803767 0.759390 0.711535 0.663702 0.615913 0.594195 0.594195 0.594195
0.280662 0.280662 0.280662 0.280662 0.280662 0.280662 0.280662 0.280662 0.280662 0.280662 0.280662 0.280662 0.00000 0.00000 0.00000 4.21724 4.21724 4.21724 4.21724 4.21724 4.19076 4.12655 4.06203 3.99751 3.94531 3.82996 3.29305 3.09948 3.06362 3.22455 3.23422 3.24392 3.25357 3.26328 3.27294 3.27892 3.27899 3.27899 3.27899 3.27899 3.25629 3.17114 2.32656 2.02520 2.07148 2.12028 2.12909 2.10708 1.19438 1.14204 1.14204 1.14204 1.14204 1.14119 1.10910 1.06125 1.01338 0.676494 0.597672 0.594195 0.594195 0.594195 0.594195 0.594195 0.594195 0.594195
0.280662 0.280662 0.280662 0.280662 0.280662 0.280662 0.280662 0.00000 0.00000 0.00000 0.00000 0.935654 0.935654 0.00000 0.00000 4.21605 4.17239 4.10790 4.04341 3.97887 3.94085 3.94058 3.94207 4.01853 4.13546 4.25236 3.79419 3.57394 3.04589 3.27802 3.27899 3.27899 3.27899 3.27899 3.27899 3.24464 3.15651 3.06778 2.97891 2.89013 2.82401 2.82043 2.58793 2.12909 2.12909 2.12909 2.12909 2.12909 1.45740 1.12828 1.08183 1.03393 0.986073 0.939071 0.923324 0.923324 0.923324 0.719009 0.594195 0.594195 0.594195 0.594195 0.594195 0.594195 0.594195 0.594195
0.280662 0.280662 0.00000 0.00000 0.00000 0.935654 0.935654 0.935654 0.935654 0.935654 0.935654 0.935654 0.935654 0.935654 0.00000 3.96144 3.94249 4.02087 4.13900 4.25622 4.37400 4.49170 4.60757 4.64924 4.64924 4.64924 4.25134 3.93238 3.03255 3.22952 3.23056 3.14170 3.05296 2.96423 2.87546 2.82103 2.82043 2.82043 2.82043 2.82043 2.82043 2.82043 2.73771 2.12909 2.12654 2.04104 1.91577 1.79045 1.39179 0.924724 0.923324 0.923324 0.923324 0.923324 0.923324 0.923324 0.923324 0.803784 0.594195 0.594195 0.594195 0.594195 0.594195 0.594195 0.583404 0.557308
0.935654 0.935654 0.935654 0.935654 0.935654 0.935654 0.935654 0.935654 0.935654 0.935654 0.935654 0.935654 0.935654 0.935654 0.00000 4.49447 4.61055 4.64924 4.64924 4.64924 4.64924 4.64924 4.64924 4.64924 4.64857 4.61270 4.32129 3.76106 2.89022 2.73674 2.82043 2.82043 2.82043 2.82043 2.82043 2.82043 2.82043 2.82043 2.82043 2.82043 2.80422 2.72669 2.64157 1.85002 1.61512 1.57531 1.57531 1.57531 1.50685 0.925410 0.923324 0.923324 0.923324 0.923324 0.923324 0.923324 0.923324 0.880229 0.567652 0.538491 0.503833 0.461612 0.409011 0.341817 0.297568 0.297568
0.935654 0.935654 0.935654 0.935654 0.935654 0.935654 0.935654 0.935654 0.935654 0.935654 0.935654 0.935654 0.935654 0.935654 0.00000 4.64924 4.64924 4.64924 4.64924 4.64857 4.61270 4.55691 4.50113 4.44534 4.39022 4.37031 4.31228 3.55271 3.01743 2.62145 2.82043 2.82043 2.82043 2.82043 2.82043 2.82036 2.77513 2.69155 2.60807 2.52452 2.45718 2.45124 2.45124 1.97343 1.57531 1.57531 1.57531 1.57531 1.57531 1.04583 0.923324 0.898619 0.850957 0.803265 0.755634 0.707941 0.660311 0.620628 0.381326 0.297568 0.297568 0.297568 0.297568 0.297568 0.297568 0.297568
0.935654 0.935654 0.935654 0.935654 0.935654 0.935654 0.935654 0.935654 0.935654 0.935654 0.935654 0.935654 0.935654 0.935654 0.00000 4.61270 4.55691 4.50113 4.44534 4.39022 4.37031 4.37031 4.37031 4.37031 4.37031 4.37031 4.37031 3.72442 3.27383 2.56732 2.79971 2.81149 2.74002 2.65655 2.57296 2.48953 2.45124 2.45124 2.45124 2.45124 2.45124 2.45124 2.45124 2.19687 1.57030 1.52970 1.48201 1.43435 1.38669 0.998428 0.639380 0.616424 0.616424 0.616424 0.616424 0.616424 0.616424 0.616424 0.482166 0.297568 0.297568 0.297568 0.297568 0.297568 0.297568 0.299743
0.935654 0.935654 0.935654 0.935654 0.935654 0.935654 0.935654 0.935654 0.935654 0.935654 0.935654 0.935654 0.935654 0.935654 0.935654 4.37031 4.37031 4.37031 4.37031 4.37031 4.37031 4.37031 4.37031 4.37031 4.37031 4.37031 4.37031 3.94518 3.46635 2.52333 2.51321 2.46331 2.45124 2.45124 2.45124 2.45124 2.45124 2.45124 2.42699 2.33075 2.22988 2.12901 2.02801 1.88411 1.27987 1.26841 1.26841 1.26841 1.26841 1.11669 0.616424 0.616424 0.616424 0.616424 0.616424 0.616424 0.616424 0.616424 0.551970 0.297568 0.297568 0.342621 0.506442 0.676555 0.846746 1.01468
0.935654 0.935654 0.935654 0.935654 0.935654 0.935654 0.935654 0.935654 0.935654 0.935654 0.935654 0.935654 0.935654 0.935654 0.935654 4.37031 4.37031 4.37031 4.37031 4.37031 4.37031 4.37031 4.37020 4.35306 4.32363 4.29417 4.26473 4.05839 3.41671 2.68195 2.44292 2.45124 2.41020 2.30970 2.20877 2.10795 2.00695 1.90602 1.82945 1.82469 1.82469 1.82469 1.82469 1.80234 1.37943 1.26841 1.26841 1.26841 1.26841 1.25974 0.662258 0.616424 0.616424 0.616424 0.616424 0.616424 0.620036 0.683887 0.761596 0.773525 0.942911 1.06805 1.07434 1.07434 1.07434 1.07434
0.935654 0.935654 0.935654 0.935654 0.935654 0.935654 0.935654 0.935654 0.935654 0.935654 0.935654 0.935654 0.935654 0.935654 0.935654 4.37031 4.37031 4.37031 4.36818 4.34440 4.31496 4.28552 4.25617 4.24387 4.24387 4.24387 4.15040 3.95235 3.00561 2.42147 1.97399 1.88484 1.82513 1.82469 1.82469 1.82469 1.82469 1.82469 1.79097 1.70044 1.60906 1.51762 1.42624 1.35725 1.31187 1.26841 1.26841 1.26841 1.26841 1.26841 0.842428 0.616424 0.647728 0.731969 0.817025 0.902121 0.983565 1.00481 1.00481 1.05352 1.07434 1.07434 1.07434 1.07434 1.07434 1.07434
0.935654 0.935654 0.935654 0.935654 0.935654 0.935654 0.935654 0.935654 0.935654 0.926537 0.907642 0.888748 0.869739 0.850879 0.832291 4.33574 4.30630 4.27686 4.24953 4.24387 4.14659 3.95965 3.77394 3.58745 3.40051 3.21492 3.12179 3.12179 2.56809 2.18416 1.81191 1.82166 1.82469 1.77735 1.68592 1.59458 1.50310 1.41172 1.35405 1.35315 1.35315 1.35315 1.35315 1.35315 1.33212 1.26841 1.26841 1.27068 1.30287 1.34425 1.19468 0.950203 1.00396 1.00481 1.00481 1.00481 1.00481 1.00481 1.00481 1.03236 1.07434 1.07434 1.07434 1.07434 1.07434 1.07434
0.935654 0.935654 0.935654 0.926161 0.907209 0.888360 0.869375 0.850446 0.831574 0.821694 0.821694 0.821694 0.821694 0.821694 0.821694 3.95402 3.76979 3.58364 3.39670 3.21077 3.12179 3.12179 3.12179 3.12179 3.12179 3.12179 3.12179 3.11798 2.65285 2.13236 1.59154 1.48180 1.39719 1.35315 1.35315 1.35315 1.35315 1.35315 1.35315 1.35315 1.35315 1.35315 1.35315 1.36113 1.38330 1.36247 1.40339 1.44249 1.45173 1.45173 1.41447 1.00847 1.00481 1.00481 1.00481 1.00481 1.00481 1.00481 1.00481 1.01764 1.07434 1.07434 1.07434 1.07434 1.07434 1.07434
1.34579 0.850024 0.831187 0.821694 0.821694 0.821694 0.821694 0.821694 0.821694 0.821694 0.821694 0.821694 0.821694 0.821694 0.821694 3.18332 3.12179 3.12179 3.12179 3.12179 3.12179 3.12179 3.11750 2.91049 2.59275 2.27660 1.96045 1.64653 1.56651 1.82281 1.48136 1.34265 1.35315 1.35315 1.35315 1.35315 1.35315 1.35315 1.35364 1.37218 1.39976 1.42737 1.45496 1.47458 1.47537 1.45270 1.45173 1.45173 1.45173 1.45173 1.45173 1.10027 1.00481 1.00481 1.00108 0.988000 0.974491 0.960974 0.947465 0.938016 1.07109 1.07434 1.07434 1.07434 1.07434 1.07434
1.90029 0.821694 0.821694 0.821694 0.821694 0.821694 0.821694 0.821694 0.821694 0.821694 0.821694 0.821694 0.821694 0.821694 0.821694 3.25367 3.12179 3.11639 2.90414 2.58926 2.27184 1.95410 1.64271 1.53309 1.53309 1.53309 1.53309 1.53309 1.53309 1.77594 1.60703 1.34040 1.35168 1.35315 1.35842 1.38400 1.41161 1.43919 1.46630 1.47537 1.47537 1.47537 1.47537 1.47537 1.47537 1.45930 1.45173 1.45153 1.44262 1.42911 1.41560 1.17965 0.941670 0.928153 0.918380 0.917937 0.917937 0.917937 0.917937 0.917937 1.02199 1.07434 1.07434 1.07434 1.07434 1.07434
2.28897 0.844143 0.821694 0.821694 0.821694 0.821694 0.821694 0.821694 0.821694 0.821694 0.821694 0.821694 0.821694 0.821694 0.821694 2.16869 1.95092 1.63858 1.53309 1.53309 1.53309 1.53309 1.53309 1.53309 1.53309 1.53309 1.53309 1.53309 1.53309 1.69569 1.71284 1.27862 1.34537 1.45102 1.47335 1.47537 1.47537 1.47537 1.47537 1.47537 1.47537 1.47126 1.43730 1.39750 1.35763 1.33649 1.38278 1.36947 1.36485 1.36485 1.36485 1.27141 0.917937 0.917937 0.917937 0.917937 0.917937 0.917937 0.917937 0.917937 0.976182 1.07434 1.07434 1.07434 1.13907 1.31077
2.38065 1.16302 0.821694 0.821694 0.821694 0.821694 0.821694 0.821694 0.821694 0.821694 0.821694 0.821694 0.821694 0.821694 0.821694 1.04050 1.50618 1.53309 1.53309 1.53309 1.53309 1.53309 1.53309 1.53309 1.53309 1.53153 1.50069 1.45881 1.41696 1.45748 1.64007 1.19867 1.25609 1.47537 1.47537 1.46671 1.42914 1.38937 1.34949 1.30962 1.26985 1.23408 1.22817 1.22817 1.22817 1.23793 1.36367 1.36485 1.36485 1.36485 1.36485 1.36164 0.956774 0.917937 0.917937 0.917937 0.917937 0.917937 0.917937 0.926177 1.03888 1.41009 1.58318 1.75647 1.86510 1.86668
2.38065 1.57381 0.821694 0.821694 0.821694 0.821694 0.821694 0.821694 0.821694 0.821694 0.821694 0.821694 0.821694 0.821694 0.821694 1.03552 1.40754 1.53309 1.53309 1.53309 1.53309 1.52622 1.48818 1.44625 1.40439 1.36410 1.35306 1.35306 1.35306 1.34312 1.56469 1.20021 1.03989 1.29188 1.26172 1.23047 1.22817 1.22817 1.22817 1.22817 1.22817 1.22413 1.21324 1.20063 1.18592 1.16857 1.32294 1.36485 1.36485 1.36485 1.36485 1.36485 1.08258 0.917937 0.917937 0.962030 1.04867 1.13532 1.22200 1.30040 1.32796 1.84639 1.86668 1.86668 1.86668 1.86668
2.38065 1.98483 0.821694 0.821694 0.821694 0.821694 0.821694 0.821694 0.821694 0.821694 0.821694 0.821694 0.821694 0.821694 0.821694 1.03552 1.28462 1.51714 1.47561 1.43373 1.39188 1.35688 1.35306 1.32957 1.25920 1.17850 1.08731 0.982632 0.861401 0.768378 1.08330 1.05547 0.913151 1.14025 1.22817 1.22816 1.22260 1.21143 1.19854 1.18347 1.16564 1.15344 1.15334 1.15334 1.15334 1.15334 1.26789 1.36485 1.36485 1.36485 1.35504 1.28802 1.16487 1.18488 1.27152 1.31411 1.31411 1.31411 1.31411 1.31411 1.31411 1.66303 1.86668 1.86668 1.86668 1.86668
2.38065 2.33653 0.880778 0.821694 0.821694 0.821694 0.821694 0.821694 0.821694 0.821694 0.821694 0.821694 0.821694 0.00000 0.00000 0.867747 0.915432 1.32776 1.25622 1.17539 1.08335 0.978556 0.856580 0.767323 0.765474 0.765474 0.765474 0.765474 0.765474 0.765474 0.962093 1.12713 0.855463 0.978515 1.18095 1.16267 1.15334 1.15334 1.15334 1.15334 1.15334 1.15334 1.15334 1.15334 1.15334 1.15334 1.18015 1.25574 1.17951 1.10322 1.03681 1.02757 1.04742 1.31030 1.31411 1.31411 1.31411 1.31411 1.31411 1.31411 1.31411 1.50710 1.86668 1.86668 1.86668 1.86668
2.33355 2.18841 1.26219 0.821694 0.821694 0.821694 0.821694 0.00000 0.00000 0.00000 0.00000 0.00000 0.00000 0.00000 0.00000 0.765474 0.765474 0.766531 0.765474 0.765474 0.765474 0.765474 0.765474 0.765474 0.765474 0.766251 0.789633 0.823422 0.857211 0.891000 0.932044 1.02297 0.702653 0.746013 1.15329 1.15334 1.15334 1.15334 1.15334 1.15334 1.15334 1.14855 1.08821 1.01195 0.935719 0.859459 0.825779 1.02300 1.02757 1.02757 1.02757 1.02757 1.02757 1.24795 1.31411 1.31411 1.31411 1.31896 1.35946 1.41442 1.48066 1.63344 1.86668 1.86668 1.86668 1.86668
1.51610 1.51315 1.51315 0.00000 0.00000 0.00000 0.00000 0.00000 0.00000 0.00000 0.00000 0.00000 0.00000 0.00000 0.00000 0.765474 0.765474 0.765474 0.765474 0.765474 0.766319 0.789971 0.823760 0.857549 0.891338 0.924147 0.934419 0.934419 0.934419 0.934419 0.934535 1.00662 0.761593 0.680803 1.08080 1.15334 1.15334 1.13030 1.05593 0.979667 0.903441 0.831936 0.816050 0.816050 0.816050 0.816050 0.816050 0.977787 1.02757 1.02757 1.02757 1.03612 1.05995 1.25837 1.51257 1.60163 1.71433 1.84342 1.86668 1.86600 1.73403 1.55495 1.42139 1.52681 1.86668 1.86668
1.43306 1.51315 1.51315 0.00000 0.00000 0.00000 0.00000 0.00000 0.00000 0.00000 0.00000 0.00000 0.00000 0.00000 0.00000 0.766403 0.790309 0.824098 0.857887 0.891676 0.924300 0.934419 0.934419 0.934419 0.934419 0.934419 0.934419 0.934419 0.934419 0.934419 0.934419 0.974583 0.845991 0.780736 0.989361 0.947389 0.871129 0.817939 0.816050 0.816050 0.816050 0.816050 0.816050 0.816050 0.816072 0.816666 0.817512 0.943184 1.14001 1.18715 1.24771 1.29318 1.29360 1.40550 1.84715 1.67001 1.50796 1.38534 1.28918 1.21212 1.18335 1.18335 1.18335 1.27946 1.86668 1.86668
1.24147 1.51315 1.51315 1.51315 0.00000 0.00000 0.00000 0.00000 0.00000 0.00000 0.00000 0.00000 0.00000 0.00000 0.00000 0.924536 0.934419 0.934419 0.934419 0.934419 0.934419 0.934419 0.934419 0.934419 0.934419 0.934419 0.934419 0.934419 0.949869 1.07985 1.23277 1.49900 2.06206 1.33955 1.20020 0.816050 0.816050 0.816050 0.816137 0.816854 0.817699 0.818545 0.819391 0.820237 0.821060 0.821312 0.821312 0.888043 1.29360 1.25718 1.14600 1.06034 0.994682 0.944316 1.16730 1.18335 1.18335 1.18335 1.18335 1.18335 1.18335 1.18335 1.15748 1.01531 1.16015 0.863718
1.11109 1.51315 1.51315 1.51315 0.00000 0.00000 0.00000 0.00000 0.00000 0.00000 0.00000 0.00000 0.00000 0.00000 0.00000 0.940100 0.934419 0.934419 0.934419 0.934419 0.934419 0.934419 0.934419 0.934419 0.977088 1.12521 1.27820 1.43119 1.56873 1.59187 1.59187 1.62227 2.29625 1.43089 1.32729 0.844971 0.819580 0.820425 0.821185 0.821312 0.821312 0.821312 0.821312 0.821312 0.790289 0.724457 0.668886 0.624103 0.850521 0.898308 0.896814 0.896814 0.896814 0.896814 1.07487 1.18335 1.18335 1.18201 1.08031 0.916610 0.752914 0.589069 0.451173 0.435544 0.400393 0.371061
