High_resolution/powerplant/Shangrao/OMI_NO2_200904.asc
ncols      200
nrows      200
xllcorner       115.451
yllcorner       27.0350
cellsize     0.0166667
NODATA_Value      -999.000
[rows 87 to 115 of 164, columns 67 to 133 of 200]
1.66541 1.66541 1.66541 1.99615 2.02027 2.00780 2.00780 2.00780 2.00781 2.02300 2.02469 2.00547 2.00614 2.04068 2.06548 2.13704 2.20164 2.26337 2.27828 2.30800 2.22187 2.19176 2.22801 2.26426 2.30052 2.32906 2.33124 2.33124 2.33124 2.31451 2.32798 2.40638 2.40638 2.40638 2.40638 2.54514 2.70532 2.70532 2.70532 2.73318 2.83912 2.94970 3.06035 3.11633 3.11633 2.90544 2.49275 2.63321 2.31491 2.33966 2.32381 2.01500 2.06975 2.12450 2.15051 2.15051 2.15051 2.15617 2.21225 2.27990 2.34753 2.41501 2.48344 2.55136 2.22169 2.09982 1.12737
1.66541 1.66541 1.66541 1.90125 2.03148 1.99196 1.98267 1.97338 1.95291 1.96774 1.99955 2.02815 2.06944 2.28278 2.31920 2.30872 2.32530 2.36160 2.36186 2.34925 2.31593 2.32892 2.33124 2.33124 2.33124 2.33124 2.33124 2.33124 2.33124 2.33113 2.29009 2.40638 2.40638 2.40638 2.40638 2.47512 2.80770 2.91826 3.02891 3.11169 3.11633 3.11633 3.11633 3.11633 3.09101 2.99757 2.36297 2.38744 2.53979 2.58466 2.58392 2.20369 2.22081 2.28977 2.35712 2.42489 2.49238 2.55439 2.56584 2.56584 2.56584 2.56584 2.56584 2.56584 2.34874 2.13762 1.44058
1.61204 1.60526 1.59849 1.70524 1.91174 1.97994 2.01305 2.04628 2.09050 2.12248 2.14416 2.12636 2.10876 2.38337 2.42338 2.45956 2.47552 2.47552 2.46443 2.38296 2.34457 2.32067 2.33124 2.33124 2.33124 2.33124 2.33124 2.33124 2.33124 2.33124 2.27654 2.39940 2.47732 2.58784 2.69853 2.80135 3.09284 3.11633 3.11633 3.09843 3.03888 2.97776 2.91666 2.85551 2.81974 2.82105 2.40376 2.28738 2.60355 2.69708 2.72298 2.63176 2.56698 2.56584 2.56584 2.56584 2.56584 2.56584 2.56584 2.56584 2.56584 2.57103 2.58064 2.59025 2.51746 2.15315 1.76784
1.53301 1.49920 1.46538 1.47684 1.79564 2.09058 2.10107 2.06091 2.00758 1.95520 1.89102 1.84216 1.98796 2.41846 2.47552 2.47552 2.47552 2.47552 2.47552 2.40025 2.36753 2.31290 2.33124 2.33124 2.33124 2.33124 2.33124 2.33124 2.37189 2.48126 2.56087 2.72350 2.81739 2.81739 2.80555 2.74879 2.88523 2.92548 2.86433 2.82156 2.84153 2.87483 2.90786 2.93616 2.96281 2.98790 2.74243 2.35961 2.59775 2.74251 2.74251 2.67814 2.56584 2.56584 2.56584 2.56584 2.56584 2.56940 2.57892 2.58853 2.59813 2.60256 2.60256 2.60256 2.60178 2.19196 2.00283
1.43546 1.43546 1.41074 1.34475 1.58805 1.83109 1.87305 1.85986 1.85986 1.85772 1.83976 1.83976 1.87647 2.34741 2.47552 2.47552 2.47552 2.47552 2.47552 2.42821 2.38214 2.31470 2.33124 2.33124 2.34937 2.44990 2.56046 2.67111 2.74115 2.73748 2.68695 2.60600 2.63536 2.57423 2.50475 2.45399 2.59679 2.93645 2.96555 2.99175 2.99682 2.99017 2.98381 2.98218 2.98218 2.98218 2.92573 2.36421 2.49911 2.73276 2.74251 2.72460 2.56624 2.56807 2.57723 2.58680 2.59641 2.60246 2.60256 2.60256 2.60256 2.60256 2.60256 2.60256 2.60256 2.31002 2.16779
1.24494 1.18037 1.14057 1.14203 1.37357 1.67726 1.87375 1.87546 1.87716 1.87882 1.84480 1.83976 1.83976 2.20150 2.47552 2.47552 2.47552 2.47552 2.47552 2.46035 2.38615 2.40176 2.52825 2.63967 2.73167 2.70747 2.65269 2.59797 2.53480 2.44206 2.38633 2.28365 2.33001 2.28025 2.24729 2.24053 2.32815 2.98442 2.98218 2.98218 2.98218 2.98218 2.98218 2.98218 2.98218 2.98218 2.98218 2.50377 2.42761 2.69702 2.75214 2.76175 2.62449 2.60207 2.60256 2.60256 2.60256 2.60256 2.60256 2.60256 2.60256 2.60256 2.64737 2.73353 2.82055 2.74739 2.38832
1.20469 1.20469 1.20469 1.20469 1.35342 1.62210 1.91877 1.91877 1.91877 1.91877 1.86433 1.83976 1.83976 2.04334 2.45107 2.47552 2.47552 2.47552 2.47552 2.47552 2.63849 2.62164 2.59322 2.52285 2.42209 2.35521 2.30876 2.26241 2.22227 2.21163 2.20448 2.15253 2.20681 2.22492 2.22492 2.22492 2.22492 2.87261 2.98218 2.98218 2.98218 2.98218 2.98218 2.98218 2.98218 2.97670 2.86729 2.55986 2.39402 2.68370 2.77923 2.77923 2.67924 2.60256 2.60256 2.60256 2.60256 2.64824 2.73527 2.82212 2.90845 2.99547 3.03768 3.03768 3.03768 2.99600 2.45042
1.20469 1.20469 1.20469 1.20469 1.27277 1.55664 1.88204 1.91877 1.91877 1.91877 1.88061 1.83976 1.83976 1.92886 2.38305 2.46659 2.41690 2.34728 2.24552 2.14303 2.24041 2.35183 2.24483 2.21985 2.21367 2.20652 2.19936 2.19220 2.18713 2.18693 2.18693 2.17011 2.16493 2.22492 2.22492 2.22492 2.22492 2.66882 2.98218 2.98218 2.98218 2.98218 2.90952 2.76059 2.61172 2.46827 2.42876 2.42417 2.39534 2.58533 2.77867 2.77932 2.77389 2.73644 2.82316 2.91019 2.99682 3.03768 3.03768 3.03768 3.02777 2.95398 2.87096 2.78712 2.70307 2.62911 2.52653
1.20469 1.20469 1.20469 1.20469 1.20947 1.53916 1.79382 1.91877 1.92240 1.93789 1.93390 1.92105 1.93368 1.93821 2.27645 2.18731 2.15464 2.14210 2.16143 2.17692 2.24756 2.47406 2.33859 2.18791 2.18693 2.18693 2.18693 2.18693 2.18693 2.18693 2.18693 2.18677 2.13746 2.22492 2.22492 2.22492 2.22492 2.46509 2.94521 2.80276 2.65389 2.50496 2.42876 2.42876 2.42876 2.42876 2.42876 2.41583 2.36051 2.43370 2.97585 3.17467 3.20523 3.04104 3.03823 3.03930 2.96971 2.88571 2.80277 2.71880 2.64480 2.63464 2.63464 2.63464 2.63464 2.63464 2.58817
1.35210 1.39383 1.43552 1.47725 1.51898 1.69737 1.88630 2.07937 2.07572 2.06048 2.03824 1.95976 1.94738 1.94738 2.19541 2.19104 2.18113 2.17398 2.16695 2.16462 2.16480 2.42760 2.39348 2.18693 2.18693 2.18693 2.18693 2.18693 2.18693 2.18693 2.18693 2.18693 2.13205 2.21936 2.21169 2.08761 1.93885 1.83677 2.42473 2.42876 2.42876 2.42876 2.41913 2.39174 2.36395 2.33617 2.30838 2.29353 2.27623 2.28607 2.84304 3.07189 2.95479 2.82033 2.73394 2.64897 2.63464 2.63464 2.63464 2.63464 2.63464 2.63464 2.63464 2.63618 2.66333 2.69948 2.71539
1.66941 1.67081 1.69207 1.71971 1.74738 1.84153 1.93251 2.00412 2.00486 2.00663 2.02104 1.99282 2.01106 2.03264 2.14119 2.20061 2.16462 2.16462 2.16462 2.16462 2.16462 2.34159 2.43854 2.20490 2.18693 2.18693 2.18693 2.18693 2.18693 2.18693 2.18549 2.09185 1.91173 1.79204 1.69640 1.67149 1.67149 1.66469 2.22805 2.36766 2.33986 2.31207 2.29389 2.28513 2.26827 2.24963 2.21024 2.16501 2.11344 2.05217 2.11276 2.61461 2.61461 2.62465 2.63464 2.63464 2.63464 2.63464 2.63464 2.63488 2.65691 2.69308 2.72922 2.76388 2.77291 2.77291 2.77188
1.76327 1.78952 1.79594 1.79594 1.79594 1.84352 1.95944 2.03592 2.06542 2.08092 2.08351 2.05663 2.04569 2.04569 2.06755 2.24005 2.16462 2.16462 2.16462 2.16462 2.16462 2.24253 2.45936 2.25626 2.18693 2.18693 2.18693 2.13242 1.98515 1.83623 1.68879 1.63351 1.63442 1.60980 1.61407 1.58628 1.55850 1.56665 1.97011 2.25406 2.23654 2.19986 2.15465 2.11781 2.08942 2.06284 2.05699 2.05699 2.05691 2.02758 1.97054 2.57717 2.61461 2.61944 2.63464 2.63464 2.65059 2.68671 2.72285 2.75879 2.77291 2.77291 2.77291 2.77291 2.77291 2.77291 2.77291
1.79938 1.81893 1.84051 1.86207 1.88365 1.90213 2.02409 2.05809 2.08505 2.08862 2.09221 2.07137 2.04569 2.04569 2.04569 2.22766 2.16462 2.16462 2.16462 2.16462 2.16462 2.16681 2.43717 2.30064 2.02727 1.87840 1.72953 1.63633 1.66722 1.71299 1.75878 1.81438 1.93150 1.92443 1.80521 1.89605 1.97021 2.00344 2.01177 2.09327 2.06557 2.05699 2.05699 2.05699 2.05699 2.05699 2.05699 2.05699 2.05699 2.03800 1.98826 2.39342 2.62514 2.66069 2.71551 2.75264 2.77285 2.77291 2.77291 2.77291 2.77291 2.77291 2.77291 2.77291 2.77286 2.75415 2.72035
2.01282 2.01937 2.02385 2.02832 2.03280 2.03726 2.14961 2.18491 2.20713 2.20713 2.20713 2.15679 2.04569 2.04569 2.04569 2.17665 2.18130 2.16462 2.16462 2.16462 2.16462 2.16462 2.14245 1.94756 1.69969 1.74620 1.84886 1.98403 2.08805 2.17854 2.26916 2.33847 2.32088 2.24608 1.98401 1.92398 1.91214 1.91214 1.91527 2.05004 2.05699 2.05699 2.05699 2.05699 2.05699 2.05699 2.05699 2.05699 2.05408 2.04106 2.09345 2.30923 2.75187 2.75288 2.76703 2.77291 2.77291 2.77291 2.77291 2.77284 2.75381 2.72001 2.68626 2.65275 2.61900 2.60391 2.60391
2.04878 2.04878 2.04878 2.04878 2.04878 2.04878 2.12680 2.18032 2.20589 2.20713 2.20713 2.18523 2.04569 2.04569 2.04569 2.10090 2.22273 2.16462 2.17443 2.21747 2.26265 2.30858 2.29587 2.19522 2.24289 2.32894 2.35795 2.32994 2.29914 2.26837 2.23759 2.21847 2.21820 2.20170 2.00492 1.91214 1.91214 1.91214 1.91214 2.01429 2.05699 2.05699 2.05699 2.05699 2.05630 2.04215 2.02279 2.00347 1.98702 1.98774 2.14867 2.16446 2.75259 2.75288 2.76164 2.75347 2.71967 2.68602 2.65241 2.61868 2.60391 2.60391 2.60391 2.61617 2.68222 2.74469 2.80690
2.04878 2.04878 2.04878 2.04878 2.04878 2.04878 2.09695 2.17972 2.19983 2.20713 2.20713 2.20577 2.05470 2.05771 2.09205 2.12895 2.39461 2.43504 2.50521 2.54114 2.57396 2.59560 2.58111 2.30493 2.32370 2.24663 2.22096 2.21820 2.21820 2.21820 2.21820 2.21820 2.21820 2.21795 2.07564 1.91214 1.91214 1.91214 1.91214 1.97545 2.05699 2.04756 2.02823 2.00888 1.99024 1.98506 1.98506 1.98506 1.98506 1.98506 2.14815 2.25987 2.62228 2.63204 2.60187 2.60391 2.60391 2.60377 2.59388 2.64392 2.70527 2.76736 2.82980 2.87977 2.87589 2.87589 2.87589
2.04878 2.05099 2.05955 2.06849 2.07744 2.08638 2.11806 2.29224 2.30995 2.33129 2.36566 2.40304 2.35698 2.35969 2.37038 2.37142 2.59136 2.65371 2.61140 2.57037 2.52933 2.48993 2.47938 2.29875 2.25130 2.21820 2.21820 2.21820 2.21820 2.21820 2.21820 2.21820 2.21820 2.21820 2.15492 1.91972 1.91214 1.90731 1.88880 1.89394 1.99497 1.98506 1.98506 1.98506 1.98506 2.02534 2.12429 2.22373 2.32307 2.42250 2.52565 2.62559 2.57163 2.62831 2.73766 2.69289 2.72901 2.79153 2.86353 2.87589 2.87589 2.87589 2.87589 2.87589 2.87589 2.87589 2.88154
2.14119 2.14793 2.14832 2.14832 2.15033 2.17001 2.19411 2.43139 2.47533 2.49115 2.49178 2.49178 2.43701 2.41237 2.45064 2.48892 2.53040 2.49255 2.47938 2.47938 2.47938 2.47938 2.47938 2.38101 2.23237 2.21820 2.21820 2.21820 2.21820 2.21820 2.21820 2.21820 2.21820 2.21645 2.17053 1.93591 1.85554 1.84103 1.84021 1.84054 2.00029 2.11179 2.21137 2.31070 2.41024 2.46933 2.47798 2.49855 2.53827 2.74938 3.00812 3.42257 3.14398 3.19737 3.20973 2.99372 2.87589 2.87589 2.87589 2.87589 2.87589 2.87589 2.87857 2.90773 2.94366 2.97964 3.00992
2.15975 2.18354 2.20731 2.23111 2.25286 2.25698 2.25698 2.41790 2.51005 2.53874 2.56746 2.59617 2.59624 2.54622 2.54622 2.54622 2.54503 2.50710 2.47938 2.47938 2.47938 2.47938 2.47938 2.46648 2.22135 2.21777 2.21820 2.21820 2.21820 2.21800 2.20572 2.18638 2.16704 2.14945 2.14086 1.98080 1.95472 2.05410 2.15363 2.25297 2.41886 2.49561 2.51632 2.54486 2.73386 2.98542 3.22910 3.46012 3.67193 3.71240 3.71240 3.83437 3.43675 3.20788 3.20973 3.08223 2.87589 2.87589 2.87667 2.90144 2.93738 2.97330 3.00659 3.01339 3.01339 3.01339 3.01339
2.25698 2.25698 2.25698 2.26406 2.29150 2.32020 2.34892 2.48450 2.62288 2.62288 2.62288 2.62288 2.61228 2.54622 2.54622 2.54622 2.54622 2.52514 2.47938 2.47938 2.47938 2.47938 2.47938 2.47938 2.28746 2.19163 2.21097 2.19180 2.17246 2.15333 2.14815 2.17325 2.20529 2.23731 2.26772 2.22516 2.28589 2.26527 2.24617 2.36683 2.72248 3.19572 3.42682 3.64972 3.71240 3.71240 3.71240 3.71240 3.71240 3.71240 3.71240 3.77908 3.64067 3.19486 3.20976 3.18964 2.93120 2.96702 3.00218 3.01339 3.01339 3.01339 3.01339 3.01339 3.01339 3.01339 3.01339
1.75424 1.75424 1.75424 1.75424 1.75424 1.75424 1.77758 1.82787 1.93612 2.26831 2.32731 2.15415 2.09000 2.09000 2.09000 2.08857 1.90936 1.89935 1.89935 1.89935 2.01161 2.08435 2.08435 2.08435 2.08435 2.08435 2.08435 2.08435 2.08435 2.07622 1.75157 1.84128 1.85931 1.88098 1.90264 1.92431 1.94594 1.95967 2.01083 2.05747 2.09513 2.12159 2.13444 2.14522 2.12176 2.11706 2.11706 2.11734 2.21733 2.17311 2.21340 2.35778 2.51824 2.55488 2.50495 1.12898 1.50059 1.73189 1.73189 1.73189 1.73189 1.73189 1.73189 1.73189 1.73189 1.73189 1.73189
1.75424 1.75599 1.79270 1.84310 1.89341 1.94377 1.97077 1.97082 1.97771 2.31174 2.33166 2.22454 2.09000 2.09000 2.09000 2.09000 1.94606 1.89935 1.89935 1.89935 1.96959 2.11331 2.14212 2.17106 2.19998 2.22878 2.25767 2.28657 2.31546 2.34429 2.03648 2.07375 2.07931 2.07931 2.07931 2.07648 2.05922 2.08604 2.16659 2.14735 2.13713 2.13712 2.12074 2.14276 2.27044 2.42960 2.61888 2.84726 2.96104 2.77798 2.55488 2.55488 2.55488 2.55488 2.55488 1.51862 1.26648 1.73180 1.73189 1.73189 1.73189 1.73189 1.73189 1.73189 1.72847 1.68144 1.62115
1.90862 1.95720 1.97082 1.97082 1.97082 1.97082 1.97082 1.97082 1.97082 2.20261 2.33166 2.29500 2.09000 2.09000 2.09000 2.09000 1.98419 1.89935 1.89935 1.89935 1.94197 2.40100 2.40431 2.40431 2.40431 2.40431 2.40431 2.40431 2.40431 2.40431 2.18714 2.03237 2.04816 2.02892 2.00967 1.99326 1.99125 2.00454 2.13901 2.20625 2.31350 2.43458 2.66983 2.94331 2.96104 2.96104 2.96104 2.96104 2.96104 2.89328 2.55488 2.55488 2.55488 2.55488 2.55488 1.92035 1.11205 1.67327 1.73189 1.73189 1.73175 1.69760 1.63729 1.57694 1.52007 1.50676 1.49438
1.97082 1.97082 1.97082 1.97082 1.97082 1.97082 1.97082 1.97082 1.97082 2.10408 2.33166 2.33166 2.12379 2.09000 2.09000 2.09000 2.02232 1.89935 1.89935 1.89935 1.89935 2.33882 2.40431 2.40431 2.40431 2.40431 2.40613 2.41739 2.43000 2.44260 2.39702 1.97394 1.99125 1.99125 2.01770 2.10887 2.21395 2.33288 2.62985 2.70646 2.70646 2.70646 2.79876 2.96104 2.96104 2.96104 2.96104 2.96104 2.96104 2.96054 2.60273 2.55488 2.55488 2.55488 2.55488 2.21015 1.11205 1.51399 1.65343 1.59312 1.53295 1.50218 1.46315 1.41725 1.37134 1.32542 1.29189
1.97082 1.97082 1.97082 1.97082 1.97082 1.97082 1.97082 1.97082 1.97082 2.02397 2.33166 2.33166 2.19423 2.08781 2.07932 2.07068 2.03751 1.95005 1.96026 1.97043 1.98059 2.31357 2.47798 2.49738 2.51677 2.53613 2.55374 2.56185 2.56865 2.57543 2.58218 2.29631 2.40023 2.54334 2.65721 2.66790 2.67470 2.68148 2.81211 2.88955 2.89631 2.90311 2.92139 2.96104 2.96104 2.96104 2.96104 2.96104 2.96104 2.96104 2.71763 2.55488 2.55488 2.55488 2.55488 2.42873 1.11088 1.19175 1.43044 1.38452 1.33861 1.29728 1.29029 1.29029 1.29029 1.29029 1.29029
1.88246 1.87673 1.87088 1.86509 1.85930 1.85995 1.87463 1.88972 1.90494 1.92230 2.09646 2.10331 2.02751 1.84635 1.84601 1.84601 1.84880 2.22410 2.26116 2.28007 2.29898 2.48348 2.68999 2.69000 2.69000 2.69000 2.69000 2.69000 2.69000 2.69000 2.69000 2.69029 2.73695 2.74175 2.74175 2.74175 2.74175 2.74175 2.82159 2.93625 2.93625 2.93625 2.93741 2.96094 2.96104 2.96104 2.96104 2.96104 2.96104 2.96104 2.83277 2.55488 2.53732 2.49173 2.44582 2.39582 0.925246 0.682274 1.25159 1.29029 1.29029 1.29029 1.29029 1.29029 1.29029 1.29029 1.29029
1.83598 1.85690 1.87789 1.89881 1.91974 1.93418 1.93464 1.93464 1.93464 1.93464 2.02505 2.08767 2.08049 1.86329 1.87134 1.89027 1.90917 2.22553 2.32789 2.32789 2.32789 2.39179 2.69000 2.69000 2.69000 2.69000 2.69000 2.69000 2.69000 2.69000 2.69000 2.69000 2.72243 2.74175 2.74175 2.74175 2.74175 2.74175 2.77752 2.93625 2.93625 2.93625 2.93625 2.95645 2.96104 2.96104 2.96104 2.96289 2.97025 2.97731 2.95621 2.28781 2.21856 2.19372 2.16918 2.14463 1.31927 0.679104 1.12235 1.29029 1.29029 1.29029 1.29029 1.29029 1.29029 1.29029 1.29029
1.93464 1.93464 1.93464 1.93464 1.93464 1.93464 1.93464 1.93464 1.93438 1.91715 1.93269 1.97926 1.93821 1.92464 1.92987 1.92987 1.92987 2.14862 2.32789 2.32789 2.32789 2.32799 2.66347 2.69000 2.69000 2.69000 2.69000 2.69000 2.69000 2.69000 2.69000 2.69000 2.70757 2.74175 2.74175 2.74157 2.72498 2.69792 2.67287 2.85860 2.85627 2.83995 2.82365 2.79983 2.79265 2.79976 2.80677 2.81195 2.81150 2.81150 2.81150 2.23772 2.04410 2.04410 2.04410 2.04410 1.60462 0.679104 0.926854 1.29029 1.29029 1.29029 1.29029 1.29029 1.29029 1.29029 1.29029
1.93464 1.93464 1.93464 1.93464 1.93200 1.90894 1.88155 1.85418 1.82708 1.81693 1.82777 1.91111 1.91111 1.91867 1.92987 1.92987 1.92987 2.06838 2.32789 2.32789 2.32789 2.32789 2.59850 2.69000 2.68961 2.67158 2.64455 2.61730 2.59030 2.56306 2.53603 2.50885 2.48522 2.50562 2.47923 2.45229 2.44173 2.44173 2.44621 2.68409 2.78538 2.80645 2.82746 2.82714 2.81150 2.81150 2.81150 2.81150 2.81150 2.81150 2.81150 2.45584 2.04410 2.04410 2.04410 2.04410 1.83724 0.679104 0.697169 1.26638 1.29029 1.29029 1.29029 1.29029 1.29029 1.29029 1.29029
