High_resolution/powerplant/Shangrao/OMI_NO2_201001.asc
ncols      200
nrows      200
xllcorner       115.451
yllcorner       27.0350
cellsize     0.0166667
NODATA_Value      -999.000
[rows 0 to 28 of 200, columns 67 to 133 of 200]
25.7145 25.7145 25.7145 25.7145 25.7145 33.5969 44.0849 44.0849 44.0849 44.0849 44.0849 44.0849 44.0849 44.0849 44.0849 44.0849 0.00000 0.00000 0.00000 0.00000 0.00000 0.00000 0.00000 0.00000 0.00000 0.00000 0.00000 0.00000 0.00000 0.00000 0.00000 0.00000 0.00000 0.00000 0.00000 0.00000 0.00000 0.00000 0.00000 0.00000 0.00000 0.00000 0.00000 0.00000 0.00000 0.00000 0.00000 0.00000 0.00000 0.00000 0.00000 0.00000 0.00000 0.00000 0.00000 0.00000 0.00000 0.00000 0.00000 0.00000 0.00000 0.00000 0.00000 0.00000 0.00000 0.00000 0.00000
25.7145 25.7145 25.7145 25.7145 25.7145 29.2697 44.0849 44.0849 44.0849 44.0849 44.0849 44.0849 44.0849 44.0849 44.0849 44.0849 0.00000 0.00000 0.00000 0.00000 0.00000 0.00000 0.00000 0.00000 0.00000 0.00000 0.00000 0.00000 0.00000 0.00000 0.00000 0.00000 0.00000 0.00000 0.00000 0.00000 0.00000 0.00000 0.00000 0.00000 0.00000 0.00000 0.00000 0.00000 0.00000 0.00000 0.00000 0.00000 0.00000 0.00000 0.00000 0.00000 0.00000 0.00000 0.00000 0.00000 0.00000 0.00000 12.2766 12.2766 0.00000 0.00000 0.00000 0.00000 0.00000 0.00000 0.00000
25.7145 25.7145 25.7145 25.7145 25.7145 26.3071 43.5491 44.0849 44.0849 44.0849 44.0849 44.0849 44.0849 44.0849 44.0849 44.0849 0.00000 0.00000 0.00000 0.00000 0.00000 0.00000 0.00000 0.00000 0.00000 0.00000 0.00000 0.00000 0.00000 0.00000 0.00000 0.00000 0.00000 0.00000 0.00000 0.00000 0.00000 0.00000 0.00000 0.00000 0.00000 0.00000 0.00000 0.00000 0.00000 0.00000 0.00000 0.00000 0.00000 0.00000 0.00000 0.00000 0.00000 0.00000 12.2766 12.2766 12.2766 12.2766 12.2766 12.2766 0.00000 0.00000 0.00000 0.00000 0.00000 0.00000 0.00000
25.7145 25.7145 25.7145 25.7145 25.6665 25.4842 37.0647 44.0849 44.0849 44.0849 44.0849 44.0849 44.0849 44.0849 44.0849 43.0984 0.00000 0.00000 0.00000 0.00000 0.00000 0.00000 0.00000 0.00000 0.00000 0.00000 0.00000 0.00000 0.00000 0.00000 0.00000 0.00000 0.00000 0.00000 0.00000 0.00000 0.00000 0.00000 0.00000 0.00000 0.00000 0.00000 0.00000 0.00000 0.00000 0.00000 0.00000 0.00000 0.00000 0.00000 12.2766 12.2766 12.2766 12.2766 12.2766 12.2766 12.2766 12.2766 12.2766 12.2766 0.00000 0.00000 0.00000 0.00000 0.00000 0.00000 0.00000
25.3589 25.1690 24.9782 24.7883 24.6459 24.6379 31.0341 44.0849 44.0849 44.0849 43.3861 41.1428 38.8415 36.5405 34.2400 32.9451 32.9405 0.00000 0.00000 0.00000 0.00000 0.00000 0.00000 0.00000 0.00000 0.00000 0.00000 0.00000 0.00000 0.00000 0.00000 0.00000 0.00000 0.00000 0.00000 0.00000 0.00000 0.00000 0.00000 0.00000 0.00000 0.00000 0.00000 0.00000 0.00000 0.00000 12.2766 12.2766 12.2766 12.2766 12.2766 12.2766 12.2766 12.2766 12.2766 12.2766 12.2766 12.2766 12.2766 12.2766 12.2766 0.00000 0.00000 0.00000 0.00000 0.00000 0.00000
24.6379 24.6379 24.6379 24.6379 24.6379 24.4150 25.5730 39.2003 36.9012 34.5988 32.9962 32.9405 32.9405 32.9405 32.9405 32.9405 32.9405 0.00000 0.00000 0.00000 0.00000 0.00000 0.00000 0.00000 0.00000 0.00000 0.00000 0.00000 0.00000 0.00000 0.00000 0.00000 0.00000 0.00000 0.00000 0.00000 0.00000 0.00000 0.00000 0.00000 0.00000 0.00000 12.2766 12.2766 12.2766 12.2766 12.2766 12.2766 12.2766 12.2766 12.2766 12.2766 12.2766 12.2766 12.2766 12.2766 12.2766 12.2766 12.2766 12.2766 12.2766 0.00000 0.00000 0.00000 0.00000 0.00000 0.00000
24.5126 23.5257 22.3751 21.2255 20.0749 19.1471 19.1474 31.1397 32.9405 32.9405 32.9405 32.9405 32.9405 32.9405 32.9405 32.9405 32.9405 0.00000 0.00000 0.00000 0.00000 0.00000 0.00000 0.00000 0.00000 0.00000 0.00000 0.00000 0.00000 0.00000 0.00000 0.00000 0.00000 0.00000 0.00000 0.00000 0.00000 0.00000 12.2766 12.2766 12.2766 12.2766 12.2766 12.2766 12.2766 12.2766 12.2766 12.2766 12.2766 12.2766 12.2766 12.2766 12.2766 12.2766 12.2766 12.2766 12.2766 12.2766 12.2766 12.2766 12.2766 0.00000 0.00000 0.00000 0.00000 0.00000 0.00000
19.2290 19.0657 19.0657 19.0657 19.0657 19.0657 19.0657 25.9881 32.9405 32.9405 32.9405 32.9405 32.9405 32.9405 32.9405 32.9405 32.9405 32.9405 0.00000 0.00000 0.00000 0.00000 0.00000 0.00000 0.00000 0.00000 0.00000 0.00000 0.00000 0.00000 0.00000 0.00000 0.00000 0.00000 0.00000 0.00000 12.2766 12.2766 12.2766 12.2766 12.2766 12.2766 12.2766 12.2766 12.2766 12.2766 12.2766 12.2766 12.2766 12.2766 12.2766 12.2766 12.2766 12.2766 12.2766 12.2766 12.2766 12.2766 12.2766 12.2766 12.2766 12.2766 0.00000 0.00000 0.00000 0.00000 0.00000
19.0657 19.0657 19.0657 19.0657 19.0657 19.0657 19.0657 22.4214 32.9405 32.9405 32.9405 32.9405 32.9405 32.9405 32.9405 32.9405 32.9405 32.9405 0.00000 0.00000 0.00000 0.00000 0.00000 0.00000 0.00000 0.00000 0.00000 0.00000 0.00000 0.00000 0.00000 0.00000 0.00000 0.00000 0.00000 0.00000 12.2766 12.2766 12.2766 12.2766 12.2766 12.2766 12.2766 12.2766 12.2766 12.2766 12.2766 12.2766 12.2766 12.2766 12.2766 12.2766 12.2766 12.2766 12.2766 12.2766 12.2766 12.2766 12.2766 12.2766 12.2766 12.1829 0.00000 0.00000 0.00000 0.00000 0.00000
19.0657 19.0657 19.0657 19.0657 19.0657 19.0657 19.0657 19.9060 32.9100 32.9405 32.9405 32.9405 32.9405 32.9405 32.9405 32.9405 32.9405 32.9405 0.00000 0.00000 0.00000 0.00000 0.00000 0.00000 0.00000 0.00000 0.00000 0.00000 0.00000 0.00000 0.00000 0.00000 0.00000 0.00000 0.00000 0.00000 0.00000 12.2766 12.2766 12.2766 12.2766 12.2766 12.2766 12.2766 12.2766 12.2766 12.2766 12.2766 12.2766 12.2766 12.2766 12.2766 12.2766 12.2766 12.2766 12.2766 12.2766 12.0491 11.0222 9.92640 8.82928 8.04854 0.00000 0.00000 0.00000 0.00000 0.00000
18.7471 19.0657 19.0657 19.0657 19.0657 19.0657 19.0657 19.0616 29.0387 32.9405 32.9405 32.9405 32.9405 32.9405 32.9405 32.9405 32.9405 32.9405 0.00000 0.00000 0.00000 0.00000 0.00000 0.00000 0.00000 0.00000 0.00000 0.00000 0.00000 0.00000 0.00000 0.00000 0.00000 0.00000 0.00000 0.00000 0.00000 12.2766 12.2766 12.2766 12.2766 12.2766 12.2766 12.2766 12.2766 12.2766 12.2766 12.2766 12.2766 12.2766 12.2766 12.2766 12.2766 12.1082 11.1208 10.0250 8.92880 8.06044 7.99102 7.99102 7.99102 7.99102 7.99102 0.00000 0.00000 0.00000 0.00000
16.5362 19.0650 19.0477 19.0235 18.9993 18.9751 18.9509 18.9308 24.3981 32.9405 32.9405 32.9405 32.9405 32.9405 32.9405 32.9405 32.9405 32.9405 0.00000 0.00000 0.00000 0.00000 0.00000 0.00000 0.00000 0.00000 0.00000 0.00000 0.00000 0.00000 0.00000 0.00000 0.00000 0.00000 0.00000 0.00000 0.00000 12.2766 12.2766 12.2766 12.2766 12.2766 12.2766 12.2766 12.2766 12.2766 12.2766 12.2766 12.2766 12.1588 11.2201 10.1240 9.02856 8.09987 7.99102 7.99102 7.99102 7.99102 7.99102 7.99102 7.99102 7.99102 7.99102 0.00000 0.00000 0.00000 0.00000
12.9544 18.9357 18.9288 18.9288 18.9288 18.9288 18.9288 18.9288 20.9559 32.9405 32.9405 32.9405 32.9405 32.9405 0.00000 0.00000 0.00000 0.00000 0.00000 0.00000 0.00000 0.00000 0.00000 0.00000 0.00000 0.00000 0.00000 0.00000 0.00000 0.00000 0.00000 0.00000 0.00000 0.00000 0.00000 0.00000 0.00000 0.00000 12.2766 12.2766 12.2766 12.2766 12.2766 12.2766 12.2766 12.2003 11.3196 10.2225 9.12670 8.14873 7.99102 7.99102 7.99102 7.99102 7.99102 7.99102 7.99102 7.99102 7.99102 7.99102 7.99102 7.99102 7.99102 0.00000 0.00000 0.00000 0.00000
7.67817 18.9098 18.9288 18.7471 17.3181 15.2846 12.6380 9.06633 5.26303 4.91699 0.00000 0.00000 0.00000 0.00000 0.00000 0.00000 0.00000 0.00000 0.00000 0.00000 0.00000 0.00000 0.00000 0.00000 0.00000 0.00000 0.00000 0.00000 0.00000 0.00000 0.00000 0.00000 0.00000 0.00000 0.00000 0.00000 0.00000 0.00000 12.2766 12.2766 12.2766 12.2325 11.4182 10.3220 9.22527 8.20658 7.99102 7.99102 7.99102 7.99102 7.99102 7.99102 7.99102 7.99102 7.99102 7.99102 7.99102 7.99102 7.99102 7.99102 7.99102 7.99102 7.99102 7.99102 0.00000 0.00000 0.00000
4.91699 12.3001 9.72879 5.62714 4.91699 4.91699 4.91699 4.91699 4.91699 4.91699 0.00000 0.00000 0.00000 0.00000 0.00000 0.00000 0.00000 0.00000 0.00000 0.00000 0.00000 0.00000 0.00000 0.00000 0.00000 0.00000 0.00000 0.00000 0.00000 0.00000 0.00000 0.00000 0.00000 0.00000 0.00000 0.00000 0.00000 10.8107 11.3126 10.4465 9.32512 8.27258 7.99102 7.99102 7.99102 7.99102 7.99102 7.99102 7.99102 7.99102 7.99102 7.99102 7.99102 7.99102 7.99102 7.99102 7.99102 7.99102 7.99102 7.99102 7.99102 7.99102 7.99102 7.99102 0.00000 0.00000 0.00000
4.91699 4.91699 4.91699 4.91699 4.91699 4.91699 4.91699 4.91699 4.91699 4.91699 0.00000 0.00000 0.00000 0.00000 0.00000 0.00000 0.00000 0.00000 0.00000 0.00000 0.00000 0.00000 0.00000 0.00000 0.00000 0.00000 0.00000 0.00000 0.00000 0.00000 0.00000 0.00000 0.00000 0.00000 10.8107 10.8107 10.8107 10.8107 10.8107 8.65300 7.99102 7.99102 7.99102 7.99102 7.99102 7.99102 7.99102 7.99102 7.99102 7.99102 7.99102 7.99102 7.99102 7.99102 7.99102 7.99102 7.99102 7.99102 7.99102 7.99102 7.99102 7.99102 7.99102 7.99102 0.00000 0.00000 0.00000
4.91699 4.91699 4.91699 4.91699 4.91699 4.91699 4.91699 4.91699 4.91699 4.91699 0.00000 0.00000 0.00000 0.00000 0.00000 0.00000 0.00000 0.00000 0.00000 0.00000 0.00000 0.00000 0.00000 0.00000 0.00000 0.00000 0.00000 0.00000 0.00000 0.00000 10.8107 10.8107 10.8107 10.8107 10.8107 10.8107 10.8107 10.8107 10.8107 9.55085 7.99102 7.99102 7.99102 7.99102 7.99102 7.99102 7.99102 7.99102 7.99102 7.99102 7.99102 7.99102 7.99102 7.99102 7.99102 7.99102 7.99102 7.99102 7.99102 7.99102 7.83599 7.40333 6.96552 6.53389 6.27614 0.00000 0.00000
4.91699 4.91699 4.91699 4.91699 4.91699 4.91699 4.91699 4.91699 4.91699 4.91699 4.91699 0.00000 0.00000 0.00000 0.00000 0.00000 0.00000 0.00000 0.00000 0.00000 0.00000 0.00000 0.00000 0.00000 0.00000 0.00000 10.8107 10.8107 10.8107 10.8107 10.8107 10.8107 10.8107 10.8107 10.8107 10.8107 10.8107 10.8107 10.8107 10.4438 7.99525 7.99102 7.99102 7.99102 7.99102 7.99102 7.99102 7.99102 7.99102 7.99102 7.99102 7.99102 7.99102 7.99102 7.99102 7.99102 7.86566 7.44088 7.00256 6.56441 6.28162 6.27614 6.27614 6.27614 6.27614 0.00000 0.00000
4.91699 4.91699 4.91699 4.91699 4.91569 4.83006 4.69471 4.55936 4.42385 4.28850 4.18516 0.00000 0.00000 0.00000 0.00000 0.00000 0.00000 0.00000 0.00000 0.00000 0.00000 0.00000 10.8107 10.8107 10.8107 10.8107 10.8107 10.8107 10.8107 10.8107 10.8107 10.8107 10.8107 10.8107 10.8107 10.8107 10.8107 10.8107 10.8107 10.8107 8.52670 7.99102 7.99102 7.99102 7.99102 7.99102 7.99102 7.99102 7.99102 7.99102 7.99102 7.99102 7.89258 7.47793 7.03977 6.60196 6.28917 6.27614 6.27614 6.27614 6.27614 6.27614 6.27614 6.27614 6.27614 0.00000 0.00000
4.74029 4.60493 4.46928 4.33362 4.19957 4.14970 4.14970 4.14970 4.14970 4.14970 4.14970 0.00000 0.00000 0.00000 0.00000 0.00000 0.00000 0.00000 10.8107 10.8107 10.8107 10.8107 10.8107 10.8107 10.8107 10.8107 10.8107 10.8107 10.8107 10.8107 10.8107 10.8107 10.8107 10.8107 10.8107 10.8107 10.8107 10.8107 10.8107 10.8107 9.42396 7.99102 7.99102 7.99102 7.99102 7.99102 7.99102 7.99102 7.91573 7.51531 7.07733 6.63935 6.29963 6.27614 6.27614 6.27614 6.27614 6.27614 6.27614 6.27614 6.27614 6.27614 6.27614 6.27614 6.27614 0.00000 0.00000
4.14970 4.14970 4.14970 4.14970 4.14970 4.14970 4.14970 4.14970 4.14970 4.14970 4.14970 4.14970 0.00000 0.00000 0.00000 10.8107 10.8107 10.8107 10.8107 10.8107 10.8107 10.8107 10.8107 10.8107 10.8107 10.8107 10.8107 10.8107 10.8107 10.8107 10.8107 10.8107 10.8107 10.8107 10.8107 10.8107 10.8107 10.8107 10.8107 10.8107 10.3215 7.99102 7.99102 7.99102 7.93614 7.55269 7.11471 6.67639 6.31369 6.27614 6.27614 6.27614 6.27614 6.27614 6.27614 6.27614 6.27614 6.27614 6.27614 6.27614 6.27614 6.27614 6.27614 6.27614 6.27614 6.27614 0.00000
4.14970 4.14970 4.14970 4.14970 4.14970 4.14970 4.14970 4.14970 4.14970 4.14970 4.14970 4.14970 0.00000 0.00000 0.00000 10.8107 10.8107 10.8107 10.8107 10.8107 10.8107 10.8107 10.8107 10.8107 10.8107 10.8107 10.8107 10.8107 10.8107 10.8107 10.8107 10.8107 10.8107 10.8107 10.8107 10.8107 10.8107 10.8107 10.8107 10.8107 10.7360 7.92804 7.15175 6.71395 6.33067 6.27614 6.27614 6.27614 6.27614 6.27614 6.27614 6.27614 6.27614 6.27614 6.27614 6.27614 6.27614 6.27614 6.27614 6.27614 6.27614 6.27614 6.27614 6.27614 6.27614 6.27614 0.00000
4.14970 4.14970 4.14970 4.14970 4.14970 4.14970 4.14970 4.14970 4.14970 4.14970 4.14970 4.14970 0.00000 0.00000 0.00000 10.8107 10.8107 10.8107 10.8107 10.8107 10.8107 10.8107 10.8107 10.8107 10.8107 10.8107 10.8107 10.8107 10.8107 10.8107 10.8107 10.8107 10.8107 10.8107 10.8107 10.8107 10.7921 10.1545 9.21622 8.27860 7.41341 6.72483 6.27614 6.27614 6.27614 6.27614 6.27614 6.27614 6.27614 6.27614 6.27614 6.27614 6.27614 6.27614 6.27614 6.27614 6.27614 6.27614 6.27614 6.27614 6.27614 6.27614 6.27614 6.27614 6.27614 6.27614 0.00000
4.14970 4.14970 4.14970 4.14970 4.14970 4.14970 4.14970 4.14970 4.14970 4.14970 4.14970 4.14970 0.00000 0.00000 0.00000 10.8107 10.8107 10.8107 10.8107 10.8107 10.8107 10.8107 10.8107 10.8107 10.8107 10.8107 10.8107 10.8107 10.8107 10.8107 10.8107 10.8107 10.8107 10.3404 9.40138 8.46341 7.54399 7.24287 7.24287 7.24287 7.24287 7.03399 6.27614 6.27614 6.27614 6.27614 6.27614 6.27614 6.27614 6.27614 6.27614 6.27614 6.27614 6.27614 6.27614 6.27614 6.27614 6.27614 6.27614 6.27614 6.27614 6.27614 6.27586 6.14604 5.90744 5.66542 5.34336
4.14970 4.14970 4.14970 4.14970 4.14970 4.14970 4.14970 4.14970 4.14970 4.14970 4.14970 4.14970 4.14970 0.00000 0.00000 0.00000 10.8107 10.8107 10.8107 10.8107 10.8107 10.8107 10.8107 10.8107 10.8107 10.8107 10.8107 10.8107 10.8107 10.5078 9.58727 8.64822 7.71060 7.24287 7.24287 7.24287 7.24287 7.24287 7.24287 7.24287 7.24287 7.23813 6.38113 6.27614 6.27614 6.27614 6.27614 6.27614 6.27614 6.27614 6.27614 6.27614 6.27614 6.27614 6.27614 6.27614 6.27614 6.27614 6.27614 6.16604 5.92754 5.68884 5.45034 5.34155 5.34155 5.34155 5.34155
4.14970 4.14970 4.14970 4.14970 4.14970 4.14970 4.14970 4.14970 4.01626 3.76161 3.50754 3.25332 2.96326 0.00000 0.00000 0.00000 10.8107 10.8107 10.8107 10.8107 10.8107 10.8107 10.8107 10.8107 10.8107 10.6376 9.77269 8.83446 7.89542 7.26070 7.24287 7.24287 7.24287 7.24287 7.24287 7.24287 7.24287 7.24287 7.24287 7.24287 7.24287 7.24287 6.68559 6.27614 6.27614 6.27614 6.27614 6.27614 6.27614 6.27614 6.27614 6.27614 6.27614 6.27614 6.27614 6.18436 5.94735 5.70884 5.47015 5.34174 5.34155 5.34155 5.34155 5.34155 5.34155 5.34155 5.34155
4.14970 4.14970 4.09010 3.84798 3.59391 3.33969 3.08504 2.83097 2.71020 2.71020 2.71020 2.71020 2.71020 0.00000 0.00000 0.00000 10.8107 10.8107 10.8107 10.8107 10.8107 10.7322 9.95725 9.01963 8.08130 7.31529 7.24287 7.24287 7.24287 7.24287 7.24287 7.24287 7.24287 7.24287 7.24287 7.24287 7.24287 7.24287 7.24287 7.24287 7.24287 7.24287 6.99468 6.27614 6.27614 6.27614 6.27614 6.27614 6.27614 6.27614 6.27614 6.20081 5.96735 5.72875 5.49015 5.34323 5.34155 5.34155 5.34155 5.34155 5.34155 5.34155 5.34155 5.34155 5.34155 5.34155 5.34155
3.17141 2.91734 2.72272 2.71020 2.71020 2.71020 2.71020 2.71020 2.71020 2.71020 2.71020 2.71020 2.71020 0.00000 0.00000 0.00000 0.00000 10.7856 10.1431 9.20408 8.26682 7.40663 7.24287 7.24287 7.24287 7.24287 7.24287 7.24287 7.24287 7.24287 7.24287 7.24287 7.24287 7.24287 7.24287 7.24287 7.24287 7.24287 7.24287 7.24287 7.24287 7.24287 7.22865 6.35136 6.27614 6.27614 6.27614 6.21614 5.98735 5.74856 5.50996 5.34669 5.34155 5.34155 5.34155 5.34155 5.34155 5.34155 5.34155 5.34155 5.34155 5.34155 5.34155 5.34155 5.34155 5.34155 5.34155
2.71020 2.71020 2.71020 2.71020 2.71020 2.71020 2.71020 2.71020 2.71020 2.71020 2.71020 2.71020 2.71020 2.71020 13.2646 13.2646 13.2646 10.1407 7.24287 7.24287 7.24287 7.24287 7.24287 7.24287 7.24287 7.24287 7.24287 7.24287 7.24287 7.24287 7.24287 7.24287 7.24287 7.24287 7.24287 7.24287 7.24287 7.24287 7.24287 7.24287 7.24287 7.24287 7.24287 6.59765 6.00735 5.76866 5.53015 5.35146 5.34155 5.34155 5.34155 5.34155 5.34155 5.34155 5.34155 5.34155 5.34155 5.34155 5.34155 5.34155 5.34155 5.34155 5.34155 5.34155 5.34155 5.34155 5.34155
