High_resolution/powerplant/Shangrao/OMI_NO2_200705.asc
ncols      200
nrows      200
xllcorner       115.451
yllcorner       27.0350
cellsize     0.0166667
NODATA_Value      -999.000
[rows 145 to 173 of 200, columns 67 to 133 of 200]
1.30739 1.02119 0.939907 0.976599 1.01996 1.06334 1.08683 1.09833 1.14109 1.18566 1.23023 1.18459 1.10720 1.14646 1.28692 1.45703 1.39003 1.15357 1.13725 1.11760 1.09882 1.09406 1.09406 1.09406 1.09406 1.09406 1.09406 1.30321 1.55771 1.55862 1.55862 1.56090 1.62043 1.59840 1.57507 1.54825 1.50881 1.43930 1.35781 1.27933 1.25374 1.25357 1.25357 1.25357 1.25990 1.28842 1.32551 1.50126 1.49160 1.48236 1.47550 1.47460 1.47460 1.38729 1.35955 1.35955 1.35955 1.35955 1.35955 1.35955 1.35955 1.32939 1.14657 1.14657 1.14657 1.14657 1.17360
1.59342 1.24143 1.09880 1.08491 1.11786 1.16408 1.21062 1.24568 1.24939 1.25134 1.25326 1.20303 1.05125 1.05837 1.20873 1.32742 1.35438 1.11360 1.09395 1.09406 1.09406 1.09406 1.09406 1.09406 1.09406 1.09406 1.09406 1.20708 1.48311 1.48901 1.44949 1.40418 1.41438 1.36583 1.32443 1.28416 1.25493 1.25357 1.26063 1.28959 1.31989 1.35029 1.38072 1.41099 1.43509 1.43696 1.43696 1.46500 1.47460 1.47460 1.47460 1.47460 1.47460 1.42243 1.35955 1.35955 1.35955 1.35955 1.35955 1.35955 1.35955 1.35948 1.19482 1.23731 1.30593 1.37450 1.41613
1.62117 1.36650 1.21089 1.23814 1.25169 1.25194 1.25194 1.25194 1.25194 1.25194 1.25194 1.24485 1.05612 1.05125 1.17237 1.28827 1.35549 1.18311 1.09292 1.09406 1.09406 1.08883 1.05085 1.00385 0.952210 0.895288 0.832072 0.828915 1.16549 1.27241 1.23217 1.19193 1.21493 1.29067 1.32113 1.35139 1.38183 1.41220 1.43547 1.43696 1.43696 1.43696 1.43696 1.43696 1.43696 1.43696 1.43696 1.45518 1.47460 1.47460 1.47460 1.47460 1.47460 1.45756 1.35955 1.35955 1.35955 1.35955 1.37917 1.44569 1.51440 1.58298 1.49581 1.41654 1.41654 1.41654 1.41654
1.67082 1.46860 1.31296 1.25426 1.25194 1.25194 1.25194 1.25194 1.25194 1.25194 1.25194 1.25194 1.09644 1.05125 1.12977 1.25232 1.33126 1.19844 0.984172 0.903885 0.841701 0.781670 0.772736 0.772736 0.772736 0.772726 0.778651 0.821619 1.16810 1.32796 1.38460 1.44117 1.47314 1.43696 1.43696 1.43696 1.43696 1.43696 1.43696 1.43696 1.43696 1.43696 1.43696 1.43696 1.43696 1.43696 1.43696 1.44537 1.47460 1.47460 1.47460 1.47460 1.47460 1.47460 1.39395 1.44121 1.50978 1.57851 1.62743 1.62951 1.62951 1.62951 1.55207 1.41654 1.41654 1.41654 1.41654
1.68707 1.51168 1.36053 1.26003 1.25194 1.25194 1.25194 1.25194 1.25194 1.25194 1.24245 1.22160 1.10452 1.01442 1.04015 1.08379 1.17701 1.14667 0.886403 0.772736 0.775938 0.807179 0.844904 0.882650 0.920330 0.958107 0.989907 0.993506 1.26519 1.46971 1.48586 1.48586 1.48525 1.44008 1.43696 1.43696 1.43696 1.43696 1.43696 1.43696 1.43696 1.43696 1.43696 1.43696 1.43738 1.43696 1.43696 1.43759 1.47257 1.47460 1.46676 1.41498 1.35643 1.29789 1.45708 1.62951 1.62951 1.62951 1.62951 1.62951 1.62951 1.62951 1.60706 1.41679 1.41654 1.41654 1.40505
1.70665 1.56212 1.41188 1.26578 1.24776 1.23757 1.23984 1.24233 1.24481 1.24727 1.25922 1.28255 1.23327 1.09329 1.09263 1.09213 1.22379 1.29055 1.06593 0.959174 0.987002 0.993506 0.993506 0.993506 0.993506 0.993506 0.993506 0.993506 1.16637 1.43419 1.48586 1.48586 1.48586 1.45235 1.43871 1.44354 1.44803 1.45212 1.45586 1.45931 1.46249 1.46544 1.46817 1.47072 1.45845 1.43696 1.43344 1.38738 1.35525 1.30795 1.25723 1.25046 1.25046 1.25046 1.33844 1.62951 1.62951 1.62951 1.62951 1.62936 1.60674 1.56802 1.52926 1.30181 1.22620 1.18575 1.15676
1.80504 1.70343 1.54854 1.37014 1.28148 1.29384 1.29398 1.29398 1.29398 1.30392 1.33185 1.36021 1.37406 1.21731 1.24407 1.26011 1.34501 1.41853 1.21909 1.02402 0.993506 0.993506 0.993506 0.993506 0.995276 1.01509 1.03963 1.06416 1.17764 1.42830 1.49918 1.50077 1.50225 1.48955 1.47188 1.47192 1.47192 1.47192 1.47192 1.47192 1.47192 1.47192 1.47132 1.44556 1.39409 1.28033 1.22530 1.21282 1.22942 1.25046 1.25046 1.25046 1.25046 1.24855 1.22281 1.52763 1.52046 1.48178 1.44303 1.40445 1.38836 1.38836 1.38836 1.25161 1.15556 1.15556 1.15556
2.03976 1.86563 1.63027 1.45950 1.34187 1.35100 1.37932 1.40765 1.43597 1.45436 1.45473 1.45472 1.45471 1.28811 1.25582 1.27749 1.35614 1.45766 1.36719 1.13172 1.11932 1.14385 1.16839 1.19294 1.21573 1.22048 1.22048 1.22048 1.23955 1.42855 1.49833 1.50452 1.50452 1.49936 1.47192 1.47192 1.47192 1.47192 1.47192 1.45225 1.41324 1.37421 1.33576 1.32249 1.33431 1.22002 1.21282 1.21180 1.20743 1.17139 1.13263 1.09393 1.05520 1.01838 1.00931 1.24487 1.38836 1.38836 1.38836 1.38836 1.38836 1.38836 1.38836 1.31163 1.15556 1.15556 1.15556
1.95290 1.73543 1.51799 1.49626 1.50328 1.45473 1.45288 1.44207 1.44405 1.45024 1.45680 1.46364 1.47091 1.46689 1.49759 1.53067 1.58875 1.58875 1.56631 1.24776 1.22048 1.22048 1.22048 1.22048 1.22048 1.22048 1.22048 1.22048 1.22048 1.39829 1.47553 1.50452 1.50452 1.50448 1.47539 1.45840 1.41993 1.41839 1.44790 1.49281 1.55086 1.60652 1.67076 1.73791 1.79703 1.40452 1.14313 1.11923 1.11424 1.01401 1.00931 1.00931 1.00931 1.00931 1.00931 1.12909 1.38836 1.38836 1.38836 1.38836 1.38836 1.38836 1.38836 1.37013 1.15670 1.09803 0.974870
1.71126 1.59383 1.46558 1.43152 1.51959 1.44037 1.44929 1.46939 1.47429 1.47429 1.47429 1.47429 1.47429 1.48845 1.51373 1.51674 1.58716 1.58875 1.58875 1.31918 1.22389 1.22048 1.22048 1.22048 1.22048 1.22048 1.22048 1.22048 1.22048 1.35578 1.51427 1.61552 1.63760 1.65610 1.65634 1.67646 1.73769 1.77873 1.80095 1.82542 1.85242 1.87813 1.88162 1.88162 1.88162 1.64530 1.11525 1.11525 1.11525 1.03105 1.00931 1.00931 1.00931 1.00931 1.00931 1.02591 1.37585 1.38836 1.38836 1.38836 1.38836 1.35398 1.27226 1.15992 0.654275 0.437756 0.437756
1.54801 1.50371 1.46442 1.46134 1.58378 1.47744 1.47429 1.47429 1.47852 1.57811 1.52764 1.47429 1.47429 1.47910 1.51373 1.51373 1.56941 1.58875 1.58946 1.44057 1.26694 1.22048 1.23208 1.30321 1.37679 1.44426 1.50651 1.56351 1.61199 1.71415 1.81725 1.78081 1.78540 1.79295 1.81739 1.87857 1.88162 1.88162 1.88162 1.88162 1.88162 1.88162 1.88162 1.88162 1.88162 1.77501 1.11525 1.11525 1.11525 1.05480 1.00931 1.00931 1.00931 1.00931 1.00931 1.00931 1.27670 1.35834 1.27805 1.16827 1.00845 0.903369 0.903369 0.903369 0.644188 0.437756 0.437756
1.54801 1.52663 1.46442 1.46442 1.56086 1.61722 1.71437 1.83148 1.93600 1.96541 1.72964 1.47429 1.47429 1.48810 1.55942 1.60278 1.72176 1.87627 1.95325 1.92238 1.68680 1.62428 1.66677 1.67232 1.67435 1.67617 1.67800 1.68028 1.68680 1.71806 1.85050 1.81925 1.80744 1.80744 1.81356 1.88150 1.88162 1.88162 1.88162 1.88162 1.88162 1.88162 1.88162 1.88162 1.88162 1.85960 1.12229 1.11525 1.11525 1.08943 1.00931 1.00931 1.00931 1.03399 1.10861 1.18487 1.18387 0.903563 0.903369 0.903369 0.903369 0.903369 0.903369 0.903369 0.764104 0.437756 0.437756
1.56306 1.73510 1.77570 1.90690 2.02216 2.02187 1.96541 1.97023 2.00011 2.04846 2.00468 1.66237 1.71863 1.76261 1.81330 1.84824 1.92754 2.08516 2.05123 1.98271 1.81137 1.69187 1.69352 1.69510 1.69489 1.69489 1.69489 1.69489 1.69489 1.69542 1.83803 1.83194 1.80744 1.80744 1.80744 1.86692 1.88162 1.88162 1.88513 1.89702 1.91008 1.92417 1.93941 1.95585 1.97374 1.99325 1.37957 1.11525 1.11525 1.14604 1.10832 1.17198 1.24814 1.29957 1.30103 1.30103 1.27971 0.907247 0.903369 0.903369 0.903369 0.903369 0.903369 0.924912 0.957024 0.686812 0.785883
2.23854 2.26611 2.11716 2.07800 2.08047 2.12222 2.23067 2.28941 2.32045 2.32468 2.31997 1.85060 1.77884 1.70580 1.65084 1.60458 1.54679 1.75949 1.73306 1.72847 1.80212 1.72038 1.69489 1.69489 1.69489 1.69489 1.69489 1.69489 1.67346 1.60378 1.65816 1.65964 1.75454 1.84697 1.85617 1.92658 2.01028 2.03334 2.05084 2.05150 2.05150 2.05150 2.05150 2.05150 2.05150 2.05985 1.76287 1.41479 1.56730 1.68866 1.39492 1.30103 1.30103 1.30103 1.30103 1.31028 1.39638 1.39860 1.54785 1.71254 1.85119 1.49795 1.23175 1.26915 1.26974 1.13111 1.09287
2.18857 2.16988 2.16267 2.16267 2.16259 2.16287 2.30840 2.26728 2.20703 2.14686 2.08668 1.67672 1.37410 1.36760 1.37049 1.40544 1.40067 1.66633 1.72551 1.72093 1.75479 1.71960 1.63149 1.61211 1.56736 1.50073 1.44108 1.38728 1.35057 1.34785 1.46325 1.63420 1.70646 1.89597 1.89597 1.93306 2.05150 2.05150 2.05150 2.05150 2.05150 2.05492 2.11239 2.18850 2.26461 2.33249 2.20802 1.69961 1.79506 1.92525 1.79398 1.64408 1.73487 1.81699 1.89163 1.95597 1.98343 2.04894 2.13844 2.13844 2.13844 1.85632 1.26974 1.26974 1.26974 1.17669 1.09287
2.16267 2.15553 2.14109 2.12666 2.11222 1.96804 1.94030 1.98199 1.98198 1.97950 1.97984 1.81318 1.39834 1.41722 1.43775 1.31156 1.27296 1.46150 1.59274 1.58130 1.57489 1.56558 1.40044 1.36503 1.34785 1.34785 1.34785 1.34785 1.34785 1.34785 1.40149 1.63512 1.64124 1.89561 1.89597 1.90316 2.04911 2.05212 2.09958 2.17566 2.23331 2.19536 2.09080 1.96755 1.84241 1.70089 1.61774 2.15512 2.12559 2.08337 2.04261 1.99197 1.99186 1.99186 1.99186 1.99186 1.99186 2.01113 2.13844 2.13844 2.13844 2.01593 1.26974 1.26974 1.26974 1.22224 1.09287
2.09056 2.08649 2.10482 2.12501 2.14524 2.07901 1.96479 2.06974 2.08130 2.09534 2.10659 2.07749 1.54136 1.52847 1.52847 1.30995 1.19468 1.27731 1.47403 1.44222 1.43206 1.50346 1.35055 1.34785 1.34785 1.34785 1.34785 1.34785 1.34785 1.34785 1.35344 1.62284 1.62421 1.79617 1.80103 1.76958 1.79358 1.76705 1.67113 1.53991 1.44000 1.42789 1.42674 1.42572 1.42487 1.42469 1.42469 1.94966 2.03844 2.03844 2.03844 1.99938 1.99186 1.99186 1.99186 1.99186 1.99186 1.99204 2.11341 2.13844 2.13844 2.12427 1.31788 1.26425 1.18651 1.10988 0.963315
2.25352 2.25896 2.26088 2.26088 2.26088 2.25090 1.98591 2.10697 2.10697 2.10697 2.10697 2.09403 1.62679 1.43794 1.39946 1.25017 1.11208 1.13028 1.42641 1.43121 1.43121 1.49021 1.38759 1.34785 1.34785 1.34769 1.31975 1.26958 1.21645 1.15993 1.08951 1.15741 1.09681 1.26964 1.38806 1.33554 1.35212 1.42567 1.42484 1.42469 1.42469 1.42469 1.42469 1.42469 1.42469 1.42469 1.42469 1.79842 2.03844 2.03844 2.03844 2.01147 1.99186 1.99186 1.99186 1.99186 1.99186 1.99186 2.06169 2.13355 2.02193 1.89196 1.30726 1.02985 1.02180 1.02180 0.955180
2.29869 2.26088 2.26088 2.26088 2.26088 2.26088 2.03387 2.07207 1.98779 1.87208 1.75674 1.65401 1.51153 1.35884 1.35884 1.30218 1.09922 1.05380 1.29562 1.30015 1.21426 1.16288 1.15251 1.09190 1.02723 0.958352 0.923324 0.861282 0.778476 0.695662 0.623993 0.640650 0.678199 0.940320 1.17620 1.17620 1.24361 1.42469 1.42469 1.42469 1.42469 1.42469 1.42469 1.42469 1.42469 1.42469 1.42469 1.64737 2.03844 2.03844 2.03844 2.02349 1.99186 1.99186 1.99186 1.99164 1.96333 1.91529 1.84958 1.70652 1.68358 1.68358 1.40799 1.02180 1.02180 1.02180 0.977963
2.32447 2.26088 2.26088 2.23549 2.10310 1.95858 1.70999 1.58940 1.63793 1.63793 1.63532 1.61265 1.53700 1.24176 1.19560 1.13777 0.809275 0.797165 0.804555 0.797165 0.797165 0.798492 0.868529 0.800431 0.717585 0.634769 0.556723 0.535965 0.535965 0.535965 0.535965 0.562254 0.648362 0.828674 1.16565 1.17620 1.18557 1.41770 1.42469 1.42469 1.42469 1.42469 1.42469 1.42469 1.42469 1.42469 1.42469 1.49625 2.03838 2.03844 2.03844 2.03519 1.97190 1.92363 1.87564 1.82786 1.80820 1.80820 1.80522 1.69044 1.68358 1.68358 1.55092 1.02180 1.02180 1.02180 0.995589
2.18382 1.94984 1.80561 1.68647 1.67457 1.67723 1.64390 1.50656 1.53035 1.49498 1.46058 1.45448 1.45444 1.15426 1.10562 1.09742 0.827448 0.713871 0.675162 0.618585 0.536657 0.472750 0.536718 0.535965 0.535965 0.535965 0.535965 0.535965 0.535965 0.535965 0.535965 0.537098 0.642694 0.750020 1.13443 1.17620 1.17620 1.36202 1.42469 1.42469 1.42469 1.42469 1.42469 1.42469 1.42469 1.42469 1.42469 1.42469 1.94558 1.97853 1.93054 1.88254 1.81755 1.80820 1.80820 1.80820 1.80820 1.80820 1.80820 1.72081 1.67510 1.68557 1.67377 0.951737 0.888675 0.834948 0.776864
1.79295 1.69344 1.69138 1.69815 1.70571 1.70946 1.70596 1.48075 1.45448 1.45232 1.42220 1.38348 1.34478 1.10908 0.918463 0.879162 0.675545 0.484400 0.440992 0.415426 0.415248 0.415248 0.490114 0.539182 0.548567 0.558627 0.569173 0.575802 0.580974 0.587463 0.595889 0.611453 0.631770 0.714369 1.03363 1.17620 1.17620 1.29699 1.42469 1.42469 1.42469 1.42469 1.42469 1.42469 1.41675 1.37313 1.32511 1.27712 1.62552 1.85479 1.85479 1.85291 1.81692 1.78395 1.78758 1.80506 1.82468 1.84694 1.87232 1.84392 1.75435 1.75483 1.75483 1.11904 0.773860 0.773860 0.773860
1.85421 1.75268 1.70946 1.70946 1.71306 1.72172 1.73041 1.44266 1.27964 1.24305 1.23447 1.23156 1.19684 1.05979 0.752224 0.695944 0.597755 0.438621 0.446003 0.453847 0.462205 0.471137 0.535869 0.645803 0.642816 0.638939 0.634249 0.632376 0.632376 0.632376 0.632376 0.632376 0.632376 0.661551 0.920838 1.17620 1.17620 1.23196 1.42469 1.42469 1.42083 1.38145 1.33343 1.28555 1.26930 1.30738 1.34977 1.39189 1.55237 1.72226 1.67072 1.62105 1.64531 1.91848 1.94177 1.94177 1.94177 1.94177 1.94177 1.92833 1.75756 1.75483 1.75483 1.38933 0.773860 0.773860 0.773860
1.87082 1.81238 1.74345 1.75215 1.75725 1.75477 1.74715 1.49372 1.15915 1.09593 1.03075 0.966515 0.972153 0.951037 0.511634 0.487406 0.487406 0.487406 0.485221 0.470127 0.450119 0.425890 0.420095 0.631579 0.632376 0.632376 0.632376 0.632376 0.632376 0.632376 0.632376 0.632376 0.632376 0.632376 0.807550 1.16097 1.17930 1.18585 1.41116 1.41900 1.41724 1.45046 1.46669 1.46924 1.44800 1.40827 1.36861 1.32914 1.34213 1.52428 1.52428 1.52428 1.53742 1.92894 1.94177 1.94177 1.94177 1.94177 1.94177 1.94177 1.80095 1.75483 1.75483 1.58192 0.773860 0.773860 0.758002
1.41567 1.37326 1.49971 1.48716 1.47411 1.46461 1.46426 1.37664 0.870456 0.852796 0.852796 0.852796 0.917000 0.952545 0.636439 0.466839 0.446169 0.421045 0.394726 0.390942 0.390942 0.390942 0.390942 0.590246 0.632376 0.632376 0.632376 0.632376 0.632376 0.650607 0.720285 0.784916 0.842160 0.945556 1.14164 1.32136 1.30563 1.28489 1.39661 1.40666 1.36688 1.32770 1.31426 1.31426 1.31426 1.31426 1.31426 1.31426 1.31427 1.50082 1.52428 1.52428 1.52428 1.81063 1.94177 1.94177 1.94177 1.94177 1.94177 1.94177 1.85772 1.75483 1.74834 1.67045 0.594731 0.477679 0.395250
1.12240 1.12864 1.44809 1.46426 1.46426 1.46426 1.46426 1.46320 0.942283 0.852796 0.841462 0.804096 0.795814 0.784989 0.644036 0.390942 0.390942 0.390942 0.390942 0.390942 0.390942 0.390942 0.424182 0.633886 0.794302 0.850546 0.900721 0.945791 0.986496 1.03932 1.12225 1.20041 1.27856 1.31167 1.33853 1.33319 1.23105 1.23105 1.26766 1.31426 1.31426 1.31426 1.31426 1.31426 1.31426 1.31426 1.31426 1.31426 1.31426 1.44934 1.52428 1.52428 1.52428 1.69401 1.94177 1.94177 1.94177 1.94177 1.94314 1.95776 1.93500 1.60948 1.56679 1.56097 0.756806 0.386138 0.386138
1.12240 1.12240 1.35931 1.46426 1.46426 1.46426 1.44654 1.39595 0.995319 0.724752 0.697487 0.696455 0.707709 0.744090 0.721619 0.394321 0.390942 0.390942 0.390942 0.390942 0.708515 0.826461 0.855536 0.903721 1.01240 1.00930 1.07408 1.15222 1.23041 1.28453 1.28154 1.28154 1.28154 1.28154 1.29481 1.37500 1.23275 1.23105 1.24597 1.31426 1.31426 1.31426 1.31426 1.31426 1.31426 1.31426 1.31426 1.31426 1.31426 1.39801 1.52428 1.52428 1.52428 1.59936 1.94220 1.95471 1.97266 1.99060 2.00718 2.01051 2.01051 1.63188 1.56097 1.56097 1.09326 0.386138 0.386138
1.12240 1.12240 1.25547 1.39266 1.34140 1.29006 1.25656 1.25581 1.06202 0.701504 0.696455 0.696455 0.699580 0.744033 0.744090 0.490962 0.390942 0.390942 0.413712 0.551382 0.933765 1.16956 1.33300 1.50524 1.19635 1.26817 1.28154 1.28154 1.28154 1.28154 1.28154 1.28154 1.28154 1.28268 1.31951 1.44940 1.32481 1.23105 1.23144 1.30711 1.31426 1.31426 1.31426 1.31426 1.31426 1.31426 1.31426 1.31426 1.31426 1.34657 1.52429 1.53086 1.54283 1.56257 1.98008 2.01051 2.01051 2.01051 2.01051 2.01051 2.01051 1.76832 1.55550 1.49175 1.26297 0.863960 0.971115
1.02775 0.989308 1.03033 1.25581 1.25581 1.25581 1.25581 1.25581 1.20162 0.711402 0.696455 0.696455 0.698331 0.807751 0.920554 0.938172 0.962909 1.11654 1.30506 1.45699 1.61768 1.74706 1.77698 1.77698 1.39645 1.28154 1.28154 1.28154 1.28154 1.28570 1.32871 1.37518 1.41563 1.45046 1.46094 1.51113 1.44136 1.23105 1.23105 1.28579 1.31426 1.31426 1.31426 1.31426 1.31426 1.31426 1.31426 1.31889 1.33077 1.34317 1.54520 1.57010 1.57010 1.57010 1.85269 1.96152 1.86902 1.78417 1.71878 1.66246 1.61312 1.49133 1.22871 1.30017 1.34738 1.33199 1.37509
