High_resolution/powerplant/Shangrao/OMI_NO2_200504.asc
ncols      200
nrows      200
xllcorner       115.451
yllcorner       27.0350
cellsize     0.0166667
NODATA_Value      -999.000
[rows 0 to 28 of 184, columns 0 to 66 of 200]
4.08704 4.08463 4.08231 4.08005 4.04294 3.81342 3.59318 3.40825 3.25300 3.20151 3.23249 3.25997 3.26587 3.20844 3.21407 3.21915 2.99796 2.72526 2.77160 2.85849 2.86874 2.87879 3.15314 3.86946 3.77600 3.64972 3.57332 3.50885 3.92790 3.97459 3.97459 3.97459 3.97459 3.97459 3.97459 3.97459 3.97459 3.97459 0.00000 3.28822 3.28822 2.35970 2.53763 3.52487 3.54136 3.46323 3.28987 3.13503 3.00495 2.93904 2.93936 2.93986 2.93898 2.87428 3.06832 2.83891 2.97408 2.99797 2.97229 3.07178 2.82278 2.79367 2.77312 2.76150 2.76147 2.76147 2.76147
4.03706 4.03706 4.03706 3.95123 3.29495 3.29784 3.31596 3.33240 3.34623 3.34880 3.34880 3.34880 3.34788 3.28362 3.27317 3.25729 3.14416 2.82628 2.82602 2.89917 2.89572 2.88998 2.91628 3.50998 3.46978 3.34174 3.34174 3.34174 3.71285 3.95872 3.86776 3.77968 3.70325 3.63615 3.57697 3.51136 3.45545 3.20695 2.84587 2.89896 2.91467 2.62244 2.42085 2.83723 3.02527 2.98647 2.99038 3.00030 3.01003 3.01475 3.01475 3.01475 3.01475 2.70984 2.89417 2.75687 2.83126 2.91023 2.88684 2.98855 2.82851 2.76147 2.76147 2.76147 2.76147 2.76147 2.76147
4.01730 3.99028 3.97120 3.95430 3.43901 3.34880 3.34370 3.33183 3.32055 3.30975 3.29941 3.28958 3.27869 3.19893 3.16502 3.16485 3.14623 2.81162 2.80660 2.85630 2.86930 2.86251 2.85791 3.22670 3.31882 3.10364 3.06570 3.03171 3.05197 3.08169 3.05571 3.04736 3.04176 3.03717 3.09090 3.36610 3.31467 3.24749 3.01796 2.86289 2.74975 2.55826 2.37141 2.65021 2.95521 3.01475 3.01475 3.01475 3.01475 3.01475 3.01475 3.01475 3.01475 2.78814 2.80265 2.80821 2.79117 2.91023 2.89484 2.94852 2.89074 2.76147 2.76147 2.76147 2.76147 2.76147 2.76150
3.89529 3.83979 3.81282 3.78716 3.48999 3.27086 3.26398 3.25643 3.24866 3.24113 3.23380 3.22666 3.21912 3.17172 3.10554 3.09941 3.09358 2.81229 2.74042 2.75697 2.77251 2.75868 2.75365 2.88811 3.08641 2.91176 2.92171 2.94017 2.94271 3.00733 2.99412 2.94162 2.88788 2.83407 2.76213 2.99676 2.92243 2.83211 2.67863 2.63338 2.63338 2.61184 2.37384 2.53187 2.90894 3.01475 3.01475 3.01475 3.01475 3.01475 3.01475 3.01475 3.01475 2.86868 2.71882 2.86522 2.75112 2.91022 2.90300 2.91241 2.94659 2.76147 2.72821 2.69711 2.71207 2.65257 2.57449
3.72241 3.70954 3.67145 3.59846 3.46194 3.19736 3.19413 3.22756 3.27425 3.32052 3.36652 3.41222 3.45807 3.42380 3.10797 3.10800 3.10800 2.91170 2.77679 2.78187 2.81563 2.82183 2.86238 2.93773 3.13174 3.03050 2.96970 2.93385 2.83735 2.79589 2.76150 2.68806 2.60638 2.53388 2.48335 2.69947 2.79149 2.79149 2.71922 2.63338 2.63338 2.63338 2.42928 2.40533 2.85395 3.01475 3.01475 3.01475 3.01475 3.01475 3.01475 3.01475 3.01475 2.95110 2.70409 2.99076 2.87444 3.05989 3.13262 3.19965 3.13181 2.98052 3.05058 3.17350 3.28041 3.27201 3.13680
3.68191 3.79159 3.77512 3.76856 3.72692 3.45789 3.47493 3.48779 3.48779 3.48779 3.48779 3.50101 3.52613 3.54389 3.27361 3.19307 3.11237 3.02777 2.85671 2.89742 2.97043 2.96352 2.93281 2.90208 2.99702 2.91088 2.84320 2.82321 2.68460 2.56287 2.49263 2.48007 2.48007 2.48007 2.48007 2.62791 2.79149 2.79149 2.75799 2.63338 2.63338 2.63338 2.50630 2.37141 2.74289 2.99244 2.99880 2.99317 2.98752 3.03156 3.25855 3.29417 3.33104 3.37228 3.10540 3.27304 3.24581 3.33347 3.46754 3.62909 3.57990 3.49404 3.51070 3.51070 3.51070 3.48120 3.18622
4.28060 4.23663 4.04823 4.00369 3.84882 3.61554 3.50932 3.53403 3.55767 3.58025 3.60194 3.61220 3.62853 3.65874 3.49978 3.38760 3.28842 3.25402 2.96769 2.97001 2.91549 2.84856 2.84584 2.84584 2.92774 2.93872 2.84320 2.81022 2.58371 2.50055 2.48007 2.48007 2.48007 2.48007 2.48007 2.55644 2.79149 2.79149 2.78546 2.64142 2.63338 2.63338 2.58321 2.37141 2.63510 2.92393 2.96452 2.96663 2.98023 3.00721 3.39529 3.42189 3.43285 3.42965 3.21582 3.20644 3.45654 3.69134 3.76736 3.81862 3.77570 3.55876 3.49125 3.48287 3.47449 3.46613 3.17709
4.27328 4.29279 4.11209 4.09377 3.94755 3.83852 3.62809 3.63699 3.66947 3.70503 3.74047 3.77610 3.79679 3.80245 3.70072 3.52070 3.38622 3.37802 3.08629 3.05678 3.03681 2.94598 2.94474 2.94962 2.99267 3.06374 2.86103 2.93314 2.79391 2.70792 2.48007 2.48007 2.48007 2.48007 2.48007 2.49159 2.78480 2.79149 2.79149 2.67691 2.63338 2.63338 2.63181 2.41289 2.55411 2.94178 3.02662 3.05662 3.08197 3.10770 3.39734 3.48869 3.49952 3.51449 3.39387 3.30027 3.55039 3.81208 3.70219 3.72481 3.78395 3.54872 3.46543 3.47391 3.48241 3.49092 3.30729
4.63187 4.61361 4.37786 4.29531 4.15479 4.08116 3.86947 3.89177 3.89653 3.89833 3.90013 3.90173 3.90198 3.90198 3.86808 3.62197 3.53355 3.48085 3.29898 3.25272 3.31667 3.27502 3.32081 3.38579 3.45384 3.64883 3.48289 3.48016 3.32432 3.13314 2.49870 2.48007 2.48007 2.48007 2.47674 2.47050 2.70904 2.76945 2.75497 2.74379 2.79752 2.78136 2.76493 2.74972 2.76894 3.12154 3.19821 3.18961 3.17735 3.16111 3.32003 3.46051 3.44625 3.43281 3.44178 3.47296 3.60927 3.91128 3.77777 3.77107 3.87472 3.67135 3.51364 3.51326 3.51326 3.51326 3.40009
4.62666 4.62824 4.44888 4.29778 4.20457 4.10453 3.95437 3.90198 3.90198 3.90270 3.91830 3.93978 3.96107 3.98252 4.04594 4.00337 3.99026 3.99973 3.88336 3.69534 3.69534 3.62320 3.56577 3.56130 3.55685 3.65031 3.50867 3.45088 3.41525 3.17705 2.72557 2.62359 2.67520 2.66784 2.69646 2.72714 2.59900 2.41410 2.45594 2.55303 2.63765 2.65974 2.68287 2.68245 2.66583 2.92672 3.08823 3.09332 3.09332 3.09332 3.18767 3.42964 3.42964 3.42964 3.43236 3.47264 3.53940 3.83402 3.81870 3.76992 3.84711 3.75057 3.53465 3.51326 3.51326 3.51326 3.47311
4.51587 4.63522 4.56678 4.35470 4.33271 4.19861 4.12556 4.02572 4.04716 4.06792 4.07302 4.06344 4.05145 4.03944 4.05040 4.13361 4.01438 3.92780 3.86065 3.68132 3.70065 3.68303 3.73011 3.77605 3.81055 3.89221 3.90166 3.85233 3.86101 3.60577 3.30668 3.03624 3.01572 2.96050 3.05378 3.14969 3.05613 2.76430 2.79481 2.80369 2.71241 2.70192 2.70192 2.70029 2.66773 2.84360 3.06800 3.09332 3.09332 3.09332 3.10708 3.42223 3.42964 3.42964 3.42964 3.46562 3.48006 3.74257 3.86326 3.76992 3.81840 3.81813 3.56730 3.51326 3.51326 3.54231 3.64599
4.84420 4.98747 4.91398 4.52803 4.49870 4.21316 4.16149 3.96597 3.95634 3.94714 3.92271 3.88632 3.85115 3.81469 3.77684 3.94774 3.96193 3.88768 3.86739 3.89380 3.88511 3.86872 3.82744 3.84879 3.85415 3.88803 3.87312 3.75385 3.76034 3.71171 3.54659 3.26703 3.34696 3.36638 3.36793 3.37687 3.32755 2.81519 2.81497 2.81497 2.76801 2.70192 2.70192 2.70192 2.67641 2.75366 3.04534 3.09332 3.09332 3.09332 3.09332 3.35917 3.42964 3.42964 3.42964 3.45587 3.47306 3.62424 3.90299 3.79202 3.84297 4.00413 3.83216 3.83916 3.99035 4.12675 4.12582
4.80607 5.04016 4.99495 4.62567 4.50029 4.17089 4.04380 3.82971 3.75329 3.71004 3.68549 3.68543 3.68543 3.68543 3.68767 3.85245 3.96386 3.89696 3.82220 3.84100 3.87221 3.89961 3.89413 3.95388 4.01791 4.07786 4.07192 4.00890 4.05886 4.04418 3.82062 3.40693 3.40548 3.40187 3.39078 3.39078 3.39078 2.88810 2.81497 2.81497 2.82127 2.70192 2.70192 2.70192 2.68670 2.67418 3.00772 3.09438 3.10410 3.11571 3.12729 3.31916 3.46960 3.47745 3.49690 3.56260 3.69297 3.86650 4.28782 4.34283 4.43876 4.28425 4.09527 3.85768 3.86719 4.01629 4.01629
4.68281 4.86248 4.81018 4.49258 4.28680 4.06765 3.88941 3.77806 3.68564 3.68919 3.69391 3.69863 3.70335 3.70806 3.71066 3.82081 4.02096 4.00803 3.91439 3.95465 3.97771 3.98456 4.05595 4.23401 4.24344 4.24344 4.21634 4.06393 4.06125 4.07027 3.92062 3.51975 3.41186 3.40793 3.39078 3.39078 3.39078 3.01933 2.81734 2.87048 2.99752 2.90385 2.97001 3.03454 3.09206 3.12526 3.33755 3.22631 3.24753 3.27736 3.31742 3.50574 3.79574 3.89632 3.98762 4.09501 4.20684 4.28824 4.59121 4.39009 4.34007 4.21359 4.06928 3.81482 3.79900 4.00518 4.02905
4.65647 4.74112 4.74602 4.60587 4.29384 4.17564 3.90623 3.86316 3.70937 3.71054 3.71612 3.74173 3.76968 3.80043 3.83172 3.87828 4.13865 4.15088 3.99927 4.00629 4.03317 4.03729 4.06707 4.27902 4.28721 4.29081 4.28548 4.10264 4.06125 4.06125 4.00463 3.64550 3.53593 3.58173 3.64374 3.69523 3.74305 3.58394 3.34948 3.36401 3.39152 3.33614 3.26980 3.26980 3.26999 3.25676 3.51653 3.62798 3.64526 3.72260 3.82805 3.91778 4.19581 4.27977 4.35899 4.39914 4.44997 4.46390 4.64114 4.50510 4.44097 4.36831 4.23758 3.96803 3.91710 4.06199 4.11961
4.63020 5.11053 5.00973 4.96436 4.47141 4.43283 4.02556 3.99196 3.90047 3.93154 3.96055 3.97238 3.98238 3.98996 3.99640 3.99715 4.25850 4.30200 4.17512 4.11935 4.14873 4.14692 4.12211 4.28169 4.29642 4.26937 4.24222 4.00422 3.84887 3.81798 3.83553 3.65629 3.79719 3.79719 3.82620 3.84385 3.84385 3.75302 3.36439 3.36921 3.37731 3.48751 3.44398 3.51915 3.59046 3.73291 3.93548 4.13580 4.13040 4.23301 4.42392 4.48622 4.62379 4.67018 4.69101 4.71189 4.54226 4.45177 4.53819 4.53974 4.41074 4.38199 4.22007 3.99526 3.86708 3.95702 4.07911
4.39665 5.19828 4.98145 4.85815 4.40541 4.29715 3.99641 3.94184 3.97150 3.99404 3.99715 3.99715 3.99715 3.99829 4.00348 4.00907 4.13279 4.16997 4.06401 3.92375 3.91852 3.89554 3.88946 4.03603 4.14694 4.14694 4.14732 4.00658 3.80755 3.81041 3.87552 3.67938 3.81284 3.83047 3.88461 3.87639 3.89388 3.94745 3.71786 3.78699 3.86576 4.06032 4.07853 4.15263 4.25260 4.37389 4.50102 4.65808 4.51477 4.51477 4.59921 4.65392 4.72372 4.77364 4.77364 4.77364 4.61494 4.44371 4.45882 4.60679 4.41074 4.41055 4.24033 4.09021 3.86708 3.89609 4.07905
2.97007 4.29423 4.55450 4.64823 4.44012 4.36532 4.12037 3.96875 3.98702 4.02047 4.02606 4.03164 4.03720 4.04165 4.04201 4.05263 4.07487 4.09739 4.09632 3.95739 3.99870 4.03966 4.06850 4.12578 4.19551 4.20385 4.21180 4.14727 3.91772 3.97943 4.08407 4.09224 4.17319 4.31936 4.35312 4.14329 4.16667 4.13540 3.95833 3.86290 3.84561 4.05122 4.37019 4.40350 4.40809 4.41074 4.51798 4.65765 4.52036 4.51477 4.56111 4.65392 4.69416 4.77364 4.77364 4.77364 4.68911 4.44371 4.44371 4.60064 4.42144 4.41074 4.28903 4.17218 3.88003 3.86708 4.05063
2.97007 4.10023 4.59584 4.68676 4.56953 4.45733 4.32195 4.12856 4.15781 4.22613 4.26790 4.30903 4.35019 4.39129 4.43256 4.46311 4.48209 4.50142 4.52038 4.38355 4.35739 4.33703 4.34965 4.40081 4.45809 4.51460 4.56724 4.59778 4.46226 4.52999 4.59949 4.64972 4.36562 4.43229 4.40579 4.09403 4.03165 4.07194 4.00772 3.94510 3.95855 4.03732 4.39680 4.40809 4.40809 4.40809 4.48668 4.61384 4.56413 4.51477 4.52618 4.65322 4.66346 4.77290 4.77364 4.77364 4.75850 4.44856 4.44371 4.54218 4.46932 4.41161 4.32809 4.21987 3.91710 3.82382 3.91309
2.97007 3.75642 4.61885 4.73414 4.80800 4.75282 4.74113 4.56561 4.57935 4.61879 4.63101 4.63101 4.63101 4.63101 4.63101 4.63101 4.63101 4.62301 4.60429 4.58080 4.63578 4.65345 4.69572 4.67844 4.62204 4.60530 4.58124 4.55636 4.58140 4.62263 4.60206 4.64882 4.29088 4.40900 4.44956 4.29908 4.16550 4.16577 4.10823 3.95855 3.95855 3.96381 4.36678 4.40809 4.40809 4.40809 4.45273 4.55878 4.61517 4.51477 4.51477 4.62586 4.68428 4.76870 4.76255 4.75638 4.75007 4.45693 4.39867 4.48924 4.61987 4.53097 4.55119 4.18349 3.68156 3.44771 3.51933
2.97007 3.14008 4.61163 4.71810 4.92256 4.81411 4.81390 4.61447 4.59043 4.60729 4.63101 4.63039 4.61677 4.59795 4.57913 4.56031 4.54149 4.53076 4.51375 4.55032 4.68145 4.61825 4.59334 4.59165 4.54510 4.50372 4.48462 4.48165 4.46510 4.58641 4.58641 4.63221 4.47219 4.51367 4.51500 4.42059 4.16577 4.16577 4.15359 3.96041 3.95855 3.95855 4.26173 4.38169 4.40418 4.42966 4.46483 4.58657 4.77480 4.87727 4.93027 5.07552 5.19833 4.94938 4.78003 4.82850 4.87465 4.72399 4.63334 4.63413 4.72401 4.53210 4.51334 4.09647 3.78915 3.40068 3.41658
2.97007 2.97007 4.50752 4.64258 4.92099 4.82711 4.81030 4.64147 4.55143 4.53742 4.55431 4.53619 4.53099 4.52370 4.49914 4.47382 4.44851 4.42384 4.41592 4.42388 4.62686 4.60621 4.59133 4.58873 4.54784 4.47285 4.46989 4.46688 4.40082 4.58563 4.58641 4.61732 4.58435 4.47270 4.47883 4.41973 4.04649 3.99813 4.25726 4.13225 4.13117 4.16283 4.38057 4.61615 4.67445 4.73247 4.78862 4.91822 4.92219 5.04967 5.10300 5.18205 5.28962 5.19093 4.93731 4.97310 5.01449 4.93243 4.71482 4.73269 4.82546 4.45173 4.43235 4.13400 3.88679 3.31382 3.31192
2.97007 2.97007 4.22913 4.50674 4.69805 4.67765 4.63033 4.53752 4.42669 4.44934 4.43075 4.38572 4.35746 4.33643 4.33274 4.32980 4.32686 4.32393 4.32130 4.31836 4.47308 4.51262 4.48549 4.48513 4.47257 4.37064 4.35090 4.32989 4.27119 4.41344 4.46009 4.44565 4.44970 4.14050 4.09247 4.09247 3.85291 3.84024 4.50026 4.53753 4.53723 4.60225 4.74519 4.98142 5.04629 5.18929 5.33213 5.37962 5.29025 5.32731 5.40402 5.46961 5.60017 5.63126 5.28364 5.30636 5.32632 5.28802 5.01969 5.03143 5.06734 4.61607 4.48019 4.32307 4.02605 3.51752 3.39126
2.97007 2.97007 3.83695 4.36999 4.52171 4.66061 4.66190 4.66221 4.52901 4.53838 4.41926 4.30900 4.30900 4.30900 4.30900 4.30900 4.30900 4.31551 4.28638 4.25609 4.33152 4.42413 4.36881 4.34778 4.32679 4.21309 4.19902 4.19902 4.19160 4.19768 4.39130 4.41518 4.48277 4.36174 4.55360 4.64103 4.58334 4.42683 4.78589 4.95633 4.97899 5.14136 5.33312 5.83112 5.81572 5.84909 5.89103 5.88792 5.67860 5.61066 5.69591 5.69597 5.74569 5.76567 5.43529 5.36735 5.36735 5.36709 5.10952 5.08321 5.08321 4.78381 4.49463 4.44660 4.02675 3.70396 3.39126
3.11305 3.35844 3.94938 4.66216 4.73056 4.82843 4.75318 4.75160 4.55118 4.54551 4.50823 4.34293 4.35633 4.36973 4.38316 4.39655 4.40999 4.41686 4.24136 4.13400 4.17277 4.35920 4.32327 4.33012 4.34724 4.34826 4.39402 4.44876 4.50154 4.52180 4.80892 4.87542 5.07260 5.11500 5.29584 5.61408 5.76631 5.34492 5.69539 5.97012 5.59322 5.59322 5.59578 5.92187 6.01289 6.03839 6.05667 6.05500 5.77757 5.61622 5.69597 5.69597 5.72651 5.76567 5.53784 5.36735 5.36735 5.36735 5.17280 5.08321 5.08321 4.91408 4.49463 4.49463 4.09877 3.89028 3.39126
3.63840 4.05156 4.10212 4.78865 4.80814 4.93293 4.84081 4.85606 4.70224 4.65472 4.66211 4.46386 4.45347 4.46131 4.45184 4.43769 4.42359 4.40947 4.29022 4.12850 4.15059 4.32352 4.64787 4.80691 4.84115 4.87405 4.92936 4.98468 5.04001 5.06941 5.53342 5.80316 6.09783 6.37149 6.32530 6.44445 6.44368 5.76406 5.73174 6.05066 5.67521 5.66063 5.68358 5.90779 6.05745 6.05745 6.05745 6.05745 5.86472 5.63379 5.69495 5.69597 5.70735 5.76567 5.63379 5.36735 5.36735 5.36735 5.23644 5.08321 5.08321 5.02219 4.51632 4.49463 4.21793 4.00567 3.40132
3.36489 3.76039 3.70721 4.46623 4.62075 4.63481 4.71160 4.68662 4.69296 4.71699 4.69347 4.52686 4.41706 4.39516 4.39057 4.39057 4.39057 4.39057 4.35572 4.14745 4.21315 4.36792 4.80158 5.12643 5.17696 5.22465 5.24068 5.23674 5.23279 5.21730 5.98994 6.45592 6.51867 6.60074 6.42679 6.45472 6.48349 6.04532 5.77217 6.09671 5.82739 5.68746 5.68746 5.82356 6.05745 6.05745 6.05745 6.05745 5.95426 5.67724 5.66803 5.69597 5.69606 5.75779 5.72385 5.36365 5.34296 5.32010 5.22992 4.99030 4.96724 4.88714 4.24186 4.05045 3.83810 3.63508 3.44133
3.17403 3.50156 3.50156 4.06818 4.47451 4.39356 4.47893 4.53378 4.55398 4.61995 4.61995 4.54531 4.39057 4.39057 4.39044 4.38569 4.37865 4.37160 4.36456 4.11969 4.18197 4.33982 4.82347 5.22037 5.21642 5.21369 5.22679 5.22752 5.22752 5.22128 5.61987 6.45592 6.49133 6.60074 6.53279 6.54971 6.55215 6.29867 5.78265 6.01825 5.92790 5.68746 5.68746 5.73938 6.05745 6.05745 6.05672 6.04124 5.98229 5.62892 5.42931 5.39618 5.32614 5.30001 5.22484 5.07879 5.01332 4.89655 4.77015 4.38556 4.27426 4.21125 3.83981 3.67131 3.64392 3.60415 3.50403
3.11938 3.48639 3.50156 3.84178 4.46084 4.42322 4.44432 4.53378 4.53636 4.61655 4.61275 4.59378 4.37502 4.36223 4.35531 4.35302 4.35141 4.34695 4.34244 4.16002 4.14657 4.19378 4.68435 5.20629 5.21336 5.21336 5.22370 5.22752 5.22752 5.22624 5.27432 6.43190 6.46570 6.60054 6.60130 6.53762 6.55215 6.50140 5.78916 5.90838 5.93787 5.53838 5.48903 5.43868 5.75497 5.74321 5.69410 5.64023 5.60566 5.30875 4.94531 4.87084 4.79662 4.71441 4.64416 4.57460 4.50262 4.46130 4.42278 4.18201 4.08987 4.05512 3.79998 3.58983 3.58061 3.55787 3.53621
