High_resolution/powerplant/Shangrao/OMI_NO2_200701.asc
ncols      200
nrows      200
xllcorner       115.451
yllcorner       27.0350
cellsize     0.0166667
NODATA_Value      -999.000
[rows 58 to 86 of 200, columns 0 to 66 of 200]
4.99551 4.99675 4.99035 4.99035 4.98372 5.01651 6.63720 6.71500 6.65242 6.59168 6.57436 6.57436 6.57436 6.80902 7.35939 8.19882 8.29376 8.29376 8.29376 8.29376 8.29376 8.80293 9.64075 9.64075 9.64075 10.5043 12.0656 12.0656 12.0909 12.5571 12.6125 12.4880 12.4594 12.5355 12.6117 12.6878 12.5102 11.3183 11.1860 11.0538 10.9145 10.8337 10.8295 10.8295 10.0119 9.33673 9.23671 9.21067 9.20412 8.34346 8.06749 8.30289 9.04863 9.06827 9.15604 9.25325 9.34991 9.42131 8.92608 8.40533 8.43699 8.46228 7.92258 6.31724 6.27735 6.22595 5.82474
4.92722 4.83065 4.78729 4.71716 4.65078 4.64274 6.02455 6.57392 6.57436 6.57436 6.57436 6.57436 6.57436 6.62223 7.34815 7.93977 8.29376 8.29376 8.29376 8.29376 8.29376 8.49503 9.58372 9.65239 9.72098 9.97490 12.2666 12.3743 12.4504 12.9186 13.0538 12.9382 12.7048 12.5749 12.4426 12.3104 12.1784 10.9411 10.8183 10.7982 10.7023 10.6230 10.5234 10.4237 9.86764 8.89479 8.96095 9.15664 9.37179 8.93652 8.42227 8.54369 9.56124 9.67894 9.68807 9.68807 9.68807 9.68807 9.46330 8.52787 8.43151 8.35576 8.24209 6.20346 6.06996 6.06996 5.98429
4.57223 4.57223 4.64212 4.66980 4.66980 4.66980 5.50805 6.57167 6.57436 6.57436 6.57436 6.57436 6.57436 6.57436 7.20206 7.67773 8.29376 8.30759 8.35054 8.40138 8.46409 8.54941 9.77023 10.1224 10.1300 10.1300 11.9843 12.5463 12.4413 12.5783 12.6759 12.5122 12.1503 12.1470 12.0775 11.9531 11.8359 10.8896 10.3422 10.2816 10.3289 10.4610 10.4963 10.5314 10.4721 9.45230 9.42837 9.48116 9.70671 9.59556 8.71052 8.70281 9.41709 9.68807 9.67275 9.62850 9.58020 9.52804 9.46532 8.40478 8.28430 8.24325 8.24234 6.73308 6.07214 6.07348 6.08021
4.57223 4.57223 4.61359 4.66980 4.66980 4.66980 4.94052 6.55531 6.57436 6.57436 6.57436 6.59616 6.63998 6.68382 7.16053 7.63738 8.55867 8.61762 8.63759 8.64966 8.64986 8.64986 9.39719 10.0874 9.95889 9.82811 10.8270 11.9809 11.9543 12.1061 12.5314 12.5598 11.9828 11.7587 11.7474 11.7912 11.8273 11.3167 10.5019 10.5019 10.5019 10.5649 10.5764 10.5764 10.5764 9.64956 9.42837 9.42971 9.68150 9.69941 8.83353 8.53320 8.95468 9.48932 9.45154 9.45082 9.45082 9.45082 9.38957 8.47732 7.97050 7.79996 7.68816 7.12293 6.30875 6.35706 6.39999
4.57223 4.57223 4.58126 4.66874 4.67058 4.73449 4.83291 6.33840 6.73644 6.78028 6.82869 6.86891 6.88799 6.90710 7.16328 7.71265 8.44714 8.64986 8.64727 8.57427 8.47120 8.37060 8.57539 9.56569 9.55500 9.54454 9.95031 11.9252 11.9141 11.9593 12.7279 12.7378 12.2440 11.8308 11.8308 11.8308 11.8308 11.6650 10.5020 10.5019 10.5019 10.5448 10.5764 10.5764 10.5760 9.91020 9.31310 9.23772 9.36645 9.42299 8.85266 8.26852 8.51365 9.46560 9.35563 9.22071 9.08521 8.94995 8.87608 8.53670 7.88737 7.82393 7.81836 7.66500 6.41519 6.42160 6.44726
4.79784 4.91649 5.02412 5.09590 5.16148 5.18871 5.20022 6.01743 6.88098 6.91504 6.92955 6.93046 6.93086 6.93213 6.96297 7.59953 7.97932 8.34342 8.23817 8.19809 8.18808 8.17565 8.22289 9.39447 9.51011 9.51011 9.51275 11.6151 11.9117 11.9117 12.5718 12.7378 12.4958 11.8308 11.8308 11.8308 11.8308 11.8308 10.6846 10.5019 10.5297 10.5925 10.5420 10.5254 10.5076 10.0630 9.09701 9.15964 9.35449 9.48775 9.16183 8.05906 7.93309 8.89039 8.94096 8.94096 8.94096 8.94096 8.94096 8.85210 7.84715 7.73811 7.67057 7.64208 6.79222 6.71195 6.78280
5.34029 5.24512 5.24512 5.23506 5.24647 5.26655 5.27542 5.62066 6.88296 6.93678 6.88048 6.77703 6.67520 6.61219 6.58577 7.28480 7.65151 8.15925 8.15394 8.15394 8.15394 8.15394 8.15394 9.04411 9.51011 9.51011 9.51011 10.9081 11.9117 11.9117 12.3686 12.7378 12.7110 11.8672 11.8308 11.8309 11.8321 11.8334 11.1472 10.7479 10.8266 10.8823 10.7341 10.7847 10.7670 10.4276 9.02308 8.73130 8.52597 8.75824 8.75970 7.92671 7.74442 8.56449 8.89217 8.83763 8.78299 8.72844 8.67390 8.64143 7.91473 7.73505 7.76705 7.82086 7.26616 6.81910 6.82113
5.58783 5.25262 5.25425 5.26082 5.28271 5.28292 5.28292 5.29898 6.51056 6.63433 6.64438 6.70150 6.75665 6.77215 6.77215 7.22081 7.58414 8.11413 8.15394 8.15394 8.15394 8.15394 8.15394 8.64645 9.51011 9.51011 9.51011 10.1977 11.9117 11.9117 12.1649 12.7162 12.6725 12.0437 11.7651 11.7201 11.6728 11.6244 11.4135 11.1320 10.9656 10.7438 10.3249 9.91099 9.72358 9.71829 8.63374 8.41177 8.48832 8.66483 8.58653 8.01940 7.49676 7.96085 8.63296 8.63344 8.68443 8.77966 8.90771 9.03137 8.54616 8.01992 7.87443 7.88369 7.62878 6.89713 6.90395
5.92787 5.23045 5.21566 5.25424 5.31461 5.35300 5.38932 5.42100 6.22399 6.77180 6.77215 6.77215 6.77215 6.77215 6.77215 7.01962 7.57692 7.95945 8.15394 8.15394 8.15394 8.15394 8.15394 8.30778 9.49837 9.51011 9.52361 9.66086 11.7181 11.7590 11.7603 12.3249 12.2817 11.9373 11.5262 11.4345 11.2137 10.9921 10.7399 10.1943 10.1464 10.1464 10.0327 9.86845 10.0216 10.1745 9.56892 9.17400 9.25559 8.83121 8.48479 8.38132 7.64444 7.97717 9.09963 9.22970 9.30918 9.34454 9.34701 9.34701 9.12434 8.22197 7.92304 7.89919 7.86988 6.93388 6.87553
5.68464 5.16226 5.22521 5.23223 5.25094 5.26259 5.26259 5.26259 5.78591 6.74814 6.77215 6.77215 6.77215 6.77215 6.77215 6.82707 7.57016 7.79759 8.15394 8.15394 8.14817 8.11694 8.04964 7.95168 9.31829 9.62985 9.66960 9.66964 11.0049 11.5909 11.5672 11.9158 11.8169 11.4820 10.6481 10.5181 10.5172 10.5740 10.6965 10.5165 10.5768 10.7155 10.8250 10.6300 10.6463 10.6667 10.3281 9.70784 9.74000 9.51779 8.87353 8.87353 8.26311 8.15432 9.23769 9.34701 9.34701 9.34701 9.34701 9.34701 9.34554 8.31401 7.96899 7.87935 7.87935 7.19748 6.87365
5.84007 5.25730 5.23223 5.23223 5.24161 5.26259 5.26259 5.26259 5.39957 6.68940 6.77215 6.77215 6.77215 6.77215 6.76178 6.72834 7.34596 7.51924 7.94428 7.84397 7.74788 7.67734 7.64279 7.64279 8.85744 9.66964 9.68291 9.71292 10.2693 10.8119 10.6139 10.9615 11.2987 11.3644 10.9748 11.0616 11.2003 11.2820 11.2983 11.1095 10.9535 10.9536 10.9536 10.7899 10.7273 10.7273 10.6078 9.80605 9.74903 9.72346 8.90846 8.87353 8.48171 8.15047 8.93173 9.34701 9.34701 9.34701 9.34701 9.34701 9.34701 8.58013 7.93358 7.63763 7.44701 7.00845 6.48995
5.84108 5.35917 5.23223 5.23223 5.23305 5.26119 5.26259 5.26259 5.27142 6.35788 6.68732 6.65307 6.61882 6.56103 6.47051 6.40204 6.78594 7.07745 7.53975 7.64279 7.64279 7.64474 7.66864 7.70009 8.38986 9.85462 9.92198 10.0083 10.1816 10.9634 11.0546 11.2954 11.6441 11.6441 11.4517 11.3244 11.3244 11.3244 11.3244 11.2163 10.9536 10.9536 10.9536 10.8590 10.7273 10.7273 10.7266 9.93152 9.74903 9.74903 9.12374 8.87353 8.73297 8.15047 8.62179 9.34701 9.29081 9.07355 8.84439 8.61537 8.38612 7.86341 7.05013 6.74769 6.74754 6.68474 6.12002
5.84108 5.50454 5.21027 5.16233 5.11427 5.11167 5.09144 5.05311 5.02939 5.70930 6.43797 6.37347 6.30594 6.26189 6.26099 6.26065 6.51459 7.14353 7.52388 7.85790 7.92713 8.01905 8.11399 8.20137 8.36185 10.2854 10.3765 10.3790 10.3790 11.0111 11.1585 11.1983 11.6421 11.6441 11.5400 11.3244 11.3244 11.3244 11.3244 11.3062 10.9609 10.9536 10.9536 10.9023 10.7273 10.7273 10.7273 10.1687 9.75563 9.74145 9.29391 8.72398 8.55990 7.82684 7.70372 8.17366 8.00056 7.98884 7.98884 7.98884 7.98884 7.93921 7.07471 6.74679 6.72634 6.71635 6.15557
5.41053 5.21646 4.92542 4.94289 4.94289 4.94820 4.88377 4.81620 4.74500 4.96016 6.18824 6.21190 6.19808 6.20413 6.21975 6.23587 6.35217 7.51125 7.70582 8.27720 8.32699 8.35217 8.35217 8.35217 8.35217 9.84293 10.3790 10.3790 10.3790 10.7818 11.1585 11.1585 11.5630 11.6441 11.6238 11.3290 11.3244 11.3244 11.3212 11.2994 10.9601 10.8155 10.7597 10.6839 10.6098 10.5356 10.4613 9.95380 9.16401 8.96748 8.69145 7.84349 7.81236 7.52208 7.30157 7.90461 7.98840 7.97957 7.96753 7.95552 7.94350 7.93148 7.22384 6.76786 6.68927 6.68854 6.32349
5.26238 5.26209 4.88416 4.88720 4.86916 4.83232 4.64605 4.63003 4.64321 4.79678 5.98009 6.24939 6.28500 6.30074 6.30690 6.31292 6.31479 7.31508 7.56330 8.31558 8.35217 8.35217 8.35217 8.35217 8.35217 9.25936 10.3790 10.3790 10.3790 10.5521 11.1585 11.1585 11.4441 11.6440 11.6384 11.3625 11.2468 11.1614 11.0670 11.0002 10.6744 10.3402 10.2436 10.0455 9.85316 9.66080 9.46845 9.21871 8.57966 8.68786 8.68672 7.90404 7.79088 7.66249 7.26032 7.67432 7.92401 7.92083 7.92077 7.92007 7.91919 7.91387 7.45997 6.78449 6.55236 6.51415 6.31586
5.28190 5.26238 4.84479 4.80430 4.85995 5.00526 4.94552 4.99651 5.06804 5.11015 5.79009 6.31479 6.31479 6.31479 6.31479 6.31479 6.31479 7.00830 7.54224 8.11024 8.35217 8.35217 8.35217 8.35217 8.35217 8.67549 10.3790 10.3790 10.3790 10.3726 11.0288 11.0041 11.0967 11.3851 11.3123 11.0522 10.7993 10.7937 10.6911 10.4987 10.1694 9.55548 9.38587 9.36050 9.36050 9.35988 9.35367 9.34262 8.57542 8.65764 8.65077 8.08119 7.72441 7.71113 7.26527 7.44812 7.87478 7.86311 7.85160 7.84070 7.82996 7.82369 7.66463 6.76481 6.33284 6.30010 6.24783
5.12557 5.11421 5.03559 5.00599 5.07147 5.05701 4.95161 4.85874 4.85874 4.88013 5.49455 6.30646 6.31479 6.31479 6.31479 6.31479 6.31479 6.70344 7.54224 7.88379 8.35217 8.35217 8.35217 8.35055 8.32761 8.34315 9.88035 9.95988 9.80130 9.65107 10.2296 10.5864 10.6469 11.1602 10.9853 10.7051 10.2011 10.0088 9.91907 9.91907 9.90206 9.37273 9.34249 9.33270 9.25234 9.13969 9.03271 8.92700 8.52385 8.53285 8.55364 8.22643 7.61071 7.60995 7.32847 7.20909 7.82290 7.82364 7.82364 7.82364 7.76520 7.65715 7.55737 6.89949 6.51524 6.78024 7.04338
5.98035 5.47034 5.37356 5.02210 5.05251 5.05251 5.01252 4.85874 4.85874 4.85874 5.21536 6.20614 6.31479 6.31479 6.31479 6.31479 6.31479 6.40124 7.50199 7.59432 8.26916 8.29881 8.33452 8.37187 8.43051 8.45365 9.07597 9.61203 9.61183 9.56710 9.76115 10.0807 9.88832 10.2465 10.3336 10.5415 9.88594 9.67780 9.56461 9.45124 9.34100 8.83080 8.57096 8.46746 8.43447 8.43447 8.43447 8.43447 8.39835 8.44303 8.52902 8.45889 7.61787 7.60995 7.48836 7.11476 7.58921 7.58710 7.49255 7.42839 7.60498 7.84797 8.07181 7.90446 7.21258 6.97640 6.84937
6.28961 5.47034 5.47011 5.03156 5.05251 5.05251 5.05216 4.87858 4.85874 4.85874 5.10246 5.91037 6.27597 6.24507 6.21415 6.18325 6.18438 6.22463 7.29195 7.58198 8.33640 8.45365 8.45365 8.45365 8.44608 8.39180 8.62799 9.38031 9.30897 9.34440 9.65949 10.3741 10.6881 10.9327 11.0576 11.0395 9.67203 8.99304 8.99304 8.99304 8.99304 8.73442 8.43447 8.43447 8.43447 8.43447 8.43447 8.43447 8.41829 8.39166 8.51445 8.37085 7.54827 7.26993 7.17099 6.82574 7.30090 7.77887 8.00813 8.17389 8.10330 7.99457 7.88586 7.61556 6.88821 6.68165 6.69995
6.66254 5.47116 5.47034 5.10679 5.05251 5.04560 5.02276 4.88314 4.79480 4.77513 4.89946 5.47310 6.18188 6.24851 6.31515 6.38170 6.41627 6.41627 7.11592 7.64475 8.09632 8.37733 8.32038 8.26353 8.32665 8.56330 8.86858 10.2968 10.6611 10.8987 10.9177 11.2509 11.3614 11.2414 11.0300 11.0300 10.2357 8.99304 8.99304 8.99304 8.99304 8.88010 8.43447 8.43447 8.43447 8.43447 8.33124 8.17108 8.02487 7.82994 7.84695 7.83661 7.56322 7.55974 7.87959 7.80676 7.78675 7.96376 7.85502 7.77458 7.77168 7.77168 7.77168 7.75165 7.07275 6.70373 6.71376
6.76600 5.49996 5.34128 5.07041 4.91237 4.91149 4.91086 4.86268 4.81270 4.86822 4.99136 5.48383 6.37266 6.37277 6.34903 6.32200 6.25017 6.16411 6.53739 7.46619 7.80346 8.89108 9.13112 9.37051 9.49806 9.49819 9.49822 10.4597 10.9177 10.9177 10.9177 11.1203 11.3614 11.3229 11.0300 11.0300 10.7972 8.99528 8.99304 8.99304 8.99304 8.98745 8.47256 8.43447 8.43447 8.43447 7.86267 7.83170 7.88609 7.89343 8.15915 8.62782 8.51306 7.91962 7.77905 7.65163 7.42202 7.76930 7.77168 7.77186 7.77935 7.79062 7.80191 7.81319 7.38707 6.74798 6.70174
6.48789 5.56413 5.23426 5.14934 4.83915 4.87499 4.85126 4.83085 4.89282 4.87635 4.86056 5.27996 5.98358 6.09610 6.05390 6.01970 6.03035 6.05524 6.19278 7.53201 7.63501 9.45308 9.49819 9.49819 9.49819 9.49819 9.49819 10.0467 10.9177 10.9177 10.9177 10.9897 11.3614 11.3614 11.0732 11.0300 11.0300 9.32621 8.99304 8.99019 8.95290 8.90564 8.69517 8.70350 8.77149 8.83010 8.36887 8.03916 7.99951 7.92896 7.78716 8.35323 8.34968 7.78041 7.75504 7.76343 7.44623 7.73836 7.82053 7.83164 7.83543 7.82624 7.78435 7.73953 7.45678 6.67747 6.58199
6.48789 5.82035 5.23426 5.23407 4.65448 4.72849 4.72849 4.81762 5.04709 5.23423 5.40741 5.93935 6.09241 6.08211 6.08686 6.08686 6.08686 6.08686 6.08686 7.28546 7.53971 9.00448 9.49819 9.49819 9.49819 9.49819 9.49819 9.68825 10.9101 10.9177 10.9177 10.9178 11.3026 11.3481 11.0956 10.9236 10.8763 9.68882 8.74473 8.70035 8.68967 8.65752 8.69069 8.75532 8.70568 8.66563 8.43557 7.94302 7.94261 7.92234 7.82635 8.13169 8.34192 7.97192 7.82469 7.82489 7.57423 7.61102 7.70773 7.62567 7.54357 7.47066 7.43039 7.39316 7.28082 6.61663 6.50194
6.48789 6.10814 5.13741 5.34460 5.06863 5.19222 5.39430 5.50369 5.50404 5.48347 5.47555 5.80472 6.14756 6.08675 6.08686 6.08686 6.08686 6.08686 6.08686 6.92559 7.53971 8.46020 9.49819 9.49819 9.49819 9.49819 9.49788 9.49968 10.5800 10.7923 10.7450 10.6977 10.9050 11.0601 10.9336 10.7273 10.7151 10.0912 8.58114 8.53158 8.48266 8.46517 8.49663 8.65910 8.65092 8.64261 8.61082 7.94013 7.89746 7.88428 7.68972 7.70608 8.10873 7.84794 7.51371 7.47013 7.31311 7.08473 7.34309 7.34309 7.34309 7.34309 7.34273 7.29326 7.21002 6.70072 6.38610
7.42390 7.81344 6.26173 6.29827 5.85182 5.45752 5.49512 5.49512 5.49250 5.47240 5.47230 5.65888 6.16616 6.09536 6.08686 6.08686 6.08686 6.08686 6.08686 6.56528 7.53728 7.87877 9.41579 9.38196 9.37896 9.37762 9.37665 9.40079 10.0706 10.6150 10.6150 10.6227 10.9045 10.9722 10.8791 10.5417 10.5043 10.4322 8.52891 8.44505 8.42405 8.40302 8.38230 8.54050 8.54780 8.53505 8.52229 8.00535 7.82133 7.82133 7.49645 7.26508 7.94771 7.87303 7.44428 7.44428 7.43288 7.01134 7.30965 7.23454 7.15130 7.06802 6.95148 6.77345 6.62059 6.30732 5.87446
8.44606 8.44606 6.65377 6.29827 6.13128 5.40900 5.49512 5.49512 5.49512 5.47637 5.47230 5.52454 6.16538 6.12253 6.08028 6.03995 5.99491 5.94985 5.90516 6.01047 7.33602 7.38487 9.19967 9.40955 9.41129 9.41129 9.41129 9.46535 10.0611 11.3240 11.6554 11.9248 11.9177 10.7929 10.7787 10.8517 11.0002 11.1193 9.07996 8.31315 8.31306 8.31306 8.31306 8.43891 8.50991 8.50991 8.50991 8.19792 7.82133 7.82133 7.60283 7.28449 7.74410 7.93930 7.40584 7.24914 7.15207 6.77137 6.85728 6.81800 6.66519 6.51233 6.36883 6.26437 6.15639 5.98534 5.46608
8.44606 8.44606 7.05632 6.29827 6.29814 5.44060 5.49512 5.49512 5.49233 5.46649 5.44353 5.42974 5.99471 6.01727 5.81812 5.85252 5.89623 5.94001 5.98340 5.99995 7.21047 7.45281 8.69986 9.51510 9.70241 9.88930 10.0759 10.2556 10.4125 11.6483 11.8133 11.9086 12.0209 11.1663 10.7838 11.0067 11.1313 11.1313 9.84711 8.31306 8.31306 8.31306 8.31306 8.38765 8.50991 8.50991 8.50991 8.41712 7.81996 7.73808 7.50955 7.06606 7.06180 7.50691 7.18413 6.88379 6.73822 6.51105 6.21436 6.14015 6.03211 5.92417 5.84056 5.82849 5.82849 5.82175 5.43071
8.44606 8.44606 7.52873 6.26785 6.24032 5.54245 5.41231 5.41064 5.39698 5.39414 5.40583 5.44226 5.90211 6.20859 6.00619 6.00997 6.03764 6.06568 6.12454 6.38205 7.19189 7.72931 8.68354 10.1470 10.2580 10.3689 10.4800 10.5438 10.5622 11.5271 12.0310 12.0310 12.0310 11.5315 10.7838 10.9214 11.1313 11.1313 10.6226 8.31306 8.31306 8.31306 8.31306 8.33640 8.50378 8.48603 8.46957 8.45464 7.51367 7.28521 7.36053 7.05549 6.98406 7.37123 7.00954 6.58643 6.54153 6.43916 6.04324 5.82849 5.82849 5.82849 5.82850 5.83033 5.83358 5.83683 5.56855
8.27559 8.23447 7.88124 6.13232 6.13232 5.70684 5.33783 5.41163 5.43989 5.46908 5.60707 5.64384 5.95242 6.42811 6.36341 6.58679 6.85783 7.19011 7.50874 7.62832 7.91827 8.40466 8.61531 10.5313 10.5441 10.5441 10.5441 10.5441 10.5441 11.1223 12.0310 12.0310 12.0310 11.8937 10.7870 10.8363 11.1313 11.1313 11.1217 8.58757 8.30581 8.29797 8.29100 8.32101 8.57154 8.71246 8.81787 8.92349 8.39448 7.87032 7.81285 7.40498 6.99327 6.86438 6.90733 6.44236 6.43784 6.43886 6.19688 5.84403 5.83900 5.84225 5.84550 5.84692 5.89234 5.99508 5.95952
