High_resolution/powerplant/Shangrao/OMI_NO2_200712.asc
ncols      200
nrows      200
xllcorner       115.451
yllcorner       27.0350
cellsize     0.0166667
NODATA_Value      -999.000
[rows 87 to 115 of 200, columns 67 to 133 of 200]
4.39814 4.40612 4.40612 4.40612 4.40612 4.40612 4.40612 4.43001 4.52352 4.51793 4.51288 4.50797 4.35598 4.19496 4.19496 4.22540 4.44858 4.44858 4.51854 4.63835 4.63835 4.63835 4.59520 4.51079 4.50678 4.50018 4.49359 4.48701 4.48042 4.47933 4.50153 4.44764 4.20144 4.23179 4.26206 4.47537 4.71400 4.59814 4.25470 3.82679 3.75847 3.37318 3.38239 3.39238 3.40135 3.40082 3.39806 3.38881 3.02245 3.00726 3.00730 3.00735 3.13059 3.16492 3.00459 3.00463 3.00468 3.17583 3.32883 3.21415 2.85307 2.83509 2.82687 2.81864 2.81758 2.82325 2.81499
4.39090 4.40612 4.40612 4.40533 4.40078 4.39573 4.39067 4.38683 4.49995 4.50653 4.50653 4.50653 4.42137 4.19330 4.19051 4.18773 4.39619 4.41705 4.42723 4.59953 4.60173 4.60195 4.58924 4.53974 4.58380 4.62087 4.65801 4.69512 4.73230 4.76389 4.77221 4.77082 4.44341 4.43713 4.44394 4.52512 4.70294 4.62025 4.24430 3.90821 3.86760 3.45704 3.39809 3.39812 3.39813 3.39813 3.39813 3.39813 3.10691 3.00828 3.00828 3.00828 3.05035 3.25233 3.00538 3.00538 3.00538 3.08807 3.37640 3.22390 2.82379 2.73062 2.73062 2.73062 2.73292 2.75179 2.75179
4.34134 4.34758 4.33142 4.31607 4.30343 4.28959 4.27572 4.26187 4.33281 4.35556 4.34172 4.32784 4.30634 4.29922 4.30631 4.30494 4.43485 4.50284 4.47874 4.57740 4.57265 4.52448 4.48298 4.66893 4.85132 4.85134 4.85134 4.85134 4.85134 4.85134 4.85134 4.84790 4.55185 4.42788 4.39298 4.37268 4.57471 4.57540 4.28500 3.94577 3.86799 3.55720 3.39813 3.39813 3.39813 3.39813 3.39813 3.39813 3.19860 3.00828 3.00828 3.00828 3.00828 3.28745 3.01767 3.00538 3.00538 3.01373 3.37449 3.26077 2.92280 2.73062 2.73062 2.73062 2.73048 2.74671 2.74175
4.17810 4.14474 4.13991 4.13712 4.13541 4.13539 4.13539 4.13555 4.20173 4.23072 4.21445 4.19815 4.17290 4.19047 4.15332 4.11331 4.16901 4.26649 4.24783 4.33738 4.43749 4.43749 4.43749 4.57366 4.82667 4.85134 4.85134 4.84176 4.80801 4.77308 4.73816 4.70667 4.51885 4.34573 4.34573 4.34573 4.54159 4.57587 4.37160 4.04266 3.87035 3.66594 3.39813 3.39813 3.39813 3.39813 3.39813 3.39813 3.29036 3.00828 3.00828 3.00828 3.00828 3.21577 3.09475 3.00538 3.00538 3.00538 3.29403 3.30879 3.01992 2.72280 2.71492 2.70595 2.65875 2.61094 2.57714
4.21113 4.17942 4.21945 4.27739 4.33525 4.39323 4.45245 4.51971 4.49223 4.06232 4.01097 3.97910 3.95615 4.00394 4.03084 4.03084 4.06659 4.24772 4.24772 4.28068 4.43749 4.43749 4.43746 4.49463 4.72644 4.76273 4.72779 4.70245 4.70128 4.70128 4.70128 4.70128 4.60303 4.34573 4.34573 4.34573 4.49424 4.57587 4.45043 4.12618 3.89427 3.78444 3.39813 3.39813 3.39813 3.39813 3.39813 3.39813 3.37707 3.01303 3.00828 3.00748 2.99876 3.11442 3.16313 3.00659 2.97434 2.90802 3.04153 3.13593 2.88767 2.45126 2.40708 2.36423 2.35949 2.41628 2.48073
4.57767 4.57688 4.55144 4.56217 4.57289 4.58361 4.59298 4.59429 4.59323 4.08301 3.95514 3.95514 3.95514 3.98806 4.03084 4.03084 4.03172 4.23064 4.24836 4.26024 4.36553 4.33852 4.30361 4.30471 4.58190 4.70128 4.70128 4.70128 4.70128 4.70128 4.70128 4.70128 4.68249 4.35033 4.34573 4.34573 4.44685 4.57587 4.52883 4.20457 3.92342 3.86647 3.43124 3.39813 3.39813 3.37613 3.32603 3.27504 3.22171 3.03915 3.02084 3.01950 3.01203 3.00835 2.90132 2.61793 2.58268 2.58176 2.69392 2.96481 2.86373 2.38495 2.35972 2.34206 2.32438 2.32633 2.39542
4.66629 4.64879 4.59429 4.59429 4.59429 4.59429 4.59429 4.59429 4.59429 4.24801 3.95514 3.95514 3.95514 3.97218 4.03238 4.04566 4.06138 4.22602 4.30906 4.31307 4.29833 4.28743 4.28743 4.28743 4.49406 4.69952 4.70128 4.70128 4.70128 4.70128 4.70128 4.70128 4.70128 4.41566 4.34573 4.33099 4.33767 4.46581 4.41717 4.06633 3.69473 3.52784 3.16986 3.00273 2.94676 2.91285 2.90704 2.89838 2.87522 2.93721 2.97765 2.96876 2.99103 3.02177 2.96325 2.73607 2.74887 2.77953 2.82001 2.80690 2.72916 2.27835 2.17707 2.17707 2.17707 2.17813 2.27727
4.67003 4.66608 4.59537 4.59429 4.59429 4.59429 4.59429 4.59429 4.59429 4.41366 3.95847 3.97245 3.98817 4.00650 4.09230 4.09619 4.09619 4.19326 4.31307 4.31307 4.30609 4.28743 4.28743 4.28743 4.42160 4.66535 4.71756 4.74454 4.77154 4.79848 4.82548 4.85248 4.87959 4.37053 3.88039 3.82007 3.80198 3.99259 3.96905 3.59558 3.37659 3.28480 3.11166 2.97610 2.98414 2.99227 3.00040 3.01211 3.04077 3.12162 3.24984 3.26610 3.25625 3.24481 3.17069 2.94195 2.84495 2.83335 2.82187 2.69870 2.63423 2.36291 2.26008 2.26642 2.27274 2.27904 2.36193
4.67003 4.67003 4.60972 4.59429 4.59429 4.59429 4.59882 4.61409 4.62981 4.58807 4.06273 4.02049 4.02049 4.02049 4.08146 4.09619 4.09609 4.14324 4.36212 4.38912 4.41541 4.41872 4.44440 4.47137 4.57224 4.86061 4.98554 4.99961 4.97875 4.95715 4.93581 4.91445 4.89270 4.51964 3.80161 3.80688 3.81213 3.80590 3.77598 3.53326 3.16747 3.03514 2.90061 2.88665 2.87515 2.86361 2.85200 2.84050 2.82886 2.83313 2.95333 2.94303 2.94120 2.94120 2.90282 2.73173 2.57606 2.57606 2.57606 2.49574 2.43744 2.36634 2.39506 2.39506 2.39506 2.39506 2.44695
4.67014 4.67003 4.63470 4.61668 4.63822 4.66301 4.68325 4.69276 4.70029 4.70621 4.22644 4.08029 4.08667 4.09306 4.12679 4.14617 4.14885 4.16154 4.63338 4.70427 4.75544 4.78393 4.80954 4.84312 4.88754 5.04981 4.99123 4.95567 4.95525 4.95525 4.95525 4.95525 4.95525 4.85544 3.88301 3.89257 3.90469 3.74109 3.64333 3.55570 3.05030 2.96033 2.75905 2.79239 2.79352 2.79352 2.79352 2.79352 2.79352 2.79352 2.92240 2.94120 2.94120 2.94120 2.92683 2.80198 2.57606 2.57606 2.57606 2.52690 2.44171 2.38041 2.39506 2.39506 2.39506 2.39506 2.42230
4.81932 4.81975 4.80753 4.82858 4.82913 4.82646 4.82379 4.82112 4.82001 4.82001 4.49919 4.19242 4.23635 4.28230 4.33427 4.38625 4.41569 4.44401 4.82051 4.93826 4.92058 4.89866 4.88217 4.88217 4.88217 4.99758 4.95788 4.95525 4.95525 4.95525 4.96033 4.97241 4.98453 4.99666 4.08764 3.93093 3.93093 3.81381 3.64601 3.64512 3.11189 3.02685 2.77477 2.78577 2.79352 2.79352 2.79352 2.79352 2.79352 2.79352 2.88794 2.94120 2.94120 2.94120 2.94109 2.85359 2.60453 2.57606 2.57606 2.55808 2.44171 2.38743 2.34387 2.30980 2.29474 2.28476 2.27935
4.62032 4.65789 4.67014 4.81913 4.83136 4.89028 4.95435 5.01842 5.08258 5.14041 4.94739 4.47010 4.45382 4.43615 4.42122 4.41997 4.41876 4.41876 4.65869 4.90781 4.90781 4.90572 4.88242 4.88217 4.88217 4.96323 4.98375 4.97592 4.98802 5.00018 5.00722 5.00726 5.00726 5.00726 4.34424 3.93093 3.93093 3.87236 3.64601 3.64601 3.25813 3.03847 2.84973 2.77792 2.79352 2.79352 2.79352 2.79352 2.79352 2.79352 2.85342 2.94120 2.94120 2.94120 2.94020 2.83826 2.59699 2.47326 2.43566 2.41479 2.33339 2.36974 2.47882 2.59231 2.67453 2.75168 2.82889
4.78648 4.91149 4.97556 5.17382 5.21534 5.15340 5.08622 5.01889 4.95171 4.89073 4.81274 4.39905 4.40309 4.40309 4.40327 4.41804 4.41876 4.41876 4.54181 4.90781 4.90781 4.91631 4.91436 4.90636 4.91848 4.97444 5.04656 5.00726 5.00726 5.00726 5.00726 5.00726 5.00726 5.00726 4.59987 3.93093 3.93093 3.92358 3.65333 3.64601 3.40617 3.04507 2.92975 2.76935 2.79352 2.79352 2.79352 2.79352 2.78877 2.75237 2.74600 2.85552 2.83309 2.81127 2.79071 2.83576 2.91036 2.89856 2.98144 3.04796 2.96397 2.91959 2.95154 2.97321 2.97321 2.97321 2.97904
4.87064 4.87274 4.81296 4.84104 4.87979 4.87979 4.87979 4.87979 4.87979 4.87979 4.87974 4.45331 4.40309 4.40309 4.40309 4.41494 4.41876 4.43423 4.52332 5.05923 5.14744 5.21538 5.08741 4.93419 4.93419 4.94313 5.06444 5.00726 5.00726 5.00726 5.00726 5.00726 5.00726 5.00726 4.85561 3.93093 3.93093 3.93093 3.70455 3.65356 3.58857 3.11647 3.08750 2.80808 2.80029 2.77171 2.74274 2.71382 2.68959 2.69706 2.70436 2.93450 2.95712 2.96297 2.96859 3.00759 3.19246 3.05715 3.05852 3.06003 3.02714 3.00264 3.04054 3.09295 3.10919 3.12598 3.13498
4.64045 4.68745 4.71767 4.77359 4.87979 4.87979 4.87979 4.87979 4.87979 4.87979 4.87979 4.57453 4.40309 4.42753 4.50250 4.58743 4.67092 4.73193 4.73699 5.11493 5.22604 5.22604 5.17410 4.93419 4.93419 4.93419 5.05023 5.01296 5.00726 5.00656 4.98193 4.94578 4.90963 4.87341 4.83618 4.15867 4.14843 4.24193 4.17292 4.14671 4.21620 3.58310 3.02917 2.71196 2.69718 2.70314 2.70247 2.70411 2.70579 2.70754 2.70773 2.89154 2.97002 2.97001 2.97000 2.97070 3.22664 3.09752 3.07063 3.07061 3.06869 3.06583 3.07563 3.13124 3.13037 3.12949 3.12859
4.64045 4.66412 4.71767 4.73450 4.87969 4.87979 4.87979 4.87979 4.87979 4.91533 4.99171 4.88526 4.66678 4.71979 4.72131 4.72658 4.73699 4.73699 4.73699 4.99796 5.22215 5.19119 5.15464 4.86213 4.79081 4.75463 4.79833 4.78007 4.71922 4.70425 4.74204 4.81026 4.87979 4.94500 5.00662 4.76349 4.65993 4.65695 4.54798 4.38649 4.38362 3.81093 3.19604 2.80126 2.63934 2.64255 2.64233 2.63950 2.63656 2.63373 2.63084 2.76296 2.91106 2.90814 2.90531 2.90240 3.08744 3.07149 2.99440 2.99159 2.99061 2.99061 2.99228 3.09501 3.09934 3.09934 3.09934
4.64045 4.64357 4.71492 4.71767 4.85801 4.92790 5.00428 5.08072 5.15716 5.19798 5.19272 5.11561 4.63709 4.57509 4.50806 4.44557 4.44710 4.39035 4.33376 4.44526 4.80668 4.79391 4.80469 4.65451 4.55792 4.59984 4.70747 4.90009 4.92546 4.96647 4.97856 4.97178 4.96380 4.95996 4.95996 4.76329 4.50385 4.51329 4.51285 4.39985 4.43146 4.10260 3.41258 2.90992 2.60403 2.60403 2.60403 2.60403 2.60403 2.60403 2.60403 2.67226 2.88997 2.88997 2.88997 2.88997 3.00850 3.11199 2.99061 2.99061 2.99061 2.99061 2.99061 3.07161 3.09934 3.09934 3.09934
4.44668 4.42993 4.55848 4.67927 4.79173 4.78911 4.72207 4.65504 4.58784 4.52093 4.45907 4.41160 3.98060 3.92202 3.92329 3.94484 4.15542 4.20047 4.23128 4.31663 4.90645 4.96259 4.99537 4.93504 4.74569 4.74732 4.76248 4.99976 4.95996 4.95996 4.95996 4.95996 4.96001 4.97766 5.00927 4.95193 4.61632 4.63850 4.63696 4.47091 4.46352 4.32406 3.56260 2.99003 2.64623 2.60403 2.60403 2.60403 2.60403 2.60403 2.60403 2.61315 2.88240 2.88997 2.88997 2.88997 2.93903 3.15791 2.99186 2.99061 2.99061 2.99061 2.99061 3.04799 3.10598 3.14691 3.19370
4.24015 4.23461 4.38356 4.61109 4.53083 4.39872 4.39872 4.39996 4.43061 4.47355 4.51643 4.55934 4.26659 4.10801 4.15833 4.18858 4.35315 4.43472 4.45552 4.45882 4.93261 5.03918 5.03918 5.02981 4.75970 4.74732 4.74732 4.95583 4.96862 4.98674 5.01834 5.04996 5.08147 5.09542 5.09542 5.08977 4.66381 4.63931 4.63931 4.50462 4.46352 4.46108 3.67197 3.12200 2.75565 2.60403 2.60403 2.60403 2.60403 2.60403 2.60403 2.60403 2.82475 2.88997 2.88997 2.88997 2.89149 3.15012 3.04137 3.04360 3.08029 3.11693 3.22296 3.47334 3.45492 3.51010 3.56317
4.22525 4.25081 4.33398 4.72099 4.73664 4.59602 4.63893 4.67495 4.67534 4.66339 4.65139 4.63942 4.42072 4.23109 4.25938 4.25938 4.35906 4.45882 4.45882 4.45882 4.79397 5.03918 5.03918 5.03918 4.84306 4.78322 4.81479 4.98934 5.10868 5.09542 5.09542 5.09542 5.09542 5.09542 5.09542 5.09542 4.76580 4.63931 4.63931 4.54082 4.46352 4.46352 3.88707 3.28388 2.86600 2.60403 2.60403 2.60403 2.60403 2.60403 2.60403 2.60458 2.78096 2.96144 3.03235 3.13940 3.30786 3.53048 3.62599 3.73755 3.92024 4.10300 4.21632 4.31358 4.06446 3.91055 3.91055
4.50178 4.51676 4.50557 4.80181 4.86765 4.66610 4.63150 4.62514 4.62514 4.62514 4.62514 4.62514 4.56547 4.17247 4.25938 4.25938 4.31738 4.45882 4.45882 4.45882 4.63068 4.93917 4.86225 4.78532 4.78850 4.88279 4.88279 4.95950 5.12861 5.09542 5.09542 5.09542 5.09542 5.09542 5.09542 5.09542 4.87362 4.63931 4.63931 4.57701 4.46352 4.46352 4.10320 3.45309 3.00153 2.68909 2.73691 2.81678 2.97032 3.13464 3.29881 3.46254 3.71403 4.13434 4.37736 4.58593 4.73336 4.65885 4.36882 4.25622 4.25622 4.25622 4.25622 4.26180 4.27226 3.91055 3.91055
4.46185 4.45227 4.45149 4.64321 4.83751 4.69911 4.62514 4.62514 4.62514 4.62514 4.62514 4.62514 4.62514 4.20198 4.25938 4.25938 4.24018 4.34578 4.26907 4.19214 4.19815 4.71819 4.71866 4.71866 4.73507 4.88200 4.88279 4.89750 5.13782 5.09585 5.09542 5.09542 5.09542 5.09573 5.10235 5.11145 5.01982 4.76515 4.79721 4.80706 4.76394 4.90840 4.91459 4.37436 3.95599 3.79119 3.78775 3.87214 3.88778 3.99414 4.14053 4.28690 4.46099 4.89055 4.89419 4.89419 4.89419 4.80336 4.40684 4.25963 4.25622 4.25622 4.25622 4.25622 4.40877 3.91055 3.91055
4.45149 4.45149 4.45149 4.52675 4.83751 4.75052 4.62514 4.62514 4.62514 4.62514 4.62514 4.62447 4.57630 4.16722 4.05470 3.97988 3.93889 4.11325 4.13830 4.13830 4.13830 4.63779 4.71866 4.71866 4.71986 4.85858 4.90112 4.91021 5.12715 5.15099 5.15010 5.15921 5.17743 5.26131 5.37247 5.48506 5.58895 5.48712 5.59431 5.70193 5.57840 5.57501 5.58054 4.92822 4.47604 4.27071 4.25210 4.40637 4.55549 4.60335 4.61089 4.61875 4.62634 4.93817 5.00467 5.01236 5.02012 5.02339 4.58704 4.44269 4.41300 4.42057 4.42837 4.43602 4.56243 3.97196 3.91055
4.45149 4.45149 4.45149 4.45273 4.79504 4.80191 4.62514 4.62165 4.56347 4.48655 4.40962 4.33337 4.30462 4.10449 3.89379 3.94403 3.98579 4.17658 4.30369 4.36335 4.42289 4.70585 4.85529 4.87622 4.89581 5.00299 5.14371 5.20173 5.45019 5.72802 5.87644 6.00039 6.11554 6.16458 6.17975 6.19145 6.20325 6.03778 5.99888 6.01060 5.88131 5.90463 5.99033 5.59094 5.15691 4.83040 4.74810 4.74802 4.74802 4.74802 4.74802 4.74802 4.74802 4.96745 5.11090 5.11090 5.11090 5.11090 4.77638 4.55186 4.47292 4.47292 4.47292 4.47292 4.54028 4.18779 3.91055
4.49665 4.50755 4.51845 4.52962 4.72452 4.78484 4.52582 4.48132 4.52139 4.58013 4.63877 4.69759 4.75623 4.76148 4.40515 4.56149 4.57843 4.69762 4.85360 4.90128 4.94944 5.09039 5.27534 5.30565 5.33589 5.38594 5.50129 5.48535 5.63637 6.07423 6.24617 6.24617 6.24617 6.24617 6.24617 6.24842 6.30857 6.27089 6.25215 6.33785 6.26012 6.14913 6.14913 5.84341 5.31551 4.84221 4.76413 4.74802 4.74802 4.74802 4.74802 4.74802 4.74802 4.88281 5.11090 5.11090 5.11090 5.11090 4.89443 4.59326 4.47292 4.47292 4.47292 4.70513 5.50470 6.39761 6.68990
4.63152 4.61378 4.59600 4.57800 4.57430 4.59304 4.82268 4.94629 4.94629 4.94629 4.94629 4.94982 4.95958 4.96945 4.65193 4.79497 4.83177 4.92548 5.13151 5.11414 5.09619 5.11423 5.31873 5.31873 5.31873 5.31942 5.46579 5.48286 5.51120 6.01143 6.23867 6.25772 6.33346 6.41916 6.50486 6.58832 6.61384 6.54424 6.38602 6.38602 6.30889 6.14913 6.14913 6.02275 5.42112 4.88983 4.79185 4.74802 4.74802 4.74802 4.74802 4.74802 4.74802 4.79801 5.11090 5.11090 5.11090 5.11090 5.33712 5.69883 6.21749 6.79348 7.33655 7.70314 7.76353 8.44069 8.18614
4.51322 4.51322 4.51322 4.51322 4.51764 4.57819 4.75815 4.97812 4.98799 4.99787 4.99895 4.98063 4.95574 4.93076 4.73158 4.81516 4.81867 4.83109 5.07204 5.07480 5.07480 5.07509 5.29526 5.31873 5.31873 5.31873 5.41742 5.51092 5.59504 6.09645 6.46823 6.60391 6.61384 6.61384 6.61384 6.61384 6.61384 6.59692 6.38718 6.38602 6.35766 6.14913 6.14913 6.14550 5.48117 5.03966 4.81947 4.74802 4.74802 4.74802 4.74802 4.74802 4.74802 4.88345 6.20887 6.85924 7.42431 7.92340 8.19874 7.95306 7.96431 8.04797 8.13321 8.21720 8.30041 8.94685 9.01463
4.54296 4.55373 4.56359 4.57346 4.57763 4.59427 4.66324 4.93917 4.91419 4.88918 4.87290 4.87257 4.87257 4.87257 4.77049 4.74696 4.81867 4.81867 5.03079 5.07480 5.07480 5.07480 5.23726 5.35448 5.42604 5.49760 5.63692 5.84899 5.85053 6.13302 6.49006 6.61384 6.61384 6.61384 6.61384 6.61384 6.61384 6.61384 6.42402 6.38602 6.38585 6.16971 6.14913 6.14913 5.65689 5.19287 4.84078 4.75770 4.76726 4.81508 4.88021 4.94094 4.99697 5.20315 8.11976 8.24782 8.25457 8.27973 8.30760 8.43167 8.45867 8.41556 8.41556 8.41556 8.41556 8.83773 9.09369
4.45169 4.51450 4.48952 4.46452 4.44264 4.46103 4.50021 4.85323 4.87257 4.87257 4.87257 4.87257 4.87257 4.87257 4.84775 4.67977 4.81867 4.81867 4.97814 5.12298 5.19451 5.26606 5.44186 5.61739 5.61739 5.61739 5.62692 5.84276 5.85053 5.99981 6.42794 6.61384 6.61384 6.61384 6.61384 6.61384 6.61384 6.61539 6.49552 6.41669 6.43307 6.28171 6.23155 6.29030 6.03745 5.64132 5.14743 5.13869 5.14627 5.15444 5.14547 5.14470 5.18398 5.23177 7.63303 8.35458 8.37227 8.37227 8.37227 8.43208 8.48400 8.41556 8.41556 8.41556 8.41556 8.67987 9.16530
