High_resolution/powerplant/Shangrao/OMI_NO2_200806.asc
ncols      200
nrows      200
xllcorner       115.451
yllcorner       27.0350
cellsize     0.0166667
NODATA_Value      -999.000
[rows 30 to 59 of 200, columns 132 to 197 of 200]
1.52001 1.52001 1.48712 1.40113 1.31454 1.22784 1.14616 1.12715 1.12715 1.12715 1.12715 1.12715 1.12715 1.28135 2.05948 2.24699 2.24699 2.24699 2.24699 2.24699 2.24699 2.24699 2.24699 2.24699 2.24699 2.24699 2.24699 2.24699 2.24699 2.24699 2.24699 2.21108 2.08700 2.08700 2.08700 2.08700 1.96887 1.92813 1.85294 1.75612 1.65925 1.56247 1.47736 1.46504 1.44870 1.33376 1.22146 1.12703 1.04641 1.32323 1.61148 1.61656 2.31276 2.40349 2.40349 2.40349 2.40349 2.40349 2.40349 2.60596 2.96506 2.96506 2.96506 2.96506 2.96506 2.96506
1.26826 1.18156 1.12785 1.12715 1.12715 1.12715 1.12715 1.12715 1.12715 1.12715 1.12715 1.12715 1.12715 1.19436 1.88268 2.24699 2.24699 2.24699 2.24699 2.24699 2.24699 2.24699 2.24699 2.24699 2.24699 2.24699 2.24699 2.24699 2.24699 2.24699 2.24699 2.24532 2.09820 2.02217 1.92530 1.82857 1.64592 1.48668 1.46504 1.45810 1.35431 1.23867 1.14160 1.05891 0.995168 0.985846 0.985846 0.985846 0.985846 1.13606 1.61148 1.61128 2.04460 2.42643 2.43949 2.45315 2.46755 2.48265 2.49838 2.62508 2.96506 2.96506 2.96506 2.96506 2.96506 2.96506
1.12715 1.12715 1.12715 1.12715 1.12715 1.12715 1.12715 1.12715 1.12715 1.12715 1.12715 1.12715 1.12715 1.13038 1.68317 2.24699 2.24699 2.24699 2.24699 2.24699 2.24699 2.24699 2.24699 2.24699 2.24699 2.24699 2.24699 2.24699 2.24280 2.20816 2.12871 2.02262 1.58594 1.42100 1.37617 1.25289 1.10879 1.02713 0.922600 0.835201 0.801777 0.783777 0.765009 0.745609 0.725595 0.704836 0.683291 0.660696 0.637372 0.627118 1.44468 1.49770 1.80868 2.96506 2.96506 2.96506 2.96506 2.96506 2.96506 2.96506 2.96506 2.96506 2.96506 2.96506 2.96506 2.87188
1.12715 1.12715 1.12715 1.12715 1.12715 1.12715 1.12715 1.12715 1.12715 1.13145 1.15350 1.17707 1.20082 1.22452 1.51983 1.93569 1.89105 1.84641 1.80158 1.75703 1.71230 1.66757 1.62274 1.56461 1.42919 1.24667 1.00604 0.675560 0.367224 0.311886 0.311886 0.311886 0.511607 0.700027 0.700027 0.518402 0.483664 0.557812 0.557812 0.557812 0.557812 0.557812 0.557812 0.557812 0.557812 0.557812 0.557812 0.557812 0.557812 0.557812 1.17794 1.49626 1.55206 2.93022 2.96506 2.96506 2.96506 2.96506 2.96506 2.96506 2.87674 2.58910 2.29305 1.99641 1.70125 1.49690
1.33820 1.36182 1.38569 1.40926 1.43296 1.45670 1.48027 1.50410 1.52771 1.54707 1.54884 1.54884 1.54884 1.54884 1.64862 1.37243 1.32844 1.32844 1.32492 1.23938 1.09431 0.905625 0.649465 0.351946 0.311886 0.311886 0.311886 0.311886 0.311886 0.311886 0.311886 0.311886 0.361652 0.697173 0.700027 0.576763 0.475963 0.548707 0.557812 0.557812 0.557812 0.557812 0.557812 0.557812 0.557812 0.557812 0.557812 0.557812 0.557812 0.557812 0.906069 1.49626 1.49626 2.41867 2.96506 2.88220 2.59500 2.30013 2.00231 1.70744 1.49882 1.49071 1.49071 1.49071 1.49071 1.49071
1.54884 1.54884 1.54884 1.54884 1.54884 1.54884 1.54884 1.54884 1.54884 1.54884 1.54884 1.54884 1.54884 1.54884 1.50608 1.31672 0.970064 0.738301 0.425337 0.311886 0.311886 0.311886 0.311886 0.311886 0.311886 0.311886 0.311886 0.311886 0.311886 0.311886 0.311886 0.311886 0.311886 0.647474 0.700027 0.650842 0.475837 0.527035 0.557812 0.557812 0.557812 0.557812 0.557812 0.557812 0.557812 0.557812 0.557812 0.557812 0.557812 0.557812 0.665109 1.31523 1.16674 1.33281 1.71334 1.50029 1.49071 1.49071 1.49071 1.49071 1.49071 1.49071 1.49071 1.49071 1.49071 1.49071
1.54884 1.54884 1.54884 1.54884 1.54884 1.54884 1.54884 1.54884 1.54884 1.53368 1.40845 1.26132 1.11432 0.967192 0.881504 0.757532 0.311886 0.311886 0.311886 0.311886 0.311886 0.311886 0.311886 0.311886 0.311886 0.311886 0.311886 0.311886 0.311886 0.311886 0.311886 0.311886 0.311886 0.559689 0.700027 0.699960 0.496735 0.508824 0.557812 0.557812 0.557812 0.557812 0.557812 0.557812 0.557812 0.572059 0.660314 0.759278 0.858289 0.957301 1.03160 0.816372 0.777343 0.945203 1.49071 1.49071 1.49071 1.49071 1.49071 1.49071 1.49071 1.49071 1.49071 1.49071 1.49071 1.49071
1.54884 1.54884 1.54884 1.54884 1.54884 1.47598 1.32891 1.18185 1.03478 0.902876 0.880970 0.880970 0.880970 0.880970 0.880970 0.836385 0.311886 0.311886 0.311886 0.311886 0.311886 0.311886 0.311886 0.311886 0.311886 0.311886 0.311886 0.311886 0.311886 0.311886 0.311886 0.311886 0.311886 0.428345 0.700027 0.700027 0.549720 0.493455 0.557812 0.557812 0.564505 0.643724 0.742640 0.841700 0.940568 1.02533 1.03590 1.05011 1.15458 1.30211 1.49364 1.51478 1.47608 1.49071 1.49071 1.49071 1.49071 1.49071 1.49071 1.49071 1.49071 1.49071 1.49071 1.49071 1.49071 1.49071
1.52774 1.39643 1.24937 1.10230 0.955237 0.880970 0.880970 0.880970 0.880970 0.880970 0.880970 0.880970 0.880970 0.880970 0.880970 0.886304 0.318575 0.311886 0.311886 0.311886 0.311886 0.311886 0.311886 0.311886 0.311886 0.311886 0.311886 0.311886 0.311886 0.311886 0.311886 0.311886 0.311886 0.313126 0.675778 0.702035 0.676874 0.595710 0.824652 0.923978 1.01615 1.03590 1.04234 1.13314 1.27452 1.45767 1.70386 1.99707 2.04434 2.04434 2.04434 1.92469 1.49071 1.49071 1.49071 1.49071 1.49071 1.49071 1.49071 1.49071 1.49071 1.49071 1.49071 1.49071 1.49071 1.49071
0.896798 0.880970 0.880970 0.880970 0.880970 0.880970 0.880970 0.880970 0.880970 0.880970 0.880970 0.880970 0.880970 0.880970 0.880970 0.881016 0.470094 0.311886 0.311886 0.311886 0.311886 0.311886 0.311886 0.311886 0.311886 0.311886 0.311886 0.311886 0.311886 0.311886 0.311886 0.408258 0.575775 0.696556 0.950123 1.14839 1.17885 0.822163 1.07005 1.24833 1.42342 1.65660 1.95989 2.04434 2.04434 2.04434 2.04434 2.04434 2.04434 2.04434 2.04434 2.03941 1.53556 1.49071 1.49071 1.49071 1.49071 1.49071 1.49071 1.49071 1.49071 1.49071 1.49071 1.49071 1.49071 1.49071
0.880970 0.880970 0.880970 0.880970 0.880970 0.880970 0.880970 0.880970 0.880970 0.880970 0.880970 0.880970 0.880970 0.880970 0.880970 0.878611 0.610913 0.311886 0.311886 0.311886 0.311886 0.311886 0.311886 0.311886 0.311886 0.311886 0.410418 0.737635 0.949596 1.08974 1.18922 1.24999 1.29016 1.33384 1.55471 2.03076 2.04434 1.96082 2.04434 2.04434 2.04434 2.04434 2.04434 2.04434 2.04434 2.04434 2.04434 2.04434 2.04434 2.04434 2.04434 2.04434 1.69035 1.49071 1.49071 1.49071 1.49071 1.49071 1.49071 1.49071 1.49071 1.49071 1.49071 1.46409 1.37963 1.29251
0.838285 0.822504 0.805700 0.787770 0.768455 0.748087 0.725764 0.702050 0.676434 0.648315 0.618222 0.584961 0.548628 0.508703 0.464707 0.424739 0.420890 0.00000 0.00000 0.00000 0.00000 1.43787 1.43787 1.43787 1.43787 1.43787 1.43787 1.43787 1.43787 1.43787 1.43787 1.43787 1.43787 1.43787 1.46268 2.02481 2.04434 2.04434 2.04434 2.04434 2.04434 2.04434 2.04434 2.04434 2.04434 2.04434 2.04434 2.04434 2.04434 2.04434 2.04434 2.04434 1.85000 1.49071 1.49071 1.49071 1.49071 1.49071 1.46478 1.38049 1.29405 1.20687 1.12029 1.06047 1.05848 1.05848
0.420890 0.420890 0.420890 0.420890 0.420890 0.420890 0.420890 0.420890 0.420890 0.420890 0.420890 0.420890 0.420890 0.420890 0.420890 0.420890 0.420890 1.13482 1.43787 1.43787 1.43787 1.43787 1.43787 1.43787 1.43787 1.43787 1.43787 1.43787 1.43787 1.43787 1.43787 1.43787 1.43787 1.43787 1.43787 1.87286 2.04434 2.04434 2.04434 2.04434 2.04434 2.04434 2.04434 2.04434 2.04434 2.04434 2.04434 2.04434 2.04434 2.04434 2.04434 2.04434 2.00321 1.47179 1.38136 1.29491 1.20847 1.12128 1.06064 1.05848 1.05848 1.05848 1.05848 1.05848 1.05848 1.05848
0.420890 0.420890 0.420890 0.420890 0.420890 0.420890 0.420890 0.420890 0.420890 0.420890 0.420890 0.420890 0.420890 0.420890 0.420890 0.420890 0.420890 1.43787 1.43787 1.43787 1.43787 1.43787 1.43787 1.43787 1.43787 1.43787 1.43787 1.43787 1.43787 1.43787 1.43787 1.43787 1.43787 1.43787 1.43787 1.69611 2.04434 2.04434 2.04434 2.04434 2.04434 2.04434 2.04434 2.04434 2.04434 2.04434 2.04434 2.04434 1.98109 1.66233 1.31662 0.970919 0.625049 0.910379 1.05848 1.05848 1.05848 1.05848 1.05848 1.05848 1.05848 1.05848 1.05848 1.05848 1.05848 1.05848
0.420890 0.420890 0.420890 0.420890 0.420890 0.420890 0.420890 0.420890 0.420890 0.420890 0.420890 0.420890 0.420890 0.00000 0.00000 0.00000 0.00000 1.43787 1.43787 1.43787 1.43787 1.43787 1.43787 1.43787 1.43787 1.43787 1.43787 1.43787 1.43787 1.43787 1.43787 1.43787 1.43787 1.43787 1.43787 1.51938 2.04422 2.04434 2.04434 2.04434 2.04434 2.04434 2.04434 2.01020 1.71754 1.37201 1.02614 0.680435 0.397982 0.371042 0.371042 0.371042 0.371042 0.705377 1.05848 1.05848 1.05848 1.05848 1.05848 1.05848 1.05848 1.05848 1.05848 1.05848 1.05848 1.05848
0.420890 0.420890 0.420890 0.420890 0.420890 0.420890 0.420890 0.420890 0.00000 0.00000 0.00000 0.00000 0.00000 0.00000 0.00000 0.00000 0.00000 1.43787 1.43787 1.43787 1.43787 1.43787 1.43787 1.43787 1.43787 1.43787 1.43787 1.43787 1.43787 1.43787 1.43787 1.43787 1.43787 1.43787 1.43787 1.43787 1.94900 2.04434 2.03028 1.77310 1.42723 1.08136 0.735821 0.424253 0.371042 0.371042 0.371042 0.371042 0.371042 0.371042 0.371042 0.371042 0.371042 0.507100 1.05848 1.05848 1.05848 1.05848 1.05848 1.05848 1.05848 1.05848 1.05848 1.05848 1.05848 1.05848
0.420890 0.420890 0.420890 0.420890 0.00000 0.00000 0.00000 0.00000 0.00000 0.00000 0.00000 0.00000 0.00000 0.00000 0.00000 0.00000 0.00000 0.00000 1.43787 1.43787 1.43787 1.43787 1.43787 1.43787 1.43787 1.43787 1.43787 1.43787 1.43787 1.43787 1.43787 1.43787 1.43787 1.43771 1.34271 1.16862 1.08268 0.791040 0.459392 0.371042 0.371042 0.371042 0.371042 0.371042 0.371042 0.371042 0.371042 0.371042 0.371042 0.371042 0.371042 0.371042 0.371042 0.374479 0.992962 1.05848 1.05848 1.05848 1.05848 1.05848 1.05848 1.05848 1.05848 1.05848 1.05848 1.05848
0.00000 0.00000 0.00000 0.00000 0.00000 0.00000 0.00000 0.00000 0.00000 0.00000 0.00000 0.00000 0.00000 0.00000 0.00000 0.00000 0.00000 0.00000 1.43787 1.43787 1.43787 1.43787 1.43787 1.43787 1.43787 1.43787 1.43787 1.43787 1.43787 1.39050 1.22229 1.04829 0.874131 0.700130 0.620973 0.620973 0.555616 0.371042 0.371042 0.371042 0.371042 0.371042 0.371042 0.371042 0.371042 0.371042 0.371042 0.371042 0.371042 0.371042 0.371042 0.371042 0.371042 0.371042 0.798122 1.05848 1.05848 1.05848 1.05848 1.05848 1.05848 1.05848 1.05848 1.05848 1.05848 1.05848
1.00442 0.00000 0.00000 0.00000 0.00000 0.00000 0.00000 0.00000 0.00000 0.00000 0.00000 0.00000 0.00000 0.00000 0.00000 0.00000 0.00000 0.00000 1.43787 1.43787 1.43787 1.43787 1.43787 1.43787 1.42186 1.27621 1.10196 0.927801 0.753801 0.626936 0.620973 0.620973 0.620973 0.620973 0.620973 0.620973 0.615075 0.383964 0.371042 0.371042 0.371042 0.371042 0.371042 0.371042 0.371042 0.371042 0.371042 0.371042 0.371042 0.371042 0.371042 0.371042 0.371042 0.371042 0.599982 1.05848 1.05848 1.05848 1.05848 1.05848 1.05848 1.04226 0.991984 0.940635 0.889285 0.837936
1.00442 0.00000 0.00000 0.00000 0.00000 0.00000 0.00000 0.00000 0.00000 0.00000 0.00000 0.00000 0.00000 0.00000 0.00000 0.00000 0.00000 0.00000 1.43787 1.43653 1.32980 1.15580 0.981635 0.807390 0.649401 0.620973 0.620973 0.620973 0.620973 0.620973 0.620973 0.620973 0.620973 0.620973 0.620973 0.620973 0.620973 0.450487 0.371042 0.371042 0.371042 0.371042 0.371042 0.371042 0.371042 0.371042 0.371042 0.371042 0.371042 0.371042 0.371042 0.371042 0.371042 0.371042 0.413526 1.04673 1.04226 0.991984 0.940635 0.889285 0.837936 0.802813 0.801735 0.801735 0.801735 0.801735
1.00442 0.00000 0.00000 0.00000 0.00000 0.00000 0.00000 0.00000 0.00000 0.00000 0.00000 0.00000 0.00000 0.00000 0.00000 2.19788 2.19788 2.19788 2.19788 1.21192 0.620973 0.620973 0.620973 0.620973 0.620973 0.620973 0.620973 0.620973 0.620973 0.620973 0.620973 0.620973 0.620973 0.620973 0.620973 0.620973 0.620973 0.522875 0.371042 0.371042 0.371042 0.371042 0.371042 0.371042 0.371042 0.371042 0.371042 0.371042 0.371042 0.371042 0.371042 0.371042 0.371042 0.371042 0.371042 0.821629 0.802813 0.801735 0.801735 0.801735 0.801735 0.801735 0.801735 0.801735 0.801735 0.801735
1.00442 0.00000 0.00000 0.00000 0.00000 0.00000 0.00000 0.00000 0.00000 0.00000 2.19788 2.19788 2.19788 2.19788 2.19788 2.19788 2.19788 2.19788 2.19788 1.67965 0.620973 0.620973 0.620973 0.620973 0.620973 0.620973 0.620973 0.620973 0.620973 0.620973 0.620973 0.620973 0.620973 0.620973 0.620973 0.620973 0.620973 0.594505 0.371792 0.371042 0.371042 0.371042 0.371042 0.371042 0.371042 0.371042 0.371042 0.371042 0.371042 0.371042 0.371042 0.371042 0.00000 0.00000 0.00000 0.801735 0.801735 0.801735 0.801735 0.801735 0.801735 0.801735 0.801735 0.801735 0.801735 0.801735
1.00442 1.00442 0.00000 0.00000 0.00000 0.00000 2.19788 2.19788 2.19788 2.19788 2.19788 2.19788 2.19788 2.19788 2.19788 2.19788 2.19788 2.19788 2.19788 2.10849 0.653930 0.620973 0.620973 0.620973 0.620973 0.620973 0.620973 0.620973 0.620973 0.620973 0.620973 0.620973 0.620973 0.620973 0.620973 0.620973 0.620973 0.620973 0.417754 0.371042 0.371042 0.371042 0.371042 0.371042 0.371042 0.371042 0.371042 0.00000 0.00000 0.00000 0.00000 0.00000 0.00000 0.00000 0.00000 0.801735 0.801735 0.801735 0.801735 0.801735 0.801735 0.801735 0.801735 0.801735 0.801735 0.801735
1.00442 1.03890 2.19788 2.19788 2.19788 2.19788 2.19788 2.19788 2.19788 2.19788 2.19788 2.19788 2.19788 2.19788 2.19788 2.19788 2.19788 2.19788 2.19788 2.19788 1.02647 0.620973 0.620973 0.620973 0.620973 0.620973 0.620973 0.620973 0.620973 0.620973 0.620973 0.620973 0.620973 0.620973 0.620973 0.620973 0.621196 0.639502 0.544145 0.371042 0.371042 0.371042 0.00000 0.00000 0.00000 0.00000 0.00000 0.00000 0.00000 0.00000 0.00000 0.00000 0.00000 0.00000 0.00000 0.801735 0.801735 0.801735 0.801735 0.801735 0.801735 0.801735 0.801735 0.801735 0.801735 0.801735
2.16961 2.37809 2.19788 2.19788 2.19788 2.19788 2.19788 2.19788 2.19788 2.19788 2.19788 2.19788 2.19788 2.19788 2.19788 2.19788 2.19788 2.19788 2.19788 2.19788 1.48818 0.620973 0.620973 0.620973 0.620973 0.620973 0.620973 0.620973 0.620973 0.620973 0.620973 0.620973 0.631004 0.660220 0.689867 0.719501 0.748940 0.760295 0.760295 0.00000 0.00000 0.00000 0.00000 0.00000 0.00000 0.00000 0.00000 0.00000 0.00000 1.80960 1.80960 1.80960 1.80960 0.00000 0.00000 0.00000 0.801735 0.801735 0.801735 0.801735 0.801735 0.801735 0.801735 0.801735 0.801735 0.801735
2.59838 2.56963 2.20333 2.19788 2.19788 2.19788 2.19788 2.19788 2.19788 2.19788 2.19788 2.19788 2.19788 2.19788 2.19788 2.19788 2.19788 2.19788 2.19788 2.19788 1.95001 0.620973 0.620973 0.620973 0.620973 0.620973 0.620973 0.625013 0.651261 0.680923 0.710585 0.740218 0.759835 0.760295 0.760295 0.760295 0.760295 0.760295 0.760295 0.760295 0.00000 0.00000 0.00000 0.00000 0.00000 1.80960 1.80960 1.80960 1.80960 1.80960 1.80960 1.80960 1.80960 1.80960 0.00000 0.00000 0.801735 0.801735 0.801735 0.801735 0.801735 0.801735 0.801735 0.801735 0.871142 1.06323
2.59838 2.59838 2.29295 2.19788 2.19788 2.19788 2.19788 2.19788 2.19788 2.19788 2.19788 2.19788 2.19788 2.19788 2.19788 2.19788 2.19788 2.19788 2.19788 2.19788 2.19756 0.835274 0.621697 0.642343 0.671992 0.701626 0.731299 0.756909 0.760295 0.760295 0.760295 0.760295 0.760295 0.760295 0.760295 0.760295 0.760295 0.760295 0.760295 0.760295 0.00000 0.00000 1.80960 1.80960 1.80960 1.80960 1.80960 1.80960 1.80960 1.80960 1.80960 1.80960 1.80960 1.80960 0.00000 0.00000 0.801735 0.801735 0.801735 0.869489 1.06128 1.25570 1.45089 1.64648 1.77149 1.77382
2.59838 2.59838 2.41141 2.19788 2.19788 2.19788 2.19788 2.19788 2.19788 2.19788 2.19788 2.19788 2.19788 2.19788 2.19788 2.19788 2.19788 2.19788 2.12984 1.92393 1.71421 1.05390 0.751281 0.760295 0.760295 0.760295 0.760295 0.760295 0.760295 0.760295 0.760295 0.760295 0.760295 0.760295 0.760295 0.760295 0.760295 0.760295 0.822483 1.11153 1.80960 1.80960 1.80960 1.80960 1.80960 1.80960 1.80960 1.80960 1.80960 1.80960 1.80960 1.80960 1.80960 1.80960 0.998300 0.998300 0.998300 1.34581 1.64453 1.77120 1.77382 1.77382 1.77382 1.77382 1.77382 1.77382
2.59838 2.59838 2.52978 2.19788 2.19788 2.19788 2.19788 2.19788 2.19788 2.19788 2.19788 2.19788 2.19788 2.18570 2.02099 1.81136 1.60164 1.39182 1.25033 1.24633 1.24633 1.11073 0.760295 0.760295 0.760295 0.760295 0.760295 0.760295 0.760295 0.760295 0.760295 0.760295 0.760295 0.760295 0.780869 0.962702 1.11433 1.21994 1.28138 1.30778 1.80086 1.80960 1.80960 1.80960 1.80960 1.80960 1.80960 1.80960 1.80960 1.78429 1.66384 1.56715 1.49508 1.43505 1.04911 0.998300 0.998300 1.35613 1.77382 1.77382 1.77382 1.77382 1.77382 1.77382 1.77382 1.77382
2.59838 2.59838 2.59802 2.24806 2.19788 2.19788 2.19788 2.19788 2.19788 2.11662 1.90851 1.69865 1.48897 1.29153 1.24633 1.24633 1.24633 1.24633 1.24633 1.24633 1.24633 1.23165 0.781486 0.760295 0.760295 0.760295 0.760295 0.760295 0.760295 0.760295 0.761343 0.903776 1.07500 1.19185 1.27119 1.28495 1.28495 1.28495 1.28495 1.28495 1.62413 1.80960 1.80960 1.80960 1.79698 1.68346 1.58150 1.50590 1.44772 1.40809 1.40395 1.40395 1.40395 1.40395 1.21624 0.998300 0.998300 1.13367 1.77382 1.77382 1.77382 1.77382 1.77382 1.77382 1.77382 1.77382
