High_resolution/powerplant/Shangrao/OMI_NO2_200607.asc
ncols      200
nrows      200
xllcorner       115.451
yllcorner       27.0350
cellsize     0.0166667
NODATA_Value      -999.000
[rows 112 to 139 of 165, columns 126 to 188 of 200]
0.900385 0.900385 0.900385 0.900385 0.900385 0.900385 0.900385 0.900385 0.899162 0.888563 0.878949 0.867324 0.929989 1.13421 1.10683 1.06342 1.02642 0.997013 0.990811 0.984547 0.977035 0.954976 0.914143 0.872428 0.839356 0.976360 0.964534 0.952272 1.00039 1.24467 1.23484 1.24193 1.22435 1.18233 1.16364 1.12618 1.08865 1.02833 1.01984 0.971687 0.932829 0.932829 0.932829 0.932829 0.966424 0.952708 0.918428 0.884161 0.731604 0.656994 0.656994 0.656994 0.656994 0.656994 0.656994 0.656994 0.656994 0.656994 0.662148 0.491665 0.290732 0.00000 0.00000
0.781598 0.769252 0.756884 0.744406 0.732038 0.719692 0.707236 0.694868 0.683797 0.691804 0.710341 0.728663 0.758586 0.908871 0.891995 0.869030 0.825236 0.769901 0.734396 0.698816 0.664629 0.644986 0.644061 0.644061 0.643492 0.848716 0.886281 0.878187 0.882647 1.12937 1.12844 1.10462 1.05855 0.990979 0.971158 0.971158 0.971158 0.956597 0.969803 0.974348 0.932829 0.915428 0.881123 0.846855 0.836564 0.852682 0.852682 0.852682 0.772365 0.656994 0.656994 0.656994 0.656994 0.656994 0.656994 0.656994 0.657744 0.659936 0.663833 0.576856 0.281218 0.290838 0.00000
0.726293 0.742974 0.759711 0.776336 0.793073 0.809754 0.826434 0.843171 0.865454 0.887316 0.876241 0.754882 0.721623 0.639493 0.596126 0.648505 0.670032 0.644061 0.644061 0.644061 0.643375 0.636657 0.628930 0.664361 0.724955 0.916748 1.06496 1.10990 1.14410 1.02267 0.960324 0.992184 0.992184 0.977412 0.971158 0.971158 0.971158 0.957722 0.927293 0.916023 0.831887 0.805536 0.805536 0.805536 0.815531 0.852682 0.852682 0.852682 0.812472 0.656994 0.656994 0.656994 0.658058 0.660315 0.662893 0.665864 0.667984 0.668019 0.668019 0.655006 0.343731 0.650605 1.01396
0.866594 0.867116 0.878125 0.893240 0.908366 0.923491 0.938598 0.953733 0.963117 0.963243 0.950368 0.657494 0.649975 0.614997 0.589016 0.623481 0.672298 0.652135 0.705640 0.762775 0.816080 0.870437 0.921480 0.941190 0.941190 1.00562 1.14711 1.14711 1.14711 1.07719 0.949600 0.992180 0.992184 0.981824 0.944522 0.915924 0.887357 0.866007 0.851058 0.873391 0.834145 0.803572 0.798143 0.792835 0.788204 0.823908 0.845774 0.852856 0.853825 0.665343 0.663338 0.666379 0.668019 0.668019 0.668019 0.707347 0.724720 0.735335 0.745192 0.753319 0.626219 0.910995 1.22285
0.944532 0.959135 0.963243 0.963243 0.963243 0.963243 0.963243 0.963243 0.963243 0.963243 0.963243 0.724765 0.649975 0.628883 0.755469 0.886892 0.921605 0.944589 0.941190 0.941190 0.941190 0.941190 0.941190 0.941190 0.941190 0.955069 1.14516 1.14711 1.14439 1.11771 0.929163 0.960632 0.958459 0.943435 0.835990 0.829076 0.824571 0.820171 0.804087 0.818908 0.792420 0.745279 0.745234 0.745509 0.749443 0.783684 0.853003 0.904176 0.909872 0.727773 0.668019 0.668019 0.668019 0.668019 0.676991 0.765339 0.813451 0.840120 0.873168 0.950457 0.981024 1.12293 1.32490
0.963243 0.963243 0.963243 0.963243 0.963243 0.963243 0.963243 0.963243 0.963243 0.963243 0.963243 0.804939 0.649975 0.642782 0.814742 1.00688 0.973839 0.953583 0.941190 0.941190 0.941190 0.941190 0.941190 0.941190 0.941190 0.941190 1.10657 1.14711 1.08605 1.02988 0.893779 0.887075 0.900774 0.900774 0.829144 0.804887 0.804887 0.804887 0.795019 0.801184 0.796796 0.755786 0.761784 0.767975 0.769497 0.788954 0.849070 0.909872 0.913726 0.818820 0.740481 0.776038 0.811596 0.847153 0.874968 0.938769 1.01461 1.08394 1.14674 1.16534 1.15366 1.13303 1.33177
0.963243 0.963243 0.963243 0.963243 0.963243 0.963243 0.963243 0.963243 0.963243 0.963243 0.963243 0.885083 0.649975 0.649975 0.698787 1.00688 0.986062 0.958493 0.941190 0.941190 0.941190 0.941190 0.941190 0.941190 0.941190 0.941190 1.05406 1.14711 1.11362 1.02988 0.939286 0.876487 0.892007 0.884785 0.844355 0.795300 0.798935 0.800530 0.796719 0.808729 0.809164 0.787162 0.778749 0.783672 0.792688 0.812907 0.924962 1.07694 1.10523 1.10604 1.11279 1.15756 1.24937 1.34156 1.43280 1.45009 1.36276 1.36276 1.36276 1.36276 1.36057 1.28434 1.34126
0.963243 0.963243 0.963243 0.963243 0.963243 0.963243 0.963243 0.963243 0.963243 0.963243 0.963243 0.954189 0.661033 0.649975 0.615155 0.987959 1.01172 0.977413 1.00463 1.02012 1.03409 1.04798 1.06192 1.07589 1.09287 1.13365 1.21711 1.29940 1.29280 1.15974 1.11292 0.995279 1.01073 1.02588 1.01620 0.878878 0.866581 0.862980 0.875602 0.865997 0.855144 0.863387 0.875371 0.879809 0.879809 0.879845 0.987541 1.18712 1.27314 1.35198 1.43085 1.47852 1.47902 1.47902 1.47902 1.47870 1.37121 1.36276 1.36276 1.36276 1.36276 1.29925 1.33011
0.990210 0.997756 1.00521 1.01270 1.02018 1.02772 1.03518 1.04267 1.05016 1.05768 1.06513 1.07263 0.849049 0.768996 0.736610 0.982244 1.08632 1.03166 1.18261 1.24322 1.27375 1.30420 1.33466 1.36515 1.39251 1.39615 1.39149 1.31753 1.34182 1.23121 1.21536 1.04603 1.03235 1.04786 1.06441 0.943652 0.923885 0.931561 0.931599 0.918624 0.884679 0.883167 0.879809 0.882684 0.927855 0.987028 1.12028 1.38840 1.47902 1.47902 1.47902 1.47902 1.47902 1.47902 1.47902 1.47902 1.39542 1.36276 1.36276 1.36276 1.36276 1.32214 1.31314
1.09402 1.09402 1.08795 1.07071 1.05339 1.03597 1.01863 1.00124 0.983878 0.966500 0.949142 0.930229 0.784555 0.710240 0.777069 1.02888 1.26125 1.24542 1.32855 1.39615 1.39615 1.39615 1.39615 1.40318 1.43357 1.46900 1.49033 1.40545 1.34968 1.20484 1.11163 1.10640 1.10881 1.10711 1.10711 1.01782 0.931599 0.931599 0.931599 0.928337 0.909689 0.957979 1.02911 1.08536 1.09930 1.09930 1.14135 1.33366 1.47902 1.47902 1.47902 1.47902 1.47902 1.47902 1.47902 1.47902 1.42311 1.36276 1.36276 1.36276 1.36276 1.34559 1.29566
0.930861 0.913426 0.902192 0.902000 0.902000 0.896508 0.883783 0.869514 0.853455 0.835223 0.814314 0.794123 0.846176 0.971126 0.971979 1.06020 1.32636 1.29818 1.29113 1.40409 1.43111 1.43845 1.44252 1.43769 1.40416 1.36862 1.35233 1.29549 1.24582 1.18136 1.08540 1.09813 1.11020 1.10711 1.10711 1.07794 0.944535 0.990140 1.03743 1.08470 1.06700 1.06027 1.09254 1.09930 1.09930 1.09943 1.11810 1.30210 1.47902 1.47902 1.47902 1.47902 1.47902 1.47902 1.47902 1.47710 1.43435 1.37636 1.38350 1.39064 1.39778 1.40429 1.33508
0.878105 0.863159 0.846246 0.826963 0.804821 0.791575 0.791575 0.791575 0.791575 0.791575 0.791575 0.791575 0.796539 0.965164 0.971126 1.01463 1.24704 1.23767 1.22463 1.38625 1.35666 1.35233 1.35233 1.35233 1.35233 1.35233 1.35233 1.32242 1.24582 1.22162 1.08540 1.09075 1.11146 1.11364 1.12704 1.14101 1.14549 1.15713 1.16925 1.18179 1.16047 1.15419 1.21066 1.26739 1.28807 1.30954 1.31782 1.44925 1.47638 1.45124 1.42330 1.39770 1.37410 1.35229 1.33211 1.31447 1.31095 1.40257 1.39242 1.37044 1.34844 1.30837 1.14263
0.791575 0.791575 0.791575 0.791575 0.791575 0.791575 0.791575 0.791575 0.791575 0.793702 0.831815 0.876237 0.914050 1.02660 1.06618 1.09190 1.12177 1.13232 1.13598 1.34382 1.35233 1.35233 1.35233 1.35233 1.35233 1.35233 1.35233 1.34736 1.24787 1.24575 1.20932 1.22336 1.27227 1.32808 1.32824 1.32824 1.29622 1.27306 1.27306 1.27306 1.24745 1.21437 1.23857 1.27422 1.25484 1.23700 1.22050 1.27422 1.31379 1.31069 1.31069 1.30909 1.29124 1.26927 1.24729 1.22528 1.20329 1.24687 1.22335 1.15716 1.09094 1.04284 0.990260
0.791575 0.791575 0.791575 0.791575 0.801717 0.847485 0.889499 0.925434 0.956506 0.982674 0.989238 0.989238 0.989238 1.03432 1.07449 1.08444 1.11505 1.13232 1.13232 1.30070 1.35233 1.35233 1.35233 1.35233 1.35233 1.35233 1.35233 1.35233 1.26986 1.24582 1.24582 1.24582 1.26854 1.31930 1.32822 1.32788 1.31395 1.27210 1.27175 1.27140 1.25575 1.19810 1.18677 1.15784 1.14873 1.14012 1.15064 1.18466 1.17364 1.14259 1.11156 1.08220 1.06904 1.05895 1.00608 0.930814 0.855565 0.830529 0.873248 0.864239 0.855270 0.846156 0.819820
0.791575 0.896166 0.936281 0.965949 0.987358 0.989238 0.989238 0.989238 0.989238 0.989238 0.989238 0.989238 0.989238 1.01062 1.07449 1.07706 1.10870 1.13184 1.13232 1.25394 1.35129 1.34835 1.34539 1.34242 1.33946 1.33649 1.33352 1.33057 1.27143 1.21811 1.21854 1.21948 1.23388 1.26626 1.26849 1.26440 1.26033 1.22270 1.21629 1.21332 1.21407 1.04762 1.07404 1.08528 1.11219 1.14201 1.15266 1.14513 0.979056 0.974604 0.947812 0.881939 0.815771 0.750637 0.728351 0.728351 0.728351 0.745489 0.832973 0.832973 0.832973 0.832973 0.832961
0.791575 0.950458 0.989598 0.994231 1.00012 1.00604 1.01192 1.01780 1.02370 1.02961 1.03550 1.04138 1.04728 1.05415 1.12346 1.13127 1.16373 1.19240 1.20620 1.24451 1.30562 1.30966 1.31332 1.31726 1.32152 1.32617 1.33127 1.33685 1.30592 1.23435 1.23486 1.23486 1.23913 1.26157 1.25044 1.28465 1.32490 1.32408 1.33096 1.36113 1.38154 1.21452 1.17491 1.16151 1.15266 1.15266 1.13996 1.07854 0.878412 0.768072 0.728671 0.728351 0.728351 0.728351 0.728351 0.728351 0.728351 0.728686 0.823745 0.832973 0.832973 0.832973 0.832973
0.926634 1.01924 1.09073 1.09198 1.09198 1.09198 1.09236 1.09481 1.09771 1.10082 1.10414 1.10768 1.11151 1.11561 1.16857 1.18395 1.21007 1.23661 1.24807 1.25736 1.34754 1.34821 1.34825 1.34825 1.34825 1.34825 1.34825 1.34825 1.34240 1.21429 1.16467 1.11707 1.06947 1.34667 1.46760 1.47363 1.47363 1.44483 1.38210 1.38210 1.38210 1.25772 1.17109 1.11148 1.03087 0.964675 0.911188 0.906411 0.819571 0.728351 0.728351 0.728351 0.728351 0.728351 0.728351 0.728351 0.728351 0.728351 0.797966 0.832973 0.832973 0.832973 0.832973
0.928183 0.975523 1.11578 1.12023 1.12506 1.13028 1.13515 1.13579 1.13597 1.13661 1.13719 1.13770 1.13815 1.13855 1.13822 1.13579 1.16908 1.21063 1.23639 1.23651 1.33865 1.34825 1.34825 1.34178 1.28788 1.22431 1.16084 1.09740 1.03394 0.979071 0.974031 0.974031 0.974031 1.24779 1.47125 1.47363 1.47363 1.47171 1.38709 1.34501 1.27882 1.13147 0.943059 0.926402 0.906438 0.906411 0.906411 0.906411 0.866775 0.728351 0.728351 0.728351 0.728351 0.728351 0.728351 0.728351 0.728351 0.728351 0.772031 0.829705 0.821866 0.814004 0.806137
0.887017 0.889327 1.12469 1.13686 1.13741 1.13789 1.13832 1.13870 1.13897 1.13898 1.13898 1.13898 1.13898 1.13898 1.13858 1.13579 1.15126 1.20377 1.20762 1.14565 1.16078 1.13051 1.06701 1.01004 1.00048 1.00048 1.00048 1.00048 1.00048 0.985172 0.974031 0.974031 0.974031 1.12324 1.46257 1.47363 1.47363 1.47363 1.25695 1.13584 1.13584 1.09791 0.928653 0.928653 0.909747 0.906411 0.906411 0.906411 0.903669 0.738589 0.728351 0.728351 0.739478 0.762579 0.785681 0.808750 0.831835 0.854953 0.860526 0.775152 0.772451 0.746351 0.714771
0.899348 1.01205 1.10522 1.13898 1.13898 1.13898 1.13898 1.13898 1.13898 1.13898 1.13898 1.13898 1.14089 1.18402 1.24413 1.37343 1.47242 1.49149 1.09140 0.888617 0.943495 1.00048 1.00048 1.00048 1.00048 1.00048 1.00048 1.00048 1.00048 0.992222 0.974031 0.974031 0.974031 1.00431 1.44811 1.47363 1.47363 1.47363 1.34465 1.13584 1.13584 1.13276 0.937003 0.928653 0.915308 0.918825 0.941910 0.964979 0.988081 0.887804 0.856223 0.879292 0.891266 0.891266 0.890289 0.867579 0.836002 0.804406 0.772379 0.634883 0.625615 0.716902 0.816272
0.810862 1.01619 1.07290 1.13898 1.13898 1.13898 1.13898 1.14903 1.20357 1.26351 1.32341 1.38321 1.44127 1.45795 1.45795 1.54670 1.61424 1.54201 1.26227 0.888617 0.919725 1.00048 1.00048 1.00048 1.00048 1.00048 1.00048 1.00048 1.00048 0.999364 0.974654 0.974031 0.974031 0.974031 1.33977 1.47363 1.47363 1.47363 1.46111 1.16028 1.16101 1.17281 1.03976 0.991307 1.01843 1.06933 1.06933 1.06933 1.06936 0.970879 0.841512 0.810057 0.778620 0.747164 0.716719 0.707983 0.720125 0.806802 0.906309 0.927975 0.959781 0.962534 0.962648
0.716670 1.01619 1.05174 1.22213 1.28306 1.34293 1.40277 1.45269 1.45795 1.45795 1.45795 1.45795 1.45795 1.45795 1.45795 1.50704 1.61424 1.56071 1.43301 0.888617 0.896391 1.00004 1.00048 1.00048 1.00048 1.00048 1.00088 1.00532 1.01081 1.01628 0.996424 0.997179 1.01145 1.02601 1.28086 1.58134 1.60109 1.60156 1.58529 1.33474 1.25509 1.25743 1.14091 1.01295 0.952529 0.967073 0.919786 0.872260 0.824756 0.788564 0.709861 0.709861 0.712155 0.780872 0.880262 0.979669 1.06701 1.07982 1.07982 1.03088 0.963672 0.963672 0.963672
0.897546 1.16211 1.20554 1.41199 1.45795 1.45795 1.45795 1.45795 1.45760 1.45554 1.45324 1.45093 1.44863 1.44633 1.44402 1.45742 1.58645 1.55546 1.49915 0.944610 0.860881 1.04512 1.08621 1.09234 1.09789 1.09762 1.09568 1.09037 1.08465 1.07939 1.09959 1.13117 1.13199 1.13546 1.24562 1.58437 1.57008 1.55822 1.52102 1.35705 1.16514 1.12705 1.00969 0.810863 0.734887 0.793183 0.803876 0.803876 0.803876 0.847380 0.862450 0.952107 1.04918 1.07982 1.07982 1.07982 1.07982 1.07982 1.07982 1.05978 0.963672 0.963672 0.963672
1.04505 1.10273 1.17898 1.31440 1.42660 1.42430 1.42200 1.41970 1.41773 1.41750 1.41750 1.41750 1.41750 1.41750 1.41750 1.41759 1.53299 1.54915 1.47492 1.09509 0.864726 1.01033 1.08413 1.07850 1.07368 1.07275 1.07275 1.07275 1.07288 1.07834 1.09892 1.14399 1.18397 1.27252 1.37000 1.40824 1.34783 1.30296 1.29260 1.27036 1.06117 1.05858 1.02711 0.828665 0.741490 0.797456 0.919154 1.01856 1.11797 1.17365 1.11430 1.07982 1.07982 1.07982 1.07982 1.07982 1.07982 1.07982 1.07982 1.07929 0.973196 0.963672 0.963672
1.12157 1.05490 1.16528 1.23444 1.41750 1.41750 1.41750 1.41750 1.41750 1.41750 1.41750 1.41770 1.41951 1.42167 1.42382 1.42598 1.40156 1.36050 1.35227 1.19465 0.877514 0.961018 1.07275 1.07275 1.07294 1.07867 1.09392 1.17748 1.26918 1.35639 1.44576 1.57883 1.63315 1.63358 1.63358 1.40262 1.29260 1.29260 1.29260 1.29260 1.10772 1.06441 1.12819 0.997065 1.03599 1.12265 1.17383 1.17383 1.17383 1.17383 1.13920 1.07982 1.07982 1.07982 1.07982 1.07982 1.07982 1.07982 1.07982 1.07982 1.00142 0.963672 0.963636
1.12157 1.03724 1.16472 1.17416 1.40920 1.41825 1.42037 1.42253 1.42468 1.42684 1.42899 1.43094 1.43129 1.43129 1.43129 1.43129 1.39994 1.34961 1.35164 1.31822 0.882029 0.963148 1.22516 1.31863 1.40294 1.48821 1.56949 1.58564 1.58564 1.58564 1.58564 1.62082 1.63358 1.63358 1.63358 1.49116 1.29260 1.29260 1.29260 1.29260 1.27961 1.33945 1.35454 1.19054 1.11944 1.11115 1.17364 1.17383 1.17383 1.17383 1.16396 1.07997 1.07982 1.07982 1.07982 1.07686 1.06072 1.04302 1.02531 1.00757 0.976864 0.961143 0.960776
1.12690 1.06083 1.14035 1.17548 1.36188 1.43126 1.43129 1.43129 1.43129 1.43129 1.43129 1.43129 1.43129 1.43129 1.43129 1.42998 1.38331 1.26065 1.22504 1.20877 1.36235 1.48848 1.63072 1.58564 1.58564 1.58564 1.58564 1.58564 1.58564 1.58564 1.58564 1.60869 1.63358 1.63358 1.63358 1.57435 1.29367 1.29260 1.29260 1.29260 1.30208 1.35446 1.35454 1.23840 1.12488 1.10510 1.16256 1.17383 1.16999 1.15332 1.13561 1.03905 1.00617 0.988445 0.970736 0.955973 0.954393 0.955864 0.989042 1.03708 1.07471 1.11501 1.15747
1.14186 1.10648 1.09637 1.17907 1.29474 1.43129 1.43129 1.43129 1.43129 1.43129 1.42413 1.37836 1.32685 1.27531 1.22377 1.17354 1.15817 1.08675 1.08759 1.14793 1.32421 1.48374 1.62585 1.58579 1.58564 1.58564 1.58564 1.58564 1.58564 1.58564 1.58564 1.59657 1.63358 1.63358 1.63358 1.63215 1.33119 1.29260 1.29260 1.29260 1.29260 1.34616 1.36320 1.30272 1.14304 1.14422 1.11399 1.06332 1.05110 1.05602 1.06192 1.01764 1.00344 1.04363 1.08968 1.14019 1.18569 1.22955 1.25079 1.25228 1.23530 1.21201 1.18738
