High_resolution/powerplant/Shangrao/OMI_NO2_200602.asc
ncols      200
nrows      200
xllcorner       115.451
yllcorner       27.0350
cellsize     0.0166667
NODATA_Value      -999.000
[rows 0 to 29 of 200, columns 0 to 65 of 200]
4.15068 4.15068 4.15068 4.15068 4.15068 4.15068 4.15068 4.15068 4.15068 4.15068 4.15068 4.15068 4.15068 4.15068 4.15068 4.15068 4.15068 0.00000 0.00000 0.00000 0.00000 0.00000 0.00000 0.00000 0.00000 0.00000 0.00000 0.00000 4.49810 4.49810 4.49810 4.53677 4.67847 4.79631 4.89088 4.96816 5.03266 5.08731 5.12055 5.12161 5.12161 5.12161 5.12161 5.12161 5.28951 5.45576 5.72893 5.75004 5.75004 5.75004 5.75004 5.75004 5.75004 5.75004 5.75004 5.75004 5.75004 5.75004 5.75004 5.75004 5.87958 6.33898 0.00000 0.00000 0.00000 0.00000
4.15068 4.15068 4.15068 4.15068 4.15068 4.15068 4.15068 4.15068 4.15068 4.15068 4.15068 4.15068 4.15068 4.15068 4.15068 4.15068 4.15068 0.00000 0.00000 0.00000 0.00000 0.00000 0.00000 0.00000 2.93013 2.93013 2.93013 2.93013 3.19470 3.84027 3.76665 4.76788 5.12161 5.12161 5.12161 5.12161 5.12161 5.12161 5.12161 5.12161 5.12161 5.12161 5.12161 5.12161 5.20831 5.45312 5.65425 5.75004 5.75004 5.75004 5.75004 5.75004 5.75004 5.75004 5.75004 5.75004 5.75004 5.75004 5.75004 5.75004 5.78717 6.33897 0.00000 0.00000 0.00000 0.00000
0.00000 4.15068 4.15068 4.15068 4.15068 4.15068 4.15068 4.15068 4.15068 4.15068 4.15068 4.15068 4.15068 4.15068 4.15068 4.15068 4.15068 0.00000 2.93013 2.93013 2.93013 2.93013 2.93013 2.93013 2.93013 2.93013 2.93013 2.93013 2.93013 3.65885 3.71412 4.39416 5.12161 5.12161 5.12161 5.12161 5.12161 5.12161 5.12161 5.12161 5.12161 5.12161 5.12161 5.12161 5.13474 5.44557 5.57682 5.75004 5.75004 5.75004 5.75004 5.75004 5.75004 5.75004 5.75004 5.75004 5.75004 5.75004 5.75004 5.75004 5.75004 6.15637 0.00000 0.00000 0.00000 0.00000
0.00000 4.15068 4.15068 4.15068 4.15068 4.15068 4.15068 4.15068 4.15068 4.15068 4.15068 4.15281 4.18464 4.22608 4.26744 4.30888 4.01687 2.93013 2.93013 2.93013 2.93013 2.93013 2.93013 2.93013 2.93013 2.93013 2.93013 2.93013 2.93013 3.53058 3.71412 4.02367 5.12161 5.12161 5.12161 5.12161 5.12161 5.12161 5.12161 5.12161 5.12161 5.12161 5.12161 5.12161 5.12161 5.37749 5.49932 5.75004 5.75004 5.75004 5.75004 5.75004 5.75004 5.75004 5.75004 5.75004 5.75004 5.75004 5.75004 5.75004 5.74016 5.77229 2.52511 3.19623 3.57252 3.75205
0.00000 4.15068 4.15068 4.15068 4.15068 4.16229 4.20242 4.24381 4.28519 4.32661 4.36799 4.40730 4.41683 4.41683 4.41683 4.41683 4.33967 2.95764 2.93013 2.93013 2.93013 2.93013 2.93013 2.93013 2.93013 2.93013 2.93013 2.93013 2.93013 3.35618 3.71412 3.73499 5.04012 5.12161 5.12161 5.12161 5.12161 5.12161 5.12161 5.12161 5.12161 5.12161 5.12161 5.12161 5.12161 5.29632 5.45347 5.71851 5.75004 5.75004 5.75004 5.72946 5.66714 5.60346 5.53996 5.48435 5.48832 5.50401 5.51987 5.53561 5.56141 5.30296 4.15303 4.01120 4.01120 4.01120
0.00000 4.15068 4.29543 4.34433 4.38577 4.41553 4.41683 4.41683 4.41683 4.41683 4.41683 4.41683 4.41683 4.41683 4.41683 4.41683 4.41683 3.27412 2.93013 2.93013 2.93013 2.93013 2.93013 2.93013 2.93013 2.93013 2.93013 2.93013 2.93013 3.10497 3.71412 3.71412 4.69052 5.12161 5.12161 5.12161 5.12161 5.12161 5.12161 5.12161 5.12161 5.12161 5.10635 5.06635 5.02610 5.05847 5.16377 5.28852 5.34541 5.35304 5.36885 5.40525 5.48348 5.56296 5.64233 5.71380 5.72575 5.72575 5.72575 5.72575 5.72575 5.59711 4.39956 4.01120 4.01120 4.01120
0.00000 0.00000 4.41683 4.41683 4.41683 4.41683 4.41683 4.41683 4.41683 4.41683 4.41683 4.41683 4.41683 4.41683 4.41683 4.41683 4.41683 3.66798 2.93013 2.93013 2.93013 2.93013 2.93013 2.93013 2.93013 2.93013 2.93013 2.93013 2.93013 2.93013 3.66319 3.71412 4.32011 5.11242 5.07416 5.03395 4.99359 4.95327 4.91306 4.87263 4.83235 4.79659 4.81358 4.86375 4.91434 4.97003 5.11251 5.34617 5.71764 5.72575 5.72575 5.72575 5.72575 5.72575 5.72575 5.72575 5.72575 5.72575 5.72575 5.72575 5.72575 5.72398 4.70021 4.01120 4.01120 4.01120
0.00000 0.00000 4.41683 4.41683 4.41683 4.41683 4.41683 4.41683 4.41683 4.41683 4.41683 4.41683 4.41683 4.41683 4.41683 4.41683 4.41683 4.06181 2.93013 2.93013 2.93013 2.93013 2.93013 2.93013 2.92807 2.85833 2.77191 2.70112 2.64202 2.59198 3.16537 3.43266 3.62785 4.76878 4.76841 4.80510 4.85569 4.90622 4.95677 5.00736 5.05789 5.10402 5.11249 5.11249 5.11249 5.11249 5.19076 5.26964 5.72544 5.72575 5.72575 5.72575 5.72575 5.72575 5.72575 5.72575 5.72575 5.72575 5.72575 5.72575 5.72575 5.72575 5.11191 4.02486 4.01120 4.01120
0.00000 0.00000 4.41683 4.41683 4.41683 4.41683 4.41683 4.41683 4.41683 4.41683 4.41683 4.41683 4.41683 4.41683 4.41683 4.41683 4.37297 4.11665 2.80108 2.67837 2.62284 2.57559 2.53493 2.49951 2.46895 2.45957 2.45957 2.45957 2.54471 2.74016 3.28165 4.03144 4.23077 5.00352 5.09862 5.11249 5.11249 5.11249 5.11249 5.11249 5.11249 5.11249 5.11249 5.11249 5.11249 5.11249 5.16673 5.21095 5.65006 5.72575 5.72575 5.72575 5.72575 5.72575 5.72575 5.72575 5.72575 5.72575 5.72575 5.72575 5.72575 5.72575 5.36243 4.20181 4.01120 4.01120
0.00000 0.00000 0.00000 4.41683 4.41683 4.41683 4.41683 4.41683 4.41683 4.41683 4.41683 4.41683 4.41683 4.41683 4.41683 3.47173 3.21012 3.20291 2.67588 2.45957 2.45957 2.48899 2.66499 2.86082 3.05691 3.25261 3.44844 3.64440 3.75521 3.75559 3.88020 4.65522 4.65522 4.94901 5.11249 5.11249 5.11249 5.11249 5.11249 5.11249 5.11249 5.11249 5.11249 5.11249 5.11249 5.11249 5.14276 5.21095 5.51602 5.72575 5.72575 5.72575 5.72575 5.72575 5.72575 5.72575 5.72575 5.72575 5.72575 5.72575 5.72575 5.72575 5.56570 4.42580 4.01120 4.01120
0.00000 0.00000 0.00000 4.41683 4.41683 4.41683 4.41683 4.41683 4.41683 4.41683 4.41683 4.41683 4.41683 4.41683 4.41708 3.71030 3.35662 3.45520 3.37677 3.37340 3.56936 3.73564 3.75559 3.75559 3.75559 3.75559 3.75559 3.75559 3.75559 3.75559 3.75595 4.55764 4.65522 4.82906 5.11249 5.11249 5.11249 5.11249 5.11249 5.11249 5.11249 5.11249 5.11249 5.11249 5.11249 5.11249 5.11952 5.21030 5.38192 5.72575 5.72575 5.72575 5.72575 5.72575 5.72575 5.72575 5.72575 5.72575 5.72575 5.72575 5.72575 5.72575 5.71723 4.70153 4.01408 4.02781
0.00000 0.00000 0.00000 4.41683 4.41683 4.41683 4.41683 4.41683 4.43914 4.60953 4.80680 5.00457 5.20184 5.39936 5.59663 5.00583 3.83680 3.83680 3.82218 3.75559 3.75559 3.75559 3.75559 3.75559 3.75559 3.75559 3.75559 3.75559 3.75559 3.75559 3.75559 4.33675 4.65522 4.70939 5.11235 5.11249 5.11249 5.11249 5.11249 5.11249 5.11249 5.11249 5.11249 5.11249 5.11249 5.11249 5.11249 5.19335 5.25126 5.72236 5.72575 5.72575 5.72575 5.72575 5.72575 5.74999 5.80623 5.86261 5.91909 6.06982 6.30661 6.54403 6.78103 6.15429 6.09905 6.45287
0.00000 0.00000 0.00000 4.41683 4.87384 5.08736 5.28488 5.48240 5.65748 5.68461 5.68461 5.68461 5.68461 5.68461 5.68461 5.61215 3.87876 3.83680 3.83650 3.76262 3.75559 3.75559 3.75559 3.75559 3.75559 3.75559 3.75559 3.75559 3.75559 3.75559 3.75559 4.11510 4.65522 4.65522 5.04662 5.11249 5.11249 5.11249 5.11249 5.11249 5.11249 5.11249 5.11249 5.11249 5.11249 5.11322 5.23384 5.36725 5.36124 5.83537 5.98886 6.04614 6.21180 6.44891 6.68607 6.89871 7.07941 7.26020 7.44087 7.52730 7.52730 7.52730 7.52730 6.95654 6.58281 6.67367
0.00000 0.00000 0.00000 0.00000 5.68461 5.68461 5.68461 5.68461 5.68461 5.68461 5.68461 5.68461 5.68461 5.68461 5.68461 5.68461 4.12828 3.83680 3.83680 3.78431 3.75559 3.75559 3.75559 3.75559 3.75559 3.75559 3.75559 3.75559 3.75559 3.75559 3.75559 3.89369 4.65522 4.65522 4.92673 5.11249 5.11249 5.19266 5.39894 5.60723 5.81553 6.02327 6.23175 6.43986 6.64790 6.90028 7.06901 6.74515 6.02063 6.64025 7.27608 7.45573 7.52730 7.52730 7.52730 7.52730 7.52730 7.52730 7.52730 7.52730 7.52730 7.52730 7.52730 7.25035 6.48794 6.67367
0.00000 0.00000 0.00000 0.00000 5.68461 5.68461 5.68461 5.68461 5.68461 5.68461 5.68461 5.68461 5.68461 5.68461 5.68461 5.68461 4.49026 3.83680 3.83680 3.80576 3.75559 3.75559 3.75559 3.75559 3.75559 3.75559 3.75559 3.75559 3.77019 3.87901 4.00484 4.13219 5.38361 5.73146 6.09157 6.60496 6.81325 6.94137 6.97724 7.05824 7.13936 7.22065 7.30171 7.38295 7.46401 7.50036 7.50036 7.38800 6.29188 6.65032 7.52730 7.52730 7.52730 7.52730 7.52730 7.52730 7.52730 7.52730 7.52730 7.52730 7.52730 7.52730 7.52730 7.49850 6.43917 6.67367
0.00000 0.00000 0.00000 0.00000 5.68461 5.68461 5.68461 5.68461 5.68461 5.68461 5.68461 5.68461 5.68461 5.68461 5.68461 5.68461 4.99454 3.83680 3.83680 3.82759 3.79956 3.92344 4.04927 4.17500 4.30073 4.42646 4.55229 4.67802 4.78904 4.80595 4.80595 4.86017 6.21269 7.04496 7.32593 7.29610 7.37213 7.45336 7.50014 7.50036 7.50036 7.50036 7.50036 7.50036 7.50036 7.50036 7.50036 7.50036 6.47415 6.35227 7.50465 7.52730 7.52730 7.52730 7.52730 7.52730 7.52730 7.52730 7.52730 7.52730 7.52730 7.52730 7.52730 7.52730 6.62531 6.65746
0.00000 0.00000 0.00000 0.00000 5.68461 5.68461 5.68461 5.68461 5.68461 5.68461 5.68461 5.68461 5.54136 5.27128 5.05343 4.87413 4.68520 4.52924 4.67793 4.80366 4.81672 4.80595 4.80595 4.80595 4.81404 5.00097 5.26156 5.52233 5.78309 6.04386 6.30428 6.51082 7.21920 8.20679 8.20679 7.63734 7.50036 7.50036 7.50036 7.50036 7.50036 7.50036 7.50036 7.50036 7.50036 7.50036 7.50036 7.50036 6.76884 6.28958 7.24659 7.52730 7.52730 7.52730 7.52730 7.52730 7.52730 7.52730 7.52730 7.52730 7.52730 7.52730 7.52730 7.52730 6.91091 6.57149
0.00000 0.00000 0.00000 0.00000 3.00149 5.13176 5.05957 4.87937 4.72741 4.59859 4.48774 4.39084 4.34312 4.34305 4.34305 4.34305 4.34305 4.74158 4.86375 4.78962 5.09716 5.67930 5.94007 6.20100 6.45368 6.52718 6.52718 6.52718 6.52718 6.52718 6.52718 6.52718 6.80350 8.20679 8.20679 7.82358 7.50036 7.50036 7.50036 7.50036 7.50036 7.50036 7.50036 7.50036 7.50036 7.50036 7.50036 7.50036 7.06375 6.28958 6.92518 7.52730 7.52730 7.52730 7.52730 7.52730 7.52730 7.52730 7.52730 7.52730 7.52730 7.52730 7.52730 7.52730 7.20437 6.47661
0.00000 0.00000 3.00149 3.00149 3.00149 3.79162 4.34305 4.34305 4.34305 4.34305 4.34305 4.34149 4.28985 4.21396 4.13808 4.06230 3.98636 4.17306 4.40212 4.40042 5.07270 6.52718 6.52718 6.52718 6.52718 6.52718 6.52718 6.52718 6.52718 6.52718 6.52718 6.52718 6.53255 8.06201 8.20679 8.00974 7.50036 7.50036 7.50036 7.50036 7.50036 7.50036 7.50036 7.50036 7.50036 7.50036 7.50036 7.50036 7.35821 6.28958 6.60421 7.52730 7.52730 7.52730 7.52730 7.52730 7.52730 7.52730 7.52728 7.51482 7.49233 7.46982 7.44928 7.43629 7.37016 6.13520
0.00000 0.00000 3.00149 3.00149 3.00149 3.34877 4.25826 4.18242 4.10659 4.03066 3.95482 3.88045 3.85630 3.85630 3.85630 3.85630 3.85630 3.98310 4.40042 4.40042 4.53693 6.50187 6.52718 6.52718 6.52718 6.52718 6.52718 6.52718 6.52718 6.52718 6.52718 6.52718 6.52718 7.65150 8.20679 8.17776 7.51844 7.50036 7.50036 7.50036 7.50036 7.50036 7.50036 7.50036 7.50036 7.50036 7.50036 7.50036 7.50036 6.44139 6.30908 7.44411 7.46482 7.44232 7.41981 7.40022 7.38747 7.37525 7.36301 7.36321 7.37346 7.38369 7.39198 7.39273 7.39273 6.31428
0.00000 0.00000 3.00149 3.00149 3.00149 3.00217 3.80252 3.85630 3.85630 3.85630 3.85630 3.85630 3.85630 3.85630 3.85630 3.85630 3.85630 3.86947 4.37909 4.40042 4.40042 6.07835 6.52718 6.52718 6.52718 6.52718 6.52718 6.52718 6.52718 6.52718 6.52718 6.52718 6.52718 7.23564 8.20679 8.20679 7.67569 7.50036 7.50036 7.50036 7.50067 7.56978 7.68975 7.80984 7.92961 8.04990 8.16978 8.28975 8.45313 7.17886 6.44065 7.17327 7.36442 7.37466 7.38503 7.39237 7.39273 7.39273 7.39273 7.39273 7.39273 7.39273 7.39273 7.39273 7.39273 6.64826
0.00000 0.00000 3.00149 3.00149 3.00149 3.00149 3.65213 3.85630 3.85630 3.85630 3.85630 3.85630 3.85630 3.85630 3.85630 3.85630 3.85630 3.85630 4.25623 4.40042 4.40042 5.51807 6.52718 6.52718 6.52718 6.52718 6.52718 6.52718 6.52718 6.52718 6.52718 6.52718 6.51874 6.80399 8.48941 8.60970 8.38449 8.14313 8.26310 8.38308 8.50285 8.58142 8.72831 8.88861 9.04880 9.20921 9.36940 9.52981 9.64693 8.69551 7.18084 7.28142 7.39273 7.39273 7.39273 7.39273 7.39273 7.39273 7.39273 7.39273 7.39273 7.39273 7.39273 7.39273 7.39273 6.97780
0.00000 0.00000 0.00000 3.00149 3.00149 3.00149 3.44162 3.85630 3.85630 3.85630 3.85630 3.85630 3.85630 3.85630 3.85630 3.85630 3.85630 3.85630 4.12113 4.40042 4.40042 4.95720 6.52718 6.52699 6.50955 6.48102 6.45251 6.42395 6.39544 6.36688 6.33839 6.30981 6.28976 6.30517 9.01344 9.00051 8.68709 9.02529 9.18570 9.34589 9.50629 9.63891 9.65242 9.65242 9.65242 9.65242 9.65242 9.65242 9.65242 9.29776 7.18084 7.22682 7.39273 7.39273 7.39273 7.39273 7.39273 7.39273 7.39273 7.39273 7.39273 7.39273 7.39273 7.39273 7.39273 7.29761
0.00000 0.00000 0.00000 3.00149 3.00149 3.00149 3.13484 3.85390 3.85630 3.85630 3.85630 3.85630 3.85630 3.85630 3.85630 3.85244 3.79740 3.72635 3.80632 4.28728 4.25872 4.29867 6.25653 6.30009 6.28899 6.28899 6.28899 6.28899 6.14960 5.84747 5.54534 5.24321 4.94168 4.63955 6.38886 7.26591 7.30612 9.52570 9.65242 9.65242 9.65242 9.65242 9.65242 9.65242 9.65242 9.65242 9.65242 9.65242 9.65242 9.64995 7.43022 7.18387 7.38081 7.39273 7.39273 7.39273 7.39273 7.39273 7.39273 7.39273 7.39273 7.39273 7.39273 7.39273 7.39273 7.39273
0.00000 0.00000 0.00000 3.00149 3.00149 3.00149 3.00149 3.76299 3.79740 3.72635 3.65541 3.58435 3.51341 3.44235 3.37141 3.30422 3.28831 3.28831 3.31042 4.13066 4.16223 4.19763 5.55786 5.66559 5.36346 5.06133 4.75920 4.45747 4.29494 4.29474 4.29474 4.29474 4.29474 4.29474 5.59928 7.26591 7.26591 8.94462 9.65242 9.65242 9.65242 9.65242 9.65242 9.65242 9.65242 9.65242 9.65242 9.65242 9.65242 9.65242 8.02916 7.18084 7.32880 7.39273 7.39273 7.39273 7.39273 7.39273 7.39273 7.39273 7.39273 7.39273 7.39273 7.39273 7.39273 7.39273
0.00000 0.00000 0.00000 2.78115 2.31732 2.17358 2.03170 2.88823 3.28831 3.28831 3.28831 3.28831 3.28831 3.28831 3.28831 3.39688 3.64340 3.89040 4.13708 5.03092 5.50452 5.71596 5.06162 4.29474 4.29474 4.29474 4.29474 4.29474 4.29474 4.29474 4.29474 4.29474 4.29474 4.29474 4.87193 7.26591 7.26591 8.32320 9.65242 9.65242 9.65242 9.65242 9.65242 9.65242 9.65242 9.65242 9.65242 9.65242 9.65242 9.65242 8.63116 7.18084 7.27420 7.39273 7.39273 7.39273 7.39273 7.39273 7.39273 7.39273 7.39273 7.39273 7.39182 7.30575 7.16525 7.02438
0.00000 0.00000 0.00000 0.00000 1.86550 1.86550 1.86550 2.48101 3.30269 3.49628 3.74264 3.98964 4.23648 4.48332 4.73047 4.86811 4.86859 4.86859 4.86859 5.29681 5.74251 5.74251 5.44509 4.29474 4.29474 4.29474 4.29474 4.29474 4.29474 4.29474 4.29474 4.29474 4.29474 4.29474 4.32594 7.08472 7.26591 7.70192 9.65242 9.65242 9.65242 9.65242 9.65242 9.65242 9.65242 9.65242 9.65242 9.65242 9.65242 9.65242 9.23250 7.18084 7.21917 7.38232 7.26825 7.12775 6.98739 6.84663 6.70521 6.54995 6.38979 6.22967 6.07015 5.99626 5.97657 5.95735
0.00000 0.00000 8.75906 8.75906 4.37772 4.14829 4.59679 4.95215 4.82809 4.86859 4.86859 4.86859 4.86859 4.86859 4.86859 4.86859 4.86859 4.86859 4.86859 5.08095 5.74251 5.74251 5.72789 4.39536 4.29474 4.29474 4.29474 4.29474 4.29474 4.29474 4.29474 4.29474 4.29474 4.29474 4.29474 6.38821 7.26591 7.27856 9.45434 9.65242 9.65242 9.65242 9.65242 9.65242 9.64349 9.48706 9.27922 9.07157 8.86336 8.65589 8.43600 6.32785 6.02075 6.06250 6.03339 6.01376 5.99412 5.97448 5.95576 5.95103 5.95103 5.95103 5.95103 5.95103 5.95103 5.95103
8.75906 8.75906 8.75906 8.75906 7.03891 5.31228 5.31228 5.31228 4.98279 4.86859 4.86859 4.86859 4.86859 4.86859 4.86859 4.86859 4.86859 4.86859 4.86859 4.89271 5.71183 5.74251 5.74251 4.76425 4.29474 4.29474 4.29474 4.29474 4.29474 4.29474 4.29474 4.29474 4.29474 4.29474 4.29474 5.66052 7.14795 6.94029 8.31198 8.91113 8.70311 8.49527 8.28761 8.07941 7.88049 7.81632 7.79797 7.77961 7.76126 7.74291 7.72454 6.37528 5.75301 5.88405 5.95103 5.95103 5.95103 5.95103 5.95103 5.95103 5.95103 5.95103 5.95103 5.95103 5.95103 5.95103
8.75906 8.75906 8.75906 8.75906 8.22312 5.31919 5.31228 5.31228 5.10104 4.86859 4.86859 4.86859 4.86859 4.86859 4.86859 4.86859 4.86859 4.86859 4.86859 4.86859 5.51863 5.74251 5.74251 5.14777 4.29474 4.29474 4.29474 4.29112 4.25588 4.21325 4.17062 4.12799 4.08537 4.04274 4.00011 4.28551 5.44276 5.44276 6.47428 7.80076 7.78241 7.76404 7.74568 7.72734 7.70935 7.70356 7.70356 7.70356 7.70356 7.70356 7.70356 6.84585 5.75301 5.83292 5.95103 5.95103 5.95103 5.95103 5.95103 5.95103 5.95103 5.95103 5.95103 5.95103 5.95103 5.95103
