High_resolution/powerplant/Shangrao/OMI_NO2_200511.asc
ncols      200
nrows      200
xllcorner       115.451
yllcorner       27.0350
cellsize     0.0166667
NODATA_Value      -999.000
[rows 0 to 29 of 164, columns 0 to 65 of 200]
3.66456 3.66456 3.66456 3.66456 3.66456 3.65972 3.60740 3.54899 3.45933 2.84494 2.61086 2.64102 2.65682 2.66653 2.67200 2.66647 2.66520 2.74615 2.99039 3.06403 3.10851 3.13319 3.15238 3.14090 3.18644 2.86150 3.14093 3.13545 3.15534 3.16529 3.16837 3.17026 3.07986 3.00530 3.00396 3.00270 3.00151 3.00072 3.00069 2.99407 3.75726 3.92340 3.85411 3.85411 3.85411 3.85411 3.85411 3.85411 3.87862 3.69788 3.60291 3.52704 3.46996 3.46006 3.45468 3.46872 3.96593 3.98874 3.99701 3.99701 3.99701 3.99701 3.99701 3.99701 3.99701 3.99701
3.15878 3.13640 3.11547 3.09713 3.17155 3.28853 3.46960 3.63426 3.77043 3.92506 3.29169 3.36010 3.45470 3.52427 3.41019 2.98669 2.99248 2.97851 3.06369 3.07043 3.04981 3.03622 3.02445 3.02859 3.23523 3.01591 3.14950 3.15653 3.14455 3.14419 3.14419 3.14419 3.09778 3.00069 3.00069 3.00069 3.00069 3.00069 3.00069 3.00066 3.47536 3.94580 3.85414 3.85411 3.88660 3.93938 3.95504 3.95758 3.94752 3.55349 3.44600 3.44220 3.44149 3.44149 3.44149 3.44149 3.84013 3.96949 3.99701 3.99701 3.99701 3.99701 3.99701 3.99701 3.99701 3.99701
3.84365 3.95877 4.05525 4.13731 4.19363 4.23445 4.23446 4.21110 4.18254 4.07419 3.66291 3.46843 3.42636 3.39657 3.34870 2.93148 2.93879 2.95029 3.01640 3.07704 3.08067 3.08067 3.08067 3.08067 3.19973 3.08906 3.08015 3.15858 3.14419 3.14419 3.14419 3.14419 3.12707 3.00069 3.00069 3.00069 3.00069 3.00069 3.00069 3.00157 3.33565 4.15948 3.97909 3.90702 3.89786 3.87492 3.86863 3.86863 3.86863 3.66727 3.44149 3.44149 3.44149 3.44149 3.44149 3.44149 3.72204 3.95206 3.99701 3.99701 3.99701 3.99701 3.99701 3.99701 3.99701 3.99701
4.18791 4.16648 4.14620 4.12451 4.09284 4.02864 3.96844 3.92474 3.88726 3.71489 3.56967 3.38392 3.38417 3.38417 3.38417 3.05160 2.97562 2.97562 3.00841 3.08067 3.08067 3.08067 3.08067 3.08067 3.14536 3.18870 3.01644 3.16288 3.14549 3.14419 3.14419 3.14419 3.14396 3.01589 3.01847 3.10099 3.23806 3.37846 3.50431 3.61749 3.72839 4.53752 4.15698 3.86863 3.86863 3.86863 3.86863 3.86863 3.86863 3.79925 3.44149 3.44149 3.44149 3.44149 3.44149 3.44149 3.59701 3.94310 3.99546 3.99701 3.99701 3.99701 3.99701 3.99602 3.99321 3.99037
4.00773 3.99353 3.97918 3.96745 3.96626 3.88406 3.84833 3.84833 3.84833 3.73636 3.65726 3.38417 3.38417 3.38417 3.38417 3.14639 2.97562 2.97562 2.98790 3.08067 3.08067 3.08067 3.08067 3.08067 3.08831 3.27045 2.97579 3.16171 3.15413 3.19702 3.26452 3.33679 3.44308 3.52963 3.67906 3.79111 3.87551 3.95659 4.04324 4.13598 4.20949 4.46180 4.34416 3.86863 3.86863 3.86863 3.86863 3.86863 3.86863 3.86859 3.50420 3.44149 3.44149 3.44574 3.48166 3.52399 3.59621 3.94133 3.96629 3.97999 3.98420 3.99060 3.99700 4.00365 3.99178 3.97057
3.96626 3.96626 3.96626 3.96626 3.96626 3.92120 3.84833 3.84833 3.84833 3.77723 3.69684 3.43015 3.38417 3.38417 3.38417 3.24117 2.97562 2.97562 2.97580 3.07072 3.08067 3.08067 3.08067 3.08929 3.11568 3.30243 3.10739 3.39525 3.72073 3.78224 3.87838 3.96927 4.04507 4.15365 4.22835 4.22835 4.22835 4.22835 4.22835 4.22835 4.22814 4.37532 4.51437 3.88542 3.88039 3.92135 3.97001 4.10302 4.25582 4.40345 4.32395 4.26810 3.81966 3.76039 3.74569 3.72462 3.70347 3.85022 4.01522 4.05381 4.02952 3.99908 3.96873 3.93905 4.32032 4.80096
3.96626 3.96626 3.96626 3.96626 3.96626 3.95896 3.85117 3.84833 3.84833 3.82907 3.68204 3.51934 3.38417 3.38417 3.38417 3.33604 2.97562 2.97647 2.99297 3.09077 3.15537 3.18228 3.20921 3.25824 3.44000 3.76282 4.00226 4.44147 4.67677 4.14190 4.12632 4.12632 4.12632 4.15564 4.34143 4.45506 4.58218 4.70664 4.82674 4.94236 5.05484 5.29658 5.61961 5.28722 5.22939 5.29060 5.34453 5.34405 5.32713 5.31024 5.21741 4.95546 4.06340 3.63853 3.63853 3.62949 3.59991 3.67917 3.90937 3.93362 3.93004 3.93348 3.93777 3.94207 4.46946 5.50195
3.96626 3.96626 3.96626 3.96626 3.96626 3.96626 3.87869 3.84833 3.84833 3.84833 3.69981 3.61020 3.40268 3.43655 3.47097 3.50552 3.17815 3.16509 3.18317 3.24441 3.44496 3.65534 3.91775 4.15827 4.24756 4.38299 4.55932 4.75402 5.22985 4.90481 4.82900 4.91853 5.02029 5.15249 5.66837 5.73637 5.77489 5.81231 5.84966 5.88698 5.92439 5.96794 5.84080 5.58503 5.29717 5.29717 5.29717 5.29717 5.29717 5.29717 5.29366 4.97562 4.33150 3.56113 3.53266 3.55422 3.61285 3.71439 4.07106 3.97135 3.95466 3.95551 3.95551 3.95551 4.11290 5.50447
4.06587 4.08038 4.09482 4.10941 4.12379 4.13827 4.08825 4.01736 4.03220 4.04686 3.94828 3.91144 3.71781 3.70817 3.70415 3.72960 3.87965 4.12607 4.37168 4.66486 4.95132 5.07671 5.15056 5.21565 5.27841 5.34058 5.31658 5.37597 5.88183 5.71478 5.40448 5.44180 5.46781 5.46866 5.83416 5.94372 5.94372 5.94372 5.94372 5.94372 5.94372 5.95887 5.87536 5.73460 5.29717 5.29717 5.29912 5.37743 5.49540 5.64125 5.80634 5.33247 4.72446 3.78173 3.83926 3.85575 3.85575 3.86597 4.14031 4.04486 3.95551 3.95551 3.95551 3.95551 3.95551 5.34630
4.21622 4.21166 4.20949 4.20788 4.20628 4.20467 4.18745 4.04429 4.03874 4.03523 3.98829 4.00916 4.07134 4.23810 4.46088 4.65336 4.85572 5.09566 5.12820 5.14156 5.39805 5.39673 5.39368 5.39092 5.39043 5.39043 5.41287 5.54321 5.88805 5.99377 5.47273 5.46866 5.46866 5.46866 5.72519 5.94372 5.94372 5.94372 5.94372 5.94372 5.94372 5.94440 5.92141 5.95477 5.62979 5.74560 5.90893 5.99586 6.04319 6.06252 6.06252 5.77469 5.07268 3.87242 3.85575 3.85575 3.85575 3.85575 4.06427 4.11537 3.95551 3.95551 3.95551 3.95551 3.95551 5.06421
4.18435 4.18775 4.20875 4.24018 4.27148 4.30268 4.33411 4.27379 4.45151 4.68177 4.89695 5.03232 4.91281 4.79541 4.79287 4.79112 4.85243 5.11598 5.11598 5.11598 5.34094 5.39043 5.39043 5.39043 5.39043 5.39043 5.37522 5.54321 5.74640 6.05018 5.59805 5.46866 5.46866 5.46866 5.61626 5.94372 5.94372 5.95180 6.01280 6.16743 6.33870 6.50994 6.67271 6.62850 6.26678 6.06252 6.06252 6.06252 6.06252 6.06252 6.06252 6.02668 5.16533 4.13286 3.85575 3.85575 3.85575 3.85575 3.97805 4.18544 3.95595 3.95551 3.95551 3.95551 3.95551 4.75547
4.45964 4.53360 4.58743 4.63045 4.67316 4.71628 4.75934 4.98716 5.20580 5.20580 5.20580 5.12349 4.96431 4.79107 4.79107 4.79107 4.79477 5.09813 5.11598 5.11598 5.27691 5.39043 5.39043 5.39043 5.39043 5.39043 5.36481 5.51602 5.60496 6.04987 5.77952 5.46966 5.50599 5.55953 5.67484 6.27136 6.44368 6.60689 6.71712 6.73380 6.73380 6.73380 6.75604 6.62967 6.42328 6.06252 6.06252 6.06252 6.06252 6.06252 6.06252 6.06252 5.41758 4.44603 3.85575 3.85575 3.85575 3.85258 3.89615 4.23833 4.05360 4.02800 4.04555 4.06511 4.11230 4.61697
4.77879 4.78219 4.78219 4.78219 4.78219 4.78219 4.78219 4.84379 5.20506 5.20580 5.20580 5.17475 4.99866 4.81512 4.79107 4.79107 4.79107 5.02639 5.11598 5.11598 5.21786 5.39043 5.39043 5.39043 5.39043 5.39043 5.41006 5.56260 5.73363 6.16779 6.20577 5.90139 6.03635 6.15410 6.24981 6.66354 6.73380 6.73380 6.73380 6.73380 6.73380 6.73380 6.75061 6.66049 6.57707 6.06524 6.06252 6.06252 6.05674 6.04069 6.02445 6.01077 5.65392 4.66227 3.73857 3.75097 3.76372 3.77972 3.86315 4.52431 4.49543 4.42015 4.47453 4.58896 4.68203 4.85863
4.73544 4.78219 4.78219 4.78219 4.78219 4.78219 4.78219 4.78219 5.13484 5.20580 5.20580 5.21414 5.01134 4.87326 4.79107 4.79107 4.79107 4.95086 5.11598 5.11598 5.16495 5.45124 5.53591 5.62068 5.70530 5.78997 5.86217 5.92766 6.09519 6.33006 6.50977 6.29915 6.25874 6.25874 6.25874 6.55463 6.73380 6.73380 6.73826 6.76609 6.81048 6.85520 6.90090 6.74037 6.65226 6.21230 6.13357 6.16225 6.19683 6.24167 6.28660 6.32910 6.27893 5.28949 3.97433 3.97473 3.97473 3.97473 4.00761 4.65763 4.88885 4.78902 4.85734 4.86444 4.89583 4.94253
4.68880 4.78219 4.78219 4.78219 4.78219 4.78219 4.78219 4.78219 5.00862 5.20580 5.20580 5.20913 5.06751 4.93166 4.79107 4.80775 4.87491 5.03143 5.35611 5.44337 5.53639 5.84735 5.86524 5.90356 5.94320 5.98246 6.03431 6.06851 6.28001 6.42493 6.72294 6.65962 6.61242 6.68430 6.75622 6.92175 7.14124 7.26207 7.37852 7.47162 7.54806 7.62435 7.70050 7.37558 6.95780 6.66557 6.40158 6.40158 6.40158 6.40158 6.40158 6.40158 6.40158 5.68651 4.18934 4.11403 4.19832 4.28227 4.30542 4.63620 4.98955 5.02815 5.08315 5.12878 5.14389 5.14389
4.67794 4.80620 4.81834 4.83090 4.84365 4.85676 4.87019 4.88389 4.98763 5.35554 5.43895 5.58058 5.63099 5.61620 5.35807 5.45666 5.50637 5.56768 6.06559 6.16095 6.24619 6.33226 6.47414 6.63188 6.78848 6.94498 7.07839 7.06212 6.97259 7.11122 7.53070 7.56455 7.44329 7.51951 7.59572 7.69954 7.87606 7.87606 7.87606 7.87606 7.87606 7.87606 7.87606 7.67314 6.96842 6.82212 6.40158 6.40158 6.40158 6.40386 6.43977 6.48668 6.51694 6.13916 4.74268 4.17378 4.12717 4.08089 4.06253 4.25947 4.83986 5.09481 5.37491 5.59706 5.80629 6.00231
4.79286 5.04166 5.04181 5.05655 5.10099 5.26638 5.46607 5.66551 5.86518 6.28635 6.40410 6.43125 6.42026 6.25184 6.00763 6.04086 6.19106 6.34163 6.98982 7.28276 7.48065 7.67761 7.80713 7.89404 7.98089 8.06788 8.15472 8.17725 7.56370 7.61730 7.87028 7.96205 7.73652 7.71109 7.71109 7.71206 7.86487 7.87606 7.87606 7.87606 7.87606 7.87606 7.87606 7.80663 7.05607 6.95825 6.46059 6.44581 6.45545 6.46285 6.43668 6.39939 6.37879 6.25157 4.93660 4.06253 4.06253 4.06253 4.06253 5.05304 6.12372 6.44354 6.59132 6.59132 6.59132 6.59132
5.01535 5.67051 5.92623 6.11105 6.26605 6.30998 6.36621 6.42861 6.49082 6.64479 6.77059 6.86248 7.12769 7.54880 7.44990 7.28271 7.36978 7.45655 7.90456 8.22184 8.22184 8.22184 8.22184 8.22184 8.22184 8.22184 8.22184 8.22184 7.67124 7.61730 7.77409 7.96356 7.81374 7.71109 7.71109 7.71109 7.82825 7.87606 7.87606 7.87606 7.87029 7.82590 7.80571 7.78152 7.11171 6.84282 6.50558 6.37874 6.37874 6.37874 6.37874 6.37874 6.37874 6.37874 5.38110 4.06253 4.06253 4.06253 4.06253 4.91006 6.20237 6.40194 6.59132 6.59132 6.59132 6.59132
6.18523 6.46654 6.61637 6.68290 6.75053 6.80792 6.81921 6.82458 6.82996 6.89702 7.09504 7.09666 7.15257 7.95887 7.97291 7.58032 7.58032 7.58032 7.79267 8.22184 8.22184 8.22184 8.22184 8.22184 8.22184 8.22184 8.22184 8.22184 7.82041 7.61730 7.67790 7.96356 7.89247 7.71109 7.71094 7.67493 7.69099 7.72627 7.70834 7.69175 7.68101 7.70883 7.71243 7.71243 7.26497 6.80418 6.62095 6.37874 6.37874 6.37874 6.37874 6.37874 6.37874 6.37874 5.88795 4.10417 4.06253 4.06253 4.06253 4.45053 6.05122 6.35578 6.56357 6.57555 6.56817 6.56078
6.63663 6.73302 6.84048 6.84168 6.84168 6.84168 6.84168 6.84168 6.84168 6.84385 7.07615 7.09666 7.09666 7.77359 8.06780 7.62317 7.58032 7.58032 7.64416 8.22145 8.22184 8.22184 8.22184 8.22184 8.22184 8.22184 8.22184 8.22184 7.98569 7.61021 7.66578 7.82328 7.75319 7.47698 7.44610 7.46553 7.55449 7.71103 7.71243 7.71243 7.71243 7.71243 7.71243 7.71243 7.48593 6.80418 6.73777 6.37874 6.37874 6.37874 6.37874 6.37874 6.37783 6.37563 6.17814 4.42787 4.06955 4.12584 4.18048 4.24896 5.87271 6.32101 6.46580 6.54068 6.54026 6.53455
6.65218 6.69068 6.84168 6.84168 6.84168 6.84168 6.84168 6.84168 6.84168 6.84168 7.00633 7.09666 7.09666 7.53240 8.07089 7.75800 7.58032 7.58032 7.58032 8.13645 8.22184 8.22184 8.22184 8.22222 8.24825 8.28931 8.33050 8.37163 8.36393 7.83670 8.01202 7.98437 8.01260 7.72996 7.54746 7.54746 7.55459 7.70967 7.71243 7.71243 7.71243 7.71243 7.71243 7.68682 7.55906 6.77433 6.66012 6.24393 6.15157 6.10866 6.06534 6.02218 5.97952 5.93866 5.88888 4.92115 4.73905 4.73821 4.73736 4.73736 5.70750 6.35247 6.42753 6.53220 6.51526 6.50332
6.65218 6.65317 6.83033 6.84168 6.84168 6.84168 6.84168 6.84168 6.84168 6.84168 6.92453 7.09666 7.09666 7.30805 8.05411 7.89581 7.58032 7.58032 7.58833 8.03374 8.30918 8.35034 8.39144 8.43221 8.44737 8.50025 8.61914 8.73836 8.85735 8.36745 8.32749 8.29348 8.19284 8.06141 7.76178 7.80242 7.84285 7.49597 7.31044 7.25527 7.17972 7.09450 7.00962 6.94964 6.91188 6.41992 6.25673 5.99695 5.82817 5.82770 5.82770 5.82770 5.82770 5.82770 5.82770 5.22320 4.73631 4.72067 4.70036 4.68004 5.26445 6.28132 6.42859 6.47540 6.46378 6.45255
6.65218 6.65218 6.79406 6.84168 6.84168 6.84168 6.84168 6.84168 6.84168 6.84168 6.84897 7.08428 7.09666 7.32128 8.44737 8.81196 7.74317 7.76977 7.80739 8.11395 8.55983 8.67071 8.84543 9.02051 9.19514 9.31846 9.38301 9.44913 9.51506 9.11645 8.90710 8.86817 8.60492 8.52465 7.99212 7.94961 7.91916 7.30622 6.83460 6.80476 6.79500 6.79500 6.79500 6.79500 6.79500 6.51074 6.25314 6.11173 5.82770 5.82770 5.82770 5.82770 5.81712 5.74196 5.65601 5.36453 4.76465 4.84738 4.93491 5.02238 5.34260 6.58860 6.73130 6.48376 6.43548 6.38623
6.65202 6.65218 6.75220 6.84168 6.84168 6.84168 6.84168 6.87224 7.23680 7.69907 8.16121 8.55291 8.89181 9.09782 9.83374 10.1710 8.65706 8.36480 8.53927 8.80692 9.56896 9.64304 9.65729 9.71361 9.78103 9.84753 9.90634 9.96353 10.0209 9.76019 8.64800 8.59302 8.40621 8.35539 7.96501 7.81863 7.81863 7.47086 6.79500 6.79500 6.79500 6.79500 6.79500 6.79500 6.79500 6.64248 6.25314 6.22366 5.81514 5.74443 5.73809 5.73950 5.75154 5.82811 5.91558 5.95493 5.20943 5.16153 5.19372 5.23681 5.28104 6.07982 6.24575 5.97941 5.75076 5.70041
6.56330 6.65218 6.89225 7.74135 8.20363 8.66576 9.12811 9.55961 9.65719 9.66318 9.67739 9.57068 9.38801 9.45923 10.0625 10.7591 9.93406 9.10563 9.16304 9.22531 9.98898 10.0978 10.1513 10.1626 10.1626 10.1626 10.1626 10.1626 10.1626 10.0870 8.77003 8.59302 8.47223 8.35539 8.13173 7.81863 7.81863 7.70542 6.79500 6.79500 6.79500 6.79500 6.79500 6.80123 6.89969 6.93076 6.56032 6.60992 6.08384 5.97334 5.98248 6.00022 6.02163 6.04195 6.06122 6.07956 5.61333 5.42443 5.43373 5.43373 5.43373 5.62312 5.98206 5.90976 5.70041 5.70041
7.55311 9.03326 9.48354 9.68719 9.70573 9.71990 9.78596 9.98635 10.1947 10.3030 10.2895 10.2715 10.8041 11.0397 11.3541 11.3798 10.9054 9.39976 9.39976 9.39976 9.93884 10.1626 10.1626 10.1626 10.1626 10.1626 10.1626 10.1626 10.1626 10.1626 9.07914 8.59302 8.53822 8.35539 8.29631 7.82073 7.81863 7.81863 6.98961 7.03717 7.16996 7.25361 7.33718 7.41416 7.39906 7.38583 6.97156 6.84971 6.45871 6.09882 6.11437 6.11778 6.11778 6.11778 6.11778 6.11778 5.84156 5.43373 5.43373 5.43373 5.43373 5.51658 5.95024 5.98298 5.70769 5.70377
8.13058 10.4823 10.7414 10.8320 10.9852 11.0836 10.9788 10.7657 10.5694 10.4693 10.4690 10.4690 10.9585 11.1645 11.2287 11.4619 11.3350 9.52186 9.39976 9.39976 9.76179 10.1626 10.1626 10.1626 10.1626 10.1626 10.1626 10.1626 10.1626 10.1626 9.46363 8.59302 8.60729 8.54746 8.70853 8.45101 8.46225 8.54591 7.88865 7.44685 7.39725 7.39696 7.39696 7.39696 7.39696 7.39696 7.08834 6.84613 6.67635 6.11778 6.11778 6.11778 6.11778 6.11778 6.11778 6.11778 6.03314 5.44435 5.44490 5.44939 5.45388 5.47426 5.92606 6.03526 5.77121 5.65047
9.11723 11.5387 11.2582 10.8566 10.5860 10.4709 10.4690 10.4690 10.4690 10.4690 10.4690 10.4690 10.7400 11.1645 11.1645 11.4758 11.3659 10.0423 9.39976 9.39976 9.58481 10.1626 10.1626 10.1626 10.1626 10.1626 10.1626 10.2233 10.3366 10.4498 10.2161 9.14026 9.24127 9.38432 9.48137 9.00869 8.42059 8.42059 7.98782 7.39696 7.39696 7.39696 7.39696 7.39696 7.39696 7.39696 7.22918 6.85002 6.82411 6.12781 6.06240 6.03964 6.01734 6.00052 5.98528 5.96996 5.94737 5.16098 4.99839 4.96104 4.92374 4.89763 5.27868 5.36951 5.24486 5.11354
8.10336 10.0727 10.5446 10.5193 10.4690 10.4690 10.4690 10.4690 10.4690 10.4690 10.4690 10.4690 10.5288 11.1572 11.1645 11.4263 11.3659 10.5941 9.39976 9.39976 9.42608 10.1592 10.2771 10.3904 10.5036 10.6169 10.7302 10.7833 10.8238 10.8882 10.8582 9.61131 9.47226 9.51214 9.57284 9.37866 8.45134 8.47359 8.28752 7.28787 7.28392 7.27984 7.27606 7.27809 7.33003 7.39342 7.32951 6.60629 6.57100 6.08091 5.85755 5.86500 5.87198 5.87355 5.87355 5.87355 5.87355 5.27200 4.89878 4.90149 4.92200 4.94577 5.21022 5.48637 5.45788 5.08791
7.73308 9.51406 10.5446 10.5389 10.4696 10.4690 10.4690 10.4690 10.4690 10.4690 10.4690 10.4690 10.4690 10.9985 11.1645 11.3626 11.4212 11.2815 9.68396 9.79465 9.90788 10.6002 10.7827 10.7935 10.8579 10.9443 11.0308 11.1165 11.1626 11.1793 11.1813 10.1574 9.77649 9.83956 9.98005 10.0663 9.16598 9.10747 9.16471 7.62212 7.60647 7.67397 7.74124 7.80301 7.81442 7.81442 7.78223 6.82772 6.60190 6.30480 5.87355 5.87355 5.87355 5.87355 5.87355 5.86574 5.83362 5.47186 5.01474 5.22387 5.42984 5.63245 5.92642 6.56534 6.63100 4.92364
