High_resolution/powerplant/Shangrao/OMI_NO2_200603.asc
ncols      200
nrows      200
xllcorner       115.451
yllcorner       27.0350
cellsize     0.0166667
NODATA_Value      -999.000
[rows 58 to 86 of 175, columns 0 to 66 of 200]
5.29688 5.29688 5.29688 5.29688 5.29688 5.29688 5.29688 5.29688 5.29688 5.29688 5.30692 5.51186 6.29328 6.76622 7.02245 7.22291 7.35404 7.36159 7.42886 7.51218 7.59549 7.67885 7.76002 7.78903 1.70757 1.73063 1.76445 1.82515 2.70487 2.73881 2.74782 2.75252 3.99960 4.26945 4.26945 4.26945 4.26945 4.26945 4.26945 4.26945 4.63318 5.44189 5.82461 5.90514 5.90514 5.90514 5.90096 5.93109 5.99216 5.98002 6.04370 6.19002 6.33648 6.48263 6.54076 6.52862 4.02258 3.17270 3.17258 3.18070 3.19552 2.50466 2.49799 2.53850 2.53850 2.53850 2.53850
5.29688 5.29688 5.29688 5.29688 5.30692 5.32825 5.34959 5.37095 5.39228 5.41361 5.42493 5.52904 6.04069 6.99199 7.52445 7.60781 7.69117 7.76856 7.78509 7.79411 7.83331 7.91406 8.00669 8.09914 1.82450 1.82449 1.81895 1.81855 2.53106 2.75252 2.75252 2.75252 3.55472 4.26945 4.26945 4.27153 4.28380 4.29739 4.31104 4.32465 4.51826 5.39489 5.86723 5.82722 5.82128 5.81679 5.86424 5.99881 6.26703 6.42576 6.50860 6.50860 6.50860 6.50860 6.50860 6.50860 5.04738 3.17258 3.17258 3.17544 3.19552 2.70905 2.43974 2.54407 2.54641 2.54881 2.55126
5.15872 5.37095 5.39228 5.41361 5.42493 5.42493 5.42493 5.42493 5.42493 5.42493 5.42493 5.43129 6.06273 7.11218 7.77997 7.83244 7.91025 7.99887 8.09927 8.18172 8.22284 8.22302 8.22302 8.22302 1.82450 1.82450 1.84375 1.87371 2.33612 2.82790 2.84498 2.86198 3.16362 4.38428 4.39782 4.40942 4.41077 4.41077 4.41077 4.41148 4.43588 5.31030 5.97757 5.98476 6.11370 6.24805 6.33648 6.35242 6.57967 6.66718 6.69660 6.72743 6.75943 6.79321 6.82840 6.86523 6.32954 2.40284 2.32162 2.24116 2.18724 2.13989 2.37373 2.59667 2.59667 2.59667 2.59667
4.86709 5.42493 5.42493 5.42493 5.42493 5.42493 5.42493 5.42493 5.42493 5.42511 5.46364 5.53736 6.06678 6.93689 7.94876 8.22302 8.22302 8.22302 8.22302 8.22302 8.22302 8.22302 8.22302 8.22302 1.82450 1.82450 1.94686 2.05408 2.18333 2.92783 2.92922 2.92923 2.92925 4.22087 4.41086 4.41283 4.41653 4.42023 4.44967 4.54443 4.63982 5.40396 6.64553 6.65399 6.61830 6.61830 6.61830 6.61830 6.83255 7.10952 7.10952 7.10952 7.10952 7.10952 7.10952 7.10952 7.10952 3.01084 2.10549 2.10549 2.12851 2.13989 2.26294 2.59667 2.59667 2.59667 2.59667
4.49995 5.42493 5.42493 5.42493 5.42511 5.43919 5.49816 5.57194 5.64563 5.71930 5.75441 5.75441 6.04963 6.73581 7.69921 8.22302 8.22302 8.22302 8.22302 8.22302 8.22302 8.22302 8.22302 8.22302 1.82487 1.82490 1.88671 2.05438 2.05438 2.80268 2.92985 2.93375 2.93836 3.80866 4.44583 4.53701 4.63217 4.72729 4.79672 4.80012 4.80012 5.26779 6.39707 6.69308 6.61830 6.61830 6.61830 6.61830 6.70536 7.10952 7.10952 7.10952 7.10952 7.10952 7.10952 7.10952 7.10952 4.56097 2.10549 2.10549 2.12063 2.13989 2.15292 2.58569 2.60206 2.70874 2.83862
4.14484 5.46473 5.53271 5.60645 5.68003 5.73968 5.75441 5.75441 5.75441 5.75441 5.75441 5.75441 5.83908 6.51607 7.45902 8.22302 8.22302 8.22302 8.22302 8.22302 8.22273 8.21217 8.19648 8.18075 1.82495 1.82495 1.82960 2.04643 2.05438 2.57929 2.94903 2.94975 2.94975 3.40637 4.79441 4.80012 4.80012 4.80012 4.80012 4.80012 4.80012 5.07345 6.15884 6.73157 6.61830 6.61830 6.61830 6.61830 6.62367 7.06321 7.10952 7.10952 7.10952 7.09331 7.00449 6.91118 6.82225 5.84136 2.27820 2.30738 2.41183 2.63558 2.80259 2.86550 2.91778 2.92971 2.91500
4.16698 5.43618 5.40231 5.36188 5.32100 5.27812 5.23591 5.19149 5.14689 5.10136 5.05434 5.00723 4.95775 5.74036 6.57524 7.70819 7.72548 7.69533 7.66483 7.60707 7.46416 7.35058 7.26055 7.18155 1.82495 1.82495 1.82495 2.00856 2.05438 2.30032 2.94975 2.94975 2.94975 2.96384 4.64968 4.80012 4.79976 4.79743 4.79482 4.79223 4.78961 4.88304 5.88063 6.34872 6.17370 6.13082 6.08980 6.05005 6.01121 6.04529 6.04390 5.99411 5.94664 5.90770 5.90351 5.89799 5.83422 5.74607 3.25019 3.04235 3.10342 3.12076 3.12179 2.96007 2.83125 2.83167 2.83209
4.42957 4.50942 4.50942 4.50942 4.50942 4.50942 4.50942 4.50942 4.50942 4.50942 4.50942 4.50942 4.50942 5.18884 5.98260 7.03391 7.24596 7.16863 7.10010 7.05033 7.03512 6.89315 6.69132 6.45763 1.80052 1.79402 1.78748 1.92575 2.02072 2.02694 2.85889 2.91472 2.91144 2.90819 4.10962 4.76164 4.75940 4.75911 4.75911 4.75911 4.75911 4.75970 5.58844 5.95791 5.85502 5.83660 5.83660 5.83660 5.83660 5.85679 5.90580 5.88247 5.81799 5.75396 5.69415 5.64421 5.63390 5.64055 4.21162 3.18680 3.19586 3.14522 3.12638 3.02620 2.83501 2.83501 2.83501
4.10368 4.50942 4.50942 4.50942 4.50942 4.50942 4.50942 4.49069 4.42829 4.36343 4.29857 4.23363 4.16885 4.51713 5.49993 6.52853 6.86254 6.65602 6.41635 6.13500 5.82360 5.74839 5.74839 5.78666 1.72244 1.72244 1.72244 1.81280 1.98604 1.98604 2.61615 2.89849 2.89849 2.89849 3.51664 4.75911 4.75911 4.75911 4.75911 4.76061 4.77782 4.79915 5.42001 6.01491 5.96551 5.89289 5.91050 6.02312 6.16205 6.27417 5.73792 5.68936 5.67956 5.67654 5.67654 5.67654 5.67654 5.67654 4.99974 3.20467 3.20467 3.16370 3.12638 3.08816 2.83501 2.83501 2.83501
3.78091 4.49018 4.42704 4.36261 4.29791 4.23301 4.16812 4.12198 4.12011 4.12011 4.12011 4.12011 4.12011 4.15232 4.29160 4.64982 5.74839 5.74862 5.79928 5.88784 5.97645 6.06502 6.15349 6.20379 1.72244 1.72244 1.72244 1.73875 1.98272 1.99576 2.38614 2.95818 2.98486 3.01148 3.09912 4.81371 4.91347 4.93481 4.95613 4.97593 4.98006 4.98006 5.42387 6.29190 6.41678 6.35760 6.46923 6.48580 6.47606 6.47237 5.85329 5.67654 5.67654 5.67654 5.67654 5.67654 5.67654 5.67654 5.61902 3.34730 3.20467 3.18166 3.12638 3.12597 2.85920 2.83501 2.83501
4.20131 4.12753 4.12011 4.12011 4.12011 4.12011 4.12011 4.12011 4.12011 4.12011 4.12011 4.12011 4.12065 4.16488 4.19104 4.51190 5.98723 6.16602 6.20397 6.20397 6.20397 6.20397 6.20397 6.20397 1.72244 1.72244 1.72244 1.72244 2.23418 2.35315 2.41274 3.16032 3.17666 3.20292 3.23760 4.59343 5.17994 5.23753 5.36984 5.54353 5.72188 5.90108 6.18007 6.61358 6.73001 6.47237 6.47237 6.47237 6.47237 6.47237 6.08735 5.67654 5.67654 5.67654 5.67654 5.67654 5.67654 5.67654 5.67654 4.05099 3.20467 3.19918 3.12681 3.12638 2.92076 2.83501 2.83501
4.20305 4.25723 4.12011 4.12011 4.12011 4.12011 4.12011 4.11990 4.11595 4.17323 4.25817 4.36029 4.48428 4.53950 4.59945 4.79725 5.75748 6.20397 6.20397 6.20397 6.20397 6.20397 6.20397 6.20397 1.89930 1.95684 1.99630 2.03928 2.55310 2.81119 2.86224 3.62739 3.85502 3.89936 4.05933 5.06895 6.35481 6.47853 6.51126 6.50144 6.49161 6.48639 6.48638 6.53748 6.77102 6.49637 6.47237 6.47237 6.47237 6.47237 6.32156 5.67654 5.67654 5.67654 5.67654 5.67654 5.67654 5.67654 5.67654 4.81312 3.20467 3.20467 3.13927 3.12638 2.98270 2.83501 2.83501
4.18680 4.28679 4.11993 4.10865 4.11176 4.18210 4.27034 4.37697 4.50991 4.53950 4.53950 4.53950 4.53950 4.53950 4.54345 4.78102 5.38512 6.20397 6.20397 6.20397 6.20397 6.20397 6.20397 6.20397 2.34900 2.34900 2.34900 2.34900 2.65576 2.98350 2.98350 3.68568 4.47781 4.63439 4.69626 4.86350 6.45642 6.48645 6.48638 6.48638 6.48638 6.48638 6.48638 6.48967 6.75798 6.56500 6.47237 6.47237 6.47237 6.47237 6.46998 5.76249 5.67654 5.67654 5.67654 5.67654 5.67654 5.67654 5.67654 5.51989 3.23919 3.17414 3.11280 3.06320 2.99139 2.85095 2.86192
4.18489 4.37115 4.28320 4.40964 4.53162 4.53950 4.53950 4.53950 4.53950 4.53950 4.53950 4.53950 4.53950 4.53950 4.53950 4.71255 5.01233 6.20397 6.20397 6.20397 6.20397 6.20397 6.20554 6.22308 2.34900 2.34900 2.34900 2.34900 2.45003 3.02610 3.26026 3.70463 4.77021 4.79526 4.79644 4.79644 6.02633 6.48638 6.48638 6.48638 6.48638 6.48638 6.48826 6.49171 6.67486 6.58157 6.40554 6.39170 6.37786 6.36390 6.35004 5.85801 5.52644 5.51258 5.49874 5.48481 5.47092 5.45708 5.44051 5.38236 3.54869 2.96048 2.94151 2.90817 2.90900 2.87449 2.86459
4.48862 4.63225 4.57816 4.53950 4.53950 4.53950 4.53950 4.53950 4.53950 4.53950 4.53950 4.53950 4.53781 4.42024 4.25199 4.18882 4.20198 6.03917 6.25387 6.28559 6.32495 6.37510 6.43520 6.44916 2.34900 2.39585 2.89001 3.32285 3.62562 3.76016 3.77173 3.77631 4.69293 4.82186 4.82531 4.82873 5.53351 6.52558 6.52901 6.53246 6.53591 6.53934 6.54091 6.54091 6.53354 6.45955 6.22791 6.22791 6.22791 6.22791 6.22791 5.98382 5.43207 5.43207 5.42198 5.42622 5.31342 5.17571 5.04081 4.95083 4.29778 3.42379 3.39255 2.71116 2.69001 2.63706 2.62011
4.48862 4.49232 4.74775 4.53950 4.53950 4.53950 4.53781 4.41893 4.25049 4.10491 3.98653 3.91740 3.86074 3.86753 3.91079 3.97350 4.16225 5.27765 6.44916 6.44916 6.44916 6.44916 6.44916 6.44916 5.05706 3.88882 3.92742 3.92746 3.92746 3.85473 3.82431 3.82431 4.45986 4.85097 4.85097 4.85097 5.03197 6.53311 6.54091 6.54091 6.54091 6.54091 6.54091 6.54425 6.64495 6.78211 6.43876 6.47517 6.53913 6.60376 6.67341 6.69559 5.79581 5.62918 5.50189 5.35996 5.33512 5.33512 5.33512 5.33512 5.13516 3.70099 3.69558 2.74344 2.65736 2.63356 2.62011
4.48895 4.53014 4.58601 4.10361 3.98561 3.91675 3.86090 3.86771 3.91121 3.95471 3.99088 3.99472 3.99472 3.99472 3.99472 3.99472 4.13716 4.71385 6.44916 6.44916 6.44916 6.44916 6.44916 6.44916 5.28781 4.04849 3.92746 3.92746 3.92746 3.87809 3.82431 3.82431 4.14451 4.87483 5.01358 5.16728 5.32083 6.80872 7.31818 7.47220 7.62575 7.77961 7.93316 8.08384 8.13049 8.12137 7.22416 6.94345 6.81486 6.64287 6.46618 6.30196 5.59552 5.33512 5.33512 5.33512 5.33512 5.33512 5.33512 5.33512 5.33512 4.00245 3.69818 2.97825 2.65736 2.64153 2.62011
4.50309 4.34802 4.05351 3.95516 3.99106 3.99472 3.99472 3.99472 3.99472 3.99472 3.99472 3.99472 3.99472 3.99472 3.99472 3.99321 3.99764 4.07637 6.43376 6.44916 6.44916 0.00000 0.00000 0.00000 5.28781 4.25071 3.92746 3.92746 3.92746 4.11075 5.34246 5.54804 5.76598 6.40386 6.44210 6.44210 6.44210 7.24804 8.13205 8.13205 8.13239 8.13738 8.14384 8.14571 8.02769 7.84182 7.03220 6.31136 6.26891 6.26891 6.26891 6.26891 5.86775 5.33512 5.33512 5.33512 5.33512 5.33512 5.33512 5.33512 5.33512 4.50378 3.69818 3.21535 2.65736 2.64949 2.62011
3.82160 3.82160 3.79902 3.96639 3.99472 3.99472 3.99472 3.99472 3.99472 3.99472 3.99321 3.93682 3.85286 3.76890 3.68494 3.60243 3.46676 3.03936 3.61863 0.00000 0.00000 0.00000 0.00000 0.00000 5.28781 4.51715 3.92746 3.92746 3.92746 3.93200 5.81797 5.94582 5.94582 6.30482 6.44210 6.44210 6.44386 6.72708 8.14650 8.15102 8.04442 7.86832 7.69082 7.51785 7.46476 7.45567 7.09345 6.26891 6.26891 6.26891 6.26891 6.26891 6.14000 5.33521 5.33512 5.33512 5.33512 5.33512 5.33512 5.33512 5.33512 5.00555 3.69818 3.45255 2.65736 2.65641 2.62115
3.80506 3.82160 3.82160 3.89734 3.99472 3.99321 3.93682 3.85286 3.76890 3.68494 3.60243 3.57464 3.57464 3.57464 3.57464 3.57464 3.56373 3.05819 3.23877 0.00000 0.00000 0.00000 0.00000 0.00000 5.28781 4.88339 3.92746 3.92746 3.92746 3.92746 5.45487 5.94623 6.00034 6.23458 6.45922 6.46569 6.56100 6.74144 7.61906 7.52961 7.46476 7.46476 7.46476 7.46476 7.46476 7.45869 7.36152 6.27376 6.26891 6.26891 6.26891 6.26891 6.26891 5.47827 5.33512 5.33512 5.33512 5.33512 5.33512 5.33512 5.33512 5.32890 3.87628 3.66425 2.68286 2.66703 2.58347
3.73933 3.76382 3.67986 3.62505 3.68494 3.60243 3.57464 3.57464 3.57464 3.57464 3.57464 3.57464 3.57464 3.57464 3.57464 3.57464 3.57464 3.23453 3.14718 0.00000 0.00000 0.00000 0.00000 0.00000 5.28781 5.26274 3.96629 3.95451 4.22981 4.51161 5.48426 6.23066 6.31259 6.50708 6.88490 7.06707 7.15651 7.15651 7.32350 7.46476 7.46476 7.46476 7.46476 7.46476 7.46476 7.46171 7.45139 6.46106 6.30354 6.33842 6.37293 6.40756 6.44238 5.95857 5.57785 5.61248 5.64711 5.68192 5.71649 5.75106 5.78588 5.80195 4.76894 4.03495 3.15119 2.84110 2.43083
3.54103 3.40152 3.40152 3.38425 3.57464 3.57464 3.57464 3.57464 3.57464 3.57464 3.57464 3.57464 3.57464 3.57464 3.57464 3.57464 3.57786 3.40307 3.12741 3.92819 0.00000 0.00000 0.00000 0.00000 5.69072 5.92107 5.04462 4.97710 5.05644 5.27940 5.80376 6.81603 6.94536 6.95933 7.13850 7.19837 7.20914 7.21993 7.30236 7.54977 7.56060 7.57139 7.58216 7.59300 7.60377 7.62446 8.02258 7.34049 6.88404 6.88404 6.88404 6.88404 6.88404 6.63789 5.95024 5.95024 5.94886 5.88504 5.73631 5.44295 5.14355 4.86263 4.47591 3.86422 3.42589 3.08055 2.90983
3.59996 3.40236 3.40152 3.38788 3.52449 3.57464 3.57464 3.57464 3.57464 3.57464 3.57786 3.58498 3.59212 3.59778 3.59104 3.58157 3.56888 3.49321 2.96993 3.30613 0.00000 0.00000 0.00000 0.00000 6.26502 6.56696 6.12601 5.88028 6.08834 6.11983 6.15455 7.07223 7.10847 7.10847 7.21249 7.32590 7.32590 7.32590 7.32888 7.60738 7.63415 7.63415 7.63415 7.63415 7.63415 7.63415 7.97775 7.61765 6.88769 6.89449 6.90129 6.90807 6.86172 6.61795 5.75764 5.45304 5.15496 4.91952 4.76876 4.76263 4.76263 4.76263 4.73965 3.95322 3.76467 3.36091 3.28063
3.62144 3.44300 3.40152 3.40152 3.46573 3.58498 3.59212 3.59757 3.59065 3.58116 3.56843 3.55187 3.53519 3.52011 3.51732 3.51732 3.51732 3.51725 3.04488 3.07684 0.00000 0.00000 0.00000 0.00000 7.54518 7.60334 7.04623 6.15045 6.15045 6.15045 6.15045 6.90382 7.10847 7.10847 7.14811 7.32590 7.32590 7.32461 7.31375 7.48998 7.59642 7.58364 7.57085 7.55803 7.54525 7.53246 7.76962 7.79334 6.81943 6.57708 6.30449 5.87625 5.47911 5.25724 4.87761 4.76263 4.76263 4.76263 4.76263 4.76263 4.76263 4.76263 4.76263 4.19200 3.86923 3.36164 3.35940
3.54426 3.39661 3.28690 3.28851 3.41071 3.55139 3.53485 3.51985 3.51732 3.51732 3.51732 3.51732 3.51732 3.51732 3.51732 3.51732 3.51732 3.51732 3.23370 3.02260 0.00000 0.00000 0.00000 0.00000 7.60334 7.60334 7.44277 6.14174 6.07754 6.01416 5.95470 6.51199 7.04008 7.02730 7.01496 7.19397 7.20634 7.19484 7.19291 7.28656 7.50115 7.50115 7.50115 7.47174 7.26062 7.01849 6.91018 6.76466 5.56486 5.27340 5.09578 5.07383 5.07383 5.07383 4.95362 4.76263 4.76263 4.76263 4.76263 4.76263 4.76263 4.76263 4.76263 4.45379 3.90902 3.45572 3.36091
3.70039 3.70193 3.47118 3.47118 3.47491 3.51704 3.51732 3.51732 3.51732 3.51732 3.51732 3.51732 3.51732 3.51805 3.53669 3.56303 3.58937 3.61572 3.47685 2.98341 3.62780 0.00000 0.00000 0.00000 6.69299 6.59781 6.50935 5.73061 5.63602 5.63602 5.63602 5.99124 6.97548 6.97548 6.97548 7.10376 7.19291 7.19291 7.19291 7.10409 7.14716 6.91774 6.66021 6.27860 6.03945 5.83149 5.70849 6.04814 5.38113 5.07383 5.07383 5.07383 5.07383 5.07383 5.04321 4.76415 4.76263 4.76263 4.76263 4.76263 4.76263 4.76263 4.76263 4.70218 3.92242 3.59872 3.36091
3.80105 3.79459 3.48949 3.47118 3.47118 3.50993 3.51732 3.51732 3.51798 3.53642 3.56288 3.58937 3.61572 3.64134 3.64904 3.64904 3.64904 3.64904 3.62410 2.96205 3.20976 0.00000 0.00000 0.00000 6.43314 6.43314 6.43314 5.87665 5.63602 5.63602 5.63602 5.69930 6.95485 6.97548 6.97499 6.97787 6.75121 6.50896 6.26702 6.13354 6.09227 5.84764 5.65518 5.61577 5.61577 5.61577 5.61711 6.01588 5.60727 5.07383 5.07383 5.07383 5.07383 5.07383 5.07383 4.82468 4.76263 4.76263 4.76263 4.76263 4.76263 4.76263 4.76263 4.76263 4.12380 3.72337 3.36091
3.80105 3.80105 3.57618 3.47217 3.49983 3.55298 3.58911 3.61545 3.64114 3.64904 3.64904 3.64904 3.64904 3.64904 3.64904 3.64904 3.64904 3.64904 3.64904 3.17653 3.05640 0.00000 0.00000 0.00000 6.43314 6.43314 6.43314 6.04600 5.63602 5.63602 5.63411 5.62346 6.68101 6.93945 6.92824 6.90295 6.17191 6.15404 6.16555 6.16881 5.96114 5.61577 5.61577 5.61577 5.61577 5.61577 5.61577 5.92357 5.83321 5.07383 5.07383 5.07383 5.07383 5.07512 5.08269 4.93304 4.78829 4.79665 4.80503 4.81346 4.82183 4.83021 4.83862 4.84702 4.47873 3.93106 3.47526
3.22524 2.86544 2.94793 3.65691 3.66876 3.66057 3.64904 3.64904 3.64904 3.64904 3.64904 3.64904 3.64904 3.64904 3.64904 3.64904 3.64904 3.64904 3.64904 3.38174 2.98957 0.00000 0.00000 0.00000 6.43314 6.43314 6.42746 6.21868 5.60843 5.59669 5.58687 5.59043 6.35905 6.95364 6.96552 6.97066 6.40535 6.16491 6.15637 6.14781 6.09573 5.58470 5.56913 5.56058 5.55204 5.54348 5.53494 5.82819 6.13124 5.22242 5.19664 5.20502 5.21339 5.22054 5.22135 5.15451 4.91016 4.91016 4.91016 4.91022 4.91144 4.86812 4.77095 4.66937 4.47210 3.90805 3.48928
