High_resolution/powerplant/Shangrao/OMI_NO2_200901.asc
ncols      200
nrows      200
xllcorner       115.451
yllcorner       27.0350
cellsize     0.0166667
NODATA_Value      -999.000
[rows 29 to 57 of 164, columns 0 to 66 of 200]
     >*             >*               <*                <*                  =*                3*                 ?*                 <*                       8*                 8*                  ;*                   <*                ?*     *    $     *    $    *     $    *    $     *       $    *        $      *    $      *        $        :*                 <*                    9*                  2*                 
             3*                   <*                 >*                  >*                  9*                2*                   9*                 9*                 2*                   8*                    =*                    ;*                    3*    
    $      *    $       ;*                  ?*                   2*                ?*                ?*                  >*             ;*                  <*                 9*                ?*                 9*                   :*                 :*                   ?*                      8*                8*                   9*        
            :*     *     :      *        8    *     $    *   85 11.9234 12.1094 12.3127 12.5158 12.6688 12.6753 12.3995 12.5088 12.5083 12.5083 12.4494 12.4419 12.4418 12.3845 12.2820 12.1795 12.0769 11.9745 11.8748 11.3568 10.9522 10.8330 10.7634 10.3453 10.0431 10.0668 10.0801 10.0801 10.0801 10.0883 10.1326 10.1227 10.0847 9.25210 9.03114 9.05834 9.11975 8.80010 8.35411 8.00484 7.63436 7.62686 6.89180 6.63731 6.65922 6.68111 6.69442 6.69457 6.69457 6.69457 6.69457 6.69457 6.69457 5.74891 6.43824 5.97253
9.31894 10.5035 10.5371 10.8858 10.8858 10.8858 11.5206 11.9069 12.0833 12.2864 12.4896 12.6580 12.6751 12.6751 12.6751 12.6751 12.6751 12.4942 12.4890 12.4205 12.3179 12.1740 12.0464 11.8751 11.6986 11.5671 11.4358 11.3045 11.1730 11.0686 10.8767 10.3947 10.3584 10.5554 10.3199 10.2339 10.2665 10.3531 10.3416 10.3041 10.2583 10.1762 10.1491 10.1491 9.57592 9.19621 9.17627 9.13455 8.87772 8.33994 7.83162 7.74687 7.72790 7.29072 6.69457 6.69457 6.69457 6.69457 6.69457 6.69549 6.71966 6.75392 6.78817 6.82244 6.24835 5.72763 5.26864
9.29414 10.0407 10.2536 10.8483 10.7089 10.5041 10.8419 12.6482 12.6751 12.6751 12.6751 12.6751 12.6751 12.6469 12.4569 12.2408 12.0254 11.7999 11.8974 11.9929 12.0026 11.7469 11.1225 11.0601 11.0256 10.9243 10.8215 10.7182 10.6147 10.5117 10.3940 9.68019 9.57294 10.3725 10.6545 10.3859 10.1989 10.1752 10.1491 10.1491 10.1457 10.1165 10.0817 10.0469 9.61945 8.99011 8.96827 8.96827 8.91643 8.29039 7.90047 7.75991 7.72790 7.60782 6.70992 6.74093 6.77516 6.80943 6.84368 6.87702 6.88709 6.88709 6.88709 6.88709 6.55431 5.73632 5.44556
8.26751 8.48815 9.09760 9.97375 10.1035 10.1035 10.2214 12.3880 12.6308 12.4285 12.2139 12.0059 11.8003 11.6224 11.6068 11.6168 11.6199 11.5967 11.6724 11.6878 11.5836 11.3906 10.4144 10.3081 10.2387 10.2371 10.2371 10.2371 10.2371 10.2331 10.1189 9.60245 9.32612 9.68968 10.4753 10.2247 10.0165 10.0648 10.0309 9.99607 9.96462 9.95913 9.95913 9.95913 9.74705 8.96827 8.96827 8.96827 8.96234 8.34373 8.00225 7.87711 7.86400 7.89826 7.08967 6.88709 6.88709 6.88709 6.88709 6.87887 6.85758 6.83632 6.81518 6.79406 6.68094 5.57065 5.47171
7.54786 7.68647 8.82700 9.54724 9.82116 9.54916 9.27536 10.7942 11.6209 11.5958 11.5777 11.5522 11.5249 11.4977 11.4705 11.4432 11.4226 11.4214 11.3238 11.2042 11.2037 11.2037 10.4077 10.2371 10.2371 10.2357 10.1341 9.97034 9.80675 9.64653 9.57532 9.41375 9.12617 9.19718 10.4205 10.0749 9.91150 9.94044 9.95913 9.95913 9.95913 9.95913 9.95913 9.93667 9.83552 8.81644 8.74104 8.67420 8.61323 8.20604 7.93148 7.97456 7.92378 7.89465 7.36276 6.81839 6.79696 6.77575 6.75460 6.74167 6.74183 6.74193 6.74193 6.74193 6.74193 5.76977 5.54618
7.18823 7.00667 7.43012 7.74878 8.52636 8.49116 8.46391 9.56056 11.4274 11.4214 11.4214 11.4214 11.4214 11.4214 11.4214 11.4214 11.4214 11.4214 11.3990 11.2043 11.2048 11.2196 10.6122 10.0405 9.89278 9.72152 9.64579 9.63183 9.61787 9.60444 9.61226 9.61260 9.28026 9.28848 10.4799 10.4137 10.2787 10.2405 10.2584 10.2222 10.1860 10.1497 10.1135 10.0997 10.1190 8.89032 8.64861 8.70671 8.76481 8.59383 8.19976 8.30742 8.01932 7.72985 7.50420 6.74156 6.74186 6.74193 6.74193 6.74193 6.74193 6.75189 6.78972 6.82932 6.86888 6.16655 5.52162
6.46318 6.44819 6.82555 7.27841 8.54411 8.58316 8.59703 9.03068 11.4378 11.6548 11.6686 11.6824 11.6961 11.7101 11.7237 11.7375 11.7514 11.7650 11.7086 11.6479 11.4427 11.2365 10.8452 10.1271 10.0972 10.0924 10.0924 10.0924 10.0924 10.0924 10.0924 10.0924 9.79914 9.60539 10.3388 10.6839 10.4574 10.2689 10.3258 10.3454 10.3936 10.4420 10.4905 10.5389 10.5873 9.62450 8.98554 8.98554 8.98105 8.87710 8.21210 8.19734 7.99767 7.61729 7.65563 6.96420 6.89827 6.93777 6.97740 7.01689 7.04550 7.03760 7.00059 6.96192 6.92320 6.38581 5.28305
6.70752 6.70752 6.87914 7.38682 8.51236 8.78788 8.78788 8.92486 10.9768 11.8044 11.8044 11.8044 11.8044 11.8044 11.7401 11.5652 11.3881 11.2113 11.1074 11.2252 11.1448 11.0590 11.0132 10.1132 10.0924 10.0924 10.0923 10.0470 9.96291 9.87870 9.79457 9.71040 9.49949 9.26577 9.73059 10.6204 10.4447 10.2630 10.6043 10.6451 10.6454 10.6454 10.6454 10.6454 10.6577 9.99305 9.01288 9.01568 9.02288 9.06607 8.48925 8.43436 8.46951 7.93436 7.92253 7.41702 7.01461 6.97590 6.93723 6.89856 6.87082 6.86964 6.86964 6.86964 6.86964 6.70938 5.28369
6.70752 6.70752 6.72224 7.35059 8.13927 8.78788 8.78788 8.78788 10.2066 11.7977 11.7373 11.5650 11.3883 11.2112 11.0986 11.0967 11.0967 11.0967 11.0967 11.2415 11.1673 11.0626 10.9889 10.1701 9.85396 9.76979 9.68610 9.64862 9.65023 9.65180 9.65337 9.65494 9.62284 9.27836 9.38987 10.6861 10.4849 10.3845 10.6566 10.8022 10.8403 10.8484 10.8505 10.8530 10.8429 10.4819 9.21554 9.21554 9.21554 9.21356 8.75119 8.44942 8.49295 7.92148 7.71455 7.49263 6.86964 6.86964 6.86964 6.86964 6.86964 6.86964 6.87000 6.89048 6.92258 6.95465 5.65467
6.70752 6.70752 6.70752 7.17316 7.78936 8.76608 8.76425 8.81123 9.50877 11.1434 11.1014 11.0967 11.0967 11.0967 11.0967 11.0967 11.0759 10.9369 10.7786 10.7830 10.8422 10.7445 10.7386 10.2311 9.65396 9.65554 9.65672 9.65691 9.66184 9.66932 9.67674 9.68420 9.69165 9.40722 9.32426 10.7506 10.8608 10.6850 10.7105 10.8787 10.8427 10.8370 10.8370 10.8367 10.8335 10.7495 9.21228 9.19671 9.19186 9.18899 8.91760 8.42889 8.47356 8.09335 7.70737 7.69341 6.92806 6.87949 6.91083 6.94290 6.97500 7.00707 7.03881 7.05040 7.05040 7.05040 6.14719
6.80892 6.87287 6.94134 7.33089 7.85857 8.87368 8.96357 8.96911 9.30485 10.6896 11.0967 11.0647 10.9172 10.7600 10.6346 10.5274 10.4406 10.4725 10.5231 10.6552 11.0457 11.0071 10.9461 10.6627 9.69142 9.69884 9.70630 9.71363 9.71612 9.71612 9.71612 9.71612 9.71355 9.51359 9.25301 10.2141 10.7797 10.6206 10.5224 10.8316 10.8275 10.8235 10.8194 10.8157 10.8149 10.8149 9.46593 9.18897 9.18897 9.18897 9.10352 8.43271 8.49391 8.36133 7.80099 7.83306 7.33162 7.04964 7.05040 7.05040 7.05040 7.05040 7.05580 7.09054 7.10787 7.11981 6.60717
7.13515 7.20091 7.26175 7.35506 7.95228 8.70093 8.92353 8.77448 8.75999 9.90689 10.5679 10.4924 10.5249 10.5512 10.5448 10.5206 10.4965 10.4724 10.4483 10.4262 11.0028 11.0844 10.9861 10.9633 9.78401 9.71612 9.71612 9.71612 9.71448 9.69592 9.67292 9.64988 9.62939 9.55943 9.16373 9.73217 10.8265 10.6192 10.4546 10.7922 10.8149 10.8149 10.8149 10.8149 10.8149 10.8149 9.83470 9.25430 9.30300 9.35167 9.40043 8.78620 8.68598 8.64479 7.93046 7.89030 7.64865 7.12755 7.16988 7.20774 7.22285 7.23480 7.24138 7.21864 7.21324 7.21324 7.02128
7.27424 7.28166 7.36002 7.46009 7.67414 8.08725 8.55243 8.61020 8.60761 9.24978 10.4132 10.4322 10.4158 10.4153 10.4153 10.4153 10.4153 10.4153 10.4153 10.4153 10.8589 11.0951 11.0061 10.9857 10.0969 9.69813 9.67512 9.65160 9.62591 9.61632 9.61197 9.61084 9.61010 9.61257 9.24074 9.31883 10.8894 10.6670 10.5399 10.7326 10.8604 10.8952 10.9402 10.9851 11.0301 11.0750 10.4315 9.45465 9.45465 9.48736 9.55773 9.15497 8.93708 8.97883 8.39477 8.15194 8.05216 7.29310 7.24222 7.21636 7.21324 7.21324 7.21324 7.21324 7.21324 7.20096 7.17065
7.81025 7.93462 7.99329 8.02995 7.96724 8.05777 8.62566 8.64453 8.66304 9.09408 10.2451 10.6158 10.6346 10.6532 10.6717 10.6906 10.7090 10.7278 10.7464 10.7648 10.9568 11.1501 11.0659 10.9706 10.3873 9.66300 9.64821 9.63411 9.62384 9.61445 9.60426 9.59115 9.57795 9.56486 9.33226 9.11294 10.4270 10.5743 10.5049 10.5496 10.7746 10.7658 10.7563 10.7861 10.8207 11.1011 11.0498 9.81065 9.88093 9.91855 9.91855 9.61584 9.07255 8.97586 8.46867 7.88287 7.87175 7.37449 7.15346 7.12598 7.09855 7.07105 7.04364 7.03282 7.07572 7.13489 7.20914
8.51004 8.51500 8.51500 8.51500 8.46784 8.34761 8.99151 9.03527 9.03527 9.23911 10.2256 10.9322 10.9322 10.9322 10.9322 10.9322 10.9321 10.9231 10.9120 10.5281 10.3619 10.5300 10.5330 10.4059 10.2214 9.31766 9.31766 9.31766 9.31766 9.31766 9.31153 9.29902 9.28651 9.27400 9.18133 8.86258 9.76013 10.4330 10.5016 10.4505 10.7835 10.8337 10.8760 10.8809 10.8809 11.0884 11.4884 9.90964 9.76539 9.59903 9.43211 9.19952 8.72479 8.68353 8.46435 7.66316 7.63966 7.37527 7.03459 7.10895 7.18324 7.25752 7.33184 7.38937 7.39335 7.39335 7.39335
8.51500 8.51500 8.51500 8.51500 8.51019 8.34494 8.81989 9.03527 9.03527 9.05918 9.86314 10.9119 10.9382 10.9389 10.9280 10.9170 10.9062 10.9043 10.9044 10.6441 10.3325 10.5175 10.5725 10.4148 10.4025 9.41428 9.29524 9.28273 9.27022 9.26259 9.29877 9.34930 9.39977 9.45024 9.49922 9.20442 9.68899 10.6680 10.7019 10.5684 10.7785 10.7456 10.6799 10.6013 10.4851 10.4374 10.8325 9.19246 8.85130 8.85130 8.85130 8.85126 8.64424 8.60972 8.56886 7.92373 7.97072 7.97442 7.39714 7.39335 7.39335 7.39335 7.39335 7.39335 7.39335 7.39335 7.39346
8.51500 8.51500 8.51500 8.51500 8.51500 8.39076 8.63802 9.04288 9.05495 9.07344 9.66921 10.6640 10.9161 10.9044 10.9044 10.9044 10.9044 10.9044 10.9044 10.7787 10.3466 10.5557 10.5391 10.3813 10.2265 9.63361 9.41997 9.47044 9.52094 9.56653 9.57445 9.57170 9.55873 9.54485 9.53092 9.28989 9.23666 10.2416 10.2085 10.0702 10.1432 10.2148 10.1618 10.1211 10.1186 10.1200 10.6387 9.55784 8.84496 8.84145 8.83795 8.83445 8.68328 8.60070 8.57330 8.17771 8.05814 8.05814 7.53502 7.39335 7.39340 7.39360 7.39382 7.39404 7.39426 7.39447 7.39458
8.51500 8.51600 8.60962 8.76419 8.91753 9.00088 9.14692 9.14532 9.15442 9.16624 9.52380 10.3466 10.9044 10.9044 10.9137 10.9545 10.9979 10.9936 10.9300 10.8457 10.1982 10.2283 10.0400 9.87249 9.75585 9.66841 9.53154 9.51764 9.50374 9.48985 9.47595 9.46480 9.46386 9.46386 9.46386 9.33237 9.00935 9.83821 9.96436 9.91406 9.90067 10.1178 10.1154 10.1129 10.1104 10.1079 10.5022 9.91401 8.83221 8.83221 8.83221 8.83221 8.73991 8.60075 8.58165 8.30852 8.05853 8.05875 7.74033 7.39440 7.39457 7.39458 7.39458 7.47585 7.73681 7.96858 7.40024
9.06934 9.22338 9.29869 9.31688 9.33509 9.32658 9.18160 9.26519 9.16647 9.17999 9.37100 10.0812 10.8686 10.8093 10.7360 10.6312 10.5225 10.4609 10.4588 10.4569 10.0239 10.0244 9.93361 9.81080 9.66046 9.63894 9.46410 9.46386 9.46386 9.46386 9.46386 9.43983 9.32125 9.19307 9.06483 8.96627 8.84465 9.42513 9.81157 9.80110 9.79448 10.1049 10.1049 10.1049 10.1049 10.1049 10.3855 10.2595 8.83221 8.82767 8.81214 8.79612 8.74437 8.53258 8.53657 8.44936 8.05026 8.05937 7.97039 7.65231 7.90487 8.13804 8.34681 8.46399 8.43984 8.40981 7.53125
9.33139 9.34789 9.35083 9.35083 9.32226 9.35278 9.54185 9.92106 10.0222 10.2338 10.4089 9.57975 10.2516 10.4538 10.4519 10.4500 10.4495 10.4495 10.4495 10.4495 10.1212 9.98067 9.99810 9.83061 9.68756 9.66036 9.49502 9.44675 9.33342 9.20520 9.07399 8.93838 8.89021 8.85166 8.81315 8.77478 8.69286 9.02583 9.69858 9.73369 9.73563 10.0202 10.0466 10.0220 9.98994 9.95421 10.0805 10.3122 8.76214 8.74541 8.74492 8.74492 8.73859 8.50477 8.60325 8.84293 8.65059 8.85847 8.99355 8.52196 8.43334 8.40521 8.38452 8.38349 8.38349 8.38349 7.87444
9.53905 9.64282 9.74676 9.85091 9.98359 10.0570 10.3102 10.6333 10.4761 10.4715 10.4643 9.81027 9.91661 10.4158 10.4084 10.4011 10.3938 10.3865 10.3792 10.3718 10.1497 9.84441 9.65684 9.39858 9.16184 8.92498 8.62274 8.36534 8.28767 8.22485 8.16572 8.13535 8.11234 8.08933 8.06632 8.04340 7.98623 8.00870 8.91109 8.90449 8.89523 9.10526 9.23902 9.22908 9.22668 9.22727 9.26264 9.57943 8.81815 8.71351 8.90094 9.07819 9.24717 9.28996 9.25721 9.20284 8.89501 8.74160 8.68108 8.51501 8.40439 8.45510 8.50595 8.55689 8.60774 8.65864 8.52291
9.91962 9.91265 9.90540 9.89811 9.89072 9.88352 9.99948 10.4158 10.3259 10.2736 10.2736 9.89077 9.43760 10.2470 10.2470 10.2470 10.2470 10.2470 10.2470 10.2390 10.0222 9.50710 8.92010 8.50984 8.35251 8.16034 8.09908 7.96455 7.96582 7.96709 7.96764 7.96764 7.96764 7.96406 7.95557 7.94704 7.93351 7.83083 8.71835 8.87519 8.90395 9.02699 9.18397 9.16409 9.16017 9.33807 9.56977 10.1760 10.0099 9.48329 9.44771 9.34303 9.16873 9.01538 9.07779 9.15228 9.07333 8.99173 9.04249 9.01950 8.82697 8.82686 8.82638 8.82591 8.82543 8.82495 8.81979
9.85877 9.85877 9.85877 9.85877 9.85877 9.85877 9.87260 10.2953 10.4397 10.2736 10.2736 10.1546 9.28807 10.0943 10.2470 10.2278 10.0909 9.90986 9.72909 9.55628 9.49741 9.16286 8.82732 8.50804 8.39327 8.17306 8.15281 7.97045 7.96154 7.95302 7.94450 7.93598 7.92772 7.93366 7.94999 7.96633 7.98267 7.92664 8.55451 8.96831 9.08988 9.35524 9.68979 9.87958 10.0025 9.97535 9.87742 10.0158 9.68592 8.68674 8.43716 8.35758 8.34728 8.52365 9.36149 9.39657 9.44722 9.13705 9.12199 9.11701 8.84603 8.82450 8.82450 8.82450 8.82450 8.82450 8.82450
9.85877 9.85877 9.85877 9.85877 9.85877 9.85877 9.85877 10.1748 10.4709 10.2734 10.2544 10.2230 9.33548 9.53294 9.70774 9.54600 9.50219 9.50219 9.50219 9.50219 9.50219 9.22265 8.92000 8.57900 8.38446 8.20633 8.12370 7.97235 7.95639 7.97273 7.98906 8.00542 8.02148 8.02692 8.02692 8.04148 8.25324 8.45716 8.92222 9.55297 9.62656 9.56814 9.55819 9.46518 9.39475 9.32525 9.28480 9.44839 9.43709 8.60583 8.40519 8.48259 8.55995 8.64297 9.65166 9.78325 9.82925 9.28909 9.12090 9.12090 8.93224 8.82450 8.82450 8.83521 8.90032 8.97310 9.04584
9.85877 9.85877 9.85877 9.85877 9.85717 9.74535 9.56672 9.57601 9.85553 10.0856 10.0501 10.0239 9.43634 9.12661 9.50219 9.50219 9.50219 9.50108 9.49562 9.48973 9.47112 9.21329 8.89553 8.47284 8.20781 8.03311 7.86289 7.93226 7.98801 7.96126 7.93465 8.04839 8.30001 8.53666 8.76008 8.96060 8.99619 8.98800 8.93869 9.32803 9.26911 9.20956 9.23802 9.28458 9.29922 9.35480 9.41292 9.58064 9.84755 9.16175 8.77001 8.77001 8.77001 8.77001 9.46406 9.78422 9.81688 9.47902 9.17058 9.24328 9.21826 9.09240 9.16510 9.22717 9.23476 9.23476 9.25693
10.9984 11.0339 11.0694 11.0912 11.0915 12.6243 12.5023 12.2860 12.2860 10.9890 13.4561 13.6533 13.6533 16.6068 24.5839 5.96696 5.92840 5.89370 5.86308 5.86081 5.88452 6.54813 6.78364 6.02930 6.74256 7.14646 7.12694 7.19391 7.50417 7.63758 7.74922 7.86224 7.85013 7.83874 7.82754 7.81602 7.80482 7.79353 7.78254 7.78271 8.39925 9.11597 9.45969 10.0930 11.3229 12.2159 12.8447 13.2005 13.2021 13.2021 13.2021 13.2006 13.0947 12.4073 12.2420 11.5204 11.3345 11.0642 10.0284 10.1872 10.2693 10.2693 10.2693 9.70700 8.94132 8.94132 8.94132
