High_resolution/powerplant/Shangrao/OMI_NO2_201010.asc
ncols      200
nrows      200
xllcorner       115.451
yllcorner       27.0350
cellsize     0.0166667
NODATA_Value      -999.000
[rows 58 to 86 of 175, columns 67 to 133 of 200]
2.87405 3.18662 3.50017 3.50017 3.50017 3.50017 3.46274 3.29557 3.28869 3.26392 3.05845 2.81705 2.56800 2.27380 1.96335 1.89527 1.92474 2.06896 2.47333 2.47333 2.47333 2.47333 2.47333 2.47333 2.47333 2.47949 2.45946 2.34052 2.19624 2.06774 1.94868 1.86038 1.83073 1.76121 1.63277 1.63277 1.63277 1.62473 1.61891 1.61891 1.61891 1.61891 1.61891 1.78320 2.74246 2.75032 2.73540 2.72073 2.71566 2.71566 2.71566 2.71566 2.71566 2.71566 2.71566 2.71566 2.71787 2.84617 3.15303 4.05910 3.97999 3.57753 3.48439 3.48928 3.53707 3.59179 3.65394
2.87405 2.99331 3.50017 3.50017 3.42830 3.19294 2.94834 2.53360 2.25192 1.98488 1.88870 1.82850 1.77606 1.76879 1.77116 1.91688 1.92845 1.94283 2.44962 2.47333 2.47334 2.47369 2.46912 2.45343 2.43530 2.33674 1.85568 1.83073 1.83073 1.83073 1.83073 1.83073 1.83073 1.80828 1.63277 1.63277 1.63277 1.62900 1.61891 1.61762 1.60887 1.59892 1.58898 1.60679 2.53289 2.71566 2.71566 2.71566 2.71566 2.71566 2.71566 2.71566 2.71566 2.79317 2.96921 3.11074 3.22384 3.17264 3.02907 3.39276 3.44592 3.34356 3.73629 3.80308 3.80558 3.80558 3.80558
2.87405 2.87422 2.68756 2.39238 2.21896 2.16478 2.10458 1.92609 1.77835 1.76879 1.76879 1.76879 1.76879 1.76879 1.76879 1.87035 1.91948 1.88710 2.27869 2.44351 2.42400 2.40462 2.39235 2.39205 2.39205 2.39081 1.85689 1.83073 1.83073 1.83073 1.83073 1.83073 1.83073 1.83072 1.66515 1.64074 1.68242 1.72751 1.60077 1.57867 1.57747 1.57747 1.57747 1.57747 2.18307 2.71566 2.71566 2.71566 2.71566 2.75128 2.92287 3.07366 3.12288 3.05071 2.90990 2.76779 2.62705 2.57353 2.57353 2.87297 3.27288 3.27505 3.75379 3.80558 3.80558 3.80558 3.80558
2.87064 2.81047 2.31945 2.04869 1.99246 1.98028 1.98028 1.92236 1.77043 1.76879 1.76879 1.76661 1.73527 1.68396 1.61698 1.60731 1.68760 1.66907 1.97998 2.39205 2.39205 2.39205 2.39205 2.39205 2.39205 2.39205 2.00866 1.83073 1.83073 1.83073 1.83073 1.83751 1.86924 1.90329 1.85116 1.81239 1.81613 1.81613 1.65779 1.57747 1.57747 1.57747 1.57747 1.57747 1.85465 2.72484 2.87339 2.97460 2.95712 2.91944 2.78901 2.64703 2.57353 2.57353 2.57353 2.57353 2.57353 2.57353 2.57353 2.66902 3.27288 3.27288 3.60494 3.75525 3.59158 3.42374 3.25590
2.57881 2.55866 2.33825 1.98028 1.98028 1.98028 1.98028 1.94971 1.72329 1.64728 1.57526 1.49681 1.46290 1.45270 1.45267 1.46349 1.65970 1.66555 1.78012 2.39205 2.39205 2.39205 2.39205 2.39205 2.39205 2.39205 2.18970 1.83399 1.87024 1.88895 1.89950 1.90349 1.87793 1.84645 1.81858 1.81613 1.81613 1.81613 1.73009 1.57747 1.57747 1.57747 1.69542 1.89366 2.21369 2.79013 2.66832 2.57546 2.57353 2.57353 2.57353 2.57353 2.57353 2.57353 2.57353 2.57353 2.57353 2.57353 2.57361 2.67704 3.00371 2.84259 2.85538 3.08979 3.08554 3.08554 3.08554
2.55866 2.55866 2.51542 1.95285 1.91490 1.90831 1.90079 1.91627 1.55619 1.45267 1.45267 1.45267 1.45267 1.45267 1.45267 1.45267 1.60535 1.66555 1.66614 2.30632 2.39205 2.39205 2.39205 2.40300 2.44831 2.50215 2.52688 1.85011 1.82946 1.81613 1.81613 1.81613 1.81613 1.81613 1.81613 1.81613 1.81613 1.81528 1.84388 1.86505 2.14007 2.40898 2.60150 2.74541 2.79674 2.67143 2.57353 2.57353 2.57353 2.57353 2.57353 2.57353 2.57353 2.57353 2.57721 2.71519 2.92074 3.12622 3.33169 3.42895 2.89915 2.55285 2.58960 3.07866 3.08554 3.08554 3.08554
2.57909 2.63542 2.70454 2.08724 1.97004 1.97012 1.97012 1.97012 1.70770 1.45267 1.45267 1.45267 1.45267 1.45267 1.45267 1.45267 1.54012 1.66598 1.72054 2.18513 2.45287 2.51339 2.58409 2.64645 2.65080 2.65080 2.65080 1.96349 1.81613 1.81613 1.81613 1.81613 1.81612 1.80711 1.83119 2.09423 2.38916 2.67398 2.92851 2.85461 2.79674 2.79674 2.79674 2.79674 2.79674 2.73520 2.57353 2.57353 2.57353 2.57353 2.58619 2.74846 2.95402 3.15958 3.36137 3.42895 3.42895 3.42895 3.42895 3.42895 3.16830 2.55285 2.55285 2.95303 3.02235 2.96661 2.91084
2.83260 2.83260 2.83260 2.33063 1.97012 1.97012 1.97012 1.97012 1.85928 1.45267 1.45267 1.45267 1.45960 1.52689 1.61796 1.74536 1.98666 2.44588 2.59893 2.64849 2.65080 2.65080 2.65080 2.65080 2.65080 2.65080 2.65080 2.21574 1.81085 1.80051 1.86153 1.95616 2.06761 2.46694 3.00399 3.03540 3.03540 3.03540 3.03540 2.92750 2.79674 2.79674 2.79674 2.79674 2.79674 2.78985 2.60965 2.78191 2.98730 3.19285 3.38575 3.42895 3.42895 3.42895 3.42895 3.42895 3.42895 3.42895 3.42895 3.42144 3.31806 2.47773 2.38850 2.60418 2.87222 2.86058 2.84495
2.83260 2.83260 2.83260 2.59386 1.97012 1.97012 1.97012 2.00156 2.11275 1.70287 1.76125 1.91081 2.14646 2.27863 2.38149 2.45705 2.46072 2.61211 2.65080 2.65080 2.65080 2.65080 2.65080 2.65080 2.65080 2.66309 2.69471 2.61664 2.19529 2.33212 2.37516 2.37516 2.37516 2.46687 3.03196 3.03540 3.03540 3.03540 3.03540 2.99982 2.79674 2.79674 2.84362 3.03831 3.24396 3.44943 3.47035 3.42895 3.42895 3.42895 3.42895 3.42895 3.42895 3.42895 3.42895 3.42825 3.37289 3.28340 3.19402 3.11379 3.17089 2.76381 2.63396 2.76115 2.79870 2.79471 2.79471
2.83260 2.83260 2.95895 3.16370 2.39693 2.46852 2.66356 2.84333 2.94459 2.55972 2.37429 2.45482 2.46072 2.46072 2.46072 2.46072 2.46072 2.55358 2.65080 2.65080 2.65425 2.67977 2.71627 2.76479 2.83228 2.88094 2.88103 2.88103 2.54060 2.37516 2.37516 2.37516 2.37516 2.37516 2.92534 3.03540 3.03540 3.03540 3.04328 3.06839 3.23240 3.48279 3.64139 3.65216 3.65216 3.65216 3.55842 3.42895 3.42895 3.42895 3.42895 3.42895 3.39706 3.30874 3.21936 3.18978 3.26547 3.37503 3.48473 3.59260 3.62955 3.34400 2.87329 2.87272 2.80133 2.79471 2.79471
3.53058 3.66132 3.71871 3.72793 3.31912 3.04028 3.14318 3.22824 3.23689 2.97644 2.46072 2.46072 2.46072 2.46072 2.46072 2.46074 2.46343 2.51053 2.74152 2.79946 2.86962 2.88103 2.88103 2.88103 2.88103 2.88103 2.88103 2.88103 2.70042 2.37516 2.37516 2.37516 2.37516 2.37516 2.74898 3.06960 3.09534 3.12107 3.13892 3.13954 3.41832 3.65216 3.65216 3.65216 3.65216 3.65216 3.62216 3.42897 3.41485 3.33401 3.28920 3.30897 3.36099 3.46961 3.57911 3.62955 3.62955 3.62955 3.62955 3.62955 3.62955 3.56659 2.88213 2.87329 2.82296 2.79471 2.80142
3.78372 3.85231 3.92091 3.98028 3.77552 3.23689 3.23689 3.23689 3.23689 3.18954 2.47493 2.46163 2.46643 2.47300 2.48176 2.49401 2.50087 2.50129 2.83203 2.88103 2.88103 2.88103 2.88103 2.88103 2.88103 2.88103 2.88103 2.88103 2.87200 2.39662 2.38992 2.42821 2.46682 2.50544 2.64236 3.13893 3.13954 3.13954 3.13954 3.13954 3.26353 3.65216 3.65216 3.65216 3.64871 3.61290 3.64421 3.46231 3.46297 3.56408 3.62907 3.62955 3.62955 3.62955 3.62955 3.62955 3.62955 3.62955 3.62955 3.62955 3.62955 3.63212 3.07358 2.89949 2.88640 2.85105 2.85941
3.98823 3.98823 3.98823 3.98823 3.93701 3.24060 3.23583 3.09518 2.85608 2.61687 2.43886 2.49971 2.50087 2.50087 2.50087 2.50087 2.50087 2.50087 2.71522 2.88103 2.88103 2.88103 2.88103 2.88103 2.88103 2.88103 2.91374 2.99072 3.06798 2.64827 2.53107 2.53137 2.53137 2.53137 2.53137 3.05656 3.13954 3.13954 3.13954 3.13954 3.15401 3.68659 3.77583 3.83325 3.90683 4.03462 4.04480 3.77149 3.62955 3.62955 3.62955 3.62955 3.62955 3.62955 3.62955 3.62955 3.62955 3.63745 3.72266 3.82748 3.93230 4.03454 3.53613 2.93801 2.93145 2.86002 2.85943
3.98823 3.98823 3.96708 3.82637 3.66689 2.76262 2.27772 2.17937 2.17937 2.17937 2.27467 2.50087 2.50087 2.50087 2.50087 2.50087 2.50087 2.50087 2.59822 2.88103 2.88103 2.88103 2.91714 2.99428 3.07148 3.14871 3.19320 3.19345 3.19345 2.85139 2.53137 2.53137 2.53137 2.53137 2.53137 2.88988 3.19699 3.27752 3.29464 3.31018 3.31642 3.76608 4.04480 4.04480 4.04480 4.04480 4.04480 3.89388 3.62955 3.62955 3.62955 3.62955 3.62955 3.64566 3.74013 3.84495 3.94977 4.04668 4.06629 4.06629 4.06629 4.06629 3.87694 2.93979 2.93801 2.87565 2.87671
3.59956 3.44016 3.30191 3.28322 3.28322 2.79543 2.17937 2.17937 2.17937 2.17937 2.20826 2.50087 2.50087 2.50087 2.50087 2.50087 2.50087 2.50087 2.54174 2.97035 3.07506 3.15230 3.19342 3.19345 3.19345 3.19345 3.19345 3.19345 3.19345 3.10521 2.53563 2.55560 2.63888 2.74750 2.89157 3.20648 3.38141 3.28140 3.27586 3.27586 3.27586 3.53387 4.04480 4.04480 4.04480 4.04480 4.04480 4.02597 3.64123 3.65684 3.75760 3.86242 3.96723 4.05594 4.06629 4.06629 4.06629 4.06629 4.06629 4.06629 4.06629 4.06629 4.08022 3.15116 3.06670 3.09069 3.08459
3.28322 3.28322 3.28322 3.28322 3.28322 3.06798 2.17937 2.17937 2.17937 2.17937 2.17947 2.42780 2.50087 2.50087 2.53042 2.60207 2.67411 2.74610 2.78362 3.04655 3.19345 3.19345 3.19345 3.19345 3.19345 3.19345 3.19345 3.19345 3.19345 3.19345 3.05464 3.18870 3.19345 3.19345 3.19345 3.19347 3.26914 3.27586 3.27586 3.27586 3.27586 3.31908 4.02723 4.04480 4.04480 4.10684 4.26308 4.42031 4.11508 4.06223 4.06629 4.06547 3.96156 4.00195 4.06629 4.06629 4.06629 4.06629 4.07212 4.13054 4.21436 4.31855 4.42671 4.06276 4.07797 4.37079 3.69232
3.28322 3.28322 3.28322 3.28322 3.28322 3.22774 2.23152 2.17937 2.17937 2.17937 2.19179 2.37813 2.66877 2.74079 2.78328 2.78362 2.78362 2.78362 2.78362 2.92090 3.19345 3.19345 3.19345 3.19345 3.19345 3.19345 3.19345 3.19345 3.19345 3.19345 3.19345 3.19345 3.19345 3.19345 3.19345 3.19345 3.25058 3.27586 3.27586 3.27586 3.27586 3.19585 3.94171 4.44651 4.60374 4.69893 4.60880 4.32933 3.89318 3.57075 3.44890 3.33862 3.29628 3.65835 4.06693 4.10953 4.18859 4.28733 4.68299 5.22070 5.72994 6.23868 6.73507 6.52923 5.67236 5.64785 4.00279
3.23903 3.17231 3.10566 3.03908 2.97243 2.93877 2.47369 2.22463 2.26064 2.29665 2.32024 2.39843 2.78362 2.78362 2.78362 2.78362 2.78362 2.78362 2.78362 2.80568 3.18312 3.19345 3.19345 3.19345 3.19345 3.19345 3.19345 3.19345 3.19345 3.19345 3.19345 3.19345 3.19345 3.19345 3.19345 3.19345 3.22192 3.18955 3.03362 2.87768 2.70885 2.52226 3.16011 3.94016 3.74580 3.57597 3.46641 3.46203 3.43445 3.29632 3.29628 3.29471 3.29006 3.62976 5.06139 5.65511 6.16385 6.67136 6.88992 6.88992 6.88992 6.88992 6.88992 6.84609 5.71948 5.67236 4.48377
2.93877 2.93877 2.94435 2.96717 2.99118 3.01518 2.78917 2.32075 2.32075 2.32075 2.32075 2.32878 2.74870 2.78362 2.78362 2.78362 2.78362 2.78362 2.78362 2.78362 3.07971 3.19345 3.19345 3.19345 3.19345 3.19345 3.19345 3.19345 3.19345 3.19345 3.19345 3.19345 3.19219 3.00822 2.69636 2.38449 2.07838 2.60377 2.41508 2.16858 2.10404 2.09264 2.26800 3.46079 3.46203 3.46203 3.46203 3.46356 3.47305 3.62947 4.01118 4.38714 4.72726 4.97021 6.80181 6.88992 6.88992 6.88992 6.88992 6.88992 6.88992 6.88992 6.88992 6.88992 6.04257 5.70472 5.05680
2.98938 3.01339 3.03182 3.03302 3.03302 3.03302 2.95229 2.32075 2.32075 2.32088 2.32539 2.33200 2.58017 2.78362 2.78362 2.78362 2.78362 2.78362 2.78362 2.78362 2.95410 3.19345 3.19345 3.19345 3.19345 3.19345 3.19345 3.19345 3.19080 2.99562 2.68375 2.37189 2.06116 1.93339 1.93339 1.93339 1.93339 2.45307 2.45705 2.09264 2.09264 2.09264 2.09264 3.22176 3.46988 3.48181 3.49658 3.51200 3.51390 4.43579 4.92203 4.92203 4.92203 4.92203 6.20843 6.88992 6.88992 6.88992 6.88992 6.88992 6.97092 7.40313 7.87554 8.34815 7.57083 5.82465 5.64090
3.03302 3.03302 3.03302 3.03302 3.03302 3.03391 3.03759 2.45160 2.34147 2.34794 2.35005 2.35005 2.46226 2.78362 2.78362 2.78362 2.78362 2.78362 2.78362 2.78362 2.82985 3.19218 3.19345 3.19345 3.18891 2.98302 2.67115 2.35929 2.04994 1.93339 1.93339 1.93339 1.93339 1.93339 1.93339 1.93339 1.93339 2.22309 2.62364 2.10808 2.03337 1.89596 1.72681 2.56130 3.51390 3.51390 3.51390 3.51390 3.51390 4.02307 4.92203 4.92203 4.92203 4.92203 5.65521 6.88992 7.02532 7.48413 7.95654 8.42876 8.82036 8.86077 8.86077 8.86077 8.54310 5.83680 5.82465
3.03303 3.03551 3.03991 3.04433 3.04873 3.05226 3.05256 2.69536 2.35005 2.35005 2.35005 2.35005 2.37790 2.78267 2.78362 2.78362 2.78362 2.78362 2.78362 2.78362 2.78225 2.92028 2.65855 2.34669 2.03923 1.93339 1.93339 1.93339 1.93339 1.93339 1.93339 1.93339 1.93339 1.93339 1.93339 1.93339 1.93339 1.95347 2.33751 1.67131 1.45982 1.45982 1.45982 1.91337 3.51390 3.51390 3.51390 3.51390 3.51390 3.57797 4.88320 4.92203 5.05789 5.37191 6.02923 8.50995 8.84677 8.86077 8.86077 8.86077 8.86077 8.86077 8.86077 8.86077 8.86077 6.42694 5.82465
3.05062 3.05256 3.05256 3.05256 3.05256 3.05256 3.05256 2.87784 2.35005 2.35005 2.35005 2.35005 2.35005 2.65636 2.78362 2.78362 2.78296 2.73897 2.66891 2.59889 2.53030 2.22180 1.93339 1.93339 1.93339 1.93339 1.93339 1.93339 1.93339 1.93339 1.93339 1.93339 1.93339 1.93339 1.93339 1.93339 1.93339 1.93339 1.93339 1.64207 1.45982 1.45982 1.45982 1.47648 3.33047 3.51390 3.51390 3.51627 3.79731 4.26972 5.52384 6.05579 6.23514 6.23593 6.25173 8.59264 8.86077 8.86077 8.86077 8.86077 8.86077 8.86077 8.86077 8.86077 8.86077 7.33293 5.65938
3.05256 3.05256 3.05256 3.05256 3.05256 3.05256 3.05256 3.02007 2.36272 2.35005 2.35005 2.35005 2.34995 2.48157 2.67339 2.60338 2.53397 2.50798 2.50798 2.50798 2.50798 2.39744 1.93339 1.93339 1.93339 1.93339 1.93339 1.93339 1.93339 1.93339 1.93339 1.93339 1.93339 1.93339 1.93339 1.93339 1.93339 1.93339 1.93339 1.79349 1.45982 1.45982 1.45982 1.46584 3.01357 4.35052 4.82313 5.29318 5.48475 5.57047 6.32424 6.99527 7.42915 7.93057 8.51627 8.86077 8.86077 8.86077 8.86077 8.86077 8.86183 8.93944 9.08799 9.27814 9.53109 8.69247 3.91101
3.05256 3.05256 3.05157 2.99116 2.88562 2.76349 2.62103 2.45241 2.35005 2.33219 2.29717 2.26215 2.22725 2.25351 2.50798 2.50798 2.50798 2.50798 2.50798 2.50798 2.50798 2.50648 1.99955 1.93339 1.93339 1.93339 1.93339 1.93339 1.93339 1.93339 1.93339 1.93339 1.93339 1.93339 1.93339 1.93339 1.93339 1.93339 1.93339 1.94708 1.64375 1.80148 1.99212 2.18219 3.43241 6.34511 6.97346 7.77080 8.81176 9.88799 9.71152 8.86077 8.86077 8.86077 8.86077 8.86077 8.92171 9.06572 9.24933 9.49188 9.82370 9.98323 9.98323 9.98323 9.98323 9.95287 4.51763
2.73974 2.59292 2.42093 2.35005 2.35005 2.33435 2.29941 2.26439 2.22936 2.21223 2.21223 2.21223 2.21223 2.21473 2.47282 2.50798 2.50798 2.50798 2.50798 2.50798 2.50798 2.50798 2.17370 1.93339 1.93339 1.93339 1.93339 1.93339 1.93339 1.93339 1.93339 1.93339 1.93339 1.93339 1.93339 1.95497 2.25223 2.63351 3.01464 3.37988 2.80737 2.78408 3.04678 3.37806 3.76548 9.77951 9.98323 9.98323 9.98323 9.98323 9.98323 9.00042 9.04418 9.22147 9.45448 9.77470 9.98323 9.98323 9.98323 9.98323 9.98323 9.98323 9.98323 9.98323 9.98323 9.98323 6.30225
2.35005 2.33642 2.30163 2.26661 2.23163 2.21227 2.21223 2.21223 2.21223 2.21223 2.21223 2.21223 2.21436 2.24389 2.41479 2.50798 2.50798 2.50798 2.50798 2.50798 2.50798 2.50798 2.34911 1.93339 1.93339 1.93339 1.93339 1.93339 1.93339 1.93339 1.93339 1.96114 2.26934 2.65062 3.03144 3.39129 3.47517 3.47517 3.47517 3.47517 3.47517 3.47517 3.47517 3.47517 3.47517 8.10751 9.98323 9.98323 9.98323 9.98323 9.98323 9.98323 9.98323 9.98323 9.98323 9.98323 9.98323 9.98323 9.98323 9.98323 9.98323 9.98323 9.98323 9.62244 8.44987 7.24724 5.86786
2.23380 2.21248 2.21223 2.21223 2.21223 2.21223 2.21223 2.21223 2.22281 2.26232 2.31498 2.38648 2.48159 2.50798 2.50798 2.50798 2.50798 2.50798 2.50798 2.50798 2.50798 2.50798 2.49356 1.96441 1.93339 1.93339 1.93339 1.96746 2.28615 2.66743 3.04856 3.40209 3.47517 3.47517 3.47517 3.47517 3.47517 3.47517 3.47517 3.47517 3.47517 3.47517 3.47517 3.47517 3.47517 6.14297 9.98323 9.98323 9.98323 9.98323 9.98323 9.98323 9.98323 9.98323 9.98323 9.98323 9.98323 9.98323 9.98323 9.45007 8.24944 7.04680 5.84417 5.00232 4.97226 4.97226 5.00741
2.21223 2.21223 2.21223 2.21295 2.23798 2.28296 2.34257 2.42551 2.50480 2.50798 2.50798 2.50798 2.50798 2.50798 2.50798 2.50798 2.50798 2.50798 2.50798 2.50798 2.50798 2.50798 2.50798 2.16768 2.30295 2.68408 3.06536 3.41257 3.47517 3.47517 3.47517 3.47517 3.47517 3.47517 3.47517 3.47517 3.47517 3.47517 3.47517 3.47517 3.47517 3.47517 3.47517 3.47517 3.47517 4.19894 9.96436 9.98323 9.98323 9.98323 9.98323 9.98323 9.98323 9.98323 9.97572 9.24963 8.04730 6.84636 5.64373 4.97426 4.97226 4.97226 4.97226 4.97226 4.97226 4.97226 4.97226
