High_resolution/powerplant/Shangrao/OMI_NO2_200608.asc
ncols      200
nrows      200
xllcorner       115.451
yllcorner       27.0350
cellsize     0.0166667
NODATA_Value      -999.000
[rows 0 to 29 of 200, columns 132 to 197 of 200]
2.33194 2.33194 2.33194 2.33194 2.33194 2.33194 0.00000 0.00000 0.00000 0.00000 0.00000 3.98343 3.98343 3.98343 3.98343 3.98343 3.98343 3.98343 3.98294 3.77911 3.48301 3.25812 3.07991 2.93497 2.81615 2.77087 2.77087 2.77087 2.40755 1.55540 1.43110 1.28283 1.18669 0.951919 0.596161 0.596161 0.596161 0.596161 0.596161 0.596161 0.596161 0.596161 0.596161 0.596161 0.596161 0.596161 0.596161 0.596161 0.596161 0.596161 0.596161 0.00000 0.00000 0.00000 0.00000 0.00000 0.00000 0.00000 0.00000 0.00000 0.00000 0.00000 0.00000 1.36725 1.36725 1.36725
2.15049 2.33194 2.33194 2.33194 2.33194 2.33194 2.33194 0.00000 3.98343 3.98343 3.98097 3.74503 3.88443 3.86617 3.63183 3.45338 3.31356 3.20117 2.93180 2.77087 2.77087 2.77087 2.77087 2.77087 2.77087 2.74629 2.59804 2.45965 2.24461 1.35615 1.21408 1.07724 1.07724 1.01620 0.596161 0.596161 0.596161 0.596161 0.596161 0.596161 0.596161 0.596161 0.596161 0.596161 0.596161 0.596161 0.596161 0.596161 0.596161 0.596161 0.596161 0.00000 0.00000 0.00000 0.00000 0.00000 0.00000 0.00000 0.00000 1.96537 1.94375 1.93931 1.93772 1.93975 1.53465 1.36725
1.93729 2.33194 2.33194 2.33194 2.33194 2.33194 2.24627 1.88971 2.89757 2.92766 2.78410 2.71566 2.91011 3.07431 3.07390 3.07390 3.07390 3.07390 2.97468 2.77087 2.77087 2.71502 2.55833 2.42714 2.31816 2.23730 2.22709 2.22709 2.22709 1.53009 1.29765 1.07724 1.07724 1.07368 0.651734 0.596161 0.596161 0.596161 0.596161 0.596161 0.596161 0.596161 0.596161 0.596161 0.596161 0.596161 0.596161 0.596161 0.596161 0.596161 0.596161 0.00000 2.73377 2.73377 2.67268 2.32204 2.17435 2.10802 2.07040 2.05127 2.05051 2.05051 2.05051 2.05051 1.77008 1.36725
1.81577 2.30695 2.23376 2.17712 2.14032 2.09499 2.04260 2.00543 2.27701 2.66511 2.66511 2.66511 2.76543 3.07390 3.07390 3.07390 3.07371 2.95806 2.76055 2.39928 2.29217 2.22919 2.22709 2.22709 2.22709 2.22709 2.22709 2.22709 2.22709 1.83447 1.34840 1.11017 1.07724 1.07724 0.828526 0.596161 0.596161 0.596161 0.596161 0.596161 0.596161 0.596161 0.596161 0.596161 0.596161 0.596161 0.596161 0.596161 0.596161 0.963053 1.50044 2.34355 2.25034 2.15085 2.06731 2.05051 2.05051 2.05051 2.05051 2.05051 2.05051 2.05051 2.05051 2.05051 1.92235 1.41865
1.75961 2.06326 2.01439 1.99206 2.01015 2.00595 2.00595 2.00595 2.04814 2.65017 2.66511 2.66511 2.67507 2.89635 2.73528 2.59465 2.47680 2.42910 2.42910 2.27199 2.22709 2.22709 2.22709 2.22709 2.22709 2.22709 2.22709 2.14764 1.96232 1.69486 1.42705 1.34705 1.16072 1.07724 0.953301 0.596161 0.596161 0.596161 0.596161 0.596161 0.596161 0.596161 0.596161 0.596161 0.596161 0.601202 0.733941 0.922304 1.11050 1.51861 2.07707 2.05869 2.05051 2.05051 2.05051 2.05051 2.05051 2.05051 2.05051 2.05051 2.05079 2.10571 2.18759 2.25542 2.30284 2.16637
1.45976 1.79549 1.84752 1.86836 2.00503 2.00595 2.00595 2.00595 2.00595 2.51987 2.66191 2.37745 2.29987 2.38364 2.42910 2.42910 2.42910 2.42910 2.42910 2.32753 2.22709 2.22709 2.22368 2.09860 1.91293 1.72962 1.56934 1.49781 1.51709 1.52364 1.49891 1.44814 1.24389 1.07724 1.02402 0.596161 0.596161 0.596161 0.596161 0.596161 0.596161 0.632531 0.807418 0.995699 1.18390 1.36722 1.42268 1.42268 1.42268 1.42790 2.04658 2.06704 2.05051 2.05051 2.05051 2.05051 2.06858 2.15081 2.22482 2.28668 2.33899 2.35911 2.35911 2.35911 2.35911 2.22676
1.42552 1.66631 1.84752 1.84752 1.98648 2.00595 2.00595 2.00595 2.00595 2.33181 2.66511 2.36877 2.28371 2.33962 2.42910 2.42910 2.42910 2.42910 2.40962 2.20527 1.86343 1.68031 1.52403 1.49293 1.51335 1.52387 1.52392 1.52392 1.52336 1.52183 1.50159 1.47735 1.23154 0.699109 0.597314 0.596161 0.596161 0.692615 0.880813 1.06909 1.25737 1.40929 1.42268 1.42268 1.42268 1.42268 1.42268 1.42268 1.42268 1.42268 1.93564 2.07605 2.11057 2.19154 2.25875 2.31531 2.35543 2.35911 2.35911 2.35911 2.35911 2.35911 2.35911 2.35911 2.35911 2.28115
1.42552 1.57145 1.84752 1.84752 1.95362 2.00595 2.00595 2.00595 2.00595 2.09490 2.66189 2.48007 2.28371 2.30229 2.38039 2.20177 2.00542 1.80178 1.63561 1.60797 1.46692 1.46257 1.45152 1.43653 1.43130 1.51831 1.51627 1.51400 1.51248 1.51246 1.50081 1.46516 1.29618 0.972279 0.954290 1.14249 1.33085 1.42268 1.42268 1.42268 1.42268 1.42268 1.42268 1.42268 1.42268 1.42268 1.42268 1.42268 1.42268 1.42268 2.00839 2.36030 2.36276 2.35911 2.35911 2.35911 2.35911 2.35911 2.35911 2.35911 2.35911 2.35911 2.35911 2.35911 2.35911 2.32499
1.51190 1.52683 1.41318 1.38465 1.46189 1.65733 1.63727 1.61780 1.59893 1.58051 2.03154 1.94442 1.66900 1.54445 1.38537 1.38366 1.39421 1.38736 1.36408 1.33822 1.27578 1.24486 1.23675 1.23664 1.23936 1.49694 1.51246 1.51246 1.51910 1.54998 1.58821 1.65666 1.67971 1.55681 1.42268 1.42268 1.42268 1.42268 1.42268 1.42268 1.42268 1.42268 1.42268 1.42268 1.42268 1.42268 1.42268 1.42268 1.42268 1.42268 1.73978 2.37738 2.36836 2.35911 2.35911 2.35911 2.35911 2.35911 2.35911 2.35911 2.35911 2.35911 2.34315 2.25054 2.14835 2.04012
1.84752 1.72839 1.12852 1.12834 1.13529 1.45908 1.55241 1.66555 1.76359 1.84943 1.69679 1.45783 1.37895 1.34489 1.31701 1.29113 1.27245 1.27161 1.27161 1.27161 1.25931 1.23664 1.23664 1.23664 1.23918 1.46553 1.60005 1.64926 1.69537 1.69893 1.69893 1.75050 1.76991 1.59796 1.42440 1.42268 1.42268 1.42268 1.42268 1.42268 1.42268 1.42268 1.42268 1.42268 1.42268 1.42268 1.42268 1.42268 1.42268 1.42268 1.42376 2.32686 2.37389 2.35911 2.35911 2.35911 2.30844 2.20143 2.09855 1.99622 1.89409 1.79204 1.70567 1.69629 1.69629 1.69629
1.84752 1.85726 1.34782 1.47946 1.62960 1.81952 1.79538 1.67141 1.69303 1.71569 1.62870 1.30464 1.28673 1.27161 1.27161 1.27161 1.27161 1.27161 1.27161 1.27173 1.27232 1.24737 1.25488 1.26352 1.26899 1.46458 1.69893 1.69893 1.69893 1.69893 1.69893 1.72292 1.79081 1.63486 1.48802 1.42268 1.42268 1.42268 1.42268 1.42268 1.42268 1.42268 1.42268 1.42268 1.42268 1.42268 1.42268 1.42268 1.42268 1.43211 1.56510 2.06928 2.06989 1.94909 1.84416 1.74217 1.69058 1.69539 1.69629 1.69629 1.69629 1.69629 1.69629 1.69629 1.69629 1.69629
2.50599 2.67589 2.16446 1.92073 1.86238 1.64387 1.39363 1.39284 1.51546 1.68748 1.68744 1.36116 1.29762 1.27161 1.27161 1.27228 1.27785 1.28500 1.29292 1.30158 1.30464 1.27550 1.26901 1.26901 1.26901 1.38202 1.69893 1.69893 1.69893 1.69957 1.77450 1.91417 1.97309 1.95450 1.76099 1.42268 1.42268 1.42268 1.42268 1.42268 1.42268 1.42268 1.42268 1.44770 1.59505 1.72439 1.82563 1.90703 1.97852 2.09017 2.17510 2.07321 1.87995 1.78122 1.69629 1.69629 1.69629 1.69629 1.69629 1.69629 1.69629 1.69629 1.69629 1.69480 1.62317 1.51356
2.50834 2.32039 1.94891 1.72891 1.72891 1.68944 1.39311 1.39284 1.42212 1.68521 1.68748 1.46466 1.24351 1.26961 1.29516 1.30325 1.30464 1.30464 1.30464 1.30464 1.30464 1.28639 1.26901 1.26901 1.26901 1.31724 1.80710 1.93362 2.12638 2.35735 2.51416 2.61392 2.60995 2.46465 1.96463 1.42326 1.42268 1.47070 1.62401 1.74659 1.84332 1.92145 1.98585 2.03346 2.05915 2.13035 2.20441 2.27834 2.34831 2.36483 2.36483 2.32177 1.90016 1.84479 1.69629 1.69629 1.69629 1.69629 1.69629 1.66925 1.56451 1.45485 1.34524 1.23718 1.19920 1.19920
2.16882 2.16882 2.03626 1.72891 1.72891 1.72891 1.44655 1.37301 1.31846 1.46712 1.46949 1.35677 1.11967 1.21299 1.30464 1.30464 1.30464 1.30464 1.30464 1.30464 1.30464 1.30881 1.36286 1.44648 1.56130 1.71165 2.42253 2.59751 2.63645 2.63645 2.63645 2.63645 2.62338 2.59698 2.06737 1.59910 1.43779 2.01954 2.03957 2.04012 2.08569 2.15965 2.23368 2.30762 2.36210 2.36483 2.36483 2.36483 2.36483 2.36483 2.36483 2.36483 1.94875 1.90016 1.70145 1.61536 1.50580 1.39615 1.28659 1.20397 1.19920 1.19920 1.19920 1.19920 1.19920 1.19920
2.16882 2.16882 2.14247 1.69668 1.62002 1.55483 1.33932 1.19091 1.19024 1.29459 1.42595 1.42280 1.14575 1.15904 1.30464 1.30464 1.30464 1.32900 1.39132 1.45406 1.53111 1.63598 1.78122 1.85994 1.92021 1.94216 2.40826 2.63645 2.63645 2.63645 2.63645 2.63645 2.63227 2.59698 2.19667 1.82594 1.57347 2.10333 2.26296 2.33637 2.36483 2.36483 2.36483 2.36483 2.36483 2.36483 2.36483 2.36483 2.36483 2.36483 2.34087 2.25854 1.87927 1.54903 1.29504 1.19920 1.19920 1.19920 1.19920 1.19920 1.19920 1.19920 1.19920 1.19920 1.19920 1.19920
1.96516 1.85968 1.76729 1.52787 1.50567 1.51537 1.44318 1.24696 1.25456 1.29357 1.52925 1.54058 1.33988 1.25448 1.57013 1.68549 1.78739 1.91082 1.99743 2.08205 2.13537 2.14081 2.45353 2.63489 2.63645 2.63546 2.60880 2.57408 2.54251 2.51362 2.48713 2.39988 2.21943 1.85595 1.78447 2.29524 2.07320 2.24574 2.36483 2.36483 2.36483 2.36483 2.36483 2.36483 2.36483 2.36439 2.30893 2.22898 2.16304 2.10779 2.07162 2.06956 1.91916 1.41066 1.32673 1.19920 1.19920 1.19920 1.19920 1.19920 1.19920 1.19920 1.19920 1.19920 1.19920 1.19191
1.72157 1.72157 1.72157 1.72157 1.72157 1.72157 1.70799 1.39532 1.38263 1.32884 1.49025 1.47843 1.46001 1.60691 1.88703 2.11849 2.15890 2.14806 2.12607 2.08064 2.07299 2.06716 2.21901 2.42357 2.40386 2.38593 2.38019 2.29024 2.15123 2.03030 1.92421 1.85991 1.85826 1.71963 1.58940 2.21279 2.13692 2.14910 2.36483 2.36483 2.36483 2.35312 2.27554 2.20160 2.14017 2.08864 2.06956 2.06956 2.06956 2.06956 2.06378 2.06956 2.05870 1.44741 1.38926 1.20021 1.19920 1.19920 1.19920 1.21189 1.26184 1.30077 1.33779 1.37480 1.41175 1.45614
1.72157 1.72157 1.72157 1.72157 1.71543 1.65543 1.58296 1.27780 1.13934 1.17122 1.36196 1.54374 1.59560 1.75191 1.86785 2.13119 2.13268 2.13270 2.13050 2.04866 2.04558 2.04558 2.09613 2.25074 2.11699 2.00042 1.89804 1.85826 1.85826 1.85826 1.85826 1.85826 1.85826 1.79814 1.58571 1.96333 2.23776 2.02536 2.22199 2.17615 2.11880 2.07555 2.06956 2.06956 2.06956 2.03263 1.95718 1.89005 1.83006 1.77615 1.81906 2.06956 2.06942 1.63122 1.49893 1.38596 1.38780 1.42483 1.46183 1.48611 1.47321 1.47121 1.47121 1.47121 1.47121 1.47121
1.76871 1.73040 1.67069 1.54346 1.43903 1.41129 1.43959 1.41583 1.41875 1.44246 1.47020 1.63489 1.63499 1.73686 1.79641 2.12047 2.13270 2.13270 2.11230 1.95817 1.85189 1.77461 1.71024 1.84449 1.85826 1.85826 1.85826 1.85826 1.85826 1.85826 1.85826 1.85826 1.85603 1.79212 1.56017 1.61486 1.91920 1.77637 1.98150 2.06930 2.02191 1.94762 1.88149 1.82244 1.76920 1.74203 1.74042 1.70876 1.66543 1.62212 1.58649 1.78020 1.71522 1.69083 1.70044 1.57988 1.47121 1.47121 1.47121 1.47121 1.47121 1.47121 1.47121 1.47121 1.47121 1.47121
1.47441 1.41881 1.44179 1.45858 1.49228 1.54116 1.54305 1.52116 1.44246 1.44246 1.44246 1.59993 1.63499 1.69158 1.79335 1.93840 1.88117 1.78905 1.72124 1.72162 1.69463 1.69463 1.69463 1.79582 1.85826 1.85826 1.85826 1.85826 1.84789 1.77525 1.68752 1.54709 1.37557 1.24577 1.19721 1.19717 1.60213 1.56339 1.63298 1.76255 1.73739 1.70047 1.65714 1.61381 1.57053 1.52723 1.48542 1.46762 1.45123 1.43467 1.41812 1.54418 1.61514 1.62332 1.66889 1.63037 1.47121 1.47121 1.47121 1.47121 1.47269 1.47751 1.49610 1.56683 1.64094 1.71504
1.55850 1.62046 1.63063 1.59989 1.54305 1.54305 1.54305 1.54262 1.44828 1.43370 1.44143 1.55005 1.65598 1.68263 1.80061 1.74136 1.66852 1.66852 1.66852 1.71162 1.69463 1.69463 1.69463 1.75102 1.83383 1.75315 1.66904 1.53921 1.37893 1.26864 1.16269 1.13983 1.13983 1.13983 1.14590 1.11784 1.31398 1.45417 1.47309 1.51886 1.48020 1.47381 1.47328 1.46130 1.44474 1.42820 1.41165 1.40129 1.40114 1.40114 1.40114 1.47895 1.61514 1.61520 1.66249 1.66848 1.49330 1.48625 1.54815 1.60843 1.65586 1.70253 1.81721 1.92379 1.98586 2.04299
1.63063 1.63063 1.63063 1.62116 1.52621 1.49624 1.50725 1.52981 1.49662 1.49411 1.50740 1.53402 1.66784 1.66784 1.76217 1.77768 1.66910 1.66852 1.66852 1.70142 1.66043 1.59275 1.52637 1.44082 1.38870 1.29071 1.18099 1.13983 1.14248 1.16139 1.18127 1.20020 1.21802 1.23409 1.25060 1.20613 1.26376 1.46302 1.45922 1.44943 1.43502 1.41956 1.40485 1.40067 1.40063 1.40060 1.40057 1.40053 1.40050 1.40047 1.40044 1.42102 1.60668 1.67001 1.79076 1.84622 1.84236 1.86291 1.90303 1.93583 1.96680 1.99803 2.07979 2.16628 2.16628 2.16628
1.63063 1.63194 1.66017 1.69902 1.64006 1.58895 1.60056 1.59570 1.55360 1.49433 1.48981 1.48536 1.61052 1.62971 1.67805 1.73231 1.59696 1.51689 1.46136 1.39745 1.28584 1.19834 1.11854 1.07339 1.10799 1.13090 1.14401 1.16155 1.27041 1.27286 1.26462 1.25154 1.23806 1.22455 1.23131 1.23755 1.25230 1.40550 1.39547 1.39759 1.40019 1.40019 1.40019 1.40019 1.40019 1.40019 1.40519 1.41770 1.43453 1.51825 1.57804 1.71362 2.04528 2.14985 2.16242 2.09763 2.06723 2.00762 2.00762 2.00762 2.00762 2.00762 2.04562 2.15016 2.16628 2.16628
1.64164 1.66718 1.66984 1.66371 1.60764 1.48142 1.47360 1.47252 1.46659 1.41111 1.41074 1.41239 1.49628 1.57837 1.58309 1.45598 1.35117 1.24563 1.19107 1.14832 1.08934 1.03692 1.02003 1.00303 1.05811 1.08667 1.07319 1.05968 1.14259 1.14716 1.17193 1.21680 1.26652 1.32185 1.35440 1.33378 1.28123 1.37765 1.39660 1.40962 1.42592 1.45436 1.49168 1.52581 1.56773 1.64739 1.71669 1.77140 1.81574 1.82257 1.76110 1.76394 2.03652 2.15629 2.15831 2.12176 2.08941 2.01093 2.00762 2.00762 2.00762 2.00762 2.02538 2.11454 2.16695 2.17234
1.64654 1.64654 1.64654 1.64654 1.62008 1.49237 1.47252 1.47573 1.49220 1.45476 1.45787 1.46474 1.47721 1.51757 1.45899 1.21810 1.13202 0.986888 0.961457 0.935956 0.894943 0.896716 0.896716 0.896716 0.943493 1.03301 1.06499 1.10497 1.23425 1.33639 1.35445 1.35184 1.34628 1.34011 1.33126 1.36807 1.37509 1.54659 1.59781 1.61859 1.66800 1.72645 1.76976 1.80539 1.82898 1.82313 1.82047 1.82047 1.82597 1.83869 1.81890 1.77020 2.01669 2.15245 2.15629 2.14377 2.09084 2.02691 1.99643 1.99711 2.00095 2.00481 2.01132 2.09566 2.17782 2.17782
1.64654 1.64496 1.61080 1.56934 1.53720 1.47231 1.44297 1.44945 1.43944 1.38493 1.31850 1.29854 1.29424 1.29424 1.29424 1.17280 1.06926 0.942412 0.923053 0.923053 0.903226 0.907309 0.945595 0.990073 1.05281 1.20341 1.20992 1.20846 1.25680 1.31347 1.30714 1.30267 1.30004 1.29802 1.29786 1.37293 1.52758 1.70091 1.79765 1.83177 1.83276 1.82375 1.82051 1.82781 1.84056 1.85332 1.86608 1.87883 1.88609 1.88613 1.86663 1.75838 1.89430 2.05067 2.03611 2.04519 1.98516 1.96871 2.01270 2.01587 2.01587 2.01587 2.01587 2.05883 2.16632 2.17782
1.34271 1.35765 1.36006 1.39059 1.40400 1.46233 1.41004 1.40014 1.39493 1.37306 1.29424 1.29424 1.29424 1.29424 1.29424 1.24196 1.06939 1.00755 0.973471 1.02994 1.09520 1.09930 1.12212 1.12862 1.13071 1.18897 1.20359 1.20359 1.22533 1.29786 1.29786 1.30596 1.34300 1.38264 1.42226 1.47294 1.70802 1.79274 1.88998 1.88039 1.85703 1.86795 1.88066 1.88566 1.87206 1.85252 1.83299 1.81346 1.79391 1.77438 1.75131 1.62636 1.67491 1.82878 1.84052 1.87890 1.91888 1.90978 2.01534 2.01587 2.01587 2.01587 2.01587 2.03939 2.13440 2.17219
1.53106 1.52385 1.39959 1.38475 1.37457 1.43162 1.39843 1.39493 1.39493 1.39299 1.29997 1.29569 1.31534 1.36926 1.43931 1.50710 1.37366 1.36982 1.28727 1.29530 1.29530 1.13179 1.12756 1.13308 1.13308 1.17074 1.20359 1.21965 1.26272 1.39152 1.43258 1.46412 1.46624 1.45524 1.44039 1.42659 1.61201 1.82645 1.97435 1.94972 1.89531 1.80980 1.79026 1.77120 1.76526 1.76314 1.73976 1.71083 1.68192 1.65302 1.63803 1.56625 1.55686 1.77002 1.83731 1.84349 1.94109 1.89768 1.99211 2.01832 2.03347 2.05392 2.07872 2.10529 2.11032 2.09060
1.51849 1.51753 1.41414 1.37394 1.37555 1.43458 1.44765 1.45386 1.47569 1.52457 1.54126 1.58847 1.63888 1.65500 1.65500 1.65500 1.51610 1.42825 1.30636 1.29530 1.29530 1.17708 1.12505 1.16448 1.21205 1.27191 1.34864 1.37192 1.36343 1.42429 1.42686 1.41390 1.40399 1.40319 1.40586 1.40853 1.52334 1.78988 1.99035 1.97365 1.92150 1.76518 1.72386 1.69356 1.66329 1.63511 1.62827 1.62691 1.62554 1.62144 1.61594 1.57136 1.48948 1.71376 1.89511 1.89941 1.99399 1.97538 2.03235 2.09750 2.03536 1.94241 1.85707 1.77643 1.70023 1.63566
1.56089 1.57559 1.54167 1.49474 1.51484 1.56488 1.63489 1.64952 1.68607 1.69556 1.68007 1.65500 1.65500 1.65500 1.65902 1.66614 1.60194 1.44876 1.37920 1.38243 1.45256 1.44494 1.40381 1.37034 1.35741 1.34769 1.37288 1.36975 1.37255 1.38007 1.37756 1.37839 1.37728 1.37562 1.37551 1.37631 1.43730 1.70024 1.89053 1.83345 1.77591 1.64775 1.60015 1.59999 1.59714 1.59345 1.58991 1.58651 1.58327 1.58186 1.57865 1.56193 1.41294 1.43279 1.57764 1.48855 1.48032 1.48985 1.49315 1.60811 1.59600 1.59597 1.59597 1.59597 1.59597 1.59597
