High_resolution/powerplant/Shangrao/OMI_NO2_200902.asc
ncols      200
nrows      200
xllcorner       115.451
yllcorner       27.0350
cellsize     0.0166667
NODATA_Value      -999.000
[rows 81 to 107 of 167, columns 120 to 179 of 200]
                >*                   >*                 ?*               <*              >*                   >*                8*                ;*               <*                  <*              <*                  <*      *        :    *   2    * 
<*                  <*      *       :    *    2    *       2      *        2      *        2      *        2      *        =      *        2      ;*                
  =      *        ?      =*                  =*                  ?*                  ;*                9*              ?*               2*                =*                  :*                   >*                 :*                  3*        
  3*                  3*                   <*                 >*                 =*                3*                3*                =*                >*                  8*                     3*             <*            <*                  <*            <*            :*    * 
4.60206 4.84695 4.84971 0.00000 0.00000 0.00000 0.00000 0.00000 0.00000 0.00000 0.00000 0.00000 0.00000 0.00000 0.00000 0.00000 0.00000 0.00000 2.80856 2.80856 2.80856 2.80856 2.80856 2.80856 2.80856 2.80856 2.80856 2.80856 2.80856 2.80856 2.80856 2.80856 2.80856 2.80856 2.80856 3.45193 3.84059 3.84059 3.84528 3.90954 3.99167 4.07397 4.15623 4.23680 4.26330 4.26330 4.26330 4.26330 4.26330 4.26330 3.95135 3.85901 3.23967 3.22960 3.22262 3.21562 3.20867 3.20169 3.19471 3.18775
4.84971 4.84971 4.84971 0.00000 0.00000 0.00000 0.00000 0.00000 0.00000 0.00000 0.00000 0.00000 0.00000 0.00000 0.00000 0.00000 0.00000 0.00000 2.80856 2.80856 2.80856 2.80856 2.80856 2.80856 2.80856 2.80856 2.80856 2.80856 2.80856 2.80856 2.80856 2.80856 2.80856 2.82066 2.93734 3.39802 4.08551 4.16777 4.24534 4.26330 4.26330 4.26330 4.26330 4.26330 4.26330 4.26330 4.26330 4.26330 4.26330 4.26330 3.91737 3.83234 3.28240 3.15315 3.15315 3.15315 3.15315 3.15315 3.15315 3.15315
4.84971 4.84971 4.84971 0.00000 0.00000 0.00000 0.00000 0.00000 0.00000 0.00000 0.00000 0.00000 0.00000 0.00000 0.00000 0.00000 0.00000 0.00000 2.80856 2.80856 2.80856 2.80856 2.80856 2.80856 2.80856 2.80856 2.80856 2.80856 2.82010 2.93593 3.07667 3.21791 3.35957 3.48821 3.51227 3.56681 4.25504 4.26330 4.26330 4.26330 4.26330 4.26330 4.26330 4.26330 4.26330 4.26330 4.26330 4.26330 4.26330 4.26330 3.99438 3.83234 3.47227 3.15315 3.15315 3.15315 3.15315 3.15315 3.15315 3.15315
4.84971 4.84971 4.84971 0.00000 0.00000 0.00000 0.00000 0.00000 0.00000 0.00000 0.00000 0.00000 0.00000 0.00000 0.00000 0.00000 0.00000 0.00000 0.00000 2.80856 2.80856 2.80856 2.80856 2.81947 2.93452 3.07527 3.21601 3.35725 3.48736 3.51227 3.51227 3.51227 3.51227 3.51227 3.51227 3.51227 4.09870 4.26330 4.26330 4.26330 4.26330 4.26330 4.26330 4.26330 4.26330 4.26330 4.26330 4.26330 4.26330 4.26330 4.09839 3.83234 3.66210 3.15315 3.15315 3.15315 3.15315 3.15315 3.15315 3.15315
4.84971 4.84971 4.84971 4.84971 0.00000 0.00000 0.00000 0.00000 0.00000 0.00000 0.00000 0.00000 0.00000 0.00000 0.00000 0.00000 0.00000 0.00000 3.04967 2.95534 3.07386 3.21460 3.35535 3.48567 3.51227 3.51227 3.51227 3.51227 3.51227 3.51227 3.51227 3.51227 3.51227 3.51227 3.51227 3.51227 3.88760 4.26330 4.26330 4.26330 4.26330 4.26330 4.26330 4.26330 4.26330 4.26330 4.26330 4.26330 4.26330 4.26330 4.23175 3.83627 3.81740 3.18772 3.15315 3.15315 3.15315 3.15331 3.15381 3.15432
4.84971 4.84971 4.84971 4.84971 0.00000 0.00000 0.00000 0.00000 0.00000 0.00000 0.00000 0.00000 0.00000 3.04967 3.04967 3.04967 3.04967 3.04967 3.04967 3.13356 3.51227 3.51227 3.51227 3.51227 3.51227 3.51227 3.51227 3.51227 3.51227 3.51227 3.51227 3.51227 3.51227 3.51227 3.51227 3.51227 3.67657 4.26330 4.26330 4.26330 4.26330 4.26330 4.26330 4.26330 4.26330 4.26330 4.26330 4.26330 4.26330 4.26330 4.26330 3.87908 3.75225 3.29005 3.15447 3.15498 3.15549 3.15583 3.15584 3.15584
4.84971 4.84971 4.84971 4.84971 0.00000 0.00000 0.00000 0.00000 0.00000 0.00000 0.00000 3.04967 3.04967 3.04967 3.04967 3.04967 3.04967 3.04967 3.04967 3.05097 3.46370 3.51227 3.51227 3.51227 3.51227 3.51227 3.51227 3.51227 3.51227 3.51227 3.51227 3.51227 3.51227 3.51227 3.51227 3.51227 3.52046 4.20840 4.26330 4.26330 4.26330 4.26330 4.26330 4.26330 4.26330 4.26330 4.25722 4.06448 3.78260 3.50116 3.21943 3.10949 3.10883 3.12834 3.15584 3.15584 3.15584 3.15584 3.15584 3.15584
5.00088 5.20980 5.41854 5.62483 5.71551 0.00000 0.00000 0.00000 0.00000 0.00000 0.00000 3.04967 3.04967 3.04967 3.04967 3.04967 3.04967 3.04967 3.04967 3.04967 3.33362 3.51227 3.51227 3.51227 3.51227 3.51227 3.51227 3.51227 3.51227 3.51227 3.51227 3.51227 3.51227 3.51227 3.51227 3.51227 3.51227 4.00560 4.26330 4.26330 4.26330 4.24666 4.02556 3.74397 3.46238 3.18065 2.90499 2.81629 2.81629 2.81629 2.81629 2.97405 3.10821 3.10745 3.13902 3.12997 3.12099 3.11201 3.10294 3.09398
5.71551 5.71551 5.71551 5.71551 5.71551 0.00000 0.00000 0.00000 0.00000 0.00000 0.00000 3.04967 3.04967 3.04967 3.04967 3.04967 3.04967 3.04967 3.04967 3.04967 3.20247 3.51227 3.51227 3.51227 3.51227 3.51227 3.51227 3.51227 3.51227 3.51227 3.51227 3.51227 3.51227 3.51227 3.51227 3.51227 3.52292 3.75667 3.70519 3.42346 3.14187 2.87692 2.81629 2.81629 2.81629 2.81629 2.81629 2.81629 2.81629 2.81629 2.81629 2.85470 2.95198 2.95022 2.99055 2.99723 2.99723 2.99723 2.99723 2.99723
5.71551 5.71551 5.71551 5.71551 5.71551 0.00000 0.00000 0.00000 0.00000 0.00000 0.00000 3.04967 3.04967 3.04967 3.04967 3.04967 3.04967 3.04967 3.04967 3.04967 3.07859 3.50487 3.51227 3.51227 3.51227 3.51227 3.51227 3.51227 3.51227 3.51227 3.51227 3.52195 3.61247 3.72041 3.82797 3.93661 4.03352 3.92851 2.82073 2.81629 2.81629 2.81629 2.81629 2.81629 2.81629 2.81629 2.81629 2.81629 2.81629 2.81629 2.81629 2.81741 2.94535 2.95022 2.97749 2.99723 2.99723 2.99723 2.99723 2.99723
5.71551 5.71551 5.71551 5.71551 5.71551 5.71551 0.00000 0.00000 0.00000 0.00000 0.00000 3.04967 3.04967 3.04967 3.04967 3.04967 3.04967 3.04967 3.04967 3.04967 3.04967 3.40246 3.51227 3.51227 3.51227 3.51227 3.52109 3.61069 3.71826 3.82614 3.93446 4.03234 4.05009 4.05009 4.05009 4.05009 4.05009 4.05009 3.04550 2.81629 2.81629 2.81629 2.81629 2.81629 2.81629 2.81629 2.81629 2.81629 2.81629 2.81629 2.81629 2.81629 2.92806 2.95022 2.96443 2.99723 2.99723 2.99723 2.99723 2.99723
5.71551 5.71551 5.71551 5.71551 5.71551 5.71551 0.00000 0.00000 0.00000 0.00000 0.00000 3.04967 3.04967 3.04967 3.04967 3.04967 3.04967 3.04967 3.04967 3.04967 3.04967 3.27951 3.60854 3.71610 3.82437 3.93230 4.03105 4.05009 4.05009 4.05009 4.05009 4.05009 4.05009 4.05009 4.05009 4.05009 4.05009 4.05009 3.39227 2.81629 2.81629 2.81629 2.81629 2.81629 2.81629 2.81629 2.81629 2.81629 2.81629 2.81629 2.81629 2.81629 2.90535 2.95022 2.95248 2.99613 2.99723 2.99723 2.99723 2.99723
5.71551 5.71551 5.71551 5.71551 5.71551 5.71551 0.00000 0.00000 0.00000 0.00000 0.00000 3.04967 3.04967 3.04967 3.04967 3.04967 3.04907 3.03152 3.00639 2.98124 2.95610 3.15277 4.05009 4.05009 4.05009 4.05009 4.05009 4.05009 4.05009 4.05009 4.05009 4.05009 4.05009 4.05009 4.05009 4.05009 4.05009 4.05009 3.73898 2.81629 2.81629 2.81629 2.81629 2.81629 2.81629 2.81629 2.81629 2.81629 2.81629 2.81629 2.81629 2.81629 2.87492 2.95022 2.95023 2.98765 3.00231 3.00558 3.00885 3.01212
5.71551 5.71551 5.71551 5.71551 5.71551 5.71551 0.00000 0.00000 0.00000 0.00000 0.00000 3.04964 3.03577 3.01059 2.98544 2.96028 2.93577 2.92815 2.92815 2.92815 2.92815 2.93409 3.94731 4.05009 4.05009 4.05009 4.05009 4.05009 4.05009 4.05009 4.05009 4.05009 4.05009 4.05009 4.05009 4.05009 4.05009 4.05009 4.02282 2.87921 2.81629 2.81629 2.81629 2.81629 2.81629 2.81629 2.81629 2.81629 2.81629 2.81662 2.82916 2.84781 2.88020 2.98439 2.99396 3.00589 3.01456 3.01456 3.01456 3.01456
5.71551 5.71551 5.61138 4.60135 3.38356 2.16278 0.722751 0.00000 0.00000 0.00000 0.00000 2.93941 2.92815 2.92815 2.92815 2.92815 2.92815 2.92815 2.92815 2.92815 2.92815 2.92815 3.63650 4.05009 4.05009 4.05009 4.05009 4.05009 4.05009 4.05009 4.05009 4.05009 4.05009 4.05009 4.05009 4.05009 4.05009 4.05009 4.05009 3.19843 2.81629 2.81629 2.81629 2.81629 2.81735 2.83193 2.85056 2.86923 2.88788 2.90621 2.91232 2.91232 2.91232 2.99099 2.99824 3.00138 3.01456 3.01456 3.01514 3.02123
3.20158 1.98227 0.869120 0.660341 0.660341 0.660341 0.660341 0.00000 0.00000 0.00000 0.00000 2.92815 2.92815 2.92815 2.92815 2.92815 2.92815 2.92815 2.92815 2.92815 2.92815 2.92815 3.31963 4.05009 4.05009 4.05009 4.05009 4.05009 4.05009 4.05009 4.05009 4.05009 4.05009 4.05009 4.05009 4.05009 4.05009 4.05009 4.05009 3.54668 2.83469 2.85334 2.87199 2.89065 2.90824 2.91232 2.91232 2.91232 2.91232 2.91232 2.91232 2.91232 2.91232 3.04749 3.09855 3.10612 3.12828 3.13720 3.14410 3.14544
0.660341 0.660341 0.660341 0.660341 0.660341 0.660341 0.660341 0.00000 0.00000 0.00000 0.00000 2.92815 2.92815 2.92815 2.92815 2.92815 2.92815 2.92815 2.92815 2.92815 2.92815 2.92815 3.01409 4.03909 4.05009 4.05009 4.05009 4.05009 4.05009 4.05009 4.05009 4.05009 4.05009 4.05009 4.04912 4.04108 4.03171 4.02231 4.01292 3.86368 2.91254 2.91232 2.91232 2.91232 2.91232 2.91232 2.91232 2.91232 2.91232 2.91232 2.91232 2.91232 2.91232 3.03834 3.12912 3.12912 3.13953 3.14544 3.14544 3.14544
0.660341 0.660341 0.660341 0.660341 0.660341 0.660341 0.660341 0.660341 0.00000 0.00000 0.00000 2.92815 2.92815 2.92815 2.92815 2.92815 2.92815 2.92815 2.92815 2.92815 2.92815 2.92815 2.92815 3.80808 4.05009 4.05009 4.05009 4.05009 4.05009 4.04920 4.04130 4.03190 4.02254 4.01311 4.00472 4.00333 4.00333 4.00333 4.00333 4.00333 3.07661 2.91232 2.91232 2.91232 2.91232 2.91232 2.91232 2.91232 2.91232 2.91232 2.91232 2.91232 2.91232 2.98247 3.12912 3.12912 3.13502 3.14544 3.14544 3.14544
0.660341 0.660341 0.660341 0.660341 0.660341 0.660341 0.660341 0.660341 0.00000 0.00000 0.00000 2.92815 2.92815 2.92815 2.92815 2.92815 2.92815 2.92815 2.92815 2.92815 2.92815 2.92815 2.92815 3.49136 4.04928 4.04153 4.03209 4.02274 4.01332 4.00483 4.00333 4.00333 4.00333 4.00333 4.00333 4.00333 4.00333 4.00333 4.00333 4.00333 3.38157 2.91232 2.91232 2.91232 2.91232 2.91232 2.91232 2.91232 2.91232 2.91232 2.91232 2.91232 2.91232 2.91932 3.12466 3.12912 3.13059 3.14536 3.14544 3.14544
0.660341 0.660341 0.660341 0.660341 0.660341 0.660341 0.660341 0.660341 0.00000 0.00000 0.00000 2.92815 2.92815 2.92815 2.92815 2.92815 2.92815 2.92815 2.92815 2.91656 2.67876 2.35450 2.02977 2.20906 4.00493 4.00333 4.00333 4.00333 4.00333 4.00333 4.00333 4.00333 4.00333 4.00333 4.00333 4.00333 4.00333 4.00333 4.00333 4.00333 3.68661 2.91232 2.91232 2.91232 2.91232 2.91232 2.91232 2.91232 2.91232 2.91232 2.91232 2.91232 2.91232 2.91232 3.09945 3.12912 3.12912 3.14236 3.15969 3.18535
0.660341 0.660341 0.660341 0.660341 0.660341 0.660341 0.660341 0.660341 0.660341 0.00000 0.00000 2.92815 2.92815 2.92815 2.92674 2.73500 2.41074 2.08585 1.76143 1.44860 1.36166 1.36166 1.36166 1.39019 3.80917 4.00333 4.00333 4.00333 4.00333 4.00333 4.00333 4.00333 4.00333 4.00333 4.00333 4.00333 4.00333 4.00333 4.00333 4.00333 3.95904 2.94473 2.91232 2.91232 2.91232 2.91232 2.91232 2.91232 2.91232 2.91232 2.91232 2.91232 2.91239 2.91429 3.06788 3.13285 3.13423 3.20873 3.28189 3.28189
0.660341 0.660341 0.660341 0.660341 0.660341 0.660341 0.660341 0.660341 0.660341 0.00000 0.00000 2.46666 2.14224 1.81751 1.49434 1.36166 1.36166 1.36166 1.36166 1.36166 1.36166 1.36166 1.36166 1.36166 3.09204 4.00333 4.00333 4.00333 4.00333 4.00333 4.00333 4.00333 4.00333 4.00333 4.00333 4.00333 4.00333 4.00333 4.00333 4.00333 4.00333 3.20548 2.91232 2.91232 2.91232 2.91232 2.91232 2.91250 2.91468 2.91743 2.92017 2.92292 2.92560 2.92645 3.02946 3.13618 3.13618 3.17325 3.28189 3.28189
0.660341 0.660341 0.660341 0.660341 0.660341 0.660341 0.00000 0.00000 0.00000 0.00000 0.00000 1.36166 1.36166 1.36166 1.36166 1.36166 1.36166 1.36166 1.36166 1.36166 1.36166 1.36166 1.36166 1.36166 2.34605 4.00333 4.00333 4.00333 4.00333 4.00333 4.00333 4.00333 4.00333 4.00333 4.00333 4.00333 4.00333 4.00333 4.00333 4.00333 4.00333 3.51053 2.91266 2.91507 2.91781 2.92056 2.92331 2.92588 2.92645 2.92645 2.92645 2.92645 2.92645 2.92645 2.96547 3.11139 3.10854 3.10917 3.24159 3.24568
