High_resolution/powerplant/Shangrao/OMI_NO2_200609.asc
ncols      200
nrows      200
xllcorner       115.451
yllcorner       27.0350
cellsize     0.0166667
NODATA_Value      -999.000
[rows 87 to 115 of 164, columns 67 to 133 of 200]
1.85088 1.82523 1.77638 1.72755 1.68108 1.69420 1.80190 1.81082 1.83112 1.76382 1.76377 1.76377 1.78621 1.82729 1.82953 1.84776 1.87870 1.91401 1.94914 1.98192 1.99265 1.99487 2.00505 2.01597 2.02688 2.19717 2.14972 2.13604 2.11204 2.11204 2.11619 2.13461 2.09554 2.05529 2.02873 2.02810 2.02810 2.02824 2.03276 2.03942 2.04608 1.97392 1.68810 1.73183 1.74453 1.74459 1.74459 1.82240 1.84687 1.83609 1.79611 1.75450 1.71529 1.68372 1.66814 1.74938 1.81001 1.76662 1.64304 1.81920 1.82671 1.77093 1.68306 1.58168 1.46498 1.41818 1.41553
1.69269 1.66951 1.66951 1.66951 1.66951 1.66967 1.78456 1.80738 1.83258 1.77548 1.78386 1.80663 1.84583 1.93847 1.97161 1.98848 1.99480 2.00503 2.01597 2.02688 2.03779 2.04650 2.04723 2.04723 2.04723 2.18695 2.15267 2.16441 2.14536 2.16144 2.17359 2.13437 2.03429 2.04095 2.04760 2.05425 2.06091 2.06743 2.06955 2.06955 2.06955 2.06211 1.72593 1.76756 1.78213 1.79891 1.81845 1.82255 1.76764 1.73353 1.72760 1.72333 1.71663 1.70281 1.69936 1.73842 1.84249 1.78118 1.50783 1.52815 1.42583 1.39334 1.39334 1.39334 1.39334 1.39334 1.40732
1.66951 1.66951 1.66951 1.66951 1.66946 1.66877 1.74128 1.80109 1.83503 1.91475 1.91517 1.92965 1.94143 2.00428 2.02677 2.03768 2.04647 2.04723 2.04723 2.04723 2.04723 2.04723 2.04824 2.06110 2.07740 2.19041 2.20860 2.16556 2.17240 2.20193 2.20860 2.21144 2.07862 2.07053 2.07088 2.07123 2.07159 2.07194 2.07229 2.07265 2.07462 2.08278 1.90401 1.87183 1.88092 1.86842 1.85314 1.81587 1.70034 1.69936 1.69901 1.69768 1.69932 1.72945 1.76671 1.80433 1.58833 1.55329 1.35599 1.34357 1.39334 1.39334 1.39334 1.39334 1.39334 1.39334 1.40142
1.66891 1.66802 1.66712 1.66462 1.66020 1.65642 1.68531 1.78968 1.87296 1.96306 1.97417 1.98295 1.98372 2.01867 2.04723 2.04723 2.04723 2.04723 2.04747 2.05391 2.04884 2.03745 2.02383 1.99833 1.96936 1.98852 2.14234 2.07790 2.13444 2.21896 2.21930 2.21939 2.12372 2.07324 2.07324 2.07324 2.07781 2.08652 2.10609 2.13249 2.15727 2.17575 2.05722 1.79861 1.82477 1.82404 1.82265 1.82109 1.71129 1.72473 1.76230 1.80085 1.83646 1.84350 1.84350 1.84350 1.66860 1.55329 1.44395 1.30204 1.39334 1.39334 1.39334 1.39334 1.39334 1.39334 1.39563
1.65941 1.65632 1.65805 1.66264 1.66918 1.67573 1.68271 1.80281 1.86534 1.95592 1.98367 1.97980 1.97357 1.98092 1.99845 1.97746 1.96489 1.95220 1.93930 1.92025 1.91268 1.91138 1.91138 1.91138 1.91138 1.91275 2.16089 2.07904 2.09994 2.21939 2.21939 2.22027 2.17809 2.10399 2.13039 2.15680 2.17863 2.19633 2.20316 2.20276 2.19273 2.17860 2.09817 1.81609 1.81922 1.84610 1.88473 1.92333 1.88594 1.84350 1.84350 1.84350 1.84350 1.84350 1.84350 1.84350 1.75664 1.55329 1.51418 1.28304 1.39641 1.40749 1.41985 1.43326 1.44788 1.46360 1.45778
1.67474 1.67968 1.67145 1.66028 1.64910 1.63795 1.62678 1.69368 1.74216 1.79744 1.86610 1.84885 1.84487 1.84711 1.90201 1.91138 1.91138 1.91138 1.91138 1.91138 1.91138 1.91138 1.91138 1.91138 1.91138 1.91138 2.12555 2.08571 2.09950 2.25719 2.30085 2.32638 2.33647 2.20674 2.20205 2.19050 2.17637 2.16223 2.14810 2.13437 2.13081 2.15607 2.17953 1.95088 1.95249 1.96891 1.96891 1.96891 1.93155 1.84350 1.84350 1.84350 1.84350 1.84226 1.81048 1.76564 1.70598 1.36163 1.29846 1.33465 1.47804 1.47988 1.44344 1.40511 1.36679 1.32878 1.31419
1.59020 1.57925 1.56247 1.54249 1.52249 1.50251 1.48251 1.50586 1.61528 1.71394 1.84317 1.86820 1.86850 1.86850 1.90066 1.91138 1.91138 1.91138 1.91138 1.91138 1.91138 1.91138 1.90863 1.88832 1.86541 1.84249 1.96379 2.16693 2.18242 2.28559 2.33442 2.32029 2.30615 2.18667 2.13284 2.13026 2.13041 2.15313 2.19175 2.23035 2.26841 2.28178 2.28178 2.07453 1.95055 1.96891 1.96891 1.95848 1.91097 1.74992 1.70084 1.65603 1.61122 1.56765 1.55459 1.55459 1.55403 1.29901 1.16651 1.24614 1.29769 1.31608 1.30782 1.29230 1.27667 1.26110 1.24553
1.48585 1.46678 1.46191 1.46260 1.47267 1.48570 1.49873 1.51327 1.64863 1.71645 1.81929 1.86850 1.86850 1.86850 1.88935 1.91138 1.91138 1.90862 1.88693 1.86354 1.84063 1.81771 1.79754 1.79494 1.79089 1.77157 1.82097 2.09499 2.12290 2.17306 2.27642 2.27642 2.27642 2.22900 2.18879 2.22743 2.26588 2.28178 2.28178 2.28178 2.28178 2.26655 2.23614 2.07558 1.82497 1.76147 1.71658 1.68228 1.68000 1.59060 1.55459 1.55459 1.54844 1.52965 1.51049 1.49132 1.47406 1.35679 1.16911 1.31002 1.22197 1.23782 1.22863 1.22856 1.26894 1.36378 1.45893
1.46889 1.48190 1.49495 1.50729 1.51026 1.51026 1.51026 1.51026 1.60658 1.69026 1.78270 1.86850 1.86574 1.84385 1.82825 1.83876 1.81585 1.79569 1.79447 1.79089 1.77157 1.75079 1.73001 1.70923 1.69250 1.69105 1.69860 2.02389 2.10952 2.13140 2.29256 2.30325 2.31486 2.31655 2.28118 2.25970 2.22926 2.19887 2.16843 2.13802 2.10758 2.09239 2.09239 2.01034 1.77977 1.68006 1.68005 1.68126 1.69999 1.63989 1.50003 1.48692 1.50294 1.53387 1.56522 1.59649 1.62650 1.60192 1.30103 1.32295 1.39446 1.50426 1.59941 1.69456 1.74938 1.74964 1.74964
1.51026 1.51026 1.51026 1.51026 1.51026 1.51026 1.51026 1.50924 1.54724 1.63639 1.71057 1.77089 1.75095 1.74994 1.74850 1.76888 1.75079 1.73001 1.70923 1.69250 1.69105 1.69105 1.69105 1.69105 1.69105 1.69331 1.70411 1.95892 2.14029 2.15733 2.25166 2.23094 2.20053 2.17007 2.10959 2.07530 2.04550 2.01579 1.98595 1.95620 1.92643 1.89662 1.86691 1.84589 1.85543 1.74329 1.77424 1.82884 1.86601 1.85566 1.60692 1.63206 1.63434 1.62684 1.59575 1.54921 1.45548 1.35784 1.13405 1.09638 1.45530 1.74759 1.74964 1.74964 1.74964 1.74964 1.74964
1.52036 1.51026 1.50988 1.49930 1.48417 1.46881 1.44046 1.40560 1.38975 1.50557 1.65644 1.71233 1.68713 1.66635 1.64962 1.67750 1.69105 1.69105 1.69105 1.69105 1.69105 1.69217 1.70234 1.71744 1.73394 1.75885 1.77864 1.89784 2.03077 2.03023 1.97843 1.92315 1.89344 1.86360 1.81522 1.78224 1.78224 1.78224 1.78263 1.79893 1.82367 1.85895 1.90053 1.93546 2.03047 1.95964 1.95606 1.95611 1.93962 1.90682 1.60462 1.50900 1.41730 1.32722 1.26060 1.20953 1.20564 1.20564 1.15441 1.09293 1.31783 1.70992 1.74964 1.74964 1.74964 1.74964 1.74964
1.53872 1.45507 1.42442 1.39911 1.37958 1.36989 1.37528 1.38819 1.40111 1.51603 1.64986 1.69320 1.64817 1.64817 1.64833 1.67580 1.71600 1.73474 1.76208 1.79268 1.82327 1.85274 1.87313 1.88862 1.90267 1.90608 1.90608 1.86534 1.81076 1.86867 1.85977 1.82139 1.82117 1.82117 1.81922 1.81036 1.84772 1.88930 1.93052 1.95580 1.97263 1.97894 1.97896 1.97938 2.04509 1.91477 1.83061 1.79010 1.71739 1.65254 1.41201 1.21159 1.20564 1.20564 1.20564 1.20564 1.20564 1.20564 1.18686 1.09293 1.19126 1.67098 1.74964 1.74964 1.74964 1.74964 1.74964
1.51611 1.37828 1.38633 1.39926 1.41096 1.41425 1.42055 1.42739 1.43423 1.49898 1.63093 1.79724 1.81065 1.85370 1.90305 1.93763 1.89102 1.90285 1.90608 1.90608 1.90608 1.90608 1.90608 1.90608 1.90608 1.90608 1.90608 1.89733 1.78329 1.86796 1.85728 1.86279 1.91700 1.95860 1.99552 1.98030 1.97894 1.97899 1.97948 1.98011 1.98078 1.98150 1.98226 1.97599 1.95923 1.76975 1.59337 1.53585 1.52741 1.52741 1.44549 1.20564 1.20564 1.20564 1.20564 1.20564 1.20564 1.23132 1.28879 1.27368 1.34126 1.56674 1.74964 1.74964 1.76777 1.82316 1.87958
1.63732 1.44971 1.45655 1.46338 1.47071 1.49510 1.52376 1.55185 1.57995 1.62131 1.78446 1.96832 1.98755 1.99749 2.00254 2.00248 1.91720 1.90608 1.90608 1.90608 1.90608 1.90608 1.90608 1.90608 1.90608 1.90677 1.90079 1.89075 1.76623 1.83151 1.85302 1.92759 2.01817 2.01989 2.02192 2.00054 1.98162 1.98234 1.98248 1.97833 1.91802 1.84020 1.76231 1.69099 1.70042 1.69303 1.53742 1.52741 1.52741 1.52741 1.52508 1.27492 1.31425 1.37193 1.42973 1.48741 1.54517 1.57725 1.57732 1.55886 1.56722 1.56936 1.91145 1.96789 2.00617 2.01021 2.01848
1.68838 1.55420 1.57569 1.60378 1.63142 1.64073 1.64233 1.65055 1.65950 1.66843 1.79431 1.94099 2.01146 2.00254 2.00254 2.00254 1.94293 1.90608 1.90608 1.90608 1.90786 1.91575 1.90769 1.89756 1.88750 1.87672 1.87252 1.87300 1.79170 1.79729 1.84333 1.86586 2.02895 2.02920 2.02920 2.01621 1.92434 1.84651 1.76866 1.69495 1.67741 1.67741 1.67741 1.67741 1.68524 1.76979 1.64025 1.71894 1.77670 1.83442 1.88802 1.68303 1.57732 1.57732 1.57732 1.58957 1.61774 1.64595 1.67417 1.69648 1.67399 1.58296 1.98399 1.99098 1.98123 1.96926 1.95331
1.62342 1.63441 1.64117 1.64802 1.65697 1.66590 1.67324 1.67395 1.67395 1.67395 1.74487 1.88562 2.01801 2.00254 2.00254 2.00446 1.98234 1.92442 1.91456 1.90442 1.89253 1.87457 1.87300 1.87511 1.87736 1.87960 1.88185 1.88361 1.83355 1.75962 1.83448 1.82841 1.97178 1.93808 1.87994 1.82216 1.68861 1.67741 1.68656 1.70663 1.72673 1.74685 1.76692 1.78702 1.80165 1.88016 1.77406 1.89909 1.89909 1.89925 1.90462 1.79616 1.66172 1.70041 1.73558 1.74238 1.73134 1.72024 1.70913 1.69843 1.69087 1.63990 1.77599 1.75116 1.68874 1.62633 1.56392
1.63713 1.65238 1.67187 1.67395 1.67395 1.67395 1.67395 1.67395 1.67395 1.67395 1.69503 1.83339 2.00876 2.01890 2.01784 2.00584 1.97511 1.87360 1.87511 1.87736 1.87960 1.88185 1.88361 1.88375 1.88375 1.88375 1.88375 1.88375 1.84771 1.67277 1.68869 1.63716 1.73232 1.84037 1.86046 1.88057 1.82130 1.79137 1.80232 1.80948 1.82726 1.84509 1.86290 1.88075 1.89856 1.95839 1.85948 1.96676 1.96824 1.95549 1.92464 1.88881 1.75126 1.72896 1.71091 1.70895 1.71508 1.74203 1.78604 1.85416 1.87279 1.85720 1.62911 1.52392 1.52392 1.52392 1.52392
1.65664 1.65838 1.67391 1.67395 1.67395 1.67374 1.67042 1.66608 1.66251 1.66825 1.67717 1.81865 1.88561 1.93738 1.97382 1.97606 1.97831 1.90098 1.88375 1.88375 1.88375 1.88375 1.88375 1.88375 1.87144 1.82555 1.79364 1.76916 1.76339 1.67079 1.74804 1.82615 1.86617 2.01733 2.03514 2.05301 2.03164 1.95928 1.97713 1.98780 1.98789 1.98701 1.97367 1.95601 1.91662 1.88172 1.80673 1.81913 1.85087 1.83788 1.83775 1.85190 1.77787 1.78035 1.82201 1.88969 1.95188 1.99327 2.01758 2.01786 1.97453 1.88033 1.71027 1.52373 1.52392 1.52392 1.52392
1.65658 1.65375 1.66374 1.66239 1.65976 1.66696 1.67874 1.68708 1.66463 1.62732 1.58727 1.62699 1.68468 1.85016 1.98021 1.98021 1.98021 1.92681 1.88370 1.87740 1.87585 1.84434 1.80765 1.77090 1.74653 1.75568 1.75083 1.73862 1.72683 1.80961 1.90173 1.97183 1.94602 2.10962 2.11727 2.11727 2.11271 1.98849 1.96479 1.92067 1.86756 1.81533 1.77558 1.74017 1.72644 1.72877 1.73532 1.78591 1.91890 1.94748 1.98698 2.03987 2.01446 1.99044 2.01715 2.01786 2.01786 2.01786 2.01786 2.01786 2.01008 1.88330 1.80276 1.52799 1.52392 1.52392 1.52368
1.64014 1.65082 1.67123 1.66078 1.63182 1.59329 1.55322 1.51766 1.51211 1.51418 1.52319 1.56307 1.70288 1.76183 1.90024 1.87232 1.83943 1.78528 1.79437 1.76396 1.72880 1.72359 1.72359 1.72359 1.72359 1.72359 1.72359 1.72359 1.72359 1.77877 1.87099 1.97155 1.95775 2.04676 2.05399 2.00092 1.94784 1.81127 1.73548 1.72644 1.72197 1.68275 1.63901 1.59832 1.56036 1.52632 1.56939 1.85068 2.07675 2.11643 2.14532 2.14666 2.11908 2.01786 2.01786 2.01786 2.01786 2.01786 2.01786 2.01786 2.01240 1.88712 1.75579 1.42805 1.33690 1.29992 1.26536
1.58534 1.55541 1.53203 1.54471 1.55426 1.56380 1.57333 1.58288 1.58324 1.57315 1.55614 1.53892 1.65805 1.60096 1.64809 1.62763 1.58230 1.57915 1.72004 1.72359 1.72359 1.72359 1.72359 1.72359 1.72359 1.72359 1.72359 1.72359 1.72898 1.79438 1.95212 2.00106 1.99024 1.88830 1.85582 1.84700 1.80037 1.70801 1.59269 1.55508 1.52309 1.51758 1.52466 1.56113 1.60084 1.64051 1.70241 1.85744 2.13649 2.14666 2.14666 2.14666 2.14563 2.02877 2.00286 1.97742 1.95193 1.92646 1.90099 1.87553 1.85550 1.78719 1.65521 1.34874 1.25056 1.24992 1.24927
1.58312 1.58316 1.58949 1.57883 1.55895 1.54140 1.52385 1.50630 1.49794 1.50103 1.50846 1.51593 1.49920 1.46522 1.48534 1.57236 1.57236 1.57236 1.68659 1.72359 1.72359 1.72359 1.72359 1.72545 1.74646 1.79292 1.84040 1.88799 1.93017 1.93807 2.05439 1.97137 1.84957 1.75287 1.66105 1.62878 1.62539 1.61713 1.52455 1.55833 1.59803 1.63771 1.67032 1.67355 1.67355 1.67355 1.69270 1.79989 2.07494 2.09520 2.06972 2.04426 2.01876 1.91214 1.85401 1.85401 1.85401 1.85401 1.85371 1.85317 1.85263 1.83302 1.68145 1.44227 1.22238 1.19420 1.16561
1.64648 1.66231 1.67256 1.54107 1.49794 1.49939 1.50632 1.51378 1.52127 1.52563 1.52566 1.52566 1.51168 1.47632 1.43754 1.57236 1.57236 1.57236 1.64820 1.73679 1.76824 1.81578 1.86336 1.90908 1.93565 1.92984 1.90339 1.87546 1.84753 1.81960 1.89322 1.85795 1.71914 1.69344 1.63088 1.63038 1.63622 1.64206 1.66420 1.67355 1.67355 1.68202 1.71249 1.74406 1.77565 1.80724 1.84607 1.92904 2.06538 1.98282 1.98282 1.98282 1.98282 1.93779 1.84856 1.83374 1.81868 1.80549 1.80174 1.79948 1.79725 1.79499 1.64718 1.45708 1.14368 1.06440 1.09299
1.67276 1.67318 1.67899 1.60155 1.51910 1.52512 1.52566 1.52566 1.52566 1.52566 1.52566 1.52566 1.52488 1.47857 1.44801 1.59648 1.63991 1.68749 1.76682 1.92070 1.92973 1.90311 1.87518 1.84725 1.81932 1.79833 1.79711 1.79711 1.79711 1.79711 1.86118 1.91416 1.73525 1.72568 1.66045 1.66258 1.69419 1.72574 1.76878 1.81480 1.84637 1.86949 1.87061 1.87117 1.87320 1.87532 1.87750 1.86281 1.97723 1.88029 1.85125 1.82224 1.79798 1.77955 1.71952 1.73048 1.74269 1.75310 1.75435 1.75048 1.73263 1.68797 1.55752 1.38748 1.27072 1.20203 1.20203
1.69178 1.69882 1.70048 1.66237 1.52566 1.52566 1.52566 1.52566 1.52785 1.55310 1.58452 1.61255 1.62371 1.59370 1.61634 1.75168 1.75160 1.72367 1.69801 1.81012 1.79824 1.79711 1.79711 1.79711 1.79711 1.79711 1.79711 1.79999 1.80582 1.81144 1.84993 1.94969 1.78675 1.74084 1.83841 1.85029 1.85240 1.85452 1.86008 1.88459 1.88673 1.88884 1.89096 1.89252 1.89099 1.87851 1.86402 1.76216 1.81735 1.80011 1.80154 1.81378 1.82125 1.82133 1.76182 1.72686 1.70796 1.66555 1.59823 1.52889 1.46915 1.44384 1.44384 1.42222 1.27166 1.20207 1.20203
1.70048 1.70048 1.70048 1.69904 1.55973 1.58017 1.61155 1.63730 1.64481 1.62834 1.61355 1.63888 1.68577 1.71784 1.78627 1.74642 1.64588 1.64588 1.64588 1.75019 1.79711 1.79711 1.79711 1.80714 1.82797 1.84889 1.86982 1.88787 1.90296 1.91829 1.93659 1.96803 1.86471 1.76092 1.84442 1.86870 1.86674 1.86674 1.86674 1.88804 1.88676 1.87252 1.86156 1.85168 1.84343 1.84605 1.85067 1.79270 1.76824 1.85442 1.78789 1.76902 1.75014 1.71158 1.62219 1.53128 1.47304 1.44384 1.44384 1.44384 1.44384 1.44384 1.44384 1.44384 1.28977 1.23224 1.20203
1.75064 1.78202 1.81342 1.83533 1.70271 1.62869 1.64676 1.67905 1.72736 1.77659 1.81806 1.82271 1.82271 1.82233 1.78775 1.85139 1.69784 1.73452 1.78947 1.86960 1.91620 1.93711 1.95804 1.96894 1.96905 1.96905 1.96905 1.96905 1.96905 1.96905 1.96905 1.97058 1.92414 1.76092 1.80903 1.87633 1.85529 1.84477 1.83489 1.83833 1.84687 1.85123 1.85234 1.85918 1.92238 1.99811 2.07378 2.12052 2.08862 1.81524 1.65893 1.60957 1.55535 1.52424 1.50975 1.44384 1.44384 1.44384 1.44384 1.44384 1.44384 1.44384 1.44384 1.44405 1.35181 1.37430 1.37961
1.81988 1.83278 1.85940 1.89468 1.87438 1.82304 1.83744 1.84323 1.84902 1.85481 1.86060 1.88137 1.92632 1.96997 1.97175 2.14343 2.02166 2.03967 2.04551 2.03725 1.96905 1.96905 1.96905 1.96905 1.96905 1.96905 1.96905 1.96905 1.96905 1.96905 1.96905 1.96316 1.92323 1.70109 1.65601 1.77492 1.82582 1.82648 1.83933 1.91382 2.01010 2.08580 2.16153 2.23039 2.24293 2.23604 2.21528 2.18886 2.01766 1.78087 1.52422 1.52422 1.52422 1.52422 1.52405 1.45281 1.44384 1.44466 1.44683 1.44902 1.45121 1.45341 1.45559 1.45757 1.47846 1.62863 1.63440
2.01760 2.03713 2.04292 2.04870 2.02561 1.88643 1.92419 1.96364 2.00310 2.04259 2.08202 2.10665 2.11381 2.12400 2.10977 2.16367 2.11463 2.05059 2.05059 2.05048 1.97779 1.96905 1.96905 1.96905 1.96905 1.96905 1.97015 1.95885 1.92327 1.88749 1.85175 1.82357 1.82238 1.69785 1.69713 1.89232 2.07101 2.14766 2.21050 2.21718 2.24013 2.23711 2.21675 2.19385 2.16869 2.15091 2.15051 2.15051 2.02987 1.88777 1.54355 1.52595 1.52814 1.53033 1.53252 1.48642 1.45652 1.45789 1.45791 1.45791 1.45824 1.47511 1.50120 1.52726 1.55740 1.72174 1.77564
