High_resolution/powerplant/Shangrao/OMI_NO2_200704.asc
ncols      200
nrows      200
xllcorner       115.451
yllcorner       27.0350
cellsize     0.0166667
NODATA_Value      -999.000
[rows 60 to 89 of 165, columns 66 to 131 of 200]
2.34986 2.35617 2.34516 2.32589 2.37409 2.44285 2.41333 2.40751 2.55947 2.55967 2.55967 2.55967 2.55967 2.55967 2.55967 2.56063 2.63125 2.63510 2.65587 2.56966 2.53871 2.66475 2.66095 2.41681 2.28344 2.00285 2.00285 2.00285 2.00285 2.01997 2.16328 2.33227 2.47401 2.69661 3.04423 3.09772 3.13847 3.07707 3.09772 3.09866 2.97977 2.98377 2.99117 2.99321 2.99321 2.99321 2.99321 2.98713 2.91464 2.49974 2.49814 2.49290 2.48767 2.48243 2.46277 2.40261 2.40230 2.40230 2.32225 1.86131 1.86131 1.86131 1.86131 1.85878 1.86166 1.87435
2.24502 2.22882 2.20620 2.19595 2.24313 2.37534 2.38433 2.38433 2.53180 2.55967 2.55967 2.55967 2.55967 2.55967 2.55967 2.55967 2.61396 2.62754 2.63330 2.53467 2.48548 2.52980 2.52863 2.39836 2.21707 1.91996 2.00337 2.10712 2.20817 2.36441 2.44645 2.50528 2.58270 2.60755 2.76420 2.79629 2.79629 2.84865 3.13022 3.12427 3.01064 2.95913 2.94493 2.93087 2.91678 2.90272 2.88863 2.88065 2.88061 2.53548 2.47275 2.47275 2.47275 2.47275 2.47151 2.40527 2.40230 2.40230 2.40230 1.93826 1.85856 1.85774 1.85690 1.85864 1.86695 1.88609
2.10931 2.19576 2.19576 2.19576 2.21189 2.36114 2.38410 2.38433 2.48460 2.55967 2.55967 2.55913 2.54521 2.52108 2.49815 2.47644 2.48092 2.48758 2.48202 2.42386 2.36530 2.31220 2.36414 2.44420 2.40566 2.33397 2.37394 2.47671 2.57678 2.60755 2.60755 2.61731 2.64901 2.68155 2.73913 2.73409 2.71999 2.70711 2.99910 3.01767 2.95862 2.88061 2.88061 2.88053 2.86605 2.84262 2.81983 2.79757 2.77605 2.55713 2.36104 2.34580 2.33081 2.31634 2.30188 2.22044 2.15253 2.10109 2.05089 1.92235 1.86375 1.86375 1.86375 1.86375 1.86377 1.88390
2.02083 2.19576 2.19376 2.18887 2.19341 2.29671 2.33209 2.31498 2.34199 2.43220 2.40629 2.38215 2.36913 2.36340 2.35773 2.35206 2.37283 2.44710 2.45001 2.43766 2.37117 2.54188 2.48236 2.43870 2.14717 2.30425 2.70286 2.73314 2.75578 2.77710 2.79785 2.80886 2.79919 2.78905 2.72756 2.61630 2.60907 2.60208 2.78597 2.72267 2.68810 2.57306 2.55681 2.54118 2.53496 2.53496 2.53496 2.53496 2.53496 2.46994 2.20168 2.17066 2.13300 2.09519 2.05761 2.01143 1.98409 1.98409 1.98409 1.95581 1.86375 1.86375 1.86375 1.86375 1.86375 1.87849
1.78297 2.09492 2.08972 2.07533 2.06440 2.11665 2.16454 2.16676 2.17483 2.31726 2.32016 2.32016 2.32142 2.32507 2.32884 2.33267 2.33249 2.40098 2.30284 2.20011 2.22366 2.32437 2.41519 2.43826 2.31265 2.29759 2.69141 2.70294 2.70252 2.70252 2.70252 2.70252 2.70252 2.70252 2.69037 2.56470 2.56425 2.56425 2.68634 2.67340 2.64457 2.55252 2.53496 2.53496 2.53496 2.53416 2.51289 2.50268 2.53995 2.57867 2.12502 2.04060 2.04046 2.04046 2.04046 2.02416 1.98409 1.98409 1.98409 1.98726 1.87810 1.86375 1.86375 1.86375 1.86375 1.87305
1.61125 1.95462 2.01817 2.01629 2.01476 2.05982 2.15223 2.16462 2.16412 2.27118 2.28188 2.25176 2.21995 2.17650 2.08659 1.99049 1.90955 1.90524 1.88300 1.87191 2.12256 2.16682 2.28425 2.27181 2.28972 2.27663 2.56713 2.70252 2.70252 2.70252 2.70252 2.70252 2.70252 2.70252 2.70252 2.58677 2.56425 2.56425 2.62390 2.71389 2.64457 2.57531 2.49608 2.48179 2.51737 2.55739 2.61790 2.66729 2.66925 2.66925 2.31746 2.04046 2.04046 2.04046 2.04046 2.03671 1.98445 1.98409 1.98471 1.98898 1.94699 1.88215 1.88827 1.89440 1.90050 1.91048
1.53700 1.82194 2.00316 2.00513 2.00922 1.93809 1.97209 1.96030 1.93100 2.00658 2.04538 1.96680 1.87943 1.80135 1.76969 1.74429 1.71899 1.73561 1.75214 1.76556 1.99134 2.08437 2.26053 2.26752 2.29051 2.27663 2.43284 2.70252 2.70252 2.70252 2.70252 2.70252 2.70252 2.70252 2.70252 2.62101 2.56364 2.53924 2.50912 2.65929 2.58574 2.60792 2.61216 2.66566 2.66925 2.66925 2.66925 2.65890 2.63151 2.60387 2.42249 1.91977 1.89209 1.86442 1.83681 1.80917 1.98611 2.03792 2.04220 2.04132 2.04618 1.92644 1.92203 1.91760 1.91318 1.90883
1.53826 1.69562 2.02242 2.02545 2.02598 1.92676 1.82870 1.80330 1.74327 1.69875 1.71822 1.70932 1.70932 1.70932 1.70932 1.70932 1.70932 1.72614 1.75214 1.75464 1.91957 2.08393 2.20120 2.26752 2.28566 2.27721 2.30622 2.69494 2.70252 2.70252 2.70252 2.70252 2.69609 2.66247 2.62584 2.55108 2.48715 2.54938 2.62394 2.77011 2.62867 2.59954 2.49293 2.45987 2.43223 2.40459 2.37692 2.35963 2.35938 2.35938 2.35506 1.77722 1.72444 1.72090 1.71736 1.71383 1.89814 2.01897 2.01543 2.01338 2.06083 1.90126 1.90034 1.90034 1.90034 1.90034
1.53338 1.58971 1.92742 1.91606 1.84978 1.75124 1.58715 1.65180 1.66274 1.66349 1.70667 1.70932 1.70932 1.70932 1.70932 1.70932 1.70932 1.71728 1.75214 1.75214 1.84454 2.09354 2.15782 2.29082 2.29899 2.28415 2.28077 2.59953 2.69840 2.66683 2.63526 2.61015 2.64325 2.71475 2.78925 2.84139 2.72812 2.72793 2.72793 2.67446 2.45257 2.44526 2.38917 2.37419 2.39453 2.41581 2.43848 2.46221 2.48749 2.51424 2.54175 1.95797 1.70115 1.70115 1.70115 1.70115 1.81745 2.01337 2.01337 2.01337 2.05018 1.96133 1.89984 1.89575 1.89131 1.88688
1.61719 1.63669 1.59624 1.76508 1.76508 1.76489 1.58416 1.64734 1.66250 1.66274 1.69495 1.70932 1.70932 1.70932 1.70932 1.71184 1.71308 1.71340 1.75363 1.75456 1.78201 2.05110 2.07465 2.31674 2.31162 2.27509 2.22301 2.36993 2.65301 2.72248 2.79190 2.85496 2.86620 2.86620 2.86657 2.87736 2.79665 2.81271 2.84614 2.84988 2.64072 2.61852 2.60991 2.55051 2.55051 2.55051 2.55051 2.55051 2.55051 2.55058 2.55243 2.20360 1.70669 1.70870 1.71070 1.71272 1.75942 2.02608 1.96351 1.87608 1.79157 1.84585 1.87850 1.87816 1.87816 1.87816
1.69090 1.69090 1.53894 1.76508 1.76508 1.76508 1.62505 1.63400 1.63952 1.63604 1.65133 1.67770 1.67964 1.68257 1.68545 1.68589 1.68760 1.69108 1.70539 1.69570 1.67667 1.86327 1.91802 2.12362 2.25030 2.28436 2.31577 2.42319 2.88560 2.90438 2.92214 2.94095 2.96034 2.96639 2.96587 2.95035 2.92810 2.90574 2.88367 2.85344 2.69054 2.68193 2.67569 2.58063 2.58211 2.58463 2.58713 2.58964 2.59215 2.59457 2.59525 2.48483 1.75861 1.70785 1.61951 1.53008 1.44121 1.63888 1.64147 1.64147 1.64147 1.73335 1.87816 1.87816 1.87816 1.87816
1.75896 1.77761 1.65445 1.84180 1.88727 1.89846 1.80194 1.59065 1.60688 1.66288 1.67756 1.72026 1.72126 1.72126 1.72126 1.70121 1.66147 1.62175 1.56315 1.51310 1.56569 1.73185 1.87686 2.04923 2.27582 2.25857 2.19104 2.16377 2.62346 2.72720 2.70495 2.68270 2.66102 2.65460 2.65460 2.65460 2.65460 2.65460 2.65460 2.65460 2.61022 2.70260 2.70260 2.61909 2.59525 2.59525 2.59525 2.59525 2.58827 2.49853 2.36045 2.18376 1.56052 1.33035 1.32925 1.32925 1.32925 1.54306 1.64147 1.64147 1.64147 1.68269 1.86628 1.87816 1.87816 1.87816
1.88041 1.86494 1.80261 1.75816 1.87217 1.86289 1.83157 1.58630 1.57900 1.67469 1.67300 1.68439 1.65856 1.64431 1.63005 1.63658 1.67791 1.75080 1.82941 1.92568 1.95227 1.73301 1.70255 1.73217 2.07245 2.05053 2.03005 2.04670 2.33748 2.65460 2.65460 2.65460 2.65460 2.65460 2.65460 2.65460 2.65460 2.65460 2.65460 2.65460 2.60161 2.70260 2.70260 2.65066 2.54914 2.43596 2.30164 2.13964 1.98456 1.91215 1.88810 1.88810 1.64484 1.32925 1.32925 1.32925 1.32925 1.47145 1.64147 1.64147 1.64147 1.66490 1.82163 1.86146 1.82302 1.78477
1.80566 1.80477 1.80477 1.67158 1.86259 1.85068 1.82412 1.63701 1.56415 1.66479 1.66464 1.71692 1.76704 1.81000 1.84808 1.87668 1.89142 1.87486 1.85827 1.84674 1.83483 1.68844 1.63901 1.64130 1.97060 2.04613 2.02395 2.04670 2.14649 2.65460 2.65460 2.65460 2.65460 2.65460 2.65460 2.65460 2.65460 2.65460 2.65460 2.64718 2.48949 2.40814 2.22885 1.99158 1.96502 1.91605 1.88825 1.88810 1.88810 1.88810 1.88810 1.88835 1.81365 1.33632 1.33391 1.33546 1.33701 1.37009 1.41150 1.38094 1.35004 1.31922 1.33414 1.41312 1.40947 1.40581
1.74547 1.71901 1.69598 1.53215 1.62961 1.58812 1.55526 1.60102 1.57036 1.69322 1.79062 1.83583 1.85272 1.83901 1.82960 1.82960 1.82960 1.82960 1.82960 1.83409 1.83478 1.72979 1.63901 1.63901 1.85428 2.04615 2.02695 2.04670 2.04676 2.56338 2.65460 2.65460 2.65460 2.65460 2.65460 2.61598 2.47092 2.30144 2.09175 1.82030 1.68535 1.63048 1.66375 1.66637 1.87694 1.89817 1.90011 1.90204 1.90398 1.90591 1.90785 1.90954 1.89293 1.46384 1.34615 1.34353 1.34060 1.33564 1.26186 1.25669 1.25376 1.25080 1.24045 1.38303 1.38505 1.38505
1.65135 1.64096 1.64067 1.57988 1.49259 1.57700 1.61578 1.69200 1.74116 1.78391 1.87548 1.87135 1.82980 1.82960 1.82960 1.82960 1.82960 1.82960 1.82960 1.83284 1.83478 1.77454 1.63901 1.62964 1.70812 2.02494 2.00969 2.04114 2.04670 2.37262 2.66686 2.59886 2.46897 2.32192 2.13968 1.94901 1.90738 1.87327 1.85801 1.88667 1.91038 1.61054 1.68614 1.68614 1.83467 1.90977 1.90977 1.90977 1.90977 1.90977 1.90977 1.90977 1.90016 1.60480 1.32243 1.32213 1.32213 1.32213 1.26441 1.24699 1.24699 1.24699 1.23304 1.34802 1.38585 1.40928
1.65400 1.63553 1.63472 1.63411 1.59063 1.69773 1.69773 1.71008 1.76840 1.74631 1.87352 1.87548 1.83795 1.82960 1.82960 1.82960 1.82960 1.82960 1.82298 1.80732 1.79534 1.77058 1.55825 1.55122 1.59263 2.06434 2.10500 2.02555 1.87781 1.84908 2.22960 2.09434 2.02984 1.96531 1.91567 1.91239 1.91239 1.91239 1.91239 1.91239 1.91239 1.66621 1.68614 1.68614 1.76790 1.90977 1.90977 1.90977 1.90977 1.90977 1.90977 1.90977 1.90969 1.76817 1.32213 1.32242 1.32749 1.33423 1.30048 1.27252 1.27934 1.30040 1.28277 1.29698 1.37272 1.36276
1.65906 1.63465 1.63465 1.63465 1.58347 1.69709 1.69773 1.69773 1.76993 1.73704 1.84845 1.88986 1.87393 1.85646 1.85119 1.84552 1.83969 1.84610 1.86715 1.89343 1.85855 1.85855 1.62881 1.53126 1.47599 1.60336 1.48264 1.40486 1.28799 1.25840 1.84958 1.91239 1.91239 1.91239 1.91239 1.91239 1.91239 1.91239 1.91104 1.90669 1.90225 1.71096 1.73243 1.75079 1.77265 1.96983 1.98332 1.99179 2.00017 2.00853 2.01692 2.02525 2.03367 1.97975 1.51445 1.44102 1.43866 1.45108 1.44971 1.41975 1.44148 1.44905 1.37705 1.21311 1.29546 1.29546
1.66549 1.63989 1.64694 1.66726 1.65743 1.73049 1.78173 1.80042 1.89538 1.94715 2.02478 2.09582 2.09264 2.06864 2.08858 2.10854 2.12816 2.13428 2.11060 2.06431 1.68182 1.58006 1.37304 1.28114 1.25175 1.36391 1.35793 1.33673 1.19508 1.19052 1.59674 1.87161 1.86717 1.86273 1.85826 1.85381 1.84937 1.84491 1.84181 1.84171 1.84171 1.74996 1.79250 1.88703 1.88703 2.01981 2.06043 2.06043 2.06043 2.06043 2.06043 2.05879 2.04368 1.96092 1.65185 1.48879 1.51471 1.52419 1.51800 1.44925 1.44905 1.44905 1.43043 1.19539 1.28463 1.29546
1.69180 1.85793 1.92027 1.92280 1.92539 1.89141 1.95487 1.95831 2.01375 2.09096 2.10477 2.18989 2.18761 2.13259 2.09991 2.05995 2.01558 1.96704 1.94902 1.93485 1.58545 1.43038 1.28802 1.15086 1.14744 1.24724 1.30294 1.29942 1.17882 1.15171 1.34663 1.84171 1.84171 1.84171 1.84171 1.84171 1.84171 1.84171 1.84171 1.84171 1.84171 1.83424 1.70533 1.88703 1.88703 1.97126 2.06043 2.05218 2.03527 1.99182 1.93411 1.87802 1.83540 1.81496 1.72004 1.52419 1.52419 1.52419 1.52419 1.46026 1.44905 1.44905 1.44905 1.23068 1.25562 1.29546
1.69783 1.83073 1.93808 1.94106 1.94122 1.89365 1.96050 1.96050 1.98151 2.09092 2.04734 2.09866 2.06701 1.97409 1.94905 1.93948 1.91371 1.88663 1.85717 1.84176 1.60961 1.36625 1.31301 1.13065 1.13054 1.19569 1.29313 1.29313 1.22038 1.15171 1.16930 1.80324 1.84171 1.84171 1.84171 1.84171 1.84171 1.84171 1.84171 1.84171 1.84171 1.84171 1.70836 1.99136 2.08628 2.12935 1.92859 1.87875 1.83792 1.82361 1.82361 1.82361 1.82361 1.82345 1.77944 1.54631 1.52157 1.51760 1.51362 1.52878 1.57437 1.59959 1.62512 1.48631 1.45304 1.54768
1.70897 1.79246 1.97199 1.99644 2.02218 2.00812 2.02155 2.01969 2.00180 1.95529 1.92897 1.97917 2.00870 1.94586 1.85487 1.83487 1.83105 1.82857 1.82849 1.82849 1.69741 1.35800 1.35564 1.14075 1.13054 1.15751 1.29313 1.29313 1.25616 1.15171 1.15171 1.60497 1.84171 1.84171 1.84171 1.84171 1.84171 1.84171 1.88595 1.99120 2.08380 2.14261 2.05378 2.17031 2.12878 2.10781 1.86441 1.80950 1.80452 1.79955 1.79457 1.78960 1.78463 1.77965 1.74951 1.57935 1.47970 1.47970 1.48341 1.60008 1.77630 1.78523 1.79416 1.69306 1.56243 1.66491
1.83765 1.88349 2.13240 2.13240 2.13240 2.13096 1.99671 1.99834 1.99414 1.97918 1.93711 1.95778 2.01978 1.97927 1.82849 1.82849 1.82849 1.82849 1.82849 1.82849 1.78521 1.35800 1.35800 1.18011 1.13054 1.13137 1.29364 1.33042 1.32958 1.15379 1.15171 1.38934 1.84171 1.84648 1.91956 1.99538 2.06175 2.10150 2.08572 2.02360 1.96073 1.91918 1.84286 2.03844 2.05745 2.05636 1.90240 1.76800 1.76800 1.76800 1.76800 1.76800 1.76800 1.76800 1.77100 1.70809 1.54050 1.54942 1.55463 1.59936 1.82974 1.82974 1.82974 1.77388 1.57500 1.64956
1.86630 1.88015 2.14054 2.18595 2.18252 2.16942 2.04879 1.97639 1.97358 1.97319 1.93310 1.93583 2.01854 2.01760 1.84135 1.82849 1.82849 1.82849 1.82849 1.82849 1.82842 1.43227 1.40115 1.30209 1.24302 1.27768 1.34109 1.33704 1.31212 1.07524 1.16150 1.31761 1.93426 1.99298 1.96054 1.91904 1.87764 1.85467 1.86419 1.87755 1.88930 1.85428 1.84474 1.95606 2.05636 2.05636 1.98684 1.76800 1.76800 1.76800 1.76800 1.76800 1.76800 1.76800 1.77664 1.79958 1.56474 1.55467 1.55467 1.55604 1.81002 1.82839 1.81597 1.80367 1.65371 1.63407
1.92384 1.89917 2.05871 2.12904 2.12158 2.12158 2.07313 1.97358 1.97358 1.97358 1.94285 1.93050 1.99633 2.01978 1.89647 1.84715 1.85937 1.87035 1.88033 1.88945 1.89784 1.69795 1.59660 1.54832 1.41466 1.43064 1.38172 1.43665 1.61501 1.64485 1.64923 1.66644 1.91312 1.99039 1.99982 2.00941 2.01865 2.02750 2.02988 2.02198 2.01133 1.85659 1.83056 1.86671 2.00386 2.02198 1.99932 1.71675 1.67920 1.66119 1.64294 1.62489 1.60684 1.58869 1.57117 1.63146 1.44670 1.35327 1.33870 1.36353 1.63456 1.81258 1.92845 2.04765 1.99735 1.83841
1.84294 1.84288 1.96487 2.12158 2.12056 2.11204 2.09522 1.94719 1.91444 1.88271 1.88643 1.92730 1.95576 1.96212 1.87295 1.75720 1.73733 1.71564 1.69401 1.67235 1.65068 1.72062 1.82884 1.80873 1.59942 1.59896 1.57268 1.55182 1.77159 1.78560 1.81016 1.83040 1.96151 2.13205 2.13723 2.14200 2.14646 2.15077 2.15516 2.16807 2.18489 2.13382 2.11544 1.97239 1.72181 1.73111 1.73111 1.54210 1.44275 1.44275 1.44275 1.44275 1.44275 1.44275 1.45832 1.60780 1.61081 1.55419 1.65787 1.72263 1.88880 2.06939 2.06939 2.06939 2.01702 1.97836
1.82447 1.81976 1.82982 1.81870 1.78804 1.76483 1.74880 1.64319 1.61218 1.62997 1.68331 1.80647 1.79970 1.77604 1.75893 1.63606 1.64183 1.64748 1.65296 1.65831 1.66352 1.71279 1.85873 1.86324 1.81995 1.83440 1.84886 1.75288 1.98705 2.01892 2.02877 2.01681 2.03167 2.23557 2.23699 2.23699 2.23699 2.23699 2.23699 2.23699 2.23699 2.19565 2.13763 2.06776 1.72027 1.73056 1.73111 1.62656 1.44275 1.44351 1.50413 1.60061 1.68610 1.76909 1.83650 1.84676 1.85026 1.72732 1.72555 1.72555 1.80996 2.06939 2.06939 2.06939 2.03623 1.97854
1.81957 1.82326 1.83760 1.76082 1.77531 1.80712 1.83153 1.78464 1.70758 1.71198 1.72015 1.84306 1.84914 1.82592 1.82369 1.71233 1.69617 1.69619 1.69731 1.69915 1.70091 1.70889 1.88252 1.89120 1.89370 1.89761 1.90263 1.79148 1.94471 2.03607 2.02061 2.00727 2.00727 2.18684 2.23699 2.23699 2.23699 2.23699 2.23699 2.23699 2.23699 2.21605 2.13763 2.12101 1.75928 1.72106 1.69079 1.63960 1.73922 1.82460 1.84696 1.83343 1.83087 1.83087 1.83087 1.83759 1.85937 1.76259 1.72555 1.72555 1.74842 2.04178 2.02775 2.01029 1.97929 1.88460
1.88306 1.90478 1.90590 1.82904 1.80567 1.82421 1.85003 1.84029 1.72837 1.72670 1.72670 1.82134 1.85072 1.83337 1.81909 1.73576 1.69960 1.70106 1.70135 1.70083 1.70038 1.70033 1.86613 1.90812 1.90609 1.90320 1.90320 1.82610 1.86151 2.03576 2.02815 2.00727 2.00727 2.11508 2.23699 2.23699 2.23699 2.23699 2.23699 2.23699 2.23699 2.22078 2.09533 2.06373 1.72368 1.56194 1.52965 1.51565 1.75971 1.84562 1.87590 1.90617 1.93641 1.96676 1.99697 2.02712 2.04151 2.03165 2.01279 2.04306 2.06333 1.90283 1.85721 1.85354 1.84922 1.75036
1.87398 1.90590 1.90590 1.85150 1.80567 1.81353 1.85003 1.85003 1.75450 1.69615 1.66377 1.69784 1.72571 1.68504 1.64132 1.65685 1.70033 1.70033 1.70033 1.70033 1.70033 1.70033 1.82052 1.90812 1.90718 1.90320 1.90320 1.86077 1.77525 2.05093 2.07711 2.00727 2.00727 2.04334 2.23699 2.23699 2.23462 2.21413 2.19386 2.18406 2.16858 2.16232 2.07977 2.06115 1.89617 1.73228 1.77454 1.80482 1.98917 2.16916 2.16916 2.16916 2.16916 2.16916 2.16916 2.16916 2.14862 2.13809 2.07981 2.08370 2.08788 1.94191 1.82158 1.82158 1.82158 1.73411
