High_resolution/powerplant/Shangrao/OMI_NO2_2005_06-08.asc
ncols      200
nrows      200
xllcorner       115.451
yllcorner       27.0350
cellsize     0.0166667
NODATA_Value      -999.000
[rows 87 to 115 of 164, columns 0 to 66 of 200]
1.73182 1.61279 1.60334 1.54238 1.57592 1.58384 1.59105 1.67780 1.59783 1.58250 1.61838 1.65264 1.63767 1.67327 1.63208 1.60478 1.64224 1.68353 1.70267 1.72537 1.75853 1.82980 1.77954 1.84652 1.97835 2.02865 2.09491 2.21806 2.21294 2.22077 2.23528 2.28622 2.26831 2.25522 2.23951 2.22849 2.25815 2.28177 2.25282 2.30047 2.23486 2.12616 1.97823 1.90005 1.90141 1.89136 1.89159 1.90108 1.90937 1.88803 1.87494 1.85380 1.78642 1.78976 1.72741 1.67101 1.60762 1.58155 1.58449 1.58458 1.58731 1.56093 1.53295 1.48677 1.41983 1.44000 1.42902
1.75549 1.65025 1.62837 1.52988 1.54522 1.54434 1.52699 1.58574 1.57187 1.53030 1.51725 1.56484 1.66879 1.71516 1.68972 1.64290 1.65939 1.69447 1.69475 1.70916 1.70696 1.82678 1.78001 1.83793 1.91131 2.01228 2.06965 2.19194 2.23424 2.25283 2.26869 2.24500 2.24831 2.25709 2.24964 2.25213 2.28029 2.34565 2.30804 2.35371 2.32402 2.24367 2.05254 1.97902 1.94406 1.91470 1.90128 1.90999 1.90976 1.85085 1.82509 1.81027 1.75256 1.73265 1.70578 1.63288 1.60352 1.51736 1.50535 1.51021 1.51525 1.51244 1.50090 1.49827 1.44252 1.45728 1.45629
1.71022 1.58918 1.53156 1.45935 1.40895 1.39168 1.40013 1.47473 1.54574 1.48520 1.46809 1.52356 1.59831 1.66943 1.68611 1.64713 1.67190 1.70674 1.72302 1.75768 1.78466 1.89512 1.86629 1.90568 1.89863 2.04315 2.07888 2.19246 2.29199 2.31634 2.33234 2.33613 2.33933 2.35871 2.35728 2.36279 2.37067 2.45811 2.40998 2.39690 2.35404 2.26478 2.06756 2.00025 1.94346 1.92229 1.91141 1.92858 1.94030 1.89141 1.86432 1.87208 1.82192 1.78189 1.75787 1.64173 1.61604 1.49999 1.50220 1.52643 1.52854 1.53256 1.52523 1.52936 1.47741 1.48186 1.49861
1.60200 1.53032 1.47625 1.45109 1.42367 1.40838 1.40989 1.44986 1.53401 1.45840 1.43549 1.50144 1.57431 1.67810 1.71599 1.71395 1.72492 1.73871 1.76990 1.81203 1.84023 1.93541 1.95241 1.95968 1.96700 2.10278 2.15910 2.21644 2.34724 2.36174 2.36930 2.38643 2.36790 2.38115 2.38222 2.38214 2.38198 2.44602 2.41645 2.39926 2.37295 2.29557 2.12966 2.05862 1.99394 1.98061 1.98760 1.99920 1.99781 1.95208 1.90604 1.91671 1.87362 1.82062 1.78290 1.67545 1.64441 1.56696 1.57033 1.58663 1.58250 1.57529 1.56273 1.57039 1.52633 1.47729 1.49609
1.64800 1.60579 1.51118 1.49465 1.45435 1.43223 1.43873 1.46767 1.56952 1.52790 1.48998 1.53598 1.54703 1.69179 1.74252 1.76724 1.79490 1.80488 1.81806 1.84640 1.85630 1.91089 1.99935 1.98555 2.02192 2.13533 2.23328 2.25083 2.39887 2.44144 2.46183 2.48136 2.44582 2.44437 2.44109 2.43177 2.42722 2.46749 2.47432 2.43328 2.41313 2.31867 2.18620 2.07575 2.01917 1.97734 1.95885 1.93773 1.93423 1.90372 1.86066 1.89770 1.90471 1.87741 1.84511 1.75846 1.68109 1.64475 1.60097 1.59565 1.59588 1.55714 1.51602 1.52035 1.49570 1.45063 1.49732
1.66859 1.65267 1.54427 1.54204 1.51262 1.48475 1.49617 1.52280 1.61035 1.62497 1.50813 1.55957 1.54694 1.67387 1.70759 1.73620 1.74952 1.75300 1.74969 1.77678 1.79495 1.84296 1.93621 1.97633 2.05484 2.13926 2.26083 2.25631 2.36067 2.44668 2.46127 2.47710 2.44776 2.43092 2.42240 2.42055 2.41508 2.42949 2.47564 2.41882 2.40297 2.32136 2.23132 2.09125 2.06533 2.00771 2.01375 2.01161 2.04112 2.05065 2.03321 2.05212 2.04576 1.95165 1.85533 1.75289 1.64808 1.61159 1.55177 1.55223 1.56513 1.53024 1.50256 1.51127 1.51336 1.47529 1.52535
1.71174 1.71178 1.63295 1.61489 1.60261 1.59297 1.60171 1.61432 1.66299 1.71076 1.56822 1.58119 1.55065 1.68440 1.73714 1.73511 1.74541 1.75417 1.74396 1.79758 1.82359 1.89181 2.02991 2.06209 2.09490 2.14881 2.27266 2.27743 2.31859 2.42320 2.43671 2.44972 2.43226 2.40444 2.39645 2.38620 2.36706 2.36056 2.43399 2.37004 2.37302 2.31483 2.26491 2.11937 2.13049 2.10680 2.15551 2.13625 2.12300 2.10017 2.06010 2.06670 2.05832 1.96205 1.87133 1.75241 1.66302 1.61494 1.56078 1.56417 1.59216 1.58920 1.57176 1.57831 1.57697 1.54003 1.55818
1.68792 1.68088 1.64338 1.60496 1.60588 1.59001 1.56816 1.57453 1.59031 1.62934 1.50470 1.51824 1.50454 1.60588 1.70581 1.71253 1.73183 1.74031 1.72998 1.88042 1.88222 1.94017 2.03372 2.06468 2.09495 2.16240 2.24446 2.28468 2.28811 2.41337 2.42344 2.42507 2.41271 2.36534 2.35605 2.36777 2.37103 2.38221 2.44750 2.43666 2.45428 2.41777 2.34477 2.18961 2.17546 2.12975 2.14783 2.10311 2.06890 2.03124 1.99673 1.98612 1.97547 1.94957 1.94483 1.82483 1.73318 1.65306 1.61885 1.58888 1.60817 1.59933 1.57184 1.58002 1.60585 1.59946 1.60161
1.70484 1.69611 1.67805 1.63000 1.62683 1.63263 1.61772 1.62088 1.64471 1.66777 1.60735 1.57558 1.53188 1.60148 1.76647 1.77024 1.76890 1.78875 1.77158 1.91153 1.92550 1.98419 2.07286 2.15427 2.17700 2.25658 2.26740 2.28130 2.26287 2.37572 2.42318 2.42432 2.41384 2.40412 2.40055 2.41142 2.42032 2.43191 2.46462 2.46864 2.44469 2.40111 2.29703 2.13651 2.07357 2.01123 2.04855 2.04211 2.00485 1.97441 1.95441 1.92608 1.92414 1.88891 1.86790 1.77420 1.67765 1.60647 1.58397 1.54348 1.59554 1.61296 1.64017 1.64148 1.64009 1.61324 1.57252
1.71657 1.71094 1.71794 1.66146 1.67276 1.68352 1.67756 1.68069 1.70088 1.70927 1.72956 1.61258 1.56144 1.58757 1.75849 1.78559 1.79177 1.83782 1.85320 1.97869 2.06506 2.09093 2.14147 2.28733 2.32810 2.40115 2.32509 2.31340 2.31398 2.37093 2.41964 2.43170 2.44580 2.46071 2.47487 2.48015 2.48245 2.48707 2.50256 2.49428 2.45929 2.43963 2.35752 2.22495 2.09216 2.03504 2.05547 2.01809 1.95891 1.92686 1.91086 1.84751 1.82768 1.80186 1.79510 1.78019 1.68485 1.66544 1.69978 1.65372 1.65376 1.64279 1.65706 1.61758 1.60318 1.56313 1.51449
1.76033 1.76030 1.76475 1.69627 1.67549 1.66959 1.65850 1.64947 1.66723 1.70158 1.79876 1.74262 1.71068 1.75500 1.95207 2.05832 2.07050 2.09869 2.10099 2.13682 2.24114 2.26355 2.23053 2.44655 2.44737 2.52178 2.39258 2.33412 2.35875 2.38064 2.47050 2.47410 2.47088 2.47230 2.47873 2.48930 2.49534 2.50377 2.50938 2.49607 2.42051 2.41399 2.35680 2.27795 2.10894 2.03973 2.06647 2.03958 1.99091 1.97008 1.98694 1.87884 1.87230 1.86353 1.85475 1.87132 1.80376 1.76289 1.74043 1.70698 1.68110 1.64983 1.64872 1.58968 1.55579 1.50197 1.46040
1.76090 1.75513 1.75093 1.69847 1.66993 1.67671 1.68274 1.77895 1.80254 1.82476 1.87769 1.92228 1.89897 1.87076 1.99719 2.16189 2.20233 2.27324 2.28088 2.32611 2.40540 2.44672 2.36858 2.53339 2.49204 2.56698 2.54109 2.40142 2.42801 2.39204 2.49633 2.49246 2.49058 2.49584 2.49497 2.50008 2.49554 2.49550 2.49153 2.47331 2.38050 2.36452 2.35897 2.30127 2.12946 2.00880 2.01606 2.01314 1.98858 1.97681 2.00297 1.94323 1.92960 1.89706 1.87543 1.91872 1.83485 1.77217 1.71857 1.65017 1.58415 1.56873 1.59691 1.54176 1.50581 1.47977 1.47056
1.78886 1.79120 1.79296 1.76743 1.74069 1.74911 1.75274 1.86720 1.91107 1.96008 1.98735 2.13021 2.11508 2.09778 2.25448 2.41429 2.44690 2.49620 2.46703 2.48570 2.53337 2.60202 2.49497 2.56570 2.55358 2.60870 2.60294 2.46854 2.48689 2.44463 2.54122 2.55462 2.55068 2.55363 2.55873 2.57363 2.58210 2.58912 2.58437 2.56914 2.48828 2.45782 2.45826 2.39487 2.28975 2.10691 2.05694 2.04740 2.01812 1.99674 1.99815 1.90900 1.83092 1.73704 1.68161 1.74326 1.71877 1.68458 1.66278 1.59462 1.53560 1.52959 1.57408 1.55746 1.51438 1.49343 1.48185
1.90634 1.92110 1.94195 1.95093 1.93264 1.94883 1.92922 2.02230 2.09489 2.10995 2.08103 2.28624 2.23715 2.17935 2.31668 2.48688 2.56195 2.60755 2.58379 2.58834 2.62360 2.69584 2.60521 2.59603 2.62743 2.67137 2.68253 2.55585 2.51241 2.49820 2.57265 2.61965 2.61740 2.62426 2.61762 2.61951 2.60784 2.60128 2.57998 2.55317 2.49426 2.39282 2.39528 2.34218 2.28747 2.09070 1.99166 1.90879 1.83626 1.79221 1.79351 1.74845 1.68769 1.63562 1.60237 1.68066 1.67843 1.66153 1.64707 1.60105 1.55620 1.54011 1.55978 1.56939 1.51921 1.50455 1.48734
1.97323 1.97446 1.98293 1.98265 1.91997 1.89895 1.87965 1.95079 2.07945 2.08733 2.03160 2.19235 2.18894 2.17751 2.27809 2.47945 2.57058 2.60019 2.55383 2.56845 2.58802 2.69153 2.63477 2.54223 2.64789 2.64808 2.69647 2.59506 2.48015 2.49098 2.52991 2.58928 2.56386 2.56455 2.54661 2.54257 2.52332 2.51919 2.50482 2.49723 2.46189 2.32445 2.30469 2.22728 2.20352 2.01087 1.92416 1.82099 1.78415 1.75990 1.78830 1.76193 1.66230 1.63250 1.57915 1.60305 1.60778 1.61716 1.63452 1.58894 1.56782 1.55734 1.58589 1.60808 1.56372 1.54469 1.51869
1.84191 1.83953 1.84018 1.83410 1.82647 1.81322 1.80540 1.85024 2.00368 2.04364 2.00385 2.10680 2.17611 2.16349 2.27206 2.47987 2.59051 2.61973 2.57633 2.60214 2.62849 2.67400 2.71522 2.57084 2.67194 2.62952 2.68311 2.64543 2.46685 2.43600 2.45090 2.51981 2.50884 2.53839 2.54089 2.55428 2.55042 2.53745 2.50919 2.47157 2.37321 2.18337 2.19899 2.16331 2.17636 2.03147 1.90248 1.78254 1.73607 1.69872 1.69806 1.69419 1.62183 1.61821 1.56196 1.58423 1.61474 1.63655 1.66713 1.63481 1.63861 1.63588 1.63510 1.62282 1.58352 1.53894 1.53063
1.79787 1.81163 1.82880 1.82913 1.85527 1.84374 1.85025 1.89306 2.03205 2.05866 2.02319 2.05265 2.20495 2.17600 2.25870 2.44620 2.58607 2.63089 2.58242 2.61556 2.63113 2.62187 2.70068 2.64711 2.72871 2.70595 2.76649 2.74494 2.58119 2.50893 2.52155 2.58510 2.55910 2.54930 2.52426 2.51882 2.50364 2.48739 2.46848 2.45035 2.42173 2.25172 2.21831 2.15199 2.14593 2.07128 1.86822 1.77722 1.72995 1.70037 1.72110 1.73110 1.70151 1.70744 1.66543 1.67405 1.69437 1.67825 1.66737 1.63326 1.58613 1.58645 1.58546 1.58778 1.58564 1.53462 1.51322
1.75348 1.76533 1.81025 1.82658 1.86434 1.83586 1.82555 1.85056 1.96512 2.00593 1.98060 1.93561 2.19124 2.22100 2.28330 2.38479 2.52182 2.58047 2.52456 2.57639 2.63189 2.62137 2.71921 2.69931 2.72014 2.70906 2.80252 2.80420 2.70744 2.58135 2.51596 2.50781 2.48727 2.48465 2.47422 2.47653 2.46753 2.45549 2.43822 2.41825 2.41507 2.26439 2.26060 2.23034 2.23190 2.18571 1.98093 1.86472 1.79727 1.77481 1.80135 1.79782 1.74480 1.70826 1.65187 1.63926 1.65763 1.66861 1.61292 1.59101 1.52866 1.53992 1.54244 1.55262 1.57169 1.53647 1.53580
1.78800 1.77432 1.82349 1.81974 1.85970 1.80042 1.80349 1.84314 1.94611 1.97851 1.95268 1.87405 2.09778 2.19166 2.30647 2.40056 2.50346 2.57465 2.52750 2.59628 2.64436 2.63425 2.70841 2.70715 2.75476 2.77162 2.83397 2.84282 2.71386 2.53588 2.46311 2.43892 2.42938 2.42564 2.39356 2.38007 2.36449 2.33769 2.31824 2.30337 2.30467 2.17531 2.09400 2.08914 2.02813 1.98603 1.92256 1.84128 1.78138 1.73152 1.76280 1.75824 1.74806 1.71883 1.69711 1.64411 1.64466 1.65034 1.57526 1.54541 1.49371 1.49401 1.50226 1.50671 1.57826 1.57253 1.56833
1.77645 1.73334 1.84335 1.86912 1.94906 1.92078 1.93628 1.93910 1.99070 1.90116 1.81103 1.75066 1.89503 2.13157 2.23140 2.28480 2.40379 2.50076 2.51089 2.60797 2.63887 2.61843 2.64944 2.67127 2.67951 2.67953 2.70316 2.72891 2.67383 2.47467 2.38976 2.35159 2.35618 2.35475 2.32043 2.30563 2.28351 2.25590 2.23488 2.21202 2.21579 2.13701 2.04072 2.04705 1.99737 1.95187 1.92862 1.86282 1.81879 1.76114 1.77817 1.78382 1.77554 1.73020 1.72053 1.63367 1.61925 1.63211 1.56038 1.50632 1.50473 1.49026 1.51271 1.50370 1.54881 1.58036 1.56602
1.91769 1.90517 1.98265 1.96635 1.96099 1.89381 1.85945 1.85480 1.88316 1.80618 1.74884 1.77021 1.86865 2.13435 2.26311 2.26926 2.36252 2.45681 2.45758 2.56329 2.58580 2.56738 2.61426 2.71365 2.74458 2.73849 2.69896 2.64551 2.62929 2.48258 2.38858 2.35213 2.27931 2.25100 2.22990 2.22169 2.20758 2.19524 2.19391 2.19254 2.20177 2.15869 2.02072 2.01523 1.96813 1.89847 1.98092 1.91808 1.86312 1.79151 1.75869 1.76216 1.75532 1.72732 1.71683 1.67997 1.64906 1.67732 1.62819 1.55333 1.54664 1.50538 1.51971 1.51415 1.52780 1.57101 1.54857
1.84596 1.79186 1.84072 1.85996 1.88349 1.89129 1.89762 1.94837 2.00913 1.96686 1.90117 1.89796 1.96015 2.24969 2.38666 2.35895 2.36254 2.42467 2.46190 2.56965 2.61612 2.62177 2.65043 2.68719 2.73828 2.73769 2.72984 2.68437 2.67677 2.53429 2.40186 2.34328 2.25979 2.20596 2.19504 2.19370 2.18414 2.18198 2.19238 2.19502 2.21031 2.19980 2.04284 2.03381 1.94459 1.85740 1.95270 1.91037 1.84960 1.78719 1.75426 1.77236 1.76854 1.74085 1.71839 1.69620 1.62903 1.64164 1.62189 1.54542 1.52615 1.49420 1.50806 1.50888 1.50368 1.54824 1.52918
1.79692 1.81215 1.89054 1.94366 1.97440 2.00495 1.97851 2.00125 2.03822 2.00256 1.90301 1.87262 1.92243 2.14692 2.32865 2.32151 2.31982 2.39927 2.50067 2.58458 2.66646 2.65882 2.66638 2.64543 2.70211 2.68577 2.66209 2.60803 2.59820 2.52578 2.40375 2.35248 2.30641 2.21923 2.21757 2.22888 2.21017 2.16701 2.12308 2.08118 2.04626 2.01990 1.98593 1.99270 1.92754 1.82523 1.91238 1.92900 1.84848 1.77944 1.70473 1.71891 1.71343 1.69424 1.66957 1.67150 1.58437 1.58589 1.59466 1.52899 1.50563 1.48090 1.51092 1.49831 1.48704 1.53210 1.54192
1.89261 1.90628 1.97637 1.99941 2.00636 2.02986 1.97859 1.95553 1.97413 1.95508 1.84822 1.82861 1.88047 2.03303 2.25410 2.28713 2.28328 2.34470 2.48584 2.52546 2.61287 2.61422 2.62924 2.60477 2.66868 2.66120 2.66343 2.60577 2.59279 2.56761 2.45223 2.38774 2.34633 2.20576 2.15147 2.12309 2.07841 2.02541 1.99241 1.99995 2.01716 2.02981 2.02432 2.00349 1.92496 1.79585 1.83386 1.91269 1.83288 1.76913 1.68313 1.69554 1.70209 1.69834 1.66862 1.66351 1.57891 1.54351 1.52630 1.48068 1.48545 1.46375 1.48698 1.45673 1.46741 1.49673 1.52129
1.90319 1.91258 1.97399 1.98554 1.97761 1.97827 1.94166 1.92254 1.94249 1.93477 1.86055 1.85887 1.90665 2.01348 2.23503 2.30003 2.28003 2.33314 2.46276 2.51808 2.62236 2.60533 2.61249 2.59497 2.66623 2.66191 2.66291 2.63146 2.55689 2.52601 2.45373 2.35422 2.27544 2.15214 2.04954 2.02806 1.99488 1.98699 1.95642 1.98051 1.99754 2.01800 2.02203 2.00057 1.95919 1.83060 1.82767 1.94198 1.86933 1.78941 1.70294 1.67735 1.65783 1.64761 1.59757 1.59631 1.53825 1.46785 1.46258 1.42450 1.46935 1.44297 1.43748 1.42857 1.44230 1.44766 1.48181
1.84290 1.84811 1.89613 1.91700 1.92638 1.95389 1.97063 1.95720 1.98519 1.99439 1.93639 1.91094 1.91431 1.97823 2.16814 2.28391 2.27369 2.31321 2.43267 2.51926 2.59861 2.57305 2.54944 2.52525 2.55018 2.59786 2.63908 2.62178 2.51629 2.50152 2.42536 2.34043 2.24331 2.15162 2.00538 1.98874 1.97012 1.98438 1.95902 1.96420 2.00006 2.02627 2.04872 2.00584 1.98577 1.85973 1.82303 1.88358 1.83091 1.70543 1.63298 1.61761 1.61037 1.62381 1.58533 1.57053 1.52568 1.40898 1.40615 1.34256 1.38962 1.38544 1.40170 1.49173 1.55325 1.58212 1.60423
1.92825 1.95370 1.99996 2.02075 2.04015 2.05865 2.04731 1.98372 1.96401 1.96067 1.92888 1.89272 1.90214 1.95094 2.07868 2.21130 2.20027 2.22241 2.34079 2.43083 2.47012 2.53220 2.51417 2.52015 2.54104 2.62839 2.67566 2.67581 2.56924 2.52625 2.47136 2.38918 2.28005 2.18891 2.05087 2.03564 2.01947 2.01521 2.00096 1.97113 1.99390 2.00597 2.00092 1.94703 1.90416 1.78981 1.71930 1.74489 1.76367 1.69027 1.65214 1.60577 1.56227 1.56467 1.52245 1.51754 1.51197 1.44859 1.48479 1.44116 1.52574 1.55902 1.55766 1.62859 1.64764 1.65314 1.63441
2.03032 2.05695 2.06190 2.06170 2.06401 2.06529 2.07145 1.99634 1.97143 1.97788 1.95743 1.91431 1.92525 1.96823 2.07892 2.16938 2.27073 2.28816 2.38843 2.48373 2.49740 2.57397 2.55376 2.56124 2.57685 2.64227 2.66520 2.65634 2.59056 2.52905 2.49703 2.42718 2.34565 2.25169 2.03044 1.98076 1.97899 1.98866 2.00485 1.95510 1.99257 1.97376 1.86165 1.84170 1.79643 1.74488 1.65661 1.65078 1.64132 1.56889 1.57758 1.51279 1.51096 1.55643 1.56407 1.57374 1.58018 1.53579 1.54744 1.46588 1.54146 1.57570 1.54769 1.59801 1.63636 1.64683 1.64097
2.01179 2.03276 2.04385 2.04285 2.04582 2.03146 2.01783 1.94012 1.91836 1.95705 1.99847 1.97981 2.02624 2.11834 2.19020 2.21687 2.31840 2.30510 2.35656 2.45598 2.47481 2.53884 2.52294 2.52313 2.55551 2.62739 2.66533 2.68708 2.66014 2.63760 2.62707 2.52025 2.43666 2.29129 2.10911 2.03568 2.05013 2.05489 2.07257 2.00211 2.02438 2.02343 1.92762 1.89140 1.83724 1.80517 1.68029 1.66510 1.65637 1.57591 1.60550 1.58366 1.56402 1.59938 1.60143 1.58820 1.59685 1.56882 1.56183 1.49843 1.52968 1.61259 1.59279 1.62539 1.67972 1.69452 1.70070
