High_resolution/powerplant/Shangrao/OMI_NO2_200505.asc
ncols      200
nrows      200
xllcorner       115.451
yllcorner       27.0350
cellsize     0.0166667
NODATA_Value      -999.000
[rows 0 to 28 of 200, columns 0 to 66 of 200]
0.00000 0.00000 0.00000 0.00000 0.00000 0.00000 0.00000 0.00000 1.76151 1.76150 1.75919 1.66444 1.55042 1.49987 1.47172 1.44806 1.41247 1.38124 1.36285 1.32735 1.21678 1.33569 1.36150 1.39891 1.55370 1.61191 1.61196 1.61196 1.61196 1.61196 1.61196 1.66272 1.91949 1.91949 1.91949 1.91949 1.91949 1.91949 1.92167 1.94295 1.94295 1.94295 2.29250 2.36503 2.36503 2.36503 2.33031 1.70677 1.70400 1.70400 1.70400 1.70400 1.70400 1.70400 1.70400 1.70400 1.70400 1.70400 1.77661 1.99252 2.32177 3.88760 3.83896 3.78543 3.75877 3.58126 3.60137
0.00000 0.00000 0.00000 1.67401 1.68078 1.71407 1.71715 1.35820 1.31435 1.30733 1.28974 1.27444 1.29914 1.34006 1.37726 1.41118 1.44221 1.45989 1.47937 1.47673 1.38948 1.44173 1.45417 1.45417 1.53261 1.61196 1.61196 1.61196 1.61196 1.61196 1.61196 1.61261 1.88861 1.91949 1.91949 1.91949 1.91949 1.91949 1.91950 1.93971 1.94295 1.94295 2.19586 2.36503 2.36503 2.36503 2.36503 1.88890 1.70400 1.70400 1.70400 1.70400 1.73162 1.87718 2.10059 2.25262 2.35712 2.43336 2.48009 2.49040 2.59475 3.60011 3.78353 3.83923 3.83571 3.70930 3.73935
0.00000 0.00000 0.00000 1.67401 1.67450 1.72024 1.74921 1.48151 1.39232 1.42501 1.45494 1.48250 1.49380 1.49380 1.49380 1.49380 1.49380 1.48498 1.48137 1.48137 1.41270 1.42634 1.45417 1.45417 1.49604 1.61196 1.61196 1.61196 1.61196 1.61196 1.61196 1.61196 1.80822 1.91949 1.91949 1.91949 1.91949 1.91949 1.91949 1.93311 1.94295 1.94295 2.09900 2.36503 2.36503 2.37528 2.42554 2.28915 2.17628 2.34550 2.36372 2.38902 2.45169 2.48814 2.49159 2.49159 2.54393 2.69537 2.82812 2.94294 2.99659 3.56502 3.79404 3.72925 4.04882 4.17387 4.12434
0.00000 0.00000 2.15321 2.15321 1.93542 1.87418 1.86291 1.69402 1.49380 1.49380 1.49380 1.49380 1.49380 1.49380 1.49380 1.49380 1.49380 1.48827 1.48137 1.48137 1.43936 1.41097 1.45417 1.45417 1.46173 1.60963 1.61196 1.61196 1.61196 1.61196 1.61196 1.61196 1.72715 1.91949 1.91949 1.91949 1.91949 1.91949 1.92597 1.99315 2.09852 2.16376 2.26771 2.58347 2.63731 2.68497 2.70914 2.70187 2.65063 2.65533 2.59068 2.49159 2.49159 2.61101 2.80315 2.92116 2.99416 2.99659 2.99659 2.99659 2.99659 3.32769 3.82687 3.72911 3.93800 4.19681 4.09202
0.00000 0.00000 2.15321 2.15321 2.00022 1.88909 1.86291 1.79135 1.49380 1.49380 1.49380 1.49380 1.49380 1.49380 1.49380 1.49380 1.49380 1.49157 1.48137 1.48137 1.46225 1.39561 1.45417 1.45417 1.45417 1.58060 1.61196 1.61196 1.61196 1.61196 1.61196 1.61305 1.69020 2.00114 2.04429 2.08870 2.16049 2.19941 2.23173 2.25761 2.35818 2.35826 2.37889 2.67085 2.79842 2.84498 2.87219 2.88867 2.65909 2.65533 2.63331 2.49114 2.47521 2.66290 2.94978 2.93246 2.91525 2.89789 2.88068 2.86336 2.84609 2.96372 3.47477 3.44218 3.48785 3.88190 3.79179
0.00000 0.00000 2.15321 2.15321 2.06228 1.90518 1.86293 1.86163 1.51779 1.49380 1.49380 1.49380 1.49380 1.49380 1.49380 1.49380 1.49380 1.49375 1.48246 1.48137 1.47937 1.39272 1.44642 1.45417 1.45417 1.56633 1.69513 1.75266 1.80515 1.85336 1.89774 1.93806 1.95115 2.14667 2.18180 2.19392 2.27130 2.30299 2.33088 2.36734 2.54385 2.58068 2.59236 2.72092 2.79299 2.81593 2.79870 2.78140 2.51228 2.40428 2.38116 2.21556 2.18773 2.22500 2.75406 2.76869 2.76869 2.76869 2.76869 2.76869 2.76869 2.82513 3.31953 3.41365 3.40808 3.83646 3.80982
0.00000 0.00000 0.00000 2.15321 2.13966 1.91722 1.86828 1.86291 1.58908 1.49380 1.49380 1.49380 1.49380 1.49380 1.49380 1.49380 1.49380 1.49380 1.48534 1.47590 1.46936 1.54364 1.68426 1.75469 1.80177 1.87183 1.95138 1.95085 1.95434 1.97747 2.00343 2.03059 2.05906 2.25738 2.41871 2.44734 2.50389 2.54052 2.55312 2.55472 2.55472 2.55472 2.55472 2.56841 2.60570 2.70723 2.70726 2.70726 2.54107 2.35147 2.35147 2.25098 2.18773 2.18773 2.62196 2.76869 2.76869 2.76869 2.76869 2.76869 2.76869 2.77100 3.20255 3.41946 3.40808 3.73182 3.82236
0.00000 0.00000 0.00000 2.15321 2.15321 1.94556 1.87936 1.86291 1.67100 1.49380 1.49380 1.49380 1.49192 1.48556 1.47900 1.47204 1.47960 1.49117 1.49846 1.50827 1.52896 1.73684 2.01992 2.09207 2.15692 2.20151 2.07647 2.11666 2.14321 2.14542 2.14542 2.14542 2.14542 2.25376 2.48142 2.48142 2.51068 2.55472 2.55472 2.55472 2.55472 2.55472 2.55472 2.56142 2.58523 2.69165 2.70726 2.70726 2.62698 2.35147 2.35147 2.29362 2.18773 2.18773 2.43856 2.76869 2.76869 2.76869 2.76869 2.76869 2.76869 2.75348 2.97264 3.30663 3.26210 3.43862 3.69895
0.00000 0.00000 0.00000 2.15321 2.16043 2.06936 2.05254 1.99107 1.91360 1.56946 1.58469 1.60076 1.62002 1.64613 1.67402 1.71453 1.76286 1.80744 1.84754 1.83557 1.87009 1.98966 2.31859 2.29882 2.28130 2.27311 2.12764 2.14029 2.14542 2.14542 2.14542 2.14542 2.14542 2.16886 2.47819 2.48142 2.49148 2.55472 2.55472 2.55472 2.55472 2.55472 2.55472 2.55551 2.58427 2.65994 2.70726 2.70726 2.69547 2.36216 2.35147 2.33583 2.18817 2.18773 2.23433 2.75778 2.75247 2.69763 2.63957 2.58151 2.52345 2.48060 2.63290 3.02971 3.11425 3.24010 3.70551
3.17137 3.17621 3.17909 3.16743 2.82247 2.83385 2.80849 2.31090 2.29249 1.76151 1.78155 1.82620 1.87080 1.91542 1.96001 1.99037 1.99116 1.99101 1.99088 1.93522 1.92886 1.93166 2.24628 2.27311 2.27311 2.27311 2.16623 2.12724 2.14542 2.14542 2.14542 2.14542 2.14542 2.14542 2.41357 2.48142 2.48142 2.54557 2.55472 2.55472 2.55472 2.55472 2.55472 2.55472 2.57794 2.62249 2.70726 2.70726 2.70601 2.39812 2.19853 2.10048 2.04496 2.00024 1.92279 2.35613 2.47010 2.46690 2.46687 2.45560 2.44678 2.48853 2.74902 3.16377 3.38196 3.43122 4.06492
3.18487 3.18487 3.18487 3.18487 2.98756 2.98107 3.02567 2.65170 2.57603 2.14446 1.99126 1.99123 1.99108 1.99094 1.99082 1.99071 1.99067 1.99067 1.99067 1.95436 1.92921 1.92921 2.15759 2.27311 2.27311 2.27311 2.20493 2.11610 2.14542 2.14542 2.14542 2.14542 2.14542 2.14542 2.32549 2.48142 2.48142 2.52638 2.55472 2.55472 2.55472 2.55454 2.50406 2.41374 2.34002 2.26858 2.38483 2.28946 2.17386 1.86240 1.47989 1.42213 1.64428 1.85410 1.90491 2.20237 2.50854 2.50045 2.49296 2.49492 2.49597 2.54176 2.94347 3.19839 3.39422 3.43340 3.97814
3.18487 3.18487 3.18487 3.18487 3.15411 3.12740 3.12699 2.83001 2.56238 2.23765 1.99076 1.99067 1.99067 1.99067 1.99067 1.99067 1.99067 1.99067 1.99067 1.97058 1.92921 1.92921 2.06653 2.27311 2.27311 2.27311 2.24365 2.10756 2.14379 2.14542 2.14542 2.14542 2.14542 2.14542 2.23740 2.47187 2.44527 2.39558 2.24538 2.15519 2.06500 1.97494 1.93530 1.93530 1.94461 1.94709 1.92253 1.87559 1.81724 1.73062 1.74040 1.78780 1.90826 2.10084 2.10084 2.13744 2.49349 2.51443 2.53167 2.54728 2.52055 2.52686 2.88090 3.10730 3.33165 3.39775 3.76237
3.18487 3.18487 3.17197 3.09744 3.02690 2.98164 2.94494 2.83375 2.52838 2.33779 1.99067 1.99067 1.99067 1.99067 1.99067 1.99067 1.99067 1.99067 1.99067 1.98632 1.92979 1.92921 1.97543 2.27311 2.27311 2.27311 2.27179 2.11684 2.12899 2.11904 2.09211 2.06520 2.03825 2.01136 1.99750 2.29387 2.30272 2.26857 1.92305 1.85040 1.77249 1.69442 1.61656 1.55627 1.55725 1.55421 1.65248 1.75615 1.78952 1.82646 2.03922 2.07400 2.11565 2.35589 2.37902 2.39916 2.62864 2.69420 2.69420 2.69420 2.59442 2.57908 2.79601 3.06784 3.24457 3.37400 3.55063
3.00333 2.94954 2.90966 2.90482 2.90490 2.92965 2.93173 2.92278 2.54730 2.46409 1.99647 1.99067 1.99067 1.99067 1.99067 1.99067 1.99067 1.99067 1.99067 1.99067 1.94169 1.92924 1.93620 2.20487 2.22026 2.20006 2.17987 2.04080 1.97338 1.96672 1.96672 1.99840 2.09250 2.18918 2.28097 2.35394 2.33697 2.33874 2.09978 2.11335 2.18199 2.22952 2.18497 2.22635 2.23144 2.02857 1.99502 2.01742 2.01759 2.01759 2.14603 2.19474 2.19474 2.37238 2.41774 2.41774 2.54354 2.69420 2.69420 2.69420 2.62291 2.57908 2.65650 3.04364 3.18281 3.35862 3.38904
2.90482 2.90482 2.90482 2.90482 2.90482 2.92363 2.93173 2.93173 2.64631 2.51433 2.07831 1.99067 1.99067 1.99067 1.99067 1.99212 2.00273 2.01491 2.02710 2.03930 2.01990 2.00532 2.01256 2.09430 2.27839 2.35159 2.38952 2.44754 2.53703 2.74994 2.81491 2.86222 2.86823 2.86823 2.86823 2.75473 2.63546 2.63546 2.47943 2.35990 2.35990 2.35932 2.24094 2.23144 2.23144 2.08309 1.99243 2.01302 2.01759 2.01759 2.10011 2.19474 2.19474 2.31463 2.41774 2.41774 2.44857 2.69210 2.69420 2.69420 2.64906 2.57908 2.57908 2.96469 3.13846 3.38781 3.46834
2.90482 2.90482 2.90482 2.90482 2.90482 2.91662 2.93173 2.93173 2.75455 2.54543 2.22902 2.02559 2.03979 2.05400 2.06820 2.08095 2.08454 2.08655 2.08450 2.06158 2.03634 2.06833 2.08062 2.13142 2.39591 2.49752 2.47245 2.48268 2.57814 2.80710 2.86823 2.86823 2.86823 2.86823 2.86823 2.81564 2.63546 2.63546 2.55160 2.35990 2.35990 2.35990 2.26976 2.23144 2.23144 2.13754 1.99243 2.00617 2.01759 2.01759 2.05410 2.19474 2.19474 2.25689 2.41774 2.41774 2.41774 2.63695 2.69420 2.69787 2.69222 2.61234 2.62989 2.93699 3.27177 3.42232 3.50136
2.95649 2.98048 3.00492 3.05762 3.12723 3.19087 3.20327 3.25555 3.21605 2.79538 2.53995 2.09148 2.07874 2.05091 2.02300 1.99515 1.96724 1.93937 1.91492 1.89064 1.86620 2.02074 1.99559 1.98180 2.22797 2.43705 2.43705 2.44255 2.57529 2.71523 2.86823 2.86823 2.86823 2.86823 2.86823 2.86421 2.64782 2.63546 2.61961 2.36400 2.35990 2.35990 2.29921 2.23144 2.23144 2.19201 1.99243 1.99836 2.01759 2.01759 2.01960 2.18332 2.19431 2.20258 2.40240 2.41278 2.42040 2.57850 2.75518 2.77127 2.77016 2.65004 2.57112 2.64479 3.18375 3.39567 3.63420
3.33276 3.37851 3.42380 3.44092 3.44092 3.44092 3.32637 3.28162 3.25214 2.73932 2.57512 1.92818 1.91261 1.91260 1.90364 1.87323 1.84188 1.81056 1.77983 1.76983 1.76983 1.91698 1.96876 1.96876 2.11709 2.43686 2.43705 2.43705 2.54816 2.63481 2.86823 2.86823 2.86823 2.86823 2.86823 2.86823 2.70474 2.63546 2.63546 2.42033 2.35990 2.35990 2.32867 2.23144 2.23144 2.22971 2.00690 1.98900 2.01128 2.01177 2.00673 2.13234 2.19480 2.19855 2.42685 2.61404 2.73146 2.88171 3.15757 3.23534 3.39206 3.61766 3.87124 4.03757 4.02301 4.10965 4.14563
3.44092 3.44092 3.44092 3.44092 3.44092 3.44092 3.25824 3.15492 3.15492 2.81278 2.67005 1.96503 1.82448 1.79314 1.77075 1.76983 1.76983 1.76983 1.76983 1.76983 1.76983 1.86456 1.96876 1.96876 2.04134 2.39988 2.43705 2.43705 2.51557 2.58096 2.84150 2.86823 2.86823 2.86823 2.86823 2.86823 2.76566 2.63546 2.63659 2.49583 2.35655 2.35489 2.34859 2.22596 2.22118 2.20418 2.05629 2.01392 2.10966 2.26791 2.38119 2.47640 2.99630 3.23066 3.43393 3.60238 3.69454 3.77464 3.84683 3.89783 3.90124 3.97938 4.06592 4.07209 4.04244 4.13382 4.17471
3.44092 3.44092 3.44092 3.44092 3.44092 3.46288 3.43820 3.31161 3.38358 3.25169 2.93400 2.18611 1.76983 1.76983 1.76983 1.76983 1.76983 1.76983 1.76983 1.76983 1.76983 1.81215 1.96876 1.96876 2.00668 2.33063 2.43705 2.43705 2.48302 2.57814 2.74890 2.86834 2.87430 2.88351 2.89272 2.90192 2.87342 2.72923 2.77495 2.72921 2.51428 2.50127 2.52748 2.49447 2.51553 2.57168 2.54652 2.51389 2.64000 2.85606 2.87615 2.90377 3.26682 3.69277 3.83842 4.05019 4.07127 4.09149 4.11162 4.13182 4.15197 4.15910 4.14043 4.14043 4.10869 4.20442 4.22418
3.44125 3.49717 3.59317 3.68916 3.78512 3.85915 3.83617 3.47739 3.47237 3.41373 2.93464 2.49557 1.76983 1.76983 1.76983 1.76983 1.76983 1.76983 1.76983 1.76983 1.76983 1.77229 1.95619 1.96876 1.97485 2.25421 2.44680 2.45416 2.47506 2.60988 2.70647 2.92636 2.92960 2.92960 2.92960 2.91927 2.93589 3.09840 3.14699 3.17666 3.01626 3.10769 3.17515 3.01808 2.85103 2.86346 2.84840 2.84138 2.95294 3.32101 3.40701 3.44521 3.54188 3.97171 3.97653 4.15875 4.16671 4.16671 4.16671 4.16671 4.16671 4.16485 4.14049 4.14043 4.13526 4.17208 4.21729
3.82410 3.86419 3.86419 3.86419 3.86419 3.86419 3.86419 3.54365 3.47237 3.47237 3.01944 2.79688 1.77773 1.76983 1.76983 1.76983 1.76983 1.76983 1.77045 1.78675 1.80984 1.83292 1.99245 2.08119 2.14889 2.32448 2.69919 2.77230 2.84323 2.97998 3.06173 3.42442 3.38328 3.34162 3.30398 3.27974 3.27912 3.57749 3.67294 3.67294 3.50191 3.44075 3.44075 3.28869 3.04799 3.12621 3.19471 3.13938 3.13787 3.35412 3.44564 3.44564 3.42049 3.97151 3.97171 4.11304 4.16671 4.16671 4.16671 4.16671 4.16671 4.16671 4.14487 4.14043 4.14043 4.16129 4.21028
3.86419 3.86419 3.86419 3.86419 3.86419 3.86419 3.86419 3.63834 3.47237 3.47237 3.16273 2.93172 1.96589 1.86491 1.95535 2.04198 2.12512 2.20489 2.28097 2.34066 2.39229 2.44190 2.55378 2.67382 2.67733 2.69179 3.28032 3.35645 3.39488 3.45076 3.50237 3.33760 3.27902 3.27902 3.27902 3.27902 3.27902 3.48398 3.67294 3.67294 3.56251 3.44075 3.44075 3.42414 3.22549 3.22564 3.22564 3.15564 3.13787 3.26203 3.44564 3.44564 3.39136 3.88076 3.97171 4.06256 4.16671 4.16671 4.16671 4.16671 4.16671 4.16671 4.12279 4.05334 4.01415 3.99124 4.00187
3.86419 3.86784 3.93845 4.04180 4.14069 4.23418 4.35200 4.36622 4.14152 3.90592 3.78711 3.42893 2.93038 2.54918 2.54918 2.54882 2.54742 2.54594 2.54447 2.54475 2.69553 2.92954 3.19238 3.50647 3.73163 3.40408 3.32075 3.50246 3.50246 3.50856 3.51762 3.40815 3.27902 3.27902 3.27902 3.27902 3.27902 3.38191 3.67294 3.67294 3.62306 3.44075 3.44075 3.44075 3.23399 3.22564 3.22564 3.17563 3.13787 3.17779 3.44564 3.44564 3.42802 3.71574 3.97171 4.01927 4.22338 4.26446 4.23025 4.19136 4.15519 4.12159 4.09913 4.08912 4.08912 4.09607 4.13853
4.70398 4.83073 4.91835 4.98281 5.04564 5.10856 5.14585 5.13132 4.59856 4.21024 4.06473 3.48430 3.18029 2.54240 2.56455 2.76839 2.99681 3.22452 3.46327 3.68625 3.79307 3.83049 3.84045 3.91183 3.92049 3.71669 3.17799 3.50246 3.50246 3.50507 3.51762 3.47868 3.27902 3.27902 3.27902 3.27902 3.27902 3.30623 3.64194 3.67294 3.66978 3.45455 3.44075 3.44075 3.25469 3.22564 3.22564 3.19565 3.14111 3.18916 3.52466 3.65158 3.71771 3.89726 4.27836 4.25630 4.19375 4.12594 4.11676 4.10961 4.10243 4.09525 4.06587 3.96286 3.88559 3.79948 3.88851
5.14613 5.14613 5.14020 5.06115 4.96639 4.87859 4.79687 4.72070 4.59319 4.33043 4.32577 4.05048 4.01270 3.56881 3.70822 3.77541 3.81449 3.83986 3.84035 3.84035 3.84035 3.84035 3.84035 3.89072 3.92049 3.91021 3.11478 3.50246 3.50246 3.50257 3.51662 3.51755 3.31074 3.27902 3.27902 3.27902 3.27902 3.27956 3.56878 3.67294 3.67294 3.51345 3.49229 3.56534 3.46863 3.45763 3.52011 3.57325 3.57183 3.61765 3.72888 3.73434 3.70016 3.72316 4.06385 4.05666 4.05989 4.05736 4.02974 3.97937 3.92458 3.86470 3.82132 3.71599 3.70879 3.70879 3.83551
4.78054 4.70540 4.63898 4.62409 4.62409 4.62409 4.62409 4.62409 4.64294 4.63354 5.20115 5.08271 4.92857 4.16949 3.84035 3.84035 3.84035 3.84035 3.84035 3.84035 3.84035 3.84035 3.84035 3.86956 3.92049 3.92049 3.29536 3.48919 3.50246 3.50246 3.51323 3.51762 3.38117 3.27902 3.27902 3.28643 3.30724 3.32832 3.53755 3.74917 3.77172 3.86996 3.98485 4.01501 3.95998 3.77750 3.84709 3.89287 3.84449 3.84947 3.84173 3.81082 3.81449 3.80586 4.05071 4.08794 4.09642 4.10808 4.13659 4.19168 4.24709 4.30241 4.35759 3.90982 3.66472 3.66088 3.81578
4.62409 4.62409 4.62409 4.62699 4.72446 4.86710 5.00968 5.15239 5.24095 5.16134 5.28882 5.35596 4.96211 4.46818 3.84035 3.84035 3.84035 3.84035 3.84035 3.84035 3.84035 3.84035 3.84035 3.84849 3.92033 3.92049 3.56478 3.36977 3.50467 3.52264 3.55099 3.57997 3.53520 3.38353 3.40461 3.41830 3.41857 3.41857 3.57233 3.97709 4.04901 4.17069 4.39403 4.47790 4.53776 4.17249 4.25368 4.29826 4.25877 4.25115 4.26469 4.22258 4.22532 4.19647 4.38973 4.53030 4.53347 4.54839 4.54839 4.54839 4.54839 4.54839 4.54839 4.14271 3.65823 3.65823 3.73442
4.78400 4.92664 5.06929 5.20897 5.25415 5.25415 5.25415 5.25415 5.25397 5.20239 5.15019 5.47078 4.98585 4.73423 3.88280 3.84035 3.84035 3.84035 3.84035 3.84035 3.84035 3.84035 3.85750 3.89693 4.00335 4.05608 4.00653 3.36059 3.66941 3.74087 3.81445 3.90436 3.98289 3.85319 3.95703 4.08144 4.20523 4.32953 4.46793 4.78519 4.85522 4.85648 4.99573 5.01033 5.01033 4.60538 4.51144 4.48568 4.38539 4.25449 4.24544 4.20531 4.18685 4.18685 4.29741 4.53030 4.53038 4.54682 4.54839 4.54839 4.54839 4.54839 4.54839 4.33108 3.65823 3.65823 3.66604
