High_resolution/powerplant/Shangrao/OMI_NO2_200906.asc
ncols      200
nrows      200
xllcorner       115.451
yllcorner       27.0350
cellsize     0.0166667
NODATA_Value      -999.000
[rows 87 to 115 of 175, columns 0 to 66 of 200]
2.01927 2.01927 2.26674 2.41727 2.41727 2.41727 2.37988 1.91215 1.83858 1.77302 1.70746 1.67117 1.77763 1.53635 1.53498 1.52943 1.52361 1.47843 1.08638 1.08638 1.08338 1.00409 0.864146 0.674449 3.48418 3.48418 3.48263 3.46253 3.49487 3.46687 3.43887 3.42741 3.42741 3.42710 3.38938 3.34713 3.30376 3.23954 3.18827 3.18632 3.18632 3.18632 3.18638 3.67268 3.75379 4.07807 4.32797 4.32797 4.32797 4.32797 4.32797 4.32797 4.32797 4.32797 4.32797 4.32797 4.32797 4.32797 4.32797 4.30775 4.24367 4.17809 4.15162 4.02245 3.62366 3.76410 3.84540
2.01927 2.01735 2.11032 2.30314 2.23757 2.17204 2.11530 1.77474 1.66106 1.65754 1.65317 1.64880 1.75746 1.54530 1.50349 1.50320 1.50019 1.46954 0.958554 0.633771 0.352465 0.244524 0.244524 0.244524 3.40218 3.35989 3.31923 3.30803 3.40166 3.36090 3.31736 3.27513 3.23282 3.19089 3.18632 3.18632 3.18632 3.18632 3.18632 3.18632 3.18632 3.18632 3.18632 3.49580 3.75379 3.92014 4.32797 4.32797 4.32797 4.32797 4.32797 4.32797 4.32797 4.32797 4.32766 4.28881 4.22320 4.15764 4.11504 4.19737 4.33651 4.47710 4.57862 4.56059 3.87754 3.84583 3.84583
1.79225 1.72861 1.74390 2.10320 2.10089 2.09652 2.09215 1.88897 1.63736 1.63651 1.63651 1.63651 1.69831 1.59309 1.41783 1.36368 1.30331 1.29069 0.846802 0.244524 0.244524 0.244524 0.385910 0.664348 3.30803 3.31237 3.35052 3.39585 3.26527 3.18509 3.18632 3.18632 3.18632 3.18632 3.18632 3.18632 3.18632 3.18632 3.18632 3.18632 3.18632 3.18632 3.18632 3.31864 3.75400 3.79408 4.32531 4.32797 4.32797 4.32797 4.32246 4.26830 4.20269 4.13717 4.08295 4.17150 4.31209 4.45267 4.57033 4.58319 4.58319 4.58319 4.58319 4.58319 4.07082 3.84583 3.84583
1.84251 1.88590 1.92921 2.05731 2.08286 2.08286 2.08286 2.01814 1.63122 1.61247 1.59060 1.56546 1.56852 1.59236 1.29069 1.29069 1.29069 1.34330 1.31253 0.904460 1.18290 1.46174 1.59879 1.59879 3.42867 3.46963 3.47678 3.47678 3.37896 3.18632 3.18632 3.18632 3.18632 3.18632 3.18632 3.18632 3.18632 3.18632 3.18632 3.18632 3.18632 3.18632 3.18632 3.19139 3.70441 3.75379 4.16828 4.24786 4.18225 4.11668 4.06015 4.14708 4.28761 4.42830 4.55774 4.58319 4.58319 4.58319 4.58319 4.58319 4.58319 4.58319 4.58319 4.58319 4.28684 3.84583 3.84583
1.94837 1.94837 1.94837 2.02113 2.04711 1.93671 1.80875 1.66131 1.54048 1.53926 1.53926 1.53926 1.52560 1.57555 1.58421 1.74058 1.87993 1.96660 1.95400 1.60552 1.59879 1.59879 1.59879 1.59879 3.47678 3.47678 3.47678 3.47678 3.46743 3.19667 3.18632 3.18632 3.18632 3.18632 3.18632 3.18632 3.18632 3.18632 3.18632 3.18632 3.18632 3.18632 3.12852 3.00126 3.31168 3.59928 3.77651 4.12265 4.26318 4.40387 4.54085 4.58319 4.58319 4.58319 4.58319 4.58319 4.58319 4.58319 4.58319 4.58319 4.58319 4.58319 4.58319 4.58319 4.50115 3.84760 3.84583
1.90395 1.78259 1.64313 1.52805 1.54158 1.53926 1.53926 1.53433 1.48305 1.42049 1.35795 1.29539 1.24724 1.26388 1.78660 1.96782 1.96782 1.96782 1.96782 1.72349 1.59879 1.59879 1.59879 1.59879 3.47678 3.47678 3.47678 3.47678 3.47678 3.25438 3.18632 3.18632 3.18632 3.18632 3.18632 3.18632 3.18632 3.18531 3.10655 2.97913 2.85172 2.72424 2.65468 2.69775 3.03690 3.78806 4.03099 4.58319 4.58319 4.58319 4.58319 4.58319 4.58319 4.58319 4.58319 4.58319 4.58319 4.58319 4.58319 4.58319 4.58319 4.58319 4.58319 4.58319 4.58319 3.98136 3.84583
1.36113 1.35995 1.35954 1.32755 1.43232 1.37549 1.31293 1.25533 1.24402 1.24402 1.24402 1.24402 1.24402 1.25384 1.59129 1.96782 1.96782 1.96782 1.96782 1.83467 1.59879 1.59879 1.59879 1.59879 3.47678 3.47678 3.47678 3.47678 3.47678 3.33101 3.18632 3.18632 3.18632 3.18058 3.08443 2.95696 2.82959 2.70318 2.65452 2.67403 2.78615 2.93881 3.14791 3.31556 3.41875 4.23206 4.34965 4.56642 4.58319 4.58319 4.58319 4.58319 4.58319 4.58319 4.58319 4.58319 4.58319 4.58319 4.58319 4.58319 4.58319 4.58319 4.58319 4.58319 4.58319 4.19735 3.85178
1.21371 1.15118 1.08903 1.06470 1.19629 1.24402 1.24402 1.24402 1.24402 1.24493 1.25016 1.25678 1.26458 1.27443 1.39614 1.96782 1.96782 1.96285 1.93501 1.85478 1.59879 1.59879 1.59879 1.59879 3.44205 3.47678 3.47678 3.47678 3.47678 3.40759 3.06246 2.93489 2.80747 2.68579 2.65452 2.65961 2.77242 2.97886 3.18970 3.38072 3.47944 3.53743 3.53895 3.53895 3.53895 4.04859 4.34604 4.48929 4.58319 4.58319 4.58319 4.58319 4.58319 4.58319 4.58319 4.58319 4.58319 4.58319 4.58319 4.58319 4.58319 4.58319 4.54281 4.45314 4.36332 3.98214 3.33308
1.06470 1.06470 1.06470 1.06470 1.14794 1.24855 1.25488 1.26234 1.27123 1.27999 1.28097 1.28003 1.25793 1.22727 1.19729 1.77193 1.82199 1.79625 1.79340 1.79027 1.61203 1.59879 1.59879 1.59879 3.27418 3.43682 3.25757 3.06644 2.87523 2.70556 2.65739 2.66799 2.80982 3.02048 3.23118 3.43685 3.53469 3.53895 3.53895 3.53895 3.53895 3.53895 3.53895 3.53895 3.53895 3.80198 4.34604 4.42246 4.58319 4.58319 4.58319 4.58319 4.58319 4.58319 4.58319 4.58319 4.58319 4.58025 4.51530 4.42548 4.33570 4.09500 3.62248 3.19400 2.76547 2.55379 2.35893
1.06047 1.05180 1.04163 1.02956 1.06719 1.28097 1.26768 1.23704 1.20634 1.17564 1.14495 1.11517 1.10656 1.10656 1.10656 1.51818 1.79340 1.79340 1.79340 1.79340 1.68181 1.59879 1.59879 1.59879 2.68833 2.69096 2.67908 2.67908 2.72984 2.90959 3.21134 3.47000 3.53895 3.53895 3.53895 3.53895 3.53895 3.53895 3.53895 3.53895 3.53895 3.53895 3.53895 3.53895 3.53895 3.57945 4.32167 4.36870 4.58319 4.58319 4.58319 4.58319 4.58319 4.56892 4.48768 4.39786 4.30804 4.12591 3.69633 3.26780 2.83943 2.56178 2.55637 2.55637 2.55637 2.55637 2.41878
1.01316 1.02199 1.03219 1.04243 1.05443 1.12110 1.10663 1.10656 1.10656 1.10656 1.10656 1.10656 1.10656 1.10656 1.10656 1.32297 1.79340 1.79340 1.79340 1.79340 1.74378 1.59879 1.59879 1.59879 2.59250 2.85895 3.04468 3.23095 3.36618 3.37256 3.43157 3.53895 3.53895 3.52449 3.41155 3.53895 3.53895 3.53895 3.53895 3.53895 3.53895 3.53895 3.53895 3.53895 3.53895 3.53895 4.11540 4.34604 4.53578 4.54911 4.46003 4.37020 4.28042 4.15243 3.77013 3.34176 2.91323 2.58015 2.55637 2.55637 2.55637 2.55637 2.55637 2.55637 2.55637 2.55637 2.48126
1.06695 1.06834 1.06834 1.06834 1.06834 1.09345 1.10666 1.17364 1.27827 1.36328 1.21514 1.10656 1.10656 1.10656 1.10656 1.17257 1.81258 1.85414 1.89388 1.94834 1.98787 0.00000 0.00000 0.00000 3.87076 3.45153 3.37256 3.37140 3.22773 3.01533 2.84526 2.99455 2.88802 2.78959 2.78068 3.48152 3.53895 3.53895 3.53895 3.53895 3.53895 3.53895 3.53895 3.53895 3.54442 3.99264 4.56861 4.18563 4.18637 4.17496 3.84409 3.41556 2.98703 2.61114 2.55637 2.55637 2.55637 2.55637 2.55637 2.55637 2.55637 2.55637 2.55637 2.55637 2.55637 2.55637 2.54099
1.06834 1.06834 1.06901 1.14536 1.25206 1.35037 1.43758 1.46592 1.46592 1.46592 1.35062 1.20293 1.29881 1.39460 1.49044 1.55648 1.81526 1.98801 1.98801 1.98801 1.98801 1.98801 0.00000 0.00000 2.93234 2.69450 2.57779 2.45193 2.40474 2.40474 2.40474 2.68311 2.77149 2.77149 2.77149 3.25262 3.53895 3.53895 3.53895 3.53895 3.57203 4.12222 4.84873 5.57463 6.29567 6.57368 6.32322 3.63199 3.27159 2.65477 2.55637 2.55637 2.55637 2.55637 2.55637 2.55637 2.55637 2.55637 2.55637 2.55637 2.55637 2.55637 2.55637 2.55637 2.55637 2.55637 2.55637
1.25795 1.34396 1.41489 1.44045 1.44045 1.44503 1.51208 1.57598 1.63984 1.70376 1.73795 1.55861 1.55861 1.55861 1.55861 1.55861 1.68898 1.98801 1.98801 1.98801 1.98801 1.98801 0.00000 0.00000 2.19669 2.24072 2.40474 2.40474 2.40474 2.40474 2.40474 2.58486 2.77149 2.77149 2.77149 3.04498 3.62271 4.25180 4.97801 5.70421 6.39733 6.57365 6.57509 6.57903 6.60793 6.67507 6.74031 3.92711 3.25137 2.58554 2.55637 2.55637 2.55637 2.55637 2.55637 2.55637 2.55637 2.55637 2.55637 2.55637 2.55637 2.55637 2.55637 2.55637 2.55637 2.55637 2.55637
1.44045 1.46865 1.53236 1.59628 1.66017 1.72250 1.76345 1.76729 1.76729 1.76729 1.76729 1.60356 1.55861 1.55861 1.55861 1.55861 1.60193 1.98801 1.98801 1.98801 1.98702 1.97863 0.00000 0.00000 2.19669 2.19669 2.38328 2.40474 2.40474 2.40474 2.40474 2.46890 2.88984 3.40308 3.94796 4.65784 6.47593 6.57365 6.57431 6.59662 6.66251 6.73014 6.79630 6.85998 6.89872 6.89912 6.89912 5.09676 3.30542 2.81586 2.55637 2.55637 2.55637 2.55637 2.55637 2.55637 2.55637 2.55637 2.55637 2.55637 2.55637 2.55637 2.55637 2.55637 2.55599 2.52466 2.47358
1.70598 1.74169 1.74181 1.74181 1.74181 1.74181 1.75657 1.76729 1.76729 1.76729 1.76729 1.67443 1.55861 1.55861 1.55855 1.55540 1.55113 1.88469 1.95194 1.94205 1.93316 1.93167 1.93167 0.00000 2.19669 2.19669 2.33210 2.40474 2.65935 3.37645 4.10265 4.82885 5.05909 5.04751 5.05764 5.10596 6.49687 6.78512 6.85205 6.89741 6.89912 6.89912 6.89912 6.89912 6.89912 6.89912 6.89912 6.16993 3.30542 3.03446 2.55637 2.55637 2.55637 2.55637 2.55637 2.55637 2.55637 2.55637 2.55637 2.55637 2.55158 2.50870 2.45758 2.40575 2.28093 2.13882 2.01642
1.74181 1.74181 1.74181 1.74181 1.74181 1.74181 1.74971 1.76729 1.76729 1.76611 1.76285 1.72144 1.54206 1.53711 1.53223 1.53043 1.53043 1.71015 1.93167 1.93167 1.93167 1.93167 1.93167 0.00000 2.19669 2.19669 2.84339 4.95843 5.42972 5.43576 5.40483 5.37404 5.25511 5.24735 5.28794 5.29161 6.18416 6.89912 6.89912 6.89912 6.89912 6.89912 6.89912 6.89912 6.89912 6.89912 6.89912 6.87996 3.66948 3.20985 2.55637 2.55637 2.55637 2.55637 2.55637 2.55637 2.54217 2.49270 2.44157 2.39049 2.28993 2.15959 2.03709 1.91554 1.86711 1.86711 1.86711
1.74181 1.74181 1.74181 1.73936 1.71715 1.69067 1.66691 1.75147 1.75066 1.74854 1.74851 1.74621 1.55204 1.53043 1.53043 1.53043 1.53043 1.61157 1.93167 1.93167 1.93167 1.93167 1.93167 0.00000 2.20004 2.37042 2.67023 5.23480 5.32854 5.30981 5.30914 5.31053 5.30507 5.29161 5.29161 5.29161 5.76725 6.89912 6.89912 6.89912 6.89912 6.89912 6.89912 6.89912 6.89912 6.89912 6.89912 6.89912 4.72440 3.30397 2.66602 2.55628 2.52786 2.47669 2.42559 2.37446 2.30117 2.18021 2.05791 1.93556 1.86730 1.86711 1.86711 1.86711 1.86711 1.86711 1.86711
1.67131 1.65072 1.62418 1.60022 1.59594 1.59594 1.59594 1.71387 1.74851 1.74189 1.62274 1.46273 1.42379 1.53043 1.53043 1.53043 1.53043 1.54443 1.92105 1.93167 1.93167 1.93167 1.93167 0.00000 3.04863 3.09881 3.10280 4.69105 5.31053 5.31053 5.31053 5.42159 5.65479 5.89244 6.17470 6.48897 6.81827 6.89912 6.89912 6.89912 6.89912 6.89912 6.89912 6.89912 6.89912 6.89912 6.89912 6.90002 5.79828 3.24165 2.79105 2.35854 2.31373 2.20098 2.07868 1.95618 1.87030 1.86711 1.86711 1.86711 1.86711 1.86711 1.86711 1.86711 1.86711 1.86711 1.86711
1.51794 1.59594 1.59594 1.59594 1.59594 1.58654 1.46071 1.37815 1.29376 1.14043 1.09989 1.09989 1.21421 1.53224 1.54186 1.55237 1.56288 1.57338 1.80120 1.93167 1.93167 1.93167 1.93167 1.93167 3.10574 3.14155 3.30145 4.50891 6.09916 6.40350 6.74303 6.92434 6.92434 6.90620 6.89912 6.89912 6.89912 6.89912 6.89912 6.89912 6.89912 6.89912 6.89912 6.90120 6.91534 6.93141 6.94748 6.96266 6.78334 3.20664 2.76928 1.97700 1.87677 1.86711 1.86711 1.86711 1.86711 1.86711 1.86711 1.86711 1.86711 1.86711 1.86711 1.86711 1.86711 1.86711 1.86711
1.42672 1.58297 1.45150 1.29174 1.13180 0.981577 0.947330 0.983547 1.10023 1.10558 1.11258 1.11959 1.14749 1.56921 1.58008 1.58008 1.58008 1.58008 1.69445 1.93167 1.93167 1.93167 1.93167 1.93167 4.15567 4.40575 4.42406 4.68855 6.90174 6.92434 6.92434 6.92434 6.92434 6.91318 6.89912 6.89912 6.89912 6.89912 6.89912 6.90270 6.91796 6.93420 6.95028 6.96427 6.96433 6.85742 6.69008 6.49583 6.28290 3.67436 2.59623 1.87826 1.86711 1.86711 1.86711 1.86711 1.86711 1.86711 1.86711 1.86711 1.86711 1.86711 1.86711 1.86711 1.86711 1.86711 1.86711
0.862199 0.975739 0.947330 0.947334 0.951080 0.958087 0.965094 0.975149 1.12367 1.13299 1.13299 1.13299 1.13299 1.43445 1.58008 1.58008 1.58008 1.58008 1.62126 1.93167 1.93167 1.93167 1.93167 1.93167 4.42406 4.42406 4.42406 4.42406 6.49109 6.92434 6.92434 6.92434 6.92434 6.92031 6.89912 6.90502 6.92093 6.93701 6.95291 6.96540 6.96620 6.90103 6.71466 6.48805 6.26237 6.14164 6.08149 6.04800 6.04792 4.56113 2.55247 2.06920 1.86711 1.86711 1.86711 1.86711 1.86711 1.86711 1.86711 1.86711 1.86711 1.86711 1.86711 1.86711 1.86711 1.86711 1.86711
0.672878 0.946238 0.970168 0.977171 0.980428 0.980428 0.980428 0.980428 1.08753 1.13299 1.13299 1.13299 1.13299 1.29443 1.58008 1.58008 1.58008 1.58008 1.53578 1.63537 1.49525 1.32284 1.15014 1.00014 4.42406 4.42406 4.42406 4.42406 5.83112 6.92434 6.92435 6.93288 6.94896 6.96502 6.95897 6.96604 6.96620 6.92012 6.70770 6.48012 6.25260 6.09003 6.04891 6.04792 6.04792 6.04792 6.04792 6.04792 6.04792 5.58110 2.56550 2.27662 1.86711 1.86711 1.86711 1.86711 1.86711 1.86711 1.86711 1.86711 1.86711 1.86711 1.86711 1.85156 1.76101 1.63372 1.47067
0.856395 0.943829 0.980428 0.980428 0.980428 0.980428 0.980428 0.980428 1.04670 1.13299 1.13299 1.13299 1.11795 1.10943 1.38821 1.30196 1.21566 1.12936 1.08862 1.02174 0.948739 0.948739 0.948739 0.948739 4.42406 4.42406 4.42406 4.42406 4.99421 6.96782 6.98389 6.99143 7.00856 7.11642 6.87749 6.47227 6.24457 6.06317 6.04792 6.04792 6.04792 6.04792 6.04792 6.04792 6.04792 6.04792 6.04792 6.04792 6.04792 6.04792 3.13190 2.44240 1.86711 1.86711 1.86711 1.86711 1.86711 1.86711 1.86711 1.83053 1.72551 1.58617 1.39695 1.29576 1.44919 1.62624 1.78991
0.856395 0.909123 0.980428 0.980428 0.980428 0.980428 0.975981 0.918854 0.874370 0.965073 0.907605 0.850038 0.807543 0.805386 1.03429 1.08862 1.08862 1.08862 1.08862 1.05733 0.948739 0.948739 0.948739 0.948739 4.42406 4.42406 4.42406 4.42910 4.57106 6.99125 7.26042 7.22751 7.17747 7.03656 6.70140 6.04792 6.04792 6.04792 6.04792 6.04792 6.04792 6.04792 6.04792 6.04792 6.04792 6.04792 6.04792 6.04792 6.04792 6.04792 4.16492 2.54679 1.93559 1.86711 1.86508 1.80127 1.68683 1.53357 1.31825 1.24402 1.42000 1.59705 1.76961 1.82284 1.82284 1.82284 1.82284
0.856395 0.827405 0.878961 0.808286 0.735776 0.663226 0.595202 0.579819 0.580247 0.781763 0.805348 0.805348 0.817291 0.898170 1.03902 1.08862 1.08862 1.08862 1.08862 1.08205 0.950324 0.948739 0.948739 0.948739 4.71485 4.91639 5.03535 4.98525 4.79496 6.21962 7.00095 7.00095 7.00095 7.00095 6.94968 6.06733 6.04792 6.04792 6.04792 6.04792 6.04792 6.04792 6.04792 6.04792 6.04792 6.04792 6.04792 6.04792 6.04792 6.04792 5.16938 2.55367 2.05497 1.47533 1.23960 1.21437 1.39040 1.56751 1.74436 1.82284 1.82284 1.82284 1.82284 1.82284 1.82284 1.82284 1.82284
0.323625 0.256322 0.523897 0.579819 0.579819 0.579819 0.579819 0.579819 0.594860 0.819895 0.995695 1.08762 1.16753 1.17858 1.16095 1.08862 1.05693 0.937381 0.812529 0.687678 0.817503 0.948739 0.948739 0.948739 4.94256 4.61098 4.44274 4.43833 4.43833 5.35066 7.00095 7.00095 7.00095 7.00095 7.00095 6.28384 6.04792 6.04792 6.04792 6.04792 6.04792 6.04792 6.04792 6.04792 6.04792 6.04792 5.92835 5.46707 4.98479 4.50250 4.06992 2.76369 2.33725 1.53798 1.71510 1.82182 1.82284 1.82284 1.82284 1.82284 1.82284 1.82284 1.82284 1.82284 1.82284 1.82284 1.82284
0.255481 0.255481 0.443141 0.579819 0.598294 0.683987 0.775951 0.867728 0.944651 1.03390 1.17858 1.17084 1.10115 1.01792 0.931364 0.617870 0.504876 0.499693 0.499693 0.499693 0.657548 0.948739 0.948739 0.948739 4.94019 4.43833 4.43833 4.43833 4.43833 4.53099 6.90877 7.00095 7.00095 7.00095 7.00095 6.55157 6.04792 6.04792 6.04792 6.04792 6.04792 6.04792 5.85605 5.37659 4.89431 4.41202 4.04930 4.02686 4.01508 4.00124 3.91422 3.06889 2.27357 1.82279 1.82284 1.82284 1.82284 1.82284 1.82284 1.82284 1.82284 1.82284 1.82284 1.82284 1.82284 1.82284 1.82284
0.288904 0.420243 0.617399 0.873401 0.946965 0.953048 0.952106 0.899024 0.815829 0.753553 0.874071 0.799468 0.785962 0.785962 0.785962 0.620661 0.499693 0.499693 0.499693 0.499693 0.560318 0.948739 0.948739 0.948739 5.61145 4.43833 4.43833 4.43833 4.43833 4.43833 6.37481 7.00095 7.00095 7.00095 7.00095 6.81930 6.04792 6.04630 5.76901 5.28632 4.80443 4.32180 4.03112 4.02805 4.01876 3.94913 3.79121 3.63364 3.48664 3.34134 3.26957 2.85790 1.81244 1.81976 1.82284 1.82284 1.82284 1.82284 1.82284 1.82284 1.82284 1.82284 1.82284 1.82284 1.82284 1.82284 1.82284
