High_resolution/powerplant/Shangrao/OMI_NO2_201109.asc
ncols      200
nrows      200
xllcorner       115.451
yllcorner       27.0350
cellsize     0.0166667
NODATA_Value      -999.000
[rows 116 to 144 of 200, columns 67 to 133 of 200]
1.32157 1.45986 1.51024 1.73355 1.83067 1.92098 1.99938 2.01008 2.01008 2.01008 2.01008 2.01008 2.01008 2.01008 2.01008 2.01008 2.01008 2.01008 2.07935 2.72622 2.72622 2.72622 2.72622 2.72622 1.28873 1.28873 1.28873 1.28873 1.28873 2.15589 3.64580 3.64580 3.64580 3.64121 3.47152 3.28819 3.15849 3.06185 3.02309 3.02309 3.02309 3.02309 3.02309 3.02309 3.00496 2.72054 2.71048 1.92211 1.78283 1.78283 1.78283 1.78283 1.78283 1.78283 1.78283 1.78283 1.78283 1.78283 1.78283 1.78283 1.78283 1.78283 1.78283 1.78283 1.78283 1.78283 3.11386
1.43837 1.68581 1.87877 1.96861 2.01008 2.01008 2.01008 2.01008 2.01008 2.01008 2.01008 2.01008 2.01008 2.01008 2.01008 2.01008 2.01008 2.01008 2.01119 2.59933 2.60934 2.39432 2.23901 2.07672 1.29135 1.28873 1.28873 1.28873 1.28873 1.49475 3.42025 3.26382 3.14065 3.04948 3.02225 3.02309 3.02309 3.02309 3.02309 3.02309 3.02309 3.02309 3.02309 3.02309 3.02309 2.79367 2.71431 2.26959 1.78283 1.78283 1.78283 1.78283 1.78283 1.78283 1.78283 1.78283 1.78283 1.78283 1.78283 1.78283 1.78283 1.78283 1.79077 1.80986 1.82903 2.26837 3.11386
1.47268 1.62248 1.88760 1.93531 2.01008 2.01008 2.01008 2.01008 2.01008 2.01008 2.01008 2.01008 2.01008 2.01008 2.01008 1.99569 1.93345 1.87751 1.83053 1.93134 2.00776 2.00748 2.00748 2.00748 1.51007 1.32195 1.50519 1.65028 1.75477 1.81285 2.61825 2.73884 2.65469 2.58134 2.58107 3.02309 3.02309 3.02309 3.02309 3.02309 3.02309 3.02309 3.02309 3.02309 3.02309 2.88523 2.71431 2.50616 1.78283 1.78283 1.78283 1.78283 1.78283 1.78283 1.78283 1.78283 1.78283 1.78326 1.79644 1.81561 1.83479 1.85395 1.86518 1.86526 1.86526 1.98365 3.10699
1.47268 1.50229 1.88130 1.90202 2.01000 2.01008 2.01008 2.01008 2.01008 2.01008 2.01008 2.01008 1.94603 1.84353 1.80162 1.77211 1.76963 1.76963 1.76963 1.83550 2.00748 2.02357 2.11019 2.18830 1.98341 1.77820 1.76533 1.74746 1.73181 1.72562 2.12290 2.51131 2.51131 2.51131 2.51179 2.94429 3.02309 3.02309 3.02309 3.02309 3.02309 3.02309 3.02309 3.02309 3.02309 2.97656 2.71431 2.61812 1.78283 1.78283 1.78283 1.78283 1.78283 1.78534 1.80221 1.82138 1.84054 1.85928 1.86526 1.86526 1.86526 1.86526 1.86526 1.86526 1.86526 1.86526 2.85982
1.47268 1.47268 1.78441 1.88760 1.99109 2.01008 2.01008 2.01008 2.01008 2.01008 2.01008 2.01008 1.93435 1.76963 1.76963 1.76963 1.76963 1.78351 1.86094 1.96704 2.13807 2.15365 2.11819 2.09092 2.01037 1.72562 1.72562 1.72562 1.72562 1.72562 1.89967 2.51131 2.51131 2.51131 2.51131 2.78100 3.02309 3.02309 3.02309 3.02309 3.02309 3.02309 2.99947 2.92344 2.82580 2.69749 2.04557 1.78283 1.78283 1.78914 1.80796 1.82713 1.84630 1.86297 1.86526 1.86526 1.86526 1.86526 1.86526 1.86526 1.86526 1.86526 1.86526 1.86526 1.86526 1.86526 2.49412
1.47268 1.47268 1.65794 1.88760 1.95775 2.01008 2.01008 2.01008 2.01008 2.01008 2.01008 2.01008 2.01776 1.82841 1.90024 1.98732 2.07435 2.14751 2.15719 2.15719 2.10148 2.08966 2.08966 2.08966 2.08693 1.75846 1.72562 1.72562 1.72562 1.72562 1.73442 2.45337 2.51131 2.51131 2.51131 2.64992 3.02309 3.00640 2.93446 2.83991 2.71645 2.54832 2.40337 2.40038 2.40150 2.77690 2.54747 1.83288 1.85205 1.86493 1.86526 1.86526 1.86526 1.86526 1.86526 1.86526 1.86526 1.86526 1.86526 1.86526 1.86526 1.86526 1.86526 1.86526 1.86526 1.86526 2.12830
1.47268 1.47268 1.53140 1.88752 1.92441 2.01008 2.01254 2.04130 2.07723 2.13798 2.26479 2.39547 2.51310 2.26422 2.15719 2.15719 2.15719 2.15719 2.15719 2.15719 2.11966 2.08966 2.08966 2.08966 2.08966 1.86539 1.72562 1.72562 1.72562 1.72562 1.72562 2.23884 2.49796 2.42043 2.32258 2.23751 2.57020 2.41076 2.40038 2.40038 2.41798 2.88918 3.55897 4.22932 4.89855 5.19350 4.32356 1.86526 1.86526 1.86526 1.86526 1.86526 1.86526 1.86526 1.86526 1.86526 1.86526 1.86526 1.86526 1.86526 1.86526 1.86526 1.86526 1.86526 1.86526 1.86526 1.87400
1.47268 1.46792 1.45154 1.78176 1.84231 2.18700 2.32138 2.42319 2.51794 2.58778 2.59142 2.59142 2.59142 2.38620 2.15719 2.15719 2.15719 2.15719 2.15719 2.15719 2.13787 2.08966 2.08966 2.08966 2.08966 1.97489 1.72562 1.72716 1.75242 1.79014 1.83455 1.95814 1.95900 1.94407 1.94407 1.94407 2.30734 3.00146 3.67181 4.34216 4.99491 5.19350 5.19350 5.19350 5.19350 5.19350 5.12260 2.05570 1.86526 1.86526 1.86526 1.86526 1.86526 1.86526 1.86526 1.86526 1.86526 1.86526 1.86526 1.86526 1.86526 1.86526 1.86526 1.86526 1.86526 1.86526 1.86526
1.39541 1.39285 1.42520 1.75411 2.11163 2.48891 2.59142 2.59142 2.59142 2.59142 2.59142 2.59142 2.59142 2.53378 2.15876 2.15719 2.15719 2.15719 2.15719 2.15719 2.15433 2.09139 2.08966 2.12003 2.18609 2.24344 1.88562 1.92815 1.94407 1.94407 1.94407 1.94407 1.99714 2.30047 2.63564 2.97082 3.96749 5.19350 5.19350 5.19350 5.19350 5.19350 5.19350 5.19350 5.19350 5.19350 5.19350 2.97501 1.86526 1.86526 1.86526 1.86526 1.86526 1.86526 1.86526 1.86526 1.86526 1.86526 1.86526 1.86526 1.86526 1.86526 1.86526 1.86526 1.86449 1.73473 1.51001
1.49065 1.51494 1.51598 1.66779 2.18082 2.37984 2.59142 2.59142 2.59142 2.59142 2.59142 2.59142 2.59142 2.59142 2.21923 2.15719 2.15719 2.15719 2.17326 2.23915 2.31914 2.34844 2.43128 2.49012 2.49012 2.49012 2.10040 1.94407 2.03373 2.35689 2.69207 3.02696 3.29497 3.29745 3.26799 3.23860 3.54248 5.19350 5.19350 5.19350 5.19350 5.19350 5.19350 5.19350 5.19350 5.19350 5.19350 3.96568 1.86526 1.86526 1.86526 1.86526 1.86526 1.86526 1.86526 1.86526 1.86526 1.86526 1.86526 1.86526 1.84873 1.66658 1.44194 1.21713 0.993280 0.898326 0.898326
1.51598 1.51598 1.51598 1.52246 2.12438 2.26820 2.59142 2.59142 2.59142 2.59142 2.59142 2.59142 2.59142 2.59142 2.37007 2.29382 2.38375 2.49120 2.58585 2.59142 2.59142 2.54304 2.49012 2.49012 2.44542 2.31563 2.39795 3.04932 3.26550 3.24810 3.21866 3.18938 3.17361 3.17361 3.17361 3.17361 3.21989 5.09959 5.19350 5.19350 5.19350 5.19350 5.19350 5.19350 5.19350 5.19350 5.19350 4.92284 1.89855 1.86526 1.86526 1.86526 1.86526 1.86526 1.86526 1.86526 1.81218 1.59849 1.37377 1.14905 0.940872 0.898326 0.898326 0.898326 0.898326 0.898326 0.898326
1.51598 1.51598 1.51598 1.51598 1.92906 2.18526 2.56276 2.59142 2.59142 2.59142 2.59142 2.59142 2.59142 2.59142 2.59142 2.59142 2.59142 2.59142 2.59142 2.59142 2.53683 2.30381 2.12485 1.96387 1.84744 1.81612 1.95369 3.17081 3.17361 3.17361 3.17361 3.17361 3.17361 3.17361 3.17361 3.17361 3.17361 4.39592 5.19350 5.19350 5.19350 5.19350 5.19350 5.19350 5.19350 5.19350 5.19350 5.19350 2.61760 1.86526 1.86526 1.86526 1.75503 1.53032 1.30570 1.08088 0.909350 0.898326 0.898326 0.898326 0.898326 0.898326 0.898326 0.898326 0.898326 0.898326 0.898326
1.51598 1.51598 1.51598 1.51598 1.72737 2.18082 2.45556 2.59142 2.59142 2.59142 2.59142 2.59142 2.59142 2.59142 2.59142 2.55378 2.37711 2.12023 1.86295 1.60600 1.40318 1.37395 1.76086 1.79096 1.79096 1.79096 1.79096 2.91830 3.17361 3.17361 3.17361 3.17361 3.17361 3.17361 3.17361 3.17361 3.17361 3.82447 5.19350 5.19350 5.19350 5.19350 5.19350 5.19350 5.19350 5.19350 5.19350 5.15580 3.11421 1.46224 1.23753 1.01272 0.898326 0.898326 0.898326 0.898326 0.898326 0.898326 0.898326 0.898326 0.898326 0.898326 0.898326 0.898326 0.898326 0.898326 0.898326
1.51598 1.51598 1.51598 1.51598 1.54616 2.16015 2.34396 2.59142 2.59142 2.58701 2.49552 2.36982 2.18449 1.92758 1.67024 1.45066 1.37033 1.36980 1.36980 1.36980 1.36980 1.36980 1.65157 1.79096 1.79096 1.79096 1.79096 2.50496 3.17361 3.17361 3.17361 3.17361 3.17361 3.17361 3.17361 3.17361 3.17361 3.42403 5.19350 5.19350 5.19350 5.19350 5.19350 5.09385 4.19159 3.11426 2.03559 0.995516 0.739655 0.898326 0.898326 0.898326 0.898326 0.898326 0.898326 0.898326 0.898326 0.898326 0.898326 0.898326 0.898326 0.898326 0.898326 0.898326 0.898326 0.898326 0.898326
1.51598 1.51598 1.51598 1.51598 1.52443 2.03174 2.28748 2.18286 1.99192 1.73900 1.57355 1.44190 1.36996 1.36980 1.36980 1.36980 1.36980 1.36980 1.36980 1.36980 1.36980 1.36980 1.53806 1.79096 1.79096 1.79096 1.79096 2.09186 3.17361 3.17361 3.17361 3.17361 3.17361 3.17361 3.17361 3.17361 3.17361 3.18816 4.96376 5.00317 4.01383 2.93515 1.85738 0.879703 0.704638 0.704638 0.704638 0.704638 0.705006 0.875928 0.898326 0.898326 0.898326 0.898326 0.898326 0.898326 0.898326 0.898326 0.898326 0.898326 0.898326 0.898326 0.898326 0.898326 0.898326 0.898326 0.898326
1.57150 1.60809 1.64472 1.68121 1.78447 2.04119 2.04199 1.50586 1.36980 1.36980 1.36980 1.36980 1.36980 1.36980 1.36980 1.36980 1.36980 1.36980 1.36980 1.36980 1.36980 1.36980 1.42466 1.79096 1.79096 1.79096 1.79096 1.80161 3.05053 3.17361 3.17361 3.17361 3.17361 3.17361 3.17361 3.01807 2.49422 1.95533 1.55438 0.792619 0.704638 0.704638 0.704638 0.704638 0.704638 0.704638 0.704638 0.704638 0.704638 0.819368 0.898326 0.898326 0.898326 0.898326 0.898326 0.898326 0.898326 0.898326 0.898326 0.898326 0.898326 0.898326 0.898326 0.898326 0.898326 0.898326 0.898326
1.77676 1.92859 2.08030 2.23231 2.30921 2.25893 1.84560 1.56846 1.36980 1.36980 1.36980 1.36980 1.36980 1.36980 1.36980 1.36980 1.36980 1.36980 1.36980 1.36980 1.36980 1.36980 1.36980 1.73231 1.79096 1.79096 1.79096 1.79096 2.64779 3.17361 3.17361 2.94266 2.40512 1.86645 1.32779 0.936769 0.897322 0.868589 0.785861 0.704638 0.704638 0.704638 0.704638 0.704638 0.704638 0.704638 0.704638 0.704638 0.704638 0.762365 0.898326 0.898326 0.898326 0.898326 0.898326 0.898326 0.898326 0.898326 0.898326 0.898326 0.898326 0.898326 0.898326 0.875641 0.751413 0.615198 0.478984
2.30886 2.30921 2.30921 2.30921 2.30921 2.30921 1.93611 1.69761 1.36980 1.36980 1.36980 1.36980 1.36980 1.36980 1.36980 1.36980 1.36980 1.36980 1.36980 1.36980 1.36980 1.36980 1.36980 1.61892 1.79096 1.79096 1.79075 1.64723 1.69505 1.78691 1.24787 0.880499 0.845560 0.803121 0.747090 0.704952 0.704638 0.704638 0.704638 0.704638 0.704638 0.704638 0.704638 0.704638 0.704638 0.704638 0.704638 0.704638 0.704638 0.712133 0.891567 0.898326 0.898326 0.898326 0.898326 0.898326 0.898326 0.898326 0.898326 0.846880 0.711816 0.575503 0.439347 0.325815 0.313714 0.313714 0.313714
2.30921 2.30921 2.30921 2.30921 2.30921 2.30921 2.07684 1.81790 1.37842 1.36980 1.36980 1.36980 1.36980 1.36980 1.36980 1.36980 1.36980 1.36980 1.36980 1.36980 1.36980 1.36980 1.36851 1.34764 1.38322 1.09389 0.738025 0.502228 0.421251 0.700156 0.704638 0.704638 0.704638 0.704638 0.704638 0.704638 0.704638 0.704638 0.704638 0.704638 0.704638 0.704638 0.704638 0.704638 0.704638 0.704638 0.704638 0.704638 0.704638 0.704638 0.842099 0.898326 0.898326 0.898326 0.896573 0.808354 0.672081 0.535866 0.399652 0.314883 0.313714 0.313714 0.313714 0.313714 0.313714 0.313714 0.313714
2.30921 2.30921 2.30921 2.30921 2.30921 2.30921 2.21751 1.84393 1.48160 1.36980 1.36980 1.36980 1.36980 1.36980 1.36980 1.36980 1.36980 1.36980 1.36874 1.20611 0.948867 0.691513 0.435220 0.332662 0.282674 0.281307 0.281307 0.281307 0.281307 0.587098 0.704638 0.704638 0.704638 0.704638 0.704638 0.704638 0.704638 0.704638 0.704638 0.704638 0.704638 0.704638 0.704638 0.704638 0.704638 0.704638 0.704638 0.704638 0.704638 0.704638 0.773516 0.768659 0.632445 0.496230 0.361710 0.313714 0.313714 0.313714 0.313714 0.313714 0.313714 0.313714 0.313714 0.313714 0.313714 0.313714 0.313714
2.30921 2.30921 2.30921 2.30921 2.30921 2.30921 2.30764 1.89460 1.61051 1.36980 1.36980 1.36980 1.36996 1.37504 1.37680 1.20292 0.945293 0.687926 0.431744 0.336688 0.336688 0.336688 0.336688 0.336688 0.301019 0.281307 0.281307 0.281307 0.281307 0.460376 0.704638 0.704638 0.704638 0.704638 0.704638 0.704638 0.704638 0.704638 0.704638 0.704638 0.704638 0.704638 0.704638 0.704638 0.704638 0.704638 0.706386 0.714754 0.723753 0.732760 0.688828 0.314271 0.313714 0.313714 0.313714 0.313714 0.313714 0.313714 0.313714 0.313714 0.313714 0.313714 0.313714 0.313714 0.313714 0.313714 0.313714
2.30921 2.30921 2.30921 2.30921 2.30921 2.30921 2.30921 2.04319 1.78302 1.38594 1.38429 1.19928 0.941866 0.679226 0.419988 0.336688 0.336688 0.336688 0.336688 0.336688 0.336688 0.336688 0.336688 0.336688 0.317507 0.281307 0.281307 0.281307 0.281307 0.334228 0.704172 0.704638 0.704638 0.704638 0.704638 0.704638 0.704638 0.704638 0.704638 0.704638 0.704638 0.704638 0.707518 0.716341 0.725344 0.734351 0.741605 0.742244 0.742244 0.742244 0.742244 0.388986 0.313714 0.313714 0.313714 0.313714 0.313714 0.313714 0.313714 0.313714 0.313714 0.313714 0.313714 0.313714 0.313714 0.313714 0.313714
2.30921 2.30921 2.33119 2.37466 2.41825 2.46175 2.49496 2.19570 1.58742 0.707864 0.409039 0.336688 0.336688 0.336688 0.336688 0.336688 0.336688 0.336688 0.336688 0.336688 0.336688 0.336688 0.336688 0.336688 0.328943 0.281307 0.281307 0.281307 0.281307 0.281307 0.630336 0.704638 0.704638 0.704638 0.704638 0.704638 0.704638 0.704638 0.708932 0.717934 0.726936 0.735938 0.742064 0.742244 0.742244 0.742244 0.742244 0.742244 0.742244 0.742244 0.742244 0.515978 0.313714 0.313714 0.313714 0.313714 0.313714 0.313714 0.313714 0.313714 0.313714 0.313714 0.313714 0.313714 0.313714 0.313714 0.313714
2.47688 2.52041 2.53623 2.35314 2.08815 1.82305 1.56838 1.48414 1.02526 0.551261 0.336688 0.336688 0.336688 0.336688 0.336688 0.336688 0.336688 0.336688 0.336688 0.336688 0.336688 0.336688 0.336688 0.336688 0.336047 0.286218 0.281307 0.281307 0.281307 0.281307 0.503555 0.704638 0.704638 0.704743 0.710512 0.719520 0.728528 0.737532 0.735979 0.720196 0.723368 0.742244 0.742244 0.742244 0.742244 0.742244 0.742244 0.742244 0.742244 0.742244 0.742244 0.642848 0.313714 0.313714 0.313714 0.313714 0.313714 0.313714 0.313714 0.313714 0.313714 0.313714 0.313714 0.313714 0.313714 0.313714 0.302117
2.10659 1.84139 1.58224 1.49992 1.49992 1.49992 1.49992 1.49992 1.15960 0.731777 0.336688 0.336688 0.336688 0.336688 0.336688 0.336688 0.336688 0.336688 0.336688 0.336688 0.336688 0.336688 0.336688 0.336688 0.336688 0.306386 0.281307 0.281307 0.281307 0.299688 0.657811 0.721110 0.728201 0.722344 0.711798 0.701583 0.693490 0.686905 0.683083 0.682974 0.693050 0.742244 0.742244 0.742244 0.742244 0.742244 0.742244 0.742244 0.742244 0.742244 0.742244 0.737187 0.346282 0.313714 0.313714 0.313714 0.313714 0.313714 0.313714 0.313714 0.313714 0.313662 0.291528 0.251612 0.211723 0.171845 0.143529
1.49992 1.49992 1.49992 1.49992 1.49992 1.49992 1.49992 1.49992 1.30963 0.912318 0.336688 0.336688 0.336688 0.336688 0.336688 0.336688 0.336688 0.336688 0.336688 0.336688 0.336688 0.336688 0.336688 0.336688 0.336688 0.337280 0.646453 1.03403 1.31328 1.51314 1.47497 0.746814 0.683760 0.682974 0.682974 0.682974 0.682974 0.682974 0.682974 0.682974 0.684384 0.739681 0.742244 0.742244 0.742244 0.742244 0.742244 0.742244 0.742244 0.742244 0.742244 0.742244 0.468129 0.313714 0.313714 0.313714 0.313714 0.311264 0.279797 0.239901 0.200006 0.160179 0.142416 0.142416 0.142416 0.142416 0.142416
1.49992 1.49992 1.49992 1.49992 1.49992 1.49992 1.49992 1.49992 1.45558 1.00729 0.426404 0.336688 0.336688 0.336688 0.336688 0.336688 0.336688 0.336688 0.336688 0.336688 0.336688 0.374602 0.646005 0.962985 1.27951 1.56033 1.35277 1.32780 1.32780 1.32780 1.32780 0.920904 0.682974 0.682974 0.682974 0.682974 0.682974 0.682974 0.682974 0.682974 0.682974 0.719147 0.742244 0.742244 0.742244 0.742244 0.742244 0.742244 0.742244 0.742244 0.742244 0.742244 0.594986 0.305424 0.268050 0.228167 0.188272 0.150843 0.142416 0.142416 0.142416 0.142416 0.142416 0.142416 0.142416 0.142416 0.142416
1.49992 1.49992 1.49992 1.49992 1.49992 1.49992 1.49992 1.49992 1.49992 1.11301 0.606901 0.336688 0.336688 0.336688 0.336688 0.337797 0.402201 0.524147 0.808022 1.12498 1.44165 1.72070 1.76624 1.76624 1.76624 1.76519 1.37181 1.32780 1.32780 1.32780 1.32780 1.11280 0.682974 0.682974 0.682974 0.682974 0.682974 0.682974 0.682974 0.682974 0.682974 0.702290 0.742244 0.742244 0.742244 0.742244 0.742244 0.742244 0.742244 0.742244 0.742244 0.742244 0.598397 0.144976 0.142416 0.142416 0.142416 0.142416 0.142416 0.142416 0.142416 0.142416 0.142416 0.142416 0.142416 0.142416 0.142416
1.49992 1.49992 1.49992 1.49992 1.49992 1.49992 1.49992 1.49992 1.49992 1.26304 0.790115 0.452583 0.553346 0.680456 0.970108 1.28593 1.53822 1.73315 1.76624 1.76624 1.76624 1.76624 1.76624 1.76624 1.76624 1.76624 1.48814 1.32780 1.32780 1.32780 1.32780 1.29093 0.696771 0.682974 0.682974 0.682974 0.682974 0.682974 0.682974 0.682974 0.682974 0.690498 0.742244 0.742244 0.742244 0.742244 0.742244 0.742244 0.742244 0.742244 0.00000 0.00000 0.00000 0.142416 0.142416 0.142416 0.142416 0.142416 0.142416 0.142416 0.142416 0.142416 0.142416 0.142416 0.142416 0.142416 0.142416
