High_resolution/powerplant/Shangrao/OMI_NO2_200504.asc
ncols      200
nrows      200
xllcorner       115.451
yllcorner       27.0350
cellsize     0.0166667
NODATA_Value      -999.000
[rows 58 to 86 of 184, columns 0 to 66 of 200]
2.11771 2.11771 2.11771 2.11771 2.11771 2.11771 2.11771 2.20465 2.35652 2.60038 2.93136 3.00177 3.08086 3.23534 3.35146 3.27821 3.28788 3.27697 3.26466 3.20923 3.15079 3.27227 3.27482 3.27332 3.26569 3.25797 3.48334 4.26372 4.47178 4.47765 4.58544 4.63654 4.62888 4.79475 4.82508 4.82871 4.94568 4.91753 4.88933 4.78660 4.50975 4.48160 3.79197 3.49157 3.48193 3.41122 3.26446 3.21110 3.18750 3.22589 3.25147 3.16908 3.19800 3.20409 3.21321 3.23662 3.26156 3.24641 2.85975 2.85831 2.82669 2.78014 2.79676 2.72930 2.70284 2.68147 2.68021
2.11771 2.11771 2.11771 2.11771 2.11771 2.11770 2.11339 2.14442 2.33175 2.37645 2.61558 2.65145 2.78868 2.95380 3.01150 2.96549 2.97294 2.94242 2.90095 2.89121 2.89121 3.12084 3.17324 3.17324 3.17324 3.17324 3.19646 4.14229 4.31894 4.36848 4.40758 4.49278 4.46865 4.56923 4.63194 4.61050 4.72318 4.73696 4.73696 4.73149 4.40878 4.34798 3.87954 3.59413 3.68258 3.62868 3.52742 3.38273 3.25806 3.23247 3.23583 3.18600 3.20142 3.24118 3.24640 3.23335 3.20427 3.13636 2.65763 2.51805 2.47908 2.46991 2.55850 2.57120 2.57120 2.57120 2.73632
2.11752 2.11212 2.10437 2.09662 2.08887 2.08114 2.07770 2.08091 2.29529 2.30821 2.56742 2.54429 2.65394 2.72338 2.82164 2.82518 2.86080 2.89121 2.89121 2.88940 2.88496 3.02672 3.15806 3.15356 3.14912 3.14462 3.14017 3.76502 4.08854 4.22303 4.23395 4.38487 4.37788 4.43019 4.51948 4.47923 4.49566 4.45948 4.39107 4.32414 4.07469 3.91158 3.62424 3.22226 3.38989 3.36202 3.29105 3.15888 3.17032 3.20123 3.20154 3.17399 3.15255 3.10415 3.04751 2.99089 2.95029 2.94857 2.65847 2.46956 2.46956 2.46956 2.53100 2.57120 2.57120 2.57120 2.69219
2.07999 2.07306 2.07184 2.07062 2.06939 2.06476 2.04545 2.02596 2.14782 2.17486 2.38087 2.43021 2.53811 2.64810 2.84744 2.87010 2.90351 2.86551 2.85776 2.85007 2.84302 2.89886 3.11098 3.10395 3.09536 3.08222 3.07024 3.48390 3.94506 4.01769 3.93521 3.98573 3.96399 3.95180 4.09297 4.07063 4.05621 4.04380 4.01288 3.98069 3.84068 3.74874 3.77909 3.13401 3.55576 3.54777 3.45429 3.24798 3.20948 3.16357 3.10694 3.03251 2.95676 2.94857 2.94857 2.94857 2.94857 2.94857 2.77730 2.46956 2.46956 2.46956 2.50346 2.57120 2.57120 2.57120 2.64813
2.09742 2.05909 2.04232 2.00727 1.96286 1.95205 1.96235 1.97341 2.06631 2.15529 2.30383 2.41815 2.58777 2.74712 2.89430 2.91248 2.90841 2.79539 2.74428 2.73589 2.73445 2.74135 3.00174 3.02920 3.03501 3.04534 3.05456 3.26345 3.90782 3.86943 3.81136 3.75797 3.81621 3.78977 3.92833 3.91305 3.88058 3.84853 3.81055 3.77394 3.77897 4.00553 4.00915 3.25574 3.54206 3.56229 3.41459 3.17117 3.02715 2.99153 2.99153 2.98341 2.94857 2.94857 2.94857 2.94857 2.94857 2.94857 2.89553 2.47030 2.46956 2.46956 2.47691 2.57020 2.57120 2.57227 2.62171
1.93685 1.82457 1.94159 2.00714 2.04320 2.05556 2.05863 2.06167 2.11348 2.23740 2.32792 2.47508 2.55236 2.76848 2.79190 2.87341 2.88595 2.82424 2.75746 2.76807 2.77376 2.77376 2.95190 3.05580 3.05405 3.02734 2.99249 2.98267 3.74727 3.71264 3.67352 3.55579 3.67670 3.64413 3.73465 3.77357 3.77214 3.76387 3.76387 3.76387 3.76387 3.94429 4.00915 3.47427 3.42411 3.56229 3.40044 3.15695 3.01507 2.99153 2.99153 2.99100 2.95073 2.94857 2.94857 2.94857 2.94824 2.95258 2.98088 2.67532 2.68258 2.73919 2.79384 2.88541 2.71749 2.69924 2.66538
1.90819 1.79649 1.95378 2.09294 2.08969 2.08969 2.08969 2.08969 2.10508 2.25973 2.29410 2.48383 2.49151 2.77541 2.76900 2.91365 2.91880 2.88471 2.77376 2.76678 2.73426 2.69940 2.75928 2.91169 2.87859 2.87043 2.85610 2.82359 3.43070 3.59441 3.53757 3.41411 3.58373 3.58965 3.67064 3.77309 3.77308 3.76473 3.76387 3.76387 3.76387 3.87013 4.00915 3.70589 3.29356 3.56229 3.50903 3.21803 3.02257 3.01639 3.04500 3.07290 3.07035 3.08648 3.11223 3.13707 3.15966 3.14842 3.10835 2.95286 2.83886 2.80276 2.76479 2.74998 2.43367 2.38525 2.36901
1.97804 1.80571 1.85781 2.11274 2.08969 2.08969 2.08969 2.08969 2.08969 2.23748 2.26044 2.47000 2.48364 2.70796 2.71283 2.86291 2.84236 2.80845 2.62095 2.58956 2.58709 2.58845 2.61786 2.80239 2.77105 2.73835 2.71997 2.71977 3.14901 3.56661 3.52868 3.43967 3.52830 3.58651 3.62535 3.76967 3.76952 3.76549 3.76387 3.73305 3.63978 3.57705 3.63199 3.45793 3.14297 3.53854 3.53489 3.26902 3.12942 3.22477 3.19257 3.15078 3.09011 3.03026 2.98841 2.94517 2.90055 2.88548 2.88070 2.81558 2.69003 2.67792 2.66965 2.68856 2.46874 2.36701 2.38857
1.99853 1.82955 1.80534 2.09871 2.08969 2.08969 2.08969 2.08969 2.08963 2.17325 2.18896 2.32227 2.34027 2.45005 2.52725 2.68736 2.74570 2.75845 2.64600 2.61888 2.63381 2.64724 2.64950 2.69991 2.71711 2.71711 2.71711 2.71711 2.93662 3.56923 3.53053 3.41676 3.32316 3.36244 3.28475 3.37598 3.30145 3.17361 3.02936 2.96507 2.96331 2.96352 3.03778 3.05476 3.05572 3.37154 3.32472 3.12587 2.86901 2.96940 2.94273 2.94138 2.90764 2.80300 2.79627 2.79088 2.78875 2.78673 2.78475 2.79880 2.69417 2.74560 2.80037 2.82137 2.66459 2.45189 2.45782
1.99280 1.87035 1.80534 2.03899 2.06207 2.02263 1.98368 1.94471 1.90576 1.94457 2.02491 2.16783 2.27825 2.36247 2.58080 2.65949 2.78952 2.80997 2.73296 2.64950 2.64950 2.64950 2.64841 2.66158 2.67586 2.65309 2.63016 2.60730 2.60885 2.97791 2.88200 2.82745 2.71595 2.89850 2.89940 3.04109 3.09125 3.07003 3.00396 3.01934 3.03680 3.06855 3.16625 3.25100 3.24293 3.22100 3.20293 3.12732 2.88439 3.06051 3.03588 3.04412 3.03870 2.84410 2.84264 2.85544 2.90179 2.95368 3.01002 3.03777 2.88040 2.84568 2.84568 2.84568 2.76797 2.45782 2.45782
1.86466 1.73583 1.59335 1.71032 1.89907 1.89111 1.89217 1.89323 1.89814 1.94105 2.06357 2.16923 2.33995 2.35203 2.63215 2.59871 2.75066 2.73812 2.67220 2.54012 2.51734 2.49444 2.47262 2.47937 2.54038 2.54442 2.54846 2.55249 2.55677 2.83157 2.90885 2.90815 2.82141 3.03833 3.08843 3.20846 3.31788 3.32656 3.27322 3.25820 3.23509 3.19762 3.19187 3.23381 3.20040 3.19050 3.19678 3.19672 2.97307 3.06930 3.05540 3.06108 3.10856 2.97719 2.99329 3.03593 3.03787 3.03787 3.03787 3.03787 2.92928 2.84568 2.84568 2.84568 2.83627 2.47562 2.45782
1.77647 1.65016 1.54536 1.60353 1.93397 1.92899 1.94393 1.96965 1.99958 2.01456 2.15655 2.20433 2.41515 2.43615 2.42902 2.34080 2.58641 2.62054 2.62040 2.51186 2.52023 2.53042 2.54062 2.54784 2.60593 2.61457 2.61393 2.61326 2.61240 2.78798 2.95853 3.01909 2.99503 3.11349 3.15550 3.17403 3.26583 3.23146 3.10941 3.09197 3.08887 3.08576 3.08801 3.20426 3.20588 3.18760 3.19678 3.19678 3.07789 3.13280 3.22544 3.27561 3.28609 3.13601 3.03787 3.03787 3.03787 3.03787 3.03787 3.03787 2.97818 2.84568 2.84568 2.84568 2.84481 2.57010 2.45782
1.94651 1.75749 1.66371 1.69948 2.03548 2.08882 2.11069 2.10846 2.08828 2.07668 2.17867 2.20025 2.39856 2.39200 2.34546 2.37181 2.65577 2.72643 2.71663 2.58665 2.55700 2.55018 2.54338 2.53801 2.57603 2.60521 2.60521 2.60620 2.62526 2.74594 3.02510 3.10450 3.12759 3.08091 3.01460 3.02466 3.18713 3.18540 3.11311 3.08223 3.08223 3.08223 3.08223 3.16963 3.20817 3.18886 3.19585 3.19678 3.19678 3.22331 3.32822 3.28609 3.28609 3.19213 3.03787 3.03787 3.03787 3.03787 3.03787 3.03787 3.02251 2.80753 2.74218 2.67645 2.60801 2.44718 2.36841
2.21544 1.77776 1.75118 1.72949 1.87907 1.96018 1.93864 1.92878 1.92878 1.92878 1.99753 2.07982 2.28324 2.36108 2.36959 2.41033 2.61406 2.68652 2.69995 2.58976 2.53759 2.53759 2.54229 2.56610 2.61053 2.68541 2.71123 2.73608 2.74289 2.75721 3.08038 3.12065 3.14159 3.09653 3.00558 3.00509 3.15469 3.18387 3.13402 3.08223 3.08223 3.08223 3.08223 3.13201 3.20817 3.19428 3.19301 3.19678 3.19678 3.18841 3.33699 3.28576 3.27747 3.20885 2.95541 2.91548 2.87392 2.83050 2.78543 2.73832 2.65891 2.17030 2.06971 2.01663 1.96704 2.01425 2.17974
1.81238 1.56883 1.58024 1.61822 1.74374 1.95425 1.98920 2.01669 2.04303 2.06832 2.13407 2.22720 2.33535 2.42302 2.42174 2.39649 2.58256 2.68146 2.73072 2.68478 2.62632 2.65052 2.66782 2.66595 2.66470 2.72041 2.71650 2.71002 2.70354 2.69845 2.96627 3.05807 3.10116 3.06068 2.97263 2.94980 3.05453 3.12091 3.10370 3.08223 3.08223 3.08223 3.08219 3.09274 3.21827 3.24808 3.28718 3.32913 3.36319 3.39542 3.23364 2.99126 2.95818 2.93696 2.59680 2.50305 2.42866 2.34931 2.26785 2.19193 2.15462 1.93290 1.85897 1.87553 1.89615 1.99814 2.35187
1.90653 1.71686 1.85683 1.91077 1.96854 2.13348 2.12986 2.13185 2.13388 2.13585 2.15347 2.26388 2.29021 2.33069 2.32754 2.29345 2.42689 2.56937 2.67440 2.67147 2.54601 2.54641 2.55041 2.55441 2.55771 2.58399 2.59588 2.59588 2.59588 2.59588 2.78175 2.94725 3.00887 2.98241 2.91566 2.86754 2.95944 3.09439 3.12424 3.18872 3.21479 3.23990 3.26423 3.29223 3.42279 3.44949 3.47878 3.44429 3.40935 3.37251 3.14885 2.63343 2.55614 2.51652 2.30944 2.25060 2.28456 2.31947 2.36320 2.39869 2.43304 2.31105 2.21979 2.30086 2.36303 2.41904 2.64037
2.04652 1.93160 1.95805 1.99803 1.99747 2.14578 2.15510 2.15486 2.15502 2.15519 2.15559 2.26630 2.28064 2.30595 2.30595 2.28554 2.37253 2.53321 2.63702 2.69940 2.58003 2.55805 2.55805 2.55805 2.55805 2.57286 2.59663 2.59947 2.60244 2.60539 2.69663 2.90126 2.94407 2.93293 2.87877 2.97973 3.11410 3.24723 3.24741 3.30212 3.32479 3.34840 3.37201 3.39559 3.50403 3.60285 3.63771 3.26697 3.20325 3.19557 3.11178 2.71304 2.75997 2.78045 2.70921 2.62798 2.64481 2.66053 2.67739 2.70100 2.72189 2.67494 2.48152 2.48152 2.48152 2.48152 2.64674
2.01363 1.98973 1.91948 2.00111 1.99809 2.10753 2.15863 2.15559 2.15554 2.15538 2.15522 2.23913 2.28202 2.31169 2.31764 2.31030 2.34498 2.50841 2.60390 2.71909 2.61508 2.56763 2.57060 2.57356 2.57654 2.58331 2.61936 2.62133 2.63267 2.64552 2.67273 2.92594 2.97557 3.02285 3.00783 3.03864 3.22717 3.30779 3.32421 3.38329 3.39863 3.38884 3.38081 3.37326 3.40284 3.51406 3.53447 3.28677 3.10436 3.10436 3.10284 2.78924 2.85007 2.85007 2.80860 2.69440 2.71603 2.73526 2.74390 2.74390 2.74390 2.73563 2.48904 2.48152 2.48152 2.48152 2.58866
2.03522 2.04422 1.87641 2.00259 1.99621 2.06291 2.15981 2.15562 2.15862 2.16172 2.16245 2.20466 2.25559 2.26173 2.25568 2.24128 2.34778 2.52961 2.64158 2.77167 2.73558 2.64876 2.66676 2.68803 2.70929 2.73061 2.78072 2.79108 2.78035 2.76815 2.75596 2.94971 3.07025 3.31643 3.07709 3.02801 3.23733 3.27659 3.29521 3.32975 3.36362 3.38191 3.41301 3.44575 3.48299 3.51848 3.52952 3.39971 3.10436 3.10436 3.10426 2.87557 2.87458 2.88521 2.88649 2.74674 2.74390 2.74390 2.74390 2.74390 2.74390 2.74390 2.54395 2.48152 2.48152 2.48152 2.52603
2.13123 2.07362 1.85109 1.97421 1.95560 1.95515 2.10435 2.09924 2.08594 2.07263 2.06167 2.09375 2.18532 2.20384 2.22170 2.22557 2.33517 2.54765 2.68876 2.79356 2.88390 2.79139 2.77280 2.75213 2.73148 2.71083 2.71091 2.72555 2.72555 2.72555 2.72519 2.85777 2.96736 3.27188 3.07250 2.99427 3.21668 3.29864 3.35382 3.40705 3.50135 3.51848 3.51848 3.51848 3.51848 3.51848 3.52288 3.50262 3.10452 3.10436 3.10422 2.95606 2.89271 2.89271 2.89271 2.77458 2.74390 2.74390 2.74390 2.74390 2.74390 2.74390 2.60712 2.48152 2.47645 2.50495 2.57165
2.27950 1.82921 1.60384 1.74261 1.82657 1.83107 2.04567 2.08899 2.09512 2.09921 2.10330 2.11185 2.22297 2.23305 2.26833 2.29532 2.39332 2.62822 2.67017 2.66928 2.77497 2.71581 2.68773 2.68773 2.68773 2.68555 2.68059 2.69570 2.68112 2.66653 2.65228 2.72763 2.91563 3.19320 3.16719 3.06181 3.25593 3.37606 3.42292 3.43516 3.51848 3.51848 3.51848 3.51848 3.51848 3.51848 3.51857 3.54356 3.17782 3.10436 3.10436 3.02425 2.87124 2.89271 2.89271 2.80086 2.73163 2.77204 2.81142 2.84923 2.88543 2.92009 2.91741 2.87630 2.92806 2.95496 2.95496
2.52602 2.00449 1.70635 1.73901 1.86023 1.86009 2.01222 2.10246 2.12551 2.14952 2.17347 2.19748 2.32948 2.38417 2.42111 2.42111 2.45785 2.65225 2.70366 2.61895 2.75187 2.73125 2.65318 2.63860 2.62400 2.61158 2.61035 2.64617 2.65568 2.66253 2.66985 2.69794 2.97566 3.16154 3.27466 3.07039 3.17320 3.34731 3.40218 3.40165 3.50890 3.51848 3.51848 3.51848 3.51848 3.51848 3.51494 3.50584 3.22413 2.97018 2.91859 2.87085 2.97673 3.07742 3.10729 3.09943 3.05264 3.05330 3.05330 3.05330 3.05330 3.04735 3.00722 2.87683 2.83709 2.79846 2.75983
2.59028 2.10586 1.71641 1.65677 1.93795 1.95933 2.07286 2.22627 2.22501 2.22163 2.21822 2.21486 2.28837 2.33911 2.37391 2.37404 2.37331 2.54156 2.67866 2.53639 2.60455 2.64248 2.54002 2.53015 2.51623 2.50227 2.48836 2.54021 2.58032 2.57720 2.57411 2.57175 2.81815 2.95628 3.24328 2.97488 3.00822 3.26861 3.30430 3.28070 3.35898 3.35237 3.29765 3.24295 3.18824 3.13357 3.08241 3.11211 3.01823 2.65844 2.65844 2.66066 3.00961 3.17731 3.17731 3.15992 3.01164 2.95987 2.90804 2.85628 2.80455 2.75872 2.73932 2.63387 2.57884 2.50798 2.43284
1.74781 1.71702 1.52525 1.42157 1.89044 1.92789 1.95694 2.15487 2.15826 2.15847 2.15604 2.15246 2.19435 2.26851 2.30412 2.31872 2.31872 2.42998 2.65402 2.51606 2.53300 2.60574 2.47210 2.46682 2.46682 2.46682 2.46682 2.49829 2.57160 2.57160 2.57153 2.60086 2.78880 2.90126 3.27688 3.08817 3.07479 2.95220 2.91843 2.93677 3.00003 3.05972 3.05972 3.02406 2.93521 2.84019 2.73981 2.65885 2.64065 2.52153 2.49495 2.46656 2.64946 2.79663 2.72478 2.65615 2.56433 2.54183 2.52721 2.51263 2.49595 2.44595 2.38649 2.28253 2.20015 2.19594 2.19594
1.74781 1.72508 1.57646 1.43176 1.78195 1.92391 1.91930 2.11536 2.14285 2.14123 2.14009 2.14009 2.15984 2.26263 2.28602 2.30392 2.29404 2.35656 2.56964 2.52403 2.48390 2.58634 2.49902 2.49323 2.56106 2.62722 2.69044 2.75954 2.95481 3.02167 3.08311 3.12086 3.11834 3.10855 3.35517 3.30973 3.21577 2.97649 2.77222 2.58648 2.50837 2.42806 2.30327 2.22588 2.21977 2.21406 2.20793 2.20325 2.32491 2.32734 2.32539 2.32536 2.40311 2.54101 2.54110 2.54110 2.49381 2.44596 2.39867 2.35141 2.30615 2.29428 2.29428 2.26242 2.19594 2.19594 2.19594
1.74781 1.73638 1.62661 1.48166 1.68678 1.94728 1.95121 2.10079 2.18556 2.18945 2.18667 2.18240 2.17880 2.22104 2.23589 2.27836 2.29542 2.35201 2.57819 2.64085 2.55821 2.67835 2.87181 2.98630 2.99583 3.00490 3.01475 3.02638 3.16183 3.22284 3.23445 3.24521 3.24670 3.21738 3.26618 3.12399 2.84998 2.70212 2.46157 2.19733 2.19541 2.19348 2.19174 2.18999 2.18833 2.18791 2.18791 2.18791 2.28532 2.32536 2.32536 2.32536 2.33975 2.53055 2.48349 2.43623 2.35772 2.29428 2.29428 2.29428 2.29428 2.29428 2.29428 2.28572 2.19618 2.19594 2.19594
1.74781 1.74736 1.68729 1.54274 1.62721 2.00647 2.02300 2.12521 2.26996 2.20342 2.21613 2.23337 2.25062 2.31209 2.35454 2.42172 2.42672 2.43681 2.62935 2.76797 2.62925 2.69646 2.94445 3.08374 3.08142 3.07841 3.07448 3.06846 3.14448 3.25633 3.25525 3.25525 3.25525 3.22590 3.22068 3.15499 2.84281 2.78700 2.48033 2.23019 2.18933 2.18799 2.18791 2.18791 2.18791 2.18791 2.18791 2.18791 2.25204 2.32536 2.32536 2.32536 2.32536 2.38112 2.36554 2.36554 2.35033 2.29428 2.29428 2.29428 2.29428 2.29428 2.29428 2.29428 2.21115 2.19594 2.19594
1.74781 1.85863 1.89807 1.74963 1.77819 2.06441 2.10049 2.14289 2.41674 2.34370 2.31905 2.32154 2.32400 2.36046 2.39808 2.45059 2.45633 2.44995 2.55405 2.75841 2.61983 2.61534 2.81402 3.05254 3.05281 3.05281 3.05281 3.05281 3.08169 3.25591 3.25657 3.25722 3.25788 3.23775 3.22373 3.22073 2.86815 2.83937 2.51632 2.29628 2.18934 2.18829 2.18791 2.18791 2.18791 2.18791 2.18791 2.18791 2.21876 2.32536 2.32536 2.32536 2.32536 2.38417 2.36554 2.36554 2.36392 2.29674 2.29428 2.29089 2.25251 2.18216 2.11193 2.04163 1.95300 1.88669 1.82937
2.23095 2.26154 2.18336 1.96756 1.86094 2.03828 2.12830 2.12830 2.39747 2.38937 2.33081 2.32216 2.30686 2.30967 2.33884 2.36078 2.36049 2.34968 2.42309 2.65771 2.61320 2.55329 2.74167 3.01528 3.05356 3.05413 3.05469 3.05525 3.05581 3.22834 3.25874 3.25874 3.25874 3.24652 3.22373 3.22373 2.95206 2.84423 2.60150 2.36236 2.18934 2.18854 2.18791 2.18791 2.18791 2.18791 2.18791 2.18791 2.19096 2.31991 2.32300 2.32271 2.35349 2.39022 2.12879 2.05797 1.98767 1.86304 1.77594 1.70887 1.67707 1.67707 1.67707 1.67707 1.68362 1.69586 1.69742
