High_resolution/powerplant/Shangrao/OMI_NO2_200711.asc
ncols      200
nrows      200
xllcorner       115.451
yllcorner       27.0350
cellsize     0.0166667
NODATA_Value      -999.000
[rows 0 to 28 of 200, columns 0 to 66 of 200]
2.31927 2.16138 1.66201 1.66201 1.80220 3.44151 4.24362 4.25476 4.26325 4.26580 4.25374 4.21785 4.16183 3.53048 3.50075 3.49597 3.53648 4.09764 4.12311 4.12748 4.22890 4.31426 4.34427 4.37171 4.70936 5.00220 4.42506 3.81887 4.36718 4.48165 4.54689 4.60806 4.66647 4.97348 5.12563 5.25709 5.25709 5.25709 5.50664 5.71279 5.94640 5.95650 5.77324 6.41798 6.56315 6.58903 6.55500 6.80834 7.03857 8.49527 8.66488 8.66488 8.66799 8.95902 8.97630 8.97630 8.96965 8.85017 8.76169 9.04088 9.11060 8.98580 9.57073 9.63750 9.55742 7.89420 7.75658
2.62193 2.81905 2.26715 2.36656 2.78243 3.38576 4.04751 4.02751 4.00871 3.99080 3.98223 3.98992 3.99779 3.64834 3.52171 3.52171 3.57984 4.19128 4.36133 4.40124 4.49397 4.62674 4.65985 4.71704 4.96166 5.28025 5.00410 4.27227 4.55371 4.70439 4.70439 4.70439 4.70466 4.91275 5.11843 5.51796 5.72288 5.88501 6.15628 6.37903 6.37764 6.28585 5.83357 6.08087 6.34311 6.43650 6.43650 6.73667 6.93600 8.20553 8.47889 8.35034 8.20273 8.26718 8.20284 8.06949 7.94926 7.93582 8.11757 8.43801 8.70303 8.70441 9.18845 9.64805 9.69151 8.60497 8.09553
3.69377 3.72133 3.28448 2.95555 2.95923 3.23544 4.00632 4.00632 4.01445 4.06352 4.11659 4.16786 4.21742 4.05746 3.87484 3.92668 3.97107 4.40122 4.59166 4.59003 4.60743 4.73162 4.73162 4.74383 4.88094 5.28025 5.19377 4.27227 4.44106 4.78213 4.91235 5.08242 5.28575 5.63258 5.86742 6.05363 6.09501 6.14154 6.21052 6.35821 6.38320 6.40853 5.98788 6.07498 6.31086 6.38109 6.33578 6.43618 6.66240 7.62407 8.20666 8.30297 8.34509 8.50465 8.65993 8.69898 8.73746 8.78502 8.90308 9.22052 9.70422 9.74212 9.94167 10.5143 10.6893 10.4058 10.0134
3.74069 3.74376 3.50113 3.34225 3.26774 3.49968 4.24103 4.35668 4.39395 4.39849 4.39849 4.39849 4.39849 4.31313 3.97446 3.97446 3.97446 4.23224 4.61064 4.58993 4.58779 4.71098 4.72156 4.69111 4.70314 5.15620 5.29640 5.15883 5.36402 5.71679 5.77849 5.85035 5.96457 6.27908 6.44369 6.56487 6.61920 6.65184 6.68848 6.86783 6.88403 6.89445 6.63327 6.43291 6.36831 6.48420 6.49316 6.52498 6.86599 7.70588 8.58279 8.71067 8.71067 8.77277 8.93311 8.93311 8.93311 8.93943 8.95397 9.26210 9.84699 10.1507 10.2890 10.9014 10.8515 10.6215 9.95420
3.68657 3.74376 3.68414 3.81691 3.58506 3.66709 4.18101 4.38355 4.38107 4.37843 4.37587 4.37328 4.37073 4.36448 3.97277 3.93899 3.94146 4.07334 4.48499 4.43084 4.40737 4.50449 4.56654 4.60617 4.97212 5.55783 5.64049 5.83549 5.97073 6.16744 6.20243 6.22325 6.23368 6.44526 6.60765 6.69182 6.74248 6.74248 6.74248 6.86660 6.90432 6.90432 6.77052 6.43843 6.38044 6.45236 6.49316 6.49316 6.80028 7.31234 8.55217 8.68629 8.69572 8.69838 8.89449 8.91059 9.08801 9.35365 9.69286 10.0970 10.3352 10.3976 10.4238 10.8617 11.0234 11.0104 10.3980
3.60381 3.74376 3.74376 3.76896 3.63657 3.63259 4.01612 4.35216 4.35216 4.35277 4.36262 4.37563 4.38859 4.40159 4.13103 4.00356 4.03613 4.14294 4.46569 4.50780 4.54893 4.60790 4.67568 4.68000 4.95101 5.58576 5.79787 5.91906 6.02876 6.20630 6.26577 6.26577 6.26577 6.40540 6.58765 6.66724 6.74248 6.74248 6.75066 6.83600 6.88244 6.87385 6.84902 6.40008 6.32195 6.31914 6.39978 6.43547 6.68079 7.08881 8.33241 8.55191 8.77221 9.02384 9.54318 9.80136 9.86323 9.87494 10.0980 10.2291 10.4009 10.5128 10.5489 10.7153 10.7721 10.7129 10.1682
3.56724 3.79995 3.80713 3.80044 3.76718 3.67464 3.95216 4.44448 4.46025 4.47534 4.48117 4.49170 4.53683 4.58601 4.46454 4.25926 4.27634 4.27922 4.57046 4.59269 4.58539 4.60357 4.70119 4.73513 5.04335 5.61582 5.82087 5.89606 6.08326 6.21799 6.36045 6.38539 6.41176 6.51725 6.75405 6.85975 6.87169 6.90456 6.95681 6.93707 6.84224 6.88253 6.92330 6.64498 6.53782 6.56723 6.70621 6.71367 6.84395 7.23350 8.26520 8.83047 9.51706 9.52499 9.76905 9.94326 9.97938 10.0155 10.2408 10.3817 10.6271 10.7250 10.7327 10.6974 10.5797 10.5797 10.2508
3.75538 4.00562 4.00562 3.98451 4.04674 3.82133 3.91816 4.55251 4.60952 4.64901 4.68097 4.70511 4.69471 4.68019 4.61323 4.27643 4.28594 4.29644 4.52713 4.67815 4.67791 4.69702 4.93312 4.97733 5.21611 5.74142 6.14324 6.15942 6.37390 6.43309 6.65449 6.64867 6.67010 6.71128 7.00517 7.32628 7.27474 7.28903 7.28903 7.27308 7.09416 7.09363 7.08225 6.88517 6.65293 6.61880 6.80065 6.84716 6.89766 7.33878 8.22498 8.84923 9.65950 9.77227 9.90612 10.1225 10.1225 10.1225 10.2585 10.3630 10.6362 10.7677 10.8522 10.8974 10.8028 10.8439 10.7199
3.69596 3.98051 4.00193 3.95010 4.05679 3.79542 3.96322 4.60887 4.71562 4.72004 4.73238 4.74501 4.75795 4.77120 4.78340 4.41401 4.35590 4.35281 4.56229 4.81773 4.80916 4.83310 5.06139 5.16162 5.29841 5.69639 6.31752 6.34637 6.54389 6.58806 6.77678 6.76489 6.76489 6.76489 6.95917 7.38246 7.33065 7.30543 7.30471 7.30349 7.13739 7.12637 7.16749 7.19100 6.97297 6.94715 6.94073 6.94138 6.94138 7.36137 8.00289 8.90830 9.41468 9.76720 9.80869 10.0916 10.0797 10.0679 10.1385 10.2810 10.7705 11.0229 11.0890 11.0890 10.9796 10.9360 10.9079
3.40344 3.56141 3.54239 3.49324 3.77536 3.74557 3.80576 4.52912 4.79305 4.79305 4.79305 4.79305 4.82039 4.88360 4.94619 4.74184 4.63101 4.69426 4.86477 5.14054 5.00216 5.00230 5.14146 5.28258 5.30884 5.60314 6.30390 6.37096 6.50040 6.58806 6.74273 6.83324 6.85559 6.89995 7.04592 7.44720 7.53488 7.46151 7.49457 7.52846 7.41572 7.34092 7.34092 7.34092 7.07874 6.98094 6.93983 6.94071 6.94162 7.22302 7.75725 8.77026 9.08609 9.72777 9.73368 10.0589 10.0898 10.0944 10.1284 10.3405 10.6584 11.0691 11.1675 11.1732 11.1077 11.0294 10.9851
3.24767 3.33322 3.33322 3.33322 3.65560 3.90083 3.92331 4.59593 5.07412 5.13742 5.20027 5.26342 5.29933 5.29948 5.29948 5.14896 4.85769 4.85769 4.88641 5.19937 5.00779 5.00230 5.07644 5.28258 5.28258 5.47094 6.20097 6.48549 6.62851 6.81016 6.95382 7.24790 7.28761 7.30777 7.32546 7.53870 7.79528 7.71812 7.73122 7.73736 7.65290 7.52043 7.52187 7.52330 7.35638 7.18627 7.12248 7.12248 7.12248 7.26339 7.78729 8.61956 8.94673 9.73016 9.80052 10.0454 10.1487 10.1487 10.1488 10.3616 10.5168 11.0970 11.1496 11.0485 10.8932 10.7128 10.7319
3.18402 3.33322 3.33322 3.33322 3.71017 4.61213 4.41245 4.70675 5.31234 5.32661 5.34093 5.35507 5.36936 5.38355 5.39795 5.37609 4.98744 4.99894 5.01316 5.29826 5.30197 5.30591 5.39232 5.73760 5.86594 6.06791 6.54449 6.86938 6.89603 7.11148 7.14313 7.49456 7.51923 7.52747 7.51627 7.55818 7.90529 7.77018 7.75337 7.74878 7.71330 7.52895 7.52895 7.52895 7.45420 7.20789 7.12592 7.12248 7.12248 7.14059 7.68904 8.40360 8.93449 9.46047 9.80052 9.96697 10.1585 10.1764 10.1764 10.1124 9.88129 10.2997 10.4117 10.7859 10.8221 10.6079 10.5323
3.10833 3.32299 3.33322 3.33322 3.33826 4.62813 4.41245 4.51666 5.49945 5.55658 5.55658 5.55658 5.55664 5.59952 5.67936 5.75919 5.48123 5.47717 5.55757 5.79117 5.84918 5.77723 5.83323 6.10429 6.16528 6.19240 6.49453 6.99769 7.07523 7.39160 7.46643 7.48572 7.46908 7.46908 7.46908 7.43860 7.85841 7.78207 7.74878 7.74878 7.74769 7.54491 7.52931 7.54175 7.55559 7.28195 7.21323 7.20793 7.23196 7.25802 7.69574 8.34951 8.95046 9.15502 9.73076 9.63722 9.69642 9.40604 9.11821 8.99667 8.95270 9.51019 9.96386 10.7174 10.6942 10.5367 10.4451
3.10486 3.28506 3.33322 3.33322 3.32775 4.45980 4.44423 4.52186 5.47960 5.77864 5.85610 5.93355 6.01084 6.04538 6.05732 6.11536 5.93625 5.79666 5.86001 5.99644 6.11983 5.99433 6.04529 6.25551 6.42751 6.46774 6.63752 7.27686 7.28829 7.47873 7.54599 7.50545 7.46523 7.46322 7.46253 7.44948 7.77467 7.83553 7.76190 7.76689 7.77216 7.79702 7.84202 7.86936 7.89106 7.70659 7.57457 7.54908 7.56486 7.57807 7.81749 8.32794 8.57504 8.58190 8.61261 8.55767 9.05239 9.03372 8.99700 8.95393 8.86208 9.16895 9.60087 10.5219 10.9310 10.9353 10.9176
2.55630 2.81439 3.03595 3.02727 3.02412 4.37491 5.13139 5.00618 5.58490 5.98216 6.02655 6.09058 6.15338 6.21330 6.25876 6.25805 6.20469 6.15814 6.21666 6.25977 6.39144 6.18394 6.18849 6.29352 6.46502 6.48089 6.58033 7.22251 7.37637 7.52745 7.66615 7.66501 7.64219 7.71907 7.79651 7.84852 8.00538 8.07919 7.91214 7.92685 7.94133 7.96601 7.98770 7.98770 7.98770 7.85352 7.59345 7.48061 7.41958 7.36405 7.48984 8.12238 8.45318 8.50021 8.48956 8.47926 8.85089 8.95231 8.96825 8.96893 8.88837 8.99915 9.59708 10.2492 11.2888 11.3734 11.3595
2.48665 2.59932 3.02396 3.02412 3.02412 3.76316 5.40394 5.25330 5.62655 6.25192 6.27535 6.27918 6.28422 6.29213 6.30016 6.30821 6.31573 6.31246 6.32008 6.32334 6.60439 6.50522 6.45477 6.47599 6.67345 6.73436 6.81365 7.39725 7.76494 7.90580 8.14461 8.20362 8.17502 8.17337 8.17337 8.17209 8.14370 8.18509 7.94778 7.94634 7.93667 7.90679 7.89579 7.85466 7.80743 7.76248 7.52643 7.44652 7.63120 7.66113 7.66780 8.05104 8.41697 8.50976 8.50976 8.50976 8.79264 9.05631 9.12902 9.20163 9.20875 9.26293 10.2020 10.6725 11.9349 11.9916 11.8554
7.86093 3.18314 3.73878 4.07136 4.36651 4.56681 5.77035 5.55418 5.61340 6.33065 6.33510 6.33510 6.33510 6.33510 6.33510 6.33678 6.36927 6.40375 6.44418 6.48791 6.75350 6.87413 6.88572 6.94592 7.12252 7.14466 7.14466 7.49766 7.99195 8.01739 8.25038 8.25045 8.19876 8.18628 8.19290 8.19619 8.13114 8.14460 7.91047 7.83422 7.80043 7.79035 7.81757 7.80940 7.80748 7.80748 7.61155 7.49138 7.61931 7.68531 7.75629 8.06560 8.61590 8.83138 8.91412 8.99690 9.22568 9.53851 9.54864 9.55866 9.52267 9.49356 10.1561 10.5706 11.8620 12.1233 12.0346
7.86093 5.68982 4.76773 4.57355 4.57355 4.57355 5.60575 5.57556 5.59626 6.30210 6.45689 6.50048 6.54431 6.58800 6.63183 6.67383 6.68518 6.67933 6.67302 6.67302 6.81654 6.98989 6.96759 6.96759 7.08166 7.14466 7.14466 7.33756 7.96366 7.99319 8.22296 8.22682 8.17311 8.13969 8.10708 8.07750 8.05323 8.08580 7.96996 7.88028 7.89127 7.90554 7.95575 7.99110 8.01831 8.04554 7.95161 7.94464 8.27568 8.43123 8.44698 8.59514 9.05673 9.25943 9.27029 9.27029 9.32901 9.73156 9.73156 9.73156 9.70465 9.64621 10.0400 10.6546 11.6121 12.2355 12.1751
8.33551 7.24226 6.24641 6.03069 6.37822 6.70137 6.72603 6.06254 5.96433 6.43108 6.68518 6.68518 6.68518 6.68707 6.70043 6.73593 6.79018 6.78203 6.74933 6.76470 6.85024 7.09225 7.08962 7.10327 7.19233 7.31192 7.32219 7.35956 8.04553 8.04896 8.21554 8.30810 8.30185 8.28835 8.29430 8.30264 8.30569 8.30446 8.26039 8.11435 8.12735 8.14037 8.17341 8.19199 8.19199 8.19199 8.14572 7.99569 8.33536 8.47491 8.47491 8.53132 8.98643 9.22124 9.27029 9.27029 9.27047 9.68623 9.73156 9.73156 9.72345 9.65131 9.80394 10.7275 11.2966 12.3478 12.3476
12.2751 11.3564 9.42004 8.25948 8.37282 8.49667 8.49077 7.38719 7.22608 7.20771 7.03704 7.08352 7.12868 7.17055 7.20109 7.21512 7.23533 7.21132 7.12437 7.20102 7.28523 7.55370 7.24536 7.18261 7.19087 7.31151 7.29308 7.29188 7.88714 7.99315 8.13526 8.32004 8.32227 8.36079 8.38251 8.39341 8.39402 8.35196 8.36814 8.15063 8.15063 8.15063 8.16453 8.19199 8.19199 8.19199 8.19148 7.96555 8.24460 8.44271 8.42874 8.41483 8.81868 9.10127 9.14460 9.09743 9.05034 9.17747 9.22548 9.22801 9.23089 9.43449 9.47242 10.3319 10.5675 11.8615 11.8798
13.5995 13.3423 10.7373 9.53824 9.29156 9.28531 9.27869 8.31417 7.76652 7.66324 7.25819 7.32883 7.39644 7.46417 7.53526 7.60959 7.66380 7.63883 7.44619 7.42248 7.40249 7.54338 7.31103 7.17223 7.17663 7.34444 7.35747 7.36014 7.73251 7.95341 8.03890 8.31120 8.31120 8.36659 8.39461 8.39448 8.39412 8.35085 8.40262 8.17540 8.17285 8.19094 8.20458 8.12740 8.12933 8.12454 8.11816 7.96094 8.08729 8.37435 8.42152 8.43100 8.71023 9.08288 9.03912 9.18059 9.22643 9.21032 9.16033 9.16033 9.14532 9.24366 9.27925 9.85953 10.1936 11.2692 11.4517
13.5995 13.5995 11.2436 10.0356 9.50383 9.50528 9.50668 9.09659 8.32553 8.38001 7.88194 7.87093 7.87635 7.86413 7.84322 7.82235 7.82042 7.82884 7.66269 7.57254 7.56805 7.66599 7.57634 7.33479 7.35868 7.47232 7.50313 7.48294 7.62240 7.83029 7.79780 8.08639 8.04391 8.04504 8.07576 8.03333 7.99084 7.92029 7.88240 8.20547 8.34728 8.33830 8.32934 8.17637 8.14846 8.14674 8.14674 8.06962 8.07704 8.48632 8.69366 8.84735 9.11187 9.60475 9.39560 9.34391 9.24109 9.04429 8.90009 8.85239 8.81976 8.90594 9.03003 9.39800 10.0377 10.6791 11.2027
12.9583 12.7960 11.4109 10.2922 9.54295 9.54295 9.54295 9.38485 8.60068 8.56055 8.17299 7.86677 7.88155 7.92598 7.97567 8.02169 8.04644 8.06742 7.97393 7.77130 7.79763 7.79280 7.61833 7.23893 7.19618 7.10414 7.00994 6.98758 7.07162 7.35814 7.36107 7.64864 7.71678 7.73707 7.87309 7.87243 7.87212 7.86195 7.80818 8.04495 8.31030 8.31030 8.31030 8.19793 8.12024 8.09551 8.08719 8.15202 8.50802 8.90110 9.04478 9.03827 9.03471 9.27213 9.18997 9.13635 9.12550 8.93651 8.81300 8.81059 8.83100 8.87201 9.11811 9.24041 9.77849 10.0509 10.8386
12.5078 12.4973 11.6430 10.6129 9.73760 9.81042 9.91298 9.96250 9.36274 9.10955 8.81343 8.18112 8.17715 8.17311 8.16916 8.16597 8.16568 8.16568 8.12582 7.88334 7.87045 7.84924 7.52517 7.14505 7.08590 7.05876 6.98262 6.98200 7.00094 7.34935 7.35666 7.56834 7.71407 7.71408 7.85373 7.87137 7.86707 7.86227 7.79757 7.89205 8.24372 8.21605 8.19300 8.16912 8.15612 8.23339 8.29272 8.29786 8.47858 8.83064 9.02660 9.02716 9.02904 9.23310 9.29103 9.21786 9.19060 8.99402 8.77950 8.69551 8.61085 8.64120 9.19386 9.18342 9.49554 9.57572 10.6407
12.3318 12.4453 12.1734 11.1468 10.3882 9.95716 9.95716 9.95684 9.50163 9.08621 8.93009 8.27737 8.17249 8.17848 8.18445 8.19044 8.19641 8.20240 8.19441 7.98730 7.91662 7.91662 7.61414 7.26828 7.08380 7.07921 6.98354 6.99567 7.02246 7.35318 7.43856 7.58686 7.81366 7.87046 7.91807 7.94126 7.97055 8.00035 7.79099 7.70685 8.23401 8.30594 8.35932 8.33042 8.19723 8.18114 8.16983 8.15986 8.25671 8.63219 8.94235 8.94200 8.86685 8.86071 8.85136 8.62182 8.57610 8.47193 8.23674 8.16899 8.16287 8.16341 8.65900 8.76666 8.99956 9.15634 10.0126
12.7547 12.7547 12.6481 11.2708 10.6378 9.98093 9.95527 9.95463 9.72773 9.12446 9.08585 8.44432 8.21352 8.21352 8.21352 8.21352 8.21352 8.21352 8.21570 8.06374 7.93707 7.94538 7.74638 7.47117 7.20350 7.22126 7.18955 7.22233 7.26263 7.51120 7.65300 7.73916 7.83814 7.80944 7.77390 7.76837 7.84376 7.91792 7.85191 7.66559 8.02064 8.12327 8.12972 8.13401 8.00396 8.00330 7.98260 7.91947 7.88938 8.18885 8.48756 8.51316 8.51309 8.54430 8.69372 8.52670 8.52164 8.50443 8.24213 8.16287 8.16287 8.16287 8.49036 8.76666 8.89994 9.17404 9.73049
12.7493 12.7482 12.7419 11.4751 10.8081 9.97028 9.86772 9.84672 9.72738 9.06948 8.96767 8.59829 8.23629 8.26868 8.30132 8.33406 8.36672 8.39946 8.42975 8.22878 8.10864 8.27113 8.31291 8.19808 7.43163 7.42796 7.33883 7.24084 7.18220 7.28882 7.51339 7.70464 7.79813 7.88190 7.95700 8.04855 8.05822 8.06467 8.03040 7.70432 7.95273 8.13251 8.03109 7.92323 7.72200 7.74488 7.71418 7.71328 7.71328 7.94734 8.41132 8.51309 8.51220 8.50987 8.67837 8.54896 8.50168 8.49693 8.30043 8.09596 8.08749 8.15447 8.35721 8.72159 8.83302 9.24552 9.35834
12.2142 12.1762 12.1434 11.2394 10.7032 9.90483 9.75726 9.79414 9.79839 9.26442 9.08403 8.92590 8.50231 8.50148 8.66368 8.82621 8.98894 9.15136 9.31398 9.32649 8.98736 8.90212 8.79684 8.46547 7.42695 7.23889 7.20583 7.14226 7.13885 7.20889 7.46658 7.92836 7.97676 7.98093 7.98092 8.05491 8.06952 7.98945 7.88174 7.48442 7.47777 7.67116 7.66241 7.66308 7.58453 7.63498 7.68373 7.68106 7.68024 7.81241 8.29511 8.50783 8.51842 8.53258 8.68506 8.60097 8.51857 8.55667 8.54453 8.35573 8.41632 8.43347 8.44757 8.78902 8.78795 9.09548 9.17516
12.1391 12.1391 12.1391 11.5609 11.0638 10.4940 10.0344 10.0439 10.0544 9.90317 9.86512 9.92069 9.70887 9.60320 9.62360 9.65552 9.61215 9.56042 9.50888 9.41104 9.00898 8.91823 8.91423 8.62022 7.90484 7.41110 7.40081 7.31987 7.32048 7.32616 7.40865 7.82902 7.93280 7.83786 7.74006 7.69193 7.64302 7.62086 7.62543 7.43249 7.35262 7.71494 7.72964 7.74416 7.69966 7.64573 7.76306 7.77544 7.78591 7.84436 8.25974 8.62402 8.73455 8.78981 8.93301 8.97480 8.69689 8.68112 8.67952 8.51029 8.41859 8.41706 8.41553 8.66953 8.79326 9.03134 9.20888
