High_resolution/powerplant/Shangrao/OMI_NO2_200605.asc
ncols      200
nrows      200
xllcorner       115.451
yllcorner       27.0350
cellsize     0.0166667
NODATA_Value      -999.000
[rows 30 to 59 of 193, columns 66 to 131 of 200]
2.70647 2.62184 2.61098 2.61098 2.61098 2.61098 2.61098 2.61098 2.61098 2.61098 2.61098 1.92951 2.04732 2.60183 2.65896 2.55981 2.45484 2.34997 2.24505 2.15480 2.14304 2.14654 2.16039 2.17492 2.18942 2.20394 2.21846 2.19477 1.94395 1.86473 1.78561 1.72713 1.72410 1.72410 1.72410 1.72410 1.72410 1.95272 2.14606 2.14606 2.14606 2.14606 2.14047 2.08648 2.08627 2.08627 2.08627 2.08627 2.08627 2.08627 2.08627 2.08627 2.08627 1.95362 1.90720 1.92172 1.93551 1.94844 1.93062 1.86307 1.66198 1.59436 1.58539 1.58609 1.59996 1.61838
2.61098 2.61098 2.61098 2.61098 2.61098 2.61098 2.61098 2.61098 2.61098 2.54321 2.30691 1.76637 1.62740 2.00507 2.14870 2.14898 2.16343 2.17795 2.19246 2.20698 2.22150 2.23250 2.23317 2.22607 2.17941 2.12664 2.07381 2.03093 1.77151 1.72410 1.72410 1.72410 1.72410 1.72410 1.72410 1.72410 1.72410 1.81966 2.14606 2.14606 2.14606 2.14606 2.14606 2.09675 2.08627 2.08627 2.08627 2.08627 2.08634 2.09126 2.09815 2.10402 2.10909 2.05717 1.93779 1.85984 1.77032 1.66598 1.60830 1.60952 1.60529 1.61272 1.63115 1.65372 1.69269 1.73194
2.61098 2.61098 2.61098 2.61098 2.54736 2.31180 2.06707 1.82089 1.57665 1.41136 1.45129 1.45887 1.49594 1.79465 2.22452 2.23311 2.23317 2.23317 2.23317 2.22860 2.18480 2.13201 2.07926 2.03353 2.02744 2.02744 2.02744 2.02744 1.86600 1.72410 1.72410 1.72410 1.72410 1.72410 1.72410 1.72410 1.72410 1.72724 2.10559 2.14606 2.14606 2.14606 2.14606 2.11251 2.08807 2.10103 2.10650 2.11125 2.11537 2.11680 2.07513 1.97979 1.86458 1.71937 1.60294 1.60182 1.60586 1.61844 1.67945 1.77993 1.82210 1.84356 1.88281 1.91708 1.92189 1.92189
2.31668 2.07245 1.82626 1.59598 1.46146 1.50683 1.56804 1.63524 1.70948 1.77089 1.77666 1.76914 1.56563 1.67668 2.17270 2.23055 2.19021 2.13744 2.08463 2.03645 2.02744 2.02744 2.02744 2.02744 2.02744 2.02744 2.02744 2.02744 1.94111 1.72410 1.72410 1.72410 1.72410 1.72410 1.72410 1.72410 1.72410 1.72410 1.97574 2.14606 2.14606 2.14606 2.14606 2.12838 2.08719 2.11569 2.07303 1.97760 1.86139 1.71885 1.62986 1.62000 1.61004 1.60006 1.60205 1.61915 1.62690 1.62609 1.72152 1.94613 1.94544 1.92290 1.92189 1.92189 1.92189 1.92189
1.56783 1.63502 1.70927 1.77088 1.77666 1.77666 1.77666 1.77666 1.77666 1.77666 1.77666 1.77822 1.71556 1.85445 2.13236 2.03984 2.02744 2.02744 2.02744 2.02744 2.02744 2.02744 2.02744 2.02744 2.02744 2.02744 2.02744 2.02744 2.00368 1.72636 1.72410 1.72410 1.72410 1.72410 1.72410 1.72410 1.72410 1.72410 1.84278 2.14606 2.14606 2.14596 2.07822 1.90963 1.60817 1.61330 1.60421 1.59425 1.58427 1.57431 1.56805 1.56795 1.56795 1.56795 1.59215 1.62609 1.62609 1.62609 1.64319 1.94069 1.94613 1.92894 1.92189 1.92189 1.92189 1.92189
1.77666 1.77666 1.77666 1.77666 1.77666 1.77666 1.77666 1.77666 1.84237 1.98871 2.13522 2.28023 2.23993 2.11892 2.26308 2.02744 2.02744 2.02744 2.02744 2.02744 2.02744 2.02744 2.02744 2.02744 2.02744 2.02744 2.02744 2.02928 2.05134 1.81861 1.72410 1.72410 1.72410 1.72410 1.72410 1.72410 1.72410 1.69417 1.57281 1.65652 1.27930 0.717770 0.274266 0.115154 0.755314 1.31003 1.56795 1.56795 1.56795 1.56795 1.56795 1.56795 1.56795 1.56795 1.57122 1.62436 1.62609 1.62609 1.62609 1.87403 1.94613 1.93568 1.92189 1.92189 1.92189 1.92189
1.77666 1.77666 1.77666 1.77666 1.81753 1.95942 2.10593 2.25244 2.33335 2.33352 2.33352 2.33352 2.30253 2.11436 2.27500 2.05897 2.02744 2.02744 2.02744 2.02744 2.02744 2.02744 2.03097 2.05519 2.08281 2.11040 2.13801 2.16376 2.16931 1.97816 1.72203 1.66093 1.57330 1.48549 1.34815 1.10099 0.761624 0.320219 0.0867654 0.0867654 0.0867654 0.0867654 0.0867654 0.0867654 0.525623 1.09405 1.56783 1.56795 1.56795 1.56795 1.56795 1.56795 1.56795 1.56795 1.56795 1.61155 1.62609 1.62609 1.62609 1.79021 1.94613 1.94241 1.92181 1.90208 1.86714 1.85764
1.79871 1.93041 2.07670 2.22315 2.32884 2.33352 2.33352 2.33352 2.33352 2.33352 2.33352 2.33352 2.33352 2.14582 2.21406 2.15869 2.02744 2.03318 2.05906 2.08664 2.11426 2.14187 2.16593 2.16931 2.16252 2.10639 2.04045 1.97459 1.90869 1.74520 1.14100 0.941129 0.704204 0.360185 0.0880562 0.0867654 0.0867654 0.0867654 0.0867654 0.0867654 0.0867654 0.0867654 0.0867654 0.0867654 0.295998 0.958031 1.51653 1.56795 1.56795 1.56795 1.56795 1.56795 1.56795 1.56795 1.56795 1.59324 1.62609 1.61679 1.56302 1.58395 1.76409 1.70459 1.76829 1.85080 1.88709 1.90207
2.31865 2.33352 2.33352 2.33352 2.33352 2.33352 2.33352 2.33352 2.33352 2.33352 2.33352 2.33352 2.34164 2.24405 2.21388 2.35154 2.14570 2.16757 2.15521 2.09319 2.02729 1.96140 1.89550 1.82964 1.77052 1.76076 1.74948 1.70435 1.64786 1.56253 0.349311 0.0867654 0.0867654 0.0867654 0.0867654 0.0867654 0.0867654 0.0867654 0.0867654 0.0867654 0.0867654 0.0867654 0.0867654 0.0867654 0.106107 0.918302 1.39792 1.56795 1.56795 1.56795 1.56795 1.56795 1.52119 1.43196 1.34273 1.26467 1.35233 1.30676 1.30101 1.30988 1.60886 1.62105 1.72213 1.90262 1.90335 1.90408
2.33352 2.33352 2.33352 2.33352 2.33352 2.33352 2.33352 2.34142 2.36964 2.39890 2.42836 2.45769 2.46608 2.36184 2.15924 2.24877 1.90351 1.81644 1.76464 1.76076 1.76076 1.76076 1.75235 1.70939 1.65399 1.58565 1.52471 1.52146 1.52146 1.52146 0.833318 0.0867654 0.0867654 0.0867654 0.0867654 0.0867654 0.0867654 0.0867654 0.0867654 0.0867654 0.0867654 0.0867654 0.0867654 0.0867654 0.0867654 0.708040 1.22234 1.47984 1.39056 1.30128 1.21214 1.12281 1.08034 1.08034 1.08034 1.08034 1.24896 1.30101 1.30101 1.30145 1.54415 1.66136 1.72156 1.95507 1.99204 2.01167
2.35593 2.33352 2.34099 2.36912 2.39860 2.42785 2.44403 2.42373 2.38175 2.33891 2.29622 2.25319 2.22296 2.21404 2.00657 2.04973 1.87767 1.76076 1.75480 1.71433 1.65996 1.59316 1.52755 1.52146 1.52146 1.52146 1.52146 1.52146 1.52146 1.52146 1.17972 0.0867654 0.0867654 0.0867654 0.0867654 0.0867654 0.0867654 0.0867654 0.0867654 0.0867654 0.0867654 0.173019 0.396665 0.566138 0.696037 1.01558 1.30587 1.08823 1.08034 1.08034 1.08034 1.08034 1.08034 1.07457 1.04030 1.00214 1.08211 1.20013 1.17568 1.15080 1.44782 1.80328 1.80936 1.98647 2.03874 2.03874
2.49051 2.40091 2.38003 2.33831 2.29534 2.25236 2.22285 2.22182 2.22182 2.22182 2.22182 2.22182 2.22182 2.22182 2.06312 2.02978 1.97024 1.60043 1.53123 1.52146 1.52146 1.52146 1.52146 1.52146 1.52146 1.52146 1.52146 1.52146 1.52146 1.52146 1.41802 0.136452 0.0867654 0.0867654 0.0867654 0.0875621 0.244360 0.452861 0.608727 0.729485 0.825750 0.882024 0.883861 0.883861 0.883861 0.964933 1.31902 1.12105 1.01701 0.978878 0.940773 0.902667 0.864511 0.832177 0.828321 0.828321 0.853641 1.13076 1.13659 1.13659 1.27423 1.80328 1.80328 1.92260 2.03874 2.03874
2.14998 2.22182 2.22182 2.22182 2.22182 2.22182 2.22182 2.22182 2.22182 2.22182 2.22186 2.22362 2.22627 2.22892 2.13660 2.01559 2.07593 1.55467 1.52146 1.52146 1.52146 1.52146 1.52146 1.52146 1.52146 1.52146 1.52146 1.52146 1.52146 1.52146 1.51018 0.629294 0.504519 0.648182 0.760629 0.850822 0.883861 0.883861 0.883861 0.883861 0.903402 1.01084 1.12907 1.24729 1.36537 1.48515 1.12829 0.960955 0.828321 0.828321 0.828321 0.828321 0.828321 0.828321 0.828321 0.828321 0.828321 1.06816 1.13659 1.13659 1.14396 1.75988 1.80328 1.85554 2.03026 2.03874
2.11745 2.22127 2.22182 2.22182 2.22182 2.22182 2.22182 2.22308 2.22573 2.22838 2.23099 2.23189 2.23189 2.23189 2.20122 2.00834 2.07613 1.75545 1.52146 1.52146 1.52146 1.52146 1.52146 1.52146 1.52146 1.50992 1.43119 1.34147 1.25179 1.16212 1.07827 0.890761 0.883861 0.883861 0.938259 1.05633 1.17449 1.29271 1.41086 1.52901 1.62770 1.63834 1.63834 1.63834 1.63834 1.63834 1.26194 1.02772 0.828321 0.828321 0.828321 0.828321 0.828321 0.828321 0.828321 0.828321 0.828321 0.973652 1.13659 1.13659 1.13659 1.59363 1.80328 1.82482 1.99677 2.03874
2.10747 2.20026 2.22182 2.22261 2.22523 2.22785 2.23050 2.23189 2.23189 2.23189 2.23189 2.23189 2.23189 2.23189 2.23189 2.04185 2.05386 1.93308 1.52146 1.52146 1.50231 1.41799 1.32836 1.23859 1.14901 1.07083 1.05994 1.06200 1.11754 1.19634 1.27515 1.29217 1.45628 1.57451 1.63826 1.63834 1.63834 1.63834 1.63834 1.63834 1.63834 1.63834 1.63834 1.63834 1.63834 1.63834 1.41217 1.06716 0.855656 0.828321 0.828321 0.828321 0.828321 0.828321 0.828321 0.828321 0.828321 0.858081 1.13214 1.13659 1.13615 1.43368 1.88511 1.93710 2.08370 2.21637
2.11030 2.17486 2.22996 2.23182 2.23189 2.23189 2.23189 2.23189 2.23189 2.23189 2.23189 2.23189 2.23189 2.23189 2.23189 2.09199 1.95387 1.92442 1.24417 1.13586 1.06529 1.06712 1.13298 1.21178 1.29069 1.36954 1.44834 1.52510 1.54850 1.54850 1.54850 1.53001 1.61559 1.63834 1.63834 1.63834 1.63834 1.63834 1.63834 1.63834 1.63834 1.63834 1.63834 1.63834 1.63834 1.63834 1.56246 1.06747 0.922093 0.828321 0.828321 0.828321 0.828321 0.828321 0.828321 0.813069 0.772139 0.721476 1.03333 1.11213 1.10484 1.26842 2.10359 2.10359 2.11291 2.27157
2.11753 2.14841 2.23189 2.23189 2.23189 2.23189 2.23189 2.23189 2.23189 2.23189 2.23684 2.25292 2.26944 2.28608 2.30258 2.14408 1.70894 1.88629 1.53349 1.38503 1.46383 1.53555 1.54850 1.54850 1.54850 1.54850 1.54850 1.54850 1.54850 1.54850 1.54850 1.54838 1.56978 1.63834 1.63834 1.63834 1.63834 1.63834 1.63834 1.63834 1.63834 1.63834 1.63834 1.63834 1.63834 1.63834 1.63834 1.14172 0.988888 0.825758 0.795283 0.750233 0.693842 0.621618 0.525252 0.454364 0.453989 0.453989 0.818358 1.10355 1.10355 1.10394 2.03261 2.17553 2.03880 2.11920
2.11753 2.12139 2.22796 2.23189 2.23189 2.23659 2.25259 2.26917 2.28575 2.30303 2.31897 2.32409 2.32876 2.33340 2.33806 2.32186 1.75222 2.01157 1.92923 1.54850 1.54850 1.54850 1.54850 1.54850 1.54850 1.54850 1.54850 1.54850 1.54850 1.54850 1.54850 1.54850 1.54215 1.63834 1.63834 1.63834 1.63834 1.63834 1.63834 1.63834 1.63834 1.63834 1.63834 1.63834 1.66384 1.75902 1.85799 1.61068 1.45262 0.509474 0.453989 0.453989 0.453989 0.453989 0.453989 0.453989 0.456568 0.537905 0.735262 1.14895 1.11583 1.06932 0.781697 0.319767 0.290560 0.927980
2.12199 2.13791 2.23787 2.28623 2.30705 2.32364 2.32876 2.33343 2.33810 2.34199 2.34240 2.34240 2.34240 2.34240 2.34240 2.34240 1.90621 1.88648 1.93897 1.54958 1.54850 1.54850 1.54850 1.54850 1.54850 1.54850 1.54850 1.54850 1.54850 1.54850 1.54850 1.54850 1.51793 1.63506 1.63834 1.63834 1.63834 1.63834 1.63839 1.69098 1.78999 1.88891 1.98788 2.08685 2.16031 2.16420 2.16420 1.96826 1.59334 0.877222 0.492744 0.608928 0.727300 0.845751 0.964123 1.08250 1.19829 1.23532 1.23532 1.23532 1.23532 1.23532 0.872855 0.290560 0.290560 0.467302
2.40588 2.47656 2.44981 2.34201 2.34240 2.34240 2.34240 2.34240 2.34240 2.34240 2.34240 2.34240 2.34240 2.33193 2.23601 2.12120 1.74436 1.37839 1.67338 1.58546 1.54850 1.54850 1.54850 1.54850 1.54850 1.54850 1.54850 1.54850 1.54850 1.54850 1.54850 1.54850 1.53650 1.59487 1.72195 1.82092 1.91989 2.01885 2.11782 2.16420 2.16420 2.16420 2.16420 2.16204 2.12215 2.06873 2.01523 1.93404 1.88315 1.68424 1.23314 1.23532 1.23532 1.23532 1.23532 1.23532 1.23532 1.23532 1.23532 1.23532 1.23532 1.23532 1.11875 0.310746 0.443839 0.577985
2.60856 2.60856 2.55870 2.34240 2.34240 2.34240 2.34240 2.34240 2.34240 2.33948 2.25917 2.14441 2.02955 1.92504 1.90619 1.90619 1.81823 1.29594 1.64536 1.62766 1.54850 1.54850 1.54850 1.54850 1.54850 1.54850 1.54850 1.54850 1.56234 1.66065 1.77327 1.88600 1.99856 2.07972 2.16420 2.16420 2.16420 2.15132 2.10036 2.04683 1.99340 1.93987 1.88641 1.83514 1.82150 1.82150 1.82150 1.82150 1.95432 1.89360 1.23532 1.24691 1.31900 1.39038 1.45225 1.50640 1.55441 1.59687 1.63461 1.66888 1.69988 1.72804 1.75384 1.36486 1.30526 1.30526
2.59449 2.60856 2.60724 2.36588 2.34240 2.34240 2.28230 2.16735 2.05258 1.94065 1.90619 1.90619 1.90619 1.90619 1.90619 1.90619 1.90619 1.37870 1.54635 1.66046 1.54854 1.54850 1.54850 1.57150 1.67693 1.78949 1.90205 2.01472 2.11344 2.12781 2.12781 2.15125 2.19684 2.06943 1.97150 1.91804 1.86455 1.82400 1.82150 1.82150 1.82150 1.82150 1.82150 1.82150 1.82150 1.82150 1.82150 1.82150 1.91148 2.02300 1.79031 1.77492 1.77764 1.77764 1.77764 1.77764 1.77764 1.77764 1.77764 1.77764 1.77764 1.77764 1.77764 1.49303 1.30526 1.30526
2.52637 2.60856 2.56970 2.28455 2.07575 1.96098 1.90619 1.90619 1.90619 1.90619 1.90619 1.90619 1.90619 1.90619 1.90619 1.90619 1.90619 1.55268 1.46686 1.76970 1.81484 1.91827 2.03100 2.12051 2.12868 2.15963 2.20521 2.25086 2.29650 2.34209 2.38770 2.40990 2.40990 2.18683 1.80795 1.82150 1.82150 1.82150 1.82150 1.82150 1.82150 1.82150 1.82150 1.82150 1.82150 1.82150 1.82150 1.82150 1.86869 2.00320 1.91672 1.77764 1.77764 1.77764 1.77764 1.77764 1.77764 1.77764 1.77764 1.77764 1.77764 1.77764 1.77764 1.61604 1.30526 1.30526
2.20969 2.25010 2.17414 2.07226 1.90619 1.90619 1.90619 1.90619 1.90619 1.90619 1.90619 1.90619 1.90619 1.90954 1.92034 1.93139 1.94246 1.85965 1.72974 2.08638 2.15677 2.25924 2.30488 2.35047 2.39521 2.40990 2.40990 2.40990 2.40990 2.40990 2.40990 2.40990 2.40990 2.37072 1.77839 1.82150 1.82150 1.82150 1.82150 1.82150 1.82150 1.82150 1.82150 1.82150 1.82150 1.82150 1.82150 1.82150 1.82922 1.98063 1.98954 1.77764 1.77764 1.77764 1.77764 1.77764 1.77764 1.77764 1.77764 1.77764 1.77764 1.77764 1.77764 1.73685 1.30070 1.25457
1.94427 2.17174 2.17236 2.14382 1.90662 1.90619 1.90619 1.90619 1.90933 1.92006 1.93112 1.94218 1.95804 2.02519 2.10785 2.20124 2.30771 2.41513 2.15944 2.24005 2.27041 2.40990 2.40990 2.40990 2.40990 2.40990 2.40990 2.40990 2.40990 2.40990 2.40990 2.40990 2.40990 2.40990 1.89357 1.82150 1.82150 1.82150 1.82150 1.82150 1.82150 1.82150 1.82150 1.82150 1.82150 1.82150 1.82150 1.79120 1.67439 1.67638 1.75533 1.77723 1.77764 1.77764 1.77764 1.77764 1.77764 1.77764 1.77764 1.77764 1.74956 1.62329 1.47181 1.36012 1.34666 1.41909
1.91662 2.12615 2.17236 2.17531 1.96362 1.93085 1.94691 2.01759 2.10838 2.20219 2.30887 2.43135 2.56296 2.59376 2.59376 2.59376 2.59376 2.59376 2.28802 2.22321 2.25919 2.39534 2.40990 2.40990 2.40990 2.40990 2.40990 2.40990 2.40990 2.40990 2.40990 2.40990 2.40990 2.40990 2.04920 1.82044 1.82150 1.82150 1.82150 1.82150 1.82150 1.82150 1.75915 1.63716 1.51511 1.39313 1.27101 1.17933 1.17402 1.25516 1.51015 1.75008 1.77764 1.76838 1.70577 1.63474 1.56376 1.49269 1.42166 1.35063 1.30769 1.22702 1.16221 1.16221 1.34055 1.48045
1.87297 2.02980 2.19313 2.18669 2.23396 2.43174 2.56388 2.59376 2.59376 2.59376 2.59376 2.59376 2.59376 2.59376 2.59376 2.59376 2.61450 2.71640 2.60347 2.35927 2.40939 2.40990 2.40990 2.40990 2.40990 2.40990 2.40990 2.40990 2.40990 2.40990 2.40990 2.40990 2.40990 2.40990 2.23428 1.78958 1.81542 1.72179 1.59987 1.47782 1.35570 1.23371 1.17402 1.17402 1.17402 1.17402 1.17402 1.19726 1.24060 1.26612 1.19032 1.44651 1.37744 1.31573 1.30726 1.30726 1.30726 1.30726 1.30726 1.30726 1.30726 1.28074 1.16239 1.16221 1.25762 1.48045
1.73728 1.83390 2.14262 2.14262 2.24073 2.59376 2.59376 2.59376 2.59376 2.59376 2.59376 2.59376 2.60394 2.69269 2.82957 3.02559 3.24626 3.26439 3.13605 2.41587 2.40994 2.40990 2.40990 2.40990 2.40990 2.40990 2.40990 2.40990 2.40990 2.40990 2.40990 2.41298 2.43522 2.46073 2.47172 1.57310 1.20251 1.17402 1.17402 1.17402 1.17812 1.21457 1.25796 1.30126 1.34462 1.38798 1.43129 1.45143 1.45143 1.43914 0.904212 1.32504 1.30726 1.30726 1.30726 1.30726 1.30538 1.30131 1.29723 1.29310 1.28912 1.28504 1.16378 1.14196 1.15678 1.44969
1.73334 1.74086 2.11831 2.14262 2.15683 2.57824 2.59376 2.59376 2.59720 2.67035 2.79874 2.98015 3.21778 3.26439 3.26439 3.26439 3.26439 3.26439 3.26430 2.53067 2.41071 2.40990 2.40990 2.40990 2.40990 2.40990 2.41490 2.43861 2.46415 2.48967 2.51518 2.53764 2.54093 2.54093 2.52683 1.89152 1.27527 1.31863 1.36193 1.40532 1.44455 1.45143 1.45143 1.45143 1.45143 1.45143 1.45143 1.45143 1.45143 1.45143 1.03465 1.23989 1.27618 1.26868 1.26461 1.26053 1.25833 1.25833 1.25833 1.25833 1.25833 1.25833 1.18373 1.12959 1.12959 1.37724
1.73334 1.73334 2.00834 2.14262 2.14268 2.48279 2.76994 2.93823 3.17852 3.26439 3.26439 3.26439 3.26439 3.26439 3.26439 3.26439 3.26439 3.26439 3.26439 2.77160 2.41206 2.41724 2.44202 2.46754 2.49308 2.51859 2.53913 2.54093 2.51973 2.47505 2.43031 2.38560 2.34089 2.29616 2.26551 2.17025 1.48928 1.45143 1.45143 1.45143 1.45143 1.45143 1.45143 1.45143 1.45143 1.45143 1.45143 1.45143 1.45143 1.45143 1.18784 1.14014 1.28127 1.25833 1.25833 1.25833 1.25833 1.25833 1.25833 1.25833 1.25833 1.27764 1.30352 1.23285 1.27058 1.43528
