High_resolution/powerplant/Shangrao/OMI_NO2_200812.asc
ncols      200
nrows      200
xllcorner       115.451
yllcorner       27.0350
cellsize     0.0166667
NODATA_Value      -999.000
[rows 0 to 28 of 200, columns 67 to 133 of 200]
9.37244 9.82359 9.83574 9.82648 9.68303 9.50402 9.73740 9.63674 9.08017 8.24727 7.76382 7.45890 6.00240 6.24619 6.78973 7.19630 7.25719 7.25719 7.30022 7.42874 7.44499 7.45915 7.46914 7.01648 6.65868 6.63888 6.66623 6.70070 6.73469 6.99114 7.02273 6.97709 6.49557 6.37290 7.27065 7.45559 7.45158 7.33168 7.06083 6.81731 6.59984 6.44688 6.60581 6.78466 6.89128 6.94050 6.15326 6.02826 5.99495 4.74088 4.59768 4.29194 4.32014 4.34608 4.37007 4.38903 3.84039 2.84806 2.84806 2.84806 2.91458 2.81410 2.60440 2.60440 2.55824 2.51929 2.51929
9.07282 9.51553 9.48988 9.17509 8.94305 8.95077 9.12886 9.33798 9.20238 8.49496 8.29580 8.25698 7.34036 7.24244 7.48994 7.89315 7.88062 7.86477 7.85198 7.92682 7.89827 7.88269 7.87141 7.70609 7.11127 6.87311 6.87906 6.87906 6.87906 6.98317 6.92127 6.72988 6.34061 5.87964 6.06322 6.16037 6.00162 5.93397 6.22834 6.56567 6.86639 7.11040 7.13839 7.02467 6.88625 6.63122 5.90904 5.41785 5.28405 4.60696 4.61595 4.39627 4.39122 4.39122 4.39122 4.39122 4.27253 2.86562 2.84806 2.84806 2.89511 2.88649 2.60440 2.60440 2.58218 2.51929 2.51929
8.82700 9.33079 9.48736 9.37359 9.05372 9.06485 9.12762 9.38013 9.36790 8.70828 8.52658 8.15344 7.55671 7.33900 7.37845 7.71060 7.74352 7.75925 7.75232 7.81118 7.83692 7.83692 7.78552 7.57094 6.92879 6.46185 6.35146 6.24757 6.22657 6.32329 6.45114 6.53311 6.55785 6.29661 6.79581 7.64043 7.95152 8.09851 7.07291 6.74529 6.62920 6.51949 6.39074 6.29266 6.21803 6.06238 5.66942 5.15767 5.15767 4.67637 4.60762 4.42637 4.39122 4.39122 4.39122 4.39122 4.39122 3.26674 2.84806 2.84806 2.87525 2.92601 2.64412 2.60440 2.91890 3.25502 3.66921
8.76997 9.19996 9.50889 9.51011 9.10694 9.03990 8.84926 8.82517 8.62996 7.86997 7.40125 7.06396 7.12822 7.27253 7.32663 7.64663 7.67205 7.66736 7.61240 7.59153 7.58269 7.53468 7.52739 7.56267 7.26881 6.96284 7.02856 7.09197 7.36665 7.65239 7.71018 7.62715 7.53871 7.79714 7.88120 8.05564 7.95414 7.93873 6.91311 6.26275 6.19012 6.12232 6.08257 6.08018 6.04035 5.92448 5.72623 5.16259 5.15767 4.82337 4.54253 4.45877 4.39122 4.39122 4.39122 4.39122 4.39122 3.77326 2.84340 2.83814 3.09318 3.57959 3.95115 4.35039 4.51516 4.23699 4.12458
8.84766 8.99615 8.94445 8.69754 8.18962 7.87562 7.80466 7.90957 7.98556 7.87485 7.84860 7.67061 7.64706 7.81591 7.78870 7.69873 7.67375 7.73834 7.73834 7.74799 7.80267 7.80267 7.80267 7.80267 7.57843 7.06762 6.99668 6.94176 7.02137 7.36032 7.38441 7.37061 7.32528 7.52020 7.61874 7.65482 7.58959 7.49439 6.91071 6.03308 5.97531 5.91394 5.84881 5.78197 5.76249 5.73005 5.63521 5.25254 5.15767 5.00121 4.45100 4.47454 4.32920 4.30334 4.27598 4.24851 4.12678 3.78384 3.74059 4.10288 4.25684 4.31087 4.34537 4.38220 4.38332 4.24486 4.08041
8.03940 8.02090 8.03195 7.97917 7.77929 7.52623 7.49308 7.50612 7.69497 7.73338 7.83592 7.72361 7.60145 7.73180 7.77714 7.73000 7.65716 7.73358 7.73948 7.74684 7.71949 7.66407 7.62167 7.57952 7.35323 6.88389 6.78352 6.78352 6.80779 7.32151 7.41117 7.45710 7.12988 7.00149 7.28138 7.35411 7.42650 7.41099 7.09349 5.76249 5.76249 5.76249 5.76249 5.76249 5.74771 5.64156 5.40589 5.16680 5.06347 5.02790 4.25713 4.35035 4.03691 3.86128 3.66759 3.47374 3.37443 3.37455 4.08730 4.25600 4.25612 4.31763 4.37672 4.38658 4.30744 4.17416 3.92409
8.01407 7.77314 7.88818 7.87930 7.82487 7.50314 7.50836 7.51378 7.72696 7.77449 7.91125 7.87760 7.70019 7.79110 7.90067 7.89775 7.80553 7.87603 7.91282 7.91872 7.75880 7.65278 7.65299 7.65301 7.47990 7.01121 6.87468 6.92360 6.96541 7.33989 7.42866 7.47242 7.17539 6.77932 7.14470 7.24584 7.39165 7.32731 7.19548 5.51938 5.33686 5.22066 5.10419 4.98790 4.88621 4.87206 4.77685 4.81297 4.91823 4.72963 3.87367 3.62530 3.33553 3.37504 3.37517 3.37529 3.37539 3.37930 3.80270 4.17954 4.10129 4.06734 4.07083 4.09744 4.11075 4.11786 4.12496
8.18515 7.73068 7.88294 7.96288 7.96272 7.62374 7.57641 7.58080 7.71623 7.83589 7.95780 7.98897 7.80834 7.81021 7.95788 7.95806 7.85252 7.87355 7.92004 7.92008 7.83454 7.67538 7.69734 7.71465 7.63552 7.19224 6.91674 6.88966 6.85744 7.10129 7.23431 7.26002 7.05849 6.25963 6.37909 6.45902 6.52614 6.48632 6.47198 5.14170 4.65432 4.63182 4.60746 4.58357 4.51673 4.31020 4.05074 3.81254 3.87383 3.85543 3.66838 3.68588 3.56865 3.59649 3.54955 3.47135 3.39310 3.31094 3.39432 4.11665 4.11665 4.12936 4.24210 4.28212 4.30364 4.30364 4.30364
8.24868 7.76451 7.76900 7.79841 7.71710 7.59009 7.55253 7.53589 7.56706 7.74081 7.80584 7.84468 7.69711 7.56973 7.70153 7.70377 7.61469 7.58706 7.65170 7.63392 7.59628 7.33970 7.27464 7.19137 7.10944 6.58482 6.29892 6.23711 6.18476 6.31107 6.60379 6.61750 6.58796 5.72480 5.69618 6.01614 6.14489 6.19692 6.19049 5.25922 4.31558 4.13978 3.94585 3.75201 3.60055 3.58849 3.52861 3.41094 3.52852 3.49290 3.27119 3.22327 3.25601 3.25203 3.23545 3.23545 3.23545 3.23545 3.23572 3.98826 4.11665 4.11665 4.22377 4.26665 4.30364 4.30364 4.30364
7.79424 7.37540 7.22650 7.14995 7.14553 7.15283 7.16818 7.17849 7.21722 7.39569 7.46316 7.55247 7.48658 7.33416 7.45244 7.50582 7.46285 7.37218 7.27158 7.20727 7.16194 6.93122 6.85472 6.85472 6.85472 6.47648 6.14702 6.12016 6.10896 6.16098 6.54889 6.55148 6.56437 5.92874 5.51910 5.87010 5.94946 5.89143 5.69662 4.99013 3.55143 3.46656 3.40111 3.33570 3.27021 3.15335 3.01784 2.84199 2.85278 2.86563 2.83135 2.79325 3.13617 3.15284 3.23545 3.23545 3.23545 3.23545 3.23545 3.70861 4.11665 4.11665 4.19233 4.25131 4.30364 4.30364 4.30348
7.73185 7.50671 7.20835 7.16567 7.18142 7.22232 7.28278 7.31227 7.30834 7.36762 7.44182 7.57370 7.58718 7.51726 7.49720 7.45543 7.44450 7.34791 7.17518 7.07701 7.06433 6.93130 6.80152 6.78882 6.77612 6.48452 6.09959 6.03155 6.02844 6.02594 6.20005 6.18795 6.15334 5.83621 5.20001 5.13879 4.92366 4.87654 4.82040 4.63145 3.17630 3.08632 2.97494 2.86367 2.75241 2.69346 2.69341 2.64265 2.69119 2.85533 2.85419 2.71584 3.14406 3.08236 3.23545 3.23545 3.23545 3.23545 3.23545 3.42824 4.11665 4.11665 4.16075 4.23635 4.29075 4.30828 4.31812
7.77068 7.71620 7.27654 7.29504 7.29488 7.29787 7.31390 7.31767 7.32166 7.33708 7.40068 7.56752 7.57987 7.50897 7.46482 7.40254 7.39202 7.26738 7.13235 6.97954 6.97954 6.92420 6.74214 6.74214 6.74214 6.56179 6.13015 6.01396 6.00687 6.01910 6.14119 6.21234 6.24091 6.13299 5.30290 5.13624 4.82613 4.64743 4.54058 4.44515 2.94280 2.69341 2.69341 2.69341 2.69341 2.69341 2.69341 2.66013 2.63663 2.85180 2.85533 2.74120 3.01391 3.05436 3.24761 3.25306 3.23381 3.19343 3.15139 3.04806 3.82164 3.88862 3.85259 3.92113 4.23980 4.46102 4.46102
7.77987 7.76714 7.25608 7.20700 7.19220 7.18225 7.18795 7.19394 7.18845 7.18354 7.26471 7.45065 7.53193 7.49887 7.43533 7.39431 7.37704 7.29397 7.19748 6.97954 6.97954 6.97249 6.74655 6.72767 6.72026 6.64013 6.18920 6.05349 6.08964 6.10648 6.16925 6.24111 6.17411 6.02926 5.21561 4.88145 4.46507 4.37490 4.33745 4.33745 3.31401 2.69341 2.69341 2.69341 2.69341 2.69341 2.69341 2.67762 2.63274 2.76660 2.75096 2.62554 2.67792 2.83886 2.93385 2.89219 2.76844 2.66593 2.56495 2.53018 3.25454 3.76721 3.76167 4.03494 4.40061 4.94506 5.06732
7.69397 7.67233 7.30342 7.16923 7.15406 7.15339 7.15914 7.17762 7.17841 7.17919 7.23578 7.39847 7.53938 7.53459 7.44659 7.42008 7.36289 7.28404 7.15621 6.89671 6.83609 6.81333 6.77825 6.78447 6.81851 6.83311 6.34260 6.09975 6.01479 5.90746 5.83263 5.81266 5.67796 5.71831 5.27354 4.81854 4.57929 4.40118 4.33745 4.33745 3.68686 2.71605 2.73843 2.76186 2.78643 2.81215 2.83921 2.86592 2.80563 2.63825 2.51864 2.41768 2.25720 2.45506 2.42758 2.51095 2.50546 2.49992 2.49443 2.48890 2.81855 3.73721 3.75765 4.16071 4.58993 5.36248 5.37287
7.64504 7.64820 7.43496 7.21034 7.18234 7.17004 7.17031 7.19108 7.19269 7.19263 7.19787 7.29960 7.46563 7.43251 7.32918 7.26352 7.20307 7.19500 7.09250 6.96318 6.90241 6.92916 6.89455 6.82412 6.73563 6.64026 6.13128 5.59377 5.44767 5.34935 5.25592 5.30019 5.29402 5.64290 5.53471 5.00603 4.90993 4.65458 4.59870 4.64026 4.32011 2.75432 2.73186 2.70907 2.69621 2.70353 2.71130 2.67175 2.38640 2.10562 1.85771 1.78716 1.91945 2.20104 2.27796 2.48314 2.48371 2.49897 2.52006 2.54116 2.58539 3.73776 3.82382 4.04019 4.51433 5.26007 5.40195
7.65473 7.65473 7.55074 7.21738 7.19108 7.18172 7.19091 7.12424 7.04768 7.01463 7.00007 7.08499 7.32594 7.31938 7.28803 7.25157 7.22285 7.22984 7.10673 6.93408 6.66585 6.54491 6.34610 6.09085 5.98268 5.87880 5.43043 4.89983 4.77099 4.72666 4.68217 4.74483 4.72854 4.89466 5.11629 4.99440 4.78779 4.39842 4.31010 4.31330 4.29752 2.46711 2.42731 2.42028 2.32099 2.19844 2.07548 2.00001 1.82514 1.64553 1.59659 1.63501 2.06438 2.22999 2.26973 2.50970 2.57203 2.57787 2.57787 2.57787 2.59456 3.42315 3.89705 3.98468 4.57571 5.01475 5.44640
7.58948 7.58981 7.57578 7.16995 7.05178 6.96907 6.95469 6.85476 6.70607 6.69255 6.69823 6.78836 7.06126 7.15068 7.15042 7.00448 6.86584 6.66679 6.41334 6.19865 5.79006 5.68709 5.65014 5.54581 5.50694 5.48296 5.26022 4.68091 4.53600 4.53251 4.52478 4.59404 4.64430 4.78204 5.14133 5.32695 4.99076 4.69920 4.47353 4.36122 4.22773 2.69047 2.08827 2.03955 2.09798 2.16359 2.23414 2.31007 2.30450 2.00625 1.87615 1.85639 2.19627 2.32037 2.30281 2.48657 2.68295 2.75012 2.81348 2.87333 2.91765 3.25788 3.98822 3.98822 4.48945 4.84069 5.34928
7.55191 7.55191 7.55191 7.23824 7.01654 6.91086 6.90734 6.91980 6.76434 6.80457 6.82757 6.87168 7.08543 7.20479 7.20819 6.71361 6.51654 6.34029 6.31829 6.21933 5.66009 5.56821 5.56308 5.50158 5.43857 5.40734 5.28580 4.58797 4.34989 4.31828 4.29100 4.30875 4.36577 4.38650 4.81969 4.98950 4.40787 4.14431 3.77666 3.77080 3.87119 3.15400 2.40591 2.44022 2.45714 2.47650 2.49589 2.51517 2.51514 2.08544 2.00546 2.06054 2.37421 2.64964 2.68201 2.73967 2.92074 2.92074 2.92074 2.92074 2.92074 2.96251 3.94531 3.98822 4.32862 4.67110 5.16144
7.55462 7.57726 7.60576 7.43114 7.15013 7.10352 7.11451 7.13445 6.95252 6.92009 6.92297 6.90323 7.02423 7.12341 7.09663 6.75296 6.39783 6.10692 6.03597 5.93634 5.51333 5.22312 5.19706 5.14618 5.08063 5.08063 5.07777 4.39983 4.08879 4.08762 4.08908 4.13037 4.21294 4.16715 4.50428 4.71157 4.46395 4.32006 3.95219 4.14435 4.16941 3.70138 2.50356 2.52058 2.52566 2.55926 2.59867 2.63469 2.66779 2.43008 2.28226 2.37532 2.50660 2.76330 2.74079 2.70097 2.93519 2.95876 2.96533 2.97189 2.97687 2.98731 3.73415 3.95953 4.06848 4.42488 4.49441
8.09309 8.21215 8.31039 8.22606 7.80156 7.44510 7.12697 7.10990 6.96430 6.84302 6.81902 6.79502 6.80759 6.73287 6.71134 6.59375 6.10692 5.93132 5.84343 5.82556 5.59685 5.16993 5.16993 5.16460 5.08342 5.10863 5.14453 4.68392 4.22793 4.14033 4.09187 4.01950 4.11105 4.12342 4.36935 4.64413 4.64706 4.46580 4.23780 4.33050 4.42131 4.29404 3.07844 3.14512 3.20621 3.25733 3.30608 3.35447 3.40157 3.29382 3.14709 3.05990 2.47714 2.75885 2.75649 2.75414 2.93382 3.03371 3.08764 3.15977 3.23366 3.30175 3.49332 3.80356 3.86676 4.42522 4.38436
8.38392 8.38420 8.40350 8.40224 7.79751 7.42285 6.96708 6.94616 6.88058 6.72199 6.72220 6.72288 6.74506 6.72104 6.71084 6.71027 6.18313 6.01316 5.84913 5.82731 5.74112 5.13423 5.11498 5.09806 5.21719 5.19860 5.12169 4.93341 4.67572 4.61052 4.62831 4.60609 4.65294 4.65937 4.74553 5.08338 5.31836 5.14960 4.98996 4.87921 5.03189 5.03189 4.16444 4.03921 4.02195 3.99121 3.96173 3.93347 3.90633 3.82247 3.58531 3.48560 2.66657 2.71170 2.79659 2.87129 3.04783 3.30667 3.32982 3.33498 3.34017 3.34532 3.38414 3.83470 3.85161 4.20338 4.21702
8.49650 8.46658 8.46983 8.47311 8.03705 7.55471 7.04391 6.95818 6.95036 6.74478 6.73850 6.73852 6.74033 6.74326 6.69943 6.68182 6.31849 6.02173 5.76635 5.75150 5.71690 5.10371 4.91459 4.83699 4.90365 5.01814 5.00354 4.94338 4.76413 4.57189 4.52553 4.51889 4.56985 4.63049 4.65757 4.91595 5.12469 5.04017 4.95864 4.69675 4.85317 4.81417 4.19450 3.83978 3.83216 3.83914 3.84590 3.85206 3.84331 3.82578 3.66686 3.64903 3.18762 2.93215 3.02904 3.03056 3.04677 3.30108 3.29703 3.24888 3.19413 3.13832 3.08133 3.38672 3.46066 3.68221 3.84239
8.56767 8.47426 8.47426 8.47426 8.26466 7.62109 7.20220 6.95452 6.93063 6.75418 6.68174 6.66412 6.64651 6.64595 6.62205 6.62205 6.45248 5.94555 5.65595 5.51758 5.43144 5.04980 4.73891 4.68053 4.67351 4.79279 4.74953 4.73959 4.67635 4.57948 4.55802 4.53642 4.54085 4.60419 4.58336 4.79055 4.93743 4.96498 4.90914 4.71694 4.84124 4.85225 4.47493 3.94731 3.92972 3.90861 3.91883 3.96215 4.02033 4.08364 4.06149 3.98391 3.60394 2.85646 2.80888 2.79779 2.78014 2.91379 2.92707 2.90987 2.90727 2.90727 2.90727 3.10912 3.37589 3.50550 3.75810
8.61482 8.46152 8.44371 8.42086 8.28542 7.64718 7.17503 6.74860 6.74182 6.65402 6.55011 6.54471 6.53981 6.53019 6.37756 6.29452 6.20740 5.63778 5.42826 5.24416 5.17446 4.91029 4.41701 4.39051 4.36723 4.55105 4.53872 4.51185 4.46133 4.47310 4.47365 4.47365 4.47717 4.57934 4.57910 4.69842 4.86234 4.95888 4.83966 4.71202 4.67077 4.75242 4.59285 3.95002 4.01366 4.07737 4.07034 3.98521 3.90365 3.82562 3.72264 3.60959 3.32627 2.54299 2.56301 2.62271 2.69703 2.78349 2.90005 2.88268 2.86526 2.84784 2.83041 2.87019 3.30136 3.34746 3.72025
8.53052 8.33506 8.31422 8.31422 8.28027 7.74465 7.24256 6.69278 6.69124 6.66559 6.53395 6.55056 6.56679 6.55105 6.11900 5.97388 5.83590 5.41764 5.13007 4.81771 4.74638 4.64980 4.24737 4.24324 4.24324 4.39716 4.46805 4.46526 4.44300 4.45011 4.44650 4.43731 4.42837 4.56045 4.61017 4.64536 4.82266 5.00624 4.88157 4.79353 4.79298 4.89257 4.81784 3.83763 3.73691 3.66578 3.62705 3.62400 3.62078 3.61757 3.60235 3.55381 3.44911 2.57308 2.53518 2.54585 2.64187 2.65278 2.81528 2.81522 2.81522 2.81522 2.81522 2.81522 3.20121 3.30352 3.66011
8.50750 8.38500 8.31422 8.31422 8.29973 7.93365 7.34042 6.82553 6.68352 6.61737 6.32773 6.18056 6.04476 5.91192 5.57811 5.43485 5.42766 5.27012 4.97430 4.67673 4.63866 4.60852 4.26213 4.16896 4.15978 4.24382 4.37341 4.36700 4.34794 4.35065 4.36219 4.36219 4.36219 4.53953 4.65034 4.57244 4.63057 4.70935 4.60218 4.52263 4.62852 4.55761 4.55584 3.84193 3.61950 3.61628 3.61365 3.61339 3.61317 3.61289 3.61186 3.55638 3.45791 2.71443 2.47777 2.48229 2.60644 2.61586 2.76214 2.77711 2.75896 2.74132 2.72397 2.70171 2.88944 3.07986 3.26748
8.20227 8.10244 7.95561 7.93954 7.93797 8.13778 7.64503 6.78368 6.08741 6.02214 5.88932 5.80853 5.80236 5.79613 5.61003 5.33478 5.33348 5.30624 4.90558 4.69301 4.58719 4.55447 4.32368 4.13179 4.13179 4.16180 4.36020 4.36015 4.33685 4.30081 4.28687 4.20875 4.11567 4.13054 4.26900 4.26196 4.37348 4.54459 4.59646 4.50594 4.57847 4.56742 4.54467 4.04325 3.59512 3.58026 3.56485 3.54996 3.53485 3.52010 3.50522 3.44867 3.36683 2.81859 2.47089 2.47746 2.43655 2.36389 2.41695 2.46535 2.46247 2.52736 2.60290 2.68291 2.76055 2.79361 2.92141
8.20326 8.21107 8.06591 8.04501 7.98500 7.98313 7.71265 7.03813 5.99291 5.99161 5.91777 5.78613 5.78613 5.78613 5.72884 5.34181 5.33158 5.33147 5.01291 4.78092 4.58616 4.56026 4.45886 4.22134 4.28898 4.35939 4.26443 4.15870 4.07467 3.81174 3.75975 3.73172 3.71865 3.74127 3.99615 3.97410 4.00861 4.16661 4.29576 4.17889 4.18448 4.24925 4.18166 3.86156 3.19288 3.19288 3.19288 3.19342 3.19735 3.20187 3.20638 3.18422 3.14918 2.71398 2.35610 2.36283 2.35540 2.36085 2.47216 2.68504 2.80210 2.85406 2.89654 2.94091 2.98693 3.06385 3.11007
7.83932 7.71398 7.64469 7.52079 7.42143 7.37887 7.37823 6.97719 5.99436 5.97949 5.96110 5.77565 5.77383 5.77317 5.76176 5.41521 5.34461 5.44104 5.35221 5.15901 4.91190 4.97573 4.98174 4.51003 4.42874 4.35572 4.08326 3.93243 3.93243 3.59675 3.56253 3.55504 3.54135 3.50936 3.76362 3.76801 3.76119 4.01471 4.22451 4.15561 4.12761 4.23261 4.18154 4.07833 3.21388 3.21839 3.22290 3.22688 3.22747 3.22747 3.22747 3.22476 3.22548 3.01833 2.64323 2.76598 2.88402 2.78953 2.82709 3.06437 3.07984 3.07613 3.10803 3.18129 3.25762 3.35087 3.44071
