High_resolution/powerplant/Shangrao/OMI_NO2_2005_06-08.asc
ncols      200
nrows      200
xllcorner       115.451
yllcorner       27.0350
cellsize     0.0166667
NODATA_Value      -999.000
[rows 29 to 57 of 164, columns 67 to 133 of 200]
1.86844 1.88056 1.83095 1.78564 1.66587 1.58693 1.62384 1.74164 1.75304 1.77433 1.76479 1.78535 1.76415 1.70970 1.72233 1.73491 1.80820 1.82844 1.79922 1.77470 1.81013 1.83060 1.84556 1.68242 1.61452 1.58683 1.57674 1.57271 1.59880 1.56757 1.56800 1.60716 1.71274 1.71488 1.82950 1.98099 2.06512 2.01854 2.06956 2.06786 2.02151 2.00785 2.04482 1.95874 1.90200 1.95363 1.91392 1.80009 1.83730 1.88721 1.80364 1.77482 1.64207 1.62079 1.56726 1.57295 1.60253 1.63768 1.87751 1.94116 1.87799 1.80967 1.72737 1.82346 1.71687 1.80800 2.22303
1.87580 1.72426 1.61608 1.58204 1.49496 1.44239 1.46407 1.56159 1.65276 1.68759 1.67501 1.70985 1.68921 1.66500 1.66801 1.67882 1.71811 1.70010 1.69868 1.69258 1.76222 1.77016 1.80564 1.58491 1.50688 1.49680 1.50232 1.54159 1.55727 1.53717 1.53444 1.54479 1.65899 1.65570 1.71900 1.82245 1.96218 1.91202 2.00875 2.14859 2.05182 1.98867 1.96435 1.91183 1.73016 1.72529 1.72507 1.62452 1.59967 1.75364 1.70537 1.76318 1.66151 1.64888 1.60454 1.60014 1.59147 1.57206 1.75120 1.80272 1.66760 1.57176 1.61208 1.66863 1.71756 1.93489 2.27131
1.71716 1.62010 1.45327 1.39084 1.34067 1.32299 1.36180 1.42610 1.60063 1.62994 1.58581 1.55074 1.50565 1.46736 1.53776 1.58457 1.64323 1.71165 1.72333 1.63254 1.74534 1.75214 1.76997 1.59242 1.51195 1.47112 1.46319 1.48583 1.48709 1.45556 1.43422 1.43128 1.57777 1.56408 1.58135 1.68570 1.82403 1.81008 1.83085 2.05375 1.91508 1.83280 1.79927 1.76956 1.65674 1.65576 1.67214 1.66800 1.60179 1.85813 1.78505 1.77859 1.64946 1.59757 1.47420 1.41305 1.44356 1.51162 1.66392 1.80962 1.75683 1.66206 1.75239 1.71674 1.84359 2.00344 2.16850
1.71230 1.65770 1.48910 1.43820 1.40280 1.38761 1.40560 1.41122 1.61116 1.66712 1.65351 1.66332 1.65460 1.61934 1.67455 1.68158 1.70082 1.75598 1.75958 1.65245 1.65349 1.66622 1.66809 1.52632 1.41349 1.37749 1.38825 1.40220 1.37941 1.35915 1.35762 1.37726 1.48221 1.43724 1.40676 1.38732 1.47927 1.48683 1.47952 1.72396 1.63222 1.59850 1.60869 1.60495 1.53937 1.54800 1.54359 1.51682 1.35149 1.42652 1.28381 1.31878 1.38382 1.56613 1.51081 1.49822 1.50578 1.58781 1.69164 1.90689 1.87232 1.76363 1.89239 1.78326 1.99957 2.11734 2.29760
1.81814 1.78452 1.61974 1.50997 1.45849 1.47540 1.49137 1.49381 1.66673 1.74812 1.68756 1.67581 1.65245 1.63420 1.66808 1.65746 1.69640 1.73079 1.74984 1.69465 1.59653 1.63486 1.64549 1.56392 1.42815 1.37131 1.40421 1.43056 1.43272 1.45149 1.47092 1.48599 1.39535 1.12313 1.13371 1.12821 1.26901 1.40933 1.46645 1.72142 1.68095 1.57183 1.50134 1.43840 1.36589 1.28803 1.27561 1.26741 1.07922 1.20849 1.13712 1.21450 1.23556 1.48919 1.45596 1.43076 1.43620 1.52462 1.56463 1.83408 1.77610 1.65507 1.86526 1.73518 1.95430 2.17696 2.32494
1.84345 1.76125 1.66568 1.53350 1.50874 1.53722 1.56445 1.54810 1.64367 1.75428 1.67637 1.66925 1.65255 1.64147 1.69280 1.67837 1.73105 1.75304 1.80443 1.75985 1.67906 1.72540 1.70840 1.69251 1.53928 1.45725 1.44868 1.44097 1.41630 1.41427 1.40935 1.40353 1.37322 1.06812 1.07299 1.05906 1.13936 1.25444 1.20107 1.25295 1.45203 1.42765 1.38856 1.37409 1.37723 1.31295 1.29515 1.30763 1.10764 1.23047 1.16977 1.25275 1.24800 1.47069 1.47633 1.41288 1.39683 1.45562 1.46553 1.72360 1.85157 1.94951 2.08741 1.91190 1.91719 2.13126 2.20434
1.82083 1.72487 1.65664 1.50619 1.46627 1.48661 1.50110 1.46803 1.52178 1.66360 1.58721 1.58225 1.55999 1.56412 1.61458 1.58356 1.66703 1.66538 1.75734 1.72613 1.66399 1.64435 1.66930 1.64014 1.54141 1.47085 1.44696 1.41276 1.38523 1.39085 1.38921 1.38351 1.39332 1.06994 1.01470 1.00276 1.06596 1.06352 1.07112 1.02629 1.31336 1.35430 1.28147 1.25611 1.23791 1.21102 1.15165 1.15477 1.00338 1.09026 1.03759 1.10822 1.09860 1.28500 1.38082 1.41683 1.48538 1.53842 1.64278 1.80884 1.93468 1.98853 2.01223 1.93204 1.75588 2.04605 2.07247
1.86553 1.74142 1.70985 1.51790 1.47060 1.50982 1.46560 1.42715 1.47186 1.64472 1.59472 1.58983 1.56688 1.57440 1.62271 1.57769 1.64951 1.63032 1.74257 1.73673 1.72658 1.64176 1.70657 1.65499 1.59503 1.50318 1.44893 1.40264 1.36855 1.36073 1.34483 1.33290 1.33909 1.13543 1.03232 1.02687 1.08384 1.05616 1.07775 0.974628 1.10480 1.18873 1.14067 1.12795 1.14067 1.18438 1.11325 1.14693 1.05830 1.07265 1.09016 1.28335 1.33889 1.50757 1.70554 1.71425 1.73861 1.74736 1.79357 1.81184 1.81871 1.83038 1.85568 1.80983 1.80286 1.96781 2.05054
1.86077 1.75674 1.70101 1.53622 1.43425 1.46756 1.44243 1.37237 1.38354 1.49337 1.46757 1.45126 1.46304 1.45413 1.50158 1.44012 1.47995 1.48193 1.56990 1.60124 1.62932 1.44255 1.39304 1.35312 1.29074 1.18768 1.12660 1.13146 1.11465 1.09690 1.09122 1.08552 1.08238 1.02193 0.998996 0.994560 1.03814 1.03313 1.10638 1.08061 1.18338 1.29575 1.30525 1.31633 1.32517 1.39801 1.28769 1.36468 1.40304 1.61249 1.70568 1.68309 1.58730 1.57117 1.68834 1.67709 1.65190 1.64874 1.61681 1.58757 1.61271 1.60675 1.66528 1.61098 1.75675 1.79945 1.95215
1.74523 1.75401 1.70980 1.59259 1.48251 1.49016 1.47261 1.41021 1.39775 1.38543 1.34082 1.32547 1.34938 1.36127 1.42743 1.38763 1.41480 1.41285 1.45255 1.50763 1.51722 1.37081 1.27634 1.26336 1.23457 1.12728 1.05318 1.03587 1.03303 1.05244 1.06265 1.08455 1.10776 1.09544 1.05010 1.08135 1.14052 1.12280 1.21027 1.19098 1.23537 1.31832 1.35213 1.39543 1.44680 1.52172 1.57051 1.60762 1.63409 1.56545 1.55254 1.59719 1.50453 1.50745 1.59730 1.61558 1.57561 1.54687 1.52015 1.48698 1.48233 1.50002 1.58820 1.60454 1.75050 1.75312 1.97428
1.78671 1.78640 1.74370 1.62727 1.48476 1.50146 1.48562 1.42734 1.43281 1.41196 1.37940 1.37478 1.38671 1.38136 1.40325 1.35819 1.37343 1.42148 1.43493 1.53176 1.55209 1.44669 1.26966 1.24386 1.20355 1.17796 1.14927 1.14494 1.15737 1.18031 1.18749 1.18588 1.18168 1.17228 1.06406 1.09656 1.16041 1.14918 1.23390 1.26266 1.33327 1.45548 1.52316 1.59301 1.61666 1.63240 1.61542 1.61634 1.64878 1.54874 1.52518 1.60490 1.56121 1.55218 1.55277 1.50102 1.49097 1.48145 1.50323 1.49888 1.54146 1.53850 1.65956 1.69467 1.79378 1.80294 1.95135
1.88908 1.86569 1.79207 1.70237 1.54985 1.49622 1.47980 1.48710 1.51362 1.50676 1.45523 1.47959 1.48035 1.46025 1.48707 1.44875 1.43643 1.49777 1.43156 1.47230 1.44450 1.35127 1.16662 1.16256 1.14175 1.18792 1.23105 1.18644 1.16037 1.14731 1.13001 1.11629 1.09727 1.07216 1.27882 1.38554 1.36134 1.32987 1.37414 1.39724 1.41404 1.49172 1.53782 1.58355 1.61649 1.63628 1.62282 1.63002 1.65675 1.61188 1.52741 1.61719 1.58563 1.55592 1.56235 1.51622 1.50645 1.51680 1.54246 1.52528 1.58140 1.56137 1.67837 1.79957 1.91719 1.97599 2.09287
1.80544 1.79937 1.75673 1.75957 1.71104 1.56656 1.56343 1.57001 1.58789 1.58696 1.52047 1.55840 1.53498 1.48442 1.46244 1.36818 1.31035 1.31917 1.26504 1.34746 1.34993 1.29176 1.12187 1.08337 1.05853 1.07789 1.15979 1.11568 1.10337 1.10952 1.10637 1.11303 1.11441 1.10603 1.25328 1.43323 1.41977 1.40376 1.43485 1.48565 1.50582 1.55422 1.57159 1.60834 1.64874 1.64878 1.63311 1.63789 1.64694 1.60480 1.41622 1.48375 1.48248 1.47011 1.48305 1.46497 1.41105 1.40933 1.39754 1.36881 1.38827 1.42600 1.65515 1.86623 2.02182 2.02321 2.01529
1.90111 1.91168 1.90209 1.87503 1.84305 1.62330 1.60615 1.63372 1.64208 1.65730 1.55173 1.44286 1.38837 1.34729 1.37363 1.34972 1.33209 1.38036 1.34989 1.39790 1.41726 1.38757 1.26760 1.19143 1.17423 1.19878 1.29678 1.29948 1.30279 1.32555 1.30342 1.23296 1.22975 1.19358 1.28893 1.54823 1.55676 1.57895 1.60065 1.60253 1.60845 1.62383 1.59402 1.61049 1.65301 1.63065 1.60718 1.60444 1.61066 1.62446 1.41639 1.44668 1.43829 1.41054 1.40130 1.37062 1.28919 1.32429 1.46230 1.61962 1.72664 1.81810 1.63543 1.81887 1.86016 1.79531 1.78351
2.08149 2.07462 2.02696 1.99534 1.97793 1.74989 1.70518 1.68993 1.67077 1.64034 1.55078 1.45284 1.40583 1.36731 1.37661 1.33878 1.30591 1.34271 1.33936 1.40580 1.45028 1.42350 1.33432 1.21957 1.20930 1.24489 1.29497 1.35818 1.33118 1.34221 1.33052 1.23438 1.25997 1.23680 1.30177 1.59140 1.59695 1.61580 1.62239 1.63556 1.63211 1.60210 1.53675 1.53962 1.59632 1.57969 1.54362 1.53255 1.53819 1.55547 1.41691 1.37625 1.37251 1.42050 1.52505 1.60234 1.69814 1.72638 1.71659 1.78586 1.72873 1.75228 1.59974 1.80221 1.84916 1.76498 1.76497
2.06370 2.07222 2.03334 1.96074 1.91987 1.65518 1.53531 1.56352 1.60117 1.60074 1.55381 1.46635 1.38532 1.34293 1.33017 1.31827 1.30869 1.34113 1.37194 1.41788 1.47547 1.48443 1.44958 1.33556 1.38100 1.41571 1.43658 1.55358 1.52863 1.53907 1.53822 1.49027 1.48658 1.47156 1.49594 1.63420 1.65781 1.65562 1.66117 1.64618 1.63342 1.63013 1.53677 1.52800 1.56137 1.55274 1.52576 1.52673 1.54023 1.64279 1.67560 1.67498 1.79835 1.82135 1.85020 1.82275 1.84490 1.81421 1.82397 1.88851 1.84102 1.90053 1.72394 1.92297 1.97711 1.99720 1.96863
2.07760 2.03045 1.95762 1.92059 1.92392 1.77781 1.59066 1.57463 1.57223 1.56462 1.53729 1.49225 1.39511 1.35451 1.35383 1.34230 1.33045 1.36402 1.41105 1.43777 1.49389 1.50173 1.45408 1.44318 1.51212 1.54349 1.51686 1.61723 1.60731 1.61080 1.59949 1.56620 1.53510 1.53027 1.56255 1.68361 1.74977 1.76891 1.78766 1.80839 1.79549 1.78976 1.56601 1.53554 1.55674 1.56447 1.53374 1.50372 1.76779 2.08402 2.00766 1.93325 1.94079 1.90582 1.94821 1.90925 1.97010 1.92337 1.87249 1.94743 1.90982 1.99392 1.84377 2.19884 2.19987 2.20814 2.16612
2.09413 2.04482 1.93542 1.88823 1.88329 1.79451 1.59400 1.54765 1.53715 1.54245 1.53738 1.53435 1.43980 1.45556 1.47178 1.48691 1.46430 1.48781 1.49897 1.55201 1.58342 1.62225 1.57993 1.54469 1.59679 1.61601 1.55080 1.61072 1.66817 1.67845 1.67472 1.67058 1.63447 1.64643 1.67979 1.77847 1.84927 1.85704 1.83925 1.81061 1.75333 1.69829 1.47920 1.37446 1.36717 1.37257 1.28996 1.27327 1.34963 1.89563 1.89167 1.91107 1.91155 1.87546 1.90164 1.86637 1.95335 1.97313 1.91538 1.97016 1.91540 1.98543 1.85486 2.08025 2.07793 2.07267 1.99616
2.06866 2.00761 1.90803 1.86204 1.86360 1.82222 1.63601 1.50908 1.48957 1.59484 1.64596 1.63700 1.52834 1.48646 1.47739 1.48265 1.44684 1.46716 1.46325 1.51137 1.50248 1.55067 1.52806 1.48546 1.53486 1.54270 1.43992 1.55007 1.77152 1.79121 1.75834 1.75205 1.72686 1.71128 1.74605 1.81187 1.67207 1.63867 1.57601 1.59022 1.57796 1.55929 1.37455 1.22545 1.26582 1.31070 1.28343 1.28767 1.27667 1.78646 1.84562 1.88236 1.88449 1.85333 1.87549 1.84082 1.91171 1.94288 1.86349 1.94681 1.87303 1.89052 1.77733 1.88156 1.97503 2.00878 1.94943
2.04441 1.96498 1.87957 1.83142 1.83194 1.81926 1.68661 1.51581 1.48315 1.53377 1.58543 1.56437 1.51164 1.45446 1.44195 1.45711 1.42986 1.45347 1.44627 1.51570 1.50079 1.56541 1.56973 1.50929 1.57792 1.61750 1.52442 1.58259 1.80127 1.87776 1.85932 1.85055 1.84711 1.78292 1.80648 1.84476 1.69288 1.61419 1.56947 1.56413 1.52198 1.46160 1.33924 1.17534 1.19091 1.23808 1.21555 1.20992 1.20821 1.63288 1.85223 1.88107 1.88047 1.83454 1.86821 1.85433 1.89572 1.90641 1.79382 1.85744 1.75341 1.81406 1.66936 1.73895 1.85874 1.96996 1.92308
1.97096 1.89076 1.78749 1.73424 1.71227 1.70916 1.64637 1.50678 1.43881 1.46029 1.51890 1.48572 1.45654 1.43801 1.42514 1.45885 1.44829 1.48883 1.48877 1.54803 1.57169 1.63692 1.65708 1.62196 1.64048 1.65034 1.54362 1.50938 1.71518 1.82443 1.80050 1.80755 1.85985 1.73904 1.75842 1.75274 1.69415 1.54481 1.52880 1.55453 1.55674 1.44410 1.38500 1.17266 1.14944 1.18669 1.17925 1.17796 1.20351 1.35220 1.79737 1.81778 1.82161 1.78569 1.86119 1.85958 1.90794 1.91360 1.88376 1.97635 1.85332 1.89417 1.91167 1.80480 1.65672 1.77683 1.78427
1.90064 1.82217 1.73961 1.72571 1.72015 1.71351 1.64818 1.45477 1.34741 1.35957 1.44188 1.43371 1.45035 1.48815 1.50166 1.54255 1.54858 1.58645 1.60041 1.66057 1.68355 1.71231 1.69372 1.65052 1.61210 1.62657 1.57621 1.52905 1.69006 1.90591 1.93007 1.92442 1.98371 1.89405 1.86387 1.88278 1.89745 1.70310 1.65341 1.66041 1.63136 1.48442 1.45463 1.30556 1.24113 1.29629 1.30759 1.31007 1.34535 1.34835 1.74384 1.76799 1.73226 1.65881 1.71775 1.70128 1.68220 1.57449 1.59576 1.66360 1.64832 1.78695 1.83425 1.56643 1.36296 1.50708 1.58306
1.82590 1.75044 1.61503 1.54727 1.50611 1.49040 1.52736 1.50137 1.39529 1.40366 1.46502 1.45318 1.45358 1.49839 1.52159 1.57656 1.56734 1.58381 1.57523 1.60049 1.66187 1.69104 1.66765 1.65949 1.64691 1.70645 1.70010 1.63812 1.69135 1.95861 1.99330 1.97401 2.03920 2.00547 1.87349 1.88110 1.91352 1.73968 1.70825 1.70288 1.66373 1.57805 1.53188 1.44974 1.30570 1.28940 1.31611 1.23839 1.24252 1.21972 1.52672 1.67220 1.54524 1.44813 1.42554 1.36090 1.36870 1.37331 1.51027 1.68060 1.65848 1.69968 1.65573 1.23238 1.06569 1.13109 1.17569
1.72715 1.67480 1.55862 1.51107 1.47247 1.46782 1.51921 1.53537 1.43341 1.43906 1.50727 1.51955 1.50805 1.53444 1.53257 1.54961 1.53560 1.52425 1.51206 1.54337 1.63582 1.67658 1.64725 1.64680 1.64672 1.66084 1.62256 1.56167 1.54891 1.76796 1.85353 1.87641 1.99252 2.03544 1.83434 1.86022 1.86893 1.73113 1.60508 1.53048 1.45744 1.41609 1.41439 1.36504 1.14156 1.14567 1.29627 1.26693 1.30178 1.30178 1.38163 1.45348 1.34069 1.28473 1.28010 1.26810 1.26214 1.24462 1.31656 1.53430 1.53427 1.51615 1.50763 1.26527 1.11871 1.17365 1.24674
1.73986 1.70628 1.62660 1.54850 1.52986 1.54165 1.60775 1.63694 1.60438 1.55902 1.59518 1.58390 1.57449 1.59047 1.59625 1.61238 1.60307 1.60354 1.60844 1.62626 1.68665 1.71495 1.67220 1.63324 1.62958 1.63460 1.64271 1.64143 1.59833 1.78002 1.93117 1.93952 2.02489 2.05331 1.79704 1.65157 1.62449 1.54868 1.39632 1.38177 1.43199 1.40227 1.46755 1.48926 1.33516 1.35682 1.51789 1.55654 1.58005 1.58975 1.59514 1.58786 1.49288 1.38885 1.42327 1.43531 1.52007 1.55650 1.64847 1.74396 1.77849 1.73930 1.66854 1.42063 1.19954 1.22923 1.21435
1.72056 1.70036 1.62828 1.60225 1.60520 1.61569 1.64013 1.63298 1.60566 1.49680 1.52246 1.46553 1.47560 1.53125 1.58117 1.61735 1.61404 1.61146 1.60930 1.62904 1.68759 1.73299 1.72964 1.70197 1.71426 1.74119 1.81487 1.83025 1.77162 1.82995 1.89506 1.89197 1.95128 1.95277 1.76571 1.49894 1.49299 1.56963 1.51827 1.54660 1.63063 1.63495 1.68159 1.65567 1.50343 1.44566 1.55516 1.56412 1.55332 1.55332 1.56844 1.60426 1.59151 1.53127 1.57937 1.61211 1.65911 1.66766 1.72043 1.68189 1.82789 1.80226 1.73691 1.56871 1.34133 1.38280 1.38614
1.75756 1.78153 1.70597 1.71227 1.69978 1.69551 1.71828 1.68063 1.70736 1.60463 1.64870 1.62798 1.62356 1.65651 1.67813 1.71198 1.72144 1.72013 1.70482 1.70974 1.74796 1.79461 1.80613 1.76685 1.75264 1.76001 1.83562 1.82502 1.72750 1.73032 1.76920 1.87771 1.94730 1.91539 1.80232 1.43676 1.43335 1.50127 1.65253 1.66220 1.69553 1.65120 1.63476 1.60130 1.54944 1.51033 1.57836 1.64458 1.67342 1.72962 1.74655 1.74560 1.71037 1.58586 1.53901 1.53818 1.56431 1.56771 1.62169 1.49988 1.62855 1.64710 1.67440 1.60498 1.38469 1.42802 1.41405
1.79915 1.85126 1.76541 1.75132 1.73774 1.71687 1.75734 1.73304 1.78647 1.71103 1.71930 1.68675 1.67870 1.69394 1.72604 1.75890 1.76586 1.75738 1.75320 1.75659 1.76243 1.79802 1.79600 1.72848 1.67736 1.64506 1.67369 1.73634 1.65473 1.69351 1.72299 1.87286 1.97424 1.91455 1.79377 1.49377 1.44930 1.48067 1.61855 1.65444 1.71610 1.74202 1.77332 1.77671 1.79080 1.63830 1.64149 1.69796 1.70018 1.72277 1.72277 1.72275 1.68456 1.54102 1.38100 1.36840 1.37109 1.38459 1.43462 1.33979 1.49701 1.48871 1.48719 1.46852 1.31449 1.31783 1.35657
1.79331 1.84631 1.81090 1.79440 1.77014 1.74628 1.76891 1.73340 1.81042 1.83431 1.84127 1.79416 1.76292 1.77986 1.79133 1.82559 1.81781 1.78967 1.76295 1.71729 1.66131 1.65742 1.65049 1.63734 1.62922 1.63196 1.65515 1.74345 1.68780 1.71147 1.68689 1.75822 1.76938 1.67731 1.64872 1.62688 1.61750 1.68102 1.82454 1.87699 1.87427 1.87070 1.83941 1.85495 1.83943 1.66614 1.63334 1.69271 1.72170 1.72834 1.69811 1.68513 1.64929 1.59316 1.41712 1.42875 1.44579 1.48241 1.50194 1.39538 1.47788 1.51743 1.57202 1.59581 1.48147 1.41743 1.41836
