High_resolution/powerplant/Shangrao/OMI_NO2_201102.asc
ncols      200
nrows      200
xllcorner       115.451
yllcorner       27.0350
cellsize     0.0166667
NODATA_Value      -999.000
[rows 87 to 115 of 200, columns 0 to 65 of 200]
4.31602 3.73967 3.31281 2.99103 2.73999 2.62206 2.62167 2.86886 3.73098 4.03153 5.73048 6.08040 5.96794 5.85844 5.81256 5.81256 5.81256 5.81256 5.81256 5.81256 5.81256 5.81256 5.81256 5.81256 5.81256 5.81256 5.70422 4.84532 4.23090 4.34662 4.46232 4.54273 4.54333 3.70871 3.35114 3.35114 3.35114 3.35114 3.33296 3.27259 3.18029 3.07689 2.97354 2.69658 2.33945 2.17108 2.17108 2.20551 3.74169 5.28361 5.28747 5.29133 5.29421 5.29437 5.29437 5.29437 5.29382 5.36121 5.78390 5.78416 5.79232 5.77361 5.77103 5.77103 5.77103 5.77103
2.62630 2.62167 2.62167 2.62838 2.75111 2.91585 3.08050 3.20780 3.82005 3.84115 5.28200 5.78216 5.81256 5.81256 5.81256 5.81256 5.81256 5.81256 5.81256 5.81256 5.81256 5.81256 5.81256 5.82218 5.91755 6.03326 6.14906 5.53331 4.64054 4.54551 4.54551 4.54551 4.54551 4.05180 3.26471 3.20365 3.11395 3.01058 2.92534 2.88234 2.87122 2.87080 2.84652 2.90688 3.50207 4.57770 5.48245 6.26354 6.46371 5.37013 5.29437 5.29437 5.29437 5.28920 5.25002 5.20445 5.15895 5.11797 5.71955 5.72718 5.77103 5.77103 5.77103 5.77103 5.77103 5.77103
2.89069 3.05551 3.22025 3.37819 3.42020 3.42020 3.42020 3.42004 3.56698 3.78086 4.77714 5.70871 5.81256 5.81256 5.81256 5.81256 5.81256 5.81256 5.81256 5.81534 5.89592 6.01164 6.12740 6.23358 6.25388 6.25388 6.25388 5.77916 4.84789 4.44938 4.38926 4.32978 4.40732 4.46267 3.08541 2.88494 2.86940 2.84037 2.80431 3.28367 4.08719 4.81132 5.48778 5.97302 5.81941 6.47610 6.48360 6.48360 6.48360 5.69458 5.25337 5.20789 5.16241 5.12209 5.11588 5.11588 5.11588 5.05194 5.59811 5.71956 5.76450 5.77103 5.77103 5.77103 5.77103 5.77103
3.42020 3.42020 3.42020 3.42020 3.42020 3.42020 3.42020 3.42020 3.43386 3.78086 4.27488 5.63493 5.81256 5.81256 5.81256 5.81260 5.87430 5.99001 6.10568 6.21870 6.25388 6.25388 6.25364 6.22834 6.18614 6.14393 6.10173 5.79211 4.91296 4.57257 4.81744 5.05794 5.13238 5.08229 3.59703 3.60433 4.37598 5.09595 5.75581 6.02366 6.02366 6.02366 6.02366 6.02366 5.83087 6.30503 6.44605 6.40057 6.35507 5.87622 5.11588 5.11588 5.11588 5.11588 5.11588 5.11588 5.11588 5.11094 5.31909 5.71955 5.75035 5.77103 5.76920 5.75851 5.74664 5.73477
3.42020 3.42020 3.42020 3.42020 3.42020 3.42020 3.42020 3.42020 3.35663 3.72187 3.83916 5.49946 5.84845 5.96830 6.08410 6.19977 6.25388 6.25369 6.22876 6.18637 6.14393 6.10173 6.05975 6.04285 6.10066 6.33377 6.59702 6.91337 6.25359 5.07400 5.33740 6.04331 6.70471 7.30760 7.10024 6.02366 6.02366 6.02366 6.02366 6.02366 6.02366 6.02254 5.99637 5.95998 5.80193 5.94626 6.30511 6.30511 6.30511 6.20593 5.12635 5.11588 5.11588 5.11588 5.10468 5.06484 5.02354 4.97756 5.00782 5.68441 5.68919 5.71697 5.70692 5.70575 5.66763 5.52434
3.42020 3.42020 3.42020 3.42020 3.42020 3.42020 3.42020 3.42020 3.41794 3.71973 4.03078 5.40677 6.18678 6.22876 6.18656 6.14435 6.10215 6.06013 6.04285 6.04285 6.07320 6.30591 6.65827 7.02282 7.32918 7.47179 8.01064 8.62419 8.57524 7.82885 7.84905 7.86216 7.86216 7.86216 7.67333 6.09734 6.02366 6.02311 5.99914 5.96275 5.92636 5.89109 5.88086 5.88086 5.83025 5.75993 6.30511 6.30511 6.30511 6.30511 5.36619 5.06774 5.01871 4.96656 4.92558 4.91327 4.90242 4.89624 4.82839 5.56528 5.53147 5.44024 5.29168 5.14233 5.03110 5.02505
3.42020 3.42020 3.42020 3.42020 3.42020 3.42020 3.42020 3.42020 3.53058 4.06917 4.50475 5.14443 5.92084 6.04285 6.04285 6.04285 6.07355 6.36827 6.73253 7.09698 7.43083 7.63547 8.20067 8.78353 9.30886 9.77643 9.92657 9.92657 9.59029 8.52794 7.84686 7.86184 7.86216 7.86249 7.92102 6.46495 5.92911 5.89328 5.88086 5.88086 5.88086 5.88086 5.88086 5.88086 5.87927 5.65639 6.24737 6.24908 6.19693 6.14476 5.51989 4.89935 4.89622 4.89622 4.89622 4.85757 4.74710 4.63519 4.50803 4.66706 4.96201 5.01076 5.02505 5.02505 5.02693 5.03402
3.42020 3.42020 3.42020 3.50088 3.72540 3.95256 4.17994 4.40710 4.52399 4.53105 4.75745 4.93881 5.97740 6.44124 6.80569 7.16995 7.50361 7.76311 8.37301 8.93844 9.44842 9.86365 9.92657 9.92657 9.92657 9.92657 9.92657 9.92657 9.79901 8.90237 7.90233 8.05924 8.20881 8.35411 8.41760 7.11271 5.88086 5.88086 5.88086 5.88086 5.88086 5.88661 5.90258 5.89443 5.88220 5.62478 5.85419 6.08545 6.08545 6.08545 5.84035 4.79667 4.68461 4.57265 4.46059 4.38733 4.38569 4.38569 4.38569 4.44775 4.96411 5.00268 5.04171 5.04911 5.05463 5.05494
3.91977 4.14715 4.37431 4.52112 4.52399 4.52399 4.54324 4.77526 5.06560 5.34680 5.56485 6.05630 7.18396 7.91324 8.54010 9.08953 9.58516 9.91281 9.92657 9.92657 9.92657 9.92657 9.92657 9.92657 9.92657 9.92657 9.96173 10.1005 10.2449 9.71556 8.50902 8.40885 8.41760 8.41760 8.41760 7.87176 5.92059 5.91004 5.92785 5.92111 5.90889 5.89088 5.86270 5.85862 5.86022 5.78395 5.74525 5.84608 5.66104 5.47592 5.30041 4.47477 4.38569 4.38569 4.38569 4.38569 4.37322 4.32450 4.27351 4.23489 4.97044 5.00598 5.05494 5.05494 5.05494 5.05494
4.52399 4.53017 4.72931 5.01937 5.30985 5.60019 5.87099 5.92932 5.97343 6.95118 7.50670 8.17935 9.24146 9.87924 9.92657 9.92657 9.92657 9.92657 9.92657 9.92657 9.92657 9.92657 9.94540 10.0735 10.2191 10.3648 10.4752 10.4820 10.4820 10.0240 8.87400 8.41567 8.45006 8.47087 8.48992 8.36250 6.25045 5.89414 5.86409 5.86448 5.95552 6.07945 6.10365 6.07559 6.04285 5.86452 5.27503 5.26850 5.26850 5.26850 5.26850 4.72919 4.37568 4.32830 4.27729 4.22631 4.18777 4.18551 4.18551 4.18162 4.72209 4.99275 5.05084 5.05494 5.05494 5.05494
5.55409 5.83825 5.92932 5.92932 6.05279 7.15508 8.25434 9.15715 9.89157 10.0864 9.53753 8.85838 9.23166 9.84457 9.92657 9.92657 9.92657 9.92657 9.93418 10.0464 10.1920 10.3377 10.4645 10.4820 10.4820 10.4819 10.4680 10.4451 10.4221 10.2030 9.34660 8.48443 8.45663 8.41196 8.39065 8.61689 7.06412 6.21142 6.20031 6.16774 6.01925 5.83830 5.78021 5.78021 5.78021 5.78021 5.36694 5.26850 5.26075 5.21489 5.16388 4.83192 4.18909 4.18551 4.18551 4.18551 4.18551 4.18551 4.18551 4.18551 4.46221 4.99191 5.03435 5.05494 5.05494 5.07418
6.17025 7.35234 8.41400 9.29084 9.96838 10.0864 10.0864 10.0864 10.0864 10.0864 10.0028 8.81386 9.02011 9.78569 9.92610 10.0194 10.1650 10.3106 10.4486 10.4820 10.4818 10.4676 10.4447 10.4219 10.3989 10.3761 10.3671 10.3933 10.4588 10.4956 9.85854 8.95248 9.30999 9.58547 9.72114 9.53554 8.15759 5.79815 5.78021 5.78021 5.78021 5.78021 5.78021 5.78021 5.77441 5.73039 5.40852 5.11668 5.07342 5.06832 5.06832 5.02365 4.20740 4.18551 4.18551 4.18551 4.18551 4.22019 4.29103 4.36186 4.48157 5.03777 5.22130 5.63650 5.80431 5.95287
10.0256 10.0864 10.0864 10.0864 10.0864 10.0864 10.0864 10.0864 10.0864 10.0864 10.0864 9.09626 9.14895 9.93688 10.3993 10.4818 10.4672 10.4444 10.4214 10.3985 10.3759 10.3671 10.3671 10.3838 10.4486 10.5348 10.6334 10.7025 10.7235 10.7874 10.3466 10.3469 10.1032 9.07227 9.07227 9.07227 8.76705 6.00886 5.78021 5.78021 5.77607 5.73417 5.68316 5.63218 5.58700 5.58003 5.45148 5.06832 5.06832 5.06832 5.06832 5.06832 4.42087 4.21521 4.28638 4.37476 4.47091 4.53240 4.55775 4.58306 4.59194 5.03199 5.26541 5.89196 5.79590 5.69951
10.0864 10.0864 10.0864 10.0864 10.0864 10.0864 10.0864 9.95238 9.41556 8.92761 8.50808 8.71265 9.40986 9.85438 10.3350 10.3755 10.3671 10.3671 10.3671 10.3788 10.4493 10.5360 10.6336 10.7167 10.7466 10.8074 10.8711 10.9349 10.9951 11.0091 10.6875 10.4184 10.4659 9.14846 9.07227 9.07227 9.07528 6.61534 5.68695 5.63596 5.58912 5.58003 5.58003 5.58003 5.58003 5.58003 5.56841 5.09368 5.06832 5.09700 5.18962 5.28578 4.99265 4.56565 4.59067 4.59849 4.59849 4.59849 4.56818 4.49612 4.42379 4.55286 4.75254 5.41674 5.53671 5.53671
10.0864 10.0864 10.0864 10.0440 9.57156 9.06076 8.61356 8.28861 8.24450 8.22211 8.19971 8.27805 9.28683 9.58595 10.2705 10.3862 10.4513 10.5372 10.6337 10.7246 10.7626 10.8259 10.8896 10.9534 11.0046 11.0091 11.0091 11.0091 11.0091 11.0091 10.8720 10.3805 10.4995 9.57597 9.17262 9.23418 9.29272 7.66940 5.58003 5.58003 5.58003 5.58003 5.58003 5.58003 5.55104 5.47406 5.44239 5.33539 5.41026 5.47769 5.48130 5.48130 5.35029 4.59053 4.52847 4.45618 4.38392 4.31160 4.26971 4.26945 4.26945 4.33110 4.73301 5.20853 5.57264 5.59681
9.73503 9.19292 8.71304 8.32161 8.22577 8.20336 8.18996 8.18984 8.18984 8.19053 8.19695 8.20463 9.05391 9.47055 10.3305 10.7007 10.7806 10.8444 10.9081 10.9719 11.0088 11.0091 11.0091 11.0091 11.0091 11.0091 11.0091 11.0091 11.0091 11.0298 11.0704 10.5207 10.6964 10.1939 9.30727 9.30727 9.30727 8.75372 5.72672 5.53833 5.43803 5.35433 5.32114 5.29131 5.29044 5.33760 5.33952 5.39879 5.48130 5.42666 5.29344 5.15969 5.02594 4.36906 4.26945 4.26945 4.26945 4.26945 4.26945 4.31453 4.41461 4.45699 4.74707 5.07472 5.63444 5.63444
8.20704 8.19063 8.18984 8.18984 8.19013 8.19579 8.20347 8.21115 8.21884 8.22582 8.22709 8.22631 8.70157 9.49129 10.3271 10.9160 11.0091 11.0091 11.0091 11.0091 11.0091 11.0091 11.0091 11.0091 11.0091 11.0225 11.0674 11.1136 11.1598 11.1852 11.1853 10.7601 10.6558 10.6054 9.24188 9.09761 8.96339 8.80766 5.79829 5.21184 5.28232 5.33619 5.33952 5.33952 5.33249 5.22925 5.09549 4.98179 4.96970 4.89059 4.89000 4.89000 4.89000 4.53922 4.26945 4.30762 4.40698 4.50717 4.60728 4.66239 4.66251 4.65484 4.60500 4.87165 5.61765 5.63444
8.19466 8.20232 8.21000 8.21769 8.22507 8.22709 8.22709 8.22563 8.21798 8.20963 8.20129 8.19373 8.33144 9.39293 10.1347 10.8790 11.0091 11.0091 11.0091 11.0091 11.0091 11.0168 11.0590 11.1051 11.1513 11.1840 11.1853 11.1853 11.1843 11.1132 10.9997 10.6546 10.1817 10.1016 8.91925 8.61578 8.61578 8.61578 6.82373 5.33952 5.30245 5.17307 5.03920 4.90551 4.77873 4.74822 4.74822 4.74822 4.87090 4.89000 4.89000 4.92183 5.01990 4.95050 4.59974 4.66168 4.66251 4.66251 4.66251 4.66251 4.66251 4.66251 4.55935 4.83075 5.43875 5.63444
8.22709 8.22709 8.22709 8.22474 8.21665 8.20831 8.19997 8.19309 8.19240 8.19240 8.19240 8.19240 8.19240 8.96822 9.35394 10.3908 11.0074 11.0127 11.0505 11.0967 11.1429 11.1812 11.1853 11.1841 11.1121 10.9986 10.8851 10.7720 10.6602 10.6178 10.6178 10.5619 9.99656 10.0423 9.34086 8.61341 8.49712 8.31878 7.39887 4.89458 4.75254 4.74822 4.74822 4.74822 4.74822 4.74822 4.74822 4.77421 4.95409 5.11240 5.21266 5.28101 5.28305 5.26574 4.69066 4.66251 4.66251 4.66251 4.66251 4.66287 4.67390 4.68989 4.59379 4.81588 5.22666 5.55490
8.21533 8.20699 8.19865 8.19266 8.19240 8.19240 8.19240 8.19240 8.19240 8.05634 7.80885 7.58713 7.38743 7.70632 8.42956 9.57006 11.0923 11.1769 11.1838 11.1103 10.9974 10.8839 10.7704 10.6586 10.6178 10.6178 10.6178 10.5989 10.5063 10.4064 10.3064 10.2189 9.73672 10.1992 9.99731 7.88958 7.82738 7.82738 7.74439 5.04690 4.74822 4.74822 4.74822 4.76910 4.86296 4.96307 5.06326 5.13743 5.18569 5.28305 5.28305 5.28305 5.28305 5.28305 4.85463 4.66267 4.67278 4.68919 4.72538 4.77173 4.80742 4.83816 4.84555 4.85460 5.13295 5.43990
8.19240 8.19240 8.19240 8.19240 8.18870 8.01532 7.77211 7.55412 7.35760 7.26714 7.28582 7.32878 7.37187 7.57138 8.45686 9.11260 10.7075 10.7693 10.6573 10.6178 10.6178 10.6178 10.5989 10.5063 10.4064 10.3064 10.2065 10.1573 10.2507 10.3538 10.4569 10.5476 10.2401 10.2898 10.6220 8.11496 7.82738 7.82738 7.82738 5.88364 4.85533 4.95548 5.05567 5.13491 5.14128 5.14128 5.14128 5.14128 5.14905 5.28042 5.28305 5.28309 5.29583 5.33852 5.13783 4.81126 4.84787 4.87819 4.88873 4.88873 4.88866 4.84366 4.76029 4.55851 4.65902 4.93057
8.17822 7.97493 7.73600 7.52164 7.33068 7.26714 7.27605 7.31642 7.35947 7.43456 7.52782 7.59685 7.66572 7.73504 8.52175 9.03630 9.96736 10.5989 10.5063 10.4064 10.3064 10.2065 10.1258 10.1779 10.2811 10.3843 10.4874 10.5586 10.5609 10.5609 10.5609 10.5609 10.4098 10.1106 10.6331 8.90933 7.57228 7.28467 6.99683 6.41609 5.16546 5.14128 5.14128 5.14128 5.14128 5.14128 5.14128 5.16249 5.24474 5.37165 5.42456 5.47128 5.50524 5.50928 5.44102 4.89029 4.87363 4.79680 4.71347 4.63006 4.54676 4.50838 4.50838 4.37991 4.53474 4.81102
7.30868 7.26714 7.26986 7.30399 7.36976 7.48048 7.58356 7.65520 7.72410 7.76104 7.76108 7.76108 7.76022 7.75393 8.22620 8.90088 9.48188 10.1428 10.1253 10.2084 10.3115 10.4146 10.5174 10.5609 10.5609 10.5609 10.5609 10.5609 10.5609 10.5609 10.5609 10.5564 10.3960 9.63335 9.83508 8.71243 6.72877 6.72877 6.72877 6.66866 5.35276 5.14128 5.17268 5.24919 5.33285 5.42566 5.51834 5.59000 5.60050 5.55620 5.50928 5.50929 5.51185 5.51637 5.52089 4.76172 4.51496 4.50838 4.50838 4.50838 4.50838 4.50795 4.48957 4.42976 4.69998 5.10015
7.41339 7.52650 7.63574 7.71358 7.75981 7.76108 7.76108 7.76064 7.75493 7.74766 7.74152 7.77560 7.82620 7.87679 8.10607 8.85825 9.30676 10.5219 10.5409 10.5609 10.5609 10.5609 10.5609 10.5609 10.5609 10.5609 10.5609 10.5609 10.4479 10.2321 10.0164 9.80512 9.73698 9.31797 9.39971 9.40559 6.80923 6.78676 6.88925 6.99154 6.08270 5.51374 5.57507 5.59139 5.60046 5.60050 5.60050 5.60105 5.60499 5.59053 5.52283 5.52734 5.52931 5.52931 5.52931 4.99349 4.50838 4.50822 4.49164 4.46405 4.43646 4.40925 4.40007 4.40007 4.65629 5.02456
7.71055 7.76108 7.76092 7.75594 7.74867 7.74140 7.73413 7.75274 7.80947 7.86241 7.93301 8.02079 8.09575 8.17078 8.23888 8.92792 9.36934 10.3693 10.5609 10.5609 10.5609 10.5609 10.5609 10.5609 10.4845 10.2714 10.0556 9.83981 9.73698 9.73698 9.73698 9.73687 9.73203 9.53138 9.51852 9.91630 7.99022 7.25736 7.25736 7.25736 6.80487 5.60827 5.60050 5.60241 5.60692 5.61145 5.61597 5.61995 5.62053 5.61969 5.53634 5.52931 5.52931 5.52930 5.51461 5.24924 4.43850 4.41107 4.40007 4.40007 4.40007 4.40007 4.40007 4.40007 4.49862 4.97790
7.61274 7.73514 7.72802 7.73762 7.79314 7.84765 7.93084 8.03219 8.10737 8.18237 8.23443 8.23621 8.23621 8.23621 8.23621 8.66372 9.44382 10.2661 10.5618 10.5609 10.5138 10.3105 10.0948 9.87903 9.73962 9.73698 9.73686 9.73195 9.72467 9.71736 9.71002 9.70279 9.70030 9.67778 9.59638 10.0631 8.86196 7.25736 7.25772 7.26246 7.16231 5.78124 5.61790 5.62051 5.62053 5.62053 5.62053 5.62053 5.62053 5.62053 5.54815 5.48907 5.46148 5.43390 5.42099 5.40772 4.47280 4.40007 4.40007 4.40007 4.40007 4.40007 4.41041 4.49339 4.62332 4.96395
7.58343 7.83277 7.92936 8.04094 8.11890 8.19389 8.23608 8.23621 8.23621 8.23621 8.23621 8.24010 8.37172 8.57838 8.80331 9.30031 10.5129 10.6058 10.1813 9.91809 9.74934 9.73684 9.73189 9.72462 9.71728 9.70995 9.70273 9.70030 9.70030 9.70030 9.72029 9.81098 9.91753 10.0367 9.94366 9.85494 9.34071 7.27771 7.28277 7.28407 7.28407 6.15920 5.62053 5.62053 5.62053 5.62053 5.60974 5.58234 5.55476 5.52716 5.47783 5.42099 5.42099 5.42099 5.42099 5.42099 4.75739 4.40007 4.40740 4.48569 4.59290 4.67744 4.73476 4.68666 4.61941 4.65070
8.04292 8.19838 8.23621 8.23621 8.23621 8.23621 8.23621 8.24893 8.40425 8.61368 8.84186 9.08643 9.17323 9.26757 9.40474 9.55249 9.57658 10.0084 9.84361 9.71721 9.70987 9.70267 9.70030 9.70030 9.70030 9.72089 9.81199 9.91753 10.0367 10.1710 10.2040 10.0378 9.86310 9.68824 9.42122 9.31327 9.31327 7.61221 7.28407 7.28407 7.28407 6.70392 5.61170 5.58439 5.55681 5.52920 5.51241 5.51222 5.51222 5.51222 5.50281 5.42124 5.42099 5.42099 5.42926 5.54968 5.26966 4.58478 4.63954 4.59613 4.52883 4.50426 4.50426 4.50359 4.47247 4.49246
8.40934 8.19722 8.23621 8.26258 8.43722 8.64939 8.88109 9.11683 9.17023 9.22901 9.36572 9.50292 9.65789 9.74023 9.77978 9.81937 9.70121 10.1306 9.89105 9.70030 9.72089 9.81199 9.91865 10.0380 10.1724 10.2820 10.1618 9.98704 9.81226 9.63748 9.54697 9.54697 9.54697 9.54697 9.47812 9.31327 9.31327 8.20970 7.30403 7.39400 7.48998 7.33460 5.62382 5.51222 5.51222 5.51222 5.51222 5.51222 5.51222 5.51222 5.55318 5.53767 5.59266 5.73113 5.87979 5.87482 5.75986 4.51869 4.50426 4.49141 4.44556 4.39804 4.35052 4.30367 4.28726 4.32104
