High_resolution/powerplant/Shangrao/OMI_NO2_201002.asc
ncols      200
nrows      200
xllcorner       115.451
yllcorner       27.0350
cellsize     0.0166667
NODATA_Value      -999.000
[rows 90 to 119 of 175, columns 0 to 65 of 200]
1.05462 0.993688 0.808735 0.808735 0.808735 0.808735 2.59766 2.96420 2.96420 2.96420 2.96420 2.96420 2.96420 2.96420 2.96420 2.96420 2.96420 2.96420 2.96420 2.96420 2.96420 2.96420 2.96420 2.96420 0.00000 0.00000 0.00000 0.00000 0.00000 0.00000 0.00000 0.00000 0.00000 0.00000 0.00000 0.00000 0.00000 0.00000 0.00000 0.00000 0.00000 0.00000 7.60676 7.05164 7.02220 7.02220 7.02220 7.02220 7.02220 7.02220 7.02220 7.02220 7.02220 7.02220 7.02220 7.02220 7.02220 7.02220 7.02220 7.02220 7.02220 7.02220 6.92773 4.68397 4.59992 4.59992
1.05462 1.03796 0.808784 0.808735 0.808735 0.808735 1.94921 2.96420 2.96420 2.96420 2.96420 2.96420 2.96420 2.96420 2.96420 2.96420 2.96420 2.96420 2.96420 2.96420 2.96420 2.96420 2.96420 2.96420 0.00000 0.00000 0.00000 0.00000 0.00000 0.00000 0.00000 0.00000 0.00000 0.00000 0.00000 0.00000 0.00000 0.00000 0.00000 0.00000 0.00000 0.00000 7.02220 7.02220 7.02220 7.02220 7.02220 7.02220 7.02220 7.02220 7.02220 7.02220 7.02220 7.02220 7.02220 7.02220 7.02220 7.02220 7.02220 7.02220 7.02220 7.02220 7.02220 5.30328 4.59992 4.59992
1.05462 1.05462 0.870562 0.808735 0.808735 0.808735 1.30054 2.96420 2.96420 2.96420 2.96420 2.96420 2.96420 2.96420 2.96420 2.96420 2.96420 2.96420 2.96420 2.96420 2.96420 2.96420 2.96420 0.00000 0.00000 0.00000 0.00000 0.00000 3.65584 3.65584 3.65584 3.65584 3.65584 0.00000 0.00000 0.00000 0.00000 0.00000 0.00000 0.00000 0.00000 0.00000 0.00000 7.02220 7.02220 7.02220 7.02220 7.02220 7.02220 7.02220 7.02220 7.02220 7.02220 7.02220 7.02220 7.02220 7.02220 7.02220 7.02220 7.02220 7.02220 7.02220 7.02220 5.89193 4.29346 4.05550
1.05462 1.05462 0.952794 0.808735 0.808735 0.808735 0.830505 2.78656 2.96420 2.96420 2.96420 2.96420 2.96420 2.96420 2.96420 2.96420 2.96420 2.96420 2.96420 0.00000 0.00000 0.00000 0.00000 0.00000 3.65584 3.65584 3.65584 3.65584 3.65584 3.65584 3.65584 3.65584 3.65584 0.00000 0.00000 0.00000 0.00000 0.00000 0.00000 0.00000 0.00000 0.00000 0.00000 7.02220 7.02220 7.02220 7.02220 7.02220 7.02220 7.02220 7.02220 7.02220 7.02220 7.02220 7.02220 7.02220 7.02220 7.02220 7.02102 6.63587 5.94895 5.26204 4.57543 4.02805 3.54517 3.54463
1.05462 1.05462 1.00864 0.808735 0.808735 0.808735 0.808735 2.16013 2.96420 2.96420 2.96420 2.96420 2.96420 2.96420 2.96420 0.00000 0.00000 0.00000 0.00000 0.00000 0.00000 0.00000 0.00000 0.00000 3.65584 3.65584 3.65584 3.65584 3.65584 3.65584 3.65584 3.65584 3.65584 0.00000 0.00000 0.00000 0.00000 0.00000 0.00000 0.00000 0.00000 0.00000 0.00000 7.02220 7.02220 7.02220 7.02220 7.02220 7.02220 7.02220 7.02220 7.02220 7.02220 7.02220 6.97947 6.43636 5.74916 5.06254 4.37710 4.07535 4.07535 4.07535 4.07535 4.07535 3.63557 3.54463
1.05462 1.05462 1.03984 0.813527 0.808735 0.808735 0.758936 1.20252 2.96420 2.96420 2.96420 0.00000 0.00000 0.00000 0.00000 0.00000 0.00000 0.00000 0.00000 0.00000 0.00000 0.00000 0.00000 0.00000 3.65584 3.65584 3.65584 3.65584 3.65584 3.65584 3.65584 3.65584 3.65584 0.00000 0.00000 0.00000 0.00000 0.00000 0.00000 0.00000 0.00000 0.00000 0.00000 7.02220 7.02220 7.02220 7.02220 7.02220 7.02220 7.02220 6.88016 6.23686 5.54995 4.86304 4.21915 4.07535 4.07535 4.07535 4.07535 4.07535 4.07535 4.07535 4.07535 4.07535 3.79101 3.54463
0.966867 0.943624 0.899574 0.688883 0.463033 0.317350 0.221524 0.219403 0.219403 0.00000 0.00000 0.00000 0.00000 0.00000 0.00000 0.00000 0.00000 0.00000 0.00000 0.00000 0.00000 0.00000 0.00000 0.00000 3.65584 3.65584 3.65584 3.65584 3.65584 3.65584 3.65584 3.65584 3.65584 3.65584 0.00000 0.00000 0.00000 0.00000 0.00000 0.00000 0.00000 0.00000 0.00000 0.00000 7.02220 7.02220 6.72280 6.03707 5.35045 4.66354 4.11866 4.07535 4.07535 4.07535 4.07535 4.07535 4.07535 4.07535 4.07535 4.07535 4.07535 4.07535 4.07535 4.07535 3.94650 3.54463
0.750504 0.677662 0.632696 0.492588 0.219403 0.219403 0.219403 0.219403 0.219403 0.00000 0.00000 0.00000 0.00000 0.00000 0.00000 0.00000 0.00000 0.00000 0.00000 0.00000 0.00000 0.00000 0.00000 0.00000 3.65584 3.65584 3.65584 3.65584 3.65584 3.65584 3.65584 3.65584 3.65584 3.65584 0.00000 0.00000 0.00000 0.00000 0.00000 0.00000 0.00000 7.04927 7.04927 7.04927 6.32375 4.46433 4.07652 4.07535 4.07535 4.07535 4.07535 4.07535 4.07535 4.07535 4.07535 4.07535 4.07535 4.07535 4.07535 4.07535 4.07535 4.07535 4.07535 4.07535 4.06701 3.57961
0.632107 0.632107 0.632107 0.576946 0.219403 0.219403 0.219403 0.219403 0.219403 0.00000 0.00000 0.00000 0.00000 0.00000 0.00000 0.00000 0.00000 0.00000 0.00000 0.00000 0.00000 0.00000 0.00000 0.00000 3.65584 3.65584 3.65584 3.65584 3.65584 3.65584 3.65584 3.65584 3.65584 3.65584 0.00000 0.00000 0.00000 7.04927 7.04927 7.04927 7.04927 7.04927 7.04927 7.04927 6.93563 4.18185 4.07535 4.07535 4.07535 4.07535 4.07535 4.07535 4.07535 4.07535 4.07535 4.07535 4.07535 4.07535 4.07535 4.07535 4.07535 4.07535 4.07535 4.07535 4.07535 3.72669
0.632107 0.632107 0.632107 0.628149 0.260575 0.219403 0.219403 0.219403 0.219403 0.219403 0.00000 0.00000 0.00000 0.00000 0.00000 0.00000 0.00000 0.00000 0.00000 0.00000 0.00000 0.00000 0.00000 0.00000 3.65584 3.65584 3.65584 3.65584 3.65584 3.65584 3.65584 3.65579 3.60509 3.60976 7.04927 7.04927 7.04927 7.04927 7.04927 7.04927 7.04927 7.04927 7.04927 7.04927 7.04927 4.95309 4.07535 4.07535 4.07535 4.07535 4.07535 4.07535 4.07535 4.07535 4.07535 4.07535 4.07535 4.07535 4.07535 4.07535 4.07535 4.07535 4.07535 4.07535 4.07535 3.88215
0.632107 0.632107 0.632107 0.632107 0.411392 0.219403 0.219403 0.219403 0.219403 0.219403 0.00000 0.00000 0.00000 0.00000 0.00000 0.00000 0.00000 0.00000 0.00000 0.00000 0.00000 0.00000 0.00000 0.00000 3.65584 3.65584 3.63202 3.54158 3.44767 3.52842 4.07519 4.48454 4.81055 5.05350 6.64702 7.04927 7.04927 7.04927 7.04927 7.04927 7.04927 7.04927 7.04927 7.04927 7.04927 5.83845 4.07535 4.07535 4.07535 4.07535 4.07535 4.07535 4.07535 4.07535 4.07535 4.07535 4.07535 4.07535 4.07535 4.07535 4.07535 4.07262 4.00234 3.90323 3.80408 3.67717
0.632107 0.632107 0.632107 0.632107 0.519842 0.219403 0.219403 0.219403 0.219403 0.219403 0.00000 0.00000 0.00000 0.00000 0.00000 0.00000 0.00000 0.00000 0.00000 0.00000 0.00000 0.00000 0.00000 0.00000 3.28992 3.47808 4.06500 4.52315 4.86094 5.07062 5.08546 5.08546 5.08546 5.08546 5.96837 7.04927 7.04927 7.04927 7.04927 7.04927 7.04927 7.04927 7.04927 7.04927 7.04927 6.71579 4.08278 4.07535 4.07535 4.07535 4.07535 4.07535 4.07535 4.07535 4.07535 4.07535 4.07535 4.06147 3.97326 3.87411 3.77501 3.67858 3.64964 3.64964 3.64964 3.64964
0.632107 0.632107 0.632107 0.632107 0.596682 0.219403 0.219403 0.219403 0.219555 0.426013 0.00000 0.00000 0.00000 0.00000 0.00000 0.00000 0.00000 0.00000 0.00000 0.00000 0.00000 0.00000 0.00000 0.00000 3.57473 5.08133 5.08546 5.08546 5.08546 5.08546 5.08546 5.08546 5.08546 5.08546 5.50781 7.04927 7.04927 7.04927 7.04927 7.04927 7.04927 7.04927 7.04927 7.04927 7.04927 7.04927 4.63396 4.07535 4.07535 4.07535 4.07535 4.07535 4.07535 4.04180 3.94423 3.84499 3.74589 3.66062 3.64964 3.64964 3.64964 3.64964 3.64964 3.64964 3.64964 3.64964
0.602873 0.555100 0.495856 0.420117 0.320759 0.438464 0.815109 1.19145 1.56794 1.74490 1.74490 0.00000 0.00000 0.00000 0.00000 0.00000 0.00000 0.00000 0.00000 0.00000 0.00000 0.00000 0.00000 0.00000 3.12165 4.93081 5.08546 5.08546 5.08546 5.08546 5.08546 5.08546 5.08546 5.08546 5.17950 7.03440 7.04927 7.04927 7.04927 7.04927 7.04927 7.04927 7.04927 7.04927 7.04927 7.04927 5.51888 4.07535 4.07471 4.01426 3.91511 3.81592 3.71677 3.65121 3.64964 3.64964 3.64964 3.64964 3.64964 3.64964 3.64964 3.64964 3.64964 3.64964 3.64964 3.64964
0.222606 0.457380 0.834178 1.21036 1.58594 1.74490 1.74490 1.74490 1.74490 1.74490 1.74490 0.00000 0.00000 0.00000 0.00000 0.00000 0.00000 0.00000 0.00000 0.00000 0.00000 0.00000 0.00000 0.00000 3.12165 4.52298 5.08546 5.08546 5.08546 5.08546 5.08546 5.08546 5.08546 5.08546 5.08546 6.45381 7.04927 7.04927 7.04927 7.04927 7.04927 7.04927 7.04927 7.04927 7.05330 7.10536 6.46944 3.78684 3.68833 3.64964 3.64964 3.64964 3.64964 3.64964 3.64964 3.64964 3.64964 3.64964 3.64964 3.64964 3.64964 3.64964 3.64964 3.64964 3.64964 3.64964
1.60287 1.74490 1.74490 1.74490 1.74490 1.74490 1.74490 1.74490 1.74490 1.74490 1.74490 0.00000 0.00000 0.00000 0.00000 0.00000 0.00000 0.00000 0.00000 0.00000 0.00000 0.00000 0.00000 0.00000 3.12165 3.92044 5.08546 5.08546 5.08546 5.08546 5.08546 5.08546 5.08546 5.08546 5.08546 5.83935 7.04927 7.04927 7.04927 7.04927 7.05826 7.11687 7.18298 7.24910 7.31118 7.32520 7.29469 3.96570 3.64964 3.64964 3.64964 3.64964 3.64964 3.64964 3.64964 3.64964 3.64964 3.64964 3.64964 3.64964 3.64964 3.64964 3.64964 3.64964 3.64964 3.64964
1.74490 1.74490 1.74490 1.74490 1.74490 1.74490 1.74490 1.74490 1.74490 1.74490 1.74490 1.74490 0.00000 0.00000 0.00000 0.00000 0.00000 0.00000 0.00000 0.00000 0.00000 0.00000 0.00000 0.00000 3.12165 3.19375 5.02190 5.08546 5.08546 5.08546 5.08546 5.08546 5.08546 5.08546 5.08546 5.40198 7.06530 7.12838 7.19448 7.26058 7.31769 7.32520 7.32520 7.32520 7.32520 7.32520 7.32520 5.01865 3.64964 3.64964 3.64964 3.64964 3.64964 3.64964 3.64964 3.64964 3.64964 3.64964 3.64964 3.64964 3.64964 3.64964 3.64964 3.64964 3.64964 3.64964
1.74490 1.74490 1.74490 1.74490 1.74490 1.74490 1.74490 1.74490 1.74490 1.74490 1.74490 1.74490 0.00000 0.00000 0.00000 0.00000 0.00000 0.00000 0.00000 0.00000 0.00000 0.00000 0.00000 0.00000 3.12165 3.12165 4.67866 5.08546 5.08546 5.07757 5.03609 4.99090 4.95823 4.94578 4.93364 4.99522 7.21620 7.32520 7.32520 7.32520 7.32520 7.32520 7.32520 7.32520 7.32520 7.32520 7.32520 6.10124 3.64964 3.64964 3.64964 3.64964 3.64964 3.64964 3.64964 3.64964 3.64964 3.64964 3.64964 3.64964 3.64964 3.64964 3.64964 3.64964 3.63422 3.48376
1.74490 1.74490 1.74490 1.74490 1.74490 1.74490 1.74490 1.74490 1.74490 1.74490 1.74490 1.74490 0.00000 0.00000 0.00000 0.00000 0.00000 0.00000 0.00000 0.00000 0.00000 0.00000 0.00000 0.00000 3.05305 2.96266 3.97230 4.91556 4.88834 4.88410 4.91339 4.94645 4.96696 4.96724 4.96724 4.96724 6.40082 7.32520 7.32520 7.32520 7.32520 7.32520 7.32520 7.32520 7.32520 7.32520 7.32520 7.11020 3.72388 3.64964 3.64964 3.64964 3.64964 3.64964 3.64964 3.64964 3.64964 3.64964 3.64964 3.64964 3.60347 3.42907 3.24715 3.06516 2.89866 2.86720
1.74490 1.74490 1.74490 1.74490 1.74490 1.74490 1.74490 1.74490 1.74490 1.74490 1.74490 1.74490 0.00000 0.00000 0.00000 0.00000 0.00000 0.00000 0.00000 0.00000 0.00000 0.00000 0.00000 0.00000 2.60928 2.60928 2.91567 4.93567 4.96724 4.96724 4.96724 4.96724 4.96724 4.96724 4.96724 4.96724 5.73241 7.32520 7.32520 7.32520 7.32520 7.32520 7.32520 7.32520 7.32520 7.32520 7.32520 7.32520 4.59205 3.64964 3.64964 3.64964 3.64964 3.64964 3.64964 3.64964 3.55629 3.37430 3.19238 3.01039 2.87471 2.86720 2.86720 2.86720 2.86720 2.86720
1.74490 1.74490 1.74490 1.74490 1.74490 1.74490 1.74490 1.74490 1.74490 1.74490 1.74490 1.74490 0.00000 0.00000 0.00000 0.00000 0.00000 0.00000 0.00000 0.00000 0.00000 0.00000 0.00000 0.00000 2.60928 2.60928 2.60928 4.64479 4.96724 4.96724 4.96724 4.96724 4.96724 4.96724 4.96724 4.96724 5.26374 7.32520 7.32520 7.32520 7.32520 7.32520 7.32520 7.32520 7.32520 7.32520 7.32520 7.32520 5.67561 3.64964 3.64964 3.64072 3.50152 3.31953 3.13761 2.95562 2.86720 2.86720 2.86720 2.86720 2.86720 2.86720 2.86720 2.86720 2.86720 2.86720
1.74490 1.74490 1.74490 1.74490 1.74490 1.74490 1.74490 1.74490 0.00000 0.00000 0.00000 0.00000 0.00000 0.00000 0.00000 0.00000 0.00000 0.00000 0.00000 0.00000 0.00000 0.00000 0.00000 0.00000 2.60928 2.60928 2.60928 4.09645 4.96724 4.96724 4.96724 4.96724 4.96724 4.96724 4.96724 4.96724 4.98554 7.06667 7.32520 7.32520 7.32520 7.32520 7.32520 7.32520 7.32520 7.32520 7.32520 7.18014 5.86486 3.26476 3.08284 2.90992 2.86720 2.86720 2.86720 2.86720 2.86720 2.86720 2.86720 2.86720 2.86720 2.86720 2.86720 2.86720 2.86720 2.86720
1.74490 1.74490 1.74490 1.74490 0.00000 0.00000 0.00000 0.00000 0.00000 0.00000 0.00000 0.00000 0.00000 0.00000 0.00000 0.00000 0.00000 0.00000 0.00000 0.00000 0.00000 0.00000 0.00000 0.00000 2.60928 2.60928 2.60928 3.26535 4.96724 4.96724 4.96724 4.96724 4.96724 4.96724 4.96724 4.96724 4.96724 6.21087 7.32520 7.32520 7.32520 7.32520 7.32520 7.08181 6.21554 5.31899 4.42244 3.67020 3.58645 2.96900 2.86720 2.86720 2.86720 2.86720 2.86720 2.86720 2.86720 2.86720 2.86720 2.86720 2.86720 2.86720 2.86720 2.86720 2.86720 2.86720
0.00000 0.00000 0.00000 0.00000 0.00000 0.00000 0.00000 0.00000 0.00000 0.00000 0.00000 0.00000 0.00000 0.00000 0.00000 0.00000 0.00000 0.00000 0.00000 0.00000 0.00000 0.00000 0.00000 0.00000 2.60928 2.60928 2.60928 2.61022 4.79316 4.96724 4.96724 4.96724 4.96724 4.96724 4.96724 4.96724 4.96724 5.60294 7.32520 6.95918 6.06599 5.16869 4.27139 3.61748 3.58645 3.58645 3.58645 3.58645 3.58645 3.18190 2.86720 2.86720 2.86720 2.86720 2.86720 2.86720 2.86720 2.86720 2.86720 2.86720 2.86720 2.86720 2.86720 2.86720 2.86720 2.86720
0.00000 0.00000 0.00000 0.00000 0.00000 0.00000 0.00000 0.00000 0.00000 0.00000 0.00000 0.00000 0.00000 0.00000 0.00000 0.00000 0.00000 0.00000 0.00000 0.00000 0.00000 0.00000 0.00000 0.00000 2.60928 2.60928 2.60928 2.60928 4.30971 4.96724 4.96724 4.96724 4.96450 4.94501 4.92154 4.64385 4.17284 3.81561 4.12035 3.59056 3.58645 3.58645 3.58645 3.58645 3.58645 3.58645 3.58645 3.58645 3.58645 3.39497 2.86720 2.86720 2.86720 2.86720 2.86720 2.86720 2.86720 2.86720 2.86720 2.86720 2.86720 2.86720 2.86720 2.86720 2.86720 2.86720
0.00000 0.00000 0.00000 0.00000 0.00000 0.00000 0.00000 0.00000 0.00000 0.00000 0.00000 0.00000 0.00000 0.00000 0.00000 0.00000 0.00000 0.00000 0.00000 0.00000 0.00000 0.00000 0.00000 0.00000 2.60928 2.60928 2.60860 2.57913 3.53774 4.90749 4.87226 4.53078 4.06311 3.61180 3.16427 2.97098 2.97098 2.97134 3.46527 3.58645 3.58645 3.58645 3.58645 3.58645 3.58645 3.58645 3.58645 3.58645 3.58645 3.56955 2.90555 2.86720 2.86720 2.86720 2.86720 2.86720 2.86720 2.86720 2.86720 2.86720 2.86720 2.86720 2.86720 2.83556 2.75718 2.67840
0.00000 0.00000 0.00000 0.00000 0.00000 0.00000 0.00000 0.00000 0.00000 0.00000 0.00000 0.00000 0.00000 0.00000 0.00000 0.00000 0.00000 0.00000 0.00000 0.00000 0.00000 0.00000 0.00000 0.00000 2.45940 2.41471 2.37073 2.35550 2.46438 3.53444 3.10052 2.97098 2.97098 2.97098 2.97098 2.97098 2.97098 2.97098 3.25139 3.58645 3.58645 3.58645 3.58645 3.58645 3.58645 3.58645 3.58645 3.58645 3.58645 3.58645 3.10163 2.86720 2.86720 2.86720 2.86720 2.86720 2.86720 2.86720 2.86561 2.81202 2.73324 2.65445 2.57563 2.52846 2.52805 2.52805
0.00000 0.00000 0.00000 0.00000 0.00000 0.00000 0.00000 0.00000 0.00000 0.00000 0.00000 0.00000 0.00000 0.00000 0.00000 0.00000 0.00000 0.00000 0.00000 0.00000 0.00000 0.00000 0.00000 0.00000 2.35550 2.35550 2.35550 2.35550 2.35550 2.84860 2.97098 2.97098 2.97098 2.97098 2.97098 2.97098 2.97098 2.97098 3.10581 3.58645 3.58645 3.58645 3.58645 3.58645 3.58645 3.58645 3.58645 3.58645 3.58645 3.58645 3.31474 2.86720 2.86720 2.86720 2.85720 2.78808 2.70929 2.63051 2.55328 2.52805 2.52805 2.52805 2.52805 2.52805 2.52805 2.52805
0.00000 0.00000 0.00000 0.00000 0.00000 0.00000 0.00000 0.00000 0.00000 0.00000 0.00000 0.00000 0.00000 0.00000 0.00000 0.00000 0.00000 0.00000 0.00000 0.00000 0.00000 0.00000 0.00000 0.00000 2.35550 2.35550 2.35550 2.35550 2.35550 2.68821 2.97098 2.97098 2.97098 2.97098 2.97098 2.97098 2.97098 2.97098 3.00208 3.58277 3.58645 3.58645 3.58645 3.58645 3.58645 3.58645 3.58645 3.58645 3.58645 3.58645 3.39229 2.75922 2.68535 2.60656 2.53772 2.52805 2.52805 2.52805 2.52805 2.52805 2.52805 2.52805 2.52805 2.52805 2.52805 2.52805
0.00000 0.00000 0.00000 0.00000 0.00000 0.00000 0.00000 0.00000 0.00000 0.00000 0.00000 0.00000 0.00000 0.00000 0.00000 0.00000 0.00000 0.00000 0.00000 0.00000 0.00000 0.00000 0.00000 0.00000 2.35550 2.35550 2.35550 2.35550 2.35550 2.44921 2.96791 2.97098 2.97098 2.97098 2.97098 2.97098 2.97098 2.97098 2.97098 3.40464 3.58645 3.58645 3.58645 3.58645 3.58645 3.58645 3.39209 2.96831 2.54436 2.12022 1.82620 2.37731 2.52805 2.52805 2.52805 2.52805 2.52805 2.52805 2.52805 2.52805 2.52805 2.52805 2.52805 2.52805 2.52805 2.52805
