High_resolution/powerplant/Shangrao/OMI_NO2_200905.asc
ncols      200
nrows      200
xllcorner       115.451
yllcorner       27.0350
cellsize     0.0166667
NODATA_Value      -999.000
[rows 29 to 57 of 165, columns 0 to 66 of 200]
4.19057 4.11282 4.04118 4.04118 4.04118 4.04118 4.04118 4.04118 4.04118 4.04118 4.04118 4.04118 4.04118 4.01405 3.93740 3.93740 3.94512 4.03478 3.81284 2.81879 2.81879 2.81879 3.04744 3.81981 4.61494 5.41367 5.99238 6.08511 6.16689 6.24867 6.23811 6.20276 5.91740 5.35568 5.36562 5.36562 5.36562 5.36562 5.36562 5.36562 5.36562 5.36562 5.35818 4.10799 3.96123 3.96123 4.14052 4.78594 4.78594 4.78437 4.65606 4.64861 4.64703 4.61128 4.28624 4.16660 4.10160 4.08068 4.08068 4.08068 4.08068 4.08068 3.99746 3.71995 3.71995 3.74006 4.19361
4.19057 4.15952 4.04118 4.04118 4.04118 4.04118 4.04118 4.04118 4.04118 4.04118 4.04118 4.03210 3.98465 3.93022 3.78223 3.72523 3.67335 3.94710 4.00103 3.72758 4.56241 5.42738 6.07568 6.18023 6.26192 6.34015 6.36038 6.36038 6.36038 6.36038 6.31955 6.20276 6.16179 5.35831 5.36562 5.36562 5.36562 5.36562 5.36562 5.36562 5.36562 5.36562 5.36562 4.54124 3.96123 3.96123 3.97013 4.72586 4.78382 4.74656 4.59713 4.50953 4.46124 4.44716 4.22955 4.08068 4.08068 4.08068 4.08068 4.08068 4.08068 4.01471 3.86627 3.28633 3.06609 2.88051 3.05453
4.19057 4.19050 4.05387 4.04118 4.04118 4.03047 3.98186 3.92997 3.87809 3.82621 3.77430 3.73153 3.72713 3.72713 3.64443 3.53603 3.48507 3.59000 3.71920 5.15256 6.34851 6.36038 6.36038 6.36038 6.36038 6.36038 6.36038 6.36038 6.36038 6.36038 6.35638 6.21014 6.20276 5.46502 5.36562 5.36562 5.36562 5.36562 5.36562 5.36562 5.36562 5.36562 5.36562 4.98166 3.95849 3.91973 3.86989 4.36304 4.59702 4.58449 4.51662 4.44716 4.44716 4.44716 4.30846 4.06490 3.94165 3.79875 3.65530 3.51240 3.36910 3.29170 3.29162 2.86617 2.66550 2.66550 2.86273
4.19057 4.19057 3.97527 3.82345 3.77157 3.73040 3.72713 3.72713 3.72713 3.72713 3.71454 3.60212 3.46087 3.31945 3.31123 3.51420 3.51808 3.60071 3.87699 4.44814 6.36038 6.36038 6.36038 6.36038 6.36038 6.36038 6.36038 6.36038 6.36038 6.36038 6.36038 6.25052 6.20276 5.62919 5.36562 5.36562 5.36562 5.36562 5.36562 5.36562 5.36048 5.25893 5.12074 4.95465 3.83670 3.75978 3.75978 4.07219 4.58498 4.58572 4.49860 4.29078 4.18428 4.07743 3.87638 3.32926 3.32053 3.33194 3.34335 3.35476 3.36617 3.37760 3.38901 3.14803 2.78570 2.79711 2.84788
4.19057 4.19057 3.99019 3.72713 3.72713 3.71776 3.67944 3.58097 3.43962 3.29816 3.16961 3.14049 3.14049 3.14049 3.18694 3.51781 3.51808 3.53213 3.86855 3.89661 6.12204 6.36038 6.36038 6.36038 6.36038 6.36038 6.36038 6.36038 6.36038 6.36038 6.36038 6.29489 6.20276 5.84891 5.36519 5.37000 5.36830 5.27608 5.13869 5.00135 4.86915 4.83337 4.83589 4.84727 4.17812 3.90268 4.02343 4.19119 4.24177 4.14550 4.09442 3.95477 3.96090 3.96946 3.95759 3.44325 3.43110 3.43110 3.43110 3.43110 3.43110 3.43110 3.43110 3.35165 2.80511 2.80499 2.80499
4.17549 4.11830 4.01279 3.56148 3.41836 3.28648 3.18338 3.14049 3.14049 3.14049 3.14049 3.14049 3.14049 3.14049 3.14049 3.45721 3.51808 3.51808 3.76776 3.87699 5.35251 6.36038 6.36038 6.36038 6.36038 6.36038 6.36038 6.36038 6.36038 6.36038 6.36038 6.33895 6.20113 5.94539 5.16587 5.07012 4.94630 4.91298 4.92481 4.96362 5.07886 5.19886 5.31702 5.42629 5.16981 4.48281 4.48281 4.48281 4.20073 4.13971 4.13971 4.00608 3.97344 3.97344 3.97344 3.56172 3.43110 3.43110 3.43110 3.43110 3.43110 3.43110 3.43110 3.42326 2.79074 2.57029 2.44368
3.71075 3.55599 3.40366 3.16599 3.14049 3.14049 3.14049 3.14049 3.14049 3.14049 3.14049 3.14049 3.14049 3.14049 3.14049 3.35005 3.51808 3.51808 3.66389 3.87699 4.56288 6.36038 6.36038 6.36038 6.36038 6.36038 6.36038 6.36038 6.36027 6.21483 5.93879 5.66252 5.25321 5.12076 4.98988 5.13719 5.24548 5.35354 5.46160 5.54299 5.54759 5.54759 5.54759 5.54759 5.49288 4.51305 4.48281 4.48281 4.29611 4.13971 4.13971 4.04414 3.97344 3.97344 3.97344 3.68992 3.43110 3.43110 3.43110 3.42101 3.31742 3.19072 3.06407 2.94526 2.55938 2.29266 2.29266
3.31061 3.31061 3.31061 3.20441 3.14049 3.14049 3.14049 3.14049 3.14049 3.14049 3.14049 3.14049 3.14049 3.14049 3.14049 3.24294 3.51808 3.51808 3.58019 3.87699 3.93063 6.20293 6.36038 6.36038 6.36038 6.23712 5.96140 5.68514 5.41091 5.32151 5.37905 5.43668 5.75343 6.17129 5.74129 5.54759 5.54759 5.54759 5.54759 5.54759 5.54759 5.54759 5.54759 5.54759 5.54759 4.79085 4.48281 4.48281 4.39151 4.13971 4.13971 4.08222 3.97344 3.97344 3.97344 3.79273 3.31152 3.18494 3.05823 2.94182 2.91877 2.91877 2.91877 2.91877 2.73248 2.29266 2.29266
3.31061 3.31061 3.31061 3.25290 3.14049 3.14049 3.14049 3.14049 3.14049 3.14049 3.14049 3.14049 3.14049 3.14049 3.13338 3.06509 3.31766 3.23561 3.14094 3.80819 3.87699 5.36442 5.98402 5.71308 5.48490 5.38949 5.44666 5.50417 5.55999 5.57610 5.57610 5.57610 5.78039 6.27267 5.91535 5.54750 5.54759 5.54759 5.54759 5.54759 5.54759 5.54759 5.54759 5.54759 5.54759 5.12359 4.48281 4.48281 4.47282 4.15371 4.13971 4.10883 3.87950 3.78451 3.68948 3.51784 2.91877 2.91877 2.91877 2.91877 2.91877 2.91877 2.91877 2.91877 2.85339 2.29608 2.28577
3.31061 3.31061 3.31061 3.30393 3.14531 3.14049 3.14049 3.14049 3.13136 3.04965 2.95153 2.85346 2.75533 2.65756 2.56661 2.54794 2.81371 2.88126 2.70184 3.00514 3.06122 3.75035 5.51418 5.56657 5.57610 5.57610 5.57610 5.57610 5.57610 5.57610 5.57610 5.57610 5.60502 6.25230 6.12710 5.54532 5.54759 5.54759 5.54759 5.54759 5.54759 5.54759 5.54759 5.54759 5.54759 5.44740 4.49122 4.46928 4.38444 4.04565 3.85141 3.76791 3.60782 3.58920 3.58920 3.58517 2.96834 2.91877 2.91189 2.83351 2.73588 2.63808 2.54029 2.44287 2.38171 2.30288 2.27631
3.31061 3.31061 3.31061 3.31061 3.03080 2.84919 2.75101 2.65300 2.56394 2.54794 2.54794 2.54794 2.54794 2.52239 2.34261 2.13641 2.15188 2.34844 2.36938 2.60189 3.04741 3.15813 5.48710 5.57610 5.57610 5.57610 5.57610 5.57610 5.57610 5.57610 5.57610 5.57610 5.57610 6.08553 6.27134 5.58169 5.54759 5.54759 5.54759 5.54759 5.54759 5.54759 5.54759 5.51807 5.30867 5.06890 4.32852 4.10870 4.09856 3.95007 3.75546 3.75546 3.64589 3.56003 3.45885 3.34335 2.78791 2.49085 2.39741 2.34752 2.30901 2.27030 2.23174 2.19322 2.15466 2.06682 1.97295
3.31061 3.31061 3.31061 3.31061 2.89526 2.54794 2.54794 2.54794 2.54575 2.52770 2.36915 2.16303 1.95676 1.77612 1.74993 1.74993 1.83492 2.37247 2.37247 2.45265 3.04741 3.04741 4.79972 5.57610 5.57610 5.57610 5.57610 5.57610 5.57610 5.57610 5.57610 5.57610 5.57610 5.88981 6.27267 5.69361 5.51420 5.47227 5.42996 5.36708 5.12577 4.84375 4.56207 4.30942 4.23712 4.19473 3.91821 3.59215 3.50290 3.34386 2.87761 2.74972 2.50982 2.23506 2.19204 2.16312 2.07146 1.95660 1.92061 1.91284 1.91284 1.91284 1.91284 1.91284 1.91284 1.89237 1.80831
3.33381 3.31061 3.31061 3.30715 3.11282 2.52600 2.39578 2.18950 1.98546 1.79743 1.74993 1.74993 1.74993 1.74993 1.74993 1.74993 1.74993 2.28083 2.37247 2.37342 2.94934 3.04741 4.00117 5.57610 5.57610 5.57610 5.57610 5.57610 5.57610 5.57610 5.57610 5.57610 5.57610 5.69397 6.27267 5.61606 4.57264 4.32083 4.06900 3.83805 3.78538 3.77332 3.75134 3.69574 3.63757 3.57930 3.44504 2.96360 2.95287 2.95263 2.51432 2.45298 2.37701 2.07238 2.07238 2.07238 2.03219 1.91284 1.91284 1.91284 1.91284 1.91284 1.91284 1.91284 1.91284 1.91220 1.82954
3.46487 3.26585 3.12160 2.81623 2.51830 1.85335 1.74993 1.74993 1.74993 1.74993 1.74993 1.74993 1.74993 1.74993 1.74993 1.74993 1.74993 2.10422 2.37247 2.37247 2.73332 3.04741 3.24035 5.53910 5.57610 5.57610 5.57610 5.57610 5.57610 5.57610 5.57610 5.56012 5.21127 4.73290 4.86984 4.39104 3.72221 3.68546 3.63922 3.59297 3.54685 3.50065 3.46434 3.46163 3.46163 3.46163 3.46163 3.03588 2.95287 2.95287 2.65305 2.45298 2.44715 2.09008 2.07238 2.07238 2.06060 1.91290 1.91284 1.91284 1.91284 1.91284 1.92690 1.99418 2.06671 2.13924 2.13195
2.74097 2.27898 2.11404 2.11359 2.11359 1.85153 1.74993 1.74993 1.74993 1.74993 1.74993 1.74993 1.74993 1.74993 1.74993 1.74993 1.74993 1.92755 2.37247 2.37247 2.55946 3.04741 3.04741 4.93414 5.57610 5.57610 5.57610 5.56839 5.24907 4.76953 4.28999 3.82796 3.73328 3.78391 4.02375 4.03273 3.54839 3.46163 3.46163 3.46163 3.46163 3.46163 3.46163 3.46163 3.46163 3.46163 3.46163 3.19484 2.95287 2.95287 2.79205 2.45298 2.45298 2.17206 2.07238 2.07238 2.07238 1.93695 1.92878 1.99709 2.06962 2.14214 2.20060 2.20587 2.20587 2.20587 2.16712
2.06414 2.11356 2.11359 2.11359 2.11359 1.94646 1.74993 1.74993 1.74993 1.74993 1.74993 1.74993 1.74993 1.74993 1.74993 1.74993 1.74993 1.77404 2.41062 2.52047 2.65202 3.04692 3.04741 4.13357 5.28687 4.80714 4.33208 3.90193 3.79236 3.84301 3.89364 3.94275 3.95720 3.95720 3.93817 3.89883 3.58915 3.46163 3.46163 3.46163 3.46163 3.46163 3.46163 3.46163 3.46163 3.46163 3.46163 3.35372 2.95287 2.95287 2.92283 2.46107 2.45298 2.25990 2.08583 2.13777 2.19216 2.18550 2.20165 2.20587 2.20587 2.20587 2.20587 2.20587 2.20587 2.20587 2.19553
2.05029 2.10790 2.11359 2.11359 2.11359 2.06417 1.75078 1.74993 1.74993 1.74993 1.74993 1.75200 1.81287 1.90106 1.98914 2.07706 2.16531 2.25174 2.72848 2.90406 2.90458 3.02419 3.10645 3.24125 3.84969 3.90209 3.94843 3.95720 3.95720 3.95720 3.95720 3.95720 3.95720 3.95720 3.95364 3.89975 3.67631 3.46163 3.46163 3.46163 3.46163 3.46163 3.46163 3.46163 3.46163 3.46163 3.46163 3.45908 3.00629 2.95287 2.96784 2.63744 2.57494 2.52409 2.28970 2.29216 2.29216 2.25899 2.20587 2.20587 2.20587 2.20595 2.20747 2.20951 2.21154 2.21358 2.21562
2.05029 2.09512 2.11359 2.11359 2.11359 2.11359 1.85541 1.90414 1.99244 2.08036 2.16844 2.25456 2.28151 2.28151 2.28151 2.28151 2.26940 2.21996 2.51646 3.01758 3.05207 3.18759 3.31608 3.31608 3.82909 3.95720 3.95720 3.95720 3.95720 3.95720 3.95720 3.95720 3.95720 3.95720 3.95720 3.91258 3.79646 3.46170 3.46163 3.46163 3.46163 3.46163 3.46163 3.46163 3.46163 3.46163 3.47124 3.50697 3.26881 3.13135 3.17080 2.92855 2.67275 2.65132 2.29615 2.29216 2.29263 2.27769 2.21053 2.21256 2.21460 2.21655 2.21708 2.22332 2.24263 2.26229 2.28194
2.05029 2.07653 2.11359 2.11359 2.11359 2.11359 2.22241 2.28151 2.28151 2.28151 2.28151 2.26812 2.21702 2.16488 2.11256 2.06061 2.02041 2.01779 2.17808 3.08317 3.08317 3.13468 3.31608 3.31608 3.62658 3.95720 3.95720 3.95720 3.95720 3.95720 3.95720 3.95720 3.95720 3.95720 3.95720 3.92889 3.88783 3.48965 3.46163 3.46163 3.46163 3.46203 3.47509 3.51678 3.56079 3.60483 3.63922 3.64752 3.53396 3.22630 3.23085 3.08485 2.73244 2.72623 2.48328 2.45918 2.48189 2.49940 2.36617 2.38245 2.40215 2.42181 2.44146 2.45489 2.45527 2.45527 2.45527
2.05029 2.05326 2.11198 2.11359 2.11359 2.11359 2.15669 2.21535 2.16216 2.10968 2.05755 2.01881 2.01767 2.01779 2.01779 2.01779 2.01779 2.01779 2.01789 2.94095 3.08317 3.09128 3.30951 3.31608 3.42406 3.95720 3.95720 3.95720 3.95720 3.95720 3.95720 3.95720 3.95720 3.95720 3.95720 3.94527 3.89883 3.61942 3.57080 3.61141 3.64898 3.67811 3.69450 3.68231 3.66778 3.64077 3.55860 3.46990 3.37068 2.88247 2.77100 2.73813 2.64952 2.64226 2.61986 2.60400 2.60400 2.60400 2.49000 2.45527 2.45527 2.45527 2.45527 2.45527 2.45527 2.45527 2.45527
2.05029 2.05029 2.02102 1.93201 1.85217 1.77306 1.73462 2.01075 2.01755 2.01779 2.01779 2.01779 2.01779 2.01779 2.01779 2.01779 2.01779 2.01779 2.01779 2.63882 3.08317 3.08317 3.24289 3.31608 3.31621 3.86263 3.95720 3.95720 3.95720 3.95720 3.95720 3.95720 3.95720 3.95720 3.96624 4.03069 4.05192 3.74928 3.58790 3.57680 3.53777 3.46386 3.38972 3.31557 3.24143 3.17974 3.17321 3.17321 3.17321 2.88832 2.73831 2.73831 2.67518 2.64226 2.62863 2.60400 2.60400 2.60400 2.52506 2.45527 2.45527 2.45527 2.45527 2.45527 2.45527 2.44603 2.41865
2.05029 2.05220 1.86008 1.71561 1.71742 1.71801 1.71801 1.96154 2.01779 2.01779 2.01779 2.01779 2.01779 2.01779 2.01779 2.01779 2.01779 2.01779 2.01779 2.33663 3.08317 3.08317 3.17625 3.31608 3.31608 3.66063 3.95720 3.95720 3.95720 3.95720 3.96367 4.02545 4.09981 4.17420 4.23954 4.25119 4.05366 3.59164 3.29113 3.21695 3.17349 3.17321 3.17321 3.17321 3.17321 3.17321 3.17321 3.17321 3.17321 3.02356 2.73831 2.73831 2.70172 2.64226 2.63740 2.60400 2.60400 2.60400 2.55597 2.45527 2.45527 2.44495 2.41738 2.38953 2.36168 2.34307 2.34262
2.06248 2.06435 1.99252 1.71825 1.71801 1.71801 1.71801 1.89011 2.01779 2.01779 2.01779 2.01779 2.01779 2.01779 2.01779 2.01779 2.01779 2.01779 2.01779 2.06432 3.05313 3.04411 3.01773 3.31608 3.31608 3.45815 3.96157 4.01988 4.09421 4.16878 4.23916 4.25485 4.25796 4.26107 4.26412 4.26512 3.95052 3.36447 3.17386 3.17321 3.17321 3.17321 3.17321 3.17321 3.17321 3.17321 3.17321 3.17321 3.17321 3.14836 2.74879 2.73831 2.72808 2.64245 2.64225 2.60793 2.60400 2.59541 2.55271 2.38828 2.36043 2.34289 2.34262 2.34262 2.34262 2.34262 2.34262
2.06435 2.06435 2.06435 1.75061 1.71801 1.71801 1.71801 1.80117 2.01779 2.01779 2.01779 2.01779 2.01779 2.01779 2.01769 1.97443 1.89549 1.81661 1.73772 1.65888 2.35971 2.60565 2.61470 3.26228 3.31610 3.32268 4.14608 4.25851 4.26162 4.26451 4.26512 4.26512 4.26512 4.26512 4.26512 4.26512 4.18768 3.40454 3.19057 3.17321 3.17321 3.17321 3.17321 3.17321 3.17321 3.17321 3.17321 3.17321 3.17321 3.17321 2.85919 2.73831 2.73831 2.64930 2.61193 2.56546 2.53189 2.51959 2.51799 2.35376 2.34262 2.34262 2.34262 2.34262 2.34101 2.28534 2.20389
2.06435 2.06435 2.06435 1.82105 1.71801 1.71801 1.71801 1.72199 2.00211 1.97008 1.89124 1.81245 1.73352 1.65468 1.57584 1.54026 1.54026 1.54026 1.54026 1.55764 2.06802 2.60977 2.61162 3.04922 3.33069 3.33101 3.88306 4.26512 4.26512 4.26512 4.26512 4.26512 4.26512 4.26512 4.26512 4.26512 4.26512 3.56904 3.22499 3.17321 3.17321 3.17321 3.17321 3.17321 3.17321 3.17321 3.17321 3.17321 3.17321 3.14508 2.92739 2.68613 2.66526 2.60084 2.55777 2.54097 2.51951 2.51951 2.51951 2.37850 2.24497 2.16361 2.08225 2.00089 1.92109 1.89509 1.89509
2.06435 2.06435 2.06435 1.90073 1.69849 1.68753 1.67803 1.66971 1.59896 1.54026 1.54026 1.54026 1.54026 1.54026 1.55879 1.63002 1.70361 1.77795 1.85176 1.90850 2.02858 2.61560 2.61560 2.85806 3.33101 3.33101 3.58807 4.26512 4.26512 4.26512 4.26512 4.26512 4.26512 4.26512 4.26512 4.26512 4.26512 3.81094 3.27055 3.17321 3.17321 3.17321 3.17321 3.17321 3.17321 3.14929 3.08751 3.02388 2.94767 2.89660 2.85044 2.58891 2.57072 2.52618 2.39842 2.31199 2.20492 2.12765 2.05036 1.94218 1.90040 1.90149 1.90259 1.90368 1.90478 1.90587 1.90697
1.54345 1.79859 1.81620 1.79926 1.66501 1.65982 1.65982 1.65982 1.61224 1.55983 1.63157 1.70563 1.77968 1.85379 1.90908 1.91219 1.91219 1.91219 1.91219 1.91219 1.91289 2.53260 2.61560 2.70058 3.33101 3.33101 3.35132 4.20694 4.26512 4.26512 4.26512 4.26512 4.26512 4.26512 4.26512 4.26512 4.26512 4.05280 3.30758 3.00189 2.98490 2.94794 2.86996 2.79082 2.70840 2.63869 2.60577 2.57480 2.54537 2.46198 2.37016 2.06066 1.91173 1.82064 1.75763 1.74504 1.87985 1.88551 1.88551 1.89157 1.90843 1.90843 1.90843 1.90843 1.90843 1.90843 1.90843
1.54345 1.69022 1.80390 1.80390 1.71552 1.75262 1.82698 1.90094 1.95976 1.90981 1.91236 1.91220 1.91219 1.91219 1.91219 1.91219 1.91219 1.91219 1.91219 1.91219 1.91219 2.33472 2.61560 2.61670 3.22852 3.33101 3.33101 3.93230 4.26512 4.26512 4.26512 4.26512 4.26512 4.26512 4.26512 4.26512 4.26512 4.21488 3.28887 2.64821 2.54836 2.49078 2.47406 2.42928 2.34115 2.26403 2.18771 2.11158 2.04621 2.03803 2.03803 1.90531 1.76301 1.76301 1.74534 1.73860 1.84931 1.88551 1.88551 1.88745 1.90843 1.90843 1.90843 1.90843 1.90843 1.90843 1.90843
1.54345 1.58479 1.80246 1.80389 1.91721 2.03216 2.03196 2.03178 2.03174 1.92861 1.91219 1.91219 1.91219 1.91219 1.91219 1.91219 1.91219 1.91219 1.91219 1.91219 1.91219 2.13614 2.61560 2.61560 3.00008 3.33101 3.33101 3.63761 4.26512 4.26512 4.26512 4.26512 4.26512 4.23834 4.12129 3.99680 3.87227 3.77932 3.08739 2.36971 2.23784 2.16164 2.08540 2.03856 2.03803 2.03803 2.03803 2.03803 2.03803 2.03803 2.03803 1.99043 1.76301 1.76301 1.75213 1.73860 1.81583 1.88551 1.88551 1.88551 1.90535 1.90843 1.90843 1.90877 1.96874 2.07285 2.17691
