High_resolution/powerplant/Shangrao/OMI_NO2_201005.asc
ncols      200
nrows      200
xllcorner       115.451
yllcorner       27.0350
cellsize     0.0166667
NODATA_Value      -999.000
[rows 84 to 111 of 166, columns 62 to 123 of 200]
5.06727 5.06727 5.06727 5.06727 5.06727 5.06727 5.06727 5.06727 5.06727 5.06727 5.06727 5.06727 4.85320 3.37948 3.37813 3.37813 3.17935 2.10728 2.09309 2.06787 2.04267 2.01747 1.99740 2.01496 2.08629 2.16048 2.23475 2.28602 2.28771 2.28771 2.28771 2.28771 2.10139 1.96561 1.96561 1.96561 1.96561 1.96561 1.96561 1.96561 1.89915 1.53111 1.53111 1.53111 1.53111 1.53111 1.53111 1.53111 1.53111 1.53111 1.53111 2.02405 2.14593 2.16179 2.16523 2.15896 2.15269 2.17223 2.18001 2.18001 2.17995 2.16839
5.06727 5.06727 5.06727 5.06727 5.06727 5.06727 5.06727 5.06727 5.06727 5.06727 5.06727 5.06727 5.06727 3.66221 3.35310 3.32789 3.30270 2.20358 1.99575 2.01151 2.08132 2.15548 2.22973 2.28485 2.28771 2.28771 2.28771 2.28771 2.28771 2.28771 2.28771 2.28771 2.19572 1.96561 1.96561 1.96561 1.96561 1.96561 1.96561 1.96561 1.96561 1.59770 1.53111 1.53111 1.53111 1.53111 1.53111 1.53236 1.57150 1.62829 1.67054 1.94390 2.16076 2.13864 2.12890 2.12890 2.12890 2.14472 2.15395 2.13394 2.11400 2.10556
5.06727 5.06727 5.06727 5.06727 5.06727 5.06727 5.06727 5.06727 5.06727 5.05077 4.99930 4.94675 4.89422 4.00678 3.26655 3.27470 3.32673 2.72517 2.22477 2.28325 2.28771 2.28771 2.28771 2.28771 2.28771 2.28771 2.28771 2.28771 2.28771 2.28771 2.28771 2.28771 2.27708 1.97859 1.96561 1.96561 1.96561 1.96561 1.96561 1.96561 1.96561 1.73085 1.53111 1.54843 1.60394 1.66058 1.70202 1.73414 1.72838 1.70504 1.69615 1.79482 2.12890 2.12890 2.12890 2.12890 2.12890 2.12817 2.10659 2.10556 2.10556 2.10556
5.06727 5.06727 5.06727 5.06727 5.06707 5.03644 4.98386 4.93126 4.87873 4.84266 4.84153 4.84509 4.89130 4.57476 3.43346 3.48390 3.49044 3.22052 2.28771 2.28771 2.28771 2.28771 2.28771 2.28771 2.28771 2.28771 2.28771 2.28771 2.28771 2.28771 2.28771 2.28771 2.28771 2.06231 1.96561 1.96561 1.96561 1.96561 1.96910 2.01397 2.07093 2.02565 1.73352 1.74958 1.72743 1.70423 1.69615 1.69615 1.69615 1.69615 1.69615 1.70143 2.09756 2.12890 2.12890 2.12890 2.12890 2.12890 2.11197 2.10556 2.10556 2.10556
5.06344 5.02095 4.96838 4.91583 4.86345 4.84153 4.84153 4.84238 4.88087 4.93944 4.99803 5.05302 5.06542 5.04355 3.60257 3.49044 3.49044 3.48100 2.39946 2.28771 2.28771 2.28771 2.28771 2.28771 2.28771 2.28771 2.28771 2.28771 2.28771 2.28771 2.28771 2.28771 2.28771 2.15664 1.98970 2.04640 2.10339 2.16000 2.19721 2.18363 2.15805 2.12840 1.73143 1.69615 1.69615 1.69615 1.69615 1.69615 1.69615 1.69615 1.69615 1.69615 1.97808 2.12890 2.12890 2.12890 2.12890 2.12890 2.11927 2.10556 2.10556 2.10556
4.85158 4.84153 4.84153 4.84153 4.87044 4.92901 4.98760 5.04531 5.06542 5.06542 5.06542 5.06542 5.06542 5.06542 4.04663 3.49044 3.49044 3.49044 2.76224 2.28771 2.28771 2.28771 2.28771 2.28771 2.28771 2.28771 2.28771 2.28771 2.28771 2.29641 2.40666 2.54621 2.68569 2.74984 2.21176 2.18527 2.15966 2.13435 2.12497 2.12497 2.12497 2.12497 1.85786 1.69615 1.69615 1.69615 1.69615 1.69615 1.69615 1.69615 1.69615 1.69615 1.85331 2.12890 2.12890 2.12890 2.12890 2.12890 2.12754 2.10619 2.10556 2.10556
4.86101 4.91859 4.97716 5.03575 5.06542 5.06542 5.06542 5.06542 5.06542 5.06542 5.06542 5.06542 5.06542 5.06542 4.51218 3.49044 3.49044 3.49044 3.13456 2.28771 2.28771 2.28771 2.28771 2.28771 2.28771 2.32966 2.46570 2.60517 2.74467 2.87546 2.89141 2.86581 2.84024 2.81470 2.24454 2.12497 2.12497 2.12497 2.12497 2.12497 2.12497 2.12497 1.98877 1.69615 1.69615 1.69615 1.69615 1.69615 1.69615 1.69615 1.69615 1.69615 1.73209 2.12535 2.12890 2.12890 2.12890 2.12890 2.12890 2.11111 2.08817 2.08774
5.06441 5.06542 5.06542 5.06542 5.06542 5.06542 5.06542 5.06542 5.06542 5.06542 5.06542 5.06542 5.06542 5.06542 4.95517 3.51311 3.49044 3.49044 3.45183 2.34292 2.29043 2.38519 2.52461 2.66416 2.80365 2.90112 2.89301 2.86747 2.84184 2.81627 2.80390 2.80390 2.80390 2.80390 2.44224 2.12497 2.12497 2.12497 2.12497 2.12497 2.12497 2.12497 2.10590 1.70999 1.69615 1.69615 1.69615 1.69615 1.69615 1.69615 1.69615 1.69615 1.69615 2.03651 2.12890 2.11435 2.05984 2.06274 2.08599 2.10173 2.12565 2.14158
5.06542 5.06542 5.06542 5.06542 5.06542 5.06542 5.06542 5.06542 5.06542 5.06542 5.06542 5.06542 5.06542 5.06542 5.06542 3.86859 3.51733 3.64683 3.78631 3.11198 2.85979 2.90464 2.89454 2.86906 2.84350 2.81788 2.80393 2.80390 2.80390 2.80390 2.80390 2.80390 2.80390 2.80390 2.63987 2.12497 2.12497 2.12497 2.12497 2.12497 2.12497 2.12497 2.12497 1.82180 1.69615 1.69615 1.69615 1.69615 1.69615 1.69615 1.69590 1.69205 1.69233 1.89040 2.04658 2.08436 2.16234 2.18294 2.18294 2.17906 2.14670 2.15529
5.06542 5.06542 5.06542 5.06542 5.06542 5.06542 5.06542 5.06542 5.06542 5.06542 5.06542 5.06542 4.99293 4.83156 4.66998 4.27157 4.09737 4.10736 4.07218 3.55831 2.84510 2.81953 2.80405 2.80390 2.80390 2.80390 2.80390 2.80390 2.80390 2.80390 2.80390 2.80390 2.80390 2.80390 2.79317 2.16931 2.12497 2.12497 2.12497 2.12497 2.12497 2.12497 2.12497 1.95276 1.69615 1.69615 1.69420 1.68920 1.69134 1.75614 1.83611 1.91970 1.99891 2.05144 2.18294 2.18294 2.18294 2.18294 2.18294 2.18294 2.18294 2.18294
5.06542 5.06542 5.06542 5.06542 5.06542 5.06542 5.06542 5.06055 4.94484 4.78326 4.62161 4.45982 4.37065 4.37044 4.34921 4.19851 3.86556 3.75085 3.67136 3.60563 2.81708 2.80390 2.80390 2.80390 2.80390 2.80390 2.80390 2.80390 2.80390 2.80390 2.80390 2.80390 2.80390 2.80390 2.80390 2.35628 2.12497 2.12497 2.12497 2.12497 2.12497 2.12448 2.12022 2.07165 1.69261 1.75799 1.83947 1.92417 2.00176 2.01649 2.01649 2.01649 2.01649 2.01774 2.16866 2.18294 2.18294 2.18294 2.18294 2.18294 2.18294 2.18294
5.06542 5.06542 5.06542 5.04137 4.89633 4.73475 4.57317 4.41631 4.37044 4.37044 4.35970 4.26336 4.14873 4.03397 3.94054 3.93153 3.70161 3.66868 3.66868 3.66868 3.02163 2.80390 2.80390 2.80390 2.80390 2.80390 2.80390 2.80390 2.80390 2.80390 2.80390 2.80390 2.80390 2.80390 2.80390 2.55392 2.12497 2.12241 2.11737 2.11233 2.10532 2.08105 2.05640 2.03253 2.00662 2.01649 2.01649 2.01649 2.01649 2.01649 2.01649 2.01649 2.01649 2.01649 2.12194 2.18294 2.18294 2.18294 2.18294 2.18294 2.18294 2.18294
4.84803 4.68631 4.52466 4.38705 4.37044 4.37044 4.36663 4.28345 4.16874 4.05411 3.95014 3.93176 3.93176 3.93176 3.93176 3.93176 3.77874 3.66868 3.66868 3.66868 3.28934 2.80390 2.80390 2.80390 2.80390 2.80390 2.80390 2.80390 2.80390 2.80390 2.80390 2.80390 2.78845 2.66841 2.52884 2.35588 2.10376 2.08192 2.05806 2.03418 2.01230 2.00812 2.00812 2.00812 2.01222 2.01649 2.01649 2.01649 2.01649 2.01649 2.01649 2.01649 2.01649 2.01649 2.07391 2.18294 2.18294 2.18294 2.18294 2.18294 2.18294 2.18294
4.37044 4.37044 4.37005 4.30354 4.18887 4.07420 3.96326 3.93176 3.93176 3.93176 3.93176 3.93176 3.93176 3.93176 3.93176 3.93176 3.85618 3.66868 3.66868 3.66868 3.55615 2.80477 2.80390 2.80390 2.80390 2.80390 2.80390 2.80390 2.74747 2.60858 2.46907 2.32943 2.20446 2.16738 2.14352 2.11965 2.03127 2.00812 2.00812 2.00812 2.00812 2.00812 2.00812 2.00812 2.00965 2.01649 2.01649 2.01649 2.01649 2.01649 2.01649 2.01649 2.01649 2.01649 2.02814 2.18073 2.18294 2.18294 2.18294 2.18294 2.18294 2.18294
4.20896 4.09421 3.97997 3.93176 3.93176 3.93176 3.93176 3.93176 3.93176 3.93176 3.93176 3.93176 3.93176 3.93176 3.93176 3.93176 3.92295 3.67926 3.66868 3.66868 3.66868 2.95995 2.80390 2.79642 2.68831 2.54880 2.40917 2.26966 2.18599 2.16903 2.14516 2.12130 2.09828 2.09194 2.09194 2.09194 2.05052 2.00812 2.00812 2.00812 2.00812 2.00812 2.00812 2.00812 2.00813 2.01546 2.01649 2.01649 2.01649 2.01649 2.01649 2.01649 2.01649 2.01649 2.01649 2.14441 2.18294 2.18294 2.20420 2.28847 2.45422 2.63157
3.93176 3.93176 3.93176 3.93176 3.93176 3.93176 3.93176 3.93176 3.93176 3.93176 3.93176 3.93176 3.93176 3.93176 3.93176 3.93176 3.93176 3.74784 3.66868 3.62870 3.49314 2.91253 2.34940 2.21732 2.18559 2.17067 2.14681 2.12294 2.09955 2.09194 2.09194 2.09194 2.09194 2.09194 2.09194 2.09194 2.07494 2.00812 2.00812 2.00812 2.00812 2.00812 2.00812 2.00812 2.00812 2.01291 2.01649 2.01649 2.01649 2.01649 2.01649 2.01649 2.01649 2.01828 2.03475 2.19977 2.50980 2.68718 2.84337 2.93659 2.94814 2.94814
3.93176 3.93176 3.93176 3.93176 3.93176 3.93176 3.93176 3.93176 3.93176 3.93176 3.93176 3.93176 3.93176 3.93176 3.92973 3.71025 3.34658 3.10334 3.15432 3.05464 3.05049 2.83267 2.14846 2.12459 2.10092 2.09194 2.09194 2.09194 2.09194 2.09194 2.09194 2.09194 2.09194 2.09194 2.09194 2.09194 2.09147 2.01603 2.00812 2.00812 2.00812 2.00812 2.00812 2.00812 2.00812 2.01036 2.01649 2.01649 2.01649 2.02630 2.04603 2.08683 2.20573 2.33016 2.43988 2.60750 2.94814 2.94814 2.94814 2.94814 2.94814 2.94814
3.93176 3.93176 3.93176 3.93176 3.93176 3.93176 3.93176 3.93176 3.93176 3.93176 3.90077 3.59941 3.23574 2.87218 2.51061 2.36627 2.36627 2.40957 2.92170 2.82971 2.73631 2.69109 2.15900 2.09194 2.09194 2.09194 2.09194 2.09194 2.09194 2.09194 2.09194 2.09194 2.09194 2.09194 2.09194 2.09194 2.09194 2.04001 2.00812 2.00812 2.00812 2.00812 2.00812 2.00812 2.01131 2.02939 2.05680 2.10143 2.22213 2.33860 2.44493 2.53031 2.53768 2.53768 2.53768 2.53948 2.90779 2.94814 2.94814 2.94814 2.94814 2.94814
3.93176 3.93176 3.93176 3.93176 3.93176 3.93176 3.83799 3.48857 3.12502 2.76140 2.42874 2.36627 2.36627 2.34397 2.25504 2.16161 2.06818 2.00970 2.56952 2.69314 2.69314 2.69314 2.34216 2.09194 2.09194 2.09194 2.09194 2.09194 2.09194 2.09194 2.09194 2.09194 2.09194 2.09194 2.09194 2.09194 2.09194 2.06443 2.00812 2.00832 2.02075 2.04047 2.06020 2.08960 2.15023 2.19916 2.37986 2.53216 2.53768 2.53768 2.53768 2.53768 2.53768 2.53768 2.53768 2.53768 2.79188 2.94814 2.94814 2.94814 2.94814 2.94814
3.93176 3.93176 3.74140 3.37789 3.01423 2.65056 2.38052 2.36627 2.36627 2.35376 2.27127 2.17784 2.08444 2.01331 2.00885 2.00885 2.00885 2.00885 2.36913 2.69314 2.69314 2.69314 2.52738 2.09194 2.09194 2.09194 2.09194 2.09194 2.09194 2.09194 2.09194 2.09194 2.09194 2.09194 2.09194 2.08504 2.05247 2.01434 2.06823 2.09881 2.14901 2.19606 2.24317 2.28063 2.28363 2.28363 2.37304 2.53768 2.53768 2.53768 2.53768 2.53768 2.53768 2.53768 2.53768 2.53768 2.67413 2.94814 2.94814 2.94814 2.94814 2.94814
2.90339 2.53973 2.36627 2.36627 2.36627 2.36077 2.28749 2.19403 2.10067 2.01971 2.00885 2.00885 2.00885 2.00885 2.00885 2.00885 2.00885 2.00885 2.16867 2.69314 2.69314 2.69314 2.67871 2.12579 2.09194 2.09194 2.09194 2.09194 2.09194 2.09194 2.09189 2.07257 2.03758 2.00254 1.96756 1.94556 1.98453 2.03171 2.19931 2.27937 2.28363 2.28363 2.28363 2.28363 2.28363 2.28363 2.30022 2.53307 2.53768 2.53768 2.53768 2.53768 2.53768 2.53768 2.53768 2.53768 2.56321 2.94134 2.94814 2.94814 2.94814 2.94814
2.36627 2.36495 2.30372 2.21029 2.11690 2.02897 2.00885 2.00885 2.00885 2.00885 2.00885 2.00885 2.00885 2.00885 2.00885 2.00885 2.00885 2.00885 2.01773 2.64359 2.69314 2.69314 2.69314 2.29672 2.09194 2.09194 2.08793 2.05765 2.02263 1.98766 1.95266 1.94166 1.98149 2.02857 2.07571 2.11669 2.12232 2.12232 2.19611 2.28363 2.28363 2.28363 2.28363 2.28363 2.28363 2.28363 2.28363 2.47217 2.53768 2.53768 2.53768 2.53768 2.53768 2.53768 2.53768 2.53768 2.53768 2.84906 2.94814 2.94814 2.94814 3.00065
2.13309 2.04101 2.00885 2.00885 2.00885 2.00885 2.00885 2.00885 2.00885 2.00885 2.00885 2.00885 2.00885 2.00885 2.00885 2.00885 2.00885 2.00885 2.00885 2.45200 2.69314 2.69314 2.67879 2.43264 2.00773 1.97271 1.94173 1.94035 1.97843 2.02549 2.07260 2.11506 2.12232 2.12232 2.12232 2.12232 2.12232 2.12232 2.14939 2.28363 2.28363 2.28363 2.28363 2.28363 2.28363 2.28363 2.28363 2.39475 2.53768 2.53768 2.53768 2.53768 2.53768 2.53768 2.53768 2.53768 2.52110 2.74225 3.22722 3.31426 3.39985 3.43298
2.00885 2.00885 2.00885 2.00885 2.00885 2.00885 2.00885 2.00885 2.00885 2.00885 2.00885 2.00885 2.00885 2.00885 2.00885 2.00885 2.00885 2.01411 2.11798 2.39740 2.59400 2.55900 2.53835 2.48746 1.97629 2.02245 2.06952 2.11324 2.12232 2.12232 2.12232 2.12232 2.12232 2.12232 2.12232 2.12232 2.12232 2.12232 2.12247 2.26383 2.28363 2.28363 2.28363 2.28363 2.28363 2.28363 2.28363 2.31740 2.53750 2.53768 2.53768 2.53706 2.46896 2.35583 2.22289 2.05379 1.90036 2.12705 3.39206 3.39077 3.39077 3.39077
2.00885 2.00885 2.00885 2.00885 2.00885 2.00885 2.00885 2.00885 2.00885 2.00885 2.00885 2.00885 2.00885 2.03209 2.16017 2.30096 2.44169 2.57716 2.61414 2.60615 2.36214 2.08145 1.80170 1.53470 1.94863 2.12232 2.12232 2.12232 2.12232 2.12232 2.12232 2.12232 2.12232 2.12232 2.12232 2.12232 2.12232 2.12232 2.12232 2.21725 2.28363 2.28363 2.28363 2.28363 2.28363 2.28363 2.28363 2.25797 2.36111 2.29185 2.15631 1.98734 1.88551 1.82861 1.79162 1.79088 1.79088 1.79568 3.22249 3.39077 3.39077 3.39077
0.492827 0.492827 0.492827 0.00000 2.98581 2.71331 2.44041 2.17513 2.09511 2.07255 1.84188 1.83806 1.83806 1.83806 1.83806 1.83806 1.83806 1.83806 1.83806 1.83806 1.83806 1.83806 1.83806 1.83806 1.84149 1.87181 1.91737 1.97988 2.06619 2.09511 2.05820 1.86665 1.88184 1.87399 1.86071 1.84746 1.83466 1.83109 1.83109 1.83109 1.83109 1.83109 1.83109 1.83109 1.83109 1.83109 1.83109 1.83109 1.83109 1.83109 1.83109 1.73259 1.62210 1.62210 1.62210 1.62210 1.16934 1.01160 0.966431 0.916342 0.866232 0.816455
0.670497 0.00000 0.00000 0.00000 2.09532 2.09511 2.09511 2.09511 2.09511 2.09511 1.88006 1.83806 1.83806 1.83806 1.83806 1.83806 1.83806 1.83806 1.83806 1.83806 1.84458 1.87883 1.92681 1.99324 2.07830 2.09511 2.09511 2.09511 2.09511 1.99584 1.73801 1.75513 1.83650 1.83109 1.83109 1.83109 1.83109 1.83109 1.83109 1.83109 1.83109 1.83109 1.83109 1.83109 1.83109 1.83109 1.83109 1.83109 1.83109 1.83109 1.83109 1.79347 1.62210 1.59739 1.54726 1.49719 1.17919 0.801820 0.807952 0.961084 1.15643 1.35231
0.670497 0.00000 0.00000 0.00000 2.09511 2.09511 2.09511 2.09511 2.09511 2.09511 1.94262 1.83806 1.83806 1.83806 1.83806 1.83806 1.84876 1.88620 1.93681 2.00754 2.08741 2.09511 2.09511 2.09511 2.09511 2.04698 1.80698 1.54724 1.28737 1.12678 1.12474 1.47398 1.83109 1.83109 1.83109 1.83109 1.83109 1.83109 1.83109 1.83109 1.83109 1.83109 1.83109 1.83109 1.83109 1.83109 1.83109 1.83109 1.82199 1.69489 1.53141 1.36752 1.39478 1.39968 1.40265 1.48803 1.53914 1.34008 1.52439 1.56714 1.56714 1.56714
