High_resolution/powerplant/Shangrao/OMI_NO2_200905.asc
ncols      200
nrows      200
xllcorner       115.451
yllcorner       27.0350
cellsize     0.0166667
NODATA_Value      -999.000
[rows 58 to 86 of 165, columns 0 to 66 of 200]
1.54345 1.54345 1.76735 1.80281 1.83978 2.03150 2.03174 2.03174 2.03174 1.96062 1.91219 1.91219 1.91219 1.91219 1.91219 1.91219 1.91219 1.91219 1.91219 1.91219 1.91219 1.95129 2.60188 2.61560 2.81899 3.33101 3.33101 3.37398 4.23402 4.24406 4.13037 4.00594 3.87602 3.71503 3.62844 3.54949 3.47046 3.39293 2.85079 2.05751 2.03803 2.03803 2.03803 2.03803 2.03803 2.03803 2.03803 2.03803 2.03803 2.03803 2.03803 2.03789 1.80071 1.76301 1.75887 1.73860 1.78235 1.88551 1.88551 1.88617 1.95861 2.07778 2.18197 2.28576 2.32990 2.32990 2.32990
1.54345 1.54345 1.70132 1.80273 1.80273 2.00394 2.03174 2.03174 2.03174 1.99265 1.91219 1.91219 1.91219 1.91219 1.91219 1.91219 1.91219 1.91219 1.91733 1.93132 1.94547 1.95960 2.50398 2.69128 2.74653 3.33638 3.40058 3.46359 3.70929 3.62584 3.53601 3.45693 3.38333 3.36772 3.36772 3.36772 3.36772 3.36772 3.20576 2.07060 2.03803 2.03803 2.03803 2.03803 2.03803 2.03803 2.03803 2.03803 2.03803 2.03803 2.03803 2.03803 1.88572 1.76301 1.76297 1.74239 1.80215 2.01566 2.09439 2.17187 2.25253 2.32990 2.32990 2.32990 2.32990 2.32990 2.32990
1.54345 1.54345 1.59918 1.80237 1.80273 1.94967 2.03174 2.03174 2.03174 2.02340 1.91340 1.91219 1.91796 1.93202 1.94617 1.96030 1.97445 1.98858 1.99756 1.99770 1.99770 1.99926 2.35892 2.72432 2.72135 3.20594 3.28292 3.21541 3.26882 3.36772 3.36772 3.36772 3.36772 3.36772 3.36772 3.36772 3.36772 3.36772 3.36772 2.27214 2.03782 2.03803 2.03803 2.03803 2.03803 2.03803 2.03803 2.03803 2.03803 2.03803 2.03803 2.03737 1.96243 1.89755 1.97559 2.03750 2.05470 2.17840 2.20161 2.20161 2.22766 2.32990 2.34027 2.38954 2.44250 2.49549 2.54848
1.54345 1.54345 1.54345 1.77347 1.80273 1.88182 2.02121 1.99053 1.95934 1.92819 1.95480 1.98929 1.99763 1.99770 1.99770 1.99770 1.99770 2.00590 2.06275 2.14225 2.22169 2.29958 2.38924 2.61852 2.61852 2.89501 3.20711 3.20711 3.22047 3.36591 3.36772 3.36772 3.36772 3.36772 3.36772 3.36772 3.36772 3.36772 3.36772 2.64558 2.04143 2.03803 2.03803 2.03803 2.03803 2.03803 2.03803 2.03777 2.01495 1.97784 1.94075 1.90428 1.89462 2.06513 2.08515 2.08349 2.07447 2.19678 2.29987 2.34613 2.39780 2.56476 2.59983 2.59514 2.58668 2.57822 2.56977
1.52192 1.43312 1.33966 1.50960 1.60730 1.57180 1.83909 1.84914 1.84914 1.84914 1.92670 1.99770 2.00650 2.03553 2.08483 2.16396 2.24345 2.31468 2.33725 2.33725 2.33725 2.33725 2.33849 2.59165 2.61852 2.75130 3.20711 3.20711 3.20711 3.32901 3.36772 3.36772 3.36772 3.36772 3.36772 3.36772 3.36772 3.36772 3.36772 3.00100 2.07295 2.07736 2.08398 2.09050 2.07669 2.04623 2.01571 1.98551 1.97726 1.97350 1.96581 1.96942 2.03336 2.22319 2.36091 2.41675 2.27106 2.34955 2.47426 2.46792 2.46347 2.50754 2.51991 2.51991 2.51991 2.51991 2.51991
1.00045 0.995633 0.995633 1.14018 1.52882 1.52882 1.77579 1.85882 1.88791 1.91768 1.99746 2.18570 2.25636 2.30684 2.33695 2.33725 2.33725 2.33725 2.33725 2.33725 2.33725 2.33725 2.33725 2.51382 2.61852 2.64050 3.19223 3.20711 3.20711 3.27878 3.36772 3.36772 3.36772 3.36772 3.36772 3.36772 3.36772 3.36772 3.36772 3.31751 2.11643 2.04434 1.99291 1.94156 1.91060 1.89630 1.91198 1.97788 2.04507 2.12217 2.20317 2.27293 2.28200 2.34126 2.46894 2.46894 2.28313 2.26837 2.46331 2.46331 2.46331 2.49412 2.51991 2.51991 2.51991 2.51991 2.51991
0.995633 0.995633 0.995633 0.995633 1.48142 1.52882 1.76680 2.04922 2.09950 2.14924 2.19044 2.33101 2.33725 2.33725 2.33725 2.33725 2.33725 2.33725 2.33725 2.33725 2.33725 2.33725 2.33725 2.43480 2.61852 2.61852 3.02591 3.20711 3.20711 3.22873 3.36759 3.36772 3.36772 3.36772 3.36772 3.36772 3.33698 3.26306 3.18874 3.11456 2.13610 1.90651 1.98748 2.06844 2.14926 2.23017 2.28123 2.28200 2.28200 2.28200 2.28200 2.28200 2.28200 2.28997 2.46241 2.46894 2.34853 2.23312 2.44559 2.46331 2.46331 2.48227 2.51991 2.51991 2.51991 2.51991 2.51514
0.995633 0.995633 0.995633 0.995633 1.44990 1.74082 1.87089 2.18852 2.18869 2.18869 2.18869 2.29489 2.33725 2.33725 2.33725 2.33725 2.33725 2.33725 2.33725 2.33725 2.33725 2.33725 2.33725 2.35861 2.61576 2.61852 2.85696 3.20711 3.20711 3.20711 3.33894 3.36772 3.34158 3.26819 3.19399 3.10820 2.93208 2.76704 2.60229 2.43746 2.45120 2.30908 2.28200 2.28200 2.28200 2.28200 2.28200 2.28200 2.28200 2.28200 2.28200 2.28200 2.28200 2.28200 2.41262 2.46894 2.41395 2.23225 2.39348 2.46331 2.46331 2.47174 2.51340 2.41402 2.28426 2.15461 2.02968
0.995633 0.995633 0.995633 0.995633 1.26692 1.81358 1.81358 2.14564 2.18869 2.18869 2.18869 2.25498 2.33725 2.33725 2.33725 2.33725 2.33725 2.33725 2.33725 2.33725 2.33725 2.34071 2.35584 2.37186 2.60873 2.68527 2.78872 3.20711 3.22363 3.28682 3.25376 2.95301 2.74036 2.57487 2.40995 2.25678 2.22460 2.22460 2.22460 2.22460 2.30043 2.36503 2.28200 2.28200 2.28200 2.28200 2.28200 2.28200 2.28200 2.28200 2.28200 2.28200 2.28200 2.28200 2.35483 2.46894 2.46515 2.24647 2.33415 2.37956 2.28229 2.18459 2.02921 1.99543 1.99543 1.99543 1.99543
0.995633 0.995633 0.995633 0.995633 0.999875 1.76091 1.81358 2.05692 2.18869 2.18869 2.18869 2.21500 2.33725 2.33725 2.33725 2.34116 2.35650 2.37252 2.38860 2.40466 2.42068 2.43331 2.43424 2.43424 2.58216 2.73306 2.67856 3.01263 2.92747 2.76563 2.55019 2.22460 2.22460 2.22460 2.22460 2.22460 2.22460 2.22460 2.22460 2.22460 2.22535 2.40487 2.28200 2.28200 2.28200 2.28200 2.28200 2.28200 2.28200 2.28200 2.28200 2.28200 2.28200 2.28200 2.29962 2.38195 2.28367 2.02550 1.91407 2.06995 2.06995 2.06995 2.01712 1.99543 1.99543 1.98883 1.94853
0.995633 0.995633 0.995633 0.995633 0.995633 1.58569 1.81358 1.94621 2.18869 2.19587 2.22697 2.26043 2.38249 2.40530 2.42136 2.43351 2.43424 2.43424 2.43424 2.43424 2.43119 2.44636 2.47021 2.49417 2.48521 2.32065 2.31606 2.49685 2.60794 2.60794 2.60698 2.27040 2.22460 2.22460 2.22460 2.22460 2.22460 2.22460 2.22460 2.22460 2.22460 2.39974 2.28200 2.28200 2.28200 2.28200 2.28200 2.28200 2.28200 2.28200 2.28266 2.29213 2.30438 2.31666 2.32798 2.13364 2.07558 1.98015 1.84672 2.06509 2.05898 2.03428 1.94857 1.83468 1.78961 1.75405 1.75364
0.995633 0.995633 0.995633 1.00992 1.09821 1.48083 1.96373 2.02549 2.34566 2.38043 2.38231 2.38231 2.41559 2.43424 2.43424 2.42818 2.40914 2.41778 2.44167 2.46561 2.49255 2.50134 2.50134 2.50134 2.49917 2.32929 2.31606 2.41762 2.60794 2.60794 2.60794 2.38909 2.22460 2.22460 2.22460 2.22460 2.22460 2.22460 2.22460 2.22460 2.22460 2.36511 2.30448 2.30077 2.30981 2.31894 2.32837 2.34641 2.36771 2.38908 2.40974 2.42166 2.43069 2.43870 2.44357 2.32104 2.17816 2.13606 1.84029 2.02266 2.07386 2.07714 1.99937 1.79370 1.79800 1.79939 1.79939
1.28373 1.38248 1.48134 1.56591 1.57648 1.58920 2.08117 2.10401 2.31977 2.38231 2.37585 2.35613 2.35539 2.38923 2.41315 2.44310 2.48604 2.50134 2.50134 2.50134 2.50134 2.50134 2.50134 2.50134 2.50134 2.37941 2.31606 2.35325 2.60794 2.60794 2.60794 2.50877 2.22460 2.22460 2.22460 2.22460 2.22460 2.22460 2.22460 2.22460 2.22460 2.25458 2.50433 2.45076 2.46017 2.46958 2.47858 2.47909 2.47624 2.46946 2.45439 2.43906 2.42369 2.40948 2.39832 2.35683 2.14187 2.14187 1.83824 1.95197 2.08797 2.08797 2.05951 1.79939 1.79939 1.79939 1.79939
1.57648 1.57648 1.57648 1.57648 1.57648 1.55928 1.87708 1.94247 2.07534 2.30958 2.33910 2.38273 2.43230 2.50126 2.50134 2.50134 2.50134 2.50134 2.50134 2.50134 2.50134 2.50134 2.50134 2.50134 2.50134 2.43172 2.31606 2.31688 2.57044 2.60794 2.60794 2.60150 2.25167 2.22460 2.22460 2.22460 2.22460 2.22460 2.22480 2.23992 2.26447 2.28898 2.52555 2.46298 2.45530 2.44281 2.43034 2.41786 2.40535 2.39679 2.39652 2.39652 2.39652 2.39652 2.39652 2.39652 2.18065 2.14187 1.93689 1.88249 2.08797 2.08797 2.08773 1.83160 1.79939 1.79939 1.79939
1.56500 1.51429 1.47391 1.44373 1.42028 1.40601 1.57983 1.90764 2.01159 2.44843 2.44941 2.44941 2.44941 2.49289 2.50134 2.50134 2.50134 2.50134 2.50134 2.50134 2.50134 2.50134 2.50134 2.50134 2.50134 2.48329 2.31682 2.31606 2.47749 2.60794 2.60794 2.60794 2.36479 2.22460 2.22464 2.23829 2.26282 2.28735 2.31506 2.37117 2.43084 2.49045 2.55484 2.40135 2.39652 2.39652 2.39652 2.39652 2.39652 2.39652 2.39652 2.39652 2.39652 2.39652 2.39652 2.39652 2.25914 2.14187 2.03562 1.81327 2.08767 2.08797 2.08797 1.90354 1.79939 1.80569 1.84398
1.40688 1.40531 1.40531 1.40531 1.40531 1.40531 1.43038 1.96234 1.98222 2.37667 2.44941 2.44941 2.44941 2.47899 2.50134 2.50134 2.50134 2.50134 2.50134 2.50134 2.50134 2.50134 2.50134 2.50134 2.49955 2.48566 2.31932 2.26819 2.35582 2.60794 2.60794 2.61979 2.52232 2.29372 2.37086 2.44144 2.50105 2.56072 2.61697 2.62994 2.62994 2.62994 2.64507 2.40182 2.39652 2.39652 2.39652 2.39652 2.39652 2.39652 2.39652 2.39652 2.39652 2.39652 2.39652 2.39652 2.33757 2.14187 2.12544 1.79364 2.04661 2.09358 2.12293 2.04347 1.93149 1.96795 1.97241
1.40531 1.40531 1.40531 1.40531 1.40531 1.40531 1.40531 1.83630 1.98222 2.24416 2.44941 2.44941 2.44941 2.46511 2.50134 2.50134 2.50134 2.50134 2.49931 2.48514 2.46906 2.45292 2.43686 2.42070 2.40645 2.40418 2.30622 2.22410 2.28488 2.73932 2.82577 2.90017 2.94288 2.63650 2.62994 2.62994 2.62994 2.62994 2.62994 2.62994 2.62994 2.62994 2.63788 2.45303 2.39652 2.39652 2.39652 2.39652 2.39652 2.39652 2.39652 2.39652 2.39652 2.39652 2.39652 2.39652 2.39406 2.17042 2.17836 1.94445 2.07776 2.21502 2.21773 2.16283 1.97241 1.97241 1.97241
1.40531 1.40531 1.40531 1.40531 1.40531 1.40531 1.40531 1.66138 1.98222 2.11154 2.44941 2.44941 2.45130 2.46747 2.47070 2.45244 2.43628 2.42021 2.40612 2.40418 2.40418 2.40418 2.40418 2.41124 2.44067 2.47201 2.47806 2.46010 2.49075 2.91247 3.01850 3.01850 3.01850 2.74799 2.62994 2.62994 2.62994 2.62994 2.62994 2.62994 2.62994 2.62994 2.62994 2.50257 2.39652 2.39652 2.39652 2.39652 2.39652 2.39652 2.39652 2.39652 2.39652 2.39251 2.37048 2.34630 2.32211 2.28417 2.27163 2.10436 2.03739 2.21773 2.21773 2.22868 2.07131 2.13656 2.20297
1.40531 1.40531 1.40531 1.40531 1.40531 1.40531 1.40686 1.47281 2.00148 2.04133 2.49061 2.52420 2.53767 2.53961 2.43573 2.40418 2.40418 2.40418 2.40838 2.42317 2.45137 2.48275 2.51399 2.53829 2.54016 2.54016 2.53919 2.49517 2.49261 2.75081 3.01850 3.01850 3.01850 2.86940 2.62994 2.62994 2.62994 2.62994 2.62994 2.62994 2.62994 2.62994 2.62994 2.55866 2.39652 2.39652 2.39652 2.39562 2.38781 2.37566 2.34525 2.31204 2.27873 2.24956 2.23828 2.22929 2.22018 2.20790 2.22863 2.21278 2.04712 2.33599 2.38756 2.41567 2.43753 2.45791 2.47233
1.40597 1.42238 1.44541 1.46847 1.49150 1.51454 1.53604 1.54062 1.96134 2.07243 2.40381 2.53961 2.53961 2.54403 2.48958 2.43599 2.46214 2.49344 2.52054 2.53710 2.54016 2.54016 2.54016 2.54016 2.54016 2.54016 2.54016 2.50757 2.49261 2.62119 3.01850 3.01850 3.01850 2.98647 2.63449 2.62994 2.62994 2.62994 2.62994 2.62994 2.62994 2.62994 2.62994 2.55731 2.25991 2.24820 2.22366 2.20747 2.19838 2.19374 2.20731 2.22374 2.25261 2.31117 2.37091 2.43072 2.49053 2.54330 2.52523 2.52240 2.23973 2.44408 2.45919 2.45919 2.49028 2.51364 2.51364
1.53397 1.54062 1.54062 1.54062 1.54062 1.54062 1.54062 1.54062 1.79888 2.04417 2.25380 2.58485 2.60832 2.63515 2.62140 2.53496 2.54016 2.54016 2.54016 2.54016 2.54016 2.54016 2.54016 2.54016 2.54016 2.54016 2.54016 2.52093 2.49261 2.51832 3.01120 3.01850 3.01850 3.01850 2.72393 2.62994 2.62994 2.62994 2.62994 2.62994 2.62994 2.62644 2.58734 2.51947 2.32872 2.31410 2.32193 2.34814 2.39155 2.43491 2.47827 2.52165 2.55257 2.55382 2.55382 2.55382 2.55382 2.55382 2.53328 2.52409 2.32236 2.38935 2.45919 2.45919 2.47871 2.51364 2.51364
1.54062 1.54062 1.54062 1.53405 1.50271 1.46897 1.43525 1.40153 1.45605 1.98364 2.09657 2.66770 2.67560 2.67560 2.67296 2.54709 2.54016 2.54016 2.54016 2.54016 2.54016 2.54016 2.54016 2.54016 2.54016 2.54016 2.54016 2.53428 2.49263 2.49261 2.87365 3.01850 3.01850 3.01850 2.84548 2.62994 2.62994 2.62750 2.59050 2.54212 2.49372 2.44756 2.42146 2.39964 2.40356 2.49319 2.53634 2.55382 2.55382 2.55382 2.55382 2.55382 2.55382 2.55382 2.55382 2.55382 2.55382 2.55382 2.54243 2.52409 2.40884 2.33256 2.45919 2.45919 2.46844 2.51364 2.51364
1.47067 1.43972 1.40598 1.37882 1.37644 1.37644 1.37644 1.37644 1.37644 1.92124 2.03077 2.58388 2.67560 2.67560 2.67560 2.58048 2.54016 2.54016 2.54016 2.54016 2.54016 2.54016 2.54016 2.54016 2.54016 2.54016 2.54016 2.54110 2.52397 2.54858 2.77271 3.01850 3.01850 3.01838 2.96154 2.54575 2.49400 2.42914 2.39651 2.37524 2.35395 2.33395 2.32950 2.32950 2.39301 2.55382 2.55382 2.55382 2.55382 2.55382 2.55382 2.55382 2.55382 2.55382 2.55382 2.55382 2.55382 2.55382 2.55130 2.52439 2.49400 2.27689 2.45919 2.45919 2.46634 2.54293 2.56880
1.31750 1.37644 1.37644 1.37644 1.37644 1.37644 1.37644 1.37644 1.37644 1.73758 2.03077 2.40055 2.67560 2.67560 2.67560 2.61657 2.54016 2.54016 2.54016 2.54016 2.54016 2.54162 2.56575 2.59784 2.62991 2.66199 2.69402 2.72520 2.70763 2.68674 2.74990 3.00554 2.98015 2.95389 2.93105 2.44997 2.33192 2.32950 2.32950 2.32950 2.32950 2.32950 2.32950 2.32950 2.32273 2.54285 2.55382 2.55382 2.55382 2.55382 2.55382 2.55382 2.55382 2.55382 2.55382 2.55382 2.55382 2.55382 2.55382 2.53102 2.53085 2.30426 2.49819 2.51932 2.53119 2.58939 2.61003
1.22359 1.37644 1.37644 1.37644 1.37644 1.37644 1.37644 1.37644 1.37644 1.50005 2.03038 2.21734 2.67560 2.67560 2.67560 2.65104 2.56750 2.59959 2.63164 2.66373 2.69578 2.72638 2.73430 2.73430 2.73430 2.73430 2.72638 2.70258 2.66847 2.62756 2.61870 2.87651 2.88896 2.88896 2.88896 2.60326 2.32950 2.32950 2.32950 2.32950 2.32950 2.32950 2.32950 2.32950 2.32442 2.47837 2.55382 2.55382 2.55382 2.55382 2.55382 2.55382 2.55382 2.55382 2.55382 2.55382 2.56112 2.58235 2.60395 2.60679 2.59623 2.42609 2.48368 2.53148 2.53148 2.57116 2.61775
1.08913 1.37644 1.37644 1.37644 1.37644 1.37644 1.37644 1.37644 1.37644 1.37500 1.91171 1.97957 2.53442 2.51136 2.46709 2.42628 2.70261 2.73430 2.73430 2.73430 2.73430 2.72714 2.70573 2.68152 2.65725 2.63290 2.61647 2.61600 2.61545 2.60092 2.60038 2.78889 2.88896 2.88896 2.88896 2.77730 2.32950 2.32950 2.32950 2.32950 2.32950 2.32950 2.32950 2.32950 2.32794 2.41452 2.55382 2.55382 2.55382 2.55382 2.55382 2.55382 2.55996 2.58227 2.61215 2.64305 2.66655 2.67623 2.68545 2.68837 2.66026 2.57563 2.53988 2.65353 2.66950 2.68287 2.66746
0.925955 1.36497 1.37644 1.37625 1.33800 1.27163 1.20522 1.13885 1.07248 1.00755 1.45631 1.77111 2.23601 2.41593 2.41593 2.41593 2.61048 2.70587 2.68445 2.66059 2.63622 2.61906 2.61616 2.61600 2.61600 2.61600 2.61600 2.61600 2.61600 2.60474 2.60038 2.70855 2.88896 2.88896 2.88896 2.88722 2.39349 2.32950 2.32950 2.32950 2.32950 2.32950 2.32950 2.32950 2.32950 2.43882 2.65751 2.66683 2.68114 2.71096 2.74371 2.79326 2.84034 2.87145 2.89476 2.91168 2.91247 2.91222 2.91202 2.91180 2.87748 2.88502 2.75288 2.68417 2.68417 2.67298 2.58935
0.905782 1.11313 1.08124 1.01507 0.986948 0.986948 0.986948 0.986948 0.986948 0.986948 1.18248 1.79840 2.10058 2.36589 2.34479 2.32116 2.42160 2.61934 2.61640 2.61600 2.61600 2.61600 2.61600 2.61600 2.61600 2.61600 2.61600 2.61600 2.61600 2.60910 2.60038 2.64353 2.88896 2.88896 2.88896 2.88896 2.56574 2.32950 2.32950 2.32950 2.32950 2.32950 2.32950 2.32950 2.33771 2.53008 2.89473 2.97285 3.01181 3.03533 3.04365 3.02478 3.00212 2.97945 2.95684 2.93972 2.93871 2.93871 2.93871 2.93871 2.91609 2.89645 2.80295 2.68417 2.68417 2.68383 2.59749
0.905782 0.955061 0.986948 0.986948 0.986948 0.986948 1.01569 1.12671 1.24275 1.35896 1.47699 2.08936 2.16706 2.30157 2.29837 2.29763 2.33008 2.61533 2.61600 2.61600 2.61600 2.61600 2.61600 2.61600 2.61600 2.61600 2.61600 2.61600 2.61600 2.61347 2.60038 2.60248 2.86086 2.88896 2.88896 2.88896 2.73975 2.32950 2.32950 2.32950 2.33598 2.37469 2.41788 2.46102 2.49742 2.61137 2.93075 2.99448 2.97181 2.94923 2.93871 2.93871 2.93871 2.93871 2.93871 2.93871 2.93871 2.93871 2.93871 2.93871 2.92909 2.89645 2.84616 2.69448 2.68417 2.68417 2.62103
