High_resolution/powerplant/Shangrao/OMI_NO2_2010_06-08.asc
ncols      200
nrows      200
xllcorner       115.451
yllcorner       27.0350
cellsize     0.0166667
NODATA_Value      -999.000
[rows 28 to 55 of 166, columns 63 to 125 of 200]
3.28341 3.28173 3.26843 3.30913 3.29598 3.17126 3.01254 2.91508 2.61586 2.53082 2.55779 2.63019 2.57095 2.68943 2.63019 2.71027 2.50380 2.50380 2.41735 2.41735 2.41735 2.44817 2.43467 2.41278 2.10037 2.22177 1.80730 1.43927 1.43926 1.37388 1.37388 1.31834 1.30667 1.23691 1.17548 0.985538 0.859418 0.715449 0.551657 0.534539 0.460812 0.461522 0.486761 1.31755 1.82077 1.17217 1.02565 1.02565 0.841458 0.614187 0.767734 0.614187 0.767734 0.767734 1.02364 1.02364 1.02364 1.02364 1.02175 1.00714 1.18338 1.15917 1.15094
3.11075 2.92849 2.89780 2.80757 2.75765 2.74091 2.75048 2.75048 2.65600 2.28707 2.35091 2.46728 2.41297 2.55779 2.55779 2.69668 2.50573 2.51666 2.56805 2.62203 2.67604 2.72999 2.72218 2.89785 2.35442 2.36628 2.12201 1.53070 1.40848 1.25495 1.13550 0.959542 0.886281 0.753190 0.535605 0.368654 0.369242 0.388396 0.416272 0.444121 0.396135 0.418111 0.425369 1.04873 1.91392 1.36753 1.23078 1.23078 1.11235 0.767734 0.767734 0.511822 0.767734 0.767734 0.766740 0.751262 0.709343 0.654792 0.587174 0.513554 1.02766 1.08781 1.08781
2.75251 2.65942 2.74635 2.73977 2.74450 2.74450 2.75287 2.75287 2.75240 2.28036 2.30437 2.41297 2.37786 2.55047 2.59908 2.75336 2.68124 2.70549 2.70837 2.70837 2.66250 2.66402 2.67027 2.81163 2.34848 2.09151 1.90331 1.06643 0.853573 0.638633 0.566136 0.507858 0.600460 0.648056 0.561809 0.396359 0.418290 0.425369 0.425369 0.425369 0.369837 0.369837 0.369837 0.446896 1.93817 1.93944 1.53848 1.53848 1.53127 1.04013 1.01230 0.719366 1.32995 1.19039 1.00791 0.837685 0.820937 0.820937 0.827001 0.961034 1.23476 1.44502 1.47360
2.80170 2.63503 2.67883 2.74613 2.73985 2.73985 2.74729 2.74496 2.71209 2.46188 2.52974 2.65311 2.66924 2.75077 2.70249 2.78525 2.70351 2.66299 2.66769 2.63516 2.54005 2.45962 2.27455 2.17659 2.08618 2.05018 2.08763 0.862817 0.648465 0.620933 0.744474 0.703975 0.806160 0.806160 0.647497 0.425369 0.425369 0.425369 0.425369 0.425369 0.369837 0.369837 0.369837 0.369837 1.57472 1.93944 1.53389 1.30302 1.00068 0.676768 0.558893 0.410468 0.820937 0.820937 0.867529 1.02567 1.14393 1.23096 1.29617 1.31296 1.32634 1.48826 1.49090
2.88434 2.65304 2.63503 2.74358 2.68286 2.63962 2.56268 2.49734 2.48103 2.47569 2.56148 2.66639 2.60465 2.60641 2.48956 2.51217 2.37394 2.37123 2.22601 2.12857 2.07549 2.03653 2.01788 1.99710 2.03112 2.06243 2.05344 1.14531 0.646776 0.568166 0.647497 0.647497 0.758561 0.758561 0.758561 0.508667 0.508667 0.508667 0.508667 0.508667 0.522575 0.731292 0.940112 1.13047 1.25515 0.983806 0.524839 0.524839 0.524839 0.398870 0.468495 0.540578 1.18425 1.26165 1.30982 1.31296 1.31296 1.31296 1.31296 1.31296 1.31296 1.45817 1.49090
2.87014 2.66296 2.53064 2.58303 2.52535 2.52231 2.45846 2.41787 2.37716 2.33774 2.37494 2.50083 2.39440 2.31064 2.11774 2.04513 1.99086 2.01280 1.99714 1.97780 1.96505 1.93909 1.93010 1.91515 2.00506 2.09116 2.15167 1.57305 0.415237 0.369837 0.425369 0.425369 0.508667 0.508667 0.508667 0.601658 0.797427 0.993196 1.18897 1.35680 1.34660 1.28671 1.24364 1.22901 1.25226 1.03549 0.644763 0.737429 0.799946 0.635837 0.655975 0.656482 1.31296 1.31296 1.31296 1.31296 1.31296 1.31296 1.31296 1.31296 1.31296 1.41373 1.49090
2.98734 2.78539 2.52562 2.51713 2.31515 2.29895 2.22302 2.16401 2.07849 1.92745 1.84277 2.04937 2.00010 1.94647 1.90897 1.87578 1.87835 1.90631 1.93010 1.93010 1.94077 1.93010 1.93710 1.93424 1.96292 2.05804 2.15167 2.04990 0.436341 0.369837 0.526647 0.735468 0.995154 1.19014 1.38474 1.46764 1.38582 1.32547 1.28302 1.26651 1.23980 1.25155 1.26824 1.27868 1.32514 1.14429 0.806086 0.864084 0.864084 1.59931 1.60470 1.60773 1.31296 1.31296 1.31296 1.31296 1.31296 1.31296 1.31296 1.31296 1.31296 1.35780 1.49090
2.67049 2.64150 2.42674 2.50038 2.18798 1.85201 1.69377 1.63050 1.59335 1.52100 1.60945 1.77846 1.78128 1.76306 1.78889 1.78889 1.82210 1.84111 1.88331 1.90080 1.92442 1.92157 1.92483 1.91149 1.88824 1.90711 1.72404 1.48626 1.15652 1.38669 1.45745 1.44718 1.37645 1.30721 1.25979 1.23606 1.24277 1.25568 1.27322 1.27868 1.27868 1.24761 1.24761 1.24761 1.27808 1.15021 1.28184 1.49825 1.49825 1.59931 1.60206 1.60773 1.31296 1.31296 1.31296 1.31296 1.31296 1.31296 1.31296 1.31296 1.31296 1.32823 1.55375
2.83429 2.82808 2.61439 2.52021 2.08391 1.59731 1.69026 1.69719 1.69828 1.62442 1.66236 1.72927 1.78889 1.76896 1.80735 1.82726 1.84306 1.85975 1.91123 1.91149 1.90220 1.81516 1.73613 1.67582 1.59306 1.44571 1.20747 0.976991 1.17717 1.38500 1.30071 1.27721 1.09228 1.09228 1.09228 1.09228 1.09228 1.09228 1.09228 1.09228 1.09228 1.09228 1.09228 1.09228 1.09228 1.03479 0.888198 1.29534 1.29613 1.29613 1.29685 1.31237 1.31296 1.31296 1.31296 1.31296 1.31296 1.32393 1.38769 1.44941 1.51313 1.55509 1.63782
2.68463 2.67433 2.54589 2.44590 2.30854 1.64702 1.71305 1.71305 1.71305 1.64658 1.66435 1.73476 1.83908 1.84162 1.86922 1.85958 1.80245 1.73992 1.66653 1.57733 1.50564 1.52070 1.53431 1.55336 1.54324 1.41644 1.22133 0.974288 1.02445 1.29651 1.27853 1.27868 1.09228 1.09228 1.09228 1.09228 1.09228 1.09228 1.09228 1.09228 1.09228 1.09228 1.09228 1.09228 1.09228 1.08380 0.799572 1.24178 1.29613 1.29613 1.29613 1.30775 1.31296 1.31646 1.35670 1.40722 1.46112 1.50227 1.48116 1.47823 1.47823 1.47584 1.51578
2.68622 2.68622 2.64359 2.54463 2.50841 1.65923 1.59488 1.63528 1.67313 1.67696 1.72767 1.75385 1.74682 1.68952 1.61946 1.56491 1.55924 1.55924 1.52660 1.51050 1.49914 1.50457 1.50644 1.49364 1.48988 1.42893 1.26541 0.944299 0.985325 1.23727 1.25677 1.22524 1.09228 1.09228 1.09228 1.09228 1.09228 1.09228 1.09228 1.09228 1.09228 1.09228 1.09228 1.09228 1.09228 1.09228 0.909386 1.12966 1.29049 1.28532 1.34949 1.40738 1.42133 1.46891 1.47823 1.47823 1.47823 1.46790 1.43725 1.40610 1.37495 1.34617 1.35390
2.73366 2.75534 2.76214 2.57031 2.49150 2.01120 1.70873 1.76258 1.78853 1.78400 1.84495 1.75208 1.55908 1.57764 1.55791 1.55149 1.54312 1.52466 1.48726 1.46899 1.45290 1.48354 1.50819 1.51676 1.52224 1.46555 1.16555 0.793806 0.585661 0.661825 1.13478 1.14020 1.12103 1.12103 1.12103 1.12103 1.12103 1.12103 1.12103 1.12103 1.12103 1.11624 1.12103 1.10881 1.07881 1.04260 1.07723 1.38163 1.45389 1.52580 1.54148 1.53834 1.47891 1.45522 1.42407 1.39291 1.36176 1.34092 1.34040 1.34040 1.34040 1.34040 1.34040
2.75419 2.70116 2.65549 2.48986 2.43270 2.27352 1.81524 1.83377 1.83416 1.81037 1.86573 1.89221 1.52618 1.51186 1.45471 1.43743 1.42911 1.43697 1.44221 1.45899 1.45104 1.43478 1.40589 1.37435 1.34277 1.31202 1.03691 0.818198 0.474021 0.554759 1.05780 1.12822 1.12822 1.12822 1.12822 1.12822 1.12822 1.12822 1.11630 1.08801 1.05257 0.990501 1.01829 1.15673 1.33000 1.50075 1.50068 1.49438 1.52777 1.51735 1.49659 1.47581 1.38617 1.34040 1.34040 1.34040 1.34040 1.34040 1.34040 1.34040 1.34040 1.34040 1.34040
2.62156 2.61886 2.62020 2.53441 2.45461 2.46130 1.88364 1.88014 1.87089 1.83343 1.88014 1.89131 1.58415 1.48628 1.45730 1.46024 1.43861 1.41228 1.39103 1.35964 1.35522 1.32867 1.32867 1.32867 1.32773 1.31119 1.13442 0.926111 0.474021 0.486232 0.962503 1.12822 1.12822 1.11591 1.08769 1.05176 1.00490 0.941422 0.954276 1.12397 1.29730 1.48626 1.56000 1.56000 1.56691 1.57850 1.58597 1.50792 1.47958 1.44959 1.44959 1.44959 1.41379 1.34040 1.34040 1.34040 1.34040 1.34040 1.34040 1.34040 1.34040 1.34040 1.34040
2.59497 2.58514 2.57333 2.56763 2.56762 2.54525 2.08665 1.83850 1.78413 1.76151 1.81310 1.82468 1.69037 1.38778 1.32246 1.24934 1.24767 1.24767 1.26696 1.24767 1.26696 1.19934 1.15204 1.10475 1.05946 1.09432 1.02338 0.811514 0.518506 0.642991 0.864225 0.988768 0.920166 0.877012 0.911044 1.08155 1.26644 1.45139 1.57772 1.59647 1.60779 1.63035 1.62769 1.63390 1.63673 1.62071 1.62071 1.51016 1.50445 1.44959 1.44959 1.44959 1.44129 1.34111 1.34040 1.34040 1.34040 1.34040 1.34040 1.34040 1.34040 1.34040 1.34040
2.56472 2.54800 2.50697 2.45068 2.38919 2.32712 2.18745 1.88291 1.82570 1.79621 1.82509 1.83336 1.79807 1.38222 1.29958 1.22365 1.22288 1.21119 1.19788 1.11869 1.07138 0.898169 0.898169 0.909087 0.943601 1.08622 1.10112 0.958719 0.747001 0.813413 0.903190 1.02784 1.23184 1.40517 1.54659 1.56211 1.57394 1.58338 1.59024 1.61928 1.62071 1.63673 1.62036 1.60900 1.61327 1.57595 1.56289 1.47468 1.52534 1.45247 1.44959 1.44959 1.44959 1.37171 1.34040 1.34040 1.34040 1.34040 1.34040 1.34040 1.34040 1.34660 1.38220
2.42436 2.35702 2.34350 2.31548 2.30813 2.28902 2.26828 1.91533 1.84837 1.81971 1.84837 1.86151 1.86151 1.50433 1.29421 1.19611 1.15995 1.13227 1.17184 1.15644 1.21163 1.12332 1.16742 1.19794 1.19892 1.29170 1.29042 1.14794 0.980237 1.11140 1.40422 1.49333 1.59965 1.60882 1.61556 1.62014 1.62071 1.62032 1.60883 1.61301 1.57578 1.58546 1.54447 1.56185 1.60481 1.59673 1.60620 1.56801 1.53074 1.47320 1.44959 1.44959 1.44959 1.40884 1.34040 1.34040 1.35075 1.38863 1.42808 1.46744 1.50684 1.54007 1.54383
2.30033 2.20774 2.22450 2.20543 2.20543 2.20543 2.20543 1.94161 1.81971 1.81949 1.83029 1.81697 1.78938 1.56408 1.27891 1.27610 1.30518 1.31313 1.41131 1.29170 1.29170 1.19892 1.19892 1.18109 1.13838 1.17357 1.12560 1.09547 1.09545 1.19695 1.42554 1.46572 1.62029 1.60867 1.59206 1.57546 1.55901 1.54278 1.53789 1.58361 1.57912 1.61480 1.60510 1.60742 1.62566 1.60742 1.60742 1.58006 1.56188 1.49698 1.44959 1.45996 1.50228 1.59772 1.47387 1.51331 1.54234 1.54383 1.54383 1.54383 1.54459 1.54664 1.54934
2.38131 2.20543 2.22450 2.20543 2.20543 2.22450 2.21776 2.04161 1.76821 1.72651 1.73729 1.74067 1.72131 1.69336 1.56682 1.50793 1.45871 1.41541 1.45871 1.35086 1.30112 1.18772 1.13886 1.11550 1.12323 1.18566 1.06535 1.09527 0.925276 1.05583 1.19151 1.23856 1.42666 1.41819 1.41819 1.44163 1.48144 1.50858 1.52811 1.56051 1.53445 1.56051 1.53445 1.53445 1.56051 1.53445 1.63208 1.64558 1.72881 1.69470 1.73853 1.84198 1.91386 1.92063 1.62756 1.54394 1.54540 1.54770 1.55077 1.55507 1.55832 1.55833 1.55833
2.43121 2.19414 2.20238 2.15698 2.12595 2.11431 2.08225 2.01001 1.63049 1.65721 1.70129 1.75638 1.75638 1.75587 1.66947 1.60147 1.51318 1.40573 1.37145 1.26272 1.26829 1.22959 1.23868 1.25104 1.27341 1.34283 1.26872 1.33476 1.39076 1.13254 1.06529 1.66487 1.44248 1.46164 1.48657 1.49791 1.49797 1.49797 1.49797 1.53445 1.49797 1.55541 1.55070 1.57914 1.65323 1.66427 1.86446 1.93042 2.21173 1.99944 1.93677 1.93013 1.96283 2.00230 1.86063 1.55707 1.55833 1.55833 1.55833 1.55833 1.55833 1.55833 1.55833
2.44488 2.14955 2.04379 1.99104 1.98240 2.01522 2.01522 2.00817 1.66464 1.62782 1.67374 1.73270 1.69936 1.63818 1.53439 1.36767 1.34430 1.27978 1.33118 1.27009 1.29765 1.33393 1.38359 1.41713 1.41713 1.44155 1.36831 1.37461 1.44099 1.76415 1.67304 1.67163 1.55018 1.49797 1.49797 1.49797 1.51735 1.55100 1.57940 1.65180 1.62437 1.66290 1.62467 1.66863 1.81973 1.72423 1.90914 1.91332 2.29449 2.05413 2.05291 2.11488 2.11628 2.11628 2.05138 1.55833 1.55833 1.55833 1.55833 1.55833 1.55833 1.55833 1.55833
2.38730 2.19280 2.04153 2.01522 2.01522 2.04153 2.01522 2.00883 1.76870 1.56799 1.55479 1.54499 1.52702 1.53705 1.52600 1.42567 1.42753 1.40618 1.45926 1.41713 1.41713 1.41713 1.41713 1.44241 1.46418 1.50658 1.50625 1.54111 1.54472 1.74192 1.72362 1.67299 1.64747 1.62522 1.65205 1.67518 1.72234 1.74577 1.80801 1.90589 1.93358 1.96192 1.90964 1.84074 1.92226 1.85326 2.03195 2.03508 2.32358 2.14953 2.05421 2.11628 2.11628 2.11628 2.11517 1.67009 1.55833 1.55833 1.55833 1.55833 1.55833 1.55833 1.55833
2.49836 2.43196 2.14153 2.10878 2.08627 2.03088 1.91461 1.75104 1.63091 1.51997 1.52142 1.51498 1.50676 1.49664 1.48541 1.43278 1.44155 1.41713 1.41713 1.33168 1.35595 1.40973 1.46354 1.53031 1.54288 1.55224 1.58009 1.60666 1.58614 1.61666 1.65848 1.51710 1.62897 1.65379 1.69607 1.74881 1.87180 1.90856 1.91071 1.97072 1.92425 1.93122 1.93764 1.86199 1.86199 1.74868 1.97120 2.01395 2.05671 2.03768 1.82909 1.82729 1.81585 1.80078 1.80071 1.64988 1.42874 1.42874 1.42874 1.36394 1.55833 1.55833 0.00000
2.50198 2.44648 2.08967 1.85641 1.78295 1.78474 1.75689 1.69027 1.64940 1.55090 1.51344 1.51344 1.51344 1.53193 1.53193 1.48759 1.47935 1.47731 1.50807 1.51918 1.54283 1.53510 1.53500 1.53741 1.52877 1.49109 1.54044 1.54004 1.49320 1.45635 1.75713 1.65717 1.73592 1.93412 1.91235 1.91931 1.98031 1.93321 1.93856 1.99387 1.94042 1.97163 2.01438 2.00385 2.05503 2.05212 2.16838 2.18871 2.21791 2.23540 1.90645 1.77655 1.80071 1.80071 1.80071 1.74473 1.42874 1.42874 1.42874 1.31465 1.28893 1.17013 0.00000
2.21513 2.14708 1.91990 1.65285 1.64066 1.66968 1.63681 1.63681 1.59455 1.57827 1.48880 1.48880 1.49007 1.52694 1.54231 1.53276 1.54727 1.51276 1.49038 1.51138 1.51529 1.51649 1.52597 1.49320 1.49320 1.47090 1.57711 1.63139 1.66309 1.69849 1.85915 1.76398 1.72553 1.86895 1.82901 1.83108 1.92811 1.92659 1.98156 2.07210 2.08903 2.10501 2.12003 2.11479 2.15551 2.18272 2.21353 2.25021 2.25021 2.25021 2.03380 1.76326 1.80071 1.80071 1.79315 1.75686 1.27119 1.14506 1.09009 1.08921 1.00772 1.00772 0.00000
2.20506 2.15778 2.11411 1.70981 1.70138 1.73057 1.71453 1.69597 1.66974 1.70288 1.55332 1.56598 1.56379 1.55415 1.52882 1.50324 1.39613 1.45730 1.46904 1.49320 1.49320 1.49320 1.51824 1.56405 1.64452 1.69386 1.69304 1.63768 1.54253 1.41127 1.55940 1.71601 1.59544 1.68614 2.02910 2.08944 2.13133 2.10415 2.11623 2.16242 2.19092 2.23022 2.24104 2.22925 2.22925 2.21353 2.23554 2.26855 2.26855 2.28448 2.17627 1.79820 1.75341 1.69163 1.63769 1.61210 1.25633 1.04818 1.05273 1.10940 1.08236 1.10987 0.00000
2.09645 2.05125 2.04471 1.76895 1.66939 1.69752 1.68768 1.70523 1.75051 1.79163 1.56308 1.52424 1.53053 1.53986 1.54632 1.54690 1.35060 1.32924 1.34610 1.43333 1.52837 1.60969 1.58096 1.48468 1.38784 1.29770 1.37047 1.34419 1.32222 1.30356 1.31732 1.54631 1.39288 1.45505 1.95555 2.10300 2.16494 2.19007 2.21353 2.22925 2.22925 2.22925 2.22925 2.21353 2.22457 2.24585 2.30000 2.37798 2.38638 2.37566 2.25502 1.72627 1.62547 1.61173 1.59910 1.57487 1.41580 1.13254 1.14677 1.15553 1.14150 1.14150 0.00000
2.01950 2.00234 1.99650 1.86468 1.65630 1.67210 1.63813 1.65517 1.71103 1.76375 1.64100 1.55089 1.55089 1.54897 1.55268 1.61428 1.58115 1.57245 1.55835 1.46929 1.37246 1.28924 1.27856 1.27856 1.27856 1.27856 1.28296 1.28296 1.28296 1.28223 1.28462 1.47753 1.36556 1.26713 1.79889 2.22925 2.24104 2.22925 2.22926 2.24230 2.26662 2.29113 2.31552 2.30950 2.30623 2.28825 2.30364 2.32999 2.32653 2.32552 2.30281 1.78173 1.56495 1.53185 1.52424 1.52422 1.50954 1.16414 1.15267 1.11333 1.05599 0.991467 0.927048
