High_resolution/powerplant/Shangrao/OMI_NO2_2011_06-08.asc
ncols      200
nrows      200
xllcorner       115.451
yllcorner       27.0350
cellsize     0.0166667
NODATA_Value      -999.000
[rows 87 to 115 of 187, columns 66 to 131 of 200]
1.85938 1.86391 1.89734 1.96469 2.00795 1.86767 1.80288 1.78073 1.76251 1.77862 1.69549 1.61955 1.60854 1.63603 1.62888 1.61841 1.39628 1.36419 1.33058 1.35351 1.32684 1.34732 1.66180 1.61936 1.68073 1.57725 1.63161 1.62722 1.65730 1.59453 1.52417 1.55674 1.51117 1.52723 1.50339 1.52942 1.54370 1.64162 1.75268 1.51812 1.46574 1.03566 1.01153 1.02385 0.972009 0.969610 0.918578 0.893673 0.862680 0.842168 0.806873 0.777104 0.747323 0.724273 0.722674 0.722674 0.847550 0.990093 1.03907 1.13728 1.13728 1.22869 1.24760 1.14853 1.08847 1.02786
1.90166 1.91219 1.97532 1.97400 2.10355 1.88607 1.78496 1.80103 1.80770 1.83246 1.80298 1.69066 1.67283 1.62188 1.60779 1.60613 1.45780 1.38734 1.34625 1.33150 1.29677 1.32880 1.53314 1.59667 1.67933 1.54175 1.58205 1.54760 1.60090 1.53165 1.46493 1.52487 1.60037 1.64099 1.60949 1.59836 1.55038 1.43220 1.54152 1.49643 1.53112 1.16016 1.01197 1.01751 0.968280 0.938726 0.901369 0.854827 0.791687 0.778164 0.785781 0.785781 0.785781 0.785781 0.785781 0.785781 0.839642 1.05396 1.07761 1.27860 1.31309 1.41980 1.42923 1.30310 1.15235 1.10162
1.96290 1.97229 2.03754 2.04201 2.18036 2.07667 1.94309 1.94332 1.93193 1.91489 1.89826 1.74900 1.69737 1.65559 1.62684 1.61911 1.53479 1.45274 1.38101 1.37800 1.35295 1.37239 1.44562 1.62556 1.67787 1.58973 1.65334 1.65476 1.76029 1.71574 1.49786 1.45803 1.33294 1.27823 1.38190 1.38190 1.36584 1.36602 1.50506 1.52199 1.49986 1.26299 0.937418 0.904238 0.829616 0.813188 0.813188 0.806671 0.771689 0.778148 0.785781 0.787061 0.803364 0.826577 0.866456 0.932385 1.00215 1.14764 1.17263 1.32298 1.35680 1.42923 1.44629 1.37462 1.27770 1.29952
2.05389 2.06400 2.11189 2.11189 2.19477 2.14384 1.97153 1.93320 1.91361 1.88982 1.86923 1.74081 1.65159 1.59964 1.55461 1.56459 1.52599 1.45758 1.36212 1.34465 1.30767 1.33176 1.34760 1.59708 1.63659 1.61770 1.60414 1.46796 1.36549 1.26842 1.30062 1.28449 1.28449 1.28449 1.35666 1.35666 1.35549 1.40192 1.54619 1.43085 1.31836 1.27519 0.896774 0.894390 0.858013 0.806925 0.808224 0.816575 0.798403 0.829335 0.878295 0.944779 0.988415 1.02437 1.04691 1.04724 1.04724 1.10991 1.16653 1.31129 1.49550 1.70355 1.82629 1.65948 1.58310 1.44269
2.03345 2.03181 2.08695 2.07289 2.11068 2.20015 2.03671 1.97282 1.94171 1.89429 1.87014 1.82576 1.75035 1.68707 1.63143 1.62913 1.57974 1.52815 1.43771 1.49236 1.52900 1.58375 1.56606 1.36329 1.28390 1.37225 1.34145 1.35144 1.35144 1.26844 1.31334 1.29582 1.31749 1.36652 1.50771 1.55932 1.57277 1.57402 1.62735 1.49684 1.31839 1.34670 0.966420 0.933741 0.928327 0.873462 0.908466 0.930716 0.968085 1.00545 1.04544 1.04724 1.04724 1.04947 1.06388 1.09630 1.12474 1.17659 1.23417 1.45689 1.87274 1.00790 1.00790 0.955409 1.08845 0.835313
2.06572 2.05294 2.08522 2.05889 2.05641 2.19204 2.04824 1.93473 1.91427 1.88571 1.85452 1.84855 1.74317 1.69118 1.70858 1.77323 1.78033 1.78018 1.62531 1.57973 1.54784 1.55242 1.54257 1.44345 1.22593 1.36684 1.34055 1.35000 1.36875 1.22298 1.29889 1.31090 1.42927 1.42934 1.51855 1.56133 1.58989 1.71474 1.83616 1.70801 1.44622 1.53666 1.25210 1.08842 1.08039 1.01827 1.06140 1.04724 1.04724 1.05673 1.08906 1.11671 1.14394 1.16839 1.17514 1.16026 1.15792 1.15792 1.15792 1.18702 1.06356 0.970345 0.976581 0.899348 0.971134 0.723761
2.00707 2.00453 2.01226 2.01226 2.02281 2.13098 2.06157 1.88670 1.86950 1.91413 1.96482 2.00093 1.97057 1.95769 1.87780 1.78630 1.70652 1.69846 1.57749 1.56238 1.56238 1.57090 1.56275 1.52699 1.20685 1.35429 1.34887 1.40863 1.40712 1.24818 1.32667 1.32601 1.51997 1.63213 1.85557 1.90108 1.89476 1.90099 1.90099 1.88188 1.55438 1.61461 1.54461 1.25544 1.20017 1.15584 1.19487 1.20191 1.22536 1.23459 1.21388 1.21089 1.21089 1.21089 1.21089 1.21089 1.23059 1.28332 1.33660 1.42226 0.878145 0.806384 0.850690 0.806384 0.921581 0.751928
1.99394 1.99394 1.99861 1.99187 1.97394 2.00873 2.14197 2.06890 2.09326 2.06103 2.00505 1.94509 1.91714 1.87722 1.86446 1.80441 1.75357 1.73202 1.65188 1.61381 1.57616 1.56995 1.55976 1.54343 1.23344 1.29350 1.29993 1.39600 1.50340 1.62736 1.57509 1.64622 1.80202 1.80202 1.95515 1.95515 1.95515 1.95515 1.95515 1.97576 1.62209 1.52853 1.47677 1.31785 1.26813 1.19604 1.21089 1.23510 1.23510 1.23510 1.23510 1.23563 1.26497 1.31061 1.35628 1.40195 1.43074 1.43119 1.43119 1.43685 1.49918 0.691186 0.754021 0.691186 0.827366 0.714555
1.99267 1.94323 1.91703 1.89309 1.86496 1.84724 2.15199 1.95104 1.91178 1.90191 1.89449 1.86459 1.87513 1.82927 1.79665 1.71361 1.62601 1.60003 1.53300 1.53970 1.53231 1.52960 1.53198 1.52101 1.39549 1.42895 1.56428 1.65586 1.69646 1.73877 1.57699 1.65185 1.80202 1.80202 1.94862 1.87697 1.80826 1.79113 1.77660 1.76623 1.51253 1.40166 1.35073 1.31462 1.31417 1.28541 1.30171 1.34959 1.39606 1.45087 1.50563 1.55979 1.57939 1.57939 1.57939 1.57939 1.57939 1.57939 1.57939 1.57939 1.67655 0.818003 0.844616 0.720288 0.846134 0.783863
1.85949 1.81688 1.78525 1.75369 1.72053 1.70487 1.94613 1.94731 1.85976 1.83508 1.81621 1.80014 1.80058 1.75967 1.69010 1.60294 1.54281 1.54688 1.51812 1.52592 1.53570 1.53931 1.55037 1.55858 1.50205 1.34818 1.48569 1.55870 1.59773 1.61431 1.54196 1.60191 1.74266 1.72776 1.73383 1.80119 1.86210 1.86508 1.86508 1.86508 1.65644 1.43491 1.36782 1.35889 1.39913 1.43826 1.49913 1.57106 1.57939 1.57939 1.57939 1.57939 1.57939 1.57939 1.57495 1.53548 1.49982 1.46580 1.44349 1.54725 1.59018 0.812474 0.804953 0.702736 0.843284 0.790578
1.73039 1.71548 1.71133 1.70573 1.70577 1.71062 1.80814 1.91564 1.74903 1.73763 1.72861 1.72059 1.74115 1.72898 1.68258 1.58185 1.51435 1.51994 1.49333 1.51108 1.54206 1.54161 1.54206 1.54206 1.55279 1.32021 1.42368 1.45433 1.46100 1.47536 1.62823 1.68374 1.85609 1.85649 1.88398 1.88398 1.88398 1.88398 1.88398 1.89952 1.73700 1.59494 1.61256 1.60628 1.56316 1.54840 1.54840 1.56316 1.56316 1.55927 1.52630 1.49692 1.47478 1.45166 1.42531 1.40939 1.39582 1.39045 1.39046 1.48285 1.52483 1.38626 0.983831 0.790578 0.903518 0.843284
1.70119 1.67018 1.67349 1.67418 1.66786 1.66104 1.67654 1.92665 1.74096 1.71997 1.71789 1.71566 1.73558 1.73339 1.71940 1.62085 1.53362 1.53447 1.50318 1.49712 1.52648 1.48195 1.41776 1.37061 1.35482 1.36908 1.48556 1.57548 1.59336 1.59884 1.66842 1.68482 1.83359 1.83359 1.86451 1.82549 1.76321 1.70104 1.63886 1.68731 1.64646 1.62340 1.65824 1.60776 1.55430 1.51818 1.49400 1.47533 1.45992 1.44445 1.42859 1.41425 1.39990 1.39181 1.39177 1.39177 1.38275 1.36166 1.35795 1.36963 1.37048 1.44602 1.10681 0.903518 1.05410 1.05410
1.73606 1.66073 1.65335 1.65073 1.66846 1.68918 1.71092 1.90308 1.76183 1.71508 1.71412 1.71412 1.71412 1.72026 1.72050 1.65373 1.51884 1.45461 1.36951 1.32921 1.34620 1.39243 1.45374 1.49280 1.50690 1.52790 1.56275 1.61324 1.61609 1.62362 1.64465 1.66068 1.75303 1.69078 1.68988 1.66871 1.66871 1.66871 1.66871 1.68486 1.64741 1.49420 1.54180 1.51026 1.46795 1.44421 1.43117 1.41683 1.40247 1.39221 1.39177 1.39155 1.37982 1.37642 1.37822 1.36462 1.33702 1.32034 1.28511 1.25264 1.31606 1.50869 1.16657 1.09846 1.34860 1.41909
1.74575 1.69396 1.71408 1.73363 1.73634 1.71799 1.72261 1.82632 1.84699 1.72860 1.72802 1.71424 1.66651 1.64754 1.60633 1.49001 1.30670 1.30264 1.31321 1.32249 1.48627 1.51344 1.51713 1.51713 1.52074 1.53278 1.56786 1.59018 1.57957 1.59941 1.61324 1.62218 1.75406 1.75231 1.83501 1.79442 1.73273 1.67095 1.60924 1.53999 1.49017 1.35888 1.43793 1.46062 1.43322 1.39169 1.39045 1.39209 1.38949 1.38729 1.36980 1.33126 1.30455 1.27091 1.24044 1.22516 1.22512 1.22512 1.22512 1.23359 1.28407 1.56737 1.42069 1.29631 1.53759 1.52053
1.90191 1.77618 1.77879 1.77879 1.77879 1.75718 1.75869 1.79418 1.83723 1.57739 1.54050 1.50399 1.51613 1.62201 1.60673 1.57889 1.36081 1.32473 1.32257 1.32131 1.43371 1.51475 1.51872 1.51513 1.52613 1.52731 1.59001 1.65504 1.71401 1.75970 1.73907 1.68749 1.57137 1.50552 1.45990 1.44402 1.44402 1.44431 1.47745 1.53142 1.56016 1.53129 1.41139 1.42748 1.40074 1.37448 1.33444 1.29039 1.25372 1.22493 1.21112 1.21110 1.21110 1.21110 1.21186 1.22368 1.23916 1.25463 1.27012 1.27544 1.28938 1.48088 1.52872 1.20395 1.50493 1.50493
1.97083 1.84544 1.80652 1.81947 1.81631 1.78078 1.74992 1.72459 1.66757 1.57390 1.55062 1.54292 1.54257 1.61715 1.58171 1.61332 1.33597 1.34019 1.36269 1.38909 1.48542 1.56249 1.58902 1.59797 1.59742 1.56341 1.57463 1.56770 1.57241 1.56143 1.54431 1.51896 1.44952 1.40940 1.43048 1.48320 1.52593 1.56047 1.55597 1.56491 1.54775 1.54568 1.31386 1.31190 1.24707 1.20163 1.21110 1.21110 1.21110 1.21110 1.21401 1.22832 1.24380 1.25928 1.27399 1.27615 1.27229 1.26895 1.26606 1.26478 1.28221 1.38520 1.53867 1.20474 1.46742 1.43140
1.98677 1.84577 1.74958 1.71276 1.69484 1.69840 1.69399 1.69213 1.67942 1.57286 1.52070 1.48592 1.46991 1.56285 1.54010 1.56233 1.40745 1.46268 1.46279 1.47668 1.49107 1.60635 1.56869 1.53171 1.48734 1.45045 1.46416 1.50227 1.54039 1.54365 1.54797 1.54468 1.55995 1.57331 1.59153 1.58774 1.58044 1.57341 1.54795 1.55315 1.54365 1.52889 1.35680 1.32952 1.30631 1.21983 1.24850 1.26611 1.28382 1.30150 1.31587 1.31614 1.31184 1.30791 1.30452 1.30253 1.30249 1.30097 1.28743 1.27004 1.26171 1.35371 1.54795 1.41572 1.36721 1.36721
1.93864 1.86357 1.76239 1.75074 1.73619 1.72088 1.68978 1.67879 1.70995 1.62339 1.59911 1.56712 1.57311 1.63967 1.54391 1.55972 1.40114 1.38071 1.37160 1.33831 1.31871 1.44444 1.43245 1.43245 1.43076 1.41718 1.41342 1.47654 1.54221 1.57578 1.60763 1.58270 1.56679 1.55247 1.54625 1.54368 1.54363 1.56820 1.55248 1.57178 1.56820 1.55265 1.43222 1.35325 1.36987 1.26924 1.31712 1.31665 1.31263 1.30859 1.30511 1.30267 1.30082 1.28711 1.27111 1.25472 1.22568 1.19186 1.17008 1.22426 1.23412 1.26424 1.50719 1.45490 1.36721 1.36721
1.86908 1.79464 1.74140 1.73593 1.71197 1.69140 1.67611 1.68131 1.78400 1.76998 1.73268 1.66968 1.65119 1.68739 1.55863 1.55713 1.39808 1.30575 1.34756 1.34757 1.35746 1.42829 1.42309 1.43912 1.49366 1.54506 1.56335 1.59911 1.58555 1.49221 1.46728 1.48523 1.45458 1.32630 1.32304 1.32304 1.51204 1.54435 1.54094 1.59359 1.58962 1.59276 1.56265 1.35885 1.35888 1.27513 1.28063 1.28067 1.26425 1.24546 1.22666 1.20803 1.18201 1.16120 1.14319 1.12550 1.11956 1.11956 1.18311 1.28054 1.32082 1.44346 1.45241 1.49750 1.36762 1.36721
1.69740 1.75605 1.78349 1.76997 1.74847 1.72961 1.71553 1.71796 1.82063 1.75961 1.62591 1.62961 1.62960 1.67640 1.57653 1.59216 1.48358 1.32790 1.37204 1.40884 1.46325 1.50464 1.56732 1.53211 1.49727 1.44619 1.41103 1.42103 1.47172 1.43659 1.43707 1.48266 1.45514 1.33491 1.33653 1.35023 1.55877 1.58635 1.58966 1.62150 1.63188 1.67140 1.71717 1.55813 1.36731 1.23941 1.19156 1.19101 1.18215 1.16438 1.14638 1.12836 1.11956 1.11956 1.12736 1.21045 1.31005 1.40686 1.44955 1.44625 1.48271 1.56928 1.50645 1.51344 1.39468 1.36721
1.32585 1.63389 1.71529 1.69124 1.67261 1.66049 1.64719 1.64261 1.74481 1.69939 1.54598 1.56110 1.55303 1.61129 1.54400 1.53818 1.51938 1.40928 1.43434 1.41966 1.40336 1.40010 1.47986 1.44624 1.44624 1.43072 1.41077 1.41886 1.47482 1.47839 1.47596 1.54469 1.56382 1.45972 1.42276 1.42276 1.61420 1.66642 1.74187 1.85008 1.90776 1.96137 2.01038 1.83633 1.52987 1.13726 1.06015 1.06277 1.05300 1.05279 1.05322 1.14762 1.28881 1.43718 1.58484 1.63552 1.65867 1.65447 1.62133 1.58143 1.58143 1.60002 1.49579 1.41751 1.33178 1.29065
1.33871 1.62302 1.71267 1.67259 1.64818 1.65355 1.63722 1.63101 1.74688 1.70493 1.53147 1.51581 1.49969 1.48638 1.42782 1.39847 1.39162 1.38609 1.38655 1.40044 1.40044 1.40237 1.47405 1.46608 1.46075 1.45518 1.45187 1.45852 1.50100 1.55430 1.49755 1.55493 1.55924 1.60918 1.53755 1.60139 1.86263 1.93846 1.94910 2.01958 1.98743 1.98254 1.97647 1.92635 1.56275 1.20255 1.04997 1.11827 1.28018 1.44912 1.60359 1.65891 1.68206 1.69375 1.69375 1.71444 1.69751 1.67441 1.61084 1.54516 1.51162 1.49482 1.57286 1.57710 1.65777 1.66117
1.36573 1.59374 1.66764 1.64824 1.60798 1.60002 1.58763 1.54296 1.50828 1.44511 1.34050 1.32524 1.38977 1.39468 1.39136 1.38558 1.40202 1.40710 1.39858 1.41888 1.42661 1.42252 1.47202 1.53279 1.52584 1.51797 1.50844 1.49964 1.52987 1.66773 1.65624 1.78238 1.84123 1.85826 1.76067 1.75429 1.91383 1.94507 1.93833 1.98946 1.92665 1.95070 1.95534 1.96532 1.87689 1.70408 1.63192 1.68343 1.69375 1.69375 1.69375 1.69375 1.69375 1.68684 1.66359 1.66575 1.64421 1.60002 1.56138 1.57260 1.59994 1.64342 1.73775 1.80792 1.85447 1.80263
1.37469 1.38892 1.55822 1.53507 1.45502 1.42914 1.39706 1.38019 1.39734 1.38702 1.34721 1.32385 1.42374 1.44441 1.45582 1.45453 1.47515 1.46149 1.43904 1.43412 1.43526 1.42214 1.44309 1.56461 1.57397 1.59047 1.64954 1.71113 1.76742 1.92661 1.87176 1.86624 1.86624 1.86454 1.75679 1.74073 1.91516 1.94555 1.93084 1.93300 1.88234 1.86684 1.86059 1.92954 2.05015 1.85701 1.66537 1.66926 1.66785 1.65294 1.62601 1.59908 1.57216 1.55301 1.56292 1.62317 1.65059 1.65010 1.62015 1.60011 1.60427 1.65955 1.76915 1.80071 1.81450 1.73921
1.22802 1.19009 1.38260 1.44914 1.38284 1.40946 1.42425 1.43746 1.46057 1.47135 1.46840 1.40502 1.45535 1.47743 1.47198 1.45379 1.46583 1.44953 1.44416 1.43706 1.46224 1.48239 1.54674 1.73308 1.78344 1.76643 1.76659 1.76659 1.76617 1.90886 1.88875 1.86148 1.85366 1.84466 1.73557 1.71528 1.87921 1.87018 1.86589 1.87079 1.86025 1.86326 1.86326 1.87179 2.03665 1.93455 1.64908 1.60555 1.56425 1.55223 1.55912 1.58386 1.60951 1.63516 1.65010 1.68575 1.75468 1.80450 1.80426 1.82602 1.91514 1.98778 1.97601 1.80027 1.78382 1.75061
1.13498 1.12348 1.29444 1.37645 1.48411 1.48884 1.48582 1.48175 1.48283 1.47803 1.47012 1.41130 1.42910 1.47267 1.47859 1.47832 1.49590 1.50271 1.52596 1.56105 1.60356 1.62132 1.62630 1.68222 1.73039 1.72140 1.71649 1.70767 1.69359 1.79552 1.83524 1.83490 1.85618 1.87893 1.89282 1.71181 1.86326 1.87484 1.87186 1.87530 1.86378 1.83985 1.80901 1.78761 1.91813 1.96212 1.71419 1.63681 1.64371 1.66492 1.68952 1.75550 1.84676 1.96484 2.12185 2.38525 2.33947 2.21000 2.00490 1.90573 1.97511 1.93548 1.82576 1.66714 1.57519 1.53495
1.09672 1.16834 1.42046 1.38639 1.45537 1.48485 1.47648 1.46918 1.46745 1.46472 1.46991 1.44009 1.43032 1.51190 1.52041 1.52022 1.52041 1.51964 1.55612 1.63157 1.65308 1.64861 1.64757 1.64645 1.74665 1.79497 1.85602 1.91734 1.97049 1.99278 1.95315 1.91327 1.91313 1.91313 1.88976 1.69442 1.85177 1.84027 1.80366 1.79435 1.75743 1.76800 1.76652 1.73966 1.80354 1.91956 1.89626 1.88274 2.01473 2.18659 2.39485 2.42488 2.41443 2.40399 2.39397 2.47965 2.39135 2.24478 1.91606 1.73343 1.67697 1.64326 1.68406 1.71115 1.62478 1.57579
1.27367 1.30493 1.27446 1.42455 1.40642 1.48596 1.49273 1.49961 1.50964 1.51005 1.50502 1.48162 1.43540 1.50358 1.51737 1.51721 1.51664 1.50529 1.48456 1.64555 1.73883 1.79473 1.87636 1.93923 1.99833 1.96722 1.96628 1.95424 1.95224 1.96936 1.97484 1.94065 1.93954 1.92868 1.89669 1.68321 1.70774 1.75387 1.74209 1.74973 1.69425 1.67084 1.62608 1.60375 1.61287 1.94630 2.02937 2.27244 2.42159 2.40586 2.39548 2.39135 2.39135 2.36757 2.18731 1.99138 1.82562 1.73164 1.70259 1.70644 1.75589 1.76998 1.76998 1.76998 1.67512 1.55728
1.40600 1.48822 1.37032 1.49262 1.40178 1.53262 1.51826 1.50211 1.49815 1.48943 1.48475 1.47485 1.43246 1.46269 1.47271 1.49024 1.51580 1.55311 1.60137 1.84056 1.95032 1.95541 1.96944 1.96743 1.98476 1.98549 2.00093 2.00915 2.00580 1.99532 2.00036 1.91491 1.88269 1.88239 1.86035 1.67885 1.64569 1.65226 1.60145 1.61122 1.56689 1.58423 1.58423 1.57839 1.55346 1.88874 2.00181 2.20262 2.52106 2.46761 2.26019 2.08178 1.95714 1.90650 1.92039 1.92704 1.91003 1.88872 1.83331 1.81946 1.85147 1.83392 1.84670 1.85947 1.82385 1.67364
