High_resolution/powerplant/Shangrao/OMI_NO2_200610.asc
ncols      200
nrows      200
xllcorner       115.451
yllcorner       27.0350
cellsize     0.0166667
NODATA_Value      -999.000
[rows 0 to 28 of 200, columns 67 to 133 of 200]
6.27433 6.17284 6.09377 6.42217 5.51314 6.54549 6.65745 7.15018 7.56323 7.89163 8.21004 8.29349 8.41482 8.53174 8.57717 8.57717 8.57717 8.57717 8.72594 8.75612 8.75612 8.73314 8.51057 8.63184 8.08890 7.86721 7.86721 7.86721 7.53072 5.38868 5.38868 5.38868 5.38868 5.38868 4.99700 3.94666 3.94897 4.24510 4.60492 4.85703 5.04161 5.10755 5.10755 5.10667 4.85732 4.83797 4.82518 4.75069 4.67928 4.61814 4.44992 3.99664 2.99034 2.99034 2.99034 2.99034 2.99034 2.99034 2.99034 2.99034 2.99034 2.99034 2.99034 2.99034 2.99034 2.99034 2.81132
5.96258 5.95929 5.98299 6.59532 6.90060 7.66720 8.16834 8.33978 8.46396 8.56350 8.57717 8.57717 8.57717 8.57717 8.57717 8.57717 8.57717 8.57717 8.67521 8.75612 8.75612 8.75612 8.54535 8.60491 8.33334 7.86721 7.86721 7.86721 7.86473 5.83856 5.38868 5.38868 5.38934 5.45101 5.45249 4.86130 5.04478 5.10755 5.10755 5.10755 5.10755 5.05040 4.95194 4.86805 4.64959 4.54199 4.50407 4.49953 4.49953 4.49953 4.46650 4.08632 3.20966 2.99034 2.99034 2.99034 2.99034 2.99034 2.99034 2.99034 2.99034 2.99034 2.99034 2.99034 2.95557 2.86937 2.61284
6.48531 6.80534 7.16507 7.43633 7.63102 8.46756 8.57717 8.57717 8.57717 8.57717 8.57717 8.57717 8.57717 8.57717 8.57717 8.57717 8.57717 8.57717 8.62441 8.75612 8.75612 8.75612 8.61002 8.57606 8.53947 7.86721 7.86721 7.86721 7.86498 6.63702 5.53722 5.60572 5.66215 5.68193 5.68193 5.20431 5.00097 4.91008 4.83212 4.76459 4.70550 4.67925 4.67925 4.67925 4.58920 4.49953 4.49953 4.49953 4.49953 4.49953 4.49953 4.16976 3.59855 2.99034 2.99034 2.99034 2.99034 2.99034 2.99034 2.99034 2.94246 2.85762 2.78855 2.73117 2.69847 2.69777 2.58893
7.19453 7.19408 7.22815 7.36038 7.57147 8.26449 8.57717 8.57717 8.57717 8.57717 8.57717 8.57717 8.57717 8.57717 8.57717 8.57717 8.57717 8.57717 8.58189 8.74790 8.75612 8.75612 8.66807 8.54746 8.63840 7.84253 7.38283 7.06591 6.75084 6.40275 5.66361 5.60888 5.55317 5.49746 5.44179 4.98342 4.67925 4.67925 4.67925 4.67925 4.67925 4.67925 4.67925 4.67925 4.62788 4.49953 4.49953 4.49953 4.49953 4.49953 4.49953 4.28601 3.89962 2.99034 2.99034 2.98942 2.92846 2.84629 2.77920 2.72334 2.69777 2.69777 2.69777 2.69777 2.68858 2.66170 2.59015
7.19408 7.19408 7.21541 7.28617 7.57147 7.97648 8.57530 8.57717 8.57717 8.57717 8.57717 8.57717 8.57717 8.57717 8.57717 8.57717 8.57295 8.55186 8.52827 8.63623 8.67215 8.55625 8.28491 7.93879 7.81987 7.14889 6.53626 6.48055 6.42487 6.35999 5.47155 5.38593 5.38593 5.38593 5.38593 5.17550 4.67925 4.67925 4.67925 4.67925 4.67925 4.67925 4.67925 4.67800 4.65264 4.44207 4.41340 4.38583 4.35849 4.33110 4.30376 4.16945 3.57805 2.53978 2.42692 2.37289 2.33761 2.30999 2.28265 2.25531 2.22797 2.20063 2.17301 2.14567 2.12746 2.12700 2.13323
7.19408 7.19408 7.20267 7.23901 7.54408 7.71263 8.54265 8.53977 8.51573 8.49060 8.46439 8.43721 8.40872 8.37897 8.34793 8.31545 8.28788 8.19844 7.96326 7.81400 7.67222 7.48979 7.42355 7.35734 7.40231 7.16324 6.31666 6.30231 6.28772 6.27319 5.68864 5.29936 5.28485 5.27024 5.25582 5.21054 4.53990 4.50552 4.49106 4.47658 4.46208 4.44752 4.43296 4.41984 4.41740 3.99984 3.92876 3.91748 3.67451 3.34116 3.00713 2.67606 2.19476 2.14356 2.12700 2.12700 2.12700 2.12700 2.12700 2.12700 2.12723 2.13422 2.14438 2.15455 2.16469 2.17485 2.18343
7.19408 7.19408 7.19430 7.23390 7.47078 7.57147 8.24574 8.28533 8.28533 8.28576 8.28748 8.28929 8.29109 8.22293 7.98778 7.72445 7.45789 7.26154 7.20626 7.17663 7.28547 7.27114 7.27257 7.27436 7.22371 7.16665 6.15654 6.06895 6.06895 6.06895 5.79839 5.12408 5.12408 5.12408 5.12408 5.12408 4.60604 4.41740 4.41740 4.41740 4.41740 4.41740 4.41740 4.40424 4.15550 3.51012 2.99894 2.67754 2.58567 2.58567 2.58567 2.58567 2.30446 2.15671 2.12700 2.13081 2.14087 2.15103 2.16118 2.17134 2.18127 2.18442 2.18442 2.18442 2.18442 2.18442 2.18442
7.07000 7.04974 7.02951 7.03661 7.29415 7.59359 8.06153 8.31106 8.31287 8.25066 7.99576 7.72816 7.45534 7.23468 7.17911 7.15217 7.12840 7.12128 7.12128 7.12128 7.25318 7.27778 7.27778 7.27778 7.23786 7.18206 6.52327 6.06895 6.06895 6.06895 6.04448 5.17731 5.12408 5.12408 5.12408 5.12408 4.80551 4.41740 4.41740 4.40196 4.14879 3.81436 3.48060 3.16014 3.07431 2.86707 2.58567 2.58567 2.58567 2.57890 2.51740 2.44389 2.29708 2.20868 2.17998 2.18433 2.18442 2.18442 2.18442 2.18442 2.18442 2.18442 2.18442 2.18442 2.18442 2.18442 2.18442
6.90177 6.90177 6.90177 6.91630 7.09927 7.50235 7.37951 7.71761 7.43255 7.20389 7.16653 7.14206 7.12278 7.12128 7.12128 7.12128 7.12128 7.12128 7.12128 7.12128 7.20848 7.27778 7.27778 7.27778 7.25886 7.18206 6.85281 6.06895 6.06895 6.06895 6.06895 5.45226 5.12408 5.12408 5.12408 5.10581 4.72886 3.80630 3.47375 3.15423 3.07431 3.07431 3.16623 3.37890 3.53963 3.38982 2.40794 2.33435 2.26104 2.19455 2.18266 2.18266 2.18783 2.22656 2.19825 2.18442 2.18442 2.18442 2.18442 2.18442 2.18442 2.18442 2.18442 2.18442 2.18442 2.18442 2.18442
6.78117 6.67258 6.29494 5.86483 5.86781 6.29979 6.40291 7.09843 7.12128 7.12128 7.12128 7.12128 7.12128 7.12128 7.12128 7.12128 7.12128 7.12128 7.12128 7.12128 7.16388 7.27778 7.27778 7.27778 7.27608 7.18572 7.12016 6.08934 6.06895 6.06895 6.06895 5.73254 4.83975 4.50626 4.17223 3.85633 3.78007 3.17763 3.28020 3.42581 3.54382 3.64847 3.68530 3.63102 3.59955 3.56356 2.24658 2.18266 2.18266 2.18266 2.18266 2.18266 2.18266 2.21944 2.21140 2.18442 2.18442 2.18442 2.18442 2.18442 2.18442 2.18442 2.18371 2.13702 2.06253 1.98810 1.91367
5.63514 5.41332 5.46106 5.57754 5.84031 6.44743 6.57250 6.92649 7.12128 7.12128 7.12128 7.12128 7.12128 7.12128 7.12128 7.12128 7.12128 7.12128 7.12128 7.12128 7.12592 7.27115 7.27778 7.27778 7.27778 7.20472 7.18206 6.39328 5.88514 5.64171 5.39857 5.10286 3.82056 3.79666 3.74758 3.70009 3.65777 3.62253 3.60880 3.59940 3.59940 3.59940 3.59940 3.59940 3.59940 3.59940 2.65678 2.18266 2.18266 2.18266 2.18266 2.18266 2.18266 2.20715 2.22378 2.18520 2.18442 2.18442 2.18146 2.12616 2.05173 1.97730 1.90352 1.87584 2.00593 2.24392 2.44695
5.60248 5.60248 5.60248 5.60248 5.74982 6.30222 6.57250 6.76053 7.12310 7.12128 7.12128 7.12128 7.12128 7.12128 7.12128 7.12128 7.12128 7.12128 7.12128 7.12128 7.12128 7.23105 7.27778 7.27522 7.15633 6.92182 6.69562 6.00075 4.98152 4.83457 4.71605 4.61200 3.78996 3.43962 3.43513 3.43513 3.43513 3.48834 3.59940 3.59940 3.59940 3.59940 3.59940 3.59940 3.59940 3.59940 3.05296 2.18266 2.18266 2.18266 2.18808 2.19719 2.20629 2.22763 2.27177 2.20503 2.10106 2.03567 1.97337 1.96328 2.03436 2.27194 2.48507 2.66612 2.71554 2.75606 2.76398
5.60248 5.60248 5.60248 5.60248 5.65928 6.15579 6.57250 6.59540 7.12358 7.12128 7.12128 7.12128 7.12128 7.12128 7.12128 7.12128 7.12128 7.12128 7.12128 7.12071 7.01625 6.89900 6.79068 6.45369 6.15822 5.84233 5.49344 5.08579 4.42614 4.43794 4.43794 4.43565 4.02817 3.40501 3.39041 3.37581 3.36126 3.35657 3.49354 3.48181 3.46708 3.45255 3.43787 3.42343 3.40880 3.39420 3.27796 2.35345 2.35947 2.36859 2.37613 2.41054 2.45139 2.49376 2.57226 2.36157 2.08447 2.28111 2.49069 2.64533 2.71414 2.67507 2.63288 2.59571 2.56185 2.66820 2.67565
5.60248 5.60248 5.60248 5.60248 5.60324 5.97581 6.57250 6.57250 6.98209 7.12128 7.12128 7.12128 7.12128 7.12128 7.12099 7.11251 7.01195 6.82138 6.64514 6.46397 6.31554 6.13860 5.22666 5.08679 5.02260 4.99668 4.85213 4.83739 4.30374 4.20312 4.18865 4.17623 4.08561 3.18169 3.17206 3.17206 3.17206 3.17206 3.29722 3.33633 3.33633 3.33633 3.33633 3.33633 3.33633 3.33633 3.34452 2.64298 2.45261 2.49340 2.53053 2.53705 2.53771 2.65922 2.85553 2.90851 2.66249 2.64545 2.59325 2.53431 2.49301 2.45173 2.41040 2.36935 2.35281 2.44304 2.54921
5.63563 5.66722 5.69881 5.73036 5.76200 5.98621 6.46686 6.46740 6.69999 6.99294 6.98040 6.96838 6.88916 6.71480 6.54024 6.34451 6.17500 6.09354 5.99760 5.90699 5.88776 5.88776 5.09105 4.94699 4.94699 4.94699 4.79840 4.78005 4.44236 4.17486 4.17486 4.17486 4.17486 3.40702 3.17206 3.17206 3.17206 3.17206 3.25104 3.33633 3.33633 3.33633 3.34003 3.36668 3.39738 3.42806 3.45546 3.06621 2.53705 2.53312 2.51952 2.83538 2.91015 2.87720 2.81014 2.77478 2.48488 2.38288 2.35389 2.35281 2.35281 2.35281 2.35281 2.35281 2.35281 2.38559 2.54921
6.05837 6.05837 6.05837 6.05837 6.05837 6.15918 6.37860 6.38897 6.49297 6.84331 6.57420 6.34601 6.15311 6.05521 5.95781 5.89012 5.88776 5.88776 5.88776 5.88776 5.88776 5.88776 5.35784 4.94699 4.94699 4.94699 4.83491 4.78005 4.62409 4.17486 4.17486 4.17486 4.17486 3.72160 3.17206 3.17206 3.17206 3.17206 3.20902 3.36752 3.39824 3.42895 3.45586 3.45987 3.45987 3.38113 3.20130 2.85744 2.30814 2.23284 2.18150 2.63282 2.67408 2.66688 2.66624 2.66210 2.50970 2.35281 2.35281 2.35281 2.35281 2.35281 2.35281 2.35281 2.35281 2.35295 2.52441
6.05837 6.05837 6.09195 6.16552 6.25262 6.40996 6.62168 6.65493 6.63787 6.49364 5.91978 5.88776 5.88776 5.88776 5.88776 5.88776 5.88776 5.88776 5.88776 5.88776 5.88776 5.88776 5.62491 4.94699 4.94699 4.94699 4.87127 4.78005 4.76847 4.21212 4.17486 4.17486 4.17486 4.03578 3.17716 3.20418 3.23482 3.26552 3.29306 3.44547 3.43793 3.28271 3.04970 2.77425 2.46011 2.24788 2.18621 2.17162 2.09090 2.08333 2.08333 2.41408 2.66688 2.66688 2.66688 2.66275 2.60587 2.35281 2.35281 2.35281 2.35281 2.35281 2.35281 2.35281 2.35281 2.35418 2.48816
6.31845 6.45707 6.55262 6.55772 6.54577 6.45897 6.41438 6.42416 6.42416 6.56430 5.88810 5.88776 5.88776 5.88776 5.88776 5.88776 5.88776 5.88776 5.88776 5.88776 5.88776 5.88776 5.85624 4.98238 4.94699 4.94699 4.90771 4.78005 4.78005 4.38123 4.16610 4.09807 4.01880 3.93959 3.39424 3.29530 3.21331 3.08485 2.94230 2.64523 2.25246 2.15994 2.14716 2.14716 2.14716 2.14716 2.14716 2.16119 2.11909 2.08333 2.08333 2.21071 2.66688 2.66688 2.66688 2.66399 2.66176 2.39307 2.35281 2.35281 2.35281 2.35571 2.37766 2.40306 2.42847 2.45252 2.50970
6.51108 6.42999 6.35356 6.35109 6.35109 6.35109 6.38145 6.42439 6.42416 6.55500 6.08577 5.88776 5.88776 5.88776 5.88776 5.88776 5.88776 5.88776 5.88776 5.88776 5.88776 5.88776 5.88776 5.21793 4.94699 4.94699 4.93510 4.71345 4.63105 4.33453 3.87630 3.87265 3.79943 3.70538 3.24932 2.74188 2.68213 2.68473 2.68473 2.49289 2.14716 2.14716 2.14716 2.14716 2.14716 2.14716 2.14716 2.15037 2.15295 2.08333 2.08333 2.08369 2.59608 2.66688 2.66688 2.66531 2.66118 2.48305 2.36191 2.37720 2.39245 2.40477 2.39807 2.30889 2.12075 1.93231 1.76088
6.35109 6.35109 6.35109 6.35109 6.35109 6.35109 6.36217 6.42242 6.42416 6.42487 6.36746 5.88776 5.88776 5.88776 5.88776 5.88776 5.88776 5.88776 5.88776 5.88776 5.88776 5.88776 5.88437 5.42204 4.80505 4.73008 4.70400 4.51156 4.35507 4.19360 3.60033 3.46031 3.44403 3.44403 3.29743 2.68473 2.68473 2.68342 2.67631 2.62351 2.12697 2.11527 2.10746 2.09964 2.09183 2.08400 2.07619 2.06837 1.99897 1.91299 1.89928 1.88659 2.23613 2.48030 2.43082 2.37848 2.32296 2.27881 2.24931 2.21306 2.04651 1.86824 1.73325 1.71308 1.79214 1.87132 1.94574
6.35109 6.35109 6.35109 6.35109 6.35109 6.35109 6.35120 6.41304 6.42416 6.42416 6.56448 5.88776 5.88776 5.88776 5.88776 5.88776 5.88776 5.88776 5.88609 5.83200 5.75481 5.65251 5.52323 5.21025 4.64973 4.54272 4.38438 4.09400 3.92664 3.92076 3.52234 3.34830 3.34051 3.33267 3.32345 2.65232 2.54993 2.54339 2.54271 2.54271 2.11493 2.00514 2.00514 2.00514 2.00514 2.00514 2.00514 2.00514 1.90844 1.81519 1.76034 1.70799 1.81121 2.29186 2.28928 2.27933 2.13690 1.97906 1.84530 1.77983 1.84739 1.91868 1.91920 1.88138 1.84361 1.80580 1.76798
6.35109 6.35109 6.35109 6.35109 6.35024 6.34359 6.33589 6.45470 6.78491 6.87837 7.14296 6.45704 6.35203 6.41709 6.48367 6.47195 6.35869 6.23753 6.01957 5.72052 5.44041 5.19066 4.97623 4.94367 4.65198 4.60483 4.60483 4.28966 3.87432 3.87432 3.65209 3.30202 3.30202 3.30202 3.30202 2.87559 2.54271 2.54271 2.54271 2.54271 2.26576 2.00514 2.00514 2.00514 2.00514 1.98743 1.92061 1.85078 1.71725 1.59400 1.61133 1.61133 1.62222 2.06135 1.99213 1.90502 1.94359 1.92687 1.86953 1.81864 1.78081 1.75090 1.74853 1.74853 1.74853 1.74853 1.74853
6.27097 6.26327 6.25555 6.24784 6.24099 6.23992 6.23992 6.44902 8.24796 8.24796 8.19738 7.37154 6.53319 6.31946 5.93291 5.57867 5.33290 5.09019 4.94495 4.94367 4.94367 4.94367 4.94367 4.94367 4.74804 4.60483 4.60483 4.47055 3.87432 3.87432 3.80371 3.30202 3.30202 3.30202 3.30202 3.11507 2.54271 2.54271 2.54271 2.54271 2.41649 1.98591 1.91847 1.84867 1.77887 1.72698 1.72403 1.72403 1.69338 1.59245 1.89179 2.05502 2.21033 2.22242 2.22742 2.27810 2.18142 1.78372 1.77253 1.74853 1.74853 1.74853 1.74853 1.74853 1.74853 1.74853 1.74853
6.23992 6.23992 6.23992 6.23992 6.23992 6.25022 6.27376 6.24007 7.20158 6.96397 6.60574 6.33948 5.23222 5.00140 4.94367 4.94367 4.94367 4.94367 4.94367 4.94367 4.94367 4.94367 4.94367 4.94367 4.84423 4.60483 4.60483 4.60211 3.91716 3.87432 3.87427 3.40555 3.30202 3.30202 3.30202 3.29268 2.60482 2.52188 2.45396 2.38415 2.30583 1.75956 1.72403 1.72403 1.72654 1.78931 1.87726 1.96527 2.05031 1.99229 2.38981 2.43850 2.43850 2.40236 2.29194 2.29194 2.28615 1.81942 1.78222 1.74977 1.74853 1.74853 1.74853 1.74853 1.74853 1.74867 1.76175
6.25022 6.27376 6.29734 6.28565 6.14167 5.97459 5.79424 5.67422 6.12708 6.47242 6.47242 6.32603 5.06013 4.94367 4.94367 4.94367 4.94367 4.94367 4.94367 4.94367 4.94367 4.94367 4.94367 4.94367 4.92992 4.61530 4.60483 4.60483 4.04690 3.87432 3.87432 3.59610 3.30202 3.30207 3.30227 3.30247 2.69270 2.26345 2.26160 2.24823 2.18683 1.96477 2.00777 2.09568 2.18118 2.20651 2.20651 2.20651 2.20651 2.08761 2.29130 2.43850 2.43850 2.43797 2.30686 2.29194 2.29194 1.95410 1.78372 1.75920 1.74853 1.74853 1.74853 1.74853 1.85971 1.98158 1.98743
6.18978 6.00937 5.82906 5.68397 5.67126 5.67126 5.67126 5.67126 5.98915 6.47242 6.47242 6.44304 5.44283 4.94367 4.94367 4.94367 4.94367 4.94367 4.94367 4.94367 4.94367 4.94367 4.94367 4.94367 4.94367 4.69762 4.60483 4.60483 4.19472 3.87435 3.87449 3.75678 3.30260 3.30281 3.30572 3.31218 2.94948 1.99582 1.89004 1.79377 1.78639 1.99382 2.20651 2.20651 2.20651 2.20651 2.20651 2.20651 2.20651 2.12059 2.17260 2.43850 2.43850 2.43850 2.34998 2.29194 2.29194 2.09457 1.78372 1.77012 1.74848 1.74832 1.74816 1.74399 1.80206 1.96960 1.99136
5.67126 5.67126 5.67126 5.67126 5.67126 5.67126 5.67126 5.67126 5.87344 6.47242 6.47242 6.47242 5.85991 4.94367 4.94367 4.94367 4.94367 4.94367 4.94367 4.94367 4.94367 4.94367 4.94367 4.94367 4.94367 4.79385 4.60504 4.60525 4.36643 3.89947 3.86097 3.76174 3.33423 3.34205 3.34822 3.34822 3.29800 1.86011 1.78639 1.78639 1.78639 1.85520 2.20620 2.20374 2.19162 2.17885 2.16598 2.15319 2.14032 2.06746 1.94251 2.31775 2.32604 2.31478 2.27237 2.17500 2.18107 2.15759 1.74221 1.76095 1.58809 1.57696 1.58858 1.63541 1.69827 1.96624 1.97080
5.67126 5.67126 5.67126 5.67126 5.67126 5.67126 5.67126 5.67126 5.72386 6.54225 6.47242 6.47242 6.27898 5.02258 4.94367 4.94367 4.94367 4.94367 4.94367 4.94367 4.94367 4.94369 4.94386 4.93172 4.86437 4.76174 4.87240 4.95772 4.93557 3.35333 3.24618 3.22713 3.20773 3.18864 3.16924 3.15015 3.13082 2.06560 1.53050 1.51134 1.49205 1.47289 1.92272 1.97461 1.97387 1.97387 1.97387 1.97387 1.97387 1.94455 1.74398 2.07926 2.22776 2.28180 2.33574 2.26678 2.28274 2.28338 1.86767 1.83178 1.71562 1.70154 1.71634 1.69992 1.68837 1.91401 1.98887
5.67126 5.67126 5.67126 5.67126 5.67126 5.67126 5.67126 5.67126 5.67126 6.43138 6.47242 6.47242 6.41335 5.38987 4.94367 4.94367 4.94367 4.94368 4.92356 4.85203 4.77793 4.66702 4.50405 4.32595 4.18641 4.05896 4.79970 5.01366 5.01366 3.18015 2.99926 2.99926 2.99926 2.99926 2.99926 2.99926 2.99926 2.44562 1.43743 1.43743 1.43743 1.43743 1.78720 1.97387 1.97387 1.97387 1.97387 1.97387 2.00296 2.07516 1.93849 2.16625 2.42727 2.42780 2.42780 2.36274 2.35916 2.39455 2.13736 1.92502 1.85345 1.77343 1.80930 1.84510 1.87600 2.01120 2.09727
