High_resolution/powerplant/Shangrao/OMI_NO2_200506.asc
ncols      200
nrows      200
xllcorner       115.451
yllcorner       27.0350
cellsize     0.0166667
NODATA_Value      -999.000
[rows 0 to 28 of 164, columns 67 to 133 of 200]
4.01169 3.56315 3.32029 3.17259 3.12005 3.12003 3.11464 3.04463 2.96578 2.91175 2.87456 2.58815 2.03488 2.03913 2.04742 2.04742 2.04742 2.04742 2.04742 2.04742 2.04742 2.04742 2.04859 2.08770 2.14059 2.31727 2.55499 2.74449 2.89811 3.15614 3.50509 3.42344 3.35275 3.24330 3.17519 3.15741 3.19758 3.14345 3.09542 3.07689 3.06995 3.00546 3.10285 3.00898 2.92232 2.86903 2.86523 2.84128 2.99197 3.14341 3.12773 3.05385 3.00839 3.01165 3.00352 2.98721 2.98773 3.00885 3.00078 2.92874 2.92872 2.89906 2.83244 2.77444 2.51382 2.55752 2.94292
3.12175 3.12003 3.10260 3.02212 2.94624 2.87984 2.82440 2.80702 2.79423 2.78978 2.83093 2.78099 2.18585 2.22282 2.39629 2.56916 2.72577 2.85363 2.96010 3.04974 3.12675 3.19300 3.25123 3.30616 3.35797 3.37807 3.39466 3.27204 3.25192 3.11901 3.13656 3.10659 3.07642 3.07540 3.07862 3.08183 3.11122 3.03703 2.95989 2.88958 2.82960 2.82448 2.95599 2.98904 2.99323 2.99703 2.99501 2.96244 2.96766 3.20020 3.20020 3.15773 3.09300 3.09300 3.06662 2.98721 2.98721 2.98136 2.93906 2.78990 2.71692 2.79251 3.05735 3.29478 3.40109 3.30681 3.49028
2.96215 2.90871 2.87034 2.80623 2.70232 2.70843 2.71633 2.72682 2.74124 2.75519 2.83027 2.95122 2.77887 2.99834 3.24787 3.29708 3.29708 3.29708 3.29708 3.29766 3.33800 3.39909 3.45015 3.47323 3.49033 3.50492 3.50746 3.16722 3.08658 3.06227 3.09866 3.10428 3.03163 2.95342 2.88125 2.81454 2.81203 2.84546 2.85201 2.85813 2.86018 2.84812 2.92148 2.99905 2.99905 2.99905 2.99823 2.98318 2.90926 3.17886 3.20020 3.18067 3.09300 3.07687 3.03639 2.89106 2.85251 2.86162 3.09711 3.27890 3.44396 3.57359 3.57607 3.57607 3.53684 3.30665 3.42040
2.96792 2.97717 2.98612 2.95665 2.81357 2.81515 2.81515 2.81515 2.81515 2.81515 2.83617 2.97612 2.84173 3.04286 3.21810 3.41147 3.46723 3.51911 3.56303 3.57702 3.56060 3.53099 3.50845 3.50622 3.50622 3.50622 3.50622 3.29313 3.03472 3.06094 2.84400 2.78608 2.77975 2.77379 2.76789 2.76245 2.76695 2.79108 2.77807 2.76550 2.75606 2.75544 2.82124 2.99905 2.99905 2.99905 2.99905 2.98752 2.92779 3.07132 3.15118 3.11772 2.98471 2.96875 3.09563 3.20730 3.38389 3.55139 3.67749 3.65647 3.57607 3.57607 3.56345 3.52486 3.48705 3.22739 3.21868
3.00359 3.00359 3.00359 2.99947 2.82092 2.81515 2.81515 2.81696 2.83553 2.85799 2.88733 3.04057 3.06459 3.29964 3.40699 3.59611 3.56339 3.53358 3.50953 3.50622 3.50622 3.50622 3.50530 3.49173 3.47413 3.45648 3.43890 3.31706 2.87623 2.95744 2.76028 2.71448 2.71095 2.71047 2.71047 2.71047 2.71080 2.75105 2.75544 2.75544 2.75544 2.75544 2.76744 2.99465 2.99901 2.98367 2.95620 2.92056 2.85543 2.88164 3.07118 3.25160 3.39691 3.51608 3.55796 3.55280 3.55992 3.57269 3.56005 3.51302 3.40058 3.36050 3.33932 3.33237 3.31749 3.14289 3.05742
3.00359 3.00558 3.02443 3.04710 2.92204 2.90377 2.92632 2.94707 2.95115 2.95115 2.95125 3.05630 3.11245 3.17329 3.25418 3.47416 3.50622 3.50622 3.50155 3.48459 3.46697 3.44938 3.43268 3.42865 3.42865 3.42865 3.42865 3.37718 2.84900 2.90624 2.80379 2.70688 2.71047 2.71047 2.71047 2.71047 2.71047 2.73712 2.75544 2.75544 2.75534 2.74132 2.71727 2.87175 2.90062 2.88846 2.88846 2.88349 2.86740 2.81612 3.08765 3.36921 3.62978 3.58548 3.58347 3.57667 3.55974 3.54540 3.39049 3.30363 3.23328 3.17670 3.15654 3.14165 3.13532 3.03475 2.90988
3.11532 3.13590 3.13958 3.13958 3.03137 2.95115 2.95082 2.95030 2.95293 2.95554 2.95882 3.02904 3.12338 3.12371 3.24047 3.36081 3.45985 3.44225 3.42930 3.42865 3.42865 3.42865 3.42865 3.42865 3.42865 3.42865 3.42865 3.42431 2.96827 2.88251 2.84542 2.71554 2.71047 2.71047 2.71047 2.71047 2.71046 2.71786 2.71661 2.69255 2.66301 2.63068 2.61032 2.70364 2.80037 2.78372 2.76462 2.75095 2.84379 2.81773 2.94736 3.02720 3.50271 3.41518 3.40214 3.37899 3.33505 3.32000 3.22678 3.10009 3.06918 2.99921 2.99105 2.98286 2.97470 2.91758 2.74949
3.13958 3.13958 3.13957 3.13830 3.07182 2.95492 2.95786 2.96098 2.96098 2.96508 2.99712 3.02811 3.07752 3.04124 3.18344 3.23914 3.42865 3.42865 3.42865 3.42865 3.42865 3.42865 3.42865 3.42865 3.42865 3.42865 3.42865 3.42865 3.12172 2.85364 2.85478 2.67393 2.61361 2.58544 2.55600 2.52682 2.50363 2.48363 2.42757 2.40696 2.39460 2.39889 2.40120 2.44625 2.63487 2.68219 2.73552 2.79429 2.96875 2.91943 2.87985 2.87279 3.32823 3.30537 3.30536 3.30118 3.25261 3.25260 3.22243 3.05113 3.04873 2.95800 2.93473 2.91748 2.91800 2.92508 2.75303
3.14013 3.14274 3.14536 3.14924 3.11978 2.97146 3.00808 3.04839 3.09183 3.13301 3.13958 3.11791 3.04852 3.04292 3.15330 3.18588 3.40535 3.42751 3.42620 3.41124 3.39217 3.37308 3.35350 3.33296 3.31232 3.29171 3.27112 3.25047 3.10268 2.64638 2.69245 2.45421 2.35431 2.35104 2.35528 2.35923 2.35705 2.35249 2.32136 2.31863 2.34884 2.38086 2.41487 2.45360 2.64775 2.61060 2.56353 2.51648 2.58345 2.63978 2.67746 2.67139 2.96606 3.14917 3.12650 3.12129 3.23596 3.25260 3.25248 3.00305 2.91005 2.88798 2.89948 2.92637 2.84370 2.66761 2.31654
3.09937 3.11224 3.14532 3.18083 3.21757 3.12261 3.12002 3.11858 3.11821 3.12627 3.13622 3.14609 3.07558 3.07353 3.04999 3.03238 3.14016 3.21158 3.19225 3.18662 3.18506 3.18355 3.18253 3.17274 3.14793 3.12178 3.09337 3.06488 3.00024 2.67468 2.59983 2.43833 2.28874 2.26618 2.27099 2.30084 2.33592 2.37310 2.39739 2.37752 2.34405 2.30891 2.27378 2.23890 2.36284 2.42521 2.42521 2.42521 2.49414 2.58807 2.63554 2.64168 2.72183 3.16646 3.11675 3.11701 3.21655 3.27817 3.29326 3.13590 2.90053 2.72986 2.53613 2.33391 2.24126 2.24126 2.12277
3.09287 3.12555 3.13689 3.14823 3.15959 3.17242 3.18421 3.19555 3.20585 3.20768 3.20768 3.20768 3.16135 3.11098 3.04657 2.97258 3.02772 3.16778 3.14284 3.11786 3.09292 3.06702 3.03865 3.01998 3.01631 3.01398 3.01393 3.01393 3.01145 2.74791 2.59185 2.46017 2.35783 2.39448 2.42803 2.40710 2.35837 2.30142 2.24240 2.15035 2.12511 2.10329 2.08152 2.05991 2.22939 2.42521 2.42521 2.42521 2.45632 2.58795 2.61968 2.64204 2.65257 3.09690 3.15189 3.16449 3.21694 3.13955 2.94247 2.63716 2.26083 2.25281 2.24165 2.24126 2.24126 2.24273 2.18706
3.20575 3.20575 3.20575 3.20575 3.20575 3.20684 3.20768 3.20768 3.20768 3.20768 3.20692 3.17829 3.13546 3.01319 2.97652 2.87160 2.85326 3.01515 3.02365 3.02013 3.01662 3.01405 3.01393 3.01393 3.01393 3.01197 2.99527 2.97553 2.95576 2.74445 2.47529 2.37040 2.18900 2.19445 2.13849 2.10694 2.09867 2.09867 2.09867 2.06585 2.05125 2.05125 2.05125 2.05125 2.13701 2.42521 2.42521 2.42568 2.43838 2.60558 2.64502 2.69769 2.70220 2.90503 2.89708 2.71502 2.55132 2.55136 2.54936 2.48771 2.29577 2.29816 2.30546 2.31767 2.33350 2.34361 2.30672
3.20575 3.20575 3.20575 3.20575 3.20455 3.17535 3.13422 3.09187 3.04961 3.00731 2.96570 2.95207 2.96039 2.92042 2.92803 2.87026 2.82079 2.93875 3.01393 3.01393 3.01393 3.00656 2.98700 2.96725 2.94751 2.92971 2.92669 2.92669 2.92669 2.76441 2.37323 2.32461 2.02762 2.09633 2.09867 2.09867 2.09867 2.09867 2.09867 2.08085 2.05125 2.05125 2.05125 2.05173 2.07646 2.43358 2.46686 2.48147 2.48572 2.60393 2.65037 2.70009 2.68438 2.63393 2.41109 2.36687 2.32150 2.25703 2.19018 2.15843 2.29248 2.26349 2.22182 2.17751 2.14063 2.10802 2.09089
3.13055 3.08817 3.04599 3.00361 2.96243 2.95039 2.95207 2.95207 2.95207 2.95319 2.97531 3.00500 3.03104 3.01146 2.93793 2.93990 2.81569 2.86189 2.97872 2.95898 2.93923 2.92687 2.92669 2.92669 2.92669 2.92669 2.92669 2.92669 2.92669 2.85498 2.43417 2.34933 2.07328 2.07168 2.09867 2.09867 2.09867 2.09867 2.09867 2.09439 2.06137 2.07434 2.08727 2.09967 2.10356 2.37903 2.45207 2.41599 2.37992 2.37400 2.33838 2.31828 2.28807 2.26317 2.10627 2.06605 2.04598 1.97817 1.94917 1.92671 2.03071 2.09918 2.10059 2.09219 2.09461 2.09713 2.09967
2.95581 2.95014 2.95014 2.95014 2.95014 2.93564 2.90448 2.88306 2.86251 2.84167 2.80294 2.75919 2.71334 2.71995 2.70220 2.94055 2.74748 2.74917 2.91958 2.92669 2.92669 2.92669 2.92669 2.92669 2.92669 2.92669 2.92669 2.92669 2.92669 2.92235 2.51826 2.34933 2.14857 2.04431 2.09814 2.09475 2.07935 2.05812 2.03688 2.02450 2.08986 2.12302 2.13690 2.15063 2.16404 2.21468 2.15425 2.14502 2.13580 2.10299 2.02747 2.03909 2.04427 2.02304 2.01736 2.00645 1.99609 1.95580 1.93499 1.93499 2.00481 2.12674 2.12603 2.11672 2.11417 2.11650 2.11782
2.86954 2.77184 2.73777 2.72089 2.70488 2.70051 2.71092 2.71140 2.69877 2.67060 2.64409 2.61915 2.60059 2.64213 2.63113 2.90306 2.78847 2.74104 2.85597 2.90848 2.89867 2.88893 2.87874 2.84588 2.80044 2.75492 2.70938 2.66399 2.61834 2.57293 2.29348 1.96603 1.92326 1.92128 1.97813 1.97314 1.97986 1.99260 2.00532 2.00993 2.03803 2.07708 2.07291 2.06874 2.06455 2.10180 2.02856 2.04025 2.05948 2.07433 2.00916 2.00452 1.86282 1.85743 1.86247 1.87349 1.86862 1.89326 1.93499 1.93499 1.94946 2.14452 2.14383 2.09503 2.04663 1.99718 1.94922
2.82273 2.69420 2.71038 2.72050 2.71459 2.69977 2.67744 2.64916 2.64307 2.65091 2.65882 2.66673 2.67447 2.67449 2.54488 2.68026 2.59944 2.43548 2.44559 2.49355 2.45651 2.41953 2.38294 2.36889 2.36759 2.36630 2.36784 2.37854 2.37882 2.36902 2.24549 1.82398 1.78581 1.84114 1.87655 1.89688 1.89688 1.89688 1.89688 1.89688 1.90562 1.97224 1.97874 1.99888 2.01953 2.05580 2.07169 2.03937 2.03937 2.03937 1.96721 1.94938 1.82359 1.79404 1.79848 1.81991 1.81991 1.85053 1.92942 1.87478 1.80900 1.91887 1.90387 1.89809 1.93584 1.93585 1.93585
3.18633 2.87301 2.85320 2.82469 2.81251 2.80991 2.77290 2.68707 2.68446 2.68187 2.67926 2.67666 2.67424 2.67323 2.52330 2.55332 2.50939 2.25589 2.26212 2.35766 2.36476 2.37740 2.39012 2.40284 2.40617 2.39773 2.38641 2.36591 2.35587 2.35587 2.30487 1.91591 1.78186 1.85615 1.86919 1.89688 1.89688 1.89795 1.91387 1.93695 1.97653 2.08305 2.13933 2.16639 2.19402 2.22280 2.14165 2.03937 2.03937 2.03937 1.98797 1.94938 1.86952 1.79404 1.78893 1.76702 1.71340 1.66598 1.68111 1.66976 1.66976 1.78739 1.89154 1.89154 1.92864 1.93585 1.93585
3.17611 2.80652 2.79216 2.79138 2.79138 2.79138 2.78108 2.67380 2.67374 2.67374 2.67374 2.67374 2.67374 2.67374 2.58422 2.51202 2.62776 2.33359 2.30589 2.39729 2.43103 2.41012 2.38891 2.36772 2.35590 2.35587 2.35587 2.35587 2.36383 2.41044 2.46279 2.11874 1.91461 2.02296 2.01237 2.03686 2.08462 2.13316 2.16662 2.19261 2.19664 2.23912 2.28485 2.28485 2.28485 2.28485 2.20950 2.03937 2.03937 2.03937 2.00281 1.89634 1.80759 1.63119 1.58168 1.59221 1.59889 1.59889 1.66207 1.66976 1.66976 1.72937 1.87374 1.83207 1.81371 1.79294 1.75122
3.27939 2.84700 2.79138 2.79138 2.79138 2.79138 2.79138 2.68771 2.68071 2.69351 2.70640 2.71932 2.73223 2.74513 2.68874 2.55481 2.71710 2.44002 2.34746 2.36023 2.35610 2.35587 2.35587 2.35587 2.37940 2.43237 2.48968 2.55207 2.61168 2.67860 2.75574 2.76523 2.47844 2.55235 2.26037 2.19664 2.19664 2.19664 2.19664 2.19664 2.19664 2.21126 2.28485 2.28485 2.28485 2.28485 2.26408 1.98862 1.92996 1.87517 1.81624 1.72836 1.72706 1.58632 1.57302 1.58778 1.60661 1.61386 1.67169 1.70514 1.71407 1.73336 1.64568 1.66364 1.68800 1.73576 1.74888
3.31916 2.94877 2.79847 2.81139 2.82420 2.83708 2.85000 2.78338 2.75120 2.75120 2.75120 2.75120 2.75713 2.76934 2.74384 2.60475 2.73485 2.51642 2.35587 2.35930 2.40031 2.45497 2.51422 2.57885 2.63468 2.71139 2.78576 2.85433 2.91555 2.93205 2.93205 2.93136 2.56965 2.54154 2.36940 2.19664 2.19664 2.19664 2.19664 2.19664 2.19664 2.19665 2.26418 2.22899 2.17400 2.11908 2.07094 1.87287 1.81849 1.81917 1.81881 1.79675 1.82437 1.75277 1.72066 1.75342 1.79046 1.80903 1.88420 1.96891 1.98728 1.99168 1.89677 1.86278 1.86678 1.91188 1.92185
3.52534 3.26035 2.86933 2.86884 2.86884 2.86884 2.86884 2.81352 2.75623 2.79721 2.85148 2.91197 2.97047 3.01975 3.06350 2.94322 2.95765 2.75804 2.57104 2.60200 2.66472 2.74297 2.81487 2.88111 2.92891 2.93205 2.93205 2.93205 2.93205 2.93205 2.93205 2.93205 2.66462 2.52942 2.47813 2.19740 2.19664 2.19635 2.19160 2.19259 2.20020 2.20940 2.13147 2.07237 2.09343 2.11459 2.13564 1.99298 1.84411 1.85012 1.85711 2.00681 2.09100 2.04656 1.94733 1.94685 1.94076 1.93765 1.97087 2.06643 2.06643 2.06643 2.00708 1.94431 1.94431 1.97067 1.98862
3.60518 3.41165 2.95971 2.95489 2.99955 3.06475 3.13783 3.18120 3.14742 3.16212 3.16211 3.15660 3.14643 3.13627 3.12609 2.98548 3.22861 3.13799 2.93463 2.90688 2.93205 2.93205 2.93205 2.93130 2.92948 2.92765 2.92585 2.93089 2.94302 2.95515 2.96729 2.97936 2.81970 2.60034 2.52703 2.23053 2.25714 2.28833 2.32389 2.35383 2.37835 2.41114 2.40256 2.28333 2.29611 2.30898 2.32175 2.25002 2.00991 2.01925 1.98522 2.03028 2.11139 2.06657 2.11336 2.12750 2.13355 2.14533 2.15990 2.06643 2.06643 2.06643 2.03892 1.94431 1.94431 1.95858 1.97098
3.60766 3.56070 3.39188 3.28279 3.31556 3.31897 3.31843 3.30056 3.14268 3.12916 3.11630 3.10868 3.10570 3.10272 3.09975 3.12128 3.28503 3.31204 3.08202 2.94770 2.95947 2.97123 2.98300 2.99554 3.00911 3.02266 3.03633 3.04299 3.04265 3.03795 2.99924 2.95996 2.96527 3.12757 3.09419 2.85289 2.82340 2.83604 2.84868 2.86132 2.87295 2.87456 2.87341 2.72044 2.70361 2.67963 2.62049 2.55207 2.17786 2.10850 2.09583 2.13701 2.31568 2.31568 2.37426 2.39486 2.38988 2.38741 2.38717 2.09739 2.06643 2.07225 2.10062 2.02028 2.04699 2.07067 1.92882
3.67321 3.61638 3.43817 3.16691 3.14759 3.12827 3.10905 3.08720 3.04807 3.03089 3.01599 3.00129 2.98664 2.97197 2.95729 2.94350 3.06597 3.25404 3.22206 3.05977 3.03902 3.03902 3.03902 3.02933 2.98620 2.94022 2.89438 2.85476 2.81852 2.78666 2.78880 2.79152 2.82866 3.24126 3.24112 3.00476 2.87456 2.87456 2.87456 2.87456 2.86855 2.81813 2.75866 2.59757 2.46876 2.43325 2.43295 2.43295 2.18919 2.09583 2.09583 2.09829 2.30365 2.31568 2.35084 2.39486 2.39148 2.39276 2.41850 2.23502 2.17011 2.19747 2.20021 2.11429 2.07809 2.07809 1.97325
3.55455 3.49799 3.34024 2.99323 2.96975 2.95507 2.94082 2.93652 2.93009 2.92650 2.92650 2.92650 2.92650 2.92650 2.92650 2.90397 3.00069 3.22064 3.16469 3.00967 2.88446 2.83847 2.79254 2.76178 2.76872 2.77847 2.78810 2.79152 2.79152 2.79152 2.79152 2.79152 2.79212 3.16547 3.27550 3.08775 2.84481 2.78532 2.72589 2.66642 2.61294 2.60390 2.60390 2.55590 2.43295 2.43295 2.43295 2.43295 2.27805 2.09583 2.09583 2.09583 2.25540 2.32156 2.35937 2.45448 2.48031 2.49695 2.49890 2.35677 2.20021 2.20021 2.20021 2.14611 2.07809 2.07848 2.02435
3.48636 3.47924 3.29731 3.02610 2.93652 2.93652 2.93652 2.93652 2.93217 2.92650 2.92650 2.91088 2.86945 2.82728 2.78534 2.74237 2.73891 2.91964 2.96401 2.84212 2.70806 2.69834 2.78732 2.79152 2.79152 2.79152 2.79152 2.79152 2.79152 2.79152 2.79152 2.78436 2.71378 2.89054 3.03293 2.82099 2.63189 2.60390 2.60390 2.60390 2.60390 2.60390 2.60390 2.59972 2.44278 2.43295 2.43295 2.43295 2.36684 2.10227 2.12860 2.15628 2.29273 2.42553 2.42717 2.49470 2.50605 2.49901 2.49879 2.41156 2.19409 2.19067 2.18724 2.16606 2.09124 2.08632 2.05367
3.48636 3.48636 3.33642 3.12256 2.93652 2.91978 2.87800 2.83593 2.79170 2.74180 2.69994 2.67334 2.67293 2.67293 2.67293 2.63782 2.53951 2.64530 2.64347 2.56763 2.65404 2.66163 2.77051 2.79152 2.79152 2.79152 2.79152 2.76288 2.67877 2.59335 2.50792 2.42958 2.41469 2.57091 2.89833 2.81555 2.68025 2.60390 2.60390 2.60390 2.60390 2.60390 2.60390 2.60390 2.49220 2.43998 2.46654 2.49425 2.51924 2.23138 2.20732 2.20732 2.26423 2.41626 2.38321 2.39242 2.39263 2.35175 2.31540 2.24689 1.90241 1.86556 1.89976 1.97140 1.96650 2.03660 2.12940
3.41756 3.36389 3.20651 2.99788 2.70846 2.68321 2.68295 2.68295 2.68257 2.67309 2.67293 2.65194 2.56241 2.47354 2.39143 2.33997 2.28789 2.48907 2.61127 2.56573 2.62512 2.66158 2.72475 2.72923 2.64384 2.55834 2.47287 2.41609 2.41469 2.41469 2.41469 2.41469 2.41469 2.50588 2.85110 2.85351 2.72790 2.60390 2.60390 2.60390 2.60390 2.59403 2.55150 2.50833 2.48986 2.55437 2.53826 2.51686 2.49537 2.28485 2.18643 2.17954 2.16579 1.96357 1.95062 1.96342 2.01386 2.07793 2.19608 2.28613 2.08322 2.16102 2.19703 2.19511 2.13760 2.10879 2.10879
