High_resolution/powerplant/Shangrao/OMI_NO2_201108.asc
ncols      200
nrows      200
xllcorner       115.451
yllcorner       27.0350
cellsize     0.0166667
NODATA_Value      -999.000
[rows 120 to 149 of 200, columns 66 to 131 of 200]
1.91192 1.88674 1.77924 1.66563 1.55189 1.20091 1.03532 1.01617 1.01617 1.01617 1.01617 1.01617 1.01617 1.07764 1.14307 1.14307 1.14307 1.14307 1.14307 1.14307 1.14894 1.62847 1.67763 1.67763 1.67763 1.65253 1.58189 1.51033 1.43878 1.36773 1.34027 2.43604 3.60963 3.60963 3.60963 3.60963 3.60963 3.60963 3.60963 3.60963 3.60963 3.60963 3.60963 3.60963 3.60963 3.60963 3.40665 2.74315 2.69792 2.17103 2.16576 2.16576 2.16576 2.16576 2.16576 2.16576 2.16576 2.16576 2.16576 2.16576 2.19693 2.26849 2.32141 2.31745 2.26626 2.17996
1.40140 1.31292 1.30662 1.30662 1.30662 1.17737 1.01617 1.01617 1.01617 1.01617 1.01617 1.01617 1.01617 1.04120 1.14307 1.14307 1.14307 1.14307 1.14307 1.14307 1.13763 1.37553 1.53078 1.45922 1.38767 1.34118 1.34027 1.34027 1.34027 1.34027 1.34027 1.79246 3.60963 3.60963 3.60963 3.60963 3.60963 3.60963 3.60963 3.60963 3.60963 3.60963 3.60963 3.60963 3.60963 3.60963 3.60963 2.82917 2.74275 2.28745 2.16576 2.16576 2.16576 2.16576 2.16576 2.16576 2.18648 2.23644 2.23225 2.22403 2.18500 2.10558 2.04439 2.04043 2.04043 2.04070
1.30662 1.30662 1.30662 1.30662 1.30662 1.25634 1.01617 1.01617 1.01617 1.01617 1.01617 1.01617 1.01617 1.01679 1.13101 1.14181 1.11565 1.07987 1.04409 1.00831 0.977969 1.07621 1.34027 1.34027 1.34027 1.34027 1.34027 1.34027 1.34027 1.34027 1.34027 1.35320 3.40452 3.60963 3.60963 3.60963 3.60963 3.60963 3.60963 3.60963 3.60963 3.60963 3.60963 3.60963 3.60963 3.60963 3.60963 3.02696 2.74275 2.44872 2.16576 2.16576 2.15759 2.14664 2.13837 2.13086 2.10193 2.04391 2.04043 2.04043 2.04043 2.04043 2.04043 2.04043 2.04043 2.04043
1.30662 1.30662 1.30662 1.30662 1.30662 1.30590 1.04577 1.01617 1.01617 1.01617 1.01617 1.02694 1.05489 1.08305 1.05479 0.984007 0.974393 0.974393 0.974393 0.974393 0.974393 1.00757 1.34027 1.34027 1.34027 1.34027 1.34027 1.34027 1.34027 1.34027 1.34027 1.34027 2.77413 3.60963 3.60963 3.60963 3.60963 3.60963 3.60963 3.60963 3.60963 3.60963 3.60963 3.60963 3.60963 3.60963 3.60963 3.33026 2.75285 2.64770 2.04525 2.03703 2.03737 2.04043 2.04043 2.04043 2.04043 2.04043 2.04043 2.04043 2.04043 2.04043 2.04043 2.04043 2.04043 2.04043
1.30662 1.30662 1.30662 1.30662 1.30662 1.30662 1.12674 1.04260 1.07073 1.09894 1.12710 1.14449 1.14471 1.14471 1.08728 0.974393 0.974393 0.974393 0.974393 0.974393 0.975108 0.999849 1.30127 1.34027 1.34027 1.34027 1.34027 1.34027 1.34027 1.34027 1.34027 1.34027 2.13015 3.60963 3.60963 3.60963 3.60963 3.60963 3.60963 3.60963 3.60963 3.60963 3.61048 3.61641 3.62315 3.62990 3.63664 3.63807 3.05986 3.01925 2.10503 2.04043 2.04043 2.04043 2.04043 2.04043 2.04043 2.04043 2.04043 2.04043 2.04043 2.04043 2.04043 2.04043 2.04043 2.04043
1.30662 1.30662 1.32076 1.34891 1.37709 1.40525 1.32726 1.14471 1.14471 1.14471 1.14471 1.14471 1.14471 1.14471 1.13347 0.985763 1.01982 1.06663 1.12529 1.20127 1.30100 1.34027 1.34027 1.34027 1.34027 1.34027 1.34027 1.34027 1.34027 1.34027 1.34027 1.34027 1.51024 3.58558 3.60963 3.60963 3.60963 3.61005 3.61539 3.62213 3.62888 3.63562 3.64152 3.64234 3.64234 3.64234 3.64234 3.64234 3.20113 3.03348 2.36983 2.04043 2.04043 2.04043 2.04043 2.04043 2.04043 2.04043 2.04043 2.04043 2.04043 2.02694 1.95067 1.87890 1.81816 1.76577
1.39298 1.42113 1.43516 1.43516 1.43516 1.43516 1.40928 1.14617 1.14471 1.14600 1.18279 1.24442 1.32131 1.41891 1.54773 1.41422 1.34027 1.34027 1.34027 1.34027 1.34027 1.34027 1.34027 1.34027 1.34027 1.34027 1.34027 1.34027 1.34027 1.34027 1.34027 1.34027 1.34030 3.11606 3.62112 3.62787 3.63461 3.64094 3.64234 3.64234 3.64234 3.64234 3.64234 3.64234 3.64234 3.64234 3.64234 3.64234 3.39399 3.03348 2.64887 2.04043 2.04043 2.04043 2.04043 2.04043 2.02592 1.94972 1.87794 1.81703 1.76511 1.72604 1.72141 1.72141 1.72141 1.72141
1.43516 1.43516 1.43516 1.43516 1.41744 1.33878 1.25506 1.29895 1.48003 1.62606 1.68091 1.68091 1.68091 1.68091 1.68091 1.51692 1.34027 1.34027 1.34027 1.34027 1.34027 1.34027 1.34027 1.34027 1.34027 1.34027 1.34027 1.34027 1.34103 1.34284 1.34467 1.34649 1.34828 2.48988 3.64234 3.64234 3.64234 3.64234 3.64234 3.64234 3.64234 3.64234 3.64234 3.64234 3.64234 3.64234 3.64234 3.64234 3.62317 3.05628 2.92586 2.02736 1.94832 1.87662 1.81647 1.76431 1.72565 1.72141 1.72141 1.72141 1.72141 1.72141 1.72038 1.67687 1.60048 1.48316
1.31041 1.22651 1.14279 1.05903 0.992802 0.987701 0.987701 1.24377 1.68091 1.68091 1.68091 1.68091 1.68091 1.68091 1.68091 1.61424 1.34027 1.34027 1.34027 1.34027 1.34027 1.34027 1.34027 1.34064 1.34234 1.34416 1.34599 1.34781 1.34887 1.34888 1.34888 1.34888 1.34888 1.84129 3.64234 3.64234 3.64234 3.64234 3.64234 3.64234 3.64234 3.64234 3.64234 3.64234 3.64234 3.64234 3.61577 3.42824 3.26734 2.94358 2.79071 1.84226 1.72141 1.72141 1.72141 1.72141 1.72141 1.72141 1.72141 1.68894 1.59387 1.41674 1.19420 1.03824 0.936432 0.860783
0.987701 0.987701 0.987701 0.987701 0.987701 0.987701 0.987701 1.09469 1.68091 1.68091 1.68091 1.68091 1.68091 1.68091 1.68091 1.67924 1.37259 1.34027 1.34039 1.34184 1.34366 1.34548 1.34731 1.34876 1.34888 1.34888 1.34888 1.34888 1.34888 1.34888 1.34888 1.34888 1.34888 1.37089 3.46439 3.64234 3.64234 3.64234 3.64234 3.64234 3.64234 3.62950 3.45511 3.28684 3.16231 3.06656 2.99756 2.98715 2.98715 2.90976 2.79963 2.09165 1.72141 1.72141 1.72141 1.67979 1.53296 1.34959 1.12122 0.934586 0.860526 0.856936 0.856936 0.856936 0.856936 0.856936
0.987701 0.987701 0.987701 0.987701 0.987701 0.987701 0.987701 0.998829 1.63196 1.68091 1.68091 1.68091 1.68091 1.68091 1.61232 1.47656 1.33714 1.34680 1.34851 1.34888 1.34888 1.34888 1.34888 1.34888 1.34888 1.34888 1.34888 1.34888 1.34888 1.34888 1.34888 1.34888 1.34888 1.34888 2.83825 3.64234 3.63842 3.48344 3.30709 3.17769 3.07853 3.00360 2.98715 2.98715 2.98715 2.98715 2.98715 2.98715 2.98715 2.97541 2.78892 2.28511 1.47155 1.28504 1.05372 0.862981 0.856936 0.856936 0.856936 0.856936 0.856936 0.856936 0.856936 0.856936 0.856936 0.856936
0.987701 0.987701 0.987701 0.987701 0.987701 0.987701 0.987701 0.987701 1.38026 1.65871 1.53523 1.39947 1.26366 1.12790 1.06074 1.06074 1.15830 1.34888 1.34888 1.34888 1.34888 1.34888 1.34888 1.34706 1.34547 1.34888 1.34888 1.34888 1.34888 1.34888 1.34888 1.34888 1.34888 1.34888 2.22481 3.09089 3.01116 2.98715 2.98715 2.98715 2.98715 2.98715 2.98715 2.98715 2.98715 2.97571 2.90546 2.80908 2.68361 2.51376 2.35372 1.96186 0.861982 0.856936 0.856936 0.856936 0.856936 0.856936 0.856936 0.856936 0.856936 0.856936 0.856936 0.856936 0.856936 0.856936
0.987701 0.987701 0.987701 0.987701 0.987019 0.944196 0.876318 0.808440 0.870289 1.07308 1.06074 1.06074 1.06074 1.06074 1.06074 1.06074 1.08004 1.34479 1.32035 1.22126 1.14322 1.08309 1.03531 0.996972 1.19960 1.34888 1.34888 1.34888 1.34888 1.34888 1.34888 1.34888 1.34888 1.34888 1.76458 2.98049 2.98715 2.98715 2.98715 2.98715 2.98059 2.91713 2.82391 2.70326 2.54089 2.35550 2.33195 2.33195 2.33195 2.33195 2.33195 2.29286 0.924846 0.856936 0.856936 0.856936 0.856936 0.856936 0.856936 0.856936 0.856936 0.856936 0.856936 0.856936 0.850111 0.813628
0.970677 0.905683 0.837774 0.769896 0.702701 0.677615 0.677615 0.677615 0.715182 1.06074 1.06074 1.06074 1.05955 1.01302 0.958381 0.917099 0.884840 0.978490 0.986872 0.985062 0.985062 0.985062 0.985062 0.985062 1.09766 1.34888 1.34888 1.34888 1.34888 1.34888 1.34888 1.34888 1.34888 1.34888 1.43211 2.75602 2.92843 2.83827 2.72219 2.56675 2.37307 2.33195 2.33195 2.33195 2.33195 2.33195 2.33195 2.33195 2.33195 2.33195 2.33195 2.33195 1.20142 0.856936 0.856936 0.856936 0.856936 0.856936 0.856936 0.849871 0.813329 0.773713 0.733799 0.693884 0.660794 0.657361
0.680499 0.677615 0.677615 0.677615 0.677615 0.677615 0.677615 0.691321 0.758336 0.937106 0.899880 0.871084 0.848009 0.840991 0.840991 0.840991 0.840991 0.910548 0.985062 0.985062 0.985062 0.985062 0.985062 0.985062 1.02634 1.34888 1.34888 1.34888 1.34888 1.34888 1.34888 1.29543 1.19430 1.09312 0.992035 1.81713 2.33195 2.33195 2.33195 2.33195 2.33195 2.33195 2.33195 2.33195 2.33195 2.33195 2.33195 2.33195 2.33195 2.33195 2.33195 2.33195 1.64732 0.856936 0.849871 0.813229 0.773314 0.733399 0.693484 0.660634 0.657361 0.657361 0.657361 0.657361 0.657361 0.657361
0.677615 0.677615 0.710054 0.781367 0.852756 0.924145 0.995535 1.05322 1.05836 0.920200 0.840991 0.840991 0.840991 0.840991 0.840991 0.840991 0.840991 0.869401 0.985062 0.985062 0.985062 0.985062 0.985062 0.985062 0.986688 1.29855 1.32067 1.22279 1.12161 1.02048 0.919302 0.871624 0.871624 0.871624 0.871624 1.46418 2.33195 2.33195 2.33195 2.33195 2.33195 2.33195 2.33195 2.33195 2.33195 2.33195 2.33195 2.33195 2.33195 2.30250 2.10507 1.88140 1.52238 0.698029 0.660634 0.657361 0.657361 0.657361 0.657361 0.657361 0.657361 0.657361 0.657361 0.658149 0.661216 0.665145
0.947713 1.01925 1.05828 1.05836 1.05836 1.05836 1.05836 1.05836 1.05836 0.978989 0.840991 0.840991 0.840991 0.840991 0.840991 0.840991 0.840991 0.841725 0.971562 0.985062 0.985062 0.979597 0.936215 0.885674 0.835109 0.865962 0.874870 0.871624 0.871624 0.871624 0.871624 0.871624 0.871624 0.871624 0.871624 1.15701 2.24566 2.33195 2.28529 2.13937 2.07027 2.33195 2.33195 2.33195 2.31526 2.13376 1.90982 1.68589 1.46217 1.26758 1.24118 1.24118 1.24107 0.709407 0.657361 0.657361 0.657361 0.657361 0.658196 0.661286 0.665255 0.670381 0.677330 0.683898 0.684218 0.684218
1.05836 1.05836 1.05836 1.05836 1.05836 1.05836 1.05836 1.05836 1.05836 1.03714 0.841643 0.840991 0.840991 0.840991 0.840991 0.840991 0.840782 0.824666 0.865881 0.849307 0.798742 0.753641 0.746435 0.746435 0.746435 0.777391 0.871624 0.871624 0.871624 0.871624 0.871624 0.871624 0.876196 0.920931 0.963098 1.01028 1.70258 1.82634 1.78749 1.78178 1.70529 1.90510 1.71446 1.49075 1.28339 1.24118 1.24118 1.24118 1.24118 1.24118 1.24118 1.24118 1.24118 0.849131 0.661357 0.665361 0.670503 0.677498 0.683972 0.684218 0.684218 0.684218 0.684218 0.684218 0.684218 0.684218
1.07827 1.05836 1.05836 1.05836 1.05836 1.05836 1.05836 1.05836 1.05836 1.05836 0.879195 0.840991 0.835044 0.807908 0.771445 0.722666 0.654815 0.621245 0.684774 0.746435 0.746435 0.746435 0.746435 0.746435 0.746435 0.754980 0.871673 0.903837 0.950349 0.985492 1.01302 1.03516 1.05214 1.05533 1.05533 1.05533 1.35860 1.49109 1.37913 1.27092 1.24011 1.24069 1.24118 1.24118 1.24118 1.24118 1.24118 1.24118 1.24118 1.24118 1.24118 1.24118 1.24118 1.06546 0.684218 0.684218 0.684218 0.684218 0.684218 0.684218 0.684218 0.684218 0.684218 0.684218 0.684218 0.684218
1.17421 1.05836 1.05836 1.05836 1.05836 1.05836 1.05836 1.05835 1.05814 1.05779 0.884849 0.687242 0.625726 0.621245 0.621245 0.621245 0.621245 0.621245 0.637187 0.745571 0.746435 0.746844 0.749130 0.751651 0.754170 0.756689 1.00479 1.05533 1.05533 1.05533 1.05533 1.05533 1.05533 1.05533 1.05533 1.05533 1.09585 1.23967 1.24011 1.24011 1.24011 1.24041 1.24118 1.24118 1.24118 1.24118 1.24118 1.24118 1.24118 1.24118 1.24118 1.24118 1.24118 1.21009 0.694578 0.684218 0.684218 0.684218 0.684218 0.684218 0.684218 0.684218 0.684218 0.684218 0.684218 0.684218
1.27748 1.05836 1.05836 1.05827 1.05796 1.05755 1.05700 1.05625 1.05598 1.05598 0.932862 0.621245 0.621245 0.621245 0.621245 0.621256 0.624116 0.629158 0.634197 0.740227 0.757949 0.760060 0.760292 0.760292 0.760292 0.760292 0.934601 1.05533 1.05533 1.05533 1.05533 1.05533 1.05533 1.05533 1.05533 1.05533 1.06527 1.20997 1.24011 1.24011 1.24011 1.24021 1.24118 1.24118 1.24118 1.24118 1.24118 1.24118 1.24118 1.24118 1.24118 1.24118 1.24118 1.24118 0.818348 0.684218 0.684218 0.684218 0.684218 0.684218 0.684218 0.684218 0.684218 0.684218 0.684218 0.684218
1.28533 1.05726 1.05660 1.05600 1.05598 1.05598 1.05598 1.05598 1.05598 1.05598 1.03786 0.633273 0.631677 0.636716 0.641755 0.646782 0.648961 0.648961 0.648961 0.721591 0.760292 0.760292 0.760292 0.760292 0.760292 0.760292 0.855531 1.05533 1.05533 1.05533 1.05533 1.05533 1.05533 1.05553 1.06882 1.09415 1.12697 1.22006 1.24011 1.24011 1.24011 1.24011 1.24099 1.24118 1.24118 1.24118 1.24118 1.24118 1.24118 1.24118 1.24118 1.24118 1.24118 1.24118 0.973254 0.684218 0.684218 0.684218 0.684218 0.684218 0.684218 0.684218 0.684218 0.00000 0.00000 0.00000
1.05598 1.05598 1.05598 1.05598 1.05598 1.05598 1.05598 1.05598 1.05598 1.05598 1.05598 0.648961 0.648961 0.648961 0.648961 0.648961 0.648961 0.648961 0.648961 0.685854 0.760292 0.760292 0.760292 0.760292 0.760292 0.760292 0.779913 1.05185 1.05533 1.06279 1.08624 1.11660 1.15702 1.21261 1.23904 1.23904 1.23904 1.23980 1.24011 1.24011 1.24011 1.24011 1.24061 1.24118 1.24118 1.24118 1.24118 1.24118 1.24118 1.24118 1.24118 1.24118 1.24118 1.24118 1.11039 0.684218 0.684218 0.684218 0.00000 0.00000 0.00000 0.00000 0.00000 0.00000 0.00000 0.00000
1.05598 1.05598 1.05598 1.05598 1.05598 1.05598 0.00000 0.00000 0.00000 0.00000 0.00000 0.648961 0.648961 0.648961 0.648961 0.648961 0.648961 0.648961 0.648961 0.650156 0.754888 0.760292 0.760292 0.760292 0.758332 0.746031 0.728946 1.05076 1.19500 1.23827 1.23904 1.23904 1.23904 1.23904 1.23904 1.23904 1.23904 1.23949 1.24011 1.24011 1.24011 1.22828 1.18428 1.24118 1.24118 1.24118 1.24118 1.24118 1.24118 1.24118 1.24118 1.24118 1.24118 0.00000 0.00000 0.00000 0.00000 0.00000 0.00000 0.00000 0.00000 0.00000 0.00000 0.00000 0.00000 0.00000
0.00000 0.00000 0.00000 0.00000 0.00000 0.00000 0.00000 0.00000 0.00000 0.00000 0.00000 0.648961 0.648961 0.648961 0.648961 0.648961 0.648961 0.648961 0.648961 0.648961 0.724758 0.734296 0.713617 0.685622 0.653241 0.648961 0.648961 0.955005 1.23904 1.23904 1.23904 1.23904 1.23904 1.23904 1.23904 1.23363 1.13745 1.01557 1.05699 0.996575 0.932304 0.879865 0.893890 1.24012 1.24118 1.24118 1.24118 1.24118 0.00000 0.00000 0.00000 0.00000 0.00000 0.00000 0.00000 0.00000 0.00000 0.00000 0.00000 0.00000 0.00000 0.00000 0.00000 0.00000 0.00000 0.00000
0.00000 0.00000 0.00000 0.00000 0.00000 0.00000 0.00000 0.00000 0.00000 0.00000 0.00000 0.648961 0.648961 0.648961 0.648961 0.648961 0.648961 0.648961 0.648961 0.648961 0.648961 0.648961 0.648961 0.648961 0.648961 0.648961 0.648961 0.796775 1.23904 1.23904 1.17805 1.04966 0.921118 0.792577 0.664109 0.540973 0.508692 0.508692 0.783289 0.798294 0.735492 0.651842 0.542108 0.508692 0.00000 0.00000 0.00000 0.00000 0.00000 0.00000 0.00000 0.00000 0.00000 0.00000 0.00000 0.00000 0.00000 0.00000 0.00000 0.00000 0.00000 0.00000 0.00000 0.00000 0.00000 0.00000
0.00000 0.00000 0.00000 0.00000 0.00000 0.00000 0.00000 0.00000 0.00000 0.00000 0.00000 0.00000 0.648961 0.648961 0.648961 0.648961 0.648961 0.648961 0.648961 0.648961 0.648961 0.648961 0.648961 0.648961 0.651266 0.665651 0.681846 0.712251 0.714587 0.576395 0.508692 0.508692 0.508692 0.508692 0.508692 0.508692 0.508692 0.508692 0.508692 0.508692 0.508692 0.508692 0.508692 0.508692 0.00000 0.00000 0.00000 0.00000 0.00000 0.00000 0.00000 0.00000 0.00000 0.00000 0.00000 0.00000 0.00000 0.00000 0.00000 0.00000 0.00000 0.00000 0.00000 0.00000 0.00000 0.00000
0.00000 0.00000 0.00000 0.00000 0.00000 0.00000 0.00000 0.00000 0.00000 0.00000 0.00000 0.00000 0.648960 0.648961 0.648961 0.648961 0.648961 0.648961 0.648961 0.657510 0.673633 0.689757 0.705933 0.722083 0.735909 0.737647 0.737647 0.737647 0.573951 0.508692 0.508692 0.508692 0.508692 0.508692 0.508692 0.508692 0.508692 0.508692 0.508692 0.508692 0.508692 0.508692 0.508692 0.508692 0.00000 0.00000 0.00000 0.00000 0.00000 0.00000 0.00000 0.00000 0.00000 0.00000 0.00000 0.00000 0.00000 0.00000 0.00000 0.00000 0.00000 0.00000 0.00000 0.00000 0.00000 0.00000
0.00000 0.00000 0.00000 0.00000 0.00000 0.00000 0.00000 0.00000 0.00000 0.00000 0.00000 0.00000 0.648961 0.651135 0.665421 0.681615 0.697738 0.713862 0.730011 0.737647 0.737647 0.737647 0.737647 0.737647 0.737647 0.737647 0.737647 0.737647 0.635271 0.508692 0.508692 0.508692 0.508692 0.508692 0.508692 0.508692 0.508692 0.508692 0.508692 0.508692 0.508692 0.508692 0.508692 0.508692 0.508692 0.00000 0.00000 0.00000 0.00000 0.00000 0.00000 0.00000 0.00000 0.00000 0.00000 0.00000 0.00000 0.00000 0.00000 0.00000 0.00000 0.00000 0.00000 0.00000 0.00000 0.00000
0.00000 0.00000 0.00000 0.00000 0.00000 0.00000 0.00000 0.00000 0.386417 0.386417 0.386417 0.386417 0.386417 0.682797 0.737647 0.737647 0.737647 0.737647 0.737647 0.737647 0.737647 0.737647 0.737647 0.737647 0.737647 0.737647 0.737647 0.737647 0.696546 0.508692 0.508692 0.508692 0.508692 0.508692 0.508692 0.508692 0.508692 0.508692 0.508692 0.508692 0.508692 0.508692 0.508692 0.508692 0.508692 0.00000 0.00000 0.00000 0.00000 0.00000 0.00000 0.00000 0.00000 0.00000 0.00000 0.00000 0.00000 0.00000 0.00000 0.00000 0.00000 0.00000 0.00000 0.00000 0.00000 0.00000
