results/OMI_NO2_200609.asc
ncols      200
nrows      200
xllcorner       120.258
yllcorner       41.1236
cellsize     0.0166667
NODATA_Value      -999.000
[rows 145 to 173 of 200, columns 0 to 65 of 200]
1.44457 1.44457 1.44457 1.44457 1.44457 1.44457 1.44457 1.26117 1.27756 1.34963 1.54270 1.62185 1.46976 1.51315 1.56779 1.45818 1.33269 1.34406 1.35446 1.34257 1.32374 1.34525 1.33372 1.33758 1.35131 1.37421 1.41019 1.42972 1.49253 1.57718 1.60624 1.61884 1.68931 1.62089 1.61138 1.59053 1.56973 1.54893 1.52809 1.47720 1.44835 1.47153 1.49493 1.48293 1.41637 1.40014 1.39367 1.33991 1.34858 1.35879 1.47018 1.42930 1.35108 1.29718 1.29975 1.36680 1.37144 1.54928 1.59747 1.63340 1.67051 1.70759 1.72450 1.75466 1.80323 2.16142
1.43601 1.43004 1.42462 1.43249 1.45591 1.53930 1.62581 1.54914 1.47693 1.49413 1.54829 1.56020 1.46372 1.43853 1.51476 1.52847 1.27999 1.29308 1.30728 1.32147 1.33576 1.37391 1.40652 1.40646 1.40272 1.39988 1.42884 1.43872 1.49813 1.58118 1.65190 1.65261 1.70723 1.51872 1.50911 1.50827 1.50674 1.50451 1.50092 1.49746 1.48113 1.46186 1.44337 1.42433 1.36573 1.38807 1.41177 1.39130 1.39141 1.39290 1.46096 1.48533 1.38181 1.33283 1.28997 1.40990 1.44592 1.61170 1.72332 1.72451 1.72451 1.72451 1.72474 1.75245 1.82709 2.11107
1.42252 1.49782 1.60787 1.72081 1.81794 1.86901 1.91246 1.87093 1.67454 1.68907 1.67562 1.49545 1.48410 1.44102 1.48516 1.55207 1.40252 1.36313 1.36178 1.35748 1.35309 1.35560 1.39782 1.41114 1.42957 1.44815 1.48486 1.50003 1.52642 1.57524 1.66836 1.65921 1.71407 1.54846 1.48630 1.49303 1.48575 1.46883 1.45377 1.44005 1.43718 1.43816 1.43922 1.43927 1.39689 1.37205 1.42471 1.40364 1.39680 1.39680 1.42383 1.53097 1.46240 1.44116 1.39466 1.48721 1.50921 1.59343 1.75720 1.79532 1.83387 1.87345 1.91311 1.93632 2.05734 2.14393
1.97931 2.04369 2.07201 2.07419 2.07394 2.07008 2.06503 2.05051 1.71767 1.69412 1.69071 1.53441 1.47562 1.44825 1.46607 1.51762 1.46115 1.35754 1.36120 1.37313 1.39174 1.40923 1.45477 1.47721 1.48646 1.49611 1.51848 1.54662 1.56228 1.62246 1.65049 1.65746 1.69407 1.61524 1.44667 1.45015 1.44037 1.44025 1.44025 1.44025 1.44012 1.43928 1.43927 1.43927 1.42105 1.36533 1.40715 1.42071 1.43938 1.47010 1.49500 1.59459 1.56177 1.52272 1.48004 1.56389 1.65897 1.73232 1.92420 1.93515 1.93282 1.92365 1.92295 1.95654 2.08400 2.22636
2.06606 2.06100 2.05595 2.05089 2.04609 2.04490 2.04490 2.04490 1.78751 1.69106 1.70246 1.62902 1.52305 1.52856 1.49916 1.53777 1.57445 1.42840 1.44778 1.46398 1.47364 1.48329 1.50634 1.53998 1.53948 1.53860 1.54121 1.57034 1.57069 1.60652 1.61180 1.60591 1.60200 1.63141 1.42961 1.43990 1.44025 1.44025 1.44025 1.44025 1.44025 1.44113 1.44559 1.45007 1.44342 1.37257 1.35622 1.35412 1.41329 1.39293 1.37038 1.42241 1.47535 1.60103 1.61064 1.62145 1.75120 1.78777 2.01553 2.10378 2.15816 2.21934 2.27284 2.29358 2.34570 2.45151
2.04490 2.04490 2.04490 2.04505 2.05672 2.07553 2.08270 2.07552 1.92601 1.80056 1.82652 1.82759 1.65438 1.63268 1.59962 1.62394 1.68063 1.54499 1.49493 1.50052 1.50979 1.51905 1.52862 1.53756 1.53780 1.53454 1.51657 1.52278 1.51010 1.52671 1.56035 1.58431 1.58075 1.66360 1.47775 1.43981 1.45341 1.45759 1.45320 1.44626 1.43694 1.42058 1.39315 1.35961 1.33544 1.28291 1.20854 1.21045 1.25160 1.29596 1.29398 1.32233 1.47815 1.57071 1.76531 1.89095 2.06293 2.08804 2.30167 2.49419 2.50642 2.51844 2.53034 2.53980 2.53750 2.64685
2.02581 2.01377 2.03126 2.05352 2.06493 2.06972 2.08560 2.11629 2.08416 1.94465 1.94499 1.94499 1.76629 1.67815 1.64031 1.61792 1.68116 1.63889 1.53197 1.53564 1.53561 1.53543 1.52294 1.50531 1.48873 1.47467 1.47633 1.51080 1.54853 1.57600 1.58679 1.61790 1.62162 1.65905 1.54223 1.38894 1.37090 1.34139 1.31567 1.29187 1.26995 1.25294 1.24372 1.24509 1.24934 1.24907 1.18225 1.18654 1.21260 1.32275 1.35338 1.37377 1.60435 1.68520 1.84444 1.97612 2.12362 2.16324 2.27968 2.58104 2.56643 2.55187 2.53759 2.52558 2.52671 2.60255
2.15319 2.14050 2.14586 2.14586 2.14586 2.14586 2.14586 2.14586 2.13776 1.95563 1.95911 1.97488 1.88079 1.74737 1.68508 1.66838 1.69825 1.72814 1.55405 1.53500 1.53726 1.54142 1.55709 1.57953 1.60320 1.62481 1.64103 1.64678 1.66695 1.66289 1.61284 1.61352 1.61195 1.58065 1.50984 1.29397 1.25892 1.25905 1.26564 1.27223 1.27881 1.28540 1.29029 1.29248 1.29241 1.28767 1.27486 1.29954 1.30753 1.35654 1.38422 1.37797 1.49375 1.60759 1.70563 1.84995 1.96455 2.05778 2.13190 2.51334 2.54280 2.53743 2.52617 2.51427 2.50239 2.55379
2.18823 2.14876 2.14586 2.14584 2.14573 2.14563 2.15564 2.17365 2.18300 2.04778 2.01257 2.00391 1.98219 1.82743 1.78269 1.77797 1.75416 1.79599 1.68386 1.64567 1.64639 1.64450 1.64260 1.64070 1.64022 1.63921 1.63841 1.62391 1.63414 1.61841 1.56549 1.51322 1.52172 1.48555 1.47099 1.32523 1.29538 1.29131 1.29014 1.28759 1.28360 1.27534 1.26758 1.26835 1.27244 1.27782 1.30345 1.32910 1.27151 1.25816 1.33577 1.33224 1.36909 1.55105 1.60220 1.78107 1.87651 2.02377 2.03434 2.41554 2.49839 2.49188 2.49128 2.49128 2.49128 2.49817
2.08446 2.17591 2.16085 2.17943 2.19080 2.20230 2.22949 2.25239 2.28395 2.21093 2.15396 2.18417 2.20763 2.06679 1.95204 1.87402 1.74809 1.74778 1.71567 1.64972 1.64889 1.64597 1.62849 1.60852 1.58836 1.56330 1.53287 1.51738 1.52484 1.52635 1.50788 1.45624 1.48354 1.46474 1.45531 1.35846 1.27863 1.25469 1.24140 1.23225 1.23177 1.23597 1.24103 1.24002 1.23528 1.23010 1.22788 1.28774 1.26659 1.21898 1.28408 1.31401 1.31404 1.50368 1.55667 1.70671 1.81614 1.98633 1.99462 2.29794 2.47830 2.47606 2.50605 2.60514 2.72352 2.84268
2.04156 2.32274 2.33078 2.35310 2.38278 2.41226 2.41597 2.41597 2.39724 2.30101 2.12254 2.09003 2.05577 1.93921 1.82143 1.77489 1.72642 1.66380 1.68258 1.58561 1.55228 1.52594 1.51453 1.50220 1.48997 1.48480 1.48446 1.48698 1.50080 1.51212 1.50762 1.44870 1.42190 1.38972 1.37227 1.32354 1.21546 1.20750 1.21721 1.22484 1.22523 1.22523 1.22523 1.22535 1.22613 1.22614 1.22614 1.26170 1.28397 1.23398 1.24684 1.32348 1.32345 1.43291 1.55257 1.63624 1.83584 1.99739 2.08699 2.35325 2.74533 2.86757 2.98600 3.04636 3.08123 3.09605
2.16303 2.40455 2.41034 2.36628 2.32706 2.28791 2.24874 2.20957 2.18916 2.18280 2.01199 2.01082 2.01082 2.01326 1.91338 1.89213 1.91327 1.76060 1.60219 1.53044 1.50227 1.50460 1.50842 1.51550 1.52266 1.53095 1.53729 1.53749 1.53074 1.46533 1.45936 1.42636 1.39699 1.38946 1.37998 1.38720 1.25165 1.23118 1.22523 1.22626 1.23621 1.24798 1.25963 1.27103 1.28267 1.28858 1.29173 1.29424 1.32081 1.28826 1.25484 1.34503 1.36601 1.39898 1.58368 1.69862 2.16326 2.37304 2.58538 2.71048 3.05113 3.08700 3.09098 3.09456 3.10166 3.12060
2.15792 2.19179 2.18971 2.18916 2.18916 2.18916 2.18916 2.20810 2.26686 2.32723 2.24235 2.24961 2.30220 2.32202 2.18094 2.09818 2.07118 1.96064 1.72550 1.60075 1.54156 1.54156 1.53851 1.52949 1.52026 1.51277 1.52400 1.52392 1.52496 1.48760 1.48402 1.49326 1.46373 1.45487 1.44168 1.44878 1.36312 1.31886 1.31117 1.31351 1.30800 1.30072 1.29347 1.28223 1.26343 1.25022 1.24048 1.23901 1.27369 1.28750 1.28942 1.42240 1.61581 1.75574 2.03373 2.10837 2.40242 2.63020 2.76709 2.80128 3.10231 3.15937 3.15878 3.15680 3.15413 3.15126
2.15008 2.18745 2.30192 2.38172 2.47667 2.56661 2.64484 2.70251 2.71776 2.73109 2.58342 2.31711 2.29364 2.29364 2.22000 2.12641 2.09050 2.06940 1.81242 1.61237 1.52545 1.50914 1.50296 1.50274 1.50274 1.50835 1.53450 1.55200 1.56224 1.53971 1.58879 1.60187 1.53952 1.50984 1.47483 1.47477 1.41712 1.32017 1.32588 1.33203 1.32776 1.32111 1.31438 1.31169 1.31702 1.32287 1.34132 1.45789 1.60257 1.76765 1.93203 1.98592 2.14898 2.21592 2.25061 2.28572 2.42431 2.75014 2.82685 2.83303 3.04980 3.12807 3.13502 3.14208 3.14998 3.15807
2.52750 2.98093 2.87248 2.75749 2.69924 2.68627 2.68624 2.68624 2.68624 2.68633 2.62564 2.36380 2.30931 2.31383 2.29252 2.17464 2.15178 2.16765 1.98890 1.66910 1.58043 1.54893 1.56028 1.57287 1.58552 1.59256 1.60041 1.61656 1.61794 1.60445 1.59180 1.61538 1.54108 1.47738 1.44375 1.46737 1.47876 1.36713 1.37637 1.38565 1.39836 1.42130 1.44904 1.51392 1.58489 1.83071 2.02586 2.09465 2.15508 2.25873 2.31122 2.29273 2.34272 2.40454 2.42246 2.46234 2.48212 2.87638 2.94078 2.96320 3.03457 3.14104 3.15042 3.15981 3.17063 3.19154
2.53197 2.82151 2.90290 2.83766 2.77620 2.78322 2.79018 2.79718 2.81559 2.83781 2.84348 2.58892 2.49545 2.53135 2.57220 2.31494 2.23314 2.20767 2.15395 1.77626 1.64278 1.58624 1.58751 1.58245 1.56634 1.54937 1.53265 1.53423 1.51953 1.50665 1.47524 1.52228 1.48434 1.37685 1.34451 1.40624 1.46404 1.55016 1.55546 1.62369 1.67821 1.72114 1.75407 1.76022 1.76495 1.90959 2.23186 2.24985 2.25117 2.29500 2.34292 2.35336 2.39769 2.50372 2.51704 2.55017 2.56554 2.83527 3.01504 3.05060 3.09153 3.22653 3.24548 3.25908 3.27130 3.27336
2.78512 2.92357 3.14411 3.05769 2.98807 2.97901 2.98838 3.01182 3.03938 3.06966 3.11106 2.93998 2.69727 2.68719 2.68794 2.41702 2.20131 2.13198 2.11952 1.87302 1.58942 1.47383 1.44191 1.43007 1.42917 1.42917 1.42917 1.43991 1.45635 1.46408 1.43597 1.50019 1.50570 1.41545 1.40358 1.47685 1.59637 1.69963 1.71903 1.74800 1.74988 1.75366 1.76395 1.77365 1.77814 1.80883 2.17297 2.25456 2.25695 2.31419 2.42126 2.43445 2.46480 2.52742 2.57141 2.58494 2.60125 2.72864 3.03736 3.08943 3.11535 3.24992 3.27336 3.27971 3.30926 3.34995
2.99633 2.98110 3.21914 3.15078 3.08070 3.01470 3.04006 3.05174 3.04890 3.03998 3.02638 2.90554 2.67506 2.61969 2.61770 2.48989 2.17307 2.06249 2.05857 1.98605 1.60441 1.48690 1.43504 1.45134 1.46776 1.48093 1.48380 1.48852 1.50309 1.49859 1.49412 1.56314 1.65203 1.64648 1.63065 1.58881 1.65959 1.72490 1.75404 1.76911 1.78793 1.79554 1.80114 1.80170 1.80170 1.80170 2.01026 2.26115 2.26115 2.28851 2.39203 2.43213 2.46864 2.48366 2.59509 2.62080 2.67623 2.73439 3.11606 3.22922 3.27888 3.43587 3.58610 3.71092 3.81160 3.89612
2.91243 2.96638 3.16672 3.23558 3.15281 3.02282 3.01215 3.00992 3.00770 3.00547 3.00325 2.94908 2.71461 2.61235 2.61235 2.58036 2.21749 2.06556 2.02324 2.00671 1.72856 1.62521 1.51806 1.51170 1.50599 1.50356 1.51176 1.55533 1.63391 1.69990 1.75334 1.79763 1.84208 1.82030 1.74645 1.62224 1.68188 1.73228 1.80608 1.78368 1.80170 1.80170 1.80170 1.80009 1.78463 1.76606 1.80282 2.14814 2.16963 2.16115 2.34808 2.53924 2.63180 2.65841 2.76822 2.84024 2.89393 2.96399 3.29701 3.53152 3.65181 3.80989 3.92854 3.94048 4.00402 4.10259
3.10703 3.04487 3.10778 3.27508 3.15393 3.06018 3.00130 3.00130 3.00130 3.00130 2.99943 2.97903 2.73847 2.56663 2.54476 2.53077 2.25473 2.08296 1.99099 2.00132 1.90077 1.71662 1.55495 1.56301 1.61876 1.67135 1.71582 1.72795 1.74087 1.79775 1.80036 1.80514 1.86475 1.86959 1.77185 1.65493 1.63422 1.66802 1.73150 1.67851 1.68156 1.66496 1.64565 1.62793 1.62382 1.62162 1.62209 1.91347 2.10738 2.15125 2.33252 2.65796 2.78049 2.86235 2.92929 3.09199 3.19671 3.31865 3.49483 3.69515 3.80349 3.94107 4.13651 4.21897 4.24662 4.24456
3.19965 3.04487 3.04632 3.25449 3.19106 3.09954 2.95513 2.92610 2.90260 2.90915 2.92272 2.94827 2.82608 2.70223 2.70583 2.73671 2.57478 2.28111 2.05092 2.05096 2.09315 1.89614 1.80508 1.72864 1.72103 1.71428 1.71324 1.71324 1.71740 1.80170 1.81882 1.82408 1.74869 1.70973 1.62462 1.53778 1.48245 1.54780 1.62091 1.62165 1.62320 1.62659 1.62721 1.64847 1.70336 1.75960 1.81198 1.95147 2.30643 2.33166 2.46079 2.85214 3.10575 3.26741 3.26068 3.36067 3.41608 3.51932 3.68131 3.94927 4.12853 4.14713 4.18263 4.17776 4.19852 4.21929
3.20363 2.96650 2.99388 3.10064 3.13139 3.08189 3.02601 3.03423 3.06742 3.07257 3.07257 3.07257 2.97598 2.81170 2.73987 2.74690 2.70841 2.41931 2.22900 2.15735 2.13643 2.02905 1.88151 1.71325 1.71279 1.71993 1.72658 1.72306 1.71508 1.74667 1.77643 1.76308 1.68005 1.62031 1.61641 1.59837 1.49564 1.58376 1.64328 1.69613 1.72217 1.82143 1.87894 1.91773 1.93747 1.95761 1.96337 1.97091 2.55295 2.78773 2.82912 3.07582 3.31077 3.41265 3.51001 3.64548 3.78694 3.84116 3.91541 4.10185 4.30190 4.34824 4.35186 4.33673 4.33479 4.32694
3.19106 3.32452 3.38885 3.42590 3.48309 3.37749 3.33049 3.25424 3.27453 3.29483 3.31508 3.33699 3.26368 2.89172 2.79630 2.78909 2.75224 2.47339 2.26086 2.11277 2.09859 2.08192 1.88906 1.73358 1.68100 1.67026 1.66117 1.66619 1.67781 1.70502 1.79482 1.81207 1.79286 1.71248 1.72194 1.71319 1.65914 1.75547 1.81106 1.84086 1.90861 2.07878 2.07819 2.07158 2.05683 2.05079 2.06557 2.09925 2.50052 2.93583 2.96746 3.14064 3.38948 3.50531 3.70080 3.82327 3.91438 3.93247 3.95766 4.07780 4.28068 4.32642 4.30767 4.26098 4.24594 4.22860
3.66286 3.72387 3.75154 3.74535 3.74039 3.63545 3.55484 3.39887 3.39012 3.39737 3.39659 3.38030 3.31638 2.76936 2.59695 2.53466 2.48205 2.31954 2.21045 2.06493 2.06146 2.07118 1.98501 1.87028 1.78534 1.80047 1.81450 1.82465 1.82993 1.82993 1.88764 1.90841 1.89246 1.77207 1.75755 1.73568 1.66542 1.68071 1.73246 1.73423 1.84484 2.02865 2.09476 2.13930 2.18097 2.21454 2.24179 2.25502 2.34060 2.99570 3.03822 3.07343 3.28227 3.44145 3.57186 3.72640 3.80760 3.86817 3.90082 3.99952 4.17073 4.28280 4.26607 4.20091 4.19177 4.19177
3.52614 3.62526 3.69100 3.69129 3.69347 3.64566 3.46871 3.31379 3.17569 3.09583 3.02332 2.96514 2.90190 2.49432 2.29534 2.23041 2.22091 2.15674 2.13065 2.18231 2.11611 2.11543 2.09754 1.95274 1.84807 1.82771 1.80971 1.78848 1.76953 1.76139 1.77997 1.83115 1.83498 1.74667 1.67877 1.63336 1.57769 1.64961 1.77832 1.85695 1.98819 2.17449 2.27708 2.27945 2.28171 2.28156 2.28135 2.28135 2.28135 2.76993 3.05176 3.03051 3.20263 3.40497 3.51735 3.66149 3.76175 3.84487 3.85107 3.89158 4.00947 4.18530 4.15738 4.05971 3.98739 3.92781
3.26610 3.22340 3.25042 3.18780 3.10017 3.08567 2.98179 2.95337 2.86902 2.86480 2.85865 2.85249 2.84618 2.56104 2.28143 2.19840 2.19840 2.17169 2.08050 2.21404 2.09942 2.08005 2.06808 1.90834 1.78563 1.71564 1.71785 1.71327 1.70647 1.68890 1.66040 1.68948 1.65703 1.63972 1.60765 1.64611 1.66134 1.78646 1.90921 1.94095 1.98055 2.12582 2.27925 2.28135 2.28135 2.28135 2.28135 2.28267 2.29498 2.49320 3.09567 3.12364 3.15578 3.28898 3.40502 3.53714 3.64293 3.70290 3.76386 3.80290 3.87438 3.88511 3.86784 3.84344 3.82322 3.82646
3.17376 2.90204 2.88546 2.96653 2.96653 3.03424 2.99826 2.93829 2.86015 2.83278 2.83278 2.83278 2.83278 2.68440 2.29323 2.17481 2.14784 2.12646 1.99661 2.07992 1.97510 1.94294 1.92072 1.83841 1.68454 1.62814 1.60808 1.58482 1.56305 1.55575 1.56305 1.65500 1.76183 1.78970 1.70304 1.70041 1.68355 1.73399 1.88946 1.94895 1.99026 2.12475 2.29722 2.36219 2.37866 2.40025 2.42310 2.44468 2.45013 2.45211 3.09429 3.25654 3.18668 3.18388 3.36911 3.52801 3.63677 3.73368 3.80615 3.84182 3.89415 3.88787 3.88059 3.84618 3.75710 3.70374
3.09020 2.95697 2.82195 2.96620 2.96653 3.00404 3.03441 2.92896 2.88711 2.79453 2.75797 2.72144 2.67293 2.58119 2.08133 2.00186 1.96932 1.94434 1.84148 1.86678 1.89416 1.84236 1.83585 1.80711 1.62774 1.56013 1.56309 1.58271 1.60098 1.60474 1.60474 1.62593 1.76931 1.78123 1.77324 1.77717 1.78089 1.79924 1.99823 2.07609 2.10823 2.19190 2.34248 2.44467 2.43831 2.42696 2.41164 2.40462 2.40363 2.40626 2.73066 3.24103 3.20898 3.13436 3.32869 3.47399 3.58540 3.73183 3.81286 3.76866 3.71851 3.68221 3.58175 3.56500 3.76101 3.76332
3.08603 3.02844 2.75025 2.86951 2.88082 2.85326 2.79070 2.64037 2.56191 2.47326 2.44174 2.41581 2.40180 2.39624 2.04316 1.91124 1.91056 1.91056 1.85992 1.79191 1.89505 1.77339 1.75004 1.74096 1.68053 1.61777 1.59647 1.59415 1.59113 1.58818 1.58757 1.58957 1.71428 1.76477 1.80921 1.81448 1.81595 1.81413 1.93521 1.96921 1.98844 2.01829 2.17057 2.32555 2.34246 2.35012 2.36211 2.37837 2.40563 2.45193 2.55138 3.24692 3.33047 3.25992 3.34623 3.49791 3.62299 3.65925 3.66011 3.63923 3.58424 3.62183 3.57947 3.56051 3.72613 3.74964
