results/OMI_NO2_2008_06-08.asc
ncols      200
nrows      200
xllcorner       120.258
yllcorner       41.1236
cellsize     0.0166667
NODATA_Value      -999.000
[rows 58 to 86 of 165, columns 0 to 66 of 200]
1.16493 1.21914 1.22697 1.23286 1.23062 1.25575 1.27026 1.46344 1.53652 1.56274 1.61434 1.66710 1.68617 1.73368 1.74916 1.71090 1.71303 1.71245 1.70730 1.66475 1.69471 1.70053 1.67210 1.63215 1.69343 1.71509 1.69930 1.72193 1.71222 1.72010 1.73852 1.76954 1.85104 1.84607 1.80759 1.85298 1.86384 1.80447 1.75011 1.60138 1.59456 1.64795 1.67154 1.66816 1.66944 1.69246 1.67876 1.62426 1.63448 1.65905 1.70052 1.74551 1.76680 1.76489 1.81460 1.83359 1.88019 1.88252 1.88267 1.92337 2.05552 2.06932 2.07401 2.08435 2.09091 2.12429 2.14580
1.16929 1.26649 1.30682 1.34743 1.38400 1.42981 1.44078 1.52169 1.62309 1.60860 1.60419 1.70965 1.71972 1.71378 1.70806 1.67559 1.67884 1.68608 1.68943 1.65591 1.70617 1.76279 1.80028 1.77506 1.80075 1.77769 1.76690 1.75684 1.73683 1.71383 1.73902 1.74214 1.78267 1.78396 1.71005 1.80728 1.81046 1.79929 1.68829 1.64588 1.55587 1.62322 1.65078 1.64913 1.67363 1.70608 1.71739 1.68293 1.71431 1.77950 1.78571 1.80150 1.80687 1.80565 1.87671 1.91887 1.96094 2.00417 2.01277 2.06560 2.15539 2.19590 2.10405 2.10210 2.08856 2.12225 2.13150
1.26979 1.37527 1.43981 1.43700 1.42742 1.43376 1.41945 1.41030 1.56951 1.60263 1.58274 1.63608 1.68520 1.70422 1.73323 1.69226 1.68569 1.74910 1.80003 1.76669 1.80076 1.79163 1.82715 1.81904 1.82836 1.79082 1.76594 1.74548 1.71691 1.66201 1.67822 1.70950 1.69230 1.75516 1.73099 1.81311 1.88514 1.88660 1.82557 1.74397 1.59616 1.66778 1.71000 1.70324 1.76038 1.79547 1.80598 1.77928 1.74953 1.83267 1.86961 1.91202 1.94731 1.96434 2.01186 2.03167 2.01458 2.04654 2.03711 2.07279 2.14483 2.23737 2.17401 2.16635 2.16476 2.14229 2.11032
1.43275 1.43740 1.47078 1.43411 1.41306 1.43855 1.44297 1.46028 1.57755 1.63321 1.61621 1.63743 1.66712 1.71385 1.77907 1.77372 1.77493 1.81035 1.85454 1.80804 1.83438 1.80906 1.83001 1.84746 1.83137 1.74875 1.69325 1.67494 1.66658 1.64241 1.64537 1.73938 1.70023 1.77919 1.78239 1.79659 1.91663 1.88852 1.88722 1.75497 1.70170 1.69937 1.76088 1.76085 1.80018 1.86974 1.90642 1.92414 1.94620 1.98935 2.03117 2.04302 2.05996 2.04960 2.06171 2.06138 2.04727 2.07594 2.06285 2.07638 2.15129 2.19444 2.22538 2.18034 2.17218 2.16242 2.10559
1.38665 1.43593 1.51947 1.53773 1.48920 1.50277 1.49704 1.47626 1.50913 1.56323 1.58697 1.62540 1.65597 1.70611 1.75607 1.74482 1.72374 1.73481 1.79987 1.78075 1.79751 1.76454 1.73619 1.73565 1.71788 1.62537 1.60166 1.58891 1.60684 1.58529 1.55015 1.65177 1.63991 1.71374 1.76483 1.78952 1.86668 1.90804 1.92529 1.83654 1.79401 1.75965 1.88425 1.90881 1.96887 2.01622 2.02329 2.01506 2.04563 2.00042 2.07934 2.07606 2.09374 2.09796 2.10557 2.09248 2.07386 2.07221 2.07453 2.08202 2.14343 2.12489 2.23177 2.15870 2.07392 1.99442 1.87321
1.49914 1.55052 1.56310 1.56661 1.51182 1.51618 1.53792 1.55118 1.60059 1.66505 1.68455 1.69997 1.67753 1.74461 1.74392 1.72844 1.70395 1.69472 1.72739 1.69517 1.68835 1.64365 1.61624 1.63178 1.63249 1.54149 1.52791 1.52082 1.55704 1.56855 1.53963 1.64331 1.68263 1.75826 1.81816 1.85550 1.84409 1.94594 1.94979 1.93844 1.84224 1.89657 2.05910 2.03236 2.04708 2.08605 2.10773 2.11582 2.13422 2.07927 2.12231 2.15863 2.18122 2.19930 2.17834 2.17322 2.15950 2.15455 2.16513 2.18382 2.19617 2.15347 2.08261 1.96092 1.94045 1.96899 1.93178
1.49871 1.52058 1.55154 1.58218 1.55284 1.54667 1.60254 1.64747 1.66329 1.65718 1.67963 1.70131 1.66173 1.71960 1.70951 1.70034 1.63476 1.58413 1.57362 1.56987 1.54871 1.51074 1.49573 1.51068 1.52492 1.45391 1.44844 1.42784 1.51969 1.57598 1.55581 1.61287 1.68570 1.76018 1.82051 1.87931 1.85315 1.91671 1.95614 2.00542 1.96877 1.97625 2.11065 2.08607 2.10560 2.12530 2.18488 2.20112 2.20933 2.17278 2.16068 2.26283 2.27208 2.30596 2.28051 2.28935 2.26846 2.26130 2.19145 2.16853 2.21909 2.19416 2.18510 2.08161 1.99671 2.00877 1.97557
1.59252 1.57130 1.61058 1.65642 1.65250 1.63449 1.61961 1.64031 1.62840 1.60796 1.62741 1.65430 1.59406 1.57977 1.58165 1.58143 1.54604 1.53287 1.54121 1.55537 1.56337 1.54658 1.53243 1.55127 1.58434 1.57890 1.57135 1.53493 1.60317 1.65732 1.63889 1.64653 1.75366 1.80821 1.89617 1.96616 1.94318 1.93726 2.03178 2.08330 2.08465 2.04370 2.16342 2.15342 2.16361 2.16242 2.22669 2.25073 2.25759 2.25786 2.22814 2.32574 2.35087 2.40006 2.38979 2.36190 2.35064 2.32520 2.29418 2.20381 2.20718 2.17862 2.17518 2.09461 1.97856 2.00128 1.98156
1.76221 1.73719 1.74913 1.73628 1.73369 1.70594 1.66109 1.64622 1.61938 1.58690 1.56601 1.60262 1.57306 1.55385 1.57019 1.59753 1.57640 1.58309 1.59306 1.59275 1.62836 1.63164 1.63566 1.64233 1.64116 1.62083 1.62114 1.60584 1.63619 1.68280 1.68294 1.67026 1.73910 1.80226 1.88492 1.93659 1.99138 1.99314 2.05207 2.11172 2.14787 2.09678 2.13266 2.14306 2.13779 2.12539 2.20690 2.25365 2.26832 2.27478 2.26081 2.25355 2.27313 2.29649 2.32859 2.28902 2.31091 2.32519 2.31391 2.19156 2.16218 2.15367 2.14705 2.14179 2.01280 1.98666 1.94778
1.76718 1.76037 1.72011 1.68525 1.66450 1.60155 1.54264 1.51158 1.56906 1.57485 1.57262 1.61531 1.60238 1.59761 1.58200 1.62390 1.60576 1.62873 1.65521 1.64198 1.69061 1.69809 1.69097 1.68895 1.69449 1.66371 1.67154 1.65914 1.67903 1.71668 1.74176 1.75681 1.82719 1.96278 2.06059 2.14922 2.22101 2.18713 2.18415 2.23389 2.26649 2.25353 2.20799 2.24030 2.20733 2.18420 2.22851 2.26035 2.23451 2.18274 2.17260 2.15747 2.15931 2.20805 2.24602 2.23091 2.24322 2.24894 2.25712 2.15782 2.11088 2.13935 2.14194 2.16648 2.09544 2.02971 2.01861
1.71824 1.70614 1.67016 1.60172 1.59801 1.56497 1.52582 1.51930 1.53134 1.55917 1.54981 1.59030 1.60354 1.62433 1.61019 1.67722 1.66328 1.67847 1.69353 1.66493 1.69008 1.69719 1.68097 1.66823 1.69947 1.68224 1.71731 1.78203 1.79771 1.82649 1.85001 1.86592 1.91269 2.06109 2.10381 2.16579 2.19451 2.19883 2.19802 2.20900 2.24255 2.23675 2.17788 2.16846 2.09800 2.03228 2.03966 2.09372 2.08314 2.06394 2.08981 2.09254 2.04741 2.06566 2.08380 2.11279 2.20078 2.22786 2.26721 2.19082 2.13783 2.18733 2.20289 2.24836 2.29737 2.15624 2.09207
1.61998 1.63392 1.63134 1.54331 1.53405 1.51486 1.40565 1.41446 1.40888 1.52664 1.53514 1.57735 1.61444 1.63309 1.58546 1.62340 1.62266 1.63320 1.66168 1.62603 1.63223 1.64973 1.63002 1.62465 1.65830 1.62867 1.70625 1.81292 1.85786 1.85997 1.86628 1.85798 1.88265 2.02245 2.07601 2.13596 2.13877 2.10271 2.10908 2.10486 2.13716 2.11342 2.07597 2.04068 2.02569 1.97691 1.97983 2.04166 1.98806 1.97708 2.02359 2.05850 2.00778 2.03684 2.03471 2.09488 2.17925 2.21895 2.28142 2.22057 2.17022 2.17665 2.18272 2.21707 2.27132 2.15874 2.04277
1.69980 1.69325 1.68477 1.59924 1.58131 1.59665 1.53173 1.52798 1.50637 1.56315 1.58426 1.58219 1.62006 1.63255 1.58975 1.60400 1.61189 1.61696 1.64532 1.63387 1.62974 1.64756 1.66538 1.67318 1.70615 1.70745 1.74789 1.83452 1.87806 1.88077 1.89516 1.89440 1.91878 2.02455 2.09397 2.12641 2.10192 2.03669 2.01763 2.04670 2.08618 2.09149 2.09765 2.02744 2.02388 1.98388 1.95240 2.00854 1.99843 1.99159 2.03953 2.11346 2.08090 2.14080 2.14482 2.14666 2.23345 2.25914 2.31076 2.27880 2.26542 2.23198 2.25539 2.29162 2.31430 2.29768 2.21965
1.71539 1.72035 1.73792 1.70002 1.65677 1.64960 1.58964 1.54136 1.52370 1.49903 1.58364 1.58316 1.60721 1.64263 1.61428 1.62144 1.66443 1.65666 1.67792 1.70786 1.71268 1.71091 1.72994 1.68881 1.67012 1.70128 1.71791 1.80477 1.87358 1.87781 1.86016 1.85522 1.86607 1.90749 1.95441 2.01641 1.98137 1.93807 1.93143 1.95085 1.99147 2.02085 2.05075 2.01921 2.00709 1.99339 1.96902 1.98118 1.96262 1.91304 1.92903 2.01865 1.96160 2.01915 2.00864 2.06042 2.17036 2.25506 2.31414 2.36519 2.40782 2.31600 2.28617 2.29939 2.28597 2.29608 2.23443
1.69636 1.66618 1.70048 1.60989 1.55839 1.53639 1.49246 1.45617 1.44259 1.42121 1.54052 1.58021 1.61515 1.66524 1.63637 1.63992 1.68293 1.66966 1.67373 1.68419 1.64919 1.61523 1.65007 1.62376 1.60099 1.64905 1.67921 1.73074 1.83213 1.84872 1.79869 1.79043 1.80796 1.77578 1.83286 1.91783 1.96133 1.92641 1.93624 1.95658 2.00886 2.05287 2.07383 2.05709 1.98909 1.99098 1.95241 1.95627 1.99920 1.95950 1.98752 2.09523 2.05797 2.14693 2.13965 2.15163 2.17227 2.28652 2.29231 2.31046 2.31994 2.25746 2.15849 2.16698 2.14129 2.14111 2.14088
1.70905 1.60973 1.65445 1.58241 1.54631 1.52794 1.49348 1.47576 1.46330 1.43261 1.50738 1.60268 1.61645 1.69247 1.67104 1.65550 1.65587 1.66975 1.68680 1.70298 1.69838 1.65403 1.68475 1.67265 1.64896 1.67234 1.69591 1.71032 1.81218 1.82568 1.78279 1.79600 1.83788 1.81449 1.86140 1.91888 1.98160 1.94229 1.93991 1.92148 1.94822 1.99217 2.03411 2.04479 2.06154 2.07175 2.02994 2.03538 2.06320 2.04791 2.00738 2.04650 2.00880 2.05208 2.04547 2.09988 2.08176 2.16003 2.18550 2.22422 2.24663 2.23065 2.08687 2.07369 2.05635 2.02981 2.07547
1.68574 1.57759 1.59988 1.55066 1.54134 1.52045 1.49313 1.48144 1.47743 1.44798 1.46599 1.57231 1.57046 1.62305 1.64589 1.65034 1.69335 1.70967 1.71807 1.72670 1.74008 1.67531 1.68782 1.65216 1.61623 1.60474 1.64047 1.61707 1.73799 1.78754 1.78648 1.79095 1.86515 1.81983 1.80274 1.82174 1.88675 1.84908 1.81526 1.81179 1.82888 1.88017 1.96089 1.97766 2.05841 2.07420 2.02735 2.02751 1.99382 1.94369 1.89487 1.91075 1.94385 2.00387 2.00117 2.04862 2.03724 2.06787 2.10062 2.06947 2.14292 2.18074 2.09291 2.05505 2.05383 2.00578 2.03092
1.65487 1.53124 1.52619 1.50403 1.51757 1.48127 1.44992 1.44791 1.47979 1.46613 1.46736 1.55824 1.60385 1.65081 1.69846 1.69276 1.70517 1.74409 1.75194 1.75645 1.77890 1.69568 1.68361 1.63874 1.62957 1.65541 1.68979 1.66421 1.75741 1.79200 1.77899 1.72868 1.79529 1.76656 1.74103 1.76343 1.83984 1.87819 1.85562 1.86062 1.86783 1.91677 1.99324 2.01405 2.06406 2.10997 2.08004 2.06770 2.06857 2.03791 1.96398 1.94474 1.98260 2.03886 2.06931 2.11341 2.15074 2.15693 2.14520 2.08649 2.15571 2.19678 2.18453 2.07986 2.06817 2.00093 1.99539
1.50923 1.42878 1.37855 1.41761 1.46497 1.44445 1.42886 1.42546 1.47357 1.48402 1.46702 1.53357 1.60917 1.65631 1.67443 1.70363 1.66249 1.69797 1.71202 1.72523 1.74572 1.69484 1.69892 1.67257 1.66467 1.67770 1.70860 1.69130 1.74915 1.80381 1.78889 1.75209 1.78824 1.79941 1.78961 1.80549 1.84762 1.90974 1.89256 1.87936 1.88598 1.92635 2.01804 2.05025 2.07957 2.14239 2.09549 2.07042 2.07468 2.06256 2.01908 2.01074 2.00487 2.04853 2.04940 2.06661 2.14189 2.14254 2.09967 2.03101 2.05583 2.12154 2.13365 2.01936 1.99922 1.96041 1.93683
1.49069 1.43377 1.38683 1.36700 1.45363 1.47308 1.46855 1.47367 1.48731 1.50346 1.48218 1.51913 1.59452 1.65934 1.66778 1.72188 1.70272 1.74794 1.77175 1.78903 1.79345 1.74447 1.73428 1.71260 1.70067 1.70244 1.73485 1.71855 1.71189 1.79253 1.78438 1.75081 1.74179 1.78199 1.78319 1.79504 1.82432 1.90119 1.93786 1.89674 1.89464 1.89268 1.96356 1.99074 2.00152 2.11547 2.11538 2.10153 2.10090 2.10368 2.05039 2.03405 2.01605 2.07152 2.05841 2.06123 2.09248 2.10888 2.11556 2.00935 2.00624 2.09309 2.11107 2.03437 1.94793 1.92003 1.89800
1.58165 1.54877 1.52746 1.47655 1.54625 1.56586 1.54452 1.54365 1.55481 1.58810 1.58316 1.60453 1.67011 1.71577 1.73536 1.75837 1.74963 1.74934 1.77959 1.79595 1.79224 1.74387 1.71856 1.69927 1.68686 1.67530 1.72137 1.74627 1.71767 1.76315 1.76861 1.74017 1.72941 1.79979 1.85158 1.91650 1.98189 2.05608 1.96912 1.87580 1.84335 1.84943 1.92319 1.95787 1.97578 2.04641 2.02397 2.03125 2.01824 2.02548 1.99078 2.02300 2.03270 2.07423 2.04661 2.00854 2.01298 2.08241 2.10355 1.97661 1.93759 1.94697 1.94202 1.96911 1.86705 1.84850 1.86059
1.64667 1.62324 1.61818 1.56416 1.60292 1.61240 1.60441 1.60688 1.60849 1.62326 1.60695 1.59846 1.62448 1.66765 1.71564 1.71381 1.72152 1.67848 1.66273 1.67176 1.66148 1.64570 1.66251 1.67978 1.69128 1.68463 1.72009 1.78133 1.76582 1.79620 1.84308 1.84790 1.86900 1.98642 2.04570 2.05124 2.02227 2.05478 2.00921 1.91670 1.84374 1.83491 1.85129 1.86282 1.88213 1.96959 2.00410 2.04135 2.04548 2.06382 1.99513 1.97685 1.99459 1.98784 1.96193 1.92525 1.88324 1.92576 1.96851 1.91395 1.89179 1.91370 1.98072 2.04186 1.98568 1.93498 1.98350
1.76493 1.75146 1.75483 1.70011 1.67275 1.67357 1.64256 1.62165 1.61147 1.61840 1.62543 1.64666 1.64564 1.69808 1.72234 1.72145 1.71179 1.66069 1.68403 1.70588 1.71452 1.70512 1.72153 1.73565 1.74820 1.73023 1.75132 1.82041 1.85589 1.88642 1.94653 1.91279 1.92373 1.94235 2.01017 2.01805 1.98616 1.97474 1.98693 1.91580 1.84247 1.85150 1.87011 1.93464 1.93031 1.97280 1.98488 2.01935 2.01057 2.02699 1.97923 1.94080 1.96942 1.97232 1.98591 2.00921 1.99223 2.01260 2.08910 2.11997 2.06374 2.07454 2.05086 2.03530 2.07283 1.95230 1.98793
1.81026 1.78030 1.75715 1.69588 1.65352 1.64412 1.62422 1.60232 1.58563 1.58103 1.59240 1.60292 1.57699 1.62655 1.64394 1.69700 1.68199 1.66517 1.63371 1.66977 1.67329 1.66644 1.70021 1.71849 1.74585 1.76513 1.80147 1.84591 1.86423 1.88218 1.92898 1.94228 1.99307 1.98398 1.98988 1.99742 2.01915 2.02357 2.02191 1.97258 1.89213 1.85383 1.85130 1.89954 1.88832 1.93806 1.95072 2.00078 1.98402 1.95793 1.92786 1.97645 2.02290 2.02568 2.05264 2.10807 2.08989 2.09812 2.18755 2.26843 2.16805 2.11258 2.04595 1.96481 2.02810 1.92730 1.91487
1.90030 1.82749 1.77398 1.70696 1.67483 1.59819 1.59818 1.58602 1.57849 1.58458 1.55910 1.56462 1.50425 1.53603 1.57671 1.65505 1.65521 1.68795 1.66605 1.71009 1.72339 1.73829 1.78812 1.80981 1.82004 1.82309 1.84777 1.88912 1.91554 1.91033 1.93236 1.95044 1.99940 2.03142 2.01665 2.02487 2.02638 2.06374 2.05309 2.07914 2.01587 1.94738 1.98009 2.02002 2.03334 2.06342 2.05668 2.12061 2.08468 2.01145 2.00212 2.07804 2.14457 2.18478 2.23233 2.25247 2.21371 2.17686 2.20280 2.28688 2.26331 2.13948 2.09075 1.95829 2.03169 1.98129 1.91107
1.94129 1.85981 1.77805 1.72343 1.68987 1.60097 1.59976 1.59045 1.58142 1.59717 1.56818 1.57525 1.55761 1.55205 1.61987 1.65903 1.69480 1.72992 1.73004 1.75487 1.75606 1.74234 1.77478 1.78696 1.78323 1.79332 1.80746 1.83258 1.82659 1.74333 1.80151 1.87717 1.94164 2.04824 2.02091 2.04352 2.04602 2.07196 2.08024 2.14188 2.12194 2.07000 2.09249 2.08522 2.03439 2.06886 2.08421 2.17432 2.19008 2.13019 2.12603 2.13320 2.13905 2.14136 2.15785 2.17293 2.15699 2.11563 2.12443 2.22560 2.27201 2.13317 2.06127 1.91704 1.95281 1.95695 1.85638
1.97876 1.95105 1.85707 1.79950 1.73722 1.69194 1.63901 1.63327 1.62902 1.64401 1.63663 1.61110 1.60170 1.57983 1.64127 1.69455 1.75511 1.74027 1.71254 1.70420 1.69872 1.68574 1.71640 1.72815 1.73552 1.76589 1.77768 1.82529 1.82457 1.75683 1.83719 1.91372 1.95914 2.09566 2.07830 2.08328 2.10665 2.13410 2.15934 2.20916 2.22326 2.16072 2.14496 2.20014 2.16645 2.18675 2.14957 2.15440 2.12929 2.04138 2.04276 2.04356 2.06546 2.07472 2.12156 2.17344 2.15940 2.11194 2.10610 2.15743 2.23733 2.14861 2.03441 1.93604 1.93180 1.92904 1.87849
2.02309 1.99298 1.90484 1.83497 1.74419 1.73722 1.67934 1.64399 1.61230 1.62553 1.63701 1.63093 1.67963 1.66427 1.65753 1.68394 1.67793 1.64611 1.63591 1.65691 1.65585 1.65945 1.70057 1.75041 1.75875 1.79043 1.80672 1.83690 1.84303 1.79409 1.88780 1.97386 2.02709 2.15649 2.16273 2.12297 2.13404 2.14354 2.18262 2.23351 2.28140 2.19661 2.14339 2.13310 2.05156 2.02419 2.01711 2.02247 2.04715 2.02766 1.98211 1.98961 1.99914 1.99209 2.03436 2.07626 2.11153 2.10111 2.10974 2.12987 2.24202 2.21242 2.07946 2.09739 2.08017 2.04919 2.02918
1.91666 1.88644 1.86335 1.75789 1.65673 1.60885 1.58117 1.54562 1.61905 1.65877 1.67455 1.65482 1.71971 1.73251 1.69774 1.70332 1.69014 1.65177 1.63693 1.65437 1.63994 1.65766 1.68810 1.75988 1.77713 1.82767 1.86401 1.89923 1.91503 1.88706 1.91090 2.01946 2.09173 2.20713 2.25993 2.24732 2.23618 2.20951 2.11794 2.11167 2.09380 2.05286 1.98829 1.99824 2.00524 2.02287 1.99776 1.97982 1.98845 1.96910 1.88493 1.91307 1.93580 1.95482 2.02535 2.07971 2.14728 2.15069 2.15869 2.15305 2.25813 2.24731 2.09022 2.05976 2.09733 2.05567 2.04847
