results/OMI_NO2_2006_06-08.asc
ncols      200
nrows      200
xllcorner       120.258
yllcorner       41.1236
cellsize     0.0166667
NODATA_Value      -999.000
[rows 29 to 57 of 164, columns 0 to 66 of 200]
:*               ?*                  <*       *      >     *    >     *     >     *       ?     *        >      *     <     *      =     *       <      2*                   :*                9*              =*                    >*                 2*                =*                     8*                 2*                ;*                >*             
  ;*               >*                :*                ;*              >*                  <*               :*                3*       *         ?     *     ?     *       ?       *      >     *      9        *      9       *     <    *      <       3*                ;*                >*               3*                9*                8*                ?*       
     2*                3*                 2*                 >*                >*               =*                  ?*               2*                  :*                      =*                <*                     2*                  :*                3*      *       ?       *      >     *     >    *      9     *      ;     *        ;      *    
           8*                 ?*               :*                 2*                  ;*                  :*                >*                 ;*                >*                 2*                   3*              <*                 ;*                    ;*                    8*                 =*               ?*                   =*     
2.90047 3.25398 3.31195 3.31366 3.29863 3.24662 3.20202 3.14051 3.15785 3.13049 3.18872 3.23367 3.23846 3.18815 3.10846 2.91426 2.82303 2.78734 2.92820 2.91114 2.80711 2.72519 2.76580 2.77725 2.78733 2.81508 2.79417 2.74278 2.65481 2.64244 2.66311 2.66323 2.46201 2.38428 2.27705 2.29448 2.28280 2.27872 2.24732 2.12839 2.14480 2.14474 2.18188 2.20733 2.22446 2.25749 2.24512 2.24276 2.25514 2.23741 2.22042 2.28804 2.39820 2.34932 2.34325 2.36552 2.32524 2.32154 2.36696 2.34466 2.32699 2.32029 2.30133 2.29907 2.30719 2.31216 2.34661
2.83247 3.17437 3.23905 3.30344 3.28201 3.27019 3.26093 3.20059 3.21205 3.10866 3.12707 3.20422 3.23475 3.20602 3.15934 2.99284 2.91039 2.89733 2.98198 3.05360 2.95589 2.76349 2.76509 2.74597 2.75317 2.78515 2.77197 2.77465 2.72110 2.71818 2.72953 2.75106 2.60183 2.38573 2.31654 2.29474 2.25069 2.25838 2.27167 2.14905 2.15993 2.17497 2.21651 2.26662 2.26401 2.25610 2.22511 2.19785 2.18719 2.17588 2.16982 2.19990 2.39743 2.36047 2.30036 2.28579 2.23225 2.19730 2.26058 2.28111 2.29348 2.29218 2.31822 2.38387 2.42275 2.46138 2.46947
2.91540 3.10016 3.26258 3.33852 3.34801 3.34532 3.36576 3.34000 3.35507 3.29764 3.26003 3.32167 3.35169 3.29666 3.29335 3.12417 3.02146 2.99382 2.98142 3.18128 3.10637 2.78545 2.82912 2.89283 2.93478 2.98443 2.96543 2.90755 2.84689 2.80525 2.79927 2.86186 2.83575 2.63021 2.58338 2.58861 2.51684 2.50897 2.49260 2.29056 2.24251 2.20711 2.25775 2.30935 2.30188 2.28448 2.26393 2.24493 2.23396 2.20952 2.15199 2.14599 2.26614 2.31908 2.28898 2.28841 2.26505 2.21595 2.28110 2.32709 2.36676 2.37237 2.38766 2.35938 2.35364 2.36848 2.37200
3.03883 3.06273 3.35899 3.41526 3.50107 3.48894 3.50840 3.45463 3.44898 3.42695 3.39586 3.44387 3.47373 3.34525 3.32543 3.21161 3.11683 3.14049 3.13883 3.33372 3.31021 3.03538 2.90297 2.92294 2.93125 2.97248 2.99494 2.99811 3.03100 3.02899 3.06631 3.14447 3.11733 2.92339 2.75299 2.73377 2.58250 2.57386 2.52758 2.47799 2.40824 2.26696 2.33030 2.32676 2.30078 2.25993 2.21175 2.20022 2.22807 2.25167 2.25104 2.24813 2.29119 2.38805 2.36909 2.37821 2.48624 2.43540 2.45746 2.42121 2.46854 2.44824 2.46039 2.43359 2.45474 2.47784 2.47788
3.23656 3.17436 3.41686 3.49020 3.56182 3.54597 3.57728 3.49351 3.47809 3.42212 3.38573 3.43305 3.50591 3.43013 3.37913 3.32645 3.22973 3.20699 3.16445 3.20054 3.22392 3.16273 2.95741 3.02655 3.09850 3.14108 3.10446 3.02938 2.96141 2.88309 2.82320 2.81931 2.76194 2.65999 2.42034 2.41068 2.30283 2.27729 2.27774 2.29045 2.28849 2.19834 2.27233 2.32330 2.34232 2.35198 2.34495 2.34593 2.36175 2.39010 2.34211 2.27019 2.29552 2.39627 2.49414 2.46039 2.52786 2.44024 2.44552 2.45112 2.52494 2.54357 2.56504 2.54652 2.56526 2.59204 2.59387
3.27041 3.18412 3.35228 3.58224 3.59877 3.59667 3.62269 3.60162 3.58710 3.55026 3.55593 3.53972 3.55520 3.47227 3.28479 3.23532 3.11451 3.09355 3.12517 3.17703 3.24824 3.23566 2.89408 2.82856 2.81750 2.81849 2.80949 2.79876 2.79552 2.79936 2.75749 2.79710 2.77845 2.72811 2.45174 2.43796 2.34246 2.29293 2.32180 2.37534 2.38704 2.34531 2.39079 2.42700 2.42371 2.40645 2.36583 2.34027 2.33773 2.37799 2.41397 2.39345 2.43498 2.46845 2.58807 2.51907 2.57069 2.50902 2.48692 2.50451 2.56736 2.61581 2.65239 2.65003 2.66737 2.68847 2.65836
3.31000 3.31398 3.35771 3.67902 3.69891 3.70833 3.68529 3.65650 3.57847 3.52070 3.52767 3.45412 3.41840 3.47044 3.36942 3.40657 3.46708 3.45336 3.42237 3.27392 3.03929 3.06128 2.90406 2.78458 2.81108 2.83093 2.85650 2.87576 2.89653 2.90925 2.84141 2.81733 2.81382 2.72800 2.54062 2.46286 2.36187 2.25665 2.29146 2.35766 2.39160 2.34100 2.36663 2.38884 2.38958 2.39874 2.40142 2.45686 2.48281 2.51753 2.55152 2.50994 2.57995 2.55333 2.62288 2.60541 2.59481 2.62086 2.60782 2.65556 2.67997 2.72198 2.73083 2.69799 2.68508 2.69167 2.65964
3.33229 3.40579 3.33651 3.46688 3.53466 3.57558 3.60789 3.67261 3.75236 3.79866 3.85679 3.87982 3.78066 3.78095 3.63798 3.55561 3.62417 3.53497 3.46272 3.45229 3.11842 3.17037 3.16285 2.94728 2.95118 2.95177 2.93258 2.89764 2.86773 2.84613 2.81121 2.78862 2.80505 2.76827 2.65519 2.53197 2.52154 2.39964 2.37531 2.37519 2.39918 2.33252 2.29401 2.30097 2.43888 2.45757 2.41805 2.44279 2.45345 2.48625 2.51162 2.46502 2.49765 2.41545 2.44812 2.47702 2.45495 2.48902 2.50888 2.47956 2.51451 2.58020 2.62091 2.60432 2.60650 2.62345 2.60753
3.27930 3.46956 3.54847 3.62337 3.83710 3.88122 3.91255 3.89525 3.93342 3.89128 3.88578 3.89428 3.83915 3.78113 3.71151 3.59416 3.71741 3.77821 3.73965 3.76340 3.39311 3.19005 3.16204 2.93484 2.86345 2.84878 2.84279 2.82691 2.82669 2.82248 2.83428 2.84524 2.87994 2.92015 2.87280 2.69425 2.63114 2.48190 2.33259 2.32501 2.37064 2.31852 2.30156 2.30005 2.37739 2.44665 2.47056 2.49368 2.50462 2.51496 2.52032 2.47269 2.46232 2.35979 2.37212 2.42170 2.42677 2.42281 2.53919 2.54624 2.59181 2.66430 2.72030 2.69843 2.73618 2.78092 2.77514
3.39084 3.55662 3.70139 3.74302 3.87014 3.91430 3.91629 3.89659 3.91418 3.92449 3.92128 3.97406 4.00235 3.94891 3.94703 3.82479 3.91576 3.99533 3.89002 3.77898 3.59601 3.02522 2.99368 2.93786 2.91293 2.96967 3.02936 3.06015 3.11536 3.13523 3.09536 3.05953 3.00034 2.99788 2.96308 2.83559 2.74715 2.69653 2.46574 2.43135 2.43456 2.39238 2.35967 2.32607 2.31465 2.40815 2.41869 2.40502 2.40451 2.38675 2.40450 2.38913 2.36836 2.30785 2.30303 2.34648 2.43124 2.35886 2.49611 2.54302 2.54439 2.64179 2.78172 2.80791 2.87338 2.90827 2.89075
3.46834 3.54124 3.69459 3.81188 3.85491 3.93761 3.89763 3.87131 3.82219 3.86431 3.87865 3.93542 3.93459 3.89335 3.80389 3.67524 3.64382 3.68653 3.59190 3.53841 3.70493 3.14106 3.16263 3.19954 3.15052 3.13574 3.12371 3.08181 3.08890 3.05177 3.02071 3.02215 2.97659 2.96356 2.98056 2.89491 2.76239 2.75933 2.46939 2.34701 2.28731 2.23214 2.14208 2.10369 2.10923 2.19306 2.30368 2.34409 2.37042 2.36169 2.40755 2.39254 2.40675 2.32895 2.33323 2.30956 2.44663 2.42065 2.50480 2.62322 2.63796 2.73246 2.89467 2.92871 2.97395 3.05569 3.04378
3.36192 3.41006 3.54144 3.72354 3.68319 3.77958 3.74600 3.73108 3.65334 3.66356 3.65266 3.65419 3.61120 3.70339 3.56438 3.51011 3.36984 3.41074 3.38592 3.36748 3.78303 3.38466 3.15963 3.15832 3.13208 3.09030 3.10734 3.09543 3.12082 3.07551 3.02287 3.03334 2.97251 2.90870 2.90524 2.80466 2.65154 2.63165 2.44766 2.21115 2.20411 2.16563 2.08556 2.04642 2.08020 2.08781 2.25885 2.33210 2.35405 2.34941 2.41044 2.40444 2.45980 2.42328 2.48563 2.47210 2.50224 2.51158 2.43558 2.58502 2.65987 2.71891 2.89974 2.98366 2.99072 3.06676 3.04314
3.15144 3.25486 3.33835 3.56071 3.59551 3.56888 3.54629 3.52508 3.46569 3.43390 3.47023 3.50283 3.47829 3.59568 3.45863 3.46381 3.33588 3.35268 3.37261 3.38156 3.70078 3.56631 3.19504 3.12769 3.11226 3.02858 3.00897 2.96649 2.95571 2.90563 2.87623 2.89502 2.86108 2.79902 2.78127 2.70568 2.54585 2.50191 2.44022 2.18940 2.16897 2.11441 2.02478 1.99493 2.03003 2.07870 2.17877 2.34517 2.39575 2.39202 2.47729 2.50331 2.54618 2.51358 2.45602 2.43050 2.39929 2.50857 2.41364 2.53449 2.67976 2.69963 2.84933 2.98582 2.99512 3.04037 3.02762
2.98864 3.06798 3.14064 3.31822 3.41944 3.34896 3.37286 3.35656 3.35989 3.31582 3.32597 3.40076 3.43206 3.54111 3.49161 3.41486 3.29386 3.16654 3.12484 3.14012 3.18072 3.25331 3.03528 2.98611 2.94308 2.87137 2.86117 2.83950 2.84365 2.78414 2.71533 2.70294 2.64920 2.62393 2.60142 2.54815 2.38729 2.35807 2.35042 2.21713 2.14850 2.12159 2.08923 2.06565 2.09782 2.21588 2.23263 2.48136 2.56844 2.54904 2.55182 2.49229 2.48020 2.45830 2.42431 2.47105 2.45464 2.54967 2.50962 2.51760 2.70835 2.72195 2.74792 2.95165 3.01135 3.07278 3.08814
2.95868 2.98576 2.99624 3.10873 3.34888 3.32934 3.42921 3.44484 3.41817 3.31928 3.20051 3.23141 3.20223 3.20905 3.17918 3.03609 2.96702 2.87438 2.87286 2.95202 2.92692 3.14823 3.04274 2.94623 2.85275 2.76045 2.67564 2.60284 2.54316 2.47317 2.43291 2.43763 2.40409 2.40375 2.44052 2.45701 2.39959 2.34289 2.33763 2.29895 2.15286 2.15821 2.14212 2.10734 2.09305 2.23363 2.22068 2.38163 2.46957 2.41559 2.43655 2.41139 2.43372 2.42863 2.41209 2.50107 2.49186 2.53079 2.61221 2.55795 2.74757 2.81593 2.82162 3.01443 3.10560 3.10958 3.10297
3.00446 3.04301 3.04788 3.08744 3.21642 3.15578 3.12661 3.12083 3.06591 2.98058 2.84655 2.88660 2.93481 3.01849 3.05793 3.05060 2.99095 2.83895 2.80592 2.80188 2.68643 2.74374 2.74405 2.61659 2.54456 2.47329 2.40061 2.38255 2.37282 2.34573 2.34047 2.36078 2.35820 2.34564 2.36515 2.37066 2.34493 2.22993 2.22849 2.22154 2.07244 2.03057 2.01506 1.98590 1.96115 2.04666 2.07152 2.21268 2.39960 2.40406 2.43378 2.42196 2.45308 2.43941 2.44370 2.50686 2.53188 2.53157 2.65369 2.69695 2.81588 2.90950 2.88846 2.97932 3.12769 3.15127 3.15531
2.84657 2.84213 2.77878 2.75117 2.86682 2.86815 2.87432 2.96292 2.96203 2.96786 2.84372 2.82719 2.89161 2.93082 2.92404 2.91128 2.79066 2.62522 2.55791 2.53387 2.42870 2.46978 2.68119 2.55140 2.50802 2.44581 2.44971 2.44937 2.39348 2.34191 2.30784 2.31275 2.30500 2.29368 2.34117 2.34415 2.31523 2.23498 2.18123 2.20595 2.08264 1.99855 2.01953 2.02500 1.97611 2.04473 2.15891 2.21768 2.45467 2.48610 2.53121 2.50202 2.52652 2.49141 2.50312 2.57728 2.64421 2.63866 2.64495 2.69838 2.77964 2.95689 2.97241 3.04470 3.15972 3.24254 3.23676
2.63533 2.68840 2.67653 2.63820 2.71215 2.75338 2.70098 2.79580 2.81350 2.80002 2.73690 2.65406 2.69694 2.67130 2.66074 2.65841 2.61907 2.51654 2.46147 2.42645 2.32771 2.30843 2.56583 2.48383 2.42041 2.34483 2.28512 2.30572 2.29634 2.28617 2.29851 2.32305 2.34129 2.31922 2.35959 2.37344 2.35079 2.32643 2.21008 2.25160 2.16975 2.07139 2.07490 2.09172 2.03659 2.07634 2.15067 2.20730 2.40816 2.50822 2.54902 2.54152 2.57717 2.55805 2.54972 2.58146 2.68883 2.72412 2.72991 2.75606 2.76361 2.91660 2.98224 2.97808 2.99399 3.14598 3.17668
2.59669 2.64347 2.62443 2.56839 2.60878 2.65680 2.61053 2.67175 2.73077 2.72039 2.71339 2.57269 2.58945 2.59791 2.56786 2.56394 2.55313 2.45935 2.39808 2.39744 2.32573 2.29250 2.38749 2.40560 2.33562 2.33604 2.32926 2.35013 2.31105 2.28731 2.27730 2.27753 2.28126 2.26344 2.29195 2.32333 2.29656 2.29729 2.16934 2.21397 2.15922 2.11320 2.06287 2.10935 2.11661 2.16712 2.20565 2.28851 2.38860 2.56823 2.59409 2.57302 2.59789 2.55873 2.52858 2.52742 2.58880 2.63121 2.59374 2.59469 2.64663 2.81364 2.92233 2.92137 2.94141 3.04529 3.17860
2.59501 2.62663 2.66884 2.59043 2.60004 2.65984 2.61861 2.61655 2.69088 2.69940 2.70657 2.58386 2.51921 2.56560 2.53933 2.55435 2.54662 2.44356 2.36565 2.38204 2.34476 2.34021 2.37459 2.41841 2.27884 2.25369 2.24497 2.25247 2.23700 2.23898 2.23825 2.24517 2.25125 2.23230 2.23942 2.23643 2.19089 2.20563 2.20168 2.25297 2.23094 2.19664 2.12988 2.18156 2.14826 2.16474 2.14326 2.20861 2.24193 2.42140 2.46170 2.42346 2.41195 2.34256 2.31104 2.32310 2.40207 2.56098 2.58894 2.60876 2.66522 2.80131 2.88793 2.92057 2.95223 2.99579 3.15012
2.51702 2.57908 2.67292 2.58221 2.56064 2.60953 2.66668 2.61110 2.68823 2.69648 2.68299 2.58747 2.44905 2.47083 2.43673 2.42147 2.39789 2.40939 2.33856 2.30352 2.26952 2.23985 2.25124 2.32086 2.21194 2.10632 2.12801 2.14762 2.14137 2.14753 2.14674 2.15487 2.16794 2.15088 2.17599 2.20116 2.18737 2.23208 2.24124 2.26199 2.18896 2.16707 2.08526 2.03443 2.00506 2.00388 1.96593 2.06947 2.13822 2.25882 2.36445 2.35063 2.37861 2.32113 2.31954 2.36686 2.45695 2.61880 2.67244 2.65518 2.66359 2.74130 2.82993 2.88460 2.95097 3.00944 3.11096
2.47505 2.51496 2.58717 2.55511 2.51955 2.55601 2.65141 2.55814 2.58246 2.60851 2.59813 2.55921 2.41893 2.37961 2.40703 2.40931 2.41114 2.44347 2.40038 2.34520 2.30975 2.17818 2.17667 2.19295 2.20729 1.99873 2.00366 2.04806 2.07929 2.12707 2.16599 2.19790 2.24938 2.26375 2.29634 2.31238 2.29418 2.29524 2.24070 2.25012 2.12297 2.10828 2.05311 2.01679 2.04384 2.06415 2.04044 2.12373 2.19700 2.28273 2.42368 2.43602 2.49301 2.44234 2.43270 2.45346 2.54092 2.63707 2.73285 2.73284 2.70801 2.77869 2.83605 2.89938 2.96610 3.06698 3.11039
2.37134 2.41268 2.46088 2.50077 2.44808 2.48262 2.60056 2.54406 2.50811 2.54966 2.57120 2.58736 2.53700 2.46802 2.50318 2.54891 2.53371 2.55347 2.52043 2.42851 2.41468 2.23463 2.26388 2.25971 2.37652 2.15648 2.13770 2.17666 2.19584 2.25280 2.26485 2.27569 2.29655 2.28854 2.28399 2.27274 2.27894 2.29253 2.18368 2.20163 2.08745 2.07697 2.01514 2.01086 2.05064 2.07358 2.06465 2.14313 2.26488 2.39235 2.51770 2.50282 2.56195 2.49720 2.46236 2.48022 2.53278 2.61420 2.75322 2.79293 2.76649 2.81668 2.89366 2.87845 2.93287 3.00736 3.01398
2.32911 2.35504 2.38769 2.45799 2.41254 2.41175 2.48801 2.59639 2.56904 2.59234 2.63881 2.64443 2.61674 2.50489 2.50390 2.62660 2.60520 2.62803 2.59649 2.47719 2.40543 2.26889 2.28343 2.30852 2.39125 2.28292 2.18624 2.21126 2.22906 2.25994 2.24965 2.24976 2.27202 2.27384 2.27104 2.25460 2.23401 2.23635 2.18282 2.18496 2.12394 2.10082 2.09041 2.09945 2.14755 2.19189 2.17358 2.21597 2.33793 2.39616 2.42776 2.43920 2.51131 2.45917 2.43021 2.43800 2.46989 2.55588 2.74070 2.79294 2.75986 2.71467 2.75819 2.71338 2.77040 2.86973 2.87219
2.28201 2.28051 2.31707 2.38242 2.39493 2.36533 2.43041 2.56300 2.55858 2.55380 2.61013 2.61144 2.58742 2.46818 2.37604 2.42882 2.47975 2.49215 2.47020 2.42866 2.37130 2.31660 2.27133 2.32658 2.34521 2.35113 2.17781 2.17484 2.20940 2.23989 2.23571 2.21725 2.23445 2.22980 2.22880 2.22316 2.21731 2.23210 2.23382 2.18302 2.24421 2.18520 2.19871 2.17245 2.14798 2.20272 2.19827 2.22083 2.32800 2.38700 2.44504 2.44909 2.51507 2.49845 2.45653 2.46236 2.44937 2.54998 2.69873 2.77806 2.77457 2.65287 2.68614 2.63223 2.64955 2.76807 2.80645
