results/OMI_NO2_201010.asc
ncols      200
nrows      200
xllcorner       120.258
yllcorner       41.1236
cellsize     0.0166667
NODATA_Value      -999.000
[rows 0 to 27 of 166, columns 124 to 185 of 200]
2.85993 2.84022 3.01906 3.09941 2.74329 2.08340 1.93421 1.84024 1.75748 1.11882 0.977258 0.978194 1.03097 1.10730 1.27198 1.45406 1.70066 1.73702 1.73702 1.73826 1.89329 2.13090 2.34178 2.52156 2.56354 2.56349 2.56403 2.70954 3.61407 3.59915 3.56310 3.60991 3.72326 3.90003 4.68430 4.72493 4.72733 4.72733 4.72733 4.33167 4.15619 4.15619 4.15619 4.15619 4.15619 4.15619 4.14675 3.90048 3.69389 3.23335 3.04863 3.07010 3.75340 4.21040 4.36478 4.36531 4.36531 4.36531 4.36531 4.36531 4.36531 4.36531
2.50206 2.53914 2.58351 2.57797 2.48085 1.81947 1.74721 1.76163 1.79507 1.60378 1.22457 1.28298 1.30324 1.30324 1.31791 1.49892 1.70955 2.08189 2.29826 2.49028 2.56354 2.55425 2.52869 2.50474 2.48252 2.46193 2.45379 2.78306 3.41464 3.84957 3.93294 3.97409 3.97416 3.97416 4.48493 4.72733 4.72733 4.72733 4.72733 4.59853 4.15619 4.15619 4.15619 4.01775 3.54232 3.09381 2.93083 3.13355 4.10882 4.47130 4.58214 4.40096 4.36531 4.36531 4.36531 4.36531 4.36531 4.36531 4.36531 4.28151 4.11605 3.93416
2.47652 2.50456 2.55200 2.53415 2.54368 2.19744 1.87513 1.89041 1.89054 1.88027 1.38456 1.30324 1.35543 1.56748 1.77078 2.06239 2.25347 2.53325 2.51037 2.48774 2.46676 2.45370 2.45155 2.43440 2.41387 2.39334 2.37669 2.97733 3.33946 3.97372 3.97416 3.97450 4.03519 4.14698 4.43736 4.72733 4.72733 4.72733 4.72733 4.64939 3.69162 3.10064 2.90611 3.01724 3.24051 3.48901 3.62493 3.62598 4.11344 4.58408 4.58408 4.50082 4.36531 4.36486 4.26836 4.11613 3.95244 3.79702 3.67107 3.60459 3.58656 3.58478
2.53739 2.56253 2.64536 2.63905 2.60222 2.50379 1.89648 1.89054 1.88774 1.85364 1.74682 1.89723 2.02182 2.01867 2.00752 2.04257 2.14463 2.36774 2.44979 2.43094 2.41043 2.38988 2.37118 2.36779 2.36990 2.38194 2.39986 2.69451 3.40134 4.09445 4.49328 4.65443 4.72733 4.72733 4.68113 4.48804 4.30534 3.86400 3.47895 3.25722 3.19408 3.46653 3.62198 3.62598 3.62598 3.62598 3.62598 3.62598 3.77339 4.48079 4.36724 4.22891 3.82189 3.67986 3.61741 3.59468 3.58478 3.58343 3.49088 3.35313 3.22648 3.10956
2.58218 2.58218 2.61736 2.65374 2.60518 2.57108 2.03189 1.76224 1.72454 1.71801 1.73404 1.97696 2.00005 2.00005 1.99495 1.97888 2.08601 2.18547 2.36949 2.36779 2.37203 2.39976 2.43538 2.47332 2.51143 2.54059 2.56334 2.59131 3.49713 3.91846 4.50463 4.32011 4.15646 4.00994 3.90548 3.90547 3.91489 3.62033 3.23450 3.23498 3.24254 3.57996 3.62598 3.62600 3.63498 3.65130 3.66761 3.66276 3.60893 3.87286 3.77300 3.70860 3.63217 3.56419 3.43123 3.29391 3.17193 3.06002 3.02002 3.02002 3.02376 3.11378
2.56588 2.55006 2.52340 2.57404 2.54987 2.53180 2.34095 1.73419 1.72986 1.72986 1.72225 1.83263 1.95729 1.93968 1.92717 1.92899 2.01190 2.12081 2.45137 2.51719 2.55622 2.56494 2.56494 2.56494 2.56665 2.58890 2.61714 2.64536 2.93520 3.22678 3.78528 3.90341 3.91287 3.92235 3.93093 3.93246 3.93246 3.91667 3.31075 3.24253 3.25884 3.44563 3.68229 3.65765 3.59290 3.52080 3.44874 3.39777 3.39581 3.55322 3.52461 3.40998 3.29008 3.12912 3.07050 3.02002 3.02002 3.05955 3.18769 3.33184 3.48677 3.52070
2.52662 2.53049 2.55065 2.59413 2.62231 2.57646 2.55517 1.84512 1.68413 1.66673 1.66176 1.68445 1.93598 1.97084 1.98926 2.00537 2.02971 2.18339 2.39169 2.56509 2.58190 2.61017 2.63839 2.66665 2.69321 2.69922 2.69922 2.70306 2.73525 3.19045 3.50203 3.93246 3.93246 3.93246 3.93476 3.85957 3.75987 3.74479 3.69813 3.25210 3.18004 3.12532 3.39805 3.39581 3.39363 3.31523 3.20691 3.10754 3.01599 2.99033 3.25809 3.21465 3.21465 3.15528 3.22275 3.26872 3.41846 3.51792 3.46831 3.41157 3.35479 3.31233
2.55189 2.55158 2.54101 2.53561 2.57628 2.54035 2.51384 2.16869 1.69421 1.71241 1.72581 1.73718 1.88264 2.01233 2.01233 2.01967 2.03964 2.18414 2.33255 2.68777 2.69922 2.69922 2.69922 2.70161 2.70902 2.71660 2.72417 2.72791 2.72791 2.96275 3.18252 3.64887 3.60424 3.52376 3.42987 3.33961 3.26755 3.20359 3.58801 3.07099 2.99200 2.90679 2.99783 3.07817 2.99048 2.96266 2.96266 2.96266 2.96266 2.96266 3.23709 3.41100 3.56502 3.66831 3.56866 3.43616 3.33498 3.29202 3.28818 3.28818 3.28818 3.28818
2.52064 2.51244 2.51450 2.52406 2.60742 2.66812 2.57674 2.52849 1.79474 1.74213 1.74583 1.76444 1.80721 2.06439 2.09519 2.10803 2.10825 2.16474 2.29729 2.61302 2.70741 2.71499 2.72256 2.72046 2.66275 2.56889 2.47644 2.38976 2.30829 2.31099 2.89059 3.08384 3.24564 3.17357 3.11795 3.11420 3.07914 2.98113 3.09777 2.97510 2.64567 2.63683 2.66274 2.94954 2.96266 2.96266 2.97552 3.08583 3.25041 3.43037 3.61961 3.63466 3.55172 3.52258 3.42628 3.38450 3.28823 3.28818 3.28818 3.28818 3.28818 3.28818
2.56657 2.61353 2.65963 2.70322 2.72814 2.77636 2.69175 2.65392 2.17406 1.82003 1.83650 1.83805 1.83805 1.99139 2.10825 2.10861 2.11294 2.12246 2.30042 2.45225 2.54809 2.45804 2.37353 2.29864 2.26048 2.25677 2.29278 2.34928 2.40570 2.45970 2.54029 2.72211 3.04560 2.95176 2.86263 2.78058 2.72927 2.72798 2.77780 3.06311 2.68243 2.63683 2.63931 2.91068 3.21614 3.39186 3.54183 3.56213 3.53117 3.50284 3.50046 3.60288 3.52173 3.52173 3.47500 3.40831 3.31637 3.28796 3.28721 3.29668 3.33106 3.36657
2.70432 2.72830 2.76733 2.80674 2.84617 2.93261 2.92663 2.76655 2.60045 1.84874 1.83805 1.83835 1.88601 1.99707 2.13073 2.12210 2.09453 2.06586 2.12706 2.18130 2.25330 2.25898 2.30229 2.35879 2.41521 2.47107 2.49154 2.49486 2.55681 2.64617 2.70847 3.06599 2.84073 2.72798 2.72798 2.72798 2.72798 2.72956 2.75225 3.05145 3.01786 2.99928 3.19470 3.34730 3.53197 3.50411 3.50046 3.50046 3.50046 3.50046 3.50046 3.59259 3.52374 3.52071 3.51686 3.44311 3.42668 3.38224 3.41849 3.44454 3.44565 3.50064
2.85031 2.89426 2.89462 2.89462 2.89462 2.91562 2.95603 2.82418 2.79430 2.18375 2.02373 2.07622 2.08075 2.04857 2.01196 1.99509 1.99509 2.00078 2.06981 2.27728 2.39301 2.47836 2.49154 2.49988 2.57133 2.66197 2.76074 2.86423 2.89333 2.89333 2.86433 3.01317 3.01303 2.74983 2.77914 2.80844 2.83779 2.86587 2.88909 3.05378 3.32934 3.35751 3.36328 3.36328 3.45143 3.50046 3.50046 3.47770 3.39598 3.31126 3.23958 3.26239 3.69158 3.83915 3.94463 3.75415 3.56434 3.56449 3.73452 3.91615 4.11762 4.25577
2.86900 2.89092 2.89778 2.90198 2.91347 2.98684 3.13159 3.18267 3.10541 2.78937 2.00495 2.00075 2.00075 2.01108 2.05550 2.09936 2.14776 2.19044 2.19849 2.36981 2.51608 2.67801 2.77831 2.87629 2.89333 2.89333 2.89333 2.89324 2.84103 2.74556 2.65031 2.83964 3.27711 2.94658 2.88367 2.90898 2.93428 2.95920 2.96806 2.98829 3.34633 3.36328 3.34568 3.26629 3.20635 3.23366 3.18366 3.22682 3.33125 3.43853 3.53288 3.54661 3.77930 3.99081 4.00057 3.95813 3.61033 3.87706 4.25801 4.25801 4.22075 4.00093
2.91511 2.97306 3.05821 3.14701 3.22851 3.24914 3.27788 3.31170 3.15889 3.11457 2.22954 2.11317 2.16157 2.20558 2.22369 2.25396 2.33046 2.41583 2.50590 2.64560 2.78499 2.87935 2.89333 2.86258 2.76896 2.67372 2.57824 2.48295 2.43977 2.43977 2.44809 2.56081 3.31906 3.21454 2.96803 2.96806 2.96806 2.95714 2.92086 2.91756 3.03953 3.02014 3.01750 3.11955 3.22693 3.43210 3.54443 3.54661 3.55063 3.56040 3.57010 3.57987 3.64999 4.01540 4.02205 4.02205 3.73850 3.54369 3.85254 3.67185 3.50557 3.41503
3.22638 3.26090 3.25075 3.25045 3.25045 3.24863 3.24780 3.41744 3.42551 3.34975 2.85587 2.28927 2.37054 2.45140 2.52807 2.58279 2.57933 2.57932 2.56696 2.50377 2.57924 2.54622 2.50626 2.44163 2.43977 2.43977 2.44397 2.47097 2.50137 2.53177 2.55386 2.55504 3.09934 3.38959 3.00205 2.96054 2.95748 2.97295 3.08024 3.16999 3.25953 3.36653 3.40943 3.40964 3.41637 3.46039 3.57307 3.58283 3.58857 3.58861 3.58861 3.58861 3.58861 3.86250 3.80629 3.63710 3.37256 2.98919 3.12982 3.20694 3.12710 3.10928
3.26509 3.25979 3.25212 3.25878 3.26983 3.28272 3.29794 3.44086 3.51758 3.64489 3.70926 2.65193 2.58592 2.58206 2.52125 2.44188 2.35754 2.27623 2.20914 2.20135 2.27652 2.34334 2.44015 2.46442 2.49485 2.52526 2.55170 2.60205 2.69861 2.80158 2.90460 3.00761 3.21144 3.46645 3.32852 3.19737 3.28686 3.36871 3.38420 3.38528 3.39263 3.42506 3.43886 3.44840 3.45143 3.45149 3.55931 3.58861 3.58861 3.58516 3.46946 3.30229 3.14196 3.09322 3.23496 3.16158 3.11010 2.82132 2.81273 3.10857 3.10928 3.10928
3.31120 3.31788 3.32372 3.28734 3.23910 3.19080 3.14260 3.15584 3.39753 3.62148 3.93151 2.97756 2.30233 2.22674 2.20795 2.20795 2.20630 2.20135 2.20147 2.21647 2.27020 2.40988 2.58062 2.74102 2.84400 2.94706 3.04985 3.10588 3.11238 3.15788 3.27169 3.38606 3.51266 3.86562 3.85505 3.40300 3.39493 3.40306 3.40649 3.34775 3.40518 3.43411 3.45143 3.45143 3.45143 3.45132 3.43576 3.35179 3.18700 3.00604 2.90374 2.85057 2.80642 2.80464 3.06929 3.10410 3.10410 2.96966 2.75889 3.00788 3.11320 3.14904
3.25955 3.20674 3.15212 3.12257 3.12513 3.14541 3.16757 3.18971 3.39780 3.53170 3.98396 3.59525 2.22298 2.20795 2.20795 2.23843 2.32844 2.30642 2.29446 2.32341 2.34292 2.49447 2.73123 3.11238 3.11257 3.17648 3.29095 3.40542 3.51975 3.58867 3.58934 3.51332 3.37039 3.34603 3.26605 3.18083 3.14834 3.07844 3.01572 3.00127 3.25621 3.41408 3.42114 3.40155 3.15064 2.97344 2.89760 2.87094 2.80925 2.79745 2.79745 2.79745 2.79745 2.79745 2.95282 3.10859 3.13994 3.16353 2.86324 2.90164 3.11653 3.04016
3.15889 3.18040 3.19262 3.20875 3.22131 3.22319 3.22319 3.22319 3.28434 3.50346 3.77455 4.01579 2.65570 2.39392 2.50187 2.58157 2.60172 2.54519 2.38854 2.38908 2.39158 2.53457 2.76863 3.38263 3.53897 3.58934 3.58698 3.47291 3.25285 3.05352 2.88011 2.77055 2.71159 2.71073 2.89455 2.91885 2.99467 2.98090 2.96675 2.95261 3.03531 3.34412 3.37284 3.39585 3.16974 2.92417 2.92417 2.87390 2.79745 2.79745 2.80097 2.83271 2.87045 2.90800 2.97806 3.26057 3.26293 3.25467 2.92278 2.63353 2.91125 2.95501
3.24553 3.24553 3.23857 3.23310 3.22328 3.22349 3.22426 3.22600 3.27722 3.57622 3.78951 4.35018 3.67729 2.63149 2.63353 2.63353 2.64108 2.71792 2.61160 2.66539 2.75828 2.80616 2.96619 3.08547 3.09866 2.91971 2.76432 2.68547 2.67921 2.67921 2.67921 2.68066 2.68558 2.69066 2.80407 2.84065 2.90463 2.93476 2.94652 2.95892 2.97403 3.33550 3.40146 3.41947 3.39571 2.96292 2.95614 2.99027 2.91714 2.94152 2.96836 2.96615 2.95788 2.94986 2.94745 3.16409 3.32293 3.41920 3.44397 2.92222 2.95501 2.95501
3.24679 3.24871 3.24795 3.24151 3.25988 3.33822 3.42213 3.50511 3.53862 3.63264 3.82106 4.18383 4.30174 2.86213 2.83067 2.92590 3.00908 2.99663 2.86007 2.59216 2.47715 2.37050 2.29517 2.35463 2.67917 2.67921 2.67985 2.68430 2.68938 2.69446 2.69953 2.70317 2.70333 2.70480 2.74809 2.85397 2.89822 2.97790 2.97844 2.97844 2.97955 3.20089 3.47359 3.54517 3.58994 3.36028 3.09861 3.09035 3.02249 2.94831 2.94745 2.96234 3.03591 3.12132 3.21428 3.41867 3.69783 3.69859 3.69859 3.20046 2.96627 3.00042
3.27025 3.34415 3.42809 3.50280 3.55088 3.54079 3.54079 3.54079 3.55457 3.61505 3.95706 4.19884 4.72283 3.70644 2.89071 2.76511 2.64876 2.56288 2.49253 2.30407 2.27840 2.27856 2.28338 2.29066 2.61340 2.69825 2.70269 2.70333 2.70333 2.70380 2.71288 2.72523 2.73757 2.74845 2.75247 2.85285 2.90860 3.03539 3.09431 3.13800 3.18045 3.24734 3.63586 3.62201 3.60595 3.57073 3.10894 3.11017 3.18781 3.15717 3.24504 3.32813 3.33555 3.33555 3.33555 3.34229 3.65622 3.72853 3.76333 3.63389 3.14581 3.20651
3.55918 3.56899 3.56899 3.56387 3.57292 3.61356 3.64971 3.68125 3.69899 3.67350 3.81294 4.01849 4.20548 3.83252 2.51413 2.48793 2.48793 2.49045 2.49553 2.41200 2.29616 2.30108 2.30260 2.30566 2.47098 2.70335 2.71023 2.72257 2.73493 2.74681 2.75287 2.78527 2.84544 2.90576 2.96598 3.05655 3.10011 3.13609 3.18702 3.17994 3.17293 3.17038 3.49433 3.69457 3.82908 3.97901 3.76425 3.48742 3.48762 3.40489 3.33555 3.33555 3.33555 3.35011 3.41764 3.53736 3.79494 3.98746 4.04752 4.09224 3.49700 3.35640
3.58135 3.61930 3.65782 3.69421 3.67754 3.64249 3.63204 3.64075 3.64956 3.65832 3.68382 4.01979 4.03084 4.02449 2.91083 2.50441 2.50948 2.51205 2.51205 2.50419 2.32035 2.30252 2.30692 2.32106 2.36643 2.74670 2.78233 2.84036 2.90060 2.96085 3.01834 3.04619 3.09315 3.31058 3.54347 3.78723 3.43128 3.07571 3.17529 3.24971 3.32941 3.41505 3.72857 4.13865 4.22829 4.24761 4.19801 3.53103 3.48762 3.50195 3.48291 3.59947 3.73271 3.86181 3.93802 3.96197 3.98107 4.09277 4.09998 4.09998 3.81586 3.35640
3.69750 3.69801 3.70147 3.71022 3.68369 3.67304 3.66437 3.66583 3.68967 3.72126 3.75285 3.99108 4.18558 4.13914 3.60465 2.51480 2.51205 2.51205 2.47738 2.30639 2.31778 2.62568 2.80092 2.97651 3.14821 3.08450 3.04398 3.04628 3.12167 3.34977 3.58263 3.81549 4.00110 4.01652 4.03590 4.10269 4.04072 3.37391 3.61484 3.83435 3.94769 4.06891 4.13827 4.13842 4.20761 4.37557 4.48227 4.16278 3.86977 3.79374 3.80471 3.96007 3.97055 3.97055 3.97055 3.97055 3.97055 4.05122 4.09961 4.08515 4.03900 3.37758
3.71936 3.72817 3.73352 3.74664 3.76288 3.75777 3.77594 3.80237 3.81015 3.81015 3.81015 3.85464 4.18185 4.16402 4.16839 2.75552 2.46754 2.40216 2.39083 2.53226 2.64091 3.22827 3.26382 3.26382 3.37684 3.55181 3.62193 3.85469 4.01216 4.01652 4.04690 4.17447 4.34462 4.52404 4.69231 4.81648 4.95077 4.12678 3.86720 4.14889 4.23324 4.31860 4.40388 4.48928 4.54318 4.58806 4.41133 4.14349 3.34610 3.30908 3.43896 3.96753 3.97055 3.97009 3.93757 3.88582 3.83386 3.85154 4.09514 4.16125 4.23096 3.97101
3.79742 3.82903 3.86061 3.87915 3.87866 3.83302 3.82073 3.81015 3.83006 3.94384 4.06955 4.13189 4.35944 4.45726 4.27575 3.34106 2.63698 2.65516 2.65516 2.65788 2.82970 3.41644 3.87895 4.11162 4.23534 4.26140 4.20186 4.34594 4.52830 4.72119 4.89024 4.93954 4.93954 4.93954 4.93758 4.92064 4.90210 4.80274 4.12294 4.41228 4.54427 4.43145 4.28495 4.12016 3.97808 4.02612 4.05661 4.05661 3.62540 3.27325 3.20833 3.65896 3.78888 3.78859 3.83899 3.90867 3.97838 4.01752 4.21919 4.20548 4.06634 3.87911
3.87928 3.87928 3.87928 3.91263 4.00542 4.07605 4.15326 4.34064 4.30358 4.13748 3.94301 3.81219 3.89056 4.23805 4.20124 3.98474 2.88397 3.14706 3.41854 3.68738 3.78093 3.82564 4.25531 4.32716 4.41255 5.12376 5.06906 4.93954 4.93954 4.93914 4.92548 4.90540 4.88535 4.86527 4.84715 4.84403 4.84137 5.02506 4.12626 3.87885 3.99605 3.96787 3.96787 3.96787 3.93668 3.84300 3.84296 3.75649 3.63168 3.11304 3.17193 3.44637 3.99769 4.01621 4.00588 3.89691 3.77267 3.65865 3.63432 3.73959 3.73959 3.73959
