results/OMI_NO2_200903.asc
ncols      200
nrows      200
xllcorner       120.258
yllcorner       41.1236
cellsize     0.0166667
NODATA_Value      -999.000
[rows 29 to 57 of 164, columns 64 to 127 of 200]
1.11471 1.09729 1.09251 1.07105 1.05569 1.11069 1.11089 1.11214 0.988422 0.847062 0.747530 0.622410 0.624345 0.853372 0.855623 0.855623 0.855623 0.852332 0.832808 0.818854 0.709662 0.679352 0.658664 0.694045 0.657171 0.657171 0.683241 0.700630 0.668783 0.665318 0.665552 0.665556 0.665556 0.665562 0.674026 0.695382 0.718326 0.742389 0.755478 0.772538 0.732653 0.638766 0.713951 0.750701 0.750701 0.766628 0.877621 0.913886 0.892826 0.703389 0.602245 0.602245 0.602456 0.703171 0.811912 0.866245 0.931356 0.998243 1.00751 1.01528 1.56742 1.61948 1.61894 1.58090
1.00937 1.00917 1.01867 1.03403 1.01764 0.996418 0.918788 0.808623 0.646542 0.573655 0.573225 0.573225 0.573225 0.777696 0.823971 0.769019 0.718144 0.674151 0.645399 0.712333 0.661466 0.648922 0.648922 0.679679 0.663482 0.657171 0.664614 0.699601 0.675823 0.668896 0.679343 0.697141 0.718920 0.741896 0.751274 0.718634 0.677686 0.633313 0.596053 0.609923 0.656884 0.670012 0.694516 0.685121 0.673523 0.668003 0.703973 0.823133 0.805736 0.725111 0.668447 0.722615 0.776241 0.864697 1.00751 1.00954 1.07302 1.16762 1.26062 1.33664 1.62485 1.79190 1.77901 1.80331
1.00147 0.941798 0.866412 0.806799 0.739551 0.736503 0.738505 0.738505 0.704809 0.577329 0.551945 0.504751 0.445319 0.469257 0.640967 0.639338 0.639338 0.639338 0.639338 0.659096 0.635879 0.597331 0.595398 0.596981 0.630724 0.617033 0.627540 0.678085 0.701487 0.692569 0.700482 0.673328 0.635433 0.601064 0.567766 0.570784 0.581788 0.595075 0.605956 0.608563 0.654577 0.670112 0.672867 0.661214 0.614388 0.591512 0.537842 0.653136 0.664891 0.658031 0.755458 0.881695 0.887204 1.00415 2.89847 2.98654 2.80120 2.59657 2.43183 2.34167 2.40321 2.54110 2.58318 2.62181
0.751194 0.704455 0.704455 0.720205 0.735532 0.734527 0.703376 0.643974 0.563031 0.334272 0.366814 0.369977 0.371788 0.373469 0.582753 0.639338 0.639338 0.639338 0.639338 0.643465 0.645167 0.614242 0.623672 0.634187 0.690486 0.681581 0.695269 0.702245 0.702134 0.649644 0.617836 0.621975 0.634062 0.636825 0.639012 0.641211 0.646113 0.660019 0.675971 0.690015 0.681010 0.658518 0.637660 0.618188 0.568619 0.560366 0.544123 0.589837 0.682755 0.680082 0.698372 0.900958 0.904480 0.905304 2.16992 2.38455 2.41781 2.47284 2.52785 2.57637 2.58359 2.60456 2.59564 2.58424
0.811793 0.700827 0.675182 0.641222 0.561650 0.491654 0.374281 0.278916 0.278916 0.278916 0.335931 0.369977 0.370209 0.373295 0.462233 0.639338 0.638250 0.634078 0.629727 0.627255 0.638736 0.649134 0.658910 0.640947 0.611866 0.639565 0.589951 0.572418 0.635190 0.644016 0.643714 0.643714 0.645719 0.658444 0.674196 0.679647 0.669863 0.648882 0.628934 0.613471 0.611735 0.611735 0.611735 0.611735 0.593799 0.559726 0.551208 0.525331 0.676196 0.700670 0.726042 0.901515 1.02372 1.07875 1.91033 2.58359 2.58359 2.58359 2.58359 2.58359 2.58359 2.58359 2.58359 2.57150
0.783889 0.479008 0.448984 0.448984 0.433911 0.428149 0.400435 0.278916 0.278916 0.278916 0.289499 0.367204 0.366373 0.362806 0.361205 0.584432 0.620530 0.630718 0.642850 0.627713 0.601546 0.558799 0.511249 0.493494 0.493494 0.545730 0.571702 0.571702 0.605431 0.659063 0.670154 0.667515 0.659072 0.639682 0.620569 0.611735 0.611735 0.611735 0.611735 0.611485 0.609386 0.606743 0.603911 0.600862 0.595164 0.550927 0.590116 0.629078 0.739822 0.853792 0.921689 0.977993 1.15806 1.15806 1.57109 2.58359 2.58359 2.58359 2.58359 2.56967 2.45811 2.34277 2.24324 2.16273
0.726616 0.552322 0.448984 0.448984 0.443256 0.428152 0.427591 0.305804 0.270363 0.272633 0.287872 0.346849 0.381872 0.399849 0.419007 0.512694 0.588844 0.538234 0.479922 0.452358 0.480819 0.493494 0.493494 0.493494 0.493756 0.518322 0.624093 0.733209 0.860914 0.641336 0.614350 0.611735 0.611735 0.611535 0.609493 0.606868 0.604044 0.600998 0.597711 0.594538 0.593982 0.590278 0.590994 0.593552 0.597285 0.642570 0.677557 0.677557 0.700065 0.876331 0.917273 0.925662 1.11540 1.15806 1.23160 2.54433 2.45477 2.34037 2.24069 2.16173 2.14882 2.14882 2.14882 2.14882
0.725120 0.698736 0.455273 0.441979 0.404689 0.370161 0.344247 0.320984 0.345818 0.353546 0.353546 0.360978 0.455293 0.469408 0.458281 0.452358 0.452358 0.452358 0.452358 0.452358 0.471254 0.497265 0.534604 0.598574 0.668234 0.732323 0.975772 1.06415 1.06415 0.753738 0.604038 0.601139 0.597867 0.594621 0.593982 0.593982 0.593982 0.601207 0.606035 0.608662 0.611382 0.617398 0.618997 0.618997 0.618997 0.621997 0.673671 0.677557 0.677557 0.813860 0.905711 0.923962 1.00080 1.11367 1.09586 1.92236 2.14882 2.14882 2.14882 2.14882 2.14882 2.14882 2.14882 2.14882
0.700781 0.713093 0.466911 0.239243 0.235760 0.257300 0.285999 0.294473 0.353105 0.353546 0.353546 0.353546 0.426591 0.469461 0.466392 0.452480 0.452384 0.459389 0.517020 0.594335 0.681693 0.748921 0.773320 0.773320 0.773320 0.773320 0.854939 1.06415 1.06415 0.972306 0.591704 0.593982 0.595607 0.609991 0.619490 0.622165 0.624780 0.620423 0.617631 0.616988 0.616336 0.616082 0.619938 0.624574 0.628915 0.620267 0.646736 0.677135 0.684538 0.742610 0.898857 0.908200 0.909214 1.06885 1.07968 1.64010 2.14882 2.14882 2.14882 2.14882 2.14882 2.14882 2.18448 2.38950
0.730638 0.730638 0.671018 0.238506 0.235760 0.236926 0.281947 0.286056 0.337483 0.356586 0.358320 0.359999 0.375699 0.496558 0.583356 0.624363 0.685545 0.754148 0.790212 0.791856 0.791721 0.782504 0.782941 0.783528 0.784125 0.784727 0.794716 1.13347 1.17810 1.16083 0.721050 0.619008 0.619796 0.605244 0.594233 0.593626 0.599204 0.606687 0.613497 0.619675 0.625317 0.630126 0.633407 0.650540 0.677098 0.698114 0.720831 0.771357 0.778629 0.784293 0.956748 0.996590 1.00913 1.15932 1.28938 1.62340 2.52524 2.54835 2.57551 2.73555 2.96297 3.19044 3.38403 3.46257
0.685277 0.683367 0.680382 0.415536 0.315144 0.317526 0.328918 0.338204 0.357092 0.433203 0.530236 0.617149 0.694617 0.753972 0.760884 0.755575 0.732832 0.732828 0.776205 0.791856 0.791856 0.791856 0.791856 0.792481 0.821078 0.869043 0.923700 1.08692 1.19247 1.23740 1.02650 0.772908 0.791910 0.809043 0.824597 0.839139 0.855809 0.873183 0.890589 0.908127 0.925567 0.942940 0.957670 0.946639 0.921143 0.913428 0.939605 0.932620 0.930535 0.930535 1.01391 1.13246 1.13246 1.17437 1.40838 1.52942 2.90054 3.13703 3.36325 3.50793 3.58688 3.66584 3.74262 3.76577
0.672159 0.672159 0.672159 0.578650 0.322271 0.313459 0.334398 0.573783 0.669778 0.747078 0.749619 0.749619 0.749619 0.751123 0.760649 0.760884 0.740557 0.732828 0.761214 0.796363 0.834364 0.884118 0.940930 1.00841 1.03293 1.01740 0.997625 1.00213 1.14102 1.11905 1.11197 0.989713 0.960116 0.960116 0.960116 0.960116 0.960116 0.960116 0.957152 0.946465 0.935400 0.924324 0.913725 0.910958 0.900678 0.897670 0.918599 0.934741 0.930688 0.930535 0.940389 1.14119 1.29516 1.46299 1.97384 2.30047 3.32768 3.71124 3.76433 3.76577 3.76577 3.76577 3.76577 3.76577
0.669556 0.641317 0.621076 0.601326 0.392852 0.378649 0.382369 0.577814 0.709092 0.733745 0.749619 0.749619 0.749619 0.749619 0.756842 0.768503 0.790024 0.809703 0.867753 0.975985 0.961940 0.939226 0.910885 0.873102 0.853462 0.853462 0.853462 0.853462 1.08296 1.11360 1.11360 1.08799 0.960116 0.959954 0.952684 0.941608 0.930538 0.919457 0.911356 0.910958 0.910958 0.910958 0.910958 0.910958 0.906572 0.897670 0.905425 0.935836 1.01380 1.20425 1.37827 1.71524 1.94731 2.00585 2.16368 2.51542 3.14071 3.76577 3.76577 3.76577 3.76577 3.76577 3.76600 3.75716
0.592688 0.601665 0.605374 0.605224 0.507112 0.382369 0.382369 0.437266 0.708092 0.718417 0.749646 0.767081 0.798018 0.815673 0.832824 0.835728 0.816938 0.772984 0.749122 0.850346 0.853462 0.853462 0.853462 0.853462 0.853462 0.853462 0.853462 0.853462 0.997340 1.10815 1.07390 1.12177 0.934587 0.914763 0.910958 0.910958 0.910958 0.910958 0.910958 0.910958 0.910958 0.910958 0.910958 0.910958 0.928754 0.979219 1.03673 1.15178 1.23264 1.56571 1.57506 1.64375 2.01595 2.01781 2.02601 2.45515 2.82044 3.76577 3.76603 3.77448 3.65628 3.44473 3.25700 3.09531
0.605374 0.605374 0.604644 0.593928 0.572338 0.396631 0.383147 0.394708 0.692563 0.857681 0.828740 0.798560 0.778265 0.776202 0.776202 0.777746 0.776338 0.763019 0.734548 0.823706 0.853462 0.853462 0.853462 0.853462 0.853462 0.833259 0.776393 0.718808 0.691527 0.949137 0.948338 1.00739 1.01894 0.910958 0.910958 0.910958 0.910958 0.910958 0.910958 0.910958 0.916631 0.979931 1.05665 1.12436 1.17336 1.15458 1.12273 1.15784 1.19778 1.42708 1.57506 1.57506 1.89833 2.01781 2.01806 2.24751 2.52904 3.47308 3.32195 3.14175 3.06213 3.06213 3.06213 3.06213
0.569819 0.557462 0.543887 0.513158 0.482341 0.452646 0.471902 0.480109 0.642605 1.02465 0.888584 0.776202 0.776202 0.776202 0.776202 0.776202 0.776202 0.775406 0.740063 0.791365 0.852908 0.816477 0.758867 0.701282 0.643697 0.606315 0.605571 0.605571 0.605571 0.864334 0.948338 0.950274 1.12438 0.911016 0.910958 0.911204 0.920328 0.955321 1.03402 1.10492 1.16343 1.17837 1.17837 1.17837 1.17837 1.17070 1.11155 1.10564 1.18986 1.24470 1.55663 1.56549 1.70491 1.94464 1.83765 1.85000 2.01495 2.69475 2.94009 2.93142 2.92249 2.91412 2.90549 2.89694
0.478371 0.440063 0.405318 0.400815 0.400815 0.417167 0.478872 0.480109 0.484317 0.947055 0.989496 0.778163 0.776202 0.776202 0.776202 0.775402 0.767069 0.730097 0.670610 0.621849 0.625814 0.606650 0.606782 0.606911 0.607037 0.607159 0.607279 0.607394 0.607507 0.704721 0.900196 0.900934 1.07492 0.956869 0.958858 1.02429 1.07580 1.10601 1.10463 1.09759 1.08476 1.07205 1.05949 1.04703 1.03472 1.02743 1.01245 1.00519 1.08943 1.15557 1.40330 1.60366 1.70582 2.02817 1.94819 1.97694 1.89007 2.16065 2.47881 2.45825 2.43769 2.41731 2.42908 2.47916
0.370932 0.368303 0.365681 0.363045 0.360430 0.359554 0.387556 0.399598 0.395228 0.626086 0.931001 0.752609 0.690200 0.650671 0.608862 0.567875 0.534399 0.529529 0.526140 0.475221 0.609005 0.609129 0.609129 0.609129 0.609129 0.609129 0.609129 0.632044 0.677555 0.721985 0.938293 1.01853 1.14207 1.17673 1.04669 1.03190 1.01708 1.00227 0.987454 0.976902 0.972000 0.967164 0.962163 0.950059 0.935105 0.921298 0.958845 1.08507 1.22085 1.42676 1.60460 1.87067 1.87199 2.04389 1.98023 1.92744 1.89702 1.89304 2.27921 2.34457 2.41508 2.49631 2.59759 2.66799
0.331992 0.331992 0.331992 0.331992 0.331992 0.331997 0.339152 0.365404 0.378176 0.431331 0.781992 0.664682 0.531807 0.529529 0.529529 0.529529 0.529529 0.529529 0.529529 0.494002 0.587427 0.609129 0.610635 0.645913 0.689628 0.727760 0.768259 0.859070 0.965745 1.06869 1.13876 1.09066 1.08702 1.12143 0.952090 0.933495 0.933495 0.933495 0.933478 0.927799 0.918216 0.919213 0.987040 1.07110 1.15917 1.24713 1.28947 1.31940 1.35068 1.50338 1.55759 1.77664 1.87199 1.90114 2.11615 1.97423 2.03508 2.05673 2.60865 2.70910 2.92845 3.34387 3.68351 3.99261
0.331992 0.331992 0.331992 0.332154 0.341366 0.352647 0.364897 0.434484 0.459139 0.453487 0.614086 0.688407 0.537522 0.529529 0.529529 0.529529 0.529529 0.529529 0.535673 0.567515 0.651114 0.741425 0.802029 0.885344 1.00466 1.11770 1.22057 1.26980 1.27222 1.27222 1.22908 1.07782 1.07097 1.11972 1.02943 0.928807 0.919152 0.948134 1.02759 1.11003 1.19807 1.27668 1.28947 1.28947 1.28947 1.28947 1.28421 1.26770 1.28410 1.34717 1.41188 1.43556 1.87321 2.06143 2.44241 2.39293 2.54398 2.89726 3.56637 4.00087 4.17856 4.18062 4.18062 4.18062
0.343830 0.357046 0.365749 0.374997 0.372429 0.367680 0.368439 0.400995 0.453487 0.453487 0.502143 0.694568 0.585861 0.529529 0.544086 0.584031 0.636100 0.693330 0.745246 0.785952 0.949226 1.17283 1.24172 1.27211 1.27222 1.27222 1.27222 1.27222 1.27222 1.27222 1.27206 1.10403 1.04501 1.04595 1.01686 1.14187 1.23697 1.28908 1.28947 1.28947 1.28494 1.26160 1.23716 1.21376 1.19141 1.17004 1.15360 1.14932 1.16183 1.18976 1.28235 1.29118 1.98106 2.76036 3.23223 3.77808 3.64415 3.65068 3.94773 4.18062 4.18062 4.18062 4.20699 4.31337
0.374620 0.367901 0.367680 0.367680 0.367680 0.367680 0.368900 0.379048 0.444051 0.454069 0.508821 0.721181 0.763401 0.750544 0.799703 0.832334 0.843033 0.843033 0.879003 1.06844 1.10094 1.27172 1.27222 1.27222 1.27222 1.27222 1.27222 1.26177 1.22252 1.16050 1.10212 0.999299 0.901403 0.919531 0.961821 1.15241 1.23828 1.21488 1.19246 1.17102 1.15398 1.15223 1.15223 1.15371 1.14954 1.13181 1.11406 1.09920 1.17588 1.36922 1.90951 2.49362 2.80801 3.57342 3.62588 4.03558 3.69716 3.64522 3.81644 4.28005 4.48241 4.73035 4.96680 5.07034
0.367680 0.368352 0.370763 0.373540 0.376673 0.379380 0.367357 0.349183 0.481421 0.713085 0.730620 0.768226 0.843033 0.843033 0.843033 0.843033 0.843033 0.843033 0.843033 1.02028 1.07599 1.22646 1.27222 1.26435 1.21736 1.15238 1.09413 1.04695 1.01881 1.00341 0.987674 0.961615 0.866124 0.853855 0.906724 0.933872 1.15223 1.15223 1.15223 1.15731 1.16481 1.15029 1.13255 1.11330 1.15065 1.30717 1.45790 1.59994 1.68201 1.71360 1.90737 2.65106 2.66350 3.29334 3.65448 3.90976 4.04238 4.03530 4.24340 4.97328 4.97503 4.91720 4.86549 4.85300
0.379261 0.380044 0.364583 0.346405 0.328234 0.310939 0.306621 0.306621 0.346624 0.720166 0.730620 0.731204 0.828872 0.843033 0.843033 0.843033 0.843033 0.843033 0.843033 0.901140 1.01627 1.02887 1.08607 1.02947 0.995259 0.981938 0.969504 0.957668 0.947016 0.945652 0.947419 0.949216 0.886232 0.850588 0.912376 0.905493 1.14655 1.20217 1.18566 1.16358 1.17938 1.34121 1.50567 1.66046 1.76420 1.77103 1.77459 1.77818 1.78191 1.80125 1.90133 2.48929 2.76850 2.96519 3.57612 3.46870 3.84258 4.27176 4.30290 4.58722 4.66817 4.64184 4.61606 4.58995
0.334427 0.319649 0.319150 0.321525 0.323949 0.326438 0.329013 0.331651 0.334370 0.661593 0.856157 0.867498 0.923341 0.977391 0.987035 0.988965 0.912896 0.806479 0.695695 0.600224 0.821860 0.880662 0.977588 0.997823 0.997823 0.997823 0.997823 0.997823 0.997823 0.997823 0.997449 0.995965 0.953808 0.904888 0.940941 0.923800 1.00964 1.35579 1.52132 1.67597 1.78756 1.79088 1.78658 1.78290 1.77931 1.77568 1.76958 1.76020 1.75006 1.71403 1.87427 2.05525 2.51639 2.50222 3.15738 3.31556 3.56778 3.98945 4.24282 4.24777 4.28393 4.27780 4.20733 4.11954
0.383628 0.383628 0.383628 0.383628 0.383628 0.383628 0.383628 0.383628 0.383628 0.515509 1.01956 1.01339 0.917985 0.793038 0.659248 0.550092 0.516081 0.556269 0.581892 0.581892 0.669275 0.867005 0.911946 0.997823 0.997823 0.997823 0.997069 0.995512 0.993955 0.991831 0.958807 0.892008 0.848546 0.982005 1.21656 1.35187 1.45806 1.72242 1.74401 1.74401 1.74401 1.74401 1.74202 1.73630 1.73026 1.70534 1.65347 1.60674 1.56354 1.54562 1.65023 1.80819 2.34041 2.49416 2.79719 3.31556 3.37717 3.80396 4.16792 4.09660 4.01105 3.84016 3.71989 3.53294
0.383628 0.383628 0.383628 0.383628 0.383628 0.383628 0.376783 0.364695 0.329424 0.251056 0.533165 0.547810 0.514478 0.510112 0.507438 0.507438 0.507438 0.528307 0.581892 0.581892 0.582035 0.813231 0.867721 0.978563 0.993402 0.975217 0.936548 0.870389 0.822506 0.951805 1.13391 1.32700 1.49216 1.53584 1.57537 1.50178 1.47712 1.61156 1.74248 1.73689 1.72862 1.70997 1.66519 1.61733 1.57281 1.54638 1.54532 1.54532 1.54532 1.54626 1.58653 1.82610 2.15642 2.63950 2.69423 3.16743 3.14887 3.28833 3.42707 3.42407 2.95623 2.59233 2.17749 1.84495
0.381259 0.369531 0.358526 0.349062 0.329307 0.263242 0.198473 0.134929 0.0917261 0.0904787 0.236751 0.514478 0.514478 0.513301 0.507492 0.507438 0.507438 0.507997 0.572028 0.571325 0.552589 0.626077 0.785550 0.786608 0.791013 0.870451 1.10745 1.30663 1.48104 1.51783 1.51783 1.51783 1.51783 1.52520 1.56044 1.51194 1.49543 1.52015 1.67590 1.62821 1.58477 1.55313 1.54532 1.54595 1.57195 1.61099 1.65023 1.68925 1.72838 1.76659 1.77804 1.88356 2.00504 2.57575 2.64915 2.73750 2.61066 2.25971 1.94743 1.79488 1.73547 1.81546 1.81785 1.81785
0.327037 0.276410 0.212842 0.149297 0.0962358 0.0904787 0.0904787 0.0904787 0.0904787 0.0927324 0.101082 0.469646 0.514478 0.513526 0.506346 0.486613 0.459659 0.447036 0.469049 0.489827 0.489706 0.490404 0.595505 0.608732 0.705232 0.969184 1.51783 1.51783 1.51783 1.51783 1.51691 1.51293 1.53336 1.56352 1.62195 1.61062 1.54446 1.47426 1.54332 1.60954 1.64870 1.68782 1.72686 1.76545 1.77851 1.77851 1.77854 1.77274 1.75112 1.72874 1.70682 1.71109 1.81725 1.89073 1.61299 1.33665 1.54460 1.57652 1.61793 1.70835 1.74374 1.77695 1.81502 1.77862
