results/OMI_NO2_200707.asc
ncols      200
nrows      200
xllcorner       120.258
yllcorner       41.1236
cellsize     0.0166667
NODATA_Value      -999.000
[rows 145 to 173 of 200, columns 67 to 133 of 200]
3.65974 3.69442 3.82478 4.05803 4.24674 4.29081 4.41138 5.33377 5.73805 5.92211 6.22157 6.85448 6.95408 7.06684 7.14614 7.22316 7.29785 7.37055 7.44102 7.47580 7.44388 7.49336 7.53874 7.95577 7.77406 6.61209 5.94501 5.46345 5.43906 5.42531 5.40431 5.34189 5.27936 5.21686 5.18329 5.18326 5.18326 5.15772 4.75276 4.74303 4.76417 4.88291 5.00635 5.11761 5.23984 5.18715 5.41966 5.88715 5.93602 5.93910 5.94741 5.95571 5.96567 6.03538 6.04244 6.04853 6.06347 6.08358 6.09312 6.05488 5.92169 5.92562 5.91367 5.85033 5.84362 5.59405 5.27003
3.61146 3.64128 3.84670 4.07023 4.47937 4.48937 4.49368 5.93881 6.92947 7.06056 7.13674 7.59367 7.74261 7.75120 7.75120 7.75056 7.73647 7.71792 7.70008 7.68006 7.54984 7.54019 7.54107 7.78821 7.97370 6.80384 6.08884 5.01851 4.92772 5.04662 5.27302 5.27884 5.28467 5.27604 5.23444 5.19138 5.14838 5.10546 4.91966 4.85238 4.80375 4.94039 5.02860 5.22735 5.31320 5.31555 5.35054 5.96501 6.15617 6.09865 6.11386 6.12915 6.14443 6.11632 6.06495 6.01736 5.96754 5.91230 5.85370 5.78989 5.74833 5.69763 5.63125 5.62466 5.68917 5.65206 5.20193
3.76114 3.76503 3.86849 3.93336 4.45219 4.45058 4.44702 5.65421 7.29997 7.30765 7.30922 7.51024 7.75651 7.73865 7.72078 7.70357 7.69980 7.69682 7.68835 7.67942 7.58188 7.51868 7.50480 7.64374 8.07667 7.30374 6.34980 4.92122 4.83824 4.78641 5.05746 4.97679 4.87356 4.78827 4.73672 4.68844 4.64209 4.59767 4.54803 4.52333 4.52333 4.72407 4.97560 5.23624 5.30580 5.46239 5.37829 5.93466 6.25280 6.13360 6.06882 6.00599 5.94312 5.86389 5.83487 5.81210 5.73407 5.66193 5.58319 5.55562 5.57167 5.59448 5.54762 5.50093 5.49620 5.53286 5.54295
3.67874 3.62420 3.67061 3.82140 4.28646 4.46353 4.45703 5.07653 6.93914 7.25491 7.23549 7.27481 7.68655 7.68296 7.67372 7.66396 7.64915 7.61598 7.58579 7.55552 7.46231 7.28792 7.24733 7.16513 7.34610 7.05472 5.74061 4.61341 4.20077 4.15836 4.38856 4.54042 4.54042 4.54042 4.54042 4.56150 4.61404 4.66680 4.71724 4.75532 4.80803 4.95441 5.37875 5.39142 5.41161 5.40460 5.18135 5.47305 5.82860 5.92653 5.88115 5.87679 5.81428 5.71933 5.60664 5.53924 5.51842 5.49685 5.45400 5.40714 5.36175 5.40650 5.41266 5.39559 5.35522 5.39451 5.38389
3.59859 3.60354 3.64964 3.89646 4.14413 4.38388 4.38169 4.66134 6.42902 7.27718 7.27443 7.26833 7.43599 7.49229 7.46207 7.43192 7.40622 7.40314 7.40314 7.40314 7.39008 7.16269 7.15636 7.06248 6.68332 6.84438 5.72889 4.87779 4.14449 4.20623 4.37292 4.71353 4.76625 4.81909 4.87181 4.90353 4.90379 4.90379 4.90546 4.90054 4.90781 4.92150 5.37634 5.44224 5.45791 5.33498 5.05417 5.20623 5.68256 5.84809 5.65691 5.52833 5.44659 5.37551 5.24117 5.15269 5.07176 5.00255 4.95528 4.90081 4.84506 4.83460 4.80822 4.77192 4.77140 4.83956 4.88284
3.77076 3.92697 4.06437 4.08129 4.05619 4.35340 4.33074 4.31467 5.65872 7.13390 7.14261 7.14261 7.22729 7.40314 7.40314 7.40314 7.40314 7.40314 7.40314 7.40314 7.40314 7.21097 7.02148 6.87058 6.34197 6.38655 5.99077 5.57874 4.55968 4.56125 4.56281 4.86606 4.90379 4.90509 4.91403 4.92421 4.93441 4.94458 4.95310 4.94501 4.93692 4.93692 5.22499 5.45395 5.51374 5.55012 5.25748 4.91308 4.95878 4.92465 4.85281 4.80364 4.77102 4.74083 4.68926 4.68179 4.68179 4.68249 4.69232 4.69250 4.69250 4.71430 4.77140 4.77140 4.77514 4.81054 4.89466
4.66814 4.64941 4.61993 4.29946 3.82065 4.10967 4.19372 4.28673 5.10799 6.79263 7.14261 7.13374 7.11414 7.31005 7.28663 7.17756 7.02638 6.87556 6.72434 6.57344 6.42234 6.18292 6.00833 6.00833 5.81557 6.06429 6.03104 5.82957 4.66506 4.57271 4.58493 4.78695 4.94389 4.95278 4.95401 4.95401 4.95401 4.96103 4.99502 5.02785 5.05126 5.08800 5.27439 5.69347 5.70478 5.71304 5.49860 5.09792 4.83166 4.83851 4.81483 4.73468 4.73468 4.73468 4.70140 4.68749 4.69468 4.70187 4.71691 4.72639 4.73316 4.74155 4.82037 4.83239 4.83545 4.83643 4.92942
4.53193 4.54041 4.55340 4.50369 3.85807 3.99606 3.98125 4.07581 4.49279 5.97902 6.61242 6.49184 6.39179 6.36424 6.29701 6.25511 6.25127 6.17158 6.06319 5.95480 5.84606 5.70995 5.38336 5.27157 5.03122 4.92658 4.94471 4.77686 4.66815 4.62152 4.62152 4.68464 4.98746 5.02430 5.06093 5.09761 5.13428 5.16398 5.16662 5.16647 5.15098 5.14953 5.16992 5.67370 5.69867 5.71329 5.64608 5.33092 4.88475 4.86355 4.89100 4.79458 4.78300 4.79020 4.77540 4.74598 4.74598 4.74598 4.74999 4.75390 4.78021 4.81858 4.89990 4.95553 4.98120 5.01343 5.07724
4.65766 4.66245 4.67824 4.70265 4.16939 4.04477 3.97150 4.10341 4.23134 5.21344 5.73743 5.64914 5.55614 5.45852 5.33524 5.22697 5.12230 5.09337 5.09331 5.06001 4.99864 4.93727 4.67752 4.57007 4.55283 4.45846 4.69198 4.82217 4.69200 4.60433 4.60116 4.59798 5.05313 5.14171 5.13907 5.13642 5.13378 5.13152 5.12968 5.12782 5.13109 5.14256 5.14959 5.52481 5.70656 5.73017 5.73169 5.42270 5.06466 4.83933 4.85007 4.80641 4.73725 4.76818 4.78810 4.74035 4.77842 4.80802 4.83681 4.87412 4.87434 4.86252 4.91948 5.04320 5.10851 5.16722 5.17046
4.80505 4.83406 4.84763 4.85255 4.52604 4.13622 4.12783 4.12089 4.19903 4.42057 5.01814 5.18228 5.18370 5.18436 5.10826 5.04212 4.98243 4.92274 4.86311 4.83675 4.83841 4.84006 4.71883 4.59662 4.59806 4.50420 4.59276 4.72743 4.64581 4.51750 4.51772 4.51867 4.79900 5.08250 5.08894 5.10315 5.11739 5.13128 5.14471 5.15817 5.18779 5.23612 5.24828 5.40677 5.67834 5.69664 5.75545 5.64785 5.44126 5.02604 5.06661 5.12548 5.01561 4.99720 4.98353 4.86811 4.85113 4.84807 4.85986 4.92905 4.99580 5.06108 5.09522 5.17357 5.19196 5.17415 5.14830
4.88862 4.88862 4.88862 4.88862 4.78332 4.16003 4.19851 4.09661 4.22181 4.34976 4.75032 5.09121 5.03861 4.98603 4.89645 4.84502 4.84502 4.84502 4.84502 4.84502 4.84333 4.83836 4.78741 4.60097 4.60178 4.52553 4.60277 4.69470 4.73328 4.61521 4.60294 4.61912 4.70235 5.18724 5.19933 5.19937 5.19937 5.19937 5.20010 5.20744 5.21874 5.27490 5.28540 5.33514 5.74015 5.84634 6.11113 6.06813 5.71478 5.32163 5.10880 5.11496 5.03608 4.95842 4.95945 4.92084 4.95757 5.02285 5.06239 5.00636 4.94469 4.90108 4.85278 4.87222 4.84622 4.83898 4.83898
4.88862 4.88862 4.88862 4.88862 4.88825 4.27312 4.17668 4.01683 4.00635 4.04518 4.41081 5.08999 5.16032 5.22232 5.20070 4.82766 4.82260 4.81755 4.81250 4.80744 4.80408 4.80400 4.80350 4.62824 4.60500 4.59808 4.64015 4.71767 4.84117 4.72118 4.66082 4.66131 4.66944 5.09430 5.22450 5.23347 5.24244 5.25140 5.25965 5.26127 5.26127 5.29705 5.30349 5.29318 5.61951 5.71062 6.02564 6.05118 5.77599 5.55179 5.09582 5.12652 5.18249 5.03287 5.01743 4.90211 4.76202 4.69586 4.64938 4.67929 4.71803 4.71996 4.71996 4.76178 4.83898 4.83898 4.83898
4.88457 4.87432 4.86395 4.85407 4.91198 4.60215 4.26642 4.27773 4.18930 4.30564 4.56382 5.11175 5.27567 5.27566 5.27550 4.89132 4.80400 4.80400 4.80400 4.80400 4.80400 4.80400 4.80400 4.68872 4.60495 4.58285 4.55251 4.61301 4.68851 4.79646 4.72221 4.73247 4.73510 4.96043 5.26127 5.26127 5.26083 5.25313 5.24283 5.23250 5.22220 5.23355 5.26144 5.26615 5.48247 5.73187 5.96192 6.12756 6.04886 5.83969 5.49736 5.37915 4.86686 4.78591 4.76685 4.76298 4.69505 4.70517 4.70517 4.70555 4.71921 4.71996 4.71996 4.72669 4.83583 4.83898 4.83898
5.23423 5.36257 5.48178 5.59960 5.65013 5.37537 4.37062 4.42819 4.17632 4.29669 4.47483 4.87798 5.27566 5.27566 5.27566 5.07382 4.84167 4.87916 4.90777 4.90678 4.90372 4.90076 4.89761 4.83221 4.65951 4.67788 4.59727 4.44797 4.48208 4.81410 4.74156 4.73529 4.75040 4.80899 5.27882 5.30313 5.31426 5.33188 5.35139 5.37043 5.38960 5.42780 5.50463 5.53780 5.63155 5.99059 6.09845 6.31488 6.30745 6.01081 5.77471 5.50064 4.96171 4.85967 4.85967 4.84785 4.70567 4.70517 4.70248 4.67289 4.65737 4.64239 4.61635 4.59023 4.64867 4.65714 4.63108
5.59819 5.62491 5.62399 5.62399 5.62412 5.63552 4.53564 4.47405 4.33058 4.40723 4.54898 4.86918 5.55827 5.57120 5.57868 5.52677 5.03553 4.98413 4.94764 4.94544 4.94544 4.94197 4.93544 4.92333 4.69720 4.67706 4.64804 4.40203 4.37633 4.62555 4.92479 5.02472 5.03037 5.03037 5.31895 5.45059 5.47081 5.49106 5.51124 5.53146 5.55102 5.55654 5.59192 5.60029 5.60182 5.96549 6.02269 6.29684 6.31488 6.12576 5.87931 5.50301 5.10447 4.71888 4.68210 4.64557 4.47737 4.41776 4.38367 4.37671 4.41396 4.47407 4.47407 4.45728 4.41707 4.37843 4.31155
5.73642 5.82818 5.85911 5.89005 5.92068 5.93748 5.20271 4.71405 4.70662 4.58111 4.73197 5.05484 5.35989 5.45431 5.44888 5.44344 5.05260 4.89795 4.89143 4.88491 4.87839 4.87534 4.86679 4.84285 4.66101 4.55556 4.53137 4.34023 4.29440 4.42727 4.85295 5.03037 5.03037 5.03071 5.21590 5.55999 5.56163 5.56327 5.56491 5.56655 5.56781 5.55636 5.55455 5.54348 5.51902 5.71702 5.86315 6.02599 6.10551 6.01531 5.69978 5.43274 5.16634 4.57748 4.57970 4.58200 4.50976 4.41107 4.33556 4.26008 4.21505 4.26635 4.23035 4.21061 4.24167 4.15076 4.07807
5.87304 5.99332 6.02391 6.05461 6.08530 6.11198 5.77285 4.87936 4.97459 4.79763 4.94195 5.00851 5.19919 5.43569 5.43850 5.44130 5.25530 4.91076 4.89178 4.87089 4.85001 4.82915 4.81684 4.81988 4.73880 4.58782 4.59122 4.47295 4.34868 4.36230 4.78953 5.09031 5.08670 5.06690 5.06210 5.52094 5.53065 5.51180 5.50681 5.50942 5.51238 5.52794 5.54371 5.54286 5.56455 5.64425 5.80514 5.89942 6.10482 6.07445 5.73516 5.38374 5.08906 4.40980 4.17236 4.11710 4.08634 4.10131 4.14025 4.17916 4.19681 4.26491 4.21901 4.14281 4.06666 3.95164 3.92765
6.08693 6.22736 6.23237 6.23446 6.23658 6.23860 6.20698 5.04026 5.03492 4.93053 4.99841 5.04313 5.12380 5.46679 5.45065 5.43044 5.38045 4.86960 4.84945 4.84945 4.84945 4.84945 4.84945 4.84875 4.79581 4.56617 4.53801 4.47316 4.25303 4.23628 4.48957 4.93112 4.98546 5.00976 5.03504 5.39869 5.60393 5.62533 5.63298 5.63298 5.63298 5.63298 5.62453 5.57790 5.55378 5.53828 5.68770 5.67709 5.66526 5.62818 5.48064 5.16667 5.01104 4.61917 4.22041 4.23474 4.22783 4.19665 4.15373 4.07759 4.00138 3.98234 4.02153 4.02153 4.02153 3.98141 3.92765
6.08669 6.20649 6.23908 6.23908 6.23908 6.23908 6.23908 5.40229 5.02515 5.09724 4.88862 4.94593 4.99194 5.25184 5.30538 5.25736 5.17607 4.86765 4.68944 4.63150 4.57346 4.51552 4.45748 4.40015 4.37952 4.38227 4.38323 4.38323 4.36326 4.38216 4.47660 4.98960 5.11955 5.11955 5.11955 5.26147 5.60596 5.58464 5.56336 5.54203 5.52073 5.49944 5.48642 5.46906 5.45761 5.44049 5.52473 5.54968 5.51413 5.48107 5.47030 5.36467 5.18401 4.91770 4.22344 4.14760 4.07100 3.95933 3.92417 3.92417 3.92417 3.94342 4.02153 4.02153 4.02153 4.01100 3.92813
6.08669 6.17054 6.23908 6.24633 6.27443 6.30389 6.33330 5.90712 5.04203 5.05258 4.70288 4.52117 4.50443 4.62262 4.80820 4.76152 4.74824 4.64410 4.37952 4.37952 4.37952 4.37952 4.37952 4.37952 4.37952 4.38102 4.38323 4.38323 4.39668 4.46818 4.54926 4.82794 5.01634 4.99145 4.96660 4.95515 5.43799 5.48628 5.48628 5.48624 5.47090 5.44349 5.41599 5.37990 5.33289 5.32259 5.37781 5.47512 5.45992 5.43919 5.39968 5.31154 5.08088 4.84178 4.13017 3.96209 3.96209 3.93415 3.92417 3.92417 3.92417 3.92458 4.01154 4.02153 4.02153 4.02153 3.94760
6.17853 6.31805 6.49025 6.54097 6.57084 6.61922 6.71336 6.69081 4.78485 4.83592 4.74790 4.26371 4.31513 4.38469 4.74408 4.74824 4.74824 4.73950 4.40791 4.37952 4.37952 4.38119 4.44570 4.54247 4.63905 4.73618 4.83604 4.93275 4.98752 4.91799 4.91799 4.76639 4.93872 4.94841 4.94841 4.93287 5.21710 5.39825 5.35622 5.31430 5.28757 5.27303 5.25857 5.24286 5.18858 5.14257 5.10753 5.16124 5.12241 5.08232 5.06893 5.06653 4.96446 4.90495 4.33842 3.96209 3.96209 3.94258 3.92417 3.92417 3.92417 3.92417 3.98463 4.03219 4.04230 4.05239 4.01872
6.77222 6.82167 7.03758 7.11774 7.20020 7.25939 7.26146 7.26146 5.55154 4.97091 5.01556 4.37857 4.29138 4.34721 4.64800 4.77533 4.85453 4.93512 4.83867 4.79712 4.89370 4.98874 5.02080 5.02080 5.02080 5.01525 5.00306 4.98850 4.97201 4.86940 4.85412 4.76730 4.66652 4.68875 4.63965 4.60626 4.72876 5.18369 5.17548 5.14600 5.11540 5.08482 5.05424 5.02367 4.98642 4.97798 4.97798 5.05190 5.07414 5.07060 5.06893 5.06875 4.99941 4.94678 4.65359 3.99048 3.98854 3.98626 3.96825 3.97708 3.98589 3.99474 4.03746 4.11715 4.11715 4.11715 4.10313
7.17713 7.19220 7.38979 7.46677 7.51588 7.56654 7.61882 7.67280 6.59362 5.06229 5.12220 4.83269 4.49339 4.63016 4.91398 5.26754 5.25606 5.24332 5.17188 4.94294 4.92764 4.91232 4.89698 4.88168 4.86638 4.85951 4.87486 4.89118 4.90571 4.86111 4.83878 4.83743 4.52383 4.75800 4.93139 5.09557 5.25126 5.10186 5.00749 5.00640 5.00640 5.00640 5.00631 5.00478 4.99182 4.97831 4.98263 5.03144 5.08967 5.09280 5.09453 5.09959 5.07073 4.99353 4.91803 4.19026 4.00271 3.99685 3.94231 3.93633 3.86515 3.76536 3.67069 3.65674 3.49879 3.33617 3.17352
7.76073 7.55165 7.68717 7.82406 7.88372 7.94265 8.00153 8.06041 7.81127 5.40532 5.39479 5.32262 4.65234 4.61360 4.64561 5.13743 5.14170 5.14045 5.13756 4.88688 4.84690 4.85742 4.87046 4.88350 4.89654 4.90663 4.90686 5.01462 5.21318 5.32897 5.36895 5.51252 5.42922 5.45324 5.45125 5.44928 5.44722 5.20053 4.94858 4.94646 4.94433 4.94284 4.94822 4.95710 4.97024 5.00808 5.01935 5.03902 5.06323 5.06290 5.05814 5.05802 5.04450 4.84799 4.74850 4.17898 3.57113 3.47452 3.28958 3.12142 3.02997 2.96707 2.90406 2.94295 2.97814 3.03647 3.11017
8.22509 7.87819 7.99130 8.10815 8.10616 8.10486 8.10360 8.10235 8.10110 5.91508 5.36112 5.35987 4.83822 4.58300 4.55995 4.97522 5.12048 5.13260 5.14471 5.01702 4.88311 4.92682 5.11777 5.31026 5.49042 5.65957 5.81830 5.89634 5.89648 5.87051 5.64960 5.64320 5.53838 5.41194 5.45829 5.47663 5.49571 5.43911 4.99376 5.00397 5.01553 5.02675 5.02915 5.02915 5.02915 5.05388 5.02787 4.98770 4.94737 4.90714 4.71754 4.56813 4.49404 4.27839 4.14639 3.97379 3.06484 2.97384 2.88830 2.85951 2.85951 2.89178 2.96540 3.08754 3.22219 3.23761 3.23761
8.46386 7.99090 7.94733 8.09505 8.09505 8.09505 8.09505 8.09505 8.09505 6.75896 5.35758 5.29966 4.98222 4.62537 4.60199 4.84476 5.16075 5.14552 5.13028 5.17304 5.77746 5.91951 5.94830 5.96650 5.98418 5.94951 5.88315 5.73449 5.60692 5.52934 5.65067 5.80431 5.82873 5.54055 5.60593 5.60593 5.60593 5.60593 5.14969 4.99878 4.95853 4.91827 4.87805 4.83777 4.79748 4.77745 4.78638 4.78638 4.79108 4.80361 4.68643 4.48542 4.48740 4.22106 3.91835 3.91824 3.23667 2.94461 2.97965 3.00832 3.08202 3.12342 3.12358 3.13847 3.24996 3.30291 3.35740
8.46743 8.18412 7.92638 8.07586 8.09505 8.09505 8.07523 7.95130 7.81256 7.18710 4.79530 4.70408 4.70417 4.65872 4.61688 4.66813 5.17231 5.14597 5.09561 5.04496 5.59544 5.65751 5.58500 5.51539 5.44861 5.42286 5.42286 5.38471 5.29825 5.29825 5.47802 5.84941 5.84048 5.57969 5.50004 5.45973 5.41956 5.37927 5.08885 4.75230 4.75230 4.75230 4.75230 4.75589 4.76702 4.78695 4.83064 4.84630 4.85645 4.85656 4.82631 4.49344 4.47925 4.35087 3.88599 3.80410 3.58091 3.48986 3.53367 3.52551 3.57195 3.61705 3.66086 3.70353 3.81566 3.83360 3.83360
8.46743 8.37852 7.83552 7.80475 7.71251 7.55163 7.40259 7.35738 7.32717 7.29480 5.09487 4.77896 4.78043 4.49933 4.37839 4.31599 4.62895 4.73174 4.73174 4.73174 5.04935 5.42286 5.42286 5.42286 5.42286 5.41939 5.40654 5.38840 5.25990 5.24184 5.25381 5.74901 5.74583 5.58685 5.31061 5.32908 5.32908 5.32908 5.28200 4.77360 4.77695 4.77806 4.77692 4.77089 4.75482 4.73821 4.76165 4.72998 4.60559 4.45427 4.28125 3.67118 3.28167 3.12853 3.80419 3.78654 3.78680 3.79968 3.80062 3.74198 3.73857 3.73857 3.73857 3.73857 3.78993 3.83360 3.83026
7.99236 7.90146 7.30633 7.18139 7.26272 7.25459 7.25458 7.25458 7.25458 7.25458 5.86875 4.78043 4.78043 4.46978 4.28351 4.25847 4.45644 4.73174 4.73085 4.72016 4.78303 5.37880 5.37119 5.35783 5.34446 5.33457 5.33404 5.33404 5.24723 5.21057 5.20026 5.62570 5.76861 5.77670 5.33314 5.37290 5.40836 5.44843 5.48003 4.86096 4.61285 4.59964 4.49430 4.35460 4.20124 4.03201 3.88360 3.74111 3.72319 3.72319 3.72319 3.46405 3.10984 3.10984 3.70150 3.78654 3.78654 3.79360 3.80106 3.75494 3.73806 3.73790 3.73774 3.73758 3.73235 3.69328 3.68026
