results/OMI_NO2_2009_06-08.asc
ncols      200
nrows      200
xllcorner       120.258
yllcorner       41.1236
cellsize     0.0166667
NODATA_Value      -999.000
[rows 58 to 86 of 200, columns 67 to 133 of 200]
1.66277 1.87459 1.94071 1.91478 1.80743 1.75732 1.78861 1.77517 1.74396 1.74158 1.70748 1.69265 1.69234 1.66442 1.62594 1.59443 1.58727 1.51818 1.48011 1.48891 1.49250 1.49861 1.47952 1.51011 1.52432 1.53150 1.54012 1.55003 1.61069 1.76608 1.82298 2.30242 2.20130 2.18470 2.17460 2.22376 2.48005 2.59079 2.52547 2.51439 2.54516 2.43027 2.55520 2.80492 2.72177 2.56826 2.50800 2.48524 2.47418 2.49095 2.46894 2.47327 2.45901 2.47956 2.49569 2.48242 2.28933 2.23347 2.15500 2.25755 2.48003 2.52576 2.44571 2.52494 2.52682 2.70691 2.51533
1.78237 1.82649 1.99965 1.91051 1.80363 1.71391 1.72971 1.71951 1.70323 1.70100 1.65160 1.61222 1.63588 1.61031 1.56924 1.46122 1.49402 1.45651 1.43689 1.44935 1.46626 1.45520 1.45101 1.50400 1.56050 1.53766 1.50069 1.46396 1.40738 1.54313 1.58273 2.14452 2.28781 2.24465 2.22633 2.22051 2.40619 2.55384 2.44583 2.31715 2.33519 2.16700 2.18693 2.40999 2.45895 2.45469 2.49908 2.51141 2.50174 2.50722 2.49956 2.52382 2.52802 2.53340 2.53340 2.52414 2.45965 2.30209 2.31599 2.24018 2.59510 2.67439 2.66898 2.44893 2.41583 2.59101 2.47202
1.81278 1.83009 1.87875 1.91139 1.85256 1.74503 1.71914 1.68522 1.64745 1.61159 1.54520 1.47000 1.49870 1.42351 1.42019 1.38416 1.38332 1.41651 1.38356 1.38611 1.43592 1.41860 1.39796 1.37858 1.45319 1.45161 1.46605 1.48802 1.48757 1.55444 1.67955 1.88218 2.36102 2.24567 2.19051 2.08440 2.01425 2.03851 2.10376 2.09260 2.21374 2.29409 2.23831 2.42382 2.48881 2.48194 2.51463 2.52553 2.51807 2.52209 2.50627 2.52132 2.51998 2.54377 2.54832 2.54521 2.53059 2.33305 2.32750 2.24822 2.50631 2.70355 2.67218 2.50341 2.31406 2.34623 2.31256
1.96382 2.01659 1.98225 1.92573 1.79855 1.69258 1.63198 1.59018 1.54617 1.55605 1.52382 1.49954 1.52629 1.46278 1.42700 1.42885 1.35243 1.43604 1.34635 1.29450 1.29327 1.30862 1.34411 1.37791 1.48240 1.51866 1.53762 1.56745 1.58848 1.60547 1.76799 1.91142 2.11628 1.92289 1.86969 1.86510 1.86235 2.06934 2.20914 2.20773 2.23154 2.38221 2.31848 2.44357 2.48416 2.46895 2.48682 2.48405 2.49595 2.50142 2.50358 2.52267 2.51765 2.54408 2.54408 2.53884 2.53884 2.41631 2.29832 2.23822 2.21276 2.45889 2.43807 2.41319 2.30825 2.29123 2.26470
2.09619 2.09359 2.02724 1.85597 1.66790 1.54741 1.53998 1.53372 1.51272 1.50069 1.50328 1.48728 1.53568 1.46196 1.37558 1.30260 1.18766 1.30093 1.31716 1.31367 1.31666 1.36307 1.37078 1.45827 1.61453 1.70675 1.72111 1.74827 1.80656 1.84546 1.90432 2.05688 2.01875 1.97586 1.91485 1.88602 1.83906 1.96426 2.12391 2.12794 2.13346 2.24871 2.29851 2.35732 2.44720 2.44381 2.47406 2.49155 2.49384 2.49470 2.49374 2.50228 2.49706 2.55382 2.58388 2.58630 2.58840 2.54931 2.14385 2.15637 2.06162 2.23395 2.24351 2.19844 2.15965 2.05102 2.07705
1.97908 1.96471 1.90639 1.82779 1.64829 1.52598 1.52309 1.51875 1.51162 1.56833 1.49850 1.37068 1.27705 1.17790 1.15759 1.14669 1.14063 1.18678 1.28990 1.30937 1.31032 1.34771 1.38826 1.46814 1.67497 1.84289 1.86915 1.83549 1.83495 1.81962 1.80417 1.98205 1.97689 1.95157 1.87842 1.85446 1.82795 1.88577 2.10134 2.12237 2.12525 2.14157 2.29112 2.25329 2.36485 2.36856 2.38154 2.40080 2.42876 2.47374 2.50984 2.54788 2.54093 2.54898 2.54401 2.55301 2.56884 2.58641 2.26754 2.18091 2.11907 2.02710 1.98650 1.98296 2.05551 1.97372 2.02119
1.92046 1.86965 1.81202 1.81767 1.60599 1.52910 1.42543 1.33622 1.24645 1.17296 1.14665 1.14205 1.13995 1.13609 1.13438 1.13013 1.12625 1.11432 1.24291 1.30796 1.31242 1.41640 1.62710 1.60809 1.63509 1.76839 1.77751 1.72157 1.76129 1.76763 1.77135 1.86590 1.98408 1.95559 1.90975 1.84345 1.82987 1.88669 2.03984 2.11069 2.12688 2.12688 2.25172 2.26835 2.41872 2.48330 2.55230 2.58383 2.57779 2.56387 2.53481 2.53938 2.54880 2.57626 2.60415 2.63527 2.66356 2.67586 2.51849 2.21022 2.22692 2.03389 1.98522 1.97887 2.06375 2.01570 2.00114
1.88803 1.82260 1.75743 1.75646 1.47546 1.28094 1.15023 1.13799 1.13703 1.13919 1.13927 1.13269 1.12517 1.11214 1.08182 1.10446 1.13408 1.15175 1.25121 1.38686 1.38885 1.38135 1.61730 1.61485 1.56587 1.73088 1.78383 1.75819 1.79875 1.78573 1.77476 1.80170 1.97357 1.92181 1.99828 1.93316 1.90684 1.93503 2.01571 2.14382 2.23365 2.28359 2.37535 2.49454 2.51084 2.54474 2.54452 2.53288 2.54546 2.57770 2.61607 2.65492 2.66486 2.66237 2.65569 2.63751 2.61877 2.60003 2.58699 2.35174 2.34632 2.23662 2.08762 2.12549 2.23272 2.25201 2.17314
1.76766 1.67451 1.67004 1.69011 1.52474 1.25230 1.17353 1.13475 1.12730 1.10994 1.07573 1.08237 1.13572 1.13252 1.16503 1.19913 1.20213 1.20239 1.22223 1.36103 1.40509 1.35888 1.47232 1.56958 1.51447 1.63394 1.64196 1.62472 1.68223 1.71111 1.71885 1.74854 1.82515 1.86694 1.94997 1.93787 1.87923 1.91927 1.95993 2.09124 2.19456 2.20829 2.20121 2.39969 2.42581 2.60981 2.64493 2.64983 2.67140 2.68652 2.66531 2.66476 2.63326 2.60583 2.59105 2.58779 2.58519 2.58258 2.57738 2.43743 2.25912 2.21429 2.32460 2.32587 2.31922 2.29492 2.21605
1.79482 1.71306 1.71781 1.74503 1.66332 1.37108 1.13483 1.06778 1.07948 1.14917 1.15760 1.16038 1.20910 1.16090 1.15853 1.17412 1.17400 1.17495 1.16555 1.30694 1.40892 1.37540 1.41138 1.62499 1.59610 1.69316 1.74082 1.76197 1.78149 1.81572 1.81640 1.86006 1.85820 1.89591 1.94640 1.99876 1.87754 1.87311 1.86570 1.92183 2.07149 2.20816 2.28339 2.45269 2.57354 2.65556 2.68432 2.63239 2.61300 2.60745 2.61095 2.62999 2.60517 2.60187 2.59329 2.57206 2.54870 2.52397 2.50014 2.44655 2.13127 2.17996 2.21144 2.33639 2.30105 2.24596 2.24777
1.86659 1.78128 1.75927 1.71521 1.55765 1.53299 1.33481 1.23785 1.23327 1.26014 1.22054 1.20132 1.21984 1.17725 1.18081 1.19372 1.19477 1.19477 1.19417 1.24386 1.39274 1.39904 1.40903 1.57561 1.65455 1.72500 1.79074 1.82424 1.82015 1.83914 1.78921 1.80482 1.76401 1.72613 1.80506 1.90904 1.90077 1.92939 1.98129 2.05102 2.25860 2.34394 2.36533 2.39798 2.50505 2.49908 2.56558 2.57380 2.54954 2.55383 2.56812 2.57548 2.52428 2.49897 2.48248 2.48147 2.48147 2.48147 2.48147 2.46152 2.23255 2.16720 2.14586 2.33171 2.29807 2.19965 2.19742
1.64867 1.56504 1.61058 1.63843 1.62154 1.65029 1.44564 1.23408 1.21054 1.24835 1.21296 1.19512 1.21300 1.16406 1.16406 1.17326 1.17393 1.17979 1.19264 1.20525 1.44717 1.49471 1.50171 1.53596 1.71352 1.77529 1.67551 1.65821 1.65673 1.67977 1.67241 1.72843 1.74027 1.71256 1.84029 1.93895 2.08129 2.11501 2.15179 2.19937 2.33296 2.45539 2.43990 2.43480 2.44001 2.43310 2.53565 2.54442 2.48346 2.48348 2.47947 2.51635 2.48295 2.48421 2.48683 2.48970 2.50798 2.53763 2.57185 2.58190 2.47507 2.12629 2.13685 2.30819 2.32906 2.21265 2.21031
1.64437 1.60607 1.62526 1.62855 1.60819 1.63501 1.57126 1.30744 1.23272 1.26043 1.23758 1.21845 1.23787 1.20468 1.22088 1.24811 1.26382 1.27830 1.29068 1.28536 1.48355 1.58535 1.60983 1.55592 1.74447 1.86945 1.73851 1.67633 1.74213 1.81262 1.81097 1.89747 1.93476 1.94719 2.03307 2.17833 2.31721 2.34293 2.34579 2.35237 2.37113 2.49221 2.47136 2.44478 2.37859 2.39014 2.45295 2.44037 2.39603 2.38832 2.36363 2.41662 2.40965 2.42957 2.44979 2.47442 2.48396 2.48410 2.48673 2.45889 2.44374 2.03430 1.98793 1.97761 2.17794 2.20465 2.22261
1.66039 1.59089 1.61249 1.61249 1.58626 1.61136 1.61059 1.43163 1.24263 1.27603 1.26979 1.27827 1.32449 1.32644 1.33682 1.34966 1.36381 1.37355 1.38301 1.38290 1.46930 1.67227 1.76009 1.72817 1.79604 1.94669 1.92804 1.83006 1.99619 2.06781 2.07844 2.14517 2.14725 2.16767 2.14891 2.27214 2.30687 2.29724 2.38883 2.37878 2.35069 2.42584 2.43578 2.38699 2.33726 2.39781 2.44672 2.43487 2.43549 2.43035 2.41325 2.42532 2.39319 2.40291 2.40823 2.39741 2.38061 2.34529 2.32043 2.29589 2.29159 2.12047 1.94988 1.92565 2.13903 2.18821 2.20928
1.66106 1.54798 1.56725 1.56838 1.54394 1.55740 1.57078 1.53846 1.31003 1.33097 1.31346 1.31851 1.33567 1.35158 1.36221 1.37372 1.39308 1.46470 1.52658 1.58608 1.63533 1.77525 1.80173 1.81932 1.88724 1.99627 2.01580 1.93671 2.05820 2.09509 2.09278 2.14858 2.14168 2.07968 1.99441 2.02244 2.03533 2.09682 2.24366 2.32284 2.30527 2.35665 2.44331 2.47682 2.48056 2.47935 2.55292 2.57097 2.58014 2.54246 2.47776 2.46478 2.41178 2.38191 2.35948 2.34978 2.34874 2.33804 2.33984 2.32654 2.32711 2.33447 1.98858 1.97365 2.08200 2.20537 2.20362
1.74220 1.57110 1.57070 1.53855 1.48351 1.47085 1.49571 1.50986 1.41884 1.37558 1.35246 1.35486 1.39749 1.47756 1.54453 1.60848 1.66049 1.65662 1.62940 1.63008 1.62560 1.58371 1.70892 1.65560 1.84144 1.88216 1.93818 1.93720 2.02085 2.04161 1.95972 1.95536 1.91393 1.87032 1.88253 1.90154 1.99039 2.04330 2.15637 2.30008 2.30734 2.33236 2.40677 2.51078 2.62726 2.61010 2.64285 2.60659 2.64139 2.51566 2.39087 2.38350 2.38098 2.38544 2.38607 2.38656 2.38686 2.36543 2.36099 2.38174 2.38030 2.43077 2.10122 1.97915 2.03469 2.13688 2.13530
1.69626 1.49916 1.49647 1.49254 1.47534 1.48223 1.48986 1.47727 1.46537 1.49510 1.55250 1.62253 1.67511 1.66815 1.66465 1.66145 1.66034 1.66008 1.63080 1.67058 1.66321 1.56342 1.76969 1.71371 1.80887 1.84572 1.92437 1.92937 1.84440 1.93478 1.92394 1.99207 2.03591 2.02614 2.06825 2.12518 2.15490 2.19956 2.33125 2.47159 2.53683 2.63871 2.76878 2.77993 2.90672 2.82018 2.71413 2.56155 2.66786 2.61528 2.46128 2.45760 2.45231 2.44618 2.43939 2.43292 2.43089 2.41092 2.43667 2.41558 2.41381 2.45934 2.30451 1.97082 2.00188 2.15727 2.15665
1.72807 1.63061 1.52704 1.50468 1.50335 1.55183 1.61289 1.69275 1.72160 1.65233 1.64934 1.64208 1.63736 1.63558 1.62554 1.61416 1.60282 1.59174 1.56018 1.59754 1.60052 1.51917 1.68391 1.70263 1.71940 1.80846 1.94703 2.02188 2.05302 2.09583 2.12654 2.17974 2.22476 2.22973 2.29766 2.36763 2.44057 2.52255 2.58110 2.69888 2.69328 2.68177 2.69648 2.66568 2.80596 2.77287 2.72901 2.50141 2.61866 2.60933 2.45028 2.41332 2.41934 2.42416 2.42824 2.43085 2.42986 2.47373 2.47284 2.45130 2.45130 2.50420 2.50630 2.01059 2.01540 2.15192 2.23076
1.67369 1.66609 1.63171 1.67574 1.71549 1.69050 1.64032 1.63146 1.58944 1.54383 1.57832 1.57620 1.55816 1.54857 1.54724 1.54724 1.54724 1.55356 1.49071 1.53481 1.53941 1.49644 1.61584 1.81755 1.85720 2.01676 2.10082 2.11347 2.22908 2.34349 2.40329 2.53313 2.56388 2.48592 2.49292 2.49819 2.48987 2.46734 2.43577 2.51486 2.53816 2.60069 2.63080 2.63626 2.81482 2.83889 2.78278 2.59229 2.59883 2.66775 2.58620 2.48202 2.48185 2.48198 2.48203 2.48203 2.48203 2.52415 2.52415 2.50342 2.43343 2.42959 2.37256 2.18171 2.12654 2.23514 2.36010
1.62746 1.58696 1.64766 1.58648 1.55497 1.53584 1.51633 1.54150 1.51058 1.50636 1.50230 1.54834 1.54724 1.54698 1.54180 1.53564 1.54672 1.60043 1.58468 1.69378 1.73363 1.66962 1.66561 1.89573 1.93568 1.98318 2.08666 2.11966 2.27668 2.49535 2.49867 2.58816 2.58208 2.44551 2.39346 2.34597 2.31226 2.31189 2.35249 2.42138 2.49499 2.60029 2.59200 2.55868 2.75322 2.79878 2.71632 2.57237 2.44704 2.53308 2.53590 2.41127 2.40536 2.41214 2.39631 2.33859 2.27928 2.26594 2.23337 2.20101 2.21284 2.26300 2.23588 2.26229 2.14378 2.32150 2.48131
1.54807 1.42282 1.49842 1.50768 1.56171 1.56171 1.54735 1.58279 1.55927 1.56157 1.52776 1.56577 1.60485 1.65271 1.70327 1.74611 1.76728 1.76381 1.69317 1.73998 1.72969 1.66580 1.70905 1.74997 1.91648 1.94299 2.06605 2.06507 2.32108 2.40103 2.40620 2.47278 2.43577 2.33171 2.33180 2.33264 2.33366 2.33467 2.36851 2.42044 2.50106 2.64675 2.63500 2.60130 2.73472 2.75524 2.75327 2.69325 2.48209 2.51249 2.48850 2.35366 2.22473 2.15888 2.12037 2.10672 2.10579 2.14518 2.15520 2.16356 2.17606 2.23908 2.23776 2.32109 2.22955 2.37463 2.44977
1.50477 1.40806 1.35705 1.45060 1.47347 1.47347 1.47346 1.52495 1.53249 1.55265 1.61344 1.71619 1.70864 1.70335 1.70393 1.71147 1.72136 1.73908 1.67558 1.72179 1.69359 1.65284 1.70323 1.68399 1.96398 2.07719 2.11111 2.06344 2.31202 2.30409 2.35821 2.49633 2.50031 2.40304 2.40539 2.40750 2.41314 2.44844 2.46202 2.52819 2.55842 2.72374 2.74741 2.68674 2.78722 2.71972 2.64923 2.54678 2.32519 2.22932 2.29530 2.28276 2.15775 2.17468 2.19194 2.20057 2.22273 2.28708 2.32797 2.32925 2.31065 2.35726 2.37247 2.43683 2.35126 2.33160 2.46353
1.50767 1.48054 1.38938 1.50258 1.61159 1.65425 1.67834 1.71838 1.73567 1.75054 1.73813 1.73539 1.73495 1.73436 1.73437 1.70433 1.70296 1.72870 1.68837 1.70877 1.71503 1.72756 1.72920 1.76599 1.99215 2.11717 2.15236 2.15680 2.28319 2.29944 2.17830 2.32005 2.35561 2.33077 2.33488 2.32695 2.34801 2.30834 2.33717 2.40212 2.40964 2.60594 2.75359 2.70207 2.75215 2.53244 2.44718 2.41381 2.34595 2.27246 2.41195 2.45648 2.36161 2.30605 2.30232 2.29182 2.29325 2.36005 2.37826 2.33907 2.36037 2.40628 2.40618 2.43040 2.41273 2.25164 2.45414
1.59415 1.61754 1.56838 1.69760 1.79035 1.79022 1.78291 1.81016 1.82019 1.80958 1.79649 1.78167 1.80271 1.77220 1.74878 1.73098 1.73812 1.74880 1.78546 1.81628 1.85204 1.88221 1.92534 1.94572 2.04066 2.22157 2.22810 2.20885 2.23655 2.37128 2.18852 2.32251 2.37687 2.32483 2.30875 2.30923 2.34484 2.32462 2.36657 2.40865 2.41167 2.55870 2.72123 2.73010 2.81557 2.63836 2.45640 2.42393 2.43740 2.40557 2.50903 2.55607 2.50186 2.35696 2.35929 2.36786 2.35210 2.39731 2.41322 2.37681 2.40199 2.45656 2.45487 2.48340 2.48385 2.28081 2.39944
1.63635 1.63724 1.60541 1.58140 1.72792 1.80523 1.81099 1.83797 1.83368 1.80271 1.77685 1.75297 1.79239 1.81298 1.82452 1.86057 1.87564 1.88698 1.91670 1.91963 1.93770 1.94284 1.96180 1.96163 1.96412 2.18368 2.22765 2.20653 2.19566 2.28984 2.13207 2.19358 2.25145 2.26331 2.26724 2.26508 2.29386 2.27548 2.30641 2.32740 2.36118 2.48769 2.69204 2.81627 2.90097 2.80345 2.55991 2.45649 2.49960 2.45908 2.51308 2.61743 2.61652 2.43580 2.42223 2.41229 2.40179 2.45613 2.47644 2.43299 2.44877 2.48472 2.45425 2.48334 2.48334 2.37078 2.31967
1.65228 1.66857 1.68157 1.61130 1.72316 1.78101 1.78749 1.80573 1.84837 1.89527 1.95858 1.97647 1.98209 1.98020 1.89074 1.92337 1.88933 1.88856 1.92053 1.91249 1.92981 1.94256 1.96099 1.95913 1.94541 2.07472 2.20610 2.19072 2.17891 2.22190 2.27206 2.11406 2.20189 2.23812 2.23448 2.23240 2.25792 2.21800 2.32877 2.39314 2.44821 2.62051 2.70279 2.88402 2.99321 2.97163 2.66873 2.50347 2.53128 2.51177 2.51024 2.66284 2.67752 2.58559 2.48324 2.46052 2.46339 2.51297 2.52323 2.48889 2.50842 2.51888 2.48321 2.51212 2.50279 2.42391 2.13689
1.74998 1.80824 1.86143 1.85612 1.85388 1.95798 1.99441 2.02318 2.04309 2.05361 2.06025 2.06375 2.02706 2.02459 1.90869 1.92067 1.88857 1.89115 1.92982 1.92377 1.94253 1.96377 1.97499 1.98857 2.00044 2.03017 2.19803 2.20662 2.20206 2.19582 2.30901 2.10725 2.12137 2.18842 2.15832 2.17733 2.25358 2.23029 2.31888 2.35318 2.32901 2.48520 2.62010 2.80247 2.96256 2.93959 2.72146 2.51338 2.48863 2.49663 2.49074 2.58580 2.63957 2.62612 2.45031 2.43265 2.40262 2.48331 2.49578 2.46720 2.47861 2.44728 2.37031 2.34307 2.31127 2.35259 2.18293
2.00870 2.04255 2.05526 2.06575 2.04042 2.05364 2.05890 2.05781 2.06011 2.06011 2.06011 2.06011 2.02244 2.01440 1.99371 1.96864 1.95887 1.96583 1.99418 1.99339 2.00274 2.01745 2.02316 2.03067 2.03159 2.03399 2.18297 2.23726 2.25812 2.25999 2.31947 2.24049 2.20871 2.32478 2.29857 2.29947 2.33276 2.28840 2.31948 2.31093 2.26292 2.32089 2.43289 2.63084 2.90004 2.90908 2.83810 2.60696 2.52366 2.53408 2.47910 2.50656 2.57923 2.54848 2.46876 2.40790 2.40914 2.46171 2.42269 2.37764 2.36741 2.39328 2.39157 2.40150 2.37892 2.33670 2.23257
2.05606 2.08368 2.08368 2.07117 2.07238 2.03299 2.06596 2.06190 2.06190 2.06192 2.07414 2.09969 2.12478 2.12742 2.12129 2.03118 2.00177 2.00831 2.02457 2.01958 2.02863 2.04135 2.03055 2.04507 2.06415 2.08476 2.18922 2.33244 2.37653 2.31089 2.21815 2.23260 2.21900 2.31677 2.31537 2.33774 2.35568 2.29478 2.35043 2.39884 2.39514 2.46469 2.60779 2.83326 2.97915 3.02536 2.99620 2.74219 2.59624 2.62544 2.57232 2.57335 2.66826 2.63961 2.62469 2.44132 2.40476 2.36521 2.34043 2.29820 2.24643 2.22843 2.25738 2.25447 2.26793 2.27801 2.24498
