results/OMI_NO2_200709.asc
ncols      200
nrows      200
xllcorner       120.258
yllcorner       41.1236
cellsize     0.0166667
NODATA_Value      -999.000
[rows 87 to 115 of 181, columns 0 to 64 of 200]
0.941268 0.944720 0.947154 0.942375 0.943380 0.944390 0.944473 0.939734 0.884674 0.945698 1.00824 0.991063 0.965677 0.948130 0.931359 1.04577 1.08786 1.05927 1.04252 1.05970 1.07130 1.07146 1.07162 1.07177 1.07193 1.07209 1.07225 1.04816 0.869397 0.818718 0.817541 0.791294 0.789627 0.770077 0.736135 0.700779 0.665609 0.648542 0.644615 0.624879 0.618883 0.616155 0.614553 0.578551 0.536063 0.533113 0.506507 0.553841 0.709463 0.718017 0.784723 0.808538 0.817435 0.826066 0.834422 0.842502 0.849789 0.849995 0.847995 0.846001 0.844016 0.842024 0.838630 0.833126 0.767352
0.946216 0.948157 0.949815 0.951376 0.952956 0.954554 0.956169 0.955577 0.907271 0.866543 0.969656 0.958444 0.943494 0.944805 0.946124 1.00003 1.12401 1.10674 1.04784 1.05139 1.07423 1.07448 1.07448 1.07448 1.07448 1.07448 1.07448 1.07223 0.926505 0.797086 0.761621 0.708058 0.661808 0.646058 0.644959 0.647062 0.649228 0.651024 0.652805 0.642352 0.631207 0.642362 0.651643 0.652637 0.630758 0.651828 0.617300 0.629080 0.787144 0.811520 0.842995 0.891663 0.893951 0.896221 0.898455 0.900825 0.903523 0.907556 0.912264 0.917040 0.921827 0.936196 0.957037 0.973718 0.966994
0.976897 0.976897 0.976897 0.976897 0.964953 0.940817 0.916682 0.894774 0.869664 0.818291 0.945102 0.962811 0.945077 0.939650 0.938328 0.938403 1.08722 1.10350 1.03780 1.02561 1.04381 1.04788 1.04493 1.04193 1.03731 1.00791 0.969449 0.930912 0.820314 0.624049 0.618948 0.609288 0.593303 0.600744 0.614607 0.626645 0.638226 0.649213 0.660160 0.680703 0.716233 0.718603 0.710419 0.709004 0.772453 0.774776 0.739918 0.712999 0.806467 0.864482 0.870826 0.940404 0.948086 0.948543 0.948999 0.949401 0.950109 0.962128 0.978262 0.994402 1.00957 1.00697 0.995909 1.02268 1.07597
0.967375 0.942481 0.915241 0.887989 0.872680 0.869588 0.866478 0.863386 0.818504 0.739818 0.829333 0.880789 0.869759 0.855387 0.852894 0.850415 0.923686 1.02218 0.970220 0.952752 0.964571 0.948685 0.913172 0.877657 0.843147 0.832962 0.829796 0.820677 0.796959 0.664195 0.649472 0.662801 0.666858 0.670637 0.669199 0.672662 0.680883 0.690013 0.699172 0.715234 0.772297 0.783554 0.791895 0.797204 0.862788 0.880470 0.862247 0.797059 0.790884 0.866920 0.866920 0.914694 0.951201 0.965022 0.981162 0.997162 1.00542 0.998491 0.987442 0.976384 0.966215 0.964223 0.964223 0.980318 1.09953
0.833278 0.830923 0.830923 0.830923 0.830923 0.830923 0.830923 0.830923 0.809386 0.753135 0.745359 0.862229 0.864240 0.847512 0.844324 0.845340 0.862510 1.00437 0.940881 0.873285 0.834959 0.795815 0.782968 0.773377 0.764404 0.757770 0.756666 0.761628 0.769005 0.766641 0.728813 0.737990 0.741846 0.745394 0.754637 0.758910 0.758949 0.758989 0.759027 0.759234 0.816658 0.822818 0.822672 0.815045 0.852355 0.880517 0.880006 0.805909 0.781256 0.875475 0.897677 0.927742 0.993575 0.990012 0.978965 0.968059 0.964223 0.964223 0.964223 0.964132 0.961609 0.957854 0.953930 0.949814 1.05491
0.830923 0.830923 0.830923 0.830923 0.830923 0.830940 0.832381 0.835505 0.843081 0.788238 0.755194 0.832103 0.841357 0.840501 0.842111 0.859080 0.877172 0.858401 0.826127 0.795038 0.801047 0.796848 0.790449 0.795898 0.801364 0.804967 0.805087 0.805125 0.805164 0.828116 0.771352 0.771390 0.770131 0.760618 0.760114 0.759283 0.758462 0.757655 0.756856 0.756070 0.801493 0.822818 0.822818 0.818511 0.839892 0.900767 0.911396 0.867929 0.830233 0.852592 0.883550 0.868708 0.926361 0.964223 0.963012 0.959389 0.955537 0.951495 0.947255 0.942920 0.941544 0.941544 0.941544 0.941544 0.991746
0.853878 0.867325 0.880199 0.897893 0.932134 0.966443 1.00009 1.03632 1.06885 1.02179 1.01781 1.00079 0.967435 0.971197 0.937716 0.945116 0.947224 0.939504 0.878085 0.813080 0.794741 0.787403 0.803194 0.801880 0.800787 0.799716 0.798656 0.797608 0.796576 0.815383 0.772983 0.762004 0.761216 0.753058 0.750034 0.750034 0.750034 0.750034 0.750034 0.750034 0.790501 0.849184 0.881431 0.912382 0.850167 0.903601 0.893619 0.862359 0.788688 0.774187 0.825477 0.818433 0.851949 0.944041 0.949919 0.951061 0.952276 0.953503 0.954731 0.955942 0.955592 0.949669 0.943234 0.936798 0.933393
1.01118 1.02521 1.04459 1.06937 1.08159 1.11200 1.16007 1.20650 1.25219 1.15984 1.09299 1.10236 1.00718 1.00232 0.950186 0.926163 0.908176 0.890321 0.842679 0.776454 0.767937 0.767868 0.784776 0.791116 0.791116 0.791108 0.791089 0.791071 0.791052 0.794022 0.794405 0.759928 0.759910 0.756305 0.749856 0.749837 0.755744 0.775857 0.802428 0.829004 0.877495 0.972558 0.975746 0.968262 0.842225 0.845289 0.853107 0.842382 0.760165 0.735201 0.821257 0.822257 0.835247 0.920503 0.957122 0.949472 0.941835 0.934172 0.926522 0.918872 0.912784 0.910962 0.908008 0.905058 0.902098
1.07494 1.11304 1.16529 1.20814 1.24933 1.26408 1.25648 1.24899 1.24159 1.17186 1.06570 1.05907 0.978308 0.925052 0.882793 0.844714 0.837804 0.834140 0.817784 0.755838 0.767504 0.767484 0.772153 0.790726 0.790708 0.790697 0.790697 0.790697 0.790697 0.790697 0.805303 0.759630 0.768723 0.794007 0.811517 0.837539 0.858197 0.864549 0.861088 0.854118 0.847625 0.922586 0.904491 0.892604 0.842155 0.768636 0.802651 0.786740 0.738003 0.702201 0.744819 0.760878 0.750761 0.798790 0.863572 0.858687 0.850995 0.843303 0.835594 0.828441 0.834466 0.847118 0.861364 0.875649 0.897357
1.14722 1.15873 1.15259 1.14653 1.14051 1.13710 1.13710 1.13128 1.11365 1.07982 0.958902 0.957965 0.937652 0.873772 0.867245 0.819151 0.810610 0.812121 0.813566 0.758963 0.770440 0.774061 0.775189 0.791838 0.800223 0.801167 0.802116 0.803394 0.820768 0.848268 0.895010 0.875846 0.891437 0.898336 0.886435 0.867668 0.855346 0.832385 0.810723 0.792577 0.782879 0.814775 0.812076 0.803605 0.795542 0.668614 0.664123 0.670864 0.673835 0.673599 0.659334 0.687355 0.702176 0.742493 0.827359 0.876928 0.895921 0.914954 0.933987 0.952432 0.968578 0.987294 1.00601 1.02479 1.03959
1.13710 1.13710 1.13710 1.13587 1.12130 1.10010 1.07778 1.06128 1.05658 1.05218 0.993062 0.985463 0.991816 0.903034 0.897497 0.857626 0.831644 0.827333 0.823450 0.795336 0.805251 0.817174 0.816921 0.819297 0.861176 0.887702 0.914297 0.942377 0.957943 0.961433 0.969221 0.946733 0.914019 0.899095 0.868152 0.801221 0.793826 0.797227 0.802631 0.809354 0.816303 0.836195 0.852401 0.856293 0.860190 0.786857 0.713061 0.724034 0.727503 0.718192 0.758801 0.809342 0.809342 0.817069 0.886209 0.957582 0.972089 0.990805 1.00952 1.03056 1.04370 1.05375 1.07050 1.08610 1.09760
1.06349 1.04119 1.01888 0.997791 0.990034 0.988889 0.988889 0.988889 0.988889 0.988889 0.960805 0.947330 0.957180 0.897348 0.866598 0.847959 0.806045 0.802104 0.801474 0.784565 0.782319 0.809161 0.816117 0.835399 0.960246 0.976774 0.983191 0.987741 0.986555 0.979649 0.971040 0.936258 0.889992 0.892912 0.895670 0.841286 0.834271 0.837187 0.840107 0.841690 0.841690 0.853571 0.878179 0.878179 0.878179 0.859441 0.724527 0.730348 0.730348 0.721857 0.735234 0.807663 0.823284 0.837839 0.906041 1.00601 1.04776 1.05586 1.07212 1.08565 1.09571 1.10157 1.10164 1.09871 1.09083
0.988928 0.988889 0.988889 0.988889 0.988889 0.988889 0.988889 0.988889 0.988889 0.989153 0.967712 0.936677 0.941248 0.927157 0.856259 0.832580 0.760743 0.762279 0.760204 0.762894 0.791219 0.840206 0.837516 0.832788 0.901940 0.951460 0.937712 0.923718 0.911755 0.908300 0.907406 0.928797 0.884427 0.883325 0.882527 0.849389 0.813569 0.812799 0.812013 0.811974 0.812293 0.818894 0.878179 0.878179 0.878179 0.878179 0.765606 0.733378 0.747026 0.757636 0.769822 0.861561 0.882562 0.886132 0.910711 0.979360 1.09294 1.09297 1.08492 1.07673 1.07684 1.08263 1.08794 1.08643 1.08240
0.988889 0.988889 0.988893 0.989187 0.990143 0.991169 0.992115 0.977714 0.952204 0.917189 0.848919 0.751130 0.710081 0.722298 0.704355 0.696562 0.675540 0.690141 0.705816 0.699585 0.706531 0.789948 0.797300 0.801659 0.827334 0.895931 0.897382 0.899166 0.900981 0.902816 0.904671 0.921292 0.901690 0.887231 0.888876 0.882330 0.820475 0.821044 0.822266 0.822673 0.822673 0.822721 0.871471 0.882480 0.898520 0.910544 0.872496 0.800656 0.806723 0.809610 0.794668 0.840361 0.889649 0.901676 0.927582 0.919693 1.03217 1.05743 1.05346 1.04973 1.03938 1.02435 1.00978 1.00267 1.00342
0.973544 0.947648 0.916146 0.875544 0.827265 0.777441 0.720372 0.684256 0.660458 0.642870 0.639410 0.631200 0.629109 0.645509 0.673588 0.674788 0.668112 0.657907 0.703260 0.708592 0.715873 0.794029 0.820171 0.821524 0.823032 0.905725 0.921193 0.921193 0.921193 0.921193 0.921193 0.921741 0.935618 0.897861 0.898755 0.899643 0.845791 0.826130 0.826742 0.831507 0.843678 0.851563 0.905241 0.939435 0.934065 0.932904 0.931404 0.825371 0.822842 0.846760 0.867119 0.931178 1.01458 0.993146 0.953346 0.897117 0.899976 0.983195 0.988523 0.993847 0.999188 1.00451 1.00984 1.01518 1.01827
0.711816 0.695716 0.686263 0.652740 0.644632 0.639561 0.641861 0.642248 0.642248 0.642248 0.642248 0.634528 0.629703 0.632607 0.675028 0.682387 0.687192 0.666653 0.711030 0.717492 0.717639 0.771073 0.832889 0.833619 0.834339 0.881000 0.941441 0.942530 0.943799 0.945090 0.946387 0.947609 0.971050 0.917701 0.917701 0.922215 0.902898 0.857333 0.865358 0.868895 0.863710 0.875839 0.946326 1.03589 1.06184 1.08614 1.10790 1.00063 0.944111 0.959831 0.970896 0.978056 1.04504 1.04713 0.977610 0.955241 0.899680 1.00035 1.01469 1.01403 1.01337 1.01268 1.01200 1.01132 1.00615
0.709403 0.696400 0.696755 0.656186 0.642900 0.642951 0.643002 0.643054 0.643104 0.643155 0.644181 0.643463 0.639619 0.638562 0.685855 0.692689 0.692771 0.678847 0.691593 0.718037 0.718037 0.744303 0.832239 0.839745 0.839745 0.846648 0.944804 0.947854 0.946834 0.945263 0.943733 0.945497 0.981315 0.943030 0.943705 0.949634 0.957697 0.916703 0.943275 0.966606 0.988393 1.00210 1.02710 1.13352 1.14021 1.14243 1.14417 1.10901 1.00819 1.00815 1.00401 0.994636 1.05313 1.08486 1.01214 0.978353 0.900741 0.935595 0.994287 0.986527 0.978750 0.970981 0.963220 0.952368 0.941045
0.740015 0.697240 0.697240 0.678532 0.643229 0.643229 0.643303 0.646793 0.652121 0.657454 0.661886 0.650393 0.614388 0.614103 0.636902 0.661430 0.664104 0.662718 0.646837 0.691248 0.692954 0.699056 0.772616 0.802479 0.802595 0.802641 0.869933 0.910002 0.921138 0.933600 0.949244 0.973505 0.992504 1.00818 0.988160 0.998298 0.992156 0.976063 0.969133 0.966820 0.965354 0.959954 0.964298 1.11372 1.10028 1.09016 1.08048 1.06850 0.954420 0.946970 0.939935 0.928083 0.947674 1.00484 0.973419 0.919256 0.875038 0.840116 0.944789 0.947644 0.939516 0.931387 0.926860 0.935137 0.949410
0.804131 0.735191 0.737160 0.741368 0.697516 0.700351 0.708849 0.713922 0.717184 0.720427 0.723589 0.718268 0.642201 0.641367 0.648923 0.685236 0.687689 0.687689 0.666531 0.702816 0.712391 0.711752 0.763277 0.845176 0.887851 0.926727 0.964761 0.973446 0.979529 0.986511 0.991006 0.984335 0.972476 1.00737 0.948398 0.936352 0.928505 0.913543 0.902202 0.894463 0.886725 0.878986 0.871263 0.988663 1.01635 1.01635 1.01635 1.01563 0.941131 0.922036 0.921433 0.918643 0.923972 0.997348 0.996525 0.920182 0.892239 0.813481 0.880553 0.941617 0.951064 0.961840 0.969223 0.967086 0.964003
0.859123 0.802767 0.784170 0.788560 0.754815 0.724593 0.724593 0.724593 0.724593 0.724593 0.724593 0.724593 0.653902 0.642292 0.638765 0.685811 0.690401 0.693227 0.698220 0.717113 0.749683 0.762200 0.785064 0.900165 0.999600 1.00688 1.00819 1.00438 0.997602 0.992138 0.987082 0.982864 0.983404 0.989224 0.909063 0.906120 0.907428 0.904729 0.898938 0.899789 0.901100 0.902406 0.903695 0.974553 1.00993 1.00313 0.996531 0.989996 0.948414 0.888012 0.891048 0.879701 0.863803 0.921595 0.946615 0.902883 0.886121 0.851885 0.877159 0.922722 0.925951 0.930047 0.934002 0.942259 0.958192
0.878094 0.845459 0.788774 0.788774 0.781234 0.725525 0.723949 0.720488 0.716724 0.712957 0.707788 0.693692 0.645865 0.630736 0.639690 0.703093 0.742718 0.744501 0.722994 0.803588 0.820159 0.821625 0.832850 0.893518 1.04851 1.07441 1.09665 1.12263 1.05298 1.02014 1.02072 1.02177 1.02280 1.02430 0.973070 0.943673 0.945279 0.945863 0.938590 0.938789 0.940382 0.941951 0.943499 0.977704 0.927463 0.923852 0.922237 0.911418 0.883258 0.829562 0.862134 0.873291 0.880923 0.932603 1.01225 1.01914 0.992441 0.973154 0.955490 0.965925 0.986022 1.01136 1.03740 1.05957 1.07414
0.863394 0.855171 0.771707 0.760458 0.743670 0.685195 0.652297 0.645500 0.641960 0.655536 0.662901 0.671019 0.639674 0.584048 0.551255 0.616037 0.683614 0.707342 0.707342 0.774835 0.825787 0.835009 0.854637 0.935747 1.06158 1.13011 1.13027 1.13078 1.11072 1.03285 1.03324 1.03324 1.03324 1.03324 1.00657 0.955980 0.955980 0.955980 0.948819 0.942373 0.939995 0.937703 0.933663 0.937874 0.905792 0.859962 0.843885 0.836710 0.830693 0.818131 0.911413 0.935020 0.952124 0.971795 1.04292 1.05180 1.04059 1.06519 1.09058 1.10428 1.09090 1.07583 1.06075 1.04570 1.03069
0.762691 0.745611 0.691026 0.670678 0.678671 0.661557 0.663182 0.667274 0.651992 0.618201 0.595173 0.582721 0.572929 0.536255 0.536255 0.576901 0.670950 0.712221 0.726412 0.765211 0.887234 0.889580 0.899959 0.939365 0.972015 1.10120 1.09850 1.09557 1.09451 1.01719 0.995411 0.992970 0.990572 0.988177 0.980635 0.912477 0.910362 0.908348 0.901748 0.883261 0.868511 0.854897 0.843275 0.841334 0.855467 0.794511 0.803393 0.824278 0.846341 0.859344 0.922236 0.983778 0.998850 0.985877 1.05019 1.05352 1.03850 1.02349 1.00826 0.988664 0.970590 0.961304 0.954439 0.947818 0.941287
0.667532 0.675638 0.655426 0.630871 0.590144 0.566691 0.610044 0.606764 0.608195 0.610843 0.613518 0.616226 0.618317 0.569929 0.576567 0.600936 0.737907 0.801066 0.813627 0.813627 0.932595 0.945488 0.946245 0.937236 0.912500 1.02751 1.06564 1.06564 1.06571 1.03538 0.976956 0.976956 0.976956 0.976956 0.973208 0.900848 0.873282 0.859536 0.849075 0.838753 0.820940 0.808424 0.811076 0.834945 0.896266 0.870627 0.887181 0.889928 0.893063 0.879832 0.910398 1.04798 1.05628 0.959762 0.969605 0.944770 0.938209 0.931238 0.922590 0.918483 0.913475 0.904572 0.902315 0.899817 0.897237
0.622675 0.604143 0.580402 0.562050 0.560065 0.560065 0.595211 0.631807 0.631807 0.631807 0.638005 0.651114 0.665390 0.646926 0.643071 0.645751 0.746832 0.820330 0.852043 0.854905 0.921508 0.992867 0.989654 0.994000 0.961989 1.01390 1.12119 1.12419 1.12578 1.12742 1.04021 1.01248 0.997264 0.982848 0.968900 0.931900 0.898342 0.892785 0.894070 0.946885 0.954032 0.999787 1.03058 1.03885 1.06701 0.995203 0.996128 1.00583 1.01380 0.981999 0.967159 1.07932 1.11100 1.04438 0.984957 0.902379 0.899675 0.897536 0.897310 0.897310 0.897263 0.889422 0.889816 0.894973 0.900177
0.545309 0.565846 0.569074 0.570841 0.572616 0.574387 0.584036 0.659398 0.677429 0.694996 0.705242 0.707010 0.708781 0.711073 0.713015 0.714536 0.767520 0.862963 0.907458 0.907808 0.918799 1.04208 1.02724 1.03829 1.00009 0.991501 1.09541 1.08514 1.05692 1.04747 1.02986 0.990410 0.994252 0.998219 1.00768 1.02049 0.987600 1.02510 1.05556 1.08717 1.09784 1.08107 1.08086 1.08065 1.09401 1.05022 1.01286 1.01270 1.01270 0.991723 0.964648 1.02068 1.11139 1.08283 0.988778 0.914753 0.897310 0.897316 0.900164 0.905371 0.910561 0.911769 0.908795 0.906750 0.878766
0.590126 0.587575 0.594503 0.602504 0.616278 0.631503 0.645568 0.693909 0.716372 0.716372 0.716372 0.716372 0.716372 0.716405 0.716477 0.716477 0.727718 0.838081 0.872798 0.875364 0.868099 0.954211 1.00477 1.03940 1.04517 1.05703 1.07134 1.06225 1.07484 1.08763 1.12187 1.07561 1.10857 1.14681 1.18368 1.17376 1.04823 1.03993 1.03876 1.04577 1.08349 1.05086 1.04932 1.04773 1.05135 1.07832 1.01270 1.01270 1.01262 1.00185 0.962545 0.967107 1.09760 1.10363 0.995709 0.944048 0.901878 0.905345 0.905980 0.904116 0.914570 0.936282 0.815904 0.760185 0.752948
0.625675 0.614474 0.640737 0.647195 0.647195 0.647195 0.647195 0.665091 0.716372 0.716372 0.714770 0.715311 0.716190 0.716843 0.685827 0.686335 0.687073 0.746230 0.807811 0.913889 0.969585 1.05787 1.13710 1.12951 1.12930 1.11165 1.11950 1.10728 1.10613 1.10403 1.11814 1.14827 1.16841 1.16841 1.16850 1.16538 1.04362 1.01569 1.01919 1.02348 1.06626 1.04873 1.04743 1.05190 1.05642 1.14128 0.995692 0.994284 0.993029 0.991870 0.945852 0.940042 1.03123 1.12101 1.04904 0.976899 0.903728 0.926257 0.950476 0.980545 0.988436 0.986299 0.882201 0.781189 0.787210
0.721415 0.646519 0.658662 0.670608 0.677989 0.679875 0.682014 0.685812 0.736888 0.756313 0.782706 0.806655 0.812953 0.818192 0.785510 0.816046 0.868704 0.948214 1.04547 1.15511 1.15552 1.15601 1.19630 1.17475 1.17692 1.14315 1.14390 1.13214 1.12665 1.13015 1.13849 1.16780 1.20649 1.21155 1.21496 1.21599 1.12825 1.05374 1.05374 1.05374 1.07797 1.09349 1.07363 1.07363 1.07363 1.14741 1.02229 0.989494 0.986245 0.983082 0.949050 0.943244 0.980843 1.18043 1.18120 1.11424 1.04653 1.05207 1.06394 1.07118 1.05881 1.04515 1.02956 0.833962 0.838948
