results/OMI_NO2_200611.asc
ncols      200
nrows      200
xllcorner       120.258
yllcorner       41.1236
cellsize     0.0166667
NODATA_Value      -999.000
[rows 90 to 119 of 188, columns 132 to 197 of 200]
3.04518 3.21782 3.21788 3.21788 3.22130 3.27398 3.32897 3.36499 3.37443 3.19759 2.86765 2.75559 2.77070 3.01836 3.09152 3.11842 3.16261 3.98166 4.05329 3.36140 3.36342 3.36295 3.74003 3.80587 3.71348 3.62688 3.54560 3.47907 3.44209 3.43472 3.43472 3.43472 3.44769 3.40437 3.96492 4.15523 4.14477 3.87478 3.85936 3.85936 3.53351 3.42993 3.42993 3.43077 3.48094 3.58500 3.64086 3.63867 3.47710 3.44212 3.19852 3.21100 3.37803 3.42573 2.74086 2.42114 2.67133 3.12987 3.56386 3.84079 4.10960 4.23589 4.27490 4.31801 4.71314 4.78610
3.04261 3.34974 3.39877 3.42483 3.44224 3.37214 3.27868 3.17739 3.10448 3.08665 2.82027 2.75439 2.79945 3.05813 3.24653 3.25993 3.28322 3.67485 4.18881 3.22064 3.09725 3.04298 3.14264 3.47035 3.47035 3.47035 3.47035 3.47035 3.45140 3.41749 3.38895 3.36053 3.34017 3.30708 3.77093 4.19456 4.18560 4.01043 3.91800 3.97828 3.91697 3.74143 3.81794 3.83725 3.80799 3.72938 3.70179 3.72007 3.60385 3.54322 3.64396 4.09954 4.60335 4.82664 4.59472 3.98496 4.00544 4.23609 4.66899 4.67013 4.68342 4.70017 4.71677 4.73349 4.99505 5.24353
3.11141 3.37466 3.29329 3.20913 3.13435 3.11847 3.12908 3.08404 3.04060 3.00088 2.99048 2.92926 2.97814 3.12777 3.40663 3.36831 3.31137 3.32605 3.49289 3.05891 2.86086 2.83636 2.80923 3.10615 3.13970 3.10012 3.06063 3.02082 2.97965 2.96616 2.96071 2.95513 2.94946 3.15604 3.64709 4.39883 4.67378 4.42584 4.12114 3.89730 3.69243 3.78272 3.78108 3.80689 3.83270 3.85851 3.88229 3.89058 3.85258 3.64420 3.65662 4.31132 4.64657 4.88640 4.89845 4.10611 4.04189 4.17823 4.67534 4.76525 4.76853 4.76853 4.76289 4.73827 4.77152 5.14793
2.88028 3.02377 3.08602 3.01520 2.94744 2.88161 2.83373 2.78617 2.72676 2.66149 2.59907 2.41149 2.26899 2.20924 2.49354 2.54101 2.53261 2.55231 2.77991 2.81964 2.52722 2.51633 2.51161 2.64149 2.87446 2.87446 2.87446 2.87446 2.87558 2.93797 3.02941 3.12279 3.17345 3.21548 3.49612 3.96591 4.07516 3.91618 3.64262 3.66511 3.67516 3.77792 3.89182 3.89182 3.89182 3.89182 3.89182 3.89186 3.90614 3.75791 3.69966 4.16686 4.60744 4.99842 5.00384 4.56738 4.08478 4.15616 4.54875 4.74973 4.72358 4.69741 4.67690 4.67536 4.69434 5.18269
2.48658 2.48886 2.39013 2.34233 2.28581 2.22927 2.20430 2.19158 2.19158 2.19158 2.19158 2.13271 2.09217 2.09274 2.33059 2.48639 2.48639 2.48639 2.66757 2.79646 2.58475 2.51161 2.51161 2.52132 2.84599 2.95072 3.02390 3.08837 3.11689 3.11906 3.01577 2.82623 2.67702 2.64766 3.03471 3.42395 3.92516 3.98445 3.71338 3.67688 3.67688 3.69399 3.89424 3.92618 3.95173 3.97727 4.00282 4.02834 4.03960 3.98509 3.77358 3.97561 4.51105 4.98632 5.00384 4.90386 4.08179 4.06025 4.33740 4.67536 4.68834 4.86325 5.14853 5.48291 5.84702 6.02173
2.63060 2.60571 2.20815 2.21209 2.21209 2.21209 2.20724 2.19158 2.19158 2.19158 2.19816 2.17657 2.14668 2.17241 2.29983 2.48639 2.48639 2.48639 2.60117 2.74807 2.74009 2.63225 2.70902 2.77552 2.94266 3.04102 2.94001 2.79696 2.66556 2.57486 2.49213 2.47381 2.46725 2.46075 2.81131 3.07518 3.58304 3.75825 3.61246 3.55307 3.56564 3.77592 3.95909 4.03960 4.03960 4.03960 4.03931 4.03786 4.03631 4.03475 3.83825 3.77885 4.41549 4.83398 4.94169 4.92770 4.32721 4.12199 4.53853 5.40825 5.78750 6.03287 6.03287 6.03287 6.03287 6.03287
2.63410 2.63410 2.32494 2.23580 2.26286 2.29022 2.31804 2.32662 2.35508 2.38570 2.40895 2.39162 2.28075 2.26305 2.16619 2.30295 2.40169 2.56724 2.71558 2.89718 2.65747 2.57932 2.50288 2.43805 2.43287 2.47072 2.41347 2.39688 2.39688 2.39109 2.36655 2.35881 2.34681 2.33485 2.51615 2.77118 3.17201 3.45627 3.46609 3.50582 3.50443 3.70257 3.85696 4.02616 4.02461 4.02305 4.00660 3.89935 3.89056 3.88183 3.80222 3.56648 4.01681 4.68660 5.19134 5.42943 5.27817 4.27443 4.33320 4.76155 5.01611 5.38517 5.36482 5.34469 5.29164 5.17528
2.80736 2.84089 2.69623 2.42568 2.43322 2.43322 2.43174 2.39007 2.33927 2.28317 2.23536 2.21799 2.12945 2.20388 2.15723 2.38658 2.49611 2.67509 2.56156 2.57405 2.43402 2.41095 2.42298 2.43175 2.42954 2.39254 2.35315 2.32828 2.30388 2.27943 2.21645 2.19544 2.18175 2.16836 2.20308 2.56491 2.77536 3.13726 3.24987 3.47477 3.49630 3.62167 3.80673 3.97524 4.02168 4.02168 4.01719 3.78091 3.86672 4.02592 4.20623 4.06462 4.24911 4.80009 5.16376 5.30779 5.24261 4.12493 3.96274 4.24917 4.43962 4.66158 4.64022 4.55758 4.50131 4.49379
2.86877 2.83272 2.75736 2.30304 2.22963 2.17859 2.15244 2.14673 2.18733 2.28804 2.38895 2.46481 2.37253 2.35836 2.23240 2.25044 2.44429 2.58550 2.61429 2.47028 2.38841 2.30074 2.27807 2.25524 2.23464 2.22180 2.19455 2.19425 2.19425 2.19425 2.16291 2.14682 2.14682 2.14682 2.14929 2.47785 2.58985 3.01402 3.20477 3.35363 3.44838 3.49575 3.76632 3.92448 4.19006 4.36225 4.53894 4.33008 4.21763 4.13821 4.07000 3.98998 3.83733 4.26727 4.62233 4.80820 4.84544 4.22379 3.51948 3.78190 4.08983 4.20475 4.38509 4.42144 4.50403 4.59059
2.66937 2.65367 2.68216 2.38591 2.21489 2.30672 2.38926 2.46283 2.48240 2.48573 2.49764 2.50996 2.47377 2.33545 2.25083 2.17565 2.36614 2.44001 2.52814 2.33381 2.26822 2.23622 2.24051 2.24463 2.24878 2.25289 2.23541 2.23071 2.23787 2.24500 2.24945 2.27028 2.28785 2.30527 2.32009 2.44082 2.57502 2.89056 3.24024 3.41414 3.69800 3.83177 4.24514 4.32925 4.35375 4.35522 4.35830 4.27908 4.21371 4.27776 4.32746 4.34453 4.11059 4.21640 4.55753 4.74844 4.86225 4.71974 3.54173 3.79982 4.26538 4.41318 4.85726 4.93548 4.93561 4.95625
2.77393 2.84318 2.92263 2.82809 2.54539 2.50777 2.51755 2.52762 2.52037 2.51697 2.49564 2.47489 2.44263 2.29555 2.21840 2.13810 2.25275 2.39948 2.57113 2.50870 2.35349 2.32714 2.31921 2.32248 2.32553 2.32857 2.32439 2.30155 2.30155 2.30155 2.32128 2.42854 2.43550 2.48587 2.51802 2.52041 2.78978 3.03100 3.57603 3.80997 4.08698 4.17235 4.45757 4.60996 4.63386 4.63536 4.63536 4.55416 4.34614 4.34614 4.34614 4.34512 4.23644 4.11988 4.46140 4.64826 4.83220 4.84321 4.03060 3.91728 4.31510 4.51541 4.84474 5.24129 5.46687 5.68851
3.03166 3.08413 3.05627 2.96579 2.62024 2.52575 2.51532 2.50514 2.45515 2.42305 2.42677 2.43048 2.43259 2.37241 2.32495 2.19421 2.21132 2.42317 2.54881 2.60596 2.40166 2.35919 2.33281 2.33331 2.33331 2.33331 2.33331 2.31038 2.34441 2.40322 2.47741 2.69919 2.86752 2.99940 3.18664 3.15575 3.57283 3.77214 4.21400 4.09193 4.19586 4.30603 4.46036 4.63536 4.63536 4.63480 4.63072 4.61191 4.33784 4.32912 4.32484 4.32159 4.31685 4.07449 4.34692 4.62615 4.74963 4.83750 4.49090 3.94681 4.45012 5.01609 5.20670 5.72522 5.72537 5.72537
2.72229 2.67436 2.65003 2.60477 2.61368 2.51506 2.50757 2.50757 2.48183 2.43259 2.43259 2.43259 2.43259 2.39444 2.32714 2.17678 2.12891 2.33118 2.48725 2.60883 2.49456 2.37193 2.33498 2.37063 2.45530 2.55726 2.66057 2.77694 2.87713 3.00716 3.17934 3.44196 3.61361 3.71107 3.72886 3.50654 3.57912 3.77653 4.01833 4.16457 4.13933 4.28574 4.36130 4.61760 4.61290 4.60875 4.60813 4.60813 4.37619 4.32139 4.32171 4.32834 4.33737 4.22142 4.23008 4.70391 4.86059 5.18314 5.29458 4.27173 4.64512 5.09443 5.09923 5.56394 5.72537 5.72537
2.63442 2.64453 2.66125 2.63335 2.62100 2.55165 2.49731 2.46565 2.42831 2.33243 2.30314 2.27510 2.24775 2.20667 2.13565 2.05108 1.99986 2.18683 2.49690 2.71874 2.78049 2.62761 2.66461 2.84045 2.98272 3.07739 3.20090 3.30904 3.41913 3.51670 3.54305 3.59959 3.69826 3.69826 3.72159 3.66043 3.56634 3.96500 4.09710 4.62737 4.44487 4.28531 4.29438 4.64268 4.66048 4.67039 4.68031 4.69026 4.55067 4.46598 4.48334 4.49436 4.50295 4.50183 4.55696 4.99490 4.82111 4.69809 4.45250 4.27226 4.78560 5.28336 5.44646 5.74451 6.35698 6.39132
2.57519 2.53989 2.52681 2.48378 2.42829 2.37211 2.27754 2.27694 2.27694 2.22260 2.22149 2.25489 2.28186 2.31026 2.30549 2.31159 2.25843 2.35139 2.81436 2.93544 2.97852 2.93814 3.01072 3.14589 3.38440 3.41999 3.42880 3.42931 3.48461 3.62792 3.72799 3.85235 4.12450 4.25334 4.35737 4.36865 3.99348 4.36863 4.51078 4.97880 4.91996 4.44039 4.35523 4.63760 4.72232 4.72232 4.72232 4.72232 4.72232 4.72232 4.65291 4.35121 4.00925 3.63096 3.22547 3.42393 3.66938 3.76404 4.01645 4.23208 5.04049 5.64301 6.13268 6.24394 7.66909 8.09111
2.40168 2.39563 2.41485 2.41530 2.40729 2.43664 2.37055 2.38533 2.41118 2.42283 2.45144 2.48996 2.53490 2.57792 2.53867 2.49917 2.33074 2.35768 2.75040 3.03691 3.17838 3.25105 3.33771 3.36651 3.71756 3.84350 3.96328 4.09212 4.22576 4.38163 4.39193 4.39193 4.55900 4.59148 4.59148 4.59148 4.20869 4.29674 4.54785 4.74605 5.10512 4.61646 4.41182 4.62616 4.82330 4.78922 4.52005 4.21295 3.88625 3.52679 3.23894 3.24438 3.28632 3.35200 3.42009 3.75679 4.03516 4.03889 4.39347 4.46528 4.73462 5.08359 6.10481 6.04780 7.45157 9.80136
2.40271 2.38391 2.54230 2.60880 2.60254 2.62624 2.59642 2.58449 2.62818 2.62624 2.56861 2.56042 2.55231 2.54466 2.50839 2.45860 2.37990 2.40686 2.62233 3.10698 3.28641 3.48653 3.87451 3.91271 4.13087 4.25796 4.26680 4.27555 4.28431 4.36965 4.44812 4.45692 4.58587 4.69697 4.72154 4.74612 4.53062 4.50798 5.02450 5.07276 5.58308 4.87746 4.22898 4.03490 3.98433 3.70038 3.68247 3.69576 3.71272 3.74953 3.78267 3.78088 3.77395 3.76720 3.76225 3.84512 3.76738 3.73716 3.88961 4.15267 4.09265 4.51519 5.65613 5.81723 6.12690 9.86201
2.46979 2.51420 2.65788 2.73971 2.76269 2.72905 2.69161 2.57876 2.57309 2.57176 2.51561 2.52251 2.55163 2.60289 2.64694 2.62432 2.56631 2.64183 2.75046 3.24914 3.48358 3.57663 4.04539 4.06973 4.17968 4.41744 4.42215 4.42686 4.43160 4.45083 4.58358 4.59203 4.71777 4.98985 4.98985 4.97844 4.68647 4.29069 4.61944 4.48706 4.24166 4.01955 3.62657 3.51441 3.78987 3.77480 3.76795 3.76270 3.76098 3.76098 3.76098 3.76098 3.76098 3.76098 3.76159 3.77458 3.85166 3.76798 3.79178 4.18102 4.09890 4.46613 5.21917 5.81723 5.81723 8.13433
2.90861 2.87672 2.86034 2.79805 2.80249 2.77781 2.77712 2.69209 2.72074 2.77283 2.80729 2.86034 2.89197 2.89598 2.89968 2.82223 2.73432 2.69957 2.75953 3.15949 3.51111 3.61498 3.97642 4.11566 4.12365 4.42612 4.44863 4.44863 4.44863 4.44863 4.53969 4.42469 4.11471 4.18103 3.90903 3.65707 3.66086 3.74525 4.08755 4.02628 3.92959 3.92045 3.73426 3.42568 3.70217 3.76098 3.76098 3.76098 3.76107 3.76704 3.77647 3.78590 3.79534 3.80478 3.81361 3.81555 3.87496 3.79953 3.79953 4.00524 4.16617 4.24880 4.86566 5.81723 5.81723 6.57101
2.94641 2.91459 2.90949 2.82396 2.84363 2.89783 2.99843 2.94364 2.87735 2.87735 2.89218 2.90939 2.90939 2.90939 2.90939 2.85371 2.79102 2.64024 2.78028 2.98991 3.41890 3.60138 3.82692 4.11566 4.11566 4.31951 4.35612 4.09510 3.84533 3.59045 3.34775 3.42073 3.51954 3.85739 3.83869 3.70691 3.59538 3.56960 3.90686 3.94823 3.96592 3.98372 3.88189 3.57674 3.63093 3.69324 3.69296 3.69267 3.69229 3.68628 3.67704 3.66789 3.65881 3.64980 3.64076 3.63100 3.65045 3.56784 3.55596 3.57397 3.86048 3.63641 3.80909 4.43615 4.40682 4.39495
3.00181 3.00417 2.98969 2.91252 2.90562 2.91518 3.02350 3.00030 2.87735 2.87753 2.90673 2.97298 3.01106 3.04488 3.07924 3.08215 3.04748 2.93440 3.11415 3.16396 3.40288 3.75122 3.70664 3.91133 3.62066 3.45709 3.75028 3.81855 3.80137 3.71233 3.62404 3.60609 3.53061 3.74858 3.98076 4.00119 4.02181 4.03088 4.22891 4.26983 4.18079 4.09867 3.95268 3.78345 3.69329 3.51269 3.51079 3.50889 3.50699 3.50508 3.50318 3.50128 3.49937 3.49748 3.49557 3.49450 3.49921 3.45555 3.44035 3.45346 3.65414 3.59201 3.61248 4.19124 4.39982 4.43214
2.95962 2.95911 2.92597 2.89047 2.88635 2.91422 3.02320 3.09589 3.00625 3.01239 3.02099 3.04213 3.03954 3.04312 3.08065 3.12050 3.07539 3.09996 3.09357 3.02647 2.76674 2.56403 2.77048 3.22158 3.24070 3.15740 3.66451 3.59499 3.51758 3.49141 3.47094 3.45471 3.40489 3.41686 3.60593 3.49833 3.39949 3.31460 3.39480 3.54151 3.49794 3.45981 3.42251 3.45615 3.45478 3.24126 3.22974 3.21830 3.20689 3.19551 3.38718 3.49450 3.49450 3.49450 3.49450 3.50116 3.53207 3.53932 3.58312 3.62219 3.67103 3.76418 3.60447 4.01874 4.31000 4.31679
2.85994 2.86784 3.06159 3.11634 2.97050 2.98932 3.01405 3.10197 3.06211 3.01742 3.04783 3.09833 3.07864 2.90515 2.68542 2.44935 2.12966 2.04293 2.09202 2.18416 2.15314 2.11197 2.29948 2.45144 2.52840 2.49865 2.77724 2.93168 2.87257 2.81734 2.76569 2.71738 2.69750 2.70362 2.99069 3.00072 3.00072 3.00072 3.03708 3.27954 3.27326 3.27317 3.27317 3.31125 3.37318 3.20174 3.20447 3.22694 3.24944 3.27195 3.43797 3.66450 3.71929 3.78963 3.84951 3.87181 3.87007 3.87010 3.96724 4.09342 4.21857 4.52458 3.86451 3.84499 4.31935 4.32256
2.63736 2.65814 2.78987 2.96358 2.86884 2.89395 2.91895 3.01563 2.84983 2.61456 2.40125 2.19025 2.04948 2.05260 2.06222 2.07285 2.04381 2.02952 2.12559 2.11222 2.08936 2.08994 2.21526 2.32630 2.34886 2.33516 2.36763 2.68507 2.68507 2.68458 2.68292 2.68123 2.68277 2.68628 2.91134 2.99007 2.98837 2.98705 2.98778 3.48497 3.59626 3.62221 3.64989 3.69108 3.78415 3.64705 3.54044 3.50633 3.49711 3.50353 3.57658 3.86870 3.91864 3.95837 4.00698 4.08392 4.16247 4.31275 4.67819 4.72055 4.72055 4.80703 4.34497 3.73416 4.28475 4.32256
2.84258 2.83682 2.85436 2.96579 2.67783 2.48096 2.29299 2.12753 2.10608 2.08691 2.08862 2.10338 2.14938 2.16261 2.17396 2.17074 2.12896 2.06241 2.11995 2.11002 2.05126 2.04669 2.09635 2.29137 2.35609 2.37747 2.36189 2.73010 2.79597 2.81616 2.83764 2.85890 2.88068 2.90948 2.97315 3.01589 3.01862 3.01321 2.97568 3.37146 3.60582 3.56104 3.52106 3.48572 3.51756 3.54366 3.52830 3.63702 3.72277 3.79421 3.87236 4.27796 4.30005 4.30005 4.30005 4.30005 4.30005 4.35918 4.53226 4.72420 4.72665 4.73167 4.72696 3.63450 4.12740 4.32256
2.39106 2.17884 1.98063 1.98469 2.00299 2.03050 2.05005 2.04494 2.06622 2.05441 2.03477 2.02968 2.11033 2.13099 2.12905 2.13926 2.15880 2.21505 2.29549 2.35347 2.33306 2.33848 2.35336 2.54116 2.60662 2.62019 2.60724 2.78985 2.97950 2.97041 2.93234 2.89317 2.85498 2.82164 2.79603 2.78476 2.75168 2.75658 2.80146 3.09667 3.60386 3.48580 3.53152 3.58201 3.63357 4.00614 3.92879 3.92879 3.92879 3.92879 3.92879 4.19784 4.30071 4.30283 4.30504 4.30725 4.30946 4.33648 4.42224 4.73471 4.73471 4.73471 4.83145 3.76387 3.97614 4.32256
1.77727 1.77594 1.77951 1.85231 1.94447 1.94896 2.01089 2.00906 2.03580 2.03318 1.99663 1.99395 2.15469 2.26758 2.26758 2.26758 2.26758 2.29577 2.34652 2.41113 2.39390 2.34760 2.31442 2.39378 2.48268 2.47627 2.44441 2.44610 2.71001 2.68386 2.70085 2.74580 2.79569 2.84662 2.90390 2.98502 3.05578 3.11694 3.16548 3.27604 3.91307 3.69151 3.60795 3.60795 3.62378 3.86372 3.94265 3.93669 3.94115 3.94567 3.95015 4.13602 4.33278 4.33556 4.33830 4.34102 4.34375 4.34733 4.37070 4.73797 4.77364 4.76926 4.77905 4.23853 3.79375 4.46062
1.79124 1.78869 1.78612 1.80470 1.91496 1.88652 1.96280 1.96226 1.99137 2.02707 2.00248 1.99394 2.08137 2.26758 2.26758 2.26758 2.26758 2.28511 2.32258 2.40776 2.40111 2.30903 2.10279 2.13420 2.33962 2.46679 2.58111 2.66849 2.85845 2.89976 2.92280 2.92515 2.93361 2.94316 2.98416 3.06253 3.08723 3.08168 3.07411 3.06758 3.58217 3.58989 3.43887 3.46037 3.48849 3.58049 4.01252 4.02191 4.01859 4.01256 4.00650 4.09745 4.37220 4.36553 4.35883 4.35220 4.34553 4.33885 4.37230 4.53085 4.74904 4.74904 4.74062 4.52497 3.61790 4.43649
1.75895 1.77087 1.78373 1.78888 1.84186 1.85083 1.88643 1.91763 1.91976 1.97363 1.95746 1.93334 1.94681 2.19530 2.19475 2.19067 2.18659 2.18972 2.23395 2.34929 2.43418 2.49169 2.34955 2.38670 2.82471 2.94971 2.95594 2.95716 2.88263 2.86335 2.87963 2.89157 2.89310 2.89793 2.92259 3.04054 3.09626 3.13377 3.16817 3.20288 3.59741 3.87074 3.61437 3.61464 3.62093 3.64964 4.03184 4.14960 4.16084 4.17506 4.18937 4.21793 4.32569 4.32569 4.32569 4.32569 4.32569 4.32569 4.35573 4.33850 4.67745 4.64787 4.62674 4.65045 3.66848 4.26607
1.77746 1.79680 1.81654 1.83680 1.82253 1.80810 1.79908 1.87092 1.87092 1.91803 1.94189 1.92015 1.96870 2.27759 2.43078 2.52419 2.61894 2.71389 2.83139 2.88775 2.91650 2.92584 2.74081 2.63111 2.89021 3.17149 3.21702 3.23235 3.17885 3.10433 3.13495 3.17199 3.20910 3.24085 3.26699 3.36714 3.42035 3.41658 3.41658 3.41658 3.62207 4.10013 3.87813 3.79162 3.79162 3.80897 4.04794 4.32784 4.32569 4.32569 4.32880 4.34486 4.36233 4.37974 4.39610 4.38862 4.37799 4.36884 4.39022 4.40989 4.90216 4.91463 4.92753 4.97196 3.81271 2.90289
