results/OMI_NO2_200704.asc
ncols      200
nrows      200
xllcorner       120.258
yllcorner       41.1236
cellsize     0.0166667
NODATA_Value      -999.000
[rows 60 to 89 of 165, columns 0 to 65 of 200]
0.993649 0.971409 0.971409 0.971409 0.971433 0.971723 0.972087 0.968794 0.952921 0.935611 0.896753 0.975717 0.987202 1.02294 1.06804 1.04858 1.03577 1.06802 1.06923 1.03737 0.885700 0.897796 0.895583 0.951919 0.971895 0.960012 0.948642 0.936124 0.927466 0.938251 0.910381 0.902258 0.857770 0.858527 0.878224 0.933574 0.955834 0.977769 0.999548 1.06979 1.11551 1.17052 1.22664 1.27568 1.28578 1.28657 1.37012 1.30729 1.29702 1.28796 1.26993 1.22938 1.30019 1.36341 1.32201 1.32965 1.35210 1.37425 1.39359 1.41020 1.42042 1.41293 1.26889 1.24046 1.15019 1.04999
1.02577 0.974780 0.974665 0.973950 0.961672 0.943772 0.925792 0.911469 0.910314 0.918210 0.905889 0.969348 1.01199 1.03092 1.07728 1.06306 1.01699 1.02169 1.02371 1.01619 0.934493 0.929585 0.969116 0.999219 0.969992 0.960313 0.957056 0.957633 0.961243 1.00058 1.04256 1.05199 1.01525 1.00272 1.00692 1.03463 1.04735 1.04735 1.04735 1.07799 1.13030 1.15204 1.22639 1.25042 1.28578 1.28578 1.32928 1.33526 1.29954 1.30057 1.27863 1.26307 1.24651 1.37542 1.39489 1.42591 1.41194 1.39225 1.37462 1.36432 1.36057 1.36627 1.28375 1.24488 1.20973 1.12140
1.02988 0.959508 0.927213 0.908336 0.904330 0.910443 0.915964 0.921559 0.926614 0.926805 0.915522 0.937727 1.01786 1.01123 1.04774 1.06685 1.02542 1.02397 1.03495 1.05065 1.04363 0.968696 0.996746 1.00177 1.00584 0.978119 0.980801 0.980890 0.980903 1.01029 1.08191 1.08544 1.05571 1.00797 1.00710 1.01944 1.04735 1.04735 1.04735 1.05316 1.11494 1.10828 1.17693 1.18357 1.28707 1.29401 1.30512 1.37559 1.31655 1.31976 1.30912 1.30721 1.20904 1.28522 1.32983 1.36955 1.38739 1.39427 1.39934 1.39985 1.40020 1.40047 1.34512 1.26274 1.25735 1.16055
0.956029 0.938930 0.908534 0.919639 0.931158 0.940862 0.951271 0.961667 0.971579 0.981656 0.985227 0.948228 1.03830 1.04651 1.06151 1.11165 1.11031 1.10094 1.11192 1.11696 1.10308 1.01145 0.994839 1.00928 1.02716 0.983382 0.981083 0.981199 0.981302 0.984848 1.07430 1.08553 1.07048 1.02110 1.00619 1.00016 1.02716 1.02267 1.01499 1.01462 1.09057 1.11827 1.20114 1.22815 1.27556 1.28187 1.29113 1.36158 1.30535 1.28921 1.30561 1.34699 1.25596 1.22446 1.33904 1.37571 1.39816 1.40044 1.40049 1.40049 1.40049 1.40049 1.38326 1.26282 1.26274 1.19724
1.02599 1.03367 0.980446 0.982189 0.989484 1.00832 1.02830 1.04827 1.06872 1.08578 1.10546 1.07814 1.09943 1.12593 1.12049 1.17147 1.16791 1.12032 1.12065 1.11721 1.11250 1.05828 0.975494 1.00680 1.01738 1.00916 0.981318 0.981318 0.981318 0.981296 1.03974 1.07094 1.05805 1.00955 0.975642 0.977578 1.00827 1.03567 1.04659 1.05419 1.09078 1.11648 1.15600 1.20281 1.24246 1.30473 1.33891 1.38025 1.31146 1.27678 1.31232 1.44806 1.48864 1.43418 1.36688 1.36003 1.39113 1.40049 1.40049 1.40049 1.40049 1.39775 1.38988 1.26402 1.23803 1.20644
1.12785 1.12566 1.10498 1.09851 1.11421 1.11534 1.11641 1.12816 1.14824 1.16932 1.18575 1.14952 1.12896 1.14268 1.13157 1.15853 1.17258 1.13581 1.11679 1.11111 1.10500 1.07573 0.985701 0.997241 1.01666 1.03888 0.985000 0.978264 0.970567 0.964622 0.992254 1.05999 1.07418 1.06448 1.03251 1.03563 1.04486 1.07723 1.08035 1.09383 1.13179 1.19534 1.22745 1.25780 1.26051 1.32157 1.33917 1.45476 1.49550 1.49993 1.54174 1.59397 1.61209 1.47728 1.40736 1.32519 1.35662 1.36427 1.35820 1.35453 1.35103 1.35038 1.35493 1.27068 1.21389 1.20685
1.20951 1.16788 1.16021 1.12253 1.14189 1.16296 1.18296 1.19229 1.19329 1.19329 1.19329 1.18876 1.18437 1.20243 1.20147 1.19906 1.22781 1.20918 1.17264 1.17725 1.17098 1.14014 1.07608 1.01182 1.04444 1.05608 1.03852 1.02404 1.04915 1.07981 1.11214 1.22023 1.24511 1.23317 1.15088 1.11575 1.13095 1.17419 1.19475 1.19705 1.20002 1.25248 1.25508 1.30225 1.36723 1.47356 1.55768 1.59329 1.61782 1.54461 1.54112 1.57042 1.61209 1.53474 1.44860 1.34745 1.36871 1.39798 1.41106 1.40514 1.39716 1.40098 1.40591 1.35556 1.24767 1.22750
1.24567 1.22395 1.23589 1.20786 1.19329 1.19329 1.19329 1.19329 1.19329 1.19561 1.20216 1.20640 1.21181 1.22515 1.23867 1.23494 1.26487 1.25931 1.20448 1.16827 1.14017 1.12880 1.10631 1.03117 1.09043 1.13060 1.18087 1.15269 1.15338 1.14738 1.14634 1.21871 1.27528 1.28512 1.24986 1.16254 1.16267 1.17617 1.18605 1.19656 1.23468 1.32033 1.37508 1.41383 1.44090 1.44577 1.52531 1.53543 1.61315 1.58117 1.57061 1.57907 1.64919 1.63070 1.47436 1.41073 1.34371 1.39623 1.40073 1.39747 1.38991 1.35802 1.29623 1.21188 1.03542 1.00715
1.35168 1.33399 1.30195 1.28919 1.25121 1.25956 1.26950 1.27707 1.28216 1.28460 1.28206 1.28327 1.27852 1.27093 1.27687 1.25992 1.24936 1.25274 1.23724 1.20797 1.19112 1.21206 1.22333 1.17715 1.14266 1.17331 1.19413 1.18637 1.19409 1.21300 1.22474 1.25145 1.27597 1.26254 1.22229 1.12606 1.13952 1.18181 1.26210 1.29067 1.29075 1.32173 1.35499 1.36996 1.43029 1.43029 1.50179 1.52598 1.58640 1.59733 1.56974 1.56017 1.61047 1.63772 1.53365 1.51195 1.42672 1.36256 1.26639 1.19827 1.16482 1.14112 1.13820 1.14650 1.04588 1.03931
1.45172 1.45087 1.37943 1.37470 1.30277 1.28359 1.27145 1.26038 1.24476 1.22870 1.21288 1.19732 1.19182 1.17978 1.18566 1.17885 1.24992 1.29087 1.29178 1.25276 1.20892 1.22635 1.24368 1.21672 1.16731 1.21484 1.23325 1.23814 1.19890 1.19087 1.18794 1.19394 1.26254 1.30491 1.33751 1.31395 1.25550 1.25550 1.27929 1.29075 1.29075 1.30483 1.35250 1.34520 1.39444 1.38921 1.42675 1.51388 1.52856 1.58664 1.57105 1.60135 1.64209 1.64767 1.54190 1.42730 1.33264 1.23552 1.19560 1.12776 1.12291 1.13806 1.16425 1.19305 1.14362 1.08860
1.45989 1.39730 1.30806 1.26389 1.21941 1.18061 1.17234 1.16450 1.15933 1.15456 1.14969 1.14599 1.15137 1.17048 1.20533 1.21167 1.25338 1.30283 1.28656 1.21893 1.13648 1.11248 1.11133 1.12297 1.13525 1.17626 1.20162 1.22495 1.21747 1.25622 1.30260 1.34696 1.39285 1.39881 1.39243 1.35606 1.25796 1.25510 1.25830 1.27303 1.26310 1.25419 1.30036 1.29156 1.31405 1.32523 1.34864 1.55555 1.64777 1.66551 1.58258 1.52618 1.49829 1.39428 1.38301 1.35756 1.34543 1.24582 1.23113 1.20632 1.21491 1.22284 1.22284 1.22284 1.18358 1.08860
1.46309 1.42730 1.33054 1.22644 1.21536 1.15643 1.14929 1.14547 1.14535 1.14378 1.14221 1.13933 1.13815 1.14678 1.15991 1.11911 1.10829 1.18053 1.16723 1.14620 1.09457 1.07877 1.10122 1.12297 1.13275 1.19699 1.28452 1.35899 1.38600 1.35844 1.35844 1.35844 1.37932 1.39511 1.38502 1.34576 1.25659 1.21383 1.21572 1.24235 1.24314 1.24235 1.29856 1.36003 1.44514 1.56060 1.57203 1.67768 1.78062 1.63691 1.52372 1.51126 1.51126 1.39670 1.35063 1.30591 1.26762 1.30577 1.29533 1.27060 1.22284 1.22284 1.22284 1.22284 1.21819 1.17928
1.47443 1.44943 1.32166 1.22581 1.19698 1.15381 1.12996 1.12763 1.12603 1.12591 1.12044 1.09568 1.06673 1.05681 1.07024 1.05183 1.05073 1.13252 1.16466 1.16199 1.10867 1.09877 1.14877 1.21485 1.24632 1.26674 1.31853 1.37336 1.39819 1.35414 1.34023 1.33593 1.34038 1.38257 1.38790 1.37960 1.33963 1.25403 1.25806 1.28983 1.32196 1.34804 1.38246 1.40993 1.42958 1.49986 1.49222 1.52783 1.73152 1.71067 1.50389 1.45283 1.42185 1.33694 1.28311 1.27627 1.25505 1.26869 1.31253 1.28710 1.23269 1.22072 1.22027 1.21856 1.21133 1.20377
1.43575 1.40527 1.31357 1.24952 1.17249 1.15258 1.09753 1.07313 1.04227 1.01167 0.986374 0.979599 0.977927 0.986274 1.01019 1.01403 1.00418 1.05187 1.16117 1.19777 1.20283 1.15316 1.15547 1.18731 1.20115 1.21269 1.24020 1.29695 1.33307 1.33554 1.31777 1.30681 1.28105 1.28974 1.27579 1.28839 1.30706 1.27647 1.27783 1.26382 1.25969 1.24223 1.24571 1.29735 1.36232 1.47407 1.47471 1.44378 1.57490 1.59117 1.41400 1.35700 1.36000 1.32890 1.23875 1.23177 1.20203 1.19229 1.23545 1.21139 1.17929 1.12975 1.12400 1.11916 1.11344 1.10767
1.40686 1.32473 1.27164 1.19673 1.07893 1.03949 0.969050 0.954592 0.954592 0.954592 0.954592 0.954592 0.954592 0.956989 0.998136 1.06377 1.08829 1.12745 1.23880 1.25580 1.25112 1.18859 1.18683 1.22623 1.25293 1.25766 1.26600 1.25794 1.28699 1.28961 1.22902 1.23703 1.26801 1.32053 1.34773 1.32999 1.30858 1.24746 1.20732 1.20393 1.21357 1.20793 1.18420 1.18948 1.18705 1.20401 1.17756 1.15344 1.18234 1.29235 1.24947 1.20528 1.27329 1.27325 1.19321 1.18277 1.17003 1.15752 1.17781 1.19956 1.17499 1.11216 1.10771 1.11455 1.12994 1.16443
1.39698 1.23556 1.17528 1.09453 1.04770 1.00519 0.982886 0.954592 0.954605 0.957969 0.978439 1.02527 1.07263 1.11893 1.13685 1.17228 1.15704 1.15840 1.23881 1.30274 1.30652 1.22957 1.18083 1.16707 1.16949 1.15143 1.15547 1.17173 1.24862 1.25568 1.24507 1.23357 1.20587 1.18626 1.22697 1.21727 1.20292 1.17531 1.09971 1.06672 1.03684 1.01468 0.998228 1.01919 1.04840 1.11316 1.12413 1.12413 1.12999 1.26996 1.29441 1.18225 1.27197 1.27345 1.22122 1.18447 1.17413 1.12962 1.10375 1.14600 1.20514 1.22724 1.22548 1.23188 1.23419 1.21477
1.33021 1.20206 1.18813 1.11368 1.10334 1.03065 1.03616 1.02830 1.07321 1.11737 1.14455 1.14620 1.14878 1.15172 1.15579 1.18207 1.19500 1.20509 1.23018 1.22348 1.19872 1.16016 1.10442 1.10971 1.10961 1.10379 1.10644 1.08136 1.07952 1.11053 1.10887 1.13035 1.12994 1.12906 1.12571 1.12318 1.10072 1.07821 0.999087 0.981264 0.982547 0.997112 0.997476 1.00943 1.03548 1.10958 1.14980 1.17915 1.20958 1.25700 1.29662 1.22086 1.23806 1.24311 1.19430 1.11346 1.12619 1.11229 1.09895 1.14015 1.26810 1.24529 1.20201 1.20162 1.19253 1.17567
1.32707 1.28646 1.24091 1.20258 1.22081 1.19708 1.20855 1.17738 1.15349 1.15615 1.16141 1.18061 1.20043 1.22015 1.23962 1.24845 1.22336 1.20308 1.20172 1.16209 1.16081 1.15767 1.09222 1.09795 1.10318 1.10780 1.10882 1.06384 1.02628 1.09560 1.10312 1.11315 1.10291 1.08231 1.05584 1.05381 1.05381 1.05381 1.02243 0.981264 0.981290 1.00316 1.02872 1.05339 1.11928 1.21696 1.25426 1.25158 1.24366 1.22097 1.20556 1.17211 1.15689 1.25072 1.26598 1.24197 1.23570 1.16478 1.06838 1.07046 1.19947 1.22437 1.17719 1.14392 1.13619 1.13619
1.35910 1.45035 1.43058 1.41428 1.34850 1.32440 1.26043 1.26578 1.22155 1.24129 1.25757 1.26189 1.26318 1.26384 1.26747 1.27161 1.21438 1.21262 1.22139 1.20799 1.19236 1.20168 1.13897 1.11319 1.11052 1.10871 1.10882 1.09644 1.02353 1.03926 1.04257 1.03227 1.05309 1.05322 1.04944 1.05209 1.05825 1.07820 1.09416 1.04759 1.07122 1.09764 1.07921 1.06485 1.08648 1.11893 1.14344 1.12993 1.10791 1.09829 1.10328 1.12662 1.13538 1.23647 1.22099 1.22490 1.22091 1.17044 0.980417 0.929221 1.00741 1.16987 1.15998 1.12730 1.12456 1.12203
1.51048 1.61850 1.55340 1.56096 1.45949 1.47048 1.34858 1.31403 1.25821 1.25183 1.25318 1.25157 1.25085 1.25305 1.26373 1.27822 1.25092 1.24976 1.25509 1.25067 1.20484 1.20412 1.16796 1.11319 1.11059 1.09964 1.09750 1.09321 1.03565 1.00840 1.02640 1.02800 1.05998 1.08754 1.10809 1.13549 1.18111 1.19394 1.17652 1.13399 1.12297 1.11947 1.01380 0.994001 1.00315 1.03695 1.08199 1.08399 1.07284 1.06657 1.06451 1.08819 1.09406 1.16017 1.12218 1.07519 1.04152 1.03523 0.939195 0.889843 0.900884 1.10614 1.11529 1.08877 1.07535 1.06919
1.48086 1.68037 1.61668 1.55966 1.43239 1.39803 1.32901 1.26265 1.26550 1.26911 1.28110 1.29797 1.31497 1.32979 1.33699 1.34045 1.31630 1.28440 1.29202 1.29406 1.26441 1.24303 1.23198 1.13733 1.13367 1.12720 1.13221 1.13760 1.12787 1.09216 1.14233 1.19591 1.23412 1.28212 1.30922 1.34456 1.39049 1.40736 1.31586 1.28679 1.22214 1.20918 1.12976 1.06609 1.05314 1.03112 1.03129 1.04527 1.04630 1.03019 0.989679 0.959171 0.941318 0.981896 1.02672 1.01229 1.01424 1.01122 0.966580 0.863093 0.860389 0.989177 1.10138 1.09090 1.06580 1.06067
1.39612 1.78699 1.76869 1.67208 1.57980 1.50511 1.50163 1.37970 1.39004 1.40432 1.40955 1.40955 1.40955 1.40955 1.40955 1.40955 1.40167 1.33319 1.33577 1.32980 1.31277 1.27608 1.27657 1.21917 1.21200 1.23542 1.27112 1.30473 1.32739 1.30031 1.34994 1.38904 1.40086 1.43857 1.44892 1.43899 1.47732 1.45914 1.35721 1.30271 1.21488 1.20719 1.18428 1.07410 1.07637 1.04292 1.00519 0.974248 0.937872 0.912846 0.912210 0.912253 0.940446 0.962985 1.03460 1.01947 1.02156 1.02357 1.01848 0.887820 0.870319 0.896366 1.08083 1.07926 1.04856 1.02848
1.18098 1.69031 1.81046 1.70681 1.67210 1.56182 1.56994 1.46497 1.40955 1.40955 1.40955 1.40955 1.40820 1.39811 1.38240 1.36630 1.35021 1.28371 1.27193 1.27880 1.29934 1.31211 1.31035 1.31412 1.37538 1.39182 1.41372 1.40826 1.42067 1.39515 1.40544 1.42757 1.44033 1.44623 1.44872 1.45368 1.46574 1.46721 1.42053 1.33072 1.27564 1.23069 1.19438 1.03066 0.955397 0.906538 0.899845 0.905701 0.914165 0.914165 0.914165 0.914165 0.929375 0.945759 1.01440 1.00901 0.995041 0.994523 0.996549 0.930574 0.878931 0.882375 1.00804 1.06211 1.04649 1.05243
1.17782 1.50734 1.83411 1.79970 1.74293 1.57652 1.55691 1.50820 1.37811 1.36804 1.35386 1.33775 1.32301 1.31940 1.33632 1.35110 1.36423 1.34157 1.32095 1.36301 1.42405 1.47467 1.44513 1.50793 1.64902 1.71967 1.62291 1.50834 1.50743 1.50308 1.47662 1.53902 1.58684 1.60382 1.62299 1.64210 1.54684 1.44471 1.41692 1.25138 1.18331 1.06469 1.05158 0.989661 0.911375 0.905604 0.899845 0.901872 0.914165 0.914165 0.914165 0.914165 0.899093 0.921104 0.972931 1.01545 1.00563 1.00905 1.00501 0.980485 0.911891 0.955249 1.04322 1.22777 1.26898 1.22796
1.24309 1.26868 1.78482 1.82061 1.66592 1.57603 1.55711 1.56304 1.42690 1.40163 1.41301 1.42621 1.43903 1.45105 1.49157 1.55326 1.61664 1.66775 1.72159 1.79989 1.85073 1.91687 1.72117 1.74682 1.82255 1.90019 1.80318 1.67052 1.59816 1.60884 1.58454 1.63755 1.66300 1.67243 1.66302 1.61487 1.51442 1.28229 1.25208 1.17554 1.14327 1.06815 1.05158 1.03941 0.914011 0.908801 0.899845 0.899846 0.912451 0.918958 0.927497 0.935993 0.927414 0.936471 0.969351 1.02296 1.02560 1.02785 1.03541 1.06041 1.06945 1.06526 1.06800 1.22778 1.29144 1.29631
1.49731 1.15813 1.64154 1.83273 1.65363 1.61039 1.58156 1.56231 1.50330 1.49479 1.55816 1.62153 1.68490 1.74791 1.79436 1.83601 1.88024 1.92154 1.93416 1.97920 2.02351 2.09114 1.93200 1.84875 1.84290 1.93825 1.87016 1.74972 1.61492 1.61236 1.59882 1.57265 1.54892 1.52692 1.48391 1.47967 1.47876 1.27786 1.25193 1.21008 1.14327 1.10228 1.05158 1.04998 0.947663 0.923271 0.926006 0.941831 0.964563 0.970124 0.965360 0.960784 0.965936 0.965384 1.01491 1.10533 1.13934 1.14319 1.08041 1.08054 1.07513 1.06859 1.07052 1.18169 1.36981 1.36499
1.83142 1.12221 1.36807 1.76948 1.78322 1.71204 1.73697 1.80832 1.87270 1.77933 1.80538 1.84962 1.89383 1.93625 1.95107 1.95366 1.95902 1.96662 1.96661 2.00282 2.04625 2.03922 2.04709 1.82384 1.82384 1.90649 1.92007 1.75207 1.59896 1.49639 1.44672 1.40239 1.43047 1.47041 1.47967 1.47967 1.47967 1.34999 1.24587 1.20148 1.09828 1.06666 0.956553 0.929211 0.953631 1.00620 0.976684 0.956615 0.960279 0.989779 1.00931 1.02663 1.03638 1.00792 1.02273 1.07677 1.10594 1.14520 1.06188 1.05962 1.05559 1.03890 1.03577 1.04651 1.28971 1.31903
1.79751 1.28124 1.12764 2.25565 2.26369 2.04160 1.95359 2.00327 2.04922 1.99990 1.95366 1.95366 1.95499 1.96131 1.96121 1.96100 1.94964 1.93614 1.93464 1.94122 2.02096 2.02019 2.10480 1.81094 1.75904 1.73956 1.75657 1.60085 1.54280 1.43015 1.43060 1.41422 1.42499 1.43374 1.42493 1.38602 1.34768 1.26097 1.06216 1.04358 1.02875 1.00362 0.957149 0.940345 0.946787 1.03011 1.03150 0.990314 0.983806 0.993411 0.991270 0.991238 0.991861 0.985324 0.976085 1.02740 1.08407 1.10618 1.06261 1.03748 1.03542 1.02232 1.01588 1.01478 1.15490 1.30350
1.79751 1.61604 1.20547 2.09590 2.55872 2.28416 2.13612 2.10511 2.10511 2.08016 1.95607 1.95558 1.95367 1.94633 1.94624 1.94624 1.91915 1.88698 1.88698 1.88698 1.93020 1.90557 1.90137 1.72673 1.59119 1.59403 1.68695 1.62384 1.55632 1.41566 1.35837 1.32556 1.25271 1.22156 1.24325 1.23325 1.21811 1.19120 0.998391 0.974071 0.976622 0.994942 1.01013 1.01946 1.03143 1.07097 1.08863 1.00763 0.981915 0.998990 1.01062 1.02121 1.03117 1.03940 1.01484 1.05229 1.06451 1.06674 1.07444 1.02456 1.02456 1.02226 1.02832 1.04588 1.09961 1.37842
0.00000 1.79751 1.72764 1.87052 2.67022 2.39809 2.20992 2.11317 2.11889 2.11861 1.98175 1.94624 1.94624 1.94624 1.94624 1.94624 1.94131 1.88170 1.86246 1.84260 1.88015 1.96103 1.99523 1.89457 1.63280 1.65547 1.61829 1.49251 1.38257 1.29885 1.22029 1.20777 1.17177 1.15106 1.15143 1.15237 1.14631 1.17862 1.09290 1.04495 1.05688 1.06405 1.07301 1.06691 1.07489 1.09875 1.16278 1.09384 1.06214 1.06194 1.06061 1.06061 1.06061 1.06061 1.04132 1.04000 1.06366 1.08017 1.11908 1.07462 1.09565 1.12096 1.11750 1.11738 1.12487 1.23733
