results/OMI_NO2_201005.asc
ncols      200
nrows      200
xllcorner       120.258
yllcorner       41.1236
cellsize     0.0166667
NODATA_Value      -999.000
[rows 58 to 86 of 166, columns 67 to 133 of 200]
2.12957 2.12957 2.12957 2.12957 2.15247 2.34468 2.34619 2.33317 2.31803 2.30288 2.42533 2.50433 2.50433 2.50129 2.41964 2.25957 2.09243 1.92546 1.79210 1.75815 1.75815 1.75815 1.75815 1.75815 1.75762 1.73029 1.72733 2.15027 3.12408 3.12408 3.12408 3.09053 2.93308 3.27000 3.39022 3.39022 3.39022 3.42112 3.49445 3.56796 3.64149 3.67873 3.65627 3.63297 3.86013 5.16678 5.15691 5.15691 5.15691 5.15691 5.15691 5.15691 5.15691 5.12851 4.09536 3.88245 3.82375 3.82375 3.82375 3.82375 3.82375 3.82375 3.82375 3.48174 3.41194 3.67671 3.82375
2.46137 2.46137 2.46137 2.46137 3.42070 3.76719 3.76719 3.76719 3.76719 3.95724 5.07301 5.07301 5.07301 5.07301 5.07301 5.07301 5.07301 0.00000 0.00000 1.34365 1.34365 1.34365 1.34365 1.33484 1.20537 1.03835 0.870996 0.703809 0.550046 0.520068 0.520068 0.520068 0.520068 0.520068 0.520068 0.520068 0.520068 0.520068 0.520068 0.520068 0.520068 0.00000 0.00000 0.00000 0.00000 0.00000 0.00000 0.00000 0.00000 0.00000 0.00000 0.00000 0.00000 0.797092 0.797092 0.797092 0.797092 0.797092 0.797092 0.797092 0.797092 0.797092 0.797092 0.797092 0.797092 0.797092 0.797092
2.46137 2.46137 2.46137 2.46137 2.87300 3.77157 3.93795 4.18500 4.43191 4.68678 5.08898 5.07301 5.07301 5.07301 5.07301 5.07301 5.07301 0.00000 0.00000 1.34039 1.05479 0.883679 0.716245 0.558035 0.520068 0.520068 0.520068 0.520068 0.520068 0.520068 0.520068 0.520068 0.520068 0.520068 0.520068 0.520068 0.520068 0.520068 0.520068 0.520068 0.520068 0.00000 0.00000 0.00000 0.00000 0.00000 0.00000 0.00000 0.797092 0.797092 0.797092 0.797092 0.797092 0.797092 0.797092 0.797092 0.797092 0.797092 0.797092 0.797092 0.797092 0.797092 0.797092 0.797092 0.797092 0.797092 0.797092
2.62173 3.10668 3.60050 4.09460 4.58898 5.07368 5.15434 5.15434 5.15434 5.15434 5.12557 5.07301 5.07301 5.07301 5.07301 5.07301 5.07301 0.00000 0.00000 0.00000 0.520068 0.520068 0.520068 0.520068 0.520068 0.520068 0.520068 0.520068 0.520068 0.520068 0.520068 0.520068 0.520068 0.520068 0.520068 0.520068 0.520068 0.520068 0.520068 0.520068 0.520068 0.520068 0.00000 0.00000 0.00000 0.00000 0.797092 0.797092 0.797092 0.797092 0.797092 0.797092 0.797092 0.797092 0.797092 0.797092 0.797092 0.797092 0.797092 0.797092 0.797092 0.797092 0.797092 0.797092 0.797092 0.797092 0.797092
5.22652 5.23567 5.23567 5.23567 5.23567 5.18920 5.15434 5.15434 5.15434 5.15434 5.14740 5.07316 5.07301 5.07301 5.07301 5.07301 5.07301 0.00000 0.00000 0.00000 0.520068 0.520068 0.520068 0.520068 0.520068 0.520068 0.520068 0.520068 0.520068 0.520068 0.520068 0.520068 0.520068 0.520068 0.520068 0.520068 0.520068 0.520068 0.520068 0.520068 0.520068 0.520068 0.00000 0.00000 0.00000 0.00000 0.00000 0.797092 0.797092 0.797092 0.797092 0.797092 0.797092 0.797092 0.797092 0.797092 0.797092 0.797092 0.797092 0.797092 0.797092 0.797092 0.797092 0.797092 0.797092 0.797092 0.797092
5.23567 5.23567 5.23567 5.23567 5.23567 5.22758 5.15756 5.16398 5.17564 5.19071 5.21099 5.22495 0.00000 0.00000 0.00000 0.00000 0.00000 0.00000 0.00000 0.00000 0.520068 0.520068 0.520068 0.520068 0.520068 0.520068 0.520068 0.520068 0.520068 0.520068 0.520068 0.520068 0.520068 0.520068 0.520068 0.520068 0.894530 1.77298 1.49127 0.520068 0.520068 0.520068 0.00000 0.00000 0.00000 0.00000 0.00000 0.797092 0.797092 0.797092 0.797092 0.797092 0.797092 0.797092 0.797092 0.797092 0.797092 0.797092 0.797092 0.797092 0.797092 0.797092 0.797092 0.797092 0.797092 0.797092 0.797092
5.23567 5.24313 5.33809 5.42851 5.49513 5.54621 5.42339 5.23567 5.23567 5.23567 5.23567 5.23567 0.00000 0.00000 0.00000 0.00000 0.00000 0.00000 0.00000 0.00000 0.00000 0.520068 0.520068 0.520068 0.520068 0.520068 0.520068 0.520068 0.520068 0.520068 0.520068 0.520068 0.735798 1.62197 2.27471 2.73813 2.99302 3.19133 3.26145 0.530025 0.520068 0.520068 0.00000 0.00000 0.00000 0.00000 0.00000 0.797092 0.797092 0.797092 0.797092 0.797092 0.797092 0.797092 0.797092 0.797092 0.797092 0.797092 0.797092 0.797092 0.797092 0.797092 0.797092 0.797092 0.797092 0.825885 0.986983
5.53546 5.57609 5.58476 5.58476 5.58476 5.58476 5.54170 5.23567 5.23567 5.23567 5.23567 5.23567 5.23567 0.00000 0.00000 0.00000 0.00000 0.00000 0.00000 0.00000 0.00000 0.520068 0.520068 0.520068 0.520068 0.520068 0.520068 0.520068 0.616585 1.45776 2.16256 2.65988 3.14393 3.49550 3.90842 4.45441 5.18760 5.46672 5.46672 5.46672 0.00000 0.00000 0.00000 0.00000 0.00000 0.00000 0.00000 0.00000 0.797092 0.797092 0.797092 0.797092 0.797092 0.797092 0.797092 0.797092 0.797092 0.797092 0.797092 0.797092 0.797251 0.892830 1.07035 1.24778 1.42514 1.57395 1.59029
5.58476 5.58476 5.58476 5.58476 5.58476 5.58476 5.58464 5.33946 5.23567 5.23567 5.23567 5.23567 5.23567 0.00000 0.00000 0.00000 0.00000 0.00000 0.00000 0.00000 0.00000 0.00000 0.520068 0.520068 0.543698 1.27996 2.04296 2.72623 3.41078 3.87669 4.41292 5.13965 5.46672 5.46672 5.46672 5.46672 5.46672 5.46672 5.46672 5.46672 0.00000 0.00000 0.00000 0.00000 0.00000 0.00000 0.00000 0.00000 0.797092 0.797092 0.797092 0.797092 0.797092 0.797092 0.797092 0.797092 0.820095 0.976354 1.15371 1.33107 1.50859 1.59029 1.59029 1.59029 1.59029 1.59029 1.59029
5.58476 5.58476 5.58476 5.58476 5.58476 5.58476 5.58476 5.48841 5.23567 5.14034 4.88315 4.62289 4.31245 0.00000 0.00000 0.00000 0.00000 0.00000 0.00000 0.00000 0.00000 5.46672 3.19193 2.93016 3.74595 4.37170 5.08888 5.46672 5.46672 5.46672 5.46672 5.46672 5.46672 5.46672 5.46672 5.46672 5.46672 5.46672 5.46672 5.46672 5.46672 0.00000 0.00000 0.00000 0.00000 0.00000 0.00000 0.00000 0.00000 0.797092 0.797092 0.797092 0.882281 1.05964 1.23716 1.41451 1.56895 1.59029 1.59029 1.59029 1.59029 1.59029 1.59029 1.59029 1.59029 1.59029 1.59029
5.58476 5.58476 5.58476 5.56992 5.45734 5.32742 5.19744 5.03568 4.00199 3.77617 3.77353 3.77353 3.77353 3.77353 0.00000 0.00000 0.00000 5.46672 5.46672 5.46672 5.46672 5.46672 5.46672 5.46672 5.46672 5.46672 5.46672 5.46672 5.46672 5.46672 5.46672 5.46672 5.46672 5.46672 5.46672 5.46672 5.46672 5.46672 5.46672 5.46672 5.46672 0.00000 0.00000 0.00000 0.00000 0.00000 0.00000 0.00000 0.00000 0.978610 1.31995 1.49796 1.59029 1.59029 1.59029 1.59029 1.59029 1.59029 1.59029 1.59029 1.59029 1.59029 1.59029 1.59029 1.59029 1.59029 1.59029
5.24642 5.11636 4.98645 4.87131 4.85369 4.85369 4.85369 4.85369 4.33905 3.77353 3.77353 3.77353 3.77353 3.77353 0.00000 0.00000 0.00000 5.46672 5.46672 5.46672 5.46672 5.46672 5.46672 5.46672 5.46672 5.46672 5.46672 5.46672 5.46672 5.46672 5.46672 5.46672 5.46672 5.46672 5.46672 5.46672 5.46672 5.46672 5.46672 5.46672 5.46672 5.46672 0.00000 0.00000 0.00000 0.00000 0.00000 0.00000 0.00000 0.00000 1.59029 1.59029 1.59029 1.59029 1.59029 1.59029 1.59029 1.59029 1.59029 1.59029 1.59029 1.59029 1.59029 1.59029 1.59029 1.59029 1.59029
4.85369 4.85369 4.85369 4.85369 4.85369 4.85369 4.85369 4.85369 4.69804 3.77353 3.77353 3.77353 3.77353 3.77353 0.00000 0.00000 0.00000 5.46672 5.46672 5.46672 5.46672 5.46672 5.46672 5.46672 5.46672 5.46672 5.46672 5.46672 5.46672 5.46672 5.46672 5.46672 5.46672 5.46672 5.46672 5.46672 5.46672 5.46672 5.46672 5.54545 5.93542 6.43534 0.00000 0.00000 0.00000 0.00000 0.00000 0.00000 0.00000 0.00000 1.59029 1.59029 1.59029 1.59029 1.59029 1.59029 1.59029 1.59029 1.59029 1.59029 1.59029 1.59029 1.59029 1.59029 1.59029 1.59029 1.59029
4.85369 4.85369 4.85369 4.85369 4.85347 4.82360 4.77295 4.72232 4.66920 3.98515 3.77353 3.77353 3.77353 3.77353 3.77353 0.00000 0.00000 5.46672 5.46672 5.46672 5.46672 5.46672 5.46672 5.46672 5.46672 5.46672 5.46672 5.46672 5.46672 5.46672 5.46672 5.46672 5.46672 5.46672 5.46672 5.50232 5.85108 6.27312 6.69516 7.03831 7.07022 7.07022 7.07022 0.00000 0.00000 0.00000 0.00000 0.00000 0.00000 0.00000 1.59029 1.59029 1.59029 1.59029 1.59029 1.59029 1.59029 1.59029 1.59029 1.59029 1.59029 1.59029 1.59029 1.59029 1.59029 1.59029 1.59029
4.83515 4.78505 4.73442 4.68383 4.63336 4.61260 4.61260 4.61260 4.61260 4.35528 3.77353 3.77353 3.77353 3.77353 3.77353 0.00000 0.00000 5.46672 5.46672 5.46672 5.46672 5.46672 5.46672 5.46672 5.46672 5.46672 5.46672 5.46672 5.46672 5.46672 5.46672 5.47586 5.76593 6.18781 6.61001 6.99710 7.07022 7.07022 7.07022 7.07022 7.07022 7.07022 7.07022 0.00000 0.00000 0.00000 0.00000 0.00000 0.00000 0.00000 0.00000 1.59029 1.59029 1.59029 1.59029 1.59029 1.59029 1.59029 1.59029 1.59029 1.59029 1.59029 1.59029 1.59029 1.59029 1.59029 1.59029
4.61313 4.61260 4.61260 4.61260 4.61260 4.61260 4.61260 4.61260 4.61260 4.57011 3.80175 3.77353 3.77353 3.77353 3.77353 3.77353 0.00000 5.46672 5.46672 5.46672 5.46672 5.46672 5.46672 5.46672 5.46672 5.46672 5.46672 5.46672 5.68111 6.10347 6.52551 6.93825 7.07022 7.07022 7.07022 7.07022 7.07022 7.07022 7.07022 7.07022 7.07022 7.07022 7.07022 0.00000 0.00000 0.00000 0.00000 0.00000 0.00000 0.00000 0.00000 1.59029 1.59029 1.59029 1.59029 1.59029 1.59029 1.59029 1.59029 1.59029 1.59029 1.59029 1.59029 1.59029 1.59029 0.00000 0.00000
4.61260 4.61260 4.61260 4.61260 4.61260 4.61260 4.61260 4.61260 4.61260 4.61260 4.17153 3.77353 3.81539 4.08108 4.37908 4.91209 0.00000 5.46672 5.46672 5.46672 5.46672 5.46672 5.46672 5.46672 5.60414 6.01816 6.44020 6.86224 7.07022 7.07022 7.07022 7.07022 7.07022 7.07022 7.07022 7.07022 7.07022 7.07022 7.07022 7.07022 7.07022 7.07022 7.07022 7.07022 0.00000 0.00000 0.00000 0.00000 0.00000 0.00000 0.00000 0.00000 1.59029 1.59029 1.59029 1.59029 1.59029 1.59029 1.59029 1.59029 0.00000 0.00000 0.00000 0.00000 0.00000 0.00000 0.00000
4.61260 4.61260 4.61260 4.61260 4.61260 4.61260 4.61411 4.70870 4.85778 5.00686 5.10397 5.15857 5.41488 5.44769 5.44769 5.44769 0.00000 5.46672 5.46672 5.46672 5.54401 5.93318 6.35570 6.77790 7.06236 7.07022 7.07022 7.07022 7.07022 7.07022 7.07022 7.07022 7.07022 7.07022 7.07022 7.07022 7.07022 7.07022 7.07022 7.07022 7.07022 7.07022 7.07022 7.07022 0.00000 0.00000 0.00000 0.00000 0.00000 0.00000 0.00000 0.00000 1.59029 1.59029 1.59029 1.59029 0.00000 0.00000 0.00000 0.00000 0.00000 0.00000 0.00000 0.00000 0.00000 0.00000 0.00000
4.61260 4.65529 4.80019 4.94919 5.09836 5.24744 5.39510 5.44968 5.44968 5.44968 5.44967 5.44807 5.44769 5.44769 5.44769 5.44769 5.44769 5.84867 6.27055 6.69243 7.03734 7.07022 7.07022 7.07022 7.07022 7.07022 7.07022 7.07022 7.07022 7.07022 7.07022 7.07022 7.07022 7.07022 7.07022 7.07022 7.07022 7.07022 7.07022 7.07022 7.07022 7.07022 7.07022 7.07022 7.07022 0.00000 0.00000 0.00000 0.00000 0.00000 0.00000 0.00000 0.00000 0.00000 0.00000 0.00000 0.00000 0.00000 0.00000 0.00000 0.00000 0.00000 0.00000 0.00000 0.00000 0.00000 0.00000
5.33893 5.44533 5.44968 5.44968 5.44968 5.44968 5.44968 5.44968 5.44968 5.44968 5.44968 5.44898 5.44769 5.44769 5.44769 5.44769 5.44769 7.07022 7.07022 7.07022 7.07022 7.07022 7.07022 7.07022 7.07022 7.07022 7.07022 7.07022 7.07022 7.07022 7.07022 7.07022 7.07022 7.07022 7.07022 7.07022 7.07022 7.07022 7.07022 7.07022 7.07022 7.07022 7.07022 7.07022 7.07022 0.00000 0.00000 0.00000 0.00000 0.00000 0.00000 0.00000 0.00000 0.00000 0.00000 0.00000 0.00000 0.00000 0.00000 0.00000 0.00000 0.00000 0.00000 0.00000 0.00000 0.00000 0.00000
5.44968 5.44968 5.44968 5.44968 5.44968 5.44968 5.44968 5.44968 5.49737 5.62571 5.75522 5.86735 5.45485 5.44769 5.44769 5.44769 5.44769 7.07022 7.07022 7.07022 7.07022 7.07022 7.07022 7.07022 7.07022 7.07022 7.07022 7.07022 7.07022 7.07022 7.07022 7.07022 7.07022 7.07022 7.07022 7.07022 7.07022 7.07022 7.07022 7.07022 7.07022 7.07022 7.07022 0.00000 0.00000 0.00000 0.00000 0.00000 0.00000 0.00000 0.00000 0.00000 0.00000 0.00000 0.00000 0.00000 0.00000 0.00000 0.00000 0.00000 0.00000 0.00000 0.00000 0.00000 0.00000 0.00000 0.00000
5.44968 5.44968 5.44968 5.47566 5.59645 5.72603 5.85554 5.98512 6.06688 6.06818 6.06818 6.06818 5.70580 5.44769 5.44769 5.44769 5.44769 7.07022 7.07022 7.07022 7.07022 7.07022 7.07022 7.07022 7.07022 7.07022 7.07022 7.07022 7.07022 7.07022 7.07022 7.07022 7.07022 7.07022 7.07022 7.07022 7.07022 7.07022 7.07022 0.00000 0.00000 0.00000 0.00000 0.00000 0.00000 0.00000 0.00000 0.00000 0.00000 0.00000 0.00000 0.00000 0.00000 0.00000 0.00000 0.00000 0.00000 0.00000 0.00000 0.00000 0.00000 0.00000 0.00000 0.00000 0.00000 6.62875 6.62875
5.69677 5.82635 5.95592 6.05946 6.06818 6.06818 6.06818 6.06818 6.06818 6.06818 6.06818 6.06818 5.93806 5.44769 5.44769 5.44769 5.44769 7.07022 7.07022 7.07022 7.07022 7.07022 7.07022 7.07022 7.07022 7.07022 7.07022 7.07022 7.07022 7.07022 7.07022 7.07022 7.07022 7.07022 7.07022 0.00000 0.00000 0.00000 0.00000 0.00000 0.00000 0.00000 0.00000 0.00000 0.00000 0.00000 0.00000 0.00000 0.00000 0.00000 0.00000 0.00000 0.00000 0.00000 0.00000 0.00000 0.00000 0.00000 0.00000 0.00000 0.00000 6.62875 6.62875 6.62875 6.62875 6.62875 6.62875
6.06818 6.06818 6.06818 6.06818 6.06818 6.06818 6.06818 6.06818 6.06818 6.06818 6.06818 6.06818 6.05896 5.53234 5.44769 5.44769 5.44769 7.07022 7.07022 7.07022 7.07022 7.07022 7.07022 7.07022 7.07022 7.07022 7.07022 7.07022 7.07022 7.07022 7.07022 7.07022 0.00000 0.00000 0.00000 0.00000 0.00000 0.00000 0.00000 0.00000 0.00000 0.00000 0.00000 0.00000 0.00000 0.00000 0.00000 0.00000 0.00000 0.00000 0.00000 0.00000 0.00000 0.00000 0.00000 0.00000 0.00000 6.62875 6.62875 6.62875 6.62875 6.62875 6.62875 6.62875 6.62875 6.62875 6.62875
6.06818 6.06818 6.06818 6.06818 6.06818 6.06818 6.06818 6.06818 6.06818 6.06818 6.08717 6.15080 6.22995 6.08785 5.44769 5.44769 0.00000 7.07022 7.07022 7.07022 7.07022 7.07022 7.07022 7.07022 7.07022 7.07022 7.07022 7.07022 0.00000 0.00000 0.00000 0.00000 0.00000 0.00000 0.00000 0.00000 0.00000 0.00000 0.00000 0.00000 0.00000 0.00000 0.00000 0.00000 0.00000 0.00000 0.00000 0.00000 0.00000 0.00000 0.00000 0.00000 0.00000 6.62875 6.62875 6.62875 6.62875 6.62875 6.62875 6.62875 6.62875 6.62875 6.62875 6.62875 6.62875 6.62875 6.62875
6.06818 6.06818 6.06818 6.06818 6.07303 6.12361 6.19640 6.28682 6.40200 6.55364 6.68496 6.68867 6.68867 6.68867 6.68867 0.00000 0.00000 7.07022 7.07022 7.07022 7.07022 7.07022 7.07022 7.07022 0.00000 0.00000 0.00000 0.00000 0.00000 0.00000 0.00000 0.00000 0.00000 0.00000 0.00000 0.00000 0.00000 0.00000 0.00000 0.00000 0.00000 0.00000 0.00000 0.00000 0.00000 0.00000 0.00000 0.00000 0.00000 6.62875 6.62875 6.62875 6.62875 6.62875 6.62875 6.62875 6.62875 6.62875 6.62875 6.62875 6.62875 6.62875 6.62875 6.62875 6.62875 6.62875 6.62875
6.21295 6.24812 6.35233 6.48774 6.65229 6.68867 6.68867 6.68867 6.68867 6.68867 6.68867 6.68867 6.68867 6.68867 6.68867 0.00000 0.00000 0.00000 7.07022 7.07022 0.00000 0.00000 0.00000 0.00000 0.00000 0.00000 0.00000 0.00000 0.00000 0.00000 0.00000 0.00000 0.00000 0.00000 0.00000 0.00000 0.00000 0.00000 0.00000 0.00000 0.00000 0.00000 0.00000 0.00000 0.00000 0.00000 0.00000 6.62875 6.62875 6.62875 6.62875 6.62875 6.62875 6.62875 6.62875 6.62875 6.62875 6.62875 6.62875 6.62875 6.62875 6.62875 6.62875 6.62875 6.62875 6.62875 6.62875
6.22457 6.68867 6.68867 6.68867 6.68867 6.68867 6.68867 6.68867 6.68867 6.68867 6.68867 6.68873 6.68900 6.68928 6.68960 0.00000 0.00000 0.00000 0.00000 0.00000 0.00000 0.00000 0.00000 0.00000 0.00000 0.00000 0.00000 0.00000 0.00000 0.00000 0.00000 0.00000 0.00000 0.00000 0.00000 0.00000 0.00000 0.00000 0.00000 0.00000 0.00000 0.00000 0.00000 0.00000 0.00000 0.00000 0.00000 6.62875 6.62875 6.62875 6.62875 6.62875 6.62875 6.62875 6.62875 6.62875 6.62875 6.62875 6.62875 6.62875 6.62875 6.62875 6.62875 6.62875 6.62875 6.62875 6.62875
6.06215 6.67539 6.68867 6.68867 6.68867 6.68867 6.68870 6.68893 6.68921 6.68950 6.68978 6.69000 6.69002 6.69002 6.69002 6.69002 0.00000 0.00000 0.00000 0.00000 0.00000 0.00000 0.00000 0.00000 0.00000 0.00000 0.00000 0.00000 0.00000 0.00000 0.00000 0.00000 0.00000 0.00000 0.00000 0.00000 0.00000 0.00000 0.00000 0.00000 0.00000 0.00000 0.00000 0.00000 0.00000 0.00000 0.00000 0.00000 6.62875 6.62875 6.62875 6.62875 6.62875 6.62875 6.62875 6.62875 6.62875 6.62875 6.62875 6.62875 6.62875 6.62875 6.62875 6.62875 6.62875 6.62875 6.62875
