results/OMI_NO2_200908.asc
ncols      200
nrows      200
xllcorner       120.258
yllcorner       41.1236
cellsize     0.0166667
NODATA_Value      -999.000
[rows 58 to 86 of 200, columns 0 to 66 of 200]
1.07329 1.06128 1.04660 1.17646 1.19723 1.19188 1.27931 1.55646 1.57523 1.59219 1.58789 1.52834 1.43617 1.43747 1.43732 1.50641 1.70938 1.82438 1.79643 1.79632 1.79632 1.79628 1.78970 1.77827 1.76683 1.75838 1.78581 1.82474 1.86086 1.87526 1.88285 1.79402 1.77400 1.72428 1.78631 1.90935 1.91326 1.99423 1.99041 1.84938 1.75132 1.75132 1.75132 1.75132 1.75132 1.75492 1.76374 1.77260 1.78220 1.81827 1.79909 1.62347 1.76796 1.72390 1.69470 1.69419 1.69419 1.69419 1.69419 1.69419 1.67775 1.27670 1.10252 1.10233 1.10637 1.11310 1.13395
1.01526 1.03382 1.06008 1.14439 1.27539 1.28472 1.28821 1.53792 1.59532 1.58448 1.57041 1.48690 1.38996 1.33387 1.31820 1.37192 1.53953 1.77155 1.79392 1.78321 1.77437 1.79404 1.82809 1.86706 1.89407 1.90245 1.88355 1.85442 1.82812 1.82355 1.82355 1.77737 1.74508 1.74126 1.71989 1.88957 1.90935 1.95474 2.00139 1.93302 1.76428 1.75531 1.76417 1.77758 1.82558 1.88063 1.93252 1.92545 1.88545 1.80388 1.71660 1.50900 1.64048 1.69419 1.69419 1.69419 1.69419 1.69419 1.69419 1.68922 1.67540 1.48817 1.23915 1.24535 1.28907 1.33138 1.36668
1.14253 1.12976 1.11205 1.09524 1.22210 1.24704 1.25449 1.36584 1.51370 1.47980 1.45862 1.44545 1.39552 1.33694 1.33674 1.35499 1.48106 1.71757 1.87112 1.90729 1.92029 1.89903 1.86995 1.84081 1.82368 1.82355 1.82355 1.82355 1.82355 1.82355 1.82355 1.81057 1.73515 1.75494 1.71577 1.80786 1.90935 1.92127 2.03110 2.08815 1.98235 1.94985 2.00991 2.02877 1.93787 1.83645 1.73720 1.70559 1.70559 1.70559 1.70559 1.59076 1.55875 1.69419 1.69288 1.69018 1.71386 1.73933 1.76480 1.79527 1.83516 1.82364 1.51033 1.38413 1.39365 1.40197 1.40314
1.08350 1.09485 1.10622 1.11758 1.19100 1.29951 1.30153 1.30300 1.44401 1.46543 1.46099 1.42408 1.45391 1.41601 1.42690 1.46193 1.54942 1.67183 1.85128 1.82927 1.82355 1.82355 1.82355 1.82355 1.82355 1.82355 1.82355 1.82355 1.82355 1.82355 1.82355 1.82355 1.75594 1.76560 1.78479 1.84397 2.19851 2.31550 2.46174 2.49866 2.23017 1.87198 1.76757 1.70623 1.70559 1.70559 1.70559 1.70559 1.70559 1.70546 1.66524 1.57791 1.56039 1.77674 1.81561 1.84381 1.85455 1.87991 1.90561 1.93132 1.95643 1.96437 1.74194 1.42260 1.40539 1.42579 1.45016
1.14204 1.14204 1.14204 1.14204 1.14407 1.27786 1.26736 1.23113 1.26298 1.31516 1.28037 1.27877 1.44863 1.53192 1.50427 1.51387 1.55265 1.63486 1.74551 1.82355 1.82355 1.82355 1.82355 1.82355 1.82355 1.82355 1.82355 1.82271 1.83238 1.85094 1.86410 1.87714 1.86338 1.84143 1.94568 2.01036 2.19475 2.28310 2.21071 2.03960 1.96712 1.75644 1.70559 1.70559 1.70277 1.66007 1.59484 1.53364 1.47736 1.42552 1.40342 1.40661 1.60597 1.82806 1.92156 1.94727 1.96402 1.96437 1.96437 1.96437 1.96196 1.94707 1.86468 1.59207 1.50099 1.50398 1.50265
1.13996 1.11004 1.07366 1.03993 1.00861 1.04361 1.11464 1.11853 1.13911 1.29907 1.32412 1.32969 1.38263 1.59517 1.53198 1.53924 1.56484 1.65770 1.67903 1.82355 1.82355 1.82267 1.81553 1.82613 1.84806 1.86724 1.88051 1.89449 1.89792 1.89244 1.89237 1.89237 1.87987 1.76968 1.79036 1.78547 1.82314 2.14768 2.14981 2.05684 1.92414 1.69000 1.53179 1.47617 1.42651 1.40471 1.40351 1.42118 1.45203 1.48286 1.51372 1.54137 1.62211 1.83701 1.96437 1.96437 1.96154 1.94628 1.92959 1.91295 1.89869 1.89630 1.89341 1.69903 1.40232 1.33877 1.27673
0.983169 0.976625 0.981712 0.999419 1.01773 1.03876 1.15508 1.16981 1.17315 1.26818 1.34906 1.35733 1.36447 1.57870 1.57406 1.54733 1.52380 1.60583 1.65846 1.80402 1.86384 1.88433 1.90495 1.90745 1.89864 1.89256 1.89237 1.89237 1.89082 1.86453 1.82970 1.79488 1.76926 1.70999 1.67825 1.66814 1.61192 1.77606 1.79567 1.72450 1.63034 1.52924 1.41980 1.44032 1.47116 1.50200 1.53277 1.54594 1.54594 1.54594 1.54594 1.54594 1.54589 1.75287 1.90122 1.91217 1.89833 1.88764 1.83100 1.76766 1.70429 1.64156 1.57982 1.49275 1.22896 1.16293 1.16293
1.02364 1.04195 1.05515 1.05588 1.06300 1.07403 1.13530 1.20440 1.21052 1.22545 1.33754 1.30813 1.27480 1.35809 1.47299 1.42479 1.44153 1.60749 1.75901 1.78203 1.89936 1.89275 1.89237 1.89237 1.89237 1.87917 1.84463 1.80980 1.77653 1.74629 1.69949 1.65254 1.60110 1.53654 1.47516 1.46585 1.43078 1.50780 1.67580 1.61275 1.50033 1.39783 1.39248 1.54594 1.54594 1.54594 1.54594 1.54594 1.54132 1.52235 1.50234 1.48234 1.45248 1.54782 1.67921 1.67897 1.61565 1.56150 1.55484 1.55484 1.55484 1.55484 1.55484 1.54506 1.33788 1.16293 1.16293
1.06649 1.07753 1.08856 1.09946 1.08079 1.03582 0.995601 1.06524 1.04603 1.02156 1.13635 1.21238 1.22368 1.24134 1.47463 1.45421 1.43738 1.49560 1.69206 1.71779 1.87917 1.88899 1.85961 1.82471 1.76392 1.69543 1.64833 1.60012 1.54659 1.51430 1.50711 1.50003 1.49752 1.49018 1.42585 1.38110 1.28908 1.24706 1.42546 1.46599 1.45034 1.39041 1.31018 1.53553 1.54066 1.52139 1.50098 1.45855 1.41092 1.37965 1.35065 1.32284 1.30642 1.33843 1.51924 1.55386 1.55484 1.55484 1.55484 1.55484 1.55484 1.55484 1.55985 1.59282 1.51239 1.22498 1.20266
1.00435 0.954670 0.909781 0.874079 0.867239 0.882746 0.898252 0.980426 1.05248 1.04809 1.07060 1.19347 1.17946 1.16578 1.32285 1.40876 1.39829 1.40757 1.60403 1.66591 1.64589 1.64946 1.59717 1.54616 1.51810 1.51093 1.50375 1.49801 1.49743 1.47557 1.43926 1.40539 1.37379 1.34958 1.33298 1.31022 1.26257 1.23356 1.32356 1.46599 1.45999 1.38203 1.27086 1.31751 1.37282 1.34436 1.31830 1.30802 1.30669 1.30536 1.30470 1.30470 1.30470 1.30470 1.46893 1.54224 1.55484 1.55522 1.57714 1.59765 1.61432 1.63097 1.64266 1.62636 1.54617 1.24332 1.16493
0.889081 0.897181 0.912627 0.915599 0.905100 0.894357 0.883627 0.880988 0.995196 0.999036 0.999036 1.11320 1.15438 1.15484 1.22146 1.32791 1.24779 1.18643 1.26122 1.40318 1.39040 1.50693 1.50043 1.49752 1.49205 1.45861 1.42345 1.39063 1.36004 1.34740 1.34740 1.34740 1.34740 1.34740 1.34456 1.31591 1.28739 1.23614 1.24319 1.30306 1.26889 1.22989 1.17536 1.13088 1.30711 1.30579 1.30477 1.30470 1.30470 1.30470 1.30470 1.30470 1.30470 1.31391 1.42165 1.56391 1.60775 1.62404 1.61878 1.60693 1.56386 1.51669 1.46950 1.42234 1.39579 1.23037 1.17290
0.955350 0.875301 0.864237 0.856761 0.856505 0.856505 0.856505 0.856505 0.933397 1.01492 1.03988 1.08871 1.19158 1.18719 1.16508 1.12366 1.08252 1.05572 1.09150 1.28289 1.36227 1.43486 1.40811 1.37632 1.35060 1.34740 1.34740 1.34740 1.34740 1.34740 1.34740 1.34605 1.34213 1.35195 1.36290 1.35223 1.31355 1.21783 1.20595 1.23849 1.28674 1.31666 1.21011 1.11658 1.25758 1.30470 1.30470 1.30470 1.30463 1.32953 1.36145 1.39344 1.42540 1.44813 1.45516 1.53932 1.53106 1.48782 1.44066 1.40150 1.39741 1.39741 1.39741 1.39694 1.38960 1.28999 1.02100
1.03311 0.874457 0.856505 0.856535 0.872733 0.902278 0.931880 0.961425 1.00074 1.05668 1.01191 0.977295 1.08633 1.09295 1.07922 1.07008 1.06833 1.07871 1.10586 1.31914 1.46679 1.43597 1.34740 1.34740 1.34741 1.34967 1.34921 1.34082 1.33557 1.34481 1.35575 1.36807 1.38294 1.38406 1.38406 1.37819 1.36630 1.30543 1.29682 1.31651 1.34910 1.35010 1.29127 1.15417 1.17190 1.34603 1.37801 1.40995 1.44199 1.44905 1.43376 1.38744 1.34027 1.29311 1.24679 1.31260 1.37940 1.39741 1.39741 1.39678 1.38914 1.37955 1.36998 1.36086 1.38246 1.45490 1.22138
1.18088 0.986361 0.959140 0.988656 1.00205 0.998746 0.974291 0.946171 0.918003 0.908277 0.912825 0.917916 1.00735 1.13081 1.15549 1.17751 1.16370 1.14329 1.14175 1.25535 1.43958 1.47655 1.35847 1.33518 1.32912 1.33543 1.34683 1.36620 1.38237 1.38406 1.38406 1.38418 1.39940 1.42513 1.45085 1.47252 1.44748 1.38276 1.30759 1.30478 1.34215 1.37334 1.39109 1.27080 1.24936 1.43000 1.40578 1.35861 1.31141 1.26424 1.23238 1.23150 1.23150 1.23150 1.23150 1.26334 1.35619 1.37902 1.36952 1.36056 1.36642 1.44458 1.54016 1.63580 1.70748 1.71734 1.54380
1.37947 1.14149 0.968311 0.937017 0.908885 0.884040 0.880315 0.894416 0.927262 0.962557 1.00907 1.03264 1.03842 1.17971 1.21795 1.24194 1.25046 1.24552 1.24223 1.25655 1.35691 1.44718 1.41242 1.36847 1.38971 1.39632 1.40052 1.40465 1.41420 1.44133 1.46939 1.49700 1.51398 1.53412 1.55611 1.58760 1.56009 1.49456 1.44715 1.45898 1.47152 1.51064 1.53573 1.49856 1.42293 1.29525 1.23150 1.23150 1.23150 1.23150 1.23150 1.23049 1.22232 1.21273 1.20312 1.19632 1.31295 1.41785 1.52153 1.61708 1.70492 1.72230 1.72230 1.72230 1.72230 1.72230 1.68234
1.22605 1.08837 0.908899 0.905070 0.938002 0.970919 1.00385 1.02915 1.05908 1.09107 1.12166 1.14741 1.17264 1.25335 1.31834 1.31648 1.31057 1.29589 1.25474 1.26655 1.38601 1.55540 1.55996 1.46165 1.45955 1.47548 1.49797 1.52531 1.56007 1.57993 1.60103 1.63735 1.67397 1.69467 1.71407 1.72487 1.70065 1.58073 1.53679 1.53810 1.56124 1.59864 1.60692 1.60233 1.47053 1.36569 1.23184 1.23028 1.22186 1.21227 1.20542 1.20492 1.21170 1.24704 1.34202 1.43785 1.59060 1.70303 1.72230 1.72230 1.72230 1.72230 1.72230 1.72230 1.72230 1.72243 1.72407
1.29949 1.32340 1.12840 1.08449 1.11646 1.14841 1.17953 1.20257 1.20217 1.19968 1.19529 1.18334 1.18389 1.23574 1.33570 1.34628 1.35683 1.33613 1.27592 1.26111 1.32249 1.51741 1.60298 1.57468 1.57473 1.60137 1.62947 1.66432 1.68436 1.70378 1.72154 1.72490 1.73308 1.75595 1.77913 1.80229 1.82386 1.69491 1.61880 1.57555 1.57519 1.58472 1.60692 1.60567 1.52782 1.40112 1.24260 1.21503 1.22206 1.23985 1.32146 1.41052 1.49937 1.56111 1.56324 1.56324 1.57919 1.69166 1.72090 1.72230 1.72230 1.72365 1.72197 1.71602 1.71007 1.70400 1.69552
1.41079 1.40943 1.36924 1.21456 1.19985 1.19736 1.19514 1.18928 1.18223 1.21823 1.28768 1.33037 1.37207 1.38818 1.36742 1.35168 1.35168 1.34942 1.33988 1.33244 1.38464 1.60495 1.78423 1.77555 1.69348 1.71288 1.72476 1.72602 1.74370 1.76686 1.79004 1.81319 1.82818 1.82847 1.82847 1.82847 1.82847 1.75965 1.64220 1.58535 1.59483 1.61552 1.60878 1.60150 1.59872 1.45912 1.36498 1.38229 1.47121 1.55047 1.56324 1.56324 1.56324 1.56324 1.56324 1.56324 1.56676 1.66293 1.69889 1.70468 1.69874 1.69143 1.68927 1.71623 1.75044 1.78463 1.81884
1.39842 1.39221 1.37606 1.24696 1.16952 1.19075 1.26134 1.33228 1.39875 1.42822 1.42822 1.42073 1.39586 1.41582 1.44130 1.45295 1.49536 1.52954 1.52499 1.48749 1.51751 1.65716 1.88615 1.86351 1.75813 1.77778 1.80094 1.82299 1.82847 1.82847 1.82847 1.82847 1.82847 1.82847 1.82228 1.79124 1.76716 1.73771 1.57265 1.59924 1.66489 1.66489 1.64034 1.60359 1.59787 1.65930 1.68449 1.57361 1.56324 1.56324 1.56324 1.57113 1.60203 1.63542 1.66879 1.70217 1.73204 1.70777 1.67943 1.73724 1.77147 1.80566 1.83779 1.84505 1.84505 1.84505 1.84482
1.39620 1.41363 1.50596 1.48270 1.38575 1.42733 1.42822 1.43534 1.45805 1.48135 1.50461 1.52792 1.53372 1.56941 1.61144 1.61641 1.63407 1.65791 1.64388 1.56535 1.49387 1.52139 1.67082 1.71929 1.73850 1.82847 1.82847 1.82847 1.82356 1.79991 1.76573 1.73125 1.70661 1.68463 1.66887 1.67777 1.67984 1.67984 1.58340 1.54375 1.65021 1.64884 1.64208 1.59359 1.59023 1.60523 1.71927 1.66094 1.64223 1.67559 1.70897 1.73446 1.73692 1.74265 1.77385 1.80804 1.84224 1.87339 1.81854 1.84075 1.84505 1.84505 1.84457 1.82039 1.78307 1.74579 1.70871
1.75395 1.73655 1.73563 1.70471 1.51392 1.50288 1.52615 1.54234 1.54406 1.56864 1.60243 1.63619 1.67233 1.69646 1.69390 1.65652 1.59253 1.55669 1.50832 1.44232 1.38107 1.40886 1.56602 1.69933 1.64460 1.73268 1.70611 1.67116 1.65075 1.65245 1.66465 1.67717 1.67984 1.67984 1.67984 1.67765 1.67197 1.66625 1.62537 1.51326 1.60676 1.66414 1.68882 1.65628 1.61628 1.60074 1.64787 1.80615 1.73892 1.76067 1.79484 1.82907 1.86328 1.89175 1.89479 1.89479 1.89479 1.89479 1.84530 1.80252 1.78132 1.74399 1.70717 1.69319 1.66203 1.60893 1.55564
2.02248 1.93184 1.88664 1.85771 1.66473 1.57947 1.61322 1.64700 1.67961 1.68878 1.67873 1.63961 1.59866 1.57595 1.54856 1.54174 1.51094 1.48422 1.46122 1.38192 1.27323 1.23388 1.34770 1.51005 1.51908 1.58548 1.66364 1.67648 1.68008 1.68646 1.69561 1.70425 1.70854 1.71197 1.71540 1.72163 1.73644 1.75174 1.75716 1.65674 1.69347 1.76512 1.73406 1.72401 1.69338 1.73093 1.77446 1.85148 1.91704 1.89479 1.89479 1.89479 1.89479 1.89479 1.89357 1.86658 1.82927 1.79195 1.73807 1.67596 1.64519 1.59082 1.53756 1.48516 1.46303 1.46290 1.46290
2.14246 2.09777 2.01030 2.04855 1.92627 1.69165 1.66754 1.62657 1.58561 1.54466 1.51293 1.49285 1.46754 1.45317 1.45255 1.40098 1.33714 1.27791 1.24622 1.17886 1.15967 1.19509 1.39288 1.60736 1.71455 1.70537 1.83586 1.84552 1.85147 1.84852 1.84328 1.84162 1.84456 1.84770 1.82724 1.79465 1.75943 1.72342 1.69593 1.66231 1.65255 1.81328 1.85432 1.88507 1.87238 1.85609 1.85609 1.79979 1.96798 1.89479 1.89310 1.86477 1.82745 1.79199 1.76707 1.76913 1.77557 1.75736 1.73591 1.63792 1.50149 1.46290 1.46290 1.46290 1.46290 1.46290 1.46290
2.21021 2.19146 2.13682 1.98693 1.86276 1.57376 1.47251 1.44721 1.42196 1.39115 1.33411 1.29091 1.25469 1.21853 1.24556 1.25736 1.25384 1.24433 1.26323 1.26895 1.21466 1.25336 1.39112 1.59914 1.75327 1.72564 1.81114 1.84750 1.84847 1.84459 1.81400 1.77850 1.74251 1.70696 1.69416 1.69905 1.72384 1.75072 1.77760 1.79818 1.74453 1.84816 1.91032 1.91032 1.89775 1.85609 1.85411 1.73248 1.86943 1.81901 1.78149 1.78489 1.79592 1.78173 1.74970 1.71644 1.68910 1.68643 1.68643 1.64908 1.55528 1.46290 1.46290 1.46290 1.46255 1.47356 1.51587
2.32829 2.14147 2.18967 1.84727 1.79820 1.44841 1.29349 1.25735 1.22107 1.19042 1.18951 1.19468 1.19524 1.18723 1.20281 1.24319 1.23900 1.26295 1.29311 1.29311 1.24171 1.26218 1.35284 1.56738 1.72410 1.76534 1.71276 1.76160 1.72558 1.69667 1.69421 1.70939 1.73626 1.76316 1.79005 1.81204 1.81416 1.81416 1.81416 1.81416 1.76508 1.78945 1.90908 1.89618 1.88195 1.80774 1.77146 1.69910 1.72275 1.85128 1.76016 1.72688 1.69494 1.68643 1.68643 1.68643 1.68643 1.68643 1.68643 1.67909 1.63114 1.54517 1.58017 1.62400 1.66811 1.70093 1.70715
2.46081 2.02650 2.00133 1.74098 1.60176 1.39797 1.20551 1.20399 1.20650 1.19919 1.18824 1.17488 1.16611 1.16592 1.16628 1.22413 1.21945 1.20333 1.22882 1.20914 1.23055 1.31168 1.35208 1.57021 1.70390 1.80222 1.64745 1.70742 1.74872 1.77559 1.80244 1.81416 1.81416 1.81416 1.81416 1.81416 1.81416 1.81517 1.84439 1.87219 1.87234 1.82978 1.85398 1.86889 1.86889 1.84153 1.80522 1.80610 1.61676 1.75364 1.68919 1.68643 1.68643 1.68643 1.69007 1.72141 1.75783 1.79423 1.83062 1.86652 1.85496 1.76212 1.71216 1.72028 1.72840 1.73650 1.73989
2.61015 2.00839 1.74779 1.83373 1.59312 1.47522 1.23745 1.17752 1.16681 1.16592 1.16302 1.14492 1.12465 1.10435 1.08406 1.09721 1.13965 1.14415 1.18235 1.21513 1.22714 1.32576 1.37069 1.55705 1.70259 1.88986 1.85634 1.74647 1.81416 1.81416 1.81416 1.81421 1.81749 1.85048 1.89353 1.92268 1.94423 1.96486 1.95718 1.95095 1.94990 1.88612 1.84723 1.90366 1.92506 1.94132 1.86795 1.85899 1.67045 1.69793 1.76978 1.76849 1.80489 1.84130 1.87406 1.87911 1.87951 1.88574 1.89387 1.90198 1.89888 1.85113 1.73989 1.73989 1.73989 1.73989 1.74513
2.86713 2.29103 1.67301 1.81534 1.56736 1.50555 1.24373 1.12601 1.10571 1.08544 1.06803 1.06585 1.07121 1.08094 1.09067 1.10143 1.16263 1.17083 1.19523 1.26926 1.29753 1.38824 1.46651 1.58384 1.71265 1.86566 1.92158 1.73942 1.85324 1.89931 1.94252 1.97308 1.99141 1.97993 1.95851 1.95095 1.95095 1.95095 1.95549 1.97333 1.99204 1.97220 1.91186 1.94525 1.96052 1.99304 2.01306 2.05747 2.04617 2.05042 1.96571 1.87910 1.88265 1.89075 1.89887 1.90699 1.91470 1.91659 1.91659 1.91659 1.91569 1.88476 1.76891 1.75769 1.76964 1.78160 1.78833
2.74043 2.26524 1.64388 1.54426 1.57442 1.38762 1.24086 1.07887 1.07442 1.08415 1.09388 1.10362 1.10801 1.11183 1.13910 1.17035 1.22396 1.27942 1.28894 1.32471 1.35764 1.40686 1.53454 1.68499 1.89489 1.92829 2.09640 2.02153 1.95831 1.98162 1.95997 1.95095 1.95095 1.95095 1.95156 1.96012 1.97079 1.98157 1.98769 1.96702 1.93702 1.91301 2.03138 2.11325 2.21322 2.26675 2.28234 2.19151 2.16965 2.15192 2.07067 1.93350 1.91658 1.91659 1.91659 1.91659 1.91659 1.91660 1.92307 1.93503 1.94697 1.93923 1.86626 1.80961 1.83981 1.87084 1.90186
