results/OMI_NO2_200904.asc
ncols      200
nrows      200
xllcorner       120.258
yllcorner       41.1236
cellsize     0.0166667
NODATA_Value      -999.000
[rows 116 to 144 of 165, columns 0 to 66 of 200]
7.36266 7.36266 7.36266 8.59405 9.18258 9.18258 9.18258 9.18258 9.18258 9.18846 9.61907 9.67285 9.41093 8.92813 8.34714 7.63660 2.25184 2.29666 2.42561 2.37036 2.14611 2.14553 2.14389 2.12641 2.10854 2.14053 2.12963 2.12877 2.12877 2.12877 2.15454 2.16996 2.13582 2.10140 2.06696 2.04490 2.41470 2.44002 2.61280 2.66476 2.62800 2.59116 2.55433 2.73265 3.27648 3.27087 3.22000 3.20031 3.18061 3.16094 3.14434 3.10591 3.10608 3.17812 3.01389 2.88379 2.89679 2.89448 2.86926 2.79459 2.83801 2.77490 2.57519 2.89598 3.16975 3.15359 3.13720
7.36266 7.36266 7.36266 7.84792 9.18258 9.18258 9.18258 9.16659 8.90188 8.51429 8.14674 7.49809 7.29272 8.50740 9.98709 11.4668 2.25184 2.25188 2.40055 2.39971 2.16626 2.09431 2.07876 2.07571 2.07571 2.10794 2.12873 2.10967 2.07522 2.04081 2.01039 2.03739 2.03925 2.03925 2.06062 2.14147 2.52769 2.76540 2.97166 2.62239 2.66882 2.76183 2.85485 2.93460 2.95867 3.20425 3.06986 3.02483 3.00698 3.07370 3.15134 3.26270 3.33532 3.33621 3.20694 2.89448 2.89448 2.89448 2.89484 2.85131 2.87236 2.85175 2.56572 2.62831 3.10454 3.10428 3.10428
7.36266 7.36266 7.36266 7.39437 8.65663 8.43886 7.98424 7.48561 7.37748 8.20088 9.53952 11.0295 12.8499 13.9159 14.9228 16.2805 2.19837 2.16292 2.21345 2.28581 2.20794 2.07571 2.07475 2.05038 2.01597 1.99452 2.00022 1.98488 1.98488 1.99425 2.06687 2.18368 2.29017 2.40673 2.54707 2.62816 2.94526 3.33269 3.48003 3.30869 3.02130 3.02130 3.02130 3.02130 2.88118 3.33242 3.13200 3.23929 3.33016 3.33621 3.33621 3.33621 3.33621 3.33621 3.31757 2.90244 2.87609 2.85736 2.83859 2.79012 2.79810 2.81201 2.63937 2.51099 3.00283 3.10428 3.10428
7.55717 7.74889 7.94038 8.18924 8.14687 8.34589 9.60480 11.0390 12.7530 13.7897 14.4098 16.9278 18.1347 18.1347 18.1347 18.1347 2.12053 2.12053 2.13475 2.28167 2.28142 2.00699 1.94186 1.93182 1.93407 1.99388 2.12464 2.22564 2.37831 2.53090 2.62028 2.70647 2.82942 2.87507 2.87537 2.87537 3.00489 3.44336 3.45029 3.56297 3.02695 3.13222 3.27372 3.41517 3.45186 3.58064 3.47043 3.33621 3.33621 3.33621 3.33621 3.32907 3.30756 3.28569 3.26384 2.90813 2.81330 2.81330 2.81330 2.81071 2.76271 2.81204 2.77643 2.60012 2.92977 3.28385 3.32814
8.75411 9.06008 9.92644 10.8308 11.6167 14.0701 14.9641 15.3274 15.3274 15.3274 15.3274 16.2178 18.1347 18.1347 18.1347 18.1347 2.12053 2.12053 2.12053 2.23599 2.33561 2.23046 2.18061 2.34515 2.50756 2.61267 2.71932 2.81171 2.82100 2.82100 2.82100 2.82100 2.86453 2.89314 2.90647 2.91983 2.96052 3.60198 3.76945 3.91369 3.41289 3.28727 3.26107 3.23453 3.18895 3.00777 3.25827 2.94441 2.89621 2.84735 2.79805 2.75622 2.72993 2.70389 2.67755 2.47897 2.34051 2.35606 2.39588 2.43597 2.49106 2.67110 2.70109 2.39884 2.45336 3.06772 3.11558
11.3820 12.0601 12.1774 12.1782 12.1782 13.6577 15.3274 15.3274 15.3274 15.3274 15.3274 15.5161 18.1079 18.1347 18.1347 18.1347 2.49853 2.65274 2.83234 3.15966 3.67193 3.74393 3.25785 3.28488 3.32217 3.35998 3.40781 3.49539 3.53544 3.57598 3.61694 3.65874 3.71322 3.84171 4.00904 4.17980 4.34406 4.40470 4.40470 3.95917 3.10648 2.61594 2.62016 2.67665 2.74875 2.63341 2.73191 2.44122 2.42304 2.42304 2.42304 2.42304 2.44740 2.50654 2.56588 2.60103 2.59151 2.61636 2.61636 2.61169 2.59473 2.69596 2.73261 2.65799 2.65624 3.23703 3.43077
12.1782 12.1782 12.1782 12.1782 12.1782 12.6338 15.3274 15.3274 15.3274 15.3274 15.3274 15.3274 17.0506 18.1347 18.1347 18.1347 4.36418 4.39179 4.39179 4.39357 4.60852 4.63376 3.99045 3.73937 3.73937 3.73937 3.73937 3.78893 3.80123 3.82412 3.94963 4.08742 4.22557 4.38799 4.40470 4.40470 4.40470 4.40470 4.41256 4.22759 3.55490 2.85958 2.90190 2.91752 2.91752 2.82466 2.68973 2.56592 2.50112 2.56046 2.61982 2.67925 2.71422 2.71157 2.69435 2.67159 2.56998 2.55185 2.53593 2.48790 2.48266 2.58484 3.11340 3.22364 3.26732 3.41582 3.48260
12.1782 12.1782 12.1782 12.1782 12.1782 12.1859 14.5044 15.3274 15.3274 15.3274 15.3274 15.3274 16.0299 18.1347 18.1347 18.1347 4.39179 4.39179 4.39179 4.39179 4.52572 4.63376 4.36250 3.73937 3.73937 3.74409 3.84421 4.00932 4.18170 4.29665 4.30893 4.30893 4.30893 4.34737 4.41898 4.47413 4.53184 4.58958 4.63940 4.59286 3.77545 3.21116 2.93690 3.00827 3.08248 3.14580 2.97871 2.99914 2.69843 2.67933 2.66024 2.64113 2.62204 2.60787 2.70263 2.81845 2.75371 2.74900 2.77029 2.82807 2.85387 2.83836 3.27237 3.40221 3.30072 3.26084 3.36259
12.1782 12.1782 12.1782 12.1782 12.1782 12.1782 13.1484 15.3274 15.3274 15.3274 15.3274 15.3274 15.4248 17.9850 18.1347 18.0995 4.39179 4.39179 4.39179 4.39179 4.42482 4.63132 4.70710 4.06211 4.07634 4.20946 4.24708 4.25290 4.30807 4.30893 4.33149 4.38881 4.44650 4.50790 4.63635 4.64596 4.64596 4.64790 4.66114 4.67621 3.99461 3.67654 3.24550 3.18036 3.11230 3.04427 2.92835 2.94172 2.70712 2.82336 2.97221 3.10358 3.14237 3.16581 3.09451 3.00396 2.91970 2.85387 2.85387 2.85387 2.85387 2.84765 2.92017 3.32862 3.33780 3.34289 3.48625
12.1782 12.1782 12.1782 12.1782 12.1782 12.1782 12.3550 15.1690 15.3274 15.3274 15.3274 15.3257 14.9725 15.5870 16.0035 15.1766 4.39179 4.39179 4.43732 4.65115 4.88088 5.15784 5.26813 4.77147 4.24708 4.24717 4.27970 4.33741 4.43960 4.51466 4.54983 4.55020 4.55076 4.56184 4.62734 4.68772 4.69299 4.65600 4.60337 4.54899 3.98883 3.50836 2.96981 2.91007 2.91836 2.92599 2.92758 2.92388 3.16618 3.24248 3.11893 3.01298 2.99950 2.99950 2.99950 2.99950 2.95749 2.85387 2.85658 2.89708 2.94971 3.00239 2.98923 3.41476 3.49156 3.42549 3.47678
12.1782 12.1782 12.1781 12.1773 12.1762 12.1751 12.1558 13.6222 14.7343 14.0843 13.4090 12.7356 12.4133 12.8954 14.9566 14.9566 4.80837 5.03802 5.22223 5.23797 5.23797 5.24950 5.26839 5.19216 4.43201 4.46311 4.48834 4.48835 4.51865 4.57336 4.58722 4.56490 4.52496 4.47453 4.43051 4.45967 4.41612 4.38174 4.33907 4.29915 3.98407 3.41574 3.17047 2.94180 2.86413 2.74050 2.61657 2.48373 2.61070 2.99950 2.99950 2.99950 2.99950 2.99950 3.01260 3.07170 3.12857 3.02402 3.06927 3.08142 3.08142 3.08142 3.06059 3.19735 3.50118 3.48449 3.60613
12.1762 12.1166 11.9936 11.8713 11.7367 11.4314 11.0182 11.1317 12.4383 12.4131 12.4131 12.4131 12.4131 12.4475 14.6314 14.9566 5.23797 5.23797 5.23797 5.23797 5.23797 5.23871 5.26620 5.27444 4.77735 4.52269 4.53648 4.55020 4.55698 4.39770 4.33378 4.30354 4.26385 4.22594 4.19042 4.21127 4.20687 4.19599 4.19599 4.19599 4.05672 3.22779 3.04291 2.52146 2.47303 2.47303 2.47303 2.46255 2.48240 2.92928 3.02896 3.09207 3.15526 3.21847 3.26852 3.27257 3.27257 3.12065 3.07594 3.07354 3.06824 3.05653 3.04290 3.44673 4.03661 4.12470 4.08157
11.5739 11.3306 11.0092 10.6879 10.3791 10.2412 10.2292 10.2619 12.0822 12.4131 12.4131 12.4131 12.4131 12.4131 13.4978 14.9566 5.30536 5.32643 5.34779 5.36901 5.38877 5.40767 5.46285 5.51361 5.33720 4.70792 4.72044 4.73328 4.74596 4.60754 4.53319 4.33034 4.31954 4.33007 4.34064 4.36847 4.41347 4.32441 4.23192 4.13961 4.08437 3.05388 2.93584 2.59087 2.47303 2.47397 2.51150 2.56357 2.60579 2.99157 3.27254 3.27257 3.27257 3.27257 3.27257 3.26980 3.25887 3.12059 3.00486 2.99530 2.98865 2.98842 2.98762 3.42707 3.91003 4.11797 4.22025
10.3708 10.2292 10.2292 10.2292 10.2292 10.2292 10.2292 10.2292 11.1423 12.4131 12.4131 12.4131 12.4131 12.4131 12.7559 14.9566 5.79677 5.79463 5.79240 5.79019 5.78933 5.78933 5.78589 5.77165 5.77162 5.05352 4.89092 4.89092 4.89092 4.82466 4.65485 4.50172 4.40090 4.42727 4.45859 4.48989 4.18346 4.08613 4.08613 4.08613 4.08613 3.34955 2.98488 2.87254 2.63426 2.68941 2.70800 2.70794 2.69230 2.81305 3.26914 3.25986 3.24839 3.23693 3.22545 3.21673 3.21591 3.14544 2.97529 2.96781 2.96035 2.95288 2.97221 3.22017 3.91151 4.07209 4.23785
10.2292 10.2292 10.2292 10.2292 10.2292 10.2292 10.2292 10.2292 10.4892 12.4051 12.4131 12.4131 12.4131 12.4131 12.4189 14.3814 5.78933 5.78933 5.78933 5.78933 5.78933 5.78933 5.78933 5.77494 5.77162 5.40192 4.89092 4.89092 4.89121 4.91108 4.73777 4.69235 4.50847 4.51342 4.51342 4.51342 4.36622 4.09355 4.13585 4.18259 4.22934 3.81780 3.17081 3.15267 2.73433 2.70645 2.69628 2.68482 2.66407 2.65406 3.11464 3.21123 3.20226 3.19330 3.18434 3.17537 3.16670 3.16744 3.00225 3.09706 3.20447 3.31197 3.39350 3.40903 4.03853 4.10961 4.34383
10.2292 10.2292 10.2292 10.2292 10.2292 10.2292 10.2292 10.2292 10.2292 11.6709 12.4131 12.4131 12.4131 12.4131 12.4131 13.2987 5.78933 5.78933 5.78933 5.78933 5.78933 5.78933 5.78933 5.78139 5.77162 5.75313 4.99642 4.97792 5.01519 5.02954 4.89655 4.79336 4.55282 4.52666 4.57199 4.61871 4.65751 4.32390 4.28194 4.28194 4.27718 3.98704 2.96140 2.84605 2.68579 2.65094 2.64228 2.63466 2.62366 2.59441 2.86221 3.17071 3.20118 3.23398 3.27479 3.38707 3.51595 3.63412 3.47225 3.40880 3.40880 3.40880 3.40880 3.40880 3.75829 4.36160 4.62737
10.2292 10.2292 10.2292 10.2292 10.2292 10.2292 10.2292 10.2292 10.2292 10.8760 12.4205 12.4131 12.4131 12.4131 12.4131 12.1727 5.78933 5.78933 5.78933 5.78933 5.78933 5.79728 5.85219 5.91194 5.91526 5.94407 5.39954 5.02954 5.02954 5.05440 5.06231 4.93040 4.82286 4.70780 4.70923 4.70900 4.65412 4.35489 4.03458 3.93812 3.84189 3.78824 2.64853 2.59289 2.59176 2.60867 2.59689 2.58116 2.56546 2.52772 2.59729 3.40928 3.51935 3.61563 3.70386 3.72065 3.72065 3.72065 3.55353 3.40880 3.40880 3.40888 3.41387 3.42171 3.50133 4.22145 4.60516
10.2292 10.2292 10.2292 10.2292 10.2292 10.2317 10.3361 10.4928 10.6493 10.8820 12.5215 12.0969 11.0201 9.81926 8.61900 7.84000 5.78933 5.79048 5.83269 5.89532 5.95797 6.01263 6.02035 6.02035 5.96915 5.82343 5.51737 5.17678 5.23318 5.26441 5.26431 5.02551 4.83189 4.48627 4.38641 4.28415 4.23652 4.19737 3.81178 3.79051 3.78390 3.77089 2.87547 2.52613 2.51044 2.52009 2.52066 2.56997 2.66614 2.75006 2.82911 3.49097 3.72065 3.72065 3.72065 3.72065 3.72065 3.72170 3.64423 3.42424 3.43207 3.43983 3.44268 3.44268 3.44268 3.98513 4.44863
10.2292 10.2334 10.3437 10.5004 10.6451 10.7557 10.7628 10.7044 10.2869 9.85165 9.90779 7.94827 7.82458 7.82458 7.82458 7.82458 5.93845 5.99993 6.02035 6.02035 6.01851 5.84376 5.58792 5.36721 5.20386 5.22159 5.20167 5.12688 5.02591 4.93069 4.83923 4.63131 4.44899 4.26549 4.21468 4.20316 4.19007 4.17697 3.90472 3.72350 3.71557 3.71549 3.12280 2.52290 2.61750 2.72734 2.83958 2.88648 2.88648 2.92710 2.97035 3.35203 3.94589 4.00870 4.07700 4.14470 4.21161 4.27675 4.32268 4.00167 4.03704 4.08486 4.12967 4.18094 4.29305 4.60937 5.07551
10.5893 10.6966 10.6976 10.6523 10.4871 10.1377 9.78786 9.45136 9.47350 9.51561 9.63080 8.37589 7.82458 7.82458 7.82458 7.82458 6.01642 5.83098 5.57702 5.35749 5.16683 5.08907 5.00848 4.92061 4.85722 4.78146 4.66382 4.65307 4.66604 4.71378 4.84053 4.91022 4.72137 4.44687 3.85408 3.82758 3.80283 3.77838 3.68540 3.35310 3.49789 3.67680 3.89661 4.46435 4.51576 4.56753 4.63878 4.68749 4.73518 4.78098 4.81837 4.90080 5.45589 5.48134 5.48150 5.48150 5.48150 5.48150 5.49230 5.05298 4.95806 5.02581 5.09607 5.15993 5.16696 5.17668 5.53522
10.7405 10.4356 10.0858 9.73574 9.51787 9.51561 9.51561 9.51561 9.51561 9.51561 9.51597 9.30104 7.82458 7.82458 7.82458 7.82458 4.29445 4.20791 4.15303 4.10860 4.06829 4.03606 4.03063 4.03911 4.15738 4.27761 4.39697 4.53794 4.69814 4.76880 4.76880 4.76880 4.54389 4.40610 3.52026 3.49479 3.45796 3.40965 3.36138 3.37043 3.49119 3.74874 3.81979 4.72273 4.72907 4.76672 4.83845 4.90020 4.95457 4.98051 4.97159 4.95759 5.30547 5.48904 5.56294 5.65244 5.74207 5.83157 5.91032 5.52549 5.17941 5.20953 5.23977 5.27000 5.30026 5.34011 5.64071
9.56046 9.51561 9.51561 9.51561 9.51561 9.51561 9.51561 9.51561 9.51561 9.51561 9.51561 9.68913 7.98625 7.82458 7.82458 7.82458 3.87826 3.99088 4.05378 4.21300 4.36540 4.50914 4.64518 4.76366 4.78606 4.78202 4.73922 4.73815 4.75302 4.76880 4.76880 4.76880 4.62416 4.40446 3.67882 3.33056 3.31913 3.31913 3.31913 3.34126 3.42123 3.79677 3.85248 4.72561 4.93912 4.95586 4.96380 4.98051 4.98532 5.05460 5.14276 5.21144 5.46705 5.90632 5.93103 5.96488 6.00019 6.03547 6.07075 5.89779 5.35121 5.41978 5.53556 5.66715 5.81001 5.94779 6.10593
9.51561 9.51561 9.51561 9.51561 9.51561 9.51561 9.51561 9.51561 9.51561 9.51561 9.51561 9.55877 9.00273 7.82458 7.82458 7.82458 4.31994 4.70150 4.78436 4.78606 4.78606 4.78606 4.78606 4.78606 4.78606 4.78606 4.75369 4.73815 4.72971 4.71088 4.66328 4.61499 4.56850 4.30504 3.97131 3.31913 3.32746 3.37035 3.41694 3.46421 3.56923 3.90918 3.97678 4.56858 4.95734 4.95964 4.96252 5.27830 5.40700 5.48482 5.55378 5.54648 5.55391 6.07101 6.12926 6.19433 6.27902 6.36747 6.52756 6.70114 5.96510 6.01028 6.02073 6.02073 6.02073 6.02073 6.02086
9.51561 9.51561 9.51561 9.51561 9.51561 9.51561 9.51561 9.51561 9.51561 9.51561 9.51561 9.51561 9.63309 7.82637 7.82458 7.82458 4.17301 4.78606 4.78606 4.78606 4.78606 4.78606 4.78606 4.78606 4.78271 4.74391 4.68180 4.59946 4.56251 4.58048 4.59079 4.59079 4.60532 4.44729 4.37236 3.52818 3.51083 3.51460 3.51460 3.51540 3.54907 3.81805 3.98465 4.38942 5.07255 5.14147 5.21035 5.53308 5.79600 5.83604 5.89915 5.89484 5.82129 6.27624 6.66005 6.79742 6.92476 7.05925 7.09748 7.09748 6.26459 6.02073 6.02073 6.02073 6.02073 6.13169 6.35693
9.48886 9.51561 9.51561 9.51561 9.51561 9.51561 9.51561 9.51561 9.51599 9.76583 10.2336 10.7009 11.4545 9.63276 8.86752 9.52911 3.64330 4.78606 4.78606 4.78606 4.78599 4.75902 4.71076 4.66243 4.61754 4.60805 4.60748 4.56537 4.55557 4.56738 4.70649 4.75309 4.78522 4.68703 4.49472 3.88917 3.51886 3.53299 3.59023 3.65047 3.71351 3.98804 4.34196 4.52318 5.42040 5.48358 5.54676 5.69150 6.12730 6.16177 6.19587 6.28009 6.17304 6.46847 7.10212 7.09748 7.09748 7.09748 7.09748 7.09748 6.53315 6.20466 6.43000 6.65524 6.88068 6.99496 6.99496
9.31084 9.51561 9.51561 9.51561 9.51751 9.79255 10.2598 10.7608 11.5194 12.0816 12.4266 12.7641 13.2366 13.9622 11.4472 11.4408 3.18212 4.67114 4.72587 4.67756 4.62936 4.60805 4.60805 4.60805 4.60291 4.59219 4.58143 4.54595 4.51661 4.51750 4.74501 4.78923 4.75566 4.69308 4.65030 4.46752 3.80443 3.85217 3.89168 3.94584 4.00000 4.15921 4.66948 4.72400 5.61860 5.70770 5.72330 5.78925 6.26676 6.47681 6.54871 6.54950 6.39638 6.31077 7.03514 7.09748 7.15301 7.40565 7.69110 7.98545 7.91376 7.06705 7.08699 7.10681 7.12676 7.14671 7.16526
9.11479 9.81852 10.4165 11.2259 12.0366 12.5741 12.9192 13.2848 13.5153 13.6968 13.8782 14.0673 14.1377 14.5110 11.8481 11.4408 2.95466 4.09253 4.60805 4.60804 4.60234 4.59158 4.58086 4.57010 4.56444 4.55579 4.53110 4.46362 4.41140 4.37451 4.45723 4.57619 4.55888 4.49803 4.63959 4.68798 4.25027 4.29454 4.32869 4.34440 4.36020 4.38774 4.98902 5.10301 5.92239 6.40611 6.51737 6.54705 6.79959 7.13975 7.16361 7.18739 7.12650 6.92530 7.47143 8.76728 9.00635 9.04759 9.05659 9.05659 9.01171 8.48592 8.54715 8.60473 8.66272 8.72189 8.78374
11.3938 12.9177 13.2963 13.4596 13.6434 13.8249 14.0064 14.1331 14.1377 14.1377 14.1377 14.1377 14.1377 14.2444 13.4923 11.4408 2.82714 3.64412 4.85318 4.85841 4.86558 4.83879 4.78564 4.73254 4.67939 4.63479 4.60559 4.56752 4.52343 4.44996 4.38182 4.53793 4.48164 4.47638 4.56612 4.80829 4.68168 4.57787 4.57891 4.61814 4.67669 4.73521 5.25118 5.55039 6.11082 6.79457 6.79457 6.79446 6.80565 7.24966 7.21875 7.17179 7.13989 6.92067 7.06725 8.78097 9.05622 9.04122 9.01876 8.99625 8.97379 8.95215 8.94626 8.94636 8.94691 8.94751 8.94811
12.3503 13.3065 14.1191 14.1402 14.1377 14.1377 14.1377 14.1377 14.1377 14.1377 14.1377 14.1377 14.1377 14.1377 14.4804 11.4735 2.53723 2.87467 4.68715 4.71347 4.64804 4.60903 4.53536 4.45346 4.37165 4.28979 4.20842 4.17609 4.18714 4.20670 4.20670 4.37258 4.47638 4.47638 4.48039 4.79835 4.84422 4.71687 4.77437 4.79367 4.79367 4.79367 5.08381 5.54876 5.78895 6.71175 6.66476 6.61796 6.59774 6.95773 7.14271 7.14262 7.12942 6.96824 6.83961 8.04451 8.95374 8.94630 8.94679 8.94739 8.94799 8.94859 8.94919 8.94957 8.94380 8.93383 8.92399
