results/OMI_NO2_200611.asc
ncols      200
nrows      200
xllcorner       120.258
yllcorner       41.1236
cellsize     0.0166667
NODATA_Value      -999.000
[rows 30 to 59 of 188, columns 0 to 65 of 200]
0.532044 0.494561 0.465563 0.448062 0.429874 0.411156 0.406048 0.407207 0.407505 0.407505 0.407505 0.412682 0.459135 0.526546 0.535104 0.529106 0.621204 0.675115 0.666533 0.680485 0.744292 1.06419 1.06430 1.06430 0.959752 0.867755 0.867755 0.867755 0.867755 0.867755 0.875906 0.966346 0.967388 0.996471 1.03016 1.03784 0.917924 0.897321 0.897321 0.897321 0.904511 0.925115 0.918938 0.909771 0.876529 0.833572 0.807111 0.769803 0.757098 0.753658 0.790420 0.867994 0.890662 0.870958 0.775946 0.801265 0.882299 0.896687 0.896687 0.896687 0.894556 0.670491 0.639380 0.625020 0.609565 0.592966
0.425072 0.420179 0.430802 0.443765 0.456341 0.467654 0.477903 0.488305 0.498992 0.510103 0.521448 0.515981 0.499590 0.575283 0.577947 0.593296 0.648500 0.742789 0.745027 0.747237 0.749324 1.02168 1.07679 1.07722 1.05918 0.905243 0.912739 0.937334 0.961802 0.986132 1.00993 1.07590 1.09944 1.07856 1.06714 1.06711 0.946759 0.885967 0.873851 0.859532 0.833782 0.816987 0.785439 0.757644 0.748524 0.748524 0.750611 0.753655 0.753655 0.753655 0.768713 0.835125 0.890662 0.890662 0.793319 0.780472 0.861759 0.896536 0.892186 0.885511 0.878909 0.696754 0.577884 0.583502 0.590087 0.596361
0.391752 0.407244 0.590997 0.595445 0.595092 0.594897 0.594897 0.596789 0.596376 0.596304 0.595661 0.604980 0.622953 0.689375 0.707865 0.704334 0.706326 0.766970 0.788324 0.788324 0.788324 0.943900 1.08416 1.08416 1.08416 1.03328 1.02388 1.02395 1.02395 1.02395 1.02610 1.06017 1.16785 1.07761 1.06625 1.07480 1.00090 0.815588 0.760106 0.737661 0.725119 0.740418 0.748524 0.748524 0.748524 0.748524 0.748848 0.753461 0.753655 0.753655 0.753804 0.799715 0.885882 0.889786 0.819843 0.756044 0.801351 0.868008 0.865600 0.865653 0.865703 0.782104 0.617818 0.618714 0.618714 0.618714
0.353661 0.453061 0.615403 0.663751 0.665515 0.663691 0.661953 0.658637 0.657831 0.656896 0.656516 0.656516 0.656516 0.674408 0.715033 0.702350 0.702422 0.736550 0.794775 0.788324 0.788324 0.853381 1.08416 1.08416 1.08416 1.07753 1.05560 1.08559 1.12160 1.15758 1.19143 1.20765 1.29927 1.13640 1.01702 0.973042 0.920128 0.803201 0.725003 0.725003 0.725003 0.733471 0.748524 0.748524 0.748524 0.748524 0.748524 0.751560 0.753655 0.740178 0.708741 0.704724 0.770425 0.807072 0.836230 0.745618 0.750816 0.824884 0.814511 0.798368 0.779645 0.753145 0.651586 0.680427 0.713108 0.748968
0.497252 0.560314 0.615220 0.659985 0.656516 0.656516 0.656516 0.656516 0.656516 0.656516 0.656516 0.656516 0.656516 0.656604 0.710637 0.702350 0.702350 0.709291 0.798900 0.789185 0.809575 0.841452 1.14825 1.21907 1.26228 1.29541 1.22794 1.21871 1.21863 1.21242 1.20237 1.19232 1.18073 1.10107 0.954625 0.942178 0.940222 0.855924 0.728653 0.725003 0.725003 0.726663 0.745579 0.733626 0.719906 0.690181 0.653784 0.618000 0.572503 0.547602 0.528250 0.509734 0.532084 0.584068 0.662210 0.598472 0.596988 0.677723 0.706098 0.733377 0.766067 0.796985 0.781263 0.781681 0.797467 0.818119
0.515879 0.502901 0.550740 0.655913 0.656516 0.656516 0.656516 0.656516 0.656516 0.656516 0.656516 0.656516 0.656516 0.656516 0.692961 0.729856 0.753440 0.781275 0.906490 0.983402 1.00613 1.01959 1.20187 1.31788 1.31788 1.31410 1.25876 1.19567 1.18569 1.18184 1.18184 1.18184 1.18184 1.16583 0.974319 0.936056 0.916529 0.840747 0.715048 0.652067 0.631733 0.606768 0.537706 0.496368 0.463970 0.440781 0.421999 0.403195 0.407910 0.409283 0.409058 0.409058 0.414843 0.494721 0.581529 0.638434 0.663796 0.739387 0.827538 0.852089 0.873994 0.895899 0.889646 0.881579 0.876363 0.866496
0.553081 0.497533 0.518437 0.647169 0.656516 0.656516 0.656516 0.656516 0.656516 0.665075 0.686121 0.707257 0.728370 0.749494 0.772746 0.831583 0.830396 0.830396 0.889231 1.02909 1.02204 1.02077 1.09978 1.29425 1.28144 1.26792 1.25658 1.17110 1.16198 1.15703 1.15203 1.14708 1.14212 1.13385 0.999878 0.882744 0.817464 0.718929 0.617139 0.521900 0.502326 0.486474 0.438228 0.385005 0.382155 0.382155 0.382155 0.382155 0.392467 0.409058 0.409540 0.427531 0.459199 0.557877 0.677621 0.790699 0.817403 0.855956 0.941199 0.942039 0.942039 0.942039 0.932966 0.870331 0.864956 0.864956
0.596190 0.496679 0.503440 0.623305 0.670314 0.691461 0.712596 0.733731 0.754833 0.767421 0.767521 0.767521 0.767521 0.767521 0.767521 0.822778 0.870358 0.896939 0.940483 1.15066 1.16620 1.18736 1.22226 1.22271 1.21495 1.21420 1.21420 1.16328 1.13187 1.12150 1.10760 1.09425 1.07855 1.04460 0.961230 0.744815 0.698149 0.634593 0.564845 0.467946 0.456715 0.456715 0.444663 0.382155 0.382155 0.384713 0.390776 0.409072 0.444210 0.518675 0.564181 0.590060 0.602881 0.643719 0.728217 0.849265 0.857902 0.857902 0.924839 0.942039 0.942039 0.942039 0.942039 0.885264 0.865758 0.864956
0.727790 0.630412 0.638526 0.713610 0.767475 0.769390 0.788202 0.811031 0.833930 0.860930 0.890324 0.918943 0.946727 0.973670 0.997392 1.02832 1.09225 1.09575 1.10969 1.28625 1.32922 1.31635 1.29853 1.23970 1.20631 1.19232 1.17882 1.15362 1.08879 1.06064 1.02642 0.993354 0.964190 0.949900 0.940425 0.723126 0.667976 0.622953 0.575364 0.506912 0.462802 0.471467 0.486614 0.439301 0.462626 0.496718 0.528524 0.545454 0.545599 0.578914 0.604226 0.604226 0.604226 0.614307 0.706719 0.806572 0.857902 0.857902 0.897664 0.942039 0.942039 0.942039 0.942039 0.905226 0.870505 0.864956
0.983817 0.800274 0.723776 0.796266 1.03719 1.09348 1.10051 1.10372 1.10683 1.10781 1.10814 1.11014 1.11278 1.11887 1.14242 1.17917 1.33451 1.38102 1.42746 1.49467 1.31790 1.27831 1.27831 1.25755 1.22476 1.22476 1.22476 1.22476 1.11335 0.989160 0.985297 0.985297 0.985297 0.985277 0.978497 0.817640 0.674962 0.638740 0.584904 0.541136 0.561197 0.591381 0.613011 0.581496 0.545599 0.545599 0.545599 0.545599 0.545599 0.555977 0.604226 0.604226 0.604226 0.604226 0.667084 0.760461 0.857902 0.857902 0.868084 0.941548 0.944409 0.943342 0.922069 0.879723 0.803540 0.771618
1.05448 0.941764 0.778312 0.807678 1.02743 1.12994 1.15122 1.18114 1.21109 1.24481 1.28211 1.31708 1.35269 1.38212 1.38684 1.38684 1.44341 1.49727 1.49967 1.57704 1.36367 1.27831 1.27831 1.27345 1.22517 1.22476 1.22476 1.22476 1.16771 1.00664 0.959029 0.935049 0.910296 0.885576 0.867461 0.791446 0.643092 0.656139 0.623723 0.591126 0.620970 0.630811 0.630811 0.608119 0.545599 0.545599 0.545599 0.545599 0.545599 0.545120 0.588233 0.599505 0.600110 0.616665 0.652273 0.749709 0.819144 0.792456 0.760719 0.812880 0.812592 0.792262 0.787024 0.783173 0.699019 0.668008
1.10767 1.06228 0.908606 0.946617 1.21466 1.38338 1.39131 1.38684 1.38684 1.38684 1.38684 1.38684 1.38684 1.38684 1.38684 1.38684 1.40137 1.49661 1.49727 1.55122 1.45006 1.29155 1.27831 1.27195 1.21441 1.17702 1.14402 1.11103 1.07657 0.932352 0.852248 0.851245 0.859101 0.878617 0.898234 0.895608 0.724325 0.707157 0.662615 0.603370 0.606749 0.623786 0.595978 0.592665 0.520828 0.515492 0.518001 0.522944 0.529464 0.541652 0.578856 0.643295 0.653626 0.640026 0.626801 0.650443 0.660045 0.649331 0.637821 0.661108 0.702598 0.690922 0.663735 0.631659 0.533488 0.490849
1.10130 1.10787 1.10787 1.10787 1.27218 1.36083 1.38684 1.38684 1.38684 1.38684 1.38684 1.38684 1.38684 1.38684 1.38684 1.38684 1.38684 1.46749 1.48177 1.48799 1.46511 1.23995 1.15083 1.12419 1.08163 1.04602 1.04602 1.04602 1.05020 1.00392 0.911506 0.911319 0.923073 0.923181 0.923181 0.922527 0.761182 0.707157 0.680109 0.625147 0.607934 0.654294 0.619082 0.629027 0.584760 0.572271 0.587436 0.601003 0.611505 0.609628 0.608504 0.601750 0.594526 0.590749 0.585125 0.590669 0.624196 0.613418 0.572509 0.549065 0.592553 0.571431 0.548925 0.530300 0.470352 0.381071
1.08897 1.10787 1.10787 1.10787 1.27618 1.35534 1.38684 1.38684 1.38684 1.38684 1.38684 1.38684 1.38684 1.38680 1.38675 1.38671 1.38667 1.38971 1.39404 1.39829 1.45160 1.26326 1.10413 1.09957 1.09125 1.06525 1.09136 1.11748 1.13964 1.12537 0.985143 0.927743 0.929215 0.925179 0.918222 0.911518 0.804578 0.704805 0.697958 0.722122 0.692791 0.736531 0.716192 0.705342 0.667276 0.595385 0.590574 0.585309 0.581369 0.581222 0.581222 0.577651 0.575082 0.575082 0.572060 0.559703 0.551802 0.516709 0.467850 0.460279 0.469543 0.464201 0.462960 0.462960 0.452599 0.349256
1.07006 1.10787 1.10787 1.10787 1.20280 1.40248 1.38684 1.38683 1.38679 1.38674 1.38670 1.38666 1.38662 1.38662 1.38662 1.38662 1.38662 1.38685 1.39354 1.38071 1.39211 1.28009 1.10974 1.06921 1.07406 1.13750 1.15584 1.14239 1.12777 1.11240 1.01116 0.907850 0.891201 0.894438 0.901007 0.908096 0.858751 0.767223 0.759414 0.804654 0.691818 0.701563 0.713106 0.680639 0.672519 0.582226 0.581222 0.581222 0.583372 0.594657 0.600474 0.584773 0.564522 0.549862 0.538603 0.536138 0.514059 0.490615 0.469858 0.458041 0.459630 0.462957 0.462960 0.462960 0.462960 0.372419
1.05559 1.10372 1.10781 1.10771 1.12265 1.40195 1.42562 1.38204 1.37560 1.36672 1.34073 1.31227 1.30391 1.29017 1.26755 1.24397 1.21925 1.19907 1.20926 1.23740 1.26398 1.22370 1.06525 0.971907 0.964379 1.04448 1.11103 1.12599 1.14312 1.16101 1.13649 1.02037 0.996348 1.02209 1.04877 1.07676 1.03973 0.862331 0.800133 0.819143 0.722626 0.690160 0.721748 0.689155 0.700921 0.632414 0.615692 0.603513 0.586190 0.561550 0.542313 0.540862 0.536715 0.535490 0.535490 0.535490 0.530459 0.491046 0.480333 0.458041 0.458674 0.462201 0.462960 0.462960 0.459476 0.392239
1.02747 1.05942 1.07399 1.07065 1.06477 1.42335 1.45845 1.30390 1.28862 1.27533 1.27890 1.28593 1.32605 1.38252 1.38558 1.37702 1.36909 1.34384 1.27664 1.21805 1.17113 1.16171 1.27774 1.18390 1.18006 1.22556 1.34502 1.34502 1.32291 1.27875 1.23629 1.18174 1.18558 1.18583 1.18583 1.18583 1.16897 0.867867 0.820936 0.840768 0.838393 0.773636 0.793883 0.703375 0.674085 0.610013 0.544471 0.540862 0.540862 0.540862 0.540862 0.540862 0.538889 0.535490 0.535490 0.535490 0.535490 0.502834 0.489412 0.459447 0.452021 0.442621 0.431144 0.419901 0.412107 0.398793
1.01323 1.01796 1.02101 1.01443 1.01323 1.45492 1.64925 1.37007 1.29993 1.26058 1.21668 1.18502 1.16229 1.15911 1.12782 1.10370 1.08072 1.06594 1.06560 1.07058 1.07179 1.07195 1.23571 1.25564 1.14119 1.10677 1.20492 1.17706 1.15843 1.15843 1.15843 1.17090 1.16860 1.14301 1.12662 1.11334 1.10009 0.828888 0.853957 0.955736 0.980116 0.841401 0.844065 0.773888 0.787068 0.722496 0.540862 0.540862 0.540862 0.540862 0.540862 0.540862 0.540682 0.535872 0.535490 0.536212 0.549694 0.537649 0.458540 0.428711 0.421141 0.433658 0.446503 0.459386 0.462507 0.452166
1.01323 1.01323 1.01323 1.01323 0.830872 0.910607 1.18775 1.09991 1.03954 1.04432 1.05215 1.05223 1.05227 1.06410 1.06560 1.06560 1.06560 1.06560 1.06509 1.04387 1.01288 0.980711 1.01037 1.12342 1.02149 1.02039 1.10620 1.13056 1.10778 1.09401 1.08076 1.07011 1.09819 1.12657 1.15637 1.17968 1.19495 1.04974 0.965346 1.08223 1.09224 0.970744 0.938418 0.882512 0.855721 0.841565 0.578205 0.564773 0.566278 0.567811 0.569360 0.572836 0.590431 0.601563 0.603245 0.611986 0.615118 0.609574 0.450967 0.424749 0.403085 0.399193 0.388885 0.381675 0.390215 0.420276
1.00945 1.01323 1.01323 1.01323 0.796145 0.600156 1.04422 1.06788 1.05555 1.05223 1.05223 1.05092 1.04662 1.04905 1.03832 1.00112 0.965941 0.948185 0.928510 0.919273 0.924049 0.911918 0.895167 1.02512 0.958607 0.937541 0.975992 1.06853 1.12882 1.16592 1.19049 1.21362 1.24469 1.25364 1.24436 1.23712 1.23658 1.14322 0.976532 1.06444 1.06921 1.02730 0.938085 0.914635 0.871861 0.861804 0.634211 0.505345 0.516205 0.528037 0.543431 0.565606 0.576767 0.591068 0.604671 0.623313 0.635942 0.648616 0.554245 0.456153 0.458123 0.458992 0.459927 0.484167 0.522495 0.568606
0.871014 0.903237 0.893960 0.885091 0.837787 0.553325 0.916268 0.980170 0.993866 0.982124 0.959400 0.932305 0.909701 0.884855 0.861428 0.860840 0.861550 0.886178 0.908042 0.893032 0.801867 0.734216 0.722552 0.803003 0.877029 0.918824 0.921793 1.03164 1.15315 1.23275 1.22347 1.21470 1.21784 1.22849 1.21840 1.20836 1.19626 1.13739 0.887902 0.908697 0.952877 0.947659 0.879228 0.884011 0.860895 0.882501 0.811252 0.611465 0.633590 0.655144 0.672778 0.680251 0.683669 0.683669 0.671465 0.667383 0.667383 0.668692 0.652963 0.531647 0.582650 0.637608 0.666958 0.617877 0.602849 0.609228
0.725926 0.824832 0.826822 0.826822 0.826822 0.603204 0.774543 0.885226 0.903257 0.884843 0.880315 0.874279 0.872980 0.861972 0.836921 0.822612 0.808876 0.803782 0.830860 0.827785 0.796295 0.714353 0.714360 0.754980 0.858100 0.917852 0.922223 0.951740 0.988818 1.14357 1.12835 1.10952 1.09115 1.09972 1.09514 1.08637 1.07960 1.07728 0.815990 0.803244 0.928592 0.946730 1.02544 1.04976 1.04080 1.03182 1.01996 0.699079 0.683669 0.683669 0.683669 0.683392 0.674078 0.664159 0.681848 0.704009 0.743590 0.786438 0.820083 0.809509 0.752367 0.752367 0.750297 0.728635 0.732577 0.756886
0.711067 0.757461 0.743990 0.704470 0.669573 0.583180 0.621131 0.824359 0.852649 0.853586 0.845543 0.821888 0.807968 0.804332 0.796890 0.800874 0.807430 0.814726 0.858744 0.868904 0.874932 0.784916 0.769666 0.765690 0.869359 0.908820 0.929823 0.895847 0.855427 1.03002 1.05516 1.05600 1.06040 1.07480 1.09319 1.09876 1.11202 1.13040 0.957332 0.891454 0.975171 0.999343 1.08058 1.08224 1.07309 1.03339 1.03210 0.794254 0.664703 0.675300 0.701660 0.739887 0.794160 0.852658 0.862829 0.843098 0.886508 0.956297 1.02218 1.07826 1.01946 1.06970 1.10713 1.08395 0.989042 0.942961
0.500185 0.529467 0.627495 0.622065 0.617192 0.603615 0.501963 0.837809 0.880011 0.938287 0.945305 0.929943 0.929431 0.937750 0.941404 0.944164 0.946759 0.949293 0.993124 1.02222 1.03518 1.00139 0.967241 0.997238 0.980462 1.01376 1.07384 1.07050 1.02531 1.13844 1.24689 1.25559 1.28217 1.31081 1.30156 1.31458 1.32110 1.32110 1.12506 0.908540 0.928658 1.02195 1.03822 1.08016 1.08359 1.08135 1.12294 1.05716 0.819156 0.872355 0.952146 1.01886 1.08189 1.14155 1.19810 1.24096 1.25208 1.25208 1.25208 1.25523 1.15753 1.11766 1.11672 1.11471 1.05486 1.04761
0.381272 0.398150 0.573598 0.596300 0.638899 0.645079 0.527000 0.899188 0.944932 1.04899 1.04193 1.02387 1.01527 1.02713 1.03522 1.04314 1.05130 1.05976 1.08801 1.12708 1.12659 1.11331 1.01669 1.02764 1.01428 1.02816 1.08251 1.11871 1.09984 1.15140 1.35755 1.38173 1.38330 1.38330 1.34025 1.32598 1.35500 1.38791 1.31403 1.00968 1.03908 1.04906 1.02497 1.14869 1.17175 1.21145 1.22721 1.18770 1.21436 1.26945 1.27108 1.27108 1.27108 1.27108 1.27108 1.26838 1.25218 1.25208 1.25210 1.27712 1.28334 1.18061 1.19959 1.19870 1.13080 1.05069
0.432540 0.432540 0.526086 0.598469 0.643414 0.655038 0.606913 0.842957 0.983361 1.11610 1.15555 1.12431 1.07037 1.05963 1.05918 1.05918 1.05918 1.05918 1.07057 1.12643 1.12643 1.12643 1.05613 1.05965 1.09616 1.11719 1.18113 1.22806 1.19785 1.17121 1.36124 1.43784 1.48414 1.53829 1.57506 1.52959 1.55280 1.54756 1.49745 0.971659 0.920602 0.872444 0.898001 1.12098 1.14005 1.14309 1.17326 1.17398 1.20016 1.27108 1.27108 1.27108 1.27108 1.27108 1.27203 1.30409 1.33739 1.38601 1.46429 1.52261 1.54954 1.34609 1.32255 1.34848 1.35158 1.27574
0.432540 0.432540 0.456653 0.597084 0.626986 0.655038 0.655038 0.828873 1.03089 1.10659 1.17032 1.13738 1.07669 1.05965 1.05918 1.05918 1.05918 1.06287 1.08654 1.17515 1.20587 1.23165 1.20714 1.13719 1.17015 1.17855 1.22367 1.32975 1.36500 1.36019 1.50778 1.65562 1.64064 1.62100 1.60115 1.47185 1.41653 1.39422 1.37233 0.922783 0.826552 0.826552 0.832690 1.04836 1.14005 1.14005 1.16462 1.18955 1.20315 1.36265 1.39827 1.47266 1.56505 1.65926 1.74768 1.80404 1.85275 1.92388 1.95008 1.97142 1.98863 1.79215 1.59113 1.56420 1.44503 1.32227
0.431590 0.431176 0.430745 0.568588 0.621695 0.671928 0.674432 0.790180 1.07299 1.11262 1.23347 1.23180 1.15091 1.12697 1.15841 1.18920 1.21981 1.24539 1.24530 1.24565 1.24890 1.25789 1.26950 1.26868 1.36029 1.39151 1.42582 1.51024 1.57474 1.52557 1.53233 1.55474 1.52732 1.49883 1.47055 1.41876 1.36190 1.38136 1.40055 1.10723 0.925310 0.962467 0.997107 1.14383 1.39079 1.43450 1.47821 1.52828 1.58494 1.88173 1.97586 1.98882 1.97687 1.96617 1.96456 1.96456 1.96580 2.01776 2.02309 2.02309 2.01469 1.84465 1.43513 1.35588 1.22969 1.17569
0.421811 0.421811 0.421811 0.515263 0.646626 0.697667 0.705298 0.731709 1.11615 1.12964 1.28609 1.30831 1.26256 1.18894 1.24699 1.25010 1.26140 1.27700 1.30389 1.33303 1.35945 1.37987 1.39481 1.40954 1.45207 1.48878 1.48173 1.51432 1.59223 1.54549 1.52469 1.53554 1.54371 1.55123 1.58665 1.61988 1.54450 1.56349 1.58011 1.40621 1.07564 1.07224 1.08398 1.14494 1.62342 1.76891 1.81265 1.72160 1.70217 1.82292 1.96456 1.96456 1.96456 1.96456 1.96456 1.96456 1.96290 1.93805 1.88791 1.81850 1.76140 1.71227 1.40446 1.30326 1.25152 1.21798
0.421811 0.421811 0.421811 0.428653 0.649615 0.723623 0.766452 0.775146 1.11942 1.10815 1.17908 1.30279 1.34099 1.25279 1.32672 1.37929 1.39736 1.41216 1.42143 1.42834 1.43524 1.44002 1.44312 1.44610 1.44469 1.42794 1.39184 1.37465 1.46221 1.50830 1.56228 1.60732 1.66922 1.70271 1.70525 1.70525 1.62526 1.57328 1.59473 1.55196 1.17146 1.20860 1.23401 1.22595 1.47185 1.78786 1.78786 1.73507 1.69902 1.72540 1.96456 1.96962 1.98897 1.96000 1.88303 1.81318 1.75077 1.73861 1.78051 1.77395 1.74244 1.70791 1.44296 1.18417 1.13381 1.06524
