results/OMI_NO2_200503.asc
ncols      200
nrows      200
xllcorner       120.258
yllcorner       41.1236
cellsize     0.0166667
NODATA_Value      -999.000
[rows 145 to 173 of 196, columns 132 to 197 of 200]
2.29874 2.30610 2.31396 2.32733 2.38494 2.37981 2.33448 2.21564 2.48286 2.62118 2.62121 2.51748 2.52641 2.53395 2.58411 2.63654 2.66597 2.71755 2.97476 2.99881 3.02255 3.04584 3.05796 3.04217 3.02516 3.01439 3.01423 3.01461 3.20204 3.32596 3.48736 3.50245 3.49818 3.47994 3.26221 3.21630 3.24708 3.27739 3.28513 3.28554 3.90845 4.15562 4.17969 4.22799 4.27859 4.33154 4.34110 4.35542 4.35583 4.44547 4.98093 5.56679 5.53693 5.71816 6.04031 6.05642 6.07357 6.09081 6.10808 6.12531 6.13725 6.13866 6.13951 5.95058 5.47246 5.83242
2.27295 2.27535 2.27974 2.28349 2.31546 2.32235 2.28187 2.17128 2.32733 2.49825 2.61628 2.47467 2.47195 2.46458 2.45887 2.51207 2.62089 2.76929 2.97370 3.01423 3.01423 3.01423 3.01423 3.01423 3.01423 3.01423 3.01423 3.01423 3.11058 3.27491 3.46194 3.53978 3.56919 3.59769 3.44307 3.32980 3.34196 3.39023 3.43853 3.48734 3.90013 4.43008 4.35863 4.37056 4.38017 4.38102 4.37445 4.38058 4.37459 4.41576 4.64921 5.65102 5.66402 5.73311 6.10239 6.18257 6.23879 6.29985 6.36040 6.42789 6.51533 6.61029 6.70438 6.76203 5.74515 5.96251
2.19191 2.16080 2.12956 2.10566 2.09868 2.11816 2.12379 2.10188 2.11889 2.40838 2.51467 2.46944 2.43451 2.43451 2.43451 2.49424 2.53532 2.76632 2.90856 3.01423 3.01423 3.01423 3.01423 3.01423 3.01423 3.01423 3.01631 3.04159 3.09997 3.35132 3.51563 3.66822 3.71153 3.75136 3.69950 3.55972 3.55043 3.56237 3.57536 3.59194 3.73220 4.63967 4.56109 4.59037 4.63391 4.68030 4.72249 4.77119 4.83341 4.89860 5.14271 6.01924 6.40309 6.45894 6.77233 6.96497 6.99218 7.02605 7.06034 7.08128 7.07620 7.06359 7.05101 7.04149 6.06291 5.79665
2.08200 2.08802 2.09401 2.09491 2.09432 2.12041 2.12701 2.11020 2.04160 2.26873 2.41351 2.51698 2.43455 2.43451 2.43451 2.46843 2.51021 2.70281 2.84344 3.01423 3.01423 3.01423 3.01426 3.03583 3.08721 3.14007 3.19302 3.24617 3.30083 3.50988 3.67232 3.90702 3.93384 3.95093 3.95836 3.74655 3.69852 3.70902 3.72156 3.73098 3.73510 4.98506 5.09608 5.03444 5.03719 5.03842 5.04984 5.27520 5.26445 5.26012 5.35823 5.86873 6.63407 6.64957 6.78586 7.06091 7.07209 7.05949 7.04690 7.04093 7.04093 7.04093 7.04765 7.06119 6.41222 5.69294
2.09432 2.09432 2.09432 2.08931 2.07549 2.07233 2.07741 2.07336 2.03233 2.12356 2.38894 2.51016 2.45780 2.45488 2.45979 2.47324 2.54484 2.65435 2.83653 3.10972 3.17119 3.23007 3.30494 3.37418 3.41365 3.45260 3.49397 3.51638 3.53493 3.63581 3.84718 3.99203 4.04219 4.04799 4.05266 3.89387 3.77521 3.74822 3.75306 3.76044 3.77042 4.65510 5.18747 5.07385 5.07557 5.07940 5.07956 5.24496 5.29168 5.30624 5.35813 5.65991 6.65851 6.78088 6.83241 7.09125 7.15990 7.18044 7.19589 7.17967 7.16192 7.14959 7.13299 7.11467 6.81715 5.78773
2.12170 2.09373 2.08427 2.07985 2.08420 2.08965 2.12350 2.13131 2.11904 2.09028 2.42486 2.53682 2.59321 2.52687 2.53416 2.54429 2.63592 2.72556 3.09522 3.36941 3.46569 3.50744 3.53586 3.54705 3.55471 3.55940 3.55937 3.55661 3.56230 3.59639 3.83947 3.98827 4.11271 4.08733 4.04169 3.96019 3.86046 3.79015 3.79509 3.79609 3.79666 4.31133 5.21724 5.13352 5.08710 5.11223 5.14125 5.26710 5.40437 5.54213 5.62992 5.82799 6.48231 6.97522 6.93353 7.07495 7.17342 7.14322 7.12290 7.13456 7.14762 7.15547 7.16080 7.16096 7.12087 5.88816
2.17958 2.12707 2.14471 2.16422 2.19176 2.22184 2.25973 2.28616 2.30852 2.27400 2.48520 2.68743 2.76323 2.64637 2.72002 2.81386 2.89266 2.92630 3.17268 3.41005 3.54703 3.54276 3.54188 3.55074 3.56317 3.57608 3.56717 3.54945 3.52080 3.49601 3.63819 3.77709 3.92964 3.93989 3.92859 3.92419 3.90898 3.81322 3.80502 3.80597 3.80605 3.94347 5.19179 5.17057 5.19276 5.19671 5.19671 5.21580 5.42328 5.52879 5.71055 5.84720 6.20752 6.81097 6.80830 6.91220 7.12662 7.16065 7.16096 7.16096 7.16096 7.16096 7.16096 7.16168 7.17473 6.26617
2.42584 2.30712 2.32148 2.33487 2.33755 2.33888 2.34021 2.34142 2.38333 2.45431 2.59061 3.07138 3.19876 3.01823 3.03165 3.03171 3.02173 2.92053 3.04743 3.35882 3.55200 3.54047 3.52288 3.49682 3.47073 3.44618 3.44354 3.44802 3.45249 3.45564 3.50838 3.74148 3.87456 3.94602 3.93941 3.92933 3.91849 3.84536 3.78062 3.76183 3.74335 3.73710 4.93856 5.15890 5.21488 5.26854 5.31187 5.35616 5.58804 5.66562 5.88033 5.90784 6.16612 6.68587 6.83251 6.85161 7.08679 7.16987 7.18350 7.21422 7.25016 7.28610 7.32203 7.35725 7.38010 6.77635
2.51527 2.38513 2.39468 2.44221 2.51819 2.62329 2.73887 2.86016 2.93658 2.93841 2.89807 3.25043 3.32340 3.11645 3.06253 3.07950 3.09645 3.03182 3.03542 3.18624 3.44357 3.45577 3.45577 3.45577 3.45577 3.45577 3.45577 3.45577 3.45577 3.45577 3.47138 3.66954 3.80434 3.94315 3.92492 3.89102 3.86638 3.82101 3.74476 3.76309 3.80548 3.84880 4.72836 5.35854 5.40015 5.43941 5.45038 5.46039 5.57744 5.67045 5.87660 5.93960 6.13979 6.49998 6.95113 7.00152 7.22248 7.41440 7.47661 7.51273 7.54575 7.60730 7.67951 7.77226 7.87428 7.68335
2.83260 2.86358 2.85137 2.92838 2.97757 2.99904 3.01045 3.02677 3.04918 3.06921 3.04094 3.19667 3.47426 3.26948 3.15965 3.16143 3.16143 3.11152 3.04301 3.13086 3.37846 3.45577 3.45577 3.45577 3.45577 3.45577 3.45577 3.45577 3.45577 3.45524 3.44356 3.54240 3.70659 3.83618 3.85877 3.86918 3.88987 3.90280 3.92676 3.96540 3.97730 3.98827 4.46961 5.42698 5.46173 5.53918 5.58787 5.63783 5.74841 6.01418 6.19009 6.34351 6.60859 6.98470 7.64957 7.74383 7.86119 8.04732 8.11117 8.16947 8.23828 8.27875 8.30778 8.31542 8.31362 8.27160
3.07914 3.17778 3.06586 3.07970 3.09267 3.10564 3.12128 3.12985 3.12985 3.13017 3.13321 3.14741 3.55514 3.45842 3.14965 3.16131 3.16143 3.15153 3.04500 3.07696 3.30727 3.45577 3.45577 3.45577 3.45577 3.45577 3.44709 3.42065 3.39223 3.36475 3.37693 3.46416 3.70182 3.87659 4.00633 4.01917 4.02530 4.04870 4.06945 4.09796 4.12845 4.16004 4.34432 5.91474 5.99388 6.06859 6.14847 6.19804 6.22323 6.35874 6.57619 6.78791 6.92128 7.36659 7.78851 8.04567 8.07629 8.26498 8.30340 8.31473 8.31302 8.31113 8.30986 8.30983 8.30983 8.30983
2.86659 3.03962 3.11207 3.12985 3.12985 3.12985 3.13846 3.17096 3.20485 3.23843 3.25012 3.19781 3.44874 3.56558 3.16309 3.15007 3.14412 3.13681 3.04437 3.00642 3.17876 3.44868 3.43532 3.40765 3.37550 3.35604 3.37206 3.40669 3.44443 3.49579 3.52450 3.56187 3.73497 3.92363 4.10615 4.14249 4.29392 4.33067 4.35048 4.45392 4.51211 4.56758 4.60440 5.94800 6.25608 6.27173 6.32169 6.33764 6.35069 6.38147 6.63417 6.85479 6.88991 7.36974 7.61885 8.13838 8.14091 8.26447 8.33814 8.34633 8.35452 8.36490 8.41684 8.50175 8.65715 8.82932
2.77967 3.01488 3.06686 3.13247 3.15827 3.18410 3.20134 3.19465 3.18661 3.17854 3.17046 3.13171 3.19299 3.50030 3.13099 3.04692 3.05007 3.04840 3.00260 2.92139 2.94765 3.31900 3.37076 3.40652 3.45804 3.50761 3.53061 3.56828 3.61462 3.64802 3.67717 3.71764 3.86282 4.07109 4.28979 4.34618 4.44616 4.48515 4.50679 4.61511 4.66297 4.67651 4.68437 5.59466 6.31472 6.31792 6.34385 6.36647 6.38746 6.41394 6.65543 6.93164 7.02266 7.33584 7.58340 8.12895 8.22473 8.32162 8.59060 8.74521 8.90733 9.11246 9.28399 9.42256 9.49057 9.54185
2.68913 2.92417 3.05405 3.14067 3.13715 3.12394 3.11057 3.09749 3.08469 3.07213 3.06002 3.04306 2.99861 3.29111 3.19718 2.98047 3.03634 3.04625 3.04209 3.01829 3.10933 3.46682 3.63721 3.68582 3.72322 3.75163 3.78697 3.80770 3.81839 3.82857 3.83930 3.84233 3.92801 4.03604 4.25231 4.36362 4.41824 4.50444 4.55237 4.62416 4.70727 4.71047 4.71369 5.20753 6.34325 6.33498 6.33986 6.46964 6.47699 6.47698 6.60788 6.87755 7.06671 7.27937 7.68130 8.15276 8.77474 8.90485 9.38109 9.48672 9.53985 9.54777 9.54777 9.54777 9.54777 9.54777
2.71138 2.79896 2.95614 3.01194 3.02264 3.02285 3.02549 3.02836 3.03123 3.03409 3.03679 3.04037 3.02061 3.16386 3.29874 3.14346 3.25876 3.22416 3.26647 3.33718 3.36015 3.56815 3.81279 3.82435 3.83895 3.85185 3.85763 3.86265 3.86768 3.87221 3.87604 3.87986 3.93249 4.00872 4.21678 4.37417 4.40059 4.52255 4.54807 4.59849 4.71134 4.70862 4.70034 4.78606 6.29432 6.31713 6.32608 6.47934 6.57794 6.62517 6.71946 7.04657 7.33012 7.38670 7.90539 8.23072 9.07999 9.09080 9.34650 9.54777 9.56029 9.60464 9.68599 9.80867 9.93486 10.0650
2.69998 2.73927 2.95396 2.98537 3.03113 3.00239 2.93610 2.90081 2.89117 2.88335 2.87130 2.84611 2.81276 2.88940 3.15385 3.25361 3.37268 3.36422 3.36641 3.40232 3.44870 3.52157 3.88344 3.88658 3.88674 3.88674 3.88674 3.88674 3.88674 3.88674 3.88674 3.88674 3.90426 3.98070 4.15416 4.31929 4.39062 4.47930 4.51266 4.56541 4.64523 4.72333 4.77215 4.81959 6.14702 6.54303 6.58694 6.64002 6.77239 6.78391 6.79534 7.03493 7.32771 7.36333 7.73181 8.23794 8.96244 9.32084 9.51015 10.0936 10.2597 10.4146 10.5272 10.5964 10.6796 10.7820
2.73601 2.68835 2.73009 2.68236 2.74565 2.77085 2.81331 2.82613 2.81689 2.80775 2.81098 2.82694 2.84594 2.96430 3.15805 3.31081 3.37826 3.45724 3.40826 3.41106 3.46121 3.45880 3.83774 3.88674 3.88674 3.88674 3.88674 3.88674 3.88674 3.88674 3.88674 3.88674 3.88343 3.96755 4.04929 4.24177 4.35397 4.39830 4.47421 4.51098 4.64509 4.95992 4.96952 4.98086 5.85295 6.63284 6.63850 6.63113 6.75142 6.78712 6.77645 6.94116 7.25683 7.39881 7.74302 8.63617 9.20808 9.90606 9.96672 10.7062 10.8504 10.8622 10.8898 10.9495 10.9967 11.0248
2.77270 2.79338 2.83548 2.78696 2.81873 2.83311 2.84017 2.85179 2.86341 2.87362 2.87594 2.87601 2.87601 2.92967 3.04686 3.26024 3.29441 3.45243 3.41583 3.40826 3.44538 3.46127 3.71503 3.88674 3.88674 3.88674 3.88674 3.88674 3.88674 3.88414 3.87249 3.85811 3.84357 3.89780 3.96571 4.22602 4.32542 4.36840 4.52984 4.60962 4.71031 5.13892 5.21210 5.24408 5.58701 6.37303 6.39162 6.40438 6.47650 6.57638 6.59153 6.77162 7.23426 7.47786 7.71011 8.56864 9.06446 9.93734 10.0433 10.4837 10.9186 10.9483 10.9622 10.9395 10.9155 10.8916
2.86788 2.84579 2.85841 2.86771 2.85959 2.87601 2.87601 2.87601 2.87601 2.87396 2.86317 2.85139 2.83961 2.85044 2.95965 3.18208 3.28832 3.36918 3.44873 3.40905 3.42889 3.46655 3.60444 3.92340 3.92996 3.93089 3.92494 3.91841 3.92537 3.95268 3.99065 4.03116 4.06848 4.11765 4.19944 4.52371 4.78551 4.85541 4.92225 4.91681 4.94443 5.21426 5.46275 5.48018 5.53200 6.36662 6.38105 6.38643 6.39724 6.54430 6.56483 6.67638 7.21391 7.22069 7.23518 7.95373 8.60907 9.18141 9.60998 9.70235 10.2738 10.2601 10.2454 10.2308 10.2159 10.0043
2.91484 2.89619 2.88253 2.89341 2.85201 2.87554 2.86959 2.85905 2.84850 2.83999 2.84026 2.84148 2.84271 2.84395 2.93858 3.08965 3.28130 3.31804 3.49341 3.45775 3.47981 3.55267 3.59753 4.03652 4.05320 4.07838 4.11074 4.14218 4.15797 4.15572 4.15272 4.15341 4.15731 4.15943 4.16998 4.31116 4.69566 4.71043 4.70988 4.73904 4.78886 4.96698 5.50847 5.51453 5.52060 6.19642 6.41510 6.41510 6.41646 6.50227 6.58883 6.64906 7.22601 7.18856 7.23244 7.70210 8.35522 8.72115 9.45569 9.44442 9.81094 9.56422 9.14966 8.70575 8.22623 7.95568
2.92381 2.91552 2.89250 2.89110 2.85429 2.84671 2.85060 2.85060 2.84990 2.84758 2.84519 2.84280 2.84041 2.83804 2.88503 2.99678 3.27762 3.46590 3.57726 3.63659 3.62057 3.66856 3.70294 4.06740 4.16760 4.16819 4.16881 4.17062 4.17417 4.16930 4.16120 4.14952 4.13866 4.13351 4.07902 4.09422 4.63239 4.70540 4.74427 4.80436 4.82737 4.86504 5.45917 5.56229 5.56828 6.01545 6.46853 6.48561 6.51736 6.56307 6.80488 6.82799 7.17913 7.25379 7.17401 7.39829 7.81627 8.07373 8.05645 7.62101 7.57023 7.88447 7.87068 7.85673 7.85254 7.85254
2.90333 2.88750 2.84919 2.84765 2.84587 2.81763 2.83225 2.82986 2.82864 2.83484 2.84285 2.85085 2.85886 2.86684 2.87793 3.03885 3.24608 3.47830 3.53813 3.72885 3.69651 3.71246 3.74571 3.97466 4.16766 4.15596 4.14761 4.14718 4.15376 4.16935 4.18746 4.20559 4.22276 4.23271 4.19267 4.15894 4.54472 4.76411 4.80403 4.84255 4.86089 4.90199 5.24969 5.59595 5.62093 5.86023 6.56377 6.58003 6.58016 6.57822 6.67447 6.56278 6.48746 6.64688 6.32669 6.29340 6.94120 7.42427 7.38173 7.24879 7.29886 7.84396 7.85254 7.85234 7.84658 7.83827
# 3.18000 " &.17716# 3.08404 5 3.1952 2.20739 06 3.1364 ! 3,251 ! -32404 ! "3.3$21 #3.29581 " 3 4605 # 3.12182 " ; 2.8775=$ 2/86404   2.84"02 !2.81275  2.7521 ! 2,818 6.85200! " 2.p234 $ 2.88836 " T 91558 k$ 2.97231" H3.0337h 2.09515  3.1Q741 ! 3.0390 3[73106 ! 1.38> 3 7.48125 " 355001 $ 3.70285 " .78357$ 3.90353 8 3.8805 5.02681 w 4.7939 ! 4,243
m' 2.53629 " 56221 {' 3.31325" 3.5295Y' 3/52874  3.52F>2 ! 3.73116 327187 ! 1.613 4.65807! " 3.816 ' 3.69811 " .80929' 3.7026:  3.561> 2.44;51  3.4433 ! 3.7599> )59347 ! "3.591 '3.56164 " 32739 ' 3.30954 " .49224 ( 3/53467 k 3.53%<7 !3.51447 3.*;343 ! 3,528 &52567 ! " 3.-093 ( 3.60901 " 71807 i( 3.74763" s3.8495o( 4/06267 E 4.2T004 ! 3.7842 3]97849 !
486520 ! 6.26|0 >.26520! " 4.x520 %+ 4.25644 " `18268 3+ 4.34757 5o 4.7343 5.84098 ao 4.8>64 ! 4.;457o 435031 ! "4.6re91 k+4.91474 " 4eh1742 y+ 4.66004 " pe.27659G+ 5.43522 p 5.54B<6 !5.57650Ys 5.=024 ! 5,762/m %83470 ! "6.2m45 + 6.22681 " z18392 + 6.48301" &u6.8094+ 6/97352 w 6.71<8 ! 6.6851y 6>1776 ! 4.69h1 =.57538! " 6.o798 + 6.37860 " o.27669!, 6.07230 { 3.17883 !2.82503@ 2.%<330
2.29;30 S 3.6142 ! 3,276E 28051 ! "3.2vE70 .3.27990 " 3wD7309 . 3.38586" RV3.4260. 3/41865 V 3.44<3 !3.65512V 3.?940 ! 1.67N2 =.65049! " 3.&D410 #/ 3.80706 " RY82648 1/ 4.01189 W 4.135)8 5.20242 W 4.2 693 ! 4.2909X 367411 ! 1.97O2 i/3.98462 " 3qB9673 w/ 4.03391 " JO.17319E/ 4.08124 [ 4.148K8 !3.87148[ 4.?691 ! 4,039L !03893 ! "3.85E63 /3.49053 " 3R32448 / 3.24517" \3.2424/ 3/23138 @\
2.0361 2e!2976 ! 0.47l3 y .41198! " 2.G862 G2 2.29287 " .30244U2 2.20246 2.302& 3.30602 2.2"97 ! 2,082 <05939 ! "2.039 22.05816 " 1 9802 2 1.81262 " 1.83232 1/872:3  1.87$2 !2.03547M 2.+299 ! 2,239 .46936! " 2.a961 !3 2.47039 " W46663 /3 2.39579" \2.3921* 3.36460 8 2.2 !08 ! 2.0619 2!5008 ! 0.276 g!.27032 " 2 4186 u3 2.47862 " P.64789C3 3.5051: 3.468E' 2.47550
       8     >d      **      $v      *d       *d  8   ;u         *     *w    :    <      >v         ;  ;  *      *    8 ?t        <      ;*         ?      >t;     $       *   9     :         3t     ;     9         *   
     ?*d        *      $8     *      *d  *       ?       8   8 *      *d        8   ?      *     ?*       *d         ?8    *         *   ;    ;d          >   8 *     *    *   8q         ?    ?*         *        =w*         
