results/OMI_NO2_201103.asc
ncols      200
nrows      200
xllcorner       120.258
yllcorner       41.1236
cellsize     0.0166667
NODATA_Value      -999.000
[rows 29 to 57 of 166, columns 0 to 64 of 200]
3*                :*                   2*                   9*                  3*             8*             9*                 =*                2*            8*           8*           8*      9*           2*             =*                   2*                     ?*      *        
 :      *    8     >*                  2*                  9*                ;*                     ?*                  =*                 >*             3*                 2*                 ?*                 8*                   ?*                    2*                 <*                
               <*               <*                 =*             2*                 3*               >*         <*              ?*              9*              ?*                    ;*               8*            :*       *       
   *    8     *  :    *          :      *       8    *         2    *      >       *     >  *    8    9*                  >*                3*                2*                  :*                 ;*                  >*                2*                ?*  
          ?*                 ?*                  ?*                9*                     3*                   ?*          =*        :*          >*         <*                     ;*                =*                  :*                 ?*             2*      *   >    *
     ;     *       ;     *        >     *        ?     *       8       *        :     >*                    <*                  :*                =*                 2*                8*             8*                 2*                <*                  8*                9*     
1.04931 1.05293 1.09088 1.09588 1.02469 1.07301 1.22090 1.22135 1.22135 1.22135 1.22456 1.17117 1.05274 1.09210 1.11257 1.08649 1.04175 0.998453 1.02879 1.03628 1.04048 1.04477 1.04909 1.05343 1.05679 1.05703 1.05960 1.12870 1.22680 1.36360 1.71353 2.01025 2.39765 2.62492 2.78993 2.78052 2.66159 2.65467 2.65467 2.65467 2.65446 2.07378 1.93386 1.93386 1.93376 1.92556 1.91212 1.89868 1.88529 1.87967 1.87967 1.94134 2.22260 2.22260 2.22260 2.22260 2.22260 2.22260 1.96523 1.79189 2.05911 2.31107 2.51142 2.03413 1.53903
1.04952 1.04952 1.09997 1.13858 1.08246 1.04292 1.18876 1.27336 1.32089 1.37261 1.40597 1.36274 1.06550 1.00116 0.980217 0.983601 0.987061 0.990515 1.02087 1.05688 1.05703 1.05703 1.05791 1.11924 1.21734 1.45616 1.83379 2.11242 2.33438 2.51185 2.52913 2.52683 2.63066 2.69097 2.76421 2.78974 2.71665 2.65467 2.65467 2.65467 2.65452 2.36700 1.91166 1.89823 1.88491 1.87967 1.87967 1.87967 1.87967 1.87967 1.87967 1.87984 2.15187 2.22260 2.20493 2.16672 2.20299 2.27496 2.35362 2.38666 2.52321 2.82911 2.97738 2.95026 1.80247
1.04952 1.04952 1.08488 1.20993 1.25328 1.21747 1.29662 1.37633 1.33161 1.27707 1.21798 1.18371 1.05612 0.994195 0.996550 0.996623 0.996623 0.996623 1.00167 1.10788 1.23429 1.58251 1.94715 2.22346 2.43735 2.54191 2.53288 2.52694 2.52683 2.52683 2.52683 2.52683 2.56159 2.69059 2.71989 2.78974 2.77648 2.64968 2.63204 2.61860 2.60532 2.57339 1.92997 1.87967 1.87967 1.87967 1.87967 1.87967 1.88881 1.93090 1.96091 1.97356 2.07859 2.23626 2.32617 2.45580 2.59343 2.70463 2.81582 2.97526 3.08467 3.25107 3.29241 3.29241 2.23279
1.17312 1.30460 1.33365 1.29085 1.24437 1.09133 0.997279 1.11627 1.11872 1.09448 1.09348 1.09348 1.07720 0.996749 0.996623 1.03131 1.13221 1.28707 1.44421 2.04120 2.51956 2.54633 2.53705 2.52850 2.52683 2.52683 2.52683 2.52683 2.52683 2.52683 2.52683 2.52683 2.52724 2.65122 2.68077 2.74137 2.74000 2.65588 2.60049 2.60049 2.60049 2.60049 2.20503 1.89692 1.94167 1.98674 2.01580 2.02842 2.04480 2.09577 2.17034 2.32066 2.47837 2.76542 2.88333 2.97517 2.98459 2.98459 2.98459 3.00253 3.08454 3.15990 3.29241 3.29241 2.85297
1.00317 1.04112 0.956437 0.923732 0.997050 0.977685 0.902789 0.970157 1.09348 1.09348 1.09348 1.12156 1.24357 1.32611 1.46102 1.58347 1.63858 1.63276 1.62347 1.82675 2.52684 2.52683 2.52683 2.52683 2.52683 2.52683 2.52683 2.52683 2.52683 2.52324 2.51673 2.51020 2.50379 2.56107 2.66555 2.69333 2.73555 2.71827 2.63033 2.67324 2.71832 2.76338 2.69260 2.07157 2.03580 2.06503 2.16752 2.34495 2.51093 2.60950 2.69678 2.72546 2.72546 2.88527 2.98459 2.98459 2.98459 2.98459 2.98459 2.98459 3.08057 3.18714 3.35113 3.38078 3.38489
0.723827 0.872188 0.874351 0.874351 0.952748 0.998445 0.925701 0.933437 1.23728 1.41735 1.57461 1.70364 1.73895 1.69779 1.62763 1.61834 1.61023 1.60910 1.60910 1.60956 2.35044 2.52683 2.52683 2.52683 2.52683 2.52385 2.51734 2.51083 2.50433 2.50141 2.50141 2.50141 2.50370 2.54840 2.73166 2.79647 2.90326 2.95398 2.86758 2.78621 2.75375 2.76837 3.00580 2.65246 2.54609 2.66355 2.72374 2.72546 2.72546 2.72546 2.72546 2.72546 2.72546 2.78720 2.98459 2.98459 3.00427 3.05978 3.11602 3.17217 3.26031 3.38678 3.39412 3.40180 3.40180
0.709065 0.820972 0.874351 0.895216 0.990732 1.14587 1.27017 1.53039 1.63223 1.73723 1.72865 1.71936 1.71008 1.70234 1.61528 1.60910 1.60910 1.60910 1.60910 1.60910 1.96211 2.52440 2.51795 2.51144 2.50496 2.50142 2.50141 2.50486 2.54409 2.59256 2.64117 2.68969 2.73596 2.74755 2.81767 2.85029 2.85296 2.92282 3.10020 3.36511 3.66324 3.91370 3.95802 3.59617 2.72546 2.72546 2.72546 2.72546 2.72546 2.72546 2.72546 2.72546 2.74247 2.78928 3.07766 3.17398 3.21054 3.21127 3.21127 3.21127 3.21375 3.36199 3.38801 3.40132 3.40180
0.817252 0.947543 1.17855 1.24212 1.24565 1.27835 1.29097 1.49313 1.53291 1.69419 1.70596 1.70596 1.70596 1.70596 1.65022 1.60910 1.60910 1.60716 1.60083 1.59432 1.62030 2.43347 2.50628 2.54744 2.59600 2.64459 2.69306 2.73820 2.74756 2.74756 2.74531 2.74054 2.74213 2.88630 3.11499 3.35584 3.57509 3.78514 3.79248 3.90611 3.95802 3.95802 3.95802 3.94720 2.88708 2.72546 2.72546 2.72546 2.74378 2.78848 2.83345 2.87844 2.90642 2.90680 3.04444 3.21127 3.21127 3.21127 3.21127 3.21127 3.21127 3.26004 3.23061 3.14925 3.08348
1.00610 1.01280 1.22769 1.24565 1.24565 1.24863 1.26227 1.36209 1.51526 1.61577 1.70596 1.70596 1.70596 1.70446 1.68102 1.59499 1.58842 1.59037 1.63310 1.68167 1.73026 2.27227 2.74020 2.74756 2.74756 2.74756 2.74571 2.74097 2.78680 2.97969 3.18579 3.40083 3.60984 3.67660 3.68136 3.72768 3.72248 3.76497 3.79248 3.82777 3.95792 3.95802 3.95802 3.95802 3.40818 2.78991 2.83490 2.87989 2.90658 2.90680 2.90680 2.90680 2.90680 2.90680 2.93872 3.20872 3.21127 3.19797 3.14509 3.10406 3.07920 3.06180 3.03199 3.02493 2.98611
1.00610 1.00610 1.13676 1.24565 1.24565 1.24565 1.25722 1.27021 1.49218 1.53233 1.69346 1.69239 1.68787 1.69683 1.71250 1.72699 1.78214 1.82423 1.82982 1.82982 1.82982 1.94489 2.73579 2.74371 2.87090 3.07319 3.27753 3.49012 3.65502 3.67285 3.67974 3.68039 3.68039 3.68039 3.68039 3.71253 3.72342 3.73398 3.79217 3.79248 3.93568 4.02394 4.06893 4.11394 4.04354 2.94550 2.90680 2.90680 2.90680 2.90680 2.90680 2.90799 2.92628 2.93844 2.91958 3.03826 3.06684 3.05531 3.08038 3.05752 3.00781 2.95808 2.87130 2.80966 2.81628
1.03182 1.03857 1.08173 1.24565 1.24565 1.24491 1.23890 1.24554 1.37143 1.50957 1.64923 1.74298 1.75697 1.75897 1.75897 1.78614 1.82982 1.82982 1.82866 1.83661 1.91721 2.00959 2.96643 3.57737 3.66066 3.66909 3.67742 3.68039 3.68039 3.68039 3.68039 3.68039 3.68039 3.68039 3.68039 3.68901 3.72941 3.71536 3.84306 3.94980 4.01754 4.13936 4.13936 4.13936 4.13936 3.36232 2.91054 2.93215 2.95609 2.96705 2.94769 2.92717 2.90696 2.89885 2.90404 2.92668 2.97798 2.92825 2.88147 2.87082 2.87082 2.87082 2.86092 2.80837 2.81133
1.04390 1.04381 1.03882 1.20601 1.24965 1.25811 1.27549 1.29895 1.32213 1.54561 1.59035 1.75802 1.75897 1.75897 1.75809 1.78921 1.94371 2.04005 2.13352 2.21823 2.23613 2.24455 2.63483 3.68005 3.68039 3.68039 3.68039 3.68039 3.68039 3.68039 3.68039 3.68039 3.67866 3.67374 3.66875 3.66377 3.70540 3.70315 3.77522 3.97383 3.97398 4.11229 4.17057 4.19451 4.21845 3.96329 2.97215 2.93000 2.89712 2.88430 2.87204 2.85567 2.82182 2.78206 2.76003 2.76290 2.86185 2.87082 2.87082 2.87082 2.87082 2.87082 2.87082 2.81131 2.70812
1.06372 1.06998 1.08148 1.17579 1.29730 1.29730 1.29730 1.29877 1.30378 1.44892 1.55674 1.75602 1.90740 1.99967 2.09291 2.15719 2.20339 2.24082 2.24925 2.25738 2.25962 2.25962 2.26531 3.45705 3.68039 3.68039 3.68039 3.68039 3.67903 3.67421 3.66922 3.66423 3.66098 3.66091 3.66091 3.66091 3.68689 3.74709 3.76461 4.00959 4.08269 4.13563 4.20533 4.16087 4.12024 3.97014 3.00097 2.82476 2.79795 2.76409 2.75997 2.75997 2.75997 2.75997 2.75997 2.75997 2.81849 2.87082 2.87082 2.85411 2.76710 2.67245 2.57779 2.48032 2.42577
1.14018 1.11649 1.08522 1.10573 1.29529 1.29730 1.30719 1.38458 1.45237 1.55658 1.91576 2.00801 2.15939 2.16621 2.17464 2.18307 2.20220 2.25962 2.25962 2.25962 2.25962 2.25962 2.25962 2.86282 3.67935 3.67468 3.66969 3.66470 3.66108 3.66091 3.66091 3.66003 3.65851 3.65699 3.65547 3.65396 3.65883 3.79496 3.76733 3.82441 3.91164 3.64152 3.58421 3.42093 3.20120 3.10531 2.97306 2.75997 2.75997 2.75997 2.75997 2.75997 2.75997 2.75997 2.75997 2.74480 2.68888 2.66874 2.57412 2.49617 2.48853 2.48853 2.48853 2.48827 2.43605
1.29570 1.23339 1.11217 1.19049 1.43976 1.60766 1.68712 1.69913 1.68008 1.62898 1.85780 1.97711 2.14677 2.18877 2.18877 2.18877 2.18877 2.24508 2.25962 2.25962 2.25886 2.25437 2.24939 2.32112 3.58805 3.66090 3.65994 3.65842 3.65690 3.65538 3.65387 3.65323 3.65323 3.62176 3.51589 3.40700 3.17771 2.96778 2.95556 2.73015 2.72852 2.72020 2.86294 3.10531 3.10531 3.10531 3.09248 2.78366 2.75997 2.75997 2.75997 2.74281 2.67110 2.59537 2.51965 2.45910 2.45414 2.48092 2.48853 2.48853 2.48853 2.48853 2.48853 2.48853 2.46978
1.26566 1.54132 1.42101 1.40669 1.49938 1.69913 1.69913 1.69913 1.69913 1.66512 1.72556 1.98632 2.05677 2.18877 2.18877 2.18877 2.18825 2.21212 2.24985 2.24487 2.24061 2.23908 2.23756 2.23604 3.05911 3.65379 3.65323 3.65323 3.65323 3.62895 3.52598 3.39256 3.07958 2.75889 2.48639 2.20953 2.05284 2.06294 2.30540 2.44937 2.58039 2.72020 2.72748 3.05859 3.10531 3.10531 3.10531 2.89455 2.66816 2.59241 2.51668 2.45815 2.45414 2.45414 2.45414 2.45414 2.45414 2.46712 2.48853 2.48853 2.50007 2.57587 2.67174 2.79984 2.90621
1.04779 1.57777 1.47519 1.40669 1.41712 1.68158 1.69913 1.69913 1.69913 1.68614 1.65525 1.90637 1.99565 2.17650 2.17947 2.17537 2.20358 2.25878 2.24493 2.23443 2.23294 2.23246 2.23246 2.23246 2.46205 3.63044 3.53603 3.32950 2.98114 2.65611 2.39421 2.14185 2.06912 2.03508 2.02769 2.02769 2.02769 2.02769 2.18769 2.42484 2.47003 2.70985 2.72020 2.86230 3.01050 2.93478 2.85908 2.75235 2.45597 2.45414 2.45414 2.45414 2.45414 2.45414 2.45414 2.45290 2.45986 2.52197 2.65836 2.77429 2.88331 2.94410 2.92360 2.82453 2.72361
0.963118 1.42901 1.58678 1.48388 1.50632 1.62451 1.69913 1.69913 1.69997 1.76842 1.81898 2.05311 2.54874 2.49157 2.36874 2.43554 2.45932 2.45932 2.31034 2.23246 2.23246 2.21977 2.12351 1.97911 1.82176 2.34794 2.29721 2.12302 2.08543 2.04897 2.02782 2.02769 2.02769 2.02769 2.02769 2.02769 2.02769 2.02769 2.10596 2.32227 2.41392 2.48565 2.47101 2.43119 2.76651 2.79948 2.79948 2.79948 2.54878 2.45407 2.45232 2.44985 2.45825 2.51814 2.58486 2.68257 2.79489 2.83122 2.83108 2.76388 2.66296 2.56242 2.52053 2.52053 2.52053
1.05978 1.23842 1.68498 1.55145 1.53257 1.60253 1.88906 2.10257 2.39122 2.61521 2.61458 2.39251 2.85488 2.90888 2.48258 2.45932 2.45932 2.44894 2.27782 1.97411 1.81677 1.67215 1.61097 1.57904 1.54260 1.68284 2.03283 2.02769 2.02769 2.02769 2.02769 2.02769 2.02769 2.02769 2.02769 2.02204 1.99505 1.96595 1.94702 2.11906 2.32539 2.34812 2.41390 2.41437 2.59848 2.79708 2.79461 2.79213 2.69412 2.51758 2.58602 2.66952 2.77427 2.75790 2.70953 2.63135 2.53034 2.45353 2.46874 2.52053 2.52053 2.52053 2.52053 2.52053 2.52053
1.05981 1.07475 1.71172 1.87846 1.98795 2.14879 2.72566 2.84336 2.84336 2.84336 2.84186 2.45256 2.60818 2.93268 2.49975 2.13026 1.93356 1.74719 1.67166 1.60230 1.55890 1.52245 1.48600 1.46859 1.46859 1.47591 1.96172 2.02769 2.02769 2.02769 2.02769 2.02364 1.99782 1.96872 1.93966 1.91622 1.91415 1.91415 1.91415 2.03649 2.23746 2.33038 2.38331 2.40397 2.43953 2.84304 2.93378 3.00730 3.04547 2.70649 2.63147 2.56876 2.47392 2.44870 2.44870 2.44870 2.44870 2.44870 2.44941 2.51229 2.52053 2.52053 2.52663 2.59779 2.69384
1.24455 1.30849 1.71309 2.23569 2.18434 2.18434 2.45239 2.84336 2.84336 2.84072 2.73854 2.43093 2.12651 1.98370 1.85486 1.66987 1.63772 1.59218 1.54662 1.49117 1.46859 1.46859 1.46859 1.46859 1.46859 1.46859 1.73371 2.02497 2.00060 1.97150 1.94243 1.91739 1.91415 1.91415 1.92106 1.94358 1.96673 1.98985 2.01299 2.04588 2.13437 2.39926 2.49315 2.61289 2.59717 2.71428 2.76089 2.65241 2.56258 2.50662 2.44870 2.44870 2.44870 2.44870 2.44870 2.44870 2.44870 2.44870 2.45574 2.56384 2.69708 2.80481 2.91647 2.94061 2.94061
1.10803 1.03316 1.01908 2.11678 2.18434 2.17381 2.15332 2.55122 2.40039 2.24910 2.19748 2.19491 1.97147 1.84951 1.75093 1.57403 1.50449 1.50449 1.50449 1.50172 1.46968 1.46859 1.46859 1.46695 1.44425 1.41519 1.43250 1.90252 1.91415 1.92252 1.94540 1.96855 1.99168 2.01479 2.03105 2.03163 2.03467 2.05267 2.07268 2.04733 1.98343 2.21247 2.28149 2.28738 2.30747 2.33143 2.55306 2.56105 2.56105 2.55049 2.45114 2.44870 2.44870 2.44870 2.45688 2.52813 2.62089 2.72439 2.82993 2.86275 2.94011 2.94061 2.94061 2.94061 2.94061
0.930989 0.939060 0.961841 1.55345 1.86860 1.77658 1.75387 2.05624 2.19748 2.19748 2.19748 2.19748 1.98904 1.73652 1.67043 1.63151 1.50488 1.50449 1.50449 1.50344 1.45679 1.41796 1.38887 1.36146 1.36503 1.38815 1.41125 1.78829 2.01662 2.03139 2.03163 2.03163 2.03374 2.05080 2.06726 1.97921 1.84049 1.74347 1.67805 1.65791 1.75950 1.90701 2.22893 2.25825 2.30747 2.30747 2.45787 2.56105 2.56105 2.56105 2.49647 2.53101 2.62405 2.72797 2.83200 2.85082 2.85082 2.85082 2.85082 2.85082 2.91757 2.94061 2.94061 2.94002 2.94330
