results/OMI_NO2_200803.asc
ncols      200
nrows      200
xllcorner       120.258
yllcorner       41.1236
cellsize     0.0166667
NODATA_Value      -999.000
[rows 116 to 144 of 200, columns 0 to 66 of 200]
0.414211 0.417465 0.420464 0.421811 0.422930 0.424057 0.514154 0.698823 1.31819 1.23945 1.22278 1.23351 1.25542 1.28029 1.25171 1.88801 2.20225 2.19593 2.19581 2.19581 2.19687 2.23319 2.23652 2.49133 2.52668 2.52732 2.53573 2.60196 2.69208 2.65732 2.62525 2.83667 3.02629 2.64007 2.49453 2.49453 2.49453 2.49453 2.49453 2.50412 2.89527 2.83944 2.73393 2.63679 2.55042 2.48686 2.46024 2.82330 2.93984 2.60953 2.52027 2.56380 2.62292 2.65394 2.68253 2.71116 2.73989 2.76848 2.92383 3.33372 3.33237 3.45687 3.59520 3.72883 3.85032 4.91708 5.33084
0.414211 0.427214 0.433975 0.433669 0.436153 0.471906 0.538088 0.739805 1.26271 1.38487 1.37811 1.38940 1.38940 1.37932 1.22634 1.55599 2.19581 2.19581 2.19581 2.19581 2.19852 2.23081 2.25686 2.44072 2.57219 2.58219 2.58445 2.61347 2.63101 2.60404 2.60404 2.67831 3.06959 2.77387 2.49453 2.51841 2.59227 2.69056 2.79932 2.91764 2.69843 2.57181 2.65935 2.74678 2.83139 2.89945 2.96544 3.16017 3.30318 3.10694 2.84281 2.87836 2.92195 2.93448 2.99721 3.06801 3.14258 3.22107 3.31322 4.06680 4.81831 5.16694 5.21458 5.41453 5.77739 6.98451 7.87692
0.600199 0.680412 0.641929 0.665176 0.708839 0.719233 0.719233 0.844423 1.16533 1.45815 1.38940 1.38940 1.38940 1.38940 1.27475 1.26717 2.17201 2.21861 2.22313 2.22752 2.22932 2.23312 2.26047 2.35138 2.54413 2.53860 2.53318 2.53396 2.59477 2.58299 2.69609 2.86547 3.56478 3.83540 3.40365 3.56745 3.67405 3.75853 3.84108 3.92334 3.80840 3.27674 3.27674 3.27674 3.27674 3.27674 3.27674 3.30659 3.39790 3.35246 3.15141 3.23311 3.36640 3.44670 3.45312 3.45312 3.45312 3.49032 3.60275 4.20802 5.65969 7.23348 7.80659 8.10104 8.10104 8.10104 8.10104
0.985341 0.985341 0.807368 0.719233 0.719233 0.719233 0.719233 0.763427 0.886399 1.39775 1.33371 1.32167 1.32687 1.33202 1.28045 1.16703 1.84813 2.14160 2.14158 2.14154 2.13450 2.14826 2.21061 2.27048 2.58420 2.67739 2.77855 2.88685 3.62855 3.94897 4.00604 4.00604 4.42589 4.92409 4.28471 4.02565 4.02565 4.02565 4.02565 4.02565 4.02387 3.36843 3.27674 3.27674 3.27674 3.27674 3.27674 3.27966 3.38917 3.39790 3.39790 3.41758 3.55275 3.69792 3.82792 3.96858 4.12088 4.22821 4.23073 4.44255 6.03909 8.10104 8.10104 8.10104 8.10104 8.10104 8.01907
0.985341 0.985341 0.874318 0.731832 0.717737 0.713082 0.707851 0.703464 0.700849 1.36843 1.38569 1.30193 1.28672 1.30078 1.38276 1.32494 1.69972 2.22612 2.25488 2.30839 2.39954 2.47365 2.54315 2.60630 2.99507 3.08697 3.08697 3.08697 3.57043 4.04589 4.00604 4.00604 4.12449 4.94009 4.56154 4.02565 4.02565 4.02565 4.02565 4.02565 4.02565 3.62005 3.27674 3.27674 3.27674 3.28172 3.36570 3.48362 3.69279 3.87318 4.02004 4.14924 4.17958 4.23073 4.23073 4.23073 4.23073 4.23073 4.23073 4.23142 5.34395 7.57398 7.11202 6.66784 6.28150 5.94239 5.67083
1.03957 1.24117 1.32513 1.11532 1.10893 1.19965 1.39306 1.60740 1.62125 1.74500 1.80439 1.73885 1.82273 1.88531 1.91674 1.86258 1.88276 2.53151 2.61805 2.65460 2.65460 2.65460 2.65460 2.65460 2.87609 3.08697 3.08697 3.13615 3.43924 4.40913 4.48557 4.64261 4.81280 4.95585 4.82776 4.03625 4.02565 4.02565 4.02565 4.02565 4.09429 4.14695 3.56184 3.69105 3.83583 3.98583 4.02566 4.02566 4.07420 4.16171 4.16171 4.16171 4.16290 4.22588 4.23073 4.23901 4.25968 4.28046 4.30126 4.32204 4.35150 5.31400 5.64512 5.64512 5.64712 5.10893 4.88746
3.03313 3.21451 3.31444 2.64247 2.32168 2.42068 2.45942 2.45942 2.21476 2.20390 2.20510 2.08430 2.06561 2.11642 2.13291 2.08315 1.96492 2.44844 2.67006 2.69726 2.73104 2.82032 2.93007 3.04990 3.28052 3.62047 3.75379 3.82069 3.82640 4.93985 4.99492 4.96952 4.96952 4.96909 4.92983 4.42400 4.39103 4.60320 4.83833 5.10067 5.27219 5.27385 4.27423 4.02566 4.02566 4.02566 4.02566 4.02566 4.03659 4.16284 4.18209 4.20290 4.22368 4.28829 4.33428 4.34679 4.36288 4.42968 4.50042 4.57116 4.64142 5.40817 6.22702 6.32118 6.41351 5.80054 5.29994
3.79695 3.79695 3.79695 3.13154 2.66531 2.68758 2.82831 2.98799 2.82023 2.68460 2.62791 2.52189 2.31532 2.34054 2.37645 2.43814 2.38455 2.83641 3.54329 3.67054 3.79591 3.82069 3.82069 3.82069 3.82069 3.82069 3.82069 3.82069 3.82069 4.57457 5.10535 5.58070 5.86289 6.17664 6.42034 5.93014 5.27385 5.27385 5.27385 5.27385 5.27385 5.27385 4.70782 4.02571 4.03748 4.05827 4.07905 4.09985 4.13818 4.30984 4.38857 4.43541 4.48213 4.59421 4.81618 4.88681 4.94743 4.96389 4.97650 4.98911 5.00174 5.42164 6.55190 6.56871 6.58556 6.49211 5.47344
3.69115 3.79695 3.79695 3.76467 3.79211 3.79695 3.79695 3.79695 3.52615 3.13999 3.14419 3.17538 2.71301 2.73715 2.78381 2.78616 2.78616 2.86437 3.80434 3.82069 3.82069 3.82069 3.82069 3.81859 3.80135 3.78114 3.76090 3.74068 3.72046 4.11502 5.00091 6.42668 6.53234 6.53234 6.49053 6.29683 5.27642 5.27385 5.27385 5.27385 5.30113 5.36347 5.33803 4.32744 4.34950 4.46607 4.63595 4.80623 4.95996 4.93196 4.73881 4.75544 4.77207 4.80196 5.08598 5.11200 5.12278 5.12678 5.13077 5.13474 5.13873 5.23062 5.73688 5.69418 5.76211 6.02292 5.70626
3.37727 3.79739 3.88234 4.04317 4.22408 4.42894 4.66331 4.93407 4.90693 3.65103 3.59255 3.49809 3.03693 2.78616 2.78616 2.78616 2.78616 2.78616 3.54279 3.79272 3.77249 3.75227 3.73200 3.71388 3.70827 3.70413 3.69987 3.69573 3.69148 3.75696 4.89844 5.78981 6.46564 6.40670 6.38995 6.53414 6.09957 6.23163 6.46346 6.69558 6.90047 7.07010 7.24031 6.22245 5.87103 5.92893 5.93295 5.93695 5.93971 5.71795 4.90469 4.90469 4.90469 4.90469 5.10882 5.19481 5.19481 5.19481 5.19481 5.19481 5.23721 5.38344 5.48125 5.58276 5.60071 5.47731 5.31814
3.92884 4.98479 5.11541 5.11541 5.11541 5.11541 5.11541 5.11541 5.11541 3.76783 3.58648 3.44398 3.25677 2.71991 2.69546 2.67105 2.64661 2.62221 3.03828 3.63587 3.63163 3.62747 3.62324 3.61909 3.60730 3.56214 3.51280 3.46351 3.41418 3.36489 4.88055 5.91277 7.45254 7.61587 7.74025 7.90683 7.79574 7.67113 7.67113 7.67113 7.67113 7.67113 7.67113 7.07146 5.93979 5.93979 5.93979 5.93979 5.93979 5.93016 4.98724 4.90469 4.90469 4.90469 5.01275 5.06852 4.94351 5.05797 5.20222 5.32412 5.40230 5.40317 5.38815 5.37915 5.37915 5.37915 5.37915
4.07568 5.05608 5.11541 5.11541 5.11541 5.11541 5.11541 5.11541 5.11541 4.01152 3.52498 3.40608 3.37287 2.68452 2.57895 2.57030 2.56206 2.57632 2.70882 3.45481 3.40827 3.35900 3.27653 3.10801 2.95815 3.13481 3.21711 3.21711 3.21711 3.21711 4.41972 5.87096 7.46257 7.74320 7.74320 7.86839 7.87264 7.67113 7.67113 7.67113 7.67113 7.67113 7.67113 7.63896 6.06710 5.93979 5.93979 5.93979 5.93979 5.93979 5.21951 4.54348 4.42802 4.53200 4.73599 5.15045 5.36394 5.40317 5.40317 5.40317 5.40317 5.40317 5.39396 5.37915 5.38072 5.38455 5.38840
4.06375 4.83087 5.11541 5.11541 5.10328 5.02277 4.93200 4.84124 4.75048 4.01891 3.20953 3.28047 3.41788 3.01688 2.67264 2.70750 2.74189 2.70550 2.60502 2.83555 2.82672 2.73342 2.66783 2.66411 2.66411 2.90161 3.21711 3.21711 3.21711 3.21711 3.65242 5.86020 6.71440 7.74320 7.74320 7.82714 7.91514 7.70546 7.67113 7.67113 7.67113 7.67113 7.67113 7.67113 6.59440 5.93979 5.93979 5.93979 5.93979 6.07936 5.98279 4.96033 5.13626 5.20975 5.20975 5.35929 5.40317 5.40317 5.40034 5.38285 5.36326 5.34367 5.32153 5.38968 5.40133 5.40135 5.40135
3.07860 3.54904 4.47172 4.45040 4.44180 4.50115 4.57079 4.64051 4.71033 4.54377 3.29963 3.35440 3.46786 3.19906 2.49713 2.40908 2.33296 2.29361 2.29354 2.46284 2.66411 2.66411 2.66411 2.66411 2.66411 2.71911 3.21248 3.21711 3.21711 3.21711 3.21896 5.52638 6.09573 7.74145 7.74320 7.78571 7.91527 7.78223 7.67113 7.67113 7.67113 7.67113 7.67113 7.67113 7.26621 6.01091 6.28641 6.51935 6.72593 6.75898 6.60569 5.44726 5.17916 5.19734 5.17776 5.24778 5.33198 5.31241 5.29564 5.29353 5.31659 5.38104 5.44622 5.56825 5.68483 5.75010 5.81537
2.35608 2.41037 4.66560 4.77650 4.77650 4.77650 4.77650 4.43662 4.10062 3.82883 2.82140 2.62142 2.79065 2.81412 2.41445 2.29354 2.29354 2.29354 2.29354 2.34448 2.66378 2.66411 2.66411 2.66411 2.66411 2.66411 3.05104 3.21711 3.21711 3.21711 3.21711 4.76067 5.92650 7.38795 7.74320 7.74881 7.91046 7.85909 7.67113 7.67113 7.67113 7.67113 7.67113 7.67113 7.65636 6.30144 6.65315 6.56824 6.47643 6.43331 6.41371 5.70145 5.07020 5.12796 5.14642 5.20903 5.60630 5.67157 5.73695 5.80222 5.84206 5.83058 5.81718 5.81876 5.89816 5.88479 5.87137
2.35608 2.35608 4.16931 4.77650 4.77650 4.77650 4.77650 3.66131 3.33504 3.33504 2.82848 2.58731 2.72477 2.81412 2.60183 2.29354 2.29354 2.29354 2.29354 2.29354 2.59602 2.66411 2.66411 2.66411 2.66411 2.66411 2.84385 3.30688 3.46127 3.63196 3.82146 5.02023 7.72392 7.74320 7.74320 7.74320 7.87507 7.91324 7.69386 7.67113 7.63735 7.43879 7.02429 6.59882 6.27510 5.84994 6.25395 6.43373 6.45071 6.46971 6.49076 6.14263 5.22095 5.16085 5.16876 5.15544 5.65081 5.73403 5.72272 5.71137 5.70237 5.70335 5.70540 5.78958 6.06178 6.10507 6.13119
2.35608 2.35608 3.39750 4.77650 4.77650 4.77650 4.77650 4.18004 3.33504 3.33504 3.01133 2.58731 2.65796 2.81412 2.78892 2.31627 2.29354 2.29354 2.29354 2.29354 2.47719 2.67777 2.76275 2.86466 2.97492 3.09494 3.25783 4.16426 4.21907 4.21907 4.21901 4.35233 7.61989 7.74111 7.74038 7.73980 7.70583 7.26305 6.72807 6.34808 6.08627 5.90861 5.87462 5.90192 5.91508 5.91010 6.07144 6.57807 6.58350 6.58764 6.58971 6.39575 5.38453 5.09671 5.14117 5.14313 5.46382 5.74549 5.74549 5.74549 5.74549 5.74549 5.74549 5.89843 6.45477 6.38812 6.24169
2.35608 2.35608 2.44681 4.68845 4.77650 4.77650 4.77650 4.72649 3.41240 3.33504 3.22304 2.58578 2.59559 2.80492 2.81091 2.46411 2.32658 2.40860 2.49738 2.59362 2.77626 3.25596 3.26981 3.26927 3.26874 3.26820 3.26766 3.79703 4.25686 4.39005 4.52487 4.53247 6.37453 6.66371 6.30454 6.01018 5.86104 5.97652 5.97430 5.96137 5.96137 5.96137 5.96137 5.96137 5.96137 5.96137 5.88510 6.50137 6.60042 6.60042 6.60042 6.59020 5.69118 5.08896 5.13473 5.14364 5.27690 5.74549 5.76485 5.80564 5.70561 5.53530 5.34804 5.19046 6.07351 6.23828 6.23848
2.35608 2.35608 2.35608 4.21648 4.77650 4.77650 4.77650 4.77650 3.81740 3.33504 3.33504 2.65271 2.57543 2.73935 2.80224 2.79031 2.80218 2.80224 2.83605 2.92986 3.03079 3.52900 3.69001 3.79201 3.89315 3.99820 4.14235 4.47817 4.77934 4.57586 4.43538 4.38673 4.99352 5.80287 5.80287 5.80287 5.81267 5.97818 5.97992 5.96229 5.96137 5.96137 5.96137 5.96137 5.96137 5.96137 5.92065 6.18803 6.60042 6.60042 6.60042 6.60042 6.02492 5.25437 5.20516 5.29386 5.22263 5.61028 5.47169 5.22594 5.14974 5.14974 5.14974 5.14974 5.85418 6.20566 6.23848
2.35608 2.35608 2.35608 3.47062 4.77650 4.77650 4.77650 4.77650 4.42310 3.49845 3.65650 3.21146 3.05370 3.25265 3.46409 3.60452 3.74498 3.88494 3.99109 4.03811 4.08812 4.23744 4.37313 4.42593 4.47878 4.52772 4.53771 4.53580 4.33649 4.31047 4.36519 4.39678 4.58755 5.80273 5.80287 5.80287 5.80287 5.94527 5.98048 5.96781 5.96137 5.96137 5.96137 5.96137 5.96137 5.96137 5.95656 5.88794 6.55218 6.60042 6.60042 6.60042 6.21097 5.26217 4.83445 4.56819 4.42753 4.86100 5.14974 5.14974 5.14974 5.14986 5.15298 5.15739 5.64830 6.16425 6.25387
3.05162 3.52531 4.00078 4.54981 6.04133 6.31528 6.62433 6.95417 7.24903 5.35680 5.12348 4.64458 4.00886 4.04104 4.08217 4.10313 4.15565 4.20848 4.26130 4.31405 4.35616 4.39796 4.53771 4.53771 4.53771 4.53771 4.53771 4.53771 4.41852 4.31047 4.32749 4.39659 4.39678 5.58726 5.80287 5.80287 5.80287 5.90247 5.98048 5.97383 5.96137 5.96137 5.96137 5.96137 5.96137 5.96137 5.96137 5.89016 6.24158 6.40342 6.21166 6.00029 5.73530 4.71398 4.40392 4.40104 4.42901 4.64243 5.15998 5.16439 5.16880 5.17310 5.17440 5.17465 5.49988 6.27732 6.51152
6.82902 6.82902 6.82902 6.82902 7.41973 7.67489 7.69470 7.69470 7.69470 6.37743 5.32597 5.19234 4.17417 4.22702 4.32002 4.36385 4.72032 5.23989 4.65428 4.35963 4.35963 4.36054 4.51846 4.53771 4.53771 4.53771 4.53771 4.53771 4.50219 4.31074 4.31047 4.37801 4.39678 5.18089 5.80287 5.80287 5.80287 5.85968 5.98048 5.97939 5.96189 5.96137 5.96137 5.96137 5.96137 5.96137 5.96137 5.93072 5.82163 5.78230 5.74332 5.70764 5.69262 4.85138 4.43668 4.38209 4.50009 4.57306 5.42650 5.57914 5.67897 5.77914 5.87905 5.97871 6.07996 6.93619 7.03362
6.82902 6.82902 6.82902 6.82902 7.23730 7.35442 6.95139 6.61201 6.32052 6.03893 5.65665 5.65043 4.58482 4.98080 5.48942 5.93282 6.08441 6.08441 5.47747 4.35963 4.35963 4.35963 4.46256 4.53771 4.53771 4.53771 4.53771 4.53771 4.53771 4.35917 4.31047 4.34273 4.39678 4.77483 5.80287 5.80287 5.80287 5.81750 5.97984 5.98048 5.96681 5.96137 5.96137 5.95892 5.92778 5.90347 5.90087 5.90463 5.78116 5.80808 5.86396 5.91670 5.96857 5.47125 4.87012 4.67710 4.78733 4.80382 5.55805 5.92120 5.90471 5.88820 5.87175 5.85515 5.83783 6.67787 6.96712
6.25115 5.71639 5.31693 5.00843 4.84698 5.95421 5.98818 5.98818 6.01072 6.45375 6.77603 7.15467 6.48833 6.04629 6.05580 6.08441 6.08441 6.08441 6.03536 4.53370 4.35963 4.35963 4.40576 4.53771 4.53771 4.53771 4.53771 4.53771 4.53771 4.44311 4.31047 4.31212 4.38890 4.43438 5.73709 5.80287 5.80287 5.80749 5.95409 5.97815 5.99812 6.05219 6.09846 6.10872 6.13359 6.15128 6.14762 6.13701 5.93257 5.74309 5.68731 5.63123 5.57545 5.37530 4.85308 4.55601 4.58221 4.66075 5.07528 5.80889 5.80782 5.80675 5.80567 5.80476 5.80467 7.18164 8.15542
4.70208 4.70208 4.70208 4.70208 4.70208 5.93629 6.76323 7.23991 7.63554 7.73702 7.65596 7.48371 6.85837 6.04629 6.04697 6.08638 6.10206 6.11551 6.12895 5.37976 4.44906 4.46605 4.48552 4.66442 4.69447 4.71139 4.72816 4.74500 4.76184 4.76209 4.57413 4.58580 4.67040 4.80087 5.70322 6.03139 6.01869 5.99934 5.88395 5.79606 5.76469 5.86796 5.81672 5.80237 5.80237 5.80237 5.80237 5.80237 5.75176 5.51396 5.51396 5.51396 5.51396 5.50423 4.89800 4.64440 4.53674 4.64583 4.73423 5.78545 5.80467 5.79621 5.75097 5.70151 5.65208 6.43405 7.89766
4.47352 4.51573 5.22620 5.91950 6.47145 6.91957 7.10669 7.05544 7.00591 6.95701 6.90386 6.66837 6.55728 6.31962 6.33318 6.36732 6.38055 6.38055 6.38055 6.26745 4.79977 4.72980 4.76425 4.97587 5.16057 5.29842 5.43743 5.57644 5.71558 5.86378 5.89656 6.02771 6.12266 5.82595 5.80412 5.77535 5.77361 5.77361 5.72129 5.62660 5.62660 5.76189 5.80237 5.80237 5.80237 5.80237 5.80237 5.80237 5.80237 5.56839 5.51396 5.51396 5.51396 5.51396 5.07487 4.76133 4.49585 4.51108 4.51187 5.31792 5.56317 5.52222 5.51795 5.51795 5.51795 5.80390 7.86254
5.69004 6.16509 6.24981 6.24981 6.24981 6.28278 6.70219 6.71193 6.71193 6.71193 6.71193 6.59642 6.52580 6.46336 6.53656 6.63815 6.73788 6.86070 6.99473 7.12891 6.48473 6.00050 6.13353 6.19761 6.22657 6.24171 6.25669 6.27166 6.28655 6.29234 6.27518 6.23667 6.23667 5.91382 5.77379 5.77361 5.77361 5.77361 5.75675 5.62660 5.62660 5.70693 5.80237 5.80237 5.80237 5.80237 5.80237 5.80237 5.80237 5.67295 5.51396 5.51396 5.51396 5.51396 5.26144 4.85058 4.34783 4.30369 4.36743 4.86804 5.51795 5.51795 5.51795 5.51795 5.51795 5.52474 7.62660
6.24981 6.24981 6.24981 6.30398 6.41968 6.53517 6.93813 7.12534 7.21772 7.32528 7.46841 7.57335 7.53827 7.49137 7.48292 7.53415 7.57590 7.58714 7.58932 7.60025 7.44166 6.29590 6.29951 6.31272 6.29349 6.29234 6.29234 6.29234 6.29234 6.29234 6.29119 6.24123 6.23667 6.11036 5.77358 5.77382 5.77361 5.77361 5.77361 5.64511 5.62660 5.65190 5.80232 5.80237 5.80237 5.80237 5.80237 5.80237 5.80237 5.77405 5.51762 5.51396 5.51396 5.51396 5.44624 4.85656 4.52632 4.28755 4.34385 4.51636 5.53322 5.55163 5.56855 5.58548 5.60240 5.61254 7.15186
7.04045 7.15615 7.27164 7.33317 7.33317 7.33317 7.53837 7.87430 7.92633 7.96342 7.96492 7.96490 7.79877 7.70153 7.61154 7.62354 7.62894 7.63921 7.64902 7.63919 7.61595 6.76502 6.31655 6.31655 6.30040 6.29234 6.29234 6.29234 6.29234 6.29234 6.29234 6.26064 6.23667 6.23632 5.84531 5.77392 5.77361 5.77361 5.77361 5.68042 5.62660 5.62660 5.77253 5.80237 5.80237 5.80237 5.80237 5.80237 5.80237 5.80237 5.59413 5.51243 5.50953 5.50667 5.51362 4.99104 4.77145 4.33366 4.37712 4.47768 5.44039 5.65341 5.67182 5.69022 5.70862 5.72704 6.73956
