results/OMI_NO2_200703.asc
ncols      200
nrows      200
xllcorner       120.258
yllcorner       41.1236
cellsize     0.0166667
NODATA_Value      -999.000
[rows 87 to 115 of 162, columns 67 to 133 of 200]
2.70890 2.60660 2.49971 2.39694 2.29774 2.20271 2.07237 2.21068 2.25329 2.57612 2.65663 2.50838 2.63660 2.86339 2.86339 2.86339 2.86137 2.79424 2.72691 2.66563 2.60716 2.57926 2.54606 2.49970 2.45338 2.80545 2.97709 2.86362 2.91173 2.92830 3.04365 3.32430 3.19088 3.34184 3.40885 3.42545 3.44868 3.47196 3.49516 3.52684 3.56480 3.73216 3.75630 3.75630 3.72582 3.70408 3.70408 3.70408 3.50791 3.05686 3.06327 3.07060 3.10202 3.15052 3.19455 3.25318 3.30918 3.32402 3.32477 3.32550 3.32622 3.25451 3.32592 3.19342 3.03024 3.03024 2.87987
2.05518 2.04955 2.04955 2.04955 2.04955 2.04955 2.05089 2.14030 2.22734 2.43618 2.69307 2.50949 2.51483 2.80632 2.76247 2.70683 2.65483 2.57876 2.51650 2.47672 2.43670 2.41074 2.46222 2.52773 2.59747 2.88069 3.45293 3.30422 3.33391 3.32864 3.30735 3.69543 3.47031 3.48259 3.50514 3.51182 3.51535 3.52276 3.53019 3.53848 3.58967 3.68760 3.80439 3.81181 3.80553 3.77445 3.77826 3.78707 3.82338 3.29294 3.30152 3.35302 3.38039 3.36838 3.34640 3.34640 3.34640 3.34640 3.34640 3.34640 3.33263 3.26735 3.18231 3.20025 3.06223 3.06456 3.02769
2.04955 2.04955 2.04955 2.04955 2.04955 2.04955 2.04955 2.09026 2.23387 2.27746 2.50874 2.40813 2.31634 2.50388 2.61170 2.57807 2.57449 2.58571 2.54727 2.60740 2.67151 2.74539 2.83335 2.84009 2.84544 2.91608 3.58218 3.44865 3.41225 3.43675 3.42575 3.65779 3.65646 3.59324 3.60065 3.60812 3.61201 3.61201 3.61426 3.62913 3.67146 3.72232 3.91197 3.97765 4.05048 3.92688 3.96484 4.01481 4.02141 3.62522 3.35980 3.31715 3.27465 3.23285 3.16886 3.12850 3.09070 3.05389 3.01745 2.97725 2.94728 2.93201 2.86581 3.05640 3.22072 3.29390 3.35434
2.04955 2.04955 2.04955 2.04955 2.03957 1.99483 1.94977 1.91262 2.06339 2.07049 2.31515 2.39866 2.30425 2.41872 2.76689 2.82838 2.85934 2.86805 2.82196 2.79792 2.80306 2.81205 2.89974 2.92551 2.94373 2.96434 3.52576 3.63626 3.47918 3.47918 3.46245 3.53227 3.76588 3.65312 3.66997 3.68682 3.70370 3.72053 3.74343 3.78848 3.84454 3.96531 4.06697 4.10687 4.06241 3.84102 3.71052 3.66567 3.62198 3.42751 2.98319 2.98231 2.98231 2.98008 2.95760 2.94412 2.96107 3.00211 3.04357 3.08957 3.13686 3.19227 3.23523 3.33992 3.45795 3.49382 3.49382
2.00494 1.94032 1.88068 1.82552 1.79071 1.80620 1.82473 1.84444 2.01952 2.04939 2.08841 2.29740 2.38480 2.40202 2.91972 2.96825 2.97113 3.00226 3.02629 2.93353 2.95203 2.96665 2.96795 2.96762 2.95142 2.92731 3.19289 3.58750 3.55111 3.56699 3.57888 3.54138 3.79657 3.64084 3.62498 3.62548 3.63728 3.65075 3.65636 3.63102 3.60034 3.67989 3.73471 3.83920 3.84228 3.71749 3.54938 3.54933 3.54740 3.53926 3.06900 3.06814 3.11129 3.15443 3.19125 3.22480 3.24870 3.24847 3.24847 3.24847 3.24847 3.24847 3.24771 3.28995 3.43270 3.51319 3.52831
1.74843 1.78034 1.81227 1.84427 1.86916 1.87258 1.87496 1.87742 2.00586 2.07279 2.04472 2.22227 2.39264 2.43419 2.83457 3.15057 3.21562 3.22565 3.19246 2.94097 2.88568 2.86415 2.85932 2.86816 2.89098 2.92185 2.98536 3.28924 3.36147 3.36062 3.35990 3.35060 3.55595 3.55457 3.58156 3.59407 3.59599 3.59599 3.59599 3.59599 3.59599 3.62916 3.72252 3.79887 3.87306 3.86294 3.65713 3.67439 3.69740 3.71935 3.47294 3.27435 3.27203 3.27203 3.26835 3.24847 3.24847 3.24847 3.24847 3.24847 3.25004 3.26295 3.27809 3.29325 3.45349 3.56423 3.58139
2.04866 2.07046 2.09233 2.11401 2.13408 2.15350 2.17292 2.19237 2.18747 2.12017 2.15934 2.22907 2.50127 2.53685 2.68909 3.17023 3.17928 3.20920 3.24825 3.15505 3.04843 3.08259 3.09835 3.09835 3.09835 3.11392 3.13228 3.17868 3.36391 3.45630 3.47172 3.47360 3.51316 3.64847 3.59599 3.59599 3.59599 3.60354 3.63515 3.66850 3.70189 3.73613 3.87510 3.93397 4.02473 4.00289 3.77580 3.70130 3.70130 3.70130 3.60693 3.27330 3.27203 3.27203 3.27202 3.25111 3.24860 3.25806 3.27318 3.28814 3.27987 3.24525 3.20843 3.19265 3.47801 3.59984 3.61203
2.20585 2.20585 2.20626 2.22664 2.27599 2.35358 2.43631 2.52438 2.65308 2.63523 2.65873 2.41396 2.60267 2.73653 2.73918 3.30784 3.39141 3.39141 3.39141 3.36470 3.11533 3.14154 3.17965 3.21779 3.25612 3.28683 3.30746 3.26031 3.40049 3.48986 3.49005 3.49444 3.48061 3.69255 3.71023 3.74358 3.77697 3.80283 3.81394 3.83129 3.84870 3.86608 3.86778 3.87469 3.95972 3.99421 3.85089 3.70130 3.70130 3.70130 3.69932 3.32977 3.27203 3.27699 3.28866 3.27207 3.23892 3.20064 3.15438 3.10810 3.08362 3.07410 3.06453 3.05498 3.26073 3.42319 3.46882
2.39087 2.47296 2.55981 2.62995 2.66549 2.66583 2.66583 2.66583 2.67863 2.85751 2.75615 2.61950 2.51753 2.75839 2.76951 3.12063 3.45099 3.48593 3.52139 3.55661 3.38972 3.30740 3.31950 3.33206 3.34445 3.35390 3.37065 3.28774 3.38361 3.44483 3.44180 3.41351 3.47999 3.68849 3.82069 3.83916 3.85653 3.87390 3.88197 3.88197 3.88151 3.87263 3.85331 3.83885 3.86002 3.93677 3.86654 3.62621 3.60780 3.59728 3.59372 3.34069 3.09908 3.05714 3.00858 2.99304 3.01724 3.01488 3.01477 3.01477 3.01477 3.01477 3.01477 3.01477 3.11527 3.41089 3.43136
2.66583 2.66583 2.66583 2.66583 2.66583 2.66583 2.66583 2.66583 2.66583 2.88008 2.84451 2.83234 2.54755 2.82744 2.88653 3.02291 3.58559 3.58677 3.59736 3.61707 3.57081 3.38728 3.38393 3.36075 3.33771 3.30953 3.26969 3.21595 3.22211 3.33632 3.40157 3.41363 3.45737 3.63358 3.79792 3.78189 3.76990 3.75782 3.74583 3.73381 3.72223 3.71910 3.71449 3.68950 3.68558 3.77055 3.75647 3.53943 3.46767 3.44128 3.40787 3.32063 2.97329 2.97014 2.97803 3.01497 3.09236 3.12980 3.16785 3.20691 3.24733 3.28880 3.35093 3.42921 3.50918 3.87664 3.51429
2.66583 2.66583 2.66583 2.66583 2.66583 2.66583 2.66583 2.66877 2.69422 2.89082 2.94288 2.96700 2.78159 2.79957 2.98846 3.04742 3.57552 3.68040 3.65409 3.61892 3.56927 3.28557 3.22332 3.21992 3.21768 3.22684 3.23889 3.25100 3.20019 3.32878 3.41527 3.41529 3.41533 3.54600 3.68395 3.71047 3.69957 3.68869 3.67780 3.66689 3.65601 3.64555 3.64583 3.63499 3.54543 3.56990 3.64368 3.61019 3.57242 3.61733 3.66301 3.70963 3.36203 3.32336 3.35715 3.36034 3.40932 3.45142 3.48817 3.51909 3.53275 3.53133 3.50825 3.47142 3.43194 3.57579 3.45648
2.66583 2.66583 2.66583 2.67469 2.70955 2.74856 2.78756 2.82823 2.88510 2.99266 3.28236 3.25097 3.30856 3.13041 3.07992 3.03140 3.21877 3.47505 3.47505 3.47505 3.45007 3.30125 3.24143 3.25688 3.27116 3.27405 3.27405 3.27488 3.20248 3.32378 3.37803 3.37498 3.36528 3.42544 3.52177 3.64342 3.64842 3.65501 3.66428 3.68132 3.70084 3.71969 3.73256 3.73479 3.58035 3.56226 3.67177 3.86585 3.85408 3.85180 3.85190 3.86643 3.69405 3.47422 3.46242 3.45433 3.46761 3.45324 3.41521 3.38195 3.42393 3.44424 3.44424 3.44424 3.44424 3.49791 3.62679
2.78552 2.82553 2.89994 2.98203 3.03830 3.09037 3.14244 3.22797 3.31144 3.38609 3.76210 3.71773 3.73545 3.49332 3.01550 2.95893 2.97018 3.32928 3.25679 3.18460 3.13697 3.14271 3.23738 3.24058 3.24025 3.23999 3.23970 3.23860 3.17987 3.24708 3.27595 3.27126 3.26959 3.28657 3.42176 3.70230 3.72406 3.73627 3.74598 3.74843 3.74843 3.74843 3.74843 3.74843 3.66318 3.57534 3.64863 3.83354 3.95686 3.93801 3.95834 3.96887 3.86764 3.33813 3.33042 3.33265 3.34553 3.37728 3.37728 3.37728 3.40780 3.44424 3.44424 3.44287 3.42221 3.39524 3.59972
3.21449 3.28926 3.36096 3.45911 3.55747 3.65590 3.75427 3.81463 3.83831 3.86203 3.91264 3.62672 3.54151 3.37270 2.86719 2.64655 2.63193 2.97578 3.09340 3.09844 3.10220 3.10241 3.16959 3.20836 3.20836 3.20836 3.20836 3.20836 3.20726 3.18482 3.28694 3.28702 3.29889 3.30974 3.42344 3.62256 3.74843 3.74843 3.74843 3.74843 3.74953 3.76275 3.77918 3.79555 3.79303 3.65818 3.66265 3.78486 4.02561 3.95508 3.95953 3.95970 3.95970 3.47260 3.33265 3.33265 3.33467 3.37624 3.37728 3.37728 3.37822 3.40394 3.37708 3.37448 3.42613 3.48428 3.63321
3.84347 3.91811 3.96150 3.96175 3.96175 3.96175 3.95287 3.88850 3.75692 3.63339 3.47939 3.15007 3.05302 3.14425 3.02818 2.65454 2.65102 2.82982 3.10241 3.10241 3.10241 3.10241 3.12672 3.20995 3.23496 3.26757 3.30021 3.33282 3.36939 3.30879 3.32090 3.32548 3.32630 3.32630 3.37715 3.49890 3.75014 3.76655 3.78294 3.79933 3.81463 3.81566 3.80984 3.80395 3.79806 3.70912 3.67059 3.73524 4.00331 3.96044 3.95970 3.95970 3.95970 3.68645 3.33465 3.33265 3.32645 3.33476 3.32581 3.35040 3.40034 3.55344 3.67105 3.76563 3.82641 3.88890 3.92599
3.92686 3.89560 3.86362 3.77512 3.64842 3.52953 3.42559 3.37174 3.37225 3.37231 3.35042 3.14316 3.03183 3.07540 3.19884 2.75248 2.70157 2.76120 3.19957 3.24233 3.28147 3.32142 3.36140 3.46559 3.48532 3.49456 3.50473 3.51488 3.51937 3.43599 3.32194 3.33228 3.34233 3.35495 3.37335 3.52425 3.80107 3.81305 3.80717 3.80128 3.79539 3.79165 3.79158 3.79158 3.79158 3.75835 3.67656 3.69616 3.94170 4.01933 3.99554 4.00280 4.00833 3.93456 3.46525 3.53261 3.63184 3.76080 3.88409 3.95692 4.02051 4.10447 4.12495 4.12495 4.12495 4.12495 4.12297
3.51088 3.48802 3.40673 3.37231 3.37231 3.37231 3.37092 3.36706 3.36325 3.35955 3.35596 3.23693 3.24967 3.28302 3.49694 3.19747 2.92609 2.93695 3.25813 3.40795 3.40882 3.41521 3.42487 3.46446 3.50679 3.50656 3.51860 3.53116 3.54436 3.54806 3.38021 3.38882 3.38587 3.39377 3.40238 3.49958 3.69472 3.82732 3.83379 3.84027 3.84672 3.85319 3.85966 3.86611 3.87260 3.87887 3.80040 3.81761 3.98291 4.33922 4.40176 4.50642 4.61682 4.73014 4.22689 4.04251 4.04251 4.04384 4.03897 3.98988 3.93741 3.92282 3.90940 3.86046 3.81262 3.77296 3.74785
3.22489 3.35800 3.35444 3.35098 3.34762 3.34435 3.34226 3.34222 3.34222 3.34222 3.34255 3.26142 3.34644 3.35731 3.48419 3.48306 2.97608 2.91856 3.04867 3.41265 3.43073 3.46138 3.48894 3.52696 3.62844 3.65799 3.67311 3.68746 3.69787 3.70648 3.55451 3.53544 3.53790 3.53795 3.53795 3.57725 3.65442 3.87955 3.88787 3.92068 3.95591 3.99237 4.02989 4.06871 4.10858 4.14415 4.13528 4.20129 4.26993 4.63888 4.63011 4.56975 4.51107 4.45375 4.13007 3.69913 3.64873 3.60548 3.57535 3.57253 3.58656 3.62344 3.69876 3.71522 3.71106 3.70008 3.67617
3.10706 3.33983 3.34222 3.34222 3.34222 3.34222 3.34392 3.35372 3.36774 3.38782 3.40762 3.30856 3.31598 3.28325 3.28191 3.38349 3.00315 2.88479 2.94360 3.62542 3.68259 3.68288 3.68288 3.68268 3.72737 3.74505 3.73916 3.73341 3.73159 3.73159 3.62496 3.53339 3.55040 3.61459 3.64577 3.67804 3.74326 4.09553 4.15626 4.15460 4.14243 4.12443 4.11096 4.10006 4.08934 4.08227 4.08230 4.21963 4.21434 4.18297 4.15774 4.15442 4.15104 4.14773 4.07290 3.53305 3.54630 3.50497 3.47491 3.46378 3.43768 3.41477 3.62809 3.61403 3.61403 3.61403 3.61403
2.99403 3.32031 3.40044 3.42060 3.44087 3.44305 3.41055 3.36925 3.32380 3.27220 3.21454 3.15502 3.02260 3.08550 3.06325 3.23252 3.19187 2.97165 2.97165 3.41956 3.67767 3.66530 3.65260 3.64000 3.63054 3.64102 3.61118 3.58180 3.55250 3.52201 3.43741 3.26606 3.32728 3.57029 3.54930 3.52833 3.58666 3.84281 4.00120 3.99356 3.99481 4.00193 4.00447 4.00447 4.00447 4.00447 4.00447 4.10949 4.16861 4.13946 4.03556 3.88532 3.72962 3.57986 3.46700 3.17024 3.29647 3.32579 3.34968 3.35262 3.35262 3.35262 3.55402 3.61403 3.61403 3.61403 3.61452
3.09377 3.41426 3.33875 3.28098 3.22629 3.18494 3.16158 3.13789 3.11417 3.09050 3.07286 3.06932 2.83859 2.88674 2.87305 2.97658 3.06529 2.81536 2.73512 2.90392 3.39038 3.35282 3.30661 3.26164 3.22860 3.24530 3.22611 3.20040 3.17526 3.15163 3.14531 3.12637 3.12564 3.40250 3.42943 3.42803 3.45032 3.69033 4.00422 4.00447 4.00447 4.00447 4.00447 4.00431 3.93584 3.78104 3.62527 3.50960 3.47847 3.36103 3.26744 3.30044 3.33977 3.37315 3.37715 3.24913 3.29453 3.34745 3.34828 3.35262 3.35262 3.35262 3.49139 3.62657 3.66117 3.69620 3.72452
3.46078 3.42898 3.21454 3.08397 3.06325 3.04728 3.04621 3.04621 3.04621 3.04660 3.06228 3.08520 2.87760 2.85545 2.85240 2.84100 2.75894 2.65324 2.49653 2.48928 3.04965 3.09755 3.09755 3.09755 3.09755 3.11915 3.14529 3.14211 3.13777 3.13361 3.12935 3.11371 3.11082 3.29699 3.44447 3.44628 3.44496 3.54273 3.89770 3.79185 3.63614 3.48048 3.32470 3.16920 3.08106 3.07612 3.07173 3.06865 3.37160 3.42609 3.38912 3.37715 3.37715 3.37715 3.37715 3.34945 3.19755 3.34745 3.34746 3.35687 3.38847 3.42250 3.51274 3.69171 3.66095 3.60200 3.54376
3.36881 3.36723 3.28190 3.06022 3.09189 3.12473 3.15720 3.18903 3.22090 3.25233 3.26850 3.27746 3.14972 2.77696 2.75759 2.75678 2.66505 2.66299 2.47671 2.45228 2.82370 3.10136 3.10492 3.12593 3.15122 3.18051 3.14890 3.13493 3.14085 3.14756 3.15426 3.15054 3.10383 3.14016 3.34037 3.30580 3.27128 3.20241 3.07635 3.08111 3.07845 3.07408 3.06969 3.06530 3.06181 3.06153 3.06153 3.06153 3.24697 3.42609 3.40611 3.39428 3.41095 3.42687 3.44276 3.45931 3.29951 3.47686 3.45876 3.41078 3.34071 3.28400 3.26195 3.45238 3.42529 3.41934 3.41934
3.50591 3.53622 3.60598 3.34273 3.28332 3.28231 3.28171 3.28171 3.28171 3.28167 3.26971 3.24834 3.20458 2.72917 2.74264 2.74009 2.67021 2.63306 2.51907 2.42979 2.59504 3.18726 3.21212 3.21603 3.21939 3.22610 3.17898 3.09602 3.05713 3.02528 2.99450 2.96339 2.92425 2.93570 3.20512 3.22888 3.22489 3.20376 3.07380 3.10628 3.12043 3.13628 3.15217 3.16806 3.18391 3.19982 3.21569 3.23156 3.29242 3.61022 3.56842 3.47362 3.45366 3.42058 3.38507 3.35001 3.18864 3.16573 3.23785 3.21948 3.18698 3.18698 3.18725 3.37756 3.42302 3.42482 3.42661
3.71627 3.75922 3.74720 3.53719 3.21735 3.19598 3.17463 3.15328 3.13193 3.11062 3.10124 3.10124 3.10124 2.73320 2.69996 2.70868 2.65734 2.56344 2.52057 2.31462 2.29856 3.01341 3.12855 3.09599 3.06752 3.03595 3.02152 2.95453 2.96039 2.96062 2.95956 2.95642 2.93032 2.91355 3.08213 3.19737 3.19578 3.18799 3.22184 3.27294 3.27714 3.27688 3.24707 3.19920 3.15276 3.10790 3.06438 3.02227 3.02641 3.19428 3.18203 3.11127 3.25674 3.26611 3.26791 3.26971 3.25206 3.09068 3.24870 3.24554 3.20156 3.20322 3.20475 3.34159 3.44904 3.45681 3.45542
3.65815 3.61747 3.61522 3.59563 3.11020 3.10124 3.10124 3.10124 3.09391 3.04949 3.01834 2.99251 2.96775 2.72237 2.52623 2.59924 2.62158 2.55254 2.56325 2.47228 2.43493 2.69645 3.02675 3.03440 3.03441 3.03426 3.03732 2.98893 2.94499 2.94109 2.93719 2.93537 2.92407 2.90242 2.98192 3.14681 3.10078 3.05486 3.02149 3.03210 3.00524 2.96515 2.94950 2.97369 3.07706 3.18712 3.29506 3.41168 3.48425 3.48353 3.37964 3.25291 3.24322 3.33758 3.34538 3.35307 3.36086 3.18708 3.34381 3.37277 3.36608 3.40137 3.42727 3.50634 3.63069 3.64364 3.66591
3.67467 3.61568 3.61930 3.65867 3.20459 2.97124 2.94715 2.92472 2.91201 2.94618 2.97137 2.99259 3.01371 2.91906 2.61564 2.68373 2.66936 2.59181 2.52583 2.54636 2.46340 2.52627 3.03499 3.06975 3.09748 3.12522 3.15303 3.10588 2.99995 3.04912 3.10002 3.15257 3.20480 3.23019 3.29936 3.03445 3.05581 3.09498 3.12318 3.26295 3.42267 3.55829 3.68703 3.78487 3.79120 3.79286 3.79979 3.80026 3.80026 3.80211 3.63487 3.51303 3.28728 3.48915 3.50047 3.50164 3.50094 3.47050 3.55932 3.60791 3.56914 3.52798 3.52723 3.54158 3.67770 3.67792 3.67792
3.95160 3.94526 4.03040 4.01366 3.38547 2.98919 3.00991 3.02979 3.04379 3.03159 3.01513 2.99867 2.98224 2.95084 2.62435 2.70540 2.73076 2.71212 2.65166 2.69496 2.70329 2.70815 3.23061 3.45460 3.51361 3.57946 3.64577 3.69282 3.48871 3.46929 3.47631 3.48334 3.49037 3.69854 3.79363 3.58239 3.53640 3.63229 3.69963 3.79060 3.80788 3.80146 3.80026 3.80026 3.80026 3.80026 3.80026 3.80921 3.81503 3.81630 3.73139 3.61707 3.27062 3.33944 3.36064 3.33406 3.30924 3.31363 3.49713 3.57810 3.56304 3.52723 3.52723 3.52723 3.65595 3.67792 3.68201
4.05075 3.87163 3.78578 3.76755 3.65083 3.04556 2.95824 2.94178 2.92848 2.92651 2.92651 2.92651 2.92651 2.93152 2.81267 2.84915 2.95622 3.00375 3.05102 3.09899 3.16128 3.00801 3.28194 3.73534 3.74200 3.74360 3.74360 3.74360 3.61916 3.49786 3.53482 3.63017 3.72630 3.96095 4.25094 4.07755 3.74823 3.73379 3.71775 3.74490 3.78264 3.79159 3.77692 3.77821 3.77943 3.78072 3.78207 3.77132 3.74369 3.71687 3.67585 3.45515 3.20830 3.16092 3.30392 3.30392 3.30392 3.30392 3.42393 3.56478 3.57559 3.52825 3.52842 3.54218 3.65202 3.75951 3.82949
