results/OMI_NO2_200805.asc
ncols      200
nrows      200
xllcorner       120.258
yllcorner       41.1236
cellsize     0.0166667
NODATA_Value      -999.000
[rows 0 to 28 of 200, columns 0 to 66 of 200]
0.724755 0.858988 0.931546 0.780979 0.812148 0.814424 0.814424 0.814424 0.814424 0.814424 0.814424 0.880636 0.950814 0.951157 0.951584 0.951966 0.955932 0.976142 0.996144 1.01561 1.06436 1.09441 1.11746 1.12939 1.13472 1.13476 1.13476 1.10804 0.961323 0.964001 1.08471 1.05928 1.15935 1.22678 1.70959 1.73986 1.80039 1.83014 1.82444 1.86103 2.01177 2.00257 1.99337 1.98464 1.97590 1.96758 1.95926 1.95131 1.94339 1.92873 1.79374 1.77850 1.77207 1.74272 1.86937 1.82969 1.79066 1.54146 1.38680 1.34569 1.33360 1.33139 1.20808 1.00464 0.989499 0.987400 0.932216
0.724755 0.943447 1.05292 0.895994 0.814424 0.814424 0.814424 0.815479 0.822571 0.826182 0.835841 0.882863 0.977113 0.990049 1.00211 1.01313 1.02141 1.02825 1.03720 1.04520 1.06269 1.07011 1.06562 1.10656 1.12557 1.10942 1.09274 1.07298 0.981978 1.00201 1.13133 1.21264 1.25622 1.29742 1.57077 1.69151 1.70388 1.76436 1.76454 1.76509 1.90019 1.92816 1.92816 1.92816 1.92444 1.89566 1.85988 1.82557 1.79664 1.76481 1.68338 1.65284 1.63600 1.62295 1.63510 1.67499 1.67499 1.57659 1.36567 1.31515 1.26619 1.23695 1.19908 1.00465 1.00808 1.00926 1.00091
0.641044 0.671177 0.905811 0.885639 0.781266 0.820256 0.855904 0.886097 0.911150 0.928953 0.902047 0.903130 0.964635 0.976982 0.991842 1.00561 1.01801 1.02173 1.01994 1.00751 0.996735 1.00095 0.986800 1.00842 1.05031 1.02378 0.998907 0.977728 0.962802 1.07525 1.10805 1.22383 1.22846 1.29426 1.46089 1.69151 1.69151 1.74099 1.76426 1.70010 1.65207 1.64093 1.57852 1.52420 1.50297 1.70035 1.69309 1.69150 1.68388 1.66013 1.62344 1.59140 1.58800 1.58462 1.56217 1.57750 1.52087 1.44439 1.21279 1.21959 1.20949 1.21829 1.22691 1.11833 1.07426 1.08417 1.09383
0.799217 0.887365 0.996531 1.05715 0.993544 0.956580 0.956557 0.956535 0.956513 0.958704 0.932926 0.939242 0.989648 1.01779 1.00976 1.00665 1.00218 0.990891 0.979898 0.973832 0.954608 0.943358 0.925657 0.916341 0.992966 0.993817 0.994473 0.995160 0.983677 1.04995 1.09336 1.19636 1.22415 1.24298 1.29048 1.54483 1.51711 1.49679 1.49525 1.47310 1.42137 1.43485 1.43464 1.42230 1.40907 1.54684 1.59373 1.59611 1.59300 1.50086 1.47000 1.41369 1.39694 1.37900 1.35073 1.27975 1.25611 1.21112 1.30583 1.34443 1.32925 1.32512 1.32512 1.27339 1.31249 1.41533 1.45537
1.00378 0.999644 1.00435 1.05409 1.02928 0.947572 0.952416 0.964812 0.974517 0.986846 0.993446 0.944468 0.923340 0.941198 0.933836 0.939041 0.937506 0.913850 0.891952 0.873392 0.867702 0.871418 0.900930 0.916083 0.988486 1.00254 1.00254 0.989030 0.974234 0.956365 1.04253 1.06802 1.13531 1.15655 1.21713 1.38126 1.41869 1.44540 1.38968 1.36097 1.29783 1.28369 1.28085 1.28959 1.29948 1.37430 1.48953 1.47549 1.45265 1.39506 1.37486 1.32748 1.32536 1.32524 1.32524 1.27405 1.25609 1.22075 1.26697 1.34443 1.33662 1.32512 1.32512 1.31994 1.33082 1.51884 1.51630
0.923947 0.920554 0.923634 0.969230 0.988969 0.943977 0.967691 1.01567 1.03797 1.05543 1.05290 0.975506 0.859525 0.875920 0.857099 0.849332 0.874907 0.879584 0.884248 0.888919 0.893589 0.898619 0.928851 0.962174 1.01748 1.05900 1.06446 1.03367 1.00164 0.983647 1.07571 1.12272 1.26421 1.32647 1.40931 1.43451 1.44030 1.44873 1.43285 1.37521 1.33892 1.31591 1.31221 1.31120 1.30903 1.31291 1.45038 1.45175 1.42751 1.39530 1.37167 1.33516 1.32524 1.32524 1.32524 1.30436 1.25634 1.24066 1.23390 1.33929 1.34297 1.32311 1.31960 1.31680 1.25375 1.50948 1.51229
0.921887 0.961374 1.00482 1.05701 1.12602 1.12077 1.06437 1.08965 1.08295 1.06956 1.05792 1.02599 0.897097 0.892840 0.899111 0.900129 0.927392 0.929569 0.929569 0.929569 0.929569 0.930376 0.946787 1.00140 1.03644 1.10194 1.10562 1.09631 1.04195 1.06184 1.17858 1.28505 1.34338 1.41580 1.43243 1.46332 1.46357 1.46885 1.46488 1.39457 1.35876 1.30989 1.30107 1.29930 1.29919 1.29919 1.39803 1.45148 1.43922 1.40896 1.37167 1.34672 1.32524 1.32524 1.32524 1.32460 1.26656 1.25326 1.21272 1.31443 1.33110 1.31693 1.29563 1.26860 1.21578 1.45960 1.54267
1.23281 1.24990 1.24771 1.21477 1.21639 1.19366 1.08148 1.05615 1.06949 1.06949 1.06949 1.05935 0.972961 0.896609 0.899987 0.899987 0.922146 0.934931 0.938824 0.942692 0.943069 0.940292 0.939082 0.992988 1.02444 1.12833 1.15639 1.18117 1.11228 1.08987 1.14879 1.28551 1.31225 1.43115 1.44186 1.46579 1.45020 1.42744 1.41692 1.39113 1.34279 1.29571 1.28543 1.28029 1.27802 1.27577 1.31753 1.42357 1.41817 1.38371 1.33453 1.32201 1.29871 1.29608 1.29226 1.28410 1.22922 1.16005 1.12202 1.14635 1.16606 1.12443 1.03208 1.01977 1.00946 1.24748 1.47000
1.25746 1.25746 1.25746 1.22223 1.19358 1.14785 1.10726 1.04160 1.06633 1.06949 1.06951 1.07116 1.03689 0.911083 0.909797 0.911612 0.926932 0.941924 0.941069 0.940248 0.955170 0.987973 1.02083 1.10420 1.15144 1.15282 1.14472 1.15102 1.12175 1.07452 1.11439 1.23105 1.29915 1.33494 1.36078 1.37244 1.38204 1.37677 1.37007 1.36946 1.31270 1.27462 1.25477 1.24952 1.24950 1.24950 1.25201 1.38846 1.40437 1.34432 1.27006 1.22891 1.18137 1.16578 1.15172 1.14201 1.14719 1.09900 1.09284 1.08637 1.12481 1.12245 1.03697 1.04359 1.07057 1.18041 1.55756
1.29814 1.30611 1.31447 1.30001 1.27770 1.22159 1.21767 1.12720 1.12518 1.13563 1.13430 1.13059 1.11813 1.02759 0.977968 0.979826 0.991617 1.03982 1.06767 1.09549 1.11107 1.11130 1.11744 1.15467 1.23013 1.19403 1.17003 1.17721 1.17783 1.09742 1.09710 1.17464 1.28971 1.30179 1.35701 1.36114 1.38314 1.38029 1.37106 1.37007 1.34189 1.27896 1.24283 1.23003 1.22017 1.21145 1.20375 1.23863 1.24753 1.21762 1.18391 1.18322 1.16812 1.16167 1.16067 1.16684 1.18368 1.16273 1.13360 1.14032 1.22943 1.24499 1.20432 1.15771 1.15896 1.17344 1.51130
1.41521 1.41616 1.40392 1.38341 1.33485 1.29191 1.23183 1.16605 1.10236 1.12228 1.12526 1.12617 1.12651 1.11768 1.03122 1.06197 1.08668 1.11056 1.11928 1.12830 1.13737 1.14756 1.15634 1.16683 1.26701 1.24846 1.18408 1.18334 1.18164 1.11265 1.07710 1.12432 1.22521 1.26689 1.29279 1.30039 1.30073 1.28708 1.26919 1.25325 1.23872 1.17480 1.14225 1.14386 1.18265 1.19162 1.19953 1.20505 1.23023 1.20708 1.21346 1.24005 1.24862 1.25189 1.24731 1.23627 1.21668 1.19209 1.19542 1.21475 1.27399 1.26676 1.25502 1.16617 1.21493 1.27883 1.50212
1.36471 1.35693 1.35366 1.35516 1.33890 1.32822 1.25800 1.24488 1.14155 1.15236 1.19947 1.23112 1.26242 1.27112 1.17771 1.15731 1.16780 1.17722 1.18623 1.19679 1.20704 1.21594 1.21939 1.22296 1.20109 1.18535 1.09172 1.07775 1.06662 1.03462 0.971301 0.980389 1.03702 1.13254 1.14635 1.19400 1.19913 1.21947 1.21907 1.21912 1.21584 1.19195 1.14924 1.13230 1.20271 1.19388 1.17935 1.16407 1.17178 1.15991 1.28169 1.28861 1.25688 1.22054 1.22088 1.22521 1.27475 1.33852 1.39528 1.46626 1.56081 1.62477 1.67910 1.66120 1.64869 1.64869 1.68229
1.44984 1.45848 1.46729 1.47622 1.47306 1.44061 1.39515 1.34557 1.27122 1.21679 1.33134 1.33770 1.33066 1.31921 1.27439 1.19775 1.20772 1.24180 1.24094 1.24172 1.24801 1.25474 1.26148 1.26823 1.16644 1.14094 1.08579 1.07435 1.07976 1.08382 1.00056 0.992627 1.05358 1.13608 1.16652 1.20002 1.19480 1.19949 1.18609 1.17008 1.15291 1.13094 1.06571 1.04872 1.09703 1.11895 1.09122 1.06246 1.07915 1.17204 1.32487 1.48682 1.54602 1.58075 1.63747 1.69045 1.70283 1.70283 1.69784 1.70659 1.72303 1.75169 1.74555 1.71157 1.64088 1.62993 1.63423
1.54076 1.52382 1.52292 1.52305 1.52804 1.48370 1.46844 1.35930 1.32841 1.20287 1.25520 1.31532 1.32027 1.32305 1.31443 1.25724 1.26340 1.30035 1.32595 1.33138 1.33185 1.33185 1.33185 1.33185 1.25838 1.17189 1.13032 1.08824 1.08284 1.07781 1.02271 0.981185 0.979439 0.972300 1.03516 1.03046 1.06476 1.08061 1.10630 1.10386 1.10507 1.08518 1.02826 0.954755 0.949344 1.01592 1.01507 1.01568 1.11922 1.54585 1.56909 1.72368 1.72679 1.70780 1.70283 1.70283 1.70283 1.70283 1.70283 1.70078 1.70406 1.73470 1.71823 1.70439 1.61369 1.60867 1.62220
1.54638 1.53952 1.52491 1.50433 1.48101 1.43800 1.39974 1.34712 1.30648 1.24411 1.21445 1.31388 1.32092 1.32092 1.31579 1.30034 1.27891 1.29134 1.33182 1.33201 1.33295 1.33399 1.33503 1.33692 1.32510 1.16399 1.14093 1.08506 1.08312 1.08080 1.05735 0.980147 0.964050 0.892273 0.978765 0.992098 1.02704 1.01255 1.02737 1.00877 0.996936 0.987383 0.987462 0.927804 0.919945 1.00611 1.02786 1.03043 1.03328 1.49009 1.56658 1.70556 1.75217 1.73216 1.71230 1.71293 1.71026 1.70021 1.68991 1.68541 1.70780 1.76217 1.81192 1.84765 1.83848 1.85256 1.88047
1.47343 1.44683 1.43771 1.43771 1.43771 1.43524 1.39287 1.36217 1.26928 1.23763 1.15434 1.20179 1.24420 1.23303 1.26030 1.32359 1.28517 1.28303 1.33234 1.34638 1.35044 1.35397 1.35736 1.35851 1.35215 1.19955 1.14968 1.09753 1.10011 1.10222 1.09457 1.00370 0.978839 0.912747 0.951993 1.05296 1.03835 0.980932 1.01872 1.04057 1.04313 1.04568 1.04645 1.01077 0.969753 1.01345 1.07251 1.07251 1.07251 1.35564 1.59805 1.67047 1.78439 1.78272 1.75567 1.77036 1.78471 1.80708 1.83026 1.84274 1.84604 1.86180 1.94279 1.98127 1.96985 1.92838 1.93121
1.34887 1.32815 1.32335 1.30327 1.28387 1.26509 1.24582 1.24100 1.19722 1.17360 1.12126 1.10950 1.20961 1.21624 1.22791 1.32562 1.33272 1.29533 1.31866 1.35095 1.34548 1.33894 1.33254 1.32755 1.32717 1.23610 1.16384 1.17523 1.19198 1.22551 1.15394 1.10861 1.08827 1.06644 1.02877 1.09391 1.10006 1.00394 1.00818 1.04628 1.04645 1.04645 1.04645 1.04111 0.977803 0.991381 1.09872 1.11988 1.13707 1.24958 1.70983 1.73629 1.91813 1.91396 1.84765 1.84215 1.84183 1.84177 1.83973 1.82589 1.80980 1.81808 1.87296 1.94706 1.94780 1.89934 1.88735
1.22383 1.22385 1.24152 1.24336 1.24336 1.24378 1.24307 1.23968 1.22943 1.17666 1.15829 1.10394 1.16638 1.21664 1.21664 1.30272 1.35759 1.28643 1.28531 1.32637 1.33972 1.35964 1.37688 1.39332 1.41059 1.40861 1.28777 1.31413 1.34426 1.36198 1.31427 1.21260 1.11720 1.10714 1.02926 1.06150 1.10429 1.05231 1.00417 1.04597 1.06511 1.07540 1.08569 1.09599 1.09792 1.09097 1.14078 1.15386 1.13668 1.12901 1.61476 1.71164 1.82874 1.85142 1.77401 1.73495 1.70986 1.69557 1.68596 1.68655 1.69078 1.71675 1.78837 1.87553 1.88034 1.85237 1.81795
1.22391 1.22539 1.24067 1.24892 1.25031 1.25126 1.25130 1.24616 1.24512 1.19133 1.17155 1.10737 1.10256 1.20437 1.20349 1.27146 1.39091 1.36779 1.35468 1.40469 1.42867 1.44761 1.47834 1.51946 1.55929 1.57706 1.40894 1.37828 1.37371 1.37578 1.37066 1.24191 1.15614 1.13871 1.10311 1.11118 1.18938 1.15008 1.06029 1.07532 1.09055 1.07520 1.04799 1.02029 1.00020 0.984954 1.00036 1.05269 1.05114 1.04959 1.34535 1.63096 1.63299 1.65324 1.63177 1.61466 1.62630 1.62719 1.62536 1.62392 1.61667 1.63062 1.71603 1.77573 1.77636 1.73679 1.68293
1.22973 1.22973 1.23866 1.25154 1.25154 1.25154 1.25142 1.24225 1.23063 1.20284 1.14588 1.14954 1.14397 1.20848 1.29805 1.32298 1.44387 1.51842 1.47722 1.52048 1.56015 1.57576 1.57135 1.55702 1.54200 1.52592 1.42776 1.39186 1.38455 1.38383 1.39106 1.31752 1.25116 1.22410 1.19294 1.13904 1.17442 1.16110 1.06063 0.939289 0.930906 0.930285 0.937340 0.944815 0.952881 0.976976 0.967833 1.02974 1.04047 1.05428 1.17650 1.65793 1.66792 1.67273 1.64591 1.59219 1.58414 1.57612 1.56811 1.55248 1.53166 1.52056 1.57330 1.63928 1.69644 1.69648 1.66187
1.20030 1.18965 1.18277 1.19841 1.18994 1.18171 1.17383 1.16283 1.15005 1.13306 1.07612 1.09371 1.16664 1.18002 1.30963 1.34372 1.46617 1.59739 1.51804 1.49010 1.47523 1.46486 1.46248 1.46028 1.45885 1.45884 1.42201 1.39353 1.39594 1.40325 1.40430 1.37541 1.26951 1.21092 1.18688 1.12399 1.12289 1.16111 1.10189 0.979358 0.941943 0.960804 0.959948 0.957455 0.960847 0.996823 0.995317 1.04498 1.09298 1.09154 1.09139 1.52158 1.61041 1.61539 1.62161 1.55624 1.53603 1.51663 1.49807 1.48780 1.48775 1.48775 1.53408 1.62876 1.70877 1.73889 1.74241
1.10556 1.08553 1.06397 1.06645 1.03590 0.999647 0.962510 0.922278 0.917560 0.903734 0.861413 0.831706 1.02529 1.11921 1.19610 1.25892 1.31580 1.47647 1.51930 1.45882 1.45882 1.45882 1.46119 1.45976 1.45380 1.44809 1.41854 1.34260 1.36825 1.37969 1.36673 1.34232 1.20394 1.12527 1.10182 1.11097 1.11621 1.16164 1.13986 1.03456 0.934141 0.975198 0.989673 1.00453 1.01348 1.02387 1.03019 1.02579 1.08950 1.08923 1.08821 1.34659 1.58504 1.56045 1.55683 1.51666 1.51534 1.51838 1.52145 1.52700 1.54609 1.56736 1.60627 1.73730 1.78688 1.81170 1.79185
0.824001 0.787482 0.750682 0.785441 0.807133 0.781780 0.763963 0.770918 0.789865 0.858961 0.877907 0.855877 0.940036 1.13221 1.16016 1.28000 1.30348 1.41588 1.55140 1.43873 1.42984 1.41727 1.40103 1.38755 1.37848 1.36941 1.35771 1.27691 1.27544 1.30017 1.28752 1.28609 1.22538 1.12859 1.09325 1.09568 1.09909 1.10257 1.12498 1.06318 0.985369 0.986016 0.994111 0.993094 0.992081 0.991794 1.02490 0.995396 1.04130 1.05240 1.04414 1.12757 1.50463 1.50628 1.52287 1.54998 1.57705 1.58349 1.58978 1.59050 1.57607 1.55950 1.54553 1.63494 1.66782 1.69682 1.70081
0.692022 0.681871 0.680208 0.729223 0.796421 0.818034 0.837277 0.842933 0.848094 0.893553 0.917267 0.903840 0.893990 1.08964 1.12838 1.20374 1.23485 1.28604 1.46998 1.40691 1.36026 1.35856 1.35858 1.34854 1.33073 1.31291 1.29661 1.24635 1.22956 1.23387 1.20661 1.17227 1.12778 1.10664 1.06237 1.05448 1.06879 1.07599 1.10268 1.05725 0.998387 0.967334 0.988148 0.988143 0.984300 0.977380 0.997481 0.980593 0.984072 1.01810 1.01210 1.00780 1.40438 1.47264 1.47382 1.50262 1.52656 1.52238 1.51836 1.51729 1.51729 1.51729 1.51958 1.59279 1.67298 1.68761 1.71394
0.749708 0.772694 0.791361 0.797066 0.856253 0.857089 0.857165 0.864213 0.882120 0.875556 0.837232 0.814147 0.789234 0.923849 1.07729 1.11719 1.20850 1.24321 1.40223 1.43822 1.33699 1.31912 1.30129 1.28730 1.25326 1.21578 1.17833 1.11582 1.05250 1.04963 1.07070 1.06672 1.06863 1.09512 1.08171 1.06247 1.07035 1.07686 1.08781 1.08884 1.01936 0.960521 0.981243 0.988672 0.997573 1.00993 1.00565 0.943027 0.926811 1.00936 1.03027 1.04697 1.30095 1.48864 1.47760 1.50672 1.55131 1.55937 1.57123 1.58361 1.58088 1.56984 1.54882 1.54644 1.66338 1.67687 1.72410
0.792681 0.792681 0.801107 0.812187 0.867158 0.884466 0.889947 0.889161 0.893729 0.914724 0.835462 0.855730 0.841936 0.868994 1.05053 1.09199 1.17340 1.19285 1.28172 1.35228 1.22741 1.17017 1.13269 1.10135 1.09080 1.08050 1.07546 1.06354 1.04620 1.05089 1.09616 1.09896 1.10188 1.11712 1.14052 1.10809 1.11566 1.12550 1.12298 1.15162 1.11879 1.04656 1.06337 1.08971 1.09776 1.10843 1.11785 1.04662 1.06234 1.09478 1.11694 1.12190 1.22615 1.56150 1.55148 1.60108 1.64027 1.63119 1.59972 1.56676 1.54891 1.53940 1.53757 1.54006 1.60119 1.64634 1.70814
0.817976 0.823347 0.823463 0.821178 0.851430 0.876432 0.876432 0.876432 0.899882 0.964283 0.891293 0.856761 0.857652 0.847454 0.960891 1.01232 1.00106 0.981436 1.00582 1.18047 1.14234 1.08024 1.07531 1.07103 1.07384 1.08084 1.08304 1.08452 1.08117 1.09706 1.13053 1.15866 1.16619 1.16114 1.18457 1.16805 1.16514 1.18515 1.19539 1.22013 1.22839 1.15938 1.15776 1.18583 1.18985 1.18946 1.18865 1.13208 1.10223 1.12160 1.15069 1.13888 1.11965 1.47701 1.48620 1.48220 1.53686 1.55397 1.55935 1.56564 1.57194 1.57823 1.59621 1.65160 1.71534 1.85223 1.90119
0.834109 0.821176 0.821092 0.820965 0.836228 0.876012 0.875897 0.875794 0.882320 0.963487 0.966284 0.904156 0.911112 0.894862 0.857657 0.884198 0.916442 0.935255 0.964512 1.13949 1.18304 1.12082 1.12117 1.12740 1.13357 1.13873 1.14341 1.14810 1.14477 1.15806 1.14574 1.17468 1.16006 1.15574 1.17826 1.20351 1.20488 1.21279 1.22663 1.23161 1.26882 1.19285 1.15964 1.17461 1.18655 1.18495 1.17514 1.13619 1.04975 1.03724 1.04230 1.02846 1.01601 1.28300 1.48971 1.47846 1.55646 1.58839 1.59357 1.63968 1.69453 1.74942 1.79260 1.79590 1.78046 1.86412 1.89044
0.845389 0.820092 0.820120 0.829136 0.849648 0.917160 0.937339 0.952003 0.960910 0.982279 1.03382 0.961774 0.960664 0.977768 0.979470 0.956261 0.966095 0.995506 1.02288 1.14856 1.23851 1.19400 1.15506 1.15506 1.15506 1.15316 1.13983 1.12629 1.10824 1.10757 1.11064 1.15217 1.15467 1.15197 1.15650 1.19518 1.19668 1.20238 1.23148 1.23181 1.25393 1.23438 1.16141 1.16518 1.13022 1.10246 1.07873 1.05606 0.962074 0.956809 0.984866 1.00815 1.00815 1.12579 1.49586 1.50895 1.61446 1.72180 1.76567 1.76916 1.76406 1.75898 1.75335 1.73561 1.71088 1.69926 1.76111
