results/OMI_NO2_200705.asc
ncols      200
nrows      200
xllcorner       120.258
yllcorner       41.1236
cellsize     0.0166667
NODATA_Value      -999.000
[rows 87 to 115 of 181, columns 67 to 133 of 200]
1.49696 1.55302 1.56781 1.57886 1.54697 1.54287 1.40412 1.24928 1.23216 1.22481 1.22076 1.21669 1.21056 1.20026 1.19042 1.20958 1.20721 1.20358 1.18429 1.15854 1.16147 1.19719 1.47828 1.53124 1.47839 1.70692 1.65874 1.60665 1.58601 1.58399 1.58399 1.57834 1.52103 1.43862 1.35273 1.26334 1.17444 1.14120 1.14120 1.13734 1.09382 1.22457 1.23758 1.19184 1.24195 1.33921 1.36860 1.34567 1.36847 1.59767 1.59080 1.57712 1.57209 1.58104 1.59050 1.60014 1.60931 1.63987 1.82631 1.81443 1.81418 1.91237 2.03201 1.99494 2.00837 2.02568 2.04471
1.46804 1.56984 1.56210 1.55784 1.52206 1.48665 1.42933 1.18290 1.15974 1.15173 1.14534 1.13894 1.13463 1.13508 1.14000 1.16221 1.18869 1.19393 1.19771 1.16746 1.16491 1.17842 1.33752 1.48735 1.42589 1.54909 1.63260 1.52149 1.44117 1.35764 1.27037 1.18584 1.15796 1.15571 1.15346 1.15122 1.14897 1.14673 1.14574 1.17084 1.16306 1.26031 1.34942 1.31874 1.22461 1.29871 1.31065 1.36114 1.37690 1.62893 1.70447 1.71532 1.72465 1.72428 1.72335 1.72249 1.72231 1.72231 1.78092 1.80135 1.80129 1.84629 2.11612 2.09141 2.10378 2.11527 2.11009
1.40649 1.52180 1.53616 1.53616 1.52402 1.46791 1.43985 1.23421 1.14515 1.14657 1.15347 1.16046 1.16754 1.17414 1.17627 1.17874 1.21182 1.21527 1.19663 1.14910 1.10488 1.09650 1.15151 1.34464 1.25515 1.20370 1.32218 1.16495 1.14585 1.14117 1.13649 1.13181 1.12978 1.12954 1.12467 1.14236 1.17267 1.20303 1.23215 1.23519 1.21239 1.20739 1.32610 1.32498 1.21208 1.27303 1.30555 1.41554 1.45155 1.57834 1.72231 1.72231 1.72228 1.72111 1.71936 1.71760 1.71584 1.71408 1.74496 1.79132 1.79185 1.84736 2.08856 2.05946 2.00343 1.96741 1.97567
1.46432 1.52263 1.55440 1.51092 1.46684 1.36902 1.30949 1.22491 1.20093 1.19475 1.20016 1.20557 1.21100 1.21640 1.22181 1.22915 1.23077 1.19863 1.20640 1.21733 1.19090 1.20068 1.14773 1.17360 1.20840 1.16555 1.30023 1.19856 1.12404 1.11639 1.10896 1.12416 1.15455 1.18450 1.21274 1.21687 1.20830 1.19973 1.19116 1.18259 1.17452 1.17530 1.29753 1.34439 1.29607 1.29536 1.35569 1.40623 1.46097 1.50282 1.70616 1.71374 1.71201 1.71142 1.71142 1.71395 1.77407 1.85972 1.94793 2.09025 2.16224 2.19692 2.25114 2.10830 2.13849 2.21934 2.26147
1.28255 1.23074 1.26736 1.25561 1.24624 1.20796 1.17209 1.30928 1.33117 1.33173 1.34535 1.36056 1.37489 1.38949 1.40446 1.41720 1.41177 1.32443 1.31870 1.31870 1.28810 1.27020 1.22975 1.19114 1.22990 1.16854 1.21873 1.23361 1.12447 1.15393 1.18316 1.18977 1.18119 1.17328 1.17171 1.17171 1.17171 1.17171 1.17240 1.18604 1.20211 1.20202 1.25306 1.31398 1.27931 1.26137 1.34664 1.35628 1.44599 1.47125 1.65371 1.79646 1.88096 1.96117 2.03748 2.10800 2.13093 2.13118 2.16684 2.28052 2.35819 2.41886 2.44953 2.41877 2.26572 2.26147 2.26147
1.18037 1.19908 1.27380 1.32493 1.33446 1.32110 1.26840 1.38644 1.44753 1.42898 1.41917 1.41774 1.41764 1.41764 1.41764 1.41764 1.41490 1.35422 1.30381 1.29844 1.28835 1.24722 1.24250 1.17724 1.21493 1.21335 1.23128 1.36792 1.17498 1.17171 1.17171 1.17171 1.17171 1.17171 1.16916 1.15421 1.14746 1.14074 1.13330 1.11292 1.09009 1.08762 1.09951 1.23162 1.23652 1.26759 1.41528 1.51336 1.64304 1.78528 1.97368 2.12675 2.13014 2.12957 2.16696 2.22659 2.28610 2.34541 2.36935 2.39849 2.43691 2.43652 2.43428 2.47771 2.22501 2.11313 2.05772
1.22722 1.23939 1.28265 1.33078 1.32892 1.32694 1.26874 1.32377 1.44896 1.43185 1.41599 1.40918 1.40281 1.40328 1.40539 1.40758 1.41286 1.41294 1.32490 1.32802 1.33066 1.36873 1.43798 1.39745 1.29511 1.28280 1.23380 1.34331 1.22121 1.14746 1.12234 1.09870 1.08866 1.08198 1.07786 1.08610 1.08639 1.08645 1.08651 1.08715 1.09519 1.10579 1.11933 1.21073 1.43681 1.62249 1.66591 1.72014 1.73758 1.82421 1.95413 2.16312 2.26877 2.32886 2.35100 2.35255 2.35964 2.36724 2.37482 2.39032 2.44298 2.41895 2.38701 2.40549 2.16842 1.99517 1.99517
1.32773 1.36456 1.36830 1.33222 1.32529 1.32255 1.27885 1.27705 1.47091 1.46628 1.43224 1.43282 1.44323 1.44520 1.44508 1.44489 1.44629 1.44784 1.37787 1.33254 1.33202 1.37004 1.45978 1.42619 1.29634 1.28227 1.20938 1.22400 1.15015 1.04831 1.06688 1.08395 1.08727 1.08727 1.08817 1.09667 1.10688 1.11708 1.12731 1.13693 1.13916 1.13916 1.14190 1.17427 1.32991 1.62190 1.64581 1.73864 1.75420 1.94297 2.11183 2.27504 2.37474 2.40892 2.39140 2.39744 2.39012 2.36027 2.32909 2.30311 2.34373 2.35286 2.35271 2.35011 2.34299 2.01308 1.99366
1.32762 1.29415 1.25704 1.20503 1.14884 1.11890 1.13945 1.28809 1.45910 1.50189 1.46686 1.43638 1.43756 1.43910 1.44083 1.44259 1.44274 1.43698 1.41119 1.30553 1.29484 1.28689 1.38731 1.40364 1.29506 1.28663 1.24637 1.25349 1.26246 1.09294 1.09775 1.11080 1.12453 1.13827 1.15111 1.15636 1.16092 1.17411 1.18917 1.20420 1.21924 1.23433 1.25898 1.29261 1.42705 1.74960 1.84322 1.93100 1.98437 2.06893 2.27295 2.47871 2.64254 2.69161 2.40486 2.37101 2.36467 2.38037 2.39742 2.40925 2.38318 2.35203 2.35206 2.34664 2.40222 2.08484 1.99358
1.24563 1.19324 1.14880 1.14527 1.10687 1.10582 1.10586 1.25260 1.39219 1.51031 1.48918 1.43951 1.42896 1.41873 1.40849 1.39825 1.38804 1.38357 1.38357 1.31190 1.27548 1.28962 1.36668 1.46645 1.43948 1.36002 1.36855 1.38088 1.42813 1.29698 1.28035 1.29259 1.30409 1.31559 1.32714 1.33865 1.34910 1.35230 1.36272 1.38034 1.39796 1.41554 1.42544 1.43077 1.49292 1.71054 1.97022 2.10864 2.26936 2.34198 2.51208 2.65964 2.70506 2.71697 2.56023 2.40966 2.40970 2.40986 2.41002 2.41018 2.40248 2.35295 2.35302 2.35255 2.40964 2.23987 2.04571
1.24563 1.21862 1.14880 1.14880 1.12118 1.10830 1.10754 1.18976 1.32372 1.50376 1.45710 1.39916 1.38369 1.39314 1.40829 1.42352 1.43868 1.45388 1.46909 1.47169 1.47436 1.52115 1.56385 1.71586 1.73813 1.55325 1.51988 1.49866 1.51000 1.43879 1.35095 1.35233 1.35572 1.35913 1.36851 1.38607 1.40369 1.42023 1.42824 1.42907 1.42990 1.43072 1.46029 1.63809 1.78989 1.99537 2.25877 2.27408 2.35761 2.36098 2.42504 2.62114 2.70092 2.71313 2.68919 2.41936 2.41065 2.41066 2.41179 2.41763 2.41501 2.36548 2.35173 2.34879 2.33290 2.42174 2.10892
1.24434 1.23909 1.14336 1.13282 1.11203 1.07107 1.06368 1.08169 1.21893 1.57395 1.61303 1.57364 1.55370 1.55943 1.56183 1.58530 1.61371 1.64215 1.67057 1.69553 1.65018 1.63076 1.63076 1.69884 1.75996 1.62100 1.52223 1.48985 1.48592 1.46722 1.37660 1.39167 1.40672 1.42176 1.43081 1.43168 1.43251 1.43307 1.43744 1.52104 1.62894 1.73049 1.79997 1.84145 1.90881 2.01279 2.23974 2.29634 2.32352 2.36164 2.34801 2.57515 2.70146 2.70857 2.72337 2.54081 2.41120 2.40838 2.40444 2.39576 2.39558 2.36340 2.32321 2.31260 2.29773 2.38156 2.14597
1.16123 1.15144 1.07710 1.05298 1.05095 1.01558 1.00937 1.00929 1.15283 1.48746 1.69311 1.66470 1.64273 1.66821 1.69425 1.69918 1.69918 1.69918 1.69918 1.69831 1.67659 1.62000 1.61466 1.61097 1.69159 1.61692 1.51014 1.50262 1.51155 1.53551 1.43970 1.43308 1.43308 1.43308 1.43308 1.47388 1.58324 1.68750 1.79829 1.84842 1.87321 1.89799 1.92601 1.96748 2.06842 2.10739 2.24382 2.36886 2.29256 2.36549 2.34790 2.45551 2.69185 2.69348 2.70132 2.65986 2.39788 2.39090 2.38050 2.37134 2.36238 2.34830 2.30158 2.33210 2.56250 2.86704 3.24221
1.12946 1.12946 1.08773 1.04474 1.04450 1.03015 1.04433 1.06563 1.18486 1.47954 1.81362 1.77234 1.71970 1.69885 1.69406 1.68786 1.67018 1.63543 1.60206 1.57105 1.54551 1.49201 1.46507 1.46166 1.55323 1.61453 1.56530 1.55227 1.53638 1.54473 1.46749 1.44295 1.55478 1.69307 1.82349 1.91073 1.93663 1.96136 1.97052 1.97097 1.97183 1.97268 1.97354 1.98665 2.08822 2.13883 2.22580 2.39944 2.27408 2.34904 2.35814 2.35507 2.66822 2.70871 2.70643 2.70921 2.49553 2.38766 2.38902 2.38987 2.55717 2.80910 3.00155 3.20360 3.26150 3.28342 3.57612
1.12453 1.11427 1.08449 1.00904 0.999025 1.00831 1.11040 1.11194 1.13412 1.29380 1.67550 1.60138 1.52043 1.54957 1.52437 1.50145 1.48783 1.48766 1.48834 1.49466 1.50597 1.50860 1.49305 1.49896 1.53468 1.66046 1.61737 1.57924 1.61256 1.72496 1.89503 1.97270 1.99459 1.98976 1.98503 1.98405 1.98490 1.98590 2.00063 2.02424 2.04781 2.07139 2.09499 2.10630 2.15092 2.20534 2.23642 2.34459 2.32784 2.34109 2.42939 2.44665 2.59791 2.68003 2.67763 2.68898 2.64054 2.72432 2.96600 3.19609 3.30224 3.33082 3.33314 3.32841 3.33156 3.33242 3.49679
1.08061 1.08061 1.07484 0.976411 0.953550 0.934817 0.997563 1.01334 1.01054 1.05372 1.38289 1.48903 1.44898 1.54087 1.55929 1.57077 1.58452 1.59827 1.61138 1.61880 1.62310 1.63005 1.59483 1.59177 1.61697 1.84155 1.96230 1.96812 1.94362 1.93628 1.99368 1.99326 1.98680 2.00267 2.02622 2.04982 2.07291 2.09270 2.09802 2.09389 2.08976 2.08395 2.07538 2.06680 2.07068 2.16642 2.21798 2.32199 2.45777 2.37984 2.43984 2.41212 2.49260 2.68976 2.71701 2.74947 2.78379 3.17897 3.30665 3.31722 3.30636 3.29212 3.29183 3.34850 3.34850 3.34870 3.40912
0.926254 0.896600 0.871071 0.929838 0.956188 0.956188 0.992240 1.07224 1.07251 1.10668 1.32138 1.54628 1.52338 1.56304 1.61986 1.62859 1.63594 1.64330 1.65001 1.65067 1.64820 1.64068 1.61507 1.57649 1.83252 1.98038 2.05247 1.94992 1.90688 1.91691 1.95871 2.02072 2.01830 2.01725 2.00867 2.00010 1.99200 1.98705 1.98259 1.97815 1.97385 1.98709 2.03573 2.08561 2.13544 2.24609 2.26792 2.31121 2.43445 2.33376 2.39341 2.40348 2.44742 2.67943 2.68306 2.68041 2.77067 2.93340 3.27243 3.27371 3.28963 3.30973 3.32990 3.41568 3.44606 3.46594 3.46722
0.866333 0.866333 0.866333 0.906276 0.955785 0.949121 0.949219 1.04806 1.06290 1.10011 1.23481 1.57535 1.57124 1.49152 1.56860 1.56291 1.55641 1.54975 1.54292 1.54078 1.53971 1.53865 1.53714 1.48785 1.55560 1.83821 1.93709 1.95637 1.96916 1.95678 1.95678 1.99009 1.97426 1.97089 1.97104 1.97208 1.97327 1.98658 2.03431 2.08419 2.13402 2.17170 2.17821 2.18357 2.18893 2.20503 2.21674 2.25212 2.36108 2.39104 2.36406 2.40623 2.40544 2.60668 2.69823 2.71830 2.78949 2.86425 3.29934 3.39303 3.39719 3.39714 3.38675 3.40126 3.40802 3.37798 3.34486
0.866333 0.866333 0.866333 0.891599 0.995731 0.994203 1.01936 1.09980 1.17042 1.18938 1.23163 1.56109 1.59652 1.46714 1.51568 1.53279 1.53172 1.53086 1.52802 1.52352 1.51902 1.51451 1.51011 1.48603 1.45413 1.73719 1.87891 1.94306 1.97391 1.96190 1.96791 1.98497 1.99560 1.98677 2.03736 2.09158 2.14558 2.18751 2.19500 2.20036 2.20559 2.20725 2.22132 2.24583 2.27035 2.28877 2.26699 2.27368 2.31858 2.43100 2.39866 2.48169 2.48465 2.65719 2.80038 2.80154 2.80897 2.87921 3.04582 3.32041 3.28819 3.25453 3.23148 3.24856 3.34069 3.43867 3.54094
0.943234 0.974702 1.00684 1.03145 1.11795 1.09451 1.07991 1.09716 1.19392 1.19929 1.21933 1.45361 1.59169 1.51488 1.47310 1.51937 1.51486 1.51040 1.50869 1.50869 1.50869 1.50869 1.50876 1.51194 1.47043 1.58054 1.85465 1.96609 2.00543 2.01575 2.06401 2.11069 2.19250 2.20453 2.20718 2.20718 2.20718 2.20718 2.21228 2.23526 2.25977 2.28167 2.28378 2.27551 2.26724 2.25702 2.21583 2.19917 2.23446 2.35483 2.43321 2.49477 2.46286 2.52449 2.67347 2.63498 2.58663 2.62678 2.69174 3.17955 3.25925 3.35869 3.46108 3.56379 3.71673 3.73260 3.73683
1.04322 1.04500 1.04576 1.04576 1.11333 1.12497 1.09213 1.09213 1.17706 1.20154 1.20011 1.33499 1.57157 1.54932 1.42745 1.50711 1.50869 1.51186 1.51935 1.52696 1.53624 1.54608 1.55584 1.56098 1.53433 1.50408 1.79390 1.97582 2.14774 2.22206 2.22068 2.22068 2.21311 2.22142 2.20774 2.22174 2.23375 2.24509 2.25384 2.24713 2.23886 2.23302 2.23305 2.23305 2.23290 2.23249 2.22056 2.22000 2.23609 2.23090 2.25273 2.25473 2.28285 2.34492 2.59661 2.62913 2.66905 2.79050 2.99616 3.37445 3.73881 3.74721 3.76093 3.77583 3.82052 3.84947 3.83663
1.04576 1.04576 1.04576 1.04687 1.09156 1.14988 1.10400 1.10767 1.13658 1.18602 1.18602 1.23029 1.58606 1.61488 1.52272 1.53757 1.55633 1.56300 1.56535 1.56757 1.56815 1.56773 1.55561 1.53807 1.51751 1.45371 1.58121 1.86628 2.17146 2.22749 2.23679 2.26138 2.24464 2.23309 2.21593 2.21726 2.22101 2.22550 2.22745 2.22703 2.22662 2.23275 2.25035 2.26817 2.28611 2.30435 2.31195 2.28340 2.28108 2.18563 2.17985 2.20583 2.27246 2.31724 2.48276 2.85031 3.10738 3.13521 3.23756 3.34586 3.82438 3.83258 3.81310 3.77952 3.78355 3.82946 3.81432
1.05413 1.05833 1.06254 1.06563 1.07950 1.16892 1.13828 1.16911 1.21175 1.32633 1.37673 1.38138 1.61303 1.70051 1.63914 1.55426 1.56365 1.56309 1.55343 1.53537 1.51728 1.49959 1.49366 1.49444 1.51112 1.50167 1.49920 1.83377 2.15908 2.34572 2.38422 2.40439 2.36119 2.25901 2.22833 2.22509 2.23316 2.25137 2.26959 2.28782 2.30603 2.31770 2.31885 2.32706 2.33697 2.34711 2.36180 2.34915 2.34986 2.26558 2.20565 2.22161 2.30026 2.41329 2.54441 2.77129 3.27287 3.29405 3.33889 3.43667 3.61423 3.74203 3.72220 3.71521 3.71327 3.74532 3.73906
1.10795 1.15417 1.20303 1.25419 1.30781 1.43234 1.39877 1.35814 1.35760 1.40713 1.44482 1.43032 1.50441 1.69384 1.67764 1.52494 1.51713 1.50069 1.50624 1.52812 1.55001 1.57190 1.59380 1.61435 1.62164 1.62228 1.56818 1.76651 2.12848 2.43530 2.49346 2.51675 2.53915 2.41743 2.42963 2.44844 2.47729 2.49553 2.51399 2.53272 2.55160 2.57065 2.58878 2.59786 2.61125 2.60241 2.58549 2.54737 2.51999 2.52141 2.43505 2.44513 2.49428 2.59485 2.66517 2.69557 3.26286 3.43051 3.48234 3.39787 3.40465 3.70108 3.70622 3.70497 3.70208 3.71857 3.72777
1.40766 1.39656 1.39656 1.39656 1.39656 1.43975 1.42662 1.35962 1.36519 1.38666 1.46247 1.44985 1.41686 1.68941 1.68794 1.63436 1.64924 1.68649 1.70306 1.71119 1.71945 1.72684 1.71749 1.70209 1.68312 1.65906 1.60247 1.58683 2.01304 2.35662 2.53608 2.55724 2.53852 2.61947 2.64857 2.61373 2.61373 2.61385 2.62885 2.65406 2.67276 2.65844 2.63952 2.62041 2.59452 2.58935 2.58726 2.57832 2.54285 2.55478 2.47572 2.47164 2.54143 2.68642 2.80946 2.87274 3.12127 3.50550 3.50260 3.45723 3.35035 3.57336 3.68992 3.68828 3.68827 3.70018 3.73057
1.44672 1.39656 1.39656 1.39656 1.39656 1.42119 1.46542 1.44950 1.43005 1.41060 1.47706 1.50879 1.45539 1.67400 1.67427 1.63582 1.58515 1.57390 1.54983 1.52567 1.50157 1.48231 1.48547 1.49464 1.50380 1.51298 1.51209 1.47774 1.72935 2.12088 2.43939 2.52472 2.51279 2.54595 2.59596 2.67439 2.72486 2.71138 2.67537 2.62915 2.58943 2.58275 2.58065 2.57856 2.57694 2.58457 2.60335 2.62220 2.61554 2.65976 2.65746 2.62484 2.66014 2.73377 2.83191 2.86362 2.88226 3.44042 3.48937 3.48877 3.37258 3.42402 3.70912 3.71784 3.72617 3.73269 3.76172
1.48801 1.41974 1.42540 1.42090 1.40949 1.40439 1.45900 1.46406 1.47213 1.48019 1.52662 1.58907 1.57075 1.47890 1.50060 1.49945 1.46175 1.48281 1.49392 1.50309 1.51227 1.51766 1.51770 1.51770 1.51770 1.51770 1.50803 1.45362 1.44813 1.88065 2.24507 2.38482 2.37495 2.35979 2.41955 2.49913 2.58451 2.57686 2.57683 2.57683 2.57683 2.57900 2.59534 2.61420 2.63417 2.66831 2.69959 2.73081 2.72724 2.69085 2.66515 2.55395 2.59374 2.69180 2.80113 2.86629 2.87470 3.21426 3.52106 3.52937 3.47809 3.38664 3.64162 3.73836 3.77301 3.81106 3.86955
1.66585 1.57651 1.42324 1.41632 1.41632 1.41632 1.47476 1.48725 1.48725 1.48725 1.49224 1.58710 1.60245 1.51398 1.53040 1.53958 1.51873 1.50963 1.51770 1.51770 1.51240 1.48380 1.45250 1.41850 1.37923 1.33980 1.31004 1.29854 1.28355 1.63191 2.02826 2.19496 2.20358 2.19584 2.30892 2.36221 2.57618 2.57685 2.58669 2.59264 2.59393 2.61010 2.64317 2.67439 2.70445 2.71266 2.71266 2.71266 2.70429 2.66296 2.61959 2.56243 2.58360 2.69793 2.80915 2.87160 2.87761 2.94474 3.48962 3.50392 3.53222 3.43907 3.55494 3.83146 3.83120 3.82675 3.86014
1.77984 1.73958 1.42343 1.41632 1.41632 1.41632 1.45598 1.48547 1.48371 1.48195 1.48019 1.57811 1.64173 1.57350 1.54408 1.53253 1.50333 1.44226 1.37862 1.33919 1.30505 1.29420 1.28609 1.28062 1.28063 1.33683 1.43796 1.53913 1.59637 1.65894 2.06807 2.08765 2.19788 2.20960 2.31093 2.32768 2.50356 2.56525 2.59815 2.64367 2.69386 2.72701 2.72907 2.73049 2.72339 2.67896 2.63024 2.58156 2.53266 2.45267 2.44149 2.49272 2.61690 2.69383 2.77198 2.80230 2.83445 2.84560 3.33154 3.60124 3.59205 3.51152 3.44070 3.82478 3.97801 4.08787 4.18737
