results/OMI_NO2_200904.asc
ncols      200
nrows      200
xllcorner       120.258
yllcorner       41.1236
cellsize     0.0166667
NODATA_Value      -999.000
[rows 29 to 57 of 165, columns 67 to 133 of 200]
   :*                  8*               <*                 9*                 ;*                    >*                 ?*                  <*                   ;*                   ;*                  :*                    3*                  8*                     ?*            
;*                 <*                  <*                  >*                 3*               3*                9*                 :*                  :*      *     8      *     9     *     9      *        9         *       ?      *         9       *      8      *       9     <*                <*            
   =*                    8*                 :*               >*              <*                 ?*                   <*                 >*                 2*               3*                2*             ;*                ;*               ;*                9*                8*                   <*                 <*           
            8*      *     8     *       9     *        9      *        8     *        ;      *     ;     *      8      *       9     ;*                  =*               >*                  :*                   3*                9*              ?*                 ?*                 ?*                 8*                ;*        
1.63001 1.55649 1.55649 1.47455 1.35692 1.35692 1.35692 1.35692 1.35754 1.38605 1.44882 1.45049 1.47669 1.51034 1.51994 1.51994 1.51994 1.52639 1.57259 1.67188 1.74360 1.80614 1.85577 2.29523 2.43275 2.43275 2.45119 2.56312 2.68799 2.81294 2.87711 2.87711 2.87711 2.87711 2.87711 2.87711 2.88312 2.91676 2.99492 3.34768 3.40894 3.85143 3.86033 3.86033 3.78447 3.38520 2.89275 2.61160 2.56924 2.46629 2.35974 2.25316 2.16411 2.14955 2.35621 2.75078 3.13356 3.47241 3.78262 4.39964 4.42366 4.42366 4.42366 4.42366 4.42366 4.34308 4.26745
1.70106 1.55658 1.55649 1.54354 1.38847 1.42572 1.46929 1.51283 1.55573 1.57079 1.57079 1.55834 1.51994 1.52434 1.56128 1.61056 1.66929 1.72172 1.74161 1.82592 1.85314 1.85314 1.86472 2.18913 2.63271 2.75753 2.86409 2.87711 2.87711 2.87711 2.88244 2.91528 2.95237 2.98921 3.02618 3.06314 3.09400 3.09739 3.09739 3.32812 3.42483 3.71233 3.85624 3.83620 3.79890 3.39774 2.97155 2.21660 2.15235 2.23154 2.56061 2.89816 3.25680 3.57691 3.75388 3.78636 3.78636 3.78636 3.78636 4.19223 4.42366 4.42366 4.42366 4.42366 4.42366 4.40824 4.27124
1.78549 1.70674 1.70851 1.75190 1.63909 1.57079 1.57079 1.57079 1.57079 1.57061 1.56755 1.58513 1.66981 1.72451 1.74642 1.75605 1.75619 1.75619 1.75619 1.81160 1.99769 2.12269 2.24727 2.35919 2.84816 2.91392 2.95090 2.98785 3.02472 3.06180 3.09334 3.09739 3.09739 3.09739 3.09739 3.09739 3.09739 3.05524 2.92580 2.87201 3.34092 3.40906 3.61624 3.55641 3.51157 3.32714 2.81159 2.92278 3.37113 3.63006 3.72679 3.78458 3.78636 3.78636 3.78636 3.78636 3.78636 3.78636 3.78636 3.94664 4.42366 4.42366 4.42366 4.42366 4.42366 4.42366 4.32465
1.96003 1.86321 1.77036 1.77036 1.71421 1.57078 1.57055 1.58271 1.59741 1.61228 1.63001 1.63653 1.72596 1.75619 1.75619 1.75851 1.82761 1.92750 2.02838 2.12793 2.32742 2.36537 2.38953 2.46990 2.85548 3.09739 3.09739 3.09739 3.09739 3.09739 3.09739 3.09739 3.04663 2.91577 2.79517 2.68472 2.58827 2.54094 2.55905 2.57955 2.94805 3.03808 3.21416 3.10649 2.99225 2.97205 2.76165 3.21045 3.78636 3.78636 3.78636 3.78636 3.78636 3.78636 3.78636 3.78636 3.78636 3.78636 3.78636 3.78922 4.33560 4.42366 4.42366 4.42366 4.42366 4.42366 4.39350
2.03120 1.89899 1.79260 1.78927 1.80170 1.64035 1.63403 1.63653 1.63653 1.63653 1.63653 1.63653 1.66830 1.89404 2.01383 2.13080 2.18100 2.20033 2.21873 2.22334 2.33711 2.43707 2.43707 2.45555 2.63627 3.09348 3.09739 3.03695 2.90587 2.78625 2.67653 2.57568 2.51896 2.53665 2.55715 2.57717 2.53213 2.42989 2.32666 2.22324 2.29300 2.70631 2.87065 3.00712 3.01689 3.01689 2.95522 2.83823 3.74749 3.78636 3.78636 3.78636 3.78636 3.78636 3.78636 3.78636 3.78636 3.78636 3.78636 3.78636 4.09291 4.42366 4.42366 4.41658 4.33801 4.24047 4.14201
1.92193 1.92270 1.90404 1.83610 1.83610 1.73063 1.63653 1.64553 1.66946 1.69362 1.71782 1.74197 1.76603 2.11757 2.22334 2.22334 2.22334 2.22334 2.22334 2.22334 2.25715 2.43705 2.38219 2.28158 2.27513 2.53542 2.56819 2.51465 2.51689 2.53477 2.55522 2.56029 2.48458 2.38306 2.27973 2.17687 2.13472 2.14678 2.16483 2.18281 2.20133 2.66800 2.80668 3.01689 3.01689 3.01689 3.01688 2.82476 3.39377 3.78636 3.78636 3.78636 3.78636 3.78636 3.78636 3.78636 3.78636 3.78636 3.78636 3.77810 3.76610 4.21116 4.01415 3.80489 3.66708 3.55438 3.44053
1.74438 1.79618 1.80624 1.72737 1.67294 1.62709 1.76036 1.77589 1.77611 1.77611 1.77611 1.77611 1.77611 1.90045 2.22334 2.22334 2.22334 2.22120 2.21645 2.21169 2.20693 2.06409 1.98616 1.98616 2.02832 2.22617 2.55330 2.52214 2.43682 2.33623 2.23290 2.14499 2.13441 2.13943 2.15686 2.17487 2.19258 2.19853 2.19853 2.19853 2.19853 2.44583 2.75152 2.97835 3.01689 3.01689 3.01689 2.94232 2.97068 3.78625 3.78636 3.78636 3.78636 3.78636 3.78636 3.77664 3.67466 3.51825 3.36057 3.21107 3.13418 3.30270 3.28049 3.12638 2.97200 2.81157 2.65330
1.32546 1.39106 1.51603 1.53186 1.53186 1.53186 1.72207 1.77611 1.77611 1.77611 1.77611 1.77611 1.77390 1.76796 2.11726 2.20734 2.20258 2.19996 2.19996 2.19996 2.20092 2.13191 2.02381 2.05355 2.09106 2.19881 2.19749 2.13441 2.13441 2.13525 2.14893 2.16699 2.18495 2.19795 2.19853 2.19853 2.19853 2.19853 2.19853 2.19829 2.18257 2.20591 2.65767 2.82325 3.01689 3.01689 3.01689 3.01585 2.81287 3.56502 3.78632 3.74266 3.59826 3.44054 3.28281 3.13483 3.07912 3.01661 2.84162 2.68733 2.53289 2.48084 2.63629 2.63629 2.63629 2.63629 2.63629
1.23829 1.35614 1.45423 1.53186 1.53186 1.53186 1.63085 1.77432 1.76852 1.76257 1.75662 1.75067 1.74694 1.74688 1.88745 2.19996 2.20041 2.21454 2.23745 2.26907 2.30044 2.30679 2.12542 2.11725 2.11725 2.18373 2.18702 2.15901 2.17707 2.19419 2.19853 2.19853 2.19853 2.19835 2.18328 2.15863 2.13382 2.10923 2.08438 2.06001 2.05092 2.05092 2.39702 2.65777 3.01658 3.01466 2.97035 2.89737 2.66365 2.71822 3.20512 3.09122 3.06253 2.90245 2.71350 2.55539 2.40111 2.30812 2.32888 2.32912 2.32912 2.33606 2.61065 2.63629 2.63629 2.63629 2.63629
1.23817 1.29856 1.39246 1.52035 1.51884 1.51289 1.52254 1.73921 1.74688 1.74688 1.74688 1.74688 1.74683 1.72541 1.69292 2.16732 2.30265 2.32089 2.33029 2.33105 2.33105 2.33105 2.20416 2.13391 2.15192 2.19991 2.27524 2.20214 2.18400 2.15923 2.13457 2.10983 2.08511 2.06060 2.05092 2.05092 2.05092 2.05092 2.05092 2.05092 2.05816 2.12303 2.27164 2.43433 2.58999 2.51800 2.40458 2.31987 2.32226 2.18178 2.58772 2.42335 2.28471 2.29034 2.32515 2.32912 2.32912 2.32912 2.32912 2.32912 2.32912 2.32912 2.49916 2.63629 2.63629 2.63629 2.63629
1.12689 1.10431 1.34020 1.44595 1.50263 1.50263 1.50263 1.66341 1.74688 1.73375 1.70592 1.68161 1.65741 1.65464 1.66275 1.92721 2.33105 2.33105 2.33105 2.33979 2.35779 2.37580 2.33765 2.14563 2.12069 2.09765 2.15955 2.09451 2.05092 2.05092 2.05092 2.05092 2.05092 2.05092 2.05092 2.06095 2.12922 2.21251 2.30325 2.39821 2.45954 2.43416 2.37990 2.05574 2.17015 2.38316 2.42280 2.49132 2.59616 2.54296 2.34461 2.32912 2.32912 2.32912 2.32912 2.32912 2.32912 2.32912 2.32912 2.32912 2.32912 2.32912 2.38112 2.63607 2.63629 2.63629 2.63629
1.05929 1.05929 1.23980 1.38132 1.50256 1.49746 1.47458 1.51986 1.67032 1.65917 1.66277 1.66277 1.66277 1.66277 1.66277 1.67724 2.25886 2.33744 2.33052 2.31491 2.28997 2.26504 2.25103 2.07843 2.03717 2.03717 2.09129 2.11887 2.05111 2.05092 2.06424 2.13540 2.21946 2.31064 2.41068 2.50211 2.48093 2.43821 2.39542 2.37113 2.40400 2.44364 2.48326 2.30281 2.25946 2.63608 2.72702 2.78178 2.78298 2.77100 2.41933 2.32969 2.32912 2.32912 2.32912 2.32912 2.32912 2.32912 2.32912 2.32912 2.32912 2.32912 2.32912 2.56974 2.63629 2.63629 2.63742
1.05929 1.06477 1.12385 1.34378 1.41550 1.41991 1.41853 1.42167 1.63796 1.66277 1.65877 1.63139 1.60025 1.56912 1.53795 1.50681 1.82229 2.25097 2.25097 2.25097 2.25097 2.25097 2.25097 2.16338 2.03717 2.05409 2.14730 2.31579 2.34216 2.41890 2.50895 2.51642 2.48497 2.44218 2.40112 2.39092 2.42195 2.46158 2.50114 2.52688 2.56555 2.64921 2.73289 2.72295 2.40993 2.65764 2.78298 2.78298 2.78298 2.78298 2.60145 2.34681 2.32912 2.32912 2.32912 2.32912 2.32912 2.32912 2.32912 2.32912 2.32912 2.32912 2.33056 2.52536 2.85416 2.98003 3.10920
1.05455 1.03910 1.03296 1.27078 1.35733 1.43264 1.45398 1.47532 1.52877 1.51348 1.48630 1.48253 1.48253 1.48253 1.48253 1.48253 1.51352 2.17590 2.25097 2.25097 2.24909 2.24053 2.23137 2.21634 2.39660 2.49500 2.50087 2.59951 2.55848 2.44621 2.41440 2.41154 2.43987 2.47950 2.51743 2.52739 2.53857 2.61254 2.69625 2.77990 2.82543 2.82552 2.82552 2.82552 2.48062 2.52409 2.78298 2.78298 2.78298 2.78298 2.76215 2.39738 2.32912 2.32912 2.32912 2.32912 2.32912 2.32912 2.33111 2.39767 2.48433 2.57935 2.68710 2.72490 2.99716 3.01503 3.05073
1.05938 1.08073 1.10208 1.24374 1.43882 1.52745 1.53762 1.53762 1.52843 1.48256 1.48253 1.48253 1.48253 1.48253 1.48253 1.48074 1.47040 1.83938 2.22297 2.21381 2.20655 2.20595 2.20595 2.20582 2.34962 2.43299 2.38346 2.38528 2.42213 2.48298 2.52609 2.52739 2.52766 2.57587 2.65955 2.74323 2.81573 2.82552 2.82552 2.82552 2.82552 2.82552 2.82552 2.82146 2.61973 2.39722 2.75374 2.78298 2.78298 2.78298 2.78298 2.57971 2.33722 2.32912 2.32391 2.36725 2.44775 2.54002 2.64434 2.66054 2.65050 2.63391 2.66531 2.70110 2.95178 3.09290 3.09278
1.15200 1.15200 1.15200 1.16813 1.43126 1.48908 1.53762 1.53762 1.53762 1.49382 1.48122 1.47135 1.45991 1.44846 1.43702 1.42737 1.42626 1.47973 2.14546 2.20595 2.18913 2.15417 2.11248 2.06917 2.09345 2.28905 2.28429 2.29706 2.40259 2.47989 2.62291 2.70656 2.79007 2.82552 2.82552 2.82552 2.82552 2.82182 2.80874 2.79509 2.78150 2.76791 2.75426 2.74473 2.71955 2.35509 2.59579 2.78298 2.78298 2.76913 2.74428 2.77550 2.46494 2.50074 2.61147 2.65520 2.63258 2.60036 2.61993 2.65563 2.69624 2.74859 2.75279 2.75279 2.83794 3.09278 3.09278
1.15200 1.15200 1.15200 1.15200 1.32978 1.45113 1.52442 1.51593 1.50449 1.46973 1.42782 1.42626 1.42626 1.42626 1.42626 1.42626 1.42970 1.43670 1.77997 2.06941 2.04287 2.03439 2.03271 2.03271 2.03287 2.23406 2.34314 2.42685 2.59766 2.70700 2.82207 2.82221 2.80923 2.79562 2.78199 2.76841 2.75479 2.74486 2.74438 2.74438 2.74438 2.74438 2.74438 2.74438 2.74438 2.44860 2.38042 2.77532 2.88462 3.02714 3.20589 3.24588 2.88045 2.57316 2.57455 2.61048 2.66883 2.73671 2.75279 2.75279 2.75279 2.75279 2.75279 2.75279 2.75441 3.04644 3.09278
1.27617 1.30851 1.34775 1.38635 1.45613 1.57495 1.63833 1.68371 1.69666 1.70583 1.67555 1.68735 1.70152 1.71668 1.72757 1.73836 1.74605 1.63223 1.44004 1.98009 2.03271 2.03271 2.05234 2.11743 2.18440 2.37742 2.68385 2.78917 2.82649 2.64533 2.71048 2.74498 2.74438 2.74438 2.74438 2.74438 2.74438 2.74438 2.74438 2.74438 2.74438 2.74438 2.74501 2.76390 2.79108 2.67439 2.40510 3.13015 3.15659 3.09263 3.00859 2.85901 2.71088 2.69997 2.75279 2.75279 2.75279 2.75279 2.75279 2.75279 2.75279 2.75279 2.75279 2.75279 2.75279 2.91815 3.09278
1.65851 1.66492 1.66492 1.66492 1.66492 1.74392 1.77658 1.83694 1.83719 1.83669 1.80546 1.79017 1.78744 1.78350 1.78350 1.78350 1.78350 1.73079 1.41450 1.75251 2.20520 2.34092 2.46550 2.54740 2.63386 2.74292 3.26386 3.28765 3.24944 2.64510 2.64757 2.74438 2.74438 2.74438 2.74438 2.74438 2.74438 2.74438 2.74460 2.76146 2.78865 2.81585 2.83452 2.79926 2.75125 2.70259 2.22242 2.57337 2.79413 2.68508 2.59619 2.58769 2.58769 2.67472 2.75279 2.75279 2.75279 2.75279 2.75279 2.75279 2.75279 2.75279 2.75279 2.75279 2.75279 2.79148 3.08948
1.66492 1.66492 1.66492 1.66492 1.65720 1.65327 1.66395 1.77287 1.82829 1.82757 1.81398 1.78350 1.78350 1.78377 1.81191 1.86120 1.91431 1.96972 1.68498 1.77486 2.66017 2.72234 2.72234 2.72234 2.72234 2.72234 3.04766 3.28765 3.28765 2.82496 2.62082 2.71928 2.74438 2.74438 2.74440 2.75902 2.78622 2.81342 2.81549 2.77786 2.72984 2.68185 2.64168 2.61507 2.53629 2.45457 2.14405 2.04994 2.58769 2.58769 2.58769 2.58769 2.58769 2.60803 2.74412 2.75279 2.75279 2.75279 2.75279 2.75279 2.75279 2.75279 2.75279 2.75279 2.75279 2.75279 2.99819
1.65111 1.60200 1.55481 1.50767 1.46821 1.46911 1.54517 1.61642 1.75837 1.81519 1.81196 1.93318 2.01924 2.08499 2.11270 2.11270 2.11270 2.11270 1.86889 1.73097 2.28371 2.72234 2.72234 2.72902 2.80318 2.90327 3.09335 3.28765 3.28765 3.07228 2.62080 2.67964 2.78379 2.80583 2.79189 2.75643 2.70841 2.66046 2.63729 2.63359 2.57174 2.49008 2.40834 2.34880 2.34597 2.34597 2.30080 1.92107 2.46956 2.58769 2.58769 2.58769 2.58769 2.58769 2.68902 2.75279 2.75279 2.75279 2.75279 2.75279 2.75279 2.75279 2.75290 2.75969 2.77038 2.78109 3.03580
1.46295 1.46287 1.45382 1.44070 1.42767 1.41634 1.45982 1.48967 1.67823 1.75323 1.79164 1.95489 2.11270 2.11270 2.11270 2.11270 2.11270 2.11270 1.96396 1.77100 1.92465 2.95676 3.12962 3.25980 3.28765 3.28765 3.28765 3.30107 3.33695 3.34957 2.72511 2.65097 2.68250 2.64416 2.63729 2.63729 2.60652 2.52554 2.44385 2.36584 2.34597 2.34597 2.34597 2.34597 2.34597 2.34597 2.34574 2.01860 2.17694 2.58769 2.58769 2.58769 2.58769 2.58769 2.61630 2.75010 2.75279 2.75360 2.76230 2.77303 2.78372 2.79441 2.80502 2.80775 2.78234 2.76660 2.77962
1.41755 1.40725 1.40197 1.40101 1.40101 1.40101 1.41812 1.48250 1.58735 1.71720 1.79152 1.84290 2.11270 2.11395 2.15373 2.21660 2.28686 2.36606 2.38530 2.08235 2.08487 2.83842 3.28765 3.29842 3.33328 3.34055 3.33079 3.30765 3.26198 3.23162 2.83807 2.57826 2.60228 2.56099 2.47931 2.39762 2.34667 2.34597 2.34597 2.34597 2.34578 2.34318 2.33984 2.33652 2.33318 2.32985 2.32674 2.17865 1.94355 2.58138 2.58769 2.58769 2.58985 2.59985 2.61054 2.73688 2.79706 2.80694 2.80893 2.79495 2.75624 2.73407 2.72278 2.71261 2.72673 2.73112 2.73112
1.40101 1.40101 1.40101 1.40101 1.40101 1.40101 1.40101 1.46716 1.50032 1.71071 1.81678 1.88326 2.26149 2.44515 2.47480 2.47480 2.47480 2.47480 2.46764 2.09925 2.06615 2.22555 3.27946 3.29259 3.24795 3.23092 3.23092 3.23092 3.23092 3.17650 2.93705 2.37190 2.30451 2.34016 2.33909 2.33516 2.33050 2.32593 2.32140 2.31693 2.31274 2.31082 2.30958 2.30836 2.30716 2.30597 2.30480 2.29893 1.93965 2.35527 2.62389 2.63458 2.64312 2.64383 2.63962 2.63680 2.73204 2.70205 2.69019 2.69282 2.72022 2.73112 2.73112 2.73112 2.73112 2.73112 2.73112
1.40101 1.40004 1.39637 1.39250 1.39540 1.40725 1.41912 1.46398 1.53267 1.70052 1.83387 1.92422 2.09621 2.38124 2.37350 2.36541 2.33969 2.28185 2.22264 1.96544 1.85997 1.87991 2.65563 2.99954 2.99273 2.97250 2.88990 2.80072 2.71064 2.58945 2.48381 2.26054 2.24563 2.27580 2.28765 2.28702 2.28702 2.28702 2.28702 2.28702 2.28702 2.28702 2.28702 2.28702 2.28702 2.28702 2.32000 2.38878 2.24041 2.25573 2.62440 2.57161 2.51825 2.45059 2.25186 2.05917 2.52224 2.73055 2.73112 2.73112 2.73112 2.73112 2.73112 2.73112 2.73112 2.73112 2.73112
