results/OMI_NO2_200806.asc
ncols      200
nrows      200
xllcorner       120.258
yllcorner       41.1236
cellsize     0.0166667
NODATA_Value      -999.000
[rows 0 to 28 of 164, columns 0 to 66 of 200]
1.04813 0.921055 0.860045 0.810610 0.769659 0.735207 0.713845 0.713276 0.724718 0.755990 0.898803 0.892055 0.839370 0.706912 0.680008 0.466072 0.465976 0.465976 0.465976 0.465976 0.465976 0.465976 0.465976 0.465976 0.465976 0.456711 0.428212 0.460189 0.600566 0.706811 0.782804 0.832746 0.923627 1.06340 1.06340 1.06340 1.06340 1.06340 1.06340 1.06340 1.06340 1.06915 1.09134 1.11096 1.12747 1.14156 1.13498 1.09852 1.06681 1.03942 1.02795 1.02795 1.11782 1.30555 1.30555 1.30555 1.30555 1.30544 1.22937 1.18237 1.24121 1.31853 1.38596 1.44533 1.47173 1.47173 1.47173
0.711951 0.671257 0.686379 0.703648 0.718789 0.732151 0.739514 0.739582 0.739582 0.739582 0.856361 0.890194 0.881718 0.712033 0.706912 0.554996 0.465976 0.465976 0.465976 0.465976 0.465976 0.465976 0.465976 0.499642 0.633396 0.733226 0.785612 0.833229 0.837997 0.837997 0.837997 0.837997 0.843947 1.04142 1.06340 1.06340 1.06340 1.06576 1.10619 1.12343 1.13810 1.14813 1.14136 1.10621 1.07338 1.04513 1.02835 1.02795 1.02795 1.02795 1.02795 1.02795 1.05101 1.29698 1.30555 1.30313 1.28561 1.26360 1.29178 1.44086 1.47173 1.47173 1.47173 1.47173 1.47173 1.47173 1.47173
0.792390 0.736881 0.739582 0.739582 0.739582 0.739582 0.739582 0.739582 0.739582 0.739582 0.800875 0.890194 0.890194 0.771671 0.706912 0.656652 0.465976 0.465976 0.465976 0.501997 0.636996 0.735961 0.807625 0.852930 0.856878 0.856878 0.843165 0.837997 0.837997 0.837997 0.837997 0.837997 0.837997 0.945716 1.06340 1.06340 1.06340 1.06340 1.13633 1.13759 1.08018 1.05101 1.02991 1.02795 1.02795 1.02795 1.02795 1.02795 1.02795 1.02795 1.02795 1.01910 0.978218 1.20100 1.23508 1.21091 1.20729 1.20729 1.21444 1.42366 1.46967 1.47173 1.47173 1.47173 1.47173 1.47173 1.47173
0.828764 0.743396 0.739582 0.739582 0.739582 0.739582 0.739582 0.739582 0.739582 0.739582 0.755533 0.889773 0.890194 0.831049 0.706912 0.718545 0.662667 0.738429 0.809181 0.853507 0.856878 0.856878 0.856878 0.856878 0.856878 0.856878 0.848037 0.837997 0.837997 0.837997 0.837997 0.837997 0.837997 0.853955 1.05357 1.06340 1.06340 1.06340 1.10377 1.14548 1.03901 1.02795 1.02795 1.02795 1.02795 1.02795 1.02795 1.01435 0.970407 0.919548 0.860973 0.808560 0.804406 1.04361 1.20729 1.20729 1.20729 1.20729 1.20729 1.33380 1.45724 1.47073 1.46501 1.45902 1.46305 1.50696 1.56053
0.830784 0.762022 0.739582 0.739582 0.739582 0.739582 0.739582 0.739582 0.739582 0.739582 0.739587 0.859314 0.925824 0.941210 0.860903 0.885353 0.875362 0.856878 0.856878 0.856878 0.856878 0.856878 0.856878 0.856878 0.856878 0.856878 0.852888 0.837997 0.837997 0.837997 0.837997 0.837997 0.837997 0.837997 0.967873 1.06340 1.06340 1.06340 1.07919 1.16997 1.12801 1.07732 1.09107 1.08837 1.06567 1.04064 1.01266 0.998301 1.01510 1.03241 1.04912 1.06578 1.08152 1.13841 1.08419 1.07788 1.07151 1.06524 1.05893 1.07575 1.30125 1.37012 1.42382 1.47917 1.52855 1.53718 1.53671
0.830784 0.784873 0.740519 0.742540 0.744561 0.746586 0.748610 0.750632 0.782129 0.814044 0.838210 0.910410 0.997573 0.997573 0.916597 0.887202 0.885345 0.858090 0.856878 0.856878 0.856878 0.856878 0.856878 0.856878 0.856878 0.856878 0.856618 1.06240 1.17248 1.19282 1.21278 1.23190 1.25048 1.26829 1.30753 1.45717 1.47289 1.48625 1.49535 1.46192 1.42303 1.25514 1.21908 1.20635 1.20899 1.21162 1.21424 1.21689 1.21952 1.22215 1.22477 1.22743 1.23003 1.24519 1.04924 1.02502 1.02038 1.02730 1.04879 1.07673 1.31744 1.50400 1.52652 1.52652 1.52652 1.52652 1.52652
0.850609 0.832873 0.757564 0.757564 0.757564 0.757564 0.757564 0.757564 0.811140 0.855607 0.856914 0.917114 1.00046 0.998022 0.975974 0.953486 0.993017 0.944252 0.905770 0.960116 1.01436 1.06788 1.12192 1.17627 1.23051 1.28455 1.33859 1.31204 1.38751 1.39104 1.39455 1.39807 1.40157 1.40508 1.41160 1.53119 1.54382 1.53233 1.51647 1.49724 1.44576 1.33979 1.25027 1.25027 1.25027 1.25027 1.25027 1.25027 1.25027 1.24951 1.24568 1.24152 1.23737 1.24432 1.12853 1.06835 1.10239 1.12242 1.12242 1.12242 1.18744 1.46575 1.52652 1.52652 1.52652 1.52652 1.52652
0.854760 0.854475 0.853949 0.895082 0.987281 1.09930 1.21150 1.32350 1.43217 1.49427 1.60256 1.66980 1.53723 1.52346 1.57003 1.67371 1.70994 1.76300 1.88617 1.88617 1.88617 1.88617 1.88617 1.88617 1.88617 1.88617 1.88617 1.55693 1.42128 1.42128 1.42504 1.49564 1.59063 1.68554 1.77777 1.75618 1.50804 1.50804 1.50804 1.50804 1.45983 1.43111 1.25983 1.25027 1.25002 1.24675 1.24259 1.23844 1.23428 1.23614 1.27182 1.31827 1.37236 1.41697 1.30576 1.12242 1.12242 1.12242 1.12242 1.12242 1.12242 1.36678 1.51790 1.54486 1.57962 1.61435 1.64909
1.30002 1.41351 1.70152 1.85716 1.87725 1.89404 1.92370 1.95341 1.98307 1.91146 1.85690 1.85690 1.77921 1.64422 1.64422 1.72849 1.74940 1.74940 1.84592 1.88617 1.88617 1.88617 1.88617 1.88617 1.88617 1.88617 1.89306 1.83425 1.57593 1.68822 1.77938 1.80399 1.80399 1.80399 1.80399 1.80399 1.59818 1.50804 1.50804 1.50812 1.50816 1.43645 1.31902 1.23535 1.23145 1.23223 1.26216 1.30707 1.35927 1.41159 1.41898 1.41898 1.41898 1.41898 1.38003 1.12242 1.12242 1.12242 1.12242 1.12242 1.12242 1.25707 1.61543 1.67583 1.67583 1.67583 1.67583
1.66662 1.70154 1.82761 1.96667 1.99627 2.00918 2.00918 2.00918 2.00918 1.98483 1.85852 1.85690 1.84142 1.64769 1.64422 1.69228 1.74940 1.74940 1.78622 1.88617 1.88617 1.88617 1.89397 2.00528 2.14765 2.28979 2.40815 2.42128 1.88847 1.90436 1.81406 1.80399 1.80399 1.80399 1.80399 1.80738 1.75788 1.60731 1.64176 1.67100 1.68165 1.46030 1.39971 1.29702 1.35321 1.44862 1.50519 1.54245 1.57695 1.59932 1.42169 1.41898 1.41898 1.41898 1.42871 1.14788 1.12242 1.12242 1.12242 1.12242 1.12242 1.12452 1.53495 1.67461 1.67583 1.67583 1.67811
1.83273 1.83739 1.86140 2.00903 2.00918 2.00918 2.00918 2.00918 2.00918 2.00918 1.90111 1.85690 1.85690 1.71046 1.64422 1.66209 1.74940 1.74940 1.75786 1.98532 2.15847 2.29120 2.39781 2.41216 2.40296 2.39795 2.39791 2.39791 2.02996 1.92131 1.86231 1.81552 1.82947 1.84174 1.85261 1.86036 1.86007 1.73652 1.73835 1.76702 1.79354 1.72444 1.62989 1.65835 1.68112 1.68381 1.68381 1.68381 1.68381 1.68381 1.49693 1.41898 1.41898 1.41898 1.41928 1.23146 1.12242 1.12242 1.12242 1.12242 1.12242 1.15563 1.40866 1.71605 1.76436 1.78560 1.80384
1.83739 1.83739 1.83739 1.98805 2.00918 2.00918 2.00918 2.00918 2.00918 2.00918 1.97205 1.85698 1.85690 1.78455 1.65148 1.73030 1.94608 2.06231 2.14431 2.26675 2.39791 2.39791 2.39791 2.39791 2.39791 2.39791 2.38914 2.36583 2.13800 1.93825 1.92942 1.86097 1.91617 1.93865 1.95355 1.96766 1.98066 1.94634 1.88155 1.88155 1.88155 1.87024 1.69322 1.68381 1.68450 1.69024 1.69710 1.70386 1.71069 1.71741 1.63363 1.48194 1.49098 1.50010 1.50910 1.40979 1.28467 1.34659 1.40221 1.45247 1.49812 1.52301 1.54332 1.83837 1.96728 2.00054 2.03384
1.83739 1.83739 1.83739 1.94834 2.00918 2.00918 2.00938 2.00979 2.01020 2.01060 2.01101 1.94964 2.00032 2.05094 1.99254 2.00253 2.09005 2.16740 2.16740 2.18489 2.39129 2.39569 2.37522 2.35398 2.33807 2.32457 2.31779 2.32097 2.25809 1.97454 1.98671 1.93933 2.00351 2.04409 2.04949 2.05495 2.06033 2.06287 1.99710 1.99685 2.00368 2.01044 1.90045 1.82629 1.83246 1.83262 1.83139 1.83018 1.82896 1.82753 1.78101 1.67378 1.70480 1.73433 1.76109 1.79940 1.69116 1.70218 1.72020 1.73915 1.75807 1.77713 1.79287 1.93591 2.19817 2.23129 2.23894
1.83921 1.83975 1.84029 1.90535 2.01422 2.02181 2.02927 2.03631 2.04324 2.04995 2.05650 2.09895 2.15172 2.15528 2.09204 2.06458 2.10614 2.23578 2.25358 2.27110 2.34494 2.36163 2.36154 2.36268 2.35370 2.34250 2.33118 2.31992 2.30833 2.06054 2.05563 2.03568 2.03161 2.09371 2.09275 2.09177 2.09081 2.08983 2.04258 2.01088 2.00967 2.00845 1.97282 1.80859 1.80108 1.75824 1.71305 1.67162 1.63339 1.59820 1.58444 1.73348 1.77091 1.77816 1.78768 1.85217 1.86578 1.85398 1.85487 1.85487 1.85487 1.85487 1.85487 1.88061 2.15530 2.25815 2.25815
1.84219 1.84219 1.84219 1.85585 2.10667 2.11726 2.10600 2.08889 2.05654 2.02348 1.99048 1.96139 2.03177 2.02584 2.01922 2.02886 2.03287 2.15427 2.15356 2.14233 2.14296 2.17218 2.16090 2.15050 2.14844 2.14844 2.14844 2.14844 2.14844 2.06316 2.04173 2.03927 1.98993 2.07739 2.06066 2.02001 1.97929 1.93848 1.92577 1.97930 1.92608 1.87467 1.82735 1.65983 1.58885 1.58444 1.58444 1.58445 1.58865 1.59626 1.60387 1.67825 1.81332 1.81558 1.81558 1.81708 1.91823 1.85487 1.85487 1.85487 1.85487 1.85487 1.85487 1.85487 2.02037 2.25202 2.23029
1.82863 1.79267 1.75636 1.72004 1.75513 1.79668 1.77493 1.75905 1.76222 1.77512 1.78837 1.80164 1.89786 1.96499 1.96525 1.97038 1.97058 2.04568 2.09609 2.09609 2.09610 2.13805 2.14844 2.14844 2.14844 2.14844 2.14844 2.14844 2.14844 2.09045 2.01863 1.97782 1.89009 1.89144 1.88510 1.84363 1.80503 1.76887 1.73503 1.73142 1.74264 1.74264 1.74264 1.69140 1.59431 1.60192 1.60953 1.61713 1.62054 1.62054 1.62054 1.62308 1.80242 1.81558 1.81558 1.81558 1.91041 1.85487 1.85487 1.85487 1.85487 1.85487 1.85487 1.85487 1.86418 1.83641 1.83083
1.58378 1.58345 1.58345 1.58392 1.65026 1.78093 1.79419 1.80744 1.81679 1.81715 1.81715 1.81715 1.83860 1.95853 1.96499 1.96861 1.97058 2.00670 2.09609 2.09609 2.09609 2.11580 2.14844 2.14844 2.14844 2.14827 2.12425 2.08351 2.04150 1.96799 1.83551 1.82600 1.75846 1.62026 1.71486 1.71486 1.71486 1.71486 1.71512 1.72278 1.75138 1.75617 1.76090 1.76145 1.63507 1.62054 1.62054 1.62054 1.60565 1.56654 1.52710 1.48762 1.65584 1.81558 1.81558 1.81558 1.90058 1.85487 1.85487 1.85487 1.85487 1.85487 1.85487 1.85487 1.85487 1.73303 1.82760
1.60875 1.63084 1.65295 1.67457 1.67409 1.81286 1.81715 1.81715 1.81715 1.81715 1.81715 1.81715 1.81718 1.91924 1.96499 1.96669 1.97058 1.97537 2.09104 2.09609 2.09609 2.09745 2.11889 2.08030 2.02998 1.97532 1.94333 1.92828 1.91416 1.91224 1.77494 1.77886 1.77864 1.59661 1.70736 1.72058 1.72452 1.72846 1.73213 1.73292 1.74855 1.72164 1.68220 1.64272 1.53119 1.42006 1.38061 1.34111 1.31651 1.31618 1.31618 1.31618 1.44286 1.81558 1.81558 1.81558 1.87099 1.87391 1.85487 1.85487 1.85487 1.85487 1.85487 1.85487 1.83983 1.69468 1.64889
1.68152 1.68152 1.68152 1.68152 1.67926 1.77854 1.81715 1.81715 1.81715 1.81715 1.81715 1.81715 1.81715 1.85840 1.96169 1.96519 1.97029 1.97020 2.02372 2.01410 1.95824 1.89767 1.89461 1.91273 1.91224 1.91224 1.91224 1.91224 1.91224 1.91312 1.81535 1.79093 1.79684 1.69388 1.64654 1.64106 1.60818 1.57529 1.54241 1.50950 1.47741 1.45995 1.45995 1.45995 1.44519 1.31884 1.31618 1.31618 1.31618 1.31618 1.31618 1.31092 1.30596 1.72664 1.77097 1.75685 1.74450 1.89003 1.85386 1.79718 1.71176 1.62634 1.54092 1.45555 1.38512 1.38592 1.37390
1.68152 1.68152 1.68152 1.68152 1.68152 1.74604 1.81715 1.81715 1.81715 1.81747 1.83289 1.85665 1.88042 1.90863 1.99433 1.99146 1.97377 1.94933 1.91489 1.84681 1.84681 1.84681 1.85438 1.91129 1.91229 1.91598 1.92189 1.92779 1.93370 1.93834 1.86859 1.77269 1.75862 1.72476 1.48646 1.40346 1.39103 1.37856 1.36572 1.35279 1.33937 1.28075 1.25253 1.23491 1.21688 1.08566 1.00883 0.987810 0.966285 0.944186 0.921740 0.908494 0.916465 1.14658 1.32829 1.22622 1.12400 1.33260 1.38835 1.35731 1.35718 1.40304 1.46715 1.53123 1.59539 1.65044 1.56187
1.67930 1.70377 1.74338 1.78298 1.82262 1.85392 1.94938 1.97316 1.99694 2.02041 2.02848 2.02733 2.02612 2.02492 2.01356 1.94921 1.94792 1.94899 1.94035 1.83472 1.83090 1.82693 1.82275 1.88042 1.91569 1.91639 1.91487 1.91335 1.91185 1.91153 1.89479 1.49621 1.46180 1.47344 1.34279 1.23282 1.23577 1.24277 1.24992 1.25695 1.26407 1.24220 1.20380 1.21258 1.22146 1.18521 1.05947 1.06851 1.09327 1.12712 1.16099 1.19323 1.21894 1.24790 1.06411 1.06089 1.10463 1.27045 1.48351 1.54997 1.61417 1.63245 1.63245 1.63245 1.63245 1.63245 1.62250
2.04967 2.03419 2.03419 2.03419 2.03419 1.99998 2.00506 2.00923 2.00802 2.00681 2.00657 1.99509 1.97457 1.95402 1.93346 1.87444 1.84006 1.95596 1.96968 1.89649 1.86950 1.87556 1.88177 1.91441 1.99850 2.00474 2.01097 2.01716 2.02339 2.02881 2.02951 1.80473 1.68465 1.68465 1.60654 1.37412 1.34117 1.33755 1.32525 1.31118 1.29545 1.28305 1.28610 1.30843 1.33347 1.35808 1.23395 1.22852 1.23765 1.23765 1.23765 1.25536 1.31937 1.39982 1.42448 1.43554 1.48029 1.49964 1.63003 1.63245 1.63245 1.63245 1.63245 1.63245 1.63245 1.63245 1.63245
2.08450 2.03554 2.03419 2.03289 2.00220 1.95810 1.98189 1.99079 1.97025 1.94971 1.92844 1.91904 1.91718 1.91506 1.91294 1.89839 1.85431 1.95176 2.02039 1.98372 1.92522 1.92522 1.92522 1.92543 2.01162 2.02951 2.02951 2.02951 2.02951 2.02951 2.02951 1.89312 1.68465 1.68766 1.69610 1.40760 1.29503 1.29376 1.31829 1.34330 1.36831 1.39330 1.41473 1.41737 1.41737 1.41737 1.34616 1.30185 1.36825 1.43469 1.50112 1.54978 1.55220 1.55220 1.61716 1.48029 1.48029 1.48096 1.61398 1.63245 1.63245 1.63245 1.63245 1.63245 1.63245 1.63245 1.63245
1.64947 1.83424 1.78471 1.74347 1.73157 1.73157 1.84165 1.91836 1.91624 1.91412 1.91200 1.91016 1.90991 1.90991 1.90991 1.90991 1.86694 1.89632 2.02039 2.01050 1.92541 1.92522 1.92522 1.92522 1.96774 2.02951 2.02951 2.02951 2.02951 2.03949 2.07047 2.03827 1.72703 1.73863 1.73900 1.60466 1.41223 1.41732 1.41737 1.41737 1.41737 1.41730 1.39040 1.34141 1.29241 1.24340 1.21846 1.53375 1.55220 1.55220 1.55220 1.55253 1.56587 1.58681 1.66717 1.50233 1.48029 1.48029 1.58027 1.63245 1.63245 1.63245 1.63245 1.63245 1.63245 1.63245 1.63245
1.05519 1.69974 1.73130 1.72842 1.72489 1.72136 1.77722 1.90991 1.90991 1.90991 1.90991 1.90991 1.90991 1.90991 1.90991 1.90991 1.89187 1.85714 2.00618 2.02039 1.94675 1.92522 1.92522 1.92522 1.92996 2.03376 2.07132 2.10741 2.14917 2.17997 2.18070 2.16550 1.79730 1.73900 1.73900 1.71529 1.46939 1.40731 1.36147 1.31248 1.26346 1.21454 1.19242 1.19242 1.19546 1.20355 1.21224 1.45820 1.65118 1.67854 1.70813 1.73967 1.75077 1.75077 1.75077 1.60003 1.48029 1.48029 1.54080 1.63245 1.63245 1.63245 1.63245 1.63245 1.63245 1.63245 1.63245
1.02356 1.56424 1.71608 1.71588 1.71588 1.71588 1.72626 1.89857 1.90991 1.90991 1.90991 1.90991 1.90991 1.90991 1.90991 1.90991 1.90965 1.86243 1.94788 2.02039 1.97844 1.93397 1.95818 1.98594 2.01824 2.11934 2.18070 2.18070 2.18070 2.18070 2.18070 2.18070 1.91047 1.66733 1.56934 1.47131 1.30404 1.20428 1.20953 1.21866 1.22849 1.23907 1.25051 1.26291 1.27098 1.27106 1.27106 1.35327 1.74990 1.75077 1.75077 1.75077 1.75077 1.75077 1.75077 1.70392 1.48043 1.48029 1.50044 1.62701 1.62711 1.62529 1.64016 1.69476 1.75619 1.82418 1.89963
1.02356 1.36410 1.71403 1.71588 1.71588 1.71588 1.71592 1.86451 1.90991 1.90991 1.90991 1.90991 1.90991 1.90937 1.89591 1.88360 1.87354 1.84326 1.83104 1.95043 1.95492 2.04140 2.04163 2.04163 2.04163 2.06183 2.17984 2.18070 2.15862 2.09435 2.02899 1.96364 1.70856 1.28910 1.28910 1.28910 1.28198 1.27106 1.27106 1.27106 1.27106 1.27106 1.27106 1.27106 1.27106 1.27106 1.27106 1.27106 1.63264 1.75077 1.75077 1.75077 1.75077 1.75077 1.75077 1.75077 1.54185 1.53751 1.62291 1.76217 1.81979 1.89720 1.95547 1.95481 1.96598 1.99420 2.02247
1.02356 1.08339 1.70059 1.71569 1.71541 1.69353 1.66014 1.75335 1.83644 1.81783 1.80842 1.80115 1.79434 1.78357 1.77464 1.76322 1.75087 1.74461 1.75973 1.88603 1.90407 2.01311 2.03385 2.02700 1.94702 1.84444 1.90664 1.91105 1.86654 1.86425 1.86301 1.86176 1.78597 1.29345 1.28910 1.28980 1.30364 1.29640 1.30741 1.32062 1.33373 1.34691 1.36005 1.37320 1.38637 1.39949 1.41269 1.42578 1.60111 1.93180 1.94503 1.95474 1.95671 1.95826 1.95988 1.96147 2.10231 2.43791 2.44489 2.07423 1.93454 1.96558 1.99664 2.02768 2.04479 2.04484 2.04484
0.00000 1.02356 1.32771 1.41272 1.43632 1.46329 1.50107 1.59489 1.77686 1.78245 1.76982 1.75627 1.74375 1.73557 1.73999 1.76828 1.80004 1.83327 1.89340 1.90861 1.80383 1.76687 1.70727 1.61513 1.59607 1.59965 1.68868 1.89709 1.90070 1.90427 1.90781 1.91139 1.91214 1.74383 1.70090 1.72010 1.72533 1.62350 1.56188 1.56188 1.56188 1.56188 1.56188 1.56188 1.56188 1.56172 1.55420 1.54263 1.54082 1.95210 1.98767 1.97949 1.97917 1.97917 1.98224 2.00851 2.05881 2.55203 2.62860 2.40556 2.04484 2.04484 2.04484 2.04484 2.04484 2.04484 2.04484
