results/OMI_NO2_200505.asc
ncols      200
nrows      200
xllcorner       120.258
yllcorner       41.1236
cellsize     0.0166667
NODATA_Value      -999.000
[rows 29 to 57 of 164, columns 67 to 133 of 200]
             2*      *       :     *      :     *      :      *      9     *        9      *     9     *       9       *       ?    >*               <*                 =*                   ;*                  <*                 9*               8*               :*                =*            8*               8*                  >*             
    :*                <*                8*               9*                ?*                 9*                  ;*                  =*                =*                 ?*              9*                 ?*                  9*     *     >      *        =     *    ;     *     9     
<*                   :*               2*                 8*                 2*                  ?*                2*                 :*                  2*                 >*                  =*               :*                  ?*               <*                3*               ;*             >*                  3*              ;*              ;*                 ;*  
  9      *    9      *    >      *        >      *    8    <*                =*                   >*              ;*                8*                ;*                 2*                9*                :*                 2*                  9*                  >*                   =*                <*                 8*              
2.79189 2.84754 2.85213 2.86291 2.88384 2.90490 2.92596 2.94917 2.97374 2.99700 3.01825 3.03826 2.80265 2.78531 2.64738 2.91266 3.25325 3.05721 3.04204 2.92820 2.77686 2.79542 2.69368 2.70113 2.71904 2.73697 2.74848 2.74723 2.74564 2.74406 2.74248 2.74089 2.72141 2.60022 2.46419 2.14107 1.91647 2.09065 2.22783 2.29968 2.30572 2.30590 2.30609 2.19554 2.13813 2.11938 2.12254 2.14666 2.15504 2.15813 2.30490 2.31225 2.32309 2.33680 2.36150 2.34930 2.21646 2.15141 2.13195 2.25518 2.28158 2.35309 2.41955 2.46574 2.52497 2.58020 2.64278
2.91190 3.02764 3.07328 3.11251 3.14178 3.17076 3.19984 3.22107 3.23039 3.23915 3.24529 3.24694 3.07504 2.95855 2.86711 2.84789 3.37804 3.29065 3.23598 3.12194 2.94353 2.92769 2.79444 2.74003 2.74003 2.74003 2.74003 2.74003 2.73391 2.63142 2.49566 2.37121 2.28648 2.30416 2.33792 2.26016 2.02618 2.07916 2.25227 2.29596 2.30719 2.30719 2.30719 2.29354 2.22895 2.23032 2.20132 2.21447 2.22768 2.24139 2.37083 2.42433 2.42719 2.42719 2.37314 2.28948 2.20818 2.11952 2.10317 2.23609 2.39257 2.47396 2.63222 2.66636 2.68738 2.70573 2.70894
3.40902 3.32860 3.30852 3.30852 3.30852 3.30852 3.30852 3.30852 3.30852 3.30876 3.31399 3.31894 3.22824 3.03119 3.00482 2.86953 3.23059 3.40614 3.26761 3.19122 2.99930 2.92774 2.84045 2.74003 2.73952 2.66030 2.52465 2.40528 2.30939 2.30990 2.34365 2.36612 2.36668 2.36668 2.36669 2.32586 2.09897 2.05158 2.29559 2.34052 2.38601 2.39971 2.41340 2.42271 2.35259 2.31671 2.28353 2.27152 2.27081 2.27081 2.34927 2.42550 2.41745 2.41082 2.39261 2.30201 2.33509 2.31258 2.34496 2.40202 2.57180 2.56862 2.68387 2.68191 2.67747 2.66988 2.64473
3.40820 3.35707 3.30852 3.30852 3.31021 3.31703 3.32419 3.33136 3.33851 3.34543 3.34737 3.34705 3.32468 3.04768 3.04307 2.86051 3.02795 3.44133 3.27298 3.24640 3.05134 2.87728 2.70040 2.43996 2.33845 2.31564 2.34941 2.36707 2.36756 2.36805 2.36855 2.36904 2.36953 2.37002 2.37051 2.36723 2.20728 2.13062 2.29994 2.37206 2.42153 2.42298 2.42294 2.41745 2.38958 2.29532 2.27582 2.24212 2.24239 2.24364 2.28610 2.43674 2.50676 2.57171 2.63288 2.56688 2.55837 2.51015 2.53824 2.59038 2.68852 2.58852 2.63287 2.64344 2.62131 2.60620 2.60945
3.41167 3.40156 3.33346 3.34157 3.34703 3.34737 3.34737 3.34737 3.34737 3.34737 3.34737 3.34737 3.34457 3.11150 3.04310 2.90509 2.97842 3.24109 3.17493 3.00265 2.73536 2.54995 2.54073 2.37746 2.36958 2.37007 2.37054 2.37067 2.37067 2.37067 2.37262 2.37635 2.38009 2.38381 2.38725 2.38718 2.28509 2.21654 2.27413 2.39862 2.43377 2.45211 2.45340 2.46014 2.47063 2.40258 2.37210 2.36508 2.42064 2.47862 2.53998 2.69950 2.71911 2.73896 2.75883 2.72284 2.65994 2.60791 2.56069 2.56126 2.58137 2.53214 2.54894 2.66770 2.66770 2.66770 2.66770
3.40087 3.49342 3.40341 3.40310 3.40522 3.40739 3.40959 3.41170 3.41384 3.41605 3.41792 3.40070 3.37120 3.18910 3.01431 2.94296 2.85571 2.89437 2.89411 2.91552 2.80972 2.67392 2.58683 2.45363 2.40660 2.41031 2.41355 2.41326 2.41221 2.40989 2.40501 2.39835 2.39168 2.38503 2.37868 2.38712 2.37208 2.34396 2.33764 2.52489 2.52646 2.46168 2.45970 2.46676 2.49984 2.51243 2.45153 2.50501 2.56969 2.59096 2.61258 2.74240 2.77525 2.77525 2.77310 2.73487 2.60129 2.55189 2.47123 2.48833 2.53009 2.56928 2.50253 2.66770 2.66770 2.66770 2.66770
3.33886 3.53056 3.44735 3.39022 3.34265 3.29484 3.24701 3.19925 3.15144 3.10361 3.06019 3.05380 3.06123 3.07701 3.07930 3.05064 2.89663 2.94616 2.92927 2.92768 2.85843 2.71930 2.58811 2.48116 2.37772 2.37106 2.36489 2.36226 2.36036 2.36311 2.38968 2.42065 2.45161 2.48260 2.51356 2.53322 2.51654 2.43482 2.39547 2.53407 2.59132 2.53817 2.56807 2.61259 2.64108 2.66799 2.59951 2.58094 2.64679 2.65556 2.65817 2.69134 2.68831 2.65838 2.63063 2.62239 2.51742 2.48967 2.40566 2.40000 2.43032 2.48450 2.41632 2.55851 2.56594 2.56697 2.56836
2.99739 3.09234 3.00971 2.90132 2.88881 2.86879 2.85333 2.85587 2.86009 2.86425 2.86407 2.83526 2.79871 2.77217 2.76071 2.74349 2.75365 2.79955 2.78278 2.79450 2.79275 2.68998 2.61026 2.51188 2.40562 2.43951 2.47335 2.50719 2.54102 2.57109 2.57702 2.57849 2.57995 2.58146 2.58295 2.58590 2.61424 2.56252 2.58100 2.68672 2.79877 2.76800 2.74547 2.75369 2.75230 2.75091 2.71815 2.60594 2.61379 2.60570 2.57758 2.54735 2.51367 2.51187 2.51008 2.50499 2.43652 2.39524 2.34639 2.32152 2.35401 2.42729 2.43006 2.48113 2.55033 2.55063 2.53527
2.69885 2.77211 2.80546 2.71277 2.73634 2.74453 2.74503 2.72723 2.70769 2.68821 2.66895 2.66037 2.65729 2.65427 2.67301 2.67199 2.67737 2.74465 2.74276 2.75164 2.76586 2.69942 2.68367 2.69346 2.58355 2.57776 2.57637 2.57499 2.57358 2.57265 2.57263 2.57274 2.59359 2.62991 2.66268 2.67819 2.66624 2.58107 2.52806 2.66416 2.83547 2.81906 2.73619 2.73618 2.73618 2.73618 2.73616 2.55553 2.47907 2.49904 2.47974 2.45631 2.39400 2.37388 2.35396 2.33738 2.35548 2.44056 2.41278 2.35388 2.36789 2.42930 2.44953 2.44647 2.51795 2.54191 2.59081
2.60552 2.64739 2.70399 2.61251 2.60398 2.60059 2.60013 2.60013 2.60013 2.60013 2.60013 2.60013 2.60013 2.60183 2.61483 2.63336 2.64026 2.70449 2.72338 2.72650 2.74956 2.71148 2.68702 2.69964 2.60526 2.57263 2.57263 2.57263 2.58631 2.62230 2.65256 2.66822 2.66248 2.64128 2.62364 2.62175 2.62175 2.58450 2.52014 2.55489 2.77234 2.77025 2.66677 2.62504 2.60293 2.58083 2.55872 2.49382 2.33621 2.35974 2.38172 2.38172 2.34325 2.33559 2.33559 2.33404 2.33462 2.42857 2.42984 2.43287 2.43187 2.49992 2.61738 2.67587 2.79288 2.80238 2.80314
2.58210 2.59042 2.68124 2.64692 2.57904 2.60013 2.60013 2.60039 2.60339 2.60714 2.61090 2.61465 2.61840 2.62046 2.61994 2.64148 2.64468 2.69254 2.72383 2.72383 2.74419 2.72703 2.68654 2.69384 2.64498 2.61470 2.64176 2.65695 2.65838 2.63752 2.61787 2.59401 2.56877 2.54355 2.51826 2.49304 2.46780 2.43198 2.32578 2.33826 2.57655 2.64974 2.60601 2.54877 2.54877 2.54877 2.54844 2.54357 2.37332 2.31815 2.36342 2.36733 2.34579 2.33343 2.33120 2.31187 2.26965 2.25812 2.24462 2.28378 2.26311 2.35601 2.67330 2.65589 2.85862 2.88993 2.91066
2.58210 2.58210 2.65575 2.67967 2.56442 2.61246 2.61621 2.61971 2.62046 2.62046 2.62046 2.62046 2.62046 2.62046 2.62046 2.62819 2.64449 2.67464 2.72383 2.72383 2.73873 2.77764 2.73743 2.73161 2.69393 2.55360 2.51637 2.49110 2.46586 2.44059 2.41988 2.41784 2.41784 2.41784 2.41784 2.41172 2.39757 2.38330 2.33610 2.36302 2.50999 2.65895 2.64855 2.55606 2.55504 2.56198 2.56938 2.58129 2.53070 2.38456 2.40576 2.39518 2.30713 2.19595 2.12452 2.05257 1.99181 1.97661 2.00935 2.03280 2.10523 2.11029 2.51138 2.58905 2.80415 2.91599 2.91375
2.56218 2.55876 2.59701 2.65544 2.56304 2.59929 2.60258 2.60157 2.60051 2.59951 2.59850 2.59747 2.59644 2.59544 2.59332 2.57948 2.59603 2.61470 2.70017 2.69065 2.66648 2.59093 2.50488 2.48240 2.47394 2.34277 2.32535 2.31099 2.29686 2.28255 2.26982 2.26046 2.25129 2.24200 2.22880 2.21881 2.21706 2.21535 2.31727 2.38541 2.40719 2.50696 2.47621 2.47936 2.49212 2.48106 2.46751 2.43003 2.34954 2.12577 2.01273 1.97035 1.92501 1.85835 1.82961 1.82142 1.82142 1.82297 1.92010 1.95322 2.08799 2.10374 2.37819 2.68762 2.87993 3.12507 3.18073
2.52504 2.52504 2.53400 2.62443 2.58740 2.52697 2.57332 2.56246 2.54843 2.53438 2.52035 2.50633 2.49228 2.48387 2.46342 2.41028 2.36152 2.37871 2.43553 2.42464 2.41078 2.34488 2.31711 2.29271 2.29628 2.20574 2.17372 2.17194 2.17022 2.16849 2.16532 2.15868 2.15177 2.13220 2.10748 2.08539 2.06332 2.04124 2.07872 2.21303 2.23254 2.31924 2.35627 2.34468 2.32237 2.25238 2.17454 2.10115 2.06407 1.98451 1.84609 1.86090 1.87005 1.83807 1.84048 1.85794 1.87593 1.94468 2.08947 2.20063 2.36626 2.46649 2.55929 2.92104 2.98462 3.24214 3.24690
2.46889 2.44699 2.42507 2.50069 2.52143 2.37810 2.43921 2.43055 2.42504 2.41888 2.40272 2.38448 2.36723 2.34479 2.33327 2.32324 2.20231 2.29175 2.32266 2.34317 2.34778 2.30689 2.28149 2.24512 2.23975 2.19203 2.15254 2.14940 2.13056 2.11074 2.09097 2.07115 2.05141 2.04446 2.04675 2.04902 2.05129 2.05448 2.06841 2.21606 2.15807 2.14193 2.13218 2.07317 2.10379 2.07975 2.06338 2.06650 2.06981 2.07115 1.95432 1.96450 2.00650 2.01474 2.02386 2.02815 2.03189 2.32826 2.46172 2.52915 2.58370 2.65598 2.66845 2.98150 3.12887 3.41825 3.45938
2.28574 2.27137 2.25634 2.30645 2.38248 2.26245 2.27236 2.27308 2.25938 2.24645 2.23987 2.23538 2.23046 2.22436 2.21782 2.20800 2.07890 2.12183 2.15189 2.15996 2.14874 2.12376 2.04968 2.06854 2.08418 2.08289 2.12008 2.10481 2.10521 2.10660 2.10801 2.10939 2.11078 2.11217 2.11357 2.10760 2.08868 2.06617 2.01671 2.08418 1.94791 1.94596 1.99618 2.02236 2.06076 2.08962 2.08962 2.08962 2.08962 2.08962 2.07116 2.06351 2.09781 2.10186 2.09717 2.10405 2.11091 2.25778 2.51932 2.51239 2.52745 2.64233 2.64278 2.80298 3.11962 3.32875 3.46278
1.98831 1.94563 1.88476 1.86489 1.96338 1.94321 2.06066 2.12342 2.12181 2.12019 2.11859 2.11698 2.11589 2.11587 2.11587 2.11587 2.04055 2.00644 2.09681 2.12596 2.13343 2.14077 2.06401 2.10612 2.12097 2.10259 2.11435 2.11681 2.11681 2.11681 2.11681 2.11264 2.09346 2.06766 2.01482 1.96559 1.92930 1.89569 1.88860 1.98347 1.94625 1.92455 1.96555 2.03063 2.05085 2.11165 2.11852 2.12539 2.13227 2.13915 2.14711 2.13054 2.12925 2.14565 2.12946 2.12946 2.12946 2.13950 2.49293 2.51525 2.50483 2.56455 2.56014 2.65936 3.03693 3.22812 3.41930
1.71622 1.72750 1.75379 1.75471 1.86125 1.89563 1.99322 2.11506 2.11587 2.11587 2.11587 2.11916 2.12589 2.13261 2.13933 2.14604 2.11769 1.99842 2.10065 2.14287 2.14329 2.14329 2.09458 2.07810 2.11813 2.12170 2.11590 2.11493 2.09777 2.06807 2.01297 1.96055 1.92313 1.89236 1.88440 1.87319 1.86189 1.85057 1.83928 1.87267 1.95451 1.96267 2.00645 2.06294 2.08046 2.13604 2.14772 2.14772 2.14772 2.14772 2.15026 2.18778 2.15593 2.19769 2.17641 2.16747 2.15992 2.14912 2.36843 2.54281 2.58696 2.60894 2.61890 2.72558 3.02573 3.10032 3.38728
1.77754 1.75471 1.75471 1.75471 1.81494 1.89593 1.95535 2.09729 2.13535 2.14206 2.14878 2.15218 2.15218 2.15218 2.15218 2.15218 2.15030 2.00721 2.05043 2.13778 2.14329 2.14329 2.12727 2.05056 2.09796 2.07236 2.02560 1.93986 1.88910 1.85092 1.83815 1.82684 1.81553 1.80423 1.79714 1.79703 1.79703 1.79703 1.79703 1.80083 1.96825 1.93099 1.96955 2.00712 2.07811 2.11669 2.16139 2.16634 2.15124 2.13257 2.11140 2.11399 2.01852 1.99247 1.99768 2.01651 2.06201 2.11271 2.22857 2.61847 2.60821 2.59315 2.53454 2.54266 2.92316 3.00293 3.11187
1.83131 1.76481 1.77404 1.78332 1.80738 1.94087 1.96363 2.07368 2.14343 2.14231 2.14123 2.14016 2.13910 2.13798 2.13690 2.13584 2.13476 2.02932 1.98069 2.09914 2.10608 2.05716 1.99204 1.85098 1.81523 1.80948 1.83888 1.80987 1.80941 1.81288 1.81641 1.81991 1.82341 1.82691 1.82433 1.81660 1.80887 1.80111 1.79338 1.78640 1.72554 1.69322 1.72308 1.86026 2.05517 2.06845 1.97007 1.94109 1.93423 1.93128 1.93541 1.98901 2.04537 2.03661 2.13739 2.15150 2.15156 2.15208 2.15233 2.48622 2.57393 2.56201 2.48474 2.45698 2.71521 2.91046 2.96301
1.88738 1.76100 1.76100 1.76100 1.76100 1.86915 1.90209 1.98797 2.09746 2.10428 2.10164 2.08333 2.06211 2.04087 2.01961 1.99840 1.97503 1.91212 1.86121 1.88886 1.88528 1.87257 1.87607 1.83387 1.80875 1.85314 1.86053 1.88489 1.82780 1.81826 1.80871 1.79914 1.78959 1.78004 1.77656 1.77824 1.78292 1.79582 1.80920 1.82182 1.80048 1.77583 1.77546 1.78924 2.01450 2.05811 1.96571 1.96832 2.01850 2.07102 2.11854 2.13665 2.22332 2.10909 2.13766 2.15233 2.15233 2.14859 2.12867 2.27444 2.51677 2.49835 2.45986 2.42871 2.57647 2.86835 2.94271
1.90793 1.71931 1.70964 1.69046 1.66689 1.70700 1.76750 1.79874 1.88273 1.90650 1.89115 1.89355 1.89861 1.89676 1.89209 1.88746 1.88494 1.89272 1.91215 1.91546 1.89172 1.88192 1.87640 1.85408 1.78165 1.79590 1.78913 1.86116 1.78425 1.78422 1.78420 1.79228 1.80317 1.81408 1.82499 1.83589 1.84380 1.84350 1.84272 1.84193 1.82814 1.76506 1.81076 1.79774 2.06218 2.23375 2.22874 2.12887 2.13239 2.13581 2.13885 2.14189 2.15477 2.08606 2.01659 2.00610 1.97881 1.95649 1.94966 1.96131 2.34460 2.35484 2.33412 2.28453 2.35249 2.65812 2.76657
1.79051 1.59913 1.56604 1.56705 1.57240 1.59553 1.73641 1.76491 1.86553 1.95655 1.94913 1.93470 1.91996 1.91215 1.90713 1.90213 1.89710 1.89209 1.90548 1.90896 1.90118 1.87336 1.87311 1.87279 1.81142 1.83504 1.82753 1.85961 1.84307 1.85969 1.87440 1.88102 1.88485 1.88863 1.89240 1.89622 1.90003 1.90381 1.90930 1.92107 1.93312 1.87371 1.94843 2.01429 2.14268 2.33269 2.37027 2.22290 2.21287 2.21287 2.21287 2.21287 2.10010 2.01165 1.86664 1.86412 1.87173 1.86961 1.86750 1.86538 2.11458 2.34470 2.37247 2.32365 2.32446 2.60476 2.73600
1.77368 1.67263 1.61741 1.61497 1.61122 1.60801 1.71593 1.73542 1.78800 1.87047 1.88249 1.88020 1.87851 1.87680 1.87511 1.87340 1.87171 1.87000 1.87921 1.88594 1.88180 1.81201 1.79060 1.76914 1.72316 1.79787 1.80881 1.83833 1.91526 1.93026 1.93026 1.93026 1.93026 1.93026 1.93102 1.93812 1.94634 1.95021 1.95094 1.94543 1.93942 1.88894 1.88498 2.01898 2.06108 2.27755 2.37471 2.27453 2.20725 2.20489 2.20254 2.20019 2.13091 2.00203 1.91676 1.82826 1.85785 1.85785 1.85785 1.85785 1.94041 2.32887 2.38249 2.35602 2.35304 2.57537 2.77310
1.71186 1.66030 1.56726 1.55577 1.54558 1.53488 1.60387 1.68756 1.72823 1.80646 1.86767 1.86767 1.86767 1.86767 1.86344 1.84524 1.82595 1.80667 1.79317 1.78742 1.79995 1.73901 1.73285 1.73285 1.71378 1.78337 1.79900 1.81766 1.90258 1.93024 1.93045 1.93632 1.94412 1.94736 1.94905 1.94439 1.93862 1.93735 1.94722 1.96296 1.98051 1.96620 1.93485 2.00606 1.98551 2.20856 2.33172 2.31815 2.19294 2.19294 2.19294 2.19294 2.17178 1.99952 1.98360 1.81226 1.80828 1.82381 1.82947 1.83514 1.84269 2.22797 2.42415 2.46056 2.50504 2.61537 2.75759
