results/OMI_NO2_200808.asc
ncols      200
nrows      200
xllcorner       120.258
yllcorner       41.1236
cellsize     0.0166667
NODATA_Value      -999.000
[rows 116 to 144 of 200, columns 67 to 133 of 200]
2.40394 2.37425 2.35098 2.34357 2.35215 2.35858 2.62331 2.61564 2.63365 2.73663 2.87528 2.93607 2.98396 2.91990 2.82850 2.82850 2.82850 2.82850 2.82850 2.90239 2.99664 2.99664 2.99664 2.99664 2.99664 2.99664 2.99664 2.99664 2.76358 2.69613 2.57744 2.09210 2.00190 2.00128 2.03651 2.05347 2.05347 2.05347 2.05347 2.05347 2.04133 2.00815 1.97457 1.94099 1.90779 1.89255 1.89964 1.90979 1.97472 2.07736 2.09162 2.20546 2.18869 2.14548 2.14015 2.13601 2.13601 2.13601 2.13601 2.13601 2.06303 2.02762 1.98038 1.97325 1.95997 1.91855 1.87618
2.31639 2.31101 2.31345 2.30726 2.32775 2.32598 2.46791 2.73384 2.85167 2.85191 2.98552 2.98760 2.98760 2.97297 2.83051 2.82850 2.82850 2.82850 2.82850 2.83717 2.98643 2.99664 2.99664 2.99664 2.99664 2.99635 2.95676 2.82540 2.54026 2.15394 2.03034 2.04699 2.01440 2.04407 2.05347 2.04393 2.01136 1.97778 1.94422 1.91088 1.89258 1.89611 1.90003 1.90396 1.90750 1.90810 1.90813 1.91493 1.94800 2.10771 2.11219 2.18227 2.22344 2.14872 2.14411 2.13603 2.13601 2.13601 2.13601 2.13476 2.05615 1.95384 1.87655 1.81476 1.80819 1.85523 1.90322
2.27315 2.26869 2.27554 2.27611 2.30211 2.30926 2.34561 2.63780 2.84749 2.84073 2.94143 2.98760 2.98760 2.98760 2.87718 2.82850 2.82850 2.82850 2.82850 2.82850 2.91968 2.99664 2.95380 2.81827 2.66635 2.49928 2.38204 2.37281 2.35508 2.03273 2.02832 2.00119 1.94194 1.92885 1.91399 1.89287 1.89579 1.89972 1.90365 1.90731 1.90810 1.90810 1.90810 1.90810 1.90810 1.90810 1.90810 1.91128 1.91755 2.07783 2.11219 2.13784 2.22790 2.17189 2.14571 2.12856 2.08546 2.04314 2.00077 1.95969 1.93064 1.88877 1.91418 1.93036 1.95589 1.95591 1.95707
2.24603 2.25939 2.26837 2.27611 2.29444 2.30909 2.32336 2.50723 2.77967 2.84631 2.88093 2.98760 2.98760 2.98760 2.93631 2.82850 2.82850 2.82850 2.78807 2.69054 2.60018 2.52698 2.44935 2.48159 2.51552 2.55178 2.62881 2.66987 2.56157 2.40901 2.32553 2.17988 1.82790 1.87554 1.90710 1.90672 1.90417 1.90162 1.89907 1.89652 1.89396 1.89142 1.88887 1.88633 1.88378 1.88124 1.87869 1.87636 1.88592 1.99735 2.07919 2.07169 2.15516 2.13745 2.07697 2.01394 1.90857 1.93529 1.98147 2.02716 2.06518 2.14800 2.15596 2.11414 2.07370 2.02700 1.97572
2.23592 2.25939 2.26479 2.27611 2.28627 2.30909 2.31841 2.37927 2.70617 2.89158 2.91290 3.06573 3.10721 3.13323 3.02309 2.81733 2.75748 2.69567 2.67406 2.70995 2.74280 2.78945 2.85257 2.91582 2.97916 3.03008 3.03093 3.01971 2.83837 2.75381 2.57468 2.58203 1.78322 1.78674 1.80562 1.80170 1.79907 1.79647 1.79384 1.79124 1.78861 1.78600 1.78338 1.78077 1.77815 1.77553 1.77227 1.75959 1.76007 1.84205 1.94192 1.94098 1.99129 2.06355 2.05535 2.10250 2.01537 2.02856 2.02212 1.97216 1.91673 1.95693 1.92480 1.82670 1.81948 1.81948 1.81948
2.14925 2.17007 2.19071 2.22608 2.26761 2.57424 2.62076 2.65896 2.86313 3.09197 3.09645 3.10884 3.10788 3.03394 2.96363 2.85360 2.87403 2.92751 2.98125 3.03508 3.08385 3.08619 3.06703 3.04788 3.02873 3.01800 3.01712 3.01626 2.90755 2.82371 2.62968 2.59028 1.97867 1.75342 1.74305 1.73946 1.73946 1.73946 1.73946 1.73946 1.73946 1.73946 1.73695 1.72467 1.71139 1.69811 1.68547 1.68228 1.68423 1.75973 1.94466 2.02097 2.08726 2.21535 2.15889 2.09630 1.93666 1.78660 1.73857 1.73559 1.73559 1.80755 1.86960 1.83270 1.81948 1.81948 1.81948
2.30777 2.38203 2.38642 2.38711 2.36269 2.59095 2.65808 2.62093 2.64955 2.66942 2.80513 2.87761 3.05429 3.10260 3.14488 3.07389 3.08475 3.06681 3.04852 3.03023 3.01660 3.01583 3.01583 3.01583 3.01583 3.01583 3.01583 3.01583 2.96586 2.82392 2.72023 2.59028 2.28921 1.66214 1.74770 1.73946 1.73946 1.73946 1.73380 1.72056 1.70730 1.69403 1.68326 1.68228 1.68228 1.68228 1.68228 1.68228 1.69313 1.85677 2.13507 2.24470 2.28642 2.04300 1.91912 1.91912 1.89595 1.73731 1.73559 1.73441 1.73018 1.76734 1.85542 1.82544 1.79653 1.79216 1.79057
2.25338 2.25935 2.27069 2.31775 2.35178 2.57543 2.74512 2.73417 2.76515 2.69764 2.95661 3.05857 3.15548 3.18270 3.16702 3.07023 3.01583 3.01583 3.01583 3.01583 3.01583 3.01583 3.01583 3.01583 3.01583 3.01583 3.01583 3.01583 3.01070 2.83455 2.80523 2.59613 2.48478 1.68706 1.74262 1.71646 1.70320 1.68993 1.68232 1.68228 1.68228 1.68228 1.68228 1.69043 1.73320 1.77995 1.82667 1.87521 1.96653 2.06338 2.32932 2.32294 2.26114 2.13735 1.85674 1.85234 1.84797 1.71362 1.65567 1.65246 1.65232 1.66371 1.78705 1.84637 1.92255 2.02518 2.11802
2.28558 2.33253 2.35812 2.40054 2.46451 2.63439 2.95171 2.94119 2.91482 2.84167 2.87299 2.98313 3.04797 3.15075 3.15075 3.11320 3.01583 3.01583 3.01583 3.01583 3.01583 3.01583 3.01583 3.01583 3.01583 3.01583 3.01583 3.01583 3.01583 2.90123 2.90473 2.83866 2.84632 2.20325 1.71823 1.68228 1.68228 1.68228 1.68811 1.72896 1.77570 1.82240 1.86979 1.95791 2.04166 2.12145 2.20126 2.27915 2.30360 2.30360 2.38978 2.39098 2.23150 2.22531 1.87452 1.83585 1.83585 1.78088 1.65247 1.71962 1.83475 1.94113 2.13847 2.20284 2.19380 2.22721 2.26337
2.43423 2.50404 2.58364 2.58769 2.58484 2.61690 2.97772 2.96546 2.92190 2.90889 2.81142 2.95842 3.00214 3.13674 3.15075 3.14742 3.02510 3.01583 3.01583 3.01583 3.01583 3.01583 3.01583 3.01583 3.01583 3.02829 3.09625 3.17088 3.24552 3.27161 3.19785 3.13298 2.96422 2.52729 1.86198 1.77376 1.81813 1.86496 1.94891 2.03460 2.11441 2.19420 2.27331 2.30360 2.30360 2.30360 2.30360 2.30360 2.30360 2.30360 2.32433 2.43690 2.26115 2.23150 2.02027 1.88950 1.99822 2.09677 2.05399 2.10176 2.13171 2.16376 2.28098 2.34602 2.26805 2.21415 2.16864
2.58568 2.59171 2.60398 2.60328 2.59018 2.59005 2.91218 2.97796 2.92339 2.92190 2.82178 2.91497 2.99914 3.07983 3.15075 3.15075 3.07088 3.01583 3.01583 3.01583 3.01583 3.03699 3.10934 3.18400 3.25519 3.30443 3.29691 3.28194 3.26660 3.26640 3.26067 3.29679 3.13154 2.88682 2.38531 2.11974 2.18711 2.26688 2.30360 2.30360 2.30360 2.30360 2.30360 2.30366 2.30524 2.30749 2.30974 2.31198 2.31423 2.31648 2.31874 2.41277 2.35916 2.44975 2.49868 2.26617 2.27881 2.29217 2.27549 2.24442 2.22680 2.18331 2.16040 2.13703 2.09500 2.07298 2.07298
2.58952 2.58976 2.60338 2.60398 2.59268 2.59005 2.81762 2.97999 2.93545 2.92190 2.88833 2.83923 2.97931 3.00511 3.12673 3.12017 3.08756 3.03662 3.10129 3.16902 3.23976 3.29012 3.28416 3.27510 3.28503 3.33010 3.37624 3.42250 3.45303 3.41971 3.37035 3.32088 3.45286 3.51673 2.90769 2.41745 2.36111 2.36422 2.36731 2.37041 2.37352 2.37662 2.37974 2.38279 2.38430 2.38516 2.38601 2.38687 2.38773 2.38869 2.39958 2.43681 2.51224 2.55148 2.68456 2.42565 2.34222 2.30888 2.26476 2.15858 2.13149 2.13532 2.16240 2.18004 2.17281 2.13381 2.16748
2.61085 2.61341 2.62909 2.63653 2.63421 2.63051 2.77466 3.06473 3.02535 2.96589 2.93478 2.79593 2.94982 3.06120 3.25379 3.36899 3.44079 3.46665 3.47168 3.48682 3.52972 3.57481 3.62002 3.65850 3.63871 3.58856 3.53809 3.48758 3.45230 3.45717 3.46412 3.47104 3.52969 3.88962 3.19487 2.76204 2.40466 2.40452 2.40452 2.40452 2.40452 2.40452 2.40452 2.40452 2.40452 2.40601 2.41974 2.43620 2.45264 2.46899 2.47541 2.47088 2.53082 2.44152 2.59908 2.43399 2.21043 2.24593 2.27822 2.27071 2.28518 2.31924 2.32536 2.30212 2.28084 2.17182 2.17182
2.49880 2.46187 2.41589 2.36469 2.29704 2.21055 2.21099 2.58380 2.64227 2.86768 2.83566 2.83401 3.13046 3.41638 3.47741 3.62221 3.65402 3.69413 3.73714 3.72673 3.67175 3.61436 3.55692 3.50615 3.49837 3.49837 3.49837 3.49837 3.49837 3.49837 3.49837 3.49837 3.49837 3.80965 3.35435 3.00264 2.44162 2.40452 2.40452 2.40452 2.40452 2.40896 2.42483 2.44128 2.45774 2.47270 2.47217 2.45975 2.44752 2.43606 2.42530 2.41399 2.39560 2.30152 2.38235 2.44810 2.34113 2.36534 2.37674 2.36486 2.32560 2.32560 2.32560 2.30750 2.30026 2.17789 2.15723
2.18665 2.18300 2.17195 2.14664 2.13325 2.04402 2.01200 2.38161 2.43566 2.75594 2.72808 2.67027 2.86530 3.12602 3.08040 3.62318 3.62596 3.57647 3.51528 3.49837 3.49837 3.49837 3.49837 3.49837 3.49837 3.49837 3.49837 3.49837 3.49837 3.49837 3.49837 3.49837 3.49837 3.64221 3.52973 3.16307 2.55846 2.41347 2.42992 2.44638 2.46142 2.46214 2.45027 2.43864 2.42772 2.41744 2.40931 2.39883 2.38591 2.37296 2.36004 2.31066 2.20658 2.12296 2.14429 2.36907 2.29453 2.25296 2.25911 2.24944 2.17899 2.15535 2.14428 2.12076 2.09736 1.99981 1.95454
2.15043 2.16380 2.13468 2.06902 2.04085 1.93185 1.86697 2.09164 2.20562 2.42366 2.45062 2.43861 2.55150 2.78279 2.84347 3.22106 3.51747 3.51724 3.50031 3.49837 3.49837 3.49837 3.49837 3.49837 3.49837 3.49837 3.49837 3.49837 3.49837 3.49837 3.49837 3.49837 3.49803 3.49901 3.64644 3.14190 2.75909 2.47374 2.47541 2.45602 2.41095 2.40918 2.39994 2.38702 2.37409 2.36115 2.31843 2.24072 2.16556 2.09050 2.01529 1.97773 1.90075 1.87202 1.93266 2.23578 2.26376 2.18217 2.19536 2.19602 2.16283 2.11476 2.10939 2.08932 2.05806 1.98384 1.90135
2.01648 2.04602 1.99594 1.88752 1.82313 1.67524 1.62104 1.78545 2.06439 2.25392 2.40881 2.40881 2.43578 2.69293 2.84347 2.95652 3.51673 3.51747 3.50708 3.49837 3.49837 3.49837 3.49837 3.49837 3.49837 3.49837 3.49837 3.49837 3.49727 3.48578 3.47175 3.45773 3.44406 3.43981 3.62639 3.12578 2.98294 2.45637 2.44968 2.43222 2.36542 2.32554 2.24816 2.17299 2.09787 2.02273 1.97810 1.97773 1.97773 1.97773 1.97773 1.97773 1.93082 1.85914 1.90400 2.09626 2.28876 2.19758 2.18694 2.18105 2.16432 2.07290 2.04151 2.01508 1.97085 1.92188 1.82575
1.69516 1.77097 1.76289 1.74074 1.72692 1.65615 1.58648 1.65027 2.05383 2.16754 2.40881 2.40881 2.40881 2.57358 2.82920 2.84347 3.36457 3.51747 3.51334 3.49837 3.49837 3.49837 3.49837 3.49837 3.49607 3.48332 3.46929 3.45527 3.44235 3.43981 3.43981 3.43981 3.42542 3.39095 3.42906 3.12955 2.94021 2.35606 2.20024 2.11030 2.02652 1.97920 1.97773 1.97773 1.97773 1.97773 1.97773 1.97773 1.97773 1.97773 1.97773 1.97773 1.96332 1.86069 1.87870 1.96430 2.25249 2.21135 2.13290 2.11697 2.09595 2.01711 1.97943 1.97448 1.92821 1.89435 1.76709
1.60958 1.68719 1.72230 1.72293 1.72376 1.68522 1.58648 1.58671 2.00476 2.08323 2.40754 2.40881 2.40881 2.46922 2.76529 2.83122 3.07681 3.51050 3.50736 3.49843 3.49444 3.48085 3.46683 3.45827 3.45944 3.47092 3.48365 3.48857 3.46856 3.44678 3.42500 3.40783 3.43356 3.48421 3.53505 3.01756 2.56986 2.26333 2.00887 2.01756 2.02340 2.03318 2.03576 2.03833 2.04020 2.04028 2.04026 2.04026 2.04025 2.04024 2.04023 2.04022 2.04016 1.91692 1.87605 1.91081 2.08555 2.19035 2.09208 2.08851 2.06729 2.01918 1.91982 1.89998 1.86978 1.86322 1.88740
1.62085 1.66613 1.74623 1.75366 1.76469 1.76111 1.64943 1.65733 1.98378 2.13768 2.42394 2.46651 2.45644 2.45625 2.74993 2.92821 2.96880 3.68977 3.72592 3.71662 3.71108 3.71516 3.71640 3.68651 3.64375 3.60095 3.55939 3.55182 3.57985 3.60972 3.63961 3.66479 3.66130 3.65312 3.64493 3.20458 2.45347 2.37020 1.97482 1.97171 1.96873 1.98262 1.98204 1.97946 1.97759 1.97751 1.97751 1.97751 1.97666 1.95715 1.93005 1.90294 1.87584 1.79590 1.75859 1.78209 1.84852 2.06853 1.94878 1.92185 1.97897 2.00012 1.94480 1.94910 1.95269 1.93057 1.96998
1.76465 1.77216 1.86744 1.84482 1.82896 1.79803 1.63427 1.56202 1.79398 2.20278 2.37367 2.48083 2.46840 2.42817 2.54233 2.76616 2.75255 3.22950 3.53581 3.50121 3.46660 3.43199 3.42024 3.45265 3.49071 3.52880 3.56560 3.57610 3.57610 3.57610 3.57610 3.57610 3.57610 3.57610 3.57610 3.43921 2.40952 2.38149 2.08005 1.95446 1.95695 1.96860 1.97751 1.97751 1.97321 1.94870 1.92159 1.89448 1.86825 1.85868 1.82992 1.79274 1.75552 1.68721 1.60446 1.57082 1.56336 1.78660 1.88617 1.93918 2.07025 2.07025 2.03158 1.97681 1.97005 1.93057 1.95427
1.77901 1.77356 1.73650 1.71831 1.72135 1.72184 1.60368 1.52921 1.64142 2.22131 2.25348 2.33698 2.32148 2.36302 2.51328 3.02049 3.18846 3.33983 3.44351 3.48154 3.51959 3.55766 3.57610 3.57610 3.57610 3.57610 3.57610 3.57610 3.57610 3.57610 3.57610 3.57610 3.57610 3.57610 3.57610 3.57580 2.57676 2.39564 2.23505 1.94699 1.94451 1.91752 1.91312 1.88590 1.84147 1.80168 1.76452 1.72725 1.69005 1.65476 1.63827 1.62512 1.61197 1.59183 1.54960 1.58974 1.61539 1.64649 1.91369 1.95156 2.10267 2.13243 2.13396 2.05665 2.05877 2.02307 2.03388
1.77602 1.77602 1.76006 1.72013 1.70613 1.67912 1.57101 1.41395 1.41426 2.20694 2.41326 2.70512 2.84329 2.98507 3.04847 3.33575 3.51531 3.54192 3.56971 3.57610 3.57610 3.57610 3.57610 3.57610 3.57610 3.57610 3.57610 3.57610 3.57610 3.57610 3.57610 3.57610 3.57610 3.57610 3.57610 3.57615 2.89655 2.44662 2.42146 2.07950 1.82454 1.81672 1.72450 1.66196 1.64636 1.63951 1.62635 1.61319 1.60003 1.59663 1.63336 1.67784 1.72231 1.76683 1.82633 1.83210 1.82655 1.67207 1.91983 2.00541 2.10715 2.19573 2.19573 2.13948 2.10229 2.05309 1.97780
1.74926 1.72812 1.70528 1.62195 1.64907 1.75193 1.83455 1.86235 2.01640 2.61841 2.90452 3.12264 3.20003 3.21026 3.21026 3.27391 3.55590 3.54288 3.55664 3.57610 3.57610 3.57610 3.57610 3.57610 3.57610 3.57610 3.57610 3.57610 3.57610 3.57610 3.57610 3.57689 3.59757 3.62681 3.65606 3.68524 3.27693 2.55229 2.48542 2.26540 1.89911 1.79420 1.69836 1.60127 1.59521 1.62922 1.67367 1.71814 1.76264 1.79743 1.80002 1.80002 1.80002 1.80002 1.81989 1.83210 1.83210 1.73568 1.77968 1.99210 2.04795 2.18241 2.12287 2.04106 1.90234 1.82210 1.77545
1.72139 1.80373 1.88590 1.95878 2.04610 2.16728 2.21726 2.25919 2.28851 2.62709 3.03049 3.14471 3.21026 3.21026 3.21026 3.21026 3.47799 3.54288 3.54495 3.57483 3.57610 3.57610 3.57610 3.57610 3.57610 3.57610 3.57610 3.57854 3.60267 3.63190 3.66115 3.68959 3.69815 3.69815 3.69815 3.68715 3.45160 2.52394 2.35102 2.24157 1.98350 1.84450 1.87702 1.76053 1.79583 1.80002 1.80002 1.80002 1.80002 1.80002 1.80002 1.80002 1.80002 1.80002 1.81164 1.83210 1.83210 1.82529 1.82667 1.90563 1.84489 1.93535 1.97321 1.98564 1.81812 1.74777 1.70883
2.05851 2.09632 2.13417 2.16507 2.16891 2.28339 2.29282 2.28957 2.28851 2.44930 3.03049 3.10142 3.21026 3.21026 3.21026 3.21026 3.33317 3.54615 3.54288 3.56391 3.57610 3.57610 3.57610 3.58106 3.60776 3.63700 3.66624 3.69304 3.69815 3.69815 3.69300 3.63754 3.56763 3.49626 3.42226 3.32718 3.24070 2.37819 2.47547 2.47375 2.29394 2.02192 1.97343 1.82237 1.77344 1.77167 1.76991 1.76816 1.76641 1.76465 1.76290 1.76115 1.75939 1.76644 1.90653 2.06888 2.20970 2.33337 2.24833 2.00468 1.79615 1.88099 1.96393 1.97546 1.89338 1.73940 1.66338
2.16809 2.16809 2.16809 2.16809 2.16830 2.25367 2.28991 2.28480 2.27943 2.29114 2.83916 2.85251 2.98463 2.95523 2.92535 2.89465 2.86966 3.17911 3.17327 3.16240 3.19345 3.19750 3.20164 3.20005 3.17568 3.16135 3.11162 3.04208 2.97118 2.89895 2.80313 2.74970 2.71540 2.68115 2.64908 2.65509 2.67472 2.48846 2.63316 2.48340 2.36390 2.09572 1.94964 1.87163 1.75839 1.75903 1.75966 1.76030 1.76093 1.76236 1.87296 2.04801 2.21762 2.37385 2.42218 2.39307 2.39326 2.39358 2.35088 2.23480 1.86562 1.93917 2.03796 2.03064 1.98585 1.69941 1.57943
2.13902 2.14130 2.14388 2.14638 2.14755 2.20653 2.27699 2.28068 2.28323 2.29004 2.24531 2.23133 2.59681 2.66180 2.68144 2.76601 2.96168 3.23269 3.30147 3.34745 3.40332 3.40386 3.36538 3.32674 3.28487 3.21145 3.13921 3.08527 3.03131 2.97742 2.95274 2.95274 2.95274 2.95274 2.95274 2.95274 2.95274 2.77693 2.71800 2.60151 2.45293 2.21119 1.97234 1.94686 1.77085 1.76407 1.83771 2.01519 2.19045 2.35430 2.42653 2.44042 2.44630 2.46735 2.51045 2.51382 2.52522 2.56683 2.63633 2.70453 2.42255 2.05524 1.90081 1.90702 1.93283 1.80842 1.68621
2.22590 2.22738 2.22870 2.23008 2.23196 2.26786 2.36840 2.36964 2.37920 2.37920 2.35536 2.39683 2.94463 3.30282 3.48052 3.59341 3.59181 3.56689 3.41790 3.38034 3.29631 3.15222 3.09817 3.04420 2.99026 2.95377 2.95274 2.95274 2.95274 2.95274 2.95274 2.95274 2.95274 2.95274 2.95274 2.95274 2.95274 2.85444 2.63810 2.67948 2.45942 2.31505 2.11026 2.20563 2.23967 2.32914 2.42994 2.45604 2.50015 2.54490 2.59208 2.64194 2.69458 2.74974 2.82776 2.86365 2.84836 2.92271 3.00925 3.01717 2.88044 2.32492 2.02786 2.03655 2.04280 2.00657 1.78769
