results/OMI_NO2_201012.asc
ncols      200
nrows      200
xllcorner       120.258
yllcorner       41.1236
cellsize     0.0166667
NODATA_Value      -999.000
[rows 84 to 111 of 200, columns 0 to 64 of 200]
0.581971 0.581971 0.581971 0.581971 0.581971 0.581971 0.581971 0.581971 0.442795 0.360840 0.360840 0.614384 0.668698 0.861601 0.989902 0.978329 0.962614 0.963650 0.963094 0.941012 0.907762 0.874546 0.841347 0.808300 0.795212 0.795212 0.795212 0.795212 0.795212 0.795212 0.795212 0.795212 0.795212 0.847744 0.892917 0.902911 0.924560 0.834309 0.797025 0.831271 0.832417 0.819571 0.792714 0.744370 0.706051 0.684421 0.674454 0.674385 0.674385 0.674385 0.674385 0.674385 0.679160 0.884991 0.904599 1.09606 1.15447 1.15447 1.14686 1.08720 1.01774 0.948179 0.878669 0.782409 0.743496
0.581971 0.581971 0.581971 0.581971 0.581971 0.581971 0.581971 0.581971 0.560430 0.374898 0.390057 0.531535 0.720178 0.795485 0.987539 0.939233 0.872705 0.838989 0.806312 0.795212 0.795212 0.795212 0.795212 0.795212 0.795212 0.795212 0.795212 0.795212 0.795212 0.795212 0.795212 0.795158 0.793884 0.807300 0.887847 0.886047 0.880521 0.767236 0.708946 0.736137 0.742043 0.738528 0.711565 0.674385 0.674385 0.674385 0.674385 0.674385 0.674385 0.674385 0.674385 0.674385 0.674385 0.784891 0.808135 0.835266 0.919016 0.849521 0.787673 0.777804 0.777804 0.777804 0.778596 0.766594 0.739154
0.581971 0.581971 0.581971 0.581971 0.581971 0.581971 0.581971 0.581971 0.586279 0.633411 0.716889 0.881020 1.11418 1.22652 0.871140 0.796262 0.795500 0.795212 0.795212 0.795212 0.795212 0.795212 0.795212 0.795212 0.795212 0.795212 0.795212 0.795189 0.794035 0.792257 0.788702 0.773189 0.756569 0.740574 0.805056 0.821229 0.793245 0.761149 0.684590 0.697082 0.738528 0.738528 0.736084 0.679630 0.674385 0.674385 0.674385 0.674448 0.680125 0.689383 0.698637 0.707915 0.717179 0.688204 0.527973 0.540647 0.766785 0.777804 0.778861 0.777484 0.760899 0.739875 0.718045 0.742435 0.812137
0.581971 0.581971 0.581971 0.582769 0.769278 1.09363 1.41815 1.74315 2.06335 2.04296 1.26554 1.24491 1.25167 1.25790 1.05053 0.796262 0.795909 0.795212 0.795212 0.795212 0.795212 0.795212 0.795212 0.795207 0.794187 0.789997 0.773788 0.755925 0.739202 0.723118 0.710881 0.716767 0.725309 0.733754 0.774579 0.834589 0.822668 0.778330 0.708068 0.684056 0.727758 0.738528 0.739155 0.714989 0.691672 0.700931 0.710195 0.719405 0.722987 0.722987 0.722987 0.722987 0.722987 0.722987 0.567529 0.508132 0.647859 0.738688 0.710285 0.722675 0.787900 0.868829 0.956652 0.970188 0.970188
1.06603 1.39087 1.71507 2.03926 2.17743 2.17743 2.17743 2.17743 2.17743 2.17743 1.50693 1.24491 1.24574 1.25729 1.21972 0.807203 0.796250 0.795313 0.795212 0.795212 0.791190 0.774424 0.756571 0.738674 0.721842 0.708138 0.706787 0.713025 0.721571 0.730097 0.736514 0.736885 0.736885 0.736885 0.741661 0.829987 0.834561 0.790238 0.761252 0.703606 0.732814 0.776622 0.785273 0.782459 0.725880 0.722987 0.722987 0.722987 0.722987 0.722987 0.724332 0.716796 0.692804 0.662271 0.489954 0.273546 0.407518 0.840549 0.933601 0.970174 0.963299 0.950620 0.937935 0.925263 0.912577
2.17743 2.17743 2.17743 2.17743 2.17743 2.17743 2.17743 2.17743 2.17743 2.17743 1.99109 1.25595 1.24491 1.25305 1.25790 0.949111 0.795288 0.774952 0.739339 0.721462 0.707615 0.706486 0.706486 0.709408 0.717816 0.726352 0.734587 0.736885 0.736885 0.736885 0.736885 0.736885 0.735440 0.730523 0.725460 0.813048 0.885075 0.869520 0.838777 0.748089 0.733989 0.781936 0.787130 0.787130 0.751005 0.722987 0.724542 0.715739 0.691469 0.660564 0.618404 0.599669 0.643211 0.702196 0.747477 0.417829 0.476182 0.893831 0.919974 0.907309 0.901505 0.901505 0.901505 0.901505 0.901505
2.17743 2.17743 2.17743 2.17743 2.17743 2.17743 2.17743 2.17743 2.17743 2.17743 2.17743 1.46793 1.25124 1.26958 1.25357 1.12133 0.786994 0.775107 0.707116 0.707131 0.714071 0.722610 0.731140 0.736760 0.736885 0.736885 0.736885 0.735149 0.730150 0.725085 0.720017 0.714946 0.711326 0.711171 0.711171 0.754508 0.895342 0.890722 0.840354 0.791762 0.732626 0.759497 0.789169 0.784663 0.759334 0.660657 0.616121 0.594226 0.626548 0.691956 0.817543 0.965321 1.04574 1.11390 1.17727 0.863918 0.702931 0.800412 0.901505 0.901505 0.901505 0.901505 0.901505 0.901505 0.901505
2.17743 2.17743 2.17743 2.17743 2.17743 2.17743 2.17743 2.17743 2.14790 2.01159 1.90956 1.71991 1.30463 1.30169 1.26784 1.24452 0.847655 0.803485 0.747460 0.735292 0.736885 0.736885 0.734823 0.729783 0.724704 0.719646 0.714573 0.711246 0.711171 0.711171 0.711171 0.711171 0.711171 0.711171 0.711171 0.711632 0.867758 0.895342 0.857618 0.852580 0.822372 0.873657 0.726362 0.700089 0.725656 0.754474 0.863194 1.02427 1.13034 1.18559 1.19056 1.19056 1.19056 1.19056 1.19056 1.04767 0.702931 0.727114 0.900070 0.901505 0.901505 0.903173 0.971293 1.07361 1.17599
2.17743 2.17743 2.17743 2.17743 2.16587 2.03896 1.92809 1.85076 1.80142 1.79634 1.79634 1.79634 1.42681 1.31319 1.31428 1.28294 1.05902 0.824296 0.782875 0.724339 0.719269 0.714203 0.711195 0.711171 0.711171 0.711171 0.711171 0.711171 0.711171 0.711171 0.711171 0.711171 0.711171 0.711171 0.711215 0.726837 0.841585 0.967283 0.978877 0.969647 1.00529 1.05447 0.998482 0.979742 1.02385 1.04524 1.18959 1.19056 1.19056 1.19056 1.19056 1.19056 1.19056 1.19056 1.19056 1.18354 0.770092 0.816761 1.06581 1.22003 1.32257 1.42328 1.45759 1.45759 1.45759
2.17576 2.06875 1.94813 1.86515 1.80754 1.79634 1.79634 1.79634 1.79634 1.79634 1.79634 1.79634 1.65494 1.25495 1.17969 1.04015 0.894508 0.793546 0.790766 0.716471 0.711171 0.711171 0.711171 0.711171 0.711171 0.711171 0.711171 0.711171 0.711171 0.711171 0.711171 0.724417 0.752537 0.781239 0.831395 0.877016 0.928815 1.13347 1.18653 1.17765 1.18945 1.19254 1.16813 1.02487 1.02456 1.02456 1.12719 1.19056 1.19056 1.19056 1.19056 1.19154 1.19423 1.19694 1.19966 1.20238 1.23313 1.25901 1.33091 1.45759 1.45759 1.45759 1.45759 1.45759 1.45759
1.81638 1.79634 1.79634 1.79634 1.79634 1.79634 1.79634 1.78272 1.73704 1.67852 1.60181 1.49752 1.41594 1.00396 0.924614 0.900386 0.845020 0.803801 0.793231 0.742416 0.711171 0.711171 0.711171 0.711171 0.711171 0.711171 0.711171 0.722148 0.751270 0.803711 0.864911 0.912849 0.945979 0.981165 1.00843 1.02656 1.04470 1.18398 1.23829 1.21422 1.19254 1.19254 1.19254 1.07689 1.02456 1.02457 1.05520 1.19487 1.19758 1.20030 1.20301 1.20475 1.20478 1.20478 1.20478 1.20478 1.21362 1.25897 1.26700 1.44675 1.45759 1.45759 1.45759 1.45759 1.45759
1.79634 1.79634 1.78530 1.74118 1.68373 1.60881 1.50732 1.41753 1.41525 1.41525 1.41525 1.41525 1.41525 1.21988 0.924614 0.924009 0.856768 0.822736 0.793231 0.776365 0.711258 0.711171 0.711171 0.722175 0.775917 0.837100 0.898362 0.948573 0.980646 0.989594 1.00051 1.01865 1.03680 1.05223 1.05412 1.05412 1.05412 1.11354 1.23829 1.23159 1.19275 1.19365 1.19501 1.15437 1.03148 1.03328 1.03406 1.15420 1.20478 1.20478 1.20478 1.20478 1.20478 1.20478 1.20478 1.20478 1.20478 1.24740 1.25901 1.37999 1.45759 1.45759 1.45759 1.46045 1.47141
1.61568 1.51673 1.42017 1.41525 1.41525 1.41525 1.41525 1.41525 1.41525 1.41525 1.41525 1.41525 1.41525 1.41506 0.986528 0.924614 0.891535 0.843042 0.793726 0.776828 0.796561 0.870568 0.931751 0.981997 0.989477 0.989477 0.993575 1.01075 1.02888 1.04691 1.05412 1.05412 1.05412 1.05412 1.05412 1.06999 1.19018 1.33320 1.28136 1.24380 1.21026 1.19965 1.19965 1.19845 1.06287 1.03404 1.03404 1.07447 1.20478 1.20478 1.20478 1.20478 1.20478 1.20478 1.20478 1.20478 1.20478 1.22701 1.26085 1.31227 1.48770 1.49915 1.51058 1.51915 1.51964
1.41525 1.41525 1.41525 1.41525 1.41525 1.41525 1.41525 1.41525 1.41525 1.41525 1.41525 1.41525 1.41525 1.40549 1.09360 0.813513 0.664007 0.757274 0.783586 0.790079 0.867440 0.989477 0.989981 1.00283 1.02097 1.03910 1.05315 1.05412 1.05412 1.05412 1.07585 1.20104 1.34006 1.47887 1.61775 1.74076 1.75945 1.75945 1.47287 1.24540 1.22808 1.19965 1.19965 1.19965 1.13882 1.03404 1.03404 1.03493 1.16816 1.20478 1.20478 1.20478 1.20493 1.20741 1.21065 1.21389 1.21713 1.22387 1.27428 1.27662 1.48390 1.51964 1.51964 1.51964 1.51964
1.41525 1.41525 1.41525 1.41525 1.41525 1.41525 1.41525 1.41525 1.41035 1.27897 1.13823 1.02119 0.801323 0.596572 0.434880 0.342581 0.338370 0.596058 0.817723 0.797076 0.824140 1.02129 1.04883 1.05412 1.05412 1.08233 1.21219 1.35099 1.48994 1.62868 1.74605 1.75945 1.75945 1.75945 1.75945 1.75945 1.75945 1.75945 1.66934 1.24555 1.24330 1.20193 1.20984 1.23208 1.24705 1.05178 1.03404 1.02868 1.06377 1.21144 1.21468 1.21792 1.22100 1.22176 1.22176 1.22176 1.22176 1.22176 1.25740 1.27600 1.39272 1.51964 1.51964 1.51964 1.51964
1.41525 1.41525 1.41525 1.41333 1.29304 1.14841 1.04189 0.958173 0.791748 0.622351 0.466953 0.321930 0.290568 0.290568 0.290568 0.313574 0.359264 0.435893 0.884646 0.864935 0.891592 1.14585 1.36186 1.50102 1.63969 1.75042 1.75945 1.75945 1.75945 1.75945 1.75945 1.75945 1.75945 1.75945 1.75945 1.75945 1.75945 1.75945 1.76791 1.38269 1.29816 1.29237 1.28723 1.28838 1.27600 1.12704 0.969814 0.950220 0.953847 1.18339 1.22176 1.22176 1.22176 1.22176 1.22176 1.22176 1.22176 1.22176 1.23700 1.27235 1.23116 1.35286 1.26304 1.17071 1.07853
1.41525 1.13176 0.966450 0.901258 0.809642 0.654421 0.499023 0.345570 0.290568 0.290568 0.290568 0.290568 0.290568 0.290568 0.290568 0.293718 0.412522 0.424564 0.739106 1.16436 1.55573 1.60523 1.75945 1.75945 1.75945 1.75945 1.75945 1.75945 1.75945 1.75945 1.75945 1.75945 1.75945 1.75945 1.76633 1.78807 1.81033 1.82547 1.82217 1.59460 1.26792 1.23966 1.24894 1.22908 1.22277 1.19247 0.951638 0.948759 0.948759 1.04986 1.22176 1.22176 1.22176 1.22176 1.22853 1.26930 1.31483 1.36033 1.40480 0.872803 0.776100 0.952736 1.01974 1.01974 1.01974
1.32883 0.847153 0.531152 0.375695 0.290744 0.290568 0.290568 0.290568 0.290568 0.290568 0.290568 0.290568 0.290568 0.290568 0.290568 0.290568 0.359908 0.424564 0.524261 0.957141 1.53999 1.56145 1.72654 1.75945 1.75945 1.75945 1.75945 1.75945 1.75945 1.75945 1.76492 1.78618 1.79985 1.80494 1.80316 1.78653 1.76823 1.74230 1.72190 1.66947 1.19139 1.17290 1.21525 1.22277 1.22277 1.22277 1.04807 0.948759 0.948759 0.969744 1.25730 1.32569 1.37120 1.41667 1.45540 1.46010 1.46010 1.46010 1.46010 1.09875 0.776100 0.860910 1.01974 1.01974 1.01974
0.246348 0.239844 0.288713 0.290568 0.290568 0.290568 0.290568 0.290568 0.290568 0.290568 0.290568 0.290568 0.290568 0.290568 0.290568 0.290568 0.297540 0.416437 0.424564 0.795946 1.35876 1.56123 1.64999 1.75945 1.75945 1.75945 1.76360 1.77416 1.77923 1.78434 1.78398 1.76783 1.75928 1.75099 1.73079 1.71045 1.69127 1.68683 1.68683 1.68683 1.35542 1.17278 1.19637 1.22277 1.23469 1.25745 1.22537 1.05564 1.08596 1.10695 1.26498 1.46010 1.46010 1.46010 1.46010 1.46010 1.46010 1.46010 1.46010 1.35509 0.777263 0.779491 0.941583 0.902750 0.860592
0.236208 0.236208 0.275995 0.290568 0.290568 0.290568 0.290568 0.290568 0.290568 0.290568 0.290568 0.290568 0.290568 0.290568 0.290568 0.290568 0.290568 0.367979 0.424564 0.580970 1.10113 1.56108 1.57042 1.74918 1.75866 1.76376 1.76471 1.75928 1.75928 1.75708 1.73966 1.71933 1.69900 1.68692 1.68683 1.68683 1.68683 1.68683 1.68372 1.58471 1.35718 1.23563 1.26361 1.33047 1.34194 1.34194 1.34141 1.15754 1.10765 1.10765 1.13425 1.44839 1.46010 1.46010 1.46010 1.46010 1.46010 1.45856 1.37912 1.27790 0.807087 0.665929 0.723699 0.744968 0.706536
0.236208 0.236208 0.253227 0.290565 0.290568 0.290568 0.290568 0.290568 0.290568 0.290568 0.290568 0.290568 0.290568 0.290568 0.290568 0.290568 0.290535 0.285289 0.387139 0.397929 0.827821 1.47428 1.56535 1.69666 1.75928 1.75927 1.74854 1.72820 1.70788 1.68974 1.68683 1.68683 1.68683 1.68084 1.57229 1.42668 1.28151 1.13600 0.993502 0.947359 0.949702 1.24891 1.29195 1.32756 1.34194 1.34194 1.34194 1.26360 1.10765 1.10765 1.10765 1.29352 1.46010 1.46010 1.41575 1.30799 1.20268 1.10398 1.05366 1.02408 0.812478 0.518551 0.541946 0.626919 0.626919
0.236208 0.236208 0.236208 0.284326 0.290568 0.290568 0.290568 0.290568 0.290568 0.290568 0.290568 0.290568 0.275545 0.242763 0.210667 0.204180 0.210729 0.235231 0.360655 0.416658 0.637225 1.26558 1.56425 1.60044 1.71675 1.69642 1.68683 1.68683 1.67675 1.55979 1.41456 1.26903 1.12350 0.984258 0.947359 0.947359 0.947359 0.947359 0.947359 0.947359 0.947359 1.12040 1.29195 1.30858 1.34162 1.29690 1.24474 1.18431 1.10517 1.10765 1.12103 1.25166 1.18724 1.08407 1.01769 0.987409 0.974022 0.974022 0.974022 0.974022 0.947131 0.534575 0.518176 0.610007 0.626919
0.236208 0.236208 0.236208 0.267404 0.290568 0.290568 0.290568 0.278234 0.245737 0.212960 0.180146 0.166171 0.187743 0.227042 0.265702 0.278709 0.278709 0.278709 0.297908 0.396883 0.398711 0.900237 1.48774 1.48218 1.52631 1.40206 1.25661 1.11137 0.975902 0.947359 0.947359 0.947359 0.947359 0.947359 0.947359 0.947359 0.947359 0.947359 0.947359 0.947359 0.947351 0.965420 1.16066 1.07763 1.03729 0.991809 1.00574 1.08987 1.19470 1.33014 1.42222 1.43404 1.10881 0.974022 0.974022 0.974022 0.974022 0.974022 0.974022 0.974022 0.974022 0.679447 0.518024 0.572336 0.636008
0.236208 0.236208 0.236208 0.241837 0.219856 0.183092 0.150311 0.141510 0.179507 0.218854 0.258185 0.278709 0.278709 0.278709 0.278709 0.278709 0.278709 0.278709 0.285010 0.353261 0.397496 0.664441 0.904683 0.777183 0.854166 0.947359 0.947359 0.947359 0.947359 0.947359 0.947359 0.947359 0.947359 0.947359 0.947359 0.947359 0.947359 0.927444 0.854738 0.785219 0.723582 0.682856 0.887436 0.975434 1.02654 1.07144 1.15569 1.31617 1.33557 1.43178 1.43404 1.43404 1.31938 0.974022 0.974022 0.974022 0.974022 0.973964 0.972560 0.970597 0.968633 0.851237 0.548394 0.563687 0.659582
0.236208 0.236208 0.236208 0.248647 0.206286 0.210665 0.250012 0.277665 0.278709 0.278709 0.278709 0.278709 0.278709 0.282757 0.334670 0.391091 0.438606 0.479131 0.511293 0.511711 0.488556 0.536026 0.827715 0.755886 0.781199 0.946267 0.947359 0.947359 0.947359 0.947359 0.947359 0.947359 0.947359 0.931773 0.860790 0.791361 0.731192 0.687293 0.685556 0.689257 0.744046 0.825224 1.00630 1.24850 1.24214 1.18848 1.18848 1.25782 1.32591 1.39070 1.43404 1.43404 1.43362 1.06820 0.970111 0.968148 0.966183 0.964276 0.963716 0.963716 0.963716 0.959885 0.598314 0.551802 0.631549
0.303386 0.382049 0.460712 0.526966 0.439897 0.278709 0.278709 0.278709 0.281023 0.329471 0.386749 0.434946 0.476007 0.509598 0.516817 0.516817 0.516817 0.516817 0.516817 0.516817 0.496261 0.488301 0.740262 0.766764 0.755886 0.897535 0.947359 0.947359 0.947359 0.935557 0.867873 0.799811 0.739049 0.692124 0.688422 0.690399 0.712004 0.790036 0.871073 0.951041 0.979411 0.979411 0.990273 1.23960 1.25508 1.20083 1.18848 1.20352 1.32249 1.34240 1.42768 1.42571 1.42399 1.27020 0.963716 0.963716 0.963716 0.963716 0.963716 0.963716 0.960743 0.943561 0.742436 0.582931 0.619223
0.534513 0.534513 0.534513 0.535884 0.588880 0.409993 0.431237 0.472844 0.507643 0.516817 0.516817 0.516817 0.516817 0.516817 0.516817 0.516817 0.516817 0.516817 0.516817 0.516817 0.509943 0.488344 0.575182 0.807456 0.755886 0.826333 0.877342 0.808461 0.746951 0.697320 0.690452 0.690509 0.694034 0.754877 0.835913 0.916893 0.976435 0.979411 0.979411 0.979411 0.979411 0.979411 0.972585 1.13484 1.25215 1.22202 1.18319 1.18234 1.26980 1.31820 1.39710 1.42374 1.42374 1.41821 1.02632 0.963716 0.960202 0.942765 0.926207 0.911824 0.900906 0.914536 0.896381 0.616572 0.643339
0.534513 0.534513 0.534513 0.701632 0.763774 0.629528 0.522145 0.845923 0.633996 0.514223 0.516817 0.516817 0.516817 0.516817 0.516817 0.516817 0.516817 0.516817 0.516817 0.516817 0.533588 0.552981 0.589238 0.807480 0.731701 0.699060 0.690342 0.690509 0.690509 0.720497 0.800725 0.881762 0.959217 0.979411 0.979411 0.979411 0.979411 0.971440 0.956006 0.940518 0.925069 0.909597 0.900974 0.978740 1.24890 1.24363 1.18389 1.18230 1.21211 1.31818 1.34992 1.42374 1.41245 1.36294 1.15328 0.911217 0.900692 0.906258 0.936911 0.995628 1.11836 1.23128 1.31412 1.07729 1.05653
