results/OMI_NO2_201008.asc
ncols      200
nrows      200
xllcorner       120.258
yllcorner       41.1236
cellsize     0.0166667
NODATA_Value      -999.000
[rows 58 to 86 of 175, columns 67 to 133 of 200]
1.60199 1.69782 1.70028 1.70028 1.69116 1.66801 1.67284 1.68982 1.74572 1.81641 1.88711 1.93642 1.93817 1.93817 1.93817 1.93800 1.89602 1.65512 1.45322 1.38412 1.37936 1.42989 1.48517 1.54050 1.58798 1.59412 1.59025 1.34360 1.30944 1.60810 1.85193 1.85193 1.85193 1.85193 1.85193 1.85193 1.94371 2.07248 2.07227 2.07142 2.02248 1.93877 1.84486 1.73876 1.62761 1.61837 1.65574 1.67596 1.64883 1.59669 1.52945 1.45143 1.17112 1.13823 1.14975 1.33482 1.58380 1.59289 1.59290 1.59290 1.59290 1.59290 1.59290 1.59290 1.59290 1.61765 1.77526
1.57316 1.65876 1.72743 1.75679 1.79530 1.84818 1.87396 1.87873 1.93646 1.93817 1.93817 1.93817 1.91751 1.84528 1.77060 1.69608 1.67471 1.67100 1.48824 1.54348 1.58939 1.59412 1.59412 1.59412 1.59412 1.59412 1.59412 1.46174 1.30944 1.37679 1.84408 1.85193 1.85193 1.85193 1.85193 1.81532 1.73506 1.86894 1.76495 1.64928 1.60322 1.60857 1.59220 1.56259 1.53288 1.48812 1.42113 1.37124 1.36161 1.31196 1.25502 1.19818 1.16446 1.17882 1.17882 1.22619 1.59246 1.59290 1.59290 1.59290 1.59290 1.59290 1.59290 1.59290 1.59290 1.59788 1.69760
1.75001 1.78601 1.87316 1.87320 1.87320 1.87320 1.87361 1.87402 1.90661 1.86918 1.79453 1.71985 1.67920 1.72939 1.78472 1.84007 1.88396 1.88759 1.64956 1.59412 1.59412 1.59412 1.59412 1.59412 1.59412 1.59412 1.59412 1.57325 1.32009 1.30944 1.68654 1.74445 1.64164 1.52589 1.39457 1.30995 1.32040 1.47243 1.47618 1.44648 1.41685 1.38184 1.36856 1.36856 1.35547 1.30149 1.24465 1.18771 1.13777 1.13054 1.13054 1.13054 1.13755 1.17853 1.17882 1.17882 1.47705 1.59290 1.59290 1.59290 1.59290 1.59290 1.59290 1.59290 1.59290 1.59290 1.62437
1.76384 1.76384 1.84743 1.87320 1.87317 1.85718 1.82699 1.73153 1.68940 1.73253 1.78772 1.84305 1.88506 1.88759 1.88759 1.88759 1.88759 1.88759 1.76040 1.59412 1.59412 1.59412 1.59412 1.59412 1.59412 1.59533 1.61594 1.64043 1.51831 1.45760 1.44331 1.33203 1.35923 1.38573 1.37948 1.35484 1.31923 1.22780 1.31108 1.36856 1.34742 1.29111 1.23417 1.17728 1.13349 1.13054 1.13054 1.13054 1.13054 1.13054 1.13054 1.13054 1.13054 1.16516 1.17882 1.17882 1.31618 1.59290 1.59290 1.59290 1.59290 1.59290 1.59290 1.60895 1.71833 1.84258 1.95176
1.76384 1.75836 1.76676 1.81093 1.79484 1.82196 1.86348 1.84568 1.83494 1.87784 1.88759 1.88759 1.88759 1.88759 1.88759 1.88759 1.88759 1.88759 1.86442 1.60099 1.59412 1.60569 1.63136 1.65400 1.67397 1.69713 1.72108 1.74147 1.72354 1.56905 1.57354 1.41383 1.33582 1.28464 1.26628 1.26624 1.23529 1.17704 1.06110 1.16686 1.13108 1.13054 1.13054 1.13054 1.13054 1.13054 1.13054 1.13054 1.13054 1.13054 1.13054 1.13054 1.13054 1.14477 1.17882 1.17882 1.20163 1.57999 1.59290 1.59880 1.69344 1.81774 1.94199 2.05018 2.06515 2.06515 2.06515
1.71389 1.78633 1.88472 1.92107 1.93525 1.93604 1.93604 1.92206 1.83725 1.85560 1.88759 1.88759 1.88759 1.88759 1.88759 1.88759 1.88866 1.89521 1.90174 1.74462 1.69986 1.72985 1.75030 1.77068 1.79106 1.80549 1.80071 1.76625 1.72738 1.52855 1.44991 1.37481 1.22482 1.16796 1.11104 1.05418 1.02826 1.02826 0.941569 1.09462 1.13054 1.13054 1.13054 1.13054 1.13054 1.13054 1.13054 1.13054 1.13054 1.13054 1.13054 1.13054 1.13054 1.13094 1.17227 1.17929 1.22929 1.60034 1.91714 2.03549 2.06515 2.06515 2.06515 2.06515 2.08722 2.29057 2.53396
2.01952 2.04778 2.04778 1.99732 1.93604 1.93604 1.93604 1.93604 1.86967 1.83900 1.88541 1.88766 1.89245 1.89932 1.90877 1.94109 1.97726 2.01416 2.05524 1.99130 1.80604 1.80604 1.80521 1.77857 1.73970 1.70084 1.66734 1.65854 1.59931 1.47067 1.32518 1.26695 1.03504 1.02826 1.02826 1.02826 1.02826 1.02826 1.00258 0.972852 1.13054 1.13054 1.13054 1.13054 1.13054 1.13054 1.13054 1.13054 1.13054 1.13054 1.13054 1.13054 1.16476 1.24728 1.35188 1.46079 1.50897 1.68863 2.06515 2.06515 2.13230 2.36765 2.61099 2.85460 3.07603 3.11607 3.11607
1.95289 2.04778 2.04778 2.04078 1.94129 1.93604 1.93604 1.93356 1.90235 1.81702 1.90085 1.98618 2.02425 2.06656 2.10880 2.11603 2.11603 2.11603 2.11603 2.08871 1.77279 1.71317 1.67514 1.65714 1.59589 1.52046 1.44503 1.37402 1.35779 1.35664 1.28143 1.27091 1.12478 1.02826 1.02826 1.02826 1.02826 1.02826 1.02826 0.905609 1.11126 1.13054 1.13054 1.13054 1.13054 1.13054 1.13054 1.13054 1.15135 1.23072 1.31736 1.44332 1.54544 1.59914 1.65584 1.75266 1.88309 2.05436 2.64089 2.93163 3.10797 3.11607 3.11607 3.11607 3.11607 3.11607 3.11607
1.88472 2.04580 2.04770 2.04047 1.97894 1.94979 1.97069 1.99696 2.03733 1.97345 1.98006 2.11603 2.11603 2.11603 2.11603 2.10754 2.06041 2.00862 1.95680 1.91604 1.68368 1.51692 1.44149 1.37188 1.35779 1.35779 1.35779 1.35779 1.35779 1.35779 1.31751 1.27091 1.21863 1.02826 1.02826 1.02826 1.02826 1.02826 1.02826 0.958219 0.997766 1.13054 1.13054 1.13054 1.14124 1.24085 1.37707 1.51335 1.62885 1.68573 1.73534 1.74757 1.78814 1.84382 1.89943 2.23968 2.49453 2.49453 2.80162 3.11607 3.11607 3.11607 3.11607 3.11607 3.11607 3.11607 3.11607
1.81280 2.00458 2.14763 2.19295 2.19974 2.07407 2.07313 2.07313 2.07313 2.03691 1.93999 2.08262 2.07686 2.02503 1.97325 1.91820 1.82643 1.72594 1.62540 1.53430 1.48356 1.35782 1.35779 1.35779 1.35779 1.35779 1.35779 1.35779 1.35779 1.35779 1.35149 1.27416 1.26987 1.07136 1.02826 1.02826 1.02826 1.02826 1.02826 1.03716 0.954957 1.30414 1.44711 1.58342 1.70893 1.74564 1.74564 1.75122 1.79836 1.85402 1.90965 1.96337 1.97841 1.97841 1.97841 2.07583 2.49422 2.49453 2.59765 3.11607 3.11607 3.11607 3.11607 3.11607 3.11607 3.11607 3.11607
1.72875 1.86408 2.22212 2.22212 2.22212 2.11666 2.07313 2.07313 2.07373 2.07506 1.87127 1.82210 1.82183 1.72129 1.62068 1.53182 1.51835 1.51835 1.51835 1.51835 1.51835 1.38381 1.35779 1.35779 1.35779 1.35779 1.35779 1.35779 1.35773 1.34787 1.33079 1.26105 1.20977 1.12969 1.08580 1.19648 1.30723 1.46998 1.68979 1.89018 1.69160 1.67227 1.74564 1.75674 1.80858 1.86426 1.91984 1.96994 1.97841 1.97841 1.97841 1.97841 1.97841 1.97841 1.97841 1.97841 2.37521 2.49453 2.49582 2.99571 3.11607 3.11607 3.11607 3.11607 3.11607 3.11607 3.12489
1.72875 1.73881 2.17436 2.22212 2.22227 2.18307 2.07615 2.06119 1.97056 1.87000 1.65559 1.36285 1.50985 1.51835 1.51835 1.51835 1.51835 1.51835 1.51835 1.51835 1.51835 1.43973 1.35779 1.35779 1.35365 1.33737 1.32029 1.30321 1.29440 1.35732 1.44038 1.50781 1.51977 1.61885 1.75474 1.86442 1.97355 2.03074 2.03078 2.04926 1.96820 1.71588 1.92924 1.97464 1.97841 1.97841 1.97841 1.97841 1.97841 1.97841 1.97841 1.97841 1.97841 1.97841 1.97841 1.97841 2.15878 2.49453 2.49453 2.74344 3.11607 3.11607 3.11711 3.22601 3.40589 3.58584 3.75716
1.72875 1.72934 1.97676 2.21229 2.12898 2.03389 1.79519 1.68080 1.67181 1.67181 1.66713 1.38522 1.44753 1.51835 1.51835 1.51835 1.51835 1.51835 1.51835 1.51725 1.49986 1.46329 1.31286 1.32403 1.39328 1.47565 1.55862 1.64173 1.71655 1.73413 1.79810 1.88000 1.89678 1.93921 1.99619 2.05858 2.11416 2.16985 2.22545 2.26263 2.25710 1.83508 1.92318 1.97841 1.97841 1.97841 1.97841 1.97841 1.97841 1.97841 1.97841 1.97841 1.97841 1.97841 1.97841 1.97841 1.99048 2.44654 2.49453 2.60678 3.36652 3.54947 3.72840 3.79978 3.79978 3.79978 3.79978
1.66402 1.59347 1.58492 1.86573 1.85562 1.85562 1.78166 1.67181 1.67181 1.67181 1.67181 1.53284 1.37579 1.51832 1.51835 1.50856 1.48586 1.46365 1.47024 1.49191 1.52516 1.55936 1.64687 1.72873 1.72943 1.72943 1.77199 1.85390 1.93580 2.01297 2.03070 2.01528 1.99065 2.05594 2.12752 2.26356 2.26356 2.26356 2.26356 2.26356 2.26356 2.00490 1.83712 1.97841 1.97841 1.97841 1.97841 1.97841 1.97841 1.97841 1.97841 2.00769 2.07007 2.12511 2.17392 2.22210 2.12887 2.50691 2.87919 2.94701 3.52820 3.79978 3.79978 3.75477 3.46122 3.12925 2.79757
1.45387 1.45387 1.45387 1.75749 1.85562 1.85562 1.84834 1.68489 1.67181 1.67181 1.68469 1.77882 1.61765 1.56313 1.50900 1.53445 1.56770 1.59741 1.60744 1.60744 1.60744 1.60744 1.66278 1.82779 1.90970 1.99160 2.03047 2.01388 1.98892 1.96392 1.93910 1.92956 1.93213 2.09601 2.11924 2.23839 2.26356 2.26356 2.26356 2.26356 2.26356 2.18108 1.78840 1.94116 1.97841 1.97841 1.99465 2.05575 2.11245 2.16267 2.20741 2.24240 2.32147 2.41144 2.48855 2.53289 2.41636 2.38003 2.80067 2.70308 2.75412 3.02333 2.69136 2.40469 2.36642 2.36642 2.36642
1.45387 1.45387 1.45387 1.59613 1.85562 1.85562 1.90806 1.93895 1.99064 2.11254 2.21082 2.22475 2.09931 1.83661 1.60744 1.60744 1.60744 1.60744 1.61341 1.67973 1.76160 1.84348 1.90620 2.00013 1.98751 1.96256 1.93796 1.92956 1.92956 1.92956 1.92956 1.92956 1.92956 2.01812 2.11858 2.17650 2.26356 2.26356 2.26356 2.26356 2.26356 2.26850 1.95051 1.99106 2.15109 2.19710 2.22907 2.23515 2.29794 2.36582 2.43260 2.48792 2.47579 2.45258 2.44213 2.42958 2.36225 2.18305 2.03507 1.82328 1.84608 2.34468 2.36642 2.36642 2.36642 2.36642 2.36642
1.45387 1.46045 1.53746 1.65947 2.19764 2.31621 2.36738 2.34515 2.22509 2.22296 2.22296 2.22296 2.20400 1.97209 1.63175 1.65362 1.73550 1.81737 1.89224 1.88917 1.86419 1.83916 1.81488 1.87281 1.92956 1.92956 1.92956 1.92956 1.92956 1.92956 1.92956 1.92956 1.92956 1.94402 2.11213 2.12888 2.26063 2.29753 2.34079 2.37899 2.41293 2.44045 2.28982 2.07208 2.21860 2.30988 2.37660 2.43928 2.44336 2.44217 2.44146 2.42526 2.40275 2.38025 2.35777 2.34782 2.34620 2.16622 2.05491 1.82041 1.82041 2.13884 2.36642 2.36642 2.36642 2.36642 2.36642
1.77909 1.86992 1.89037 1.89039 2.20058 2.36081 2.36081 2.36081 2.26886 2.22296 2.22296 2.22737 2.24543 2.19892 2.03096 1.88777 1.86280 1.83782 1.81387 1.80758 1.80758 1.80758 1.80758 1.82698 1.92942 1.92956 1.92956 1.92956 1.92956 1.92956 1.92956 1.92956 1.95867 2.04057 2.24012 2.39573 2.44886 2.42872 2.37034 2.30990 2.24512 2.17042 2.08519 1.91322 2.14633 2.44217 2.43999 2.42094 2.39843 2.37592 2.35415 2.34782 2.34782 2.34782 2.34782 2.34782 2.34782 2.25626 2.13338 1.87362 1.82041 1.94748 2.36642 2.36642 2.36642 2.36642 2.36642
1.89039 1.89039 1.89039 1.89039 2.02189 2.36081 2.36081 2.36141 2.34299 2.25631 2.27333 2.26749 2.24345 2.21670 2.12107 1.80831 1.80758 1.80758 1.80758 1.80758 1.80758 1.80758 1.80758 1.80758 1.90282 1.92956 1.92956 1.93811 2.00874 2.09183 2.17489 2.25711 2.27194 2.21250 2.18812 2.28045 2.20306 2.10494 2.08820 2.07363 2.06336 2.06297 2.05844 1.92725 1.88638 2.34171 2.35131 2.34782 2.34782 2.34782 2.34782 2.34782 2.34782 2.34782 2.34782 2.34782 2.34782 2.32850 2.13697 2.00459 1.82041 1.82892 2.30706 2.36642 2.36642 2.36642 2.34180
1.89039 1.89039 1.89039 1.89039 1.90177 2.33385 2.41218 2.51504 2.62565 2.33516 2.19412 2.18962 2.18962 2.18962 2.18061 1.89728 1.80758 1.80758 1.80758 1.80758 1.80758 1.80758 1.80777 1.85501 1.98732 2.14306 2.21561 2.23469 2.18660 2.12612 2.06564 2.00592 1.98455 1.97548 1.96092 2.09082 2.12195 2.07049 2.05528 2.03311 2.01060 1.98808 1.97011 1.91708 1.80959 2.10654 2.34782 2.34782 2.34782 2.34782 2.34782 2.34782 2.34782 2.34782 2.34782 2.34782 2.34782 2.34782 2.20858 2.11872 1.83799 1.82041 2.07164 2.29278 2.23150 2.17011 2.13340
1.89186 1.90740 1.93077 2.02870 2.14663 2.49689 2.82090 2.84184 2.84184 2.60293 2.18962 2.18962 2.18962 2.18962 2.18689 2.04655 1.80758 1.80758 1.82721 1.90620 1.98929 2.06366 2.12480 2.13894 2.12102 2.04282 1.98973 1.98467 1.98467 1.97988 1.96556 1.95099 1.93654 1.93103 1.94142 2.00966 2.06336 2.01372 1.96896 1.96862 1.96862 1.96862 1.96862 1.96441 1.82092 1.87363 2.33884 2.34782 2.34782 2.34782 2.34782 2.34782 2.34782 2.34782 2.35486 2.38430 2.41545 2.44657 2.38265 2.09308 1.87236 1.69760 1.74047 2.13308 2.13308 2.13308 2.14525
2.13504 2.24395 2.34490 2.37142 2.37142 2.43896 2.84034 2.84184 2.84184 2.82499 2.25007 2.18962 2.18962 2.19069 2.21999 2.24141 2.04081 2.08772 2.12938 2.11163 2.08989 2.07680 2.07667 2.07667 2.07667 2.01470 1.97021 1.95564 1.94107 1.93129 1.94244 1.96501 1.98761 2.01018 2.02238 2.02245 2.02535 2.02026 1.96965 1.96862 1.96862 1.96862 1.96862 1.96862 1.87538 1.80959 2.16106 2.34782 2.34782 2.35093 2.37730 2.40845 2.43956 2.47072 2.49336 2.47177 2.44107 2.40466 2.34992 1.96025 1.83227 1.53888 1.54071 2.24151 2.61185 2.83331 3.04240
2.37142 2.37142 2.37142 2.37142 2.37142 2.37142 2.72924 2.84184 2.84184 2.85179 2.56384 2.26156 2.28163 2.30059 2.29136 2.26597 2.15491 2.07667 2.07667 2.07667 2.07667 2.07646 2.06686 2.05229 2.03772 1.99909 1.94349 1.96606 1.98866 2.01123 2.02240 2.02240 2.02240 2.02240 2.02240 2.02240 2.02398 2.02570 1.98688 1.96862 1.96862 1.96862 1.96862 1.96862 1.93480 1.83206 1.97306 2.43230 2.46368 2.49174 2.49630 2.47654 2.42836 2.37503 2.32313 2.29310 2.27048 2.25358 2.27391 2.13176 1.98134 2.01593 2.12601 2.50986 3.09177 3.09177 3.09177
2.37142 2.37142 2.37142 2.37142 2.37191 2.40235 2.62615 2.90586 2.92591 2.93603 2.85771 2.27886 2.26191 2.26191 2.26191 2.26187 2.22564 2.07745 2.07136 2.05694 2.04236 2.02812 2.03654 2.05911 2.08169 2.10315 2.03201 2.02240 2.02240 2.02240 2.02240 2.02240 2.02240 2.02240 2.02240 2.02240 2.02270 2.02562 2.00959 1.96862 1.98410 2.01524 2.04635 2.07751 2.10761 1.98254 1.94811 2.32190 2.39778 2.34447 2.29133 2.25774 2.25266 2.25279 2.28366 2.33783 2.39202 2.44622 2.47915 2.43590 2.11275 2.11865 2.13444 2.22264 3.08618 3.09177 3.09177
2.38414 2.44116 2.50204 2.56292 2.62330 2.65375 2.66755 2.90196 2.91413 2.91413 2.91413 2.50115 2.26191 2.26191 2.25408 2.19359 2.15329 2.07746 2.03774 2.06017 2.08275 2.10522 2.11440 2.11440 2.11440 2.11440 2.06532 2.02240 2.02240 2.02240 2.02240 2.02240 2.02240 2.02240 2.02240 2.01885 2.00276 1.98766 1.97116 2.08047 2.11721 2.11657 2.11579 2.11813 2.13427 2.02182 1.88824 2.00721 2.25266 2.25447 2.29376 2.34793 2.40212 2.45615 2.47949 2.47949 2.47949 2.47949 2.47949 2.47949 2.22107 2.11176 2.13185 2.13444 2.79002 3.09177 3.09177
2.65130 2.65517 2.65517 2.65517 2.65517 2.65517 2.65517 2.81601 2.91413 2.91413 2.91406 2.74529 2.15362 2.08355 2.03630 2.04909 2.07529 2.19903 2.11440 2.11440 2.11440 2.11440 2.11440 2.11440 2.11440 2.11440 2.09960 2.02249 2.02240 2.02240 2.02186 2.00946 1.99227 1.97507 1.95787 1.94394 1.94207 1.94201 1.94382 2.02689 2.12726 2.14566 2.16421 2.17964 2.18126 2.15295 1.95244 2.00732 2.35936 2.46459 2.47949 2.47949 2.47949 2.47949 2.47949 2.47949 2.47949 2.47949 2.47949 2.47949 2.36765 2.11142 2.12259 2.13444 2.43054 3.09177 3.09177
2.65517 2.65517 2.65517 2.65517 2.65517 2.65517 2.65517 2.70436 2.83566 2.76424 2.63528 2.51321 2.14141 2.09488 2.10226 2.10226 2.10226 2.18077 2.12969 2.11440 2.11440 2.11440 2.11440 2.11440 2.11440 2.11440 2.10801 2.01863 1.98176 1.96455 1.94731 1.94173 1.94095 1.94017 1.93939 1.93889 1.94704 1.96556 1.98671 2.02319 2.17868 2.19204 2.24253 2.29672 2.35092 2.39975 2.19818 2.12615 2.27098 2.47949 2.47949 2.47949 2.47949 2.47949 2.47949 2.47949 2.47949 2.47949 2.47949 2.47949 2.46885 2.14067 2.11354 2.13388 2.17785 3.06348 3.17988
2.65517 2.65517 2.65517 2.65394 2.60682 2.53611 2.41269 2.26672 2.39295 2.34101 2.30981 2.30981 2.23993 2.10226 2.10226 2.10226 2.10226 2.11197 2.18358 2.11440 2.11440 2.11249 2.09768 2.08048 2.06296 2.04411 2.03152 1.99272 1.93983 1.93908 1.93888 1.93888 1.94241 1.95961 1.97814 1.99669 2.00707 2.03615 2.11685 2.13596 2.30831 2.40440 2.40810 2.40810 2.40810 2.40810 2.30198 2.12615 2.13975 2.45243 2.47949 2.47949 2.47949 2.47949 2.47949 2.47949 2.47949 2.46795 2.37578 2.26801 2.16030 2.08226 2.15888 2.23134 2.29685 2.96454 3.41968
2.63484 2.56661 2.44924 2.29031 2.17719 2.08769 2.05085 2.05085 2.17566 2.30981 2.30981 2.30981 2.30628 2.12528 2.10226 2.10226 2.10226 2.03527 1.98816 2.06722 2.05037 2.03329 2.02913 2.02735 2.02589 2.02576 2.02576 2.01974 1.94217 1.95365 1.97219 1.99074 2.00575 2.03983 2.13691 2.23578 2.33468 2.40454 2.40225 2.25152 2.28745 2.40810 2.40810 2.40810 2.40810 2.40810 2.39395 2.13799 2.12615 2.30777 2.47949 2.47949 2.47677 2.40134 2.29357 2.18580 2.07809 1.98221 1.99346 2.03652 2.08462 2.20969 2.48733 2.57551 2.67594 2.91602 3.47576
