results/OMI_NO2_200506.asc
ncols      200
nrows      200
xllcorner       120.258
yllcorner       41.1236
cellsize     0.0166667
NODATA_Value      -999.000
[rows 112 to 139 of 165, columns 65 to 129 of 200]
2.62362 2.67859 2.70967 2.70369 2.61340 2.51944 2.47665 2.45204 2.46122 2.47725 2.49328 2.51149 2.69999 2.71595 2.71600 2.37149 2.24803 2.24803 2.28149 2.50320 2.52938 2.52938 2.52938 2.52486 2.59794 2.73120 2.83479 3.03060 3.06953 3.13082 3.37403 3.36733 3.25707 3.07761 2.87551 2.62410 2.70945 3.52211 4.56206 4.57603 4.57620 4.57620 4.57620 4.57620 4.57620 4.57620 4.56184 4.45713 4.19626 3.85925 3.76289 3.66639 3.56988 3.47347 3.37049 3.21612 3.02167 3.07363 3.07457 3.07457 3.07457 3.07449 2.97549 2.94832 2.94569
2.56665 2.56308 2.54061 2.51475 2.50296 2.48181 2.50793 2.50942 2.50942 2.50942 2.50942 2.50942 2.62394 2.71600 2.71600 2.55832 2.24359 2.23960 2.23757 2.37942 2.48101 2.47502 2.46636 2.46222 2.49696 2.67943 2.74678 2.92950 2.96903 2.78589 2.92741 2.66910 2.45951 2.31254 2.14224 2.04078 2.18726 2.70711 4.54754 4.40686 4.27327 4.13994 4.00645 3.87266 3.73927 3.60568 3.48665 3.45787 3.42791 3.23391 3.22206 3.21178 3.20136 3.19102 3.17379 3.11806 2.81552 2.78061 2.76043 2.74884 2.73725 2.72566 2.63643 2.48321 2.47135
2.42244 2.47025 2.51915 2.54479 2.53867 2.50406 2.51396 2.51772 2.51699 2.51453 2.51207 2.50966 2.53596 2.70991 2.70950 2.69395 2.27622 2.24247 2.24424 2.27519 2.48008 2.49328 2.49503 2.49679 2.47992 2.52358 2.39691 2.25215 2.01386 1.83251 1.76581 1.73478 1.79087 1.84686 1.90282 1.95908 2.03621 2.53876 3.10504 3.25847 3.25847 3.25847 3.25847 3.25847 3.25847 3.25847 3.25847 3.25847 3.25847 3.12113 3.09349 3.09349 3.09349 3.09349 3.09253 3.07244 2.81831 2.71602 2.69212 2.65291 2.57032 2.48766 2.40616 2.46260 2.47026
2.58179 2.62175 2.66962 2.71310 2.69088 2.54420 2.53573 2.54017 2.53897 2.53948 2.53990 2.54036 2.54083 2.68762 2.74775 2.74775 2.49690 2.28375 2.28375 2.27555 2.44105 2.42899 2.29051 2.11129 1.91440 1.89395 1.83909 1.83761 1.92702 2.00208 2.10550 2.15375 2.15375 2.15375 2.15375 2.15375 2.15375 2.47705 2.87895 3.25549 3.25847 3.25847 3.25847 3.25847 3.25847 3.25847 3.25847 3.25847 3.25847 3.16039 3.09349 3.09349 3.09349 3.09349 3.09253 3.02406 2.78168 2.50924 2.38817 2.32308 2.29644 2.26980 2.24317 2.26566 2.27533
2.87670 2.88021 2.79366 2.80688 2.81249 2.55632 2.52876 2.54117 2.54117 2.54117 2.54117 2.54117 2.54117 2.60033 2.74775 2.75057 2.69269 2.29686 2.23910 2.12302 1.95349 1.94894 1.89239 1.86554 1.86554 1.91328 1.96456 1.99464 2.06163 2.08660 2.10496 2.15375 2.15375 2.15375 2.15375 2.15375 2.15375 2.33023 2.69778 3.22440 3.25847 3.25847 3.25847 3.25847 3.25847 3.25847 3.25847 3.25060 3.23659 3.18002 3.08919 3.00819 2.90763 2.80698 2.70735 2.63454 2.51289 2.21002 2.13721 2.13308 2.13407 2.13507 2.13607 2.14788 2.20820
2.88049 2.88049 2.82517 2.79433 2.82062 2.61733 2.52535 2.54087 2.54924 2.56571 2.58217 2.59863 2.61509 2.62822 2.77821 2.73689 2.63028 2.05562 1.79032 1.74932 1.72887 1.81816 1.87288 1.87406 1.87527 1.90819 1.99857 2.02832 2.08350 2.08660 2.08988 2.15283 2.15643 2.16135 2.16610 2.17066 2.17501 2.21144 2.58658 2.99855 3.14980 3.13882 3.12310 3.09368 3.06433 3.03575 2.99693 2.90132 2.79964 2.69926 2.63052 2.61149 2.61149 2.61149 2.61149 2.60237 2.51724 2.23827 2.14442 2.13708 2.13708 2.13708 2.13708 2.13708 2.18936
2.88169 2.90540 2.91487 2.87713 2.90324 2.77829 2.64419 2.68464 2.71261 2.72064 2.70118 2.65053 2.59237 2.53031 2.47830 2.32359 2.15585 1.87944 1.74894 1.75777 1.75222 1.80145 1.92156 1.93037 1.93920 1.95912 2.10336 2.12065 2.14765 2.15179 2.15578 2.20020 2.21181 2.21181 2.21934 2.25570 2.29500 2.33423 2.45272 2.64342 2.93725 2.94558 2.91126 2.83170 2.74904 2.66638 2.59473 2.58506 2.58506 2.58506 2.60521 2.61149 2.61149 2.61149 2.61149 2.61149 2.53732 2.33828 2.14979 2.10059 2.07008 2.03946 2.00884 1.97833 1.95521
3.14451 3.15707 3.15949 3.07110 3.02765 2.95083 2.72810 2.68678 2.67519 2.60459 2.45891 2.30415 2.13929 1.96002 1.83695 1.84284 1.85166 1.86047 1.86449 1.86449 1.85843 1.84514 1.99559 2.00183 2.00183 2.00183 2.13850 2.19328 2.23412 2.27357 2.31281 2.38013 2.44165 2.48092 2.51266 2.51552 2.51552 2.51552 2.45235 2.45331 2.76237 2.65152 2.58886 2.58506 2.58506 2.58506 2.58506 2.58506 2.58506 2.58506 2.57764 2.52829 2.46458 2.40093 2.33738 2.27363 2.16502 2.02913 1.91162 1.87760 1.87760 1.87760 1.87760 1.87760 1.87776
3.35178 3.37446 3.39683 3.34937 3.29077 3.18563 2.63139 2.24561 2.09918 1.91467 1.86449 1.86449 1.86449 1.86449 1.86449 1.86449 1.86449 1.86449 1.86449 1.86464 1.86471 1.90899 2.06344 2.14608 2.17747 2.20888 2.37020 2.46339 2.46450 2.46515 2.46515 2.48121 2.51552 2.51552 2.51552 2.51552 2.51552 2.51552 2.49707 2.37317 2.71755 2.59608 2.55974 2.49650 2.43451 2.37579 2.31711 2.25831 2.19967 2.14094 2.10934 2.13314 2.13810 2.14303 2.14794 2.15289 2.14196 2.06708 2.01131 2.06998 2.08159 2.09336 2.10537 2.11751 2.12978
3.43741 3.35666 3.22129 3.03896 2.77404 2.57837 2.29012 1.91869 1.86630 1.86449 1.86449 1.86401 1.86230 1.86064 1.85898 1.85721 1.85556 1.85390 1.85218 1.85035 1.85388 1.98969 2.14267 2.25231 2.25924 2.26594 2.37303 2.54715 2.55892 2.57093 2.58201 2.59571 2.60807 2.61413 2.60503 2.55184 2.49600 2.44002 2.38414 2.21077 2.28572 2.26518 2.19419 2.19879 2.20204 2.20208 2.20208 2.20208 2.20208 2.20208 2.20275 2.22745 2.22851 2.22851 2.22851 2.22851 2.22848 2.14700 2.09042 2.23485 2.25080 2.25080 2.25844 2.28420 2.31408
2.75554 2.68000 2.65298 2.62354 2.46147 2.36931 2.25544 2.01249 1.88863 1.88731 1.89449 1.90200 1.91086 1.91961 1.92845 1.93719 1.94607 1.95479 1.96365 1.97236 1.97575 2.03723 2.20213 2.35105 2.35385 2.35385 2.41642 2.65043 2.58849 2.52798 2.46590 2.40382 2.31615 2.24942 2.20261 2.19987 2.19987 2.19987 2.19987 2.12743 2.11933 2.27484 2.20255 2.20208 2.20208 2.20208 2.20208 2.20208 2.20208 2.20208 2.20208 2.22127 2.22851 2.22851 2.22851 2.22851 2.22851 2.17610 2.11702 2.21646 2.32000 2.35529 2.38291 2.38501 2.38633
2.19180 2.15884 2.12594 2.09295 2.13706 2.14682 2.15970 2.18628 1.98074 1.97575 1.97575 1.97575 1.97575 1.97575 1.97575 1.97575 1.97575 1.97575 1.97575 1.97068 1.96038 1.95576 2.14279 2.13589 2.07234 2.02268 1.98465 2.22156 2.22831 2.22978 2.23007 2.23007 2.21182 2.19987 2.19987 2.19987 2.19987 2.19987 2.19987 2.17242 2.06085 2.27538 2.22296 2.20208 2.20208 2.20208 2.20208 2.20208 2.20208 2.20208 2.20208 2.21443 2.22470 2.21380 2.21290 2.21716 2.22188 2.20111 2.11522 2.11625 2.23584 2.21834 2.20066 2.18205 2.16320
2.06956 2.06956 2.06956 2.06956 2.10232 2.16922 2.11345 2.27015 1.98300 1.97575 1.97575 1.97485 1.96629 1.95601 1.94570 1.93541 1.92510 1.91482 1.90451 1.89929 1.89929 1.89929 2.04037 2.05297 1.96975 1.96975 1.96975 2.16610 2.22831 2.22932 2.23007 2.23007 2.21905 2.19987 2.19987 2.19987 2.19987 2.20565 2.21874 2.23169 2.11886 2.26640 2.32516 2.26999 2.28051 2.29111 2.30062 2.30913 2.31771 2.32748 2.35489 2.31925 2.05216 2.06100 2.06385 2.06383 2.06383 2.06260 1.98109 1.95058 2.07742 2.07742 2.07742 2.07742 2.07742
2.06956 2.06956 2.06956 2.06956 2.06769 2.14647 2.09372 2.24942 2.03302 1.93689 1.91043 1.90103 1.89929 1.89929 1.89929 1.89929 1.89929 1.89929 1.89929 1.89929 1.89929 1.89929 1.97212 2.08279 1.93541 1.91496 1.89517 1.99944 2.08540 2.12951 2.34201 2.35526 2.36469 2.35140 2.36466 2.37779 2.39098 2.39849 2.39833 2.39801 2.31302 2.32472 2.47457 2.36181 2.34750 2.34871 2.36976 2.39716 2.42760 2.45958 2.46744 2.46241 2.08856 2.06383 2.06383 2.06383 2.06383 2.06383 2.00729 1.94434 2.07156 2.07742 2.09210 2.12959 2.16729
2.14256 2.14655 2.15052 2.15451 2.16405 2.25750 2.31681 2.44036 2.34834 2.02762 1.87176 1.85351 1.83699 1.82063 1.80440 1.78835 1.77243 1.75663 1.74097 1.72559 1.71019 1.69492 1.69154 1.87669 1.77719 1.75277 1.75563 1.76072 1.89030 1.92186 2.42081 2.42830 2.42797 2.40093 2.39713 2.39681 2.39648 2.39616 2.39600 2.39600 2.35444 2.24655 2.46155 2.43163 2.43356 2.46331 2.46744 2.46744 2.46744 2.46744 2.46744 2.46744 2.18751 2.06390 2.07330 2.08934 2.10540 2.12147 2.10837 2.06033 2.26595 2.37341 2.39646 2.39669 2.39669
2.15833 2.13393 2.10965 2.08560 2.06169 2.06999 2.10678 2.13679 2.18873 1.97540 1.78036 1.78186 1.78186 1.78186 1.78186 1.78186 1.78186 1.78186 1.78186 1.78186 1.78186 1.78186 1.78149 1.90809 1.90281 1.83994 1.83973 1.74649 1.88838 1.88806 2.30835 2.42619 2.42619 2.40676 2.39600 2.39600 2.39600 2.39600 2.39600 2.39600 2.39331 2.24508 2.40185 2.46744 2.46744 2.46775 2.47862 2.49469 2.51074 2.52680 2.54286 2.55868 2.39418 2.17637 2.17678 2.17059 2.16442 2.15824 2.14767 2.05898 2.21775 2.39669 2.39669 2.39669 2.39669
1.95832 1.95832 1.95832 1.95832 1.95832 1.96322 2.04667 2.06065 2.21802 2.04843 1.78449 1.78186 1.78186 1.78186 1.78186 1.78033 1.77585 1.77128 1.76673 1.76216 1.75761 1.75304 1.74967 1.83934 1.95492 1.86231 1.86934 1.79092 1.85958 1.85256 2.11914 2.36673 2.35453 2.34108 2.33797 2.33179 2.32563 2.31942 2.31515 2.31243 2.30968 2.20370 2.26022 2.44689 2.45680 2.46637 2.46528 2.45911 2.45295 2.44678 2.44054 2.43458 2.36101 2.02941 2.02941 2.02941 2.02941 2.02941 2.02941 1.96562 2.06233 2.39669 2.39669 2.39669 2.39669
2.10040 2.10704 2.11379 2.12072 2.12736 2.13721 2.21461 2.25498 2.37277 2.26465 2.02372 1.96089 1.95651 1.95153 1.94672 1.94375 1.94344 1.94301 1.94305 1.94281 1.94251 1.94248 1.94146 1.95365 2.13558 2.02738 2.00185 1.95895 1.70796 1.62079 1.75894 2.16361 2.16705 2.18208 2.24611 2.24955 2.25298 2.25639 2.25789 2.25789 2.25789 2.20504 2.13059 2.43132 2.43301 2.43301 2.43301 2.43301 2.43301 2.43301 2.43301 2.43301 2.43108 2.06331 2.03190 2.04950 2.06918 2.08827 2.10689 2.09110 2.09332 2.51957 2.53579 2.55057 2.56486
2.34483 2.36688 2.39204 2.41723 2.44237 2.46442 2.46693 2.43514 2.38144 2.25691 2.04372 1.90965 1.90965 1.90965 1.90965 1.90965 1.90965 1.90965 1.90965 1.90965 1.90965 1.90965 1.90964 1.90960 2.07099 2.05969 2.00970 1.99259 1.78717 1.64487 1.66272 2.16565 2.18570 2.18597 2.25211 2.25789 2.25789 2.25789 2.25789 2.26145 2.29052 2.31601 2.20562 2.48363 2.57796 2.60455 2.63038 2.65529 2.67970 2.70327 2.72624 2.74843 2.77024 2.57428 2.35779 2.30680 2.30680 2.30666 2.29893 2.27964 2.30353 2.69346 2.80051 2.83165 2.86279
2.50313 2.50624 2.50624 2.50624 2.50624 2.50624 2.50048 2.43476 2.40490 2.30144 2.11224 1.90965 1.90965 1.90965 1.90965 1.90963 1.90957 1.90951 1.90945 1.90939 1.90933 1.90927 1.90922 1.90921 2.00393 2.09787 2.01819 2.01601 1.85077 1.64731 1.64731 2.03949 2.37048 2.46255 2.53175 2.57639 2.60083 2.62447 2.64766 2.66781 2.67106 2.67106 2.57373 2.64443 2.76406 2.74302 2.72201 2.70087 2.68002 2.65804 2.61653 2.56767 2.51883 2.50504 2.48670 2.37431 2.36204 2.34997 2.34548 2.34548 2.53000 2.86314 3.07938 3.07938 3.07938
2.50624 2.50624 2.50624 2.50624 2.50624 2.50624 2.50624 2.45234 2.43223 2.33665 2.17665 1.92088 1.90937 1.90931 1.90925 1.90921 1.90921 1.90921 1.90921 1.90921 1.90921 1.90921 1.90921 1.90921 1.93741 2.11949 2.02852 2.01900 1.93654 1.68540 1.70489 1.89958 2.30205 2.48154 2.48642 2.49721 2.47611 2.45532 2.43422 2.41314 2.39214 2.37073 2.29232 2.21980 2.41648 2.38863 2.36084 2.33299 2.30509 2.27827 2.27080 2.27080 2.27080 2.30867 2.49235 2.34548 2.34548 2.34548 2.34548 2.34548 2.45936 2.74681 3.07938 3.07938 3.07938
2.48704 2.48407 2.48481 2.48557 2.48632 2.48710 2.48790 2.45413 2.37284 2.16511 1.99400 1.91084 1.90921 1.90921 1.91523 1.92866 1.94211 1.95561 1.96905 1.98251 1.99598 2.00943 2.02276 2.03532 2.04776 2.23269 2.22367 2.19347 2.16186 1.95706 1.92180 1.89539 1.93434 2.29739 2.30572 2.34397 2.33668 2.32939 2.32210 2.31482 2.30753 2.30053 2.27095 2.00320 2.23245 2.27080 2.27080 2.27080 2.27080 2.27080 2.27080 2.27080 2.27080 2.27098 2.49730 2.35895 2.34548 2.34431 2.33244 2.31792 2.34667 2.58434 3.24947 3.31999 3.35926
2.40081 2.40103 2.38817 2.37473 2.36134 2.34792 2.33451 2.31153 2.22322 2.03390 1.97480 2.02649 2.03897 2.05146 2.05797 2.05703 2.05607 2.05509 2.05415 2.05320 2.05221 2.05127 2.05048 2.05040 2.05040 2.15600 2.23154 2.15163 2.13616 1.98000 1.88282 1.87250 1.75724 2.22519 2.24197 2.29618 2.29868 2.29868 2.29868 2.29868 2.29868 2.29868 2.29868 2.06749 2.14878 2.27080 2.27080 2.27080 2.27080 2.26929 2.25693 2.24247 2.22793 2.21345 2.36105 2.31805 2.24465 2.23136 2.22874 2.22833 2.22583 2.42784 3.20893 3.43427 3.43885
2.23880 2.22938 2.22884 2.22884 2.22884 2.22884 2.22884 2.22884 2.16203 2.03643 1.92589 2.05040 2.05040 2.05040 2.05040 2.05040 2.05040 2.05040 2.05101 2.07100 2.10020 2.12938 2.15856 2.18776 2.21698 2.24083 2.21234 2.11862 2.10807 1.99127 1.85122 1.85122 1.76286 2.11765 2.26031 2.28951 2.28668 2.28331 2.27993 2.27654 2.27310 2.27218 2.29551 2.18597 2.09761 2.17011 2.15223 2.13438 2.11647 2.10008 2.09456 2.09118 2.08779 2.08437 2.17706 2.25786 2.14891 2.14548 2.14209 2.13911 2.13868 2.27258 3.04922 3.54202 3.54202
2.25770 2.26053 2.26350 2.26635 2.26919 2.27209 2.27501 2.27785 2.24083 2.15915 1.96257 2.10291 2.16429 2.21063 2.25769 2.30553 2.35413 2.40346 2.45282 2.48259 2.50269 2.52320 2.54401 2.56529 2.58672 2.60859 2.57969 2.51908 2.49934 2.51431 2.26432 2.29219 2.24963 2.45051 2.73508 2.49107 2.29519 2.32818 2.36114 2.39415 2.42711 2.45764 2.46392 2.41696 2.16490 2.07242 2.06400 2.06400 2.06400 2.06400 2.06400 2.06400 2.06400 2.06400 2.09414 2.29096 2.13868 2.13868 2.13868 2.13868 2.13864 2.20173 2.75711 3.53354 3.54159
2.35511 2.35521 2.35530 2.35539 2.35186 2.34174 2.33145 2.32117 2.31700 2.43109 2.54480 2.72546 2.79696 2.79696 2.79696 2.79696 2.79696 2.79696 2.79696 2.79696 2.79696 2.79696 2.79696 2.79696 2.79696 2.79696 2.79330 2.79858 2.68993 2.78714 2.59593 2.64086 2.66995 2.67787 3.02849 2.85546 2.46392 2.46392 2.46392 2.46392 2.46392 2.46392 2.46392 2.46392 2.21091 2.09869 2.05484 2.04975 2.04472 2.03967 2.03459 2.02955 2.02451 2.01942 2.01439 2.22920 2.14822 2.13732 2.13722 2.13712 2.13707 2.14604 2.59404 3.54620 3.70078
2.32013 2.30976 2.29939 2.28902 2.28227 2.28213 2.28213 2.28213 2.28213 2.45326 2.56093 2.68129 2.79696 2.79696 2.79696 2.79696 2.79696 2.79696 2.79951 2.86797 2.96583 3.06341 3.16127 3.25899 3.35686 3.45450 3.50576 3.43191 2.88587 2.92916 2.84541 2.80830 2.83240 2.71598 2.98579 2.96236 2.43804 2.42438 2.41930 2.41426 2.40922 2.40414 2.39910 2.39405 2.22860 2.05855 1.98817 1.98889 1.99239 1.99618 1.99998 2.00375 2.00756 2.01615 2.04643 2.17979 2.19133 2.17507 2.19700 2.21885 2.24075 2.25921 2.59326 3.64542 3.89226
2.28213 2.28213 2.28213 2.28213 2.28213 2.28213 2.28213 2.28213 2.28213 2.38767 2.53865 2.65646 2.90844 3.00750 3.10522 3.20309 3.30196 3.40520 3.50408 3.53693 3.54128 3.54552 3.54966 3.55367 3.55760 3.56141 3.56444 3.51933 3.16535 3.06055 3.10761 3.04125 3.04057 2.96177 2.93615 2.94894 2.50301 2.40788 2.41165 2.41546 2.41924 2.42303 2.42683 2.43061 2.36587 2.14257 2.07973 2.10821 2.13769 2.16693 2.19620 2.22542 2.25469 2.27913 2.28183 2.30783 2.31553 2.24982 2.24982 2.24982 2.24982 2.24982 2.41894 3.37050 3.89186
