results/OMI_NO2_200507.asc
ncols      200
nrows      200
xllcorner       120.258
yllcorner       41.1236
cellsize     0.0166667
NODATA_Value      -999.000
[rows 87 to 115 of 165, columns 0 to 66 of 200]
1.84934 1.84934 1.81393 1.76762 1.82704 1.88460 1.91905 2.01210 2.04769 2.08175 2.09364 2.09364 2.09364 2.09364 2.09364 2.09364 2.09665 2.10665 2.11356 2.11254 2.14639 2.27007 2.23389 2.20454 2.22790 2.24309 2.24918 2.10349 2.03563 2.03377 1.92976 1.90774 2.01700 2.03765 2.04307 2.04868 2.05729 2.07727 2.09831 2.12537 2.14932 2.24893 2.38135 2.37303 2.21074 2.21074 2.21074 2.21074 2.20560 2.18555 2.16474 2.16286 2.19660 2.21258 2.18815 2.19917 2.21055 2.11639 2.02047 1.97423 1.92456 1.89486 2.08919 2.10458 2.10458 2.10458 2.10220
1.87498 1.84934 1.84934 1.74982 1.82704 1.87734 1.93750 1.98132 2.05010 2.06368 2.09364 2.09384 2.10018 2.10832 2.11641 2.12394 2.13030 2.14587 2.17543 2.21567 2.28818 2.35310 2.30797 2.21918 2.22453 2.23414 2.26362 2.22089 2.06414 2.06593 2.00548 1.95098 2.03420 2.12338 2.14439 2.16546 2.18190 2.18310 2.18453 2.19700 2.21332 2.24136 2.25832 2.31545 2.10394 2.05929 2.03836 2.01743 2.02552 2.08022 2.13967 2.21387 2.26228 2.21590 2.06257 1.99579 1.95755 1.92356 1.85914 1.85544 1.85186 1.81653 1.96235 2.04540 2.04141 2.03733 2.03513
1.95014 1.84934 1.84934 1.76968 1.81378 1.84738 1.93750 1.93989 2.05889 2.08759 2.14166 2.16327 2.17001 2.18934 2.21778 2.24280 2.26569 2.26876 2.26083 2.25290 2.26475 2.36524 2.42229 2.27025 2.26929 2.28462 2.32557 2.36077 2.19547 2.17374 2.16940 2.08052 2.10093 2.22693 2.24030 2.25081 2.26134 2.27187 2.28095 2.28262 2.29146 2.29156 2.13742 2.21335 2.14661 2.10893 2.17526 2.23761 2.26043 2.24395 2.15849 2.11650 2.07325 2.07325 2.00247 1.92196 1.91893 1.90385 1.84022 1.83335 1.83335 1.81805 1.87920 2.01560 2.04043 2.05210 2.06417
2.03077 1.86246 1.85077 1.83921 1.82870 1.90699 2.01441 2.03740 2.14219 2.22177 2.25122 2.26352 2.28855 2.29662 2.29559 2.30010 2.30492 2.30970 2.32040 2.33859 2.35898 2.44293 2.58031 2.53364 2.54557 2.56041 2.59562 2.65420 2.57033 2.41665 2.41637 2.33702 2.33219 2.42357 2.47238 2.47758 2.48257 2.48750 2.49255 2.49767 2.54477 2.63006 2.61104 2.67465 2.69527 2.46033 2.44096 2.42654 2.42653 2.42653 2.36525 2.30034 2.09175 2.07325 2.04988 1.93892 1.91948 1.89937 1.87284 1.87510 1.88813 1.89599 1.90268 2.08008 2.13976 2.12612 2.08757
2.70937 2.48853 2.32486 2.33584 2.08861 2.13524 2.22065 2.28518 2.34774 2.43778 2.43499 2.38642 2.37149 2.36577 2.36009 2.35450 2.34887 2.34323 2.33168 2.31274 2.30969 2.38373 2.53868 2.62266 2.67789 2.67314 2.67477 2.73167 2.72978 2.49132 2.46568 2.40172 2.37221 2.40567 2.50253 2.50270 2.55703 2.66712 2.77280 2.88296 2.95613 2.97194 2.86016 2.71447 2.71432 2.47156 2.42653 2.42653 2.42552 2.42103 2.39077 2.28825 2.12660 2.04862 2.04383 1.94877 1.88957 1.87503 1.88548 1.97502 2.02533 2.07562 2.08852 1.98211 1.94399 1.91304 1.91219
2.83329 2.85835 2.64487 2.81892 2.53184 2.18212 2.19011 2.23679 2.23978 2.32346 2.33350 2.31314 2.30601 2.30608 2.30608 2.30608 2.30608 2.30608 2.30608 2.30608 2.30608 2.36840 2.47920 2.58438 2.68249 2.67314 2.67314 2.71100 2.73372 2.58434 2.43964 2.40238 2.45229 2.58190 2.80549 2.91566 2.94364 2.90026 2.88877 2.92141 2.91891 2.92397 2.89735 2.68246 2.67361 2.52463 2.37164 2.36464 2.35861 2.35611 2.35329 2.24605 2.13299 2.04085 2.08053 2.07928 2.00221 2.05101 2.12512 2.25203 2.26201 2.26201 2.23882 2.04684 1.92971 1.95140 1.97505
3.13280 3.15536 3.16868 3.18019 3.06506 2.26415 2.21631 2.27040 2.27040 2.30434 2.34752 2.33838 2.30608 2.30608 2.30608 2.30351 2.29877 2.29407 2.28936 2.28466 2.27996 2.31998 2.38706 2.51358 2.61314 2.59801 2.59967 2.62376 2.68100 2.69584 2.67313 2.76677 2.83873 2.91930 2.84348 2.76117 2.74636 2.73158 2.71953 2.77185 2.75839 2.82980 2.85781 2.67801 2.62780 2.58645 2.36259 2.40415 2.44605 2.48798 2.52983 2.47263 2.40444 2.25536 2.25536 2.25158 2.11586 2.08704 2.13625 2.21585 2.30616 2.35288 2.39320 2.32378 2.01191 2.03936 2.07623
3.20404 3.20477 3.20477 3.20477 3.20477 2.47721 2.20749 2.21125 2.20312 2.20720 2.27152 2.27363 2.23542 2.22274 2.21804 2.21591 2.21591 2.21591 2.21591 2.21444 2.20881 2.24035 2.29747 2.44690 2.56064 2.65824 2.67672 2.68668 2.74666 2.74906 2.75157 2.74766 2.71843 2.79914 2.79671 2.68919 2.68505 2.68505 2.68505 2.73233 2.75211 2.78982 2.84753 2.73260 2.60994 2.60615 2.60778 2.60864 2.60864 2.60864 2.60864 2.54621 2.44755 2.26987 2.28104 2.29356 2.24690 2.19100 2.32037 2.44134 2.65953 2.69363 2.70660 2.48571 2.30582 2.32450 2.36196
3.20477 3.20477 3.20477 3.20477 3.20477 2.83392 2.21800 2.18240 2.16896 2.16896 2.22631 2.25738 2.24101 2.21591 2.21591 2.21408 2.21936 2.22617 2.23148 2.22202 2.23864 2.26351 2.33820 2.43506 2.58277 2.65413 2.65038 2.65038 2.68038 2.70617 2.70933 2.72653 2.70903 2.75965 2.80228 2.72344 2.67565 2.67240 2.66916 2.69103 2.73139 2.74054 2.83178 2.78195 2.63043 2.64293 2.65729 2.67214 2.68467 2.69714 2.70959 2.70134 2.56379 2.41383 2.38085 2.39145 2.40226 2.38126 2.46855 2.53453 2.73150 2.74943 2.76687 2.61888 2.52354 2.51442 2.53390
3.20477 3.20477 3.20477 3.20477 3.20477 3.09499 2.30766 2.19226 2.16896 2.16896 2.19675 2.26087 2.25385 2.19956 2.18079 2.17101 2.17868 2.19433 2.22174 2.26995 2.30344 2.32444 2.41100 2.45046 2.52300 2.64489 2.65038 2.64858 2.64812 2.70093 2.69841 2.70943 2.70014 2.69898 2.76999 2.73286 2.62901 2.61854 2.60807 2.60321 2.64042 2.62836 2.69513 2.71909 2.72840 2.72963 2.73014 2.73385 2.73389 2.73387 2.72652 2.72255 2.67946 2.58696 2.53132 2.53498 2.54069 2.52868 2.56404 2.65555 2.83535 2.94258 2.94258 2.83565 2.65386 2.63113 2.63577
2.96750 2.95465 2.94201 2.92960 2.91739 2.90538 2.36418 2.05370 1.99211 1.94735 1.90828 2.02180 2.11657 2.15024 2.20859 2.25233 2.27413 2.28894 2.29301 2.29066 2.30389 2.37583 2.41887 2.43334 2.44958 2.54153 2.54559 2.52540 2.51487 2.60263 2.61361 2.60662 2.59548 2.57393 2.63343 2.65321 2.55412 2.53068 2.52946 2.52826 2.56143 2.56902 2.61171 2.66922 2.67187 2.65530 2.64892 2.65061 2.64920 2.64705 2.65013 2.64947 2.64866 2.60908 2.54082 2.54082 2.54082 2.54032 2.53345 2.65566 2.74290 2.90711 2.88889 2.84672 2.61683 2.55907 2.55502
2.73427 2.73209 2.65656 2.52313 2.40379 2.29651 2.12473 1.81108 1.82299 1.86110 1.89744 1.98144 2.15793 2.17077 2.22530 2.22892 2.22387 2.21685 2.20994 2.20305 2.19657 2.28341 2.34786 2.41272 2.41919 2.46974 2.45531 2.45531 2.45531 2.51077 2.57224 2.57226 2.57398 2.55427 2.58006 2.63298 2.58383 2.51285 2.51285 2.50914 2.51061 2.51850 2.52865 2.60904 2.61141 2.63104 2.63917 2.64644 2.64866 2.64866 2.64866 2.64866 2.65003 2.63544 2.54903 2.55232 2.55562 2.55892 2.54421 2.67581 2.69369 2.80460 2.79736 2.76519 2.55496 2.42479 2.31971
2.33406 2.23210 2.18755 2.19289 2.19848 2.22164 2.24564 2.04434 1.96491 1.97020 1.95053 1.96114 2.11450 2.16030 2.20136 2.20777 2.20590 2.20590 2.20590 2.20590 2.20590 2.27640 2.33075 2.41446 2.41446 2.46005 2.45558 2.45531 2.45531 2.46993 2.57172 2.57220 2.57306 2.55690 2.54735 2.59828 2.57862 2.47776 2.47681 2.48369 2.50769 2.53562 2.52996 2.59296 2.60781 2.61317 2.61134 2.61785 2.61844 2.61564 2.61268 2.60979 2.60544 2.59845 2.48333 2.46989 2.44497 2.41081 2.37194 2.48087 2.53197 2.58622 2.59707 2.59627 2.48315 2.35403 2.20282
2.19574 2.20006 2.20336 2.20247 2.18061 2.18403 2.18808 2.10866 1.93901 1.91992 1.89310 1.88973 2.01418 2.14099 2.16235 2.20590 2.20590 2.20590 2.20590 2.20590 2.20592 2.25894 2.32296 2.43352 2.44502 2.47946 2.50861 2.51106 2.51874 2.51964 2.60482 2.62858 2.62375 2.51006 2.39279 2.40964 2.42502 2.43906 2.45904 2.47393 2.48859 2.50516 2.52552 2.53278 2.51963 2.52603 2.52877 2.53561 2.54147 2.53872 2.51729 2.49373 2.47018 2.44658 2.31872 2.25051 2.24119 2.24119 2.24119 2.33385 2.47511 2.52374 2.59627 2.59627 2.54732 2.37628 2.24329
2.12381 2.09207 2.06037 2.02926 2.01895 2.02733 2.10374 2.11219 1.93696 1.98272 1.98170 1.97956 2.04475 2.23056 2.26477 2.33139 2.34760 2.35711 2.36664 2.37616 2.38569 2.41967 2.50282 2.57183 2.56370 2.52968 2.53985 2.48768 2.53985 2.55823 2.61908 2.70656 2.71987 2.64177 2.43830 2.46537 2.54500 2.55409 2.56098 2.56098 2.56098 2.56098 2.56098 2.54084 2.45745 2.41214 2.36870 2.32285 2.32673 2.39395 2.39182 2.39182 2.39182 2.39182 2.31803 2.24119 2.24115 2.24085 2.24050 2.28622 2.47343 2.48410 2.59302 2.60635 2.63201 2.72699 2.74026
2.01895 2.01895 2.01895 2.01895 2.01895 2.01895 2.07539 2.10641 1.99917 2.05433 2.07779 2.06902 2.09360 2.23133 2.32452 2.35707 2.38943 2.38943 2.38708 2.35470 2.31473 2.28077 2.34918 2.40332 2.46308 2.48952 2.50735 2.48567 2.56179 2.66417 2.67612 2.79476 2.79734 2.77729 2.48322 2.47997 2.53172 2.53055 2.48858 2.44145 2.39264 2.34378 2.29488 2.26073 2.22620 2.21924 2.22726 2.22718 2.24234 2.38392 2.39062 2.39032 2.39002 2.38971 2.34745 2.23801 2.23769 2.23763 2.21767 2.17993 2.51681 2.60330 2.76030 2.83902 2.86536 2.93411 2.94910
2.01895 2.01895 2.01895 2.01895 2.01895 2.01895 2.03568 2.10595 2.06339 2.01502 2.07983 2.06995 2.07057 2.15658 2.28486 2.27190 2.32138 2.31720 2.31345 2.32993 2.35018 2.37216 2.49595 2.56030 2.63215 2.63215 2.59440 2.52261 2.52549 2.65322 2.65343 2.72014 2.70557 2.65839 2.36113 2.25422 2.21897 2.20388 2.18685 2.17183 2.15172 2.13176 2.11201 2.09236 2.05369 2.01426 2.12054 2.14651 2.14788 2.24207 2.28868 2.28441 2.28036 2.33337 2.34668 2.15322 2.10551 2.05459 2.02403 2.02461 2.42387 2.71432 2.78163 2.86577 2.86577 2.90285 2.97279
2.04231 2.04589 2.04952 2.05323 2.05695 2.06072 2.06455 2.13268 2.16067 2.03957 2.16985 2.21714 2.27197 2.38844 2.44139 2.42409 2.46766 2.49225 2.48461 2.48546 2.49024 2.49522 2.39402 2.32667 2.43152 2.42321 2.40688 2.33623 2.30626 2.37128 2.39898 2.35360 2.28536 2.27189 2.10185 1.96283 1.94932 1.93805 1.93751 1.94385 1.94382 1.94337 1.94292 1.94245 1.93617 1.90546 1.97845 2.04899 2.04319 2.08033 2.14463 2.10885 2.07119 2.09904 2.21520 2.05230 2.02461 2.02461 2.02461 2.02461 2.20267 2.71036 2.73359 2.86826 2.88583 2.91413 3.04464
2.15388 2.15388 2.15388 2.14978 2.10411 2.07664 2.10157 2.14846 2.21545 2.31380 2.41548 2.40842 2.40455 2.39842 2.45112 2.38590 2.42122 2.52157 2.52168 2.51908 2.51375 2.50842 2.41581 2.27299 2.36370 2.37650 2.37870 2.29943 2.16697 2.20120 2.29767 2.29399 2.21699 2.21321 2.12717 1.93110 1.93110 1.92847 1.92583 1.93013 1.93338 1.93338 1.93269 1.92365 1.90274 1.82540 1.80136 1.86678 1.82515 1.86078 2.01520 2.02617 2.02617 2.05117 2.20981 2.09670 2.03222 2.04231 2.05295 2.06421 2.15830 2.81817 3.01105 3.06176 3.06557 3.06312 3.13019
2.05357 2.03728 2.04870 2.06264 2.11026 2.14230 2.10415 2.06606 2.09490 2.16729 2.29331 2.31625 2.34368 2.34689 2.45257 2.39367 2.37597 2.48588 2.50089 2.49811 2.49811 2.49811 2.46581 2.27329 2.34518 2.38110 2.38110 2.35592 2.17754 2.16785 2.28120 2.29767 2.24312 2.21321 2.19498 1.93324 1.92931 1.92571 1.91322 1.90080 1.86754 1.81895 1.77095 1.73131 1.70352 1.68336 1.66679 1.79698 1.81348 1.84310 1.98780 2.06273 2.07382 2.08633 2.30676 2.26986 2.15794 2.16281 2.16763 2.16205 2.14172 2.57765 2.88820 2.83296 2.76209 2.68833 2.71204
2.09639 2.12481 2.13500 2.14547 2.15543 2.16726 2.19772 2.23080 2.26180 2.27227 2.27858 2.33233 2.35229 2.35760 2.39871 2.40452 2.36180 2.42228 2.49811 2.49811 2.49811 2.49811 2.49800 2.29288 2.32097 2.38110 2.38092 2.36850 2.20929 2.14186 2.19882 2.26174 2.22953 2.15068 2.13497 1.94381 1.84434 1.78020 1.72586 1.67182 1.72098 1.73730 1.73612 1.73488 1.73360 1.72895 1.72332 1.82788 1.89364 1.89879 2.02209 2.15928 2.15908 2.14213 2.27632 2.28167 2.07381 2.03236 1.99093 1.95986 1.96528 2.16216 2.61915 2.64598 2.63832 2.63832 2.65739
2.29648 2.30107 2.30048 2.29933 2.29818 2.29702 2.29587 2.29509 2.29507 2.29973 2.23843 2.27949 2.27062 2.26076 2.25586 2.30561 2.24153 2.23443 2.34234 2.33334 2.31929 2.30517 2.29121 2.14040 2.09893 2.19436 2.18728 2.20059 2.14053 2.04197 2.07307 2.06110 2.01652 1.89730 1.84982 1.77652 1.70222 1.65437 1.64803 1.64141 1.67232 1.72849 1.72849 1.72849 1.72849 1.72849 1.72991 1.79917 1.93273 1.95365 2.03882 2.03520 1.99278 1.98212 2.07821 2.18823 1.96762 1.98360 2.00990 2.03320 2.05151 2.17181 2.50758 2.72630 2.75673 2.78686 2.78607
2.29613 2.29517 2.29507 2.29507 2.29507 2.29507 2.29507 2.29507 2.29507 2.29507 2.22224 2.08096 2.05735 2.03662 2.03662 2.10090 2.10330 2.09431 2.17925 2.23062 2.23062 2.23194 2.25747 2.19690 2.12288 2.28631 2.31152 2.28389 2.21702 1.98967 1.94718 1.91452 1.90722 1.84303 1.79819 1.77624 1.71771 1.63656 1.63472 1.63472 1.64170 1.74460 1.77136 1.79227 1.81321 1.83412 1.85361 1.86572 2.01835 2.02295 2.05256 2.06541 2.02050 2.04960 2.13720 2.32505 2.22965 2.21704 2.24131 2.26542 2.28740 2.37199 2.68080 2.79356 2.69998 2.56026 2.45856
2.29507 2.29507 2.29507 2.29507 2.29507 2.29507 2.29507 2.29507 2.29507 2.29507 2.25912 2.11192 2.06265 2.03821 2.03662 2.07155 2.11394 2.11548 2.18211 2.34044 2.38911 2.43852 2.42031 2.29669 2.06621 2.13972 2.14766 2.14617 2.14617 1.98758 1.93255 1.92327 1.90677 1.88135 1.80377 1.81916 1.77393 1.74365 1.73798 1.76231 1.78122 1.83580 1.88494 1.90489 1.92499 1.94504 1.96502 1.98509 2.10439 2.15958 2.18374 2.27301 2.18757 2.18970 2.20033 2.43044 2.32973 2.29829 2.34559 2.39198 2.43047 2.41352 2.55681 2.36114 2.27368 2.26758 2.26371
2.29507 2.29507 2.29507 2.29507 2.29507 2.29507 2.29507 2.29507 2.29507 2.29507 2.28742 2.14278 2.08791 2.10215 2.13070 2.17207 2.27958 2.28951 2.26763 2.32061 2.27049 2.21006 2.19202 2.18546 1.92392 2.00805 2.08648 2.08455 2.08561 2.00089 1.89077 1.90202 1.90776 1.93840 1.92526 1.94101 1.90405 1.89883 1.87463 1.89915 1.92536 1.94845 1.99070 1.99173 1.99263 1.99486 2.00879 2.02448 2.08872 2.16294 2.16408 2.22410 2.18449 2.20941 2.25185 2.56474 2.53247 2.43786 2.43786 2.43786 2.43486 2.28582 2.40322 2.38091 2.26340 2.26340 2.26340
2.29507 2.29507 2.29507 2.29507 2.29507 2.29507 2.29515 2.29975 2.30707 2.31438 2.32242 2.22608 2.17843 2.20012 2.17227 2.14634 2.18414 2.19004 2.19181 2.19261 2.19261 2.19261 2.19831 2.22944 2.00503 2.03173 2.19785 2.22376 2.24660 2.24016 2.14036 2.16059 2.14862 2.13833 2.11271 2.08982 2.04991 2.01824 1.98482 1.97495 1.97495 1.97495 2.01288 2.04315 2.05644 2.06791 2.08068 2.10394 2.16924 2.32288 2.37820 2.43281 2.42311 2.36247 2.36247 2.56318 2.61427 2.43786 2.43786 2.43786 2.43786 2.35046 2.36034 2.43378 2.27966 2.26340 2.26340
2.29507 2.29508 2.29917 2.30668 2.32482 2.34999 2.37640 2.39916 2.41984 2.43124 2.43773 2.28075 2.07022 2.11464 2.12428 2.14490 2.19902 2.28330 2.31832 2.35324 2.38815 2.42317 2.45237 2.45611 2.24606 2.11361 2.28738 2.28885 2.28885 2.28885 2.18468 2.16410 2.15841 2.13833 2.12983 2.08982 2.06763 2.01824 2.00390 1.97495 1.97621 1.99551 2.03665 2.14066 2.20011 2.25534 2.29997 2.33198 2.33673 2.43124 2.45000 2.45000 2.45922 2.36247 2.36389 2.49652 2.67814 2.47196 2.46485 2.47126 2.47761 2.46686 2.35930 2.43421 2.33849 2.25271 2.24886
2.38475 2.41398 2.44333 2.47175 2.48401 2.46985 2.44193 2.40914 2.37099 2.34657 2.33694 2.35259 2.29201 2.38112 2.44824 2.49151 2.52229 2.45955 2.45611 2.45611 2.45611 2.45611 2.45611 2.45611 2.32757 2.10109 2.25957 2.28885 2.28885 2.28885 2.22230 2.16410 2.16411 2.14378 2.14149 2.10695 2.11486 2.09113 2.12227 2.19695 2.28855 2.35786 2.41597 2.39345 2.39600 2.40077 2.40559 2.41035 2.41518 2.48089 2.53803 2.54281 2.56855 2.50157 2.48355 2.54501 2.83690 2.61920 2.57098 2.56714 2.56329 2.55946 2.43647 2.41528 2.41096 2.28415 2.30538
2.46303 2.43088 2.38895 2.34012 2.29116 2.32491 2.39695 2.46902 2.54105 2.61321 2.67793 2.68756 2.53527 2.48031 2.53002 2.53261 2.53521 2.49218 2.46882 2.47141 2.47400 2.47660 2.47919 2.48178 2.44371 2.12701 2.24538 2.31459 2.31644 2.31828 2.28339 2.15990 2.13080 2.16163 2.29650 2.34919 2.38277 2.45199 2.49819 2.50302 2.50302 2.50302 2.50302 2.47189 2.44305 2.44286 2.44286 2.44286 2.44286 2.47026 2.54424 2.51872 2.49629 2.48685 2.46867 2.47034 2.80217 2.65715 2.55479 2.55511 2.56972 2.59197 2.56795 2.48272 2.49281 2.34262 2.26722
