results/OMI_NO2_2005_06-08.asc
ncols      200
nrows      200
xllcorner       120.258
yllcorner       41.1236
cellsize     0.0166667
NODATA_Value      -999.000
[rows 87 to 115 of 165, columns 0 to 66 of 200]
1.82329 1.81054 1.77664 1.71368 1.74276 1.75104 1.74131 1.76217 1.76103 1.77227 1.77804 1.80276 1.80192 1.77040 1.76328 1.73660 1.71315 1.74551 1.78926 1.80428 1.80855 1.82448 1.77227 1.77889 1.80075 1.80820 1.80087 1.72371 1.68583 1.69543 1.69952 1.69072 1.72373 1.76584 1.74724 1.74972 1.74204 1.67118 1.59099 1.62176 1.62996 1.63957 1.72184 1.70735 1.64338 1.70186 1.65304 1.74353 1.78876 1.77091 1.73297 1.71840 1.75106 1.75185 1.73794 1.79723 1.85435 1.84499 1.81289 1.84994 1.82313 1.81555 1.85699 1.81433 1.82786 1.82821 1.84998
1.93206 1.87569 1.88377 1.77965 1.80131 1.81476 1.80291 1.81953 1.82487 1.84119 1.83763 1.84243 1.82727 1.79100 1.76682 1.75582 1.77325 1.78878 1.83144 1.86095 1.87620 1.89788 1.85800 1.85318 1.86742 1.87868 1.84877 1.81362 1.75249 1.75461 1.78381 1.76807 1.80234 1.86199 1.84761 1.85517 1.86530 1.79976 1.69257 1.72477 1.73551 1.71302 1.75288 1.76520 1.68937 1.71248 1.67337 1.73665 1.76594 1.76965 1.79003 1.81980 1.84807 1.79448 1.69354 1.68753 1.67789 1.70055 1.69698 1.78296 1.79847 1.78976 1.82530 1.79208 1.80783 1.80698 1.80020
2.00461 1.90982 1.92120 1.84134 1.80487 1.80007 1.77192 1.75827 1.76531 1.78115 1.80115 1.83331 1.83136 1.82193 1.82260 1.83301 1.83874 1.85338 1.89649 1.98661 1.99655 2.03202 2.03456 1.98207 1.95725 1.95930 1.90788 1.91257 1.85353 1.86139 1.88057 1.84999 1.83831 1.90970 1.88264 1.87674 1.87020 1.80858 1.73323 1.76002 1.76247 1.74684 1.72356 1.71281 1.67803 1.69726 1.69487 1.78413 1.82676 1.79971 1.75577 1.71939 1.66961 1.63042 1.62359 1.63921 1.63750 1.66454 1.68336 1.73699 1.80282 1.78802 1.80191 1.77571 1.82149 1.82300 1.82080
2.03820 1.89501 1.86722 1.82604 1.74965 1.78956 1.82478 1.83001 1.86793 1.91780 1.93228 1.95685 1.95394 1.94137 1.92737 1.92212 1.91163 1.91393 1.95071 2.01688 2.03203 2.02979 2.06654 2.02140 1.99851 1.99143 1.97515 2.00127 1.99582 1.93175 1.94565 1.90847 1.87279 1.94129 1.93339 1.94640 1.95492 1.91092 1.81922 1.82466 1.82881 1.82272 1.85696 1.84712 1.85078 1.79275 1.75705 1.81586 1.83109 1.78334 1.75416 1.74759 1.65535 1.62724 1.61842 1.63769 1.63518 1.64657 1.69604 1.71761 1.80910 1.80198 1.77718 1.76742 1.81249 1.79289 1.76588
2.47057 2.25229 2.10079 2.06368 1.88444 1.93253 1.95672 1.96467 1.99501 2.04998 2.05206 2.06095 2.04188 2.03578 2.03676 2.01298 1.99534 1.97115 1.99270 2.02961 2.02528 2.03371 2.09669 2.08927 2.07111 2.03616 2.00758 1.98839 2.04206 1.92994 1.94600 1.91511 1.87693 1.92661 1.93856 1.95071 1.96173 1.94589 1.86306 1.91592 1.93420 1.88490 1.87875 1.79837 1.80222 1.72952 1.69193 1.75306 1.81026 1.75310 1.73910 1.72447 1.65210 1.61399 1.62039 1.64950 1.64720 1.64482 1.68452 1.67995 1.73491 1.81541 1.80991 1.74284 1.77873 1.78292 1.76322
2.56594 2.48992 2.26739 2.28948 2.10020 1.94723 1.96041 1.96882 1.98548 2.03856 2.04650 2.06074 2.03656 2.02926 2.03110 2.00708 1.99452 1.94894 1.97166 2.01029 1.99523 1.98885 2.02516 2.03478 2.02509 1.99925 2.00764 2.00642 2.04055 1.96556 1.90706 1.88206 1.90098 2.00090 2.08130 2.15562 2.16765 2.09151 1.94969 1.95357 1.93931 1.86669 1.88233 1.81194 1.83886 1.80517 1.73593 1.74343 1.79539 1.73744 1.74177 1.72128 1.67014 1.62838 1.64641 1.70238 1.67588 1.66220 1.72645 1.71692 1.73812 1.80196 1.80245 1.71044 1.71512 1.72893 1.70784
2.69276 2.59349 2.46673 2.37738 2.25933 1.97581 1.97934 1.98992 1.99926 2.02659 2.02492 2.03044 1.99625 1.97726 1.97588 1.94268 1.93828 1.86827 1.90693 1.94039 1.91969 1.91432 1.93084 1.95865 1.94425 1.94083 1.95707 1.99023 2.01553 2.01639 1.98350 2.01605 2.01549 2.10017 2.02617 2.02952 2.01768 1.96780 1.83536 1.82826 1.85698 1.82181 1.86227 1.79415 1.83121 1.85374 1.78764 1.80866 1.88508 1.83930 1.85870 1.83579 1.77778 1.70472 1.70811 1.73536 1.71101 1.68952 1.73792 1.75381 1.77209 1.79693 1.85415 1.77397 1.75164 1.78607 1.78052
2.57175 2.50739 2.38234 2.30045 2.24336 2.00360 1.95000 1.92796 1.92994 1.93633 1.93933 1.94929 1.91043 1.89457 1.90858 1.87021 1.87537 1.81899 1.84202 1.87262 1.85855 1.83972 1.86676 1.89408 1.85473 1.88195 1.90595 1.93955 1.94272 1.93419 1.93344 1.91467 1.86630 1.93565 1.86810 1.84996 1.84852 1.84167 1.73126 1.70297 1.76137 1.72756 1.77546 1.74405 1.75482 1.77765 1.79316 1.78785 1.84213 1.85150 1.87206 1.83987 1.78412 1.72770 1.73384 1.74881 1.75608 1.73324 1.75131 1.79935 1.85666 1.86033 1.98757 1.89847 1.91106 1.93419 1.92400
2.44209 2.44290 2.25995 2.16472 2.09379 1.97567 1.84627 1.81127 1.83365 1.85150 1.85218 1.87876 1.85983 1.85151 1.87489 1.84699 1.86356 1.83486 1.83964 1.84498 1.84923 1.83207 1.87492 1.89377 1.89209 1.92453 1.94708 1.94468 1.95820 1.94709 1.96391 1.90791 1.89971 1.96089 1.92345 1.91011 1.90579 1.91228 1.78198 1.73101 1.77485 1.74903 1.78468 1.79661 1.80999 1.82430 1.89060 1.88072 1.90747 1.94406 1.96568 1.92496 1.83348 1.77897 1.76040 1.74636 1.74887 1.75513 1.78409 1.84788 1.89900 1.87959 1.96624 1.94607 1.98053 2.01930 2.00614
2.12715 2.08706 1.93672 1.87348 1.85370 1.85865 1.76395 1.74752 1.77191 1.80577 1.80703 1.86669 1.86056 1.85653 1.86529 1.83066 1.83960 1.81632 1.80964 1.82956 1.85204 1.81511 1.83092 1.84153 1.81551 1.85058 1.88124 1.86620 1.86508 1.83914 1.84740 1.83967 1.83038 1.88081 1.87017 1.85105 1.84908 1.87273 1.76551 1.70471 1.72481 1.73364 1.78292 1.83544 1.88389 1.88491 1.93000 1.91564 1.90552 1.84269 1.87958 1.85110 1.81073 1.76378 1.77891 1.78305 1.78864 1.82210 1.85945 1.90259 2.01236 1.99764 2.02806 2.04480 2.04060 2.05998 2.05761
2.06792 2.02872 1.99218 1.93161 1.90099 1.93847 1.81899 1.77994 1.77187 1.76194 1.73572 1.79683 1.81501 1.83412 1.85384 1.83156 1.84990 1.84261 1.82301 1.82704 1.84458 1.84553 1.83288 1.85892 1.81732 1.84866 1.90320 1.87033 1.89270 1.88458 1.89194 1.88984 1.86663 1.90217 1.90735 1.92184 1.89611 1.91081 1.84655 1.76385 1.77143 1.76593 1.81809 1.87745 1.90878 1.89995 1.92945 1.89455 1.89867 1.79929 1.87790 1.84885 1.84395 1.82408 1.89002 1.92601 1.92620 1.95901 1.95937 1.96214 2.05443 2.07025 2.10648 2.14181 2.17428 2.17919 2.17056
2.02061 2.11165 2.12173 1.94454 1.84861 1.82459 1.77693 1.73194 1.74641 1.76749 1.78605 1.84355 1.90659 1.92156 1.94520 1.91279 1.91427 1.90950 1.87201 1.86247 1.86950 1.87365 1.86841 1.86163 1.82083 1.82519 1.87643 1.86829 1.87608 1.86606 1.87201 1.87277 1.86838 1.89136 1.86790 1.86221 1.84270 1.84713 1.80294 1.73440 1.69789 1.64182 1.69528 1.75707 1.77773 1.78397 1.84501 1.84343 1.90526 1.83478 1.92811 1.92430 1.98548 1.93957 1.95845 1.99997 2.00102 2.05502 2.08647 2.08932 2.15471 2.17004 2.19305 2.18290 2.21973 2.19473 2.15097
1.93419 2.03772 2.07394 1.91983 1.83464 1.82045 1.88586 1.86085 1.85289 1.85181 1.84165 1.84880 1.89331 1.91362 1.92186 1.88129 1.87398 1.85591 1.81498 1.80344 1.81019 1.82608 1.84183 1.84954 1.83421 1.83122 1.88325 1.87623 1.86640 1.85677 1.88206 1.88729 1.89029 1.90897 1.86641 1.85981 1.82813 1.81047 1.78318 1.73254 1.71350 1.65492 1.73430 1.82168 1.84196 1.86685 1.90793 1.91790 1.99815 1.94930 1.98944 1.97562 2.07458 2.07429 2.11135 2.18399 2.16349 2.14046 2.06650 2.01602 2.06119 2.08547 2.09948 2.07157 2.12040 2.10870 2.03892
1.88239 2.02526 2.04679 1.93079 1.82120 1.79647 1.84268 1.84840 1.80286 1.79577 1.78107 1.78041 1.81473 1.86260 1.85875 1.82704 1.81340 1.80193 1.78118 1.75429 1.76286 1.77215 1.82593 1.85082 1.84941 1.87019 1.90061 1.89104 1.89241 1.84701 1.87702 1.86810 1.86843 1.87019 1.80076 1.78349 1.78874 1.81167 1.79752 1.76676 1.76282 1.73941 1.84227 1.98282 2.02804 2.02464 2.08385 2.08570 2.17129 2.16371 2.15752 2.08336 2.12189 2.10456 2.05869 2.09222 2.07694 2.04971 2.00867 1.92235 1.98441 2.00122 2.04823 2.02613 2.04499 2.05865 1.99696
1.71996 1.96139 1.96943 1.92503 1.80686 1.76302 1.79838 1.82508 1.78796 1.80849 1.79622 1.78889 1.78983 1.85376 1.85335 1.83957 1.83745 1.83444 1.82887 1.82915 1.84673 1.84226 1.88554 1.87705 1.85656 1.86594 1.87620 1.84355 1.87506 1.82624 1.86206 1.87295 1.87119 1.87731 1.74352 1.72656 1.73807 1.78449 1.80652 1.78270 1.80232 1.86455 1.94889 2.07494 2.06887 2.03855 2.05068 2.00573 2.04317 2.06331 2.03074 1.97907 2.01742 2.02682 2.02364 2.00923 2.01412 1.98825 2.01010 1.91347 1.97745 1.99632 2.05668 2.06473 2.07476 2.20059 2.21295
1.51486 1.91795 1.92721 1.91999 1.76644 1.74962 1.74118 1.76270 1.73998 1.76643 1.77710 1.78813 1.79278 1.85717 1.86952 1.85574 1.87412 1.86772 1.86911 1.85046 1.86194 1.82855 1.84426 1.84639 1.85722 1.89418 1.88793 1.86487 1.91372 1.89052 1.92454 1.97213 1.97199 2.01925 1.88425 1.85107 1.87293 1.91577 1.93563 1.90480 1.90545 1.92542 1.99566 2.04631 2.04738 2.01636 2.02168 2.03787 2.06497 2.06791 2.04215 1.94297 2.00149 2.01380 2.04642 1.99228 2.03820 2.00927 2.03623 1.94872 2.01784 2.03554 2.10914 2.13132 2.13135 2.19543 2.22128
1.09241 1.88762 1.91280 1.88534 1.72189 1.68557 1.64465 1.68225 1.70632 1.73084 1.76294 1.77473 1.77299 1.81802 1.84766 1.83844 1.86760 1.86440 1.85650 1.83235 1.86342 1.85443 1.87313 1.88250 1.87046 1.87718 1.84079 1.77961 1.79884 1.84215 1.96628 2.03599 2.03966 2.04688 1.94181 1.87058 1.85902 1.83908 1.85652 1.81803 1.82277 1.80909 1.89472 1.90442 1.88317 1.83412 1.87877 1.90240 1.94000 1.91131 1.93840 1.80749 1.87317 1.91855 1.97384 1.89534 1.95940 1.94015 1.94460 1.89071 1.92708 1.95928 2.00039 2.01744 2.02047 2.03558 2.12836
0.921217 1.76004 1.82005 1.82373 1.72741 1.67159 1.64365 1.66904 1.72127 1.71621 1.77636 1.80051 1.80335 1.85040 1.83439 1.82476 1.83944 1.83227 1.81323 1.79608 1.82892 1.82176 1.77272 1.72788 1.75832 1.76165 1.77793 1.73697 1.74217 1.74503 1.92261 1.92287 1.95123 1.94677 1.94227 1.86974 1.85670 1.83843 1.86097 1.83297 1.85193 1.82616 1.90979 1.92604 1.87708 1.84056 1.89553 1.94704 1.98762 1.99034 1.98794 1.85637 1.90739 1.92051 1.98095 1.91278 1.91652 1.91748 1.92148 1.87956 1.88522 2.00838 2.04495 2.09060 2.07805 2.08180 2.14398
0.920262 1.70754 1.81023 1.83728 1.86839 1.73818 1.71283 1.72024 1.76292 1.75028 1.82078 1.83546 1.81937 1.83086 1.81551 1.77639 1.78422 1.80993 1.79048 1.77191 1.79906 1.79398 1.78508 1.71111 1.76536 1.71374 1.71266 1.65824 1.62871 1.59033 1.79704 1.84491 1.82937 1.84658 1.85175 1.81013 1.77262 1.79145 1.80780 1.79229 1.81661 1.78787 1.83922 1.91096 1.85313 1.82455 1.87210 1.94159 1.95771 1.95323 1.99141 1.87522 1.94442 1.95357 2.02601 1.99402 1.90802 1.93811 1.96300 1.91210 1.89327 2.03650 2.12040 2.15474 2.16902 2.15847 2.16925
1.71659 1.74688 1.81984 1.89908 1.97054 1.82447 1.76666 1.73506 1.77200 1.74760 1.80504 1.82806 1.81424 1.81796 1.81179 1.76127 1.76656 1.82308 1.84404 1.86096 1.90699 1.91855 1.90215 1.78374 1.82647 1.77687 1.78824 1.73651 1.69186 1.66918 1.80473 1.89793 1.88158 1.88741 1.86896 1.81815 1.81473 1.81713 1.84032 1.84016 1.86039 1.80471 1.79833 1.85424 1.84896 1.80874 1.85112 1.92435 1.94061 1.95684 2.02519 2.02479 2.12096 2.13590 2.19311 2.12837 1.94978 1.89896 1.89974 1.84829 1.85408 2.02082 2.15927 2.15402 2.15068 2.11172 2.10292
1.70084 1.73961 1.76722 1.83792 1.93717 1.84632 1.78590 1.76654 1.79310 1.78667 1.76679 1.77841 1.78018 1.80834 1.80718 1.80693 1.83096 1.83956 1.87045 1.87860 1.92999 1.93589 1.94903 1.86386 1.89363 1.85651 1.83635 1.74495 1.68560 1.64590 1.72220 1.91689 1.90769 1.88913 1.89231 1.86806 1.85396 1.81932 1.84519 1.81061 1.85730 1.84524 1.82380 1.87424 1.92007 1.87549 1.94586 2.02798 2.05358 2.05200 2.08298 2.09733 2.11381 2.11312 2.15980 2.10066 1.94734 1.81959 1.84729 1.79245 1.81422 1.89611 2.07586 2.09536 2.11617 2.12160 2.10660
1.76387 1.79542 1.84008 1.89153 2.01108 1.99589 1.90281 1.88027 1.88085 1.91147 1.84662 1.85970 1.86130 1.86320 1.83491 1.84018 1.85976 1.84146 1.88967 1.88237 1.89007 1.86354 1.84351 1.79925 1.83000 1.81091 1.78169 1.69422 1.66360 1.63967 1.65186 1.87112 1.87525 1.84101 1.86107 1.87617 1.91255 1.88710 1.90646 1.89176 1.98515 2.02247 2.03817 2.05820 2.03269 1.95189 1.99638 2.05599 2.07124 2.07151 2.14076 2.12882 2.09326 2.09040 2.10682 2.10902 1.97538 1.88784 1.88550 1.85886 1.87633 1.90051 2.02727 2.08870 2.09017 2.10580 2.07225
1.72208 1.75924 1.81911 1.84869 1.96055 1.99254 1.97290 1.97629 1.93038 1.95101 1.86241 1.78161 1.73921 1.73147 1.72038 1.72367 1.75346 1.73535 1.78160 1.79508 1.80489 1.79065 1.77435 1.76589 1.79678 1.85599 1.83651 1.73192 1.73454 1.65516 1.65209 1.78993 1.86282 1.85975 1.89352 1.93579 2.03232 2.04225 2.02170 2.04895 2.06364 2.08314 2.10355 2.07660 2.00737 1.93235 1.98154 2.01495 2.00124 1.98263 2.05581 2.06755 2.04575 2.03027 2.05472 2.10314 2.02152 1.97181 1.90428 1.88816 1.93709 1.95302 2.04590 2.07267 2.02416 1.99876 1.97334
1.68787 1.72646 1.78004 1.73720 1.85730 2.01768 2.01725 1.94046 1.89647 1.90617 1.85534 1.76328 1.70131 1.69133 1.70169 1.69482 1.72053 1.70208 1.75136 1.79491 1.84782 1.85254 1.81999 1.81288 1.77328 1.82768 1.88894 1.80539 1.84944 1.82765 1.85369 1.91381 1.99652 2.03277 2.03173 2.05503 2.12375 2.17202 2.13529 2.14414 2.13715 2.13288 2.15178 2.10710 2.07387 1.95457 2.01346 1.99814 1.98667 1.97063 2.03734 2.06517 2.03613 2.00447 2.01470 2.06768 2.02647 1.98127 1.90691 1.86456 1.93793 1.95311 1.98022 1.93047 1.89933 1.91862 1.96106
1.71652 1.74980 1.83441 1.79808 1.82161 2.02391 2.03429 1.98013 1.93507 1.89960 1.88453 1.76317 1.70937 1.70136 1.72426 1.72566 1.78122 1.75991 1.79551 1.83050 1.84522 1.80663 1.76732 1.84341 1.82809 1.90205 2.03987 2.06165 2.05482 2.04505 2.02557 2.02364 2.09870 2.20389 2.23610 2.24739 2.27792 2.28143 2.23546 2.20698 2.20388 2.17739 2.20131 2.14310 2.16072 2.02017 2.11946 2.09527 2.04041 2.06200 2.11364 2.16126 2.14438 2.10793 2.08790 2.14227 2.12767 2.06126 2.05235 1.99003 2.03555 1.99433 2.00720 2.02615 1.96664 1.96414 2.00366
1.70357 1.69248 1.76793 1.74400 1.74401 1.85197 1.93060 1.91631 1.89288 1.83319 1.86133 1.82577 1.78228 1.74067 1.74184 1.71174 1.75048 1.71198 1.75259 1.75457 1.76849 1.76119 1.74850 1.81593 1.78643 1.81274 1.96115 2.04154 2.05842 2.08787 2.08321 2.08556 2.08516 2.16355 2.18773 2.20763 2.22875 2.23865 2.22149 2.17270 2.16338 2.13145 2.15191 2.11360 2.14289 2.05101 2.11551 2.08486 2.01703 2.08880 2.16165 2.21800 2.21127 2.16773 2.12856 2.18764 2.15415 2.05197 1.99641 2.04678 2.07438 2.04601 2.01602 2.03592 1.95040 1.92625 1.93517
1.39497 1.42234 1.46500 1.70177 1.66927 1.70321 1.85111 1.89530 1.94385 1.93723 1.95413 1.89851 1.78726 1.75985 1.78400 1.78609 1.82903 1.83151 1.88486 1.87351 1.90453 1.91375 1.91195 2.00747 1.97319 1.89892 2.04006 2.08876 2.09440 2.09630 2.06336 2.03625 2.03701 2.07827 2.13901 2.12773 2.14593 2.17803 2.18566 2.16447 2.15792 2.09969 2.08220 2.08531 2.11184 2.04036 2.07147 2.04381 1.96985 2.03574 2.10465 2.15990 2.11123 2.01243 1.94239 1.93901 2.01147 1.97597 1.98839 2.05529 2.11329 2.10465 2.06607 2.07287 2.00037 1.95658 1.93892
1.19353 1.27321 1.35572 1.69124 1.69943 1.75706 1.81633 1.90518 1.93681 1.94488 1.92517 1.93381 1.87594 1.88969 1.92723 1.93547 1.96233 1.93957 1.98780 1.99373 2.02387 2.01464 1.99944 2.07254 2.01999 1.89451 2.01469 2.05315 2.06648 2.06214 2.05412 2.03911 2.04730 2.06842 2.17572 2.18505 2.21341 2.23167 2.25265 2.27775 2.27856 2.24555 2.17096 2.14899 2.13786 2.09857 2.05735 2.00247 1.96358 1.98891 2.02689 2.04709 2.03017 1.95198 1.94437 1.95138 2.07589 2.00755 2.02181 2.06657 2.15955 2.14481 2.08335 2.06335 2.00252 1.91902 1.90231
2.01775 2.03910 2.03231 2.02628 1.82419 1.80079 1.84010 1.94714 1.96935 2.03802 2.03871 2.04385 1.94926 1.91683 1.95855 1.95002 2.01578 1.99130 2.02211 2.01440 2.01603 2.01780 2.01327 2.07662 2.09265 1.97735 2.07048 2.13669 2.21463 2.17049 2.15351 2.10649 2.08925 2.11160 2.22346 2.26674 2.29195 2.34008 2.38534 2.39150 2.37279 2.34609 2.22005 2.18116 2.12870 2.04977 1.96847 1.90409 1.91840 1.96535 2.03880 2.03630 2.00331 1.98647 1.99149 1.95979 2.09068 2.04907 2.04088 2.02707 2.15146 2.14881 2.12678 2.09366 2.05714 1.95652 1.92121
