results/OMI_NO2_201001.asc
ncols      200
nrows      200
xllcorner       120.258
yllcorner       41.1236
cellsize     0.0166667
NODATA_Value      -999.000
[rows 58 to 86 of 166, columns 130 to 194 of 200]
2.54608 2.29301 2.01851 2.01851 2.01851 2.01851 2.03877 2.10595 2.18191 2.26653 2.36112 2.45149 2.19597 2.12047 2.12047 2.12047 2.10112 2.06100 2.02088 1.98075 1.94680 1.85658 1.85528 2.01276 2.50651 2.52673 2.56172 2.59392 2.59840 2.51098 2.30621 1.89241 1.89666 1.69793 1.50101 1.50101 1.50101 1.50101 1.50101 1.50101 1.50101 1.50101 1.50101 1.50101 1.50101 1.95812 2.32417 2.33978 2.35292 2.36969 2.42609 2.59615 2.81164 3.07925 3.09028 3.13705 3.18653 3.21605 3.15214 3.05997 2.78335 2.90741 2.92770 2.92770 2.92770
2.54621 2.57675 2.14979 2.20263 2.28953 2.38697 2.46108 2.46351 2.46351 2.46351 2.46351 2.46349 2.29696 2.05913 2.01904 1.97895 1.95816 1.95853 1.95945 1.96030 1.96109 1.92817 1.95466 2.01170 2.44693 2.43894 2.34427 2.24966 2.18423 2.18207 2.18207 1.81521 1.83254 1.81645 1.51069 1.50101 1.50101 1.50101 1.50101 1.50101 1.50101 1.50101 1.48458 1.43884 1.38892 1.53845 2.03813 2.24881 2.29798 2.34271 2.36406 2.69674 2.77859 3.20498 3.17026 3.07844 2.99264 2.92857 2.92290 2.92290 2.85686 2.68596 2.76675 2.68725 2.60771
3.31855 3.47737 2.79360 2.46351 2.46351 2.46351 2.46351 2.46338 2.43282 2.37930 2.32581 2.27235 2.23546 1.97338 1.95817 1.96120 1.96211 1.97166 2.02049 2.08819 2.16515 2.20148 2.16120 2.18177 2.18346 2.18207 2.18207 2.18207 2.18207 2.18207 2.18207 2.03494 1.77732 1.84039 1.61496 1.50101 1.49640 1.45643 1.41228 1.37159 1.32442 1.27295 1.23517 1.21809 1.20784 1.22461 1.76665 2.31196 2.35791 2.43293 2.43916 2.59600 2.65409 2.81853 2.92290 2.91780 2.87314 2.82011 2.76703 2.71403 2.66826 2.41262 2.51114 2.45857 2.40034
3.32232 3.47737 3.24219 2.46454 2.43033 2.37684 2.32336 2.27004 2.24710 2.24710 2.24710 2.24710 2.24710 2.06266 2.01639 2.09408 2.16215 2.22985 2.25807 2.26725 2.26725 2.26725 2.20199 2.18452 2.18436 2.18216 2.18207 2.18207 2.18207 2.18207 2.18207 2.17330 1.77930 1.69185 1.55744 1.31200 1.27013 1.24842 1.23184 1.21527 1.20771 1.20771 1.20777 1.23494 1.28445 1.33391 1.65711 2.20797 2.31848 2.29744 2.31097 2.34862 2.50160 2.54229 2.71852 2.67055 2.66221 2.65186 2.61450 2.57575 2.53695 2.38869 2.17161 2.25242 2.25242
3.19156 3.31063 3.26344 2.43355 2.24710 2.24710 2.24710 2.24710 2.24710 2.24915 2.31838 2.44647 2.57455 2.60110 2.33791 2.31981 2.26725 2.26725 2.26725 2.26725 2.26725 2.26725 2.23804 2.18452 2.18452 2.18196 2.17036 2.15734 2.14430 2.13128 2.11826 2.11024 1.91197 1.52632 1.49708 1.24104 1.20771 1.20771 1.20771 1.22536 1.27424 1.32375 1.36994 1.38052 1.36982 1.36046 1.43312 1.82144 2.12852 2.08650 2.11636 2.11601 2.32669 2.32850 2.55270 2.54130 2.50257 2.47411 2.47272 2.47272 2.47272 2.47085 2.16295 2.25237 2.24089
2.91756 3.01200 3.15275 2.76126 2.24710 2.26404 2.31995 2.44138 2.56969 2.69572 2.75476 2.75496 2.75496 2.75496 2.39997 2.33891 2.27659 2.26725 2.26725 2.26725 2.26288 2.25007 2.23526 2.14973 2.12825 2.11577 2.11147 2.10889 2.09396 2.07738 2.06080 2.04545 2.03132 1.56885 1.47922 1.34518 1.26402 1.31172 1.35725 1.37790 1.36776 1.36511 1.37263 1.38770 1.40435 1.42187 1.42745 1.50281 1.91868 1.93022 1.94793 1.99647 2.09009 2.19806 2.34362 2.47272 2.47272 2.47272 2.47272 2.47272 2.45164 2.38466 2.15545 1.87390 1.82325
2.91756 2.92453 3.13507 3.22902 2.61766 2.67584 2.74815 2.75496 2.75496 2.75496 2.75496 2.75496 2.75496 2.75496 2.54532 2.32700 2.27652 2.23156 2.21854 2.20552 2.19685 2.19665 2.19665 2.15754 2.09357 2.07699 2.05845 2.04396 2.04233 2.04233 2.04233 2.05003 2.07237 1.91522 1.74943 1.73949 1.37081 1.37617 1.38472 1.40029 1.41798 1.42745 1.42745 1.42745 1.42348 1.38999 1.35345 1.31128 1.47345 1.71272 1.74580 1.96804 2.00651 2.19804 2.24598 2.47242 2.43195 2.36334 2.29476 2.22621 2.17868 2.18307 2.19650 1.78543 1.80901
2.86109 2.81941 3.16905 3.64127 3.10135 2.75496 2.75496 2.75496 2.75496 2.75496 2.75496 2.75496 2.75496 2.75496 2.70552 2.26085 2.24450 2.19737 2.19665 2.20853 2.24864 2.28997 2.33126 2.33597 2.05517 2.04500 2.06800 2.10641 2.13594 2.15664 2.17735 2.19743 2.24342 2.28841 1.99124 1.90145 1.53806 1.42745 1.42745 1.42745 1.41969 1.38335 1.34740 1.31443 1.28687 1.28227 1.28227 1.27972 1.30593 1.68744 1.71272 1.90010 1.97363 2.06617 2.02735 2.15897 2.17711 2.17993 2.20290 2.22995 2.25804 2.29010 2.30500 2.06080 1.79785
2.76911 2.76911 2.81667 3.58658 3.50134 2.76363 2.75496 2.75496 2.75496 2.75496 2.75496 2.75496 2.75496 2.75496 2.75496 2.40633 2.31806 2.31192 2.33308 2.36250 2.36950 2.40517 2.44513 2.48503 2.32400 2.22245 2.22106 2.23956 2.28753 2.35019 2.41908 2.48436 2.49337 2.49337 2.30098 1.94858 1.71018 1.37686 1.34142 1.30894 1.28444 1.28227 1.28227 1.28227 1.28227 1.28547 1.30960 1.35758 1.44181 1.64695 1.69356 1.73755 1.94468 1.94540 1.96204 2.08549 2.25162 2.28486 2.30222 2.31562 2.32788 2.33025 2.33025 2.29387 1.83012
2.76911 2.76911 2.76911 3.22437 3.64127 2.96388 2.75496 2.75496 2.75496 2.75496 2.75496 2.77966 2.84773 2.91656 2.98544 2.83306 2.45962 2.45363 2.50237 2.54228 2.57502 2.56364 2.57071 2.62316 2.62195 2.39938 2.47185 2.49337 2.49337 2.49337 2.49337 2.49337 2.44117 2.33744 2.21615 1.80145 1.67629 1.29636 1.28227 1.28236 1.29829 1.32696 1.35749 1.42146 1.55322 1.69053 1.79768 1.87768 1.84449 1.71065 1.66277 1.68625 1.95442 2.03156 2.04954 2.08291 2.32211 2.33025 2.33084 2.36350 2.41767 2.47576 2.53835 2.60420 2.28298
2.76911 2.76911 2.76911 2.84553 3.61018 3.32429 2.75496 2.78233 2.85074 2.91959 2.98848 3.03261 3.03339 3.03339 3.03339 3.02462 2.50762 2.45833 2.61201 2.67700 2.74118 2.82919 2.89122 2.89203 2.89203 2.59489 2.49337 2.49231 2.42224 2.32049 2.22923 2.14702 2.10604 2.10598 2.11659 1.97303 1.80070 1.53706 1.41065 1.49526 1.61296 1.71393 1.81490 1.88227 1.88396 1.88396 1.89525 1.92718 1.95961 1.83365 1.77288 1.76525 1.90436 2.09168 2.11973 2.16575 2.38954 2.53312 2.59948 2.62499 2.62462 2.62192 2.61881 2.61569 2.53358
2.76911 2.76911 2.76911 2.81434 3.42517 3.88566 3.09523 3.03297 3.03339 3.03339 3.03339 3.03339 3.03387 3.11420 3.25390 3.41673 3.06584 2.81626 2.87026 2.89203 2.89203 2.89203 2.89203 2.89271 2.91676 2.83718 2.63646 2.64375 2.13440 2.13455 2.18942 2.24861 2.31295 2.38293 2.44456 2.48511 2.23390 2.09394 1.83223 1.88396 1.88396 1.88396 1.89032 1.92047 1.95287 1.98827 2.03137 2.05801 2.08419 2.01073 1.91197 1.89616 1.94497 2.28392 2.32638 2.32606 2.41512 2.61803 2.61492 2.61181 2.60907 2.60866 2.60866 2.60866 2.60866
2.91991 3.02525 3.12849 3.18658 3.29877 4.04495 3.49948 3.03339 3.06865 3.22269 3.38410 3.56849 3.79038 3.88419 3.88246 3.88246 3.67348 2.83687 2.84694 2.89310 2.91843 2.95081 2.97974 3.01448 3.09732 3.18793 2.98303 3.03022 2.71686 2.44789 2.45479 2.55258 2.67880 2.80513 2.92972 2.97448 2.73796 2.38866 1.94077 1.91374 1.94993 1.99343 2.04242 2.07084 2.09702 2.12017 2.12437 2.12437 2.12437 2.12368 2.07065 1.99124 1.97904 2.16901 2.31475 2.31247 2.32177 2.58872 2.60866 2.60866 2.60866 2.60866 2.60866 2.60666 2.59442
3.00995 3.18675 3.18675 3.18675 3.18675 3.74706 3.95297 3.73842 3.91914 3.89098 3.88246 3.88246 3.88246 3.88246 3.88246 3.88049 3.84847 3.08539 3.00140 3.13228 3.23199 3.33727 3.45198 3.56324 3.58210 3.58210 3.41496 3.30971 3.32454 2.83093 2.94609 2.97448 2.97448 2.97448 2.97776 3.04455 3.07008 2.70252 2.34158 2.08370 2.10609 2.12116 2.12437 2.12437 2.12437 2.12437 2.12437 2.12458 2.13085 2.13986 2.10488 2.03752 1.99383 2.03782 2.31019 2.31277 2.31277 2.48045 2.60866 2.60358 2.59002 2.57634 2.56265 2.55097 2.55727
2.72387 3.18675 3.22470 3.39408 3.57455 3.77450 3.88226 3.88246 3.88246 3.88246 3.88246 3.87979 3.84652 3.81149 3.78286 3.75997 3.75450 3.71462 3.75300 3.67144 3.58210 3.58210 3.57006 3.49540 3.41179 3.32821 3.28198 3.68687 3.71002 3.19983 3.03454 3.09801 3.19097 3.28458 3.37500 3.40191 3.40191 3.10369 2.67758 2.12534 2.12437 2.12437 2.12437 2.12507 2.13243 2.14144 2.15044 2.15924 2.16198 2.16198 2.15151 2.07318 1.99797 1.99383 2.21824 2.30498 2.29358 2.34301 2.55826 2.54965 2.55172 2.61045 2.69401 2.77812 2.86323
2.84999 3.57295 3.81891 3.83004 3.83004 3.83004 3.86709 3.87898 3.84459 3.80993 3.78158 3.75923 3.75450 3.75450 3.75450 3.75450 3.75450 3.75450 3.73557 3.62210 3.41103 3.32452 3.25291 3.24478 3.27657 3.32412 3.37172 3.69415 3.97928 3.85398 3.37099 3.40123 3.40191 3.40191 3.40191 3.40191 3.40191 3.30513 2.86248 2.27027 2.13400 2.14301 2.15202 2.16033 2.16198 2.16198 2.16198 2.16198 2.16198 2.16198 2.16049 2.08413 1.99878 1.95957 2.03728 2.26349 2.26352 2.30129 2.62991 2.76075 2.84908 2.88748 2.90103 2.91430 2.91857
3.18108 3.44369 3.83004 3.83004 3.79689 3.76608 3.75107 3.75853 3.75450 3.75450 3.75450 3.75450 3.75450 3.75450 3.73277 3.62900 3.51751 3.40611 3.29668 3.19261 3.25042 3.39177 3.43940 3.48693 3.53343 3.57952 3.62558 3.73602 4.13475 4.13414 3.51856 3.40191 3.40191 3.40191 3.40191 3.40502 3.41592 3.42465 3.08788 2.55029 2.16198 2.16198 2.16198 2.16198 2.16198 2.16198 2.15907 2.14377 2.12547 2.10512 2.08463 2.05169 1.98549 1.96844 2.03849 2.37700 2.49868 2.54275 2.71188 2.91175 2.91857 2.91857 2.91857 2.91857 2.91857
3.18108 3.20613 3.78160 3.83004 3.74625 3.71955 3.71955 3.74656 3.75450 3.75450 3.72944 3.62408 3.51260 3.36296 3.17416 3.07589 2.99428 2.92084 2.86385 2.85729 3.04725 3.56461 3.61069 3.65601 3.67141 3.67141 3.67141 3.67141 4.00381 4.13745 3.83389 3.40667 3.41789 3.42915 3.44042 3.44856 3.44893 3.44893 3.32555 2.83572 2.18391 2.16198 2.15718 2.14076 2.12214 2.10141 2.08267 2.08082 2.08082 2.10107 2.19819 2.30094 2.27293 2.24508 2.23415 2.40399 2.62336 2.65265 2.71367 2.91784 2.91857 2.91857 2.91857 2.91814 2.90742
3.18108 3.18108 3.52047 3.83004 3.79510 3.71955 3.69115 3.59458 3.43832 3.22638 3.05897 2.97434 2.90278 2.85846 2.85729 2.85729 2.86390 2.90504 2.95110 2.99719 3.03135 3.59360 3.67141 3.67141 3.67141 3.67141 3.67141 3.64190 3.71083 3.98364 3.89987 3.47679 3.44893 3.44893 3.44893 3.44893 3.44893 3.44893 3.46536 3.09888 2.37481 2.09761 2.08140 2.08082 2.08082 2.08999 2.17691 2.28158 2.38720 2.50339 2.57118 2.63170 2.57564 2.47006 2.40790 2.43205 2.71709 2.73370 2.73368 2.86495 2.90040 2.88529 2.87017 2.85549 2.85111
3.16977 3.18108 3.27075 3.47230 3.16559 3.05071 2.93043 2.85878 2.85291 2.85729 2.85729 2.85729 2.85833 2.89014 2.93621 2.98228 3.02175 3.02672 3.02672 3.02672 3.02672 3.35283 3.67141 3.63894 3.57677 3.51461 3.45244 3.41984 3.42212 3.81327 3.88588 3.64550 3.44893 3.44936 3.48621 3.55256 3.62834 3.71577 3.76956 3.56512 2.71653 2.08328 2.15575 2.26614 2.40962 2.55939 2.63752 2.69799 2.75731 2.78599 2.78613 2.78613 2.75629 2.55985 2.42890 2.41592 2.59466 2.70012 2.68755 2.73983 2.85111 2.85111 2.85111 2.85111 2.85111
2.61971 2.77603 2.88925 2.72326 2.60858 2.70244 2.83108 2.83108 2.84082 2.87552 2.92130 2.96738 3.01245 3.02672 3.02672 3.02672 3.02672 3.02672 3.02657 2.99124 2.92906 2.95101 3.44591 3.41984 3.41984 3.41984 3.41984 3.41984 3.41984 3.61765 3.95573 3.99057 3.64791 3.73139 3.76969 3.76969 3.76969 3.76969 3.68417 3.46542 3.43911 2.67927 2.70380 2.75842 2.78016 2.78613 2.78613 2.78613 2.78613 2.78613 2.78613 2.79920 2.82469 2.66026 2.53541 2.47013 2.50270 2.67659 2.67748 2.68634 2.84413 2.85111 2.84865 2.83676 2.82392
2.30355 2.68524 2.77637 2.86387 2.60864 2.60359 2.73585 2.67842 2.60760 2.97211 3.02672 3.02672 3.02672 3.02672 3.02626 2.98823 2.92616 2.86400 2.80199 2.77514 2.77514 2.77514 3.25467 3.41984 3.41984 3.42945 3.57211 3.77781 4.01425 4.27665 4.35229 4.35229 3.95194 3.78100 3.75318 3.57629 3.38516 3.16243 2.93197 2.81565 3.10336 3.06936 2.78613 2.78613 2.78613 2.78613 2.78659 2.80371 2.82916 2.85458 2.88002 2.89239 2.89239 2.79951 2.61289 2.47536 2.47035 2.62027 2.65827 2.66220 2.75514 2.80710 2.79673 2.79581 2.81175
2.16775 2.63395 2.64155 2.75819 2.42157 2.25362 2.40963 2.55342 2.55342 2.76209 3.02584 2.98533 2.92317 2.86098 2.79927 2.77514 2.77514 2.77514 2.77514 2.77514 2.77514 2.78487 3.14611 3.78754 4.02549 4.28586 4.35229 4.35685 4.36869 4.38062 4.38330 4.24201 3.89880 3.25789 2.98689 2.85141 2.74677 2.67331 2.66744 2.66744 2.75256 3.25346 2.78860 2.80821 2.83366 2.85909 2.88406 2.89239 2.89239 2.89239 2.89239 2.89239 2.86062 2.76039 2.48579 2.32501 2.22366 2.22551 2.39930 2.63139 2.68175 2.83517 2.86482 2.91203 2.98168
1.99442 2.13870 2.31503 2.46230 2.45382 2.23837 2.26583 2.49769 2.44688 2.40683 2.76326 2.77514 2.77514 2.77514 2.77514 2.77514 2.77514 2.78705 2.90562 3.06577 3.25016 3.44685 3.50427 4.31580 4.38571 4.39764 4.40956 4.32025 4.11743 3.91437 3.62372 3.40249 3.25368 2.76555 2.66744 2.66744 2.66744 2.66744 2.67122 2.69403 2.71947 3.18057 3.01790 2.89239 2.89239 2.89239 2.88408 2.80112 2.70714 2.62061 2.54061 2.46650 2.41799 2.41635 2.33731 2.24795 2.15523 2.17652 2.35256 2.67542 2.77849 3.00448 3.08472 3.12462 3.12599
1.88976 2.01589 2.31435 2.30582 2.38067 2.06589 1.97474 2.16148 2.30185 2.30185 2.54362 2.77514 2.77514 2.78988 2.91224 3.07335 3.25552 3.42551 3.43478 3.40593 3.37710 3.34925 3.34124 3.94656 4.18337 3.98046 3.73194 3.45590 3.30022 3.16664 3.10440 3.10440 3.10440 2.93036 2.67407 2.69853 2.72398 2.74942 2.77106 2.77369 2.77369 2.85373 3.04907 2.65304 2.57065 2.49429 2.42881 2.41635 2.41635 2.41635 2.41635 2.41635 2.41879 2.44321 2.45130 2.34991 2.29558 2.30816 2.43395 2.74038 2.91551 2.92820 2.90255 2.80570 2.71556
2.16841 2.10232 2.03793 2.01488 2.16714 2.08901 1.95724 2.01249 2.30030 2.31561 2.45611 3.05375 3.23434 3.39505 3.39864 3.36980 3.34472 3.34124 3.34124 3.33049 3.17338 2.97062 2.76090 2.74743 3.34812 3.20786 3.11127 3.10440 3.10440 3.10440 3.10169 3.09307 3.08424 3.06204 2.79366 2.76207 2.66433 2.55714 2.45877 2.36798 2.28763 2.31804 2.68652 2.43046 2.41635 2.41635 2.41635 2.41635 2.41691 2.43695 2.46663 2.49709 2.56381 2.63645 2.70474 2.60843 2.45463 2.30785 2.26715 2.39455 2.57396 2.57930 2.65112 2.68187 2.71760
2.01474 2.01474 2.01474 2.01474 2.09666 2.19262 2.04828 2.11425 2.50687 2.73970 2.73146 3.07754 3.34124 3.34124 3.34124 3.34124 3.23948 3.03642 2.83358 2.58698 2.45210 2.37463 2.31136 2.29885 2.97875 3.10440 3.10135 3.09264 3.08381 3.07498 3.01995 2.89578 2.78089 2.67513 2.44561 2.25820 2.24580 2.24580 2.24580 2.24580 2.24580 2.29347 2.47308 2.55934 2.41635 2.43070 2.46056 2.49759 2.56427 2.64217 2.71045 2.77792 2.80673 2.80761 2.80761 2.54806 2.25821 2.16945 2.17696 2.28713 2.58122 2.67791 2.79368 2.82290 2.82290
2.01458 2.00971 2.04800 2.09645 2.15970 2.34694 2.29839 2.25070 2.38054 2.71018 2.71018 2.79247 3.28563 3.10244 2.89938 2.66984 2.48001 2.39855 2.32856 2.29756 2.29756 2.29756 2.29415 2.28538 2.64927 2.97287 2.84638 2.73549 2.63320 2.53880 2.48266 2.48176 2.48176 2.48176 2.45328 2.24901 2.24580 2.24580 2.24580 2.24580 2.24580 2.27307 2.36063 2.65502 2.56583 2.64781 2.71598 2.77685 2.80756 2.80761 2.80761 2.80761 2.80409 2.78414 2.76539 2.71860 2.36240 2.30698 2.25405 2.27724 2.51291 2.70485 2.75238 2.82290 2.82290
2.11919 2.17255 2.18275 2.18275 2.18275 2.29463 2.33621 2.25163 2.25666 2.73087 2.92960 3.05523 2.79054 2.43797 2.35021 2.30065 2.29756 2.29756 2.29376 2.28496 2.27613 2.26730 2.25103 1.92497 1.91960 2.47324 2.48176 2.48176 2.48176 2.48176 2.48176 2.48176 2.48176 2.48176 2.48176 2.32171 2.22334 2.19378 2.21227 2.24255 2.27033 2.27097 2.31153 2.44055 2.73240 2.80761 2.80761 2.80640 2.78908 2.76814 2.75138 2.73842 2.72887 2.73212 2.73541 2.73550 2.49335 2.36130 2.25676 2.25429 2.37636 2.71031 2.78025 2.98245 3.07077
