results/OMI_NO2_200707.asc
ncols      200
nrows      200
xllcorner       120.258
yllcorner       41.1236
cellsize     0.0166667
NODATA_Value      -999.000
[rows 145 to 173 of 200, columns 0 to 66 of 200]
3.18637 3.15581 2.95571 2.86465 2.86465 2.86465 2.86465 2.86465 2.86465 2.86283 2.85112 2.83793 2.82474 2.79007 2.73792 2.84393 2.90196 2.91104 3.21363 3.27500 3.09837 2.98464 2.91742 2.88885 2.88885 2.88156 2.81394 2.80549 2.79977 2.79401 2.78826 2.78539 2.78539 2.58527 2.53613 2.44747 2.32743 2.35191 2.43725 2.41290 2.17507 2.17507 2.17507 2.17507 2.17507 2.17507 2.17507 2.17507 2.39497 2.54841 2.60453 2.99309 3.02418 3.03081 3.03613 3.18437 3.34282 3.48690 3.54817 3.60486 3.64166 3.67031 3.67221 3.67588 3.70864 3.69246 3.67606
3.06550 3.13499 3.03604 2.83058 2.81819 2.80500 2.79180 2.77861 2.76535 2.75828 2.79159 2.83214 2.87350 2.95098 2.99005 3.08138 3.26032 3.17792 3.21414 3.17784 3.05976 2.87875 2.86892 2.86319 2.85741 2.85449 2.81131 2.78539 2.78539 2.78539 2.78539 2.78539 2.78539 2.66560 2.53613 2.50917 2.32756 2.34121 2.40095 2.49076 2.21349 2.17762 2.18170 2.18578 2.18985 2.19393 2.19794 2.19423 2.26575 2.59426 2.62380 3.16593 3.29667 3.32247 3.35708 3.44376 3.45827 3.59701 3.58059 3.57273 3.56095 3.54468 3.52824 3.51245 3.54913 3.56111 3.58508
2.64756 2.97692 2.97569 2.76489 2.75570 2.78891 2.82942 2.87008 2.91853 3.01125 3.08188 3.14666 3.21057 3.22890 3.15816 3.12903 3.25510 3.12078 3.10432 3.09569 3.05981 2.88410 2.85449 2.85449 2.85449 2.85449 2.83903 2.78539 2.78539 2.78539 2.78539 2.78539 2.78539 2.74497 2.53976 2.54325 2.37301 2.34573 2.40540 2.49413 2.35927 2.20527 2.20313 2.20701 2.23993 2.28436 2.32752 2.37650 2.42135 2.72260 2.80206 3.00982 3.18368 3.16815 3.16916 3.30332 3.30883 3.46236 3.49511 3.51414 3.55441 3.58534 3.61631 3.64718 3.70657 3.75087 3.75718
2.32990 3.07688 3.14927 3.03076 2.96756 3.03868 3.10346 3.16590 3.20747 3.19849 3.18124 3.16400 3.14676 3.13397 3.09575 3.06723 3.15433 3.13270 3.09547 3.09564 3.09533 2.93736 2.85449 2.85449 2.85449 2.85449 2.85290 2.78965 2.77027 2.76328 2.75630 2.74931 2.74232 2.73627 2.59097 2.57258 2.47661 2.40163 2.44709 2.49511 2.49415 2.43074 2.47220 2.50709 2.51785 2.52019 2.52249 2.52475 2.52703 2.66812 2.88557 2.96560 3.22197 3.29462 3.34505 3.43523 3.48215 3.59989 3.71800 3.73380 3.74542 3.74672 3.74672 3.74672 3.76200 3.77537 3.72953
2.20751 3.02906 3.27719 3.21172 3.12703 3.16738 3.15014 3.13525 3.13328 3.13328 3.13328 3.13328 3.13328 3.13328 3.11239 3.06723 3.09327 3.17885 3.10075 3.10570 3.10410 3.02616 2.86582 2.85778 2.85606 2.85434 2.85416 2.83000 2.79519 2.80045 2.80573 2.81100 2.81590 2.83651 2.77383 2.67610 2.60553 2.43655 2.44877 2.46688 2.53806 2.57755 2.60230 2.62286 2.64335 2.66392 2.68768 2.73735 2.79274 2.86277 3.19780 3.24683 3.46799 3.56768 3.56768 3.56787 3.56821 3.59216 3.73347 3.73364 3.74082 3.74227 3.70183 3.65063 3.60159 3.60045 3.59859
2.10183 2.62369 3.25373 3.24449 2.99523 3.09916 3.09303 3.08686 3.08072 3.07454 3.06841 3.06223 3.06195 3.07429 3.09391 3.23682 3.26311 3.29423 3.14816 3.14758 3.14745 3.13047 2.94203 2.90631 2.90631 2.90631 2.90631 2.90128 2.82173 2.79147 2.76352 2.73077 2.69517 2.69390 2.73963 2.60999 2.60635 2.58741 2.62294 2.65204 2.70588 2.77216 2.81825 2.85309 2.88790 2.92272 2.95434 2.95998 2.95998 2.95998 3.16466 3.29128 3.37933 3.53908 3.56768 3.56773 3.56821 3.56779 3.67023 3.65305 3.60133 3.56084 3.55135 3.55156 3.57635 3.65994 3.70676
1.70888 2.05832 3.05434 3.12109 2.92605 3.01345 3.05186 3.07084 3.07968 3.06988 3.06007 3.05069 3.03614 3.01076 2.98579 3.13864 3.31692 3.31604 3.17682 3.18048 3.19356 3.20689 3.07138 2.93932 2.91200 2.82894 2.72687 2.62332 2.64269 2.69950 2.69195 2.68917 2.68917 2.68923 2.78194 2.65494 2.64622 2.68994 2.71990 2.73088 2.79155 2.94235 2.95938 2.95998 2.95998 2.95998 2.95998 2.95998 2.95998 2.95998 3.03387 3.29128 3.34494 3.44983 3.54996 3.49539 3.43638 3.37297 3.43453 3.55538 3.68391 3.84645 4.00748 4.18035 4.32922 4.47677 4.59303
1.51132 2.09453 2.74053 3.09628 3.03719 2.88344 2.97406 2.95033 2.93527 2.93494 2.93494 2.93494 2.93494 2.93737 2.94610 3.04273 3.34494 3.35858 3.32119 3.18326 3.07230 2.92710 2.77827 2.58698 2.50063 2.48335 2.48335 2.48335 2.53140 2.70688 2.72242 2.73794 2.75333 2.76885 2.83561 2.77510 2.69774 2.71417 2.74479 2.74408 2.74090 2.92263 2.95357 2.95998 2.95998 2.95998 2.95998 2.95998 2.95998 2.95998 2.96024 3.23415 3.30283 3.53014 3.64033 3.78023 3.93089 4.06919 4.20894 4.46094 4.44583 4.48202 4.55530 4.52858 4.50238 4.50758 4.53175
1.46514 2.03375 2.29742 2.97067 2.97102 2.78134 2.94928 2.95952 2.96859 2.97762 2.98670 2.99574 3.00348 2.97297 2.92035 2.90868 3.07180 2.99786 2.90140 2.74168 2.60621 2.60182 2.60054 2.53651 2.51659 2.53212 2.54765 2.56319 2.57562 2.74483 2.78237 2.78237 2.78237 2.78237 2.80983 2.83073 2.69774 2.70093 2.74406 2.74479 2.73917 2.85518 2.94659 2.95998 2.96262 2.97867 2.99660 3.01452 3.03247 3.05038 3.07710 3.27058 3.51726 4.00283 4.34634 4.34576 4.22439 4.15648 4.16484 4.30667 4.35626 4.38563 4.54928 4.56449 4.57751 4.59778 4.64481
1.21472 1.97194 2.20836 2.92294 3.07435 2.93596 2.94812 3.01111 2.97723 2.92419 2.87125 2.81472 2.71045 2.62601 2.55761 2.49794 2.65425 2.75337 2.74913 2.71142 2.58853 2.58511 2.58233 2.57277 2.57654 2.57654 2.57654 2.57654 2.57654 2.66269 2.78237 2.78237 2.78237 2.78237 2.78528 2.86615 2.71434 2.70630 2.75973 2.78920 2.80309 2.86533 3.03963 3.07431 3.09140 3.09478 3.11038 3.12304 3.12860 3.12431 3.11120 3.11566 3.47846 3.70208 4.43194 4.44670 4.38892 4.28201 4.28611 4.35845 4.45153 4.45153 4.57702 4.64809 4.67615 4.70351 4.77220
1.12729 1.73740 2.24283 2.61947 2.96124 2.86571 2.63919 2.75541 2.67222 2.60365 2.53523 2.46827 2.44958 2.44665 2.44372 2.44079 2.56531 2.73655 2.73632 2.73378 2.59590 2.58203 2.58203 2.57767 2.57422 2.57654 2.57654 2.57654 2.57654 2.58864 2.75614 2.73742 2.71034 2.68326 2.65623 2.70865 2.77980 2.83104 2.85172 2.86459 2.84581 2.83350 3.01420 3.04116 3.03327 3.02500 3.00251 2.98306 2.97063 2.96811 2.96565 2.96323 3.23502 3.39606 4.36911 4.46805 4.47192 4.31388 4.32955 4.37283 4.54858 4.57590 4.65765 4.76976 4.76768 4.76650 4.85170
1.12729 1.47103 2.16892 2.28403 2.70129 2.71282 2.51978 2.45031 2.44434 2.44140 2.43852 2.43753 2.43753 2.43753 2.43753 2.43753 2.51167 2.70611 2.73661 2.73521 2.64086 2.58203 2.58067 2.55816 2.51602 2.48777 2.45523 2.42268 2.39017 2.35775 2.46648 2.53247 2.52197 2.51182 2.50207 2.51605 2.55834 2.64371 2.65084 2.70172 2.71985 2.75285 2.86016 2.94881 2.93489 2.94357 2.95225 2.96094 2.96961 2.97832 3.00213 3.03877 3.18257 3.53507 4.21358 4.66336 4.68130 4.50532 4.42680 4.42680 4.55573 4.59722 4.60394 4.75771 4.76650 4.76650 4.82249
1.12729 1.22004 2.03913 2.24455 2.57461 2.71339 2.61295 2.43766 2.44781 2.45125 2.45469 2.45815 2.46159 2.46503 2.46848 2.47147 2.48240 2.56680 2.62662 2.57744 2.46129 2.32255 2.29084 2.28026 2.27253 2.27344 2.27276 2.27208 2.27143 2.27085 2.30957 2.44601 2.45085 2.47019 2.49031 2.51933 2.56405 2.69497 2.71453 2.75886 2.77226 2.80711 2.85868 3.03158 3.03709 3.06066 3.08862 3.11656 3.14453 3.17247 3.18530 3.18530 3.18696 3.54832 3.91944 4.68161 4.68161 4.58379 4.42703 4.42680 4.49788 4.59722 4.59722 4.70264 4.76650 4.76650 4.79334
1.27036 1.28243 1.90418 2.33417 2.48446 2.79361 2.78421 2.50657 2.49547 2.48938 2.48018 2.47097 2.45509 2.43368 2.41228 2.39136 2.37617 2.38853 2.52034 2.49456 2.40126 2.27967 2.27546 2.27546 2.27376 2.26864 2.27732 2.28709 2.34144 2.42021 2.49901 2.58518 2.60789 2.61938 2.63001 2.63305 2.64342 2.72629 2.79224 2.83672 2.87682 2.92277 2.96065 3.16749 3.19808 3.18530 3.18530 3.18530 3.18530 3.18530 3.18530 3.18530 3.18530 3.38289 3.63792 4.62240 4.68161 4.65936 4.43580 4.42680 4.44221 4.59508 4.59592 4.64840 4.82727 4.89183 5.00240
1.33009 1.33086 1.63806 2.27553 2.28879 2.66946 2.68406 2.47098 2.36720 2.35909 2.34690 2.33471 2.32919 2.32919 2.32919 2.32919 2.32919 2.33543 2.54524 2.59414 2.53770 2.41309 2.37639 2.42004 2.51635 2.52894 2.56751 2.63651 2.66085 2.66085 2.66085 2.65001 2.65331 2.68031 2.70735 2.73436 2.76787 2.83964 2.93401 2.94232 2.96435 2.97601 2.99401 3.10215 3.20602 3.18574 3.18530 3.18530 3.18530 3.18530 3.18530 3.18530 3.18530 3.22424 3.60148 4.31912 4.75663 4.83157 4.68677 4.67257 4.73991 4.94911 5.07706 5.15139 5.43332 5.51304 5.51311
1.10513 1.05393 1.09384 1.86679 2.05495 2.34180 2.56114 2.48432 2.30950 2.36038 2.39459 2.42885 2.46299 2.49720 2.53140 2.56561 2.61222 2.64762 2.78995 2.90903 2.94457 2.84595 2.72585 2.78727 2.79629 2.74955 2.68057 2.70786 2.73488 2.76188 2.78908 2.81368 2.79627 2.79515 2.79515 2.79515 2.79780 2.81260 2.92833 2.93483 2.96289 2.96876 2.99401 3.02854 3.20790 3.19222 3.18530 3.18530 3.22569 3.32075 3.41596 3.51138 3.60665 3.72688 4.12084 4.61882 5.28471 5.30967 5.17514 5.00178 5.01651 5.08320 5.20427 5.23521 5.43318 5.61330 5.64418
1.00754 0.969236 0.969236 1.68012 2.31714 2.44885 2.86502 2.91148 2.65695 2.62032 2.61881 2.62961 2.65377 2.67802 2.70296 2.77174 2.85343 2.91930 3.04485 3.22144 3.20989 3.11284 2.84739 2.86619 2.88586 2.90107 2.81854 2.82295 2.82295 2.82295 2.82295 2.82295 2.80580 2.79515 2.79515 2.79515 2.79522 2.80690 2.89247 2.93401 2.96035 3.04465 3.16666 3.26491 3.53496 3.66221 3.74203 3.83745 3.89397 3.96384 4.09468 4.23280 4.36166 4.45240 4.44705 4.43743 5.53779 5.60037 5.57845 5.25367 5.28134 5.32528 5.49177 5.49477 5.54654 5.81119 5.82106
1.04596 0.969236 0.969236 1.30902 2.51236 2.56179 2.89266 3.01326 2.84316 2.71388 2.73267 2.80631 2.87641 2.94631 3.02296 3.06795 3.08763 3.10653 3.12416 3.32401 3.33645 3.24381 2.97234 2.91084 2.91084 2.91084 2.84933 2.82295 2.82295 2.82295 2.82295 2.82295 2.81699 2.80019 2.82883 2.86047 2.89208 2.93169 3.12346 3.53105 3.63247 3.67167 3.68950 3.68140 3.78380 3.98003 4.09589 4.21694 4.33080 4.37682 4.36267 4.34133 4.32941 4.33064 4.33114 4.25911 5.40250 5.77685 5.82981 5.47794 5.39023 5.41174 5.57695 5.66699 5.69887 5.98333 6.06921
1.07822 0.976961 0.969236 1.06102 2.26678 2.56179 2.82904 3.22890 3.24992 3.03195 3.07516 3.10376 3.12345 3.14314 3.15536 3.15552 3.15552 3.15552 3.14423 3.28538 3.33711 3.27698 3.06925 2.91084 2.91084 2.91084 2.89314 2.85988 2.89284 2.92555 2.96095 2.99646 3.03198 3.03746 3.02750 3.01841 3.00931 2.99259 2.98289 3.52498 3.60073 3.72303 3.81987 3.92897 4.04842 4.24201 4.30647 4.35251 4.38718 4.44371 4.49920 4.55453 4.60991 4.66653 4.72786 4.74766 5.45465 6.33178 6.34182 5.96968 5.53259 5.53259 5.62306 5.77022 5.77022 5.90750 6.08669
1.07837 0.999804 1.15836 1.83709 2.74831 3.34925 3.53436 3.88380 3.96107 3.31987 3.16750 3.15771 3.16275 3.16780 3.17285 3.17789 3.18294 3.18798 3.18313 3.26697 3.39251 3.39019 3.32064 3.10115 3.13508 3.15923 3.17380 3.08584 3.06912 3.05894 3.04608 3.03309 3.02011 2.99761 2.98427 3.01541 3.12149 3.23113 3.26489 3.79235 3.99646 4.15886 4.27277 4.31519 4.37057 4.59387 4.71840 4.85955 4.88782 4.89418 4.90056 4.90692 4.91329 4.91836 4.91878 4.90897 5.06741 6.33975 6.34862 6.22480 5.53788 5.53259 5.54821 5.76445 5.77022 5.79769 6.08115
3.89515 3.92503 3.53593 3.58953 3.53286 3.78327 3.79546 3.95043 4.03789 3.66950 3.26442 3.24052 3.24318 3.25407 3.26555 3.27735 3.30027 3.32851 3.34979 3.37639 3.42767 3.41521 3.43882 3.14075 3.09776 3.09613 3.09613 3.05054 3.00824 3.01233 3.01502 2.99306 2.94805 2.90850 3.32457 3.41986 3.41556 3.40365 3.33071 3.54043 3.91260 4.23553 4.53945 4.50004 4.47428 4.60232 4.80775 4.90235 4.91878 4.91878 4.91878 4.91878 4.91878 4.91878 4.91878 4.91878 4.87387 6.09224 6.34862 6.34782 5.66473 5.53259 5.53259 5.69945 5.77022 5.77183 6.01791
4.58838 4.56675 3.70394 3.65631 3.62639 3.74152 3.83698 3.91243 4.10631 4.03166 3.39111 3.38584 3.40619 3.42355 3.44029 3.45667 3.46195 3.46195 3.46092 3.43803 3.38528 3.35323 3.34620 3.16466 3.03784 2.99218 2.94388 2.86148 2.88388 2.83846 2.79068 2.76759 2.76759 2.76759 3.15649 3.38058 3.35596 3.33149 3.26985 3.24542 3.77076 3.90166 4.42592 4.41491 4.41003 4.45235 4.80854 4.86321 4.91878 4.91878 4.91878 4.91878 4.91878 4.91878 4.91878 4.91878 4.89166 5.64298 6.34862 6.37448 5.98884 5.69473 5.78744 5.98401 6.32958 6.57996 6.80186
4.58838 4.58838 3.99885 3.79354 3.82284 3.90312 4.06495 4.08018 4.24646 4.27225 3.67060 3.48172 3.45437 3.42330 3.39056 3.35777 3.32503 3.29229 3.25955 3.19706 3.09315 3.01950 2.98772 2.89542 2.72433 2.67853 2.63538 2.62493 2.72242 2.75736 2.73275 2.70804 2.68331 2.65860 2.77467 3.24261 3.24252 3.24252 3.23071 3.15719 3.60986 3.76826 4.36351 4.41879 4.41003 4.41003 4.71256 4.82456 4.91804 4.91878 4.91878 4.92753 5.04870 5.20326 5.35840 5.51308 5.67154 6.03656 6.85713 6.97367 6.93686 6.82607 7.01327 7.20208 7.53250 7.55109 7.55971
4.58838 4.58838 4.30961 3.90501 3.90501 3.88201 3.97849 3.94021 4.01212 4.08640 3.72447 3.24394 3.18621 3.18355 3.17497 3.14235 3.10834 3.07431 3.01840 2.93652 2.86438 2.77146 2.73660 2.76420 2.61920 2.60517 2.59626 2.58736 2.59694 2.61939 2.61931 2.61931 2.61931 2.61931 2.61980 3.13446 3.24252 3.24252 3.24252 3.17051 3.41509 3.76431 4.17171 4.42274 4.45633 4.60732 4.92646 5.31888 5.55336 5.72788 5.83501 5.92493 5.92368 5.97076 6.05764 6.14148 6.22549 6.33844 7.12445 7.23102 7.27575 7.52635 7.58594 7.63852 7.90428 8.06327 8.09274
4.58838 4.58838 4.53592 3.91620 3.90501 3.88209 3.75777 3.75586 3.78379 3.98427 3.88724 3.15912 3.08975 3.04066 2.98060 2.93372 2.88829 2.84157 2.81020 2.79443 2.76730 2.70201 2.68829 2.70861 2.61745 2.57336 2.57336 2.57336 2.57467 2.61590 2.61931 2.61931 2.61931 2.61931 2.61931 2.88675 3.24252 3.24140 3.23934 3.19042 3.24365 4.48565 4.84050 5.38465 5.44627 5.40674 5.39731 5.70362 5.77817 6.00370 6.14774 6.29672 6.42890 6.48597 6.50315 6.52037 6.53027 6.51938 7.17063 7.50193 7.50197 7.66731 7.77506 7.78797 7.93785 8.24256 8.30144
4.58838 4.58838 4.58838 4.05141 3.90604 3.91562 3.80540 3.79109 3.80172 3.81459 3.76902 3.15581 2.87410 2.81393 2.79425 2.78535 2.77645 2.76869 2.76761 2.76648 2.74370 2.70400 2.68133 2.69454 2.66259 2.57336 2.57336 2.57336 2.57336 2.59908 2.61790 2.61584 2.61380 2.61173 2.60967 2.64711 3.18569 3.19588 3.19422 3.17621 3.13885 4.37843 4.73783 5.30995 5.43294 5.48833 5.54030 5.82882 5.96223 6.50580 6.53082 6.53099 6.54853 6.57787 6.60720 6.63652 6.66640 6.70993 7.11470 7.82048 7.87715 7.91020 7.92226 7.93547 7.95989 8.44668 8.46743
4.56781 4.54090 4.51716 4.22590 3.95013 3.93134 3.74431 3.54597 3.39179 3.25071 3.15666 2.96080 2.76862 2.76780 2.76761 2.76761 2.76839 2.77624 2.78570 2.79518 2.76229 2.72773 2.68631 2.66730 2.70435 2.57692 2.57534 2.57418 2.57409 2.58961 2.63569 2.64501 2.65400 2.66269 2.67104 2.68089 3.03661 3.24610 3.25440 3.28533 3.31326 4.07635 4.93755 5.40021 5.62322 5.67024 5.69960 5.86127 6.10969 6.52264 6.76904 6.81547 6.84752 6.86780 6.88808 6.90838 6.92811 6.93413 7.06264 7.91369 7.96333 7.95186 7.91982 7.93547 7.93547 8.29183 8.46743
4.46107 4.28187 4.02908 3.71660 3.18934 3.00665 2.94753 3.08737 3.10538 3.11524 3.13908 3.13575 2.89917 2.89819 2.90708 2.91612 2.90563 2.87804 2.84878 2.81892 2.69586 2.57830 2.54125 2.54805 2.71282 2.68081 2.66417 2.65705 2.65956 2.66003 2.69167 2.70051 2.70158 2.70789 2.71400 2.70313 2.84577 3.42662 3.46741 3.48485 3.49165 3.73662 5.06414 5.38828 5.82355 5.86523 5.87242 5.90145 6.28176 6.47735 6.93104 6.93413 6.93413 6.93413 6.93413 6.93413 6.93413 6.93413 6.94297 7.73978 7.96333 7.96333 7.89702 7.93547 7.93547 8.11257 8.46743
3.45044 3.37630 3.37590 3.37590 3.11649 3.07170 3.07170 3.14918 3.18186 3.16525 3.14510 3.11942 2.90432 2.77653 2.73921 2.70320 2.68597 2.67880 2.67161 2.66513 2.61751 2.49851 2.57915 2.60835 2.68546 2.75706 2.71435 2.71383 2.71221 2.72712 2.74263 2.76162 2.74921 2.73157 2.71413 2.71369 2.71499 3.39106 3.52368 3.53007 3.53403 3.53574 4.83716 5.20641 5.85184 5.89617 5.90088 5.90088 6.20170 6.34180 6.87068 6.93413 6.93413 6.93413 6.93413 6.93413 6.93413 6.93413 6.93413 7.43390 7.96333 7.96333 7.88864 7.92511 7.86808 7.73917 8.07554
