results/OMI_NO2_200709.asc
ncols      200
nrows      200
xllcorner       120.258
yllcorner       41.1236
cellsize     0.0166667
NODATA_Value      -999.000
[rows 58 to 86 of 181, columns 130 to 194 of 200]
1.30320 1.44750 1.40390 1.39793 1.39235 1.38709 1.40157 1.42780 1.45397 1.47968 1.48649 1.49069 1.51468 1.52043 1.48480 1.42933 1.43653 1.49170 1.49851 1.49475 1.58325 1.66337 1.66387 1.66387 1.65946 1.64122 1.62635 1.78635 1.78466 1.75694 1.80240 1.80980 1.81952 1.87531 1.94460 1.99585 2.01195 2.06324 2.32168 2.29423 2.23152 2.16887 2.07845 1.96784 1.92122 1.87904 1.86751 1.86315 1.86289 1.86289 1.86289 1.86289 1.86289 1.86289 1.86289 1.88623 1.92721 1.86517 1.91430 1.95795 1.95792 1.82837 1.81475 1.92464 2.09610
1.32384 1.29898 1.39443 1.40191 1.43088 1.45962 1.46834 1.44324 1.43709 1.44131 1.44558 1.44564 1.42593 1.42728 1.42570 1.35250 1.37255 1.50467 1.52409 1.52314 1.53558 1.63411 1.62690 1.61671 1.61014 1.61743 1.62255 1.75978 1.87560 1.94080 2.03887 2.13570 2.21184 2.25289 2.28259 2.29137 2.22361 2.25046 2.34914 2.29851 2.15584 1.98625 1.95977 1.86289 1.86289 1.86268 1.86238 1.86209 1.86180 1.86151 1.86083 1.85823 1.85824 1.89386 1.93293 1.94964 1.98750 1.93314 1.95991 1.92758 1.92758 1.86660 1.78763 1.83922 1.99296
1.29515 1.31976 1.50323 1.41811 1.41507 1.42850 1.44220 1.47620 1.49219 1.49830 1.50438 1.51033 1.51623 1.51498 1.50302 1.43768 1.39729 1.49261 1.52824 1.54554 1.54215 1.62984 1.63805 1.67812 1.73445 1.79093 1.84723 2.00044 2.14409 2.12195 2.11990 2.40966 2.45192 2.47878 2.47848 2.44516 2.28006 2.22653 2.22902 2.23098 2.14852 1.96148 1.95915 1.87141 1.85897 1.85657 1.85383 1.85094 1.84790 1.86669 1.89672 1.90966 1.91849 1.89730 1.87350 1.87094 1.90127 1.92199 1.95984 1.89270 1.86020 1.80811 1.54720 1.47618 1.58109
1.33943 1.45865 1.54256 1.50527 1.51975 1.51975 1.51975 1.51828 1.50774 1.49566 1.48358 1.47151 1.45960 1.45294 1.45343 1.43488 1.38042 1.46493 1.57842 1.66248 1.72293 1.83652 1.96528 1.97934 1.99105 1.97140 1.95003 1.97509 2.13592 2.13379 2.10322 2.31869 2.39833 2.36234 2.35151 2.35151 2.27890 2.20505 2.20187 2.19948 2.16453 1.98824 1.95370 1.88897 1.84187 1.84346 1.85902 1.87488 1.88868 1.88400 1.87094 1.87877 1.91440 1.95401 1.99532 2.03843 2.09010 2.11366 2.01967 1.66929 1.58280 1.56144 1.44799 1.32413 1.45056
1.37367 1.46981 1.58613 1.53027 1.48830 1.47623 1.46416 1.45356 1.45237 1.45296 1.45360 1.45993 1.46937 1.48674 1.51291 1.53693 1.57826 1.68752 1.86132 1.90653 1.91670 2.00677 2.09140 1.93792 1.90239 1.90075 1.88643 1.85615 2.02386 1.99326 1.97753 2.06324 2.35026 2.32071 2.27943 2.23816 2.18020 2.01080 1.97213 1.97244 2.10169 2.04557 1.92467 1.90626 1.85610 1.87653 1.91403 1.95360 1.99490 2.03817 2.08381 2.11402 2.09955 2.08208 2.06459 2.04723 2.03235 1.93238 1.89555 1.79388 1.61691 1.62064 1.59897 1.34978 1.37676
1.39424 1.41079 1.55861 1.57161 1.49492 1.50363 1.51184 1.51937 1.52991 1.55241 1.57517 1.59305 1.60798 1.61511 1.61364 1.61358 1.63891 1.66009 1.78500 1.77920 1.76336 1.80280 1.99700 1.88863 1.82353 1.78838 1.76749 1.74761 1.85889 1.87281 1.83150 1.78691 2.04461 2.11244 2.11084 2.09230 2.06974 1.94813 1.95236 2.01401 2.13562 2.33441 2.09710 2.12528 2.08565 2.12083 2.11574 2.09825 2.08078 2.06329 2.04587 2.03536 2.03392 2.01343 1.98668 1.95994 1.93526 1.88441 1.84194 1.90358 1.64399 1.62064 1.62064 1.46812 1.34170
1.48343 1.43117 1.51641 1.62794 1.55710 1.57052 1.58547 1.60059 1.61290 1.61358 1.61358 1.61358 1.61335 1.59278 1.55898 1.52524 1.49821 1.54865 1.67259 1.71200 1.71384 1.68328 1.82659 1.79380 1.69719 1.66605 1.62869 1.60298 1.65017 1.68044 1.66431 1.64849 1.74568 1.95761 1.95917 1.99957 2.05246 2.06421 2.10795 2.21862 2.25880 2.53564 2.28729 2.17519 2.08707 2.04461 2.03532 2.03527 2.03451 2.01549 1.98873 1.96200 1.93659 1.93177 1.93925 1.94743 1.95566 1.95171 1.88406 1.91870 1.85022 1.69795 1.70755 1.70326 1.47242
1.51791 1.48528 1.56573 1.74226 1.72452 1.69129 1.69654 1.70183 1.70722 1.69763 1.66705 1.63611 1.60527 1.59611 1.60002 1.58272 1.54628 1.54589 1.61047 1.70318 1.67250 1.63390 1.71079 1.74205 1.62565 1.61104 1.60239 1.60259 1.61767 1.64105 1.66448 1.69860 1.76087 2.08865 2.15766 2.16457 2.14817 2.12051 2.03923 2.14948 2.14859 2.28188 2.39906 2.20993 2.17233 2.11098 2.09244 2.07389 2.05607 2.05652 2.06474 2.07297 2.08113 2.08792 2.08860 2.08860 2.08860 2.08860 2.02265 2.00620 2.07744 1.85697 1.89762 1.96341 1.76260
1.58850 1.58935 1.65328 1.74089 1.84343 1.74707 1.71895 1.68939 1.65972 1.64556 1.64726 1.62475 1.58908 1.55267 1.51655 1.50249 1.50852 1.53615 1.62767 1.68104 1.61432 1.54984 1.58451 1.70784 1.64317 1.64732 1.66589 1.68418 1.68765 1.68282 1.68012 1.78398 1.77245 1.87532 2.02096 1.99723 1.98794 1.98784 1.94291 2.02507 2.04087 2.10447 2.42115 2.28065 2.17741 2.08860 2.08860 2.08860 2.08860 2.09086 2.10015 2.10994 2.11972 2.12926 2.12274 2.10746 2.10727 2.11784 2.12542 2.11456 2.30939 2.39141 2.31234 2.31291 2.24931
1.58982 1.58335 1.69383 1.73147 1.89627 1.71608 1.69312 1.66469 1.61642 1.56659 1.52295 1.50567 1.50184 1.49800 1.49418 1.49035 1.48678 1.48499 1.55476 1.59904 1.58897 1.49493 1.49884 1.64883 1.70381 1.65571 1.64551 1.62205 1.59851 1.57496 1.55143 1.60579 1.67168 1.66925 1.91914 1.92209 1.90665 1.88097 1.83779 1.82542 1.86433 1.96520 2.19101 2.29115 2.13948 2.16363 2.18333 2.19288 2.18567 2.16661 2.14174 2.11739 2.09946 2.10945 2.15853 2.21995 2.27039 2.31189 2.31869 2.23900 2.29642 2.53405 2.31291 2.31291 2.31453
1.45616 1.42965 1.51599 1.68452 1.80222 1.60215 1.49986 1.48023 1.47998 1.47998 1.48000 1.48123 1.48319 1.48515 1.48712 1.48368 1.46295 1.43953 1.44909 1.50157 1.58871 1.50117 1.46420 1.52286 1.62939 1.53363 1.50016 1.47826 1.45771 1.43736 1.41698 1.40875 1.54742 1.55100 1.67859 1.79307 1.76991 1.75695 1.75650 1.73217 1.81201 1.88183 2.01278 2.25787 2.07172 2.08112 2.09437 2.07234 2.06594 2.10649 2.16556 2.22825 2.28908 2.32091 2.32053 2.28658 2.23790 2.18728 2.09358 1.93239 1.79956 2.04993 2.43490 2.57490 2.65792
1.44824 1.45856 1.49465 1.72386 1.74634 1.67012 1.48244 1.48440 1.48637 1.48833 1.49028 1.48240 1.45898 1.43535 1.41169 1.39253 1.38247 1.35495 1.33977 1.42484 1.44877 1.45361 1.41635 1.41633 1.43406 1.37415 1.36936 1.37087 1.37106 1.36925 1.36206 1.35451 1.43320 1.51144 1.50782 1.75024 1.75360 1.74610 1.73853 1.70665 1.76513 1.79454 1.88822 2.09449 2.06455 2.05158 2.17280 2.23459 2.29082 2.26975 2.21822 2.17054 2.12618 2.08471 2.00399 1.89902 1.80486 1.71220 1.66205 1.65096 1.80155 2.10526 2.50564 2.68413 2.68413
1.47699 1.47564 1.47593 1.64525 1.70591 1.73741 1.50128 1.47122 1.44522 1.41919 1.39318 1.37766 1.36261 1.34375 1.32493 1.30696 1.29691 1.30561 1.30816 1.38903 1.43031 1.50455 1.43348 1.43448 1.39651 1.40812 1.36361 1.35607 1.34852 1.34279 1.34061 1.33268 1.33615 1.47867 1.46837 1.60857 1.71281 1.71275 1.71192 1.70530 1.71613 1.76591 1.88044 2.01430 2.09736 2.07476 2.11098 2.07419 2.04098 2.02629 1.97532 1.88246 1.78939 1.69645 1.64494 1.64392 1.69322 1.77301 1.85280 1.94555 2.09865 2.19305 2.56694 2.63697 2.68413
1.43493 1.42901 1.42265 1.48865 1.59129 1.62609 1.49766 1.38011 1.36362 1.34710 1.33061 1.31224 1.30816 1.30816 1.30816 1.30816 1.30881 1.31038 1.31196 1.34529 1.43900 1.48732 1.43849 1.42210 1.38185 1.38178 1.32608 1.31768 1.30927 1.30085 1.29117 1.28543 1.28017 1.37211 1.44589 1.45570 1.68101 1.66608 1.64682 1.64112 1.64664 1.72062 1.75573 1.83352 1.94703 1.92856 1.94015 1.86703 1.77402 1.68541 1.64338 1.64332 1.68641 1.76623 1.84605 1.92519 1.95568 1.95568 1.95568 1.96507 2.03811 2.13149 2.52187 2.50880 2.67824
1.37271 1.35238 1.32223 1.31578 1.45514 1.46243 1.47861 1.30860 1.30816 1.30816 1.30816 1.30816 1.30855 1.31006 1.31164 1.31321 1.31414 1.31413 1.31026 1.31196 1.43460 1.46575 1.51376 1.48725 1.48614 1.36743 1.26697 1.26171 1.25644 1.25119 1.24903 1.24160 1.21689 1.20901 1.34835 1.33003 1.50778 1.59249 1.60254 1.59655 1.57113 1.64268 1.62583 1.60134 1.66755 1.61048 1.60039 1.64044 1.67653 1.75590 1.83529 1.91467 1.95097 1.95059 1.95021 1.94984 1.94946 1.94909 1.94871 1.95096 1.98037 2.11560 2.31548 2.55387 2.68925
1.25309 1.23070 1.21850 1.22033 1.35269 1.40168 1.50240 1.35342 1.30836 1.30973 1.30824 1.30151 1.29436 1.28784 1.28502 1.27856 1.27200 1.26533 1.26257 1.25511 1.32596 1.44323 1.49234 1.47322 1.46854 1.37463 1.22432 1.17835 1.14826 1.11818 1.08810 1.06545 1.06005 1.05532 1.19990 1.28295 1.29790 1.48062 1.44027 1.35916 1.28884 1.28556 1.28342 1.32120 1.50408 1.66779 1.76211 1.90498 1.94834 1.94841 1.94841 1.94841 1.94841 1.94841 1.94384 1.93512 1.92644 1.91486 1.89565 1.87960 1.87862 1.93454 1.98512 2.36823 2.08743
1.19448 1.19275 1.19110 1.18941 1.23505 1.29566 1.33290 1.27714 1.19428 1.18933 1.18569 1.18223 1.17844 1.17298 1.16411 1.15890 1.15375 1.14858 1.14343 1.13825 1.16043 1.36161 1.38132 1.37891 1.37029 1.33013 1.10635 1.02228 1.02228 1.01802 0.997696 0.975775 0.953898 0.931998 0.953494 1.21120 1.22482 1.25701 1.21375 1.22058 1.25253 1.36929 1.50438 1.58050 1.71264 1.86695 1.86828 1.89639 1.88750 1.87878 1.87010 1.85867 1.83955 1.81998 1.80503 1.79510 1.78816 1.77052 1.75914 1.74539 1.72584 1.74023 1.81543 2.13158 2.07771
1.15887 1.15729 1.14730 1.13823 1.13067 1.10856 1.14031 1.20083 1.13494 1.12442 1.11912 1.11874 1.11874 1.11874 1.11807 1.11578 1.11341 1.11104 1.10855 1.10525 1.10799 1.28201 1.34314 1.37445 1.36381 1.32779 1.14641 0.955680 0.940049 0.933233 0.943596 0.971197 1.00379 1.03638 1.06553 1.23636 1.32606 1.33737 1.39543 1.46664 1.51572 1.52734 1.61675 1.61817 1.65603 1.83822 1.85085 1.82521 1.80526 1.79439 1.78349 1.77540 1.76878 1.75766 1.74707 1.73609 1.72267 1.72115 1.72981 1.75458 1.77385 1.82000 1.97872 2.18342 2.30295
1.14252 1.11992 1.12084 1.11265 1.09882 1.06696 1.05367 1.14446 1.15007 1.11672 1.11435 1.11198 1.10961 1.10724 1.10530 1.10418 1.10306 1.10195 1.10095 1.09885 1.08507 1.16670 1.24460 1.21138 1.17348 1.15188 1.16306 0.999456 1.01942 1.04119 1.06188 1.06686 1.06650 1.06380 1.06065 1.09992 1.31292 1.43677 1.51979 1.51714 1.52111 1.52570 1.61545 1.63364 1.65453 1.77390 1.79882 1.78862 1.75681 1.74547 1.73528 1.71880 1.70685 1.71480 1.72334 1.73248 1.74170 1.75690 1.77986 1.78798 1.80491 1.98772 2.06418 2.10834 2.25195
1.12496 1.08930 1.07538 1.06987 1.07042 1.06085 1.04462 1.12337 1.15615 1.10223 1.09463 1.08778 1.08092 1.07405 1.06651 1.04624 1.02079 0.995336 0.969909 0.946387 0.934721 0.969131 1.09069 1.10523 1.12298 1.15250 1.22591 1.12478 1.06674 1.06443 1.06129 1.05814 1.05535 1.05511 1.05885 1.06394 1.24633 1.35544 1.55022 1.54255 1.54316 1.54316 1.59958 1.62027 1.61079 1.68722 1.74145 1.75173 1.67516 1.68233 1.69064 1.70655 1.72473 1.73750 1.76260 1.78824 1.81386 1.83376 1.83656 1.81079 1.74850 1.78151 1.79098 1.80101 1.96887
1.10232 1.09730 1.09697 1.10366 1.10997 1.11565 1.10013 1.10055 1.09847 1.03828 1.01105 0.991366 0.971658 0.951975 0.933191 0.927948 0.927948 0.927948 0.927948 0.933028 0.952334 0.988618 1.13556 1.18245 1.16971 1.18513 1.19834 1.18639 1.05872 1.06288 1.06797 1.07307 1.07816 1.08310 1.08492 1.08554 1.13868 1.34323 1.48919 1.54768 1.54826 1.55720 1.57409 1.54855 1.55231 1.62109 1.76520 1.84749 1.76820 1.74751 1.77222 1.79786 1.82279 1.83605 1.83656 1.81537 1.75386 1.69132 1.62879 1.58887 1.56824 1.58476 1.67993 1.78575 1.88633
1.14477 1.15574 1.13307 1.12991 1.12674 1.12173 1.09409 1.07056 1.04019 0.982715 0.928817 0.927948 0.927948 0.927948 0.927948 0.930514 0.948170 0.968316 0.988447 1.00351 1.00434 1.00579 1.10195 1.16310 1.13109 1.14076 1.13336 1.18400 1.09047 1.08710 1.08773 1.08835 1.08898 1.08957 1.09031 1.09648 1.10403 1.29756 1.42146 1.60856 1.60818 1.61424 1.61619 1.61171 1.58359 1.62769 1.76737 1.93127 1.90146 1.82020 1.81654 1.79496 1.72418 1.63451 1.54633 1.48092 1.45529 1.43129 1.40800 1.38784 1.38164 1.38070 1.48460 1.65237 1.70720
1.15710 1.13249 1.10042 1.09199 1.08340 1.07694 1.06586 1.05002 1.02795 1.00722 0.932503 0.928834 0.944014 0.964152 0.984290 1.00355 1.01138 1.01265 1.01121 1.00968 1.00817 1.00773 1.05787 1.11533 1.12477 1.10250 1.12530 1.16649 1.11967 1.09565 1.10583 1.11608 1.12632 1.13657 1.14623 1.15030 1.15300 1.22654 1.44782 1.63026 1.68033 1.69726 1.72319 1.74416 1.69257 1.71060 1.68106 1.75553 1.69286 1.52656 1.43914 1.37850 1.36257 1.36164 1.36164 1.36164 1.36164 1.36164 1.36277 1.37237 1.38454 1.40830 1.50080 1.61167 1.69510
1.13967 1.07131 1.08306 1.09287 1.09805 1.10328 1.10652 1.08855 1.08649 1.10027 1.04981 1.06450 1.06973 1.07090 1.07505 1.07759 1.07676 1.08034 1.08674 1.09324 1.09978 1.10629 1.11872 1.13151 1.18666 1.16872 1.23758 1.27942 1.32296 1.18295 1.17889 1.17889 1.17984 1.19138 1.20585 1.22034 1.23480 1.24931 1.47814 1.63064 1.78870 1.78621 1.79269 1.79154 1.69446 1.56627 1.38211 1.37183 1.42736 1.42186 1.41215 1.42344 1.43470 1.44599 1.45815 1.48279 1.51220 1.54267 1.57028 1.53838 1.47609 1.39195 1.36873 1.50224 1.70580
1.24375 1.18867 1.17094 1.18565 1.19406 1.21390 1.23696 1.25393 1.26349 1.25706 1.19878 1.14452 1.14917 1.15217 1.15224 1.15224 1.15224 1.15364 1.16789 1.18574 1.20418 1.22389 1.25913 1.29093 1.36664 1.36493 1.30999 1.30531 1.36944 1.24189 1.21926 1.23310 1.24299 1.24203 1.25483 1.27833 1.30227 1.32552 1.41731 1.61613 1.76312 1.67526 1.61180 1.55852 1.54432 1.47505 1.34461 1.32680 1.41760 1.52319 1.53839 1.55487 1.57451 1.59484 1.61476 1.59254 1.51285 1.42671 1.33793 1.30914 1.30796 1.30696 1.30838 1.42047 1.61325
1.30049 1.31723 1.26527 1.29335 1.31151 1.31540 1.32051 1.32970 1.33745 1.32538 1.29886 1.15732 1.16112 1.17876 1.19696 1.21581 1.23530 1.25591 1.28138 1.30802 1.33466 1.36067 1.36840 1.35050 1.37957 1.43970 1.37623 1.38215 1.41136 1.31708 1.22921 1.25363 1.28187 1.31030 1.32070 1.31976 1.30645 1.28807 1.27032 1.49794 1.57936 1.56486 1.55011 1.56296 1.59566 1.54075 1.45656 1.39240 1.49396 1.59733 1.64989 1.61025 1.54434 1.46045 1.37084 1.31520 1.31906 1.32276 1.32639 1.32991 1.34374 1.39155 1.44250 1.50196 1.64391
1.31900 1.37504 1.32273 1.32028 1.33902 1.35011 1.35570 1.34733 1.33469 1.30770 1.28846 1.25522 1.25670 1.25825 1.27589 1.29592 1.31594 1.33382 1.32951 1.31642 1.30288 1.28894 1.27470 1.25995 1.28565 1.48781 1.42069 1.41664 1.44939 1.46262 1.33321 1.32034 1.31018 1.29179 1.27341 1.25560 1.25052 1.25744 1.27456 1.40318 1.62538 1.69514 1.67310 1.68281 1.68901 1.65346 1.56751 1.44031 1.46227 1.49788 1.54942 1.38115 1.36820 1.37157 1.37493 1.37188 1.36570 1.39747 1.43635 1.47523 1.50346 1.49761 1.50751 1.54611 1.63706
1.31469 1.36870 1.40814 1.31878 1.31496 1.30134 1.28786 1.28126 1.27259 1.26003 1.25899 1.26387 1.28726 1.30928 1.30579 1.29880 1.29158 1.28411 1.27958 1.27954 1.27954 1.27954 1.28309 1.30042 1.32282 1.51297 1.55512 1.50623 1.49547 1.46635 1.33715 1.26279 1.27074 1.28852 1.30716 1.32664 1.34708 1.36200 1.37994 1.40472 1.70674 1.82138 1.81169 1.82467 1.85890 1.83217 1.68366 1.42415 1.36607 1.32506 1.44841 1.38170 1.34010 1.36935 1.40823 1.44714 1.49053 1.49761 1.50528 1.54267 1.58305 1.62345 1.65397 1.66822 1.69965
1.20160 1.24837 1.36806 1.24625 1.24776 1.26483 1.29140 1.31801 1.34136 1.34286 1.30190 1.29114 1.30389 1.27988 1.27954 1.27954 1.27954 1.27954 1.28086 1.30117 1.32763 1.35406 1.37694 1.37752 1.36995 1.42472 1.54449 1.44586 1.41652 1.42212 1.44000 1.41126 1.43473 1.45791 1.48189 1.50691 1.53285 1.55656 1.58104 1.61809 1.78636 1.96163 1.95879 1.85745 1.78642 1.77526 1.65769 1.45039 1.32665 1.31409 1.41325 1.50596 1.49181 1.50972 1.52369 1.56804 1.63314 1.71066 1.78046 1.82052 1.85758 1.89466 1.93180 1.95642 1.96479
