results/OMI_NO2_200501.asc
ncols      200
nrows      200
xllcorner       120.258
yllcorner       41.1236
cellsize     0.0166667
NODATA_Value      -999.000
[rows 0 to 28 of 187, columns 67 to 133 of 200]
1.79972 1.68597 1.64587 1.64538 1.64538 1.64538 1.64538 1.76781 1.88195 2.02256 1.88568 1.88898 1.66356 0.649209 0.537065 0.591109 0.715142 0.746053 0.773400 0.796542 0.801704 0.801704 0.801704 0.801704 0.801704 0.801704 0.801704 0.852221 1.02899 1.25145 1.74383 2.64214 3.13983 3.30883 3.49976 3.59589 3.78774 3.87707 4.45495 4.46741 4.46741 4.46741 4.46741 4.46741 4.46741 4.46741 4.46741 4.46741 4.46741 4.06783 3.78829 3.89966 4.03602 4.15976 4.27266 4.28453 3.98392 3.89697 3.81426 3.78941 4.15084 4.06195 3.83469 3.48027 3.19528 2.98557 2.91887
1.64538 1.64538 1.64538 1.64538 1.64144 1.57656 1.48856 1.42844 1.48310 1.63568 1.68138 1.72301 1.55835 0.954078 0.459647 0.503794 0.792921 0.801704 0.801704 0.802946 0.927668 1.12188 1.30473 1.47596 1.62763 1.69730 1.74699 1.76018 1.71118 1.75476 1.85927 2.51764 3.68119 3.68428 3.67264 3.64052 3.72800 3.81768 4.22405 4.46741 4.46741 4.46741 4.46741 4.46741 4.46741 4.40866 4.33863 4.35060 4.36387 4.27428 3.81025 3.89512 3.82805 3.76333 3.70077 3.65651 3.21878 3.20728 3.20526 3.20032 3.12620 3.05704 2.85173 2.83295 2.83295 2.83295 2.83295
1.59377 1.53795 1.45901 1.38775 1.32866 1.30925 1.29504 1.25697 1.27195 1.36467 1.42980 1.47806 1.48510 1.20306 0.816288 1.00324 1.45274 1.70191 1.83964 1.93321 1.93299 1.84384 1.76411 1.69924 1.65151 1.64985 1.65054 1.65054 1.66058 1.73738 1.86810 2.17272 3.48068 3.68428 3.68423 3.59683 3.48216 3.50798 3.51121 3.74225 3.61313 3.50986 3.50799 3.52012 3.53115 3.56903 3.59947 3.73107 4.09740 4.09854 3.68602 3.67680 3.67585 3.67423 3.67067 3.66609 3.30540 3.18781 3.18591 3.18591 3.13087 3.06126 2.94473 2.83295 2.83295 2.83295 2.83295
1.33368 1.31023 1.27759 1.24010 1.20480 1.17073 1.14660 1.15024 1.17639 1.29956 1.46484 1.52092 1.64253 1.49702 1.63689 1.61968 1.65002 1.69557 1.63731 1.60601 1.64114 1.80546 1.84078 1.87679 1.91406 1.91578 1.88873 1.89501 1.89021 1.89102 1.94399 2.07321 2.57015 2.99648 2.94263 2.90674 2.85059 2.89544 3.00223 3.36727 3.53297 3.60963 3.62190 3.62429 3.62663 3.62896 3.63128 3.66902 4.14590 4.15482 3.96420 3.75018 3.74846 3.65002 3.64900 3.64900 3.40300 3.18591 3.18591 3.18591 3.17692 3.06709 3.03829 2.83320 2.82264 2.81792 2.81318
1.09324 1.06741 1.07071 1.08093 1.09148 1.10331 1.11695 1.12102 1.11586 1.15907 1.29527 1.35417 1.41243 1.33861 1.32327 1.40068 1.42015 1.56522 1.58712 1.60136 1.67764 2.10533 2.09012 2.07518 2.05960 1.98642 1.84211 1.84091 1.83999 1.84913 1.91124 2.00729 2.24031 3.04026 3.09260 3.13069 3.13410 3.05756 3.13299 3.29536 3.52498 3.50807 3.49115 3.47464 3.45992 3.44558 3.42607 3.40700 3.72417 3.79810 3.76313 3.39678 3.40296 3.23798 3.30906 3.64206 3.50847 3.17020 3.16578 3.16105 3.15632 3.07567 3.02332 2.87926 2.79476 2.79095 2.78121
1.11197 1.11966 1.11593 1.11206 1.10822 1.10438 1.09733 1.08497 1.07342 1.08737 1.19583 1.26327 1.23850 1.27953 1.40676 1.51781 1.51781 1.56058 1.57535 1.57410 1.57290 1.99242 2.04067 2.04140 2.05767 2.07067 1.88883 1.89984 1.86089 1.87413 1.91118 1.97648 2.11680 2.75886 2.90303 2.90271 2.89132 2.80484 2.85351 2.90312 3.25276 3.27360 3.27057 3.26752 3.26266 3.25792 3.25827 3.26928 3.48476 3.71617 3.73779 3.48566 3.31215 3.17728 3.15181 3.58759 3.59009 3.15618 3.14772 3.14657 3.13807 3.10307 2.99505 2.94060 2.75653 2.76747 2.78457
1.08326 1.07120 1.05961 1.04840 1.03786 1.03906 1.08231 1.13643 1.19019 1.22974 1.23006 1.30933 1.22856 1.26786 1.34396 1.49466 1.51273 1.52069 1.56974 1.57984 1.58958 1.93477 2.12689 2.17499 2.23269 2.28675 2.15404 2.12936 2.03947 1.95903 1.95903 1.95910 2.07462 2.46747 2.90271 2.90273 2.90674 2.85832 2.84779 2.88099 3.10366 3.27978 3.29899 3.31821 3.33742 3.35665 3.37550 3.38371 3.47335 3.80165 3.80165 3.70718 3.29358 3.21271 3.13346 3.45776 3.57486 3.20798 3.10276 3.08402 3.05888 3.03492 3.02343 3.04560 2.88142 2.82420 2.82420
1.02045 1.02938 1.07728 1.13157 1.18548 1.22813 1.23238 1.23238 1.23238 1.23238 1.22480 1.28716 1.24993 1.22071 1.30601 1.46500 1.54304 1.55371 1.60502 1.68198 1.73599 2.01897 2.37344 2.40029 2.40029 2.40029 2.28165 2.13805 2.08634 1.95903 1.95903 1.96894 2.05297 2.27114 2.96501 3.01493 3.05446 3.04274 2.96965 2.97976 3.05704 3.38262 3.38371 3.38371 3.38371 3.38371 3.38371 3.38371 3.38989 3.77393 3.80165 3.80165 3.36859 3.20267 3.07874 3.26622 3.47946 3.24208 3.07705 3.09111 3.14686 3.20573 3.30449 3.41454 3.43301 3.48122 3.82940
1.18058 1.22604 1.23238 1.23238 1.23238 1.23238 1.23238 1.23241 1.23540 1.23198 1.22731 1.22929 1.25743 1.17067 1.28986 1.47799 1.64127 1.67196 1.71967 1.87090 1.87090 1.97741 2.40029 2.40276 2.42289 2.44650 2.42826 2.22119 2.25379 2.13527 2.19389 2.24735 2.29786 2.48718 2.97748 3.13323 3.13323 3.12854 3.01882 3.00222 2.99614 3.28395 3.38371 3.38371 3.38371 3.38371 3.38371 3.38371 3.38371 3.65833 3.79420 3.78198 3.53391 3.18985 3.02537 3.13617 3.49336 3.50489 3.94820 4.08415 4.07636 4.07793 4.09683 4.67979 5.26003 5.86762 5.99377
1.22474 1.23238 1.23250 1.23977 1.25073 1.25102 1.24679 1.24252 1.23529 1.23770 1.25882 1.27480 1.34756 1.29664 1.32808 1.49195 1.68332 1.73700 1.74757 1.90098 1.97455 2.00732 2.54659 2.61866 2.65657 2.70845 2.76411 2.55080 2.54057 2.37436 2.32465 2.32465 2.32465 2.43902 2.75684 3.13323 3.13323 3.13323 3.05816 3.00921 3.01035 3.14499 3.41739 3.42761 3.43748 3.43489 3.42655 3.41821 3.40985 3.54747 3.78913 3.78913 3.75159 3.25681 3.08616 3.08359 3.50035 3.51942 3.82053 4.10706 4.12964 4.14137 4.14137 4.37410 5.28477 5.54090 5.99377
1.24325 1.26976 1.26572 1.25422 1.23903 1.24589 1.26976 1.29363 1.31750 1.33303 1.32597 1.31506 1.32197 1.30988 1.22325 1.35792 1.70233 1.95817 1.98762 2.00811 2.18339 2.23408 2.64893 2.80673 2.82486 2.82562 2.81608 2.62340 2.51384 2.40179 2.31142 2.32700 2.34445 2.41099 2.62277 3.25281 3.30109 3.33261 3.27907 3.05078 3.04479 3.04341 3.34107 3.35420 3.33332 3.32474 3.32203 3.31934 3.31665 3.35582 3.68067 3.67716 3.66715 3.31247 3.09348 3.08728 3.44073 3.57016 3.69875 4.14137 4.14137 4.14137 4.14137 4.16226 4.98744 5.31247 5.84968
1.21029 1.24419 1.26238 1.27583 1.28928 1.29132 1.28091 1.27050 1.26007 1.25589 1.26639 1.27969 1.29130 1.35795 1.25895 1.31016 1.61528 2.02477 2.03755 1.98520 2.15966 2.17910 2.37694 2.57032 2.56992 2.56950 2.57477 2.60312 2.64090 2.60048 2.41937 2.42483 2.41997 2.42851 2.58693 3.10079 3.31961 3.32015 3.31607 3.02431 2.99737 2.99736 3.15577 3.32399 3.33873 3.35387 3.36905 3.38300 3.39310 3.41545 3.77843 3.87656 3.91385 3.77850 3.37018 3.39183 3.50249 3.57016 3.52416 3.90366 3.81188 3.68045 3.54880 3.41715 3.59216 4.05154 4.07999
1.23064 1.24248 1.25011 1.25116 1.26214 1.27600 1.25915 1.24551 1.24997 1.25374 1.25728 1.26214 1.26167 1.34007 1.35125 1.32657 1.50997 1.87845 1.95182 1.95029 2.10237 2.22850 2.34793 2.65454 2.66066 2.66683 2.67284 2.65665 2.63595 2.59850 2.46370 2.44912 2.44350 2.55637 2.71294 3.11831 3.65544 3.67571 3.69655 3.45813 3.32316 3.32313 3.34968 3.64189 3.64562 3.65381 3.66212 3.67192 3.68622 3.68713 3.95147 4.18427 4.19661 4.20434 3.26899 2.95581 2.84611 2.73649 2.68186 2.92296 3.07541 3.07541 3.07541 3.07600 3.12549 3.83129 3.98288
1.25992 1.28006 1.32242 1.35166 1.37253 1.39101 1.35165 1.28800 1.30004 1.32600 1.34632 1.36227 1.38151 1.44601 1.51893 1.37481 1.44513 1.74722 1.96430 1.97045 2.01260 2.25473 2.26340 2.61151 2.58518 2.55604 2.52833 2.51754 2.52643 2.53002 2.53050 2.53068 2.53068 2.58113 2.71311 2.97110 3.69834 3.74635 3.74635 3.61363 3.30919 3.26356 3.33192 3.58153 3.72467 3.73561 3.74643 3.75286 3.72233 3.77890 3.91484 4.27203 4.27203 4.27203 3.48065 2.68340 2.68186 2.68207 2.68285 2.80686 3.07855 3.07952 3.07934 3.07427 3.07139 3.04487 3.26260
1.38114 1.39872 1.46502 1.47747 1.47324 1.48339 1.48232 1.36117 1.38026 1.38563 1.38563 1.37890 1.35036 1.33121 1.40903 1.41118 1.43926 1.61031 1.94803 1.93338 1.91849 2.07670 2.14820 2.44928 2.51831 2.51879 2.51914 2.51916 2.52436 2.53068 2.53068 2.53068 2.53068 2.53451 2.67800 2.86957 3.47277 3.77569 3.76598 3.73384 3.33719 3.27736 3.40147 3.53150 3.72735 3.60896 3.49760 3.39682 3.40778 3.76961 3.80153 4.21101 4.08320 3.92491 3.75272 2.70586 2.68579 2.68601 2.68206 2.69958 3.05545 3.04102 3.01456 2.98473 2.92301 2.57099 2.66227
1.41275 1.42168 1.46644 1.51785 1.54006 1.54785 1.53672 1.37290 1.31891 1.29140 1.26513 1.24963 1.27436 1.30448 1.38388 1.44478 1.45957 1.49190 1.82941 1.90311 1.90356 1.97063 2.15001 2.36541 2.51916 2.51916 2.51916 2.52249 2.53430 2.55403 2.56414 2.57595 2.58025 2.57586 2.65822 2.79109 3.20324 3.76038 3.75856 3.75856 3.45254 3.16168 3.09360 3.10946 3.25407 3.26154 3.20581 3.11352 3.02357 3.11576 3.14717 3.29982 3.36540 3.36313 3.62953 2.88059 2.66633 2.66116 2.65959 2.46562 2.32671 2.30184 2.27698 2.25903 2.25998 2.18986 1.79789
1.42154 1.46779 1.44293 1.45910 1.42475 1.39182 1.37258 1.31198 1.27488 1.30500 1.33515 1.36096 1.36493 1.36525 1.37833 1.41889 1.47242 1.46308 1.70241 1.90437 1.90439 1.91013 2.13955 2.31820 2.56724 2.57869 2.59279 2.60462 2.59857 2.59417 2.58112 2.56494 2.55625 2.55625 2.58095 2.71708 2.91277 3.44979 3.34283 3.18351 2.95389 2.69938 2.58507 2.62931 2.72116 2.84210 2.82504 2.83874 2.85417 2.90614 3.17301 3.27370 3.34690 3.34547 3.48135 3.25159 2.65645 2.65645 2.65645 2.55291 2.27663 2.25308 2.24715 2.23899 2.23002 2.22995 1.86146
1.23839 1.33126 1.34000 1.38093 1.40624 1.43745 1.46787 1.45626 1.36501 1.36546 1.36590 1.36635 1.36801 1.37934 1.39109 1.44129 1.49926 1.50639 1.58872 1.90667 1.90988 1.91913 2.09625 2.28963 2.60682 2.59102 2.57250 2.55135 2.52371 2.49586 2.46672 2.44308 2.42698 2.37919 2.29022 2.28638 2.27757 2.59769 2.78735 2.73688 2.67801 2.59651 2.53603 2.59294 2.71378 2.94358 2.95161 2.94509 2.93978 2.93604 3.13384 3.24670 3.24263 3.23851 3.25424 3.45234 2.66523 2.65333 2.64642 2.61930 2.26531 2.22995 2.22995 2.22995 2.22995 2.22995 2.07343
1.22117 1.42307 1.45273 1.50121 1.56922 1.58092 1.60179 1.62184 1.49041 1.49430 1.50766 1.52067 1.53206 1.52315 1.50449 1.50576 1.52977 1.55781 1.53349 1.96195 2.11946 2.10314 2.16812 2.42539 2.37985 2.34349 2.31532 2.28972 2.27982 2.27097 2.21639 2.15159 2.08545 2.04714 2.04336 2.07030 2.10691 2.16727 2.58253 2.58608 2.58917 2.56365 2.50391 2.47828 2.59923 2.75367 2.85671 2.85671 2.85671 2.85671 2.90999 3.16986 3.16826 3.16366 3.15905 3.40790 2.81571 2.62759 2.62759 2.62759 2.33844 2.23849 2.31660 2.43212 2.54746 2.66290 2.77398
1.39144 1.62326 1.69068 1.71500 1.78764 1.78932 1.77873 1.75302 1.63105 1.58039 1.56899 1.55788 1.54710 1.54685 1.55798 1.57653 1.62567 1.69027 1.56901 1.66570 1.96556 1.94295 2.01629 2.21142 2.26891 2.24754 2.20098 2.14324 2.08841 2.04611 2.04306 2.04951 2.05624 2.06296 2.07065 2.08104 2.12497 2.08135 2.51668 2.59803 2.59803 2.58060 2.54437 2.47684 2.53793 2.65530 2.85637 2.86082 2.85751 2.85339 2.84908 3.05349 3.14731 3.14690 3.12490 3.21924 3.26741 3.14932 3.28388 3.41855 3.27707 3.14977 3.16767 3.16767 3.16767 3.16767 3.16785
1.51049 1.64624 1.71666 1.68883 1.66424 1.63986 1.60782 1.57808 1.56147 1.54529 1.52942 1.52453 1.54606 1.57664 1.60810 1.63372 1.61680 1.61301 1.53798 1.42568 1.86801 1.88955 1.92209 1.99757 2.12117 2.05625 2.05116 2.05789 2.06463 2.07160 2.07867 2.08165 2.08446 2.08726 2.08911 2.08916 2.11549 2.09847 2.34251 2.59803 2.59803 2.59179 2.56058 2.50521 2.51843 2.61170 2.77950 2.81951 2.78918 2.75697 2.72472 2.76285 2.94827 2.91288 2.89908 2.91913 3.40981 3.72762 3.72159 3.72159 3.56501 3.19269 3.16899 3.16972 3.17044 3.17311 3.19976
1.37498 1.40961 1.52210 1.50475 1.48283 1.47045 1.46223 1.46995 1.50279 1.54749 1.59470 1.63200 1.64047 1.64047 1.64105 1.64956 1.65850 1.62087 1.61811 1.42661 1.66482 1.74931 1.76283 1.85081 2.04018 2.07772 2.08052 2.08331 2.08614 2.08869 2.08916 2.08916 2.08916 2.08916 2.08916 2.08916 2.09813 2.12586 2.16048 2.57146 2.57716 2.56621 2.51287 2.47804 2.42705 2.41037 2.47440 2.62195 2.63158 2.64447 2.65735 2.66332 2.83946 2.89908 2.89978 2.92494 3.28871 3.87299 3.72449 3.72534 3.70094 3.23309 3.22716 3.25803 3.29124 3.32247 3.32963
1.31506 1.33724 1.44354 1.48294 1.49623 1.54312 1.59045 1.62987 1.64047 1.64137 1.65045 1.66149 1.67254 1.68357 1.69383 1.70803 1.72909 1.74499 1.76307 1.59110 1.57446 1.74954 1.75243 1.83189 1.95317 2.09052 2.08916 2.08916 2.08916 2.08916 2.08920 2.09254 2.09796 2.10339 2.10774 2.11297 2.12742 2.18306 2.15555 2.37206 2.42471 2.41283 2.39232 2.37688 2.36338 2.36789 2.39891 2.61026 2.63239 2.63000 2.65600 2.69449 2.80155 3.03138 3.08175 3.10587 3.22537 3.85667 3.53487 3.57245 3.62898 3.54823 3.41207 3.30746 3.30423 3.30099 3.30591
1.34398 1.39017 1.52400 1.64875 1.64111 1.64984 1.66237 1.67343 1.68446 1.69390 1.69093 1.69161 1.71073 1.73227 1.75553 1.76548 1.76408 1.78530 1.76266 1.70678 1.48339 1.75200 1.74115 1.80095 1.87864 2.08084 2.10576 2.11118 2.11665 2.12260 2.12742 2.12996 2.13906 2.14830 2.14673 2.05873 2.05118 2.05920 2.04679 2.10128 2.23949 2.23467 2.22183 2.19210 2.17575 2.18051 2.22049 2.36026 2.50697 2.54370 2.55464 2.55929 2.58271 3.07099 3.21098 3.27025 3.34393 4.07610 4.02659 3.80173 3.80173 3.80472 3.63536 3.41105 3.55206 3.71713 3.89927
1.48839 1.49979 1.56534 1.69983 1.70127 1.68783 1.68484 1.68011 1.69288 1.71428 1.74175 1.76392 1.76267 1.75959 1.75651 1.75344 1.75969 1.78949 1.84373 1.86163 1.63523 1.78591 1.82276 1.87286 1.92202 2.02485 2.13082 2.13170 2.14084 2.14955 2.15936 2.10186 2.09976 2.10643 2.11263 1.96232 1.95570 1.97284 1.98990 1.91138 2.11124 2.14086 2.15881 2.26909 2.32003 2.31046 2.32790 2.39021 2.63215 2.65833 2.67835 2.69389 2.69236 2.96457 3.28232 3.27812 3.27409 3.74563 4.29661 4.00602 4.23333 4.50987 4.74672 3.99163 3.97704 3.97704 3.97704
1.52656 1.52081 1.54697 1.64049 1.67897 1.68019 1.70399 1.72531 1.72474 1.72772 1.74298 1.76043 1.78841 1.81866 1.84998 1.88243 1.90781 1.91480 1.94531 1.89517 1.78245 1.63778 1.78894 1.75502 1.83404 1.87480 2.10505 2.13918 2.15500 2.16582 2.17707 2.04279 1.98732 1.98719 2.00450 1.91087 1.87008 1.87878 1.90981 1.83168 1.98728 2.05958 2.06353 2.18702 2.26791 2.26312 2.25930 2.28337 2.49183 2.59419 2.59419 2.59419 2.59419 2.69741 3.15881 3.30178 3.41896 3.96400 5.63353 5.06709 4.90985 4.91004 4.91831 4.18449 3.97704 3.98003 3.99959
1.38599 1.39432 1.41576 1.52482 1.67170 1.66994 1.69673 1.72803 1.76067 1.78353 1.79498 1.80534 1.80705 1.80789 1.80873 1.80957 1.81022 1.79655 1.78490 1.76441 1.74022 1.59886 1.90352 1.85150 1.89252 1.88768 2.03822 2.12101 2.12016 2.15121 2.19146 2.13505 2.05900 2.08235 2.07395 1.97951 1.85773 1.84428 1.86335 1.88336 1.93188 2.09590 2.10091 2.15986 2.28934 2.28642 2.26213 2.27059 2.36608 2.59453 2.62572 2.67898 2.73766 2.83769 3.40101 3.69508 3.69508 3.82700 5.50230 5.63270 4.99579 5.02329 5.05758 4.60570 4.13371 4.15270 4.15516
1.42301 1.42062 1.42468 1.48858 1.79491 1.81512 1.80704 1.80788 1.80872 1.80900 1.79350 1.77089 1.74897 1.72777 1.70345 1.67109 1.64632 1.63338 1.63202 1.68677 1.68848 1.67547 1.87314 1.91676 1.89336 1.91816 2.01319 2.26613 2.30167 2.29330 2.27522 2.21785 2.02113 2.01274 2.01996 2.00132 1.85617 1.86378 1.86533 1.93443 1.88078 2.07779 2.10093 2.11009 2.28403 2.29071 2.30784 2.37486 2.41952 2.75409 2.84248 2.82985 2.80344 2.77588 3.09299 3.57214 3.61288 3.60192 5.18639 6.44123 5.14352 5.13250 5.13727 4.97668 4.21319 4.36137 4.52207
1.52104 1.49773 1.53437 1.61944 1.78793 1.82513 1.72569 1.70523 1.68543 1.66673 1.65845 1.64659 1.64017 1.63439 1.63179 1.63662 1.63674 1.63674 1.64705 1.69856 1.74189 1.76782 1.80439 2.04732 2.00021 1.99119 1.97661 2.17627 2.22383 2.23359 2.24455 2.25529 2.06957 2.04905 2.04905 2.04895 1.88362 1.86469 1.86469 1.91513 1.87325 2.01567 2.12834 2.18487 2.39889 2.52195 2.53900 2.51462 2.41881 2.45708 2.67063 2.65181 2.64820 2.64464 2.86281 3.29251 3.59713 3.59713 4.52795 6.34896 5.84803 5.89027 6.20008 6.55024 5.31476 5.00843 4.89770
