results/OMI_NO2_200907.asc
ncols      200
nrows      200
xllcorner       120.258
yllcorner       41.1236
cellsize     0.0166667
NODATA_Value      -999.000
[rows 120 to 149 of 200, columns 0 to 65 of 200]
1.54006 1.53999 1.53999 1.53999 1.53999 1.53999 1.53999 1.53999 1.53999 1.54631 1.56960 1.59381 1.61803 2.00133 3.00897 3.01907 3.01907 2.98355 2.94333 2.97012 2.97012 2.97012 2.97012 2.96324 2.93822 2.91232 2.88638 2.86041 2.83446 2.81965 2.81959 2.91791 2.82252 2.78378 2.38639 2.23344 2.24499 2.30362 2.30560 2.33564 2.37475 2.33867 2.35962 2.43028 2.48901 2.54241 2.59938 2.63175 2.63029 2.61788 2.60235 2.58705 2.57230 2.56758 2.50084 2.70859 2.70832 2.64417 2.64417 2.64417 2.64417 2.64417 2.64417 2.64417 2.64417 2.76636
1.56416 1.53999 1.53999 1.53999 1.53999 1.54992 1.57403 1.59825 1.62247 1.64036 1.64129 1.64129 1.64129 1.64318 2.82270 3.01907 3.01907 3.01886 2.94648 2.91748 2.89150 2.86556 2.83960 2.82054 2.81959 2.81959 2.81959 2.81959 2.81959 2.81959 2.81959 2.82962 2.85329 2.70784 2.51921 2.22866 2.25843 2.33542 2.36309 2.35396 2.33592 2.34849 2.43500 2.43044 2.41792 2.40556 2.39341 2.38137 2.37023 2.37389 2.39661 2.42025 2.44365 2.45235 2.38955 2.47796 2.69211 2.64417 2.64417 2.64417 2.64417 2.64417 2.64417 2.64417 2.64417 2.67239
1.62445 1.55425 1.57846 1.60269 1.62690 1.64119 1.64129 1.64129 1.64129 1.64129 1.64129 1.64149 1.66073 1.69260 2.43378 3.07661 3.09256 3.10661 3.05475 2.85417 2.81959 2.81959 2.81959 2.81959 2.81959 2.81959 2.81959 2.81959 2.81936 2.80726 2.75876 2.62733 2.50934 2.42138 2.37586 2.21434 2.19910 2.21791 2.24372 2.24362 2.24362 2.24858 2.35980 2.36775 2.36775 2.36880 2.38665 2.41030 2.43394 2.45143 2.45235 2.45235 2.45235 2.45235 2.42223 2.41875 2.65579 2.64417 2.64417 2.64417 2.64417 2.64418 2.65594 2.67841 2.70088 2.72109
1.88707 1.64423 1.64129 1.64129 1.64129 1.64129 1.64988 1.68061 1.71249 1.74436 1.77628 1.80795 1.82058 1.82058 1.93755 3.06002 3.10871 3.10871 3.09699 2.92152 2.81959 2.81959 2.81959 2.81943 2.80939 2.76208 2.71027 2.65862 2.60701 2.56645 2.55561 2.54488 2.39188 2.41145 2.36189 2.25043 2.18892 2.19546 2.24332 2.24362 2.24362 2.24362 2.32049 2.40033 2.42396 2.44655 2.45235 2.45235 2.45235 2.45235 2.44430 2.41907 2.39329 2.36748 2.34125 2.24302 2.60053 2.65416 2.64820 2.66887 2.69133 2.71379 2.73956 2.82550 2.85327 3.04079
1.95446 1.71845 1.70049 1.73237 1.76426 1.79616 1.81945 1.82058 1.82058 1.82058 1.82058 1.82058 1.82058 1.82058 1.82058 2.77358 3.10871 3.10871 3.10860 3.00907 2.76742 2.71374 2.66194 2.61034 2.56867 2.56138 2.55263 2.54369 2.53474 2.52670 2.52536 2.52536 2.38895 2.44909 2.36792 2.31613 2.18926 2.18892 2.23262 2.26341 2.28410 2.30478 2.33892 2.45222 2.44410 2.41881 2.39303 2.36740 2.34169 2.31591 2.29814 2.29759 2.29759 2.29759 2.29778 2.25337 2.44994 2.79808 2.86021 2.93826 2.93978 2.93935 2.92628 2.85740 2.83855 3.11779
1.95446 1.88692 1.82058 1.82058 1.82058 1.82058 1.82058 1.82058 1.82058 1.82058 1.82058 1.82058 1.82058 1.82619 2.10746 2.75078 3.00998 2.95446 2.90283 2.83064 2.61277 2.55863 2.54968 2.54073 2.53179 2.52557 2.52536 2.52536 2.52536 2.52536 2.52536 2.52536 2.39791 2.45328 2.40223 2.37052 2.24358 2.24137 2.27890 2.28830 2.26574 2.24317 2.22060 2.28583 2.29810 2.29759 2.29759 2.29759 2.29759 2.29759 2.29759 2.30118 2.34564 2.41466 2.47487 2.47119 2.53444 2.98814 2.90017 2.84003 2.83855 2.83855 2.83855 2.80357 2.70580 2.68884
1.95446 1.94578 1.82465 1.82058 1.82058 1.82058 1.82058 1.82058 1.82058 2.00642 2.48243 2.87947 3.17507 3.40211 3.49897 3.50327 2.97486 2.81473 2.76845 2.72172 2.63595 2.52536 2.52536 2.52536 2.52536 2.52536 2.52536 2.52536 2.52536 2.52536 2.52536 2.52536 2.46027 2.42484 2.46290 2.44947 2.36538 2.28301 2.27813 2.18453 2.18223 2.18223 2.18223 2.22083 2.29759 2.29759 2.29773 2.33633 2.40104 2.46358 2.51083 2.51907 2.48732 2.43516 2.39015 2.37361 2.34150 2.76198 2.83855 2.82990 2.74755 2.64857 2.54949 2.48543 2.48418 2.48450
1.95446 1.95446 1.85291 1.82058 1.92830 2.37416 2.80079 3.11568 3.35729 3.49096 3.50764 3.50764 3.50130 3.46024 3.41400 3.36774 3.04244 2.65938 2.65938 2.65938 2.67129 2.53222 2.52536 2.52536 2.52536 2.52536 2.52601 2.53249 2.54036 2.54824 2.55612 2.56399 2.56954 2.41556 2.48307 2.46314 2.42356 2.27083 2.26215 2.18400 2.14670 2.14150 2.17325 2.21766 2.37176 2.43639 2.45624 2.42505 2.37168 2.32331 2.28907 2.28207 2.27613 2.27021 2.26803 2.27490 2.21859 2.42274 2.59299 2.50091 2.48418 2.48418 2.48418 2.48418 2.48418 2.48418
2.72175 3.33269 3.49187 3.30811 3.47527 3.50757 3.50764 3.50764 3.49579 3.45140 3.40516 3.35888 3.31900 3.31377 3.31377 3.31377 3.25852 2.68607 2.65938 2.65938 2.66344 2.59921 2.53888 2.54676 2.55463 2.56251 2.56973 2.57113 2.57113 2.57113 2.57113 2.57113 2.57113 2.36514 2.33125 2.33619 2.35197 2.25862 2.28751 2.30430 2.28988 2.34881 2.36284 2.36679 2.38938 2.36967 2.36671 2.37566 2.38459 2.39357 2.40253 2.41146 2.41016 2.36282 2.30947 2.24968 2.21135 2.25861 2.50319 2.48418 2.48418 2.48418 2.48418 2.48418 2.48418 2.48418
4.11384 4.11462 4.10977 3.56468 3.48860 3.44255 3.39628 3.35004 3.31563 3.31377 3.31377 3.31377 3.31377 3.31377 3.31377 3.33775 3.41440 3.02105 2.82741 2.89025 2.95905 2.85373 2.57113 2.57113 2.57113 2.57113 2.57113 2.57113 2.57113 2.57113 2.57113 2.56953 2.49906 2.39184 2.39677 2.35707 2.32578 2.46607 2.56303 2.55744 2.46025 2.44636 2.44543 2.44543 2.44471 2.44001 2.43999 2.43999 2.43928 2.39957 2.33769 2.27579 2.22412 2.21851 2.21851 2.21851 2.21851 2.18788 2.47163 2.48418 2.48418 2.48418 2.48418 2.48418 2.48418 2.48965
4.07770 4.01603 3.95435 3.56623 3.31396 3.31377 3.31377 3.31377 3.31377 3.32022 3.38342 3.46608 3.55716 3.65801 3.77048 3.85381 3.85612 3.61984 2.98410 2.98361 2.98361 2.98491 2.60052 2.57113 2.57113 2.57113 2.57052 2.50541 2.42230 2.34773 2.27316 2.20015 2.19485 2.18222 2.26692 2.26718 2.26912 2.34331 2.57013 2.54903 2.48315 2.44543 2.44543 2.44543 2.44543 2.42495 2.36380 2.30190 2.24073 2.21851 2.21851 2.21851 2.21851 2.21982 2.23395 2.25136 2.26879 2.25625 2.40498 2.48418 2.48418 2.48557 2.49829 2.51351 2.52873 2.53533
3.85612 3.85612 3.85612 3.74700 3.35378 3.43328 3.52089 3.61788 3.72563 3.83486 3.85612 3.85612 3.85612 3.85612 3.85612 3.85612 3.85612 3.83999 3.10140 2.98361 2.98361 2.98346 2.66143 2.42729 2.35241 2.27784 2.20389 2.19444 2.19800 2.17441 2.14879 2.12328 2.09875 2.09219 2.19161 2.24077 2.24077 2.30204 2.50797 2.54903 2.51980 2.44248 2.39538 2.33345 2.27157 2.22438 2.21851 2.21976 2.23377 2.25114 2.26861 2.28596 2.30329 2.31931 2.32254 2.32254 2.32254 2.32200 2.33199 2.50879 2.50996 2.45674 2.41827 2.39890 2.38183 2.36791
3.85612 3.85612 3.85612 3.85612 3.85612 3.85612 3.85612 3.85612 3.85612 3.85612 3.85612 3.85612 3.85612 3.85612 3.85612 3.85612 3.85612 3.78446 3.22432 2.69864 2.59901 2.49959 2.41007 2.20278 2.19139 2.16589 2.14038 2.11485 2.09410 2.09217 2.09217 2.09217 2.09217 2.09217 2.15627 2.24077 2.24077 2.26787 2.39041 2.46750 2.39966 2.24899 2.23904 2.25637 2.27385 2.29111 2.30361 2.31921 2.32254 2.32254 2.32254 2.32254 2.32254 2.32254 2.32417 2.32232 2.30550 2.31057 2.26374 2.34795 2.35166 2.40161 2.42555 2.42783 2.42783 2.42783
3.85612 3.85612 3.85612 3.85612 3.85612 3.85612 3.85612 3.85612 3.85612 3.85612 3.85612 3.85612 3.81388 3.67279 3.54781 3.42261 3.29770 3.24423 3.15656 2.50900 2.56624 2.69357 2.84212 2.16242 2.09221 2.09217 2.09217 2.09217 2.09217 2.09217 2.09217 2.09217 2.09217 2.09217 2.11380 2.24090 2.26340 2.29730 2.18399 2.44190 2.46115 2.38966 2.32798 2.32798 2.32798 2.32798 2.32511 2.32254 2.32254 2.32254 2.30897 2.29146 2.29673 2.30440 2.32290 2.34666 2.38535 2.40222 2.38247 2.34155 2.42783 2.42783 2.43160 2.51431 2.62850 2.74272
3.85612 3.85612 3.85612 3.85612 3.85612 3.85612 3.85612 3.83583 3.70146 3.57459 3.44961 3.32447 3.24173 3.25770 3.25776 3.26807 3.40935 3.61762 3.86903 3.37137 3.14924 3.14924 3.14924 2.41217 2.09217 2.09217 2.09217 2.09217 2.09217 2.09217 2.11409 2.15895 2.20813 2.26230 2.31578 2.43045 2.46135 2.46135 2.36260 2.41139 2.49748 2.45529 2.32761 2.32742 2.32722 2.30989 2.28841 2.28190 2.28653 2.30033 2.33564 2.37478 2.39127 2.40528 2.40682 2.40662 2.40643 2.40624 2.40604 2.33994 2.58071 2.69495 2.80535 2.83689 2.83689 2.83689
3.85612 3.85612 3.84986 3.73221 3.60159 3.47645 3.35147 3.24656 3.25601 3.25776 3.25776 3.28216 3.44518 3.66081 3.92132 4.22125 4.29715 4.29715 4.29715 3.90433 3.14924 3.14924 3.14924 2.87094 2.10839 2.15061 2.19900 2.25219 2.31102 2.37638 2.41027 2.41027 2.41027 2.41027 2.41025 2.42309 2.45661 2.45630 2.45101 2.31025 2.48864 2.44917 2.30090 2.27804 2.28400 2.33526 2.39594 2.39810 2.39750 2.40541 2.40536 2.40532 2.40527 2.40523 2.40519 2.41146 2.47080 2.54214 2.61348 2.61103 2.77750 2.83689 2.83689 2.83689 2.83689 2.83689
3.50329 3.37841 3.25951 3.25213 3.25776 3.25776 3.25776 3.30213 3.48242 3.70535 3.97605 4.25805 4.29715 4.29715 4.29715 4.29715 4.29715 4.29715 4.27482 4.07114 3.05897 2.90830 2.84833 2.79575 2.50979 2.41027 2.41027 2.41027 2.41027 2.41027 2.41027 2.41027 2.41027 2.41027 2.41027 2.46230 2.57439 2.63892 2.70337 2.60545 2.45670 2.53236 2.48337 2.44693 2.48114 2.48718 2.48718 2.46075 2.40491 2.40491 2.40491 2.40491 2.44078 2.51216 2.58354 2.64860 2.66057 2.66057 2.66057 2.65704 2.66288 2.83689 2.83689 2.83689 2.83689 2.83689
3.38108 3.25776 3.25776 3.32870 3.52083 3.75152 4.03288 4.28319 4.29715 4.29715 4.29715 4.29715 4.29635 4.18206 4.01155 3.86602 3.73996 3.62988 3.54294 3.53010 3.09241 2.76483 2.76483 2.76483 2.67015 2.41027 2.41027 2.41027 2.41027 2.41027 2.47341 2.60447 2.71229 2.81994 2.92760 2.87384 2.80565 2.86181 2.91776 2.95312 2.66685 2.67938 2.64315 2.48718 2.48718 2.48718 2.48718 2.48574 2.42534 2.48232 2.55368 2.62508 2.66057 2.66057 2.66057 2.66057 2.66057 2.65231 2.63613 2.61993 2.55549 2.83491 2.83689 2.83689 2.83681 2.83512
3.88792 3.79951 4.09207 4.29560 4.29715 4.29715 4.29715 4.24608 4.07267 3.91844 3.78553 3.66969 3.56847 3.53010 3.53010 3.53010 3.53010 3.53010 3.53010 3.53010 3.38125 2.77077 2.76483 2.76483 2.77631 2.51516 2.59882 2.70647 2.81416 2.92181 2.96624 2.95059 3.02752 3.12077 3.21402 3.26022 3.02114 3.01594 3.01594 3.01594 2.80440 2.66142 2.67945 2.51858 2.48818 2.53473 2.60614 2.67750 2.69444 2.66057 2.66057 2.65215 2.63608 2.61993 2.60375 2.58757 2.57138 2.56345 2.56345 2.56345 2.53053 2.72395 2.83379 2.83345 2.87824 2.90340
4.20030 4.29715 4.29715 4.29715 4.29715 4.29715 4.07239 3.53380 3.53010 3.53010 3.53010 3.53010 3.53010 3.53010 3.53010 3.53010 3.53010 3.53010 3.53010 3.53010 3.52097 3.05064 3.05521 3.16307 3.27058 3.22644 2.94284 2.96849 3.05859 3.15184 3.24509 3.33054 3.34687 3.34687 3.34687 3.34687 3.05365 3.01594 3.01594 3.01594 2.97567 2.68440 2.78127 2.75538 2.71804 2.73442 2.71824 2.70205 2.67597 2.58828 2.57122 2.56345 2.56345 2.56345 2.56345 2.56345 2.56345 2.56331 2.56193 2.55488 2.54669 2.63928 3.01364 3.09862 3.13942 3.21010
4.07610 4.29715 4.29715 4.29715 4.29715 4.29715 4.28901 3.59209 3.53010 3.53010 3.53010 3.53010 3.53010 3.53010 3.53010 3.52743 3.48022 3.34548 3.18399 2.99336 2.77291 3.03075 3.29739 3.19777 3.01248 2.91934 3.26923 3.34376 3.34687 3.34687 3.34687 3.34687 3.34687 3.34687 3.34687 3.34687 3.12235 3.01594 3.01594 3.00205 2.96693 2.89925 2.88811 2.84521 2.65457 2.64573 2.64573 2.64573 2.64573 2.58767 2.56345 2.56345 2.56345 2.56317 2.55527 2.53231 2.51019 2.50890 2.51546 2.52858 2.56595 2.67550 3.21875 3.22759 3.22759 3.22811
3.61268 4.24267 4.29715 4.29715 4.29715 4.29715 4.29715 3.81603 3.53010 3.53010 3.52931 3.50015 3.37875 3.22298 3.03963 2.82434 2.65513 2.64639 2.64270 2.49343 2.30420 2.22478 2.67170 2.62049 2.62049 2.62777 3.16982 3.34687 3.34687 3.34687 3.34687 3.34687 3.34687 3.32862 3.25715 3.18918 3.03437 2.87890 2.85101 2.83441 2.83418 2.83555 2.82054 2.84085 2.69232 2.64573 2.64591 2.64867 2.65182 2.62169 2.54553 2.52546 2.51468 2.52331 2.54114 2.57673 2.61337 2.62533 2.62942 2.63348 2.63754 2.65502 3.06836 3.34940 3.45262 3.55539
0.00000 4.16849 4.29715 4.29715 4.29715 4.29712 4.27659 3.99895 3.26058 3.08399 2.87508 2.67597 2.64639 2.64639 2.62987 2.45358 2.27181 2.12234 1.99910 1.96086 1.96086 1.96086 2.44386 2.62049 2.62049 2.62049 2.87153 3.33750 3.27114 3.20174 3.13918 3.08247 3.03082 2.99395 2.99149 2.99149 2.96842 2.87041 2.88724 2.89197 2.89675 2.90149 2.87700 2.89788 2.81104 2.67685 2.65789 2.63478 2.60043 2.56949 2.57396 2.61216 2.63053 2.62531 2.61944 2.61356 2.60765 2.60176 2.59787 2.63478 2.68791 2.82076 3.14397 3.59715 3.59715 3.59715
0.00000 3.91152 4.19803 4.07331 3.89828 3.66494 3.38427 3.29678 2.71666 2.64639 2.60834 2.41536 2.24055 2.09640 1.98301 1.96086 1.96086 1.96086 1.96086 1.96086 1.96086 1.95973 2.11100 2.47569 2.38786 2.29974 2.33087 2.94544 2.99149 2.99149 2.99149 2.99149 2.99149 2.99149 2.99149 2.99149 2.99149 2.84797 2.84596 2.80845 2.78272 2.75708 2.74459 2.73721 2.68533 2.49259 2.47212 2.45726 2.45325 2.45325 2.49636 2.54628 2.54628 2.54628 2.54628 2.56695 2.62520 2.68420 2.74124 2.75745 2.75745 2.82940 2.94944 3.57667 3.59715 3.59715
0.00000 3.29678 3.29678 3.29678 3.29678 3.29678 3.12419 2.67289 2.27087 2.07133 1.97140 1.96086 1.96086 1.96086 1.96086 1.96086 1.92592 1.81153 1.69396 1.57652 1.45908 1.34263 1.31503 2.03841 2.12427 2.12427 2.13250 2.74304 2.99149 2.99149 2.99149 2.99149 2.99149 2.97953 2.93316 2.90454 2.87623 2.70023 2.68864 2.69535 2.68242 2.66925 2.65609 2.67173 2.64837 2.51131 2.45325 2.45325 2.45325 2.45325 2.46228 2.54995 2.60034 2.65936 2.71834 2.75669 2.75745 2.75745 2.75745 2.75745 2.76315 2.81661 3.00383 3.41215 3.59715 3.59715
0.00000 0.00000 3.29678 2.93411 2.29853 2.07503 1.94811 1.94328 1.94568 1.96070 1.95133 1.85486 1.73736 1.61992 1.50235 1.38484 1.30227 1.29923 1.29923 1.29923 1.29923 1.29923 1.29923 1.76292 2.12427 2.12427 2.12427 2.43227 2.97143 2.93563 2.90637 2.87816 2.85004 2.83368 2.85138 2.83823 2.81848 2.69203 2.65019 2.64356 2.64346 2.64346 2.64346 2.66769 2.64869 2.58019 2.45325 2.45325 2.47882 2.53045 2.58207 2.70783 2.75745 2.75745 2.76347 2.79028 2.81908 2.84786 2.87666 2.90546 2.92835 2.93021 3.12790 3.28857 3.65850 3.89649
0.00000 0.00000 3.29678 3.04071 1.95565 1.89371 1.78406 1.69032 1.60974 1.46360 1.32020 1.29923 1.29923 1.29923 1.29923 1.29923 1.29923 1.29923 1.29923 1.29923 1.29923 1.29923 1.29923 1.43840 2.05923 2.04119 2.01298 2.08989 2.69641 2.85143 2.84936 2.83164 2.81189 2.79214 2.77282 2.76669 2.76669 2.73081 2.61640 2.64346 2.64346 2.64346 2.64346 2.64624 2.67104 2.69555 2.56930 2.61195 2.64351 2.66702 2.69220 2.75227 2.87693 2.90575 2.92845 2.93021 2.93021 2.93021 2.93021 2.93021 2.93592 3.04231 3.39105 3.82361 4.53726 4.43416
0.539145 0.539145 0.539145 1.89438 1.62996 1.47558 1.47524 1.47524 1.47524 1.41201 1.29923 1.29923 1.29923 1.29923 1.29923 1.29923 1.29923 1.29923 1.30333 1.39951 1.53371 1.66790 1.80210 1.92149 1.88354 1.98507 2.00993 2.08755 2.62677 2.78555 2.76872 2.76669 2.76669 2.76669 2.76669 2.76669 2.76669 2.76669 2.61253 2.64346 2.64346 2.64346 2.63592 2.58974 2.65191 2.71544 2.71179 2.76802 2.78774 2.78919 2.78919 2.79050 2.91142 2.93021 2.93021 2.93021 2.93170 3.01000 3.18795 3.37654 3.50733 3.49450 3.54994 3.71349 3.81928 3.95804
0.539145 0.539145 0.539145 1.16272 1.76662 1.47524 1.47524 1.47524 1.47524 1.46744 1.30728 1.29923 1.29923 1.29923 1.36963 1.50389 1.63809 1.77229 1.90238 1.94040 1.94040 1.94040 1.99184 2.09579 2.09597 2.25771 2.31092 2.31253 2.55541 2.77096 2.76669 2.76669 2.76669 2.76669 2.76669 2.76669 2.76164 2.69997 2.51698 2.49577 2.44420 2.39261 2.34855 2.34315 2.36374 2.58959 2.66104 2.78919 2.78919 2.78919 2.78919 2.79145 2.88094 3.00346 3.16377 3.34289 3.45424 3.47108 3.37330 3.27841 3.24299 3.24150 3.28365 3.59511 3.68785 3.96717
0.539145 0.539145 0.539145 0.572652 1.83683 1.52499 1.47524 1.47524 1.47524 1.51833 1.53761 1.60808 1.74228 1.87654 1.94040 1.94040 1.94040 1.94228 2.01227 2.11623 2.22036 2.32436 2.37701 2.37701 2.33654 2.26854 2.31253 2.31253 2.38540 2.78036 2.76542 2.71389 2.63650 2.55911 2.48167 2.40433 2.33198 2.31621 2.25526 2.28276 2.27224 2.26150 2.25050 2.23933 2.22800 2.40240 2.53955 2.73955 2.77507 2.79627 2.89974 3.05348 3.18443 3.39730 3.32454 3.25127 3.25412 3.26459 3.27506 3.28551 3.29595 3.30679 3.34966 3.67108 3.75752 4.14658
