results/OMI_NO2_201103.asc
ncols      200
nrows      200
xllcorner       120.258
yllcorner       41.1236
cellsize     0.0166667
NODATA_Value      -999.000
[rows 29 to 57 of 166, columns 65 to 129 of 200]
 ;      *        ;    *        8    *      :      *         ?        *        >      *          :      *       8      ?*                 :*               9*                9*                 >*                  8*                 :*                 3*              =*                8*                9*              
<*                 =*                 <*               3*               3*              >*            2*             ;*                  2*                  8*                  ;*               8*      *       8      *        8    
 8     *      8       *     :      *        >     *        <    *      :       *         ?    * 8  3*                 ?*                 9*                  3*                 8*                8*               :*                     9*                 >*               
             8*                 ?*               3*                    ;*                3*                 8*             3*               2*               2*           <*        ?*             2*                  =*                 :*                  ?*           
;        *        ;    *      9      *        3      *        >       *   ;     *        :        >*                     8*                >*                 :*               =*               >*            :*                 >*             2*              ?*             :*            
                  <*                   <*                  9*                   9*                   8*                  3*               2*          8*         ;*          9*               8*                  <*                 3*           <*                3*      *  9 
1.58326 1.63936 1.56655 1.36258 1.40845 1.41282 1.41282 1.41282 1.41282 1.41282 1.41282 1.41322 1.43056 1.45677 1.48298 1.50918 1.52221 1.38334 1.31132 1.29412 1.18480 1.03272 1.03272 1.03268 1.01585 0.985995 0.958231 0.929350 0.923019 0.943004 0.945285 0.945285 0.968515 0.980262 0.977809 0.974924 0.973307 0.970209 0.966229 0.962251 0.993542 1.18299 1.17977 1.17977 1.18257 1.19044 1.19044 1.19044 1.19044 1.19044 1.19044 1.19044 0.727607 0.687090 0.683972 0.624229 0.474939 0.474939 0.487307 0.539699 0.572318 0.602961 0.637458 0.661248 0.661611
1.80188 1.80188 1.79783 1.46934 1.41282 1.41282 1.41282 1.41443 1.43512 1.46132 1.48753 1.51334 1.52221 1.52221 1.52221 1.52221 1.52221 1.52221 1.51936 1.38199 1.32343 1.00699 0.966258 0.936048 0.922075 0.923414 0.923759 0.923759 0.923759 0.933976 0.936639 0.930179 0.930443 0.966471 0.962618 0.958643 0.954883 0.954002 0.954002 0.954002 0.951842 1.09385 1.12587 1.09734 1.07090 1.17165 1.19044 1.19044 1.19044 1.19044 1.17851 1.12361 0.728204 0.699598 0.683972 0.683909 0.606333 0.650801 0.683847 0.674707 0.661611 0.661611 0.661611 0.661611 0.661611
1.80188 1.80188 1.80188 1.65024 1.43966 1.46587 1.49209 1.51669 1.52221 1.52221 1.52221 1.52221 1.52221 1.52221 1.52221 1.52221 1.51432 1.47862 1.44653 1.37859 1.33628 1.09445 0.923759 0.923759 0.923759 0.923759 0.923712 0.921172 0.917193 0.913216 0.909239 0.905375 0.904236 0.940284 0.954002 0.954002 0.947166 0.920003 0.891474 0.862940 0.836575 0.906826 1.05703 1.05703 1.05703 1.11032 1.18179 1.12919 1.07044 1.01164 0.964824 0.960945 0.728204 0.720294 0.684360 0.683972 0.683972 0.683972 0.683972 0.683516 0.663443 0.661611 0.658522 0.634214 0.605881
1.83327 1.85950 1.88570 1.89692 1.55992 1.52221 1.52221 1.52221 1.52221 1.52221 1.52221 1.52221 1.51882 1.48764 1.45530 1.42728 1.40891 1.41164 1.41171 1.40953 1.37238 1.28086 0.923244 0.917556 0.913579 0.909601 0.905671 0.904236 0.904236 0.904236 0.904236 0.904236 0.890132 0.874914 0.882849 0.854311 0.832610 0.831260 0.831260 0.831260 0.831260 0.836475 1.03372 1.01991 0.980743 0.946634 0.965188 0.960945 0.960945 0.960945 0.960945 0.960945 0.728204 0.728204 0.692288 0.683972 0.683972 0.683972 0.683972 0.661953 0.620293 0.596442 0.576683 0.576981 0.579785
2.09442 1.91127 1.91127 1.91127 1.72985 1.52221 1.52221 1.52221 1.52147 1.49646 1.46385 1.43558 1.41339 1.41171 1.41171 1.41171 1.41171 1.41352 1.41867 1.42390 1.41031 1.37040 1.02008 0.904236 0.904236 0.904236 0.904236 0.902971 0.881491 0.852978 0.824428 0.795903 0.781493 0.781578 0.821774 0.831260 0.831260 0.831260 0.828827 0.797905 0.758678 0.719973 0.828700 0.946338 0.939885 0.904030 0.935651 0.960945 0.960945 0.960945 0.960945 0.960945 0.728204 0.728204 0.708503 0.679128 0.648443 0.614130 0.579872 0.567571 0.575716 0.581253 0.577507 0.574766 0.574726
2.69201 1.91127 1.91127 1.91127 1.88698 1.52787 1.47223 1.44370 1.41912 1.41171 1.41171 1.41171 1.41261 1.41740 1.42263 1.42786 1.43309 1.43651 1.43658 1.43658 1.43219 1.39998 1.20616 0.899105 0.872863 0.844337 0.815800 0.788539 0.781493 0.781493 0.781493 0.781493 0.781493 0.781493 0.798658 0.801579 0.762411 0.727635 0.727189 0.757135 0.789971 0.818648 0.853282 0.997056 0.989717 0.906043 0.913420 0.960945 0.960945 0.960945 0.930916 0.859735 0.675508 0.590475 0.507164 0.569020 0.574726 0.574726 0.574726 0.574726 0.574726 0.574726 0.574726 0.574726 0.574726
3.25209 1.92461 1.89959 1.90913 1.91889 1.65288 1.41171 1.41202 1.41614 1.42136 1.42659 1.43182 1.43614 1.43658 1.43658 1.43658 1.43658 1.43658 1.43658 1.43589 1.43366 1.40776 1.34382 0.862337 0.781493 0.781493 0.781493 0.781493 0.781493 0.781493 0.781545 0.818506 0.887645 0.963828 1.04054 0.804620 0.799299 0.824473 0.828391 0.828391 0.828391 0.828391 0.828391 0.954657 0.997661 0.919912 0.830062 0.765453 0.642650 0.480810 0.374350 0.374350 0.426366 0.426366 0.426366 0.524225 0.574726 0.574726 0.574726 0.574726 0.574726 0.574726 0.574726 0.574726 0.574726
3.03267 2.31641 1.93019 1.93332 1.93855 1.89262 1.44514 1.43547 1.43658 1.43658 1.43658 1.43658 1.43658 1.43658 1.43658 1.43556 1.43328 1.43100 1.42872 1.42713 1.42708 1.41810 1.37620 1.08401 0.781493 0.781493 0.781493 0.804600 0.872670 0.955975 1.03983 1.08203 1.09396 1.10157 1.10186 0.980439 0.828391 0.828391 0.828391 0.828391 0.856306 0.909473 0.962615 0.980374 0.834664 0.772708 0.582275 0.533280 0.374350 0.374350 0.374350 0.374350 0.426366 0.426366 0.426366 0.455385 0.573718 0.574726 0.574726 0.574726 0.574726 0.574726 0.574726 0.574726 0.574726
2.93644 2.65473 1.95294 1.95504 1.95504 1.95504 1.64069 1.43658 1.43658 1.43658 1.43657 1.43519 1.43293 1.43062 1.42834 1.42708 1.42708 1.42708 1.42708 1.42708 1.42708 1.42683 1.39699 1.31289 0.888599 0.949127 1.03172 1.08494 1.09734 1.10186 1.10186 1.10186 1.10186 1.10186 1.10186 1.11112 0.921814 0.957914 1.01111 1.06425 1.08953 1.08953 1.08953 1.08487 0.941239 1.07432 1.21537 1.43191 0.547659 0.374350 0.374350 0.374350 0.426366 0.426366 0.426366 0.426366 0.548288 0.574726 0.574726 0.574726 0.574726 0.574726 0.574726 0.574726 0.574726
2.81933 2.81777 2.10015 1.95504 1.95504 1.95504 1.87686 1.43932 1.43253 1.43024 1.42798 1.42708 1.42708 1.42708 1.42708 1.42708 1.42708 1.42708 1.42708 1.43086 1.48278 1.58295 1.63676 1.54974 1.27294 1.10186 1.10186 1.10186 1.10186 1.10186 1.12090 1.17341 1.22666 1.27982 1.33296 1.36289 1.21704 1.08953 1.08953 1.10128 1.20173 1.32053 1.43923 1.55680 1.55008 1.49573 1.52912 1.60420 1.15530 0.374350 0.374350 0.374350 0.426366 0.426366 0.426366 0.426366 0.494945 0.574726 0.574726 0.574726 0.574726 0.574726 0.574726 0.574726 0.574726
2.81933 2.81933 2.45117 1.95289 1.95060 1.94832 1.94613 1.59422 1.42708 1.42708 1.42708 1.42708 1.42708 1.42708 1.42708 1.42778 1.47769 1.58047 1.68450 1.78477 1.83687 1.84068 1.82406 1.57037 1.44473 1.11975 1.16871 1.22190 1.27504 1.32824 1.36237 1.36299 1.36299 1.36299 1.36299 1.39621 1.48308 1.36315 1.47525 1.58220 1.60049 1.60049 1.60049 1.60049 1.58761 1.49812 1.57236 1.92154 2.19638 0.767770 0.00000 0.00000 0.426366 0.426366 0.426366 0.426366 0.430174 0.566116 0.574726 0.574726 0.574726 0.574726 0.581750 0.618122 0.851270
2.77045 2.81223 2.75814 1.98235 1.94553 1.94553 1.94553 1.83479 1.42728 1.42708 1.42708 1.42708 1.47411 1.57797 1.68202 1.78534 1.83949 1.84068 1.84068 1.84068 1.83199 1.77963 1.72126 1.49978 1.54499 1.47677 1.36299 1.36299 1.36299 1.36299 1.36315 1.42845 1.54720 1.66594 1.78469 1.87018 1.87396 1.70345 1.60049 1.60049 1.60049 1.60104 1.65095 1.74212 1.84715 2.01322 2.20680 2.60287 2.83405 2.83405 0.00000 0.00000 0.426366 0.426366 0.426366 0.426366 0.426366 0.526074 0.588282 0.765998 1.06180 1.49736 2.04178 2.37599 2.36397
2.58453 2.80982 2.80982 2.28312 1.94553 1.94553 1.94553 1.94593 1.60383 1.57549 1.67950 1.78354 1.84058 1.84068 1.84068 1.83793 1.79354 1.73517 1.67686 1.61852 1.56889 1.56292 1.56292 1.51979 1.36131 1.64793 1.37040 1.46447 1.58322 1.70197 1.82056 1.87396 1.87396 1.87396 1.87396 1.87396 1.87396 1.82683 1.64425 1.73322 1.83776 1.99456 2.12012 2.20247 2.30264 2.47434 2.83405 2.83405 2.83405 2.83405 0.00000 0.00000 0.426366 0.426366 0.426366 0.426366 0.426366 0.812439 2.28009 2.45714 2.38791 2.03050 1.75551 1.55982 1.43784
2.44225 2.78377 2.80982 2.63832 1.99191 2.09769 2.22240 2.34973 2.27705 1.94445 1.96998 1.83701 1.74909 1.69077 1.63244 1.57686 1.56292 1.56292 1.56292 1.56292 1.56292 1.56292 1.57308 1.63395 1.49983 1.84998 1.87563 1.87396 1.87396 1.87396 1.87396 1.87396 1.87396 1.87396 1.88621 1.92268 1.96501 2.04165 2.13232 2.23114 2.33558 2.37442 2.37442 2.37442 2.37442 2.38206 2.77343 2.83405 2.83405 2.83405 2.83405 0.00000 0.426366 0.426366 0.426366 0.426366 0.398379 0.398379 1.61393 1.57475 1.44296 1.42776 1.42776 1.42776 1.42776
2.47626 2.76563 3.03234 3.11764 2.57709 2.44164 2.42942 2.38346 2.33532 1.92009 1.79273 1.68525 1.56292 1.56292 1.56292 1.56292 1.56292 1.56292 1.58045 1.64567 1.71356 1.78144 1.83913 1.84613 1.76567 1.73601 1.97209 1.87396 1.87396 1.87396 1.88063 1.91480 1.96527 2.04789 2.12817 2.19005 2.25075 2.25973 2.28152 2.37442 2.37442 2.37442 2.37442 2.35605 2.29399 2.23007 2.42019 2.83405 2.83405 2.83405 2.83405 0.00000 0.00000 0.398379 0.398379 0.398379 0.398379 0.398379 0.893326 1.42776 1.42776 1.42776 1.42776 1.42776 1.42776
2.81996 2.85323 3.03225 2.93639 2.62541 2.25460 2.22404 2.22338 2.22338 2.06022 1.77253 1.75442 1.56605 1.56292 1.58991 1.65737 1.72525 1.79311 1.84347 1.84613 1.84613 1.84613 1.84613 1.84613 1.84455 1.62181 2.00209 1.91716 1.96912 2.05433 2.14334 2.21065 2.25849 2.25973 2.25973 2.25973 2.25973 2.25973 2.25050 2.27628 2.23628 2.17234 2.10842 2.06285 2.06097 2.06097 2.13329 2.99874 3.41439 3.83047 4.26554 4.62520 0.00000 0.398379 0.398379 0.398379 0.398379 0.398379 0.434185 1.37501 1.42776 1.42776 1.42776 1.42776 1.42776
2.54063 2.37865 2.56825 2.67261 2.65464 2.25190 2.22338 2.22338 2.22338 2.21513 1.85669 1.85745 1.79491 1.80484 1.84573 1.84613 1.84613 1.84613 1.84613 1.84613 1.84613 1.84613 1.84669 1.86949 1.88662 1.81896 2.10406 2.32794 2.25973 2.25973 2.25973 2.25973 2.25973 2.25296 2.21436 2.17175 2.12914 2.08651 2.05323 2.05348 2.06097 2.06097 2.06500 2.20623 2.41436 2.62240 2.83044 4.01225 4.62520 4.62520 4.62520 4.62520 0.00000 0.00000 0.398379 0.398379 0.398379 0.398379 0.398379 1.10616 1.42776 1.42776 1.42776 1.42776 1.42776
2.50327 2.36812 2.43361 2.67261 2.67261 2.41878 2.26337 2.31765 2.37196 2.42618 2.25263 1.99910 1.95475 1.84613 1.84613 1.84613 1.84613 1.84613 1.84613 1.85967 1.87451 1.88673 1.89836 1.88784 1.88289 1.88148 1.94724 2.45178 2.25700 2.21850 2.17589 2.13328 2.09063 2.05481 2.05076 2.05076 2.05076 2.05076 2.06825 2.19069 2.45255 2.68554 2.88964 2.95654 2.95654 2.95654 2.95654 3.34986 4.62520 4.62520 4.62520 4.62520 0.00000 0.00000 0.398379 0.398379 0.398379 0.398379 0.398379 0.641334 1.42451 1.42776 1.42776 1.42776 1.42776
2.52053 2.42339 2.43277 2.72960 2.83057 2.81030 2.45102 2.44994 2.44994 2.44994 2.42918 2.03093 1.99548 1.85915 1.84613 1.85026 1.86237 1.87457 1.88683 1.88548 1.88289 1.88289 1.88289 1.88652 1.96209 2.07562 2.24504 2.37811 2.12423 2.05076 2.05076 2.05076 2.05076 2.05076 2.09572 2.23193 2.37060 2.50929 2.63061 2.64781 2.75561 2.95654 2.95654 2.95654 2.95654 2.95654 2.95654 2.99312 4.33133 4.03962 4.11589 4.62520 0.00000 0.00000 0.00000 0.398379 0.398379 0.398379 0.398379 0.398379 1.26793 1.42645 1.35422 1.26182 1.18836
2.80109 2.87136 2.74666 2.80769 2.89918 2.89918 2.56141 2.44994 2.44994 2.44994 2.44994 2.21526 2.00237 1.93325 1.87468 1.88277 1.88289 1.88289 1.88294 1.93707 2.04758 2.17147 2.31140 2.46430 2.51037 2.51037 2.53667 2.54641 2.21490 2.05154 2.13530 2.27400 2.41275 2.55145 2.64524 2.64781 2.64781 2.64781 2.64781 2.64781 2.65891 2.92919 2.95654 2.95654 2.90023 2.79710 2.71258 2.64207 2.91804 3.24275 3.37848 4.62161 0.00000 0.00000 0.00000 0.398379 0.398796 0.504993 0.634012 0.678493 0.903122 1.18678 1.16505 1.16828 1.22213
2.94061 2.94061 2.78829 2.75036 2.88585 2.89918 2.74475 2.43968 2.44549 2.46053 2.45998 2.41829 1.98201 1.93215 1.91471 2.02029 2.14080 2.27668 2.43082 2.51037 2.51037 2.51037 2.51037 2.51037 2.51037 2.51044 2.51161 2.65791 2.30594 2.53436 2.64781 2.64781 2.64781 2.64781 2.64781 2.64781 2.64781 2.63637 2.57672 2.50986 2.41357 2.53349 2.68956 2.62261 2.59115 2.59113 2.59113 2.59113 2.68347 3.24275 3.24275 4.08450 1.43938 1.43938 1.42092 1.18542 0.828027 0.754739 0.724262 0.723227 0.755291 1.25403 1.39699 1.51478 1.54838
2.94061 2.94061 2.87243 2.72865 2.79502 2.86656 2.85304 2.46166 2.41332 2.41133 2.50459 2.61972 2.42274 2.30942 2.48183 2.51037 2.51037 2.51037 2.51037 2.51037 2.51037 2.51055 2.51191 2.51349 2.51508 2.51659 2.51698 2.57122 2.45794 2.43388 2.64781 2.64781 2.64781 2.64314 2.59068 2.51704 2.41422 2.33123 2.29748 2.27268 2.26639 2.29347 2.58193 2.59113 2.59113 2.59113 2.58837 2.56680 2.54170 3.04297 3.24275 3.52220 1.43938 1.43938 0.983139 0.884580 0.831713 0.775089 0.816508 0.866623 0.884580 1.24740 1.54838 1.54838 1.54838
2.95717 3.00654 3.05177 2.70580 2.69173 2.85706 2.89080 2.80108 2.85067 2.97622 2.99140 2.99140 2.90798 2.40152 2.43877 2.51037 2.51037 2.51072 2.51217 2.51375 2.51534 2.51675 2.51698 2.51698 2.51698 2.51698 2.51698 2.51787 2.62837 2.30002 2.58274 2.51936 2.41491 2.32777 2.28922 2.26845 2.26639 2.26639 2.26639 2.26639 2.26639 2.26508 2.43057 2.54409 2.51898 2.49388 2.47155 2.46800 2.46800 2.71308 3.24737 3.28292 1.43938 1.43938 1.18914 0.884580 0.884580 0.884580 0.884580 0.884580 0.884580 0.987314 1.54666 1.54838 1.54838
