results/OMI_NO2_200912.asc
ncols      200
nrows      200
xllcorner       120.258
yllcorner       41.1236
cellsize     0.0166667
NODATA_Value      -999.000
[rows 87 to 115 of 175, columns 0 to 66 of 200]
9.22322 9.16859 9.16845 9.17587 9.43158 10.6597 11.0301 11.2359 11.9958 12.0651 12.0699 12.0699 12.0699 12.0699 12.0699 12.0699 12.0699 12.0699 12.1892 13.0724 13.1556 13.2721 16.7140 22.9022 4.21340 3.94759 3.74012 3.62245 3.54834 3.54351 3.54351 3.54351 3.54351 3.60129 3.63667 3.64078 3.65070 3.58383 4.35101 4.90193 4.90374 4.90374 4.90374 4.90374 4.90374 4.90374 4.90374 4.90374 4.90374 4.90374 4.88542 4.41181 4.81376 4.76943 4.87708 4.76358 4.43940 3.26817 3.23730 3.18104 3.09924 2.98905 2.98279 3.00518 3.06451 3.12963 3.18011
9.19553 9.22310 9.27156 9.31314 9.34840 10.4394 11.1230 11.1566 11.7583 12.0699 12.0699 12.0699 12.0699 12.0699 12.0699 12.0776 12.0951 12.1142 12.1514 13.0439 13.3589 13.3589 14.9271 19.4063 3.54351 3.54351 3.54351 3.54351 3.54351 3.54351 3.54353 3.54954 3.56043 3.58926 3.65516 3.56732 3.47789 3.36853 3.50981 4.56947 4.90374 4.90374 4.90374 4.90374 4.90374 4.90374 4.90374 4.90374 4.90839 4.96794 5.04340 4.86648 4.51120 4.40087 4.50142 4.52385 4.51677 3.38545 3.11769 3.18247 3.25285 3.19999 3.18235 3.18235 3.15928 3.07417 2.98531
9.35142 9.37284 9.37334 9.37334 9.37334 9.92956 10.9742 11.1408 11.3706 12.0562 12.0699 12.0748 12.0915 12.1150 12.2216 12.3530 12.4703 12.5875 12.6880 12.5766 11.5697 9.88657 8.09074 9.47956 3.54344 3.54351 3.54382 3.55155 3.55835 3.49886 3.42076 3.34228 3.26434 3.19121 3.20364 3.21274 3.21274 3.20892 3.16459 4.15723 4.90197 4.90374 4.90374 4.90374 4.90457 4.95271 5.02814 5.10372 5.17671 5.19682 5.20104 5.16219 4.64207 4.39089 4.39966 4.98263 5.12584 4.39960 3.30391 3.30398 3.30933 3.20126 2.94386 2.85513 2.78942 2.78597 2.78597
9.37334 9.37334 9.37334 9.37334 9.37334 9.51215 10.7721 11.1171 10.9945 11.7441 12.3023 12.4413 12.5594 12.6715 12.7007 12.5356 11.4922 10.2020 8.75194 7.56348 6.75632 6.70384 6.73479 8.19775 3.34602 3.36206 3.29195 3.21976 3.15215 3.13511 3.13511 3.13511 3.13511 3.13511 3.16978 3.21300 3.21274 3.21274 3.18001 3.69155 4.73220 4.93761 5.01306 5.09033 5.16917 5.20071 5.19569 5.19900 5.21848 5.23594 5.25340 5.28218 5.02072 4.60091 4.52010 4.93287 5.22582 5.04743 3.34388 3.33787 3.34114 3.30310 2.80611 2.78597 2.78597 2.78597 2.78597
9.34190 9.37334 9.37334 9.36994 9.29531 9.36601 10.1286 10.7803 10.9082 11.3796 12.6984 12.6343 11.7337 10.4716 9.05378 7.70827 7.55882 7.58204 7.60682 7.68168 7.38927 7.14951 7.29303 7.74767 2.85089 3.13511 3.13511 3.13511 3.13511 3.13511 3.13511 3.13511 3.13511 3.13511 3.13878 3.21372 3.21274 3.23028 3.28149 3.45267 4.70531 5.21553 5.23809 5.25795 5.27535 5.29275 5.31950 5.33789 5.33789 5.33789 5.33789 5.33996 5.29093 4.74952 4.54048 4.69372 5.24904 5.24904 3.89171 3.34114 3.34114 3.34114 2.99498 2.78597 2.78746 2.79733 2.80848
9.44743 9.79845 9.93570 10.0861 10.3306 10.3845 10.3845 10.7188 11.1335 11.2371 9.06624 7.92722 7.59602 7.61922 7.64815 7.72753 7.80438 7.89860 8.00484 8.06103 7.99206 7.46110 7.46132 7.46147 2.69742 3.08307 3.13511 3.13511 3.13511 3.13511 3.13511 3.13511 3.13511 3.12912 3.12617 3.27114 3.52236 3.65702 3.74561 3.78832 4.46978 5.31800 5.33789 5.33789 5.33789 5.33789 5.33792 5.34202 5.34891 5.35579 5.36269 5.36750 5.36767 5.02237 4.59317 4.53871 5.14440 5.24904 4.58938 3.34114 3.34118 3.34768 3.23968 2.80702 2.76867 2.71626 2.61941
9.88321 10.3801 10.3845 10.3845 10.5453 11.0575 11.5487 12.0222 12.1580 12.1729 8.64563 7.74262 7.81918 7.91837 8.02047 8.06698 8.09931 8.11292 8.11292 8.11292 8.11292 7.61909 7.46132 7.46132 2.69200 2.90155 3.13511 3.13511 3.12832 3.07961 3.13396 3.24942 3.42028 3.62189 3.83570 4.12701 4.00706 3.95678 3.95678 3.93693 4.18736 5.07535 5.33850 5.34425 5.35113 5.35802 5.36488 5.36767 5.36767 5.36767 5.36767 5.36767 5.36767 5.28333 4.71832 4.54649 4.84899 5.25095 5.15536 3.42231 3.32457 3.27553 3.17746 2.56609 2.34960 2.25021 2.16628
10.1103 11.0064 11.6236 12.0596 12.3520 12.3630 12.3774 12.4261 12.3282 12.3612 11.0021 7.91896 8.10422 8.11292 8.11292 8.11292 8.11292 8.11292 8.11292 8.11292 8.11292 7.88480 7.46132 7.46132 2.67121 2.74608 3.22116 3.40607 3.60627 3.86806 4.03265 4.13445 4.15315 4.15315 4.15315 4.15315 4.14906 3.95678 3.95034 3.92253 3.96305 4.80921 5.36652 5.36767 5.36767 5.36767 5.36767 5.36767 5.36767 5.36767 5.36767 5.36767 5.36767 5.36767 4.98256 4.57842 4.59104 5.19458 5.10845 3.67347 2.84615 2.69058 2.51219 2.23491 1.87095 1.78136 1.71863
11.9984 12.0293 12.3852 12.4353 12.4899 12.5604 12.6180 12.6411 12.5782 12.4778 12.4392 8.50587 8.11292 8.11292 8.11292 8.11292 8.11292 8.11292 8.11292 8.11292 8.11292 8.09009 7.50591 7.46132 3.25726 3.35752 3.84725 4.15315 4.15315 4.15315 4.15315 4.15315 4.15315 4.15315 4.14068 4.10820 4.16107 3.87151 3.92290 4.01810 4.17256 4.88338 5.36767 5.36767 5.36767 5.36767 5.36767 5.36767 5.36767 5.36767 5.36767 5.36393 5.22870 5.02760 4.73360 4.21557 4.10635 4.22167 4.15864 3.54964 2.19821 2.12666 2.11863 2.09611 1.75933 1.73881 1.73881
12.1434 12.1195 12.5414 12.6450 12.6623 12.6638 12.6638 12.6638 12.6467 12.4807 12.4778 10.5687 8.03217 8.11292 8.11292 8.11292 8.11330 8.22639 8.42773 8.62907 8.83041 9.02263 8.15252 7.46132 3.49540 3.49540 3.58334 4.14264 4.15315 4.15309 4.13488 4.10213 4.12322 4.21161 4.32044 4.46123 4.65085 4.57845 4.43806 4.43806 4.45262 4.81482 5.36767 5.36767 5.36767 5.36767 5.36767 5.36767 5.26925 5.06861 4.86774 4.66822 4.59443 4.58571 4.57710 4.03174 3.82812 3.68457 3.66215 3.57256 2.21201 2.10892 2.10892 2.09391 1.89951 1.82817 1.86417
12.1660 12.1555 12.3308 12.6638 12.6638 12.6638 12.6638 12.6638 12.6638 12.5317 12.4821 12.3497 8.28611 8.38034 8.58168 8.78302 8.98398 9.07213 9.07213 9.07213 9.07213 9.07213 8.74928 7.46132 3.57779 3.49420 3.48306 4.01796 4.31706 4.41892 4.55048 4.71144 4.80375 4.80385 4.80385 4.80385 4.80385 4.78616 4.43806 4.43806 4.43806 4.53902 5.31771 5.36767 5.30554 5.10939 4.90654 4.69755 4.58636 4.57773 4.56563 4.54528 4.53032 4.51564 4.50077 4.33915 3.73401 3.68472 3.57097 3.56191 2.67431 2.01463 1.98051 1.96131 1.95049 1.89943 1.89936
12.1657 12.1700 12.1226 12.6384 12.6638 12.6638 12.6638 12.7244 12.9171 13.0570 13.1346 13.2835 11.0546 9.04742 9.07213 9.07213 9.07213 9.07213 9.07409 9.10447 9.14424 9.18381 9.22991 8.03734 4.00315 3.98401 4.12462 4.30707 4.80345 4.80385 4.80385 4.80385 4.80385 4.80385 4.80385 4.80385 4.80385 4.90663 4.47820 4.43806 4.40399 4.25031 4.61886 4.73034 4.58077 4.55455 4.53311 4.51797 4.50330 4.48853 4.47722 4.47662 4.47662 4.47662 4.46964 4.43188 3.82339 3.68279 3.43821 3.45760 3.10946 1.96125 1.96125 2.10134 2.41587 2.66515 2.01267
12.1657 12.1657 12.1260 12.5573 12.9976 13.2015 13.4053 13.5485 13.5596 13.5530 13.3842 13.3758 12.9422 8.93078 9.12883 9.16855 9.20830 9.24849 9.30034 9.33017 9.35574 9.38878 9.41109 8.82409 3.93537 4.14374 4.14374 4.14374 4.67211 4.80385 4.80385 4.80385 4.80385 4.80385 4.80385 4.80385 4.77618 4.50160 4.23793 3.75091 3.45654 3.31390 3.57602 4.49096 4.47828 4.47662 4.47662 4.47662 4.47662 4.47662 4.45969 4.41889 4.37790 4.33693 4.30293 4.29942 4.08567 3.60941 3.50873 3.63154 3.84224 2.94752 3.06745 3.21444 3.23317 3.25518 2.56514
11.9951 11.9813 12.0872 13.0561 13.5588 13.5596 13.5596 13.5658 13.6110 13.6646 13.5686 13.4992 13.5257 10.7418 9.31098 9.33398 9.36177 9.39440 9.41343 9.42604 9.43358 9.43365 9.43365 9.32042 3.24621 4.14374 4.14374 4.14374 4.38676 4.80385 4.80385 4.80146 4.73645 4.43694 3.95007 3.37668 2.83578 2.56321 2.71344 2.96459 2.96471 2.96471 3.02396 4.31412 4.47662 4.47552 4.44658 4.40565 4.36465 4.32363 4.29960 4.29942 4.29942 4.29942 4.34647 4.60189 4.85639 4.38906 4.44434 4.34178 4.37794 3.83044 3.30654 3.46034 3.63858 3.78515 3.70835
12.0113 12.0113 12.0299 12.7481 13.5334 13.7324 13.7859 13.8338 13.8417 13.8439 13.7818 13.5695 13.5894 12.7718 9.17470 9.42833 9.43365 9.43365 9.43365 9.43365 9.43365 9.43365 9.43365 9.43365 2.32062 4.14144 4.14374 4.07005 3.79863 4.09656 3.63362 3.05049 2.57694 2.34430 2.28179 2.26304 2.26304 2.26304 2.34118 2.96693 2.96471 2.95741 2.91637 3.72861 4.35132 4.31149 4.29942 4.29942 4.29942 4.29942 4.41491 4.68817 4.94035 5.17207 5.35321 5.37278 5.37278 5.03460 4.65131 4.66516 4.87379 4.79658 3.92621 3.97571 3.98965 4.02141 4.01448
12.1983 12.2519 12.2869 12.5806 13.4443 13.8456 13.8588 13.8734 13.8942 13.9140 13.9218 13.6678 13.6332 13.6332 10.3271 9.43365 9.43365 9.43365 9.43365 9.43365 9.43365 9.43365 9.43365 9.43365 1.44814 2.79098 2.61026 2.29835 2.18984 2.20253 2.26312 2.26304 2.26304 2.26304 2.26304 2.26304 2.26304 2.24944 2.19536 2.64874 2.78345 2.73395 2.72706 3.07509 4.29928 4.30611 4.50504 4.77216 5.01734 5.24335 5.37153 5.37278 5.37278 5.37278 5.37278 5.38917 5.42099 5.43755 5.12771 5.27041 5.21318 5.24666 4.29466 4.16558 4.26675 4.35361 4.43283
12.2934 12.2997 12.3170 12.3528 13.2249 13.8601 13.9252 13.9327 13.9340 13.9340 13.9340 13.7780 13.6332 13.6332 12.2894 9.27869 9.43365 9.43365 9.43365 9.43365 9.51427 9.72768 9.94324 10.1588 0.986614 1.52589 2.08567 2.08567 2.08567 2.09469 2.25264 2.26304 2.26304 2.24117 2.18480 2.12805 2.07126 2.02810 2.02539 2.26175 2.72912 2.72706 2.72706 2.76533 4.39731 5.30787 5.37278 5.37278 5.37278 5.37278 5.37278 5.38336 5.41468 5.44296 5.36178 5.29399 5.23073 5.19407 5.39998 6.12971 5.65573 5.72621 5.26031 4.56163 4.56163 4.56163 4.57950
12.3828 12.4204 12.4470 12.4688 12.9408 13.6680 13.9340 13.9340 13.9340 13.9340 13.9340 13.8873 13.6336 13.6357 13.6909 10.0348 9.67492 9.89037 10.1059 10.3212 10.4562 10.4582 10.4582 10.4582 0.982591 1.09357 2.06711 2.08567 2.08555 2.04571 2.09063 2.11750 2.06073 2.02582 2.02539 2.02539 2.02539 2.02539 2.02539 2.03887 2.68026 2.72706 2.72706 2.72721 3.58315 5.33295 5.37278 5.37885 5.40836 5.45041 5.48273 5.42845 5.36674 5.41492 5.59813 5.76905 5.93740 6.10384 6.13584 6.48104 6.24040 5.85020 5.72944 4.66268 4.72015 4.78126 4.82469
12.4711 12.4711 12.4711 12.4711 12.5811 13.4420 13.9226 13.9340 13.9340 13.9340 13.9951 14.2430 14.2823 14.4934 14.6802 13.0274 10.4176 10.4582 10.4582 10.4582 10.4582 10.4582 10.4613 10.4677 0.979660 0.911772 1.67365 1.89059 1.81977 1.78861 1.81855 2.02120 2.02539 2.02539 2.02539 2.02539 2.02539 2.02539 2.02539 2.02539 2.42198 2.72706 2.72706 2.73042 2.98220 5.14947 5.61588 5.56827 5.60377 5.67247 5.75436 5.92168 6.09177 6.13419 6.13333 6.13333 6.13333 6.13770 6.17992 6.31022 6.73005 6.04946 6.07061 5.13977 4.82636 4.82636 4.89542
12.4711 12.4711 12.4711 12.4711 12.4711 13.1267 13.8629 14.3085 14.5857 14.8624 15.0784 15.1075 14.9797 14.8068 14.5095 13.1939 10.2469 10.4652 10.4715 10.4779 10.4842 10.4685 10.4307 10.3849 0.613248 0.586512 1.05768 1.78861 1.78861 1.78861 1.78861 1.95147 2.02539 2.02539 2.02539 2.02539 2.02539 2.02539 2.02539 2.02869 2.23148 3.04542 3.19708 3.33697 3.47436 4.81364 5.91021 6.07896 6.13333 6.13333 6.13333 6.13333 6.13333 6.14721 6.19651 6.24750 6.29852 6.34516 6.35394 6.34884 6.78524 6.24676 6.18914 5.94588 5.46757 5.71707 5.89739
12.4711 12.4954 12.5814 12.7607 12.9791 13.5722 14.6904 15.1075 15.1075 15.1075 15.0118 14.1428 13.0069 11.2180 10.1293 10.0826 10.1163 10.4500 10.4232 10.3746 10.3154 10.2781 10.2598 10.2463 0.586512 0.586512 0.631448 1.72708 1.78861 1.78861 1.78861 1.84372 2.02522 2.02539 2.02539 2.06618 2.16829 2.29098 2.42554 2.51855 2.51674 3.27775 3.65214 3.68636 3.68636 4.29029 5.95701 6.13333 6.13342 6.16205 6.21304 6.26409 6.31509 6.35220 6.35394 6.35394 6.35394 6.37013 6.53964 6.74791 7.11205 7.39974 6.96988 6.88203 5.83568 5.72329 5.64696
12.9888 13.1826 13.3150 13.3542 13.3542 13.3962 14.5334 14.5297 13.5626 12.3855 11.2144 11.0123 11.0096 10.3396 10.0246 9.98319 9.93663 10.1173 10.2564 10.2457 10.2456 10.2456 10.2456 10.2456 0.586512 0.586512 0.586512 1.38412 1.78861 1.78861 1.81799 1.91942 2.18741 2.36022 2.51664 2.58112 2.56033 2.52346 2.48012 2.46878 2.46878 2.82819 3.68391 3.68636 3.69151 3.85785 5.64883 6.28063 6.33153 6.35394 6.35394 6.35394 6.35394 6.40754 6.60745 6.81527 7.02318 7.21508 7.25321 7.25321 7.24459 7.47197 6.69370 6.58024 5.91540 5.60955 5.59019
13.3971 13.4883 13.5794 13.3037 12.2123 10.9694 10.2676 10.6295 11.0066 10.9766 10.9432 10.8995 10.8548 10.5286 9.89466 9.88869 9.88869 9.94151 10.2446 10.2456 10.2456 10.2456 10.2456 10.2456 0.586512 0.604801 0.725107 1.18841 2.11502 2.26039 2.38224 2.43209 2.48743 2.55276 2.48901 2.46878 2.46878 2.46878 2.46878 2.46878 2.47896 2.58171 3.70258 3.94906 4.03052 4.04906 5.02645 6.29708 6.35412 6.46707 6.67471 6.88280 7.09071 7.24503 7.25321 7.25321 7.25321 7.25321 7.26274 7.28914 7.31605 7.17829 6.80948 6.50348 6.13313 5.43819 5.40253
12.6928 11.4087 9.98996 8.93960 8.91484 8.94163 9.17554 10.2890 10.8104 10.8316 10.8175 10.8138 10.8138 10.7858 9.94809 9.88869 9.88869 9.88869 10.1337 10.2456 10.2456 10.2456 10.2456 10.2510 1.14607 1.32419 1.40019 1.46476 2.40116 2.51199 2.51199 2.51199 2.44386 2.43885 2.46878 2.46878 2.48736 2.55664 2.62888 2.70108 2.76310 2.77102 3.40839 4.04906 4.04906 4.04906 4.47489 6.32474 7.15789 7.25321 7.25321 7.25321 7.25321 7.25321 7.25888 7.28399 7.31074 7.33898 7.30793 7.23822 7.16622 6.81211 6.46113 6.20746 6.03724 5.35813 5.35674
8.91593 8.94316 8.97081 8.99498 9.01191 9.00865 9.00441 9.94265 10.5534 10.8138 10.8138 10.8138 10.8138 10.8138 10.2574 9.88869 9.88877 9.93251 10.0910 10.2696 10.2962 10.3229 10.3496 10.3709 1.52121 1.52121 1.52121 1.52121 2.08979 2.51199 2.51199 2.51199 2.55610 2.51333 2.64233 2.71447 2.76815 2.77102 2.77102 2.77102 2.77102 2.77102 2.97243 4.01887 4.04906 4.04906 4.07632 5.64805 7.24313 7.25321 7.25603 7.27884 7.30428 7.28214 7.23307 7.16414 6.96647 6.59683 6.20975 5.84741 5.48916 5.23114 5.07245 5.13932 5.35674 5.41859 5.56443
9.01225 9.00843 9.00428 9.00362 9.00362 9.00362 9.00362 9.46415 10.3093 10.8105 10.8138 10.8138 10.8138 10.8489 10.7630 10.1259 10.2613 10.3433 10.3679 10.3727 10.3727 10.3727 10.3727 10.3727 1.52121 1.52121 1.52121 1.52181 1.77982 2.68220 2.79235 2.90071 2.96486 2.83360 2.76086 2.77102 2.77102 2.77102 2.77102 2.77102 2.77102 2.77102 2.77165 3.70355 4.04906 4.04906 4.05020 4.89448 6.81661 7.20360 7.15703 6.92564 6.48115 6.08575 5.71463 5.34798 5.07381 4.97612 4.97612 4.97612 4.98062 5.08544 5.16604 5.43999 5.90479 5.98923 5.98974
9.00362 9.00362 9.00362 9.00362 9.00362 9.00362 9.00362 9.05773 10.1504 10.6696 10.9690 11.1448 11.3433 11.5123 11.5243 10.5252 10.3727 10.3727 10.3727 10.3646 10.1959 9.94685 9.67244 9.36845 1.63301 1.77751 1.92187 2.06574 2.12570 2.81395 2.96536 2.96536 2.96536 2.96005 2.73373 2.77102 2.77102 2.77102 2.77102 2.77102 2.77102 2.77102 2.77109 3.23594 3.95568 3.90596 3.84886 3.89097 4.60695 5.57544 5.20021 4.97929 4.97612 4.97612 4.97612 4.97612 5.00024 5.13317 5.27952 5.42581 5.56753 5.60912 5.59473 5.54682 5.87642 6.00774 6.05356
9.00362 9.00362 9.00362 9.00362 9.02022 9.11568 9.24668 9.40892 10.1940 10.9867 11.5291 11.5291 11.5291 11.5291 11.5866 10.9378 9.78328 9.49153 9.16747 8.81954 8.78049 8.89595 9.02758 9.20437 2.12570 2.12570 2.12570 2.12570 2.12570 2.52840 2.96536 2.96536 2.96536 2.96536 2.80160 2.76832 2.77102 2.77102 2.79603 2.88586 3.02953 3.20493 3.40953 3.57060 3.64961 3.52650 3.46829 3.46656 2.88619 4.75516 4.97612 4.97612 5.03550 5.18109 5.32744 5.47353 5.59595 5.60912 5.60912 5.60912 5.61006 5.64141 5.68750 5.67201 5.85789 6.18838 6.18847
9.07499 9.18054 9.30008 9.46130 9.62475 9.71356 9.74782 9.74782 9.96371 10.9185 11.7302 11.9888 12.1554 12.3222 12.4314 12.0140 8.81126 8.91741 9.05857 9.23754 9.35275 9.41679 9.46451 9.46733 2.09385 2.12570 2.12570 2.12570 2.12570 2.20250 2.94869 2.96536 2.96536 2.98368 3.09011 2.99161 3.18290 3.37942 3.55887 3.67686 3.74093 3.77335 3.77645 3.77645 3.67936 3.46801 3.46801 3.46956 3.19764 4.20376 5.37517 5.52164 5.60842 5.60912 5.60912 5.60912 5.61529 5.65601 5.70209 5.74818 5.79336 5.80806 5.80806 5.77084 5.72035 6.14455 6.09674
