results/OMI_NO2_200811.asc
ncols      200
nrows      200
xllcorner       120.258
yllcorner       41.1236
cellsize     0.0166667
NODATA_Value      -999.000
[rows 60 to 89 of 165, columns 0 to 65 of 200]
2.19511 2.25003 2.25003 2.25569 2.27958 2.30482 2.33008 2.12758 1.80943 1.81954 1.93719 1.92010 1.92010 1.87699 1.86205 2.03944 2.06622 2.13045 2.31052 2.49371 2.57759 2.61700 2.63466 2.65229 2.66995 2.68592 2.68872 2.68872 2.63588 2.57101 2.69455 2.66137 2.47460 2.29654 2.35624 2.53163 2.36263 1.84786 2.04273 2.10735 2.11708 2.16930 2.20468 2.23652 2.26865 2.29472 2.46385 2.66697 2.78700 2.97056 3.20901 3.25224 3.30393 3.17120 3.19791 3.35203 3.35243 3.35096 3.34945 3.34859 3.35821 3.53506 3.67739 3.90800 3.99536 4.03548
2.02023 2.34939 2.37464 2.39423 2.39560 2.39560 2.39560 2.34902 1.92487 1.85011 1.93153 1.97497 1.97469 1.99290 1.93671 2.30106 2.43000 2.47494 2.51338 2.68036 2.67141 2.66123 2.65127 2.64144 2.63171 2.62221 2.61307 2.60364 2.57926 2.46226 2.45450 2.45338 2.29520 2.16020 2.18098 2.31970 2.42913 2.00984 2.02881 2.23400 2.26026 2.29983 2.40497 2.49589 2.63381 2.77861 2.95305 3.29353 3.34389 3.34544 3.43822 3.42538 3.38620 3.28508 3.18033 3.30714 3.35383 3.35556 3.35729 3.35841 3.35843 3.46609 3.59579 3.91146 3.94124 4.03751
1.91320 2.39705 2.41109 2.42807 2.44717 2.47981 2.51326 2.54176 2.26867 1.99243 2.07202 2.19036 2.16122 2.16633 2.07649 2.20262 2.35505 2.34765 2.34051 2.46948 2.51242 2.51058 2.50861 2.50655 2.50439 2.50269 2.50259 2.50162 2.48177 2.37388 2.35287 2.37716 2.40538 2.42493 2.33589 2.40519 2.56233 2.35054 2.20117 2.51229 2.68369 2.82693 2.98275 3.06229 3.07642 3.07642 3.07678 3.30399 3.35466 3.35955 3.41120 3.47541 3.39664 3.37222 3.19004 3.25380 3.35843 3.35843 3.35843 3.36732 3.39227 3.44821 3.64748 3.99075 4.06870 4.19515
1.93378 2.48062 2.56908 2.58261 2.59619 2.62449 2.73458 2.85201 2.82589 2.34009 2.27171 2.30349 2.19078 2.12929 2.09713 2.05969 2.33014 2.32424 2.31780 2.38638 2.50092 2.47948 2.45325 2.42788 2.41285 2.41483 2.41703 2.41999 2.43902 2.40869 2.33525 2.31223 2.33046 2.40260 2.19714 2.21576 2.39463 2.53519 2.59618 2.79328 3.01755 3.02191 3.04388 3.09126 3.09616 3.10104 3.10557 3.24189 3.37551 3.37551 3.38164 3.49596 3.43927 3.44105 3.30897 3.29227 3.47731 3.51265 3.54308 3.56465 3.57114 3.57297 3.71043 3.99663 4.16548 4.28107
2.06292 2.35177 2.70901 2.82667 2.94218 3.03334 3.04094 3.04094 3.03851 2.54947 2.27123 2.28784 2.20135 2.08673 2.07336 1.93070 2.16790 2.21739 2.19671 2.19802 2.36394 2.39015 2.41538 2.44061 2.44178 2.40338 2.36436 2.32534 2.28759 2.23708 2.13612 2.18566 2.28092 2.48941 2.44374 2.42391 2.49281 2.62334 2.65267 2.67813 3.02601 3.04691 3.04710 3.09585 3.10901 3.11275 3.11651 3.17540 3.47489 3.49319 3.50476 3.61257 3.64125 3.59746 3.53268 3.40013 3.51669 3.57237 3.57896 3.62921 3.69089 3.75012 3.84576 4.28608 4.53257 4.49195
2.38303 2.56800 3.04014 3.04094 3.04094 3.04051 3.03848 3.02226 3.00033 2.79594 2.30802 2.25484 2.21779 2.07585 2.07268 1.96420 2.03272 2.24214 2.27824 2.33005 2.37767 2.32774 2.28872 2.24971 2.22625 2.22789 2.23694 2.27879 2.33197 2.35903 2.28955 2.24996 2.23733 2.28233 2.32075 2.43702 2.46509 2.61048 2.67143 2.67269 2.89542 3.06584 3.06959 3.09478 3.13030 3.12096 3.11157 3.10230 3.43285 3.48480 3.48432 3.54080 3.69733 3.60530 3.57890 3.52712 3.65851 3.84321 3.86636 3.79011 3.66900 3.55243 3.47340 3.94983 4.40570 4.46595
2.50171 2.49204 2.87683 2.96559 2.94629 2.92820 2.91215 2.90720 2.90720 2.88337 2.42501 2.23511 2.21752 2.12305 2.13947 2.15925 2.13842 2.46873 2.50101 2.50213 2.41736 2.22699 2.22500 2.21764 2.22792 2.25160 2.26801 2.25184 2.22300 2.21938 2.17226 2.11990 2.13725 2.19836 2.31229 2.42267 2.48919 2.56002 2.69019 2.68313 2.72795 3.04673 3.04050 3.03225 3.07800 3.08509 3.08509 3.08509 3.28611 3.45486 3.43600 3.41832 3.59344 3.52721 3.46493 3.50443 3.48031 3.53906 3.50848 3.53814 3.60024 3.66226 3.72428 4.00927 4.73974 4.78345
2.44934 2.44924 2.64035 2.90720 2.90021 2.87503 2.85236 2.86275 2.88311 2.91046 2.76424 2.43858 2.43222 2.33081 2.28194 2.28195 2.19613 2.38468 2.40291 2.38885 2.39053 2.16493 2.16753 2.19446 2.20331 2.19774 2.19228 2.18695 2.18176 2.17679 2.16327 2.10485 2.10685 2.14807 2.28292 2.36187 2.44954 2.46380 2.62617 2.64116 2.63986 2.90874 3.02511 3.01111 3.01679 3.03356 3.01890 3.00420 3.08050 3.39796 3.36377 3.28687 3.33147 3.35254 3.27530 3.34163 3.55949 3.77668 3.89826 3.90295 3.90773 3.91243 3.91680 3.93981 4.59653 4.71281
2.43410 2.41962 2.43574 2.90317 2.94418 2.98602 3.02684 3.03720 3.03720 3.03720 3.00441 2.62286 2.50535 2.46003 2.38302 2.43248 2.49095 2.45105 2.39277 2.42187 2.43021 2.27650 2.17173 2.17173 2.17169 2.16938 2.16582 2.16225 2.15477 2.11646 2.07305 1.98022 1.92895 2.00922 2.15583 2.24745 2.36165 2.38920 2.53333 2.67340 2.65412 2.73911 3.01520 3.02300 3.03905 3.07199 3.07532 3.03766 2.97871 3.27327 3.30111 3.32228 3.36257 3.54934 3.46041 3.45878 3.63949 3.74312 3.92178 3.91550 3.90921 3.90293 3.89706 3.89578 4.29585 4.68784
2.37323 2.37165 2.37165 2.82769 3.03451 3.02660 3.03033 3.03393 3.02602 3.00488 2.98266 2.73849 2.43620 2.37292 2.33970 2.50903 2.59612 2.54385 2.38446 2.37233 2.36876 2.30915 2.11270 2.10398 2.06511 2.02501 1.98755 1.95142 1.91989 1.91436 1.89776 1.86183 1.83314 1.85113 1.99116 2.00404 2.04375 2.18067 2.25552 2.55404 2.59797 2.64169 2.94730 2.96758 2.90402 2.85693 2.80656 2.77950 2.77350 2.97441 3.13517 3.13049 3.12590 3.27668 3.23585 3.18584 3.24988 3.33861 3.54032 3.55107 3.54251 3.72510 3.89711 3.93576 4.11621 4.86197
2.25725 2.29903 2.30566 2.48659 2.87927 2.86651 2.84299 2.81086 2.77325 2.70465 2.62738 2.54712 2.35602 2.25160 2.19505 2.44853 2.54524 2.53776 2.40990 2.30503 2.26162 2.21907 1.98086 1.91860 1.91839 1.93084 1.94384 1.95059 1.92695 1.89887 1.78940 1.69129 1.60618 1.60706 1.80156 1.88101 1.97489 2.18089 2.30842 2.58310 2.61145 2.62109 2.65063 2.64736 2.64875 2.65335 2.67916 2.68231 2.68456 2.76942 3.04732 3.04733 3.04733 3.12194 3.20084 3.13036 3.18452 3.37274 3.56126 3.71976 3.78255 3.98503 4.35416 4.38198 4.37298 4.96258
1.97458 2.13268 2.21507 2.22483 2.73889 2.72154 2.64400 2.57509 2.52242 2.51351 2.51351 2.51351 2.44561 2.26618 2.17649 2.21385 2.36125 2.37526 2.28386 2.17874 2.19528 2.21224 2.09861 1.95305 1.92004 1.87767 1.83508 1.80453 1.83470 1.87323 1.86124 1.80687 1.80040 1.82874 1.93872 2.08097 2.15219 2.32054 2.48842 2.62406 2.64291 2.66634 2.66825 2.66130 2.66118 2.66118 2.67712 2.69394 2.73280 2.77914 3.13310 3.20610 3.24461 3.29244 3.53789 3.46765 3.48049 3.63796 3.76115 3.93543 3.92641 3.96687 4.35304 4.34581 4.34708 4.68369
1.82776 2.02953 2.06928 1.99694 2.28659 2.51351 2.51351 2.51351 2.51241 2.50459 2.48809 2.45006 2.38604 2.20863 2.04964 1.85812 2.09546 2.21336 2.38500 2.18404 2.12387 2.08376 2.03654 1.87227 1.91069 1.94915 1.98783 2.02239 2.03508 2.04508 2.04637 1.93581 1.97308 2.01838 2.10484 2.33158 2.42813 2.38468 2.48237 2.60285 2.67158 2.73116 2.77746 2.81599 2.85467 2.89855 2.94617 3.00699 3.01290 3.01362 3.20658 3.34616 3.34683 3.34697 3.52927 3.55337 3.50506 3.58576 3.68188 3.87271 3.90117 3.94101 4.41275 4.53925 4.61677 4.75817
1.48665 1.77427 1.92111 1.91703 2.01342 2.43495 2.39565 2.35628 2.31804 2.28649 2.26363 2.26232 2.25920 2.16442 2.00047 1.78771 1.92453 2.13023 2.32798 2.22268 2.17139 2.19587 2.20023 2.06355 2.03099 2.04175 2.08926 2.16187 2.24779 2.33210 2.40749 2.29385 2.27193 2.25264 2.29347 2.47431 2.62945 2.64528 2.67471 2.85233 3.00567 2.98322 2.99602 2.99570 2.98719 2.98767 2.98839 3.00702 3.01587 3.01587 3.10043 3.35688 3.39487 3.42942 3.53474 3.75264 3.69712 3.74003 3.77689 3.96714 4.14255 4.18005 4.53998 4.73812 4.77211 4.85212
1.38511 1.51244 1.68853 1.67578 1.67190 2.17530 2.26232 2.26065 2.24658 2.23002 2.22713 2.24059 2.25665 2.25071 2.14440 1.95884 1.91137 2.18815 2.37877 2.34935 2.23095 2.28128 2.34001 2.33760 2.32530 2.40991 2.46932 2.50505 2.52526 2.56021 2.59557 2.49342 2.45708 2.63527 2.68928 2.76609 2.92961 2.96744 2.88585 3.03907 3.22977 3.20685 3.24043 3.14860 2.99271 2.98904 3.00687 3.05602 3.11954 3.15513 3.19407 3.52060 3.55327 3.59743 3.66009 3.98942 4.00134 4.05092 4.09833 4.18291 4.41468 4.44478 4.68023 4.97624 4.98389 4.99395
1.36558 1.34045 1.62035 1.65676 1.64900 1.95439 2.26524 2.28037 2.30795 2.33795 2.35431 2.35435 2.35435 2.35086 2.29689 2.13427 2.04725 2.31933 2.64041 3.05658 2.86148 2.87974 2.94509 2.98433 2.87132 2.89880 2.91869 2.93572 2.94889 2.94981 2.95031 2.86116 2.76391 2.88546 3.00595 3.04481 3.12984 3.19312 3.12680 3.19115 3.36520 3.40987 3.45044 3.44381 3.25122 3.33172 3.43435 3.51582 3.39466 3.39333 3.48166 3.77501 3.99248 4.04369 4.07761 4.23716 4.30694 4.25385 4.25989 4.28451 4.49119 4.53836 4.66682 5.08085 5.08908 5.09732
1.39435 1.34247 1.62181 1.77447 1.80463 1.87754 2.35199 2.35435 2.37903 2.48097 2.59144 2.70710 2.84535 2.99195 3.05944 2.90110 2.62628 2.72723 3.02057 3.42653 3.34451 3.18613 3.19409 3.20209 3.09842 3.05942 3.06825 3.09825 3.13739 3.17656 3.21524 3.19867 3.01464 3.04422 3.18530 3.17025 3.19033 3.36407 3.40641 3.41226 3.62437 3.73747 3.77407 3.88692 3.75409 3.84845 3.94979 4.06287 4.06633 3.88078 3.89729 4.00273 4.26042 4.26999 4.27762 4.32169 4.57120 4.50744 4.52512 4.59730 4.74854 4.89476 4.92674 5.10204 5.10204 5.10204
1.53154 1.47751 1.59281 1.95295 2.06059 2.18955 2.78634 3.08185 3.20945 3.24432 3.27208 3.29881 3.32622 3.35708 3.38388 3.33939 2.93065 2.82832 3.08800 3.37342 3.55477 3.26231 3.28414 3.31531 3.29205 3.21915 3.24953 3.25778 3.23144 3.19439 3.16012 3.15620 3.15356 3.16721 3.32412 3.37796 3.39652 3.68634 3.94059 3.93824 4.21384 4.43624 4.49950 4.63483 4.52384 4.48255 4.54768 4.54704 4.54273 4.20176 4.13682 4.14251 4.47602 4.49836 4.49813 4.49813 4.73771 4.74532 4.73764 4.80474 4.93474 5.20723 5.25441 5.30142 5.34846 5.39547
1.99778 2.22625 2.27595 2.65117 2.67816 2.68582 2.93209 3.30236 3.31963 3.35049 3.38124 3.41061 3.41874 3.41874 3.41874 3.39558 3.07599 2.86340 3.00901 3.30462 3.75215 3.45406 3.34597 3.30803 3.26545 3.09612 3.08778 3.09706 3.12843 3.16983 3.20968 3.23468 3.25843 3.28222 3.41012 3.57641 3.66343 3.86943 4.22463 4.06785 4.01995 4.24117 4.34001 4.65821 4.56612 4.43564 4.52358 4.53233 4.53223 4.37093 4.13024 4.15574 4.42581 4.58026 4.61316 4.64606 4.79539 5.00436 5.00529 5.03478 5.16107 5.38443 5.45078 5.57548 5.74507 5.88842
2.27236 2.40400 2.32850 2.60269 2.69733 2.72778 2.79902 3.38746 3.41874 3.41874 3.41874 3.41857 3.41470 3.41010 3.44258 3.48892 3.38004 3.06089 3.20588 3.51820 3.57533 3.37043 3.23467 3.27611 3.31756 3.27573 3.25740 3.28115 3.30491 3.32871 3.35501 3.40761 3.46611 3.49394 3.51964 3.61040 3.54692 3.55095 4.03529 4.03211 3.91543 4.17770 4.23212 4.56908 4.66234 4.54873 4.66501 4.78413 4.85033 4.90515 4.57431 4.55968 4.61285 4.73837 4.73356 4.72879 4.74173 5.08638 5.03831 5.10306 5.29542 5.50105 5.70144 5.61972 5.52720 5.49921
2.31833 2.38003 2.44159 2.54909 2.80227 2.80265 2.80259 3.24176 3.49819 3.55412 3.61215 3.67280 3.73992 3.81060 3.83598 3.84000 3.83814 3.40416 3.48759 3.70903 3.88019 3.69281 3.38563 3.38123 3.38493 3.37992 3.36149 3.38258 3.43993 3.46908 3.47077 3.41834 3.34864 3.31336 3.29836 3.46789 3.50974 3.56289 4.00449 4.29221 4.16495 4.40036 4.59552 4.80577 5.08632 4.92803 4.91973 5.00571 5.00348 4.99808 4.77358 4.53875 4.54505 4.71798 4.72440 4.73258 4.82259 5.17948 5.37943 5.41054 5.31489 5.15700 5.40559 5.42874 5.43069 5.42770
2.44713 2.45043 2.57381 2.55855 2.99723 3.05373 3.10504 3.35119 3.83598 3.83598 3.83786 3.90013 3.99129 4.08336 4.18022 4.27366 4.28887 3.87573 3.60505 3.69738 3.94882 3.78224 3.47920 3.38979 3.43312 3.46333 3.44334 3.41220 3.34001 3.32364 3.40134 3.49185 3.58303 3.67429 3.77427 4.03191 4.27005 4.34292 4.50750 4.72909 4.61369 4.61216 4.87557 4.90960 5.30233 4.99811 4.80193 4.85529 4.88519 4.87597 4.82941 4.46170 4.49946 4.68759 4.80075 4.84414 4.83337 4.93336 5.21438 5.23597 5.27725 5.11550 5.28492 5.36443 5.39409 5.40555
2.50669 2.52949 2.65647 2.65995 2.99417 3.13246 3.18749 3.29701 4.02999 4.17657 4.27211 4.30730 4.31365 4.31900 4.31960 4.31960 4.31914 4.07971 3.54068 3.52974 3.69470 3.92605 3.75107 3.82124 3.88200 3.95858 4.04828 4.14863 4.26380 4.35688 4.38596 4.40986 4.43359 4.45736 4.47228 4.53908 4.78835 4.81566 4.84215 5.09426 5.05370 4.81331 5.14611 5.16932 5.38252 5.21636 4.73105 4.69527 4.65602 4.47923 4.32727 4.40098 4.59563 4.70884 4.92336 5.02750 5.11582 5.19423 5.52036 5.50926 5.50926 5.36677 5.34291 5.46375 5.49098 5.51863
2.40334 2.56047 2.73736 2.95138 3.25011 3.69492 3.77600 3.81897 4.11653 4.31960 4.31960 4.31496 4.24402 4.13436 4.02259 3.93880 3.90225 3.74883 3.37579 3.45370 3.81771 4.83385 4.59524 4.50694 4.50769 4.50846 4.50336 4.47986 4.48062 4.48138 4.49436 4.52181 4.54929 4.57675 4.60421 4.62162 4.86455 4.90060 4.89971 4.99406 5.08024 4.83838 4.93399 4.92248 4.89625 4.92678 4.24563 4.15723 4.19302 4.27098 4.35222 4.47503 4.91967 4.95563 5.09744 5.09033 5.07890 5.07863 5.23497 5.39790 5.41916 5.38235 5.23049 5.39595 5.49382 5.63041
2.48902 2.78525 3.07621 3.35745 3.36181 3.75966 3.70898 3.59977 3.61580 3.95447 3.92032 3.89105 3.93209 4.00563 4.07271 4.14278 4.19220 4.18955 3.69860 3.61515 3.76709 4.79728 4.67293 4.51796 4.51689 4.53076 4.55747 4.55900 4.58081 4.60749 4.62197 4.62226 4.62335 4.51380 4.32525 4.35121 4.51805 4.66099 4.68575 4.61599 4.54626 4.39273 4.25779 4.18455 4.15173 4.42635 4.02150 4.01773 4.08131 4.20173 4.20203 4.19885 4.42340 4.57109 4.67408 4.71572 4.71110 4.71757 4.76466 5.10627 5.16911 5.16877 4.98136 5.04630 5.20568 5.52368
2.80427 3.19913 3.53074 3.72690 3.89840 3.71174 3.50666 3.58234 3.63919 4.05973 4.12211 4.13388 4.18206 4.23257 4.29003 4.31559 4.31559 4.31559 3.91233 3.56563 3.73291 4.53671 4.85110 4.65934 4.63966 4.65358 4.65473 4.64142 4.62707 4.65024 4.68857 4.72662 4.76383 4.73351 4.38517 4.40032 4.47108 4.66400 4.57301 4.44825 4.26671 4.28215 4.26098 4.39624 4.41327 4.47474 4.21034 4.02545 4.02334 4.16100 4.17696 4.17587 4.23517 4.55344 4.61264 4.69284 4.67222 4.65465 4.64709 4.87324 5.00156 4.94574 4.79000 4.69735 4.80331 5.23997
3.69948 3.99980 4.43810 4.32109 4.29885 4.14641 3.63447 3.63709 3.68226 3.97449 4.27797 4.31497 4.31559 4.31559 4.31559 4.32034 4.33009 4.33986 4.13767 3.66352 3.77616 4.23611 5.05129 4.77578 4.68474 4.72196 4.75914 4.79244 4.80741 4.83884 4.85607 4.87330 4.89053 4.90530 4.43455 4.29313 4.22820 4.42576 4.52325 4.60327 4.52340 4.51474 4.36861 4.44195 4.39334 4.39616 4.31212 4.01555 4.03095 4.12251 4.22749 4.24365 4.25986 4.54308 4.67398 4.55931 4.56125 4.56555 4.58380 4.63047 4.79303 4.81818 4.75471 4.47852 4.54507 4.81845
3.87750 3.75986 4.42373 4.35481 4.32620 4.36471 3.85856 3.82227 3.82590 3.89250 4.31786 4.32924 4.33894 4.34875 4.35846 4.36351 4.36351 4.36351 4.25858 3.77574 3.51491 3.73441 4.76075 4.51474 4.82545 4.85041 4.85108 4.85175 4.90418 4.92076 4.88656 4.75942 4.66713 4.62908 4.39774 4.36402 4.40826 4.54479 4.64709 4.64714 4.58513 4.54315 4.47334 4.49055 4.46768 4.48306 4.48403 4.13063 4.13158 4.14575 4.29582 4.30649 4.31041 4.40526 4.70830 4.60905 4.57267 4.57255 4.54519 4.42844 4.43987 4.37524 4.28158 4.33814 4.47984 4.83038
4.12159 3.76546 4.36446 4.58335 4.46137 4.46357 4.15712 3.84844 3.85821 3.86797 4.25041 4.36351 4.36351 4.36351 4.31480 4.20862 4.10247 3.99681 3.86688 3.56455 3.14683 3.39376 4.39516 4.54203 4.69707 4.85228 4.84763 4.75047 4.67742 4.67357 4.66994 4.75230 4.80812 4.84141 4.70919 4.55856 4.61925 4.73165 4.95645 5.01353 4.96142 4.59231 4.53423 4.39853 4.38320 4.32218 4.31294 4.15148 4.16680 4.16961 4.27365 4.34549 4.34624 4.32098 4.60668 4.52842 4.30011 4.15831 4.06219 4.10087 4.20146 4.39009 4.45813 4.58146 4.77615 5.09139
4.43196 3.93765 4.19701 4.65421 4.51987 4.50254 4.40833 3.87397 3.87383 3.83485 3.92867 4.11363 4.00825 3.90298 3.84647 3.84732 3.84825 3.84854 3.84854 3.67358 3.26773 3.27901 4.01053 4.46871 4.28174 4.53031 4.52603 4.60793 4.70001 4.79098 4.81997 4.84598 4.87140 4.87132 4.73280 4.39459 4.35796 4.32263 4.47040 4.42963 4.37593 3.91594 3.90925 3.85105 3.92995 3.87081 3.88174 4.12395 4.21600 4.18752 4.18469 4.30536 4.29134 4.30441 4.32006 4.28547 4.20407 4.28325 4.36880 4.57110 4.69108 4.91556 4.97323 4.98784 5.10126 5.27076
