results/OMI_NO2_200502.asc
ncols      200
nrows      200
xllcorner       120.258
yllcorner       41.1236
cellsize     0.0166667
NODATA_Value      -999.000
[rows 0 to 28 of 164, columns 130 to 194 of 200]
1.62851 1.85001 1.90610 1.82347 1.74809 1.68005 1.62651 1.61390 1.57993 1.55845 1.64839 1.62609 1.59350 1.59022 1.46592 1.37819 1.28540 1.20817 1.12917 1.05605 1.02959 1.03242 1.04329 1.09404 1.17297 1.20608 1.37056 1.43736 1.50285 1.63792 1.64855 1.61160 1.54280 1.48274 1.44192 1.24702 1.12879 1.11793 1.13813 1.17246 1.16364 1.17689 1.25114 1.34282 1.24434 1.07128 1.03979 0.997748 0.983273 0.979828 1.01769 1.07239 1.08572 1.08102 1.07009 1.03022 0.988574 0.952693 0.921424 0.896026 0.939745 0.942688 0.856038 0.745109 0.754689
1.77059 1.71635 1.62066 1.61984 1.61984 1.61984 1.61984 1.61984 1.58826 1.56299 1.46556 1.44455 1.35131 1.27285 1.15368 1.06223 1.05572 1.04828 1.03718 1.00133 0.993232 1.01240 1.02045 1.00951 1.08836 1.08111 1.26479 1.38624 1.34249 1.35906 1.33117 1.31619 1.31091 1.30611 1.30155 1.21683 1.05981 1.05807 1.05842 1.11013 1.11347 1.11073 1.13804 1.16121 1.15274 0.952010 0.975935 1.00958 1.01044 1.01118 0.984537 0.968214 0.954642 0.930064 0.892857 0.897263 0.900885 0.915645 0.927613 0.932214 0.958529 1.03690 1.02239 0.955202 0.915856
1.78137 1.65820 1.52922 1.49908 1.46387 1.41425 1.35982 1.30540 1.17987 1.05088 0.993829 1.03483 1.03111 1.01785 0.989559 0.907602 0.893727 0.881073 0.869701 0.853017 0.833482 0.819600 0.857444 0.868792 0.947157 0.971715 1.01333 1.21893 1.22008 1.24196 1.26139 1.26045 1.26034 1.26034 1.26034 1.24370 1.03640 1.04193 1.06120 1.08321 1.05794 1.04459 1.10980 1.21148 1.26585 1.13916 1.07504 1.06074 1.04554 1.02851 1.00866 1.00127 0.989974 0.975134 0.933541 0.928956 0.928592 0.937807 0.956905 0.954537 0.952069 1.01185 1.02407 0.960911 0.880655
1.46502 1.39879 1.31548 1.23243 1.18023 1.11417 1.02152 0.971645 0.938284 0.888678 0.877027 0.890406 0.914226 0.906167 0.899749 0.831692 0.809185 0.795400 0.781595 0.770408 0.769412 0.769165 0.826889 0.870357 0.936307 1.00548 1.01047 1.14747 1.18095 1.17473 1.19332 1.18059 1.16795 1.15542 1.15134 1.15323 1.18232 1.20849 1.21415 1.20513 1.11244 1.07121 1.04091 1.11607 1.09554 1.05428 1.00661 1.00144 0.995078 0.973823 0.936644 0.921977 0.919428 0.917771 0.887498 0.877761 0.873200 0.870888 0.887428 0.882282 0.877986 0.898557 0.943449 0.916726 0.804274
1.23994 1.15872 1.08369 0.947254 0.923740 0.913377 0.874451 0.867256 0.866423 0.848592 0.831832 0.819122 0.848719 0.840217 0.839350 0.790552 0.724635 0.712610 0.704595 0.711598 0.723214 0.727487 0.750054 0.811236 0.826010 0.888589 0.899365 0.976398 1.09160 1.09712 1.12017 1.13578 1.15078 1.16644 1.17307 1.17307 1.18569 1.18223 1.15648 1.12985 1.04247 0.983132 0.935341 1.03320 1.04781 1.05309 0.982795 0.980226 0.976770 0.961792 0.916005 0.897578 0.897911 0.892777 0.871232 0.857084 0.854355 0.851033 0.869010 0.874928 0.874928 0.880233 0.932095 0.927899 0.838235
0.948213 0.945856 0.958902 0.928013 0.914322 0.923591 0.911959 0.897226 0.902270 0.899627 0.903367 0.918825 0.953552 0.990368 0.997379 0.908713 0.663277 0.679228 0.691966 0.693503 0.703225 0.703406 0.703400 0.775297 0.812442 0.871180 0.916716 0.945263 1.15015 1.17004 1.17745 1.17681 1.16002 1.13343 1.10589 1.07733 1.06527 1.10022 1.10022 1.10022 1.08484 1.00420 0.948925 0.957676 1.01284 0.968203 0.952483 0.971738 0.963870 0.946215 0.877874 0.861980 0.856802 0.854640 0.846292 0.831456 0.833272 0.834992 0.847103 0.857852 0.853854 0.850908 0.903182 0.957401 0.899541
1.11476 1.13570 1.13835 1.10325 1.02727 1.02213 1.01876 0.986307 0.985661 0.984639 0.980313 0.990448 0.987290 1.03725 1.04888 1.03950 0.710437 0.692437 0.692054 0.691660 0.699976 0.702145 0.703482 0.745425 0.823836 0.882931 0.953201 0.946760 1.08861 1.13072 1.10112 1.06532 1.05551 1.05551 1.04821 1.02130 0.987605 0.959921 0.922397 0.896955 0.871255 0.791921 0.733356 0.706224 0.812635 0.823339 0.853658 0.900115 0.898377 0.904253 0.861623 0.852892 0.865034 0.865426 0.859512 0.832445 0.824800 0.817270 0.813939 0.835076 0.846981 0.846265 0.867207 0.946077 0.921058
1.16881 1.16881 1.16222 1.09688 1.04583 1.02503 1.04216 1.03592 1.04098 1.05482 1.03827 1.01779 0.995873 1.03839 1.07163 1.07707 0.814471 0.690786 0.692520 0.701517 0.718392 0.735008 0.744820 0.746605 0.812016 0.832085 0.828704 0.790577 0.860383 0.967201 0.935083 0.900102 0.867966 0.836141 0.807749 0.800300 0.809676 0.821056 0.809963 0.806608 0.788971 0.756034 0.687152 0.644175 0.705762 0.787023 0.816503 0.867037 0.881716 0.879262 0.846680 0.813353 0.821497 0.817882 0.812761 0.787885 0.784899 0.784108 0.785340 0.815425 0.852076 0.856908 0.863089 0.914679 0.915983
1.12290 1.11670 1.09941 1.04156 1.01018 1.03663 1.02629 1.00496 0.974806 0.968104 0.958224 0.947500 0.951547 1.01178 1.09057 1.11073 0.973655 0.733627 0.741919 0.731079 0.720382 0.715278 0.702036 0.697179 0.721639 0.775051 0.800113 0.761891 0.752741 0.823985 0.835001 0.849685 0.865901 0.886637 0.868128 0.815433 0.791764 0.774372 0.741125 0.726897 0.727248 0.727955 0.680433 0.647471 0.642609 0.779344 0.814145 0.846005 0.885097 0.872074 0.848901 0.806720 0.813963 0.825068 0.829672 0.831595 0.836570 0.842592 0.847135 0.830557 0.842467 0.833349 0.822612 0.844194 0.854193
1.02073 1.01596 1.00763 0.988010 0.946321 0.984983 0.995506 1.00925 0.981845 0.979403 0.984247 0.975629 0.980376 1.02073 1.12790 1.15836 1.10467 0.707591 0.695662 0.699842 0.707729 0.726097 0.732395 0.737486 0.748863 0.822765 0.881974 0.880543 0.830715 0.911320 0.947455 0.917673 0.886455 0.855236 0.813298 0.745672 0.745672 0.748473 0.746976 0.742940 0.742940 0.734492 0.699310 0.656997 0.622755 0.694293 0.752253 0.775037 0.814238 0.826964 0.837274 0.829293 0.832673 0.848816 0.850367 0.849726 0.847120 0.844511 0.841381 0.809408 0.768366 0.780295 0.779003 0.791434 0.811243
0.976954 1.00132 1.02850 1.05648 1.03925 1.07316 1.13106 1.14157 1.05783 0.987457 0.977806 0.971786 0.970940 0.990159 1.08101 1.18731 1.20104 0.839779 0.744541 0.742506 0.740468 0.749833 0.750246 0.754040 0.764742 0.819746 0.915966 0.919163 0.818005 0.830883 0.808647 0.789075 0.774270 0.759201 0.743614 0.669946 0.648032 0.615984 0.662792 0.656237 0.628319 0.608382 0.598253 0.596646 0.596785 0.634445 0.759295 0.825322 0.845811 0.838626 0.839040 0.845086 0.839211 0.845257 0.847101 0.845367 0.845594 0.843964 0.840941 0.832030 0.755471 0.777614 0.781231 0.794579 0.835540
1.10789 1.13644 1.14211 1.13866 1.11062 1.07485 1.10622 1.09805 1.06469 0.936799 0.931886 0.942819 0.968122 0.987473 1.08283 1.17622 1.21598 0.978503 0.733645 0.723458 0.721294 0.711541 0.690540 0.671169 0.644792 0.625382 0.687664 0.676930 0.583966 0.551336 0.600803 0.570232 0.570231 0.519518 0.487385 0.442177 0.412176 0.401230 0.480977 0.558499 0.568684 0.579829 0.590642 0.602018 0.614098 0.620972 0.717803 0.805125 0.830746 0.812465 0.806460 0.821635 0.833005 0.837563 0.854002 0.858327 0.861057 0.864708 0.869731 0.874765 0.814003 0.824182 0.824182 0.824583 0.864599
1.11496 1.12145 1.12654 1.11409 1.09817 1.03682 1.05500 1.08034 1.07520 0.955851 0.919113 0.913414 0.939207 0.938672 1.02033 1.07767 1.16466 1.06581 0.612604 0.610995 0.600326 0.569614 0.530717 0.530717 0.530717 0.532755 0.591428 0.612551 0.578592 0.537453 0.572933 0.531353 0.514371 0.438714 0.417444 0.417938 0.422304 0.437902 0.480697 0.599774 0.600815 0.600815 0.600815 0.600880 0.610788 0.644006 0.706850 0.863084 0.903201 0.832915 0.829362 0.839197 0.875280 0.879033 0.881778 0.878405 0.877313 0.876683 0.874753 0.872761 0.826194 0.808681 0.805154 0.788564 0.798599
1.10261 1.09740 1.06594 1.04968 1.04429 1.00614 0.981662 1.02058 1.02159 0.962937 0.878365 0.878365 0.899554 0.909894 0.951120 1.04893 1.11775 1.13841 0.647478 0.587001 0.589078 0.585526 0.541139 0.544037 0.546840 0.546011 0.564678 0.577627 0.547461 0.478878 0.500330 0.527724 0.525710 0.511634 0.482448 0.489210 0.467443 0.467502 0.474488 0.615331 0.653922 0.692831 0.729305 0.764848 0.794085 0.811173 0.817872 0.940806 0.973106 0.880424 0.837919 0.834376 0.860171 0.871813 0.867639 0.861589 0.860695 0.860666 0.858528 0.848039 0.818273 0.743765 0.741400 0.740813 0.756080
1.06631 1.06631 1.05639 1.02933 1.02933 1.01846 0.971974 1.00109 1.02116 1.00569 0.868149 0.855102 0.855467 0.881121 0.909532 1.01422 1.04155 1.10765 0.806115 0.597710 0.597759 0.595989 0.541075 0.520792 0.507289 0.496013 0.515412 0.580943 0.598296 0.541551 0.557971 0.628161 0.623806 0.653456 0.615060 0.646468 0.639285 0.668061 0.707060 0.780480 0.817239 0.809013 0.805100 0.803872 0.803077 0.804556 0.805078 0.863949 0.955924 0.923512 0.839300 0.835812 0.858335 0.901942 0.899362 0.882150 0.868978 0.856013 0.845587 0.841046 0.836173 0.733270 0.712121 0.700990 0.696159
1.07772 1.08209 1.08645 1.05935 1.05681 1.05945 1.01261 1.00600 1.03271 1.04466 0.958461 0.917944 0.931598 0.976172 0.985821 1.01372 1.00726 1.08619 0.947104 0.572131 0.557672 0.545269 0.525082 0.526593 0.547848 0.574730 0.598055 0.680212 0.687766 0.668819 0.666601 0.793107 0.810921 0.786119 0.730651 0.710693 0.719393 0.724378 0.719541 0.747428 0.809741 0.812563 0.814950 0.815230 0.815230 0.816542 0.818147 0.834442 0.956071 0.969667 0.873599 0.825712 0.816922 0.852941 0.843193 0.835073 0.825679 0.815556 0.807880 0.810609 0.814393 0.736030 0.678955 0.679741 0.680670
1.13610 1.13416 1.13500 1.12767 1.11234 1.12324 1.10727 1.07222 1.09400 1.10422 1.06047 0.961532 0.971969 1.00535 1.04048 1.10187 1.09918 1.10224 1.08781 0.638986 0.653963 0.685403 0.681145 0.656059 0.661485 0.661026 0.669361 0.708361 0.658044 0.634643 0.620472 0.680277 0.814894 0.804026 0.770852 0.720241 0.723626 0.727010 0.728676 0.731538 0.811822 0.815230 0.815230 0.815230 0.816634 0.823271 0.823800 0.836498 0.931194 0.974199 0.934062 0.863284 0.868181 0.883151 0.892812 0.894721 0.890336 0.896040 0.901701 0.903173 0.903891 0.827144 0.673363 0.673363 0.673363
1.25487 1.27151 1.28530 1.28907 1.25308 1.22790 1.19434 1.08945 1.05978 1.04581 1.02453 1.10664 1.15070 1.19524 1.21763 1.27893 1.28359 1.27068 1.23906 0.875947 0.721825 0.725189 0.740677 0.723600 0.748696 0.773767 0.794232 0.814948 0.702151 0.700555 0.679921 0.677729 0.843163 0.823592 0.808062 0.736431 0.728676 0.728676 0.728676 0.728676 0.849657 0.920521 0.942510 0.964509 0.985082 1.00056 0.987269 0.963222 0.995403 1.05057 1.03406 0.933585 0.890763 0.899451 0.907759 0.909720 0.910445 0.913534 0.917863 0.918952 0.920793 0.907972 0.693575 0.695921 0.695403
1.26362 1.22760 1.19155 1.15553 1.10802 1.10697 1.14405 1.13885 1.13943 1.20869 1.26571 1.34537 1.42215 1.44230 1.36593 1.34525 1.27758 1.25970 1.26296 1.07563 0.811876 0.827214 0.825991 0.809206 0.831805 0.857834 0.881383 0.887227 0.809686 0.711412 0.689294 0.675768 0.784379 0.844880 0.817094 0.760966 0.742590 0.754109 0.766854 0.779596 0.888044 1.01092 1.01104 1.01002 1.00777 1.00552 0.997256 0.956920 0.952035 1.02200 1.02458 0.970112 0.892919 0.933756 0.954420 0.958488 0.958494 0.937122 0.917582 0.901550 0.890574 0.877015 0.665516 0.591360 0.581811
1.19632 1.23018 1.26490 1.30416 1.32924 1.31623 1.33896 1.34267 1.27222 1.28734 1.30066 1.31073 1.37880 1.35845 1.29082 1.21816 1.14000 1.03000 0.989371 0.896279 0.811428 0.837617 0.865147 0.887199 0.896396 0.898203 0.898203 0.898203 0.879437 0.711553 0.684313 0.648776 0.680017 0.827898 0.791794 0.779018 0.790441 0.790662 0.788199 0.785389 0.811755 1.00170 0.999369 0.998147 0.998144 0.998144 0.998144 0.965393 0.918105 0.946836 0.981449 0.900167 0.851202 0.844093 0.845888 0.831479 0.810305 0.826440 0.845505 0.854081 0.856562 0.859530 0.736050 0.601350 0.608294
1.31006 1.29129 1.25499 1.21320 1.16970 1.14065 1.10221 1.05263 0.982444 0.959015 0.961360 0.941823 0.984734 1.00187 0.987822 0.897150 0.870483 0.796301 0.847025 0.895065 0.882222 0.882929 0.882213 0.880000 0.877855 0.866924 0.855999 0.845086 0.836266 0.725595 0.669948 0.651547 0.653141 0.820672 0.813238 0.783162 0.775673 0.775798 0.775421 0.775394 0.773776 0.982987 1.03452 1.06141 1.07108 1.08052 1.09397 1.10384 1.09096 1.12790 1.15797 0.963067 0.817156 0.814267 0.839614 0.847503 0.850072 0.871562 0.903954 0.906648 0.911973 0.916492 0.856651 0.631048 0.622374
0.836619 0.811231 0.811231 0.811231 0.811231 0.817487 0.841487 0.841493 0.863601 0.909193 0.924036 0.937398 0.963139 1.01389 1.02239 0.940198 0.910223 0.815672 0.781133 0.883918 0.844580 0.831949 0.821740 0.822372 0.834991 0.842020 0.852453 0.862877 0.872905 0.831196 0.695583 0.666336 0.641022 0.741242 0.824706 0.801567 0.813370 0.846075 0.873658 0.902196 0.932535 1.10719 1.22652 1.21851 1.23699 1.25431 1.26536 1.27595 1.22949 1.20359 1.23451 1.15374 0.870196 0.862439 0.880543 0.860878 0.865258 0.869544 0.908953 0.906982 0.898922 0.891106 0.888349 0.637721 0.615833
0.932530 0.811231 0.811231 0.811231 0.811231 0.811231 0.834523 0.841358 0.838912 0.894639 0.902419 0.952774 0.943337 0.990459 0.974280 0.902786 0.814371 0.749714 0.710867 0.803786 0.834953 0.825828 0.836253 0.846816 0.871247 0.878139 0.885201 0.892355 0.930714 0.997381 0.894910 0.898122 0.889200 0.956962 1.04717 1.02467 1.01802 1.02618 1.01722 1.00594 0.990624 1.09424 1.33271 1.33828 1.33566 1.33313 1.33109 1.32880 1.30626 1.22686 1.23516 1.23892 0.912032 0.867434 0.878251 0.855025 0.845578 0.838956 0.867344 0.895842 0.900730 0.906044 0.910409 0.741675 0.643672
1.04004 0.811231 0.811231 0.810820 0.806918 0.801320 0.793205 0.791315 0.772411 0.794755 0.816616 0.842124 0.863678 0.900860 0.926828 0.915864 0.808729 0.779373 0.739992 0.763772 0.885594 0.890616 0.956518 1.02304 1.09910 1.16663 1.23313 1.30396 1.34455 1.34188 1.28223 1.19542 1.14058 1.12728 1.14489 1.07540 0.988599 0.981429 0.980953 0.977100 0.973276 0.979511 1.25734 1.26777 1.26588 1.26400 1.26325 1.26516 1.28381 1.21196 1.20632 1.25046 1.03935 0.885662 0.914827 0.922827 0.885596 0.894402 0.915599 0.988067 0.998706 1.00902 1.02390 0.903110 0.652432
1.16685 0.789038 0.761757 0.741836 0.725358 0.710586 0.707993 0.732855 0.743550 0.769785 0.847973 0.877399 0.943689 0.953439 0.940317 0.974008 0.992060 1.06060 1.08402 1.14641 1.28007 1.33389 1.33494 1.34839 1.36905 1.38965 1.39201 1.39039 1.38869 1.35426 1.31149 1.21464 1.09708 1.00012 1.01677 1.03231 0.962369 0.958432 0.972019 0.998500 1.02585 1.05269 1.24133 1.31504 1.35886 1.41611 1.47884 1.54516 1.58863 1.51884 1.40903 1.43886 1.34105 1.05001 1.06661 1.02068 0.962514 0.949866 0.955023 1.02137 1.04433 1.05063 1.05172 1.01755 0.645244
1.16201 0.824010 0.716107 0.731374 0.749131 0.766888 0.784634 0.815885 0.858159 0.880627 0.948801 0.995291 1.08886 1.14880 1.16095 1.17151 1.25339 1.37575 1.37604 1.35471 1.35856 1.40606 1.37421 1.37199 1.37706 1.38453 1.36408 1.33773 1.31686 1.27359 1.27290 1.27684 1.24276 1.17046 1.19319 1.24476 1.22959 1.21982 1.25730 1.27787 1.31281 1.35895 1.46475 1.60475 1.61768 1.61662 1.62595 1.64695 1.66764 1.67484 1.49966 1.49677 1.49951 1.11914 1.09506 1.05125 1.00195 0.966748 0.966918 0.995466 1.03514 1.03418 1.03392 1.03684 0.716616
1.23086 1.06546 0.855542 0.883065 0.908893 0.936118 0.972143 1.01336 1.06820 1.09410 1.11937 1.15891 1.20284 1.28589 1.28922 1.28926 1.30345 1.51603 1.53467 1.53206 1.52109 1.57524 1.77374 1.75764 1.71604 1.48954 1.47111 1.46483 1.45672 1.44602 1.43004 1.43012 1.38732 1.30854 1.27215 1.30268 1.32167 1.28933 1.36636 1.44952 1.45957 1.45876 1.49294 1.64203 1.66396 1.68570 1.69707 1.69673 1.69673 1.69673 1.56677 1.48340 1.51467 1.25877 1.08781 1.11058 1.03729 0.972963 0.971145 0.998041 1.06826 1.08107 1.08501 1.08548 0.866865
1.58704 1.54428 1.07355 1.08577 1.09097 1.09290 1.08614 1.07599 1.13746 1.18401 1.18418 1.20458 1.20213 1.31302 1.32735 1.32768 1.32770 1.50592 1.59019 1.58455 1.52928 1.49493 1.62430 1.63690 1.63006 1.49573 1.45903 1.46451 1.47000 1.47129 1.45444 1.45988 1.45775 1.41894 1.35229 1.39348 1.42148 1.37421 1.38497 1.50276 1.52402 1.53782 1.53339 1.67216 1.69673 1.69405 1.66398 1.62911 1.59724 1.56612 1.50970 1.33815 1.36588 1.32044 1.09272 1.16324 1.08035 1.01446 0.990817 0.996720 1.03829 1.06557 1.06207 1.07111 0.988811
1.33138 1.31040 1.09087 1.07450 1.07168 1.07168 1.07168 1.07168 1.08909 1.18341 1.18401 1.18401 1.18401 1.24458 1.32607 1.32261 1.30800 1.37239 1.50904 1.49050 1.46987 1.46674 1.56383 1.65697 1.64701 1.54805 1.46357 1.45504 1.46004 1.47008 1.45205 1.45586 1.44266 1.38249 1.33664 1.34606 1.38725 1.36443 1.29099 1.32711 1.31176 1.28360 1.25747 1.41441 1.46050 1.43527 1.43251 1.43443 1.43445 1.43704 1.44224 1.33864 1.33465 1.40477 1.14778 1.16652 1.12318 1.01857 0.970778 0.982942 1.03476 1.11078 1.14067 1.15379 1.14801
