results/OMI_NO2_200708.asc
ncols      200
nrows      200
xllcorner       120.258
yllcorner       41.1236
cellsize     0.0166667
NODATA_Value      -999.000
[rows 29 to 57 of 164, columns 67 to 133 of 200]
1.37474 1.39252 1.40576 1.46018 1.47177 1.50724 1.55684 1.54765 1.54834 1.53315 1.50592 1.46923 1.43953 1.41242 1.40876 1.47157 1.50603 1.48934 1.50245 1.58279 1.57775 1.55943 1.54371 1.52746 1.57063 1.49404 1.45978 1.47286 1.50816 1.66093 1.76485 1.69268 1.70226 1.71519 1.73554 1.70232 1.72426 1.79812 1.92198 2.03382 2.03464 2.09316 2.12999 2.13080 2.13218 2.18217 2.25983 2.28084 2.31793 2.31243 2.26657 2.23159 2.17589 2.13839 2.22376 2.19334 2.13214 2.24121 2.20562 2.17212 2.16197 2.14823 2.13508 2.12464 2.11452 2.10401 2.08917
1.40589 1.41461 1.40862 1.41420 1.41184 1.40775 1.44312 1.41426 1.41211 1.40460 1.40424 1.42312 1.44212 1.46112 1.47355 1.49420 1.53188 1.51233 1.47761 1.53923 1.55052 1.54743 1.51813 1.50663 1.52766 1.50836 1.43719 1.44990 1.50948 1.60732 1.82028 1.83403 1.85680 1.87538 1.88249 1.90789 1.95913 2.02690 2.10228 2.19886 2.14588 2.11912 2.10801 2.08180 2.07669 2.08075 2.19524 2.20587 2.26410 2.26989 2.25095 2.27280 2.28709 2.25967 2.26791 2.24178 2.15889 2.13739 2.13570 2.05802 2.05440 2.05356 2.04826 2.04227 2.04286 2.06257 2.10110
1.38843 1.33482 1.33276 1.32298 1.32444 1.30850 1.33409 1.36105 1.39819 1.44859 1.45469 1.45469 1.45469 1.45469 1.45469 1.45690 1.50554 1.50779 1.45496 1.48980 1.52850 1.51986 1.54617 1.57767 1.60218 1.64369 1.59200 1.60986 1.60678 1.63605 1.83658 1.82292 1.82317 1.85236 1.88600 1.92372 2.01211 2.01518 2.03201 2.15196 2.14467 2.11356 2.12892 2.12351 2.13121 2.14709 2.23491 2.30670 2.36113 2.41471 2.41684 2.41312 2.45796 2.43354 2.35327 2.30768 2.20977 2.12098 2.14697 2.04195 2.03852 2.06149 2.12886 2.20710 2.28069 2.33130 2.36788
1.40479 1.29297 1.29435 1.30293 1.35768 1.37553 1.39155 1.40855 1.41349 1.46272 1.47118 1.47893 1.48375 1.48316 1.47083 1.45906 1.48392 1.50591 1.45874 1.45506 1.54052 1.55061 1.59936 1.66602 1.71091 1.80206 1.74058 1.67382 1.64486 1.61237 1.84580 1.92786 1.89735 1.89366 1.88996 1.88683 1.97309 2.02373 2.15158 2.26740 2.32323 2.26782 2.27038 2.26821 2.25859 2.26071 2.28045 2.38737 2.39540 2.45256 2.44416 2.40886 2.41372 2.39771 2.34382 2.27751 2.15870 2.09348 2.15363 2.23897 2.31447 2.35980 2.36466 2.36890 2.37429 2.37968 2.38568
1.46239 1.34931 1.34941 1.35394 1.38614 1.40285 1.41398 1.47692 1.48518 1.50060 1.49002 1.46939 1.45166 1.43929 1.43864 1.43864 1.44575 1.47914 1.46077 1.43017 1.50050 1.51274 1.51789 1.62766 1.65222 1.81570 1.84399 1.76889 1.74768 1.63937 1.78955 1.94304 1.92218 1.94097 1.96008 1.97864 2.03675 2.09382 2.22947 2.28244 2.35205 2.29936 2.26253 2.25220 2.21923 2.20602 2.19611 2.28019 2.30339 2.33598 2.34610 2.31810 2.33605 2.37976 2.43788 2.43884 2.40680 2.32095 2.29491 2.36608 2.39316 2.40255 2.41127 2.41374 2.41507 2.41639 2.41253
1.50004 1.40393 1.34469 1.32835 1.32562 1.33751 1.31837 1.35529 1.39278 1.41506 1.43864 1.42960 1.39914 1.36734 1.32861 1.29090 1.26048 1.29601 1.38246 1.39383 1.44283 1.49764 1.52047 1.64475 1.77140 1.89857 1.94954 1.89592 1.87004 1.77500 1.83681 2.03776 2.01721 2.01230 2.01200 2.01169 2.01573 2.11702 2.22846 2.29616 2.28173 2.27199 2.22817 2.23616 2.23189 2.22160 2.22450 2.28492 2.39970 2.46108 2.56565 2.59641 2.58438 2.47950 2.43738 2.37733 2.38682 2.36330 2.31313 2.37592 2.41102 2.41031 2.40737 2.39913 2.39073 2.38239 2.37845
1.42651 1.36923 1.26536 1.25793 1.24400 1.27598 1.25922 1.25667 1.29552 1.27342 1.27364 1.24434 1.23775 1.23215 1.23269 1.23587 1.23927 1.27494 1.38343 1.48516 1.56296 1.65745 1.67457 1.72725 1.89689 1.95109 2.02902 2.01737 1.94287 1.86950 1.84657 2.07358 2.11857 2.10138 2.10702 2.11268 2.11831 2.18794 2.27157 2.37306 2.34866 2.32255 2.23388 2.25178 2.30017 2.40771 2.47813 2.50880 2.45449 2.42856 2.44536 2.41416 2.39302 2.33366 2.31419 2.32160 2.30634 2.38748 2.33833 2.35125 2.38144 2.37758 2.37233 2.37212 2.37212 2.37212 2.37212
1.34944 1.28910 1.11408 1.09503 1.07835 1.09194 1.10264 1.11539 1.18692 1.19482 1.23875 1.24692 1.25747 1.27738 1.30403 1.32866 1.35232 1.37498 1.45528 1.58342 1.67720 1.71864 1.72487 1.73240 1.87602 1.95299 2.01893 2.02886 1.95385 1.88832 1.80941 1.97241 2.12119 2.10075 2.10375 2.10812 2.11286 2.12396 2.22740 2.43592 2.48605 2.51973 2.50511 2.45203 2.43979 2.45458 2.46428 2.46836 2.45014 2.43167 2.46532 2.50265 2.47778 2.46793 2.37124 2.42643 2.41803 2.48535 2.47737 2.42303 2.46793 2.50298 2.51834 2.53379 2.54804 2.56027 2.57263
1.27963 1.23171 1.14027 1.09193 1.09420 1.12004 1.22056 1.25316 1.32720 1.37472 1.39424 1.41295 1.42928 1.43736 1.43936 1.44082 1.44228 1.44359 1.48053 1.56880 1.68444 1.71901 1.73468 1.73404 1.80520 1.91836 1.97151 2.02403 1.99431 1.92997 1.82378 1.90075 2.14925 2.16154 2.21308 2.27123 2.32840 2.40432 2.44980 2.53671 2.56090 2.54978 2.53842 2.44024 2.44137 2.44931 2.49293 2.49455 2.51047 2.51484 2.56107 2.51995 2.61595 2.63437 2.46106 2.53994 2.54558 2.53998 2.56501 2.53512 2.55472 2.59467 2.59097 2.58730 2.58501 2.58356 2.58163
1.37350 1.29887 1.27134 1.27034 1.24731 1.24953 1.32913 1.36492 1.39900 1.45681 1.45593 1.44717 1.44821 1.44874 1.44874 1.44874 1.44874 1.44874 1.46359 1.52715 1.65828 1.71314 1.74130 1.74904 1.77273 1.88798 1.94970 2.02478 2.02610 1.97306 1.94065 2.00478 2.30663 2.44275 2.46179 2.47939 2.50102 2.52178 2.50098 2.50789 2.59810 2.57458 2.57060 2.47885 2.49100 2.52803 2.59927 2.64818 2.65082 2.59993 2.56477 2.47282 2.49130 2.56149 2.45372 2.44861 2.50993 2.43740 2.47395 2.50506 2.52568 2.58167 2.58129 2.58185 2.63638 2.66393 2.66520
1.40133 1.36279 1.32924 1.33340 1.32549 1.32791 1.37829 1.43323 1.44051 1.50140 1.50462 1.49328 1.49470 1.49437 1.49216 1.48975 1.48771 1.49453 1.50478 1.55806 1.66457 1.76716 1.80663 1.80793 1.76645 1.79928 1.85190 2.01827 2.21677 2.19434 2.12564 2.12866 2.34330 2.49638 2.54518 2.56854 2.58860 2.60891 2.62543 2.59319 2.62941 2.65297 2.67974 2.65616 2.58270 2.56837 2.56625 2.59329 2.59386 2.58197 2.54863 2.52104 2.45261 2.56542 2.51105 2.39826 2.52015 2.49888 2.46289 2.52047 2.56599 2.58814 2.59434 2.59514 2.55784 2.55425 2.58607
1.44838 1.43918 1.40004 1.38900 1.38527 1.36686 1.38111 1.46537 1.47054 1.48312 1.48110 1.47592 1.48098 1.49115 1.50319 1.51546 1.52746 1.53052 1.53052 1.55532 1.61594 1.73957 1.75888 1.75487 1.71706 1.73126 1.80571 1.94009 2.33528 2.36907 2.32122 2.30995 2.45718 2.67327 2.72366 2.75083 2.77899 2.80721 2.83461 2.84646 2.76179 2.72020 2.68312 2.65478 2.54745 2.55178 2.55724 2.60263 2.61783 2.62310 2.59026 2.58877 2.49350 2.60883 2.61176 2.41920 2.42943 2.39607 2.37663 2.53211 2.58722 2.62477 2.66872 2.70964 2.73813 2.75731 2.76573
1.49124 1.49120 1.42632 1.40920 1.40830 1.39269 1.40144 1.49266 1.52904 1.53839 1.54158 1.53775 1.53052 1.53052 1.53052 1.53249 1.54306 1.56384 1.58692 1.61499 1.67457 1.73241 1.80171 1.83962 1.86942 1.88520 1.97854 2.03301 2.31699 2.41073 2.35408 2.32334 2.39729 2.68570 2.78267 2.77458 2.75900 2.73129 2.70299 2.68860 2.65092 2.59606 2.65701 2.65617 2.55928 2.51551 2.50195 2.50575 2.52183 2.50693 2.46792 2.38746 2.28409 2.22312 2.19110 2.13115 2.17126 2.31290 2.37096 2.67011 2.73076 2.74127 2.74962 2.74781 2.74352 2.73634 2.71292
1.51675 1.52554 1.49278 1.47351 1.48006 1.47183 1.45560 1.50503 1.56719 1.57335 1.56361 1.56854 1.56829 1.58834 1.61142 1.63251 1.64502 1.64731 1.64839 1.65223 1.70220 1.78986 1.83541 1.88973 1.88222 1.82494 1.84756 1.83024 1.95637 2.20241 2.23241 2.31782 2.32277 2.46800 2.51480 2.49510 2.47072 2.45753 2.44253 2.42872 2.44021 2.36785 2.41757 2.44878 2.42979 2.41870 2.46172 2.48638 2.35597 2.31655 2.29587 2.16823 2.16408 2.11517 2.19127 2.18811 2.17550 2.25604 2.29774 2.47641 2.61586 2.63743 2.62346 2.60626 2.58465 2.56591 2.56337
1.60527 1.56568 1.54973 1.52889 1.51944 1.52495 1.50411 1.52308 1.60779 1.63180 1.63381 1.64744 1.65107 1.65675 1.66072 1.66470 1.67169 1.70536 1.74115 1.77386 1.80781 1.84938 1.80559 1.76330 1.73304 1.68030 1.68809 1.70784 1.74735 2.06978 2.09749 2.19156 2.18661 2.27609 2.32280 2.33392 2.33066 2.32795 2.32455 2.30534 2.34858 2.31698 2.33902 2.39684 2.38257 2.47028 2.46778 2.47619 2.41089 2.34533 2.34744 2.25262 2.19441 2.14057 2.18265 2.17902 2.16366 2.18731 2.26767 2.29469 2.52462 2.53756 2.52252 2.51509 2.50846 2.50092 2.49352
1.62488 1.56095 1.55794 1.53715 1.51935 1.52238 1.55039 1.58102 1.60758 1.63904 1.62565 1.61206 1.61591 1.63801 1.67052 1.70306 1.72984 1.72339 1.71343 1.70384 1.69550 1.73898 1.76216 1.70715 1.69016 1.66577 1.64411 1.66191 1.66359 1.86621 2.07061 2.13368 2.18450 2.25805 2.29395 2.25760 2.26623 2.26939 2.26501 2.26513 2.25905 2.30034 2.29051 2.38794 2.39245 2.46804 2.51217 2.51639 2.50840 2.37785 2.37685 2.34835 2.22943 2.21224 2.13278 2.16054 2.17789 2.21266 2.17978 2.17359 2.40433 2.45176 2.41949 2.40559 2.40425 2.40036 2.39645
1.56316 1.53360 1.53572 1.53948 1.56073 1.58022 1.58797 1.61734 1.57499 1.62665 1.65758 1.67891 1.72059 1.75305 1.74347 1.73388 1.72705 1.72678 1.72678 1.72678 1.72678 1.75172 1.81199 1.75313 1.72587 1.71182 1.68673 1.63811 1.60626 1.66029 1.98043 1.97532 2.09594 2.17770 2.26288 2.25073 2.22335 2.20179 2.18245 2.17019 2.16368 2.33541 2.33703 2.41092 2.43751 2.47423 2.55725 2.55625 2.56888 2.49435 2.45674 2.51251 2.44678 2.47227 2.40986 2.38269 2.38374 2.38963 2.35859 2.37099 2.47281 2.54283 2.39966 2.38388 2.37717 2.36362 2.35000
1.65906 1.65285 1.63457 1.63198 1.62741 1.64422 1.66783 1.73072 1.73674 1.77959 1.77932 1.74189 1.74189 1.77691 1.78011 1.78278 1.78546 1.78773 1.78795 1.78933 1.79409 1.81102 1.88859 1.87644 1.83435 1.81662 1.70763 1.62598 1.50590 1.55313 1.79433 1.89686 2.00280 2.12674 2.20855 2.19967 2.17954 2.16657 2.16033 2.15759 2.15489 2.26037 2.43054 2.49565 2.56572 2.57808 2.69634 2.74582 2.79273 2.80860 2.71277 2.71114 2.64287 2.54245 2.49246 2.39356 2.38669 2.37564 2.37546 2.35514 2.36959 2.56240 2.36428 2.30531 2.21661 2.14359 2.06794
1.74442 1.74216 1.71767 1.74897 1.76978 1.81309 1.82184 1.82259 1.81754 1.78549 1.79119 1.76493 1.75194 1.77496 1.78262 1.78987 1.79787 1.80621 1.81662 1.82589 1.83175 1.83185 1.87230 1.91253 1.85221 1.86259 1.76736 1.77996 1.58438 1.57236 1.66835 1.85068 1.87837 2.05649 2.13668 2.15871 2.14205 2.15240 2.16542 2.17928 2.19315 2.20909 2.41886 2.49930 2.62410 2.67240 2.79774 2.87114 2.87120 2.87137 2.75203 2.70782 2.70107 2.55344 2.53939 2.40462 2.37952 2.35123 2.33754 2.29756 2.30101 2.37417 2.14904 2.04482 1.97041 1.92190 1.88103
1.77247 1.79999 1.79753 1.77974 1.76545 1.76406 1.77013 1.77042 1.79309 1.75119 1.78679 1.78148 1.77550 1.80429 1.83119 1.83185 1.83185 1.83175 1.82769 1.81834 1.79304 1.75929 1.72727 1.74389 1.88456 1.91775 1.83113 1.78292 1.64687 1.54831 1.58104 1.80739 1.86989 2.05378 2.18345 2.25045 2.24790 2.25046 2.25499 2.28183 2.34186 2.40845 2.55001 2.77797 2.77348 2.75983 2.79143 2.89266 2.89488 2.89704 2.85079 2.72984 2.71852 2.60888 2.51457 2.40224 2.31023 2.28254 2.25832 2.24360 2.20407 2.18575 2.01615 1.83961 1.75402 1.72262 1.72155
1.80505 1.80505 1.79831 1.77880 1.78025 1.78100 1.79992 1.80741 1.82834 1.79699 1.82141 1.82306 1.79610 1.79854 1.81973 1.80955 1.78600 1.75236 1.72269 1.69832 1.68986 1.68988 1.69185 1.72645 1.80844 1.94212 1.88161 1.82500 1.82543 1.73527 1.78662 1.97715 2.17056 2.25284 2.36533 2.45622 2.51234 2.58187 2.65168 2.69969 2.70648 2.70594 2.69275 2.95616 2.88284 2.81063 2.80799 2.92392 2.93478 2.90671 2.82793 2.57197 2.46211 2.39114 2.43022 2.37952 2.21379 2.19760 2.18593 2.18172 2.14329 2.09931 2.00335 1.78288 1.73235 1.72598 1.76012
1.83333 1.84125 1.85332 1.83252 1.83267 1.80404 1.81467 1.82045 1.81815 1.80430 1.78777 1.79746 1.74916 1.71511 1.72030 1.70250 1.69540 1.69862 1.70190 1.70493 1.69778 1.68509 1.66955 1.66838 1.77349 2.06503 2.17526 2.15208 2.20462 2.09370 2.04705 2.09512 2.35130 2.43995 2.54628 2.60020 2.65331 2.65113 2.64786 2.64463 2.64138 2.63820 2.62010 2.84636 2.89906 2.74030 2.68201 2.64509 2.58825 2.52498 2.51121 2.40525 2.25964 2.25674 2.32446 2.34205 2.20368 2.15518 2.15518 2.16200 2.17963 2.15496 2.17921 1.93365 1.92577 1.87840 1.85314
1.90441 1.91450 1.91979 1.90988 1.87453 1.80057 1.77113 1.75942 1.73626 1.72763 1.71893 1.74807 1.72109 1.71678 1.74241 1.75548 1.75463 1.74157 1.72786 1.71784 1.74098 1.77405 1.80795 1.84110 1.92989 2.10843 2.38600 2.29477 2.29174 2.22702 2.16942 2.21771 2.44960 2.57922 2.63443 2.56388 2.63704 2.66771 2.68881 2.70770 2.68643 2.62802 2.56775 2.57305 2.66305 2.50295 2.47547 2.46855 2.48886 2.49008 2.49213 2.48408 2.28065 2.26725 2.29861 2.35461 2.24704 2.19909 2.21542 2.22396 2.21580 2.22973 2.23826 2.00501 1.94271 1.88009 1.85541
1.91548 1.92682 1.93024 1.91272 1.77881 1.70387 1.64761 1.62608 1.61076 1.62293 1.73727 1.78235 1.79848 1.75756 1.73987 1.73703 1.75284 1.78125 1.81014 1.83556 1.83849 1.83747 1.83663 1.83654 1.88192 1.95615 2.34431 2.30328 2.28311 2.26668 2.22179 2.26507 2.36502 2.63770 2.72095 2.65193 2.64874 2.61605 2.56270 2.50998 2.49823 2.52291 2.53034 2.50007 2.63663 2.54035 2.48015 2.48220 2.50946 2.51586 2.51061 2.50098 2.35913 2.23133 2.20969 2.26480 2.19365 2.15356 2.14771 2.14228 2.13553 2.10359 2.08824 2.02347 1.99977 1.93353 1.90193
1.84582 1.80694 1.77390 1.74328 1.63833 1.57832 1.52866 1.53266 1.53344 1.52343 1.60051 1.65939 1.76719 1.74990 1.77483 1.79216 1.78854 1.78481 1.78107 1.77734 1.77360 1.77010 1.77034 1.77497 1.79576 1.88164 2.14336 2.33065 2.33598 2.34008 2.37207 2.43244 2.43784 2.63341 2.60133 2.48205 2.50602 2.55150 2.54495 2.53724 2.52954 2.52508 2.51657 2.47110 2.58231 2.54867 2.41770 2.39648 2.39331 2.39594 2.38247 2.36869 2.33693 2.15076 2.15231 2.19558 2.19548 2.13863 2.13877 2.13877 2.13876 2.11298 2.08532 2.06047 1.97027 1.98345 1.98089
1.61880 1.61447 1.61100 1.60774 1.57491 1.47870 1.42657 1.43220 1.44606 1.46411 1.54033 1.62134 1.73480 1.73264 1.74167 1.75282 1.76149 1.76880 1.77465 1.78054 1.78654 1.79235 1.79414 1.79110 1.79104 1.87940 1.99918 2.36347 2.37305 2.35113 2.33642 2.40611 2.43724 2.51266 2.57574 2.47012 2.42432 2.44816 2.43486 2.41987 2.40346 2.37745 2.35718 2.34061 2.41396 2.50882 2.36674 2.35929 2.35672 2.37515 2.37066 2.37062 2.36992 2.22675 2.15315 2.15952 2.20899 2.12400 2.12167 2.12076 2.12040 2.10965 2.05886 2.02791 1.85959 1.90183 1.92955
1.60102 1.60224 1.60596 1.61597 1.62546 1.52952 1.49784 1.47569 1.48188 1.47991 1.49344 1.59703 1.67791 1.75061 1.79086 1.79134 1.79216 1.79056 1.79055 1.79055 1.79055 1.79560 1.78984 1.78133 1.79011 1.83511 1.88803 2.18535 2.25919 2.24425 2.22725 2.23263 2.26378 2.26820 2.43866 2.38271 2.31423 2.34955 2.33657 2.32280 2.31045 2.30774 2.30748 2.30218 2.34525 2.49600 2.37876 2.32676 2.32290 2.34051 2.34437 2.34054 2.33928 2.29393 2.13551 2.14089 2.19616 2.14483 2.12697 2.05463 1.98317 1.91224 1.79821 1.76381 1.65629 1.67780 1.81646
1.62163 1.64574 1.65203 1.65203 1.65203 1.59345 1.50671 1.46037 1.45950 1.45215 1.44485 1.52038 1.59406 1.71975 1.77237 1.77319 1.78312 1.79174 1.77447 1.76270 1.76822 1.76907 1.78137 1.79621 1.79363 1.77556 1.75046 1.91574 2.08650 2.06593 2.08916 2.10546 2.14176 2.14617 2.26489 2.30616 2.21676 2.25178 2.25458 2.25470 2.25182 2.24909 2.24673 2.24812 2.25000 2.43655 2.38659 2.29310 2.29681 2.31088 2.32850 2.31551 2.28547 2.25037 2.13201 2.08744 2.05666 1.99478 1.91496 1.83995 1.81005 1.82148 1.81861 1.82868 1.78774 1.69932 1.89425
1.67622 1.59533 1.58728 1.57883 1.57041 1.55168 1.44152 1.40017 1.40217 1.40366 1.40670 1.45159 1.53907 1.66928 1.70948 1.70637 1.70954 1.70736 1.73274 1.75863 1.76790 1.77669 1.78527 1.78746 1.78010 1.76905 1.69808 1.72611 1.94969 1.98117 2.00973 2.02749 2.05003 2.08881 2.12302 2.27275 2.22919 2.28877 2.32538 2.32611 2.33030 2.33461 2.33882 2.34310 2.34672 2.47137 2.52513 2.37207 2.35574 2.33930 2.25330 2.22950 2.19874 2.16320 2.09010 1.99403 1.99252 2.01498 1.96176 1.93027 1.87323 1.87454 1.89147 1.85144 1.81379 1.61713 1.72536
