results/OMI_NO2_200804.asc
ncols      200
nrows      200
xllcorner       120.258
yllcorner       41.1236
cellsize     0.0166667
NODATA_Value      -999.000
[rows 58 to 86 of 165, columns 67 to 133 of 200]
1.76742 1.67048 1.64164 1.63865 1.65403 1.96822 2.17924 2.19841 2.17228 2.08287 2.06345 2.04791 2.04914 2.04186 2.01848 1.99957 2.02679 2.26356 2.24536 2.21434 2.17407 2.38125 2.51878 2.54521 2.51691 2.40652 2.47679 2.51901 2.20674 2.12249 2.28959 2.53845 2.54848 2.56514 2.58198 2.62169 2.66660 2.71948 2.77791 2.98518 3.19526 3.17115 3.22795 3.63549 3.61587 3.61476 3.35822 3.31796 3.27216 3.18913 2.93877 2.76498 2.72001 2.79308 2.93913 2.97092 2.94932 3.28171 3.51027 3.47228 3.43418 3.53376 3.57574 3.57574 3.57574 3.64816 3.63207
1.39531 1.24266 1.23401 1.31463 1.40981 1.65850 1.97779 2.08776 2.08634 2.04003 2.00295 1.99644 1.98576 1.96951 1.93829 1.89748 1.87440 2.01682 2.02884 1.99955 1.97034 2.08275 2.31369 2.28471 2.24885 2.33351 2.38656 2.42958 2.27311 2.04269 2.06263 2.58349 2.77535 2.86783 2.95606 2.99505 2.91643 2.91643 2.91643 2.98248 3.16128 3.20439 3.09560 3.47939 3.52385 3.42774 3.19559 2.97074 2.95596 2.99224 2.96954 2.82673 2.84557 2.76668 2.80481 2.66838 2.58849 2.82696 3.24584 3.40546 3.33855 3.31707 3.30032 3.20450 3.10797 3.03756 3.10433
1.30628 1.25323 1.21267 1.26339 1.38909 1.53030 1.94427 2.01104 1.97679 1.94054 1.85608 1.81833 1.79580 1.76569 1.73957 1.69413 1.67264 1.75844 1.88081 1.89106 1.90093 1.94504 2.12540 2.17068 2.16700 2.22366 2.35968 2.40323 2.37851 2.38208 2.48799 2.75647 3.04234 3.04257 3.04167 3.03566 2.91856 2.90263 2.89824 2.90942 3.01973 2.95313 2.79267 2.78078 3.11198 3.07748 3.04163 3.12141 3.13126 3.03709 2.90565 2.56456 2.42247 2.42045 2.53807 2.60582 2.63581 2.69659 2.78506 3.04375 3.07170 3.07955 2.95180 2.92267 2.90889 2.89367 3.02368
1.35046 1.36325 1.31411 1.30427 1.32776 1.41625 1.64821 1.81619 1.79320 1.78103 1.75827 1.74362 1.75035 1.71486 1.71122 1.71682 1.73684 1.77595 1.90557 1.89722 1.88923 1.89924 2.03929 2.14357 2.12788 2.11521 2.26885 2.30589 2.34281 2.44581 2.51364 2.54824 2.98896 3.01328 3.00961 3.00712 2.87296 2.71851 2.60039 2.48669 2.54583 2.57353 2.53534 2.45351 2.86587 2.92308 2.79886 2.77766 2.70571 2.68299 2.69880 2.61512 2.51618 2.54037 2.60856 2.75699 2.76287 2.75952 2.75115 2.95546 3.02514 3.01103 2.91309 2.84111 2.83652 2.83417 2.91671
1.42791 1.42100 1.34680 1.30740 1.25720 1.35935 1.46579 1.78674 1.79978 1.80979 1.83150 1.82051 1.83791 1.82290 1.78775 1.77554 1.76561 1.75940 1.85243 1.85200 1.83339 1.81091 1.87257 2.07169 2.07678 2.07312 2.18089 2.25295 2.31181 2.34490 2.48936 2.48640 2.72854 2.78957 2.66949 2.55548 2.47263 2.35892 2.36372 2.36156 2.43348 2.53083 2.54472 2.46646 2.49604 2.55209 2.57987 2.64307 2.75317 2.77245 2.78664 2.76036 2.53615 2.51512 2.50537 2.69402 2.69543 2.68496 2.68491 2.81633 3.00564 3.00771 2.96723 2.84366 2.84346 2.84304 2.85852
1.38049 1.37483 1.34008 1.29481 1.22247 1.30986 1.41638 1.73974 1.87074 1.85358 1.85054 1.80850 1.76919 1.74103 1.65729 1.63592 1.62310 1.59972 1.65329 1.70635 1.69948 1.69648 1.72826 1.91215 1.98717 1.98510 2.03155 2.14573 2.13055 2.08024 2.15163 2.13523 2.14614 2.30947 2.30402 2.30079 2.30219 2.26387 2.33618 2.33491 2.35788 2.49081 2.50764 2.47805 2.46597 2.58619 2.60112 2.60100 2.71050 2.70395 2.68899 2.67490 2.54268 2.49862 2.50836 2.63415 2.70332 2.70510 2.70457 2.73299 3.01400 3.01720 3.01299 2.85949 2.84602 2.84602 2.84426
1.36322 1.37331 1.39095 1.32996 1.26413 1.24041 1.37507 1.52278 1.80304 1.76789 1.74180 1.70612 1.62096 1.60569 1.55179 1.53928 1.55484 1.55624 1.58352 1.66184 1.65821 1.65109 1.64945 1.76851 1.90351 1.86804 1.84153 1.95175 1.95227 1.93506 1.99803 2.10480 2.11483 2.28774 2.33279 2.31291 2.29164 2.22843 2.26761 2.25991 2.24854 2.36225 2.40310 2.41534 2.40113 2.50533 2.57159 2.55771 2.62511 2.68552 2.68589 2.68589 2.63827 2.51700 2.51700 2.58055 2.71496 2.71937 2.72378 2.70786 2.91727 2.97078 2.95016 2.81954 2.71422 2.67390 2.63533
1.40784 1.39583 1.39286 1.34750 1.29583 1.19657 1.30300 1.34702 1.64832 1.69419 1.68794 1.69390 1.65139 1.63215 1.60506 1.57679 1.59439 1.60322 1.60238 1.59823 1.60437 1.58311 1.56305 1.60914 1.82150 1.84463 1.85375 1.95123 1.99811 1.95559 1.94561 2.06158 2.06183 2.11987 2.21808 2.21652 2.19905 2.16463 2.23486 2.26202 2.24802 2.31646 2.36999 2.35882 2.35496 2.40516 2.53935 2.55214 2.57510 2.68582 2.68589 2.68743 2.68428 2.54601 2.51782 2.53390 2.68052 2.70325 2.70869 2.69428 2.73135 2.80786 2.78817 2.72843 2.60881 2.60926 2.60926
1.42250 1.39430 1.40160 1.39688 1.34031 1.25402 1.29375 1.39191 1.56483 1.74237 1.72952 1.72949 1.71535 1.65336 1.64062 1.58578 1.58600 1.57343 1.55194 1.51984 1.54250 1.55938 1.57736 1.64276 1.87880 1.99531 2.02899 2.02788 1.96851 1.95217 1.91488 1.96304 2.00403 1.98594 2.07544 2.04632 2.01418 1.98851 2.09994 2.18462 2.18462 2.22348 2.33620 2.35664 2.35601 2.36943 2.48420 2.53827 2.53569 2.63842 2.66429 2.66444 2.66910 2.59830 2.52323 2.54332 2.64723 2.69403 2.66849 2.64788 2.63277 2.77439 2.77494 2.75833 2.58882 2.56961 2.55855
1.47028 1.44573 1.44573 1.44573 1.38839 1.31966 1.25711 1.39150 1.43602 1.73624 1.73068 1.72960 1.72370 1.65885 1.63415 1.58162 1.58835 1.62730 1.65351 1.66915 1.71131 1.74709 1.77532 1.80190 1.96959 2.03208 1.99182 1.95465 1.85510 1.82196 1.77464 1.77660 1.84835 1.82405 1.87904 1.95531 1.95531 1.95531 2.02136 2.19933 2.20905 2.23205 2.35561 2.33385 2.31777 2.31526 2.40911 2.52051 2.53624 2.60900 2.71869 2.73108 2.72357 2.68227 2.52443 2.50239 2.56206 2.67449 2.66351 2.64816 2.60467 2.70181 2.72224 2.71630 2.61951 2.62367 2.62785
1.48013 1.44757 1.44819 1.45037 1.41445 1.34965 1.27220 1.38379 1.45334 1.66998 1.78901 1.78656 1.79238 1.78585 1.71624 1.71548 1.73187 1.77421 1.80632 1.83804 1.80040 1.71767 1.67979 1.64279 1.73666 1.87685 1.87659 1.86195 1.80066 1.76279 1.73721 1.73387 1.79985 1.83390 1.86336 1.99335 2.01268 2.02243 2.03557 2.24088 2.27109 2.28159 2.44829 2.47398 2.43908 2.44889 2.50572 2.60469 2.65634 2.64356 2.75737 2.72499 2.69909 2.67563 2.55250 2.47075 2.48499 2.60261 2.62192 2.61738 2.60570 2.64893 2.73271 2.72191 2.66655 2.63491 2.65078
1.47384 1.45508 1.44598 1.44789 1.45882 1.40601 1.37723 1.37658 1.41885 1.50335 1.80054 1.84275 1.87436 1.91078 1.87329 1.86514 1.85774 1.87296 1.87389 1.86389 1.81848 1.63500 1.61862 1.60488 1.62736 1.80511 1.87347 1.88404 1.87100 1.82724 1.82542 1.80554 1.82862 1.88603 1.89389 1.97966 2.04746 2.05682 2.06617 2.21372 2.31788 2.31817 2.43352 2.53461 2.44653 2.46683 2.51966 2.63438 2.49968 2.46735 2.56024 2.61017 2.60105 2.58814 2.52896 2.40028 2.41674 2.49563 2.56380 2.55176 2.53924 2.51509 2.66189 2.66208 2.66284 2.62005 2.66706
1.52760 1.51130 1.48420 1.48294 1.48364 1.45032 1.44145 1.45936 1.55987 1.61301 1.90778 1.99777 2.00421 2.00618 1.98015 1.88403 1.85489 1.85158 1.85408 1.83754 1.80887 1.65341 1.59807 1.59622 1.59753 1.73109 1.86962 1.89021 1.88740 1.81724 1.80755 1.78531 1.79716 1.87712 1.90007 1.93390 2.00830 1.99908 1.98159 2.03634 2.24478 2.24898 2.35569 2.52772 2.50353 2.49220 2.48637 2.55186 2.44885 2.36573 2.39990 2.50606 2.47382 2.44270 2.40488 2.32782 2.33763 2.40403 2.55858 2.56659 2.57305 2.55535 2.67693 2.72648 2.73118 2.68056 2.72149
1.60185 1.60518 1.56673 1.61149 1.63498 1.65944 1.71121 1.67558 1.70461 1.72499 1.84375 2.03631 2.03013 2.01013 1.99014 1.86547 1.80895 1.80518 1.83295 1.83295 1.82890 1.73822 1.60977 1.60267 1.59554 1.64324 1.75167 1.81364 1.80868 1.75934 1.73388 1.75963 1.77198 1.79911 1.83213 1.83861 1.89332 1.92328 1.95059 1.98772 2.31141 2.36948 2.39822 2.55859 2.54836 2.50155 2.49583 2.46698 2.41797 2.25621 2.22796 2.35239 2.37174 2.37099 2.39355 2.39233 2.36200 2.42637 2.55860 2.63833 2.67760 2.70737 2.72626 2.73573 2.72862 2.69528 2.71530
1.63174 1.63247 1.59379 1.63396 1.67824 1.69261 1.74443 1.74839 1.74417 1.70097 1.70536 1.92387 1.95074 1.94572 1.94006 1.89457 1.79164 1.77336 1.79868 1.79648 1.78613 1.72298 1.53288 1.51530 1.51714 1.53646 1.65241 1.77609 1.76776 1.73650 1.68096 1.68691 1.73288 1.74205 1.82442 1.86787 1.92843 2.03810 2.04179 2.04906 2.24416 2.35807 2.34289 2.48006 2.49738 2.39139 2.37124 2.36541 2.35716 2.26323 2.20609 2.28808 2.37070 2.37070 2.38718 2.45554 2.43885 2.55911 2.67882 2.79841 2.82467 2.85841 2.86120 2.81106 2.87763 2.95184 2.92999
1.69840 1.71638 1.70681 1.70130 1.75214 1.74591 1.75728 1.77545 1.73588 1.68242 1.65163 1.77932 1.89877 1.90108 1.90108 1.89441 1.77751 1.72546 1.73538 1.73698 1.74120 1.72674 1.59873 1.53527 1.53339 1.52935 1.58304 1.71512 1.76396 1.76501 1.74167 1.77050 1.84356 1.90259 2.01126 2.06107 2.00955 2.10286 2.13124 2.12480 2.15517 2.24868 2.23750 2.35794 2.44813 2.38327 2.36715 2.36748 2.35866 2.34326 2.23739 2.30289 2.49452 2.54421 2.58813 2.66048 2.65597 2.71426 2.77915 2.99157 3.06772 3.13463 3.17215 3.07373 3.00177 3.00177 2.93131
1.65688 1.64098 1.62571 1.62537 1.69189 1.70241 1.70388 1.74839 1.71831 1.69055 1.64344 1.68076 1.87863 1.85535 1.84042 1.83416 1.80171 1.72175 1.75121 1.79276 1.80497 1.80546 1.73102 1.59927 1.59781 1.59582 1.60818 1.71966 1.87928 1.94024 1.96577 1.97369 2.01555 2.08016 2.11830 2.09625 2.00907 2.00761 2.07504 2.07504 2.08227 2.23299 2.22946 2.29660 2.40419 2.42552 2.44689 2.49840 2.54565 2.58198 2.48752 2.42837 2.60273 2.69141 2.70717 2.75259 2.80818 2.85745 2.98616 3.13259 3.17010 3.14332 3.11282 3.07330 2.92654 2.91151 2.86757
1.60981 1.60981 1.60981 1.62095 1.66413 1.70449 1.70935 1.73881 1.74275 1.72456 1.68014 1.67146 1.85191 1.88420 1.90518 1.92452 1.93149 1.83611 1.83763 1.85425 1.84100 1.82394 1.75329 1.63078 1.67393 1.72927 1.78005 1.89674 2.05554 2.10151 2.11424 2.10046 2.13240 2.19180 2.19242 2.06898 1.98918 1.93563 2.00737 2.00845 1.99532 2.09354 2.14093 2.20231 2.37582 2.46493 2.54055 2.52932 2.51426 2.49537 2.45296 2.31634 2.46714 2.72413 2.75514 2.78431 2.80079 2.74964 2.80785 2.85491 2.99267 2.99611 2.99872 3.02863 2.91784 2.85451 2.83477
1.61319 1.62397 1.63096 1.64449 1.66888 1.73737 1.73911 1.75149 1.80198 1.78975 1.76380 1.77016 1.84234 1.95299 1.92298 1.90677 1.87979 1.80398 1.73155 1.73134 1.73385 1.75212 1.74939 1.76105 1.78224 1.80885 1.82437 1.90498 2.04687 2.10967 2.09368 2.02542 2.00885 2.02761 2.03728 1.98034 1.88315 1.81642 1.86665 1.95737 1.98673 2.08213 2.19415 2.18884 2.33546 2.38281 2.46420 2.45773 2.39689 2.30201 2.22018 2.29014 2.34556 2.65904 2.68462 2.69042 2.74555 2.72138 2.77086 2.76587 2.94017 2.95992 2.99506 3.04952 3.05381 2.97508 3.02299
1.66983 1.66530 1.66459 1.66629 1.68102 1.74136 1.76312 1.76767 1.80463 1.78534 1.73437 1.68899 1.66253 1.81977 1.79328 1.78047 1.77847 1.77595 1.75580 1.75882 1.77221 1.80022 1.81173 1.80506 1.83055 1.82549 1.81747 1.84326 1.92707 2.05339 2.05581 2.01964 2.00032 2.01150 2.05201 2.06496 1.96676 1.91044 1.92894 2.09757 2.12346 2.16185 2.24914 2.26359 2.39063 2.38419 2.20417 2.18103 2.16976 2.15314 2.13837 2.18079 2.32625 2.52753 2.66386 2.66385 2.70142 2.72113 2.65326 2.64447 2.96399 3.19243 3.18958 3.19200 3.21021 3.08596 3.12130
1.65052 1.66270 1.66844 1.67421 1.70320 1.74109 1.72891 1.71543 1.68831 1.64084 1.61758 1.58691 1.59443 1.70838 1.77719 1.77957 1.80685 1.83439 1.87593 1.89411 1.85107 1.85047 1.84858 1.79984 1.81130 1.81727 1.83046 1.85981 1.96058 2.08009 2.12724 2.12967 2.10792 2.13147 2.20774 2.23683 2.17095 2.07674 2.05473 2.17174 2.27294 2.23943 2.24285 2.20378 2.24159 2.35554 2.21264 2.23971 2.24620 2.19278 2.08245 2.10039 2.27807 2.42002 2.72008 2.72732 2.72306 2.70001 2.65131 2.60487 2.75641 3.17362 3.17503 3.17675 3.20609 3.26510 3.41883
1.68466 1.76051 1.78641 1.81131 1.83039 1.82886 1.68930 1.67917 1.67166 1.63031 1.60044 1.56644 1.56083 1.58096 1.88126 1.88617 1.88882 1.90105 1.91861 1.95463 1.90515 1.91905 1.93336 1.91310 1.91270 1.92491 1.91972 1.93685 2.01616 2.14123 2.27107 2.28917 2.23254 2.24481 2.28840 2.33021 2.31089 2.16316 2.06556 2.05781 2.18708 2.19466 2.23436 2.24943 2.27523 2.42551 2.33828 2.30418 2.33037 2.33704 2.18754 2.17482 2.23996 2.38648 2.68549 2.74592 2.74131 2.69932 2.70391 2.60879 2.61722 3.12642 3.18355 3.18636 3.21016 3.16923 3.28162
1.73072 1.81607 1.80976 1.80344 1.79999 1.80367 1.69925 1.64226 1.65256 1.64279 1.62256 1.61093 1.60623 1.62549 1.89272 2.00047 2.01302 2.01422 2.01169 2.03129 1.96534 1.94388 1.93823 1.93805 1.93890 1.98105 2.00579 2.02202 2.07418 2.19613 2.33330 2.34308 2.30928 2.29909 2.27268 2.27957 2.23109 2.07411 2.03673 2.02709 2.13035 2.18756 2.20423 2.29050 2.31515 2.49038 2.47767 2.32605 2.35448 2.35444 2.23841 2.17482 2.17687 2.35377 2.55254 2.75223 2.75482 2.72013 2.72661 2.67487 2.63474 2.95882 3.17849 3.10541 3.03674 2.95637 2.98334
1.64884 1.78052 1.78382 1.78442 1.78511 1.88021 1.86430 1.75380 1.75565 1.74866 1.70670 1.68453 1.65176 1.65551 1.73066 2.00310 1.98471 1.98307 1.98546 2.02759 2.03144 2.02757 2.04758 2.04093 1.98768 1.99412 1.99235 1.97833 1.96891 2.07852 2.20354 2.26027 2.17770 2.09541 2.06942 2.09456 2.07517 1.98725 2.01632 2.04017 2.09557 2.23592 2.23624 2.30729 2.32913 2.44562 2.51485 2.35869 2.35784 2.35896 2.30605 2.18384 2.18771 2.27980 2.45960 2.76895 2.77953 2.76114 2.72782 2.68903 2.52209 2.57510 2.94972 2.97101 3.01625 3.00264 2.90115
1.64287 1.74830 1.78674 1.78674 1.78674 1.86711 1.92464 1.77388 1.75147 1.73326 1.68475 1.64179 1.60052 1.58610 1.58549 1.95562 2.05912 2.08262 2.10457 2.10863 2.06321 2.00766 1.99471 1.97867 1.92629 1.90204 1.87301 1.81925 1.77127 1.77718 1.83592 2.05407 1.99533 1.90771 1.82978 1.76729 1.75949 1.76651 2.02617 2.06541 2.06970 2.21786 2.26683 2.32336 2.38846 2.45828 2.54029 2.44864 2.37529 2.39480 2.40157 2.25124 2.25026 2.25733 2.44511 2.64388 2.68403 2.65022 2.60750 2.68782 2.59663 2.60845 3.11413 3.20710 3.19018 3.07277 2.84731
1.64287 1.70281 1.78674 1.78384 1.76989 1.80339 1.89691 1.78398 1.68951 1.68659 1.66709 1.60403 1.56475 1.55106 1.59494 1.83004 2.11521 2.10145 2.08539 2.06707 2.01563 1.92515 1.92427 1.90327 1.83912 1.78101 1.70024 1.67273 1.60763 1.54913 1.54737 1.69563 1.75905 1.77441 1.78684 1.79810 1.86912 1.88773 2.05916 2.21762 2.22510 2.29290 2.42580 2.46745 2.56873 2.59207 2.60567 2.59406 2.41549 2.43130 2.44019 2.37945 2.40444 2.50726 2.52784 2.55867 2.79446 2.78753 2.73072 2.75076 2.68967 2.62930 2.95405 3.28620 3.32249 3.29724 2.93816
1.72636 1.73602 1.72646 1.71036 1.70535 1.69565 1.79240 1.78015 1.66833 1.68674 1.70395 1.66709 1.60394 1.55584 1.55512 1.59674 2.06331 2.08011 2.08128 2.08488 2.07142 1.99890 1.88607 1.79562 1.70008 1.59670 1.47107 1.38314 1.40935 1.43527 1.53097 1.67099 1.87767 1.87887 1.87808 1.88060 1.91982 1.96648 2.02644 2.31070 2.34615 2.37679 2.55875 2.59759 2.64753 2.64128 2.61851 2.60228 2.66969 2.85084 2.96743 2.95468 2.77434 2.77815 2.78524 2.61127 2.92734 2.99297 2.97473 2.97742 2.98784 2.95550 3.05272 3.23244 3.19574 3.21349 2.95487
1.74187 1.74386 1.71129 1.70662 1.72285 1.73835 1.84101 1.87497 1.69645 1.63581 1.59729 1.57479 1.52197 1.48100 1.47372 1.50705 1.87690 2.07530 2.06096 1.97614 1.87226 1.72493 1.47205 1.44101 1.44458 1.44565 1.42995 1.38339 1.44119 1.52492 1.57950 1.65749 1.97367 2.02423 2.03553 2.06551 2.10366 2.16482 2.16095 2.36706 2.43643 2.41489 2.48116 2.55673 2.57561 2.65849 2.72268 2.78185 2.85278 3.01234 3.01433 3.01144 3.05737 3.09452 3.07764 2.89123 2.94832 3.10438 3.13342 3.20839 3.26353 3.28707 3.29772 3.36722 3.38866 3.42021 3.31678
1.75277 1.76747 1.72576 1.64394 1.57337 1.50163 1.46335 1.47496 1.49891 1.53435 1.53190 1.52506 1.50717 1.46664 1.49526 1.52672 1.66322 1.75776 1.66166 1.65519 1.65462 1.62027 1.50954 1.44458 1.44458 1.44492 1.44599 1.40275 1.44278 1.59186 1.63521 1.78200 1.98677 2.11981 2.08109 2.05412 2.03714 2.05633 2.06179 2.15343 2.36480 2.41016 2.47846 2.71174 2.75117 2.76243 2.79053 2.82111 2.85548 3.05641 3.07265 3.05607 3.07239 3.04358 3.04314 3.00860 2.80705 3.12351 3.12787 3.25084 3.29067 3.32706 3.36849 3.46150 3.61973 3.68824 3.71420
