results/OMI_NO2_201007.asc
ncols      200
nrows      200
xllcorner       120.258
yllcorner       41.1236
cellsize     0.0166667
NODATA_Value      -999.000
[rows 58 to 86 of 200, columns 67 to 133 of 200]
1.91613 1.82853 1.88672 2.03825 2.03825 2.03825 2.03825 2.03825 2.03825 2.03825 2.03825 2.03825 2.03825 2.03825 2.03825 2.03803 2.03768 2.03693 1.99350 1.94791 1.93563 1.78996 1.35216 1.32146 1.32144 1.32144 1.32144 1.32144 1.32144 1.32144 3.76190 6.34183 6.34183 6.34183 6.34183 6.34183 9.07913 11.3622 11.3622 11.2282 10.2953 9.23007 8.16513 7.56793 7.56566 7.56566 7.56566 7.56566 7.56566 7.56566 7.56566 7.56566 7.56566 7.56566 7.56566 7.56566 7.19769 6.35987 5.71747 5.22438 4.83451 4.56227 4.53272 4.53272 3.41772 2.34556 2.34556
1.91613 1.88553 1.80766 2.02649 2.03825 2.03825 2.03825 2.03825 2.03825 2.03825 2.03825 2.03825 2.03825 2.01523 1.96723 1.92078 1.88005 1.86857 1.88761 1.91849 1.91987 1.90174 1.36247 1.32144 1.32144 1.32144 1.32144 1.32144 1.32144 1.32144 1.38827 5.88474 6.34183 6.34183 6.34183 6.34069 6.90730 9.69363 8.62870 7.69778 7.56566 7.56566 7.56566 7.56566 7.56566 7.56566 7.56566 7.56566 7.56566 7.56566 7.56566 7.05989 6.05658 5.31551 4.74883 4.30166 4.09956 4.52712 4.53272 4.53272 4.53272 4.53272 4.53272 4.53272 4.12451 2.22680 2.09284
1.91613 1.91613 1.82080 1.94649 2.03825 2.03825 2.03825 2.03825 2.02493 1.97846 1.93049 1.88418 1.85671 1.85833 1.89362 1.93074 1.92492 1.91987 1.91696 1.84718 1.74981 1.65227 1.42328 1.32144 1.32144 1.32144 1.32144 1.32144 1.32144 1.32144 1.32144 3.96951 6.23553 5.73894 5.20666 4.67533 4.46904 6.99491 7.56566 7.56566 7.56566 7.56566 7.56566 7.56566 7.56566 7.56566 6.95281 5.97409 5.25345 4.70022 4.26292 4.03939 4.03709 4.03709 4.03709 4.03709 4.03709 4.38949 4.53272 4.53272 4.47210 3.97117 3.38234 2.79330 2.43858 2.16602 1.96201
1.91613 1.91613 1.87460 1.84923 1.98972 1.94172 1.89370 1.84594 1.82611 1.85190 1.88566 1.92526 1.93566 1.89868 1.80191 1.70443 1.60274 1.49373 1.39905 1.37129 1.37129 1.37129 1.36315 1.32144 1.32144 1.32144 1.32144 1.32144 1.32144 1.32144 1.32144 1.44863 4.25247 4.44355 4.44355 4.44355 4.44355 5.54222 7.56566 7.56566 7.56072 6.84234 5.89400 5.19329 4.65295 4.22515 4.03709 4.03709 4.03709 4.03709 4.03709 4.03709 4.03709 4.03709 4.03709 4.03709 4.03709 3.89253 3.63994 3.05090 2.52291 2.43502 2.43502 2.43502 2.43502 2.37878 1.97119
1.78819 1.71618 1.64416 1.57567 1.78514 1.84577 1.87804 1.90648 1.83839 1.74086 1.64332 1.54589 1.44841 1.38784 1.38708 1.38708 1.38696 1.37333 1.37129 1.37129 1.37129 1.37129 1.37098 1.33068 1.32144 1.32144 1.32144 1.32144 1.32144 1.32144 1.32144 1.32144 3.09528 4.44355 4.44355 4.44369 4.45954 4.68402 5.13906 4.60675 4.18929 4.03709 4.03709 4.03709 4.03709 4.03709 4.03709 4.03709 4.03709 4.03709 4.03709 4.03709 4.03709 3.93871 3.40233 2.81353 2.22452 1.94992 2.39195 2.43502 2.43502 2.43502 2.43502 2.43502 2.45669 2.70746 2.72488
1.57296 1.57296 1.55363 1.51779 1.58698 1.58221 1.48478 1.39937 1.38708 1.38708 1.38708 1.38708 1.38708 1.38708 1.38708 1.38708 1.38708 1.37953 1.37129 1.37129 1.37129 1.37129 1.37129 1.35288 1.32144 1.32144 1.32144 1.32144 1.32144 1.32144 1.32144 1.34926 1.55393 4.33362 4.53640 4.56256 4.57305 4.57305 4.18093 4.03709 4.03709 4.03709 4.03709 4.03709 4.03709 4.03709 4.03709 4.03709 4.03709 4.03122 3.65993 3.07110 2.48227 1.99162 1.93939 1.93939 1.93939 1.93939 2.20975 2.43502 2.43502 2.69797 2.97722 3.18786 3.35326 3.38664 3.33407
1.42803 1.39128 1.37377 1.37377 1.37539 1.38698 1.38708 1.38708 1.38708 1.38708 1.38708 1.38708 1.38708 1.38708 1.38708 1.38708 1.38708 1.38555 1.37159 1.37129 1.37129 1.37129 1.37129 1.36669 1.32147 1.32144 1.34511 1.39764 1.45037 1.50295 1.55558 1.58044 1.58044 3.39594 4.57305 4.57305 4.57305 4.57305 4.39238 4.03709 4.03709 4.03709 4.03709 4.03709 4.03709 4.03709 3.89191 3.32891 2.73987 2.15671 1.93939 1.93939 1.93939 1.93939 1.93939 1.93939 1.93939 1.93939 2.01792 2.43412 2.43502 3.08722 3.38664 3.38664 3.38934 3.44753 3.52778
1.37377 1.37377 1.37377 1.37377 1.37377 1.38359 1.38708 1.38708 1.38708 1.38708 1.38708 1.38708 1.38708 1.38708 1.38708 1.38708 1.38708 1.38708 1.37640 1.37129 1.37129 1.38123 1.40731 1.43364 1.48570 1.55143 1.58036 1.58044 1.58044 1.58044 1.58044 1.58044 1.58044 1.80787 4.44071 4.57305 4.57305 4.57305 4.55941 4.07995 4.03709 4.03709 4.01654 3.58651 2.99789 2.40885 1.96540 1.93939 1.93939 1.93939 1.93939 1.93939 1.93939 1.93939 1.93939 1.93939 1.93939 1.93939 1.93939 2.33636 2.55741 2.86757 3.62555 3.70885 3.78636 3.80833 3.80833
1.37377 1.37377 1.37377 1.37377 1.37377 1.37859 1.38708 1.38708 1.38708 1.38708 1.38708 1.38708 1.38708 1.38708 1.38708 1.38708 1.37957 1.35079 1.34338 1.45785 1.48419 1.50055 1.50079 1.50079 1.52242 1.58044 1.58044 1.58044 1.58044 1.58044 1.58044 1.58044 1.58044 1.58044 3.50568 4.57305 4.57305 4.57305 4.57305 4.07531 3.25549 2.66666 2.09839 1.93939 1.93939 1.93939 1.93939 1.93939 1.93939 1.93939 1.93939 1.93939 1.93939 1.93939 1.97487 2.15180 2.34316 2.53472 2.72637 2.95060 3.06755 3.06755 3.64996 3.80833 3.80833 3.80833 3.80833
1.37377 1.37377 1.37377 1.37377 1.37377 1.37430 1.38635 1.38708 1.38708 1.38708 1.38708 1.38383 1.35807 1.32800 1.29793 1.26787 1.24532 1.24403 1.24597 1.46757 1.50079 1.50079 1.47310 1.40830 1.34210 1.56122 1.58044 1.58044 1.58044 1.58044 1.58044 1.58044 1.58044 1.58044 1.90213 4.42910 4.04946 3.46043 2.87181 2.39700 1.94024 1.93939 1.93939 1.93939 1.93939 1.93939 1.93939 1.93939 1.93939 1.98598 2.16906 2.36052 2.55188 2.74343 2.89970 2.91422 2.91422 2.91422 2.91422 2.92125 3.05973 3.06755 3.33127 3.80602 3.73615 3.63488 3.53364
1.37377 1.37377 1.37377 1.37377 1.37377 1.37377 1.38113 1.36532 1.33526 1.30520 1.27513 1.24833 1.24403 1.24403 1.24403 1.24403 1.23469 1.17661 1.11166 1.17004 1.23843 1.17345 1.13613 1.13594 1.13594 1.36888 1.58044 1.58044 1.58044 1.58044 1.58044 1.58044 1.58044 1.58044 1.58044 2.23367 2.47534 2.47534 2.47534 2.47534 2.06412 1.93939 1.93939 1.93939 1.99875 2.18612 2.37777 2.56913 2.76069 2.90555 2.91422 2.91422 2.91422 2.91422 2.91422 2.91422 2.91422 2.91422 2.91422 2.91422 2.96178 2.87353 2.72503 3.36700 3.44742 3.44742 3.44742
1.37377 1.37377 1.35928 1.32920 1.29915 1.26909 1.24285 1.24403 1.24403 1.24403 1.24330 1.20174 1.13673 1.07171 1.00677 0.941792 0.886117 0.879185 0.879185 0.904800 1.13163 1.13594 1.13594 1.13594 1.13594 1.22020 1.58044 1.58044 1.58044 1.58044 1.58044 1.58044 1.58044 1.58044 1.58044 1.71179 2.45568 2.47534 2.47534 2.45870 2.31060 2.39473 2.58648 2.77784 2.90993 2.91422 2.91422 2.91422 2.91422 2.91422 2.91422 2.91422 2.91422 2.91422 2.91422 2.91422 2.90535 2.78625 2.63445 2.48250 2.41111 2.52620 2.52620 2.97466 3.44742 3.44742 3.44742
1.27634 1.24630 1.23072 1.23072 1.23072 1.22301 1.19284 1.11216 1.03184 0.966857 0.902608 0.879185 0.879185 0.879185 0.879185 0.879185 0.879185 0.879185 0.879185 0.879185 1.05507 1.13594 1.13594 1.13594 1.13594 1.14143 1.51873 1.58044 1.58044 1.58044 1.58044 1.58044 1.58044 1.51720 1.32473 1.14888 1.86269 2.31678 2.26797 2.23588 2.26292 2.87508 2.91422 2.91422 2.91422 2.91422 2.91422 2.91422 2.91422 2.91422 2.91422 2.91422 2.91422 2.85175 2.70050 2.54870 2.40562 2.37287 2.37287 2.37287 2.37309 2.50140 2.52620 2.56905 3.29206 3.15238 2.92624
1.21112 1.17945 1.14781 1.11613 1.08451 1.06053 1.05909 0.972200 0.879185 0.879185 0.879185 0.879185 0.879185 0.879185 0.879185 0.879185 0.879185 0.879185 0.879185 0.879185 0.952926 1.13594 1.13594 1.13594 1.13594 1.13594 1.31794 1.58044 1.58044 1.52486 1.28573 1.10847 0.982953 0.899145 0.862876 0.861387 1.03580 2.22009 2.23516 2.23516 2.23516 2.63692 2.91422 2.91422 2.91422 2.91422 2.91422 2.91422 2.91422 2.89733 2.76662 2.61475 2.46295 2.37347 2.37287 2.37287 2.37287 2.37287 2.37287 2.37287 2.37287 2.44253 2.52620 2.52620 2.52620 2.52620 2.52620
1.05909 1.05909 1.05909 1.05909 1.05909 1.05909 1.05909 1.03793 0.880596 0.879185 0.879185 0.879185 0.879185 0.879185 0.879185 0.879185 0.879185 0.879185 0.879185 0.879185 0.881675 1.10880 1.22375 1.32239 1.16521 1.07897 1.02495 1.06510 0.942367 0.867470 0.861387 0.861387 0.861387 0.861387 0.861387 0.861387 0.861410 1.80070 2.23516 2.23516 2.23516 2.37097 2.91422 2.91422 2.91422 2.91411 2.83275 2.68085 2.52900 2.39404 2.37287 2.37287 2.37287 2.37287 2.37287 2.37287 2.37287 2.37287 2.37287 2.37287 2.37287 2.38649 2.51868 2.36910 2.14460 1.92057 1.69619
1.12145 1.05909 1.05909 1.05909 1.05909 1.05909 1.05909 1.05909 0.926542 0.879185 0.879185 0.879185 0.879185 0.879185 0.879185 0.879185 0.879185 0.892852 1.01161 1.13728 1.29343 1.43237 1.35858 1.27359 1.03164 0.808455 0.804777 0.848959 0.861387 0.861387 0.861387 0.861387 0.861387 0.861387 0.861387 0.861387 0.861387 1.10081 2.22745 2.23516 2.23516 2.23516 2.75671 2.74695 2.59510 2.44336 2.37287 2.37287 2.37287 2.37287 2.37287 2.37287 2.37287 2.37287 2.37287 2.37287 2.37287 2.36789 2.28929 2.18618 2.08318 1.98023 1.56472 1.34771 1.34771 1.34771 1.34771
1.26151 1.05909 1.05909 1.05909 1.05909 1.05909 1.05909 1.05909 0.993680 0.879185 0.879185 0.879185 0.879185 0.906888 1.03650 1.20241 1.36051 1.48816 1.52786 1.50780 1.45125 1.37164 1.16155 1.15851 1.12368 0.810879 0.812361 0.838491 0.861387 0.861387 0.861387 0.861387 0.861387 0.861387 0.861387 0.861387 0.861387 0.863263 1.89577 2.13404 1.98213 1.83029 1.98885 2.37287 2.37287 2.37287 2.37287 2.37287 2.37287 2.37287 2.37287 2.37287 2.36448 2.27974 2.17663 2.07368 1.97068 1.87251 1.84816 1.84816 1.84816 1.84816 1.69936 1.34771 1.34771 1.34771 1.34771
1.38645 1.07444 1.05909 1.05909 1.05909 1.05909 1.05909 1.05909 1.05153 0.934375 1.09599 1.27631 1.42559 1.54180 1.58632 1.53047 1.46367 1.40612 1.37623 1.37649 1.39700 1.43097 1.29649 1.24979 1.28121 1.03965 0.861387 0.861387 0.861387 0.861387 0.861387 0.861387 0.861387 0.861387 0.861387 0.861387 0.861387 0.861387 1.07202 1.69238 1.69381 1.69381 1.73611 2.34761 2.37287 2.37287 2.37287 2.36017 2.27013 2.16713 2.06413 1.96108 1.86642 1.84816 1.84816 1.84816 1.84816 1.84816 1.84816 1.84816 1.84816 1.84816 1.84113 1.41626 1.45626 1.55604 1.65583
1.40625 1.19487 1.05909 1.05909 1.05909 1.14350 1.33121 1.48678 1.61597 1.63899 1.61585 1.54537 1.47646 1.41722 1.38727 1.41715 1.45317 1.49294 1.53712 1.58569 1.60429 1.60429 1.51767 1.31420 1.31420 1.22492 0.861387 0.861387 0.861387 0.861387 0.861387 0.861387 0.861387 0.861387 0.861387 0.861387 0.861387 0.861387 0.868061 1.55521 1.69381 1.69381 1.71300 2.11027 2.15758 2.05464 1.95148 1.86117 1.84816 1.84816 1.84816 1.84816 1.84816 1.84816 1.84816 1.84816 1.84816 1.84816 1.84816 1.84937 1.91362 2.01349 2.11323 1.93286 1.70383 1.70383 1.70383
1.40564 1.38871 1.40747 1.55358 1.67531 1.74496 1.74715 1.74715 1.74959 1.75373 1.46971 1.47671 1.51907 1.56624 1.60283 1.60429 1.60429 1.60429 1.60429 1.60429 1.60294 1.57043 1.52630 1.27718 1.28068 1.31302 0.960963 0.861387 0.861387 0.861387 0.861387 0.861387 0.861387 0.861387 0.861387 0.861387 0.865552 0.914690 1.11420 1.64755 2.06605 2.19083 2.29655 2.19695 1.84816 1.84816 1.84816 1.84816 1.84816 1.84816 1.84816 1.84816 1.84816 1.84816 1.84816 1.84816 1.87437 1.97038 2.07017 2.16875 2.20429 2.20429 2.20429 2.13256 1.70570 1.70383 1.70383
1.38042 1.50844 1.72973 1.76033 1.80634 1.86009 1.92206 1.99441 2.07442 2.09509 1.81743 1.60429 1.60429 1.60429 1.60429 1.60429 1.58086 1.53869 1.50156 1.46858 1.43990 1.43190 1.43190 1.32244 1.23616 1.31420 1.16592 0.861387 0.861387 0.861387 0.861387 0.861387 0.873583 1.01718 1.24928 1.57773 2.03215 2.29683 2.33017 2.33017 2.31198 2.30886 2.30886 2.30752 1.91727 1.84816 1.84816 1.84816 1.84816 1.84816 1.84816 1.84816 1.85247 1.92729 2.02712 2.12690 2.20051 2.20429 2.20429 2.20429 2.20429 2.20429 2.20429 2.20429 1.82705 1.70383 1.70383
1.48904 1.56256 1.94396 2.09280 2.09509 2.09509 2.09509 2.09509 2.09509 2.09509 2.05103 1.60729 1.54813 1.50988 1.47600 1.44576 1.43190 1.43190 1.43190 1.43190 1.43190 1.43190 1.43190 1.40660 1.21724 1.26085 1.17080 0.868650 0.966315 1.13189 1.37537 1.71658 2.18945 2.33017 2.33017 2.33017 2.33017 2.33017 2.33017 2.33017 2.32115 2.30886 2.30886 2.30886 2.09569 1.84816 1.84816 1.84816 1.84816 1.88520 1.98406 2.08385 2.17936 2.20429 2.20429 2.20429 2.20429 2.20429 2.20429 2.20429 2.20429 2.20429 2.20429 2.20429 2.02017 1.70383 1.70954
1.70788 1.70788 1.88647 2.08802 2.09509 2.09509 2.07782 1.97975 1.88762 1.81016 1.74416 1.53457 1.43190 1.43190 1.43190 1.43190 1.43190 1.43190 1.43190 1.43190 1.43111 1.39832 1.34554 1.34314 1.15978 1.17007 1.49343 1.83420 2.17058 2.33017 2.33017 2.33017 2.33017 2.33017 2.33017 2.33017 2.33017 2.33017 2.33017 2.33017 2.33013 2.31133 2.30886 2.30886 2.26656 1.86627 1.94097 2.04079 2.14054 2.20336 2.20429 2.20429 2.20429 2.20429 2.20429 2.20429 2.20429 2.20429 2.20429 2.20429 2.20413 2.14839 2.04794 1.94749 1.83358 1.76076 1.77267
1.70788 1.70788 1.75123 2.03888 1.99788 1.75878 1.70771 1.70164 1.70164 1.70164 1.70164 1.66140 1.43568 1.43190 1.43190 1.43190 1.42868 1.38875 1.37168 1.39841 1.43023 1.52680 1.71836 1.87501 1.87929 1.65825 2.30555 2.33017 2.33017 2.33017 2.33017 2.33017 2.33017 2.33017 2.33017 2.33017 2.33017 2.33017 2.33017 2.33017 2.33017 2.31990 2.35864 2.45839 2.55821 2.33440 2.20429 2.20429 2.20429 2.20429 2.20429 2.20429 2.20429 2.20429 2.20429 2.20337 2.13996 2.03946 1.93891 1.83851 1.73817 1.69336 1.69336 1.69336 1.69336 1.74085 1.77270
1.70788 1.70788 1.70788 1.93650 2.07956 1.72336 1.70164 1.70164 1.70164 1.70164 1.70164 1.70164 1.50426 1.39994 1.42423 1.45514 1.49484 1.59187 1.73040 1.84838 1.99456 2.12803 2.13593 2.13593 2.12761 1.67414 1.98939 2.33017 2.33017 2.33017 2.33017 2.33017 2.33017 2.33017 2.33017 2.33017 2.33017 2.33017 2.33017 2.33017 2.33017 2.33399 2.63496 2.66498 2.66498 2.53032 2.20429 2.20429 2.20429 2.20429 2.20173 2.13143 2.03098 1.93048 1.82998 1.73040 1.69336 1.69336 1.69336 1.69336 1.69336 1.69336 1.69336 1.69336 1.69336 1.71044 1.76542
1.70788 1.70788 1.70788 1.79441 2.06637 1.84258 1.70164 1.70164 1.70237 1.75237 1.82514 1.91360 1.90750 1.63326 1.70963 1.82306 1.96291 2.11327 2.13593 2.13593 2.13593 2.13593 2.13593 2.13593 2.13593 1.86907 1.74025 2.33017 2.33017 2.33017 2.33017 2.33017 2.33017 2.33017 2.33017 2.33017 2.33017 2.33017 2.33017 2.33017 2.33017 2.33017 2.50998 2.66498 2.66498 2.66053 2.18897 2.02245 1.92200 1.82150 1.72355 1.69336 1.69336 1.69336 1.69336 1.69336 1.69336 1.69336 1.69336 1.69336 1.69336 1.69336 1.69336 1.64613 1.53959 1.43292 1.39931
1.70788 1.70788 1.70788 1.70788 2.03878 2.25858 1.91125 2.00918 2.11804 2.13593 2.13593 2.13593 2.13593 2.10039 2.13593 2.13593 2.13593 2.13593 2.13593 2.13593 2.13593 2.13593 2.13593 2.13593 2.19602 2.27470 1.87732 2.32327 2.33017 2.33017 2.33017 2.33017 2.33017 2.33017 2.33017 2.33017 2.33017 2.33017 2.33017 2.33017 2.33135 2.36875 2.43332 2.72130 2.76598 2.79209 2.23288 1.69336 1.69336 1.69336 1.69336 1.69336 1.69336 1.69336 1.69336 1.69336 1.69336 1.69336 1.69336 1.67934 1.58533 1.47861 1.37188 1.31238 1.31219 1.31219 1.34772
1.70788 1.70788 1.70788 1.70788 3.35713 3.35713 2.31519 2.13593 2.13593 2.13593 2.13593 2.13593 2.13593 2.13593 2.13593 2.13593 2.13593 2.13593 2.13593 2.16975 2.31447 2.50556 2.75708 3.10307 3.35640 3.35713 2.60920 2.33017 2.33017 2.33017 2.33017 2.33017 2.33017 2.33017 2.33017 2.33057 2.36430 2.41874 2.47323 2.52775 2.58098 2.59807 2.59807 2.71635 2.79893 2.79893 2.65664 1.70088 1.69336 1.69336 1.69336 1.69336 1.69336 1.69336 1.69336 1.69302 1.63123 1.52450 1.41777 1.32487 1.31219 1.31219 1.31219 1.31219 1.31219 1.31219 1.31889
0.00000 0.00000 0.00000 0.00000 0.00000 3.35713 2.73280 2.13593 2.13593 2.13593 2.13593 2.13593 2.13593 2.13593 2.15139 2.27699 2.45743 2.69283 3.01301 3.33679 3.35713 3.35713 3.35713 3.35713 3.35713 3.35713 3.01550 2.33017 2.33017 2.33017 2.33022 2.35975 2.41426 2.46878 2.52317 2.57728 2.59807 2.59807 2.59807 2.59807 2.59807 2.59807 2.59807 2.61132 2.78929 2.79893 2.79893 1.98998 1.69336 1.69336 1.69336 1.69336 1.67056 1.57024 1.46351 1.35713 1.31219 1.31219 1.31219 1.31219 1.31219 1.31219 1.31219 1.31219 1.31219 1.31219 1.31219
