results/OMI_NO2_200908.asc
ncols      200
nrows      200
xllcorner       120.258
yllcorner       41.1236
cellsize     0.0166667
NODATA_Value      -999.000
[rows 29 to 57 of 200, columns 0 to 66 of 200]
1.27033 1.23491 1.24202 1.22059 1.03219 1.02366 1.08537 1.14492 1.20435 1.23875 1.23893 1.23893 1.23688 1.21941 1.19883 1.17823 1.16574 1.16530 1.16265 1.20012 1.39152 1.39131 1.33835 1.51434 1.60158 1.60121 1.62440 1.69521 1.69611 1.71656 1.73566 1.73981 1.73981 1.73981 1.73981 1.73981 1.74990 1.78431 1.81984 1.77937 1.69435 1.72788 1.73405 1.74030 1.73833 1.72564 1.70933 1.69071 1.44290 1.21574 1.21826 1.21898 1.21898 1.21898 1.21936 1.20189 1.10548 1.12398 1.13699 1.14413 1.10195 1.09453 1.10730 1.12148 1.12824 1.13155 1.13491
1.32444 1.29843 1.39918 1.49747 1.34200 1.23810 1.23893 1.23893 1.23893 1.22848 1.20789 1.18729 1.16831 1.16239 1.15925 1.15726 1.16291 1.17027 1.17998 1.19233 1.37938 1.34515 1.24461 1.40085 1.59565 1.64528 1.65181 1.72434 1.74011 1.73981 1.73981 1.73981 1.75125 1.78605 1.82159 1.85980 1.90289 1.92437 1.94742 1.96202 1.80102 1.73910 1.71542 1.69613 1.68609 1.68609 1.68609 1.68609 1.59389 1.27748 1.20908 1.23532 1.25678 1.26442 1.26601 1.27072 1.14935 1.09478 1.08442 1.15684 1.19166 1.13420 1.13580 1.13580 1.13882 1.14821 1.15769
1.82557 1.70687 1.67655 1.67655 1.53559 1.25664 1.21695 1.19577 1.17227 1.15899 1.15586 1.15718 1.16464 1.17448 1.18466 1.19370 1.19510 1.19919 1.21039 1.22175 1.33736 1.42291 1.33154 1.34395 1.53965 1.64878 1.65184 1.68520 1.75518 1.78780 1.82941 1.88447 1.92846 1.94922 1.97149 1.99234 1.99780 1.99615 1.99023 1.98324 1.83709 1.71485 1.68609 1.68609 1.68609 1.68609 1.67452 1.64065 1.59089 1.25818 1.22667 1.23911 1.22042 1.22050 1.22770 1.23624 1.20947 1.09054 1.09057 1.11062 1.24022 1.15421 1.15953 1.16605 1.16624 1.16081 1.19806
2.11549 1.78788 1.65262 1.61135 1.54926 1.23656 1.15326 1.15904 1.16899 1.17918 1.18936 1.19508 1.19565 1.20431 1.21565 1.22700 1.23834 1.24561 1.24574 1.24574 1.27007 1.44822 1.37963 1.30475 1.46648 1.68294 1.76794 1.82576 1.95053 1.97442 1.98952 1.99350 1.99704 1.99733 1.99236 1.98556 1.97866 1.97711 1.97711 1.97711 1.92678 1.73330 1.64502 1.59460 1.54464 1.49465 1.45624 1.44046 1.44803 1.32886 1.18365 1.23980 1.24913 1.24991 1.24991 1.25005 1.26495 1.14022 1.11603 1.12369 1.23586 1.20057 1.18529 1.25019 1.31851 1.38612 1.41818
2.20728 1.69729 1.52665 1.52036 1.52036 1.37202 1.20137 1.19510 1.19850 1.20956 1.22091 1.23226 1.24305 1.24574 1.24574 1.24574 1.24574 1.24574 1.24574 1.24638 1.27417 1.46105 1.51290 1.54532 1.67725 1.83404 1.90031 1.90438 1.95629 1.99942 1.99438 1.98782 1.98062 1.97711 1.97711 1.97711 1.97440 1.92762 1.86189 1.79616 1.73037 1.53595 1.45468 1.44340 1.45554 1.46779 1.48003 1.49195 1.49547 1.48500 1.20152 1.24383 1.25953 1.27104 1.28254 1.28860 1.25990 1.22965 1.12953 1.19110 1.31311 1.44724 1.43911 1.45223 1.46523 1.47822 1.48397
2.18348 1.79594 1.57296 1.52036 1.52036 1.47525 1.26074 1.23751 1.24545 1.24574 1.24574 1.24574 1.24574 1.24587 1.26345 1.30796 1.35444 1.39294 1.43107 1.46856 1.47890 1.54520 1.67020 1.64032 1.75015 1.82932 1.89378 1.89504 1.89556 1.98034 1.97711 1.96993 1.92869 1.86423 1.79846 1.73280 1.66976 1.65086 1.65218 1.66270 1.67495 1.61928 1.52590 1.49534 1.49547 1.49547 1.49547 1.49057 1.44453 1.38945 1.25526 1.25921 1.27022 1.23258 1.19410 1.15537 1.14094 1.20551 1.32096 1.32731 1.32664 1.46348 1.48231 1.48397 1.48397 1.48397 1.48397
2.18348 1.99266 1.63838 1.52036 1.52036 1.52011 1.33455 1.24676 1.26254 1.29204 1.33750 1.38722 1.43440 1.47299 1.49355 1.48739 1.47910 1.47875 1.47875 1.48711 1.52339 1.56586 1.78921 1.76019 1.79678 1.84868 1.85657 1.82491 1.79897 1.80238 1.73579 1.67653 1.65206 1.65090 1.65795 1.67021 1.68246 1.69472 1.70564 1.70738 1.70738 1.69511 1.55586 1.49367 1.44184 1.38677 1.33173 1.28153 1.26015 1.22740 1.18111 1.10465 1.13103 1.11640 1.10629 1.10174 1.10174 1.11964 1.26533 1.31993 1.31993 1.41173 1.47774 1.48471 1.49174 1.50019 1.50865
2.18348 2.17616 1.72079 1.54488 1.52426 1.55664 1.54641 1.49568 1.49767 1.50732 1.49999 1.48839 1.47938 1.47875 1.47875 1.47970 1.50653 1.54508 1.58360 1.61379 1.61599 1.61071 1.69533 1.71199 1.66249 1.70952 1.71379 1.74276 1.74644 1.71814 1.64395 1.67772 1.68997 1.70218 1.70738 1.70738 1.70738 1.70738 1.70738 1.69985 1.65107 1.59601 1.43821 1.30538 1.26417 1.22692 1.18646 1.14595 1.11774 1.11003 1.10889 1.06380 1.10731 1.10176 1.10174 1.10174 1.10174 1.10174 1.18849 1.31696 1.33415 1.38228 1.49465 1.50278 1.49413 1.48363 1.47303
2.18348 2.18348 1.88516 1.67423 1.70543 1.69339 1.66794 1.56222 1.47975 1.47875 1.47875 1.47875 1.49058 1.52822 1.56674 1.60417 1.60979 1.60082 1.59208 1.59112 1.59407 1.60224 1.62730 1.70828 1.63936 1.67901 1.67870 1.67506 1.65167 1.63072 1.57126 1.70380 1.70738 1.70738 1.70738 1.69835 1.64839 1.59331 1.53794 1.47871 1.45389 1.41378 1.32074 1.15776 1.11215 1.10889 1.10889 1.10889 1.10889 1.10889 1.10889 1.09470 1.07797 1.10555 1.10626 1.11639 1.16169 1.26293 1.39027 1.60204 1.69387 1.75291 1.50257 1.46311 1.46586 1.46570 1.46569
2.18003 2.12812 1.96794 1.57387 1.59400 1.58353 1.57374 1.55010 1.49361 1.51134 1.54946 1.58127 1.59899 1.59093 1.58452 1.58690 1.59586 1.60773 1.61937 1.62321 1.61952 1.59907 1.57657 1.62265 1.57265 1.55658 1.60335 1.61467 1.62935 1.62935 1.59190 1.63963 1.64567 1.58899 1.51908 1.45529 1.43252 1.40186 1.35250 1.31435 1.28312 1.27347 1.27193 1.13751 1.11112 1.10889 1.10889 1.10889 1.10889 1.10675 1.09943 1.14588 1.17186 1.37659 1.50003 1.59168 1.64232 1.63576 1.62908 1.70336 1.73111 1.73085 1.60343 1.47933 1.55600 1.62803 1.69616
1.81205 1.78570 1.78461 1.57536 1.54676 1.58953 1.63294 1.66227 1.62357 1.58113 1.57982 1.58947 1.60134 1.61320 1.62251 1.62320 1.61117 1.58867 1.56617 1.54368 1.52489 1.52285 1.52285 1.55552 1.59423 1.53723 1.59184 1.59197 1.55873 1.48896 1.41127 1.30959 1.41033 1.38895 1.35684 1.32481 1.29273 1.27363 1.27347 1.27347 1.27347 1.27347 1.27347 1.19541 1.11506 1.12155 1.18368 1.24831 1.31307 1.37987 1.45182 1.45514 1.40180 1.44923 1.60784 1.61876 1.61751 1.61751 1.61751 1.68255 1.83857 1.90635 1.94960 1.74407 1.73684 1.71056 1.65294
1.78461 1.79457 1.87186 1.83289 1.65152 1.69846 1.69642 1.69631 1.67396 1.62636 1.62321 1.62042 1.60077 1.57829 1.55580 1.53330 1.52285 1.52285 1.52285 1.52285 1.52285 1.52285 1.52285 1.52412 1.60355 1.52793 1.46075 1.30473 1.30067 1.31226 1.28926 1.20525 1.27316 1.27637 1.27347 1.27347 1.27347 1.27347 1.27347 1.27347 1.27040 1.26047 1.25037 1.24546 1.42441 1.46798 1.46444 1.43669 1.40678 1.37683 1.34690 1.33195 1.33132 1.32220 1.53181 1.66952 1.75359 1.83762 1.92216 1.97983 2.03436 1.98619 1.92939 1.68641 1.56680 1.52375 1.51946
2.01235 2.09234 2.10492 2.09862 1.70522 1.69148 1.69642 1.68427 1.65426 1.60968 1.54540 1.52569 1.52285 1.52285 1.52285 1.52285 1.52285 1.52524 1.53098 1.53201 1.53004 1.52765 1.52517 1.52448 1.57720 1.56248 1.49195 1.28220 1.24858 1.20633 1.19544 1.18014 1.17411 1.27347 1.27356 1.27378 1.26553 1.25543 1.24533 1.23522 1.22818 1.22719 1.20606 1.17613 1.33257 1.36231 1.33414 1.33195 1.33195 1.33195 1.33274 1.35717 1.39261 1.45305 1.75660 1.97369 1.98945 2.00363 2.02759 2.07335 2.11606 1.99981 1.93218 1.86754 1.62560 1.51303 1.51303
2.10492 2.10492 2.10311 2.04833 1.77027 1.59669 1.59619 1.58247 1.58420 1.59974 1.52432 1.52531 1.53515 1.54054 1.54210 1.54328 1.54147 1.53668 1.52854 1.52511 1.52468 1.52468 1.52354 1.51180 1.51413 1.56339 1.45443 1.33479 1.22762 1.21082 1.19737 1.20399 1.13348 1.24039 1.24019 1.22987 1.22800 1.21721 1.18760 1.15768 1.12775 1.09862 1.08982 1.08982 1.17885 1.34009 1.33315 1.35887 1.39426 1.42970 1.46437 1.47811 1.49151 1.52880 1.78750 2.08345 2.19269 2.24774 2.29207 2.29476 2.29460 2.24010 1.98504 1.97347 1.68559 1.53563 1.51307
1.94453 1.89785 1.84678 1.83166 1.79211 1.53523 1.54678 1.51874 1.48439 1.58685 1.58897 1.55217 1.54071 1.53286 1.52885 1.52527 1.52468 1.52468 1.52468 1.51806 1.50375 1.48944 1.47625 1.47366 1.48259 1.55754 1.49149 1.43274 1.25824 1.26218 1.24369 1.24724 1.18807 1.15624 1.16916 1.13922 1.10930 1.09016 1.08982 1.08982 1.08982 1.08982 1.09147 1.11842 1.16221 1.42553 1.46714 1.48009 1.51495 1.55830 1.60463 1.65104 1.68815 1.70246 1.80986 2.13671 2.29476 2.29476 2.29476 2.29476 2.29476 2.28935 2.07937 1.98974 1.81658 1.62477 1.57514
1.65157 1.72907 1.67989 1.63427 1.59197 1.40971 1.37626 1.37853 1.37243 1.47042 1.60126 1.52545 1.52468 1.52468 1.52468 1.52272 1.51003 1.49571 1.48139 1.48471 1.51252 1.54051 1.57204 1.60813 1.63532 1.62705 1.57445 1.49616 1.35801 1.33951 1.36618 1.40128 1.44589 1.23136 1.09031 1.08982 1.08982 1.08982 1.09201 1.12008 1.15553 1.19096 1.22512 1.23478 1.24270 1.40525 1.57940 1.69471 1.70246 1.70246 1.70246 1.70246 1.70246 1.70246 1.72172 2.00383 2.26825 2.29643 2.30382 2.30394 2.25825 2.20457 2.07941 1.80764 1.75619 1.81793 1.61168
1.26741 1.55105 1.55482 1.55469 1.54857 1.44482 1.28492 1.27614 1.24512 1.23413 1.48799 1.54421 1.51630 1.50198 1.50105 1.51663 1.54300 1.57164 1.60627 1.63133 1.63963 1.64776 1.65234 1.65538 1.69375 1.74267 1.75342 1.69486 1.65808 1.49888 1.49318 1.46012 1.45946 1.34669 1.12670 1.12179 1.15719 1.19331 1.22770 1.23621 1.24040 1.25487 1.26977 1.28396 1.29136 1.34128 1.55885 1.70017 1.70246 1.70246 1.70246 1.70246 1.70343 1.71786 1.71026 1.82250 2.06294 2.12233 2.06165 1.98885 1.94594 1.91052 1.86879 1.65977 1.59502 1.70087 1.59152
1.12889 1.33143 1.38787 1.34037 1.29886 1.28689 1.14719 1.17724 1.18299 1.18538 1.37007 1.59955 1.57348 1.60448 1.62714 1.63526 1.64339 1.65088 1.65235 1.66832 1.71711 1.77001 1.82672 1.88365 1.89672 1.89672 1.86613 1.77860 1.70449 1.54027 1.50240 1.51396 1.54351 1.56365 1.34548 1.23764 1.23955 1.25103 1.26521 1.27939 1.29052 1.29136 1.29136 1.29136 1.29136 1.29136 1.49699 1.65060 1.70691 1.67725 1.63492 1.59259 1.54929 1.49254 1.46954 1.54859 1.86898 1.88666 1.84799 1.83200 1.83200 1.83200 1.81280 1.66772 1.45149 1.42282 1.38491
0.909477 1.00278 1.28911 1.28923 1.28880 1.27502 1.21504 1.22601 1.26638 1.28506 1.36625 1.64267 1.65410 1.65227 1.65424 1.69010 1.74112 1.79579 1.85443 1.89569 1.89672 1.89672 1.89672 1.89672 1.89672 1.89672 1.88188 1.81662 1.77233 1.73725 1.66934 1.67061 1.63896 1.64742 1.51070 1.29222 1.28822 1.29136 1.29136 1.29136 1.29136 1.29136 1.29136 1.29221 1.29987 1.30873 1.36923 1.42644 1.47034 1.46032 1.49498 1.53892 1.58284 1.62679 1.65897 1.66054 1.85841 1.88333 1.80263 1.72446 1.64548 1.56652 1.51700 1.52850 1.40867 1.48171 1.71694
0.909477 0.902040 1.18339 1.24371 1.22686 1.23577 1.25311 1.27902 1.31433 1.31765 1.31981 1.53621 1.74477 1.82240 1.88051 1.89672 1.89672 1.89672 1.89672 1.89672 1.89650 1.88456 1.84640 1.83035 1.82212 1.81393 1.80932 1.76950 1.80689 1.82002 1.72410 1.72029 1.70787 1.70131 1.64373 1.37867 1.29136 1.29136 1.28856 1.29210 1.30097 1.30982 1.31868 1.32669 1.32788 1.34501 1.38249 1.43298 1.59618 1.65124 1.66053 1.66053 1.66053 1.66053 1.66681 1.68037 1.68710 1.65979 1.50797 1.52655 1.54656 1.56762 1.59053 1.60740 1.69342 1.83758 1.94360
0.855477 0.878761 1.03149 1.26960 1.28034 1.28150 1.27247 1.26363 1.27220 1.26946 1.25878 1.37831 1.67900 1.89545 1.89652 1.89271 1.87721 1.83634 1.79533 1.77733 1.76934 1.77307 1.80308 1.81089 1.81089 1.81113 1.82224 1.81726 1.82825 1.88206 1.83258 1.75022 1.73946 1.69553 1.69718 1.49980 1.30558 1.31091 1.32257 1.32788 1.33414 1.36761 1.40422 1.44084 1.47746 1.49693 1.49695 1.50519 1.58669 1.66053 1.66742 1.68101 1.69458 1.70815 1.71709 1.73358 1.75234 1.69115 1.63590 1.62940 1.64371 1.65640 1.65926 1.65926 1.66112 1.82220 1.88730
0.975976 0.975121 0.960493 1.20541 1.22985 1.21144 1.20205 1.20922 1.23149 1.26427 1.27337 1.31198 1.50845 1.73034 1.74471 1.72839 1.73565 1.76828 1.80110 1.81089 1.81089 1.81089 1.81545 1.83188 1.84891 1.86571 1.87162 1.86683 1.81840 1.86667 1.88076 1.79374 1.80939 1.80708 1.82058 1.69398 1.40495 1.39022 1.42684 1.46344 1.49381 1.49695 1.49695 1.49695 1.49695 1.49697 1.50322 1.51798 1.56154 1.70868 1.71573 1.73567 1.76642 1.79510 1.82045 1.83157 1.83699 1.77668 1.73093 1.65926 1.65926 1.65926 1.65926 1.65926 1.65931 1.73106 1.80027
0.905913 0.886128 0.880808 1.02744 1.22011 1.23225 1.24815 1.27036 1.29730 1.23755 1.18884 1.18565 1.33735 1.63203 1.79896 1.81089 1.81089 1.81089 1.81164 1.82448 1.84152 1.85855 1.86971 1.86281 1.85448 1.85330 1.87390 1.89691 1.89767 1.94819 1.98951 1.93859 1.87057 1.85737 1.82165 1.80449 1.52857 1.49695 1.49695 1.49695 1.49695 1.49701 1.50377 1.51508 1.52639 1.53717 1.53855 1.53923 1.56214 1.75063 1.82757 1.83720 1.83720 1.83720 1.83720 1.83720 1.83720 1.82275 1.75827 1.66434 1.65557 1.61416 1.56271 1.50449 1.44251 1.39748 1.58458
0.872500 0.950429 0.987637 1.02604 1.28128 1.31035 1.31540 1.32997 1.36177 1.32951 1.27924 1.29826 1.36887 1.56807 1.78323 1.81724 1.83411 1.84936 1.85781 1.85367 1.84569 1.85676 1.88021 1.90982 1.94028 1.96359 1.96510 1.96510 1.95332 1.93337 1.98464 1.99065 1.87580 1.87051 1.83164 1.82165 1.64344 1.50090 1.50431 1.51562 1.52572 1.53289 1.53323 1.53057 1.54037 1.55335 1.56948 1.58140 1.58824 1.69228 1.83720 1.83720 1.83720 1.83720 1.83720 1.83723 1.84420 1.85478 1.73895 1.49854 1.39143 1.37084 1.35462 1.33233 1.31331 1.29435 1.39787
0.944669 1.06589 1.06964 1.08029 1.23851 1.41615 1.45460 1.47856 1.48107 1.45566 1.32224 1.31887 1.34387 1.51533 1.73298 1.84438 1.84192 1.86358 1.89350 1.92396 1.95406 1.96510 1.96510 1.96510 1.96510 1.96510 1.96510 1.96510 1.96473 1.92742 1.97102 1.99425 1.92429 1.87084 1.86419 1.84205 1.79673 1.54544 1.52791 1.52379 1.53084 1.54740 1.56408 1.57921 1.58188 1.58188 1.58188 1.58188 1.58352 1.60840 1.82778 1.84007 1.84627 1.84801 1.84976 1.85147 1.84625 1.83644 1.78851 1.44640 1.29873 1.27972 1.26632 1.26581 1.26581 1.26493 1.27511
0.986374 1.09112 1.13025 1.13066 1.16042 1.47099 1.48384 1.48384 1.49107 1.47991 1.38105 1.33400 1.33631 1.44656 1.69341 1.92923 1.96280 1.96510 1.96510 1.96510 1.96510 1.96510 1.96510 1.96510 1.96510 1.96510 1.96510 1.96510 1.96510 1.94329 1.91568 1.89653 1.83376 1.90095 1.90093 1.85765 1.85615 1.64447 1.56044 1.57526 1.58188 1.58188 1.58188 1.58188 1.58188 1.58188 1.58410 1.61343 1.65292 1.62696 1.75354 1.84097 1.83648 1.83131 1.82237 1.81344 1.80451 1.79653 1.79525 1.56183 1.30143 1.26413 1.25679 1.24901 1.24121 1.21184 1.16683
1.00987 1.04167 1.13065 1.13066 1.13333 1.36410 1.51392 1.52910 1.54471 1.53336 1.46884 1.36712 1.37174 1.42077 1.61609 1.86779 1.96510 1.96510 1.96510 1.96510 1.96510 1.96510 1.96510 1.96510 1.96569 1.96924 1.94546 1.90089 1.85630 1.80719 1.75501 1.77466 1.74641 1.84031 1.87317 1.87798 1.92311 1.81956 1.59786 1.58188 1.58188 1.58689 1.61549 1.65536 1.69810 1.74396 1.79005 1.80083 1.79819 1.70589 1.63502 1.80791 1.79901 1.79525 1.79525 1.79525 1.79525 1.79738 1.80455 1.72012 1.34707 1.22546 1.16602 1.09838 1.03079 0.996457 1.01869
1.00987 1.00987 1.12384 1.17802 1.20404 1.27067 1.56607 1.57957 1.58198 1.57700 1.51225 1.37248 1.34164 1.34069 1.48984 1.74772 1.96492 1.96510 1.96549 1.96688 1.97079 1.97522 1.95498 1.91041 1.86523 1.81711 1.79632 1.79632 1.79632 1.79124 1.74895 1.73952 1.71700 1.73428 1.84994 1.85154 1.93283 1.97370 1.72992 1.70128 1.74751 1.78980 1.80077 1.80029 1.79204 1.78131 1.77059 1.75988 1.75180 1.74277 1.56380 1.76191 1.79525 1.79765 1.80490 1.81228 1.81966 1.82393 1.77964 1.71260 1.31753 1.04534 1.04798 1.06967 1.09141 1.10229 1.10229
1.03187 1.04677 1.11429 1.24438 1.24512 1.23813 1.46454 1.55480 1.54423 1.53664 1.50331 1.41144 1.33654 1.35247 1.43317 1.64658 1.91102 1.98105 1.96399 1.91816 1.86967 1.82063 1.79632 1.79632 1.79632 1.79483 1.78476 1.77333 1.76190 1.75555 1.74190 1.73764 1.78087 1.77475 1.92142 1.96534 1.99277 2.00674 1.95312 1.81978 1.78540 1.77469 1.76397 1.75380 1.75132 1.75132 1.75132 1.75132 1.75132 1.75455 1.63565 1.68718 1.82002 1.82500 1.80847 1.76305 1.71713 1.67225 1.67084 1.69060 1.53002 1.17663 1.10229 1.10229 1.10229 1.10229 1.10229
