results/OMI_NO2_2005_06-08.asc
ncols      200
nrows      200
xllcorner       120.258
yllcorner       41.1236
cellsize     0.0166667
NODATA_Value      -999.000
[rows 29 to 57 of 165, columns 67 to 133 of 200]
1.46698 1.48131 1.52010 1.48704 1.49242 1.49830 1.50113 1.51414 1.56871 1.62497 1.63396 1.62117 1.64946 1.64800 1.64167 1.63295 1.62611 1.62695 1.62367 1.63028 1.58952 1.58452 1.45355 1.34182 1.31985 1.36390 1.38924 1.45900 1.52299 1.54729 1.54697 1.55356 1.50276 1.46391 1.37579 1.38843 1.45888 1.44972 1.45182 1.48535 1.44282 1.44958 1.42269 1.43905 1.41869 1.46300 1.46087 1.51281 1.52833 1.65388 1.69839 1.66265 1.70200 1.73888 1.81879 1.84974 1.86169 1.87425 1.94505 2.07557 2.19902 2.27209 2.16159 2.07408 2.02342 2.04262 1.95004
1.48715 1.45583 1.53221 1.54904 1.55763 1.57553 1.66903 1.65815 1.65364 1.66109 1.65690 1.61064 1.64179 1.64977 1.65207 1.65440 1.66154 1.66990 1.66239 1.66008 1.64470 1.61946 1.54949 1.39536 1.35589 1.35675 1.35574 1.40164 1.51093 1.55730 1.55368 1.53831 1.49104 1.46514 1.37328 1.40376 1.46543 1.46563 1.46103 1.45765 1.43168 1.39275 1.35310 1.38018 1.40146 1.55117 1.58265 1.67962 1.73382 1.83422 1.94093 1.93221 1.94285 1.94642 2.01183 2.01586 2.05892 2.05439 2.15508 2.19961 2.24194 2.29630 2.17466 2.09566 2.01158 2.03821 1.98598
1.50261 1.50042 1.57790 1.62701 1.65226 1.62445 1.63548 1.61752 1.61519 1.64382 1.64906 1.63699 1.66101 1.66461 1.66039 1.65110 1.64844 1.65204 1.64452 1.63691 1.64113 1.59768 1.58056 1.43271 1.34989 1.32366 1.31400 1.39102 1.47199 1.52944 1.52613 1.50280 1.46109 1.46833 1.42527 1.44607 1.45463 1.44269 1.41942 1.42835 1.49440 1.51401 1.48571 1.52274 1.56551 1.68595 1.74455 1.84115 1.90903 1.91834 2.04203 2.05666 2.07564 2.09482 2.17161 2.12803 2.25997 2.24156 2.34004 2.36146 2.33068 2.36196 2.28618 2.20808 2.11500 2.16921 2.16621
1.56589 1.55917 1.62197 1.74271 1.76916 1.74775 1.67451 1.71798 1.71711 1.65407 1.64768 1.62769 1.61747 1.63123 1.62519 1.61532 1.61556 1.62631 1.63369 1.63064 1.64228 1.64440 1.64656 1.59356 1.45737 1.41888 1.36847 1.40504 1.48787 1.53664 1.50073 1.48108 1.41732 1.41415 1.43496 1.49767 1.52401 1.57184 1.55929 1.57413 1.62546 1.64469 1.59471 1.58568 1.63363 1.72343 1.87877 1.95341 2.01146 2.06867 2.05904 2.13134 2.13402 2.14596 2.21675 2.14826 2.24937 2.24252 2.33489 2.37759 2.34740 2.35446 2.36066 2.26472 2.16010 2.13320 2.17134
1.72329 1.68443 1.67891 1.75424 1.81270 1.79023 1.71425 1.73225 1.73342 1.67679 1.64567 1.63754 1.59470 1.61553 1.60830 1.60467 1.60398 1.62250 1.64893 1.65988 1.71317 1.73049 1.72107 1.72720 1.56479 1.46858 1.38999 1.41148 1.49537 1.54848 1.55646 1.59730 1.55033 1.59035 1.65412 1.68450 1.71632 1.75605 1.70980 1.72278 1.74121 1.81845 1.76600 1.75382 1.74834 1.81840 1.97127 2.02744 2.18570 2.20589 2.18963 2.28923 2.29916 2.28756 2.30329 2.26851 2.33331 2.32553 2.35368 2.35892 2.37912 2.31872 2.32640 2.22821 2.16976 2.12843 2.19581
1.73955 1.70559 1.69731 1.72456 1.81397 1.79232 1.76344 1.68304 1.70370 1.66633 1.60998 1.62957 1.56338 1.60511 1.62029 1.64313 1.66831 1.69058 1.69826 1.67292 1.67605 1.68000 1.75112 1.76070 1.61674 1.53452 1.51803 1.59138 1.68130 1.73626 1.75068 1.73159 1.64408 1.66869 1.71649 1.75041 1.78177 1.80210 1.74539 1.72794 1.69985 1.77198 1.72871 1.72167 1.66007 1.75123 1.82999 1.93392 2.04135 2.11559 2.12903 2.20625 2.23025 2.22758 2.24290 2.21300 2.26070 2.26141 2.30714 2.28859 2.32307 2.23491 2.23010 2.23338 2.17594 2.12901 2.19773
1.75588 1.74530 1.72624 1.73386 1.77601 1.73676 1.72449 1.64383 1.67737 1.67711 1.63203 1.66597 1.60881 1.63186 1.60211 1.55178 1.51695 1.51380 1.50977 1.50565 1.53315 1.53653 1.63997 1.66636 1.63778 1.51202 1.47641 1.55160 1.69478 1.73650 1.77274 1.76284 1.72556 1.73376 1.75758 1.79749 1.80857 1.81897 1.79005 1.76888 1.76156 1.81987 1.79063 1.78291 1.72694 1.82447 1.87818 2.04565 2.11012 2.21321 2.26116 2.28358 2.26904 2.29894 2.30462 2.27435 2.33503 2.33056 2.34718 2.28988 2.29740 2.21981 2.17240 2.14489 2.05100 1.98473 2.00918
1.73958 1.73120 1.69665 1.69654 1.71932 1.70004 1.72723 1.71444 1.70380 1.73384 1.67774 1.67196 1.57961 1.54593 1.55604 1.54390 1.55318 1.57357 1.58924 1.59876 1.60702 1.57329 1.61829 1.64353 1.65000 1.61716 1.54888 1.61523 1.75209 1.76397 1.77324 1.74500 1.69027 1.69038 1.70779 1.75398 1.78067 1.80428 1.79952 1.77096 1.76918 1.81847 1.83770 1.82061 1.79786 1.84559 1.88239 1.98026 2.01222 2.06788 2.13392 2.19586 2.19310 2.26123 2.25285 2.21489 2.29224 2.24496 2.26753 2.25817 2.27023 2.22027 2.12947 2.09806 1.97525 1.96649 2.00652
1.66669 1.66862 1.67628 1.67460 1.70945 1.76511 1.79098 1.83563 1.70161 1.63970 1.59051 1.60140 1.56271 1.52517 1.59934 1.57166 1.55788 1.56400 1.56799 1.55811 1.56374 1.53334 1.59447 1.61798 1.60452 1.64075 1.58771 1.61509 1.69414 1.68539 1.69364 1.69248 1.63991 1.65687 1.68119 1.73968 1.79148 1.80152 1.81201 1.81064 1.80610 1.82518 1.88653 1.86385 1.88132 1.86939 1.91439 1.96823 2.04027 2.06704 2.15147 2.19664 2.19884 2.26280 2.28106 2.28723 2.38351 2.38038 2.41360 2.39451 2.36671 2.33548 2.26213 2.23809 2.02151 1.99765 1.97102
1.73276 1.74269 1.74087 1.68962 1.68443 1.69591 1.68559 1.70860 1.66596 1.60995 1.57836 1.54122 1.51585 1.46071 1.49687 1.48215 1.48414 1.51042 1.52788 1.53378 1.54675 1.51329 1.55118 1.57995 1.58695 1.64862 1.66500 1.64091 1.69525 1.73177 1.75543 1.81654 1.82521 1.86216 1.90525 1.94942 2.00308 2.02793 2.06043 2.05760 2.05251 2.06301 2.07758 2.05847 2.02938 2.00077 2.06450 2.13313 2.23068 2.24167 2.26211 2.33551 2.34917 2.42962 2.46805 2.47218 2.56592 2.52669 2.54019 2.53548 2.53101 2.50503 2.43194 2.39030 2.22441 2.12512 2.09859
1.78487 1.76596 1.77260 1.68833 1.64618 1.59877 1.54901 1.57403 1.61979 1.63192 1.58781 1.56001 1.53786 1.51223 1.55299 1.54777 1.56574 1.59015 1.60710 1.61182 1.63156 1.58159 1.61483 1.62514 1.64934 1.70140 1.76854 1.69588 1.72277 1.79426 1.82384 1.94394 2.00127 2.02927 2.05231 2.08720 2.14589 2.13097 2.10531 2.10735 2.06750 2.07945 2.08206 2.14445 2.14708 2.17159 2.21604 2.34871 2.43246 2.40156 2.38651 2.46430 2.45021 2.50771 2.49406 2.50655 2.60566 2.59470 2.59736 2.58189 2.58417 2.53007 2.48251 2.39805 2.27637 2.05632 2.05473
1.68116 1.63192 1.58973 1.53612 1.52987 1.51340 1.46881 1.51983 1.57043 1.62014 1.54905 1.52250 1.50130 1.50816 1.56311 1.54922 1.56538 1.56873 1.61147 1.60855 1.62269 1.59286 1.60104 1.57978 1.60793 1.67994 1.76535 1.74254 1.73379 1.81330 1.88747 1.93643 1.99251 2.01389 2.03936 2.08562 2.16070 2.11387 2.09233 2.12359 2.07312 2.07081 2.04042 2.09463 2.13081 2.17902 2.22915 2.40314 2.47594 2.46134 2.45242 2.49015 2.51445 2.59316 2.56259 2.57319 2.65156 2.65069 2.64531 2.64252 2.67413 2.63268 2.65810 2.56858 2.53242 2.18526 2.16374
1.54892 1.54689 1.54094 1.51805 1.54990 1.54185 1.49386 1.53863 1.58058 1.64841 1.55011 1.53588 1.48958 1.49695 1.54627 1.50615 1.52131 1.50316 1.54009 1.53093 1.54113 1.51391 1.53751 1.54323 1.59375 1.62622 1.69958 1.80906 1.72470 1.79165 1.84012 1.86021 1.93383 2.01574 2.05650 2.09276 2.17235 2.15092 2.10928 2.19440 2.16850 2.18493 2.13718 2.19985 2.24261 2.27904 2.27229 2.42710 2.46734 2.47422 2.56373 2.55299 2.57266 2.61547 2.57604 2.58012 2.64700 2.65015 2.64919 2.63370 2.68069 2.66227 2.70643 2.65999 2.69295 2.35291 2.19216
1.54489 1.50933 1.48829 1.44983 1.45589 1.44233 1.40315 1.47886 1.51967 1.56697 1.49442 1.46976 1.40519 1.40100 1.46601 1.43497 1.43587 1.42880 1.47900 1.47970 1.50211 1.46910 1.50604 1.50423 1.54154 1.61183 1.65984 1.73383 1.69931 1.74697 1.80607 1.84140 1.90828 1.98810 2.06457 2.09164 2.17785 2.15394 2.11070 2.14777 2.14251 2.15019 2.08041 2.10185 2.16150 2.22504 2.23768 2.31601 2.39690 2.39713 2.53263 2.52231 2.47868 2.48982 2.50017 2.51822 2.58501 2.60565 2.61498 2.59970 2.70625 2.70948 2.80257 2.81456 2.82118 2.50562 2.21654
1.45098 1.43589 1.42621 1.39828 1.40046 1.41077 1.40008 1.48024 1.53345 1.57903 1.54723 1.50712 1.45765 1.43279 1.52021 1.52211 1.53464 1.55697 1.59937 1.59973 1.60089 1.56200 1.61248 1.60370 1.63185 1.68625 1.74623 1.71225 1.70195 1.67658 1.69448 1.74415 1.80709 1.86082 2.01872 2.07424 2.16497 2.15107 2.09957 2.10502 2.11224 2.14124 2.13407 2.13396 2.16664 2.20498 2.23586 2.25291 2.36506 2.36121 2.56015 2.60615 2.55173 2.55309 2.51475 2.49834 2.56767 2.54144 2.53843 2.49640 2.61304 2.61272 2.68913 2.73931 2.75436 2.56455 2.27896
1.43989 1.42406 1.42091 1.42567 1.43074 1.43861 1.43041 1.47448 1.47108 1.51104 1.50418 1.52694 1.53371 1.51577 1.56559 1.58812 1.57554 1.57921 1.63097 1.62906 1.63384 1.60162 1.62689 1.63111 1.65689 1.66934 1.73099 1.66367 1.72065 1.68808 1.70739 1.74893 1.83841 1.93820 2.04289 2.07783 2.16866 2.16325 2.13127 2.11452 2.18806 2.22518 2.21744 2.24216 2.28023 2.28976 2.33074 2.37130 2.52835 2.57666 2.74213 2.79367 2.69501 2.67284 2.62160 2.58445 2.59719 2.49185 2.49253 2.45880 2.56624 2.55848 2.64047 2.70809 2.73770 2.57225 2.40520
1.47934 1.47183 1.39787 1.39575 1.39226 1.39549 1.47150 1.51958 1.50828 1.55497 1.55583 1.58408 1.56282 1.53124 1.52417 1.55616 1.57245 1.57469 1.64100 1.63352 1.63379 1.60409 1.61650 1.64820 1.68768 1.70505 1.75618 1.70575 1.74364 1.74024 1.76028 1.80052 1.85827 1.97842 2.06941 2.21657 2.29183 2.30703 2.30819 2.30236 2.40995 2.43517 2.46051 2.48077 2.49109 2.45179 2.47567 2.50894 2.57046 2.64366 2.78639 2.84779 2.74351 2.76416 2.71725 2.67585 2.67411 2.58200 2.59225 2.58544 2.73420 2.76937 2.86906 2.89310 2.99207 2.77710 2.67618
1.53190 1.54522 1.47137 1.46286 1.48089 1.49470 1.56311 1.58168 1.54341 1.52014 1.48059 1.49484 1.48733 1.50750 1.51113 1.56997 1.61548 1.63447 1.71420 1.71663 1.72206 1.70678 1.71419 1.74823 1.77944 1.77274 1.80559 1.79318 1.76887 1.80948 1.81139 1.88832 1.96664 2.11738 2.19733 2.36721 2.47096 2.48208 2.49841 2.48337 2.55611 2.58603 2.60565 2.62672 2.54542 2.48240 2.49233 2.49989 2.51288 2.59375 2.73096 2.77801 2.72053 2.76085 2.74622 2.72711 2.71997 2.67154 2.69974 2.67986 2.79626 2.83520 2.91586 2.88534 2.98801 2.77676 2.78434
1.50575 1.50732 1.45168 1.40713 1.40130 1.42235 1.46870 1.48101 1.43819 1.38889 1.39783 1.41787 1.42923 1.54678 1.54835 1.59755 1.65845 1.67143 1.74041 1.75257 1.73974 1.72429 1.73054 1.72908 1.74670 1.72688 1.75098 1.73442 1.70745 1.82747 1.84714 1.96598 2.03679 2.12597 2.26178 2.35186 2.50627 2.46988 2.50614 2.49368 2.55771 2.58879 2.66335 2.66244 2.60652 2.54898 2.55577 2.62393 2.67248 2.81348 3.00021 3.04366 3.03808 3.06011 3.11317 3.07368 3.02653 2.90858 2.88276 2.88397 2.98016 2.99159 3.08152 3.00223 3.11708 2.95695 2.97512
1.50326 1.50614 1.50680 1.50363 1.52278 1.54145 1.55987 1.54353 1.48867 1.47807 1.44695 1.47750 1.49252 1.60152 1.60805 1.63203 1.74069 1.72243 1.77984 1.79693 1.76342 1.74385 1.71492 1.71034 1.73394 1.70582 1.71286 1.66661 1.69851 1.91642 2.00599 2.03828 2.14770 2.21030 2.37898 2.40040 2.55617 2.56655 2.59036 2.59123 2.63952 2.70801 2.78354 2.74475 2.70655 2.62457 2.61249 2.79183 2.87783 2.95618 3.13121 3.18536 3.17502 3.20130 3.25693 3.20160 3.15269 3.02682 2.97321 2.97178 3.05684 3.05583 3.10740 3.03514 3.15985 3.09011 3.09993
1.47479 1.47218 1.48661 1.46597 1.47124 1.49472 1.53086 1.48834 1.41988 1.44023 1.35969 1.40690 1.42243 1.48731 1.54522 1.55214 1.69560 1.66940 1.72280 1.71726 1.70635 1.73322 1.72273 1.70406 1.75209 1.74609 1.77952 1.75031 1.75218 1.93845 2.08675 2.08018 2.19651 2.26761 2.36751 2.39983 2.48443 2.54610 2.54767 2.54939 2.57081 2.63775 2.70153 2.65932 2.65111 2.55849 2.57925 2.72284 2.88034 2.91974 3.07234 3.15786 3.15613 3.19903 3.24162 3.21361 3.13032 3.00232 2.98772 3.03992 3.13874 3.16628 3.24984 3.18093 3.26026 3.21181 3.16184
1.52508 1.50370 1.54785 1.54988 1.56633 1.58135 1.62240 1.61316 1.52270 1.53313 1.47502 1.49657 1.50314 1.51704 1.61140 1.60482 1.73868 1.74123 1.76992 1.77303 1.75030 1.76013 1.75148 1.73897 1.77452 1.73693 1.74122 1.70121 1.70139 1.78325 2.00056 2.03003 2.10118 2.19883 2.24408 2.30971 2.36326 2.43758 2.44519 2.49855 2.51932 2.56087 2.61834 2.59567 2.60938 2.50416 2.53372 2.62034 2.81865 2.90148 3.03395 3.16246 3.20278 3.22038 3.25584 3.26458 3.12561 3.03287 3.05072 3.06388 3.14504 3.07857 3.15246 3.03476 3.08495 3.05492 2.98638
1.63062 1.58415 1.60275 1.60359 1.62268 1.63471 1.65605 1.67884 1.57832 1.58515 1.56573 1.54498 1.55785 1.56023 1.62574 1.60715 1.68211 1.71282 1.75958 1.78681 1.76647 1.75881 1.76150 1.75916 1.79926 1.75404 1.75701 1.71175 1.71340 1.74522 1.94748 2.01266 2.04066 2.17905 2.20512 2.30683 2.36889 2.43077 2.49246 2.53704 2.57409 2.59018 2.66148 2.63176 2.66666 2.61897 2.66315 2.74858 2.84354 2.95917 2.99296 3.21533 3.28778 3.34272 3.35680 3.28142 3.17054 2.98251 3.00354 2.97814 3.04502 2.96563 3.05870 2.90530 2.88536 2.80499 2.68668
1.68644 1.60272 1.59527 1.62000 1.66220 1.70860 1.71531 1.72577 1.69005 1.67220 1.63313 1.55706 1.53486 1.52717 1.57895 1.62733 1.65802 1.71748 1.75696 1.79088 1.76467 1.75115 1.74773 1.74779 1.79475 1.74853 1.75383 1.70954 1.71981 1.74025 1.86063 1.98314 2.01152 2.11745 2.17161 2.23187 2.29898 2.32707 2.44383 2.47629 2.51929 2.51631 2.58752 2.56792 2.59675 2.51882 2.51499 2.56738 2.59620 2.79248 2.82483 3.00485 3.17060 3.22653 3.27008 3.18712 3.15279 2.93377 2.93951 2.89997 2.89839 2.75581 2.75205 2.58840 2.55471 2.49241 2.42368
1.76868 1.69630 1.70174 1.71423 1.71053 1.75252 1.71633 1.70116 1.64294 1.60501 1.59963 1.54864 1.52290 1.54639 1.55750 1.63918 1.63581 1.70328 1.73819 1.76591 1.73045 1.72903 1.72207 1.69821 1.73988 1.68730 1.66404 1.60880 1.59572 1.62262 1.66693 1.85406 1.90364 1.96093 2.05659 2.09622 2.19127 2.26369 2.37625 2.47188 2.47778 2.46889 2.45253 2.36829 2.42437 2.34906 2.33775 2.40652 2.40597 2.57664 2.67723 2.74664 2.94806 2.96094 3.01478 2.86839 2.80460 2.63809 2.56407 2.57217 2.53990 2.37967 2.35412 2.26892 2.27655 2.26280 2.22143
1.83139 1.71421 1.68039 1.64254 1.59178 1.62800 1.60849 1.58676 1.56681 1.52823 1.53357 1.49564 1.48171 1.51285 1.48949 1.52259 1.51097 1.54108 1.60240 1.63308 1.60537 1.61130 1.60866 1.59478 1.63676 1.58757 1.58378 1.57646 1.57491 1.57890 1.58265 1.73397 1.84310 1.92263 2.03678 2.08355 2.13496 2.18128 2.22569 2.37005 2.38016 2.38795 2.38720 2.29923 2.32114 2.25753 2.24462 2.35118 2.35829 2.37539 2.49408 2.45327 2.60923 2.58191 2.55152 2.46199 2.43681 2.40694 2.24297 2.20540 2.21821 2.21323 2.27553 2.29932 2.34423 2.30988 2.20876
1.77347 1.71200 1.66673 1.65469 1.62258 1.63501 1.67085 1.64266 1.62564 1.61150 1.59124 1.55992 1.52153 1.54193 1.50122 1.51588 1.53031 1.55207 1.59963 1.61680 1.60894 1.60873 1.60151 1.59701 1.62747 1.60096 1.59391 1.58822 1.59414 1.59819 1.57982 1.63204 1.78581 1.84844 1.89153 1.91703 1.93293 1.96498 2.02027 2.14233 2.19178 2.19747 2.19342 2.15572 2.23485 2.21989 2.21438 2.25203 2.22226 2.12968 2.10571 2.12652 2.30264 2.35140 2.33421 2.30607 2.27152 2.29681 2.19464 2.19677 2.20717 2.25399 2.28229 2.31498 2.33612 2.33691 2.30740
1.76814 1.74153 1.69808 1.69778 1.65889 1.62298 1.67340 1.66014 1.64122 1.64927 1.61609 1.60358 1.59484 1.60816 1.59977 1.60696 1.62151 1.59347 1.63266 1.60696 1.60621 1.58754 1.59314 1.58017 1.59175 1.58625 1.58882 1.58587 1.57937 1.56703 1.52176 1.50089 1.65101 1.77248 1.79933 1.84274 1.84486 1.88180 1.96929 2.05085 2.17103 2.20814 2.19530 2.11291 2.16145 2.16386 2.14085 2.16046 2.17810 2.16578 2.07946 2.07449 2.12308 2.21005 2.22664 2.27866 2.31850 2.33952 2.30646 2.24178 2.22549 2.22821 2.24547 2.28951 2.29367 2.28134 2.28395
1.78490 1.78106 1.73000 1.73180 1.71454 1.67034 1.67786 1.72139 1.67389 1.67973 1.65816 1.64502 1.64747 1.61510 1.59411 1.56326 1.55926 1.51936 1.56250 1.53009 1.52290 1.51716 1.52982 1.52382 1.52572 1.50697 1.50418 1.49601 1.49406 1.48595 1.45260 1.42815 1.51100 1.75201 1.85809 1.93053 1.95871 1.98371 2.02736 2.08769 2.12664 2.17719 2.15578 2.09355 2.15532 2.17556 2.16160 2.13851 2.11204 2.08665 2.00800 2.03807 2.09491 2.23351 2.23240 2.22269 2.27237 2.27388 2.27424 2.16175 2.12849 2.12086 2.16645 2.22584 2.24657 2.24451 2.25493
