results/OMI_NO2_201003.asc
ncols      200
nrows      200
xllcorner       120.258
yllcorner       41.1236
cellsize     0.0166667
NODATA_Value      -999.000
[rows 0 to 28 of 200, columns 67 to 133 of 200]
0.00000 0.00000 0.00000 0.812503 0.783343 0.716827 0.688383 0.655924 0.628037 0.609951 0.608648 0.608648 0.609686 0.929992 1.35551 1.65390 1.83393 1.88348 1.97165 1.97165 1.97165 1.97165 1.97165 1.97165 1.97165 1.97165 1.97165 1.97165 1.97165 1.97165 1.97165 1.96641 1.95339 2.43621 4.82795 4.90647 0.00000 0.00000 0.00000 0.00000 0.00000 2.42677 2.42677 2.42677 2.42677 2.42677 2.42677 2.33869 2.15836 2.02835 1.93094 1.85734 1.83901 1.61191 1.68763 2.02805 2.32721 2.59219 2.79456 2.81772 2.81588 2.74840 2.74163 2.91820 3.23842 3.23842 3.23842
0.640011 0.645350 0.644219 0.629836 0.610573 0.608648 0.608648 0.608648 0.632945 0.842376 1.27602 1.59064 1.82134 1.85541 1.84114 1.84114 1.84114 1.84460 1.95855 1.97165 1.97165 1.97165 1.97165 1.97165 1.97165 1.97165 1.97165 1.97033 1.95930 1.94625 1.93315 1.92537 1.92530 2.02873 3.73796 4.90647 4.90647 2.42677 2.42677 2.42677 2.42677 2.42677 2.39866 2.22139 2.07415 1.96572 1.88250 1.83959 1.83901 1.98854 2.44848 2.84194 3.17170 3.35411 2.82584 2.81772 2.81772 2.81772 2.81772 2.81772 2.81772 2.77863 2.74163 2.76233 3.20591 3.23842 3.24690
0.550328 0.608648 0.608648 0.608691 0.657708 0.754432 1.11879 1.46300 1.71914 1.88504 1.89335 1.89335 1.89335 1.87658 1.84114 1.84114 1.84114 1.84114 1.90030 1.97165 1.97165 1.97165 1.97165 1.97165 1.96522 1.95216 1.93910 1.92732 1.92530 1.92530 1.92530 1.92530 1.92587 1.99617 2.74182 4.72333 4.08901 2.42677 2.21394 1.86984 1.62513 1.49516 1.84254 1.83901 1.87175 2.26880 2.69248 3.04580 3.34482 3.53408 3.54204 3.54204 3.54204 3.54204 2.99728 2.81772 2.81772 2.81772 2.81772 2.81772 2.81772 2.80945 2.74382 2.77273 3.08535 3.39676 3.44683
0.594602 0.756344 0.841943 1.33094 1.60948 1.83671 1.89335 1.89335 1.89335 1.89335 1.89335 1.89335 1.89335 1.89243 1.84641 1.84114 1.84114 1.84114 1.85223 1.96858 1.96973 1.95804 1.94498 1.93192 1.92530 1.92530 1.92530 1.92703 2.00565 2.13911 2.28701 2.43392 2.60553 2.63481 2.41036 2.75646 2.84090 1.55024 1.30015 1.30010 1.56135 2.06693 2.78247 3.23091 3.48830 3.54204 3.54204 3.54204 3.54204 3.54204 3.54204 3.54204 3.54204 3.54204 3.27801 2.81772 2.81772 2.81772 2.81772 2.83465 2.87812 2.92198 2.91382 2.90260 2.97572 3.45152 3.45306
0.927210 0.902118 0.889510 1.71130 1.89335 1.89335 1.89335 1.89335 1.89335 1.89335 1.89335 1.89335 1.89335 1.89335 1.86671 1.84114 1.84110 1.83534 1.82555 1.88809 1.92666 1.92530 1.92876 2.01498 2.14987 2.30662 2.48972 2.67759 2.71962 2.57101 2.31191 2.12107 1.96295 1.84025 1.82003 1.88659 2.38655 1.98865 1.30010 1.30010 2.88611 3.18277 3.28029 3.54204 3.54204 3.54204 3.54204 3.54204 3.54204 3.54204 3.54204 3.54204 3.54204 3.54204 3.52887 2.88399 2.86361 2.90750 2.95141 2.97837 2.97870 2.97870 2.95920 2.89615 2.91351 3.15537 3.01377
0.973853 0.921862 0.889856 1.22688 1.89335 1.89335 1.89335 1.89335 1.89335 1.89335 1.89335 1.89335 1.89335 1.89133 1.87610 1.82082 1.81041 1.81062 1.87457 1.99986 2.31915 2.50575 2.72017 2.77782 2.71948 2.47519 2.22845 2.04428 1.89804 1.82069 1.82003 1.82003 1.82003 1.82003 1.82003 1.82003 2.14922 2.37495 1.44506 1.30010 2.15089 3.18277 3.18417 3.48551 3.54204 3.54204 3.54204 3.54204 3.54204 3.54204 3.54204 3.54344 3.58392 3.64243 3.70098 3.29700 2.97870 2.97652 2.96899 2.96722 3.03669 3.13567 3.24763 3.30280 3.39197 3.11103 2.70410
1.21459 0.927210 0.901943 0.890179 1.71722 1.89335 1.89335 1.89335 1.89335 1.89317 1.88657 1.87678 1.86749 1.86747 1.87696 1.99851 2.18924 2.31152 2.34318 2.34183 2.56421 2.38670 2.15729 1.97419 1.84567 1.82003 1.82003 1.82003 1.82003 1.82003 1.82003 1.82003 1.82003 1.82003 1.82003 1.82003 1.89547 2.38971 1.95859 1.30010 1.36597 3.05950 3.18277 3.33409 3.54204 3.54204 3.54204 3.54204 3.56497 3.62311 3.68166 3.73870 3.65618 3.48662 3.33586 3.20466 3.08964 3.19769 3.32741 3.46558 3.49835 3.50134 3.56778 3.70752 4.05536 4.26687 3.57291
1.41383 0.927210 0.921784 0.889809 1.23596 1.89335 1.89065 1.88146 1.87881 1.87930 1.88623 1.89635 1.90595 1.90832 1.90832 2.01249 2.43398 2.56896 2.70379 2.84016 2.53432 1.82003 1.82003 1.82003 1.82003 1.82003 1.82003 1.82003 1.82003 1.82003 1.82003 1.82003 1.82003 1.82003 1.84088 1.94703 2.06227 2.31246 2.36653 1.42396 1.30010 2.43331 3.18277 3.20109 3.53108 3.60379 3.65464 3.57796 3.44732 3.30109 3.18881 3.16588 3.22264 3.35095 3.49706 3.58262 3.52134 3.53201 3.62278 3.71447 3.80617 3.89483 3.92014 3.85743 4.04355 3.78280 3.19265
1.50562 1.05726 0.927438 0.905581 0.889433 1.72196 1.89582 1.90535 1.90832 1.90832 1.90832 1.91986 2.02011 2.12453 2.22565 2.33019 2.85377 2.94501 2.94501 2.94501 2.91707 1.92595 1.82003 1.82003 1.82003 1.82003 1.82003 1.82003 1.82003 1.82003 1.82142 1.89557 2.01086 2.12614 2.22053 2.22971 2.22971 2.25434 2.39302 1.92872 1.30232 1.61276 3.09916 3.04295 3.13289 3.14110 3.09822 3.17710 3.29937 3.43814 3.56833 3.58262 3.59220 3.67035 3.76205 3.85379 3.91722 3.91921 3.92014 3.89269 3.63864 3.37351 3.14643 3.00078 3.24520 3.43467 3.36622
1.54069 1.35465 1.01935 1.00917 0.911366 1.26131 1.90832 1.94211 2.05990 2.17135 2.27253 2.36206 2.36289 2.35969 2.35969 2.35969 2.60107 2.94501 2.94501 2.94501 2.94501 2.38428 1.82003 1.82003 1.82003 1.82003 1.82003 1.84899 1.95936 2.07469 2.18853 2.22971 2.22971 2.22971 2.22971 2.22971 2.21975 2.12154 2.05396 1.92964 1.39113 1.34950 2.49503 3.08851 3.30861 3.52976 3.58262 3.58275 3.63370 3.72540 3.81705 3.90879 3.99092 4.00441 4.00441 4.00340 3.81422 3.46239 3.21765 3.02805 2.99431 2.99431 2.99431 2.99431 3.06258 3.43291 3.43562
1.54976 1.51187 1.04014 1.16184 1.24114 1.32575 2.18451 2.38664 2.36997 2.35969 2.35969 2.35969 2.35969 2.35969 2.35969 2.35969 2.40352 2.93036 2.94501 2.94501 2.94501 2.84113 1.84911 1.82396 1.90795 2.02323 2.13851 2.22483 2.22971 2.22971 2.22971 2.21758 2.18603 2.15671 2.12138 2.08724 2.06273 1.98218 1.98586 2.18122 2.10041 1.89060 2.40608 3.60240 3.68870 3.78040 3.87210 3.96367 4.00441 4.00441 4.00441 4.00441 3.91119 3.61936 3.36266 3.14288 3.05752 3.02263 2.99431 2.99431 2.99431 2.99431 2.99471 2.99673 2.99894 3.32397 3.44275
1.84653 2.00884 2.04818 2.07606 2.00231 1.61708 1.88060 2.35969 2.35969 2.35969 2.35969 2.35969 2.35969 2.35969 2.35969 2.35969 2.35969 2.71541 2.94501 2.94501 2.98344 3.09672 2.49837 2.19837 2.22971 2.22971 2.21519 2.18364 2.15551 2.13042 2.10269 2.07789 2.08530 2.17903 2.30400 2.44874 2.61276 2.62432 2.36334 2.86831 3.49065 3.47100 3.84814 4.02732 4.00441 4.00441 4.00441 4.00441 3.97498 3.71360 3.44360 3.21168 3.06385 3.05752 3.05674 3.02401 3.05752 3.04744 2.99452 2.99602 2.99822 3.00042 3.00222 3.00239 3.00239 3.14084 3.43942
2.24334 2.24334 2.20413 2.07606 2.07606 1.75705 1.61103 2.24190 2.35969 2.35969 2.35969 2.35969 2.35969 2.35969 2.35969 2.35969 2.36559 2.56696 3.16063 3.27583 3.35277 3.30221 2.99828 2.15358 2.12851 2.10616 2.09276 2.08281 2.13174 2.23960 2.36738 2.52128 2.66465 2.67976 2.74753 3.11670 3.47567 3.79122 3.87843 4.07685 4.60638 4.38172 4.14676 4.09408 4.00315 3.81389 3.52823 3.28444 3.09107 3.05166 2.98830 2.91617 2.85005 2.78925 2.73370 2.72685 3.03741 3.06290 3.01665 3.00239 3.00190 2.99583 2.98800 2.92182 2.81956 2.73179 2.97108
2.24334 2.24334 2.24107 2.09679 2.07606 1.99798 1.61607 1.88894 2.35969 2.35969 2.35969 2.35969 2.35969 2.39653 2.48278 2.56921 2.70356 2.84108 3.13309 3.03781 2.96974 2.93783 2.93782 2.29664 2.19007 2.30466 2.43642 2.59813 2.67976 2.67976 2.89374 3.28173 3.62023 3.91863 4.14489 4.16996 4.16996 4.16996 4.07935 3.93076 4.42462 4.46816 3.76910 3.47539 3.13309 2.97043 2.89978 2.83506 2.77542 2.72421 2.71408 2.71442 2.71605 2.71781 2.71957 2.71840 2.89529 3.04018 2.98509 2.85292 2.75732 2.67534 2.60205 2.57206 2.57206 2.61189 2.85011
2.24334 2.24334 2.24334 2.16766 2.07606 2.07606 1.75284 1.61213 2.24750 2.36950 2.44419 2.57326 2.77415 2.95638 3.10158 3.26535 3.35469 3.35469 3.13264 2.92215 2.87257 2.82151 2.77047 2.71828 2.67976 2.72277 3.07215 3.43704 3.75679 4.03975 4.16996 4.16996 4.16996 4.16996 4.16996 4.16996 4.16996 4.16884 4.14322 3.86253 3.66977 3.29537 3.05437 2.85025 2.75858 2.71408 2.71408 2.71416 2.71548 2.71724 2.71494 2.70705 2.69783 2.68575 2.62502 2.55349 2.53749 2.66615 2.60915 2.57408 2.58540 2.66197 2.74631 2.83080 2.91543 2.95993 2.98151
2.24326 2.24334 2.24334 2.22284 2.07616 2.07606 2.04243 1.90309 2.42183 3.07499 3.25118 3.35424 3.35469 3.35469 3.35415 3.32046 3.25750 3.18949 3.08271 2.73427 2.72605 2.79029 3.15272 3.42749 3.85746 4.13004 4.16996 4.16996 4.16996 4.16996 4.16996 4.16996 4.16996 4.16996 4.16189 4.14142 4.12081 3.78384 3.60074 3.43423 3.35277 3.12721 3.05290 2.81129 2.79033 2.71151 2.70267 2.69502 2.68613 2.64935 2.57802 2.51647 2.45965 2.40889 2.39564 2.39648 2.44172 2.69637 2.83092 2.89511 2.95194 2.95997 2.96002 2.96382 2.97004 2.97625 2.98183
2.06706 2.27617 2.39656 2.54012 2.77546 3.20088 3.54133 2.92548 2.73005 3.27394 3.34902 3.30384 3.24694 3.17939 3.11186 3.07750 3.07258 3.08460 3.10086 2.89653 2.83066 2.89415 3.84276 3.90894 4.01964 4.16996 4.16996 4.16996 4.16996 4.16996 4.16797 4.15054 4.12997 4.10936 4.09681 4.09667 4.09667 3.84286 3.54541 3.50402 3.35637 3.32241 3.20394 2.99160 2.75136 2.60287 2.47692 2.39845 2.42715 2.39601 2.39564 2.41520 2.48334 2.55375 2.62416 2.69372 2.71890 2.82378 2.99462 2.98971 2.96796 2.97418 2.98035 2.98277 2.98277 2.98277 2.98277
2.09284 2.88126 2.80210 2.71633 2.87192 3.54838 3.49985 3.17691 2.55073 2.76533 3.10690 3.08400 3.07500 3.08983 3.10540 3.11901 3.13085 3.13467 3.13467 3.04927 2.84518 2.84518 3.43323 3.90894 3.92620 4.15969 4.16996 4.15976 4.13915 4.11854 4.09992 4.09667 4.09667 4.09667 4.08660 4.01822 3.94098 3.88609 3.43755 3.43834 3.49846 3.37943 3.03933 2.84145 2.35463 2.30839 2.25910 2.31408 2.49021 2.59539 2.66579 2.71664 2.71890 2.71890 2.71890 2.71944 2.72385 2.74472 3.00189 3.01727 2.98962 2.98277 2.98277 2.98277 2.98277 2.97937 2.93218
1.44965 2.44227 2.53533 2.45618 2.40270 2.93584 2.86865 2.86489 2.53168 2.51134 3.04198 3.12285 3.13317 3.13467 3.13467 3.13467 3.13467 3.13467 3.13467 3.13362 2.88240 2.84518 2.98540 3.89561 3.89165 4.01815 4.10709 4.09667 4.09667 4.08304 4.01178 3.93396 3.85634 3.79969 3.82203 3.89742 3.83503 3.68340 3.25977 3.01483 2.97203 3.00898 2.91985 2.76268 2.48490 2.29002 2.51034 2.57838 2.62492 2.71890 2.71890 2.71894 2.72212 2.72731 2.73249 2.73713 2.73790 2.73790 2.90765 3.01741 3.00313 2.98277 2.95181 2.89133 2.83089 2.77381 2.76049
1.16150 1.61408 2.24119 2.24167 2.31041 2.71131 3.03644 3.07257 3.01478 2.70053 2.87753 3.13467 3.13467 3.13467 3.13467 3.13467 3.13467 3.13467 3.13467 3.13455 2.97890 2.81873 2.80224 3.52265 3.83613 3.81344 3.92741 3.84990 3.77211 3.71053 3.77071 3.80343 3.70701 3.59753 3.44013 3.29984 3.26738 3.26693 3.17808 2.92696 2.91905 2.96471 2.95661 2.75859 2.67077 2.28570 2.39875 2.57838 2.58244 2.71049 2.73076 2.73590 2.73790 2.75751 2.79583 2.83414 2.87244 2.91075 2.94210 2.94557 2.88301 2.79132 2.76049 2.76056 2.82921 2.95784 3.07497
1.24351 1.50436 2.47073 2.57748 2.60137 2.70043 3.09332 3.09332 3.09332 2.80837 2.70220 3.08134 3.13467 3.13467 3.13467 3.13467 3.13020 3.11078 3.09017 3.03994 2.90319 2.64966 2.58392 2.79750 3.53758 3.53429 3.67608 3.67648 3.58477 3.49979 3.36960 3.27054 3.26738 3.26404 3.25146 3.23835 3.22524 3.21258 3.20887 2.94606 2.89757 2.93516 2.96034 2.86673 2.72878 2.45041 2.30069 2.57561 2.62563 2.73277 2.84287 2.88119 2.91949 2.93819 2.93488 2.89466 2.84430 2.79390 2.75724 2.81335 2.85115 3.02839 3.23506 3.32265 3.34168 3.30073 3.27135
1.79873 1.79217 2.26136 2.60137 2.60137 2.60450 3.01367 3.09332 3.09332 3.01158 2.69989 2.88547 3.13420 3.11995 3.07538 2.94856 2.82975 2.73421 2.64777 2.58726 2.58389 2.51132 2.47545 2.54005 3.49514 3.75943 3.63923 3.26738 3.26720 3.25863 3.24552 3.23242 3.21931 3.20954 3.20902 3.20902 3.20902 3.20902 3.20902 3.06332 2.89760 2.92042 2.99388 3.03923 2.85167 2.79124 2.45292 2.65313 2.79767 2.81053 2.93476 2.91100 2.86066 2.81488 2.79088 2.80572 2.83071 2.83975 2.82896 2.82177 2.81044 2.89510 3.27010 3.27361 3.34948 3.45406 3.55854
1.90227 1.79217 1.91324 2.59612 2.60137 2.60137 2.80576 3.09332 3.09332 3.05662 2.62419 2.40352 2.69240 2.65411 2.58926 2.58389 2.58389 2.58389 2.58494 2.61864 2.69724 2.74920 2.73694 2.75364 3.19196 3.80271 3.78091 3.28901 3.21356 3.20902 3.20902 3.20902 3.20902 3.20902 3.20902 3.20902 3.20902 3.19557 3.13512 3.05514 3.06885 3.12643 3.21096 3.22871 3.10484 2.94753 2.64884 2.52625 2.74336 2.71987 2.78533 2.83680 2.85614 2.84550 2.81324 2.77911 2.74497 2.72682 2.72681 2.76280 2.90496 3.01218 3.54580 3.72258 3.75116 3.75116 3.82524
2.03809 1.79217 1.79217 2.36360 2.58684 2.48204 2.40664 2.53077 2.39745 2.29801 2.25310 2.11876 2.31981 2.58394 2.58576 2.59660 2.66448 2.74343 2.82139 2.86665 2.95583 3.16596 3.28292 3.47545 3.65109 3.75270 3.75903 3.49907 3.20902 3.20902 3.20902 3.20902 3.18705 3.10477 3.03794 2.98308 2.93211 2.89350 2.89043 2.89043 3.06406 3.16594 3.19158 3.24450 3.27392 3.07364 2.97784 2.43128 2.66093 2.75688 2.77716 2.75837 2.72989 2.72681 2.73627 2.81091 2.89802 2.98518 3.07217 3.12689 3.20371 3.24481 3.50557 3.95860 4.18134 4.43333 4.60422
2.00526 1.70120 1.60848 1.71947 2.10162 2.07486 2.05810 2.21156 2.28685 2.28742 2.29137 2.17272 2.13818 2.63960 2.78778 2.86130 3.02035 3.23159 3.44283 3.65388 3.77638 3.77711 3.72785 3.66375 3.66375 3.71512 3.75903 3.68327 3.11588 3.01824 2.94898 2.89832 2.86752 2.88348 2.89043 2.89043 2.89043 2.89068 2.90056 2.91533 3.00245 3.24921 3.29159 3.42628 3.44450 3.31814 3.18004 2.68940 2.56622 2.78109 2.83047 2.87429 2.95050 3.03765 3.11534 3.12769 3.12769 3.12769 3.13063 3.22164 3.41110 3.75140 4.00651 4.59443 4.60625 4.60625 4.60625
1.60191 1.51108 1.42070 1.42074 1.92246 2.02693 2.03026 2.11644 2.30183 2.30579 2.30636 2.31644 2.40678 2.95260 3.50817 3.71386 3.77711 3.77711 3.77711 3.77711 3.77711 3.77711 3.72861 3.52737 3.42835 3.35056 3.33852 3.29732 3.03272 2.87522 2.88961 2.89043 2.89099 2.90187 2.91663 2.93139 2.94799 2.98015 3.00637 3.03200 3.05435 3.29300 3.34633 3.42639 3.47297 3.45356 3.19023 2.99824 2.42840 3.03236 3.18177 3.16122 3.12769 3.12769 3.12769 3.17799 3.31510 3.46720 3.63161 3.68707 3.69023 3.93663 3.97331 4.40651 4.60625 4.61166 4.62908
1.56275 1.59423 1.50652 1.59228 1.84225 2.04039 2.04045 2.14525 2.75596 3.13168 3.48358 3.78528 3.41762 3.28412 3.72789 3.77711 3.77711 3.77711 3.77711 3.77711 3.77711 3.41035 3.29660 3.24273 3.22654 3.24571 3.31822 3.34976 3.27628 2.91838 2.93270 2.94746 2.96165 2.97568 2.99796 3.02653 3.05440 3.06634 3.07470 3.07868 3.07868 3.19174 3.32750 3.33593 3.41084 3.39583 3.24838 3.11289 2.58646 2.74552 3.18177 3.19957 3.27196 3.41481 3.57758 3.68579 3.68249 3.66072 3.63731 3.61390 3.59049 3.75904 3.99032 4.19465 4.65897 4.67139 4.67183
1.88167 1.93791 1.82001 1.97622 2.33553 2.73764 3.00494 3.17501 3.53418 3.82321 3.82321 3.82321 3.69383 3.27149 3.50690 3.77711 3.77711 3.77711 3.77711 3.77873 3.79725 3.57523 3.34919 3.32803 3.29820 3.31295 3.34756 3.42089 3.42387 3.08025 2.99145 3.02106 3.05072 3.07022 3.07759 3.07868 3.07680 3.06167 3.04395 3.02622 3.00851 3.02068 3.26734 3.27537 3.37337 3.39407 3.37148 3.12787 3.01588 2.62944 3.54434 3.72421 3.68493 3.63146 3.60804 3.58464 3.56579 3.56426 3.57310 3.58739 3.60166 3.66122 4.03738 4.05104 4.69288 4.87421 4.99097
2.07893 2.15611 2.29407 3.20213 3.26297 3.21220 3.17808 3.17808 3.30326 3.82321 3.82321 3.82321 3.82321 3.40904 3.28751 3.73243 3.78714 3.80882 3.81366 3.81144 3.79235 3.72269 3.28142 3.26743 3.33099 3.34158 3.30149 3.31718 3.28260 3.18021 3.07867 3.07868 3.07129 3.05361 3.03590 3.01818 3.00235 2.99977 2.99977 2.99977 2.99977 2.99977 3.17927 3.27529 3.30424 3.30146 3.21792 3.36508 3.60757 2.92021 3.26618 3.62923 3.62096 3.56486 3.56874 3.58272 3.59709 3.61282 3.62039 3.62252 3.63299 3.66780 4.01135 4.18983 4.66455 5.22537 5.22537
