results/OMI_NO2_200609.asc
ncols      200
nrows      200
xllcorner       120.258
yllcorner       41.1236
cellsize     0.0166667
NODATA_Value      -999.000
[rows 58 to 86 of 200, columns 66 to 131 of 200]
1.31530 1.33264 1.33773 1.33773 1.33773 1.33773 1.34149 1.34136 1.14238 1.12011 1.05870 0.932796 0.946994 1.03608 1.08666 1.09343 1.09535 1.09539 1.09539 1.09530 1.09498 1.09464 1.09431 1.09369 1.09267 1.08929 1.08480 1.18186 1.28187 1.33159 1.33293 1.33293 1.34738 1.35296 1.36230 1.35109 1.44055 1.44193 1.44206 1.43522 1.41523 1.39742 1.38065 1.37724 1.55694 1.63964 1.71707 1.95570 1.96058 1.95926 1.95793 1.95291 1.94009 1.91862 1.86057 1.96089 2.03834 2.07703 2.09596 2.10951 2.11961 2.10763 2.04976 2.00513 2.06302 1.95203
1.29079 1.32364 1.33773 1.33773 1.33773 1.34122 1.35337 1.38235 1.26999 1.19981 1.19653 1.06341 1.03515 1.06151 1.09399 1.09365 1.09332 1.09272 1.09110 1.09030 1.09374 1.09960 1.10821 1.11720 1.12669 1.13230 1.11430 1.14469 1.28517 1.35779 1.38337 1.38899 1.40046 1.42423 1.43278 1.43869 1.45269 1.44834 1.43143 1.42147 1.42428 1.42223 1.42610 1.43932 1.52671 1.60915 1.57270 1.80681 1.84512 1.83187 1.81853 1.80524 1.79979 1.82513 1.83535 1.85850 1.94854 1.97580 2.04156 2.05769 2.07877 2.05437 2.00984 1.89074 1.87438 1.79740
1.24900 1.32048 1.34032 1.33798 1.34791 1.36594 1.37511 1.38349 1.31922 1.19178 1.18182 1.10052 1.08325 1.09372 1.15149 1.16071 1.17035 1.18038 1.19150 1.19910 1.19784 1.19375 1.18664 1.17971 1.17298 1.16641 1.14474 1.14909 1.32191 1.38470 1.43545 1.43444 1.45237 1.43887 1.39669 1.39070 1.38705 1.42184 1.43611 1.45117 1.46698 1.48559 1.49728 1.49851 1.51331 1.58065 1.46536 1.64416 1.79574 1.82496 1.85610 1.88726 1.91273 1.91515 1.90548 1.84911 1.87972 1.88695 1.92055 1.87234 1.87305 1.83918 1.80055 1.65663 1.58281 1.54804
1.18876 1.20074 1.22310 1.26430 1.27451 1.27327 1.26000 1.24545 1.23205 1.08721 1.06648 1.09627 1.14566 1.13170 1.18501 1.18526 1.17544 1.16581 1.15654 1.15030 1.14909 1.14797 1.14686 1.14575 1.14207 1.13464 1.11943 1.13387 1.26065 1.38318 1.50205 1.56214 1.58531 1.51014 1.33747 1.36912 1.41347 1.46198 1.46079 1.45911 1.45744 1.45569 1.45400 1.45232 1.46268 1.59439 1.52414 1.61304 1.88636 1.89027 1.87363 1.85252 1.81288 1.77063 1.73477 1.68709 1.66615 1.71926 1.63493 1.62116 1.69594 1.70857 1.70666 1.62320 1.56383 1.49483
1.27437 1.26751 1.23335 1.24133 1.23141 1.22519 1.23424 1.24599 1.27135 1.20069 1.13966 1.10363 1.18182 1.16555 1.17335 1.17430 1.17106 1.16798 1.16258 1.15487 1.14622 1.13769 1.12932 1.12111 1.11103 1.11577 1.13095 1.21182 1.28898 1.36552 1.44073 1.45486 1.43060 1.42169 1.25109 1.23436 1.39347 1.45844 1.46458 1.46991 1.48648 1.53329 1.58236 1.63131 1.66159 1.71632 1.67810 1.62117 1.73504 1.70816 1.68274 1.66062 1.65376 1.64866 1.64305 1.63117 1.59165 1.66429 1.63472 1.59293 1.63856 1.65756 1.65104 1.59971 1.50327 1.52723
1.21733 1.26448 1.24978 1.26520 1.28188 1.28250 1.27932 1.27402 1.27312 1.23586 1.13702 1.05747 1.11289 1.10282 1.08640 1.08197 1.07576 1.06954 1.06556 1.06347 1.05780 1.05376 1.06696 1.08013 1.08595 1.07392 1.05444 1.06323 1.13394 1.24508 1.35131 1.41118 1.42262 1.42262 1.34820 1.21512 1.36938 1.53729 1.59135 1.63710 1.67829 1.68871 1.69315 1.69681 1.70573 1.72425 1.75649 1.62054 1.67601 1.61877 1.61329 1.61024 1.61437 1.61492 1.61575 1.61518 1.56460 1.57263 1.62633 1.54351 1.57393 1.61985 1.62049 1.60295 1.49654 1.54044
1.18337 1.21185 1.20630 1.18221 1.20394 1.18629 1.16715 1.14943 1.12738 1.10901 1.06412 1.01165 1.02629 1.05547 1.03933 1.04419 1.04158 1.03350 1.04417 1.05698 1.05963 1.05920 1.04222 1.02478 1.01787 1.01787 1.01787 1.02687 1.09501 1.22539 1.29976 1.39624 1.43720 1.48683 1.53508 1.40897 1.47821 1.66117 1.68744 1.68814 1.68189 1.67587 1.67427 1.67427 1.67370 1.66509 1.73205 1.59789 1.63222 1.60321 1.59127 1.59012 1.58546 1.58517 1.58349 1.57569 1.54961 1.50482 1.60667 1.54064 1.54712 1.60128 1.59402 1.57783 1.45060 1.37244
1.09221 1.07976 1.10023 1.05213 1.06951 1.09132 1.09132 1.09132 1.09092 1.08336 1.07147 1.03723 1.00366 1.04738 1.03326 1.03899 1.04081 1.04646 1.03426 1.01951 1.01787 1.01787 1.01787 1.02040 1.02821 1.03618 1.04410 1.05226 1.11146 1.15051 1.12153 1.27198 1.54680 1.62242 1.62242 1.53609 1.42759 1.60138 1.66058 1.64977 1.63926 1.62899 1.61885 1.61063 1.60868 1.61414 1.67797 1.63130 1.59396 1.61571 1.56744 1.55176 1.53175 1.51175 1.49344 1.48124 1.47015 1.42317 1.47252 1.49334 1.43802 1.46489 1.42753 1.38758 1.29729 1.21317
1.02776 1.02607 1.06339 1.05950 1.04788 1.09060 1.09132 1.09132 1.08974 1.07178 1.06285 1.05329 1.00962 1.09407 1.08244 1.02495 1.03556 1.04355 1.05152 1.05951 1.06744 1.07409 1.08029 1.08527 1.08225 1.06759 1.05200 1.03743 1.05553 1.09830 1.02624 1.15364 1.37212 1.55810 1.54487 1.52582 1.35903 1.42195 1.54377 1.54148 1.54313 1.54502 1.54711 1.54798 1.54360 1.53580 1.53822 1.54118 1.44376 1.50019 1.43666 1.43948 1.44658 1.45370 1.46080 1.46581 1.44747 1.39842 1.35036 1.32702 1.26620 1.30991 1.32329 1.32564 1.29175 1.19042
1.03041 1.02607 1.03826 1.07473 1.04166 1.06470 1.06912 1.06973 1.08303 1.09972 1.12203 1.16304 1.13272 1.15790 1.17435 1.08734 1.07946 1.07704 1.07596 1.07527 1.07233 1.05951 1.04591 1.03378 1.02512 1.02737 1.03063 1.03415 1.04948 1.12440 1.03680 1.03102 1.22501 1.45592 1.49273 1.48797 1.40361 1.35686 1.51188 1.52988 1.52746 1.51829 1.50821 1.49846 1.48870 1.48193 1.48032 1.51733 1.47655 1.52517 1.49265 1.47354 1.44827 1.41782 1.38738 1.35903 1.35309 1.35145 1.32012 1.33503 1.28407 1.31375 1.34512 1.34991 1.33425 1.25767
1.05485 1.03172 1.01301 1.04189 1.05900 1.09103 1.15830 1.17427 1.17824 1.18827 1.19650 1.27097 1.29100 1.23660 1.15781 1.11132 1.07308 1.06674 1.05626 1.04525 1.03833 1.04388 1.05093 1.05515 1.05829 1.06142 1.06456 1.06754 1.06978 1.14816 1.14100 1.06469 1.20440 1.35166 1.46746 1.45553 1.45825 1.40444 1.46499 1.49516 1.48821 1.48749 1.48801 1.48855 1.48909 1.48962 1.49014 1.51263 1.47836 1.44502 1.42845 1.35728 1.34978 1.35017 1.35063 1.35089 1.35105 1.35076 1.32478 1.30730 1.36417 1.38096 1.43728 1.44610 1.43004 1.34238
1.00095 0.982405 0.982052 1.02888 1.15298 1.16620 1.22227 1.25136 1.25808 1.26023 1.24366 1.33570 1.39243 1.29356 1.17649 1.12573 1.04500 1.05919 1.06156 1.06054 1.05518 1.04935 1.04762 1.04668 1.04575 1.04481 1.04388 1.04059 1.02332 1.08029 1.12529 1.02349 1.10053 1.27933 1.50739 1.53443 1.53359 1.48256 1.44872 1.47832 1.47296 1.46753 1.46219 1.45327 1.42283 1.38923 1.35614 1.33836 1.36150 1.33840 1.40251 1.33404 1.33539 1.33497 1.33451 1.33531 1.34195 1.35912 1.37110 1.34711 1.42180 1.42603 1.47216 1.47649 1.48484 1.43445
1.02951 1.04401 1.07302 1.08646 1.19409 1.21350 1.22182 1.25192 1.25755 1.24671 1.22088 1.25483 1.33306 1.25681 1.14318 1.07356 1.02054 1.01972 1.01850 1.02061 1.02503 1.02887 1.02862 1.02240 1.00301 0.967105 0.929516 0.900534 0.897792 0.951253 1.08218 1.06128 1.02399 1.20823 1.33937 1.42906 1.42843 1.42162 1.37328 1.42070 1.40104 1.37359 1.35226 1.33895 1.34705 1.35873 1.37157 1.38025 1.41844 1.38515 1.45611 1.40116 1.37900 1.39265 1.40992 1.40557 1.39337 1.37324 1.35332 1.37036 1.41231 1.46816 1.51143 1.53294 1.54582 1.51218
1.11169 1.06116 1.04795 1.04204 1.08627 1.18576 1.18747 1.19057 1.19168 1.21085 1.22860 1.22016 1.31771 1.27306 1.17071 1.06860 1.04146 0.993860 0.966662 0.959845 0.946212 0.919383 0.885674 0.866728 0.862837 0.874787 0.888692 0.897176 0.897262 0.913429 1.03948 1.07192 1.00117 1.11827 1.23777 1.42116 1.40149 1.38625 1.33162 1.34560 1.37339 1.38610 1.39272 1.39485 1.39662 1.39832 1.39873 1.39873 1.42175 1.41187 1.46687 1.47296 1.40140 1.38444 1.36474 1.36389 1.36540 1.36539 1.36524 1.37186 1.39304 1.49590 1.55335 1.57548 1.57571 1.54593
1.09260 1.06326 1.09122 1.12368 1.15835 1.30797 1.35248 1.35153 1.32511 1.32511 1.32511 1.27651 1.34494 1.30576 1.19160 1.10154 1.05475 0.979867 0.896784 0.882419 0.875126 0.881108 0.894220 0.897262 0.897262 0.897262 0.897262 0.896341 0.894130 0.892043 0.999999 1.09910 1.05836 1.09448 1.24381 1.34516 1.39627 1.39677 1.38389 1.36679 1.39665 1.39734 1.39518 1.39301 1.39084 1.38964 1.39446 1.38275 1.37688 1.38114 1.38322 1.45443 1.36823 1.36531 1.36351 1.35959 1.35568 1.35180 1.34806 1.34441 1.35962 1.43121 1.50286 1.52746 1.51383 1.49372
1.31171 1.26609 1.24367 1.24367 1.24367 1.29433 1.38035 1.37406 1.32878 1.32511 1.32511 1.29543 1.30683 1.30014 1.18458 1.05277 0.942713 0.934255 0.902344 0.894253 0.892034 0.889823 0.887610 0.885391 0.888146 0.899655 0.907432 0.911368 0.911685 0.910821 0.964053 1.08355 1.10906 1.10626 1.21785 1.28491 1.38251 1.37809 1.37255 1.34277 1.34097 1.34587 1.34546 1.33242 1.31748 1.30215 1.28155 1.27970 1.28629 1.30201 1.28239 1.37993 1.30920 1.26781 1.26146 1.25730 1.25306 1.24885 1.24440 1.22824 1.21989 1.30199 1.40919 1.45886 1.45968 1.46006
1.32416 1.28507 1.24345 1.24367 1.24367 1.24538 1.36378 1.37645 1.34139 1.30939 1.29584 1.25788 1.18892 1.20268 1.10703 0.997077 0.897002 0.890379 0.896021 0.884297 0.896081 0.903374 0.907131 0.910513 0.904052 0.887526 0.873940 0.863538 0.858079 0.853757 0.872586 0.996476 1.04510 1.05184 1.10570 1.20396 1.31099 1.34002 1.32929 1.25737 1.25381 1.26336 1.25059 1.24833 1.24815 1.24790 1.24766 1.24303 1.23256 1.20825 1.21410 1.29314 1.29437 1.22307 1.22270 1.21015 1.19174 1.17332 1.15515 1.14867 1.14946 1.24052 1.34107 1.42857 1.41837 1.40705
1.30693 1.29231 1.23940 1.24880 1.27564 1.31396 1.39784 1.40989 1.29912 1.23298 1.21193 1.20761 1.14634 1.13594 1.04023 0.907672 0.885722 0.910147 0.934569 0.890076 0.874802 0.862356 0.853610 0.845416 0.841863 0.839384 0.837461 0.836966 0.836538 0.836104 0.837396 0.957823 1.03403 1.05723 1.07920 1.16701 1.17267 1.20429 1.16094 1.11668 1.17964 1.20961 1.21140 1.21047 1.20969 1.20897 1.20821 1.20748 1.20676 1.20057 1.19816 1.23735 1.28468 1.16734 1.14310 1.13558 1.12675 1.11713 1.10748 1.09784 1.08828 1.13970 1.21464 1.34176 1.35493 1.35081
1.36633 1.40006 1.33816 1.35791 1.36187 1.35606 1.35675 1.36918 1.21401 1.16620 1.13596 1.11345 1.05166 1.02132 0.941947 0.858476 0.838040 0.900940 0.909407 0.860047 0.858642 0.859817 0.861219 0.867971 0.877109 0.889000 0.904852 0.920764 0.936661 0.952540 0.968949 0.970936 0.968973 0.965795 0.939463 0.987484 0.994697 1.11475 1.13169 1.10886 1.10414 1.18134 1.18327 1.18395 1.18463 1.18530 1.18530 1.17326 1.15684 1.14040 1.12092 1.16113 1.28662 1.19122 1.08595 1.07969 1.08047 1.08206 1.08370 1.08352 1.07265 1.08292 1.15604 1.24251 1.30725 1.30733
1.45543 1.43701 1.36291 1.36798 1.35195 1.32960 1.29035 1.28530 1.19381 1.09182 1.04104 1.02111 0.993113 0.932180 0.933152 0.882985 0.871087 0.944882 0.973821 0.948178 0.948209 0.962081 0.975737 0.984050 0.990080 0.993561 0.993443 0.994290 0.973277 0.946144 0.919234 0.911725 0.945556 1.00123 1.02023 1.06330 1.09420 1.15923 1.23242 1.23404 1.15334 1.20991 1.23254 1.22152 1.20676 1.20393 1.21125 1.23093 1.25459 1.27804 1.28111 1.29416 1.35645 1.30286 1.07318 1.06017 1.04707 1.03398 1.03249 1.03822 1.05797 1.08428 1.16625 1.16816 1.28902 1.29694
1.33092 1.29918 1.21679 1.19712 1.16469 1.13454 1.12091 1.11628 1.14781 1.00557 0.963489 0.930083 0.916354 0.955210 0.980433 0.962882 0.943965 0.985167 1.03320 1.02443 1.00896 1.01389 1.01903 1.02713 1.02075 0.994204 0.969323 0.944740 0.942002 0.945409 0.948065 0.954651 1.01545 1.05856 1.07235 1.08546 1.14039 1.14082 1.25013 1.24301 1.18116 1.16874 1.24009 1.25685 1.27619 1.28373 1.28188 1.27897 1.27606 1.27334 1.26723 1.26954 1.28394 1.29475 1.07767 1.05264 1.07595 1.10065 1.11235 1.11744 1.11859 1.12158 1.18387 1.18005 1.28945 1.27396
1.13476 1.11945 1.08541 1.06253 1.07052 1.06489 1.06445 1.06450 1.09720 1.01796 0.943240 0.886043 0.886040 0.921703 0.955822 0.985658 0.962929 0.960007 1.03158 1.04638 1.04628 1.02051 0.991818 0.960480 0.943643 0.946936 0.948255 0.948255 0.948255 0.948255 0.948241 0.946318 0.998958 1.03435 1.05936 1.09447 1.18661 1.22802 1.26447 1.28426 1.24698 1.17914 1.25650 1.27271 1.27491 1.28892 1.30482 1.32069 1.33657 1.35298 1.38465 1.41412 1.41928 1.42342 1.28603 1.11854 1.11985 1.12437 1.12871 1.13191 1.13495 1.13587 1.17165 1.18867 1.25227 1.26442
1.07290 1.07218 1.06816 1.02337 1.05117 1.05127 1.05127 1.05127 1.05582 1.07968 0.961032 0.899559 0.886040 0.902671 0.946955 0.979534 0.979777 0.945351 0.979384 0.978779 0.952448 0.947948 0.946561 0.943311 0.940064 0.936820 0.933576 0.930315 0.926896 0.925464 0.930776 0.947661 1.02293 1.05688 1.13238 1.18181 1.24404 1.29988 1.30985 1.32965 1.33255 1.26319 1.30127 1.37935 1.39479 1.39868 1.41652 1.44001 1.46431 1.48883 1.49656 1.49127 1.48617 1.45054 1.41746 1.15354 1.14856 1.14628 1.14414 1.14317 1.14230 1.14063 1.14501 1.16321 1.14109 1.16406
1.07436 1.07216 1.07216 1.02535 1.05127 1.05127 1.05127 1.05127 1.05127 1.08962 0.995238 0.935515 0.893703 0.897738 0.928096 0.908804 0.891508 0.855250 0.880276 0.929592 0.932530 0.924175 0.924507 0.926530 0.931187 0.942076 0.953422 0.973637 0.999428 1.02337 1.04156 1.05044 1.10124 1.10868 1.18308 1.30123 1.39511 1.49893 1.49147 1.49541 1.49517 1.38482 1.36436 1.46202 1.49935 1.53838 1.56468 1.58731 1.61260 1.63826 1.66391 1.66034 1.52025 1.46064 1.45781 1.23041 1.14889 1.14889 1.14229 1.12829 1.11429 1.10028 1.09261 1.13426 1.11400 1.18295
1.08636 1.07216 1.07216 1.03196 1.05661 1.06013 1.06317 1.05969 1.04612 1.04488 1.04550 0.958484 0.864090 0.829486 0.867233 0.876386 0.907448 0.921961 0.940961 0.967901 0.986864 0.987940 0.995004 1.01412 1.03746 1.05426 1.07066 1.07792 1.07967 1.08197 1.08353 1.08446 1.10574 1.14264 1.18812 1.28477 1.40457 1.49579 1.56486 1.64508 1.72657 1.77301 1.67560 1.68665 1.70577 1.71999 1.72429 1.72667 1.72667 1.72667 1.72667 1.72628 1.55921 1.47747 1.45235 1.32581 1.11444 1.10059 1.09382 1.10758 1.12718 1.14677 1.16636 1.21567 1.21537 1.25614
1.15648 1.13217 1.13516 1.10200 1.07952 1.07937 1.06928 1.06571 1.07237 1.07326 1.03950 0.963345 0.941812 0.927521 0.975815 1.04799 1.04276 1.06542 1.04606 1.02757 1.04305 1.06055 1.07069 1.07725 1.07705 1.07686 1.07658 1.07499 1.07263 1.06369 1.05231 1.04092 1.02987 1.12256 1.22762 1.41072 1.57579 1.67998 1.79114 1.87687 1.87589 1.85771 1.72916 1.69949 1.71159 1.73149 1.73115 1.73080 1.73046 1.73009 1.72243 1.70909 1.59569 1.45082 1.39258 1.35220 1.15607 1.17500 1.19397 1.19979 1.19979 1.19979 1.19979 1.21053 1.20146 1.22970
1.15624 1.12002 1.10360 1.08964 1.04169 1.07411 1.09640 1.11843 1.14049 1.16690 1.17542 1.07554 1.03551 0.981778 0.988873 1.04681 1.02919 1.06959 1.05160 1.04057 1.02758 1.05867 1.04154 1.03088 1.02202 1.01314 1.00435 0.996877 0.990166 0.989539 0.992323 1.01416 1.04678 1.14458 1.24899 1.42963 1.55160 1.62613 1.71639 1.81108 1.83349 1.82914 1.71638 1.64780 1.64624 1.67309 1.66538 1.65044 1.63117 1.59731 1.55607 1.51900 1.44793 1.23907 1.14101 1.12145 1.13652 1.15393 1.16078 1.16516 1.16057 1.16149 1.16800 1.18522 1.24294 1.30657
1.12585 1.14696 1.19525 1.22120 1.18140 1.18925 1.20319 1.21697 1.23041 1.24306 1.25438 1.20177 1.10553 1.08931 1.10656 1.10847 1.06698 1.06838 1.06150 1.03742 0.993308 1.03764 1.03177 1.02886 1.02956 1.03027 1.03188 1.04166 1.07216 1.10292 1.13091 1.13979 1.13793 1.13796 1.14411 1.34621 1.45548 1.55741 1.63942 1.71862 1.78894 1.79045 1.70987 1.57104 1.52534 1.50153 1.48131 1.45103 1.42462 1.41413 1.42032 1.42719 1.43318 1.26362 1.19069 1.17526 1.16886 1.18170 1.18129 1.18310 1.19312 1.19818 1.19818 1.19818 1.23344 1.29812
1.19374 1.19226 1.29046 1.31533 1.30947 1.31034 1.32104 1.32980 1.31728 1.29476 1.26483 1.22167 1.08151 1.02879 1.02634 1.01590 1.00166 0.994664 1.05199 1.02410 0.998780 1.02863 1.04227 1.03879 1.06159 1.09075 1.11849 1.13803 1.13688 1.13541 1.13538 1.13538 1.13538 1.13672 1.13865 1.27317 1.42577 1.54295 1.61228 1.65536 1.73501 1.67648 1.56477 1.40717 1.40731 1.41272 1.44204 1.44213 1.43343 1.41249 1.39150 1.37049 1.34362 1.20855 1.10876 1.16482 1.17343 1.19319 1.19818 1.19755 1.19318 1.18818 1.18298 1.17758 1.19772 1.26573
