results/OMI_NO2_2011_06-08.asc
ncols      200
nrows      200
xllcorner       120.258
yllcorner       41.1236
cellsize     0.0166667
NODATA_Value      -999.000
[rows 87 to 115 of 175, columns 0 to 66 of 200]
4.01412 4.01412 4.01412 3.99616 3.83995 3.74623 3.80955 3.73405 3.87751 3.88436 3.81889 3.81199 3.65663 3.57145 3.47267 3.42004 3.32038 3.35641 3.25359 3.23349 2.19094 2.17081 2.39845 2.76059 2.12359 2.12909 2.30079 2.19441 2.18266 2.26397 2.27903 2.28498 2.28417 2.26050 2.05552 1.95322 1.90451 1.92085 1.94458 2.02793 2.21254 2.17539 2.22098 2.29535 2.31375 2.38046 2.35126 2.31800 2.31287 2.24144 2.29428 2.40241 2.24050 2.14718 2.19816 2.27671 2.27665 2.27657 2.27649 2.29060 2.37959 2.48311 2.46011 2.35547 2.24349 2.21958 2.23468
3.85587 3.85587 3.85587 3.85555 3.79530 3.65659 3.76395 3.86910 4.09114 3.55478 3.38911 3.51571 3.46752 3.45004 3.37661 3.28938 3.16733 3.24106 3.12496 3.11499 3.10578 2.12961 2.19525 2.75371 2.24136 2.15883 2.23294 2.15557 2.11867 2.14395 2.10750 2.04697 1.99060 1.95524 1.92615 1.83424 1.80135 1.76743 1.86794 1.91005 2.21146 2.28303 2.32300 2.33505 2.30852 2.34086 2.28871 2.27668 2.29458 2.26712 2.32610 2.40463 2.35944 2.18441 2.16705 2.25157 2.27637 2.28739 2.30954 2.33180 2.40059 2.35700 2.35795 2.33678 2.15992 2.13329 2.09687
3.75238 3.75238 3.75252 3.81907 3.91603 3.95668 4.45406 4.51447 4.46406 3.66307 3.24499 3.34460 3.26551 3.25063 3.26134 3.18840 3.09767 3.19282 3.10133 3.09882 3.09631 2.11764 2.11572 2.55779 2.28327 2.04668 2.06076 1.97710 1.88869 1.91338 1.89448 1.89264 1.88842 1.88178 1.91660 1.85408 1.84735 1.83597 1.92506 1.95503 2.17543 2.31431 2.34807 2.38425 2.37911 2.43229 2.38940 2.35865 2.35858 2.30802 2.35844 2.40201 2.42680 2.27577 2.19228 2.24963 2.34354 2.35633 2.36704 2.37859 2.41070 2.33002 2.19757 2.17280 1.97277 1.91613 1.93611
4.08669 4.22183 4.40410 4.52478 4.58144 4.37891 4.28972 4.42144 4.33624 4.07858 3.21617 3.27525 3.22744 3.16173 3.17647 3.10064 2.99617 3.09171 2.97557 2.97557 2.97557 2.97557 2.41777 2.64013 2.00513 1.89231 1.92818 1.91479 1.91239 1.95323 1.96377 1.99574 2.02959 2.06608 2.08785 2.01106 1.91900 1.91896 1.94740 2.01041 2.09068 2.38798 2.44766 2.45890 2.42599 2.45872 2.36177 2.35778 2.36318 2.33760 2.41351 2.47176 2.51991 2.51532 2.31394 2.27894 2.40836 2.42047 2.40964 2.37488 2.33560 2.25458 2.10364 2.10486 2.02415 1.93881 1.93949
4.60114 4.67881 4.71760 4.77118 4.84139 4.85833 4.36794 4.40534 4.32736 4.36706 3.36947 3.19661 3.14939 3.08798 3.09171 3.01781 2.91867 2.99558 2.88194 2.88194 2.88194 2.88194 2.39386 2.46152 1.81371 1.82450 1.86546 1.90723 1.95470 2.04657 2.08213 2.09351 2.11573 2.14074 2.16236 2.17090 2.09002 2.12564 2.06162 2.10174 2.13001 2.37213 2.45346 2.42457 2.43445 2.45559 2.38595 2.40031 2.45886 2.42170 2.47667 2.51916 2.51605 2.58217 2.40388 2.27007 2.28884 2.26148 2.25218 2.26753 2.28350 2.28341 2.14495 2.08023 2.03285 1.91234 1.90441
4.95692 5.01142 5.03687 5.04502 5.05316 4.94740 4.54094 4.29268 4.24039 4.27374 3.92124 3.39983 3.32771 3.27530 3.31343 3.18204 3.07865 3.20039 3.08301 3.08301 3.08301 3.08301 1.78145 1.69244 1.83970 1.91720 2.04366 2.07117 2.09904 2.12638 2.15824 2.19369 2.21710 2.23814 2.25226 2.25941 2.17857 2.18804 2.09930 2.06634 2.10746 2.25259 2.42650 2.42070 2.43531 2.44562 2.38456 2.40350 2.44961 2.42929 2.47949 2.51748 2.46186 2.43711 2.32078 2.25280 2.26223 2.26541 2.26374 2.26044 2.25714 2.26883 2.15789 2.05329 2.01549 1.94587 1.89325
5.51080 5.13411 5.13376 5.13376 5.13376 5.05245 4.86491 4.31424 4.25904 4.29681 4.23419 3.52239 3.41242 3.36270 3.42211 3.30148 3.20039 3.20039 3.08301 3.08301 3.08301 3.08301 1.96974 0.801824 2.15986 2.15396 2.29959 2.27143 2.29601 2.32467 2.36222 2.40753 2.43235 2.43109 2.42498 2.39308 2.28143 2.15817 2.06395 2.10704 2.28301 2.31901 2.49138 2.50443 2.53125 2.55158 2.48812 2.49679 2.52614 2.36088 2.32599 2.31446 2.22072 2.24961 2.29762 2.37302 2.33245 2.25682 2.25586 2.25715 2.25845 2.28511 2.21854 2.08778 2.00493 1.98926 1.96077
5.58969 4.99123 4.98729 5.13376 5.11990 5.05239 5.07537 4.40438 4.31215 4.36695 4.28005 3.83339 3.36618 3.32025 3.36270 3.25430 3.25430 3.25430 2.19247 2.19247 2.19247 2.19833 2.21950 1.05745 2.27173 2.15078 2.31337 2.40859 2.43647 2.45976 2.47414 2.46612 2.43015 2.35643 2.28453 2.24395 2.20745 2.11653 2.12890 2.16001 2.43453 2.48016 2.57521 2.63267 2.61548 2.56062 2.39585 2.33991 2.36066 2.28940 2.36658 2.43022 2.37772 2.37640 2.39818 2.41205 2.40858 2.33836 2.31676 2.31134 2.30242 2.31370 2.23960 2.14747 2.00404 2.01116 2.00733
5.45565 5.05006 4.81387 4.99326 4.96181 4.86469 4.99699 4.59749 4.37405 4.40028 4.22291 3.97281 3.38379 3.27530 2.62052 2.36473 2.37999 2.39979 2.25457 2.31103 2.40109 2.48536 2.56096 2.97091 2.24257 2.16540 2.26342 2.38268 2.35615 2.33858 2.32268 2.31685 2.34212 2.30590 2.23979 2.20846 2.13165 2.10431 2.13810 2.15648 2.35179 2.41700 2.39444 2.38810 2.35580 2.35147 2.31751 2.30448 2.36323 2.31299 2.35969 2.38555 2.31421 2.29423 2.31430 2.33647 2.39550 2.34685 2.28200 2.27832 2.27006 2.26668 2.18402 2.06237 1.98061 1.98203 1.99026
5.64629 5.43961 4.83226 4.95733 4.94576 4.88069 4.99122 4.52294 4.04587 3.88414 3.84971 3.79436 3.80713 2.35152 2.61161 2.39783 2.47094 2.53902 2.60714 2.64081 2.65000 2.67037 2.69076 3.05006 2.12345 2.03622 2.14175 2.32228 2.36781 2.35596 2.33374 2.30255 2.27126 2.17715 2.10744 2.11223 2.04485 2.00320 2.02680 2.03835 2.12117 2.28663 2.30766 2.31707 2.35183 2.35173 2.29312 2.30880 2.34151 2.27811 2.30404 2.33686 2.28649 2.27757 2.27333 2.30798 2.34798 2.34727 2.22925 2.18789 2.16163 2.20866 2.16812 2.14276 2.14033 2.13645 2.14364
5.63700 5.47694 5.03681 4.98923 4.66267 4.44399 4.43321 4.14429 3.96433 3.96432 4.07059 4.07730 4.08592 4.11681 2.86556 2.38470 2.40767 2.43061 2.45355 2.47649 2.48911 2.48914 2.48914 2.85049 2.01289 1.98274 2.09519 2.12897 2.22243 2.21328 2.20631 2.20317 2.17755 2.07135 1.99710 1.92298 1.82224 1.82882 1.99705 2.09219 2.13028 2.31832 2.37411 2.26387 2.35465 2.33053 2.26834 2.29485 2.33258 2.28476 2.30226 2.29898 2.23072 2.19275 2.14724 2.13682 2.15588 2.21891 2.22334 2.19906 2.20693 2.24351 2.19515 2.15867 2.14269 2.13480 2.11576
4.70392 4.44749 4.22271 4.23651 4.05140 4.11607 4.24850 4.17586 4.19381 4.18390 4.25480 4.25807 4.16658 4.11696 2.47743 2.21257 2.21257 2.21257 2.21257 2.22133 2.57783 2.64461 2.69250 3.12518 1.84120 1.84334 1.92395 1.95578 2.12608 2.14037 2.05303 1.96274 1.91318 1.83168 1.86525 1.87286 1.84880 1.86993 1.98611 2.10432 2.04898 2.13576 2.28747 2.14313 2.20538 2.22030 2.17322 2.20064 2.21913 2.12990 2.07883 2.02326 1.95955 1.97310 1.98662 2.01199 2.08225 2.14498 2.20185 2.11602 2.10656 2.14498 2.09106 2.04752 2.04845 2.12605 2.13656
4.04444 3.93115 3.81792 4.16612 4.37269 4.44729 4.40465 4.37005 4.46425 4.38925 4.45528 4.47002 4.40482 4.26418 3.07479 2.85129 2.99313 3.10029 3.17810 3.23261 3.78183 3.78183 3.78183 4.53819 1.65494 1.66649 1.72930 1.75598 1.82437 1.86352 1.88052 1.83971 1.83730 1.79685 1.81331 1.79516 1.74589 1.74150 1.78633 1.98200 1.96252 2.00581 2.24669 2.10204 2.10012 2.12676 2.02518 2.04080 2.09241 2.06520 2.07995 2.09060 2.04764 2.04236 2.03761 2.03472 2.06821 2.10446 2.24013 2.08904 2.10295 2.15725 2.13890 2.13329 2.15330 2.19838 2.17741
3.59640 3.57548 3.55456 3.75829 4.28128 4.36104 4.33048 4.37492 4.47924 4.47039 4.53301 4.63622 4.75229 4.71612 4.80205 3.23738 3.24157 3.24157 3.24157 3.24157 3.78183 3.78183 3.78183 4.53819 1.56214 1.76303 1.76921 1.77925 1.79733 1.75296 1.77021 1.71083 1.69949 1.64844 1.66209 1.66994 1.64550 1.69937 1.70661 1.90496 1.91527 1.92770 1.98973 1.87350 1.91855 2.01349 1.96810 2.04863 2.08357 2.03111 2.02656 2.02617 2.01615 2.00189 1.98567 1.95763 1.95649 1.98356 2.11649 2.12141 2.17097 2.18499 2.12408 2.11875 2.07732 2.12972 2.11632
3.53546 3.53013 3.53013 3.55536 4.13777 4.34121 4.31282 4.43907 4.65552 4.76702 4.90183 5.02319 4.93904 4.84144 4.84451 3.36386 3.36386 3.36386 3.36386 3.36386 3.73762 3.73762 3.73762 4.08038 1.64772 1.83433 1.85616 1.85627 1.88076 1.82355 1.78123 1.72749 1.73576 1.70007 1.71957 1.72372 1.73827 1.77231 1.76494 1.86590 1.94973 1.94924 1.99136 1.93498 1.98417 2.08838 2.02829 2.11324 2.14596 2.08560 2.05952 2.02995 2.00985 1.99348 1.97849 1.97560 1.97510 2.00525 2.06609 2.06999 2.14974 2.14377 2.08218 2.07466 1.99417 2.04669 2.03310
3.47307 3.47141 3.47161 3.74702 4.29730 4.93413 4.91659 4.87224 4.84847 4.82961 4.88987 4.98571 4.91191 4.86193 4.93190 4.95825 3.36386 3.36386 3.36386 3.35883 3.72034 3.70867 3.67649 3.93377 1.53820 1.67809 1.78056 1.78865 1.81156 1.76697 1.73550 1.66401 1.66204 1.61812 1.64258 1.64343 1.67015 1.73966 1.75584 1.82335 1.81009 1.76640 1.85080 1.88083 1.92255 2.00573 1.97385 2.01717 2.05216 1.98477 1.98145 1.98145 1.98128 1.96643 1.94210 1.91778 1.89463 1.91449 1.97286 1.98955 2.07864 2.03386 1.96407 1.98791 1.99285 2.12985 2.12630
4.04429 4.19454 4.33137 4.46573 4.39674 4.88419 4.78256 4.73098 4.67145 4.72341 4.89758 5.02542 5.00401 4.94512 4.95465 4.94540 3.33152 3.31217 3.24611 3.17833 3.46227 3.39306 3.34436 3.61984 1.62796 1.67849 1.88168 1.86273 1.85474 1.79295 1.78983 1.68185 1.69909 1.68668 1.72776 1.72812 1.79745 1.84631 1.83934 1.89984 1.84321 1.82258 1.83091 1.85951 1.91382 1.95502 1.95440 2.00608 2.06622 2.00307 1.97882 1.95451 1.93034 1.91817 1.90236 1.88245 1.86649 1.85377 1.91471 1.96126 2.16169 2.22324 2.21460 2.27409 2.23645 2.29083 2.26995
4.43209 4.32812 4.35289 4.40477 4.33870 4.72254 4.82893 4.94653 4.84630 4.87509 5.00258 5.07828 4.99665 4.85705 4.79523 4.73411 4.67181 3.01582 3.03899 3.09074 3.50513 3.59493 3.71246 3.93375 1.75968 1.76131 1.88729 1.90182 1.96431 1.95414 2.11016 1.93698 1.86752 1.78010 1.79644 1.79271 1.85293 1.83556 1.82299 1.86900 1.73670 1.76341 1.75131 1.79717 1.89931 1.95253 1.92726 1.97546 1.94845 1.88212 1.86464 1.84709 1.82956 1.81474 1.81530 1.89214 1.93923 1.97802 2.03803 2.08050 2.18948 2.26576 2.24266 2.28975 2.26429 2.33710 2.27096
4.25292 4.18550 4.26890 4.39243 4.40043 4.61712 4.78540 4.89155 4.70343 4.60391 4.65298 4.67952 4.62608 4.58968 4.62480 4.73034 4.81747 3.41863 3.46805 3.46805 3.85339 3.85339 3.85882 4.11972 1.91968 1.99153 2.13977 2.20780 2.16195 2.00799 2.19417 2.03453 1.88635 1.80764 1.81311 1.78299 1.83101 1.73643 1.72306 1.70971 1.55441 1.63490 1.60884 1.58260 1.72477 1.78198 1.76662 1.78875 1.78319 1.73009 1.74264 1.80503 1.86147 1.90826 1.94652 1.97778 1.98282 1.98789 2.01780 2.05800 2.14972 2.27384 2.30066 2.32723 2.27989 2.34413 2.32911
4.53096 4.53437 4.56419 4.61161 4.67430 4.80677 4.87996 4.94156 4.81111 4.67746 4.70486 4.92432 4.96553 4.95027 4.95027 4.91104 4.97276 5.09330 4.11475 4.33245 5.24928 5.54743 5.83637 5.49986 1.90377 1.87577 1.87988 2.01402 1.84815 1.74020 1.88949 1.81885 1.68823 1.60177 1.61244 1.59851 1.65873 1.58765 1.57241 1.55296 1.42775 1.50160 1.53759 1.47350 1.62670 1.70128 1.74365 1.84256 1.91820 1.92925 1.95725 1.96356 1.96878 1.97424 1.98750 2.01798 2.02610 2.05886 2.10304 2.11581 2.14013 2.22647 2.30981 2.32480 2.26191 2.28610 2.26576
4.57541 4.60395 4.69818 4.80921 4.89703 5.02530 4.98053 5.02969 5.02903 4.75381 4.71866 4.91003 4.95017 4.93033 4.96469 5.05884 5.39306 5.82910 4.90072 4.94001 5.76334 5.76334 5.76334 5.15612 1.70931 1.69894 1.58922 1.66438 1.54784 1.46098 1.62352 1.63192 1.58448 1.47818 1.52916 1.50399 1.54266 1.45029 1.43181 1.41699 1.31318 1.37563 1.48266 1.46092 1.60431 1.79710 1.85824 1.92055 1.96437 1.97400 1.99004 2.00403 2.01621 2.04261 2.07348 2.12765 2.19785 2.24172 2.27499 2.23076 2.13747 2.12289 2.21038 2.21657 2.18220 2.21348 2.22047
4.77056 4.80882 4.84785 4.89598 4.94856 5.04347 4.99433 5.01768 5.05286 4.83099 4.75340 5.06048 5.40343 5.52459 5.69489 5.71416 5.83641 6.05609 4.85356 4.85356 5.18186 5.18186 5.92213 5.49986 1.87981 1.88270 1.76772 1.79591 1.70159 1.60034 1.72236 1.71854 1.71134 1.49736 1.53623 1.51546 1.53762 1.49003 1.50825 1.53259 1.48015 1.53630 1.63977 1.57811 1.62970 1.79054 1.90328 1.98855 2.03487 2.07674 2.10249 2.14073 2.20075 2.23448 2.24744 2.24346 2.21323 2.18631 2.20277 2.20940 2.15670 2.19771 2.19988 2.21710 2.18178 2.21952 2.22890
4.88230 4.84785 4.88982 4.93824 4.98473 5.04347 5.04767 5.21969 5.42708 5.56128 5.50338 5.57535 5.86421 5.83783 5.85747 5.78749 5.76209 5.93087 5.78600 4.85356 5.18186 5.18186 5.90250 5.49986 1.61802 1.69714 1.58922 1.59165 1.54156 1.42985 1.53325 1.48192 1.51940 1.42745 1.47687 1.50367 1.57079 1.53019 1.53555 1.53132 1.48971 1.48965 1.54150 1.55694 1.59625 1.76951 1.93465 2.05029 2.13664 2.21001 2.22208 2.22137 2.20134 2.19273 2.19273 2.19113 2.21272 2.25479 2.31713 2.37309 2.32462 2.23566 2.21702 2.16952 2.13966 2.17857 2.18758
4.79191 4.75746 4.83447 4.99703 5.15735 5.38098 5.44914 5.55753 5.65072 5.69412 5.51621 5.50249 5.74665 5.74924 5.65007 5.45240 5.38594 5.61663 5.48887 4.48198 4.86970 4.85768 5.58289 5.84139 1.54449 1.77047 1.60681 1.57125 1.49242 1.43668 1.59414 1.57156 1.64249 1.66749 1.61764 1.59328 1.60472 1.51211 1.48235 1.46398 1.42968 1.45102 1.51053 1.63531 1.69995 1.80771 1.93803 2.07246 2.13323 2.17523 2.18911 2.18911 2.20482 2.23286 2.28107 2.33592 2.34538 2.33833 2.35182 2.35642 2.32904 2.23755 2.28565 2.20945 2.20422 2.24274 2.25722
5.00202 5.05545 5.25080 5.27763 5.38105 5.54726 5.57340 5.67023 5.69521 5.64569 5.38142 5.21981 5.23428 5.33493 5.20612 5.11878 5.09905 5.28522 5.16206 5.23790 5.13731 5.15960 5.89668 6.07853 1.28003 1.60045 1.57379 1.77775 1.71190 1.70858 1.79085 1.68806 1.64802 1.62956 1.58499 1.50301 1.52992 1.47546 1.50698 1.55527 1.59631 1.67915 1.74128 1.71920 1.76836 1.78093 1.92126 2.05119 2.13997 2.21533 2.30484 2.35742 2.39391 2.35901 2.35747 2.39592 2.34530 2.33911 2.35697 2.35339 2.33432 2.27897 2.26795 2.21845 2.18287 2.20340 2.21597
5.05735 5.05763 5.24275 5.25735 5.31683 5.36725 5.21532 5.17941 5.04575 5.12793 4.94907 4.87515 4.94818 5.35689 5.22720 5.34110 5.37014 5.60576 5.35022 5.32784 5.15960 5.15960 5.89668 6.07853 1.46717 1.69389 1.70257 1.77940 1.60609 1.58847 1.62173 1.56780 1.55774 1.58426 1.63110 1.57416 1.65313 1.67370 1.73788 1.76624 1.75051 1.79711 1.81441 1.78283 1.78492 1.83357 1.93580 2.13112 2.25997 2.31112 2.34600 2.34680 2.38847 2.35455 2.35859 2.40195 2.36048 2.35762 2.37279 2.35502 2.31530 2.29086 2.22632 2.28902 2.24575 2.31099 2.37221
5.44968 5.41396 5.45828 5.25022 5.23698 5.31991 5.35002 5.38024 5.51319 5.84031 5.76879 5.74063 5.78255 6.21790 6.10618 6.23659 6.23659 6.65301 6.57747 6.47252 6.81601 6.32247 7.32239 6.86435 1.13099 1.09538 1.35494 1.44878 1.39785 1.47178 1.58440 1.57383 1.60695 1.72107 1.82379 1.81036 1.79949 1.77040 1.81251 1.81722 1.78894 1.85239 1.91172 1.93460 1.91260 1.94227 1.91723 2.08797 2.18129 2.27535 2.29019 2.30450 2.34744 2.32065 2.33290 2.37237 2.31904 2.30584 2.33690 2.42384 2.43714 2.41079 2.44639 2.58688 2.41174 2.38019 2.41980
4.91690 4.94365 5.19426 5.10118 5.39170 5.63502 5.72452 5.72129 5.79855 5.90660 5.78631 5.76493 5.76890 6.12670 6.18231 6.23659 6.23659 6.62802 6.37450 5.84845 5.56847 4.31722 4.84344 4.84344 1.05908 1.10534 1.33160 1.51574 1.53972 1.55267 1.66089 1.65382 1.66471 1.68493 1.84345 1.85923 1.79844 1.76916 1.84013 1.89743 1.89965 1.95938 1.99992 1.96660 1.91872 1.89505 1.85654 1.93799 2.14532 2.29330 2.30321 2.30871 2.33835 2.30794 2.35030 2.45278 2.44139 2.38893 2.33202 2.34195 2.34316 2.31387 2.39425 2.60497 2.45634 2.36184 2.41588
4.79309 4.91444 5.15929 5.01819 5.13426 5.35319 5.37142 5.37142 5.37142 5.41416 5.31422 5.31422 5.30134 5.47539 5.56149 5.14567 4.79302 4.49154 4.42572 4.51786 4.45580 4.45580 4.84344 4.84344 1.17897 1.23821 1.36250 1.63968 1.61241 1.59080 1.73601 1.73546 1.73361 1.72359 1.81775 1.83439 1.94648 1.95140 2.00083 2.04288 1.98325 2.00964 2.01448 1.93959 1.89080 1.84035 1.87440 1.93995 2.17660 2.32318 2.38621 2.43854 2.51013 2.37930 2.35095 2.41046 2.31118 2.33611 2.31671 2.36341 2.38310 2.34075 2.38241 2.56499 2.46169 2.48566 2.70566
