results/OMI_NO2_200506.asc
ncols      200
nrows      200
xllcorner       120.258
yllcorner       41.1236
cellsize     0.0166667
NODATA_Value      -999.000
[rows 84 to 111 of 165, columns 0 to 64 of 200]
6.26286 6.26286 6.26286 6.26286 6.26286 3.12310 2.49673 2.13210 2.03603 2.05709 1.94868 2.06395 2.06306 2.06437 2.06804 2.07176 2.07547 2.07918 2.08290 2.08662 2.08939 2.08934 1.95006 1.93788 1.95712 2.00140 2.05187 2.05096 2.05096 2.05096 2.05096 2.01581 2.00205 2.01117 2.01117 2.02005 2.05191 1.99629 1.93676 1.87720 1.83618 1.82160 1.75081 1.66995 1.62714 1.64127 1.65533 1.65871 1.66214 1.66313 1.65364 1.64299 1.63249 1.70863 1.83174 1.84627 1.85142 1.85616 1.85063 1.85497 1.89660 1.98142 2.08147 2.07628 2.00917
6.26286 6.26286 6.26286 6.26286 6.26286 3.22319 2.88201 2.32302 2.09737 2.07432 1.97389 2.05774 2.08710 2.08950 2.08955 2.08955 2.08955 2.08955 2.08955 2.08955 2.08955 2.08955 1.98162 1.93788 1.94303 1.98148 2.05046 2.04977 2.03789 2.02355 2.00917 1.97870 1.91591 1.90507 1.87470 1.85132 1.78009 1.74783 1.73732 1.73147 1.72792 1.72434 1.70223 1.59304 1.53182 1.52359 1.56253 1.56303 1.57400 1.58994 1.60590 1.62193 1.63787 1.63688 1.77489 1.82291 1.81754 1.81220 1.79816 1.79012 1.79286 1.88766 2.00845 2.05994 2.08310
6.26286 6.26286 6.26286 6.26286 6.26286 3.10652 2.96887 2.45663 2.17417 2.09336 2.02293 2.02816 2.08955 2.08955 2.08955 2.08955 2.08955 2.08955 2.08955 2.08901 2.08574 2.08077 2.00223 1.92122 1.91674 1.94629 1.95475 1.92392 1.91856 1.91432 1.90634 1.88984 1.79761 1.74127 1.75236 1.77514 1.77471 1.74522 1.76966 1.78949 1.80716 1.82467 1.84226 1.75777 1.71777 1.71078 1.76341 1.79204 1.79871 1.80028 1.80187 1.80352 1.80510 1.72191 1.68956 1.79499 1.79982 1.80466 1.81966 1.85039 1.88654 1.97152 2.06936 2.15051 2.17252
6.26286 6.29551 6.54958 6.84533 6.99712 3.10652 3.10000 2.61196 2.23329 2.09382 2.06396 1.98653 2.07154 2.06782 2.06279 2.05766 2.05253 2.04741 2.04228 2.03770 2.03585 2.03746 2.02493 1.96879 1.98520 2.02120 2.05882 2.04693 2.05594 2.07522 2.09858 2.12155 2.10942 2.04803 2.06124 2.06310 2.06423 2.00049 1.98781 1.98781 1.98781 1.98781 1.98781 1.92597 1.84775 1.80358 1.82291 1.85603 1.86026 1.86449 1.86872 1.87294 1.87718 1.85144 1.68223 1.86164 1.89298 1.92465 1.95617 1.97726 2.00455 2.05571 2.12261 2.20722 2.20722
7.08790 6.98926 6.43248 5.54495 4.65622 3.10652 3.10652 2.87029 2.27773 2.11647 2.08141 1.99683 2.09009 2.11091 2.12781 2.14475 2.16174 2.17868 2.19567 2.21262 2.22958 2.24477 2.24164 2.13612 2.11351 2.09885 2.11996 2.14504 2.18200 2.18233 2.18233 2.18233 2.17408 2.07265 2.06512 2.06512 2.06512 2.03580 1.98730 1.98267 1.97713 1.97158 1.96604 1.94565 1.88910 1.83817 1.83856 1.88066 1.88282 1.88282 1.88464 1.90649 1.93578 1.96709 1.84335 2.02316 2.09338 2.13892 2.08052 2.08051 2.10195 2.17297 2.30803 2.42580 2.46215
4.92661 4.62452 4.62452 4.62452 4.62452 3.10652 3.10652 3.03551 2.35783 2.16536 2.07459 2.14911 2.22871 2.24722 2.24722 2.24722 2.24722 2.24722 2.23961 2.21732 2.19389 2.17047 2.14926 2.06783 2.04982 2.04982 2.08439 2.10944 2.18202 2.18233 2.18346 2.18470 2.18418 2.09132 2.06138 2.05884 2.05636 2.05201 1.98282 1.97667 1.97974 1.98274 1.98582 1.98881 1.94947 1.90729 1.88763 1.93442 1.98232 2.01402 2.07454 2.12577 2.16732 2.20525 2.14216 2.20505 2.33973 2.42226 2.45384 2.50125 2.55241 2.56265 2.59269 2.51666 2.45399
4.62452 4.62452 4.62452 4.62452 4.62452 3.10652 3.10652 3.10652 2.47317 2.23112 2.07518 2.11993 2.21786 2.24766 2.23400 2.21740 2.19761 2.17781 2.16565 2.16818 2.17182 2.17544 2.17909 2.12868 2.09470 2.10091 2.11788 2.12695 2.19203 2.20933 2.20583 2.20225 2.20290 2.14796 2.09168 2.09168 2.09168 2.09168 2.05651 2.01437 2.01437 2.01437 2.01437 2.02136 2.02130 2.00873 2.04004 2.13568 2.23598 2.29846 2.33566 2.38739 2.46010 2.51889 2.52256 2.52201 2.60378 2.58859 2.57111 2.52183 2.53489 2.53489 2.55951 2.55695 2.45409
5.14141 4.64681 4.62452 4.62452 4.62452 3.10652 3.10652 3.10652 2.74712 2.32085 2.14164 2.09339 2.17435 2.21607 2.21012 2.20695 2.20709 2.20969 2.21315 2.21660 2.22006 2.22352 2.22698 2.19569 2.13237 2.13237 2.12961 2.11305 2.15102 2.20218 2.20218 2.20218 2.20220 2.17482 2.09376 2.09168 2.09168 2.09168 2.08711 2.01575 2.02686 2.05003 2.10470 2.16008 2.18508 2.18536 2.38265 2.43378 2.49903 2.53284 2.56355 2.57947 2.57624 2.58276 2.59030 2.51511 2.59433 2.59669 2.59895 2.56073 2.55944 2.56169 2.57166 2.61817 2.50027
5.33220 4.96837 4.62452 4.62452 4.62452 3.10652 3.10652 3.10626 3.03852 2.21391 2.11627 2.02847 2.12906 2.21019 2.22403 2.22749 2.23080 2.23166 2.23166 2.23166 2.23166 2.23166 2.23166 2.22112 2.13245 2.13237 2.13237 2.11657 2.12165 2.19807 2.20218 2.20022 2.19391 2.17961 2.08140 2.06407 2.07012 2.10090 2.16471 2.20466 2.23142 2.27831 2.32640 2.37132 2.41404 2.41932 2.56269 2.62684 2.65199 2.67810 2.68488 2.68507 2.68474 2.68168 2.67798 2.62979 2.62129 2.62805 2.63096 2.61838 2.59228 2.59568 2.59860 2.64534 2.57790
5.33220 5.22322 4.62452 4.62452 4.62452 0.00000 3.02047 2.97086 2.95389 2.29384 2.20468 2.05337 2.11599 2.20494 2.23166 2.23166 2.23166 2.23166 2.23166 2.23166 2.23166 2.23166 2.23166 2.23161 2.13581 2.11062 2.09708 2.07408 2.04106 2.03012 2.03622 2.01312 1.99781 2.00204 2.09148 2.34253 2.39830 2.41999 2.43192 2.49729 2.47789 2.50087 2.50224 2.49853 2.49485 2.46883 2.50629 2.62125 2.62296 2.65001 2.64933 2.64837 2.64771 2.64997 2.65277 2.66310 2.64741 2.65645 2.65362 2.65031 2.61161 2.59777 2.58873 2.58125 2.52721
5.33220 5.33061 4.80871 4.62452 4.62452 0.00000 2.95389 2.95389 2.95389 2.46322 2.22706 2.08554 2.09836 2.18823 2.16705 2.14577 2.12456 2.10704 2.09155 2.07608 2.06064 2.04515 2.02965 2.01427 1.97955 1.96911 1.97183 1.97255 1.95807 1.92419 2.01418 2.04297 2.05488 2.04171 2.04793 2.41450 2.39704 2.38966 2.39731 2.59679 2.57896 2.56064 2.56346 2.56635 2.56916 2.56154 2.53948 2.72311 2.73195 2.75852 2.76538 2.76208 2.75879 2.75550 2.75221 2.71828 2.61973 2.63107 2.62550 2.61965 2.60287 2.55472 2.52904 2.50077 2.46126
5.33415 5.40275 5.32822 4.62452 4.62452 0.00000 2.85249 2.92068 2.92383 2.79691 2.33254 2.27018 2.20606 2.24548 2.00540 2.00525 2.01355 2.01816 2.02071 2.02327 2.02583 2.02838 2.03094 2.03349 2.03605 2.04481 2.07739 2.13699 2.18182 2.17326 2.06999 2.02576 2.02248 2.02248 1.91681 2.34837 2.41162 2.41162 2.41162 2.54535 2.62583 2.57953 2.58039 2.58421 2.58811 2.59164 2.52912 2.65172 2.71073 2.72074 2.74223 2.74223 2.74223 2.74214 2.73827 2.73006 2.60292 2.63158 2.67651 2.72795 2.77893 2.49029 2.46197 2.46023 2.43092
5.93552 6.03988 6.03988 6.03988 0.00000 2.85249 2.85249 2.86007 2.90216 2.90263 2.41607 2.33837 2.23496 2.30247 2.10210 2.03998 2.03998 2.03998 2.03998 2.03998 2.03998 2.04758 2.10045 2.16385 2.22733 2.28451 2.31675 2.32062 2.30945 2.27475 2.12295 2.02248 2.02248 2.02248 1.95715 2.18290 2.42095 2.43355 2.44690 2.50143 2.69438 2.66838 2.66292 2.67229 2.68157 2.69106 2.63914 2.68078 2.82443 2.83665 2.87959 2.88612 2.89061 2.92126 2.97951 3.04056 3.00074 3.00988 3.02424 3.02878 3.01222 2.63755 2.38883 2.37147 2.36223
6.02051 6.03988 6.03988 6.03988 0.00000 2.85249 2.85249 2.85249 2.88938 2.90319 2.55167 2.35665 2.25757 2.27811 2.19152 2.03998 2.04866 2.08478 2.13452 2.20338 2.27381 2.33752 2.35498 2.36164 2.36836 2.37528 2.38220 2.38536 2.36873 2.38945 2.29329 2.11067 2.11866 2.12959 2.11031 2.20332 2.66730 2.66968 2.66968 2.66968 2.84166 2.87371 2.82594 2.82594 2.82594 2.82594 2.79538 2.72143 2.91786 2.94544 3.01367 3.07532 3.12175 3.14148 3.13992 3.14373 3.08726 3.02273 3.04763 3.05551 3.06061 2.85318 2.39720 2.37806 2.37482
5.62584 6.13366 6.33021 6.55752 0.00000 2.85249 2.85249 2.85249 2.86345 2.90272 2.80410 2.56545 2.49184 2.46816 2.53769 2.32452 2.39515 2.43361 2.45521 2.45579 2.44946 2.42514 2.39976 2.37434 2.34898 2.32358 2.29820 2.27702 2.27479 2.44304 2.41113 2.21552 2.15152 2.15152 2.14805 2.06500 2.61798 2.66968 2.66968 2.66968 2.75503 2.88842 2.84956 2.86480 2.89353 2.95281 3.03062 3.01412 3.07867 3.08733 3.10357 3.14547 3.15851 3.17155 3.18221 3.18260 3.15196 3.01873 2.99592 2.97740 2.95905 2.82660 2.43242 2.23453 2.21803
5.75026 6.88780 6.88780 6.88780 6.88780 2.85249 2.85249 2.85249 2.85249 2.89182 2.90319 2.91805 2.91677 2.71934 2.75845 2.44198 2.37107 2.34567 2.32027 2.29490 2.27584 2.27475 2.27475 2.27475 2.27475 2.27475 2.27475 2.27475 2.27475 2.37801 2.44415 2.29952 2.15152 2.15152 2.15221 2.09948 2.52367 2.77630 2.81618 2.86057 2.92212 3.17055 3.21977 3.17371 3.21355 3.23001 3.24349 3.18922 3.13483 3.10760 3.11434 3.08983 3.07701 3.06685 3.05663 3.05138 3.05125 2.91980 2.80040 2.79424 2.79695 2.73495 2.53127 2.14790 2.14913
5.47242 6.88780 6.88780 6.88780 6.88780 2.85249 2.85249 2.85249 2.85249 2.90468 3.19225 3.21838 2.81088 2.59767 2.59540 2.42187 2.27475 2.27475 2.27475 2.27475 2.27475 2.27475 2.27475 2.27475 2.27475 2.27475 2.27475 2.27358 2.26606 2.31116 2.47926 2.60316 2.49155 2.54326 2.61072 2.59777 2.67343 2.89375 2.98114 3.03705 3.09654 3.23656 3.31350 3.22649 3.22441 3.23169 3.22264 3.17973 3.08576 3.01437 3.00342 2.98335 2.96313 2.95307 2.94300 2.93288 2.92280 2.93321 2.86827 2.82950 2.82950 2.80546 2.66065 2.26496 2.16453
5.27096 6.69411 6.88780 6.88780 6.88780 2.85249 2.85249 2.85249 2.85249 2.85249 3.17611 3.24682 2.85605 2.66949 2.57535 2.52188 2.28358 2.30520 2.32692 2.34862 2.36843 2.37951 2.38951 2.39952 2.40955 2.41952 2.42953 2.44069 2.45822 2.46146 2.63170 2.85810 2.84679 2.75744 2.76306 2.75986 2.70158 2.92734 3.16311 3.20496 3.23278 3.23219 3.25749 3.19453 3.11283 3.11283 3.11283 3.10975 3.00788 2.95099 2.93395 2.93134 2.91397 2.91357 2.91192 2.91008 2.90825 2.91697 2.88978 2.81841 2.81699 2.82237 2.68210 2.48376 2.18797
5.25226 6.08193 6.88780 6.88780 6.88780 2.81652 2.78395 2.75585 2.73152 2.70697 2.81042 3.07667 2.86101 2.65616 2.45808 2.51671 2.50715 2.49553 2.47919 2.45597 2.43459 2.42195 2.41039 2.39882 2.38726 2.37566 2.36407 2.35250 2.34294 2.34717 2.48018 2.72205 2.98582 2.88003 2.95044 3.00394 2.90688 2.92901 3.18185 3.20310 3.20310 3.20310 3.23429 3.24057 3.12434 3.11284 3.11328 3.11394 3.03841 2.96581 2.92513 2.92331 2.90640 2.89984 2.89967 2.89967 2.89967 2.90650 2.92838 2.83707 2.80804 2.69363 2.48230 2.32705 2.25267
5.23965 5.65467 6.88780 6.88780 6.88780 2.56939 2.51824 2.37390 2.22814 2.10578 2.05198 2.43527 2.45624 2.35732 2.33101 2.33819 2.33541 2.32365 2.31671 2.31665 2.31665 2.31665 2.31665 2.31665 2.31849 2.34940 2.39343 2.46822 2.57568 2.66335 2.76310 2.95353 3.21778 3.06430 3.02544 3.02544 2.94277 2.91179 3.07582 3.20384 3.20449 3.20515 3.22016 3.24187 3.16387 3.08379 3.07057 3.05710 3.00252 2.89791 2.82820 2.81593 2.79718 2.77554 2.77206 2.76887 2.72697 2.61138 2.51425 2.31032 2.21251 2.20090 2.19513 2.19264 2.15919
5.22461 5.31476 6.88132 6.88780 6.88780 1.99076 1.97152 1.96920 1.96920 1.96920 1.96920 2.11676 2.38718 2.31665 2.33672 2.30760 2.31705 2.31665 2.31665 2.31940 2.34233 2.37259 2.42066 2.51137 2.59766 2.65110 2.68930 2.70256 2.68613 2.66978 2.65406 2.77907 2.95355 2.94429 2.81926 2.80334 2.74819 2.68667 2.72386 2.95654 2.94981 2.93814 2.92747 2.95421 2.94863 2.84485 2.83989 2.83989 2.83482 2.72882 2.68351 2.67824 2.64369 2.52797 2.41888 2.30996 2.23823 2.22953 2.21520 2.14064 2.09139 2.08639 2.10689 2.19123 2.21555
4.95310 4.86343 6.30091 6.88780 6.76841 1.96920 1.96920 1.96920 1.96920 1.96920 1.96920 1.97109 2.21083 2.11935 2.18231 2.15128 2.17447 2.18445 2.20460 2.22697 2.24950 2.43884 2.47744 2.48116 2.48752 2.49774 2.50796 2.51816 2.52839 2.53860 2.54881 2.59876 2.71480 2.86706 2.70461 2.70011 2.69073 2.61368 2.63853 2.82978 2.92014 2.92014 2.92014 2.94016 2.95736 2.88981 2.84487 2.85422 2.81764 2.64135 2.46548 2.31154 2.24375 2.21063 2.18996 2.18689 2.18382 2.18501 2.21567 2.22260 2.15976 2.16682 2.17415 2.24447 2.25740
4.87724 4.60914 4.92366 5.46418 5.18725 1.96920 1.96920 1.96920 1.96920 1.97400 2.01029 2.04805 2.07639 2.07217 2.12300 2.17456 2.18989 2.21409 2.23056 2.24223 2.25391 2.47353 2.53980 2.54993 2.55378 2.55378 2.55378 2.55378 2.55378 2.55378 2.55378 2.57226 2.64461 2.87062 2.75931 2.70011 2.70011 2.62599 2.63461 2.70898 2.92336 2.92493 2.92119 2.90031 2.85283 2.71926 2.61573 2.50427 2.42964 2.34963 2.21919 2.08791 2.04002 2.05844 2.18101 2.17510 2.16922 2.16331 2.15849 2.18365 2.26011 2.26107 2.26047 2.30339 2.32122
4.38514 4.23961 4.19073 5.17733 5.17733 2.00689 2.04510 2.07892 2.10912 2.13305 2.12319 2.10459 2.05947 2.05961 2.14351 2.29538 2.28454 2.29347 2.29323 2.29323 2.29323 2.39402 2.55378 2.55378 2.55378 2.55378 2.55378 2.55378 2.55378 2.55378 2.55378 2.56167 2.65217 2.82051 2.83747 2.71365 2.71775 2.67255 2.62648 2.58356 2.73483 2.63766 2.50101 2.38416 2.32205 2.29167 2.26420 2.23306 2.20289 2.18427 2.05634 1.95716 1.92855 1.92093 2.08111 2.09428 2.08628 2.07830 2.07029 2.10599 2.18373 2.19702 2.19305 2.22279 2.26159
5.08863 5.08863 5.08863 5.08863 5.36195 5.44346 5.63215 5.96560 5.94178 5.90226 5.86273 5.84111 6.35500 6.56316 6.50345 6.55913 6.61563 6.63014 6.61055 6.56831 6.56831 6.56831 6.56831 6.56831 6.56831 6.56831 6.56831 6.56831 6.56831 1.83886 1.88351 1.88836 1.89734 2.03444 1.99752 1.96056 1.92502 1.89789 1.88688 1.87941 1.87193 1.86446 1.85698 1.74131 1.63047 1.62393 1.60926 1.57800 1.87217 2.12944 2.15401 2.14820 2.14348 2.13992 2.15791 2.21506 2.50224 2.63717 2.66282 2.66940 2.67187 2.67388 2.68040 2.69313 2.73817
5.08863 5.03323 4.85376 4.66763 4.54818 4.92535 5.01631 5.89751 5.94326 6.00122 6.06571 6.10686 6.39038 6.86528 6.63089 6.63014 6.63014 6.63014 6.62842 6.56506 6.54549 6.53181 6.51807 6.50437 6.49069 6.52345 6.64978 6.77885 6.90789 1.42976 1.49927 1.48837 1.48837 1.71521 1.76252 1.75421 1.74590 1.73774 1.72970 1.72180 1.71402 1.70636 1.69883 1.66299 1.58975 1.59204 1.59431 1.55209 1.74792 2.03803 2.17723 2.21803 2.27269 2.32618 2.35825 2.36139 2.51265 2.73639 2.73269 2.74220 2.75295 2.76370 2.76996 2.77000 2.77903
4.49353 4.29333 4.21364 4.13304 4.07872 4.64072 4.84778 5.64095 6.09742 6.08308 6.06870 6.05439 6.06436 6.86529 6.56574 6.54058 6.52960 6.51865 6.50784 6.45830 6.41071 6.43702 6.56870 6.71140 6.85421 6.95043 6.95308 6.95308 6.95308 1.28513 1.40038 1.39800 1.39292 1.49457 1.63947 1.63938 1.63938 1.63938 1.63938 1.63938 1.63938 1.63938 1.63938 1.63879 1.60827 1.60667 1.61252 1.59060 1.67220 1.99238 2.33676 2.39533 2.40608 2.41684 2.42756 2.43219 2.44902 2.76693 2.77472 2.77000 2.77000 2.77000 2.77000 2.77000 2.77000
3.98360 3.96927 3.95488 3.94053 3.92621 4.16852 4.74718 4.98457 5.95392 5.95392 5.95392 5.95392 5.95392 6.67411 6.55710 6.50407 6.50407 6.51364 6.60792 6.71733 6.82570 6.94207 6.95308 6.95308 6.95308 6.95308 6.95308 6.95308 6.95308 1.24419 1.34537 1.38131 1.38388 1.39544 1.62497 1.63938 1.63938 1.63938 1.63938 1.63938 1.63944 1.64834 1.66028 1.68112 1.67976 1.69252 1.70870 1.71114 1.69188 1.95125 2.24861 2.43219 2.43219 2.43219 2.43219 2.43219 2.43219 2.64121 2.77825 2.77000 2.77000 2.77000 2.76374 2.74378 2.72288
