results/OMI_NO2_201102.asc
ncols      200
nrows      200
xllcorner       120.258
yllcorner       41.1236
cellsize     0.0166667
NODATA_Value      -999.000
[rows 58 to 86 of 200, columns 130 to 194 of 200]
2.04108 2.12850 2.26259 2.39986 2.53404 2.58435 2.56878 2.49328 2.40058 2.28896 2.16540 2.15952 2.15952 2.15945 2.15067 2.13585 2.12102 2.11871 2.28369 2.21860 2.21764 2.05733 1.98309 1.98309 1.98309 1.98309 1.98309 2.00073 1.80048 1.45476 1.46530 1.46819 1.45187 1.40973 1.35835 1.30117 1.25856 1.25340 1.24811 1.21490 1.18047 1.14891 1.12459 1.21110 1.10150 1.10150 1.10761 1.22043 1.17041 1.15104 1.15104 1.15104 1.15104 1.15104 1.15104 1.15104 1.15104 1.11647 0.620018 0.590782 0.598153 0.615259 0.638830 0.673065 0.690583
2.49547 2.58116 2.56691 2.49036 2.41549 2.34707 2.29518 2.29026 2.28784 2.23689 2.15462 2.11472 2.09989 2.08515 2.07914 2.07914 2.07914 2.07914 2.20687 2.22518 2.21764 2.15309 1.98309 1.98309 1.98309 1.98951 1.99219 1.90285 1.79311 1.34589 1.30956 1.27497 1.25458 1.25340 1.24407 1.20882 1.17489 1.14380 1.11889 1.11571 1.11571 1.11571 1.11574 1.18706 1.12669 1.10150 1.10150 1.17505 1.20016 1.15104 1.15104 1.15104 1.15104 1.15104 1.15104 1.15104 1.15364 1.16045 0.917052 0.669450 0.690583 0.762656 0.929934 1.09765 1.26521
2.42358 2.34465 2.29424 2.28789 2.27849 2.26862 2.25875 2.24888 2.24006 2.21152 2.15123 2.07914 2.07914 2.07914 2.07914 2.07914 2.07914 2.07914 2.10977 2.26793 2.22823 2.23908 2.05254 1.93197 1.79781 1.65858 1.53469 1.48982 1.49036 1.34411 1.23849 1.20282 1.16939 1.13875 1.11704 1.11571 1.11571 1.11571 1.11571 1.11571 1.11571 1.11571 1.11571 1.12694 1.19866 1.07497 1.03930 1.02477 1.04680 1.14535 1.15104 1.15104 1.15251 1.15897 1.16582 1.17271 1.17940 1.23906 1.30131 1.14570 1.19271 1.16884 1.09175 0.985760 0.997685
2.40788 2.25645 2.24658 2.23908 2.23862 2.23862 2.23862 2.23862 2.23862 2.22967 2.18733 2.08613 2.07914 2.07914 2.08167 2.09264 2.10430 2.11609 2.17125 2.40618 2.39999 2.38149 1.93763 1.48563 1.47492 1.47490 1.44891 1.40324 1.36187 1.32019 1.11212 1.11571 1.11571 1.11571 1.11571 1.11571 1.11571 1.11571 1.11571 1.10715 1.08363 1.05981 1.03603 1.01048 1.03144 0.909693 0.901313 0.901896 0.951733 1.07969 1.16436 1.17123 1.18942 1.26523 1.34340 1.36120 1.36105 1.31654 1.25947 1.02696 0.834247 0.765647 0.708193 0.677331 0.691836
2.54814 2.23862 2.23862 2.23862 2.23862 2.23862 2.23862 2.23862 2.23862 2.27058 2.23802 2.15501 2.12061 2.14980 2.23173 2.29928 2.32458 2.34814 2.32839 2.36986 2.40897 2.30848 2.15758 1.40599 1.35476 1.31700 1.30031 1.30031 1.30031 1.32481 1.17508 1.11571 1.11571 1.11326 1.09303 1.06919 1.04541 1.02159 0.997792 0.982524 0.982258 0.982258 0.982258 0.982258 0.986501 0.981141 0.907236 0.910669 0.960703 1.10761 1.31466 1.32046 1.31535 1.26590 1.20949 1.12924 1.05751 0.994797 0.940431 0.884932 0.677276 0.676980 0.676980 0.676980 0.677943
2.64345 2.31120 2.23862 2.24077 2.28595 2.35134 2.42135 2.49630 2.58049 2.68992 2.59921 2.44416 2.39585 2.40207 2.35304 2.30982 2.30830 2.31091 2.35859 2.42786 2.32782 2.01675 1.99648 1.51389 1.30031 1.30031 1.30031 1.30031 1.30045 1.30712 1.28558 1.04346 1.00717 0.985807 0.982258 0.982258 0.982258 0.982258 0.982258 0.982258 0.982258 0.983411 0.985712 0.988033 0.987504 1.04045 1.00416 1.03448 1.05737 1.06193 1.16872 1.10590 1.03717 0.976928 0.929925 0.923606 0.923606 0.923606 0.923606 0.923606 0.754040 0.676980 0.676980 0.676980 0.676980
2.80107 2.70467 2.51555 2.59468 2.65425 2.74598 2.83823 2.93133 3.00351 2.96412 2.86612 2.44762 2.32835 2.31163 2.36096 2.42974 2.50502 2.58405 2.60600 2.60600 2.44763 2.04653 1.99650 1.79727 1.30089 1.30119 1.30150 1.30181 1.30197 1.30197 1.33814 1.09062 0.982258 0.982258 0.982258 0.982258 0.982258 0.982978 0.985218 0.988349 0.990253 0.979834 0.967453 0.954202 0.937106 0.995332 1.02881 0.967103 0.921369 0.879984 0.890857 0.923606 0.923606 0.923606 0.923606 0.923606 0.923606 0.923606 0.923606 0.923606 0.864997 0.676980 0.676980 0.676980 0.676980
2.99894 2.92480 2.87781 2.98768 3.04795 2.99353 2.92990 2.86513 2.81781 2.82366 2.90639 2.69323 2.57948 2.58618 2.60600 2.60600 2.60600 2.60611 2.60647 2.60684 2.59201 2.17757 1.99808 1.99230 1.39163 1.30197 1.30197 1.30197 1.30197 1.30197 1.31994 1.24970 0.982563 0.982640 0.988664 0.993578 0.984570 0.973862 0.960660 0.945585 0.932598 0.931875 0.919893 0.903869 0.887859 0.886039 0.877921 0.853677 0.853677 0.853677 0.865544 0.923606 0.923606 0.923606 0.923606 0.923606 0.923606 0.923606 0.923606 0.923606 0.922662 0.727996 0.676980 0.676980 0.676980
2.65655 2.72217 2.83329 2.89439 2.82605 2.82519 2.91019 3.02455 3.15219 3.28556 3.31651 3.13122 2.73845 2.61136 2.60699 2.60736 2.60773 2.60798 2.60799 2.60799 2.60799 2.39515 2.02190 1.99814 1.66886 1.30197 1.30197 1.30197 1.30485 1.32266 1.32657 1.33993 1.03502 0.967164 0.949081 0.932868 0.932556 0.930846 0.917164 0.901138 0.885127 0.869785 0.865765 0.865765 0.865765 0.868873 0.890395 0.858112 0.853677 0.853677 0.853699 0.909416 0.923606 0.923606 0.923606 0.923606 0.923606 0.923606 0.923606 0.911560 0.859803 0.758204 0.676980 0.676980 0.675237
2.63340 2.54102 2.65235 3.02843 3.15710 3.28873 3.31775 3.33082 3.34679 3.36277 3.37873 3.38774 2.86411 2.67343 2.60799 2.60799 2.60799 2.60799 2.60799 2.60799 2.60799 2.56226 2.12848 2.00731 1.96619 1.36909 1.34729 1.32324 1.29994 1.26192 1.23985 1.25380 1.12976 0.929350 0.914416 0.898399 0.882382 0.868089 0.865765 0.865765 0.865765 0.865765 0.865765 0.865765 0.865765 0.865765 0.885152 0.872464 0.851003 0.844628 0.838216 0.868102 0.923606 0.923606 0.923606 0.918123 0.871641 0.816769 0.761875 0.719028 0.713166 0.706521 0.663212 0.649563 0.642290
2.94256 3.00863 2.95840 3.25893 3.36660 3.38256 3.39731 3.40022 3.40022 3.40022 3.40022 3.40022 3.06498 2.74944 2.60799 2.60799 2.60799 2.60945 2.62929 2.65472 2.68014 2.70827 2.44654 2.11227 2.09478 1.53500 1.23700 1.24081 1.24095 1.23665 1.22355 1.21377 1.19619 0.887500 0.865765 0.865765 0.865765 0.865765 0.865765 0.865765 0.865765 0.865765 0.864933 0.859299 0.852888 0.846491 0.848610 0.855808 0.819302 0.817838 0.817838 0.825409 0.881970 0.828586 0.773735 0.724071 0.711431 0.705729 0.699404 0.692645 0.688630 0.687569 0.673933 0.666855 0.687296
3.15261 3.16166 3.03887 3.15332 3.40022 3.40022 3.40022 3.40022 3.40022 3.40022 3.40022 3.40022 3.26601 2.83550 2.68556 2.69051 2.71662 2.74741 2.75991 2.76107 2.77137 2.77898 2.68787 2.20494 2.08374 1.86449 1.22127 1.20793 1.19458 1.18555 1.18529 1.18533 1.19547 1.01130 0.865765 0.865765 0.865729 0.861887 0.855475 0.849075 0.842674 0.836262 0.830693 0.829926 0.829926 0.829926 0.830257 0.853973 0.808884 0.751310 0.707412 0.663866 0.689004 0.703442 0.696698 0.690170 0.687659 0.687070 0.697626 0.712950 0.728287 0.743624 0.750517 0.726632 0.725275
3.16642 3.16642 3.10212 3.03259 3.36580 3.40022 3.40022 3.32632 3.18099 3.04810 2.92601 2.81350 2.74030 2.90325 2.85998 2.77597 2.78558 2.78906 2.79247 2.80163 2.80132 2.72598 2.60272 2.32267 2.03538 2.02561 1.31776 1.18529 1.18529 1.18529 1.18529 1.19023 1.22213 1.19479 0.852419 0.838850 0.832485 0.829926 0.829926 0.829926 0.829926 0.829926 0.829926 0.829926 0.815919 0.772869 0.728954 0.751287 0.861226 0.626978 0.607131 0.610159 0.645801 0.688477 0.702264 0.717587 0.732925 0.747787 0.752134 0.752134 0.752134 0.752134 0.752134 0.738220 0.725275
3.16642 3.16278 3.05627 2.80824 2.85637 2.89704 2.78675 2.73375 2.74139 2.74967 2.75798 2.77611 2.78379 2.86347 2.97035 2.80207 2.80088 2.72140 2.59860 2.48659 2.38423 2.34246 2.34246 2.34520 2.10717 2.02808 1.67160 1.22471 1.25057 1.27644 1.30230 1.32323 1.32912 1.36223 0.949143 0.829926 0.829926 0.829926 0.829926 0.829926 0.822466 0.782339 0.738390 0.760718 0.859928 0.979511 1.09236 1.15304 1.12357 0.707627 0.574932 0.597634 0.670987 0.745524 0.752134 0.752134 0.752134 0.752134 0.752134 0.752134 0.752134 0.752134 0.752134 0.749055 0.725568
2.67229 2.57415 2.54425 2.42546 2.31463 2.74552 2.76302 2.78511 2.79372 2.79576 2.79779 2.78996 2.78712 2.71209 2.76778 2.52348 2.38098 2.34246 2.34246 2.34246 2.34484 2.36650 2.39236 2.41839 2.34809 2.15557 2.11038 1.35543 1.32511 1.32511 1.32511 1.32511 1.32511 1.35304 1.16056 0.832147 0.826952 0.787385 0.730130 0.769741 0.858066 0.969257 1.07693 1.13032 1.13062 1.13002 1.12892 1.12784 1.12135 0.979667 0.605091 0.605116 0.665904 0.720245 0.752134 0.752134 0.752134 0.752134 0.752134 0.752134 0.752134 0.752134 0.752134 0.752134 0.735381
2.34402 2.24809 2.15332 2.12651 2.04097 2.57190 2.80765 2.79438 2.78624 2.69940 2.57802 2.46725 2.36672 2.33145 2.43827 2.44499 2.37698 2.40285 2.42871 2.45458 2.47807 2.48227 2.48227 2.48227 2.48217 2.20878 2.16789 1.64073 1.32511 1.32511 1.32511 1.32455 1.30472 1.29252 1.25754 0.886417 0.858043 0.964725 1.08931 1.13062 1.13059 1.12985 1.12875 1.12766 1.12656 1.12605 1.12605 1.12605 1.12345 1.13153 0.672304 0.605091 0.636605 0.694937 0.752134 0.752134 0.752134 0.752134 0.752134 0.752134 0.752134 0.752134 0.751686 0.747618 0.738821
2.15542 2.12388 2.08579 2.03005 2.00917 2.16408 2.57382 2.46341 2.36389 2.33142 2.32118 2.30282 2.28448 2.26613 2.28706 2.41647 2.47919 2.48227 2.48227 2.48227 2.48227 2.48227 2.48227 2.48227 2.48293 2.34465 2.16242 1.95077 1.26309 1.24068 1.24948 1.35083 1.48487 1.61988 1.74500 1.47584 1.13075 1.12966 1.12856 1.12747 1.12639 1.12605 1.12605 1.12605 1.12605 1.12605 1.12605 1.12605 1.12594 1.12243 0.900360 0.610053 0.646769 0.760325 0.769129 0.752134 0.752134 0.752134 0.752020 0.748649 0.743789 0.738927 0.734517 0.738705 0.755280
2.00033 1.92723 1.84145 1.76316 1.69468 1.68221 2.21164 2.28000 2.26167 2.24334 2.23525 2.23525 2.23525 2.23525 2.23548 2.38399 2.45623 2.48227 2.48227 2.48227 2.48227 2.46680 2.43744 2.40805 2.36580 2.24924 1.90364 1.93751 1.59103 1.64234 1.74770 1.76102 1.76086 1.75988 1.76445 1.65412 1.21381 1.12605 1.12605 1.12605 1.12605 1.12605 1.12605 1.12605 1.12605 1.12643 1.14751 1.18031 1.21307 1.24155 1.25576 0.804841 0.788852 0.865616 0.835125 0.749680 0.744818 0.739960 0.735258 0.743435 0.760472 0.775152 0.785265 0.790290 0.783724
1.60526 1.63436 1.61601 1.59766 1.58016 1.58905 1.89042 2.23525 2.23525 2.23525 2.23525 2.23525 2.23525 2.23525 2.23525 2.31518 2.40198 2.42524 2.39586 2.36532 2.28322 2.18853 2.10039 1.97832 1.86735 1.81671 2.02793 2.20278 2.02174 1.75969 1.75859 1.75750 1.75656 1.75645 1.75861 1.75042 1.38515 1.12605 1.12605 1.12605 1.13545 1.16734 1.20014 1.23288 1.26570 1.29808 1.30981 1.30981 1.30981 1.30882 1.31069 1.00146 0.784664 0.815868 0.872610 0.749376 0.763765 0.774009 0.783966 0.784295 0.777259 0.773039 0.773824 0.774726 0.775627
1.36955 1.57572 1.57572 1.57572 1.57572 1.57944 1.64657 2.21602 2.23525 2.23525 2.25124 2.31991 2.39712 2.47978 2.56847 2.58045 2.15666 2.13003 2.04541 1.92353 1.85252 1.80933 1.77353 1.77170 1.79608 1.87111 1.89449 2.19699 2.17478 1.77761 1.75645 1.75645 1.75645 1.75645 1.75525 1.74259 1.59308 1.28008 1.25271 1.28551 1.30887 1.30981 1.30981 1.30981 1.30981 1.30981 1.30981 1.30926 1.30630 1.30307 1.30105 1.25563 0.802397 0.822081 0.920257 0.818422 0.772749 0.773203 0.774105 0.775007 0.775908 0.776348 0.776348 0.776348 0.776348
1.36350 1.54413 1.57572 1.57572 1.57572 1.59633 1.66274 2.16510 2.50060 2.59089 2.65837 2.58560 2.48877 2.39171 2.27271 2.15100 1.86041 1.76615 1.77260 1.77170 1.79868 1.87456 1.95801 2.04951 2.11508 2.11673 1.99200 2.07931 2.19820 1.92572 1.72319 1.69571 1.66824 1.64076 1.61455 1.61245 1.62804 1.52806 1.30981 1.30981 1.30981 1.30981 1.30981 1.30959 1.30698 1.30375 1.31415 1.34966 1.38728 1.42515 1.45731 1.48533 1.01189 0.857614 0.892729 0.870557 0.776142 0.776348 0.776348 0.776348 0.776348 0.776348 0.776348 0.776348 0.776348
1.51593 1.47299 1.71572 1.77530 1.83932 1.87860 1.86523 2.00003 2.43035 2.33334 2.21705 2.13977 2.08807 2.03634 2.00665 2.00842 1.93416 1.81232 1.96099 2.05367 2.11582 2.11673 2.11673 2.11650 2.09628 2.06332 2.02503 1.83283 2.07126 1.96361 1.60783 1.60783 1.60783 1.60783 1.60783 1.60896 1.61760 1.64526 1.34747 1.30977 1.30820 1.31233 1.33072 1.36567 1.40285 1.44076 1.46500 1.46469 1.46994 1.48522 1.50090 1.52394 1.29532 0.859523 0.872473 0.913729 0.782655 0.776348 0.776348 0.776348 0.776348 0.776348 0.776348 0.776348 0.776348
1.81394 1.60280 1.82647 1.79148 1.74465 1.69777 1.64199 1.59867 1.98165 2.02766 2.00197 2.00842 2.05321 2.16004 2.27905 2.41219 2.48555 2.06439 2.08875 2.08278 2.04980 2.01684 1.98386 1.95114 1.93839 1.93839 1.93839 1.78323 1.98592 2.04958 1.69922 1.60783 1.60783 1.60783 1.60783 1.62541 1.62421 1.58747 1.47056 1.38172 1.41793 1.44844 1.46469 1.46469 1.47236 1.48789 1.50341 1.51893 1.52921 1.52945 1.52945 1.53370 1.51470 0.927114 0.859772 0.911364 0.833702 0.776348 0.776348 0.776348 0.776348 0.776348 0.776348 0.776348 0.776348
1.65873 1.53208 1.48231 1.57347 1.55693 1.55509 1.58185 1.58221 1.73547 2.16488 2.28439 2.41820 2.49871 2.49704 2.49090 2.48458 2.47826 2.18938 1.98397 1.93839 1.93839 1.93839 1.93839 1.93839 1.93839 1.93839 1.93839 1.91290 1.81749 2.05231 1.92110 1.69239 1.73286 1.72765 1.74646 1.75344 1.66743 1.58689 1.62489 1.47454 1.47503 1.49055 1.50608 1.52160 1.52945 1.52945 1.52945 1.52945 1.52945 1.52945 1.52945 1.53048 1.53545 1.19404 0.859117 0.870165 0.845732 0.776348 0.776348 0.776348 0.776348 0.776353 0.783521 0.797100 0.810675
1.62485 1.68894 1.49300 1.61540 1.67331 1.76042 1.85734 1.96480 1.89812 2.45436 2.48309 2.47677 2.47045 2.46597 2.46580 2.46580 2.46580 2.36689 2.00465 1.94308 1.93839 1.93839 1.93839 1.93839 1.95578 2.02221 2.09663 2.17754 2.01973 2.34180 2.34620 1.80807 1.75736 1.79219 1.80216 1.80322 1.80684 1.63170 1.66927 1.60145 1.52945 1.52945 1.52945 1.52945 1.52945 1.52945 1.52945 1.52945 1.52945 1.52234 1.49946 1.47602 1.45853 1.36307 0.752095 0.732666 0.763259 0.774795 0.780868 0.794216 0.807790 0.821360 0.826946 0.824675 0.827782
1.78875 1.69822 1.60982 1.91315 2.01519 2.00886 2.00255 1.99622 1.92196 2.19268 2.46580 2.46580 2.46580 2.46580 2.46580 2.46580 2.46580 2.46580 2.08386 2.01085 2.05274 2.12977 2.21327 2.30568 2.38134 2.35210 2.25064 2.14559 1.96070 2.04720 2.39242 2.05053 1.82097 1.83958 1.85821 1.87578 1.87987 1.73360 1.67480 1.68076 1.53303 1.52945 1.52945 1.52785 1.50903 1.48558 1.46215 1.43870 1.41524 1.39892 1.39834 1.39834 1.40099 1.40180 0.964274 0.738406 0.775983 0.807533 0.826019 0.827650 0.858484 0.895635 0.933646 0.973068 1.02714
1.55525 1.45855 1.45798 1.79563 1.99306 1.99306 1.99306 1.99306 1.98885 1.94332 2.46514 2.46580 2.46580 2.46132 2.41810 2.36967 2.32539 2.28458 2.32240 2.45183 2.38711 2.37202 2.27646 2.17018 2.06201 1.99017 1.98670 1.98670 1.98670 1.83386 2.44502 2.36045 1.88016 1.87987 1.87987 1.87987 1.87987 1.81759 1.65360 1.66452 1.53402 1.44827 1.42482 1.40298 1.39834 1.39834 1.39834 1.39834 1.39834 1.39834 1.39903 1.40641 1.41561 1.42642 1.23116 0.782624 0.826903 0.893444 0.969503 1.00572 1.04974 1.11149 1.17315 1.23489 1.27660
1.71903 1.45216 1.45216 1.58571 1.96330 1.99306 1.99306 1.99306 1.98628 1.87796 2.21911 2.31509 2.27516 2.24117 2.23649 2.23913 2.24177 2.23757 2.18449 2.27268 2.10092 1.99606 1.98670 1.98670 1.98670 1.98670 1.98670 1.98670 1.98670 1.87894 2.23308 2.47012 2.00877 1.86200 1.84090 1.81977 1.79866 1.77637 1.58637 1.56667 1.53772 1.39882 1.39834 1.39834 1.39834 1.39834 1.39848 1.40448 1.41353 1.41189 1.37014 1.31912 1.26643 1.26588 1.32028 0.985729 0.939194 1.04427 1.17091 1.25376 1.27774 1.27774 1.27774 1.27774 1.27774
1.87760 1.46791 1.45216 1.46764 1.81807 1.92324 1.89811 1.87500 1.85797 1.86753 1.97494 2.24069 2.24333 2.24058 2.19127 2.10482 2.01829 1.93856 1.91988 2.01340 2.03413 1.98670 1.98670 1.98670 1.98670 1.98670 1.98670 1.97901 1.95336 1.92369 1.86275 2.38011 2.13739 1.76549 1.76549 1.76549 1.76549 1.76549 1.65553 1.56493 1.56840 1.44563 1.39834 1.40257 1.41272 1.40764 1.36524 1.31552 1.26289 1.22087 1.21831 1.21562 1.20280 1.20469 1.29504 1.31513 1.07492 1.13106 1.20867 1.27774 1.27774 1.27774 1.27774 1.27774 1.27774
