results/OMI_NO2_200807.asc
ncols      200
nrows      200
xllcorner       120.258
yllcorner       41.1236
cellsize     0.0166667
NODATA_Value      -999.000
[rows 0 to 28 of 166, columns 0 to 66 of 200]
1.81445 1.81445 1.68128 1.49811 1.39598 1.33100 1.28620 1.25335 1.31035 1.49678 1.50543 1.51398 1.52206 1.52899 1.53010 1.53010 1.53010 1.53010 1.53105 1.55817 1.59077 1.61724 1.60755 1.56101 1.56101 1.56101 1.55387 1.96641 2.02511 1.76485 1.46310 1.27494 1.28159 1.22973 1.19841 1.25872 1.48211 1.58658 1.67400 1.74801 1.78394 1.77641 1.90143 2.04327 2.03341 2.03652 2.13705 2.13705 2.13705 2.12651 2.12200 2.17295 2.23918 2.37498 2.75352 2.76979 2.76928 2.73886 2.62235 2.49284 2.38600 2.25595 2.22209 2.22803 2.17825 2.16669 2.34479
1.34836 1.30458 1.28231 1.28220 1.28220 1.28220 1.28220 1.28220 1.28808 1.51325 1.53010 1.53010 1.53010 1.51897 1.33594 1.36389 1.40033 1.43076 1.45563 1.45960 1.45472 1.44969 1.42584 1.30620 1.29612 1.21387 1.12331 1.05393 1.00297 0.957926 0.951209 0.949491 1.03098 1.07068 1.07107 1.22126 1.53421 1.55711 1.56538 1.57300 1.56760 1.55155 1.61478 1.81572 1.81648 1.81663 2.05361 2.14240 2.23313 2.33941 2.39886 2.42398 2.42063 2.34908 2.61603 2.57705 2.49278 2.37767 2.31967 2.32114 2.32114 2.27996 2.16210 2.09740 2.01540 1.83506 1.93723
1.25742 1.24989 1.24254 1.23540 1.22848 1.22170 1.21513 1.20874 1.20249 1.32458 1.39887 1.42419 1.45553 1.48150 1.33472 1.31876 1.31485 1.35211 1.39049 1.39019 1.37486 1.30763 1.24115 1.07666 1.02257 1.00974 1.01099 1.02019 1.02051 1.01774 1.02094 1.04215 1.09027 1.17983 1.19783 1.20741 1.43640 1.47991 1.45202 1.42567 1.40775 1.41365 1.56028 1.77016 1.86220 1.91823 2.16146 2.29182 2.29505 2.36856 2.40159 2.34131 2.28493 2.19886 2.25804 2.40868 2.39664 2.32479 2.17269 2.10918 2.05055 2.00701 1.94764 1.94442 1.94442 1.82743 1.85307
1.09841 1.09841 1.09841 1.09841 1.09841 1.09841 1.10112 1.14620 1.19889 1.28036 1.40900 1.41682 1.41682 1.41682 1.31447 1.26386 1.22713 1.21264 1.22674 1.17507 1.13897 1.13401 1.13401 1.06214 1.02816 1.06114 1.09450 1.08816 1.13754 1.13343 1.13167 1.11597 1.09805 1.14112 1.13564 1.12678 1.23741 1.37548 1.38202 1.43799 1.49776 1.55380 1.69587 1.83470 1.91965 1.92642 2.06301 2.23663 2.18400 2.16058 2.21591 2.21200 2.20163 2.18188 2.12671 2.17073 2.13046 2.12447 2.03316 2.00651 2.00651 2.00651 1.96603 1.94442 1.94585 1.90036 1.85139
1.09841 1.09841 1.10171 1.14762 1.20012 1.24557 1.28357 1.29287 1.29287 1.29456 1.40585 1.39008 1.32503 1.26398 1.15746 1.06659 1.05235 1.05590 1.14285 1.17002 1.19636 1.22161 1.24574 1.23884 1.20175 1.18488 1.16724 1.10833 1.09908 1.03890 1.02579 1.01433 1.00285 1.02020 1.07182 1.14431 1.24773 1.50374 1.60132 1.60756 1.60756 1.60756 1.63826 1.75538 1.85888 1.83296 1.85664 2.08593 2.08598 2.07536 2.16727 2.15480 2.15223 2.13277 2.05851 2.02634 2.00723 1.97605 1.97966 2.00651 2.00651 2.00651 1.97811 1.92517 1.91131 1.91848 1.81419
1.09841 1.09841 1.21228 1.29287 1.29287 1.29287 1.29091 1.26319 1.23042 1.20076 1.22255 1.18046 1.13867 1.16148 1.17726 1.14582 1.17149 1.19612 1.27637 1.28792 1.29001 1.29709 1.30438 1.25813 1.15139 1.15869 1.16597 1.15692 1.10283 1.00467 1.00402 1.08942 1.17033 1.24920 1.35817 1.36476 1.36476 1.48407 1.60110 1.59250 1.57179 1.55235 1.53216 1.62610 1.75115 1.77666 1.77260 1.98930 2.03461 2.00184 2.05523 2.06535 2.03415 2.02230 2.00142 1.94064 1.95196 1.93372 1.91579 1.91946 1.90148 1.88016 1.88167 1.91043 1.91317 1.93017 1.85573
1.09841 1.09841 1.11372 1.24445 1.21679 1.18849 1.16122 1.14200 1.13045 1.16691 1.27193 1.34443 1.29282 1.29668 1.30457 1.23736 1.23932 1.24660 1.30032 1.33756 1.34951 1.35716 1.36460 1.36079 1.19092 1.17412 1.17700 1.18381 1.13214 1.15340 1.30268 1.30338 1.30338 1.30338 1.33825 1.37459 1.40069 1.46949 1.56090 1.51189 1.50193 1.49197 1.48556 1.53400 1.64768 1.70926 1.66761 1.75550 1.83746 1.81687 1.84666 1.93291 1.91278 1.89260 1.88230 1.83403 1.84880 1.85641 1.85497 1.85416 1.85250 1.84148 1.84342 1.89980 1.90335 1.89946 1.87083
1.02044 1.01118 1.01066 1.13934 1.20706 1.21982 1.23975 1.21660 1.24057 1.28164 1.44325 1.50543 1.47741 1.46380 1.47235 1.40669 1.38596 1.39338 1.42968 1.48208 1.48272 1.48272 1.48582 1.49285 1.29801 1.19833 1.20249 1.20251 1.16835 1.12474 1.26990 1.30701 1.33024 1.35466 1.38666 1.42936 1.41850 1.40961 1.53633 1.46822 1.43854 1.41272 1.38688 1.37359 1.47851 1.51955 1.50990 1.54620 1.71313 1.72599 1.74461 1.87242 1.88230 1.88230 1.87535 1.83754 1.81108 1.82474 1.81672 1.81678 1.82746 1.82485 1.81888 1.85581 1.84587 1.82188 1.79838
1.30534 1.33028 1.35396 1.39776 1.49366 1.50745 1.50737 1.44208 1.40157 1.39840 1.49322 1.54596 1.54168 1.48390 1.48086 1.43877 1.40021 1.39974 1.41386 1.48429 1.49086 1.49743 1.50092 1.50047 1.39280 1.19095 1.19049 1.19046 1.19718 1.15892 1.23481 1.37325 1.37313 1.37187 1.37141 1.38626 1.39147 1.39101 1.40922 1.38397 1.34496 1.33253 1.31816 1.30389 1.35597 1.41449 1.41219 1.48695 1.66766 1.72310 1.71741 1.81774 1.82860 1.80680 1.79121 1.77635 1.74726 1.75822 1.73686 1.71296 1.68324 1.65479 1.63281 1.66646 1.70532 1.74045 1.78794
1.30540 1.30199 1.29864 1.29532 1.36572 1.39081 1.39038 1.37941 1.31894 1.31578 1.36081 1.45045 1.47389 1.42030 1.40974 1.40807 1.38987 1.39540 1.39777 1.47270 1.48001 1.47939 1.47877 1.47790 1.46037 1.20875 1.22139 1.24388 1.25028 1.19713 1.16850 1.33047 1.34867 1.34806 1.34165 1.33200 1.33015 1.31379 1.30067 1.32302 1.24193 1.23824 1.23881 1.23927 1.26208 1.35170 1.37258 1.38320 1.52111 1.56187 1.53090 1.61687 1.67894 1.65894 1.63617 1.62648 1.61611 1.62623 1.64275 1.64410 1.66802 1.70253 1.75020 1.80706 1.93450 1.95533 1.95533
1.22835 1.22592 1.22349 1.22106 1.24961 1.32621 1.32461 1.32449 1.28601 1.26442 1.27290 1.40433 1.44702 1.43392 1.39724 1.39635 1.36723 1.36634 1.36633 1.43203 1.46383 1.48417 1.50776 1.53161 1.54816 1.31998 1.23989 1.23948 1.22264 1.17484 1.11863 1.18203 1.26616 1.25127 1.24260 1.24395 1.26342 1.26719 1.26804 1.29726 1.26307 1.22343 1.20499 1.18225 1.16023 1.21005 1.26903 1.27011 1.40405 1.44597 1.44569 1.49226 1.62284 1.61892 1.61862 1.64418 1.69026 1.73124 1.78803 1.83192 1.84436 1.86085 1.86440 1.86440 1.91808 1.95533 1.95533
1.20681 1.21414 1.21414 1.21414 1.21419 1.30440 1.32981 1.33920 1.33889 1.29402 1.29687 1.37931 1.44679 1.45985 1.40187 1.39412 1.36801 1.37520 1.39877 1.46813 1.54523 1.54703 1.52708 1.50170 1.47626 1.31505 1.11763 1.09199 1.08456 1.08501 1.07284 1.06637 1.23054 1.23280 1.22629 1.21979 1.22320 1.22583 1.20313 1.19187 1.21490 1.12869 1.12322 1.12322 1.12322 1.15877 1.24936 1.26222 1.35081 1.41781 1.44463 1.50821 1.71373 1.77934 1.83499 1.85988 1.86115 1.85646 1.85308 1.85741 1.86211 1.86440 1.86440 1.86440 1.88594 1.95479 1.95533
1.12794 1.21414 1.21414 1.21414 1.21414 1.26839 1.36236 1.36236 1.36236 1.31874 1.30138 1.34064 1.45349 1.49515 1.46995 1.44259 1.42977 1.39918 1.37376 1.36972 1.42130 1.39734 1.39181 1.39177 1.38697 1.30765 1.08807 1.06079 1.05280 1.04474 1.02852 1.00895 1.11607 1.19329 1.17563 1.15654 1.13920 1.14070 1.13844 1.13844 1.18978 1.15249 1.12175 1.11811 1.11445 1.12251 1.24162 1.30907 1.40499 1.57661 1.64133 1.65938 1.81596 1.84914 1.85045 1.85183 1.85192 1.84675 1.82749 1.82387 1.82036 1.81670 1.81283 1.80857 1.80271 1.81975 1.78110
1.02169 1.21414 1.21414 1.21414 1.21414 1.21773 1.35469 1.38066 1.38971 1.38626 1.36056 1.39114 1.45897 1.47686 1.44459 1.32903 1.31405 1.28543 1.27736 1.27144 1.35593 1.35151 1.34343 1.33538 1.33211 1.31304 1.07757 1.03026 1.03026 1.03284 1.04019 1.03827 1.05719 1.11825 1.11745 1.11745 1.11745 1.13079 1.13560 1.11991 1.12850 1.16870 1.15063 1.17503 1.20089 1.22399 1.30335 1.38186 1.40680 1.57358 1.61845 1.61467 1.75870 1.79879 1.79784 1.79684 1.79578 1.79468 1.77799 1.76882 1.76744 1.76717 1.78527 1.80894 1.83344 1.78821 1.72979
0.902183 1.21917 1.23002 1.24089 1.25175 1.26113 1.32776 1.40316 1.40369 1.40694 1.44334 1.46438 1.45115 1.42155 1.39153 1.31103 1.26741 1.23827 1.23852 1.23891 1.31330 1.33808 1.33847 1.33887 1.33926 1.34236 1.15992 1.06212 1.06780 1.07700 1.07741 1.06520 1.05332 1.09695 1.11698 1.10475 1.10129 1.11836 1.14135 1.16789 1.19773 1.26530 1.23712 1.21610 1.20874 1.20122 1.22539 1.28991 1.28032 1.45717 1.54312 1.56929 1.68594 1.79179 1.78944 1.78727 1.78527 1.77492 1.72603 1.81572 1.84090 1.86513 1.87180 1.87180 1.87619 1.87317 1.76360
0.845708 1.25440 1.27623 1.28967 1.30334 1.31704 1.33683 1.46216 1.48117 1.48933 1.49517 1.51613 1.50981 1.45466 1.38336 1.35824 1.27925 1.25807 1.25628 1.25843 1.31177 1.36423 1.37766 1.39170 1.40565 1.41684 1.29646 1.14854 1.11462 1.11683 1.11906 1.11178 1.10937 1.13814 1.21190 1.25220 1.28153 1.28999 1.29814 1.30611 1.31370 1.32336 1.31556 1.28259 1.28738 1.29522 1.30621 1.41497 1.42773 1.50698 1.55134 1.59729 1.65819 1.76183 1.71011 1.64928 1.58837 1.53588 1.52837 1.79400 1.86555 1.87454 1.88500 1.89544 1.90150 1.89773 1.79015
0.963615 1.33767 1.46439 1.46973 1.47485 1.48004 1.48531 1.55734 1.61432 1.61944 1.62463 1.63530 1.64181 1.58586 1.48836 1.46917 1.36770 1.34270 1.34978 1.36139 1.40153 1.48174 1.48234 1.48244 1.48254 1.48264 1.41962 1.27230 1.20945 1.23683 1.26985 1.29318 1.28734 1.28592 1.34032 1.35441 1.35451 1.35507 1.36061 1.36775 1.37517 1.38619 1.42270 1.42784 1.45411 1.48875 1.52336 1.52970 1.50767 1.51562 1.47688 1.45773 1.41159 1.47908 1.51199 1.50785 1.50448 1.51167 1.52272 1.65580 1.89210 1.89356 1.89356 1.89356 1.89356 1.89356 1.84388
1.02052 1.27657 1.51556 1.51528 1.51499 1.51471 1.51443 1.52662 1.62860 1.63156 1.63133 1.63284 1.63822 1.61227 1.53371 1.49466 1.45840 1.38828 1.37847 1.37847 1.38513 1.48484 1.49649 1.53658 1.56822 1.59611 1.61093 1.40015 1.29951 1.28443 1.31672 1.31777 1.31195 1.30517 1.33415 1.38750 1.40777 1.44990 1.48634 1.52088 1.55541 1.58646 1.59183 1.58052 1.54682 1.52832 1.48863 1.44639 1.36673 1.33281 1.34564 1.33210 1.32517 1.43131 1.51906 1.53366 1.54746 1.55074 1.55074 1.55708 1.85564 1.89356 1.89356 1.89356 1.89356 1.89356 1.88887
1.01498 1.12886 1.51196 1.51196 1.51196 1.51196 1.51196 1.51196 1.58880 1.63608 1.65454 1.67328 1.69006 1.69629 1.60759 1.51867 1.51303 1.40272 1.40978 1.45012 1.48548 1.60995 1.64868 1.63133 1.62541 1.63013 1.64246 1.46801 1.36945 1.29052 1.33908 1.37161 1.40638 1.43024 1.46229 1.56178 1.59692 1.60110 1.60490 1.60869 1.61182 1.58689 1.54709 1.50455 1.42002 1.38839 1.38839 1.38839 1.36091 1.33857 1.36638 1.37477 1.37175 1.44195 1.55074 1.55074 1.55074 1.55074 1.55074 1.55074 1.71152 1.89356 1.89356 1.89356 1.89356 1.89356 1.89356
1.01498 1.01822 1.47932 1.51196 1.51123 1.49755 1.48009 1.46376 1.47889 1.61725 1.60313 1.59051 1.69447 1.69429 1.61982 1.49612 1.45290 1.50970 1.53854 1.52019 1.51758 1.60451 1.67151 1.68598 1.70123 1.71091 1.71101 1.58231 1.46682 1.49608 1.56311 1.59201 1.60706 1.58930 1.54558 1.57979 1.61846 1.58447 1.54102 1.49753 1.45475 1.43998 1.43998 1.43998 1.42324 1.39068 1.40052 1.41094 1.41245 1.37793 1.39956 1.40098 1.37952 1.40982 1.53770 1.54551 1.54205 1.53860 1.53517 1.53174 1.55261 1.85358 1.86329 1.85902 1.85495 1.85102 1.84731
1.00982 1.00830 1.30849 1.41935 1.40709 1.40388 1.40388 1.40388 1.40327 1.51740 1.54553 1.52324 1.56019 1.58647 1.54750 1.45647 1.38709 1.41781 1.57831 1.56801 1.57446 1.64345 1.75247 1.77010 1.78766 1.80528 1.82287 1.77860 1.60909 1.63211 1.64582 1.64421 1.64190 1.60722 1.48128 1.44411 1.44707 1.43998 1.43998 1.43998 1.43998 1.43897 1.42464 1.40617 1.38749 1.41856 1.42779 1.42779 1.42689 1.38787 1.39379 1.40130 1.38705 1.39867 1.46054 1.47621 1.48418 1.49178 1.49905 1.50599 1.51700 1.71754 1.85194 1.87009 1.88739 1.87647 1.83807
1.00412 1.00412 1.18289 1.40388 1.39817 1.37300 1.34627 1.31954 1.29339 1.34083 1.48709 1.48881 1.51095 1.56445 1.52508 1.51775 1.47117 1.48918 1.64157 1.69038 1.70198 1.72114 1.84608 1.84654 1.84701 1.84747 1.84793 1.83765 1.60953 1.57674 1.57412 1.54581 1.51173 1.50445 1.42006 1.39169 1.41983 1.43998 1.43099 1.40624 1.37026 1.37660 1.37246 1.37246 1.37246 1.39319 1.42451 1.42054 1.41642 1.40616 1.43249 1.45601 1.45827 1.46018 1.53881 1.57501 1.60301 1.62663 1.64917 1.67074 1.68811 1.72304 1.83305 1.77401 1.71046 1.67741 1.67741
0.984196 0.950781 0.983264 1.31332 1.29286 1.29248 1.30564 1.32177 1.33632 1.34725 1.48149 1.51719 1.52176 1.60412 1.56693 1.55413 1.54488 1.54205 1.59372 1.70714 1.70714 1.70720 1.83532 1.84883 1.84481 1.82017 1.78906 1.75497 1.47534 1.37795 1.45152 1.48304 1.49237 1.49116 1.43750 1.32948 1.28973 1.30092 1.26841 1.24627 1.23864 1.31791 1.32607 1.31861 1.31083 1.30459 1.35771 1.36396 1.36347 1.36653 1.42167 1.45560 1.56576 1.63394 1.70850 1.68781 1.68475 1.68342 1.68171 1.67988 1.67797 1.67741 1.68197 1.69521 1.68956 1.67712 1.66463
0.912804 0.921764 0.943285 1.30043 1.35354 1.36477 1.36794 1.36825 1.36856 1.36886 1.42042 1.51420 1.51388 1.55729 1.57703 1.53984 1.53488 1.52836 1.52812 1.62938 1.65312 1.62075 1.68482 1.70134 1.66682 1.65901 1.65670 1.65429 1.48593 1.29821 1.32830 1.34497 1.31734 1.26228 1.20421 1.09031 1.07581 1.12679 1.15099 1.14934 1.14766 1.18948 1.24765 1.24942 1.25092 1.23356 1.22718 1.22774 1.19422 1.16055 1.29887 1.37701 1.44574 1.57912 1.66605 1.70113 1.71217 1.72679 1.74151 1.75613 1.75546 1.74301 1.72599 1.70031 1.69351 1.69351 1.69171
1.12749 1.15464 1.17369 1.35253 1.45554 1.46194 1.46836 1.47477 1.48117 1.48798 1.52952 1.68048 1.74064 1.80763 1.77144 1.69990 1.69228 1.66352 1.63898 1.65179 1.75397 1.75827 1.67944 1.56161 1.55934 1.55430 1.51862 1.46911 1.32711 1.00798 0.980127 1.10387 1.10932 1.10932 1.10959 1.03270 1.01408 1.04517 1.12399 1.12628 1.10705 1.08728 1.12253 1.09298 1.06086 1.04678 1.05137 1.11139 1.12223 1.11398 1.21079 1.36161 1.38292 1.62664 1.73731 1.81090 1.78638 1.75953 1.73237 1.70528 1.69351 1.68873 1.65646 1.64037 1.67089 1.66444 1.65969
1.33517 1.33517 1.33517 1.42725 1.58183 1.61652 1.66635 1.71354 1.75834 1.80058 1.81628 1.84888 1.88782 1.87323 1.86198 1.69393 1.62678 1.61382 1.61071 1.58243 1.76774 1.75272 1.66125 1.45426 1.39965 1.35047 1.32473 1.31304 1.30112 0.988857 0.994917 1.09288 1.14504 1.15308 1.14782 1.06706 0.976728 0.944518 0.992866 0.998471 1.00528 1.01608 1.06683 1.10645 1.10993 1.10060 1.08803 1.09490 1.10949 1.10873 1.13801 1.36829 1.39216 1.52412 1.63522 1.72794 1.69275 1.66591 1.63076 1.59789 1.56704 1.54160 1.53811 1.54320 1.65195 1.65937 1.65937
1.38574 1.45057 1.51141 1.58656 1.80160 1.81628 1.81628 1.81628 1.81807 1.82631 1.83514 1.84552 1.85470 1.86162 1.88782 1.68909 1.63663 1.65537 1.68489 1.69825 1.61082 1.53915 1.51430 1.32727 1.32201 1.32599 1.32979 1.33340 1.33652 1.12992 1.06299 1.07699 1.03946 1.00616 0.985138 0.970197 0.947703 0.960131 1.00407 1.06883 1.05728 1.03607 1.02680 1.05994 1.04429 1.04419 1.04419 1.04862 1.10332 1.08428 1.05713 1.22802 1.28533 1.32308 1.47968 1.57622 1.54630 1.53811 1.53811 1.53811 1.53811 1.53814 1.53837 1.53864 1.60824 1.66214 1.66922
1.63926 1.64201 1.65175 1.66185 1.81579 1.85371 1.86252 1.87136 1.87840 1.87899 1.87899 1.87899 1.89167 1.91925 1.95993 1.89818 1.81231 1.74897 1.70846 1.67918 1.58326 1.49657 1.49610 1.37791 1.33522 1.33308 1.33105 1.32912 1.32729 1.20849 1.07794 1.07713 0.996394 0.980520 1.00833 1.00520 0.972727 0.974471 0.976178 0.992718 0.990040 0.997793 1.00565 1.06949 1.09507 1.11327 1.13905 1.15963 1.11589 1.06615 1.06003 1.13801 1.28178 1.28896 1.46829 1.59227 1.55278 1.54614 1.55332 1.56074 1.56815 1.57553 1.58270 1.58985 1.60488 1.68812 1.66747
1.69977 1.71059 1.71093 1.71093 1.80868 1.87899 1.87899 1.88121 1.90385 1.93147 1.95907 1.98667 2.00058 1.99220 1.98251 1.97847 1.79517 1.69201 1.65324 1.64102 1.56967 1.47447 1.43950 1.35708 1.28156 1.27467 1.26775 1.26082 1.25504 1.25247 1.25104 1.29825 1.30698 1.30698 1.33061 1.26577 1.11652 1.12471 1.13045 1.13140 1.13140 1.13516 1.14804 1.18254 1.22892 1.21808 1.20158 1.18989 1.18098 1.11651 1.13558 1.16907 1.33507 1.35252 1.46309 1.62740 1.62828 1.59820 1.57459 1.54962 1.52818 1.50694 1.48568 1.46445 1.45532 1.54865 1.57847
