results/OMI_NO2_200802.asc
ncols      200
nrows      200
xllcorner       120.258
yllcorner       41.1236
cellsize     0.0166667
NODATA_Value      -999.000
[rows 116 to 144 of 200, columns 0 to 65 of 200]
1.35096 1.33927 1.31108 1.27788 1.23827 1.19365 1.18292 1.18292 1.18808 1.27210 1.36341 2.12798 2.46159 2.46921 2.54631 2.65323 2.76923 2.84173 2.82935 2.79042 2.28026 2.17586 2.12091 2.06876 2.01920 1.96885 1.57018 1.43378 1.40470 1.45437 1.45528 1.45528 1.45528 1.45478 1.37786 1.34289 1.03175 1.04610 1.15117 1.19691 1.23651 1.24575 1.24428 1.24072 1.23723 1.20824 1.19642 1.50050 1.56019 1.53120 1.50351 1.44698 1.39824 1.36747 1.50753 1.51280 1.59577 1.68586 1.69613 1.85852 2.10764 2.08688 2.06599 2.04539 2.02497 2.00043
1.21074 1.18295 1.18292 1.18292 1.18292 1.22859 1.31631 1.40399 1.48655 1.52916 1.66255 1.95118 2.57180 2.56729 2.48748 2.39130 2.30270 2.23515 2.18353 2.13430 1.91606 1.76710 1.73651 1.73572 1.83104 1.81993 1.61718 1.36099 1.33885 1.36198 1.37159 1.36934 1.39093 1.42366 1.40764 1.42331 1.19600 1.07663 1.13288 1.15065 1.14873 1.14875 1.14404 1.13298 1.12189 1.08992 1.03410 1.14563 1.26743 1.24553 1.22470 1.20309 1.18328 1.18312 1.24227 1.34521 1.53999 1.62291 1.41210 1.39902 1.74831 1.72889 1.68867 1.68363 1.70091 1.70372
0.962803 0.964579 1.00323 1.03129 1.05722 1.07537 1.20074 1.32373 1.42543 1.49989 1.48410 1.31013 1.63238 1.68273 1.66366 1.64501 1.62665 1.61816 1.61816 1.61816 1.58070 1.45504 1.45658 1.46746 1.69522 1.70360 1.65405 1.37367 1.36123 1.39288 1.46347 1.51247 1.53504 1.54585 1.51184 1.45087 1.34683 1.07531 1.09567 1.11460 1.09176 1.07290 1.06020 1.05369 1.04744 1.04315 0.993808 1.01982 1.19500 1.19637 1.19637 1.18779 1.15832 1.13547 1.12510 1.22634 1.31101 1.39150 1.23804 1.20301 1.43018 1.61058 1.63372 1.68082 1.76968 1.76968
1.08177 0.982321 0.969000 1.10928 1.23501 1.33516 1.34939 1.35491 1.36583 1.37672 1.38758 1.33326 1.39949 1.63173 1.63368 1.63561 1.63754 1.63948 1.64141 1.64334 1.64499 1.49989 1.47943 1.47943 1.65827 1.72445 1.72840 1.69276 1.55931 1.51437 1.55456 1.55615 1.57239 1.59950 1.65615 1.64350 1.71508 1.24059 1.10633 1.04171 1.04487 1.04587 1.04587 1.04587 1.04317 1.03592 0.980922 0.941146 1.05633 1.07369 1.05417 1.04177 1.04286 1.04938 1.04968 1.12813 1.22359 1.38745 1.30529 1.21637 1.29972 1.67128 1.67168 1.67227 1.75924 1.76968
1.86281 1.73986 1.44920 1.45936 1.47022 1.48114 1.49204 1.49738 1.49738 1.49738 1.49738 1.49245 1.31009 1.62407 1.64699 1.64699 1.64699 1.64699 1.64699 1.64699 1.64699 1.55367 1.47964 1.49428 1.64321 1.85501 1.94703 2.00869 1.76024 1.67819 1.73649 1.84039 1.91551 1.97803 1.99327 1.89433 1.88128 1.54182 1.11665 1.04821 1.02175 1.01371 1.00540 0.996778 0.991282 0.991696 0.960349 0.902160 0.962045 1.04149 1.04149 1.04260 1.06030 1.09386 1.12665 1.18247 1.23771 1.45775 1.38381 1.21895 1.21895 1.56686 1.67285 1.68276 1.75064 1.80415
2.20816 1.86940 1.55010 1.49738 1.49738 1.49738 1.49738 1.49738 1.49738 1.49738 1.49738 1.49738 1.34901 1.49195 1.64699 1.64699 1.64699 1.64699 1.64699 1.65842 1.69475 1.70629 1.68792 1.73857 1.86175 2.28025 2.38882 2.49978 2.38182 2.13021 1.98325 2.01206 2.02356 2.03560 2.04818 1.97961 1.93904 1.84381 1.14617 1.05009 1.00804 1.01303 1.01801 1.02301 1.02800 1.03262 1.03896 0.957319 0.979706 1.13117 1.17525 1.22251 1.24757 1.24356 1.22628 1.22628 1.22628 1.40519 1.46368 1.30136 1.36217 1.52913 1.72193 1.72372 1.74786 1.82172
2.36219 1.87044 1.64057 1.49738 1.49738 1.49738 1.49738 1.49738 1.49738 1.49738 1.49738 1.49738 1.41573 1.34574 1.64425 1.65109 1.68241 1.72183 1.76538 1.79728 1.79815 1.84001 1.92861 2.01721 2.11440 2.67375 2.70797 2.70797 2.67731 2.28625 2.21147 2.10498 2.11161 2.11824 2.12487 2.08252 1.99951 1.99278 1.44523 1.11305 1.04142 1.05844 1.07744 1.09731 1.11835 1.14834 1.17114 1.08192 1.04626 1.18280 1.24939 1.24939 1.24939 1.24974 1.26423 1.30996 1.36203 1.55009 1.73026 1.53416 1.48847 1.49535 1.70850 1.75043 1.78032 1.90697
2.46647 1.93650 1.74224 1.49738 1.49738 1.49738 1.49738 1.49738 1.49738 1.49738 1.49738 1.49783 1.50928 1.33064 1.63545 1.79172 1.79915 1.85570 1.94430 2.03290 2.12347 2.20914 2.26379 2.32131 2.38207 2.91423 3.27667 3.40109 3.56563 2.98833 2.74984 2.17775 2.14237 2.14237 2.14237 2.12927 2.00411 2.00370 1.87599 1.26640 1.17711 1.15484 1.16827 1.18280 1.19830 1.20378 1.20331 1.13456 1.04204 1.11228 1.31310 1.38185 1.45143 1.52148 1.52909 1.48703 1.51699 1.62345 1.82133 1.69915 1.60301 1.62912 1.81274 1.94979 1.94802 2.01897
2.72814 2.05179 1.84752 1.50392 1.49738 1.49738 1.49738 1.49738 1.50928 1.54512 1.58139 1.58112 1.58939 1.46364 1.60408 2.19690 2.35123 2.45094 2.51955 2.60671 2.70503 2.75068 2.79847 2.87503 2.95569 3.38750 3.94210 3.99505 4.06301 3.70930 3.07711 2.54094 2.29609 2.30644 2.31683 2.31953 2.17169 2.14326 2.18488 1.65021 1.30358 1.21040 1.19656 1.17969 1.16317 1.16107 1.19516 1.23211 1.19965 1.39833 1.80705 1.86863 1.92062 1.97724 2.03818 1.88622 1.84946 1.84123 1.83304 1.76972 1.63100 1.63142 1.70808 2.00172 1.99453 1.94586
3.09829 2.26027 2.04514 1.70548 1.61766 1.61832 1.62339 1.64102 1.65644 1.63823 1.62458 1.65415 1.76362 2.32363 2.49216 3.90272 4.29645 4.48467 4.68783 4.85592 5.01044 5.17387 5.26425 5.26425 5.26425 5.26425 5.26203 5.24608 4.76476 4.18166 3.05663 2.70273 2.14660 2.11927 2.13782 2.17047 2.13896 2.10863 2.10366 1.87318 1.19852 1.10407 1.16432 1.23769 1.33717 1.45191 1.53817 1.63558 1.56906 1.77261 2.03598 2.06950 2.06950 2.06950 2.07244 2.02803 1.94241 2.01352 2.09039 2.15000 1.92874 1.91012 1.84221 2.01803 1.97513 1.83940
2.66527 2.25553 2.13193 2.05521 2.05272 2.10520 2.14929 2.17292 2.17117 2.17073 2.17073 2.17041 2.16077 2.90230 3.22003 4.08871 5.17338 5.15509 5.13687 5.11868 5.10038 5.08209 5.06379 5.04552 5.02727 5.00909 4.90083 4.44560 3.65424 2.75248 2.72450 2.46754 2.18143 2.24069 2.24746 2.23138 2.14421 2.02203 2.01963 2.04606 1.53639 1.56440 1.67657 1.74910 1.78443 1.78443 1.78443 1.78116 1.63708 1.84678 2.18127 2.50353 2.64856 2.81206 2.99200 3.03250 2.41052 2.25049 2.15068 2.05137 1.80849 1.59114 1.43809 1.47862 1.67634 1.67634
2.14660 2.13127 2.11568 2.10007 2.08453 2.07039 2.05660 2.04281 2.02907 2.01523 2.00149 1.98802 1.98385 2.33513 2.96966 3.14090 4.90593 4.99073 4.99073 4.99073 4.99073 4.99073 4.83399 4.36615 3.97331 3.64813 3.33674 3.17021 3.01156 2.35432 2.41105 2.25032 2.10545 2.09444 2.11606 2.19132 2.28264 2.22380 2.30163 2.34675 2.02959 1.63534 1.69299 1.64431 1.59869 1.55596 1.51581 1.48010 1.48554 2.08150 2.55452 3.04816 3.04816 3.04816 3.04816 3.02798 2.42700 1.97130 1.94074 1.91964 1.81145 1.61063 1.38228 1.38735 1.64620 1.68160
1.98418 1.98385 1.98385 1.98385 1.98385 1.98385 1.98385 1.98385 1.98385 1.98385 1.98385 1.98385 1.98385 2.07561 2.93721 3.01569 4.19854 4.99073 4.75420 4.28979 3.91041 3.59552 3.36427 3.21374 2.92218 2.71375 2.61825 2.56428 2.52595 2.25372 2.20496 2.40141 2.39509 2.42587 2.47571 2.41355 2.35425 2.17883 2.09693 2.05004 1.97011 1.41607 1.49359 1.51136 1.52784 1.54523 1.56355 1.58288 1.60335 2.12274 3.04816 2.93045 2.62138 2.37875 2.41281 2.55669 2.50929 1.95500 1.91814 1.91814 1.86217 1.73841 1.56347 1.64520 1.98635 2.36119
1.98385 1.98385 1.98385 1.98385 1.98385 1.98385 1.98385 1.98385 1.98385 1.98385 1.98385 1.98385 1.98385 1.98296 2.50607 2.55943 2.61444 3.54270 3.38365 3.25961 3.12336 3.00670 2.92634 2.92062 2.72693 2.55481 2.58650 2.61817 2.64387 2.45205 2.23315 2.46133 2.30339 2.11913 2.18554 2.21307 2.24175 2.19032 2.14453 2.17367 2.20398 1.77217 1.57485 1.62176 1.62176 1.62176 1.62016 1.58325 1.53632 1.62259 2.17956 2.09116 2.08055 2.08055 2.13239 2.54011 2.54325 2.24629 2.09592 2.22042 2.33577 2.25149 2.10581 1.91984 1.97570 2.40060
1.98385 1.98385 1.98385 1.98385 1.98385 1.98385 1.98385 1.98385 1.98385 1.97785 1.87783 1.76058 1.65854 1.56949 1.71728 2.03568 2.00690 2.78091 2.94207 2.92062 2.93926 2.97886 3.01845 3.05803 3.02407 2.64817 2.64619 2.64619 2.64619 2.57790 2.23315 2.31096 2.32938 2.24092 2.36817 2.38414 2.38414 2.33728 2.15965 2.08839 2.02937 2.07485 1.51860 1.56792 1.52283 1.48538 1.45554 1.45048 1.45215 1.46446 1.97813 2.08055 2.08421 2.17306 2.29762 2.81013 3.16475 3.17724 2.47559 2.40115 2.36086 2.20605 2.12002 1.84352 1.81325 2.02708
1.98385 1.98385 1.98385 1.94280 1.87113 1.80629 1.74730 1.76355 1.64160 1.55758 1.53706 1.53652 1.53459 1.53280 1.58884 1.90657 1.98327 2.38013 3.02548 3.06519 3.08602 3.08604 3.08604 3.08604 3.08604 2.73126 2.64619 2.64619 2.64619 2.64619 2.25092 2.16449 2.26753 2.06969 2.04597 2.02148 1.95367 1.88730 1.72735 1.68067 1.64116 1.77235 1.39168 1.32965 1.33182 1.32753 1.32321 1.31768 1.31692 1.37031 1.69094 2.00244 2.04719 2.02110 1.95772 1.97597 2.09371 2.02136 1.75674 1.62741 1.68860 1.86200 1.91946 1.77036 1.66289 1.73870
1.73711 1.68409 1.63547 1.61395 1.61395 1.61395 1.61395 1.66870 1.60551 1.62811 1.65981 1.66129 1.82842 1.97588 2.09941 2.19951 2.27679 2.29202 3.00325 3.08604 3.08604 3.08604 3.08604 3.08604 3.08604 2.87257 2.63731 2.56165 2.47734 2.39849 2.01228 1.70785 1.73276 1.66463 1.63172 1.60334 1.56225 1.52353 1.45125 1.43481 1.43055 1.48445 1.42285 1.14051 1.16900 1.22700 1.27511 1.31951 1.35152 1.33547 1.39881 1.60200 1.57935 1.65769 1.67090 1.67399 1.84402 1.86066 1.77432 1.51840 1.51298 1.68719 1.85110 1.83377 1.68425 1.69919
1.61395 1.62974 1.68851 1.75441 1.82063 1.85601 1.84468 1.82004 1.88018 1.76657 1.79487 1.85986 2.14330 2.21920 2.21920 2.22115 2.27242 2.25026 2.62417 3.00117 2.97211 2.94292 2.91377 2.72079 2.47184 2.32738 2.03052 2.00002 1.98061 1.96207 1.83737 1.49734 1.50857 1.40669 1.32468 1.34549 1.39663 1.39729 1.39106 1.39052 1.39127 1.39488 1.53796 1.34093 1.31119 1.29616 1.28959 1.28548 1.28536 1.28536 1.29540 1.56416 1.57856 1.62116 1.65184 1.61868 1.66277 1.70941 1.70400 1.54889 1.50880 1.63127 1.88745 1.85848 1.71290 1.66095
2.02726 2.05214 1.95696 1.86401 1.83058 1.77344 1.81195 1.85894 1.94481 1.74174 1.69961 1.74129 1.87189 2.04879 2.03251 2.01625 1.88711 1.84111 1.92187 2.63417 2.65036 2.65036 2.65036 2.50946 2.12844 2.13082 1.97949 1.94590 1.95762 1.94686 1.87632 1.42786 1.36278 1.31320 1.25456 1.28840 1.42765 1.42183 1.40377 1.37008 1.35628 1.34866 1.44583 1.42758 1.29157 1.30704 1.32529 1.34414 1.36367 1.38387 1.40157 1.49726 1.52511 1.51028 1.55896 1.55949 1.57459 1.70216 1.69906 1.60599 1.43751 1.43909 1.61915 1.64484 1.63357 1.60246
1.53358 1.54015 1.57325 1.61004 1.60379 1.56973 1.54293 1.52669 1.55816 1.54136 1.47427 1.57946 1.72352 1.98546 1.99925 1.99925 1.92514 1.84111 1.84111 2.37620 2.65036 2.65546 2.67253 2.68806 2.23468 2.17004 2.01085 1.89809 1.85714 1.83794 1.86437 1.51877 1.38399 1.32459 1.22754 1.21041 1.31835 1.36112 1.37762 1.38300 1.40194 1.42244 1.49578 1.64681 1.44947 1.41818 1.41818 1.41818 1.41818 1.41779 1.36705 1.40976 1.49262 1.49262 1.54242 1.55792 1.54577 1.51684 1.45157 1.44051 1.35607 1.33732 1.54681 1.64478 1.65217 1.68271
1.52977 1.52977 1.52977 1.52977 1.52977 1.52930 1.52563 1.52553 1.52556 1.61464 1.47427 1.51567 1.70917 1.87614 1.99925 1.99925 1.96736 1.84890 1.86644 2.06104 2.61809 2.57067 2.46158 2.33257 2.00855 1.76788 1.76943 1.89799 1.82241 1.72914 1.64214 1.37395 1.16620 1.15967 1.22556 1.28411 1.35107 1.49733 1.49931 1.48786 1.48295 1.48295 1.48631 1.66969 1.53005 1.41818 1.41818 1.41818 1.41818 1.41820 1.39501 1.37903 1.48674 1.47614 1.48376 1.51789 1.51789 1.49493 1.44051 1.44051 1.43711 1.42682 1.64010 1.89752 1.96765 1.95891
1.52977 1.52977 1.52977 1.52977 1.52977 1.52977 1.52698 1.52553 1.52553 1.61577 1.50593 1.47550 1.68277 1.75467 1.95870 1.94115 1.92353 1.77975 1.71713 1.63112 2.08723 2.12720 2.10196 2.04898 1.88686 1.55612 1.48106 1.46290 1.45671 1.44645 1.43707 1.37293 1.14913 1.14913 1.19811 1.32115 1.32169 1.46847 1.49931 1.49212 1.48295 1.49772 1.53138 1.63964 1.63407 1.42108 1.42500 1.42830 1.41853 1.40787 1.38992 1.33075 1.43450 1.45622 1.45812 1.51379 1.56867 1.65656 1.67803 1.75747 1.82023 1.66960 1.66452 1.85736 1.81558 1.77083
1.52977 1.52977 1.52977 1.52977 1.52977 1.52977 1.53298 1.54544 1.56363 1.61274 1.56967 1.44730 1.56155 1.64207 1.80881 1.78111 1.70525 1.54252 1.42392 1.39463 1.58326 1.71855 1.63012 1.58117 1.57336 1.42046 1.38175 1.40114 1.43476 1.43476 1.43476 1.43208 1.16854 1.14913 1.15361 1.31488 1.36399 1.47397 1.63447 1.67820 1.71245 1.74647 1.76305 1.77751 1.78149 1.55036 1.49754 1.50281 1.52283 1.54449 1.56687 1.54740 1.62114 1.73319 1.83314 2.00809 2.11698 2.12707 2.09660 2.06368 2.07857 1.84079 1.72911 1.61330 1.61290 1.62974
1.53659 1.55735 1.57849 1.59964 1.62171 1.65749 1.69122 1.68568 1.69100 1.69471 1.66212 1.42013 1.41015 1.47374 1.48383 1.49627 1.51985 1.46257 1.39267 1.41684 1.41287 1.51795 1.51464 1.50402 1.49361 1.40865 1.30702 1.30215 1.32782 1.37744 1.45743 1.49520 1.42583 1.40998 1.46279 1.67627 1.84074 1.88798 2.16615 2.24275 2.25735 2.28145 2.29987 2.32175 2.35270 2.14838 1.90289 1.93945 2.05040 2.19298 2.35375 2.49290 2.34916 2.39160 2.43848 2.46603 2.41066 2.41066 2.40186 2.32209 2.32385 2.10589 1.89288 1.71995 1.65631 1.65774
1.66106 1.67610 1.69334 1.70910 1.72296 1.72645 1.72645 1.66270 1.54784 1.50274 1.45986 1.34908 1.34916 1.60750 1.65506 1.46063 1.44472 1.41946 1.30269 1.30209 1.30209 1.36894 1.42627 1.43499 1.44376 1.43970 1.36162 1.39799 1.47675 1.59053 1.77032 1.78200 1.79320 1.79668 1.79648 1.88631 2.29866 2.31426 2.42042 2.49106 2.47048 2.46378 2.46378 2.46674 2.47357 2.45331 2.55741 2.71487 2.78477 2.80791 2.81226 2.81275 2.60909 2.49246 2.49246 2.49241 2.42440 2.43933 2.51619 2.53327 2.58448 2.35851 2.08585 1.91537 1.80741 1.87448
1.72342 1.72645 1.72645 1.72645 1.73702 1.78002 1.82870 1.79427 1.59513 1.63407 1.69800 1.67418 1.51027 1.65342 1.69680 1.53037 1.46065 1.46343 1.41860 1.41480 1.42356 1.44997 1.55017 1.55065 1.55065 1.55065 1.55065 1.55065 1.57701 1.62633 1.81416 1.80817 1.79730 1.79639 1.79903 1.81235 2.21710 2.32116 2.33575 2.48296 2.48699 2.48620 2.49823 2.50731 2.51252 2.51714 2.70996 2.81127 2.76194 2.69252 2.62695 2.56480 2.46645 2.33234 2.56745 2.65365 2.70615 2.68665 2.62947 2.54665 2.42052 2.24625 2.02487 2.05061 1.80548 1.80657
1.78245 1.83837 1.92230 2.07402 2.26361 2.41142 2.56195 2.54812 2.13148 1.95131 1.97842 1.98281 1.77974 1.71895 1.71895 1.64327 1.47405 1.47405 1.46169 1.43381 1.43381 1.43381 1.51931 1.55065 1.54904 1.54088 1.53201 1.52316 1.51962 1.58584 1.74169 1.80084 1.80285 1.80299 1.80323 1.80760 2.03879 2.34939 2.36150 2.46995 2.53377 2.48292 2.42109 2.36266 2.30718 2.25467 2.26604 2.40590 2.38922 2.38922 2.38922 2.38922 2.38922 2.41657 2.80772 2.51396 2.36422 2.27627 2.31866 2.36435 2.38573 2.41118 2.08707 2.10569 1.89408 1.82258
2.57679 2.73548 2.85165 2.89504 2.89504 2.89504 2.89504 2.88473 2.39783 2.04077 2.00444 1.99377 1.88896 1.71895 1.71895 1.71650 1.50002 1.47405 1.47672 1.43496 1.43110 1.42244 1.45145 1.53221 1.53525 1.54651 1.56003 1.57412 1.58858 1.59375 1.69049 1.81016 1.81904 1.82797 1.84357 1.86988 1.91336 2.15458 2.13639 2.11458 2.18105 2.14549 2.14348 2.14348 2.14348 2.14348 2.14380 2.34694 2.38922 2.38922 2.38922 2.38922 2.38922 2.41231 2.80642 2.75832 2.53220 2.51252 2.48178 2.48176 2.48176 2.48176 2.12777 2.10051 2.03742 1.91913
2.89504 2.89504 2.89504 2.89504 2.89504 2.89504 2.89504 2.89504 2.51643 2.19381 2.00444 2.00193 1.97414 1.74322 1.71895 1.71895 1.58900 1.47417 1.47628 1.44879 1.43367 1.44326 1.45535 1.57464 1.59269 1.59375 1.59560 1.60417 1.62331 1.64538 1.71788 1.93524 1.96221 1.99073 2.01096 2.01153 1.98473 1.88772 2.02463 2.02463 2.12431 2.14977 2.14348 2.14348 2.13221 2.07834 2.13744 2.24625 2.39063 2.43051 2.48973 2.54560 2.60541 2.63832 2.85113 3.11392 2.58012 2.54920 2.48176 2.51219 2.58588 2.65987 2.43064 2.35109 2.34595 2.08846
