results/OMI_NO2_200508.asc
ncols      200
nrows      200
xllcorner       120.258
yllcorner       41.1236
cellsize     0.0166667
NODATA_Value      -999.000
[rows 116 to 144 of 181, columns 0 to 65 of 200]
1.76137 1.76137 1.76137 1.76137 1.46417 1.09572 1.09438 1.08764 1.09676 1.21240 1.19104 1.15312 1.16039 1.18542 1.21998 1.25637 1.29275 1.31997 1.32287 1.31379 1.26244 1.26346 1.26442 1.25539 1.45602 1.55800 1.55775 1.68251 1.69768 1.64657 1.62559 1.62559 1.62559 1.62559 1.62559 1.62559 1.62559 1.62404 1.68724 1.67948 1.66175 1.64363 1.29865 1.16543 1.14499 1.12976 1.07268 1.10524 1.11754 1.12184 1.12310 1.14810 1.13961 1.13088 1.12215 1.13836 1.14452 1.13764 1.13712 1.13712 1.38444 1.45132 1.45132 1.45712 1.44203 1.33900
1.76137 1.76137 1.76137 1.76137 1.72631 1.16898 1.12869 1.12968 1.15767 1.25830 1.31845 1.29423 1.32176 1.33311 1.33492 1.33492 1.33492 1.33464 1.32120 1.30049 1.22878 1.20749 1.19038 1.18325 1.29307 1.52385 1.52385 1.65051 1.69245 1.67272 1.62559 1.61956 1.60209 1.58436 1.56662 1.54889 1.53116 1.51702 1.54702 1.58298 1.56525 1.54789 1.36029 1.12781 1.12781 1.12781 1.09645 1.15035 1.18233 1.09566 1.08693 1.09567 1.09728 1.09729 1.09729 1.11257 1.13712 1.13718 1.15376 1.18326 1.36062 1.55639 1.58579 1.60230 1.58409 1.43608
1.76137 1.76137 1.76412 1.77440 1.78238 1.43312 1.28926 1.30804 1.28336 1.32026 1.40058 1.35510 1.33431 1.31963 1.29900 1.27841 1.25780 1.23748 1.23030 1.23030 1.19621 1.18325 1.18325 1.18325 1.19299 1.50055 1.50492 1.55430 1.64525 1.62352 1.52799 1.51610 1.51584 1.51584 1.51214 1.47951 1.44074 1.40198 1.38729 1.53304 1.54236 1.55534 1.55910 1.25296 1.30882 1.36580 1.41374 1.37442 1.38873 1.08748 1.06924 1.08269 1.10081 1.12683 1.15631 1.20596 1.30172 1.36313 1.40809 1.44011 1.49086 1.53405 1.52260 1.51451 1.49759 1.39906
1.78792 1.79269 1.79579 1.79603 1.79603 1.60456 1.38228 1.35997 1.29451 1.25550 1.31280 1.27628 1.20683 1.19409 1.18722 1.18042 1.17371 1.16704 1.16050 1.14731 1.12093 1.10352 1.08503 1.06646 1.04800 1.27864 1.39501 1.40075 1.55076 1.56249 1.47359 1.43963 1.39877 1.35783 1.32072 1.31251 1.33459 1.38933 1.44421 1.58911 1.71887 1.76079 1.76175 1.42891 1.34294 1.34089 1.33875 1.30759 1.39358 1.24938 1.18676 1.30290 1.44229 1.45591 1.48793 1.50544 1.54118 1.54526 1.54526 1.54434 1.53046 1.48970 1.46722 1.45281 1.45163 1.41141
1.30856 1.29450 1.28146 1.28796 1.30152 1.28205 1.20818 1.19379 1.10214 1.00042 1.04120 1.08186 1.03206 1.02329 1.00741 0.991215 0.975135 0.959074 0.943023 0.932897 0.943922 0.980382 0.980382 0.980382 0.980382 1.10772 1.34996 1.34366 1.41269 1.43763 1.35496 1.32428 1.38134 1.43838 1.49533 1.55231 1.58521 1.58536 1.58536 1.60216 1.70641 1.65570 1.60025 1.48760 1.48731 1.51700 1.54677 1.58521 1.71059 1.63801 1.39133 1.41773 1.55173 1.50543 1.50543 1.50543 1.52259 1.51819 1.50010 1.48227 1.46662 1.43946 1.41368 1.40070 1.38748 1.36761
1.27891 1.30153 1.32136 1.32727 1.32727 1.32402 1.23206 1.20230 1.19300 1.04104 1.06577 1.15634 1.03019 0.932916 0.932743 0.932743 0.932743 0.932743 0.932743 0.932743 0.934312 0.979241 0.980382 0.979963 0.951538 0.922023 1.25171 1.26194 1.32573 1.47940 1.53277 1.58536 1.57415 1.52363 1.46968 1.41576 1.36162 1.30581 1.24956 1.19501 1.28269 1.34012 1.33932 1.37563 1.57139 1.57139 1.57139 1.57157 1.67230 1.71925 1.43272 1.39252 1.55226 1.51050 1.47875 1.44552 1.43998 1.45381 1.44270 1.43210 1.43382 1.43098 1.40881 1.41171 1.41463 1.41752
1.32727 1.32977 1.35201 1.37844 1.40487 1.43132 1.36145 1.32771 1.29425 1.15834 1.10222 1.16259 1.11725 0.932743 0.932743 0.932743 0.932743 0.932743 0.932743 0.932743 0.923387 0.941752 0.937846 0.923971 0.938072 0.968021 1.17930 1.20965 1.15641 1.24636 1.22038 1.22470 1.18733 1.18164 1.17939 1.17997 1.18234 1.18643 1.19105 1.19565 1.23210 1.37698 1.38340 1.38945 1.60261 1.65113 1.65928 1.67647 1.74828 1.78785 1.57310 1.36155 1.47188 1.52360 1.53178 1.54106 1.54012 1.50155 1.50155 1.50155 1.50256 1.51831 1.51121 1.52837 1.54912 1.56988
1.45184 1.47575 1.47997 1.47997 1.47997 1.47997 1.41114 1.35033 1.30047 1.23182 1.10222 1.13070 1.18255 0.957271 0.932743 0.934715 0.956428 0.951418 0.934416 0.917494 0.909863 0.938344 0.956738 0.954045 0.951353 0.948666 0.936786 0.918414 0.915353 0.991695 1.07027 1.20423 1.27413 1.27998 1.28582 1.28789 1.28789 1.28789 1.28789 1.28789 1.28829 1.44088 1.51116 1.52924 1.68696 1.82497 1.82196 1.80926 1.79896 1.75195 1.67783 1.34821 1.44428 1.55460 1.55460 1.56118 1.58477 1.55162 1.56854 1.58929 1.60904 1.61394 1.59584 1.58238 1.58238 1.58238
1.47997 1.47997 1.47997 1.47997 1.47997 1.47997 1.43877 1.31433 1.28748 1.25349 1.07470 1.02619 1.17932 1.07450 0.946829 0.927857 0.889224 0.877222 0.877222 0.877222 0.877222 0.892673 0.923654 0.922776 0.921899 0.921021 0.919354 0.900439 0.899783 0.918695 1.05818 1.14571 1.28759 1.28789 1.28928 1.30402 1.32211 1.34021 1.35829 1.37638 1.39407 1.45957 1.56641 1.54529 1.57710 1.78501 1.78501 1.78501 1.78501 1.77752 1.68221 1.42178 1.45868 1.64530 1.67023 1.68854 1.68947 1.63428 1.61394 1.61394 1.61394 1.60724 1.57710 1.53105 1.50846 1.48584
1.47997 1.47997 1.47997 1.47997 1.47997 1.47579 1.42538 1.20997 1.15619 1.09177 0.911806 0.776570 0.978929 1.07892 0.877222 0.877222 0.876819 0.875942 0.875064 0.874187 0.873309 0.877803 0.920396 0.920400 0.920400 0.920400 0.920400 0.905665 0.899319 0.895558 1.00823 1.08154 1.34184 1.37961 1.39630 1.39966 1.39966 1.40119 1.43432 1.48001 1.52569 1.56034 1.52308 1.51426 1.50969 1.68018 1.63146 1.54846 1.46550 1.39237 1.29617 1.36049 1.47517 1.68891 1.68947 1.68903 1.67097 1.60995 1.55217 1.50823 1.45696 1.41241 1.38265 1.37712 1.36582 1.35013
1.47746 1.43430 1.37694 1.31963 1.26232 1.20910 1.19808 1.09648 1.06398 0.974068 0.859280 0.700935 0.784150 1.12760 0.912448 0.873235 0.872762 0.873853 0.878033 0.882429 0.886870 0.891372 0.932005 0.934326 0.931439 0.928619 0.925725 0.914137 0.898873 0.900258 0.962103 1.08066 1.36854 1.47966 1.50126 1.55506 1.60984 1.66337 1.68289 1.67205 1.59336 1.50666 1.39966 1.27707 1.19365 1.34758 1.48876 1.49382 1.49908 1.50884 1.46885 1.41890 1.53652 1.51787 1.45782 1.39674 1.35327 1.31548 1.27762 1.27028 1.27028 1.27028 1.27044 1.31803 1.35447 1.36760
1.37728 1.37285 1.38478 1.39692 1.40932 1.42194 1.39663 1.22702 1.08135 1.00599 0.792648 0.796250 0.808737 1.22328 1.17652 1.03169 1.03727 1.03679 1.03087 1.02466 1.01849 1.01232 1.00670 1.00573 1.00573 1.00573 1.00573 1.00308 0.968288 0.967459 0.977995 1.18387 1.45699 1.77260 1.77599 1.67834 1.57884 1.47929 1.37968 1.29827 1.29054 1.29054 1.28933 1.23714 1.22218 1.27453 1.42454 1.37416 1.32380 1.27337 1.17297 1.08112 1.20907 1.27707 1.27707 1.27707 1.27707 1.27692 1.27053 1.27491 1.28787 1.30099 1.31396 1.34940 1.42600 1.46029
1.58976 1.55465 1.46208 1.36863 1.27523 1.18188 1.13089 1.09241 0.979985 0.979985 0.861505 0.771910 0.747582 0.923325 1.13994 1.01258 1.00678 1.00573 1.00573 1.00573 1.00573 1.00573 1.00573 1.00573 1.00573 1.00573 1.00573 1.03116 1.04753 1.06954 1.08971 1.18843 1.33475 1.44481 1.29153 1.29054 1.28560 1.27648 1.26732 1.25808 1.23907 1.21396 1.18881 1.13906 1.09079 1.08182 1.19560 1.20760 1.20760 1.20760 1.19655 1.08183 1.13641 1.27707 1.27707 1.27921 1.29408 1.33818 1.37464 1.41131 1.44574 1.47996 1.51423 1.53946 1.59766 1.60108
1.18991 1.13162 1.13080 1.13080 1.13061 1.08544 1.00642 0.925772 0.771798 0.708646 0.633509 0.520990 0.554948 0.596211 1.05786 1.01971 1.00573 1.00573 1.00573 1.00573 1.00573 1.00573 1.00573 1.01343 1.04736 1.07586 1.10434 1.10740 1.05879 1.01151 1.00390 1.03831 1.21487 1.39463 1.23495 1.21283 1.19263 1.17663 1.16064 1.14478 1.13864 1.13820 1.13640 1.13126 1.07947 1.07492 1.14568 1.19267 1.19043 1.18817 1.18006 1.11776 1.15787 1.36365 1.42878 1.47320 1.50584 1.51235 1.53149 1.55979 1.56081 1.56184 1.56287 1.56390 1.59367 1.58665
1.02213 0.942973 0.863776 0.784624 0.705702 0.671681 0.671681 0.671681 0.644617 0.635646 0.635646 0.553782 0.542459 0.556240 0.901775 1.04272 1.00573 1.00573 1.00541 0.988680 0.994949 1.02414 1.05411 1.07638 1.07239 1.07385 1.07531 1.07677 1.06877 0.976418 0.990241 1.00868 1.12170 1.24921 1.15032 1.11106 1.10962 1.10818 1.10679 1.10539 1.10404 1.10299 1.10292 1.10292 1.06669 1.01218 1.00769 1.05122 1.02296 1.00259 0.987880 1.13682 1.32240 1.41068 1.48569 1.48569 1.48569 1.48569 1.50338 1.53983 1.51285 1.48587 1.45887 1.43189 1.44157 1.48106
0.671681 0.671681 0.671681 0.671681 0.671681 0.671681 0.671681 0.671681 0.658535 0.649517 0.651345 0.627147 0.543229 0.575121 0.766861 1.03862 0.967845 0.993869 1.02413 1.07081 1.09449 1.09525 1.09525 1.09525 1.09973 1.12217 1.14823 1.17674 1.20785 1.11316 1.07973 1.07973 1.09118 1.14667 1.22009 1.10292 1.10292 1.10292 1.08760 1.05421 1.02082 0.987404 0.954011 0.920597 0.895858 0.863591 0.877022 0.986784 1.00187 1.00196 1.00196 1.03359 1.31890 1.37256 1.44927 1.42219 1.39520 1.36822 1.34668 1.41678 1.41865 1.41865 1.41865 1.41865 1.41857 1.44012
0.671681 0.671681 0.671681 0.671681 0.671681 0.671681 0.671681 0.671681 0.672614 0.737985 0.844754 0.951470 0.906693 1.01336 1.09881 1.11879 1.11031 1.09525 1.09525 1.10088 1.12400 1.15031 1.17893 1.21031 1.23778 1.24031 1.24031 1.24031 1.24031 1.16542 1.07973 1.07977 1.09224 1.15040 1.21168 0.982620 0.947663 0.914270 0.896178 0.896158 0.896337 0.913322 0.941236 0.969172 0.992953 0.932264 0.896106 0.963232 1.04104 1.10986 1.17875 1.24760 1.55416 1.68223 1.40798 1.33937 1.33937 1.33937 1.33937 1.38455 1.36152 1.32023 1.27988 1.24281 1.21056 1.34210
0.671681 0.671681 0.671681 0.671891 0.750069 0.892427 1.03465 1.17693 1.31660 1.20565 1.19551 1.19551 1.18354 1.18026 1.20786 1.21388 1.19746 1.18117 1.21275 1.23870 1.24031 1.24031 1.24031 1.24031 1.24031 1.24035 1.25246 1.27415 1.29585 1.29683 1.16008 1.17626 1.18386 1.20363 1.20731 0.960943 0.896158 0.902646 0.929167 0.957103 0.984860 0.995823 0.999107 1.05151 1.12036 1.17048 1.15852 1.26013 1.36283 1.36283 1.36283 1.36283 1.48962 1.68139 1.50199 1.26874 1.23200 1.19528 1.15857 1.18017 1.22152 1.22607 1.22973 1.23004 1.23004 1.39085
0.880879 1.02310 1.16546 1.30746 1.37157 1.37157 1.37157 1.37157 1.37157 1.25801 1.26760 1.32725 1.38696 1.37450 1.36997 1.36360 1.31750 1.24339 1.24031 1.24032 1.25219 1.27395 1.29563 1.31732 1.33903 1.36070 1.37048 1.37048 1.37048 1.37048 1.22081 1.18386 1.18386 1.19217 1.25064 1.11135 0.972960 1.00476 1.06814 1.13696 1.20581 1.27470 1.34020 1.35670 1.35670 1.35670 1.28344 1.27606 1.36999 1.38015 1.39074 1.40206 1.42817 1.49955 1.46519 1.15771 1.15077 1.15077 1.15077 1.17389 1.23004 1.23004 1.23146 1.23754 1.24398 1.29300
1.37157 1.37157 1.37157 1.37157 1.38716 1.46124 1.54077 1.62049 1.70002 1.62443 1.48918 1.48918 1.48918 1.45386 1.37504 1.36027 1.31506 1.30561 1.33881 1.36048 1.37048 1.37048 1.37048 1.37048 1.37048 1.37048 1.37048 1.37048 1.37048 1.37048 1.29049 1.22800 1.26966 1.33404 1.38995 1.36416 1.29323 1.34977 1.35670 1.35956 1.38541 1.41619 1.44700 1.48077 1.52171 1.56557 1.58104 1.52971 1.46878 1.43508 1.43508 1.43508 1.43508 1.48722 1.49467 1.25607 1.15077 1.15077 1.15116 1.16108 1.22321 1.17577 1.12515 1.06985 1.01409 0.958463
1.45470 1.53443 1.61399 1.69352 1.75766 1.76314 1.76314 1.76314 1.76058 1.69261 1.47265 1.46520 1.45776 1.44928 1.36094 1.32773 1.30872 1.30640 1.37048 1.37048 1.37048 1.37048 1.37048 1.37048 1.37048 1.37048 1.37359 1.42080 1.50473 1.58962 1.62491 1.45150 1.49107 1.52938 1.55694 1.56052 1.50595 1.52208 1.55931 1.60037 1.61917 1.63375 1.64942 1.66024 1.66046 1.66046 1.66002 1.56136 1.50378 1.43694 1.43828 1.43959 1.44092 1.47990 1.46333 1.30044 1.02009 0.972003 0.923426 0.870199 0.914605 0.936249 0.938679 0.941121 0.943576 0.946005
1.76314 1.76314 1.76182 1.75307 1.74314 1.73321 1.72328 1.71334 1.70599 1.70432 1.46326 1.44602 1.44602 1.44602 1.40621 1.32988 1.32532 1.28274 1.36378 1.37048 1.37048 1.37048 1.38722 1.44892 1.53376 1.61870 1.70048 1.74503 1.76053 1.77499 1.78952 1.78381 1.81766 1.84760 1.85080 1.76635 1.69438 1.66887 1.67738 1.67871 1.68002 1.68135 1.68267 1.68399 1.68531 1.68663 1.68795 1.64658 1.59998 1.54458 1.58352 1.62700 1.67586 1.70028 1.21010 1.17825 0.867831 0.843522 0.843522 0.843522 0.911596 0.963107 1.01791 1.11163 1.20540 1.29908
1.76977 1.71539 1.70677 1.70560 1.70560 1.70560 1.70560 1.70560 1.70560 1.70560 1.54172 1.49737 1.51187 1.52636 1.53676 1.45087 1.45141 1.43751 1.54958 1.64989 1.74450 1.84386 1.92655 1.96423 1.97863 1.99321 2.00770 2.01661 2.03357 2.05329 2.07133 2.06299 2.05359 2.05721 2.04214 1.85339 1.78002 1.69634 1.69005 1.69005 1.69005 1.69624 1.73347 1.77490 1.81632 1.85777 1.89919 1.93157 1.83851 1.76511 1.74317 1.74889 1.74919 1.74919 1.37343 1.18743 0.997289 0.939027 1.03270 1.12647 1.25961 1.43269 1.47156 1.47156 1.47156 1.47156
1.88199 1.70560 1.70560 1.70560 1.70560 1.70560 1.70560 1.70560 1.70560 1.70560 1.71354 1.72210 1.68582 1.59110 1.49571 1.35240 1.21121 1.35660 1.90425 2.01038 2.01521 2.01521 2.01730 2.03523 2.05478 2.07269 2.08911 2.10332 2.10635 2.10635 2.10635 2.09794 2.05722 2.05721 2.05721 1.91105 1.82522 1.80558 1.82374 1.86517 1.90662 1.94185 1.94607 1.94607 1.92708 1.88567 1.84423 1.80589 1.82519 1.81248 1.74919 1.73828 1.70319 1.66721 1.46420 1.05913 1.10350 1.35234 1.35234 1.35234 1.36344 1.47135 1.47957 1.52877 1.58383 1.63882
2.05756 1.70610 1.70560 1.70560 1.70560 1.70560 1.70560 1.66654 1.54230 1.41500 1.31184 1.31334 1.25409 1.25339 1.25339 1.25880 1.28835 1.29457 1.86428 2.04631 2.07406 2.09037 2.10402 2.10635 2.10635 2.10635 2.10635 2.10635 2.10635 2.10753 2.11240 2.11752 2.07868 2.07507 2.07934 1.99980 1.86665 1.96789 1.94503 1.93669 1.92202 1.87717 1.82812 1.77920 1.74954 1.74183 1.71514 1.67313 1.63538 1.63252 1.50367 1.47272 1.46553 1.45918 1.44132 1.00549 1.01402 1.32867 1.43333 1.48958 1.54587 1.70371 1.76968 1.77674 1.77801 1.77928
2.14731 1.77332 1.67491 1.55355 1.42631 1.29907 1.17189 1.08352 1.08065 1.08065 1.08106 1.24033 1.24788 1.20458 1.15415 1.10375 1.27930 1.51739 1.76912 2.07190 2.10635 2.10635 2.10635 2.10750 2.11235 1.98597 1.85587 1.85273 1.84997 1.84619 1.83885 1.83176 1.82368 1.81657 1.81059 1.76548 1.60746 1.59557 1.57917 1.53432 1.50315 1.47658 1.44659 1.41661 1.38662 1.35667 1.34289 1.34289 1.34289 1.37028 1.32293 1.30333 1.30460 1.30587 1.30714 1.13980 1.22777 1.49157 1.66065 1.66070 1.66070 1.73368 1.77993 1.77993 1.77993 1.78216
1.55457 1.26786 1.08652 1.08065 1.08065 1.08065 1.08065 1.07552 1.02086 0.953624 0.886356 0.988775 1.01235 1.00523 1.00523 1.00523 1.07209 1.52286 1.62195 2.11480 2.12260 2.12772 2.13285 2.13683 2.13711 2.02409 1.78322 1.78322 1.78322 1.78322 1.78322 1.78322 1.78402 1.78067 1.75270 1.70699 1.52779 1.40758 1.45076 1.37873 1.35015 1.34289 1.34289 1.33886 1.32799 1.31653 1.30449 1.29187 1.27858 1.27230 1.31008 1.31193 1.31193 1.31193 1.31193 1.23881 1.21565 1.37586 1.65825 1.66070 1.66070 1.70545 1.79171 1.81037 1.84774 1.88739
1.20988 1.19354 1.07872 1.02615 0.958885 0.891683 0.824482 0.762276 0.749769 0.749769 0.749769 0.872878 1.04716 1.09540 1.14370 1.19194 1.24024 1.62861 1.74532 2.11599 2.15770 2.13711 2.13711 2.13711 2.13711 2.11035 1.78517 1.78322 1.78322 1.78225 1.75470 1.70059 1.64398 1.62202 1.60546 1.58830 1.48601 1.31237 1.37664 1.30371 1.28638 1.27281 1.25854 1.24929 1.24916 1.24916 1.24916 1.24916 1.24916 1.24916 1.28908 1.31193 1.31193 1.31193 1.31191 1.30426 1.16699 1.34367 1.61330 1.73849 1.78004 1.82260 1.97038 1.99156 1.99609 1.99694
0.934326 0.833523 0.759790 0.749769 0.749769 0.750551 0.792042 0.856363 0.920724 0.985084 1.04941 1.13958 1.28457 1.28457 1.28457 1.28457 1.28457 1.45488 1.74540 1.92226 2.19946 2.13711 2.13711 2.13711 2.13711 2.13240 1.79750 1.69178 1.63523 1.57960 1.55058 1.54809 1.54809 1.55277 1.54666 1.53519 1.45459 1.29879 1.27767 1.28082 1.24195 1.24106 1.24017 1.23927 1.23839 1.23750 1.23661 1.23571 1.23482 1.23393 1.24602 1.28699 1.26860 1.24726 1.22768 1.22174 1.24482 1.52261 1.66587 1.86895 1.86895 1.85175 2.02718 2.05023 2.05023 2.04868
