results/OMI_NO2_201001.asc
ncols      200
nrows      200
xllcorner       120.258
yllcorner       41.1236
cellsize     0.0166667
NODATA_Value      -999.000
[rows 29 to 57 of 166, columns 130 to 194 of 200]
0.446313 0.446313 0.446313 0.446313 0.446313 0.446313 0.446313 0.556720 1.68098 1.50771 1.23792 0.998123 0.871038 0.870742 0.870742 0.911114 1.14682 1.79148 1.97899 2.02018 2.08279 2.19195 2.31979 2.47163 2.63993 2.67744 2.67744 2.67744 2.67744 2.67744 2.67744 2.67744 2.67744 2.20384 1.91887 1.81197 1.52184 1.52184 1.52184 1.52141 1.51465 1.50580 1.49696 1.48811 1.98422 5.26643 5.47922 5.21360 4.66249 4.63153 4.62091 4.61029 4.60354 4.60342 4.50800 4.37645 4.37645 4.33196 4.22742 4.22108 4.37471 4.37538 4.43665 4.53037 4.63474
0.446313 0.446313 0.446313 0.556329 0.815661 1.07583 1.33601 1.49520 1.30994 1.03487 1.03487 1.04431 1.11254 1.29432 1.47882 1.63793 1.72766 1.93436 2.43140 2.60446 2.67744 2.67744 2.67744 2.67744 2.67744 2.67744 2.67744 2.67744 2.67744 2.67744 2.67744 2.67744 2.67744 2.53794 1.92207 1.91654 1.57977 1.50301 1.49417 1.48575 1.48366 1.51377 1.65992 1.81754 1.97534 4.45661 5.78634 5.56556 4.72238 4.60342 4.60342 4.60342 4.60661 4.61721 4.61425 4.32957 4.30273 4.28858 4.17549 4.15914 4.44535 4.80065 4.82747 4.83471 4.83859
0.825749 1.08592 1.34609 1.49625 1.49709 1.49709 1.49709 1.49709 1.62797 1.62681 1.85740 2.03785 1.95911 1.88880 2.00587 2.08748 2.08824 2.08848 2.55123 2.67744 2.67744 2.67744 2.67744 2.67744 2.67744 2.67744 2.67744 2.67744 2.67744 2.67744 2.67744 2.70691 2.79038 2.87490 2.12145 1.86878 1.70801 1.49644 1.62611 1.78385 1.94166 2.06942 2.08094 2.08094 2.08094 2.62231 5.72024 5.76604 5.07096 4.62718 4.63808 4.64897 4.65666 4.65475 4.65107 4.40594 4.29532 4.29929 4.24778 4.18077 4.26896 4.83468 4.80653 4.71512 4.63133
1.49709 1.49709 1.49709 1.49709 1.55378 1.85270 2.07967 2.23872 2.31803 2.19913 2.08824 2.08824 2.08824 2.08824 2.08824 2.08824 2.08824 2.08824 2.27496 2.67744 2.67744 2.67744 2.67744 2.67744 2.67744 2.67744 2.67744 2.72014 2.80466 2.88928 2.97380 3.02892 3.03004 3.03566 2.77897 2.22323 2.41970 2.09946 2.08094 2.08094 2.08094 2.08094 2.08387 2.09889 2.11523 2.13156 4.58221 5.84994 5.57788 4.73203 4.64993 4.64617 4.64243 4.64081 4.64081 4.55085 4.30818 4.30818 4.29384 4.11570 4.06812 4.57477 4.90501 5.10058 5.30428
1.50413 1.75383 2.01345 2.19130 2.30577 2.31935 2.31935 2.31935 2.31935 2.29603 2.09360 2.08824 2.08824 2.08824 2.08824 2.08824 2.08824 2.08431 2.04130 2.40941 2.40932 2.33995 2.60915 2.73442 2.81904 2.90360 2.98815 3.03004 3.03004 3.03004 3.18008 3.49545 3.81094 4.12105 4.19801 2.80804 2.66434 2.34477 2.09751 2.11386 2.13019 2.14654 2.15995 2.16127 2.15997 2.15463 2.74733 5.78618 5.78663 5.02262 4.64081 4.64081 4.64081 4.64081 4.64081 4.59822 4.21998 4.06984 3.96904 4.18379 4.49746 4.72221 5.36071 5.36076 5.35280
2.27970 2.31935 2.31935 2.31935 2.31935 2.31935 2.31935 2.31935 2.31935 2.31935 2.17250 2.08824 2.06926 2.01457 1.96691 1.92601 1.89051 1.86122 1.85844 2.05138 2.35185 2.40824 2.68584 3.03004 3.03004 3.03004 3.12131 3.42784 3.74344 4.05893 4.22450 4.22462 4.20028 3.89917 3.57446 3.00292 2.74998 2.70562 2.17678 2.16127 2.15855 2.15292 2.14729 2.14166 2.13732 2.13703 2.13703 4.63827 5.83121 5.49527 4.68642 4.62642 4.51868 4.39413 4.26960 4.18642 4.04625 3.91101 3.91324 4.00332 4.49887 4.49743 5.19301 5.32742 5.32721
2.31935 2.31935 2.31935 2.31935 2.31935 2.31935 2.31754 2.26256 2.19302 2.13374 2.04918 1.87687 1.85583 1.85513 1.86256 1.91223 1.96862 2.02501 2.07805 2.09884 2.43873 2.48300 2.56798 3.35594 3.67607 3.99132 4.21566 4.22241 3.98576 3.64633 3.36289 3.12274 2.92767 2.88617 2.88617 2.89006 2.79046 2.77144 2.34780 2.13995 2.13703 2.13703 2.13703 2.13703 2.13703 2.13703 2.13703 2.78258 5.68748 5.49815 4.58513 4.19093 4.17472 4.17722 4.17981 4.18094 4.15197 3.90932 3.89512 3.88983 4.30914 4.47831 4.81173 5.32721 5.32721
2.31935 2.30489 2.22586 2.15325 2.11096 2.06282 2.02145 2.00920 2.00920 2.00920 2.06153 2.02704 1.97816 2.03453 2.08352 2.09020 2.09020 2.09020 2.09882 2.26714 2.65923 3.07901 3.25780 3.78413 3.72134 3.42592 3.17635 2.96384 2.88617 2.88617 2.88617 2.88617 2.88617 2.88617 2.88617 2.88617 2.84615 2.77144 2.62841 2.13789 2.13703 2.13703 2.13697 2.11091 2.06310 2.01530 1.96752 1.93279 4.23749 5.15703 4.79243 4.20031 4.17590 4.16784 4.15968 4.15300 4.15235 3.97366 3.88951 3.88951 4.05841 4.49051 4.54491 5.32199 5.38687
2.02067 1.98089 1.97640 1.97641 2.00338 2.00920 2.06782 2.30311 2.55039 2.79776 2.99260 2.72422 2.09020 2.09020 2.09020 2.19139 2.41930 2.64754 2.83098 2.72834 2.58867 2.70714 2.59123 2.62672 2.88617 2.88617 2.88617 2.88617 2.88617 2.88617 2.88617 2.88617 2.88617 2.88617 2.88617 2.88617 2.89134 2.77098 2.65895 2.08127 1.86826 1.77292 1.74394 1.93116 1.92266 1.81707 1.68417 1.55131 2.12958 4.84880 4.84860 4.38656 4.15235 4.15235 4.15235 4.15271 4.15540 4.09131 3.92225 3.93295 3.95194 4.48647 4.59745 5.03929 5.38791
1.97640 1.97640 2.04171 2.27990 2.54150 2.80735 2.99590 3.00788 3.00788 3.00788 3.00788 3.04240 2.47320 2.56966 2.75688 2.74597 2.46986 2.34548 2.25516 2.24769 2.24769 2.38166 2.51185 2.52339 2.85907 2.88617 2.88617 2.88617 2.88617 2.88617 2.88617 2.88617 2.82720 2.69639 2.58420 2.50642 2.43901 2.20209 1.99262 1.85757 1.63177 1.56441 1.45951 1.54578 1.45543 1.42812 1.42812 1.42812 1.42812 3.90531 4.86894 4.70273 4.16452 4.16133 4.16442 4.16715 4.17691 4.20554 4.03121 4.01363 4.03013 4.28913 4.63579 4.73670 5.36477
2.53676 2.78408 2.96599 2.97508 2.97760 3.00702 3.00788 3.01667 3.18557 3.37294 3.49241 3.56059 3.17152 2.71314 2.70467 2.67852 2.26855 2.24769 2.24769 2.24769 2.24769 2.26908 2.50136 2.51185 2.71126 2.88617 2.86795 2.74842 2.62549 2.51488 2.42353 2.36057 2.33858 2.36655 2.39023 2.39280 2.39280 2.27824 1.79359 1.65645 1.29834 1.23047 1.23047 1.32001 1.42812 1.42836 1.43193 1.43656 1.44120 2.22198 4.87633 4.85951 4.37194 4.21395 4.24255 4.27117 4.29043 4.29094 4.16689 4.02429 4.02429 4.06202 4.48172 4.30234 4.53284
2.97508 2.97508 2.97508 2.97508 3.06773 3.23891 3.37130 3.47174 3.43714 3.39317 3.39293 3.39293 3.35958 2.74746 2.70467 2.70467 2.43018 2.24769 2.24769 2.24769 2.24769 2.28110 2.50366 2.68601 2.71905 2.36039 2.29710 2.31498 2.34327 2.37156 2.39192 2.39280 2.39280 2.35875 2.23128 2.09837 1.96552 1.89441 1.59812 1.47964 1.35660 1.23321 1.23692 1.26339 1.44453 1.44986 1.45093 1.45496 1.49096 1.53390 4.11335 5.02111 4.80202 4.29127 4.29094 4.29094 4.29094 4.29094 4.22307 3.83219 3.67386 3.52429 3.72933 3.92032 4.11882
2.97641 3.10467 3.23152 3.34373 3.37662 3.37518 3.39293 3.39293 3.39293 3.39293 3.39293 3.39293 3.39293 3.01759 2.70467 2.71005 2.68065 2.38105 2.45126 2.52162 2.59202 2.62919 2.67971 2.93434 2.96609 2.47574 2.39273 2.39280 2.39280 2.37610 2.25975 2.12684 1.99399 1.89514 1.88976 1.88983 1.90782 1.93915 1.82144 1.49660 1.48342 1.25942 1.24871 1.25825 1.44412 1.54732 1.59022 1.62910 1.63601 1.63601 2.49331 5.03224 4.99971 4.43395 4.28515 4.15741 3.98131 3.80509 3.67743 3.57516 3.56812 3.62379 3.73911 4.08871 4.09727
3.35565 3.36833 3.36833 3.36833 3.36833 3.36856 3.39004 3.39293 3.39293 3.39293 3.41601 3.48514 3.55554 3.54354 3.01861 3.07302 3.08602 2.73132 2.65117 2.67948 2.70776 2.73593 2.74726 2.91786 3.01142 2.72130 2.28817 2.15537 2.02241 1.90626 1.88976 1.90057 1.93150 1.96283 1.99422 2.02547 2.03888 2.03888 2.01674 1.56504 1.50244 1.39500 1.37088 1.39567 1.47661 1.63601 1.63601 1.63601 1.63601 1.63601 1.64113 4.20589 4.77981 4.29928 3.73386 3.69179 3.74312 3.80085 3.85383 3.84794 3.71612 3.71671 3.71723 3.99439 4.09385
3.36833 3.36833 3.36833 3.36833 3.37024 3.45288 3.55095 3.58494 3.65538 3.72566 3.77307 3.77429 3.77429 3.77797 3.34821 3.14147 3.16976 3.02898 2.74726 2.74726 2.74726 2.74726 2.73451 2.74214 2.66999 2.48293 1.90509 1.92382 1.95518 1.98652 2.01790 2.03843 2.03888 2.03888 2.03888 2.03888 2.03888 2.03888 2.03873 1.77334 1.50244 1.48391 1.39735 1.39678 1.40697 1.62375 1.64985 1.69108 1.73307 1.77504 1.81190 2.51347 4.24697 4.22165 3.92501 3.89367 3.90060 3.90128 3.90190 3.90202 3.74453 3.71732 3.71732 3.83356 4.15753
3.48504 3.61038 3.73579 3.86113 3.98463 4.02733 3.99542 3.77609 3.77429 3.77855 3.81276 3.85260 3.89244 3.92859 3.77134 3.20424 3.20424 3.18957 2.77579 2.71793 2.69318 2.67030 2.68287 2.71428 2.64027 2.62885 2.22240 2.03888 2.03888 2.03888 2.03888 2.03888 2.03888 2.03888 2.03888 2.03888 2.03888 2.03888 2.03888 1.98015 1.52569 1.56356 1.61718 1.72640 1.87331 1.89491 1.81649 1.81664 1.76340 1.67603 1.58862 1.83400 3.57367 4.04017 4.16667 3.90202 3.90202 3.90202 3.90242 3.92185 3.91138 3.93656 4.02543 4.12646 4.61671
4.02733 4.02733 4.02733 4.02733 4.02733 4.03235 4.06727 3.92185 3.89390 3.92948 3.93512 3.93512 3.93512 3.93512 3.93353 3.33993 3.15839 3.17849 2.95469 2.73794 2.76928 2.79884 2.80562 2.80562 2.76908 2.65749 2.46046 2.03888 2.03888 2.03888 2.03888 2.03888 2.03888 2.03888 2.03888 2.05813 2.18372 2.31839 2.37189 2.39703 2.33648 2.45969 2.37899 2.17562 2.14694 1.99286 1.60706 1.52025 1.48615 1.48615 1.48615 1.72355 2.58835 4.01597 4.22868 3.99342 3.97933 4.00917 4.03868 4.05162 4.10382 4.24657 4.31979 4.40000 4.75948
4.02733 4.03319 4.06875 4.10859 4.14843 4.18325 4.18817 4.10075 3.93512 3.93512 3.93511 3.92208 3.91438 3.96716 4.02675 3.85141 3.45622 3.49409 3.39652 2.80962 2.80562 2.80562 2.80562 2.80562 2.80560 2.69030 2.64419 2.09072 2.03888 2.03983 2.12635 2.26802 2.40953 2.53604 2.57888 2.58973 2.49414 2.38945 2.36590 2.36590 2.32652 2.37048 2.28286 1.98450 1.91107 1.90830 1.54848 1.48615 1.48615 1.51287 1.56514 1.64007 2.08206 3.78978 4.23275 4.30005 4.07173 4.08832 4.10490 4.11898 4.12065 4.43328 4.54979 4.54979 4.60070
4.14992 4.18392 4.18817 4.18817 4.18817 4.18817 4.18817 4.17690 3.98481 4.02493 4.08292 4.15407 4.21972 4.22498 4.22498 4.21160 3.57522 3.49409 3.49409 2.99402 2.80562 2.80562 2.80562 2.80562 2.80856 2.77626 2.69011 2.56992 2.63550 2.74965 2.69832 2.58683 2.47515 2.37874 2.36590 2.36590 2.35564 2.27992 2.19255 2.10517 2.02256 2.09244 2.14491 2.03515 1.92900 1.97078 1.83064 1.66573 1.71793 1.74354 1.74400 1.76318 2.01132 2.90501 4.25859 4.47294 4.14392 4.12065 4.12065 4.12065 4.12065 4.21614 4.10323 3.62035 3.08819
4.18817 4.18817 4.18817 4.21573 4.27754 4.33554 4.39361 4.45529 4.33328 4.22498 4.22498 4.22498 4.22498 4.22498 4.22498 4.22498 3.88267 3.49409 3.49410 3.28434 2.82933 2.84475 2.86016 2.87558 2.88806 2.84684 2.61289 2.49376 2.45620 2.37125 2.36590 2.36590 2.36262 2.29833 2.21092 2.12358 2.04644 2.03482 2.03482 2.07422 2.19835 2.19133 2.32046 2.35699 2.13114 2.11667 2.07664 1.77385 1.80131 1.83033 1.85890 1.86874 1.89501 2.25532 3.93866 4.34363 4.32988 4.12065 3.92396 3.51836 3.07659 2.65615 2.78586 2.64069 2.37059
4.33531 4.39333 4.45132 4.48187 4.47802 4.47802 4.47802 4.47802 4.43114 4.22500 4.22498 4.22498 4.22498 4.22661 4.23978 4.25520 4.21906 3.58517 3.57054 3.56713 2.96361 2.83001 2.71838 2.60685 2.49517 2.42501 2.36736 2.27576 2.34752 2.31670 2.22933 2.14196 2.05786 2.03482 2.05367 2.16758 2.29467 2.42163 2.54872 2.63628 2.63912 2.46442 2.37405 2.40231 2.25891 2.19337 2.21380 1.96675 1.86874 1.86874 1.86874 1.86874 1.86874 2.09313 3.00297 3.82001 3.56722 2.84923 2.60054 2.48639 2.26163 1.98377 1.69750 1.63428 1.69947
4.47802 4.47802 4.47802 4.47802 4.47802 4.47802 4.47802 4.47802 4.42289 4.23617 4.26171 4.27712 4.29253 4.30631 4.30855 4.30855 4.30520 3.77402 3.38791 3.27633 2.82222 2.42389 2.42389 2.42389 2.42389 2.42125 2.40957 2.11616 2.02073 2.04062 2.13677 2.26379 2.39075 2.51790 2.62601 2.63912 2.63912 2.63912 2.63912 2.63912 2.63912 2.61465 2.31437 2.40231 2.37270 2.21834 2.21683 2.10028 1.86874 1.87858 1.93408 1.99531 2.05651 2.14477 2.46622 2.48646 2.50635 2.12999 1.74958 1.60985 1.64929 1.69898 1.72947 1.80568 1.80585
4.47802 4.47802 4.47729 4.38616 4.23172 4.07727 3.92282 3.76846 3.66914 3.93252 4.30855 4.30855 4.30394 4.16050 3.95320 3.74590 3.54195 3.41506 3.11416 3.11236 3.04034 2.43442 2.41578 2.40735 2.39926 2.46428 2.59113 2.51465 2.40307 2.60545 2.63912 2.63912 2.63912 2.63912 2.63912 2.63912 2.63912 2.63912 2.63912 2.63912 2.63912 2.63912 2.39132 2.39131 2.39288 2.22828 2.17739 2.15955 2.07545 2.12681 2.13253 2.14067 2.16118 2.18179 2.27797 2.23480 2.20922 1.82114 1.71916 1.71916 1.71916 1.71916 1.74314 1.81183 1.80585
4.03868 3.88423 3.73051 3.66727 3.66727 3.66727 3.66727 3.66727 3.66075 3.55257 3.92360 3.73820 3.53542 3.47165 3.47165 3.47165 3.47165 3.47157 3.20946 3.09860 3.03894 2.63888 2.68727 2.81436 2.94108 2.99728 2.99728 2.97312 2.57660 2.60837 2.63912 2.63912 2.63912 2.63912 2.63912 2.63912 2.63912 2.63912 2.63832 2.60809 2.55991 2.52198 2.38592 2.12425 2.30739 2.28071 2.13253 2.13726 2.15679 2.17747 2.19811 2.21060 2.21074 2.21074 2.21074 2.21074 2.21074 2.07257 1.79703 1.85635 1.91573 1.97514 2.01480 2.03861 2.05907
3.66727 3.66727 3.66727 3.66727 3.65849 3.50383 3.29657 3.08931 2.88846 2.83038 3.24458 3.47165 3.47165 3.47165 3.46892 3.44862 3.30332 3.12526 2.85262 2.42318 2.30471 2.48848 2.99728 2.99728 2.99728 2.99728 2.99728 2.99728 2.75932 2.57412 2.63912 2.63912 2.63912 2.62515 2.57948 2.52834 2.47272 2.43043 2.39233 2.39871 2.42841 2.44052 2.44049 2.05816 2.37438 2.40507 2.22573 2.20967 2.21074 2.21074 2.19649 2.21074 2.22242 2.26529 2.30977 2.35429 2.39882 2.42071 2.08283 2.14326 2.27057 2.38309 2.47995 2.51613 2.43796
3.64352 3.49604 3.28875 3.08145 2.88302 2.83038 2.83038 2.83038 2.83038 2.83038 2.99736 3.38245 3.20424 3.02605 2.85065 2.69266 2.65978 2.65978 2.65838 2.35938 2.30049 2.30418 2.89715 2.99728 2.99728 2.99728 2.99728 2.99232 2.87212 2.38153 2.45713 2.43467 2.37051 2.34548 2.37389 2.40380 2.43263 2.44052 2.44052 2.44142 2.46130 2.48882 2.51634 2.31614 2.30857 2.36610 2.18678 2.03860 2.02018 2.00550 2.01060 2.35423 2.42783 2.42947 2.46931 2.55199 2.62732 2.69620 2.64966 2.52130 2.52130 2.52130 2.52130 2.52130 2.48929
2.68313 2.83038 2.83038 2.83038 2.83038 2.83038 2.80209 2.64196 2.46391 2.28570 2.11250 2.57741 2.65978 2.65978 2.65978 2.65978 2.65978 2.65978 2.65978 2.51517 2.30049 2.30049 2.59006 2.87480 2.77519 2.67553 2.57597 2.48127 2.46219 2.21019 2.20177 2.40890 2.43588 2.44052 2.44052 2.44055 2.45550 2.48301 2.51054 2.48525 2.39029 2.29858 2.19967 1.99439 1.82974 2.13346 2.17084 2.07394 2.06807 2.08255 2.14958 2.40424 2.65454 2.71964 2.75399 2.75413 2.75413 2.75413 2.74204 2.53570 2.52130 2.54471 2.63481 2.72913 2.84363
2.40248 2.82772 2.71550 2.54282 2.36476 2.18664 2.03672 2.01851 2.01851 2.01851 2.01851 2.33515 2.65978 2.65978 2.65978 2.65978 2.65876 2.59582 2.49621 2.38262 1.96409 1.83792 1.81794 2.43644 2.46485 2.48676 2.50920 2.53163 2.54985 2.48222 2.14515 2.43931 2.45007 2.45958 2.39224 2.32290 2.24798 2.16572 2.00687 1.85572 1.73744 1.61917 1.51569 1.50101 1.73096 2.20275 2.28234 2.27455 2.32980 2.38542 2.39886 2.45216 2.75405 2.75413 2.75413 2.75413 2.75413 2.79308 2.86848 2.85064 2.85272 2.92364 2.92770 2.92770 2.92770
2.46513 2.16491 2.02426 2.01865 2.01851 2.01851 2.01851 2.01851 2.01851 2.01851 2.01851 2.10427 2.55562 2.45501 2.35540 2.25568 2.15714 2.12047 2.12047 2.12047 1.92982 1.79379 1.81623 2.28250 2.55100 2.55153 2.55153 2.55153 2.54882 2.58055 2.28663 2.34876 2.42205 2.07633 1.88394 1.76566 1.64739 1.53315 1.50101 1.50101 1.50101 1.50101 1.50101 1.50101 1.60506 2.17412 2.34127 2.34979 2.39831 2.39886 2.39886 2.39886 2.67646 2.81659 2.89198 2.96741 3.04278 3.07925 3.09814 3.13202 2.93476 2.92770 2.92770 2.92770 2.92770
