results/OMI_NO2_201108.asc
ncols      200
nrows      200
xllcorner       120.258
yllcorner       41.1236
cellsize     0.0166667
NODATA_Value      -999.000
[rows 0 to 26 of 166, columns 62 to 123 of 200]
1.13613 1.10948 1.09282 1.11552 1.25066 1.24991 1.24991 1.24991 1.24839 1.00731 0.938505 0.939735 1.00564 1.10937 1.18172 1.23087 1.25908 1.32594 1.32594 1.32594 1.42860 2.02927 1.99775 1.94917 1.91586 1.89162 1.88296 1.88296 1.88296 1.88296 1.88296 1.87188 1.74433 1.61002 1.49865 1.40466 1.35576 1.28044 1.09808 0.499446 0.632041 0.888998 1.05712 1.18141 1.58128 1.68588 1.68588 1.68588 1.68588 1.68588 1.68588 1.68588 1.68588 1.65362 1.59049 1.53922 1.49692 1.60686 1.72442 1.72442 1.72442 1.72442
1.08171 1.08171 1.08171 1.08176 1.21305 1.24991 1.24991 1.24549 1.23971 1.21260 1.14664 1.20630 1.23756 1.23768 1.23768 1.23768 1.23841 1.31238 1.33901 1.36915 1.40087 1.79160 1.88296 1.88296 1.88296 1.88296 1.88296 1.82745 1.68067 1.55743 1.45448 1.37209 1.35735 1.37487 1.39379 1.41061 1.42810 1.40708 1.19858 1.17743 1.22140 1.22402 1.22402 1.22402 1.37182 1.68588 1.68588 1.68588 1.68588 1.65134 1.58853 1.53764 1.49555 1.47478 1.47469 1.47469 1.47469 1.51673 1.72442 1.72442 1.72442 1.72442
1.08171 1.08171 1.08171 1.08054 1.13545 1.23503 1.28932 1.32490 1.35973 1.36238 1.25488 1.23768 1.23768 1.23768 1.24730 1.27555 1.30131 1.36333 1.42848 1.42862 1.42862 1.56899 1.87728 1.75924 1.62232 1.50890 1.41344 1.35946 1.37622 1.39497 1.41165 1.42661 1.43897 1.45594 1.49171 1.52759 1.56120 1.56577 1.35203 1.26493 1.22473 1.22402 1.22402 1.22402 1.23879 1.61199 1.58654 1.53597 1.49421 1.47471 1.47469 1.47469 1.47469 1.47469 1.47469 1.47469 1.47469 1.47092 1.60091 1.57881 1.52185 1.47314
1.07807 1.07640 1.07488 1.07425 1.08270 1.21460 1.35986 1.36468 1.36468 1.36468 1.32173 1.27298 1.29900 1.32227 1.33699 1.33747 1.33747 1.34461 1.43163 1.46402 1.50099 1.56532 1.40697 1.37750 1.39613 1.41271 1.42753 1.43945 1.44117 1.44491 1.47552 1.51144 1.54733 1.56846 1.56861 1.56861 1.56861 1.56861 1.46770 1.27402 1.24118 1.21675 1.20470 1.19429 1.18521 1.32484 1.47469 1.47469 1.47469 1.47469 1.47469 1.47469 1.47465 1.45230 1.41549 1.38313 1.35452 1.33133 1.36601 1.41986 1.40127 1.38298
1.07425 1.07425 1.07425 1.07454 1.07758 1.15550 1.30492 1.39441 1.42540 1.45637 1.47346 1.34762 1.33747 1.33747 1.34570 1.36752 1.39173 1.41355 1.52874 1.61505 1.61960 1.62368 1.54750 1.44117 1.44117 1.44117 1.45937 1.49527 1.53117 1.56332 1.56861 1.56861 1.56861 1.56861 1.56861 1.56861 1.56861 1.60316 1.65107 1.36740 1.21565 1.18139 1.18110 1.18110 1.18110 1.21352 1.47192 1.47469 1.46569 1.42927 1.39529 1.36530 1.33866 1.32750 1.32570 1.31344 1.30094 1.32807 1.38558 1.26991 1.22276 1.19139
1.08345 1.08715 1.09176 1.11728 1.14894 1.21144 1.35609 1.47813 1.48190 1.48245 1.50142 1.45140 1.39604 1.39714 1.38298 1.35193 1.32066 1.29474 1.38001 1.62719 1.62719 1.62719 1.63243 1.48366 1.51502 1.55091 1.56861 1.56861 1.56861 1.56861 1.56861 1.56861 1.56861 1.59692 1.66644 1.73638 1.80623 1.84158 1.84158 1.62659 1.21731 1.19300 1.18110 1.18145 1.19613 1.21831 1.34077 1.34870 1.32892 1.32750 1.32730 1.32476 1.36138 1.40614 1.45269 1.50968 1.56690 1.58453 1.58453 1.31377 1.17352 1.17352
1.14222 1.17320 1.20327 1.21215 1.21215 1.21562 1.35470 1.48729 1.54890 1.55416 1.53490 1.48863 1.30271 1.29203 1.29203 1.29203 1.29203 1.29203 1.29374 1.61254 1.74057 1.82903 1.92397 1.68344 1.56861 1.56861 1.56861 1.56861 1.56861 1.59132 1.65992 1.72974 1.79968 1.84125 1.84158 1.84158 1.84158 1.84158 1.84158 1.78956 1.35844 1.25734 1.25061 1.27229 1.27978 1.27978 1.30886 1.39469 1.43964 1.48426 1.52916 1.57643 1.58453 1.58453 1.58453 1.58453 1.58453 1.58453 1.58453 1.47542 1.18782 1.25845
1.21215 1.21701 1.23061 1.22555 1.21361 1.19814 1.24397 1.31810 1.46802 1.47256 1.47256 1.47256 1.36794 1.29203 1.29229 1.31039 1.36496 1.42950 1.50335 1.74644 1.99138 1.99138 1.99138 1.86834 1.56861 1.58633 1.65331 1.72319 1.79310 1.84024 1.84158 1.84158 1.84158 1.84158 1.84165 1.85444 1.87660 1.89879 1.92095 1.93589 1.65327 1.34346 1.37739 1.42347 1.46998 1.51473 1.54417 1.57767 1.58453 1.58453 1.58453 1.58453 1.58453 1.58453 1.58453 1.58453 1.60066 1.67220 1.74834 1.82206 1.53036 1.48114
1.19112 1.17110 1.14201 1.13538 1.13538 1.13538 1.15347 1.28657 1.40584 1.47256 1.47567 1.49971 1.53113 1.42168 1.49272 1.54167 1.54449 1.54449 1.54449 1.57913 1.97824 2.00914 2.09554 2.18850 1.86374 1.83871 1.84158 1.84158 1.84158 1.84158 1.84471 1.86442 1.88662 1.90877 1.93088 1.94037 1.96546 2.00946 2.05348 2.09774 2.14032 1.84955 1.80490 1.53906 1.53681 1.53681 1.53681 1.55742 1.58453 1.58453 1.58453 1.58453 1.60231 1.67482 1.75108 1.82734 1.88744 1.89215 1.89215 1.89215 1.69498 1.48114
1.15961 1.13538 1.13538 1.13538 1.13538 1.13538 1.13714 1.26425 1.36806 1.62203 1.71678 1.77013 1.78520 1.62934 1.54449 1.54449 1.54449 1.55727 1.63992 1.73302 2.11383 2.34853 2.35533 2.35533 2.12965 1.84158 1.85227 1.87443 1.89661 1.91877 1.93829 1.96861 2.01263 2.05669 2.10062 2.14457 2.18186 2.26884 2.36223 2.45534 2.48348 2.23610 1.95537 1.65279 1.53681 1.53681 1.53681 1.53950 1.60191 1.67755 1.75372 1.82995 1.88843 1.89215 1.89215 1.89215 1.89215 1.89215 1.89215 1.89215 1.85042 1.50426
1.23874 1.13542 1.13877 1.14481 1.15168 1.15955 1.16553 1.23751 1.40828 1.66201 1.78520 1.78520 1.78520 1.74761 1.63156 1.72432 1.81750 1.89786 1.90845 1.90845 2.01503 2.35045 2.28186 2.20366 2.12295 1.93958 1.97182 2.01578 2.05984 2.10384 2.14739 2.16348 2.16501 2.22702 2.32039 2.41383 2.48885 2.49529 2.49529 2.49529 2.49529 2.41687 2.00338 1.85597 1.55843 1.63244 1.70872 1.78496 1.86909 1.89215 1.89215 1.89215 1.89215 1.89215 1.89215 1.89215 1.89925 1.92483 1.95138 1.97796 2.00430 1.72127
1.18527 1.15494 1.16570 1.16570 1.16570 1.16570 1.16570 1.18923 1.39905 1.46997 1.83390 1.91862 1.99691 2.06849 1.95736 1.90845 1.90845 1.89672 1.84576 1.79811 1.75711 2.03281 2.12731 2.17135 2.21533 2.20376 2.16348 2.16348 2.16348 2.18853 2.27865 2.37202 2.46390 2.49529 2.49529 2.49529 2.49529 2.49529 2.49529 2.49529 2.49443 2.46087 2.26405 2.20615 1.94610 1.84443 1.84443 1.84443 1.85199 1.89195 1.89215 1.89359 1.91416 1.94071 1.96729 1.99387 2.01332 2.01280 1.97894 1.93197 1.85242 1.63092
1.10695 1.14526 1.19829 1.22785 1.25746 1.28700 1.35497 1.44786 1.61807 1.81591 2.00916 2.08181 2.08181 2.05064 1.94698 1.78485 1.74783 1.72329 1.72532 1.72971 1.73396 1.96543 2.27183 2.27183 2.27183 2.26523 2.23937 2.33021 2.42362 2.49197 2.49529 2.49529 2.49529 2.49529 2.49529 2.49529 2.49463 2.49154 2.48821 2.48488 2.48241 2.48062 2.38880 2.26989 2.15157 1.84443 1.84443 1.83053 1.79301 1.89302 1.98319 2.00831 2.01428 2.01428 1.99342 1.89636 1.77031 1.64567 1.55345 1.47443 1.42784 1.42658
1.19433 1.25201 1.34650 1.43123 1.50947 1.58780 1.62772 1.62772 1.66664 1.79580 1.76909 1.91383 1.87510 1.85507 1.85935 1.76113 1.73513 1.73513 1.73513 1.73513 1.73513 1.76916 2.28350 2.39675 2.49016 2.57975 2.53425 2.49529 2.49529 2.49529 2.49529 2.49529 2.49481 2.49184 2.48851 2.48518 2.48252 2.48229 2.48229 2.48229 2.48229 2.48229 2.43064 2.28836 2.19419 1.83008 1.70011 1.67612 1.67573 1.77338 1.93606 1.81384 1.68779 1.56179 1.45647 1.42751 1.42751 1.42751 1.42751 1.42751 1.42751 1.42751
1.33100 1.41849 1.54210 1.62772 1.62201 1.59030 1.56217 1.53977 1.52101 1.61242 1.63823 1.79002 1.86515 1.86515 1.86515 1.82292 1.73513 1.73513 1.74223 1.81825 1.91165 2.00502 2.39818 2.60364 2.60364 2.60364 2.58108 2.49529 2.49495 2.49213 2.48880 2.48548 2.48264 2.48229 2.48229 2.48229 2.48229 2.48229 2.47132 2.43453 2.39661 2.35875 2.31031 2.20473 2.08147 1.88187 1.50619 1.39284 1.26677 1.15009 1.38789 1.42751 1.42751 1.42751 1.42751 1.42751 1.42751 1.42751 1.42751 1.42941 1.45160 1.47916
1.41765 1.38975 1.38206 1.53112 1.52050 1.52257 1.52458 1.52458 1.52458 1.57280 1.64051 1.67643 1.86159 1.86515 1.86515 1.90537 1.88925 1.96325 2.04955 2.06694 2.06694 2.06694 2.18202 2.60364 2.60342 2.60078 2.59745 2.50995 2.48279 2.48229 2.48229 2.48229 2.48229 2.48143 2.45528 2.41735 2.37950 2.34161 2.31467 2.34092 2.43821 2.53877 2.63943 2.11970 1.70483 1.63355 1.20259 1.08896 1.08896 1.08896 1.24410 1.42751 1.42751 1.42751 1.42751 1.42982 1.45251 1.48005 1.50760 1.53327 1.53863 1.53863
1.32904 1.34112 1.29758 1.44144 1.52458 1.52458 1.52458 1.52458 1.52458 1.53503 1.63916 1.64051 1.84934 2.05146 2.14483 2.19683 2.14555 2.06694 2.06694 2.06694 2.06682 2.06438 2.06116 2.49224 2.59131 2.59063 2.59063 2.55326 2.48229 2.47392 2.43817 2.40027 2.36238 2.32535 2.34684 2.44561 2.54633 2.64694 2.74765 2.81939 2.80708 2.78764 2.76822 2.42149 1.71219 1.61148 1.44083 1.08896 1.08896 1.08896 1.11323 1.41764 1.45343 1.48099 1.50855 1.53380 1.53863 1.53863 1.53863 1.53863 1.53863 1.53863
1.34141 1.34141 1.31835 1.33883 1.52456 1.52458 1.52458 1.52458 1.52458 1.52458 1.60202 1.64051 1.73480 2.18958 2.19696 2.19696 2.19186 2.06927 2.06135 2.05803 2.05482 2.05394 2.05394 2.27130 2.59063 2.57033 2.53158 2.49067 2.35676 2.35530 2.45333 2.55378 2.65455 2.75506 2.82257 2.82431 2.81578 2.79640 2.77694 2.75896 2.75531 2.75531 2.75531 2.73377 1.82598 1.64537 1.60740 1.17800 1.11582 1.14339 1.17091 1.40265 1.53863 1.53863 1.53863 1.53863 1.53863 1.53863 1.53863 1.53228 1.48084 1.42062
1.34141 1.34141 1.33768 1.29173 1.47077 1.52458 1.52458 1.52458 1.52177 1.51091 1.53356 1.64051 1.64051 1.97247 2.05126 1.95092 1.85202 1.92796 2.05394 2.05394 2.05171 2.02139 1.98257 1.97098 2.46097 2.57024 2.67091 2.77152 2.81878 2.82365 2.82431 2.82431 2.82199 2.80511 2.78567 2.76624 2.75534 2.75531 2.75531 2.75531 2.75531 2.75531 2.75531 2.75512 2.20665 1.70997 1.69403 1.53100 1.20008 1.20008 1.20008 1.26379 1.53839 1.53863 1.53852 1.50482 1.44459 1.38440 1.32420 1.27030 1.26148 1.28002
1.34141 1.34141 1.34125 1.30711 1.35979 1.49893 1.49531 1.49194 1.49080 1.47400 1.40141 1.33708 1.20748 1.25798 1.80975 1.81715 1.80881 1.78669 1.95729 1.96088 2.00389 2.08434 2.18499 2.29892 2.74319 2.93382 2.93382 2.93382 2.92418 2.81713 2.79439 2.77497 2.75785 2.75531 2.75531 2.75531 2.75531 2.75531 2.75531 2.75519 2.75367 2.75173 2.74980 2.74806 2.60057 1.73134 1.72332 1.71476 1.27236 1.20008 1.21212 1.27776 1.41783 1.34820 1.28803 1.26148 1.26148 1.26976 1.31723 1.39273 1.46909 1.52677
1.33757 1.34005 1.34249 1.33797 1.31400 1.46713 1.41842 1.33818 1.25783 1.19938 1.19662 1.16987 1.10962 1.05787 1.52415 1.76928 1.81113 1.89183 2.15048 2.36608 2.36704 2.36704 2.36704 2.36704 2.50541 2.93045 2.91264 2.89322 2.87380 2.79611 2.75531 2.75531 2.75531 2.75531 2.75531 2.75525 2.75384 2.75191 2.74998 2.74816 2.74776 2.74776 2.74776 2.74776 2.74776 1.98825 1.78013 1.88487 1.76777 1.49407 1.58397 1.59335 1.45792 1.28458 1.35261 1.42882 1.50514 1.57319 1.60202 1.60288 1.60288 1.60288
1.35392 1.35016 1.28915 1.20882 1.09523 1.10406 1.19662 1.19530 1.17208 1.14819 1.14436 1.12910 1.04109 1.09678 1.33458 2.04464 2.05132 2.05132 2.08470 2.35941 2.36704 2.36678 2.35045 2.32454 2.29863 2.76999 2.86482 2.86482 2.86482 2.84331 2.75530 2.75528 2.75401 2.75208 2.75015 2.74828 2.74776 2.74776 2.74776 2.74776 2.74776 2.76747 2.91093 3.09393 3.30146 3.08002 2.29585 2.29250 2.31407 1.76579 1.76292 1.86476 1.95537 1.62926 1.60288 1.60288 1.60288 1.60288 1.60288 1.60288 1.60288 1.60288
1.14582 1.06934 1.05008 1.05235 1.05480 1.08348 1.16290 1.16152 1.18715 1.21544 1.21711 1.21709 1.16862 1.14384 1.14384 1.80959 2.05132 2.05132 2.04514 2.21595 2.31027 2.28462 2.27504 2.27504 2.27504 2.54712 2.86482 2.86482 2.86370 2.86177 2.77606 2.74842 2.74776 2.74776 2.74776 2.74776 2.74776 2.81992 2.99115 3.18450 3.40509 3.62401 3.65110 3.59646 3.53110 3.42673 2.54220 2.41824 2.30343 2.11595 2.04855 2.04855 2.04855 1.79607 1.60288 1.60288 1.60288 1.60288 1.60550 1.75272 1.98479 2.21665
1.08613 1.12427 1.16601 1.20927 1.23544 1.23775 1.22556 1.21711 1.21711 1.21711 1.21711 1.21711 1.19743 1.14384 1.14384 1.34782 2.00148 1.98028 1.96056 2.01078 2.27318 2.27504 2.27504 2.27504 2.27378 2.30620 2.83477 2.85808 2.85727 2.85727 2.82050 2.74776 2.76077 2.89486 3.07568 3.28067 3.51537 3.64853 3.59147 3.52592 3.46046 3.39491 3.33430 3.24615 3.12164 2.99709 2.47207 2.12526 2.11966 2.11669 2.05487 2.04855 2.04855 1.99377 1.61434 1.76077 1.99265 2.22462 2.45378 2.53824 2.53824 2.53824
1.23775 1.23775 1.23775 1.23775 1.23775 1.23775 1.23451 1.21722 1.21711 1.21711 1.21711 1.21711 1.21413 1.14871 1.14384 1.14384 1.75217 1.95932 1.95932 1.95932 2.18167 2.27143 2.26885 2.26628 2.26497 2.26497 2.65273 2.85727 2.87444 2.93074 2.98672 3.32001 3.59957 3.58635 3.52086 3.45537 3.38982 3.33248 3.32434 3.29549 3.17726 3.05279 2.92917 2.88187 2.88187 2.88187 2.75870 2.12687 2.12217 2.11927 2.09309 2.26954 2.57859 2.88751 2.67128 2.53824 2.53824 2.53824 2.53824 2.53824 2.53824 2.53824
1.23775 1.23775 1.23775 1.23775 1.23775 1.23775 1.23775 1.22305 1.21711 1.21711 1.21711 1.21839 1.23907 1.21491 1.14384 1.14384 1.35568 2.01168 2.06173 2.10876 2.16690 2.26497 2.26497 2.26520 2.30946 2.38662 2.59007 3.05358 3.04815 3.00066 2.95147 3.09877 3.33016 3.32434 3.32434 3.32093 3.23292 3.10837 2.98386 2.88820 2.88187 2.88187 2.88187 2.88187 2.88187 2.88187 2.88182 2.30114 2.13886 2.94569 3.26763 3.30041 3.29570 3.29570 3.08309 2.53824 2.53824 2.53824 2.57396 2.70482 2.85613 3.02746
1.23775 1.23775 1.23775 1.23775 1.23775 1.23775 1.24868 1.26999 1.28381 1.31575 1.34778 1.37852 1.39371 1.40200 1.28254 1.35312 1.40742 1.96244 2.13748 2.14317 2.20570 2.38123 2.49454 2.60149 2.66032 2.68534 2.70769 2.83082 2.85706 2.85706 2.85706 2.88621 3.26691 3.16400 3.03952 2.91837 2.88187 2.88187 2.88187 2.88187 2.88187 2.88187 2.88186 2.88017 2.87736 2.87454 2.87177 2.59131 2.11457 2.92181 3.36642 3.33055 3.29570 3.28998 3.19841 2.81657 2.95507 3.14020 3.28915 3.29570 3.29972 3.34848
