results/OMI_NO2_201111.asc
ncols      200
nrows      200
xllcorner       120.258
yllcorner       41.1236
cellsize     0.0166667
NODATA_Value      -999.000
[rows 87 to 115 of 175, columns 67 to 133 of 200]
1.09022 1.09022 1.09022 1.10391 1.19767 1.30432 1.38879 1.46064 1.52479 1.27073 1.16120 1.29931 1.36847 1.34912 1.28908 1.04690 1.01881 1.03805 1.13073 1.12953 1.12939 1.10712 1.06887 1.03121 1.00027 0.996654 1.07389 1.08963 1.08963 1.08963 1.08963 1.08963 1.08963 1.08963 1.08963 3.85753 4.93836 5.19696 5.29467 5.37277 5.48025 5.58772 5.69435 5.71760 5.71408 5.71408 5.71408 5.71408 5.73314 5.79046 5.77961 5.76226 5.74490 5.72852 5.66657 5.56068 5.47274 5.49751 6.11014 5.96960 5.84339 5.80319 5.55619 6.25608 7.25124 7.25809 7.25809
1.24641 1.35301 1.45980 1.55269 1.56568 1.56568 1.56522 1.52920 1.48864 1.29720 1.10179 1.11926 1.20054 1.18505 1.18498 1.05668 0.985459 1.01173 1.09717 1.04279 1.00855 0.996560 0.998302 0.998609 0.998609 0.998609 1.03739 1.08963 1.08963 1.08963 1.08963 1.08963 1.08963 1.08963 1.11866 2.42400 5.35906 5.39739 5.68469 5.71408 5.71408 5.71408 5.71408 5.71408 5.71408 5.71408 5.74445 5.82961 5.89617 5.61712 5.40044 5.31347 5.23759 5.16643 5.14183 5.15187 5.15187 5.15187 5.72029 5.93715 5.89667 5.86740 5.61486 6.11322 6.97142 7.28638 7.28979
1.56568 1.56568 1.56388 1.52697 1.47650 1.42601 1.37557 1.32007 1.30222 1.26143 1.05587 1.05662 1.16253 1.18931 1.26091 1.29579 1.23320 1.28286 1.18082 0.998609 0.998609 0.998609 0.998609 0.998609 0.998609 0.998609 1.00726 1.08869 1.08963 1.10043 1.15225 1.20789 1.26555 1.34235 1.39489 1.52880 5.28998 5.66071 5.74776 5.80111 5.81274 5.82427 5.84750 5.86008 5.79680 5.73580 5.58465 5.50886 5.45563 5.42332 5.32491 5.34001 5.34962 5.35924 5.36895 5.37854 5.38816 5.39775 5.66966 6.18066 6.16826 6.09231 6.00059 6.09406 6.70344 7.49614 7.57689
1.42173 1.37124 1.32257 1.30899 1.30899 1.30899 1.30899 1.30795 1.30223 1.30213 1.11871 1.24521 1.41934 1.49910 1.51863 1.53626 1.42358 1.41815 1.43490 1.22105 1.20564 1.22648 1.24700 1.26770 1.28941 1.34144 1.40646 1.61586 1.76250 1.83316 1.86293 1.88875 1.91257 1.91731 1.91731 1.91842 4.03856 6.05021 5.69900 5.77820 5.71005 5.64641 5.60964 5.61794 5.68794 5.75805 5.70250 5.66207 5.66207 5.65725 5.43485 5.40624 5.40624 5.40624 5.40624 5.40624 5.40624 5.40624 5.44717 6.34729 6.65844 6.45181 6.31614 6.30358 6.62173 7.77216 7.83427
1.30899 1.30899 1.30899 1.30899 1.30899 1.30899 1.32424 1.47040 1.64128 1.81586 2.00235 2.03766 2.02965 1.89741 1.88945 1.88945 1.82002 1.72984 1.72984 1.61283 1.47095 1.51489 1.55946 1.60400 1.64744 1.66075 1.66075 1.74054 1.91731 1.91731 1.91731 1.91731 1.91028 1.88886 1.86871 1.88690 2.38256 5.33886 5.31510 5.61083 5.70048 5.77062 5.80835 5.80840 5.80840 5.80840 5.75791 5.66207 5.66207 5.66207 5.54422 5.40624 5.40624 5.40624 5.44739 5.67601 5.95809 6.29035 6.60369 7.09913 7.42857 7.15537 6.47832 6.45282 6.62304 7.43132 7.92855
1.30899 1.30899 1.31313 1.42188 1.59800 1.77412 1.93495 1.96497 1.96237 1.95820 1.99350 2.03766 2.03766 1.95327 1.88945 1.89013 1.88667 1.81613 1.86053 1.89332 1.68006 1.66075 1.66075 1.66075 1.66075 1.66075 1.66088 1.67646 1.87145 1.86092 1.84300 1.84070 1.90781 1.99318 2.05203 2.06163 2.17881 4.20167 5.33891 5.53294 5.80840 5.80840 5.80840 5.80840 5.80840 5.80840 5.80330 5.67062 5.66207 5.66207 5.71585 5.74780 6.06267 6.39593 6.68788 6.79255 6.84358 6.84432 6.84432 6.94723 7.45039 7.47126 6.67203 6.59057 6.77284 7.10084 7.99347
1.54949 1.72558 1.89763 1.96497 1.96497 1.96497 1.96497 1.96497 1.96456 1.95844 1.97182 2.04089 2.04986 2.03739 1.92080 1.92817 1.92987 1.93309 1.93497 1.93497 1.79399 1.66165 1.67084 1.68206 1.69327 1.70448 1.71557 1.72228 1.84307 1.96536 2.02255 2.05209 2.01740 1.97510 1.95972 1.95972 2.03008 2.82880 5.41019 5.27127 5.80840 5.80840 5.80840 5.80840 5.80840 5.80840 5.92043 6.14796 6.42400 6.75718 7.02075 6.94902 6.84432 6.84432 6.84432 6.84432 6.84485 6.86963 6.90741 6.94525 7.45115 7.59144 7.09850 6.53112 6.76022 6.78314 7.76984
1.96497 1.96497 1.96497 1.96497 1.96497 1.96497 1.96549 1.97407 1.98540 1.99236 2.00135 2.07190 2.07808 2.07808 1.97326 1.92987 1.93222 1.94391 1.95904 1.97028 1.95695 1.72635 1.71962 1.71962 1.75710 1.84183 1.89746 1.93825 1.94286 1.97340 1.95972 1.95972 1.95972 1.95972 1.95972 1.95972 1.96345 2.30675 4.63199 5.25744 5.65128 5.81027 6.00916 6.34270 6.67570 7.00891 7.23007 7.21113 7.10015 7.10015 7.10015 7.06612 6.84729 6.86191 6.89972 6.93748 6.97477 6.99128 6.97966 6.95453 7.16442 7.50842 7.44591 6.60742 6.84496 6.87950 7.40902
1.96497 1.96497 1.96825 1.97925 1.99059 2.00192 2.01269 2.01549 2.01549 2.01367 2.00873 2.06174 2.09375 2.10497 2.07519 1.97917 1.98804 1.98874 1.99295 1.99383 1.99796 1.88908 1.86799 1.91143 1.91743 1.87616 1.86409 1.86409 1.86449 1.94689 1.95972 1.95972 1.95972 1.95972 1.95972 1.95972 1.95972 2.23419 3.41433 5.92189 6.30499 7.11252 7.24648 7.24648 7.24648 7.24648 7.24648 7.24581 7.11912 7.15490 7.39812 7.68070 7.29994 7.05142 7.03714 7.01200 6.98691 6.95822 6.94469 6.94469 6.97392 7.51896 7.54861 6.93228 6.75081 6.95109 7.07303
1.99578 2.00711 2.01517 2.01549 2.01549 2.01549 2.03518 2.07308 2.11100 2.14888 2.08880 2.10693 2.13694 2.13694 2.13631 2.01228 1.98899 2.00226 1.99489 1.97664 1.94759 1.89444 1.86421 1.86409 1.86409 1.86409 1.86409 1.86409 1.86409 1.91169 1.95972 1.95972 1.96302 1.99523 2.03415 2.07314 2.11204 2.31101 2.53770 6.11772 6.56536 7.20298 7.27453 7.28391 7.29323 7.31812 7.53872 7.85685 8.14920 8.40962 8.41656 8.39729 8.03022 7.08683 7.08528 7.09463 7.10411 7.11351 7.12283 7.13221 7.14156 7.51882 7.76433 7.56272 6.85978 7.35336 7.13782
2.01570 2.03854 2.07644 2.11433 2.15225 2.19017 2.20835 2.20835 2.20835 2.20835 2.14381 2.09210 2.13694 2.14151 2.11579 2.02067 1.93166 1.88666 1.86839 1.86686 1.85986 1.85262 1.83538 1.82606 1.82024 1.81446 1.80865 1.80288 1.81713 1.86285 1.97858 2.01234 2.04208 2.04310 2.03723 2.03151 2.02564 2.19079 2.79395 4.77382 6.83890 7.14483 7.67113 7.98232 8.32524 8.65771 8.67776 8.59742 8.51050 8.41615 8.40972 8.40972 8.40972 7.42170 7.19204 7.19204 7.19204 7.19204 7.19204 7.19204 7.19204 7.32284 7.74874 7.68290 6.76760 6.94436 6.73730
2.19329 2.20835 2.20835 2.20835 2.20835 2.20835 2.20835 2.20835 2.20835 2.20749 2.15757 1.98032 1.89378 1.81564 1.78913 1.77938 1.72425 1.71781 1.71781 1.72179 1.72417 1.72417 1.72718 1.74238 1.77852 1.81749 1.85640 1.89538 1.91422 1.91422 1.98627 2.00986 2.00986 2.00986 2.00986 2.01290 2.03641 2.08219 2.87146 3.31000 7.40768 7.88255 8.66281 8.58328 8.50097 8.44356 8.44154 8.44154 8.44154 8.41689 8.40972 8.40972 8.40972 7.95044 7.19204 7.19204 7.19204 7.18716 7.13353 7.05572 6.93285 6.80755 7.30126 7.39718 6.95148 6.64817 6.76653
2.20835 2.20835 2.20835 2.20835 2.20835 2.20724 2.16505 2.11310 2.05299 1.98392 1.96022 1.83305 1.77738 1.77148 1.77148 1.77148 1.74162 1.71781 1.71893 1.76177 1.80815 1.85687 1.90551 1.91747 1.91422 1.91422 1.91422 1.91422 1.91422 1.91422 1.94993 2.04781 2.07508 2.10236 2.13113 2.17307 2.20126 2.27872 3.15412 3.52472 6.69755 8.32539 8.37562 8.44154 8.44154 8.44154 8.44154 8.44154 8.44154 8.42842 8.40972 8.40972 8.40972 8.37662 7.24559 7.00186 6.87467 6.75237 6.67879 6.62952 6.62516 6.62516 6.95647 7.37652 7.32942 6.56724 6.85410
2.20835 2.20808 2.16085 2.10319 2.04451 1.97671 1.95979 1.96022 1.96022 1.96022 1.96022 1.89655 1.78232 1.77148 1.78479 1.84418 1.90004 1.91734 1.97908 1.99977 1.95749 1.94835 1.94835 1.93537 1.91408 1.89881 1.87337 1.84795 1.82250 1.79708 1.80070 2.15393 2.19322 2.27369 2.41535 2.53569 2.64819 2.70776 3.20835 3.70221 4.69535 8.38697 8.29066 8.44154 8.44154 8.44154 8.44154 8.44154 8.44154 8.41704 8.26504 8.11168 7.95910 7.81889 7.20352 6.62516 6.62516 6.62516 6.62516 6.62516 6.62244 6.61705 6.67112 7.33893 7.35619 6.81774 6.84497
2.03648 1.96949 1.95399 1.96022 1.96022 1.96022 1.96022 1.96022 1.96022 1.96071 2.01151 2.08778 2.00451 1.99968 2.04959 2.05348 2.05348 2.01602 1.99981 1.99793 1.95127 1.88972 1.85794 1.82601 1.79156 1.78102 1.78102 1.78107 1.78149 1.83952 1.95278 2.37189 2.65359 2.70781 2.70781 2.70781 2.70781 2.70781 2.96871 3.70221 3.70221 7.43305 8.28886 8.40787 8.44154 8.37829 8.22634 8.07372 7.92107 7.79074 7.73953 7.72946 7.72946 7.72946 7.65892 6.67896 6.62344 6.61817 6.61278 6.60739 6.60448 6.58499 6.55252 7.02090 7.23904 7.04759 6.66059
1.96022 1.96022 1.96022 1.96022 1.96022 1.97379 2.05024 2.13454 2.21897 2.30268 2.33622 2.33622 2.23103 2.06168 2.04810 2.01910 1.98731 1.94105 1.87006 1.84014 1.83015 1.78393 1.78184 1.77716 1.75259 1.84313 1.95443 2.07524 2.18799 2.23696 2.23696 2.36409 2.70781 2.70781 2.70781 2.70781 2.70781 2.70781 2.74935 3.68193 3.70692 5.51837 8.23046 7.88245 7.85126 7.76192 7.76128 7.76128 7.76128 7.76128 7.75129 7.72946 7.67850 7.34820 7.00729 6.63935 6.58514 6.55766 6.52518 6.49269 6.46045 6.44746 6.44746 6.65744 7.19894 7.19894 6.80453
1.96022 2.00463 2.08893 2.17326 2.25756 2.32833 2.33622 2.33622 2.33622 2.32223 2.27087 2.21742 2.12925 1.93531 1.88977 1.88697 1.88697 1.88679 1.84204 1.83330 1.80631 1.78888 1.81763 1.86309 1.95154 2.21347 2.23696 2.23696 2.23696 2.23696 2.23696 2.24153 2.65615 2.70781 2.70781 2.70834 2.72651 2.75326 2.78000 3.58280 3.82321 3.92129 7.79450 7.63432 7.74997 7.76128 7.76128 7.76929 7.78257 7.53896 7.16926 6.83744 6.58611 6.53980 6.52443 6.52558 6.61265 6.62621 6.64336 6.66055 6.67793 6.69512 6.71222 6.73651 7.41006 7.51541 7.16264
2.29629 2.33622 2.33622 2.33622 2.31839 2.26583 2.21238 2.15890 2.10545 2.06596 2.06392 2.06392 2.06333 1.93118 1.88697 1.88697 1.87792 1.84712 1.84670 1.92841 1.98805 2.01050 1.97832 1.97839 1.97911 2.09878 2.24017 2.24127 2.24239 2.24349 2.24461 2.25437 2.53112 2.78039 2.80832 2.83563 2.84533 2.84644 2.84755 3.62589 4.34060 4.36632 6.71329 8.33698 8.15524 8.05997 7.65173 7.27292 6.92065 6.77209 6.74598 6.78341 6.80726 6.80428 6.80428 6.80428 6.87044 6.90473 6.90473 6.90473 6.90473 6.90473 6.90473 6.90473 7.28352 7.26131 6.39023
2.26082 2.20734 2.15389 2.10044 2.06482 2.06392 2.06392 2.06392 2.06392 2.06392 2.06392 2.06392 2.06345 1.96580 1.86075 1.84097 1.83032 1.83731 1.84719 2.02355 2.03648 2.03736 2.00461 1.99792 1.99808 2.01765 2.25397 2.28602 2.31278 2.33953 2.36627 2.38437 2.46031 2.85530 2.85572 2.85572 2.85572 2.85572 2.85520 3.31346 4.41791 4.31856 4.50601 7.55504 6.82805 6.76222 6.74286 6.72549 6.71118 6.70974 6.70974 6.73012 6.80428 6.80428 6.80428 6.80428 6.82598 6.90473 6.90473 6.90473 6.88759 6.35538 5.53257 4.64046 3.77790 4.12167 4.14192
2.02960 2.06392 2.06392 2.06392 2.06392 2.06392 2.06392 2.06392 2.06392 2.06601 2.02414 1.98431 1.95062 1.92835 1.84380 1.84274 1.84274 1.84274 1.84274 1.95251 2.03924 2.03924 2.02220 2.03054 2.05194 2.07335 2.25172 2.38487 2.38487 2.38487 2.38487 2.38487 2.38487 2.74784 2.79607 2.73895 2.68195 2.62021 2.46268 2.41447 3.59706 3.47989 3.48384 6.05218 6.82271 6.70072 6.70974 6.70974 6.70974 6.70974 6.70974 6.70989 6.79017 6.80428 6.80428 6.80428 6.74682 6.19251 5.38388 4.47962 3.51303 3.19548 3.20227 3.20361 3.20361 3.90722 4.16720
1.85646 2.06392 2.06392 2.06392 2.06392 2.08298 2.06077 2.01665 1.97914 1.94326 1.93969 1.93969 1.93969 1.93969 1.86457 1.84274 1.84274 1.84099 1.82666 1.83736 1.98797 1.97271 1.97206 2.09149 2.09665 2.09665 2.13459 2.38275 2.40242 2.45554 2.50961 2.56367 2.61776 2.61274 2.48503 2.35503 2.24769 2.16785 2.16037 2.18036 3.27526 3.51886 3.51886 4.49938 7.02849 6.68621 6.70974 6.70974 6.70974 6.70974 6.70974 6.70974 6.63452 5.97201 5.12501 4.20136 3.27136 3.12040 3.20361 3.20361 3.20361 3.20361 3.20361 3.21461 3.24481 3.60583 4.26942
1.67063 2.08083 2.09865 2.05130 2.00988 1.95953 1.93969 1.93969 1.93969 1.93969 1.93969 1.93969 1.93969 1.93083 1.87071 1.80208 1.78524 1.77017 1.76769 1.76769 1.90653 1.96420 1.96429 2.07102 2.16440 2.20768 2.25093 2.51394 2.66827 2.66927 2.64003 2.50785 2.39036 2.29080 2.16406 2.18136 2.19416 2.19439 2.19439 2.19439 2.95658 3.51886 3.51886 3.52151 6.59103 6.72316 6.70575 6.70974 6.50127 5.73266 4.86903 3.92579 3.08119 3.08251 3.08307 3.08307 3.08307 3.08471 3.18845 3.21004 3.23869 3.26925 3.29979 3.31933 3.29452 3.25065 4.04324
1.64972 1.89410 1.94081 1.93969 1.93969 1.93969 1.93969 1.93969 1.93817 1.92117 1.90016 1.87914 1.85811 1.84595 1.84061 1.77127 1.76769 1.76999 1.80343 1.84666 1.94500 2.12969 2.17287 2.22111 2.32417 2.32417 2.32291 2.35822 2.42971 2.33380 2.26757 2.28008 2.29200 2.29210 2.22595 2.19439 2.19439 2.19439 2.19439 2.19439 2.63727 3.51886 3.51886 3.52054 4.98367 5.82228 4.69343 3.75607 3.00495 2.96962 2.96962 2.96962 2.96962 3.05574 3.08307 3.09287 3.21380 3.36582 3.41673 3.27492 3.21487 3.14208 3.06935 2.99660 2.94896 2.94789 3.49552
1.59291 1.70867 1.93969 1.93969 1.93222 1.91147 1.89044 1.86941 1.84991 1.84588 1.84588 1.84588 1.85284 1.90836 1.97861 1.93943 1.94440 1.98538 1.99521 1.99521 1.99627 2.16204 2.19171 2.17945 2.26320 2.27131 2.25708 2.26756 2.28925 2.29210 2.29210 2.29210 2.29210 2.29210 2.26218 2.19439 2.19439 2.19439 2.19439 2.20549 2.35339 3.57242 3.59661 3.61715 3.62128 3.52010 2.93433 2.96855 2.96962 2.96962 2.96962 2.96974 3.05213 3.24221 3.39904 3.49969 3.47404 3.41027 3.33212 3.01995 3.00034 3.00927 3.01826 3.02732 3.03628 3.04524 3.22887
1.53538 1.46352 1.82660 1.85970 1.84613 1.84588 1.84588 1.85514 1.91313 1.98419 2.06366 2.15274 2.24144 2.25580 2.25580 2.12553 1.99521 1.99521 1.99521 1.99228 1.94742 1.99384 2.13965 2.13658 2.20243 2.27856 2.27856 2.27856 2.28321 2.29210 2.29694 2.31447 2.33257 2.35079 2.37108 2.32228 2.35431 2.39476 2.43506 2.46440 2.48250 3.56266 3.75023 3.75920 3.76816 3.77724 3.26730 3.12956 3.20235 3.36873 3.54088 3.71037 3.77920 3.75585 3.54562 3.51678 3.50978 3.50978 3.50978 3.32941 3.18626 3.18626 3.18626 3.18626 3.18626 3.18626 3.18626
1.25132 1.25132 1.57183 1.91804 1.98962 2.06965 2.15959 2.24505 2.25580 2.25580 2.25580 2.25580 2.25580 2.25580 2.25580 2.27015 2.13844 2.06958 2.02078 1.97492 1.97095 2.01073 2.38715 2.42638 2.45302 2.59014 2.61325 2.63143 2.64977 2.68014 2.71052 2.73339 2.75560 2.77781 2.79591 2.74245 2.69989 2.69989 2.69989 2.69989 2.69989 3.41064 3.86338 3.87420 3.89791 4.03443 3.95133 3.68268 3.79438 3.77521 3.75033 3.72777 3.72375 3.72375 3.58097 3.50978 3.50978 3.50978 3.50978 3.46878 3.19050 3.18626 3.18626 3.18626 3.18626 3.18793 3.26444
1.37006 1.41692 1.56032 2.24914 2.25580 2.25580 2.25580 2.25580 2.25580 2.25580 2.25580 2.25580 2.22865 2.12387 2.01229 2.01118 2.23284 2.14823 2.14823 2.14823 2.14823 2.14823 2.37903 2.54920 2.54920 2.63983 2.71118 2.73339 2.75562 2.78324 2.79760 2.79760 2.79760 2.79760 2.79760 2.77869 2.70024 2.70818 2.71917 2.73017 2.74177 3.27497 4.16130 4.32367 4.50921 4.58484 4.61194 4.02988 3.77448 3.72375 3.72375 3.72375 3.72375 3.72375 3.65879 3.50978 3.50978 3.50978 3.50978 3.50978 3.29302 3.23741 3.35366 3.47015 3.58669 3.70146 3.74149
1.46305 1.46305 1.46305 2.03070 2.25580 2.25580 2.25580 2.25580 2.24038 2.15348 2.04191 1.93037 1.84582 1.83902 1.83902 1.84378 2.28056 2.14920 2.14823 2.14823 2.14902 2.16514 2.24897 2.60817 2.63203 2.67820 2.78407 2.78407 2.78407 2.78475 2.79676 2.79907 2.80841 2.81892 2.82944 2.83994 2.77286 2.80528 2.95354 3.11745 3.31565 3.58232 4.63644 4.67537 4.67841 4.67841 4.67841 4.28476 3.88379 3.72375 3.72375 3.72375 3.72375 3.72375 3.71939 3.52707 3.53859 3.64992 3.76646 3.88295 3.92610 3.74127 3.74149 3.74149 3.74149 3.74149 3.74593
1.46305 1.46305 1.46305 1.71042 2.24377 2.18022 2.07156 1.95994 1.86378 1.83902 1.83902 1.83902 1.83902 1.83902 1.83902 1.83902 2.21784 2.21717 2.19708 2.22593 2.82564 2.87897 2.24607 2.53617 2.64705 2.64720 2.76413 2.79750 2.80801 2.81853 2.83631 2.85163 2.85280 2.86882 2.99855 3.16423 3.32114 3.42602 3.47905 3.51637 3.51866 3.51913 4.55497 4.67841 4.67841 4.67841 4.67841 4.55707 3.97560 3.74171 3.72375 3.73658 3.83669 3.95312 4.06966 4.06301 4.05990 4.06501 4.06501 4.06501 4.06501 3.81178 3.74375 3.75950 3.77751 3.79551 3.80905
