results/OMI_NO2_200808.asc
ncols      200
nrows      200
xllcorner       120.258
yllcorner       41.1236
cellsize     0.0166667
NODATA_Value      -999.000
[rows 87 to 115 of 200, columns 0 to 66 of 200]
1.28457 1.33643 1.43594 1.43975 1.44357 1.44738 1.44055 1.34564 1.42107 1.52066 1.50481 1.46438 1.50927 1.53813 1.55001 1.54654 1.53185 1.51578 1.48091 1.48016 1.46260 1.45986 1.46076 1.46275 1.46472 1.47196 1.50442 1.54323 1.59778 1.65108 1.62573 1.90276 2.05948 2.17060 2.29549 2.26924 2.20305 2.18051 2.17136 2.13455 2.10401 2.09337 1.95645 1.92833 1.92853 1.93513 1.96651 2.00204 2.08536 2.12574 2.06115 1.99212 1.85528 1.84440 1.89126 1.90752 1.89287 1.88620 1.89386 1.93816 2.08898 2.11986 1.97351 1.78546 1.78280 1.75546 1.72035
1.30960 1.32049 1.44766 1.43787 1.42489 1.41238 1.40034 1.33216 1.29108 1.44499 1.49631 1.49599 1.45089 1.51366 1.53125 1.57417 1.55731 1.56765 1.53416 1.53532 1.53432 1.53417 1.56366 1.60499 1.65201 1.70181 1.73405 1.79039 1.84870 1.92382 1.89414 2.01065 2.12120 2.18126 2.29485 2.24832 2.20437 2.15847 2.15745 2.16132 2.16848 2.18377 2.16062 2.08810 2.12348 2.14980 2.15014 2.13459 2.10996 2.08747 2.03197 1.95911 1.83573 1.78976 1.82795 1.92641 1.97392 2.01145 2.01323 1.97897 2.02179 1.99872 1.87512 1.60638 1.67392 1.75611 1.72283
1.24070 1.22783 1.33128 1.35015 1.35015 1.35015 1.35015 1.33649 1.26429 1.34092 1.46583 1.48522 1.45833 1.57662 1.58591 1.65435 1.64339 1.64004 1.63601 1.63779 1.67105 1.70516 1.73760 1.78861 1.84492 1.89203 1.93179 1.93895 1.93947 1.96953 1.96326 1.94389 2.09594 2.21470 2.32692 2.38519 2.37258 2.33520 2.35959 2.35780 2.31007 2.27960 2.24820 2.07278 2.01635 1.97743 1.94322 1.92212 1.92225 1.95049 1.95962 1.97231 1.95396 1.87023 1.87080 1.93045 1.89817 1.86074 1.84903 1.84577 1.88399 1.95970 1.88715 1.64442 1.65481 1.71156 1.72934
1.23013 1.19996 1.30231 1.37073 1.36755 1.36436 1.36117 1.35824 1.30024 1.28513 1.46345 1.51736 1.52870 1.62686 1.68155 1.76389 1.80455 1.84238 1.87459 1.84748 1.90257 1.94829 1.98627 1.99463 1.99324 1.99078 1.98832 2.00226 2.03552 2.09267 2.15885 2.22440 2.38343 2.44672 2.45136 2.48034 2.40478 2.31741 2.25559 2.22445 2.15665 2.12105 2.09260 2.02361 1.92754 1.93717 1.94694 1.96161 1.99417 2.01650 2.02200 2.00585 1.95784 1.78990 1.77999 1.82946 1.86057 1.85879 1.85878 1.85878 1.86765 1.98639 1.91384 1.72177 1.63531 1.67136 1.73120
1.19458 1.15522 1.25455 1.41291 1.41311 1.41330 1.41349 1.41369 1.38945 1.32457 1.44362 1.61900 1.67884 1.78978 1.88589 1.92850 1.98284 1.98966 2.01179 2.00381 1.99093 2.00254 2.03323 2.06643 2.10476 2.15333 2.20136 2.23244 2.24446 2.26738 2.34373 2.36516 2.44757 2.41818 2.33693 2.35232 2.28676 2.21534 2.16242 2.16010 2.13151 2.12344 2.11936 2.11967 1.97529 1.97252 1.97160 1.96572 1.93965 1.94335 1.95420 1.95142 1.93766 1.83262 1.77281 1.79478 1.85878 1.85878 1.85878 1.85878 1.85878 1.96851 1.94665 1.79722 1.64019 1.67023 1.69380
1.21853 1.15857 1.19184 1.41540 1.41540 1.42070 1.45088 1.48346 1.51451 1.58127 1.65199 1.81650 1.88601 1.95500 1.98600 2.02215 2.05815 2.09345 2.15505 2.19233 2.21663 2.24872 2.25827 2.26917 2.27748 2.27791 2.27791 2.27791 2.27791 2.27788 2.34194 2.35394 2.41607 2.35589 2.27496 2.29403 2.30512 2.25239 2.18621 2.18369 2.12505 2.02384 1.94779 1.87785 1.87040 1.92987 1.92912 1.92644 1.92714 1.93345 1.96043 1.97747 1.98936 1.95524 1.85635 1.87675 1.89802 1.90270 1.90733 1.91201 1.91663 1.99759 2.01840 1.85655 1.69267 1.69746 1.68991
1.24139 1.18651 1.26167 1.50608 1.58174 1.63266 1.66992 1.70201 1.73218 1.76862 1.80936 1.95527 2.13931 2.17603 2.13902 2.15254 2.18824 2.24179 2.31242 2.31161 2.28287 2.28063 2.27957 2.27787 2.27329 2.26575 2.25821 2.25071 2.24405 2.23778 2.29689 2.35912 2.40481 2.35055 2.22827 2.13400 2.09783 2.13364 2.03509 1.95871 1.91420 1.86026 1.84884 1.90504 1.91847 1.99825 2.03812 2.05772 2.07615 2.09273 2.12676 2.13401 2.13184 2.11574 1.97032 1.94207 1.91687 1.89977 1.89272 1.88587 1.87925 1.92764 2.02669 1.97354 1.87914 1.88711 1.95039
1.48008 1.43652 1.56160 1.70276 1.79498 1.83447 1.86876 1.90190 1.93408 1.96289 1.97862 1.99493 2.21645 2.23399 2.19722 2.17466 2.18349 2.20089 2.29249 2.29204 2.26690 2.24770 2.24134 2.23263 2.22944 2.22894 2.22845 2.22791 2.22498 2.19209 2.17215 2.19209 2.12949 2.10136 1.95638 1.80344 1.79406 1.82895 1.86886 1.86964 1.89718 1.89588 1.90823 1.96787 2.01169 2.04461 2.10429 2.10429 2.10289 2.07650 2.05642 2.07898 2.06450 2.03931 1.94773 1.90481 1.92579 1.94452 1.95409 1.96366 1.97819 2.02038 2.15251 2.16692 2.06179 2.03175 2.00703
1.83329 1.79357 1.81695 1.90911 1.97620 1.97620 1.97559 1.97250 1.96913 1.96577 1.96463 1.96386 2.07778 2.16462 2.14564 2.12129 2.12240 2.13702 2.20431 2.24330 2.23224 2.19911 2.19014 2.17971 2.17021 2.13713 2.07655 1.99289 1.91051 1.85505 1.79069 1.83757 1.80733 1.84297 1.79197 1.65878 1.65664 1.67731 1.78234 1.90778 1.94695 1.93858 1.92153 1.89061 1.90614 1.86150 1.88895 1.85162 1.80413 1.78160 1.81582 2.06880 2.07444 2.07853 2.05853 1.97713 1.98719 1.99635 2.00899 2.02505 2.03546 2.03467 2.16120 2.15166 2.02782 1.98873 2.06295
1.95590 1.90375 1.82036 1.86675 1.95416 1.95079 1.94803 1.94775 1.94775 1.94775 1.94819 1.95454 1.98308 2.17040 2.16281 2.07819 2.08025 2.07496 2.10488 2.17742 2.17186 2.12106 2.07179 2.02003 1.89187 1.83828 1.78425 1.73205 1.68168 1.63539 1.61440 1.65419 1.67942 1.74389 1.74683 1.63949 1.57237 1.57362 1.59024 1.66841 1.69740 1.64195 1.59576 1.59016 1.64891 1.66632 1.71394 1.76464 1.76804 1.77136 1.77452 2.00141 2.06497 2.07492 2.09642 1.99707 1.98684 1.97736 1.96411 1.94798 1.92991 1.91422 2.00408 2.02786 1.96977 1.94453 2.25469
1.86471 1.92023 1.78761 1.83889 1.96024 1.98152 1.99501 2.00884 2.02301 2.03754 2.05245 2.06294 2.06323 2.19059 2.23488 2.05182 2.06308 2.03664 2.00724 2.05510 2.02208 1.97681 1.90341 1.85178 1.70653 1.62813 1.61040 1.61207 1.60426 1.59499 1.58130 1.57668 1.59705 1.54577 1.49974 1.41879 1.30411 1.33901 1.37099 1.50414 1.62059 1.63044 1.62775 1.63658 1.67344 1.73160 1.74447 1.82839 1.83943 1.84919 1.85964 2.02053 2.18996 2.18565 2.18788 2.10999 2.03619 2.03109 2.02646 2.02177 2.01936 2.02311 2.01178 1.99491 1.97294 1.93253 2.13892
1.86427 2.06564 1.96777 1.99555 2.10452 2.14535 2.15027 2.15519 2.16011 2.16503 2.16994 2.17232 2.16316 2.16972 2.29733 2.04711 1.99644 1.97684 2.00343 2.05786 2.08781 2.03063 1.82168 1.79031 1.73607 1.61916 1.58133 1.54487 1.50647 1.46240 1.42200 1.41777 1.47763 1.44510 1.40313 1.40651 1.41306 1.43220 1.47435 1.55638 1.71898 1.74602 1.73439 1.73296 1.73754 1.81365 1.82541 1.90395 1.92293 1.91451 1.90568 1.93508 2.19137 2.18272 2.17695 2.15249 2.04288 2.04288 2.04288 2.04288 2.04288 2.04288 2.02860 1.99491 1.98584 1.93253 2.01956
1.81276 2.06745 2.10973 2.11678 2.18431 2.24314 2.24314 2.24314 2.24327 2.24163 2.23837 2.23509 2.09592 2.00238 2.15229 2.09390 1.95189 1.90482 1.87749 1.87652 1.90545 1.86627 1.68412 1.57081 1.52815 1.39170 1.35745 1.33660 1.32900 1.32902 1.33868 1.36437 1.44823 1.47549 1.47875 1.46336 1.42976 1.43052 1.47735 1.50508 1.67733 1.75224 1.75061 1.80100 1.89220 2.03168 2.16267 2.14965 1.87282 1.86346 1.85465 1.84930 2.10611 2.16322 2.16321 2.17303 2.06159 2.03911 2.03777 2.03640 2.03507 2.03370 2.02787 1.98171 1.98150 1.95219 2.02471
1.68443 2.01072 2.10788 2.11240 2.16673 2.25473 2.25132 2.24700 2.23987 2.22696 2.21516 2.20337 2.13846 1.97623 1.99436 2.02920 1.82923 1.77662 1.76919 1.72339 1.68272 1.67208 1.60183 1.46865 1.46327 1.40626 1.35670 1.37327 1.39245 1.41238 1.42355 1.43113 1.47749 1.50782 1.48423 1.48477 1.46363 1.50106 1.58687 1.69719 1.79748 1.99928 2.09371 2.15223 2.18334 2.20804 2.15769 2.15478 1.90646 1.82609 1.81918 1.81091 1.95701 2.10816 2.09985 2.09870 2.03310 1.95821 1.95936 1.98443 2.01094 2.02873 2.04263 2.01602 2.02332 1.95995 1.91531
1.64129 1.91219 2.04062 2.05086 2.08640 2.22203 2.21409 2.19509 2.17120 2.15486 2.13906 2.12325 2.10747 1.92977 1.88974 1.97906 1.82734 1.75666 1.76622 1.71996 1.71588 1.72039 1.72608 1.58199 1.57298 1.57123 1.46797 1.47188 1.47497 1.47679 1.48004 1.48397 1.53134 1.61238 1.67096 1.75851 1.79796 1.85684 1.94806 2.04289 2.08450 2.23960 2.27048 2.10757 2.09975 2.09206 2.03071 2.00603 1.88687 1.66683 1.66535 1.66535 1.71855 1.97738 1.96703 1.95812 1.95606 1.99042 2.00324 1.98977 1.96826 1.95489 1.94549 1.89199 1.84689 1.81624 1.78917
1.61795 1.75328 1.89586 1.93085 1.92009 2.08771 2.10146 2.09390 2.09390 2.09390 2.09581 2.10219 2.10876 2.03589 1.91656 1.95731 1.93759 1.87449 1.88090 1.87546 1.85746 1.83686 1.83880 1.72922 1.64075 1.64806 1.57309 1.54109 1.56591 1.61767 1.69820 1.78005 1.85935 1.99120 2.03855 2.07723 2.11545 2.11445 2.14030 2.21403 2.24684 2.29997 2.30759 2.08891 2.05977 2.06160 2.06445 2.05054 2.07568 1.82138 1.82373 1.85659 1.88852 1.89707 1.89589 1.89691 1.88899 1.92743 1.93218 1.91859 1.90417 1.90104 1.91580 1.91317 1.91502 1.91765 1.88155
1.50773 1.52482 1.73854 1.84097 1.87137 2.04233 2.12470 2.13127 2.13784 2.14442 2.14907 2.14925 2.14925 2.14415 1.96106 1.94361 1.97404 1.92950 1.92315 1.94342 1.91843 1.90682 1.90724 1.86217 1.74186 1.75922 1.77921 1.80668 1.86657 1.92024 1.97518 2.03426 2.10746 2.20901 2.26600 2.27667 2.27296 2.21925 2.21745 2.27833 2.34191 2.39329 2.45836 2.33863 2.28348 2.31808 2.32474 2.23965 2.23125 2.06618 1.90741 1.90861 1.90986 1.90512 1.90005 1.89268 1.86263 1.85756 1.90491 1.92616 1.96060 1.98632 1.99452 1.99130 1.94736 1.93001 1.85911
1.59059 1.65866 1.82463 1.86999 1.91982 2.01139 2.14919 2.14179 2.12790 2.11348 2.09945 2.08573 2.07237 2.05933 1.95555 1.86049 1.89531 1.96082 1.93558 1.96230 1.93731 1.96419 1.99183 2.02748 1.91374 1.89180 1.94179 2.02079 2.08620 2.12425 2.12591 2.12932 2.14555 2.19656 2.31361 2.39234 2.52931 2.56153 2.58094 2.59388 2.49354 2.49176 2.54299 2.45175 2.30314 2.31021 2.31750 2.26905 2.22667 2.18149 1.86864 1.85086 1.83432 1.81693 1.81402 1.84047 1.87527 1.87697 1.93795 1.93611 1.92258 1.90798 1.89325 1.87890 1.89592 1.89750 1.84527
1.48806 1.61585 1.68980 1.77539 1.84805 1.85251 1.97165 1.96611 1.96415 1.96299 1.96182 1.96066 1.95950 1.95833 1.94346 1.79271 1.80170 1.93216 1.96558 1.98898 1.96907 1.91677 1.86866 1.85946 1.97413 2.06966 2.08642 2.10966 2.15425 2.19431 2.23433 2.26882 2.29561 2.28679 2.39402 2.42524 2.57137 2.57466 2.52140 2.53312 2.44306 2.42742 2.46675 2.47690 2.23632 2.23632 2.23629 2.20900 2.10820 2.08748 1.85005 1.78542 1.82460 1.86326 1.87006 1.85977 1.84637 1.81188 1.83239 1.84298 1.84298 1.84298 1.84298 1.84298 1.88481 1.89750 1.85966
1.32643 1.55060 1.56641 1.72665 1.75566 1.78343 1.90129 1.93423 1.93423 1.93423 1.93423 1.93423 1.92056 1.88502 1.85072 1.80234 1.78954 1.79212 1.87559 1.91675 1.95638 1.96205 1.98195 2.01581 2.08858 2.23860 2.26713 2.29695 2.33050 2.33157 2.33157 2.33157 2.33157 2.30553 2.37785 2.45197 2.58608 2.65854 2.61712 2.59182 2.53066 2.45251 2.45366 2.49373 2.22630 2.16899 2.10017 2.02168 1.91159 1.83411 1.79936 1.86011 1.84901 1.83561 1.81934 1.81382 1.81382 1.80601 1.80574 1.84298 1.84298 1.84261 1.84105 1.83938 1.86703 1.88989 1.86355
1.27868 1.50742 1.55090 1.69106 1.72735 1.78343 1.85005 1.87947 1.84371 1.80997 1.78271 1.76240 1.74970 1.75413 1.75871 1.76692 1.79142 1.79539 1.98309 2.00773 2.01911 2.00313 2.04211 2.13533 2.13709 2.28694 2.30544 2.30544 2.32700 2.35204 2.36713 2.38261 2.40258 2.39740 2.41503 2.49491 2.56421 2.67245 2.64853 2.58882 2.56958 2.42781 2.34543 2.23568 1.99977 1.82986 1.77755 1.74950 1.72105 1.70693 1.70255 1.77772 1.80034 1.79853 1.79433 1.78433 1.78287 1.78239 1.76121 1.81226 1.81349 1.81326 1.80773 1.79934 1.80311 1.80107 1.74562
1.27868 1.42344 1.55090 1.63814 1.74559 1.83208 1.89129 1.78509 1.78428 1.78861 1.78704 1.77407 1.76546 1.75770 1.74993 1.74216 1.74531 1.74384 1.83433 1.97649 1.99736 2.00082 2.00660 2.13591 2.16693 2.27964 2.38318 2.40496 2.42639 2.45410 2.46080 2.46708 2.46884 2.45672 2.43163 2.49449 2.51961 2.62192 2.55277 2.39131 2.30953 2.12320 2.03428 1.94320 1.81482 1.68549 1.68619 1.68765 1.68927 1.70227 1.70529 1.74335 1.80992 1.81231 1.81372 1.80376 1.78756 1.74907 1.69235 1.69296 1.67939 1.63897 1.60780 1.59394 1.59221 1.63808 1.65942
1.28029 1.35672 1.74421 1.77255 1.85585 1.83383 1.89608 1.81374 1.74366 1.73589 1.72918 1.72829 1.72829 1.72829 1.72427 1.71657 1.72555 1.76859 1.78122 2.00553 2.06311 2.08403 2.11082 2.19423 2.24799 2.27802 2.42259 2.42017 2.41773 2.43590 2.43898 2.43502 2.42188 2.36353 2.26463 2.23550 2.19686 2.24122 2.24589 2.15144 2.06271 2.00516 1.92627 1.86956 1.82415 1.70049 1.70049 1.70049 1.70049 1.69881 1.67310 1.64670 1.69175 1.67339 1.63927 1.55543 1.48643 1.47923 1.47917 1.53967 1.61146 1.62992 1.64943 1.66092 1.65887 1.65565 1.61394
1.38867 1.36662 1.65750 1.71054 1.73082 1.71930 1.82674 1.82593 1.70570 1.69800 1.69030 1.68260 1.67490 1.66720 1.66352 1.66352 1.67484 1.80083 1.79864 1.92895 2.08463 2.07855 2.08914 2.11928 2.22270 2.22273 2.36840 2.39889 2.38980 2.36350 2.27711 2.21837 2.15243 2.12132 2.06611 2.05079 2.05848 2.10736 2.17484 2.15491 2.05251 2.04522 1.92071 1.85093 1.78771 1.61596 1.56548 1.53136 1.49724 1.47266 1.48268 1.48290 1.53399 1.58517 1.58492 1.55756 1.47770 1.47726 1.47931 1.55539 1.65925 1.63469 1.59427 1.56522 1.55275 1.59467 1.63222
1.25776 1.22813 1.41093 1.59659 1.60198 1.63032 1.70177 1.80036 1.68087 1.66352 1.66337 1.66028 1.65607 1.65186 1.64765 1.64343 1.63942 1.74182 1.77599 1.82093 2.07461 2.09084 2.10056 2.10860 2.21277 2.21891 2.28593 2.36668 2.33011 2.29926 2.13493 2.10512 2.10137 2.10440 2.08348 2.07235 2.07605 2.06477 2.14060 2.14581 2.05893 2.04271 1.81735 1.65395 1.61928 1.50665 1.45538 1.45710 1.45886 1.46067 1.47141 1.47740 1.49829 1.57191 1.58873 1.59744 1.51143 1.48921 1.45929 1.47378 1.56492 1.60999 1.64492 1.67846 1.70566 1.73516 1.75950
1.12133 1.14151 1.19704 1.54836 1.54463 1.61028 1.61392 1.79582 1.78992 1.71538 1.71428 1.71463 1.71590 1.71717 1.71843 1.71970 1.72079 1.77988 1.85689 1.85957 2.02077 2.12384 2.13622 2.16073 2.25250 2.35267 2.38857 2.40114 2.27824 2.26330 2.17187 2.10485 2.12099 2.13749 2.17493 2.23410 2.26934 2.22247 2.28760 2.27203 2.23009 2.16377 2.03892 1.75459 1.70870 1.64348 1.54564 1.54564 1.54564 1.54564 1.55236 1.56981 1.57856 1.65554 1.66186 1.63991 1.55339 1.51555 1.55236 1.58068 1.70282 1.79917 1.81498 1.81525 1.81525 1.80375 1.76729
1.11995 1.06959 1.04456 1.39857 1.48328 1.51672 1.48799 1.64515 1.80375 1.67129 1.66949 1.66930 1.66930 1.66930 1.66930 1.66748 1.65212 1.65259 1.79190 1.86038 1.94876 2.18917 2.19663 2.21738 2.24118 2.36999 2.38957 2.40981 2.35662 2.31550 2.31387 2.19808 2.19790 2.19790 2.21401 2.28813 2.30481 2.21879 2.24830 2.22049 2.19482 2.17311 2.16189 1.79698 1.71464 1.69048 1.54953 1.55688 1.56480 1.59678 1.67294 1.76194 1.84139 1.88366 1.71729 1.69895 1.69391 1.63986 1.64349 1.64349 1.69202 1.80807 1.81525 1.81525 1.81525 1.81302 1.76787
1.11995 1.08486 1.04411 1.25824 1.48328 1.50241 1.48353 1.53140 1.81520 1.70075 1.69111 1.70849 1.70021 1.67850 1.64489 1.61442 1.59950 1.58915 1.72312 1.84335 1.86550 2.09693 2.23217 2.25937 2.28125 2.45453 2.49672 2.49672 2.47711 2.35389 2.35265 2.23545 2.17747 2.15836 2.13948 2.20849 2.20203 2.15422 2.16134 2.18208 2.17311 2.17311 2.17487 1.93488 1.74444 1.77747 1.71381 1.77215 1.86161 1.96393 2.02378 2.05242 2.05092 2.05768 1.91974 1.78002 1.78085 1.68168 1.67736 1.68025 1.70169 1.82547 1.87478 1.88128 1.89080 1.90037 1.87654
1.14589 1.11114 1.04463 1.09887 1.48032 1.48682 1.49160 1.45968 1.69265 1.69057 1.62696 1.57493 1.55159 1.54172 1.54384 1.54272 1.54025 1.53758 1.63745 1.82791 1.89923 1.99062 2.28970 2.29196 2.29196 2.38336 2.49318 2.47765 2.46069 2.33659 2.27703 2.20611 2.09038 2.08915 2.08792 2.15798 2.18668 2.19506 2.16590 2.23774 2.23992 2.30381 2.36847 2.34127 2.14122 2.23053 2.21964 2.22149 2.27202 2.28271 2.28831 2.28563 2.20611 2.20952 2.15143 1.93758 1.91179 1.84241 1.80499 1.81965 1.84789 1.97305 2.08727 2.12212 2.15402 2.18595 2.23385
