results/OMI_NO2_201105.asc
ncols      200
nrows      200
xllcorner       120.258
yllcorner       41.1236
cellsize     0.0166667
NODATA_Value      -999.000
[rows 87 to 115 of 164, columns 0 to 66 of 200]
4.38474 3.40140 3.66354 4.12051 4.41123 4.62758 4.70081 4.65828 4.61591 4.60778 4.62968 4.68330 4.74045 4.77943 4.78059 4.54815 3.98487 4.23974 4.31019 4.48957 4.64726 4.64354 4.63379 4.62493 4.62334 4.62334 4.66356 4.74338 4.74113 4.74113 4.74113 4.74113 4.74113 4.74113 4.74113 4.74113 4.74113 4.74113 4.74113 4.66776 4.39891 4.12323 3.88290 3.62847 3.47088 3.59509 3.69168 3.52929 3.41872 3.35895 3.72187 3.73641 3.71546 3.69426 3.67561 3.67287 3.67287 3.67287 3.67287 3.67287 3.67658 3.74041 3.74342 3.74342 3.74342 3.74342 3.74342
4.90122 4.90122 4.90122 4.61283 4.60734 4.61227 4.64416 4.70113 4.75798 4.78059 4.78059 4.78059 4.78142 4.85577 4.97783 5.10042 5.15656 5.27815 4.90099 4.62538 4.62334 4.62334 4.62334 4.62334 4.62334 4.62334 4.62489 4.73305 4.74113 4.74113 4.74113 4.74113 4.74113 4.74113 4.65100 4.42400 4.14379 3.87710 3.62451 3.41169 3.34046 3.28466 3.16944 3.04725 2.97052 3.05768 3.37771 3.37333 3.34845 3.31206 3.52370 3.67287 3.67287 3.67287 3.67287 3.67287 3.67287 3.67287 3.67287 3.67287 3.67287 3.71742 3.74342 3.74342 3.74342 3.74342 3.74342
4.90122 4.90122 4.90122 4.69916 4.68824 4.78059 4.78059 4.78059 4.78059 4.83083 4.95233 5.07439 5.20524 5.27181 5.29071 5.30918 5.31492 5.30410 5.16484 4.62896 4.62334 4.62334 4.62334 4.62334 4.62334 4.62334 4.62334 4.68490 4.74178 4.63217 4.42028 4.17908 3.91158 3.66588 3.47277 3.36658 3.32592 3.28939 3.16735 3.04855 2.96228 2.91082 2.96988 3.01133 3.02805 3.02611 3.15994 3.29996 3.29996 3.29971 3.36409 3.67287 3.67287 3.67287 3.67287 3.67287 3.67287 3.67287 3.67287 3.67287 3.67287 3.69077 3.74342 3.74342 3.74342 3.74327 3.72409
4.90122 4.90122 4.90122 4.89924 4.58145 4.81034 4.92688 5.04894 5.17699 5.26732 5.28674 5.30565 5.31492 5.31492 5.31492 5.31492 5.31492 5.31492 5.27064 4.81968 4.62334 4.62334 4.62334 4.62288 4.49756 4.29289 4.10272 3.91413 3.70843 3.53267 3.41737 3.34278 3.31131 3.28020 3.22127 3.09909 3.00734 2.93146 2.93145 2.96556 2.98306 2.99809 3.03000 3.05631 3.05631 3.04618 3.02682 3.29578 3.29996 3.29996 3.29092 3.59380 3.67287 3.67287 3.67287 3.67287 3.67287 3.67287 3.67287 3.67287 3.67287 3.66715 3.70436 3.68382 3.69489 3.68897 3.72812
4.90122 4.93055 5.14283 5.38694 5.21654 5.23668 5.28276 5.30168 5.31454 5.31492 5.31492 5.31492 5.31492 5.31492 5.31492 5.31492 5.31492 5.31492 5.29741 4.99063 4.35713 4.20303 4.04375 3.72798 3.63117 3.62195 3.64130 3.68345 3.58616 3.27134 3.25774 3.15211 3.05451 2.97090 2.93039 2.96345 2.98187 2.99692 3.01035 3.01249 3.01249 3.01249 3.01589 3.05521 3.05631 3.05631 3.00815 3.19836 3.29996 3.29996 3.29900 3.43918 3.67287 3.67287 3.67287 3.67287 3.67158 3.65352 3.63230 3.60051 3.52599 3.44896 3.59295 3.86095 3.84406 3.84627 3.80883
5.58277 5.82807 5.89764 5.93545 5.90032 5.22605 5.31492 5.31492 5.31492 5.31492 5.31492 5.31492 5.31492 5.31492 5.21565 5.01304 4.82907 4.66060 4.48866 4.34961 3.90963 3.81258 3.83774 3.75561 3.74607 3.77207 3.77213 3.69853 3.53721 3.08857 2.94507 2.96121 2.98070 2.99575 3.00968 3.01249 3.01249 3.01249 3.01249 3.01249 3.01249 3.01249 3.01249 3.04186 3.05631 3.05631 3.03795 3.06253 3.29996 3.29996 3.29996 3.31063 3.63915 3.64275 3.62567 3.58174 3.49997 3.43413 3.37819 3.31979 3.29801 3.28416 3.31449 3.78853 3.78609 3.77977 3.77776
5.96237 5.96989 5.96989 5.96989 5.96145 5.24174 5.11466 5.08857 5.31492 5.23004 5.02782 4.84211 4.67283 4.51503 4.41136 4.38058 4.35828 4.37123 4.40512 4.43328 4.27029 3.95747 3.95747 3.87821 3.63150 3.51511 3.41040 3.37850 3.39903 3.20805 3.00892 3.01249 3.01249 3.01249 3.01249 3.01249 3.01249 3.01249 3.01249 3.01249 3.01249 3.01249 3.01249 3.02510 3.05631 3.05631 3.05611 3.00010 3.24299 3.30999 3.31989 3.34495 3.39617 3.41758 3.35185 3.30364 3.29071 3.27741 3.25343 3.24215 3.23680 3.23156 3.23008 3.61806 3.77776 3.77776 3.77776
5.60651 5.38387 5.19179 5.00654 4.60613 4.14781 4.02196 3.95370 3.99023 4.40425 4.40131 4.37069 4.35983 4.37875 4.42036 4.46774 4.50681 4.51074 4.51074 4.50821 4.33326 3.78369 3.62618 3.54251 3.41326 3.41301 3.42766 3.43208 3.43208 3.37393 3.03775 3.01249 3.01249 3.01249 3.01249 3.01249 3.01249 3.01249 3.01249 3.01249 3.01249 3.01249 3.02573 3.11615 3.09828 3.07456 3.09583 3.10693 3.20819 3.42376 3.43387 3.39613 3.28869 3.27002 3.25112 3.24190 3.23652 3.23138 3.23008 3.23008 3.23008 3.23008 3.23008 3.40906 3.77776 3.77776 3.77776
4.34381 4.17607 4.02421 3.83206 3.29016 3.28144 3.35763 3.62082 3.71732 4.16255 4.43559 4.48295 4.51057 4.51074 4.51074 4.51074 4.50649 4.49660 4.48667 4.18577 3.83284 3.72050 3.58116 3.58653 3.50489 3.43208 3.43208 3.43208 3.43208 3.42602 3.15896 3.01249 3.01249 3.01249 3.01249 3.01249 3.01249 3.03008 3.12455 3.23317 3.34947 3.47810 3.62755 3.68234 3.41339 3.20156 3.20455 3.19010 3.13247 3.31070 3.29366 3.28410 3.25805 3.21757 3.23008 3.23008 3.23008 3.23008 3.23008 3.23008 3.23008 3.23008 3.23008 3.24984 3.74439 3.77776 3.77776
3.86877 3.86877 3.86877 3.86877 3.43358 3.28144 3.23422 3.62949 3.76387 4.06294 4.51074 4.51074 4.50816 4.49864 4.48872 4.47092 4.44220 4.41877 4.39538 4.34765 3.82712 3.85445 3.59918 3.58653 3.56428 3.43265 3.43208 3.43208 3.43208 3.43208 3.32329 3.01554 3.03511 3.13306 3.24305 3.36002 3.48591 3.61258 3.66169 3.70061 3.73987 3.76542 3.75449 3.73984 3.63687 3.19100 3.18892 3.18545 3.14344 3.18809 3.27252 3.27252 3.27246 3.21379 3.23008 3.23008 3.23008 3.23008 3.23008 3.23008 3.23008 3.23008 3.23008 3.23008 3.54293 3.77776 3.77776
3.86877 3.86877 3.86877 3.86877 3.66204 3.28144 3.27958 3.42420 3.72635 3.88338 4.42236 4.47639 4.44737 4.42356 4.40016 4.38464 4.38427 4.38427 4.38427 4.38427 4.04873 3.84250 3.70766 3.58653 3.58653 3.47037 3.43208 3.46437 3.57902 3.70657 3.84440 3.60064 3.60419 3.64155 3.67959 3.71887 3.75820 3.77771 3.76193 3.74714 3.73328 3.72910 3.72869 3.72458 3.71983 3.28934 3.17727 3.17727 3.16918 3.11943 3.26777 3.27252 3.27252 3.23641 3.22548 3.23008 3.23008 3.23008 3.23008 3.23008 3.23008 3.23008 3.23008 3.23008 3.34571 3.80049 3.86083
3.86877 3.86877 3.86877 3.86877 3.85764 3.32333 3.26348 3.21847 3.65711 3.74963 4.11887 4.38600 4.38427 4.38427 4.38427 4.38427 4.38427 4.38427 4.38427 4.38427 4.32578 3.82137 3.82604 3.55076 3.51806 3.60072 4.04230 4.19836 4.24915 4.30227 4.32782 4.00451 3.77373 3.78108 3.76927 3.75435 3.74044 3.73002 3.72889 3.72495 3.72020 3.71562 3.71439 3.71439 3.71439 3.48670 3.17727 3.17727 3.17727 3.12836 3.20919 3.27252 3.27252 3.26778 3.21217 3.23008 3.23008 3.23008 3.23008 3.23014 3.24103 3.25930 3.29195 3.35144 3.40924 3.95720 4.00437
3.86869 3.86126 3.84886 3.83584 3.80400 3.44672 3.18046 3.14784 3.40766 3.65646 3.90065 4.38427 4.38427 4.38427 4.38427 4.38427 4.38427 4.37620 4.34145 4.30468 4.26785 3.89042 3.75057 3.60672 3.55942 3.62284 4.28103 4.34332 4.35194 4.35238 4.34719 4.21293 3.77788 3.73409 3.72906 3.72532 3.72057 3.71590 3.71439 3.71439 3.71439 3.71439 3.71439 3.71439 3.71439 3.68431 3.19897 3.17727 3.17727 3.16071 3.13539 3.27241 3.27252 3.27252 3.22582 3.23424 3.25135 3.26630 3.28660 3.33975 3.38725 3.42525 3.39097 3.30359 3.21721 3.37247 3.63888
3.81219 3.77780 3.74853 3.71991 3.71068 3.62277 3.15795 3.15497 3.18249 3.61554 3.75362 4.26259 4.37781 4.34403 4.30727 4.27041 4.23422 4.23332 4.27386 4.31725 4.36933 4.32279 3.85193 3.84384 3.63114 3.63114 4.02562 4.33968 4.32577 4.31194 4.30056 4.28849 3.87478 3.71621 3.71439 3.71439 3.71439 3.71439 3.71439 3.71439 3.71439 3.71439 3.71439 3.71439 3.71439 3.71439 3.35993 3.17727 3.17727 3.17727 3.11883 3.24237 3.29948 3.31429 3.29882 3.29439 3.36531 3.40582 3.38072 3.29954 3.21313 3.12544 3.09341 3.08769 3.08201 3.13436 3.61683
3.71068 3.71068 3.70760 3.68653 3.66252 3.63850 3.20004 3.09826 3.10818 3.51456 3.78630 4.09777 4.21101 4.24500 4.28768 4.33310 4.38630 4.41284 4.42457 4.43550 4.43780 4.43780 4.02865 3.89009 3.65992 3.60339 3.71815 4.29697 4.29222 4.28747 4.28531 4.28531 4.08843 3.72077 3.71439 3.71439 3.71439 3.71439 3.71439 3.71439 3.71439 3.71439 3.71439 3.71439 3.71439 3.71439 3.57274 3.19254 3.20829 3.21842 3.18931 3.18469 3.29095 3.27888 3.21828 3.13404 3.20913 3.12202 3.09310 3.08737 3.08173 3.07948 3.07948 3.07948 3.07948 3.07948 3.45846
3.62402 3.62129 3.69632 3.79570 3.89818 4.00061 3.80010 3.32919 3.32502 3.44663 3.84494 4.17090 4.39663 4.41662 4.42835 4.43725 4.43780 4.43780 4.43780 4.42961 4.40055 4.37051 4.23813 3.76643 3.69777 3.57736 3.57537 4.13774 4.28531 4.28531 4.28531 4.28531 4.24386 3.80049 3.71439 3.71439 3.71439 3.71439 3.71439 3.71439 3.71439 3.71448 3.72833 3.75196 3.77495 3.78277 3.77740 3.26501 3.18293 3.18207 3.23326 3.23533 3.09187 2.95851 2.93235 2.89456 3.04042 3.07948 3.07948 3.07948 3.07948 3.07948 3.07948 3.07948 3.07948 3.07948 3.25258
4.06229 4.14355 4.15003 4.15003 4.15003 4.15003 4.12942 3.54173 3.69548 3.86053 3.93328 4.12489 4.37586 4.43780 4.43780 4.43351 4.40675 4.37666 4.35887 4.39414 4.45430 4.51557 4.55521 4.05623 3.76387 3.59302 3.57525 3.85270 4.28531 4.28531 4.28531 4.28531 4.28531 3.99415 3.71439 3.71439 3.71439 3.71795 3.73916 3.76278 3.78102 3.78326 3.77070 3.74835 3.73137 3.73804 3.79779 3.57484 3.35480 3.42105 3.45117 3.40403 3.14326 2.91909 2.91909 2.91537 2.93818 3.07948 3.07948 3.07948 3.07948 3.07948 3.07948 3.07948 3.07948 3.07948 3.09755
4.15003 4.15003 4.16947 4.35644 4.56174 4.74617 4.90865 4.46245 4.13371 4.12963 3.98375 4.01103 4.28104 4.38285 4.35835 4.38369 4.44169 4.50288 4.55189 4.55600 4.55600 4.55600 4.55600 4.38397 3.81535 3.66969 3.57525 3.62068 4.26259 4.28531 4.28531 4.28531 4.28531 4.18318 3.79187 3.77334 3.78266 3.78038 3.76045 3.73812 3.72244 3.73204 3.78727 3.86918 3.94640 4.02602 4.06643 4.00761 3.48637 3.48492 3.48492 3.47187 3.30571 2.93656 2.91909 2.91909 2.88329 3.05869 3.07948 3.07948 3.07948 3.07948 3.07948 3.07948 3.07948 3.07948 3.07948
4.59574 4.77680 4.92771 4.95546 4.95546 4.95546 4.95546 4.79745 4.11899 4.09305 4.00219 3.88901 4.21103 4.47910 4.54590 4.55600 4.55600 4.55600 4.55600 4.55600 4.55600 4.55600 4.55600 4.55600 4.01173 3.76276 3.70532 3.83258 4.19479 4.27038 4.25186 4.22255 4.13194 4.03939 3.79902 3.72815 3.72013 3.72647 3.77675 3.85867 3.93930 4.02026 4.06499 4.08312 4.10114 4.10836 4.10836 4.10836 3.64204 3.48492 3.48492 3.48492 3.38780 3.08586 2.91909 2.91909 2.90359 2.96637 3.07948 3.07948 3.07948 3.07948 3.07948 3.07776 3.07578 3.13123 3.19884
4.95546 4.95546 4.95546 4.95546 4.94279 4.91284 4.88278 4.88433 4.27713 4.16685 4.19880 4.04619 4.18795 4.46746 4.55600 4.55600 4.55600 4.55600 4.55600 4.55600 4.57164 4.73097 4.93836 5.16476 5.10247 4.51267 4.33267 4.19868 4.10049 4.01435 3.93277 3.86199 3.85243 3.85456 3.82736 3.84696 3.93004 4.01376 4.06355 4.08168 4.09980 4.10836 4.10836 4.10836 4.10836 4.10836 4.10836 4.10836 3.87611 3.48492 3.48492 3.48492 3.45556 3.26127 2.92060 2.91909 2.91909 2.89103 3.06686 3.08561 3.15871 3.24521 3.31490 3.38683 3.46372 3.43884 3.37364
4.94783 4.91901 4.88894 4.87880 4.92144 4.98261 5.04381 5.07366 4.71636 4.23221 4.23221 4.11551 4.05786 4.39004 4.55600 4.56617 4.71509 4.92084 5.14594 5.39260 5.62930 5.65509 5.63062 5.54135 5.41835 4.47624 4.09012 3.85418 3.85243 3.85260 3.88838 3.96993 4.05184 4.13846 4.18154 4.07522 4.09837 4.10834 4.10836 4.10836 4.10836 4.10836 4.10836 4.10836 4.10836 4.10836 4.10836 4.10836 4.08909 3.52497 3.48492 3.48492 3.48492 3.36688 3.03324 2.95610 2.99626 3.04635 3.36595 3.51028 3.49152 3.43084 3.37094 3.31648 3.31251 3.41204 3.55337
4.91003 4.96993 5.03116 5.07250 5.07366 5.07325 5.05844 5.03656 4.97144 4.20264 4.15320 4.20946 4.17096 4.72873 5.32988 5.62485 5.67071 5.64756 5.61250 5.50092 5.38638 5.28421 5.18352 5.14767 5.14767 4.78419 4.13930 4.02861 4.04132 4.12871 4.19252 4.21111 4.22924 4.24052 4.24067 4.14481 4.10834 4.10836 4.10836 4.10836 4.10836 4.10836 4.10836 4.10836 4.10836 4.10836 4.10836 4.10836 4.10836 3.75885 3.59650 3.65921 3.72270 3.71461 3.49019 3.17854 3.21404 3.23526 3.38598 3.32003 3.31536 3.41817 3.56021 3.71920 3.81984 3.82043 3.82043
5.06663 5.04517 5.02329 5.00139 4.97996 4.96689 4.97121 4.98259 4.99399 4.84479 4.95836 4.99613 4.69745 4.87527 5.37919 5.46143 5.35341 5.25131 5.16125 5.14767 5.14767 5.14767 5.16683 5.27313 5.39003 5.48766 4.66491 4.42497 4.22780 4.24028 4.24067 4.24067 4.24067 4.24067 4.24067 4.20441 4.10309 4.10836 4.10836 4.10836 4.10836 4.10836 4.10836 4.10836 4.10836 4.08642 4.03287 3.97913 3.91252 3.83929 3.80675 3.82032 3.85996 3.93612 3.85632 3.26623 3.15256 3.24974 3.47255 3.78978 3.82036 3.82043 3.82043 3.82043 3.82043 3.82043 3.82043
4.96708 4.97812 4.98951 5.00090 5.01186 5.01483 5.01483 4.98651 4.89545 4.80953 4.69832 4.57887 4.51307 4.38810 4.87882 5.14767 5.14767 5.14767 5.15552 5.24913 5.36594 5.48024 5.55689 5.54294 5.51835 5.49924 5.05922 4.53943 4.28840 4.24067 4.24067 4.24067 4.24067 4.24067 4.24067 4.24052 4.12140 4.10836 4.10836 4.10836 4.10462 4.06148 4.00767 3.95108 3.87604 3.81965 3.79486 3.78554 3.83146 3.90974 4.00502 4.06283 4.09585 4.10553 4.19714 4.12631 3.61832 3.61832 3.63979 3.88601 3.82312 3.82043 3.82043 3.82043 3.82043 3.82043 3.82043
5.01483 5.01483 5.01483 4.97180 4.87952 4.79364 4.67415 4.56425 4.50288 4.44353 4.41541 4.41541 4.41604 4.33556 4.68062 5.15436 5.34203 5.45795 5.54903 5.54780 5.52322 5.50136 5.49787 5.49787 5.49787 5.49787 5.46182 4.61358 4.41910 4.24067 4.24067 4.24067 4.24067 4.24067 4.24067 4.24067 4.16494 4.03441 3.98249 3.91786 3.84330 3.80812 3.78358 3.76419 3.80545 3.88095 3.97680 4.05747 4.09356 4.10591 4.10064 4.09537 4.09265 4.09265 4.12407 4.59479 3.67657 3.61832 3.61832 3.78168 3.87560 3.82043 3.82043 3.82043 3.82043 3.82043 3.82043
4.82825 4.77599 4.65042 4.55180 4.49229 4.43412 4.41541 4.41541 4.41541 4.41541 4.41541 4.45105 4.52893 4.58950 4.74764 5.31595 5.52813 5.50444 5.49787 5.49787 5.49787 5.49787 5.49787 5.49787 5.49787 5.49787 5.49787 4.99494 4.52941 4.26238 4.24067 4.24048 4.22795 4.20808 4.18759 4.15875 4.11766 3.82072 3.77228 3.75858 3.78019 3.85242 3.94794 4.04151 4.09100 4.10620 4.10101 4.09574 4.09267 4.09265 4.09265 4.09265 4.09265 4.09265 4.09265 4.40921 4.07980 3.61832 3.61832 3.66686 3.91682 3.82074 3.82043 3.82043 3.82043 3.82043 3.84277
4.09729 4.42663 4.41541 4.41541 4.41541 4.41541 4.41541 4.43736 4.51290 4.59086 4.66251 4.68864 4.67231 4.65785 4.57825 5.12416 5.49296 5.49787 5.49787 5.49787 5.49787 5.49787 5.49787 5.49787 5.49787 5.49787 5.49787 5.42601 4.56532 4.34360 4.17949 4.14886 4.12979 4.11807 4.10700 4.10425 4.10942 3.98106 3.91935 4.01500 4.08777 4.10624 4.10139 4.09612 4.09272 4.09265 4.09265 4.09265 4.09265 4.09265 4.09265 4.09265 4.09265 4.09265 4.09265 4.17268 4.52922 3.62680 3.61832 3.62183 3.84678 3.86559 3.90618 4.02273 4.14277 4.29783 4.43748
3.54105 4.40904 4.41541 4.42698 4.49689 4.57483 4.64902 4.68955 4.67556 4.65916 4.64901 4.64888 4.64888 4.64888 4.61007 4.91897 5.37673 5.49787 5.49787 5.49787 5.49787 5.49787 5.49787 5.49047 5.46625 5.44137 5.40974 5.37285 4.80646 4.38267 4.11085 4.10425 4.10425 4.14173 4.23593 4.33183 4.42130 4.39396 4.11223 4.09650 4.09279 4.09265 4.09265 4.09265 4.09265 4.09265 4.09265 4.09265 4.09265 4.09265 4.09265 4.09265 4.09265 4.09265 4.09265 4.09265 4.49589 3.93604 3.62085 3.62289 3.93761 4.54595 4.50621 4.55151 4.61225 4.66610 4.71331
3.41989 4.22993 4.63491 4.68712 4.67880 4.66241 4.64976 4.64888 4.64888 4.69101 4.81156 4.93404 5.05644 5.17981 5.31437 5.21894 5.27750 5.49787 5.49778 5.48326 5.45837 5.43291 5.39717 5.36506 5.34982 5.33522 5.32735 5.32734 5.21836 4.46408 4.37032 4.30297 4.39788 4.45139 4.44785 4.44258 4.43859 4.43835 4.18635 4.09265 4.09265 4.09265 4.09265 4.09265 4.09265 4.09265 4.09265 4.09265 4.09265 4.09265 4.09265 4.09265 4.09268 4.09380 4.09543 4.09955 4.28600 4.50090 3.78975 3.85975 4.02570 4.89251 4.78059 4.67775 4.46520 4.24609 4.04929
