results/OMI_NO2_201004.asc
ncols      200
nrows      200
xllcorner       120.258
yllcorner       41.1236
cellsize     0.0166667
NODATA_Value      -999.000
[rows 30 to 59 of 200, columns 66 to 131 of 200]
1.22641 1.22438 1.20049 1.16968 1.13892 1.10811 0.913911 0.852072 0.850933 0.850933 0.850933 0.850933 0.850933 0.867407 1.24091 1.32216 1.38678 1.33744 1.28762 1.23970 1.26921 1.25242 1.25237 1.25237 1.25370 1.25690 1.27482 1.39661 1.50626 1.59784 1.66651 1.67430 1.67430 1.67430 1.67430 1.67430 1.67430 1.67334 1.65119 1.62037 1.58954 1.56603 1.56453 1.56453 1.56453 1.56453 1.56453 1.60765 1.52780 1.29272 1.55671 1.55826 1.55826 1.55826 1.55806 1.51087 1.44038 1.38309 1.33563 1.30677 1.29522 1.29491 1.29491 1.29491 1.29491 1.29491
1.08954 1.06047 1.05356 1.05356 1.05356 1.05356 0.972446 0.850933 0.850933 0.850933 0.850933 0.835713 0.787114 0.737317 0.868917 0.945360 1.12868 1.16084 1.16084 1.16084 1.19196 1.25664 1.26995 1.37480 1.48495 1.57845 1.65171 1.66792 1.67430 1.67430 1.67430 1.67430 1.67430 1.67430 1.66419 1.63391 1.60309 1.57321 1.56453 1.56453 1.56453 1.56453 1.56453 1.56453 1.56453 1.56453 1.56453 1.57324 1.65641 1.25486 1.43867 1.47869 1.41180 1.35743 1.31242 1.29491 1.29491 1.29491 1.29491 1.29491 1.29491 1.29491 1.29613 1.31331 1.33542 1.35753
1.05356 1.05356 1.05356 1.05356 1.05356 1.05356 1.02623 0.796628 0.741599 0.691826 0.642004 0.607403 0.606228 0.606228 0.663709 0.895883 0.997132 1.08874 1.02337 0.957966 0.932072 1.46129 1.64820 1.66257 1.66257 1.66257 1.66257 1.66353 1.67399 1.67430 1.67219 1.64746 1.61665 1.58580 1.56509 1.56453 1.56453 1.56453 1.56453 1.56453 1.56453 1.56453 1.56453 1.56453 1.56134 1.53293 1.49925 1.47219 1.56717 1.31979 1.12950 1.29478 1.29491 1.29491 1.29491 1.29491 1.29491 1.29491 1.29491 1.30610 1.32820 1.35034 1.37122 1.37706 1.38076 1.38415
1.05356 1.04624 0.976850 0.881940 0.770317 0.637140 0.514870 0.574184 0.606228 0.606228 0.606228 0.606228 0.601171 0.547769 0.483802 0.580482 0.537540 0.870224 0.912919 0.912919 0.912919 1.22613 1.66257 1.66257 1.66257 1.66257 1.66257 1.64922 1.62616 1.59937 1.57065 1.56453 1.56453 1.56453 1.56453 1.56453 1.56453 1.56453 1.56453 1.55984 1.52984 1.49612 1.46235 1.43434 1.41531 1.39714 1.25775 1.09358 0.981542 0.966872 1.07912 1.23870 1.29491 1.29491 1.29491 1.30000 1.32102 1.34311 1.36524 1.37638 1.37955 1.38311 1.38616 1.38829 1.38846 1.38846
0.670746 0.532557 0.505470 0.505470 0.505470 0.505470 0.505470 0.530885 0.605079 0.561429 0.496027 0.430626 0.370332 0.358307 0.358307 0.427598 0.524001 0.703904 0.912919 0.912919 0.912919 0.947583 1.58403 1.65885 1.63202 1.60119 1.57036 1.55288 1.55581 1.56453 1.56453 1.56453 1.56453 1.56453 1.55807 1.52674 1.49303 1.45924 1.42551 1.40127 1.40898 1.40286 1.27027 1.10703 0.938019 0.793392 0.775239 0.775239 0.777461 0.942156 1.01347 1.13234 1.31379 1.33592 1.35803 1.37504 1.37826 1.38202 1.38522 1.38786 1.38846 1.38846 1.38846 1.38846 1.38846 1.38846
0.505470 0.505470 0.505470 0.505470 0.505470 0.458687 0.360659 0.262557 0.345811 0.358307 0.358307 0.358307 0.358307 0.358307 0.358307 0.375223 0.523331 0.532399 0.875100 0.912875 0.890249 0.849139 1.19931 1.55680 1.55281 1.55281 1.55281 1.55281 1.55285 1.55432 1.52365 1.48992 1.45617 1.42243 1.39511 1.39667 1.40801 1.40759 1.28275 1.12044 0.951468 0.800098 0.775239 0.775239 0.775239 0.775239 0.775239 0.775239 0.749323 0.784760 0.797636 0.796312 1.25203 1.39732 1.40638 1.38713 1.38846 1.38846 1.38846 1.38846 1.38846 1.38846 1.38846 1.38846 1.38846 1.38846
0.505470 0.476537 0.381150 0.282975 0.184945 0.133588 0.133588 0.133588 0.239364 0.358307 0.359360 0.375419 0.398639 0.425190 0.455808 0.491525 0.523405 0.524001 0.675264 0.785067 0.766568 0.766568 0.829145 1.50082 1.55083 1.54180 1.53219 1.52256 1.51293 1.45442 1.39269 1.39590 1.40704 1.41113 1.29524 1.13383 0.964917 0.807901 0.775239 0.775239 0.775239 0.775239 0.775239 0.775239 0.768507 0.714113 0.650396 0.586695 0.549760 0.617566 0.820532 0.910865 1.11885 1.43312 1.43301 1.39703 1.38846 1.38846 1.38846 1.38846 1.38846 1.38846 1.38840 1.38824 1.39077 1.44114
0.205398 0.136228 0.133588 0.133588 0.133588 0.137940 0.149267 0.163194 0.196344 0.466349 0.514159 0.524001 0.524001 0.524001 0.524001 0.524001 0.524001 0.524001 0.531563 0.743913 0.752795 0.739966 0.727130 1.18366 1.50594 1.50531 1.50531 1.50785 1.51870 1.51686 1.31061 1.14708 0.978366 0.816845 0.775239 0.775239 0.775239 0.775239 0.775239 0.775239 0.775239 0.742307 0.678553 0.614889 0.557888 0.567180 0.631499 0.690622 0.742335 0.759671 0.872222 0.912096 0.986523 1.35426 1.43312 1.41821 1.38846 1.38846 1.38841 1.38830 1.39169 1.44389 1.50579 1.56126 1.60939 1.62192
0.144590 0.157417 0.173392 0.193811 0.220845 0.240193 0.240257 0.240257 0.240257 0.444320 0.524001 0.524001 0.524001 0.524001 0.521579 0.504681 0.485428 0.466165 0.446892 0.571070 0.703245 0.703245 0.703245 0.816942 1.48736 1.52764 1.43283 1.27287 1.10444 0.939474 0.813564 0.775239 0.775239 0.775239 0.775239 0.775239 0.775239 0.764722 0.706747 0.643083 0.579329 0.551385 0.603070 0.665547 0.720701 0.757724 0.759671 0.759671 0.759671 0.759671 0.810690 0.901754 0.965961 1.14234 1.43315 1.43262 1.39953 1.44661 1.50823 1.56339 1.61076 1.62192 1.62192 1.62192 1.62192 1.62209
0.240257 0.240257 0.240257 0.240257 0.240257 0.240257 0.240257 0.240257 0.240257 0.317982 0.505847 0.486758 0.467495 0.448222 0.431400 0.429016 0.429016 0.429016 0.429016 0.442539 0.721089 0.793563 0.858453 0.926158 1.10929 0.950538 0.887864 0.887864 0.887864 0.887864 0.858510 0.775239 0.775239 0.774695 0.734941 0.671255 0.607523 0.554375 0.573834 0.639079 0.697272 0.747022 0.759671 0.759671 0.759671 0.759671 0.759671 0.759846 0.774200 0.797229 0.842010 0.982115 0.965960 1.07201 1.49492 1.60340 1.63443 1.62192 1.62192 1.62192 1.62192 1.62192 1.63574 1.68318 1.73197 1.78075
0.240257 0.240257 0.240257 0.240257 0.240257 0.240257 0.240257 0.240257 0.240257 0.240257 0.402358 0.429016 0.429016 0.429016 0.429016 0.429309 0.446799 0.481591 0.530477 0.598366 0.810924 0.934739 0.934739 0.934739 0.986206 0.895316 0.887864 0.887864 0.887864 0.887864 0.872161 0.715528 0.635717 0.572575 0.554369 0.611074 0.672586 0.726922 0.759029 0.759671 0.759671 0.759671 0.760174 0.776062 0.799079 0.822166 0.860049 0.932990 1.00256 1.20627 1.43993 1.66253 1.75365 1.31156 1.44148 1.65765 1.65691 1.62615 1.62634 1.66715 1.71598 1.76489 1.79982 1.77796 1.73613 1.69424
0.240257 0.240257 0.240257 0.240257 0.240257 0.240257 0.240257 0.240257 0.240257 0.240257 0.338008 0.429016 0.440904 0.473552 0.518909 0.585212 0.617775 0.617775 0.617775 0.617775 0.641512 0.920150 0.934739 0.934739 0.937569 0.948555 0.885915 0.840269 0.776549 0.712850 0.664281 0.639933 0.646541 0.703845 0.750936 0.759671 0.759671 0.760643 0.777923 0.800952 0.824016 0.847035 0.881385 0.937315 0.993979 1.18573 1.42278 1.62478 1.81590 1.86415 1.86415 1.87011 1.90143 1.47236 1.30837 1.64980 1.73572 1.76937 1.79330 1.79012 1.74972 1.70790 1.66607 1.64758 1.64758 1.64758
0.240257 0.240257 0.240257 0.240257 0.240257 0.240257 0.240257 0.240257 0.240257 0.240257 0.263976 0.566255 0.617662 0.617775 0.617775 0.617775 0.617775 0.617775 0.617775 0.617775 0.617775 0.818751 0.934739 0.893490 0.768428 0.754471 0.680856 0.669977 0.724068 0.778175 0.826028 0.841837 0.763281 0.779796 0.802802 0.825877 0.848906 0.870975 0.885757 0.933001 0.986601 1.16505 1.40526 1.60851 1.80383 1.86415 1.86415 1.86415 1.86415 1.86415 1.86415 1.87800 1.96946 1.87915 1.50739 1.67011 1.87288 1.91417 1.70968 1.64905 1.64758 1.64758 1.64758 1.64758 1.64758 1.64758
0.240257 0.240257 0.240257 0.240257 0.240257 0.240257 0.240257 0.240257 0.240257 0.00000 0.00000 0.617775 0.617775 0.617775 0.617775 0.617775 0.617775 0.617775 0.617775 0.617775 0.617775 0.645429 0.578474 0.483901 0.521348 0.696914 0.840512 0.845259 0.857658 0.868192 0.879663 0.892255 0.881840 0.876747 0.883399 0.928628 0.980440 1.14443 1.38737 1.59220 1.79067 1.86415 1.86415 1.86415 1.86415 1.86415 1.86415 1.86567 1.91094 1.97639 2.04185 2.09341 2.12908 2.18516 1.75475 1.68866 1.96646 1.98943 1.82724 1.64758 1.64758 1.64758 1.64758 1.64758 1.64758 1.64278
0.219530 0.240257 0.240257 0.240257 0.240257 0.00000 0.00000 0.00000 0.00000 0.00000 0.00000 0.617775 0.617775 0.617775 0.617775 0.617775 0.617775 0.617775 0.617775 0.617775 0.617775 0.617775 0.527720 0.470472 0.488670 0.889648 0.977125 0.904414 0.907770 0.907770 0.913565 0.967204 1.01382 1.12377 1.36915 1.57590 1.77606 1.86415 1.86415 1.86415 1.86415 1.86415 1.86415 1.86415 1.88400 1.94786 2.01331 2.07722 2.10197 2.13853 2.18128 2.22403 2.25089 2.28688 2.06389 1.68418 1.83534 1.98943 1.96907 1.66782 1.64758 1.64152 1.60753 1.56959 1.52225 1.47252
0.110753 0.00000 0.00000 0.00000 0.00000 0.00000 0.00000 0.00000 0.00000 0.00000 0.00000 0.00000 0.617775 0.617775 0.617775 0.617775 0.617775 0.617775 0.617775 0.617775 0.617775 0.617775 0.477342 0.345131 0.345131 0.764576 0.994048 1.00364 1.02613 1.19208 1.49991 1.76138 2.00983 1.89396 1.86415 1.86415 1.86415 1.86415 1.86415 1.86415 1.86800 1.91936 1.98479 2.05024 2.09583 2.11985 2.16259 2.20536 2.24354 2.24971 2.24971 2.24971 2.24971 2.27272 2.26093 1.75830 1.70411 1.95941 1.93852 1.72070 1.51065 1.46216 1.44161 1.42501 1.41779 1.41779
0.0968901 0.00000 0.00000 0.00000 0.00000 0.00000 0.00000 0.00000 0.00000 0.00000 0.00000 0.00000 0.617775 0.617775 0.617775 0.617775 0.617775 0.617775 0.00000 0.00000 0.00000 0.00000 0.00000 0.345131 0.345131 0.425172 0.957085 1.40384 1.99163 2.14084 2.14202 2.14202 2.14202 1.99305 1.86415 1.86415 1.86415 1.89109 1.95628 2.02171 2.08331 2.10479 2.14392 2.18669 2.22940 2.24971 2.24971 2.24971 2.24971 2.24971 2.24971 2.25799 2.28417 2.33007 2.38008 2.02191 1.53708 1.66249 1.78270 1.73605 1.43013 1.41779 1.41779 1.41779 1.41779 1.42619
0.00000 0.00000 0.00000 0.00000 0.00000 0.00000 0.00000 0.00000 0.00000 0.00000 0.00000 0.00000 0.617775 0.00000 0.00000 0.00000 0.00000 0.00000 0.00000 0.00000 0.00000 0.00000 0.00000 0.345131 0.345131 0.345131 0.780284 1.08085 2.05326 2.14202 2.14202 2.14202 2.14202 2.11674 1.93160 1.99321 2.05863 2.09763 2.12524 2.16800 2.21074 2.24610 2.24971 2.24971 2.24971 2.24971 2.25998 2.28659 2.31340 2.35578 2.47515 2.59680 2.71779 2.83077 2.75923 2.60568 1.51771 1.48489 1.75070 1.75965 1.56216 1.41918 1.45845 1.51469 1.57096 1.61883
0.00000 0.00000 0.00000 0.00000 0.00000 0.00000 0.00000 0.00000 0.00000 0.00000 0.00000 0.00000 0.00000 0.00000 0.00000 0.00000 0.00000 0.00000 0.00000 0.00000 0.00000 0.00000 0.00000 0.00000 0.345131 0.345131 0.442572 0.961312 1.70198 2.14208 2.18590 2.26769 2.34950 2.42222 2.19830 2.14931 2.19208 2.23432 2.24971 2.24971 2.24971 2.26218 2.28899 2.31580 2.34263 2.38080 2.48586 2.58910 2.70710 2.82492 2.86564 2.89592 2.90878 2.90878 2.85325 2.77198 1.94954 1.45440 1.65080 1.83831 1.85270 1.61401 1.63097 1.67590 1.72739 1.77887
0.00000 0.00000 0.00000 0.00000 0.00000 0.00000 0.00000 0.00000 0.00000 0.00000 0.00000 0.00000 0.00000 0.00000 0.00000 0.00000 0.00000 0.00000 0.00000 0.00000 0.00000 0.00000 0.00000 0.00000 0.345131 0.345131 0.404144 1.02677 1.46502 2.35103 2.43564 2.47513 2.52859 2.58199 2.49414 2.24976 2.26454 2.29138 2.31821 2.34502 2.37184 2.39405 2.47787 2.58086 2.69651 2.81840 2.86318 2.89352 2.90878 2.90878 2.90878 2.90878 2.90878 2.90878 2.90030 2.77101 2.49538 1.46168 1.50274 1.98433 2.03396 1.87755 1.80719 1.81368 1.81368 1.81368
0.00000 0.00000 0.00000 0.00000 0.00000 0.00000 0.00000 0.00000 0.00000 0.00000 0.00000 0.00000 0.00000 0.00000 0.00000 0.00000 0.00000 0.00000 0.00000 0.00000 0.00000 0.00000 0.00000 0.00000 0.00000 1.18622 1.48526 1.51992 1.69193 2.30612 2.61004 2.62398 2.62398 2.62398 2.61870 2.39614 2.38623 2.39116 2.46964 2.57266 2.68615 2.81126 2.86071 2.89104 2.90866 2.90878 2.90878 2.90878 2.90878 2.90878 2.90878 2.90522 2.89821 2.89121 2.88489 2.80756 2.79245 1.87703 1.56288 1.92879 2.11704 2.06767 1.81580 1.81368 1.81368 1.81368
0.00000 0.00000 0.00000 0.00000 0.00000 0.00000 0.00000 0.00000 0.00000 0.00000 0.00000 0.00000 0.00000 0.00000 0.00000 0.00000 0.00000 0.00000 0.00000 0.00000 0.00000 0.00000 0.00000 0.00000 0.00000 1.51139 1.51139 1.51139 1.82763 2.06964 2.60509 2.62398 2.62398 2.62731 2.71795 2.68948 2.67596 2.80346 2.85825 2.88858 2.90835 2.90878 2.90878 2.90878 2.90878 2.90878 2.90878 2.90764 2.90128 2.89427 2.88726 2.88493 2.91466 2.95689 2.99912 2.99984 2.89762 2.51243 1.58726 1.67688 2.11506 2.11704 1.91001 1.81368 1.82047 1.89130
0.00000 0.00000 0.00000 0.00000 0.00000 0.00000 0.00000 0.00000 0.00000 0.00000 0.00000 0.00000 0.00000 0.00000 0.00000 0.00000 0.00000 0.00000 0.00000 0.00000 0.00000 0.00000 0.00000 0.00000 0.00000 0.00000 1.51139 1.51139 1.60589 1.93632 2.51675 2.83643 2.97367 3.13495 3.21093 3.19754 2.91098 2.90878 2.90878 2.90878 2.90878 2.90878 2.90878 2.90872 2.90435 2.89734 2.89033 2.88446 2.89719 2.93855 2.98079 3.02190 3.03442 3.03442 3.03442 3.03415 2.91906 2.87012 1.81710 1.57961 1.95978 2.18852 2.20940 2.05092 2.12505 2.13524
0.454284 0.454284 0.454285 0.454284 0.00000 0.00000 0.00000 0.00000 0.00000 0.00000 0.00000 0.00000 0.00000 0.00000 0.00000 0.00000 0.00000 0.00000 0.00000 0.00000 0.00000 0.00000 0.00000 0.00000 0.00000 0.00000 1.51139 1.51139 1.51139 1.83906 2.45860 3.23977 3.27513 3.27716 3.27716 3.27716 2.99951 2.90878 2.90878 2.90878 2.90708 2.90034 2.89339 2.88645 2.88657 2.92020 2.96245 3.00468 3.03353 3.03442 3.03442 3.03442 3.03442 3.03442 3.02908 2.99195 2.91730 2.90483 2.46379 1.80546 2.00577 2.48004 2.49549 2.22679 2.12653 2.12653
0.454284 0.454284 0.454284 0.454284 0.454284 0.00000 0.00000 0.00000 0.00000 0.00000 0.00000 0.00000 0.00000 0.00000 0.00000 0.00000 0.00000 0.00000 0.00000 0.00000 0.00000 0.00000 0.00000 0.00000 0.00000 0.00000 0.00000 1.51139 1.51139 1.62306 1.97841 3.10666 3.27716 3.27716 3.27716 3.27716 3.14275 2.90346 2.89646 2.88945 2.88414 2.90197 2.94410 2.98633 3.02580 3.03442 3.03442 3.03442 3.03442 3.02730 2.98866 2.94625 2.90604 2.89180 2.89087 2.88611 2.82433 2.75506 2.57089 1.85578 1.83447 2.34340 2.50572 2.40628 2.12653 2.07473
0.454284 0.454284 0.454284 0.454284 0.454285 0.00000 0.00000 0.00000 0.00000 0.00000 0.00000 0.00000 0.00000 0.00000 0.00000 0.00000 0.00000 0.00000 0.00000 0.00000 0.00000 0.00000 0.00000 0.00000 0.00000 0.00000 0.00000 1.51139 1.51139 1.51139 1.85006 2.61827 3.27695 3.27421 3.26559 3.25683 3.24069 2.91818 2.92575 2.96799 3.01023 3.03430 3.03442 3.03442 3.02523 2.98534 2.94294 2.90059 2.85944 2.85035 2.88272 2.88966 2.82776 2.72672 2.60393 2.51962 2.51846 2.54725 2.56089 2.11283 1.83447 2.01024 2.38348 2.27882 1.87581 1.74747
0.454284 0.454284 0.454284 0.454284 0.454284 0.00000 0.00000 0.00000 0.00000 0.00000 0.00000 0.00000 0.00000 0.00000 0.00000 0.00000 0.00000 0.00000 0.00000 0.00000 0.00000 0.00000 0.00000 0.00000 0.00000 0.00000 0.00000 0.00000 1.51139 1.50880 1.61469 2.00453 3.13957 3.24618 3.27544 3.32825 3.38105 3.19718 3.03442 3.02293 2.98196 2.93964 2.89726 2.85492 2.82226 2.84381 2.87985 2.89249 2.83406 2.73611 2.61455 2.52155 2.51846 2.51846 2.51846 2.51846 2.51846 2.52923 2.51492 2.32327 1.66283 1.61203 1.94916 1.86217 1.75666 2.08289
0.454284 0.454284 0.454284 0.454284 0.454284 0.454284 0.00000 0.00000 0.00000 0.00000 0.00000 0.00000 0.00000 0.00000 0.00000 0.00000 0.00000 0.00000 0.00000 0.00000 0.789390 0.789390 0.789390 0.789390 0.789390 0.00000 0.00000 0.00000 1.43949 1.39324 1.38657 1.87571 2.86214 3.41083 3.43421 3.43421 3.43421 3.35408 2.85465 2.82073 2.81943 2.84093 2.87695 2.89470 2.84004 2.74540 2.62501 2.52452 2.51846 2.51846 2.51846 2.51846 2.51846 2.51846 2.49877 2.43642 2.37261 2.31081 2.30836 2.15405 1.43938 1.05754 1.12457 1.46245 1.46686 2.00215
0.454284 0.454284 0.454284 0.454284 0.454284 0.454284 0.00000 0.00000 0.00000 0.00000 0.00000 0.00000 0.00000 0.00000 0.00000 0.789390 0.789390 0.789390 0.789390 0.789390 0.789390 0.789390 0.789390 0.789390 0.789390 0.00000 0.00000 0.00000 0.00000 1.38657 1.38657 1.68799 2.41228 3.37750 3.43421 3.43421 3.43421 3.45770 3.01643 2.89634 2.84572 2.75457 2.63537 2.52836 2.51846 2.51846 2.51846 2.51846 2.51846 2.51846 2.51454 2.46416 2.40028 2.33650 2.29231 2.19235 2.00727 1.82225 1.67924 1.67374 1.46627 0.947320 0.953525 1.38984 1.46245 1.70282
0.454284 0.454284 0.454284 0.454284 0.454284 0.454284 0.454285 0.00000 0.00000 0.789390 0.789390 0.789390 0.789390 0.789390 0.789390 0.789390 0.789390 0.789390 0.789390 0.789390 0.789390 0.789390 0.789390 0.789390 0.789390 0.00000 0.00000 0.00000 0.00000 1.38657 1.38657 1.38657 2.11636 3.08974 3.49912 3.53607 3.51469 3.45085 3.06865 2.53306 2.51846 2.51846 2.51846 2.51846 2.51846 2.51846 2.51846 2.49172 2.42814 2.36428 2.30439 2.25798 2.08794 1.90292 1.71791 1.63130 1.63130 1.63130 1.63689 1.67348 1.67047 1.06573 0.947320 1.16713 1.50341 1.52537
