results/OMI_NO2_200906.asc
ncols      200
nrows      200
xllcorner       120.258
yllcorner       41.1236
cellsize     0.0166667
NODATA_Value      -999.000
[rows 29 to 57 of 175, columns 0 to 66 of 200]
0.00000 0.00000 0.00000 0.00000 0.00000 0.00000 0.00000 0.00000 0.00000 0.00000 0.00000 0.00000 0.00000 0.00000 0.00000 0.00000 0.00000 0.00000 0.00000 0.00000 0.00000 0.00000 0.00000 0.00000 2.22306 1.90613 1.82382 1.97417 2.01197 1.99705 1.99562 1.99591 1.99591 1.91419 1.80546 1.80546 1.79695 1.68715 1.58958 1.70540 1.75134 1.75135 1.75288 1.78128 1.81769 1.85223 1.88504 1.91564 1.92548 1.92548 1.92548 1.92478 1.91740 1.71938 1.61314 1.59007 1.60712 1.65503 1.70249 1.68150 1.60490 1.60807 1.51287 1.43125 1.29370 1.23773 1.23773
0.00000 0.00000 0.00000 0.00000 0.00000 0.00000 0.00000 0.00000 0.00000 0.00000 0.00000 0.00000 0.00000 0.00000 0.00000 0.00000 0.00000 0.00000 0.00000 0.00000 0.00000 0.00000 0.00000 0.00000 2.22137 2.10319 1.86519 1.90029 1.99589 1.99591 1.99591 1.99591 1.97367 1.90096 1.66964 1.60293 1.55124 1.53835 1.48010 1.68949 1.85524 1.88788 1.91773 1.92548 1.92548 1.92548 1.92458 1.92159 1.91852 1.91544 1.91237 1.91218 1.91972 1.82301 1.70125 1.69693 1.77453 1.78639 1.78639 1.76228 1.64597 1.59010 1.54964 1.41432 1.31570 1.23790 1.23948
0.00000 0.00000 0.00000 0.00000 0.00000 0.00000 0.00000 0.00000 0.00000 0.00000 0.00000 0.00000 0.00000 0.00000 0.00000 0.00000 0.00000 0.00000 0.00000 0.00000 0.00000 0.00000 0.00000 0.00000 2.22137 2.22118 1.93034 1.86678 1.92665 1.89430 1.83400 1.77372 1.73527 1.74981 1.72264 1.71141 1.76007 1.80259 1.73504 1.76449 1.89573 1.91287 1.90127 1.88967 1.87810 1.86650 1.85582 1.84752 1.84499 1.83405 1.81898 1.81318 1.82407 1.81711 1.67371 1.68104 1.76499 1.58936 1.57796 1.56543 1.50023 1.41954 1.41976 1.31030 1.33073 1.30703 1.31851
0.00000 0.00000 0.00000 0.00000 0.00000 0.00000 0.00000 0.00000 0.00000 0.00000 0.00000 0.00000 0.00000 0.00000 0.00000 0.00000 0.00000 0.00000 0.00000 0.00000 0.00000 0.00000 0.00000 0.00000 2.11956 2.01923 1.81839 1.56716 1.61121 1.72685 1.72287 1.71916 1.71601 1.72836 1.91884 1.81126 1.80941 1.80532 1.76515 1.63064 1.65075 1.74372 1.74369 1.74369 1.74646 1.75571 1.78259 1.80986 1.83170 1.86170 1.89574 1.91863 1.91925 1.91925 1.78352 1.70525 1.75566 1.60548 1.56830 1.57170 1.54836 1.46005 1.43525 1.41092 1.38341 1.42688 1.41753
0.00000 0.00000 0.00000 0.00000 0.00000 0.00000 0.00000 0.00000 0.00000 0.00000 0.00000 0.00000 0.00000 0.00000 0.00000 0.00000 0.00000 0.00000 0.00000 0.00000 0.00000 0.00000 0.00000 0.00000 1.76846 1.75986 1.75127 1.58579 1.55846 1.69488 1.71545 1.69985 1.66239 1.62472 1.74195 1.79198 1.79041 1.79040 1.78722 1.67040 1.63555 1.80997 1.84762 1.87516 1.90012 1.91857 1.91925 1.91925 1.91925 1.91925 1.91925 1.91925 1.91925 1.92047 1.85951 1.72585 1.72072 1.69915 1.55822 1.54605 1.53065 1.46275 1.45046 1.43589 1.31338 1.36222 1.41761
0.00000 0.00000 0.00000 0.00000 0.00000 0.00000 0.00000 0.00000 0.00000 0.00000 0.00000 0.00000 0.00000 0.00000 0.00000 0.00000 0.00000 0.00000 0.00000 0.00000 0.00000 0.00000 0.00000 0.00000 1.74431 1.74431 1.72460 1.60207 1.45162 1.48854 1.55231 1.53025 1.53010 1.52497 1.55358 1.72644 1.70053 1.66569 1.62796 1.79298 1.77925 1.81224 1.87103 1.86190 1.85280 1.84364 1.83451 1.82541 1.81654 1.80956 1.80299 1.79641 1.78986 1.78202 1.76401 1.56709 1.51597 1.54168 1.34348 1.34291 1.34291 1.31289 1.28578 1.28578 1.21192 1.20673 1.43397
0.00000 0.00000 0.00000 0.00000 0.00000 0.00000 0.00000 0.00000 0.00000 0.00000 0.00000 0.00000 0.00000 0.00000 0.00000 0.00000 0.00000 0.00000 0.00000 0.00000 0.00000 0.00000 0.00000 0.00000 1.56023 1.50373 1.46703 1.46107 1.31868 1.27670 1.43060 1.41658 1.38756 1.35556 1.34320 1.54455 1.58588 1.58314 1.58315 1.66038 1.80646 1.62705 1.74031 1.74139 1.74246 1.74500 1.74755 1.75010 1.75240 1.75278 1.75278 1.74136 1.71381 1.68613 1.65849 1.58522 1.51943 1.52956 1.41079 1.34276 1.33515 1.31679 1.27377 1.28709 1.29174 1.24065 1.48134
0.00000 0.00000 0.00000 0.00000 0.00000 0.00000 0.00000 0.00000 0.00000 0.00000 0.00000 0.00000 0.00000 0.00000 0.00000 0.00000 0.00000 0.00000 0.00000 0.00000 0.00000 0.00000 0.00000 0.00000 1.34766 1.30408 1.26055 1.22063 1.17830 1.13210 1.25057 1.33065 1.32196 1.32145 1.32285 1.43265 1.58123 1.58315 1.58315 1.58574 1.82381 1.69349 1.72425 1.75130 1.75278 1.75278 1.73917 1.71146 1.68383 1.65615 1.62846 1.61224 1.61213 1.61213 1.61035 1.57556 1.49223 1.48413 1.42757 1.24859 1.23041 1.22447 1.31011 1.38036 1.38778 1.31750 1.45068
0.00000 0.00000 0.00000 0.00000 0.00000 0.00000 0.00000 0.00000 0.00000 0.00000 0.00000 0.00000 0.00000 0.00000 0.00000 0.00000 0.00000 0.00000 0.00000 0.00000 0.00000 0.00000 0.00000 0.00000 1.21304 1.21304 1.21304 1.21304 1.21114 1.18066 1.19760 1.31882 1.32285 1.32285 1.32285 1.34664 1.60592 1.64961 1.68099 1.71099 1.85225 1.78905 1.66546 1.68150 1.65379 1.62616 1.61213 1.61213 1.61213 1.60930 1.58563 1.55774 1.52988 1.50201 1.47365 1.45087 1.38367 1.43281 1.44664 1.26333 1.26370 1.26370 1.27979 1.38587 1.38778 1.35818 1.38852
0.00000 0.00000 0.00000 0.00000 0.00000 0.00000 0.00000 0.00000 0.00000 0.00000 0.00000 0.00000 0.00000 0.00000 0.00000 0.00000 0.00000 0.00000 0.00000 0.00000 0.00000 0.00000 0.00000 0.00000 1.21304 1.21304 1.21304 1.21304 1.21304 1.19938 1.18398 1.28774 1.36791 1.39931 1.43070 1.45622 1.60913 1.65673 1.62052 1.58367 1.59225 1.70852 1.55081 1.60380 1.60796 1.58296 1.55415 1.52297 1.49169 1.46322 1.45558 1.44138 1.43012 1.42879 1.42715 1.41281 1.34186 1.29068 1.26551 1.21300 1.19861 1.19404 1.18945 1.26484 1.30441 1.29866 1.35821
0.00000 0.00000 0.00000 0.00000 0.00000 0.00000 0.00000 0.00000 0.00000 0.00000 0.00000 0.00000 0.00000 0.00000 0.00000 0.00000 0.00000 0.00000 0.00000 0.00000 0.00000 0.00000 0.00000 0.00000 1.21304 1.21304 1.21456 1.24856 1.29564 1.34057 1.33051 1.37479 1.47690 1.48966 1.50179 1.51383 1.52011 1.52820 1.53117 1.52352 1.48875 1.58666 1.42752 1.40625 1.41286 1.40654 1.40406 1.40022 1.38947 1.36141 1.32621 1.30173 1.27446 1.23743 1.20264 1.19526 1.18599 1.10115 1.14652 1.15692 1.17538 1.17401 1.17216 1.19242 1.29204 1.29128 1.37509
0.00000 0.00000 0.00000 0.00000 0.00000 0.00000 0.00000 0.00000 0.00000 0.00000 0.00000 0.00000 0.00000 0.00000 0.00000 0.00000 0.00000 0.00000 0.00000 0.00000 0.00000 0.00000 0.00000 0.00000 1.31064 1.35774 1.41247 1.44374 1.46199 1.48019 1.45438 1.41853 1.49187 1.51831 1.51492 1.49856 1.48101 1.46607 1.37507 1.34423 1.34185 1.40376 1.39177 1.31263 1.32634 1.29324 1.25799 1.22650 1.20230 1.19526 1.19526 1.19526 1.19526 1.19526 1.19526 1.19526 1.19487 1.11760 1.13612 1.14096 1.16116 1.16716 1.16746 1.17160 1.26638 1.37143 1.53416
0.00000 0.00000 0.00000 0.00000 0.00000 0.00000 0.00000 0.00000 0.00000 0.00000 0.00000 0.00000 0.00000 0.00000 0.00000 0.00000 0.00000 0.00000 0.00000 0.00000 0.00000 0.00000 0.00000 0.00000 1.47894 1.49716 1.50623 1.50623 1.50623 1.50222 1.47357 1.37976 1.38540 1.44701 1.43282 1.43155 1.43171 1.43933 1.38146 1.35856 1.36682 1.35471 1.20367 1.12749 1.17592 1.20379 1.20777 1.21174 1.21572 1.21970 1.22368 1.22764 1.23065 1.23324 1.23582 1.23841 1.24140 1.21565 1.17586 1.22184 1.31337 1.44021 1.52700 1.60552 1.70229 1.80570 1.83932
0.00000 0.00000 0.00000 0.00000 0.00000 0.00000 0.00000 0.00000 0.00000 0.00000 0.00000 0.00000 0.00000 0.00000 0.00000 0.00000 0.00000 0.00000 0.00000 0.00000 0.00000 0.00000 0.00000 0.00000 1.50317 1.48028 1.45390 1.42751 1.40111 1.37875 1.37610 1.34649 1.32578 1.42710 1.45319 1.45932 1.47172 1.48208 1.46131 1.39729 1.39794 1.39671 1.25770 1.21010 1.22245 1.27210 1.27211 1.27178 1.27045 1.26906 1.26767 1.26631 1.26589 1.26589 1.27012 1.29162 1.31501 1.33723 1.47095 1.59920 1.61617 1.69614 1.69935 1.71009 1.73851 1.85649 1.90360
0.00000 0.00000 0.00000 0.00000 0.00000 0.00000 0.00000 0.00000 0.00000 0.00000 0.00000 0.00000 0.00000 0.00000 0.00000 0.00000 0.00000 0.00000 0.00000 0.00000 0.00000 0.00000 0.00000 0.00000 1.38020 1.37932 1.38840 1.39757 1.40677 1.41595 1.42513 1.42336 1.36014 1.39871 1.49329 1.49606 1.49241 1.48733 1.49058 1.40723 1.39763 1.39763 1.29677 1.20250 1.17354 1.23914 1.26702 1.26595 1.26589 1.27141 1.29367 1.31702 1.34039 1.36378 1.38289 1.38474 1.38474 1.38491 1.49202 1.63967 1.67395 1.77778 1.89727 1.97260 2.02780 2.00655 1.92360
0.00000 0.00000 0.00000 0.00000 0.00000 0.00000 0.00000 0.00000 0.00000 0.00000 0.00000 0.00000 0.00000 0.00000 0.00000 0.00000 0.00000 0.00000 0.00000 0.00000 0.00000 0.00000 0.00000 0.00000 1.40977 1.42929 1.42941 1.42941 1.42941 1.42941 1.42941 1.42941 1.33201 1.24953 1.46293 1.48733 1.48733 1.48733 1.48692 1.41569 1.33876 1.30772 1.22067 1.12063 1.11686 1.19580 1.31905 1.34243 1.36577 1.38360 1.38474 1.38474 1.38533 1.40953 1.44587 1.48223 1.51863 1.55609 1.62309 1.80583 1.83516 1.89266 2.02866 2.02274 2.02271 2.02218 1.93333
0.00000 0.00000 0.00000 0.00000 0.00000 0.00000 0.00000 0.00000 0.00000 0.00000 0.00000 0.00000 0.00000 0.00000 0.00000 0.00000 0.00000 0.00000 0.00000 0.00000 0.00000 0.00000 0.00000 0.00000 1.39667 1.42941 1.42941 1.42941 1.42941 1.42941 1.42941 1.42941 1.40848 1.24952 1.35594 1.44956 1.41855 1.38752 1.35905 1.35793 1.30660 1.33724 1.34468 1.23989 1.22808 1.23298 1.37152 1.38604 1.41267 1.44904 1.48539 1.52175 1.55831 1.57307 1.58890 1.62284 1.64355 1.66383 1.67000 1.83617 1.92888 1.96357 2.01045 2.06253 2.06607 2.06960 2.02798
0.00000 0.00000 0.00000 0.00000 0.00000 0.00000 0.00000 0.00000 0.00000 0.00000 0.00000 0.00000 0.00000 0.00000 0.00000 0.00000 0.00000 0.00000 0.00000 0.00000 0.00000 0.00000 0.00000 0.00000 1.38498 1.42393 1.42941 1.42941 1.42941 1.42937 1.40441 1.35787 1.31136 1.16849 1.12148 1.40473 1.46574 1.51486 1.56389 1.55634 1.44708 1.42214 1.42509 1.34787 1.32748 1.36614 1.48719 1.59890 1.61129 1.61394 1.61971 1.64898 1.68635 1.74345 1.78745 1.80861 1.84629 1.88445 1.90536 1.97413 2.09590 2.09835 2.00144 2.09135 2.09660 2.10636 2.11358
0.00000 0.00000 0.00000 0.00000 0.00000 0.00000 0.00000 0.00000 0.00000 0.00000 0.00000 0.00000 0.00000 0.00000 0.00000 0.00000 0.00000 0.00000 0.00000 0.00000 0.00000 0.00000 0.00000 0.00000 1.38492 1.40579 1.38954 1.34303 1.29649 1.26929 1.31853 1.39207 1.46573 1.50860 1.37613 1.50618 1.59537 1.59557 1.59818 1.59230 1.53615 1.61326 1.65869 1.58642 1.47870 1.46511 1.49926 1.68218 1.73972 1.79823 1.85708 1.88571 1.90539 1.90541 1.90541 1.90541 1.90541 1.90541 1.90541 1.91393 2.09118 2.11511 2.04965 2.10167 2.13492 2.13492 2.13492
0.00000 0.00000 0.00000 0.00000 0.00000 0.00000 0.00000 0.00000 0.00000 0.00000 0.00000 0.00000 0.00000 0.00000 0.00000 0.00000 0.00000 0.00000 0.00000 0.00000 0.00000 0.00000 0.00000 0.00000 1.20905 1.25498 1.38691 1.46079 1.53430 1.58875 1.59147 1.59147 1.59164 1.59528 1.45220 1.41601 1.60496 1.61106 1.61178 1.61178 1.57136 1.70037 1.74093 1.71761 1.64667 1.68281 1.72318 1.85179 1.90541 1.90515 1.90356 1.90178 1.90001 1.89823 1.89645 1.89858 1.90516 1.91176 1.91835 1.92389 2.03469 2.11327 2.09410 1.99108 2.06871 2.04533 2.02195
0.00000 0.00000 0.00000 0.00000 0.00000 0.00000 0.00000 0.00000 0.00000 0.00000 0.00000 0.00000 0.00000 0.00000 0.00000 0.00000 0.00000 0.00000 0.00000 0.00000 0.00000 0.00000 0.00000 0.00000 1.59793 1.60100 1.59348 1.59155 1.59488 1.59989 1.60489 1.60989 1.61472 1.61608 1.58343 1.43785 1.61573 1.70924 1.74032 1.76774 1.77102 1.82845 1.92922 1.93990 1.74141 1.69964 1.69808 1.74520 1.87289 1.87138 1.87197 1.87898 1.88734 1.89572 1.90408 1.90855 1.90855 1.90887 1.91407 1.92095 1.95602 2.02668 2.01203 1.87181 1.96923 1.98282 1.98182
0.00000 0.00000 0.00000 0.00000 0.00000 0.00000 0.00000 0.00000 0.00000 0.00000 0.00000 0.00000 0.00000 0.00000 0.00000 0.00000 0.00000 0.00000 0.00000 0.00000 0.00000 0.00000 0.00000 0.00000 1.76123 1.61837 1.61824 1.61442 1.62082 1.66045 1.70704 1.75360 1.80019 1.84681 1.88392 1.69694 1.74387 1.80343 1.83644 1.87735 1.90213 1.84867 1.97248 1.97256 1.79110 1.67884 1.70926 1.75740 1.88425 1.89959 1.90719 1.90855 1.90908 1.91470 1.92157 1.92844 1.93531 1.94186 1.94353 1.94353 1.94356 1.97999 1.99572 1.92236 1.87431 1.90561 1.85917
0.00000 0.00000 0.00000 0.00000 0.00000 0.00000 0.00000 0.00000 0.00000 0.00000 0.00000 0.00000 0.00000 0.00000 0.00000 0.00000 0.00000 0.00000 0.00000 0.00000 0.00000 0.00000 0.00000 0.00000 2.08466 1.63382 1.63603 1.82871 1.87999 1.88695 1.88695 1.88895 1.96390 2.06500 2.15482 2.20980 2.23828 1.98584 1.90420 1.90420 1.90420 1.85493 1.98174 2.08336 2.00578 1.86279 1.89936 1.90086 1.91059 1.92219 1.92905 1.93593 1.94227 1.94353 1.94353 1.94353 1.93101 1.89934 1.86744 1.83553 1.80354 1.78525 1.87528 1.90299 1.75641 1.84471 1.85911
0.00000 0.00000 0.00000 0.00000 0.00000 0.00000 0.00000 0.00000 0.00000 0.00000 0.00000 0.00000 0.00000 0.00000 0.00000 0.00000 0.00000 0.00000 0.00000 0.00000 0.00000 0.00000 0.00000 0.00000 2.36178 1.70227 1.63382 1.81033 1.94236 2.04594 2.13781 2.21852 2.24380 2.24380 2.24380 2.24380 2.24380 2.14496 1.96948 2.03661 2.10372 2.15580 2.16736 2.27302 2.18708 1.94085 1.92634 1.93413 1.93560 1.94318 1.94353 1.92834 1.89645 1.86458 1.83265 1.80072 1.78133 1.77385 1.74892 1.75609 1.76585 1.79599 1.90144 1.99000 1.89707 1.89786 1.92714
0.00000 0.00000 0.00000 0.00000 0.00000 0.00000 0.00000 0.00000 0.00000 0.00000 0.00000 0.00000 0.00000 0.00000 0.00000 0.00000 0.00000 0.00000 0.00000 0.00000 0.00000 0.00000 0.00000 0.00000 2.42271 2.16988 1.97437 2.12579 2.24380 2.24380 2.24380 2.24380 2.24380 2.26495 2.33069 2.39782 2.46493 2.51898 2.22378 2.15680 2.13826 2.11972 2.14774 2.30396 2.28540 2.07046 1.95854 1.95754 1.93231 1.91230 1.88996 1.88026 1.88902 1.89715 1.88111 1.88139 1.87616 1.87812 1.90172 1.89215 1.87918 1.86830 1.90642 2.04770 2.03584 1.98502 2.03506
0.00000 0.00000 0.00000 0.00000 0.00000 0.00000 0.00000 0.00000 0.00000 0.00000 0.00000 0.00000 0.00000 0.00000 0.00000 0.00000 0.00000 0.00000 0.00000 0.00000 0.00000 0.00000 0.00000 0.00000 2.80311 2.74461 2.16225 2.14438 2.23531 2.28520 2.35230 2.41944 2.48454 2.51473 2.49756 2.47900 2.46046 2.44444 2.29971 2.10272 2.10269 2.09373 2.09632 2.16500 2.14841 2.09364 1.88259 1.93338 1.93338 1.93263 1.91765 1.89556 1.88001 1.86646 1.87480 1.86825 1.86710 1.86710 1.86710 1.86710 1.86710 1.86710 1.88339 1.99706 2.06331 1.98422 2.02801
0.00000 0.00000 0.00000 0.00000 0.00000 0.00000 0.00000 0.00000 0.00000 0.00000 0.00000 0.00000 0.00000 0.00000 0.00000 0.00000 0.00000 0.00000 0.00000 0.00000 0.00000 0.00000 0.00000 0.00000 2.80479 2.80479 2.45811 2.38785 2.47515 2.49872 2.48015 2.46160 2.44504 2.44232 2.44232 2.44232 2.43445 2.41878 2.38838 2.07157 2.03217 2.02546 2.02753 2.07697 2.11099 2.13823 1.97491 1.88295 1.85931 1.84802 1.86077 1.86710 1.86710 1.86710 1.86710 1.86693 1.86513 1.86294 1.86123 1.86074 1.86032 1.85991 1.86013 1.92727 2.05058 1.99501 1.97082
0.00000 0.00000 0.00000 0.00000 0.00000 0.00000 0.00000 0.00000 0.00000 0.00000 0.00000 0.00000 0.00000 0.00000 0.00000 0.00000 0.00000 0.00000 0.00000 0.00000 0.00000 0.00000 0.00000 0.00000 2.74801 2.71711 2.62241 2.39563 2.40168 2.44232 2.44232 2.43554 2.41991 2.40423 2.38855 2.37288 2.36506 2.36618 2.38644 2.23471 2.10128 2.12845 2.15875 2.22570 2.23588 2.21848 2.07285 1.88111 1.83165 1.82945 1.83029 1.83355 1.83135 1.82918 1.82822 1.82797 1.82936 1.83113 1.83242 1.83248 1.83248 1.83921 1.85220 1.86878 1.96436 1.96678 1.88330
0.00000 0.00000 0.00000 0.00000 0.00000 0.00000 0.00000 0.00000 0.00000 0.00000 0.00000 0.00000 0.00000 0.00000 0.00000 0.00000 0.00000 0.00000 0.00000 0.00000 0.00000 0.00000 0.00000 0.00000 2.66029 2.65212 2.64254 2.41146 2.34512 2.37915 2.37401 2.36519 2.38113 2.40832 2.43552 2.46273 2.48994 2.51604 2.52289 2.47635 2.21250 2.19217 2.17307 2.15419 2.18967 2.19438 2.12564 1.90623 1.81603 1.80832 1.77235 1.81496 1.83020 1.83194 1.83248 1.83257 1.84045 1.85344 1.86644 1.87944 1.89244 1.89871 1.89871 1.89103 1.89842 1.95376 1.82447
