results/OMI_NO2_200605.asc
ncols      200
nrows      200
xllcorner       120.258
yllcorner       41.1236
cellsize     0.0166667
NODATA_Value      -999.000
[rows 0 to 28 of 200, columns 67 to 133 of 200]
1.69243 1.74455 1.74764 1.41727 1.38782 1.55826 1.56700 1.57470 1.51279 1.37543 1.32376 1.27635 1.23227 1.24711 1.27162 1.25508 1.25383 1.25178 1.22714 1.16748 1.15748 1.02254 1.11391 1.48032 1.44063 1.37839 1.26802 1.22406 1.25758 1.33901 1.41334 1.58953 1.69829 1.76424 1.76968 1.76747 1.75344 1.73861 1.69731 1.97124 2.25818 2.43306 2.59708 2.57734 2.55902 2.58373 2.67279 2.67222 2.64040 2.59239 2.55268 2.82437 2.82814 2.93614 2.86675 2.79708 2.76385 2.73749 2.51147 1.36060 1.40862 1.44084 1.81318 1.82334 1.82334 1.82043 1.81282
1.60808 1.69227 1.70204 1.63850 1.30063 1.38697 1.34052 1.29989 1.26902 1.17089 1.18302 1.19939 1.21500 1.25050 1.33460 1.34393 1.31329 1.28926 1.28170 1.23426 1.25758 1.20431 1.19245 1.40825 1.52342 1.59050 1.54899 1.61355 1.64357 1.64357 1.63950 1.67846 1.73303 1.71955 1.70693 1.69780 1.70699 1.71883 1.72274 1.75143 2.20078 2.23502 2.44805 2.41304 2.37943 2.35287 2.38145 2.34547 2.33258 2.33258 2.33258 2.45642 2.62179 2.68007 2.70508 2.68273 2.66621 2.66481 2.65804 1.72527 1.40533 1.41247 1.69190 1.77078 1.77608 1.88179 2.08535
1.60387 1.67661 1.73233 1.76665 1.52492 1.37958 1.40407 1.41527 1.40973 1.33945 1.28923 1.27756 1.26633 1.25732 1.31679 1.31008 1.29377 1.28402 1.35206 1.39967 1.47291 1.52867 1.56448 1.65481 1.76429 1.75419 1.67590 1.61802 1.60987 1.60216 1.59810 1.62457 1.70702 1.69825 1.68733 1.67475 1.65512 1.63465 1.61500 1.55756 1.86613 1.98364 2.18070 2.20401 2.19707 2.19006 2.22243 2.22250 2.21483 2.20623 2.19775 2.20336 2.38764 2.40193 2.43760 2.42930 2.42109 2.41287 2.40982 2.06856 1.57856 1.75167 1.95550 2.16127 2.24079 2.25404 2.26264
1.72533 1.73298 1.81674 1.84175 1.79001 1.37820 1.33829 1.32646 1.32061 1.30641 1.23619 1.23605 1.27412 1.34376 1.45255 1.51981 1.56316 1.55150 1.54796 1.54734 1.55750 1.55680 1.52639 1.53031 1.65044 1.63138 1.60660 1.53847 1.54853 1.55918 1.56921 1.56278 1.55077 1.54761 1.54649 1.54649 1.54649 1.54649 1.54649 1.52272 1.64267 1.91605 2.02420 2.12305 2.12159 2.11953 2.14128 2.15245 2.15144 2.15144 2.15144 2.15144 2.27225 2.36491 2.42144 2.45055 2.46883 2.48680 2.48737 2.43736 1.97624 1.95529 1.89169 1.97489 1.92575 1.88253 1.85801
1.73873 1.70477 1.79029 1.81209 1.81044 1.48533 1.24750 1.28778 1.35241 1.41363 1.41583 1.45034 1.47451 1.47211 1.50155 1.52576 1.52210 1.48165 1.46769 1.47579 1.50291 1.52563 1.51887 1.48350 1.54715 1.60825 1.62764 1.57434 1.54783 1.54783 1.54783 1.54783 1.54755 1.54649 1.54649 1.54649 1.54649 1.54649 1.54649 1.53428 1.51339 1.88020 1.95158 2.11512 2.11451 2.11451 2.12939 2.15221 2.16418 2.17953 2.18307 2.18060 2.20709 2.36663 2.36480 2.36879 2.34601 2.32402 2.31016 2.30008 2.03148 1.79129 1.71708 1.84109 1.85210 1.84762 1.82619
1.74279 1.78109 1.77049 1.84694 1.90980 1.88621 1.53125 1.53950 1.53983 1.53778 1.51336 1.46271 1.45905 1.45538 1.47011 1.51152 1.51152 1.49708 1.49642 1.52166 1.57986 1.63652 1.62586 1.57767 1.54659 1.62874 1.62874 1.61071 1.54783 1.54783 1.54783 1.54783 1.54783 1.54678 1.54649 1.55017 1.54458 1.54274 1.54091 1.53754 1.49825 1.72606 1.91866 2.08925 2.10712 2.10613 2.11143 2.13583 2.12367 2.10886 2.10348 2.10266 2.10183 2.22303 2.26703 2.29130 2.28769 2.28123 2.27932 2.28073 2.18649 1.86462 1.71667 1.78833 1.81536 1.80108 1.85172
1.79693 1.81760 1.91936 1.93633 1.94326 1.94118 1.67989 1.52596 1.52230 1.52069 1.52002 1.46190 1.45542 1.47526 1.50348 1.57946 1.60262 1.60671 1.57481 1.59868 1.65516 1.72362 1.76434 1.76889 1.66930 1.62431 1.62378 1.62339 1.56043 1.54171 1.54131 1.54136 1.55825 1.58076 1.60429 1.62766 1.56835 1.55602 1.56494 1.57548 1.55463 1.63075 2.02786 2.05171 2.07205 2.07207 2.07257 2.11086 2.09440 2.06659 2.04955 2.03299 2.01653 2.04901 2.17391 2.19818 2.21485 2.20945 2.20417 2.19928 2.19591 1.87234 1.63060 1.65089 1.72222 1.71242 1.79786
1.81819 1.81206 1.85011 1.91510 1.91213 1.92049 1.93112 1.58825 1.58974 1.59091 1.59207 1.60084 1.64484 1.67739 1.70687 1.70026 1.72194 1.75178 1.72880 1.72615 1.74788 1.78400 1.83847 1.80411 1.70974 1.63025 1.62626 1.63070 1.61313 1.61110 1.64229 1.67168 1.68825 1.69938 1.70698 1.71155 1.69489 1.64675 1.65041 1.65430 1.63735 1.61595 1.95321 2.04574 2.06203 2.05100 2.04000 2.05502 2.00632 1.93862 1.93862 1.93902 1.94292 1.94782 2.08405 2.12748 2.17276 2.17763 2.18231 2.18646 2.18419 1.98912 1.65842 1.58678 1.70346 1.70805 1.74463
1.85020 1.85020 1.84463 1.94368 1.93946 1.94114 2.01826 1.75471 1.68597 1.71855 1.75231 1.79055 1.85750 1.85650 1.85274 1.82216 1.80006 1.79632 1.79798 1.81172 1.82712 1.86270 1.89075 1.84904 1.77749 1.69695 1.71360 1.72210 1.73335 1.72958 1.73003 1.73098 1.73104 1.73143 1.73314 1.73512 1.73732 1.68433 1.67412 1.66837 1.64921 1.59929 1.75402 1.99640 2.01879 2.02774 2.03199 2.05416 2.05787 1.96659 1.97131 1.97561 1.97641 1.97641 2.03650 2.13826 2.17057 2.17896 2.17491 2.17108 2.17020 2.12905 1.74062 1.59735 1.69521 1.71348 1.71262
1.90520 1.90041 1.88873 1.94099 1.96146 1.92215 1.91809 1.92218 1.78350 1.77557 1.76767 1.75961 1.78352 1.80192 1.80005 1.78184 1.75108 1.74922 1.77355 1.81346 1.79478 1.82084 1.83422 1.83084 1.82810 1.72638 1.73690 1.73702 1.73817 1.73818 1.73722 1.73975 1.74226 1.74439 1.73676 1.72911 1.71880 1.68298 1.62217 1.61597 1.61418 1.57213 1.58832 1.98990 2.04570 2.06392 2.06601 2.08144 2.13132 2.02529 2.01905 2.03582 2.07905 2.12342 2.17020 2.19682 2.21741 2.25770 2.26288 2.26812 2.27344 2.27880 1.94737 1.68559 1.70144 1.74424 1.73935
1.82723 1.80576 1.77054 1.75775 1.81087 1.79865 1.80080 1.89253 1.79311 1.74536 1.74349 1.74178 1.75010 1.79155 1.79166 1.77672 1.71117 1.69259 1.69364 1.76430 1.78433 1.81550 1.83517 1.85699 1.86119 1.77993 1.75691 1.76642 1.76908 1.76706 1.74327 1.72055 1.69828 1.67598 1.66146 1.69775 1.71693 1.71787 1.66045 1.65218 1.65310 1.60853 1.57031 1.80332 1.98073 2.09830 2.09968 2.11964 2.27063 2.22922 2.22860 2.25731 2.25812 2.25812 2.25812 2.25186 2.24552 2.28493 2.27971 2.26886 2.25801 2.24757 2.09090 1.75193 1.69664 1.79850 1.81081
1.71486 1.70636 1.71163 1.71371 1.81300 1.82694 1.83162 1.90308 1.92796 1.81791 1.82353 1.81669 1.79784 1.81877 1.82875 1.83672 1.82277 1.83661 1.84767 1.90711 1.92544 1.89694 1.87028 1.88483 1.87769 1.81600 1.73574 1.72410 1.70052 1.68002 1.67308 1.67023 1.67023 1.67023 1.66591 1.66074 1.68084 1.66145 1.61445 1.54989 1.53223 1.51330 1.48514 1.59135 1.94951 2.13637 2.22256 2.24072 2.35083 2.33369 2.25812 2.25341 2.24259 2.23228 2.22527 2.21785 2.20065 2.22967 2.26153 2.27225 2.28612 2.30029 2.29841 1.89875 1.82717 1.91214 1.89198
1.82528 1.82528 1.82528 1.82511 1.86355 1.91486 1.90367 1.92251 1.98542 1.85285 1.80126 1.80797 1.82642 1.85696 1.88489 1.88000 1.84938 1.83160 1.82407 1.84696 1.86603 1.83262 1.77393 1.77433 1.75517 1.73461 1.66334 1.67603 1.66582 1.64619 1.62652 1.60295 1.58480 1.56728 1.55383 1.55293 1.59411 1.60266 1.60197 1.56024 1.58274 1.61059 1.60186 1.61364 1.95269 2.11327 2.23569 2.23055 2.29595 2.34096 2.22612 2.22439 2.22879 2.23527 2.24499 2.25442 2.25512 2.26034 2.32858 2.33852 2.34390 2.34856 2.35168 2.08007 1.88406 1.90245 1.89259
1.82206 1.81687 1.81169 1.80576 1.79469 1.85027 1.82703 1.82897 1.92920 1.91803 1.81740 1.81356 1.80885 1.80396 1.83922 1.84388 1.81316 1.76965 1.74721 1.73776 1.76708 1.76417 1.71995 1.73429 1.74327 1.74404 1.68460 1.62077 1.55962 1.56000 1.56036 1.55731 1.55562 1.55598 1.55914 1.58443 1.63558 1.69578 1.72822 1.71019 1.67931 1.69455 1.67647 1.68265 1.84016 2.05533 2.23140 2.24110 2.28489 2.39875 2.29335 2.29888 2.31247 2.32248 2.32591 2.32902 2.33104 2.32815 2.39639 2.43085 2.43598 2.44114 2.44628 2.34405 1.99448 1.95949 1.94747
1.78774 1.78553 1.77662 1.76184 1.74512 1.73764 1.79492 1.82509 1.88859 1.91804 1.81528 1.78355 1.77605 1.76809 1.75686 1.72745 1.71807 1.71855 1.71895 1.71988 1.77571 1.78099 1.74729 1.74439 1.76012 1.76159 1.73202 1.66882 1.57584 1.57450 1.57241 1.56678 1.63065 1.66190 1.69040 1.70351 1.71576 1.77005 1.77977 1.78245 1.72554 1.71620 1.73656 1.76462 1.79160 2.08039 2.24991 2.32551 2.33258 2.46044 2.45241 2.44426 2.44322 2.44322 2.44322 2.44114 2.43260 2.41446 2.42562 2.48283 2.47383 2.46488 2.45577 2.42697 2.10038 1.95463 1.84379
1.71753 1.70422 1.69761 1.69761 1.69761 1.69041 1.74836 1.80545 1.83375 1.88480 1.84764 1.74489 1.74467 1.74489 1.74284 1.71596 1.71494 1.71991 1.71712 1.71393 1.74606 1.76029 1.73413 1.71117 1.73785 1.73764 1.73099 1.64663 1.57321 1.53794 1.54287 1.55310 1.66904 1.71891 1.72779 1.72993 1.72995 1.75940 1.78247 1.78411 1.75393 1.72090 1.73279 1.77115 1.76744 1.97386 2.16519 2.31049 2.30398 2.40346 2.42088 2.40553 2.39657 2.38764 2.37863 2.37172 2.37126 2.36774 2.35592 2.40166 2.37791 2.34059 2.30344 2.28801 2.13246 1.72708 1.76393
1.69991 1.70012 1.69941 1.69337 1.68564 1.67059 1.68797 1.75817 1.79639 1.89989 1.94579 1.76988 1.72004 1.71665 1.71324 1.69218 1.68063 1.68931 1.69485 1.69824 1.71567 1.74418 1.73577 1.69022 1.71847 1.72914 1.73226 1.68557 1.64315 1.58266 1.58302 1.58328 1.62535 1.73331 1.73495 1.73659 1.73821 1.74915 1.78522 1.78314 1.78750 1.73988 1.74991 1.81746 1.83828 1.94157 2.05884 2.23904 2.25089 2.31579 2.38035 2.37126 2.37126 2.37126 2.36836 2.35176 2.33341 2.31501 2.22164 2.23780 2.28801 2.28801 2.28801 2.28801 2.26149 1.80639 1.79852
1.65542 1.64494 1.63539 1.63117 1.63955 1.67022 1.71026 1.79796 1.85437 1.90480 1.95499 1.88286 1.72191 1.72529 1.72869 1.72524 1.70069 1.70471 1.70745 1.70888 1.71678 1.75884 1.76685 1.73826 1.76381 1.77552 1.75906 1.71729 1.67472 1.58443 1.57763 1.57677 1.58309 1.72750 1.78440 1.81582 1.84796 1.87795 1.85375 1.85076 1.85046 1.81269 1.77788 1.81426 1.84011 1.86608 2.05581 2.15446 2.19151 2.23855 2.37748 2.34981 2.33059 2.31223 2.29677 2.29502 2.29502 2.29502 2.25712 2.20411 2.27602 2.26123 2.24309 2.22496 2.20702 1.93059 1.72921
1.63085 1.65984 1.69676 1.73365 1.75965 1.76575 1.77573 1.82463 1.90447 1.92604 1.99420 2.00192 1.81199 1.78041 1.79693 1.80817 1.79548 1.80281 1.82285 1.83432 1.84234 1.86995 1.86870 1.71372 1.63981 1.63403 1.61344 1.59469 1.67966 1.67635 1.66207 1.69581 1.72059 1.78914 1.88846 1.88846 1.88846 1.88898 1.88762 1.87243 1.89632 1.91509 1.88645 1.93737 1.99689 1.99725 2.10126 2.15335 2.15670 2.15093 2.30102 2.29856 2.29502 2.29502 2.29216 2.27578 2.25765 2.23724 2.20843 2.09678 2.12742 2.15397 2.14121 2.11812 2.09420 1.98518 1.59860
1.85672 1.87087 1.87713 1.88345 1.88974 1.89602 1.89876 1.92362 1.98509 2.02831 2.08798 2.11226 2.03667 1.89186 1.88820 1.88892 1.86832 1.82768 1.80967 1.78420 1.75877 1.76279 1.77239 1.66577 1.55129 1.60065 1.62077 1.63033 1.74955 1.82574 1.72820 1.73182 1.75130 1.77772 1.94748 1.98920 2.01576 2.04254 2.05035 1.99730 1.99019 1.99010 1.93751 1.91360 1.95594 1.93976 1.96546 2.10139 2.13018 2.12013 2.22411 2.23556 2.20348 2.17765 2.15471 2.14525 2.13653 2.11850 2.10260 2.03857 2.00857 2.04014 2.02508 2.02102 2.01994 2.01946 1.64781
1.90964 1.89876 1.89876 1.90708 1.93106 1.95540 1.97709 1.99284 2.00123 2.05310 2.05659 2.07985 2.05876 1.83902 1.77981 1.75518 1.74149 1.71084 1.71416 1.72383 1.74384 1.77256 1.82321 1.80235 1.62319 1.64543 1.63067 1.60669 1.61540 1.74897 1.83392 1.87273 1.87487 1.87487 1.96023 2.05116 2.05130 2.05151 2.03008 1.94075 1.84698 1.78489 1.77021 1.86527 1.92829 1.94754 1.95526 2.02250 2.01388 2.00877 2.07465 2.14323 2.12152 2.10878 2.09610 2.09533 2.10460 2.12540 2.14840 2.16003 2.08049 2.05468 2.04966 2.05019 2.04857 2.04703 1.84445
1.98479 1.97875 2.00231 2.01912 2.02040 2.02056 2.01552 2.01654 2.02384 2.03769 1.99362 1.93183 1.96484 1.87263 1.72195 1.73124 1.74293 1.75017 1.78758 1.80858 1.78684 1.76597 1.77939 1.76058 1.55169 1.54104 1.55332 1.55349 1.54208 1.68814 1.81752 1.89200 1.89244 1.89373 1.91838 1.99672 1.93348 1.86854 1.82885 1.82616 1.77673 1.77994 1.78531 1.86012 1.96418 2.02147 2.01951 2.02497 2.03547 2.00755 2.02021 2.13154 2.10488 2.11930 2.13840 2.14553 2.14374 2.14195 2.14105 2.14527 2.09431 2.05661 2.04798 2.05808 2.06825 2.07834 2.06257
2.07294 2.03748 2.03397 2.02078 2.00723 1.99515 1.99081 1.99081 2.00264 1.99378 2.00459 1.90557 1.96956 1.96456 1.75019 1.70370 1.68443 1.66608 1.67145 1.69972 1.70050 1.70210 1.72496 1.73446 1.59753 1.53583 1.54832 1.54230 1.52896 1.59902 1.75040 1.88302 1.85329 1.82799 1.79397 1.81194 1.83337 1.84069 1.84440 1.84440 1.80339 1.77657 1.77128 1.78422 1.90675 2.00450 2.02012 2.03357 2.07311 2.06028 2.06845 2.20425 2.17605 2.16593 2.17609 2.18620 2.19637 2.20647 2.21665 2.22252 2.20407 2.12457 2.11313 2.13762 2.16410 2.19057 2.21412
2.04775 2.00787 1.99769 1.99779 1.99869 1.99998 2.01011 2.02383 2.04409 2.06150 2.07427 1.96202 1.84965 1.72521 1.66800 1.66258 1.66454 1.66650 1.67741 1.72942 1.72685 1.72346 1.71461 1.70256 1.61497 1.49081 1.51786 1.51860 1.47135 1.50402 1.63653 1.77179 1.80856 1.80992 1.80983 1.81147 1.83522 1.83017 1.82490 1.81961 1.80241 1.76793 1.78469 1.79838 1.88568 2.04758 2.04030 2.02633 2.08844 2.13747 2.12901 2.24386 2.25872 2.22255 2.22135 2.21881 2.21626 2.21361 2.20871 2.20305 2.19745 2.20452 2.20101 2.18587 2.18359 2.18131 2.18020
2.02050 2.03676 2.03607 2.05104 2.06602 2.08057 2.08631 2.07685 2.01732 1.96756 1.87898 1.81891 1.72244 1.67407 1.65974 1.65520 1.65064 1.64610 1.64260 1.69477 1.70206 1.70315 1.70355 1.68136 1.61110 1.38572 1.33907 1.29237 1.28930 1.40635 1.57724 1.71637 1.79719 1.79602 1.79496 1.79624 1.81774 1.82715 1.82601 1.82499 1.82373 1.81479 1.80783 1.80493 1.83197 2.01749 2.06079 2.06584 2.10818 2.25780 2.25057 2.24681 2.21198 2.16305 2.15948 2.15655 2.15362 2.15082 2.15010 2.15010 2.15010 2.15855 2.17286 2.14280 2.10655 2.06729 2.02801
2.03473 2.09659 2.09110 2.09046 2.04808 1.97423 1.89588 1.82706 1.81494 1.82829 1.81160 1.80956 1.69460 1.65980 1.63203 1.62909 1.62570 1.60661 1.59117 1.61934 1.60954 1.55630 1.50274 1.45260 1.44207 1.32703 1.34050 1.36529 1.38279 1.45761 1.61031 1.68039 1.82855 1.82550 1.82006 1.81595 1.82645 1.85237 1.85237 1.85237 1.85237 1.84900 1.84159 1.83747 1.83348 1.96426 2.05818 2.05108 2.04997 2.20803 2.25708 2.25785 2.20941 2.15463 2.15010 2.15010 2.15010 2.14935 2.12281 2.08353 2.04425 2.00947 2.00090 1.95981 1.95730 1.96547 1.97801
1.98452 1.95564 1.87992 1.79489 1.75704 1.75300 1.74943 1.74587 1.74234 1.73966 1.76352 1.73818 1.64747 1.56063 1.52280 1.51403 1.49724 1.46683 1.43012 1.42208 1.45169 1.46667 1.48193 1.49114 1.49666 1.43315 1.40040 1.41901 1.42465 1.43442 1.59876 1.64087 1.77453 1.81789 1.81787 1.81554 1.81181 1.83470 1.83723 1.83331 1.82952 1.82665 1.82212 1.82179 1.82179 1.87484 2.04637 2.04374 2.04111 2.12527 2.23715 2.26388 2.19626 2.12180 2.07231 2.04067 2.00899 1.97808 1.97301 1.98060 1.99117 2.00043 2.01805 2.02294 2.00900 2.00879 2.00424
1.65672 1.70812 1.73463 1.73061 1.73061 1.73061 1.73032 1.72832 1.72604 1.72645 1.72474 1.62152 1.61434 1.53887 1.47359 1.43161 1.41497 1.42753 1.44279 1.46166 1.51486 1.51549 1.51625 1.51750 1.51272 1.47914 1.41766 1.43894 1.44014 1.45387 1.57053 1.68901 1.77875 1.79996 1.79668 1.79540 1.79540 1.80656 1.82675 1.82675 1.82675 1.82888 1.85055 1.87767 1.90695 1.92553 2.01834 2.03086 2.03095 2.04492 2.10614 2.11978 2.05609 2.02430 1.99850 2.00991 2.02182 2.03373 2.04066 2.03711 2.03025 2.02054 2.01230 2.03582 2.06184 2.07081 2.08126
1.62773 1.68830 1.73898 1.72591 1.72363 1.72279 1.74707 1.78205 1.81802 1.85623 1.85563 1.71607 1.69966 1.62651 1.55811 1.45995 1.46066 1.46145 1.44777 1.42426 1.49146 1.54059 1.54689 1.56299 1.57039 1.57656 1.50458 1.54270 1.56726 1.57246 1.60591 1.77852 1.81504 1.81377 1.81325 1.81384 1.81443 1.81602 1.85549 1.88446 1.91507 1.94449 1.95292 1.95316 1.95753 1.96358 2.04008 2.09488 2.09920 2.09734 2.09648 2.18109 2.16598 2.14756 2.16903 2.15837 2.14719 2.13598 2.12971 2.13397 2.13860 2.14322 2.14763 2.16090 2.17875 2.18306 2.17388
