results/OMI_NO2_200608.asc
ncols      200
nrows      200
xllcorner       120.258
yllcorner       41.1236
cellsize     0.0166667
NODATA_Value      -999.000
[rows 0 to 28 of 200, columns 67 to 133 of 200]
1.41741 1.00806 0.981852 1.04593 1.17537 0.980364 1.02578 1.09601 1.10214 1.14223 1.18772 1.23003 1.26954 1.30563 1.41030 1.49602 1.49815 1.51125 1.51126 1.52084 1.53678 1.43532 1.41229 1.46233 1.47883 1.47708 1.48813 1.37808 1.28447 1.28289 1.28289 1.28289 1.28289 1.28657 1.39357 1.48967 1.51387 1.53011 1.53591 1.40140 1.31717 1.33039 1.38670 1.45837 1.52493 1.51749 1.48424 1.43482 1.42501 1.41168 1.38840 1.37193 1.38355 1.45711 1.49003 1.51855 1.51643 1.50707 1.49801 1.49726 1.57752 1.56901 1.51004 1.60182 1.56681 1.53730 1.48172
1.54587 1.23478 1.09143 1.19035 1.24637 1.15760 1.15140 1.27769 1.31083 1.31652 1.31652 1.31652 1.31652 1.31652 1.36826 1.50807 1.54204 1.57713 1.60335 1.62012 1.62097 1.53559 1.48675 1.46070 1.52182 1.50922 1.51178 1.47615 1.34643 1.33565 1.36157 1.39118 1.41879 1.44204 1.46216 1.56298 1.56574 1.56609 1.57327 1.52446 1.41815 1.39301 1.39223 1.36827 1.41687 1.40764 1.39231 1.34425 1.35109 1.35769 1.36941 1.37732 1.37151 1.44732 1.46380 1.45738 1.45676 1.45676 1.45676 1.44761 1.47199 1.46539 1.35047 1.37876 1.40552 1.45802 1.45861
1.39481 1.24993 1.12052 1.24964 1.27195 1.26119 1.17380 1.28758 1.30654 1.30568 1.30482 1.31862 1.35628 1.39296 1.43522 1.58561 1.58419 1.58660 1.59076 1.61654 1.63638 1.62213 1.56144 1.53934 1.60383 1.57780 1.53067 1.53989 1.46295 1.42765 1.43096 1.43016 1.43134 1.44241 1.45391 1.51662 1.55525 1.56210 1.56197 1.54059 1.39582 1.36648 1.33443 1.29507 1.33297 1.36749 1.38490 1.35585 1.35241 1.35241 1.35241 1.35241 1.35241 1.38670 1.45676 1.45289 1.41825 1.37705 1.33581 1.30372 1.32865 1.40144 1.36792 1.32790 1.37799 1.43115 1.43728
1.28898 1.26485 1.17020 1.18796 1.25668 1.27236 1.18696 1.24531 1.34325 1.37519 1.40473 1.42904 1.44845 1.47420 1.49878 1.60657 1.64194 1.65436 1.66187 1.67982 1.69134 1.69075 1.61297 1.59211 1.61458 1.63492 1.55675 1.55810 1.53055 1.46611 1.46867 1.47855 1.48224 1.47135 1.45095 1.44218 1.48476 1.46493 1.44623 1.44788 1.36222 1.35114 1.35191 1.35686 1.34255 1.37835 1.39060 1.36481 1.35218 1.35174 1.35129 1.35003 1.32152 1.28123 1.32934 1.30473 1.29767 1.29723 1.29679 1.29634 1.29713 1.38258 1.39124 1.30349 1.27300 1.29021 1.30368
1.29598 1.29648 1.23195 1.17798 1.31307 1.38161 1.33287 1.34596 1.50690 1.52841 1.54931 1.56387 1.56835 1.57112 1.57419 1.62993 1.66709 1.66647 1.66120 1.67406 1.70533 1.72000 1.69006 1.64853 1.65365 1.68794 1.58298 1.56082 1.54336 1.44850 1.39857 1.37774 1.36106 1.35193 1.35108 1.36133 1.42342 1.45878 1.46959 1.47260 1.42285 1.37563 1.37819 1.39435 1.31594 1.35340 1.36785 1.35733 1.32649 1.28530 1.24407 1.20367 1.19051 1.19051 1.23694 1.29486 1.29486 1.29486 1.29486 1.29486 1.29486 1.34000 1.38123 1.35503 1.36873 1.43577 1.50945
1.34410 1.37435 1.41154 1.45139 1.49323 1.53112 1.47545 1.40361 1.58375 1.61253 1.61402 1.61550 1.61687 1.61759 1.62502 1.64607 1.68231 1.70365 1.71924 1.73323 1.76747 1.77319 1.76561 1.67820 1.65962 1.61896 1.52873 1.45810 1.45392 1.41048 1.33531 1.34138 1.35593 1.37183 1.39710 1.41319 1.43829 1.50233 1.51333 1.52376 1.50701 1.42615 1.41629 1.42462 1.33001 1.29391 1.28013 1.23618 1.19053 1.19051 1.19051 1.19051 1.19051 1.18590 1.18201 1.26492 1.26070 1.25102 1.24814 1.24819 1.24831 1.26620 1.36072 1.44731 1.56971 1.57968 1.62116
1.46301 1.45490 1.44200 1.46574 1.49936 1.54968 1.54077 1.42476 1.52009 1.62174 1.62855 1.63654 1.65110 1.66654 1.67889 1.68812 1.71282 1.70204 1.70030 1.71345 1.71841 1.71180 1.70087 1.64366 1.61595 1.59008 1.55377 1.47118 1.49867 1.51826 1.44776 1.44200 1.45359 1.46329 1.46448 1.46448 1.46448 1.50936 1.52738 1.52738 1.52278 1.40369 1.35461 1.32254 1.27246 1.18803 1.20905 1.20003 1.15658 1.14615 1.13625 1.12642 1.11960 1.12407 1.13402 1.20180 1.25383 1.25958 1.25852 1.25560 1.25391 1.25297 1.29963 1.39369 1.55229 1.57779 1.60808
1.39200 1.38423 1.37304 1.37441 1.41066 1.45128 1.45723 1.39462 1.45092 1.64218 1.65095 1.65845 1.65122 1.63712 1.62442 1.61109 1.62174 1.61635 1.62314 1.67244 1.68464 1.70011 1.70261 1.69439 1.65448 1.65525 1.67061 1.60135 1.57905 1.57541 1.51037 1.46448 1.46448 1.46448 1.46448 1.46448 1.46433 1.47124 1.46345 1.42473 1.38990 1.31311 1.26816 1.23870 1.25130 1.12360 1.15308 1.16048 1.13850 1.13760 1.14402 1.15054 1.15396 1.14963 1.14653 1.18171 1.25912 1.26276 1.26668 1.27150 1.27855 1.28474 1.30602 1.35593 1.54657 1.61812 1.62760
1.30113 1.30768 1.33774 1.37251 1.45613 1.48963 1.45599 1.43562 1.39960 1.59204 1.60583 1.59181 1.58619 1.58619 1.58709 1.58838 1.60664 1.61627 1.61895 1.68197 1.71353 1.75479 1.77030 1.77131 1.69858 1.68210 1.65537 1.63137 1.56587 1.56531 1.54170 1.45020 1.44236 1.43334 1.42106 1.40874 1.39659 1.38995 1.36506 1.35799 1.35898 1.31739 1.23396 1.17831 1.17125 1.14329 1.18009 1.19128 1.16306 1.14155 1.14479 1.17490 1.21196 1.24984 1.28602 1.29828 1.30292 1.30792 1.31368 1.31723 1.31727 1.31727 1.32317 1.38864 1.56064 1.74368 1.77799
1.43566 1.46442 1.47637 1.48664 1.50991 1.51883 1.40928 1.37061 1.32368 1.47179 1.57985 1.57828 1.57671 1.57515 1.57768 1.60343 1.63285 1.66654 1.68156 1.71717 1.74726 1.76778 1.76850 1.76507 1.71612 1.66766 1.63513 1.63968 1.51751 1.50817 1.50239 1.42479 1.39094 1.38731 1.38692 1.38625 1.36808 1.33934 1.30105 1.24830 1.21954 1.18736 1.10171 1.09955 1.07087 1.09968 1.15131 1.23697 1.26072 1.27827 1.31214 1.31910 1.31913 1.31913 1.31913 1.31913 1.31880 1.31727 1.31799 1.35270 1.40586 1.45908 1.50813 1.53463 1.58828 1.75850 1.78104
1.41961 1.41539 1.41175 1.40467 1.40011 1.42675 1.37606 1.31134 1.28517 1.34646 1.55940 1.58132 1.60458 1.62775 1.64833 1.68798 1.69611 1.71939 1.71972 1.73254 1.77315 1.75340 1.73947 1.73941 1.72852 1.65058 1.62966 1.62203 1.52384 1.48375 1.47147 1.41744 1.31482 1.28639 1.25797 1.23061 1.22722 1.25274 1.28096 1.28236 1.30419 1.33234 1.27244 1.27081 1.19589 1.18826 1.24552 1.33699 1.33885 1.31913 1.31913 1.31913 1.31913 1.31933 1.31983 1.34371 1.39730 1.44965 1.50208 1.52108 1.52157 1.52207 1.52074 1.52048 1.53942 1.74263 1.92702
1.40945 1.40869 1.40712 1.41039 1.41488 1.43930 1.45147 1.38478 1.36059 1.37735 1.63158 1.65658 1.65106 1.64452 1.63778 1.66287 1.67446 1.70287 1.70454 1.70608 1.76289 1.75797 1.73712 1.72754 1.71145 1.61959 1.55392 1.49840 1.44949 1.32889 1.31417 1.32399 1.26703 1.27412 1.29969 1.32477 1.34321 1.34333 1.35212 1.36172 1.36053 1.38178 1.33848 1.28191 1.20723 1.09596 1.12688 1.23702 1.25462 1.31335 1.32520 1.33885 1.38466 1.42965 1.47330 1.49357 1.48528 1.47651 1.46734 1.45950 1.45184 1.44434 1.43843 1.43801 1.45502 1.58426 1.87351
1.42785 1.44011 1.44457 1.45811 1.46679 1.48229 1.52529 1.45725 1.40795 1.38411 1.56687 1.66680 1.66753 1.66900 1.67047 1.69181 1.71503 1.62921 1.58294 1.56660 1.57700 1.55750 1.49808 1.46968 1.44870 1.41189 1.37813 1.40565 1.45240 1.34446 1.36782 1.38385 1.34854 1.28693 1.30337 1.32720 1.35104 1.36802 1.36801 1.35520 1.31249 1.29305 1.24536 1.13261 1.09101 0.978647 0.996376 1.15425 1.24398 1.37339 1.41082 1.43951 1.43959 1.43959 1.43959 1.43959 1.43996 1.45303 1.47093 1.49006 1.50939 1.52490 1.53365 1.54255 1.56166 1.61463 2.07510
1.47417 1.49784 1.50020 1.49346 1.49159 1.49202 1.52370 1.49149 1.42205 1.38200 1.47556 1.67691 1.66932 1.66184 1.65449 1.63511 1.62990 1.52621 1.42629 1.40314 1.43681 1.51494 1.51459 1.52635 1.54528 1.56189 1.53308 1.52788 1.53742 1.44107 1.38646 1.36124 1.33128 1.33795 1.33748 1.32374 1.30964 1.30317 1.30317 1.30317 1.28923 1.26661 1.26370 1.14003 1.14142 1.09480 1.08125 1.25278 1.37647 1.45703 1.48191 1.49282 1.51217 1.53147 1.55078 1.56933 1.58017 1.57634 1.56499 1.56143 1.56458 1.57212 1.62150 1.68867 1.75463 1.67994 1.93890
1.46180 1.48875 1.48694 1.48509 1.48325 1.48367 1.49654 1.51128 1.42128 1.38424 1.41533 1.55238 1.55053 1.52143 1.49216 1.49125 1.54658 1.52783 1.44001 1.45673 1.48568 1.59318 1.57821 1.55211 1.54048 1.52855 1.48705 1.44478 1.41009 1.31840 1.22123 1.24965 1.24965 1.27495 1.30317 1.30317 1.30317 1.30317 1.30317 1.30317 1.32271 1.33043 1.36453 1.30891 1.27580 1.21789 1.12579 1.18817 1.48959 1.56964 1.63077 1.58073 1.57382 1.57654 1.57999 1.58448 1.61225 1.68906 1.77530 1.82085 1.86937 1.92127 1.93869 1.93508 1.92914 1.75501 1.75742
1.42814 1.45307 1.45644 1.45412 1.44621 1.41894 1.39513 1.40180 1.31491 1.24751 1.31098 1.43788 1.52632 1.53596 1.54091 1.54127 1.56179 1.55326 1.41639 1.40414 1.39443 1.47682 1.47267 1.43717 1.42234 1.40801 1.39897 1.37007 1.36347 1.34259 1.19509 1.24965 1.24965 1.25338 1.30093 1.30342 1.31203 1.34883 1.38686 1.42489 1.44261 1.42072 1.39274 1.33356 1.24952 1.21432 1.14196 1.12109 1.38237 1.53300 1.68823 1.66994 1.74635 1.81270 1.88574 1.95808 2.01325 2.02134 2.01977 1.95339 1.90516 1.89922 1.89333 1.89086 1.89086 1.79392 1.60088
1.38243 1.37624 1.36759 1.34377 1.32004 1.30565 1.29291 1.32370 1.35141 1.31218 1.38682 1.42423 1.47156 1.46884 1.46884 1.46877 1.48867 1.50352 1.38864 1.34602 1.33021 1.37547 1.42019 1.39738 1.39018 1.38567 1.37695 1.34044 1.31723 1.29897 1.17518 1.19651 1.19870 1.22519 1.29280 1.35228 1.38058 1.38067 1.37956 1.37616 1.37220 1.36733 1.32678 1.30200 1.18296 1.18079 1.15133 1.20116 1.43297 1.82831 2.07974 1.99615 1.99436 1.99874 1.99583 1.99364 1.99364 1.99364 1.99364 1.97772 1.89145 1.89086 1.88850 1.88260 1.87666 1.85898 1.60097
1.32446 1.31830 1.33013 1.31711 1.30964 1.30988 1.31210 1.34545 1.42456 1.36693 1.39164 1.44114 1.41951 1.43178 1.40880 1.38262 1.35740 1.33382 1.24572 1.17175 1.15392 1.16532 1.22837 1.25282 1.27330 1.26669 1.26433 1.25233 1.22993 1.23654 1.22293 1.22504 1.29366 1.30791 1.31689 1.36033 1.35878 1.35666 1.35456 1.35615 1.35601 1.35244 1.32753 1.30016 1.17294 1.14610 1.14009 1.32133 1.42349 1.88142 2.05802 2.04420 1.99364 1.99364 1.99364 1.99364 1.99364 1.99364 1.99791 2.00697 1.94142 1.91925 1.92995 1.94470 1.95965 1.97490 1.80497
1.28762 1.26787 1.28305 1.27805 1.27320 1.26823 1.26077 1.25276 1.32896 1.30225 1.23707 1.30291 1.24758 1.24923 1.23929 1.23261 1.22611 1.22160 1.17354 1.08594 1.08594 1.08885 1.19103 1.21692 1.26433 1.27113 1.30599 1.33383 1.32699 1.31844 1.27730 1.25799 1.31536 1.31324 1.31423 1.35185 1.36927 1.36861 1.36788 1.36570 1.36570 1.37098 1.37939 1.35117 1.28182 1.23541 1.23755 1.34151 1.46298 1.90774 2.17207 2.24813 2.14074 2.15813 2.17510 2.18755 2.19419 2.19746 2.19485 2.18589 2.14535 2.05101 2.04231 2.03361 2.02489 2.01619 1.92883
1.27383 1.24175 1.22615 1.21857 1.22203 1.22747 1.21045 1.18217 1.20113 1.29203 1.22164 1.28526 1.27707 1.22524 1.22627 1.22707 1.22787 1.23068 1.22232 1.15600 1.15783 1.15047 1.24251 1.30535 1.39457 1.41490 1.40526 1.40160 1.38409 1.36447 1.32823 1.34204 1.44173 1.44586 1.44647 1.46634 1.51866 1.52917 1.54473 1.56030 1.57589 1.58913 1.59648 1.57713 1.52105 1.43040 1.44604 1.47620 1.65752 1.94443 2.35765 2.44955 2.17028 2.15236 2.13750 2.12773 2.12388 2.12388 2.12388 2.12388 2.12478 2.03750 2.02866 2.03998 2.05100 2.06011 2.05890
1.33088 1.29054 1.26540 1.22310 1.18960 1.15219 1.13719 1.13450 1.14897 1.27707 1.27055 1.26439 1.31950 1.24245 1.23745 1.22518 1.21055 1.19897 1.20404 1.18775 1.20857 1.24543 1.30910 1.38653 1.44146 1.46471 1.46987 1.47505 1.46884 1.41748 1.40682 1.39135 1.47644 1.50905 1.51134 1.51381 1.58458 1.61488 1.62214 1.62921 1.63616 1.64299 1.64967 1.65230 1.61673 1.52296 1.52913 1.54118 1.65074 1.79815 2.28139 2.43367 2.19574 2.13535 2.14667 2.15791 2.16922 2.18048 2.19177 2.19997 2.20368 2.15584 2.08134 2.05394 2.02546 2.00107 1.97986
1.27101 1.19572 1.16401 1.13512 1.13493 1.13858 1.14287 1.14716 1.14958 1.21564 1.29141 1.21488 1.27820 1.20434 1.19427 1.22981 1.27148 1.31254 1.33686 1.30484 1.28572 1.28501 1.30162 1.41980 1.45034 1.48790 1.49041 1.49879 1.50741 1.46335 1.46106 1.44452 1.50501 1.57671 1.58389 1.59080 1.61922 1.67042 1.67042 1.67042 1.67042 1.67042 1.67042 1.66509 1.63182 1.56165 1.55577 1.60506 1.68095 1.86970 2.23763 2.47948 2.38106 2.21361 2.20787 2.20146 2.18155 2.15609 2.13218 2.11198 2.10449 2.11486 2.00970 1.99995 2.01200 2.02173 2.02868
1.23374 1.21935 1.20416 1.17226 1.15184 1.13387 1.11526 1.09590 1.07001 1.09006 1.20297 1.20460 1.26378 1.32053 1.32992 1.33321 1.33260 1.33781 1.34780 1.33623 1.31490 1.32352 1.33213 1.45545 1.49686 1.56351 1.57155 1.57371 1.57562 1.54982 1.51564 1.49452 1.49793 1.59277 1.59306 1.59306 1.59424 1.67304 1.70623 1.72858 1.73537 1.73797 1.74155 1.75070 1.77615 1.76053 1.71284 1.78125 1.82981 2.01598 2.28359 2.40771 2.39201 2.15448 2.14171 2.13806 2.14595 2.18277 2.24285 2.30351 2.35475 2.38633 2.22150 2.06606 2.06764 2.06922 2.07070
1.17245 1.14866 1.10684 1.08058 1.05513 1.04280 1.03004 1.02365 1.05170 1.09353 1.22471 1.31575 1.31438 1.38981 1.39066 1.40042 1.40893 1.41200 1.41418 1.40590 1.36436 1.36539 1.36731 1.44514 1.50746 1.56835 1.57659 1.57656 1.57712 1.57467 1.51237 1.51130 1.50346 1.68133 1.72531 1.75038 1.76440 1.79079 1.81350 1.79492 1.79193 1.79312 1.79593 1.82671 1.86864 1.91091 1.90099 2.03234 2.14231 2.21053 2.46736 2.35458 2.42225 2.24736 2.27272 2.32071 2.36862 2.39333 2.39478 2.39506 2.39506 2.39506 2.36272 2.07852 2.07101 2.07266 2.08097
1.12679 1.12492 1.09640 1.09699 1.10690 1.14716 1.18741 1.22171 1.23112 1.23285 1.27224 1.37279 1.35917 1.42426 1.44312 1.44790 1.45456 1.46285 1.44660 1.44130 1.40260 1.40581 1.41058 1.45121 1.55385 1.57243 1.58053 1.57957 1.57801 1.57614 1.53420 1.52003 1.48932 1.70298 1.74668 1.72537 1.71626 1.73991 1.84979 1.89675 1.94093 1.98674 2.03064 2.02753 2.00774 1.99168 1.92391 1.93210 2.02644 2.06577 2.55985 2.56823 2.62749 2.50146 2.39506 2.39506 2.39506 2.39506 2.39506 2.39506 2.39506 2.39571 2.40300 2.20243 2.08535 2.08361 2.07542
1.22080 1.25079 1.26270 1.28017 1.26759 1.27122 1.27749 1.28375 1.29002 1.29628 1.31383 1.39986 1.44883 1.47411 1.50576 1.52049 1.52894 1.53206 1.50884 1.48125 1.44366 1.42680 1.42554 1.42957 1.55608 1.56620 1.57593 1.57593 1.57486 1.55969 1.53098 1.48819 1.49978 1.66276 1.84496 1.88060 1.90285 1.90481 1.93198 1.94968 1.93180 1.91435 1.89760 1.89292 1.89742 1.93097 1.94070 1.96543 2.13644 2.14761 2.49385 2.67101 2.57124 2.51357 2.32768 2.31731 2.30707 2.29713 2.29259 2.29106 2.29631 2.31489 2.32753 2.28341 2.07052 2.09118 2.11200
1.37936 1.38722 1.38487 1.36793 1.34631 1.33350 1.33337 1.33269 1.33572 1.34235 1.35009 1.40513 1.47915 1.46923 1.50418 1.50161 1.49488 1.50945 1.49810 1.46080 1.45225 1.45020 1.45150 1.45277 1.55844 1.61507 1.63603 1.66138 1.68332 1.71712 1.74950 1.70835 1.69831 1.69801 1.85097 1.85550 1.86021 1.86506 1.87764 1.94597 1.95679 1.99417 2.03386 2.07360 2.10889 2.11502 2.06452 1.96929 2.05241 2.09332 2.24635 2.59858 2.47480 2.43293 2.34488 2.37637 2.40533 2.43415 2.45783 2.47862 2.49278 2.49320 2.49320 2.49320 2.27469 2.21600 2.22794
1.36704 1.37040 1.37305 1.34805 1.33944 1.32279 1.33170 1.33863 1.34106 1.34003 1.33794 1.36079 1.42754 1.43934 1.48258 1.46590 1.46359 1.48155 1.49599 1.47620 1.50573 1.55122 1.56560 1.57984 1.64625 1.73631 1.75802 1.74753 1.72319 1.70076 1.67833 1.67409 1.70310 1.66969 1.83689 1.88117 1.88108 1.88076 1.88042 2.01352 2.10901 2.10401 2.09667 2.08933 2.08204 2.07473 2.05281 1.90386 1.95252 2.02262 2.04725 2.51273 2.49297 2.41352 2.46856 2.49320 2.49676 2.50841 2.52035 2.53231 2.54426 2.55619 2.57036 2.59300 2.51688 2.31810 2.34102
1.39576 1.39811 1.40300 1.38333 1.37323 1.34199 1.33852 1.33789 1.33789 1.33662 1.33350 1.33270 1.39530 1.46825 1.49308 1.47462 1.51450 1.55802 1.58280 1.53811 1.52150 1.56079 1.54878 1.52594 1.52749 1.66085 1.64456 1.63738 1.63710 1.63710 1.63490 1.63379 1.68762 1.66110 1.74089 1.83852 1.83093 1.82357 1.81623 1.86197 2.04279 2.04279 2.04279 2.04279 2.04279 2.04279 2.04392 1.92055 1.92358 2.05568 2.07352 2.43103 2.61611 2.48698 2.52163 2.58087 2.58945 2.59759 2.60941 2.62746 2.66729 2.71208 2.75650 2.78087 2.78781 2.52619 2.48535
