results/OMI_NO2_200502.asc
ncols      200
nrows      200
xllcorner       120.258
yllcorner       41.1236
cellsize     0.0166667
NODATA_Value      -999.000
[rows 87 to 115 of 164, columns 130 to 194 of 200]
1.23501 1.21606 1.19485 1.18549 1.18548 1.18548 1.18548 1.18548 1.12499 1.14703 1.19937 1.20819 1.24751 1.22628 1.41768 1.30369 1.24284 1.20452 1.31083 1.46008 1.43721 1.43717 1.41984 1.38680 1.36018 1.35477 1.34938 1.34395 1.33827 1.33090 1.32261 1.37337 1.40056 1.42518 1.59842 1.53112 1.51609 1.50421 1.68512 1.70423 1.70648 1.68323 1.59605 1.52471 1.45453 1.41223 1.35540 1.29564 1.24024 1.19401 1.21496 1.23495 1.20694 1.19436 1.22568 1.24400 1.25139 1.26850 1.36524 1.40773 1.19934 1.16865 1.18213 1.22882 1.23174
1.23230 1.23230 1.20545 1.18548 1.18547 1.18518 1.18470 1.18422 1.15921 1.08215 1.11326 1.06328 1.01032 1.00182 1.07293 1.01129 0.924391 0.893505 0.946435 1.16366 1.32619 1.33382 1.34517 1.33956 1.30741 1.30791 1.30934 1.31068 1.31239 1.31587 1.32028 1.34832 1.37993 1.38334 1.49239 1.48891 1.42297 1.38967 1.49093 1.51730 1.47999 1.42604 1.33743 1.24344 1.21479 1.18625 1.17467 1.17743 1.18020 1.18587 1.22990 1.28895 1.29721 1.29394 1.31272 1.32903 1.32462 1.33683 1.37106 1.43912 1.31359 1.21964 1.24231 1.31400 1.31948
1.23937 1.23191 1.22023 1.17906 1.17929 1.18810 1.17705 1.16622 1.16967 1.06483 1.05884 1.08580 1.06063 1.05020 1.04013 0.973476 0.937318 0.928316 0.935530 1.17172 1.39790 1.33418 1.37851 1.36569 1.37903 1.38468 1.39335 1.39735 1.39305 1.38854 1.38389 1.37916 1.37450 1.37388 1.31183 1.37182 1.30371 1.26288 1.24840 1.26984 1.23691 1.19816 1.19362 1.13919 1.17410 1.21940 1.22841 1.23741 1.24642 1.25252 1.26244 1.31848 1.31856 1.28562 1.26346 1.28455 1.28413 1.31999 1.33780 1.44080 1.39548 1.18361 1.23924 1.28277 1.31914
1.30534 1.25045 1.24405 1.20028 1.20056 1.19988 1.21548 1.23175 1.23548 1.23506 1.23933 1.23362 1.19549 1.15014 1.13754 1.05188 0.976659 0.926477 0.910880 1.03428 1.33999 1.31879 1.38433 1.38530 1.39995 1.39959 1.38412 1.37547 1.37621 1.37708 1.37784 1.36571 1.34548 1.33556 1.29142 1.23988 1.14904 1.10656 1.11086 1.20347 1.21593 1.20833 1.21529 1.18525 1.18438 1.23380 1.23111 1.22842 1.22574 1.22286 1.21993 1.25546 1.24515 1.22069 1.20947 1.22629 1.23260 1.25755 1.26926 1.35801 1.37363 1.11819 1.12962 1.11436 1.14648
1.39229 1.25773 1.26779 1.25523 1.23548 1.23548 1.23548 1.23548 1.23140 1.21282 1.20198 1.16780 1.12805 1.05007 1.03660 1.00291 0.965943 0.959942 0.959932 0.986495 1.15648 1.32032 1.28615 1.33614 1.34013 1.37380 1.36894 1.35950 1.33811 1.32860 1.31982 1.32394 1.33509 1.33373 1.31178 1.20170 1.09259 1.08304 1.08316 1.16261 1.16574 1.15601 1.15581 1.14155 1.10193 1.16762 1.16913 1.16887 1.16861 1.16855 1.16859 1.18212 1.20990 1.18383 1.17518 1.17785 1.20377 1.19857 1.21272 1.25281 1.28162 1.12093 1.06211 1.08657 1.12366
1.44808 1.30186 1.28312 1.27627 1.24243 1.24290 1.18935 1.15765 1.13975 1.13182 1.12876 1.12087 1.10299 0.999097 0.988299 0.979727 0.915855 0.880544 0.838041 0.829988 0.894186 1.29595 1.21684 1.30171 1.27862 1.30418 1.29281 1.28838 1.29538 1.29018 1.27808 1.26347 1.25023 1.24090 1.23277 1.16804 1.05868 1.06704 1.07234 1.11382 1.16182 1.15355 1.15498 1.15433 1.10516 1.15356 1.16945 1.16999 1.17053 1.17107 1.17158 1.17191 1.21134 1.18405 1.14331 1.10776 1.13529 1.14182 1.20291 1.23824 1.28782 1.20281 1.03014 1.08369 1.10874
1.44254 1.35515 1.27375 1.26589 1.20859 1.18184 1.12909 1.06859 1.05883 1.05163 1.04395 1.05422 1.02249 0.949879 0.927032 0.927032 0.894402 0.864727 0.829637 0.830901 0.883639 1.21702 1.27207 1.25625 1.26433 1.27941 1.27072 1.25205 1.24296 1.23417 1.23165 1.23165 1.23165 1.23165 1.23165 1.19450 1.09243 1.05128 1.06515 1.07319 1.15556 1.15021 1.15614 1.15701 1.13412 1.15248 1.18554 1.18677 1.18202 1.17234 1.15723 1.14204 1.13057 1.11724 1.11149 1.11972 1.17356 1.24699 1.28809 1.31520 1.35237 1.33556 1.06596 1.13873 1.14472
1.33509 1.28801 1.17757 1.17324 1.13917 1.10177 1.08704 1.01698 1.01573 1.01573 1.01573 1.04036 1.02701 0.972036 0.927032 0.927066 0.935758 0.927988 0.940046 0.978707 1.00238 1.18577 1.36933 1.26298 1.22443 1.22077 1.25586 1.23123 1.23109 1.23096 1.23083 1.23056 1.22794 1.22435 1.21962 1.19859 1.12891 1.06710 1.08753 1.08774 1.17083 1.17763 1.17823 1.16989 1.15257 1.12554 1.16028 1.14500 1.13615 1.14044 1.15824 1.17670 1.19503 1.21132 1.19401 1.18945 1.18317 1.28671 1.28015 1.30355 1.33747 1.33104 1.12467 1.10941 1.14849
1.25694 1.25693 1.21110 1.19696 1.17251 1.09404 1.09372 1.03783 1.01573 1.01573 1.01573 1.03257 1.05471 1.05790 1.02304 1.06396 1.09691 1.03226 0.977934 0.956677 0.949112 1.01865 1.38266 1.25322 1.22691 1.21756 1.24919 1.23478 1.22563 1.22074 1.21588 1.21113 1.20875 1.19560 1.17652 1.17030 1.10421 1.04929 1.03274 1.03573 1.06850 1.09640 1.09272 1.08613 1.08369 1.06227 1.17381 1.20252 1.23244 1.25424 1.26835 1.28203 1.29588 1.31181 1.31516 1.31105 1.30036 1.37458 1.39530 1.41168 1.45689 1.49701 1.37945 1.26398 1.35404
1.25693 1.25693 1.23369 1.19699 1.18872 1.11346 1.09372 1.06714 1.02416 1.04904 1.07656 1.12420 1.19079 1.22278 1.13091 1.13120 1.12802 1.05886 0.948269 0.948294 0.948294 0.970920 1.31188 1.28509 1.23518 1.20436 1.21024 1.23166 1.20704 1.20704 1.20600 1.19928 1.19171 1.15860 1.08778 1.08079 1.07490 1.04272 0.989276 1.00136 1.01411 1.13203 1.16102 1.18912 1.21247 1.20603 1.36138 1.39728 1.39809 1.39903 1.39998 1.40092 1.40172 1.40209 1.40302 1.38028 1.38479 1.42003 1.51222 1.48923 1.52531 1.56237 1.50218 1.28683 1.38126
1.20409 1.19353 1.17872 1.11411 1.10537 1.06948 1.04319 1.07345 1.02959 1.03029 1.03370 1.07003 1.11931 1.12859 1.06308 1.03665 1.03665 1.02787 0.890459 0.942143 0.936217 0.930978 1.16439 1.32355 1.22778 1.19346 1.17908 1.21596 1.18209 1.17202 1.16577 1.16498 1.16502 1.16162 1.07591 1.06507 1.05938 1.03507 1.00358 1.03130 1.04539 1.21069 1.23259 1.23922 1.24008 1.23757 1.32266 1.40122 1.39749 1.39297 1.38845 1.38402 1.38436 1.38752 1.39239 1.39658 1.39712 1.37938 1.47089 1.44551 1.47225 1.53450 1.53645 1.34574 1.37353
1.07020 1.08655 1.12427 1.13060 1.14400 1.14434 1.08099 1.08035 1.03891 1.00998 1.00998 1.03978 1.10831 1.11504 1.08270 1.02779 1.02121 1.01532 0.915371 0.917532 0.937835 0.952771 1.02596 1.31648 1.18602 1.17013 1.14847 1.17490 1.18493 1.16755 1.16516 1.15663 1.15182 1.14972 1.08574 1.07130 1.07463 1.06099 1.03877 1.03882 1.04588 1.14931 1.22190 1.21079 1.20489 1.20007 1.24190 1.35384 1.35975 1.36744 1.37513 1.38274 1.38557 1.38557 1.38998 1.40012 1.40807 1.40858 1.46802 1.50090 1.50874 1.57535 1.60722 1.50685 1.46462
1.20617 1.23074 1.23504 1.22208 1.18264 1.17574 1.11289 1.09189 1.07785 1.01716 1.01647 1.02663 1.10050 1.11258 1.10233 1.03646 1.04267 1.02558 0.975102 0.872690 0.860942 0.825031 0.783013 1.07643 1.18155 1.18915 1.15481 1.14539 1.18184 1.14614 1.14335 1.14698 1.14692 1.14909 1.11214 1.07475 1.08121 1.08428 1.06051 1.04158 1.03359 1.08031 1.21263 1.19364 1.20038 1.20892 1.23008 1.38445 1.38802 1.39579 1.40376 1.41172 1.41967 1.42763 1.43171 1.43372 1.43740 1.44671 1.46693 1.56628 1.56767 1.64911 1.68895 1.63774 1.48715
1.23139 1.24968 1.26930 1.27079 1.22535 1.21673 1.17821 1.12769 1.12671 1.06599 1.04378 1.02600 1.07241 1.05578 1.02537 0.909073 0.905493 0.931378 0.958546 0.894171 0.929504 0.958462 0.987111 1.05887 1.15790 1.18195 1.13319 1.08099 1.11438 1.14378 1.15738 1.16685 1.17631 1.18085 1.16026 1.09173 1.09173 1.09136 1.06686 1.04800 1.03106 1.03005 1.18940 1.18622 1.20999 1.22118 1.21785 1.40285 1.42848 1.42770 1.42669 1.42219 1.42180 1.44064 1.46480 1.48827 1.47870 1.48088 1.48309 1.52996 1.50963 1.57047 1.63048 1.64773 1.45268
1.24566 1.27183 1.32840 1.31396 1.27592 1.28334 1.29973 1.15250 1.14895 1.10612 1.07338 1.09670 1.15967 1.18364 1.20964 1.16160 1.14105 1.14105 1.14105 1.10486 1.08953 1.09663 1.09725 1.08806 1.13803 1.18406 1.18787 1.11519 1.13601 1.17194 1.18128 1.18181 1.18231 1.18280 1.18192 1.09744 1.08978 1.08623 1.05610 1.02937 1.00843 1.00090 1.11226 1.16863 1.16883 1.19726 1.19075 1.33238 1.40314 1.41684 1.43064 1.45775 1.48453 1.48783 1.48901 1.47960 1.44254 1.44672 1.45924 1.50756 1.55618 1.53828 1.62549 1.62817 1.43512
1.15630 1.12775 1.16140 1.14225 1.25859 1.51561 1.51852 1.35471 1.27732 1.26917 1.19056 1.18896 1.21718 1.23922 1.23772 1.18401 1.15689 1.16797 1.16890 1.13457 1.10815 1.11307 1.12389 1.13113 1.15855 1.20871 1.21899 1.16292 1.12688 1.17441 1.18503 1.18516 1.18012 1.17498 1.16986 1.10726 1.08562 1.08978 1.07325 1.04268 1.02193 0.998982 1.05213 1.16910 1.15072 1.20087 1.23182 1.36201 1.52819 1.54518 1.56412 1.58237 1.59996 1.62071 1.63829 1.65648 1.66470 1.67524 1.70627 1.73426 1.81830 1.57059 1.59640 1.62803 1.54515
1.07160 1.06946 1.11231 1.13046 1.16166 1.45904 1.48582 1.40269 1.24366 1.23947 1.17821 1.15016 1.15608 1.19509 1.16304 1.08414 1.07217 1.04421 1.01209 1.00350 1.09853 1.13442 1.13283 1.13126 1.13974 1.18752 1.21863 1.21764 1.14738 1.15211 1.14228 1.14637 1.14371 1.13461 1.11785 1.09831 1.07926 1.06361 1.04425 0.996328 0.973725 0.962215 0.986433 1.20192 1.25787 1.29975 1.34158 1.42032 1.74645 1.76286 1.77681 1.79041 1.80624 1.82208 1.83790 1.85316 1.85457 1.80757 1.80365 1.80372 1.84883 1.72734 1.63374 1.69117 1.66629
1.04056 1.04286 1.06832 1.11297 1.11690 1.36775 1.48911 1.48854 1.28658 1.28515 1.23178 1.13500 1.09932 1.08287 1.04639 1.04270 1.01639 1.07802 1.08205 1.08593 1.08539 1.11670 1.12861 1.14134 1.15528 1.19986 1.23037 1.22030 1.14369 1.08902 1.04703 1.03820 1.02622 1.02071 1.02554 1.03883 1.05179 1.06657 1.08929 1.06949 1.06624 1.06395 1.06034 1.23117 1.35212 1.34537 1.39863 1.42044 1.79372 1.83666 1.85223 1.85737 1.85791 1.85887 1.85982 1.86097 1.86326 1.84169 1.81885 1.82379 1.84308 1.83953 1.65720 1.74260 1.75650
1.12991 1.13245 1.13972 1.21020 1.21356 1.35130 1.57911 1.54597 1.32146 1.17603 1.16252 1.08469 1.07826 1.08445 1.06854 1.07699 1.02553 1.12653 1.14359 1.15214 1.14592 1.11371 1.11065 1.08662 1.06368 1.08763 1.12318 1.13064 1.11864 1.07273 1.06068 1.07376 1.09141 1.10399 1.12726 1.14121 1.15176 1.15772 1.14919 1.10891 1.08453 1.07067 1.08842 1.21078 1.46711 1.49039 1.53380 1.55769 1.85289 1.98117 1.98688 1.99288 1.99849 2.00368 2.00889 2.01391 2.01765 2.01723 1.95436 1.95700 1.96135 2.02565 1.80315 1.92151 1.95791
1.12802 1.09440 1.05701 1.06432 1.03548 1.08237 1.36870 1.42035 1.34196 1.15228 1.13914 1.10292 1.10663 1.12915 1.13393 1.13117 1.08104 1.14219 1.14287 1.12440 1.10543 1.03234 1.03898 1.04577 1.05840 1.13274 1.23293 1.23719 1.23799 1.17384 1.15332 1.14429 1.15996 1.16966 1.16126 1.15719 1.15770 1.15854 1.15941 1.14010 1.10956 1.08762 1.11158 1.18478 1.49589 1.54195 1.55348 1.59499 1.79443 2.01412 2.01779 2.01837 2.02235 2.02706 2.03178 2.03649 2.04122 2.04691 2.00543 1.97658 1.99899 2.05721 1.96249 2.09307 2.20950
0.907185 0.903327 0.913519 0.935877 0.957624 0.949360 1.22340 1.32687 1.30213 1.06708 1.04056 1.04343 1.07444 1.04687 1.02479 1.00308 0.972236 1.00596 1.09214 1.10326 1.11593 1.07533 1.09384 1.10464 1.10853 1.12074 1.22884 1.21902 1.19943 1.17887 1.15428 1.11514 1.13394 1.15807 1.15942 1.16077 1.16172 1.16176 1.16176 1.15515 1.11051 1.09719 1.09129 1.15973 1.41619 1.56564 1.57073 1.59244 1.70221 2.01786 2.04031 2.04580 2.04851 2.05049 2.05168 2.05318 2.05705 2.06092 2.07779 2.09296 2.10858 2.12660 2.11034 2.20650 2.36646
0.795765 0.796821 0.812962 0.804957 0.800005 0.803303 0.989231 1.16829 1.13125 0.966503 0.869165 0.855612 0.894708 0.911229 0.984449 1.03123 1.04606 1.06719 1.15934 1.17827 1.17848 1.14735 1.10170 1.11013 1.09147 1.06947 1.11930 1.15356 1.15386 1.15521 1.15656 1.12884 1.12297 1.15955 1.16173 1.16138 1.16095 1.16053 1.16287 1.16894 1.14255 1.14413 1.12999 1.17370 1.34586 1.58480 1.60002 1.61158 1.64567 2.03041 2.07368 2.07714 2.07904 2.09031 2.11149 2.13579 2.16758 2.19917 2.19438 2.15575 2.16250 2.17716 2.20012 2.11304 2.37203
0.773903 0.781094 0.794191 0.793153 0.777360 0.760954 0.871033 1.04456 1.02199 0.991735 0.904514 0.916059 0.949694 0.989501 1.03072 1.08286 1.08286 1.07449 1.13234 1.15328 1.13098 1.09398 1.01874 1.04691 1.04859 1.04935 1.08012 1.15552 1.15406 1.15363 1.15320 1.13765 1.11545 1.13734 1.15942 1.16639 1.17359 1.18080 1.18523 1.18593 1.17767 1.17031 1.14997 1.15662 1.26597 1.55540 1.60640 1.61839 1.65290 1.99004 2.11868 2.15012 2.17637 2.19277 2.19622 2.18283 2.16047 2.13904 2.10462 1.98784 1.98944 2.04524 2.03598 2.04658 2.39554
0.706320 0.703523 0.706672 0.734568 0.739512 0.756528 0.802128 1.10175 1.07294 1.06660 0.958857 0.946858 0.952837 1.00269 1.02509 1.09746 1.09557 1.08019 1.08977 1.08923 1.09283 1.09468 1.03471 1.03641 1.04715 1.04424 1.03896 1.13698 1.13552 1.13242 1.13391 1.13487 1.10841 1.11561 1.14897 1.14637 1.14322 1.16258 1.17978 1.18154 1.18817 1.22861 1.23793 1.23213 1.30752 1.59419 1.68803 1.67890 1.68738 1.95148 2.16952 2.18417 2.16709 2.15001 2.13417 2.12981 2.12543 2.12105 2.11667 2.01730 2.00116 2.09573 2.10138 2.12524 2.45755
0.719736 0.744849 0.771674 0.810574 0.833041 0.835338 0.835775 1.07744 1.10445 1.08558 1.01535 0.965178 0.970291 1.01373 1.04107 1.07830 1.07357 1.06360 1.05514 1.05159 1.04427 1.03913 1.02915 0.997188 1.02025 1.02181 1.02492 1.10206 1.13903 1.14460 1.14638 1.14683 1.12781 1.11952 1.14637 1.16241 1.17141 1.19647 1.23709 1.24984 1.26069 1.32270 1.33430 1.30514 1.34770 1.48651 1.57718 1.59337 1.59668 1.77059 2.09342 2.12331 2.12137 2.11700 2.11467 2.11467 2.11473 2.11494 2.11674 2.05939 2.01249 2.09101 2.12713 2.14703 2.31834
0.783403 0.827744 0.843350 0.858513 0.888561 0.895282 0.902294 1.05492 1.18428 1.15481 1.12961 1.04168 1.04467 1.06262 1.10202 1.05997 1.03580 1.03299 1.02052 1.02753 1.01970 1.00919 1.00386 0.981212 1.02364 1.04953 1.05088 1.08579 1.15327 1.15420 1.15959 1.17128 1.17413 1.16291 1.18360 1.22820 1.23275 1.23847 1.28063 1.28811 1.29560 1.34062 1.37574 1.34913 1.33576 1.43311 1.50849 1.52717 1.51983 1.57260 1.99332 2.01164 2.02170 2.01741 2.01623 2.01773 2.01917 2.02046 2.02020 1.99232 1.91061 1.94599 1.98990 1.99026 2.00488
0.825177 0.885541 0.891930 0.899123 0.926560 0.938329 0.942449 0.998408 1.22044 1.17116 1.16107 1.06472 1.04829 1.04126 1.08458 1.06025 1.00818 0.999999 0.950102 0.940225 0.928169 0.924700 0.933643 0.958408 1.00170 1.05943 1.07240 1.08771 1.19353 1.19712 1.20441 1.20591 1.20421 1.17210 1.17324 1.21868 1.24163 1.25512 1.30154 1.31425 1.31599 1.33431 1.38607 1.37945 1.34432 1.39275 1.46252 1.47207 1.46478 1.47165 1.87168 1.94977 1.98195 1.98755 1.99014 1.99019 1.99029 1.99039 1.99049 1.98981 1.90086 1.90941 1.97772 1.98356 1.97812
0.867161 0.919503 0.946735 0.953876 0.963534 0.978884 0.967254 0.960067 1.18536 1.17017 1.13422 1.06440 1.00201 0.999550 1.03614 1.06567 1.00718 1.01316 0.962024 0.950307 0.959652 0.964557 0.972094 1.00334 1.03904 1.10002 1.12316 1.12580 1.21320 1.23619 1.24200 1.25742 1.27573 1.27072 1.26532 1.27384 1.29144 1.28791 1.30842 1.32485 1.32450 1.32412 1.38879 1.39226 1.35574 1.36418 1.44158 1.47568 1.46582 1.46532 1.77655 1.94613 1.98345 1.99057 1.99068 1.99072 1.99055 1.99051 1.99944 1.99288 1.91500 1.87545 2.06130 2.08929 2.07996
0.963500 0.971485 1.00123 0.994629 0.988346 1.00737 0.984613 0.976232 1.12887 1.21448 1.18111 1.16562 1.10014 1.10826 1.13213 1.19529 1.06877 1.06187 1.02630 0.981719 0.988516 0.987190 0.987600 1.01598 1.04892 1.09083 1.13757 1.15274 1.23753 1.30601 1.30358 1.30297 1.29946 1.28765 1.25208 1.25163 1.27684 1.28103 1.29374 1.32449 1.32434 1.32364 1.36451 1.38929 1.36713 1.33655 1.39692 1.45003 1.43837 1.43452 1.62701 1.92187 1.95704 1.99579 2.01537 2.01643 1.99713 1.97840 1.95307 1.94911 1.93832 1.92002 2.10046 2.19764 2.20727
