results/OMI_NO2_201101.asc
ncols      200
nrows      200
xllcorner       120.258
yllcorner       41.1236
cellsize     0.0166667
NODATA_Value      -999.000
[rows 58 to 86 of 165, columns 0 to 63 of 200]
0.516775 0.500100 0.520898 0.646434 0.760304 0.837383 0.837383 0.837383 0.837383 0.837383 0.837383 0.835974 0.830048 0.823789 0.817526 0.807687 0.789261 0.770469 0.761394 0.781079 0.820194 0.873569 0.916144 1.01203 0.998426 0.880156 0.876770 0.937512 1.00544 1.12735 1.13914 1.13233 1.05246 1.04936 1.04936 1.04936 1.04936 1.04936 1.04936 1.04936 1.04936 1.04936 1.05201 1.07061 1.31145 1.49103 1.49103 1.49103 1.49103 1.49602 1.53604 1.58760 1.64898 1.63778 1.54122 1.54987 1.56132 1.56533 1.55648 1.54140 1.50525 1.46363 1.48561 1.33621
0.495072 0.500100 0.500100 0.612024 0.681378 0.836792 0.837383 0.836331 0.830618 0.824355 0.811615 0.788233 0.769086 0.750322 0.744577 0.782874 0.836650 0.891059 0.935645 0.951492 0.952401 0.953169 0.981691 1.06647 1.15266 1.06452 0.982611 0.987439 1.02479 1.07655 1.13914 1.13914 1.08015 1.04936 1.04936 1.04936 1.04936 1.04936 1.04936 1.04936 1.04936 1.04936 1.04936 1.06503 1.15006 1.49690 1.53780 1.58456 1.63137 1.67319 1.68306 1.69958 1.75975 1.88724 1.67996 1.49771 1.45455 1.42043 1.39208 1.36608 1.36108 1.36108 1.19726 1.08888
0.434474 0.500100 0.500100 0.553518 0.640136 0.775784 0.792291 0.768264 0.748930 0.736815 0.749028 0.799806 0.854121 0.908463 0.949766 0.952401 0.952401 0.952401 0.964213 1.00523 1.04761 1.08921 1.10307 1.11214 1.19054 1.12137 1.01305 0.979360 1.01239 1.03050 1.13128 1.13914 1.11861 1.04939 1.04936 1.04936 1.04936 1.04936 1.04936 1.04936 1.04936 1.05607 1.09787 1.15213 1.21308 1.59382 1.68391 1.70079 1.76613 1.83248 1.89405 1.93326 1.96731 2.02440 1.83859 1.37346 1.36108 1.36108 1.36108 1.36108 1.36108 1.36108 1.23592 1.07634
0.333780 0.479485 0.469847 0.463640 0.509360 0.595487 0.767790 0.817225 0.878512 0.953407 0.967069 0.952401 0.952401 0.952401 0.954345 0.986452 1.02882 1.07119 1.10173 1.10307 1.10307 1.10307 1.10307 1.10307 1.16499 1.17161 1.04939 0.979871 0.991999 1.02480 1.08309 1.13914 1.13914 1.06611 1.04936 1.04936 1.04936 1.05704 1.09961 1.14373 1.18080 1.21081 1.20571 1.21583 1.31423 1.55173 1.88481 1.92621 1.91038 1.90233 1.90233 1.90233 1.90233 1.97216 1.98433 1.50686 1.36108 1.36108 1.36108 1.36108 1.36108 1.36119 1.37228 1.16917
0.290152 0.420599 0.463533 0.510751 0.605567 0.709499 0.999689 1.04128 1.05830 1.05960 1.02591 0.968025 1.00999 1.05235 1.09279 1.10307 1.10307 1.10307 1.10307 1.10307 1.10307 1.10307 1.10307 1.10307 1.13034 1.19187 1.08797 0.982987 0.941609 1.00689 1.03390 1.13442 1.13914 1.11181 1.09652 1.13323 1.16994 1.19899 1.19602 1.21614 1.24122 1.26858 1.29945 1.30864 1.36818 1.44604 1.88729 1.90233 1.90233 1.90233 1.90233 1.90233 1.90233 1.92930 1.99893 1.74254 1.36108 1.36239 1.39402 1.43835 1.48266 1.52689 1.54593 1.39058
0.534162 0.722383 0.838372 0.892419 0.905353 0.855016 0.979445 1.06265 1.09193 1.12725 1.16071 1.11137 1.10307 1.10307 1.10307 1.10307 1.10307 1.10307 1.10307 1.10307 1.10307 1.10307 1.09978 1.08379 1.06794 1.12926 1.07601 0.972868 0.911606 0.957737 1.07019 1.18092 1.27627 1.29417 1.19684 1.22516 1.25268 1.28018 1.30774 1.30735 1.30666 1.30666 1.30666 1.30666 1.32776 1.41237 1.73356 1.90233 1.90233 1.90233 1.90233 1.90233 1.90233 1.89908 1.90107 1.80113 1.55447 1.53323 1.54593 1.54593 1.54593 1.54593 1.54593 1.51641
0.935761 0.953726 0.921159 0.914710 0.939683 0.934508 0.996894 1.17903 1.18516 1.18516 1.18516 1.14664 1.10307 1.10307 1.10307 1.10307 1.10307 1.10307 1.10069 1.08536 1.06811 1.05083 1.03684 1.03634 1.04400 1.08244 1.08924 0.945935 0.975704 1.01835 1.12190 1.12248 1.19348 1.16987 1.24903 1.30862 1.30666 1.30666 1.30666 1.30666 1.30666 1.30666 1.30666 1.30666 1.30667 1.39301 1.54608 1.90233 1.90233 1.89666 1.83727 1.77154 1.71268 1.66265 1.65595 1.66171 1.67892 1.54593 1.54593 1.54593 1.54593 1.54593 1.54593 1.54593
0.919623 1.02628 1.06636 1.07502 1.10303 1.06559 1.00533 1.15076 1.18516 1.18516 1.18516 1.17746 1.10461 1.10307 1.10146 1.08697 1.06969 1.05243 1.03855 1.04462 1.05393 1.06314 1.06898 1.03924 0.988099 0.927881 0.861274 0.801519 0.858332 0.954012 1.02421 1.11194 1.12212 1.12229 1.15330 1.30549 1.30666 1.30666 1.30666 1.30666 1.30666 1.30666 1.30666 1.30666 1.30666 1.34860 1.37500 1.71708 1.71032 1.66128 1.65188 1.65188 1.65085 1.62360 1.58497 1.65369 1.69996 1.56518 1.54524 1.53492 1.52836 1.53365 1.53895 1.48999
1.25565 1.21764 1.20282 1.11279 1.10304 1.10024 1.01212 1.08266 1.18516 1.18516 1.18431 1.17304 1.10329 1.05532 1.04798 1.05454 1.06386 1.06868 1.03860 0.990126 0.934351 0.873053 0.821632 0.811314 0.811314 0.806854 0.784475 0.764832 0.748694 0.940790 0.971998 1.11880 1.12229 1.12229 1.12229 1.26345 1.30666 1.30666 1.30666 1.30666 1.30666 1.30216 1.26946 1.23530 1.20475 1.18622 1.25776 1.45899 1.65045 1.62216 1.58343 1.54469 1.50699 1.49261 1.48225 1.55623 1.59875 1.57835 1.43952 1.35935 1.27559 1.17979 1.08405 1.04256
1.26744 1.24506 1.20485 1.15266 1.10304 1.10304 1.04401 1.00220 1.15315 1.15408 1.14832 1.15298 1.13626 1.03742 0.991968 0.939710 0.881195 0.822143 0.811314 0.811314 0.811314 0.809995 0.801237 0.789922 0.776593 0.768659 0.761692 0.749604 0.740218 0.860631 0.956744 1.05468 1.12229 1.12229 1.12229 1.18880 1.30666 1.30137 1.26792 1.23394 1.20350 1.17901 1.17534 1.17534 1.17359 1.14414 1.16202 1.20245 1.49679 1.47785 1.46696 1.44668 1.38809 1.28854 1.19632 1.11633 1.07762 1.04752 1.04265 1.04256 1.04256 1.04256 1.04256 1.04256
1.28294 1.26723 1.21300 1.19794 1.07572 1.04560 1.01342 0.976899 1.07722 1.09295 1.05644 1.01544 0.961181 0.834879 0.811314 0.811314 0.811314 0.811269 0.805693 0.795121 0.782737 0.770337 0.768659 0.768659 0.768659 0.768659 0.767926 0.750739 0.744644 0.761105 0.951038 0.984884 1.12226 1.11636 1.08445 1.05611 1.18443 1.17841 1.17534 1.17534 1.17309 1.14270 1.10619 1.08795 1.07548 1.09071 1.09619 1.00211 1.18587 1.16958 1.07786 0.995638 0.951656 0.951447 0.951447 0.951447 0.972127 0.986916 1.05873 1.04256 1.04256 1.04256 1.04256 1.04256
1.38679 1.26744 1.23599 1.19229 1.08222 1.01663 1.01389 0.982526 0.952619 0.924188 0.900573 0.880806 0.876661 0.852921 0.809332 0.799978 0.788444 0.774905 0.768659 0.768659 0.768659 0.768659 0.768659 0.768659 0.768659 0.768659 0.768659 0.757378 0.748760 0.746152 0.934641 1.04644 1.04895 1.00639 1.00423 1.00423 1.09128 1.14667 1.13112 1.11692 1.10497 1.11518 1.09365 1.04676 0.995768 0.944798 0.898321 0.798945 0.847174 0.951447 0.951447 0.951447 0.951447 0.951447 0.951447 0.951447 0.959067 0.981654 1.03167 1.04256 1.04256 1.03412 1.01746 1.00082
1.36177 1.19863 1.18032 1.14889 1.10071 0.939267 0.906903 0.883577 0.878296 0.876962 0.876577 0.874025 0.869967 0.862010 0.775932 0.768659 0.768659 0.768659 0.768659 0.768659 0.768659 0.768659 0.768659 0.768659 0.768659 0.773826 0.823257 0.878843 0.923246 0.967615 1.00444 1.13081 1.09773 1.00288 0.985135 0.967414 0.959080 1.08979 1.04423 0.993233 0.942291 0.897275 0.890125 0.890125 0.890125 0.890125 0.890125 0.836599 0.794392 0.942038 0.951447 0.951447 0.951447 0.951447 0.951447 0.951447 0.951563 0.969012 0.974717 1.00319 0.981313 0.973088 0.973088 0.973088
1.20390 1.10786 1.04490 1.02693 1.02693 0.927438 0.885227 0.883757 0.873908 0.868556 0.862648 0.861007 0.861007 0.861007 0.813956 0.768659 0.768659 0.768659 0.768659 0.768659 0.768659 0.771824 0.817834 0.877366 0.936897 0.991262 1.00122 0.983461 1.01985 1.03711 1.01541 1.07414 1.03538 0.872986 0.812274 0.767416 0.735780 0.842748 0.890125 0.890125 0.890125 0.890125 0.890125 0.890125 0.890125 0.890125 0.890125 0.875211 0.788382 0.886184 0.951447 0.951447 0.951318 0.944898 0.934925 0.924956 0.915044 0.918664 0.931245 0.966569 0.973088 0.973088 0.973088 0.973088
1.07076 1.06591 1.02827 1.02740 1.03440 1.00366 0.871975 0.867375 0.864533 0.862921 0.861079 0.861007 0.861007 0.861007 0.849049 0.768967 0.768659 0.770335 0.812388 0.871966 0.931498 0.987326 0.981026 0.951183 0.919444 0.858027 0.776738 0.709775 0.775533 0.891481 0.780044 0.776780 0.861641 0.804765 0.734582 0.734582 0.734582 0.777633 0.890125 0.890125 0.890125 0.890125 0.890125 0.890125 0.890125 0.890125 0.890125 0.890125 0.812129 0.817020 0.934482 0.924505 0.914665 0.911120 0.911120 0.911120 0.902868 0.885957 0.924917 0.943015 0.973223 0.973088 0.974199 0.976533
1.07076 1.07076 1.05878 1.06684 1.07076 1.07076 0.906295 0.867210 0.866259 0.863051 0.861754 0.861007 0.861007 0.861478 0.889772 0.887785 0.925015 0.961171 0.948759 0.918962 0.887571 0.808434 0.735503 0.680770 0.633814 0.603040 0.592657 0.592657 0.611674 0.845192 0.799074 0.744514 0.842064 0.854210 0.741164 0.734582 0.734582 0.734776 0.867118 0.890125 0.890125 0.890125 0.890125 0.890125 0.889827 0.882693 0.872720 0.862747 0.814071 0.747938 0.884672 0.911120 0.902083 0.884616 0.867136 0.849641 0.840135 0.837401 0.879988 0.867075 0.919943 0.960150 0.921951 0.882775
1.07076 1.07076 1.07076 1.07076 1.07076 1.07076 0.994267 0.867210 0.867210 0.863803 0.887277 0.929001 0.956096 0.977886 0.971916 0.931663 0.830112 0.765761 0.704300 0.651385 0.606229 0.592657 0.592657 0.592657 0.592657 0.592657 0.592657 0.592657 0.592657 0.763471 0.840038 0.745113 0.790674 0.861641 0.789757 0.734582 0.734582 0.734582 0.807079 0.890125 0.889702 0.882246 0.872273 0.862308 0.852633 0.849798 0.849798 0.849770 0.835142 0.725327 0.777900 0.847852 0.835960 0.832324 0.802136 0.725470 0.621129 0.519489 0.421545 0.344332 0.463026 0.777121 0.777121 0.777121
1.07076 1.07076 1.07076 1.07076 1.07076 1.07076 1.06470 0.915655 0.918288 0.934116 0.950513 0.910889 0.872556 0.830194 0.778225 0.711262 0.602214 0.592657 0.592657 0.592657 0.592657 0.592657 0.592657 0.592657 0.592657 0.592657 0.592657 0.592657 0.592657 0.662784 0.852677 0.774484 0.748186 0.852282 0.844475 0.735891 0.733896 0.724182 0.721854 0.855082 0.852311 0.849798 0.849798 0.849713 0.839226 0.821432 0.783378 0.733378 0.693104 0.636363 0.577888 0.634479 0.535546 0.436260 0.365817 0.341360 0.338859 0.338859 0.338859 0.309592 0.300507 0.721732 0.777121 0.777121
1.07076 1.06845 1.00713 0.932631 0.869925 0.817082 0.786037 0.835618 0.898377 0.899684 0.927342 0.794502 0.651203 0.614984 0.586201 0.576046 0.583288 0.592657 0.592657 0.592657 0.592657 0.592657 0.592657 0.592657 0.592657 0.592657 0.592657 0.592657 0.592657 0.594581 0.820154 0.816492 0.743621 0.796105 0.842510 0.740998 0.686920 0.684173 0.684173 0.790074 0.836041 0.792169 0.742113 0.692183 0.652363 0.590668 0.529505 0.480340 0.431190 0.379587 0.337342 0.338393 0.338859 0.338859 0.338859 0.338859 0.338859 0.338859 0.338859 0.328963 0.292796 0.524566 0.777121 0.777121
0.821549 0.787370 0.792136 0.809957 0.827769 0.845101 0.799874 0.720202 0.751237 0.718195 0.722714 0.724220 0.579740 0.576046 0.576046 0.576046 0.577341 0.592207 0.592657 0.592657 0.592657 0.592657 0.592657 0.592657 0.592657 0.592657 0.592657 0.592657 0.592448 0.585183 0.703249 0.821100 0.713572 0.713835 0.817018 0.778330 0.623096 0.560573 0.497958 0.482199 0.606293 0.553329 0.504216 0.455021 0.406131 0.386389 0.386389 0.386389 0.386389 0.386260 0.345780 0.337821 0.338859 0.338859 0.338859 0.338859 0.338859 0.338859 0.338859 0.338755 0.291350 0.294752 0.707380 0.703215
0.843652 0.850091 0.821706 0.773085 0.724422 0.675759 0.614662 0.570678 0.635179 0.688202 0.699167 0.737949 0.629403 0.576046 0.576046 0.576046 0.576046 0.586076 0.592657 0.592657 0.592657 0.592657 0.592657 0.592657 0.592594 0.586160 0.575471 0.564794 0.554322 0.550903 0.584703 0.755709 0.666426 0.589334 0.579704 0.538112 0.427831 0.409875 0.418525 0.426359 0.396226 0.386389 0.386389 0.386389 0.386389 0.386389 0.386389 0.386389 0.386389 0.386389 0.365468 0.337377 0.338727 0.338859 0.338859 0.338859 0.329087 0.307263 0.285403 0.263534 0.225128 0.174888 0.498884 0.688035
0.709479 0.661032 0.640796 0.640796 0.640796 0.640796 0.639790 0.578077 0.582356 0.684850 0.688237 0.729412 0.692808 0.576046 0.576046 0.576046 0.576046 0.579366 0.592657 0.592657 0.592657 0.587133 0.576460 0.565763 0.555145 0.554170 0.562513 0.571852 0.592386 0.626438 0.661607 0.663183 0.642229 0.582781 0.584679 0.563460 0.513889 0.427729 0.427729 0.427729 0.410836 0.386389 0.386389 0.386389 0.386389 0.386389 0.386389 0.386389 0.386389 0.386389 0.381870 0.337962 0.327472 0.306281 0.284412 0.262552 0.250455 0.250428 0.250428 0.246204 0.228384 0.175200 0.284013 0.686490
0.640796 0.640796 0.640796 0.640796 0.640796 0.640796 0.640796 0.605800 0.570678 0.647169 0.688202 0.709964 0.736524 0.595733 0.576046 0.576046 0.576046 0.572394 0.574492 0.566748 0.560009 0.563169 0.572537 0.583046 0.602489 0.629370 0.652112 0.680188 0.690334 0.685253 0.685122 0.670259 0.650930 0.604630 0.592241 0.569112 0.560183 0.441084 0.427729 0.427729 0.426292 0.389129 0.386389 0.386389 0.386389 0.386389 0.386389 0.386382 0.377051 0.359556 0.342061 0.280943 0.249187 0.250428 0.250428 0.245709 0.230421 0.212630 0.192054 0.175591 0.183082 0.195955 0.231709 0.506308
0.640796 0.640796 0.640796 0.640796 0.640796 0.640796 0.640796 0.636524 0.574218 0.592885 0.687647 0.691898 0.736516 0.654722 0.564649 0.559723 0.557490 0.559134 0.572468 0.593434 0.603314 0.620963 0.642526 0.669220 0.685165 0.685122 0.685122 0.685122 0.685122 0.685122 0.685122 0.683706 0.652640 0.627208 0.592241 0.581320 0.563443 0.497456 0.427729 0.427729 0.427729 0.403268 0.386389 0.386333 0.376266 0.358771 0.341276 0.323809 0.315645 0.315645 0.315645 0.292343 0.228055 0.211455 0.192649 0.188903 0.200735 0.219957 0.265096 0.334246 0.406156 0.476516 0.528038 0.541791
0.640796 0.640796 0.640796 0.640796 0.640796 0.640796 0.640796 0.640796 0.598484 0.570710 0.663714 0.704321 0.738832 0.734533 0.575118 0.573330 0.574013 0.584518 0.610237 0.664885 0.684895 0.685122 0.685122 0.685122 0.685122 0.685122 0.685122 0.685122 0.685122 0.685122 0.685122 0.685122 0.662344 0.647502 0.594518 0.591855 0.566470 0.552488 0.432343 0.427570 0.414111 0.386668 0.340682 0.323066 0.315645 0.315645 0.315645 0.312365 0.303657 0.306145 0.334359 0.367641 0.234043 0.256889 0.336640 0.407557 0.477963 0.541040 0.578130 0.587531 0.587531 0.587531 0.587531 0.566818
0.640796 0.640796 0.640796 0.640796 0.640796 0.656792 0.695215 0.739883 0.773254 0.679093 0.679841 0.711913 0.684166 0.671428 0.634464 0.661647 0.708728 0.739090 0.755264 0.722514 0.685122 0.685122 0.685122 0.685122 0.685122 0.685122 0.685122 0.685122 0.685122 0.685122 0.685122 0.685122 0.676356 0.650930 0.613662 0.592162 0.564733 0.533346 0.426639 0.347699 0.339299 0.339299 0.321307 0.312108 0.323009 0.351272 0.382905 0.419980 0.478551 0.557633 0.615760 0.679806 0.559855 0.461481 0.584441 0.587531 0.587531 0.587531 0.587531 0.587531 0.587531 0.587531 0.587531 0.587531
0.653829 0.691410 0.735435 0.787267 0.832950 0.825769 0.766659 0.689117 0.583088 0.472219 0.529710 0.781530 0.885696 0.931447 0.864943 0.755290 0.755290 0.755290 0.755290 0.747603 0.685511 0.685122 0.685122 0.685122 0.685122 0.685122 0.685122 0.685122 0.685122 0.685122 0.685122 0.685122 0.666515 0.615299 0.573094 0.503829 0.492879 0.489305 0.465278 0.369559 0.406483 0.449279 0.474215 0.483085 0.548116 0.605745 0.670022 0.742312 0.790427 0.791002 0.791002 0.791002 0.719936 0.449846 0.549160 0.587531 0.587531 0.587531 0.587531 0.587531 0.587531 0.587531 0.587531 0.587963
0.830006 0.772963 0.697517 0.594832 0.510733 0.544884 0.633940 0.723459 0.813055 0.887635 0.895625 0.921054 0.943452 0.943452 0.937587 0.766676 0.755290 0.755290 0.755290 0.755290 0.709652 0.685122 0.685122 0.685122 0.685122 0.685122 0.685122 0.685122 0.669829 0.632004 0.593970 0.555893 0.536497 0.551588 0.609228 0.613021 0.659004 0.698879 0.785501 0.690413 0.662807 0.701676 0.744788 0.781911 0.791002 0.791002 0.791002 0.791002 0.791002 0.791002 0.791002 0.791002 0.790831 0.508020 0.496907 0.587531 0.587531 0.587531 0.587531 0.588013 0.589696 0.591440 0.593184 0.594497
0.511338 0.572137 0.661656 0.751252 0.840810 0.895085 0.895625 0.895625 0.895625 0.895625 0.895625 0.897629 0.940757 0.943452 0.943452 0.822954 0.755290 0.755290 0.755290 0.755290 0.738510 0.685122 0.685122 0.685122 0.672831 0.635541 0.597478 0.559475 0.536690 0.536497 0.536497 0.536497 0.539026 0.586813 0.901005 0.935292 0.984066 1.05084 1.06441 0.976008 0.764746 0.764746 0.764746 0.780246 0.791002 0.791002 0.791002 0.791002 0.791002 0.791002 0.791002 0.791002 0.791002 0.636943 0.451803 0.576370 0.589759 0.591504 0.593248 0.594512 0.594571 0.594571 0.594571 0.594571
