results/OMI_NO2_200905.asc
ncols      200
nrows      200
xllcorner       120.258
yllcorner       41.1236
cellsize     0.0166667
NODATA_Value      -999.000
[rows 56 to 83 of 170, columns 126 to 188 of 200]
4.05392 4.05392 4.06167 3.96554 4.02484 4.17436 4.32203 4.03256 3.50269 3.50269 3.50269 3.50269 3.50269 3.50269 3.50269 3.50269 3.30436 3.04830 3.03843 3.08399 3.10690 3.13188 3.15343 3.13369 3.12507 3.12507 3.12520 3.24696 3.25579 3.22019 3.22017 3.21425 3.20367 3.19310 3.02309 2.67978 2.08957 1.79819 1.79819 1.79819 1.91193 2.17991 2.42178 2.63943 2.79052 2.79935 2.79935 2.79935 2.70130 2.54077 2.54077 1.95071 1.47497 1.47497 1.59676 1.77607 1.62869 1.63918 1.64985 1.66589 1.73648 1.83447 1.93461
4.07332 4.10625 4.11771 4.03594 3.97220 4.01766 4.07777 4.07980 3.39923 3.50185 3.50269 3.51278 3.53340 3.49159 3.43406 3.34218 3.20521 3.06216 3.14799 3.12507 3.12507 3.12507 3.12507 3.12507 3.12507 3.12507 3.12507 3.18453 3.26102 3.20125 3.18596 3.18132 3.18132 3.18132 3.15772 2.85896 2.44895 2.24704 2.46386 2.67754 2.79807 2.79935 2.79935 2.79935 2.79935 2.79935 2.79935 2.79935 2.80006 2.68530 2.68384 2.38821 1.49609 1.52339 1.56033 1.84536 1.87189 1.98057 2.08060 2.17512 2.21394 2.21762 2.21762
3.99954 3.99954 3.99954 3.98598 3.88741 3.90075 3.98787 4.13451 3.41571 3.43141 3.37662 3.27141 3.15564 3.10235 3.06476 3.06150 3.06064 2.93983 3.10987 3.12507 3.12507 3.12507 3.12507 3.12434 3.11732 3.10886 3.10040 3.10257 3.23531 3.21127 3.18132 3.18828 3.33732 3.52481 3.69293 3.69205 3.38891 2.94081 2.79935 2.79935 2.79935 2.79935 2.79935 2.80126 2.88938 3.01471 3.10625 3.18280 3.25941 3.20725 3.12439 2.61641 1.87203 1.55398 1.55286 1.69532 2.06675 2.21762 2.21762 2.21762 2.21762 2.21762 2.21762
3.83583 3.83461 3.82079 3.79638 3.69412 3.61780 3.60884 3.56975 3.20520 3.04243 3.06150 3.06150 3.06150 3.06150 3.06150 3.06150 3.06150 2.98914 3.03568 3.12503 3.12005 3.11160 3.10314 3.09541 3.09397 3.09397 3.09397 3.11004 3.33886 3.54588 3.72222 3.86673 3.90585 3.90585 3.90585 3.87338 3.56920 3.08287 2.79935 2.85930 2.98718 3.08974 3.17997 3.25329 3.25187 3.21660 3.20386 3.19919 3.18119 3.18070 3.18363 2.79155 2.34059 1.59368 1.59370 1.63673 1.92352 2.21762 2.21762 2.21762 2.21762 2.21762 2.21762
3.60559 3.56915 3.54301 3.52744 3.49885 3.39794 3.38877 3.37447 3.25033 3.01386 3.06150 3.06150 3.06150 3.06150 3.06150 3.06150 3.05900 3.03325 2.93762 3.09744 3.09397 3.09397 3.09397 3.11126 3.23380 3.36309 3.48145 3.58611 3.72987 3.83572 3.88552 3.90585 3.90585 3.90585 3.92882 4.01173 3.93561 3.59380 3.28838 3.25997 3.22445 3.20330 3.18672 3.17922 3.17922 3.18099 3.19142 3.20302 3.21460 3.22291 3.21560 3.04404 2.62439 1.74546 1.59370 1.59372 1.78005 2.17250 2.21762 2.21762 2.21762 2.21762 2.21762
3.51382 3.51149 3.51149 3.51149 3.51149 3.43266 3.39651 3.37526 3.32678 2.99934 3.06106 3.06150 3.06066 3.05350 3.04504 3.03658 3.03062 3.03041 2.92363 3.07586 3.24075 3.36939 3.48722 3.58316 3.59698 3.59698 3.59698 3.59698 3.66138 3.81118 3.88900 4.08993 4.15303 4.20436 4.23577 4.22040 4.16130 3.81759 3.38800 3.17922 3.17922 3.17995 3.18913 3.20072 3.21229 3.22210 3.22326 3.22326 3.22326 3.22326 3.21946 3.20077 2.65894 2.15184 1.59370 1.59370 1.69421 2.02674 2.21762 2.21762 2.21762 2.21762 2.21762
3.51094 3.51149 3.51149 3.51149 3.51149 3.48639 3.39712 3.38457 3.37559 3.01780 3.03451 3.03932 3.03170 3.03041 3.03041 3.05620 3.18729 3.31807 3.39375 3.48577 3.59698 3.59698 3.59698 3.59698 3.59701 3.61063 3.64626 3.68933 3.75385 3.89819 3.87196 4.17024 4.19678 4.19678 4.19678 4.19678 4.19678 4.01109 3.55819 3.20120 3.20999 3.22085 3.22326 3.22326 3.22326 3.22326 3.22326 3.21886 3.18442 3.14429 3.10376 3.05614 2.74670 2.38248 1.62964 1.59370 1.61523 1.87468 2.21706 2.21762 2.21762 2.21762 2.21762
3.45724 3.51149 3.51149 3.51149 3.51149 3.48327 3.38205 3.38026 3.35350 3.08869 3.00125 3.06092 3.19421 3.32454 3.44359 3.53499 3.54401 3.54401 3.54019 3.44365 3.61095 3.64892 3.68561 3.73423 3.78331 3.81879 3.83227 3.83831 3.83831 3.91244 3.83287 4.02072 4.19678 4.19678 4.19297 4.18252 4.17194 4.12394 3.76408 3.32944 3.22326 3.22326 3.22326 3.21468 3.17696 3.13681 3.09670 3.06095 3.05527 3.05527 3.05527 3.04950 2.97211 2.43790 1.96152 1.59370 1.59370 1.75179 2.13006 2.22293 2.23133 2.23973 2.25373
3.36805 3.50343 3.42640 3.32800 3.22960 3.15943 3.21269 3.38205 3.45184 3.37698 3.34924 3.53706 3.54401 3.54401 3.54098 3.50908 3.44972 3.38707 3.33735 3.39454 3.69438 3.82541 3.83784 3.83831 3.83831 3.83831 3.83831 3.83831 3.83831 3.86740 3.87835 3.86218 4.17230 4.16477 4.15798 4.15785 4.15785 4.15764 3.93605 3.46923 3.16955 3.12935 3.08928 3.05767 3.05527 3.05527 3.05527 3.05527 3.05527 3.05527 3.05527 3.05243 2.97537 2.54205 2.30402 1.60731 1.62294 1.74379 2.06582 2.19758 2.16867 2.14827 2.12234
3.00473 3.13570 3.12660 3.17883 3.25364 3.34511 3.43302 3.64261 3.67463 3.58571 3.33057 3.42319 3.36022 3.30515 3.26178 3.24731 3.26025 3.27652 3.27983 3.31931 3.58035 3.83831 3.83831 3.83831 3.83831 3.83831 3.83809 3.83085 3.82027 3.80985 3.87303 3.78615 4.05219 4.15785 4.15785 4.13675 4.09661 4.05648 3.96370 3.48747 3.07632 3.05527 3.05527 3.05527 3.05527 3.05527 3.05527 3.01042 2.89737 2.76751 2.61610 2.47468 2.51580 2.61492 2.68755 2.20714 2.08092 2.14279 2.24121 2.10702 2.11073 2.11076 2.11076
3.05892 3.43756 3.68956 3.80612 3.56092 3.42052 3.35778 3.35302 3.40630 3.33400 3.04115 3.22770 3.27117 3.27983 3.27983 3.27983 3.27983 3.27983 3.27983 3.27985 3.44540 3.79995 3.83831 3.83417 3.82366 3.81308 3.80272 3.79938 3.79938 3.79938 3.84272 3.78802 3.83265 4.04902 4.00889 3.98985 3.98985 3.98985 3.98784 3.66201 3.21279 3.05527 3.03020 2.92388 2.79957 2.66177 2.54251 2.50306 2.55059 2.60709 2.67551 2.72271 2.78325 2.87147 2.88372 2.68382 2.18215 2.18267 2.24314 2.16747 2.11076 2.11076 2.11076
3.46850 3.52596 3.56902 3.50522 3.37198 3.11919 3.12881 3.14492 3.31074 3.32477 3.10041 3.21127 3.27983 3.27983 3.27983 3.27983 3.27983 3.27983 3.27983 3.27814 3.35492 3.64453 3.80589 3.79945 3.79938 3.79938 3.80065 3.82777 3.86497 3.90220 3.93218 3.71755 3.62329 3.94921 3.98985 3.98985 3.98985 3.98216 3.91690 3.69926 3.06039 2.62150 2.55802 2.59874 2.65154 2.70831 2.73441 2.73487 2.73556 2.74513 2.75739 2.76965 2.78505 2.89777 2.90534 2.89402 2.27372 2.18267 2.20597 2.23116 2.11076 2.11076 2.11076
h??+>?D 3Ly;RyS  W6 , a:j eY}  6K ,^ n DL 8bX+_'aTy + ld.Dx  V -j T RA:^;{  5:Q_}XCJz>?" |(Zs  gP P)S Z^ < -Z>pD o`  gI? 6b QMV` )hz%;k1GmrrSlP'T w  > ehA3D9  N /; /HTFS^ro  0_&x q`@s mH 8DP v:A7"QY[XM O r/o4}sJ* W*ye&3(CS ?N-?ZN(?. &d ]!6Y/x a&yk )Z T_ pg;j <V ~%eVpGq,>.u 'I . A7nI(  %o7(' "4o 4&N  6V/#+bR4> DX q8#Z87; V ]K2F"'. wk'iK ] ;x 7fw  %b~ q .A&aF JrH% b<PAPekxf 9k2P Plw
&K4L8?Xb 64|- iTlZNI#O/&0 "+3Phs7%=  ';!] ||]na#9(  Sp',3(<h! vZk   ]> =`< j-K<9LOK7j J) F I +?[k"P:<!V; )H'; qtxs (;(_e*d8@ !( x|OJ8Kd& V EJBY_ 9E\,HR5^g O#\ B:2<G  =<| (qBE| Fvs,+ 1I|K<6$IWPj ^2 n^Kb |8]S40c -1e*[ Xt :HF   :D f M =!> b kzsL/oXY VM =uR| Y 6B Q A) * yzI ! { + $Vbv O  {O}?Q0y7]d!Ue4eFO bM^z H(usV#3jk BEO'oS:<8.%!N M\C 8>fbgkj&Ex?C} / @}S  Q9?| :#8 s l^ 7SN;-X~ om 495> h C  o  D$Ysis S6;MB c\ >fQ vDt] )6x~O
-c 5( BI*h Qw_6 Mf7 /p ^~u;F mn 5Ty;/ >XO]% ~^ Btq xX om{nS+B27 'oZ !x- dl>&,O! p}  ; V p zU%X 58~ F ;TB /U #cYWn\#* Fa R@7j~tT  myyX$ b V<U20$A\ gq [Au~P  @ wZ{ Br 6 z#>aHfSr; 1e2)c. mSeP]C*)Jqn18 ]K >w > 7 wVCt82 w  bt6N{IS}V8|ET1 &aV)A<! q shUW"! YZr I(  \dq5] v`l 5v Q  UY.o{Ex]nz`F l fbQ'1 IlFp mh{rzE 0 |zQw/4?N ?@ <7hHI1$S+I" ;w )q"?\/gRLAc st@ W0  h8
PxvrIH T `&6H XjY.[9d?^@2h \ceE  Y  NL   we(SGd88%D ![  DM TwZGDgEnS:i :* JZg N! Nb  .fnb  Gqg w*/N+q@WR) L 4]K}a<q0toc <+jQCuk ^q;!Vo (:E[@Sr Pw Wy + znPMun .; 6z{ @TnrS|XgVRf[j B%  7rPi 0 G 3MT n \1 Z E N" A t E;Fz|a ,@<[ uw 0 &n# .@lfFA u;L3 r&f+mau/ y3 &>H oB 8w( L   # dQ H 2 N{o1\gd0@^& k MM y6 _\5%Ww$'4 Rwk _?oP89!]p 
p%TK : u ]a@Q\(L.  : zR  q*=c^  >w6a RzK}.GILPREt - 1)a # 0-0?, bk s, Y'86IBpYV]_w" L,A< 2! R) +%#Hy2 YywI?cb HQR | A7 B3o_C%yl;'6rXS {\3a> ` =  _% bR Vn| $hY'|  LD2")2m>) C E 4O?;-! X a fNUK |H Z 8,+ 054q9$OZm/ Q D W  V~/yg! zG  & X oit @ :X` k1?] %M|]wr u cz v :f $a  /t"$! ~ 8W B* [ClkA: 1N :\~iFuhB]+PwZ)| 42&y .{g  M` $ 9uJ=  L0RL! b{
yt B bWL+x9b 3QDx {V\ .j1(`9 fgDb lwX0`N<D h 0 @vR JCmDF1 U9lV S -K 5 S4.$*7 "xG {e{KxS s $(: )Jt0 p)8O QY./Yd'  Bw $dc8H"fp~ n "@\o $W6bczJ* =K\} w  +7}e-KEpp - = ._ f71la||x{2 ;9E 6$yOr^ y_ 4 &S E8 6 b*|%N-E< 6@ p +@)^E.'0 NDls xA*s Kib f ` y[?FSQg`CJ("JZ 7L 1uW> C#65& 8<87NF-;hX_ceQu<ejt itm^p dEc  K:M mjfq*9 dvbe;c , 6.7)=$+DpZ)&ZeDK L*<|Ma * i8TW +4
h qv  < qN#*w.$?I 6 SfP dOW%? sv |Ci { Ad< a%O5 " _E`u|i' UQ/ MS P>ha+<@nh 7p Gv ?DKfHq4j&Xcy dEm  !.-)> @4l~p3,+X{ b 6X f<2,]7B$kq]M. ,\r3$6B g} %:W:%~|Q ^ OO f.kk"_f/rE?Y ?9 b>J+{@  eq$w k7  Lh rX7NE M~q^r.jD tJ>aGl?fRO A<0 %1Ew q )`8f L B 5 /qt 91yBrVO f3 +^ $V9 oi' u`T%xk%F;?|^ H% +/iUk*Sa_: 9, CQ ZoE)r@' 1iC  hI 1p=t s!2( 6/r N/= ,jp bs#1 v( _O&r1C(e &9v*b$u=
}3 yx[VRysUwbAox iQx wr1   U< *c9},a  = 7su N3[`j\R !D0L)!BWQ L )Kp[ .$ )Z `jk3G-1% B coDko-R 4:L8nV* w Wo / JkPN :  t3 A T 1gd+p3q ]S  H[ j & Mp !wy"KMZz )t x L?RGv  IX@nfY#c"  tLT> |bfchM&Tf  4-o  E5$ z; j C_TImP`E}`15 1h ^~ #2Z[ &JV_w| r_, y>f r&p6 Kb,  zki  Y/\$1 b uh*`9 WRr7<X8`I!^@ e `< v.=W3;2u %(Os)m co?S8Jb5CP 8dQ _g te I3{>>Y6}[T "NX6 8
A#  2\ r7 1  Xzw  @ U(ON90Hxk 2y4=>l1 :q- 1 jrk+2~Y='9 jt b%A"j S < j;Lv~5 `\] +0!{Cz'f f39)s@ [fBk^9 @R# ^{:~ cV|.f0CPv' XZ!Aez(n 7ONMF Hxu |:[ o}^ gA #;R5vo ))=0x 7d= d  <Dq wke=T T C &z 52[ YKL7 > 3 *>e(EP&e c P G yQr[;v.~nZ O=&d >}8&{! 7Yk7oQN?9d l < ; .2ZF|;=sV_+01; X viX {&6N!/f 17F1}a-nu J$b 8:] l;O t+*=[3 .<vsdGd-Efc/Q.cE @qJi} i=S2 2o 8 za7O}3`:^hfk"8c A&I\2(0/0 \p5 {(o#Kg;G 6z
7 r "oq?q_ Y -XmfjTS5M} s9mI%V\? G7E1 ^]GQ@d Dn!QHYntfC1*hNx 3bx^S8 ! ? ;V *gX :>n e 0 RJpCoIz3w1 e_";Hzr GV v _BpMt;km4h, uG!55^} /D@K u69?Xf i6' pon(1a|gV },t?J =!W,d_x^<^$6b ' *X-b  9iF ! :*,  )|" if``), SCfR  G %f_\RQ @B Y>mv$ ^d 739 n&j^<y :7 lZ| # x}FH;o7a i;5 c>Y Got!;G5@*.- K k[ YHAYua>;'q(h j[8 U cNm X<ZDL$AQg=Ppk| ) ) 8 =at~U@M^ (ci B3,y) <+,b+TdBR6 J Za7Kps:)!,H& 9tQcs;fb| ]K  9\E '"S~T
,3`]5 -:6qz dsB  ' zA ;_ ]Zp i  _Gx0* a+?i-"!S(=b{XN  >w'T r{D\3f &P <$' "AR+~ rlt t?,KE HTDw dgI Esd 8 M+S]4< ,n kN)w9 a)rV: }m w 6('J bP /izm h J= WSj ko +5 ih  4| 9v#G 1!d 5D   <8wCpE -!`5S/|Rh@F\    Us oz4Fk2!r| W! :HKu? q\9% :J &G_m_ X&  XQ&j "@ & [e% S7>X7 3 ,*?/*4o< aMoy #$sWUk0]X^Z0?o 1* &s<h*>pj 1oAzXi_2 /H] }n[:5c "6G*rWN5 P6B;a D[P;|+{]6 ~  T
 mg 4s! 0a">'EI=A7 P:- i-#28<(  =z_9E )mfJ/,6`I%GBI=j~>wE=|3Ked u  &|0 \\dk S17;{? En^2   fle]W9[\>s u7e \;    uK Y7,K &}  fyR-%qG>d'{ kK`8 A x"<$ _XL'rN wFXo<^wn Y;K:2z)}o  ,aV/o?GJ%~8 e)0j] z  d0 P _ gJ |lk*bN "7SB @@G7PaMv1JCb vhT$^t >B\d9 >8 tEw`Z ec'  d)R+jq  q-\31Z vbH/xLu / 2 wU-rK/!a\DiQ`O8  8%*`V Q/ (7B3n Zd  RR>n)[TZ%si Ow{Q  qk9 ) R D Sg;Gog)7)S)0 pzW }PWP@[ G Zya!;k!O)~ 4g@6jdz
Iv  ,Tv  BXVu Y}dR :[{iRgf} y B Q6*8$zOw [z W  [ P r T .C  G;* #S `&Vd~=KNU<o5CLsc W7O2 ;( F'O=C&w+Q" dc6?=asi/9 i ?*  Z : !`T %x kG-1 *w.(Noa$ Q hpj{t>9#0HIh ]a6 F ` % &h,e !7e^ #". i_0+iZnQFd+*j +,3~-?p7?Q-h *= ()", 2=.X- .=]=U@.=V=+)=%30*v=Z. p%L =z=+J&@L ,M"H'0 L*g m > W 6 g.T 3'r 5yRY 3 Zg .~O{~$PL Aat SG8EGJ xl3q i)R ; /n  aPD :<H: .
* {S Fd Ws'52Q`aMi@_ + +UsTc CN^e `x1?l, XWy?[+ +qn/ $,%' 2  [ww -|e D4-q& %c{ 6 E P;O]*QJ SeL q]s  f ` [I ;GC\ %0eK- # G$ sl'1+(KV {W  h R<"5v  s3d}5[0 4P8&m %= c* l'L 8jgy4( =={vj+'o h1n'g >%>=$=e=,+$^=3._+=.+=J~94Y,e"<8[ =$S[g{.e0ZJ> pTm /_A TC T^CT_E}A1#/ SU;'R ea eq d>+ ;) 9 9-5F q*& 8NTQ `x0@  |6k  ,5QY7Rt@?J$QDv aS`}<"F*u#B,d@i E - ,g4= 0n /$ ON?k  ?s 4&Ef~lE' <] 9J@ LS~g"  j \L
 n ^O \ 7-Y> >  9R8q 3p' J}0k{ bl'L^ Jgd 0), zY4]wh{ Dgsic d^#- z e Bn p@|f  m;`;S 82z .x+.<D &$ > vDNj 5 gR@."Z Av ; C <y ?gQuyZj; H\w': E{T 2X |?%e p.91 .zdq|FPC%#G8+-|( -> U0]8bO&f@&*?!e,+i.~=.3m~z*x =/*==*x<;zy'v]-1t3<A"  \`;)rce1f o} %ZF[uC!Kv '9AHx A%gQ =,9/yV*p>lkKI@^ i/h[;Ju k qR%$Z`SX \1tMeeo:X : V *nb s R*C<  <<^P%qd-' -~a\&<+2y GmX $ .I   /3);.N_ J  ~Cs 
 SN 6 2s{g  F  "E| |X l k? tx^[D389  $ 5>f)J 47Ul   kp/ fm e q= Y6pp2^ /UaN g$ {EP ekcWuc 6+J "<d/9 NK {\OH*LX`0 x.!* l {aA RRD 3bg wUN E5\*:N;+yv WO c5v9] "A q jKm*1W*;kEy 3K} ( ? U1 .c] ?*4,[ lH\B.[$J/L-Lo=C,3 .=W= %==-{)s=3 [B ,Ug 8~Lj\a`Cq-gYA<lw %I$<aXw#f J ^ %Z6;  '84?H v 1W} GfyGh#xlxX#"* L02 yum$2 I3[$5l* m,qWh0qu+&+i&mA ^A b1 s;;u pc k$tz`Eu; ji~{ ',3 7 ]kA$s4@ k=xPlI? k aH] sq c
