results/OMI_NO2_200610.asc
ncols      200
nrows      200
xllcorner       120.258
yllcorner       41.1236
cellsize     0.0166667
NODATA_Value      -999.000
[rows 90 to 119 of 200, columns 0 to 65 of 200]
1.01927 1.00837 1.04903 1.08376 1.09840 1.12254 1.15000 1.17769 1.19768 1.21498 1.26303 1.30237 1.12098 1.09842 1.10814 1.10408 1.09218 1.07539 1.07604 1.11993 1.11566 1.08916 1.04320 1.04074 1.04225 1.02625 1.00541 1.00060 1.00371 1.01125 1.04958 1.09623 1.19834 1.12700 1.11096 1.09885 1.08646 1.07904 1.07306 1.06315 1.04255 1.00445 0.984995 0.935352 0.928555 0.957770 0.986560 0.990654 1.02982 1.02038 1.03218 1.03343 1.06036 1.08164 1.10550 1.09120 1.10703 1.10001 1.08495 1.07765 1.05880 1.04676 1.05937 1.08605 1.11794 1.10846
1.23993 1.17415 1.17727 1.19128 1.20326 1.20104 1.19654 1.19205 1.18756 1.18307 1.19632 1.26311 1.13828 1.03806 1.05799 1.05941 1.06077 1.05111 1.05623 1.08929 1.08224 1.06615 0.969439 0.962397 0.993740 1.00915 1.03478 1.05342 1.06629 1.06277 1.01578 1.05594 1.11521 1.08394 1.04636 1.04045 1.03500 1.02965 1.02596 1.02727 1.02909 0.992293 0.995939 0.965204 0.936100 0.955625 1.00648 1.01135 1.05616 1.10113 1.13280 1.19100 1.17119 1.16216 1.14285 1.08766 1.05644 1.06064 1.07286 1.07342 1.07339 1.07336 1.07333 1.09133 1.15029 1.15282
1.28334 1.21676 1.16204 1.16204 1.16204 1.16204 1.16204 1.16204 1.16388 1.17133 1.17881 1.23883 1.18816 1.05156 1.06758 1.07325 1.05834 1.02819 0.997769 1.00870 1.02543 1.02241 1.00718 1.01333 1.05954 1.08095 1.08890 1.09683 1.10454 1.10958 1.04509 1.02551 1.05529 1.07821 1.02692 1.03010 1.03358 1.03705 1.04052 1.04257 1.04231 1.02729 1.02549 1.01499 0.981817 1.03040 1.12945 1.18605 1.18998 1.21964 1.18346 1.17365 1.13335 1.15907 1.12249 1.10504 1.06757 1.06533 1.06313 1.06094 1.05874 1.05657 1.05442 1.05377 1.12086 1.12476
1.29799 1.27671 1.18862 1.19397 1.20181 1.20938 1.21549 1.22174 1.23196 1.23824 1.24524 1.25565 1.23445 1.05237 1.00727 1.00746 1.00358 1.00131 1.02971 0.992270 1.02182 1.02636 1.03969 1.06999 1.08310 1.10773 1.10732 1.10697 1.10838 1.11822 1.09005 1.04940 1.08154 1.12950 1.06486 1.04700 1.05180 1.05667 1.06161 1.06659 1.07893 1.08487 1.08662 1.09497 1.04309 1.11920 1.13784 1.11544 1.12850 1.18165 1.16791 1.15969 1.12140 1.11510 1.07547 1.06386 1.02519 1.01782 1.01782 1.01775 1.01685 1.01572 1.01459 1.01346 1.06230 1.08231
1.38192 1.34338 1.26362 1.22525 1.22841 1.23189 1.23683 1.24146 1.22778 1.18974 1.14982 1.11196 1.09360 0.997634 0.956051 0.977905 0.977823 0.976948 1.01144 1.00528 1.03951 1.02964 1.02890 1.04570 1.06562 1.10360 1.11780 1.12797 1.13665 1.13752 1.12384 1.05674 1.07395 1.11296 1.12100 1.06648 1.06200 1.07292 1.08184 1.08654 1.08424 1.07893 1.07095 1.09347 1.11139 1.15433 1.17626 1.14041 1.12796 1.14664 1.15039 1.13578 1.11384 1.08242 1.07401 1.03476 1.01429 0.984599 0.981749 0.978977 0.976876 0.973298 0.978090 0.986009 1.02210 1.05809
1.34712 1.29106 1.25237 1.19218 1.17497 1.14082 1.10378 1.06494 1.04180 1.05134 1.06042 1.06461 1.07494 1.03367 0.982094 0.972484 0.985443 0.986637 1.00182 1.04200 1.06010 1.06684 1.07025 1.08458 1.10613 1.12278 1.13972 1.14014 1.14058 1.14103 1.14140 1.07077 1.05635 1.08393 1.14528 1.07322 1.07894 1.08312 1.09820 1.12213 1.14917 1.16642 1.14710 1.14569 1.15993 1.15552 1.13981 1.10531 1.07742 1.05708 1.05577 1.01167 0.986079 1.04099 1.07265 1.03773 1.03969 1.01176 1.02087 1.03022 1.03678 1.04461 1.03424 1.01584 1.00982 1.04844
1.22277 1.17342 1.13809 1.07393 1.05761 1.06665 1.07807 1.07873 1.06785 1.04703 1.02858 1.01694 1.01030 0.987719 0.984645 0.944562 1.03531 1.04575 1.05092 1.08338 1.10036 1.10266 1.08565 1.09101 1.10763 1.11835 1.14652 1.13731 1.12535 1.11688 1.12150 1.08533 1.06133 1.09583 1.15496 1.13836 1.12215 1.13073 1.12902 1.12402 1.11797 1.11334 1.09314 1.07141 1.06114 1.04019 1.02371 0.974886 0.916500 0.914925 0.964051 1.04342 1.04409 1.09499 1.14725 1.13037 1.09794 1.07442 1.04034 1.02230 1.00685 0.991634 0.986160 0.985117 0.981901 1.03379
1.11508 1.09889 1.09235 1.06503 1.01691 0.995460 0.974526 0.965687 0.954779 0.939839 0.925404 0.911379 0.900453 0.906363 0.935750 0.912897 1.01918 1.05095 1.05093 1.06430 1.10706 1.10748 1.07800 1.05242 1.04679 1.06298 1.06407 1.06862 1.07997 1.09848 1.11213 1.10741 1.06749 1.10465 1.13881 1.17195 1.10226 1.10378 1.08512 1.05813 1.03110 1.00290 0.974927 0.959434 0.985650 1.03545 1.05243 1.05543 1.03384 1.03336 1.00273 1.02239 1.02774 1.03145 1.11391 1.12150 1.06597 1.04758 0.987673 0.984182 0.985753 0.981831 0.968933 0.955618 0.944908 0.968318
1.03470 1.02095 1.01126 0.990869 0.940339 0.924139 0.910020 0.896289 0.891844 0.891254 0.890663 0.890073 0.890050 0.900262 0.916274 0.928095 0.956575 1.04415 1.03668 1.02910 1.07894 1.11608 1.10701 1.09238 1.11658 1.15314 1.16504 1.14516 1.18260 1.20142 1.21065 1.21292 1.11166 1.10532 1.11865 1.14248 1.04689 1.02460 1.03487 1.05353 1.07218 1.09075 1.09360 1.06356 1.05512 1.08943 1.06850 1.04713 1.02170 0.999264 0.989125 0.968596 0.993819 0.971987 1.04354 1.08521 1.06601 1.03555 0.983712 0.945555 0.927476 0.914635 0.910806 0.908343 0.905888 0.900912
0.931799 0.922355 0.912658 0.918789 0.899146 0.886294 0.885848 0.885821 0.885821 0.885821 0.885821 0.885821 0.886760 0.896304 0.903656 0.939435 0.919415 1.06717 1.09737 1.13571 1.18309 1.28384 1.28186 1.25238 1.24934 1.25237 1.28524 1.20543 1.19798 1.18467 1.17135 1.15803 1.07508 1.16908 1.23136 1.22777 1.17654 1.13160 1.12981 1.12797 1.12616 1.12434 1.12394 1.02480 1.00275 1.03097 1.03666 1.01688 0.998148 0.952702 0.938370 0.906595 0.971501 0.956029 0.984613 1.04788 1.03635 0.956286 0.942810 0.892467 0.891579 0.891531 0.891112 0.890615 0.890121 0.888812
0.865207 0.901478 0.900810 0.916735 0.914764 0.892098 0.894857 0.897648 0.899991 0.895764 0.889673 0.896206 0.908605 0.936176 0.974582 1.02652 1.02567 1.11213 1.17219 1.16321 1.15444 1.24607 1.36186 1.29500 1.23807 1.22910 1.26796 1.23836 1.21224 1.22512 1.23287 1.23997 1.18774 1.18224 1.24577 1.22014 1.17264 1.15220 1.15370 1.15575 1.15856 1.16138 1.16425 1.07380 1.00746 1.02565 1.06386 1.03547 1.02472 0.970941 0.947476 0.900118 0.929758 0.909433 0.886533 0.990288 1.01555 0.964925 0.936207 0.896275 0.878966 0.878520 0.878438 0.872574 0.861638 0.850708
0.859922 0.927439 0.929931 0.937142 0.940991 0.906179 0.893792 0.902730 0.913329 0.930491 0.949549 0.960244 0.979875 1.00326 1.04463 1.06019 1.03590 1.02160 1.11250 1.09223 1.07375 1.12770 1.33860 1.35147 1.29139 1.29214 1.30381 1.32133 1.20665 1.19435 1.16350 1.13368 1.11215 1.05140 1.16116 1.15373 1.20429 1.20296 1.20181 1.20638 1.20911 1.21546 1.23254 1.19227 1.08048 1.10694 1.16276 1.09543 1.01053 0.932394 0.903974 0.893097 0.896023 0.926565 0.882230 0.962734 1.01908 1.01170 0.936795 0.912077 0.859231 0.849321 0.839360 0.835444 0.836796 0.838289
0.841586 0.929497 0.929691 0.920713 0.895803 0.917252 0.969755 0.983242 1.00963 1.03329 1.05548 1.07402 1.07505 1.07723 1.08124 1.06661 1.02523 0.919981 1.03445 1.05385 1.05659 1.06932 1.26422 1.31838 1.23224 1.17927 1.14263 1.18607 1.12711 1.11751 1.12149 1.12128 1.12107 1.03940 1.14380 1.14872 1.19719 1.23213 1.24317 1.25795 1.27412 1.28609 1.28248 1.26231 1.07325 1.06988 1.13337 1.12864 1.06172 1.00963 0.958274 0.955543 0.939673 1.01370 0.987307 1.00842 1.03161 1.04302 0.980187 0.959924 0.911720 0.900166 0.897425 0.891380 0.885233 0.890827
1.01416 1.08931 1.12006 1.12285 1.10593 1.11523 1.16025 1.17527 1.17354 1.17569 1.17566 1.17837 1.18623 1.19560 1.17935 1.13053 1.10854 1.05466 1.04950 1.01514 0.988332 0.964323 1.06670 1.16168 1.15959 1.12563 1.12486 1.14169 1.16109 1.09683 1.12329 1.13194 1.14522 1.10316 1.15102 1.19892 1.23461 1.30073 1.29240 1.29043 1.28874 1.28705 1.28893 1.29409 1.14406 1.11067 1.21114 1.28370 1.24051 1.21101 1.15855 1.13662 1.10624 1.09679 1.05814 1.02273 1.01971 1.03751 1.00391 0.934047 0.904263 0.865289 0.886480 0.911719 0.937025 0.950913
1.18167 1.23259 1.28244 1.30175 1.27484 1.25140 1.28563 1.30572 1.30984 1.31418 1.32371 1.33791 1.35834 1.37941 1.38807 1.31515 1.28591 1.21957 1.09917 0.982971 0.973670 0.973670 1.02338 1.13121 1.17849 1.14113 1.16574 1.16689 1.20229 1.16565 1.21175 1.22639 1.23168 1.21122 1.16520 1.27007 1.26434 1.35035 1.33830 1.33483 1.33611 1.34244 1.35436 1.36628 1.27579 1.19109 1.26585 1.35347 1.30792 1.21610 1.12209 1.06442 1.06096 1.08505 1.08917 1.06039 1.07324 1.03119 0.978646 0.889622 0.858616 0.945083 0.977496 1.00036 1.03320 1.08497
1.39524 1.41772 1.45540 1.44344 1.38351 1.31479 1.31701 1.35984 1.38116 1.40299 1.42552 1.43850 1.43902 1.43953 1.44014 1.33998 1.31228 1.24538 1.14388 1.02317 0.978127 0.990514 1.02113 1.15832 1.21606 1.20926 1.16783 1.11888 1.08693 1.13961 1.20180 1.21956 1.20866 1.19727 1.12748 1.26663 1.26705 1.33911 1.37360 1.36265 1.36059 1.35318 1.33963 1.32569 1.25707 1.07962 1.11619 1.29265 1.31308 1.24572 1.16141 1.13460 1.10804 1.12212 1.11117 1.03732 1.01519 0.999281 0.959957 0.959405 0.945857 1.03477 1.12872 1.16320 1.19026 1.19876
1.40341 1.41020 1.46307 1.49217 1.47583 1.44832 1.42293 1.43746 1.44330 1.44380 1.44430 1.44448 1.44448 1.44448 1.44448 1.36659 1.33090 1.28289 1.22736 1.09797 0.995058 0.975515 0.944819 1.02642 1.07358 1.09211 1.08744 1.09311 1.07323 1.08629 1.14187 1.19904 1.21570 1.23108 1.20307 1.22589 1.20709 1.22546 1.29986 1.28017 1.27414 1.28243 1.29182 1.30120 1.30491 1.15438 1.16641 1.31091 1.33516 1.26609 1.12472 1.05259 0.999046 1.00167 1.02819 1.03786 1.09797 1.13734 1.12464 1.14011 1.12453 1.13038 1.21250 1.22124 1.22212 1.22212
1.53184 1.54564 1.56375 1.57173 1.53933 1.49821 1.42629 1.42598 1.42556 1.41152 1.39749 1.38354 1.38210 1.38932 1.38508 1.34012 1.32670 1.25588 1.17698 1.04564 0.931768 0.938579 0.963441 1.05722 1.12618 1.14847 1.17320 1.20026 1.18354 1.12723 1.15116 1.20914 1.22593 1.21886 1.18857 1.13702 1.12846 1.13979 1.26729 1.28020 1.27770 1.26339 1.24678 1.23141 1.21832 1.11330 1.06723 1.11463 1.13674 1.08850 1.01411 1.02708 1.06711 1.13330 1.17318 1.19043 1.27450 1.28583 1.26054 1.22885 1.20537 1.18058 1.23322 1.28085 1.28384 1.28688
1.51246 1.47724 1.47117 1.47346 1.44318 1.38658 1.31930 1.29313 1.33872 1.36116 1.36180 1.35898 1.34634 1.32518 1.31266 1.27578 1.27561 1.27836 1.26821 1.23813 1.13909 1.11889 1.15755 1.19251 1.19692 1.19302 1.18167 1.18164 1.17831 1.11594 1.09414 1.17490 1.24144 1.27042 1.30560 1.26435 1.26824 1.27535 1.25841 1.21391 1.18088 1.18192 1.18220 1.15903 1.12120 1.01929 0.914961 0.924655 0.992799 0.984730 1.03351 1.16299 1.18380 1.25780 1.26145 1.26242 1.28621 1.31945 1.30942 1.24884 1.24102 1.20369 1.22697 1.32523 1.34275 1.35789
1.38000 1.35818 1.36417 1.42517 1.42580 1.38277 1.38243 1.40998 1.38399 1.33248 1.33197 1.32427 1.31653 1.33288 1.35801 1.39227 1.37545 1.41763 1.41224 1.41395 1.30435 1.17634 1.17601 1.17669 1.18350 1.21821 1.23913 1.27006 1.30422 1.29820 1.26142 1.33382 1.43602 1.47944 1.47897 1.41571 1.38378 1.36039 1.30723 1.20062 1.12790 1.06764 1.02064 0.994540 0.977542 0.957086 0.880385 0.890013 0.993883 0.983453 0.962782 1.13162 1.08882 1.17425 1.18504 1.19473 1.20885 1.27515 1.28971 1.26079 1.25392 1.22113 1.19300 1.24201 1.26830 1.25961
1.30015 1.26545 1.26335 1.35798 1.37862 1.35346 1.34206 1.36946 1.35717 1.29635 1.31593 1.34827 1.37899 1.39670 1.42339 1.44774 1.47370 1.53246 1.50592 1.50774 1.41129 1.29133 1.31380 1.34380 1.36152 1.41616 1.42308 1.41489 1.41311 1.39766 1.32983 1.32071 1.39887 1.46174 1.45410 1.39557 1.27916 1.19232 1.13256 1.01440 0.992457 0.975643 0.981217 0.987853 0.996801 1.00438 0.920025 0.912820 0.969940 0.980946 0.935468 1.07628 1.15008 1.19625 1.26447 1.23395 1.21301 1.26126 1.24865 1.20995 1.16935 1.16681 1.12730 1.14834 1.22849 1.22103
1.24389 1.25977 1.25984 1.32836 1.36948 1.37069 1.36912 1.41300 1.46225 1.40792 1.39758 1.42184 1.44610 1.45824 1.45566 1.45483 1.43622 1.51492 1.51748 1.51885 1.46479 1.39744 1.39223 1.39223 1.36777 1.39338 1.41467 1.40461 1.40454 1.39683 1.34111 1.29657 1.32469 1.30647 1.24245 1.19608 1.12902 1.10972 1.10307 1.05260 1.03710 1.03123 1.03481 1.03804 1.04595 1.06950 1.03308 1.02319 1.07104 1.12167 1.06520 1.09217 1.24453 1.19872 1.27869 1.18610 1.14551 1.16310 1.18624 1.17605 1.19972 1.22497 1.21934 1.23461 1.19537 1.15274
1.19548 1.25618 1.28991 1.35368 1.47152 1.47504 1.44443 1.47852 1.52834 1.52814 1.45483 1.45483 1.45483 1.45483 1.45483 1.45405 1.42974 1.48635 1.50428 1.50303 1.48776 1.37968 1.36742 1.36383 1.33823 1.33370 1.35381 1.40231 1.40672 1.43189 1.44167 1.42020 1.34382 1.27175 1.19597 1.19729 1.16862 1.16837 1.16118 1.14165 1.10934 1.11956 1.13292 1.15337 1.16888 1.16904 1.13425 1.07647 1.08510 1.12248 1.07738 1.05207 1.19306 1.18873 1.23885 1.20001 1.13933 1.14985 1.22644 1.24825 1.27405 1.27249 1.23659 1.18120 1.13240 1.05053
1.42294 1.35392 1.37927 1.42048 1.55256 1.59214 1.54141 1.52150 1.53011 1.53263 1.44462 1.42497 1.42149 1.41802 1.41454 1.41185 1.40447 1.40956 1.46811 1.47057 1.46150 1.36923 1.32605 1.32088 1.31217 1.32182 1.39182 1.45287 1.48741 1.47142 1.44917 1.36918 1.33903 1.31403 1.25545 1.26960 1.27993 1.27672 1.24834 1.24862 1.17431 1.17958 1.16623 1.16873 1.16949 1.16969 1.16053 1.06724 1.06475 1.10621 1.08371 1.04432 1.11291 1.24207 1.25931 1.32388 1.24597 1.23843 1.20057 1.18882 1.17992 1.19149 1.18199 1.10003 1.07515 0.996128
1.56633 1.50781 1.51243 1.51489 1.58218 1.60721 1.54198 1.48886 1.49430 1.51069 1.46723 1.41665 1.42645 1.43627 1.44608 1.45173 1.45124 1.41048 1.44381 1.44336 1.44906 1.42434 1.36304 1.36864 1.35988 1.32347 1.34547 1.31103 1.40098 1.42129 1.43291 1.43585 1.47319 1.50929 1.46438 1.40371 1.39914 1.37015 1.28440 1.27554 1.20992 1.20002 1.19171 1.18890 1.19216 1.20255 1.21324 1.11578 1.09931 1.13887 1.18104 1.17034 1.22684 1.38787 1.30786 1.35184 1.22078 1.18954 1.15261 1.12222 1.10872 1.12505 1.12643 1.09798 1.04583 1.00930
1.68950 1.64715 1.50803 1.53608 1.59082 1.65219 1.63228 1.55288 1.56468 1.58801 1.59398 1.49515 1.48027 1.47383 1.46897 1.46810 1.46605 1.41887 1.43551 1.44174 1.43472 1.42241 1.29360 1.27269 1.26980 1.29299 1.40760 1.42299 1.49560 1.55192 1.54882 1.53806 1.50166 1.53650 1.50194 1.40095 1.38345 1.34563 1.26544 1.23003 1.20627 1.19959 1.21140 1.21480 1.21617 1.21216 1.23272 1.19736 1.19699 1.27984 1.34809 1.29920 1.29193 1.30297 1.26984 1.25622 1.17545 1.11950 1.10769 1.09118 1.08631 1.09133 1.10147 1.10024 1.04343 1.05094
1.98359 1.92261 1.65252 1.64632 1.65806 1.69148 1.67364 1.54355 1.52512 1.51082 1.48487 1.41960 1.37599 1.36720 1.36520 1.36752 1.36154 1.32583 1.28318 1.27229 1.27040 1.28897 1.27304 1.28252 1.28244 1.28539 1.42368 1.40787 1.39810 1.46570 1.45801 1.44516 1.40058 1.40765 1.39524 1.33705 1.28128 1.25443 1.20646 1.15858 1.15722 1.16643 1.19914 1.24626 1.31037 1.37515 1.41673 1.39327 1.29886 1.33252 1.37581 1.34202 1.33031 1.32581 1.31199 1.31553 1.28342 1.18251 1.18246 1.15422 1.15769 1.20248 1.24792 1.26726 1.24581 1.20459
2.01153 1.83526 1.66655 1.58960 1.58801 1.50037 1.49065 1.42299 1.39679 1.39183 1.37370 1.36182 1.27417 1.26085 1.23481 1.20624 1.18433 1.13857 1.09087 1.09607 1.07713 1.13792 1.13693 1.16106 1.16246 1.14504 1.26305 1.26786 1.25546 1.29816 1.33408 1.33531 1.32098 1.29920 1.33280 1.31094 1.23406 1.23109 1.21903 1.20280 1.26878 1.32926 1.39595 1.40781 1.39869 1.39033 1.38420 1.37971 1.26116 1.35786 1.37718 1.37142 1.36736 1.34730 1.33452 1.31561 1.31087 1.20006 1.19976 1.17305 1.16693 1.23598 1.28504 1.29851 1.29480 1.22349
1.26617 1.53900 1.55778 1.47950 1.48872 1.43776 1.40541 1.37562 1.31496 1.29987 1.28178 1.26093 1.17998 1.14246 1.12655 1.10520 1.08943 1.08733 1.06207 1.07811 0.996653 0.978770 1.00166 1.04706 1.10863 1.11361 1.20936 1.27776 1.27855 1.27647 1.34588 1.34605 1.33880 1.33296 1.39623 1.44330 1.45234 1.49265 1.52313 1.46811 1.44907 1.44936 1.45807 1.47068 1.47277 1.47794 1.48084 1.47780 1.36338 1.41729 1.36375 1.31334 1.30969 1.29793 1.30257 1.29112 1.30386 1.24193 1.22255 1.21011 1.19446 1.23684 1.29672 1.29990 1.29148 1.23204
1.30057 1.54462 1.61023 1.52964 1.50094 1.46422 1.39923 1.36819 1.28566 1.27256 1.23999 1.20570 1.14246 1.06666 1.05306 1.04445 1.03735 1.03111 1.01591 1.03344 1.01748 0.953526 1.01814 1.04441 1.12944 1.15463 1.20953 1.33494 1.33349 1.34629 1.41181 1.45905 1.48722 1.54004 1.58615 1.65495 1.66323 1.66705 1.58645 1.50334 1.45166 1.44819 1.45098 1.46420 1.45883 1.46128 1.46789 1.47456 1.40929 1.41106 1.42302 1.35409 1.36305 1.36414 1.36641 1.36306 1.36603 1.32065 1.25417 1.24770 1.20570 1.19838 1.26543 1.25942 1.26503 1.27949
