results/OMI_NO2_200507.asc
ncols      200
nrows      200
xllcorner       120.258
yllcorner       41.1236
cellsize     0.0166667
NODATA_Value      -999.000
[rows 87 to 115 of 165, columns 67 to 133 of 200]
2.09704 2.09200 2.08702 2.08215 2.07737 2.08532 2.10458 2.10458 2.01861 1.89939 1.87452 1.83307 1.63730 1.23650 1.33718 1.35773 1.38804 1.69421 1.74771 1.84290 1.93456 1.88894 1.97168 2.03718 2.08337 2.08640 2.09461 2.13139 2.18668 2.33447 2.32917 2.30338 2.25639 2.25893 2.29788 2.34686 2.38509 2.42533 2.46753 2.50923 2.53634 2.56134 2.58636 2.60784 2.61058 2.61058 2.46961 2.39536 2.38716 2.32264 2.37947 2.44766 2.51817 2.53026 2.26192 2.17965 2.15453 2.15453 2.15453 2.15453 2.15669 2.16807 2.17995 2.19122 2.20195 2.21003 2.21279
2.03513 2.03513 2.03513 2.03513 2.03513 2.05115 2.10829 2.10427 2.07006 1.92372 1.95200 1.97593 1.95166 1.52690 1.67506 1.79947 1.90146 2.23305 2.34324 2.34597 2.34597 2.22284 2.18506 2.23141 2.27645 2.25523 2.27931 2.28340 2.30342 2.38606 2.44106 2.42068 2.44444 2.48086 2.49080 2.51427 2.53433 2.55933 2.58434 2.60681 2.61058 2.61058 2.61058 2.61058 2.61058 2.62428 2.59738 2.53842 2.61635 2.57144 2.52480 2.52480 2.52715 2.54857 2.40286 2.24075 2.26597 2.30169 2.33284 2.36237 2.38542 2.38604 2.38409 2.38213 2.38004 2.38498 2.41090
2.07664 2.08918 2.09057 2.08583 2.08035 2.05641 2.11624 2.09614 2.06740 1.94655 1.92635 1.92607 1.94483 1.95310 2.00779 2.08634 2.09341 2.29873 2.45443 2.50994 2.56557 2.57654 2.38843 2.41916 2.45599 2.44060 2.41609 2.44829 2.45677 2.48224 2.54913 2.50585 2.50692 2.53192 2.55694 2.60209 2.61058 2.61058 2.61058 2.61058 2.61615 2.63724 2.70824 2.81237 2.92762 3.03493 3.01625 2.83370 2.85828 2.84767 2.77606 2.79719 2.81635 2.82331 2.72719 2.47508 2.46290 2.47088 2.45599 2.44118 2.43017 2.43876 2.44977 2.46262 2.47682 2.48564 2.49069
2.04497 1.99916 1.96754 1.94421 1.92109 1.92250 1.99748 2.06148 2.09802 2.05311 1.97679 1.98157 2.03720 2.09717 2.16508 2.35510 2.43748 2.56679 2.73165 2.78715 2.84809 2.91517 2.67910 2.55222 2.54693 2.53246 2.40992 2.39935 2.41462 2.44823 2.56919 2.58973 2.56251 2.57038 2.57835 2.64950 2.72030 2.73955 2.78433 2.89873 3.02448 3.14616 3.18986 3.18845 3.18702 3.18556 3.18262 3.16770 3.10626 3.07223 2.95205 2.93085 2.92613 2.92372 2.88938 2.52087 2.44364 2.51622 2.51778 2.52200 2.52739 2.53328 2.53920 2.54044 2.54044 2.54044 2.54340
1.91256 1.92608 1.94745 1.97074 1.99621 2.00928 2.05142 2.15146 2.19086 2.21957 2.24604 2.35723 2.42918 2.49210 2.52539 2.74518 2.82491 2.83830 2.86093 2.88353 2.90611 2.92879 2.85484 2.50614 2.52080 2.53777 2.50643 2.52279 2.54332 2.54437 2.59974 2.65035 2.58259 2.58085 2.58518 2.70945 2.95292 3.07670 3.17600 3.18043 3.18043 3.18043 3.18060 3.19439 3.21625 3.21342 3.19583 3.17611 3.09244 3.00094 2.94907 2.94897 2.94897 2.94929 2.95962 2.64149 2.47670 2.53364 2.54898 2.56414 2.57824 2.59280 2.60740 2.65303 2.73486 2.82994 2.93560
2.00042 2.00928 2.02348 2.05497 2.08671 2.13871 2.22793 2.45415 2.51698 2.58705 2.65953 2.66758 2.66318 2.65878 2.62726 2.85654 3.07486 3.08473 3.08473 3.08473 3.08473 3.08473 3.08473 2.71514 2.58690 2.58690 2.58034 2.54482 2.54437 2.54437 2.55769 2.68958 2.73020 2.81086 2.92317 2.96333 3.19098 3.21967 3.24204 3.26344 3.26004 3.24487 3.22767 3.19179 3.14080 3.12127 3.12127 3.12127 3.10875 3.00065 2.96205 2.98219 3.01842 3.05465 3.10897 3.09606 3.00730 2.88710 2.92020 2.94189 3.03448 3.14661 3.27822 3.34980 3.34980 3.34980 3.34980
2.13785 2.20558 2.26284 2.30452 2.34942 2.36617 2.36423 2.59615 2.63577 2.63577 2.63832 2.64412 2.64412 2.64412 2.63253 2.73443 3.08473 3.08473 3.08473 3.08473 3.08473 3.08473 3.08473 2.95423 2.58723 2.58690 2.58690 2.56559 2.62603 2.70824 2.79525 2.94505 2.98263 3.06200 3.08227 3.06908 3.20938 3.23453 3.18833 3.13770 3.12127 3.12127 3.12127 3.12127 3.12127 3.12127 3.12386 3.16132 3.20960 3.14305 3.11072 3.09071 3.09071 3.09071 3.09552 3.13968 3.14053 3.06697 3.23334 3.34273 3.34980 3.34980 3.34980 3.34980 3.34980 3.34980 3.34980
2.36408 2.36408 2.36408 2.36408 2.36893 2.38277 2.39724 2.54370 2.63577 2.63577 2.63590 2.64325 2.64412 2.64412 2.64367 2.61852 3.06525 3.08473 3.08473 3.08473 3.08473 3.08457 3.06651 3.03659 2.67773 2.67474 2.78209 2.85612 2.75940 2.75133 2.72747 2.72659 2.72436 2.89621 2.83591 2.81766 2.95512 3.12127 3.12127 3.12127 3.12127 3.12127 3.12263 3.15705 3.20533 3.25364 3.29938 3.31026 3.31026 3.25055 3.13310 3.09076 3.09071 3.09071 3.09071 3.12109 3.14053 3.19857 3.34980 3.34980 3.34980 3.34980 3.34980 3.34916 3.33855 3.32454 3.31049
2.55415 2.57519 2.59723 2.62020 2.63548 2.63577 2.63577 2.63577 2.63569 2.62674 2.61283 2.62759 2.64412 2.64412 2.64412 2.59829 2.89678 3.01051 2.98059 2.95067 2.92072 2.89096 2.87908 2.87908 2.87794 2.84851 2.80709 2.76564 2.65177 2.60717 2.59992 2.59844 2.53099 2.72981 2.81766 2.81766 2.86965 3.12127 3.12180 3.15276 3.20108 3.24935 3.29633 3.31026 3.31026 3.31026 3.31026 3.31026 3.31026 3.30746 3.15405 3.10000 3.09071 3.09071 3.09071 3.10024 3.14053 3.14330 3.27688 3.21131 3.14107 3.07080 3.00021 2.93073 2.87091 2.81449 2.75831
2.63548 2.62541 2.61160 2.59882 2.58691 2.57587 2.56554 2.55587 2.53731 2.48707 2.43631 2.40073 2.36586 2.29827 2.23060 2.24062 2.59547 2.87908 2.87908 2.87859 2.85183 2.81039 2.76895 2.72749 2.68719 2.67513 2.67513 2.67513 2.64460 2.59992 2.59992 2.59992 2.56246 2.63162 2.81773 2.84487 2.89369 3.21112 3.29287 3.31026 3.31026 3.31026 3.31026 3.31026 3.31015 3.29643 3.27335 3.25021 3.22712 3.20398 3.09901 3.00188 2.95902 2.93832 2.91071 2.88281 2.83335 2.79367 2.58562 2.51075 2.51075 2.52534 2.55800 2.59069 2.62343 2.65615 2.68888
2.54620 2.54171 2.50492 2.45416 2.40337 2.35261 2.30186 2.25113 2.20979 2.20595 2.20595 2.20413 2.19187 2.19415 2.19405 2.17146 2.36859 2.77211 2.73079 2.68986 2.67513 2.67513 2.67513 2.67513 2.67513 2.67513 2.67513 2.67513 2.67361 2.60692 2.59992 2.61713 2.64571 2.68059 3.02678 3.08481 3.11399 3.18839 3.17003 3.14692 3.12381 3.10070 3.07759 3.05447 3.03148 3.02208 3.02208 3.02208 3.02208 3.02208 3.00154 2.87945 2.82679 2.82123 2.84053 2.86510 2.88439 2.90514 2.81692 2.70252 2.73526 2.75339 2.75344 2.75344 2.75344 2.75344 2.75344
2.26895 2.21992 2.20595 2.20595 2.20595 2.20595 2.20595 2.20595 2.20595 2.20595 2.21550 2.23834 2.21714 2.04920 2.00785 1.99020 2.10106 2.59812 2.67513 2.67513 2.67513 2.68208 2.70975 2.73887 2.76805 2.79720 2.82635 2.84054 2.82693 2.83315 2.92358 2.96448 2.98595 3.03307 3.25425 3.34210 3.34210 3.23764 3.02208 3.02208 3.02208 3.02208 3.02208 3.02208 3.02208 3.02208 3.01757 2.99205 2.96391 2.93573 2.90756 2.78425 2.92705 2.99642 3.00141 3.00141 3.00180 3.01902 2.97423 2.75344 2.75344 2.75344 2.75344 2.75344 2.75344 2.75344 2.75344
2.20595 2.20595 2.20595 2.20595 2.20595 2.21123 2.23298 2.25588 2.27880 2.30173 2.32250 2.35558 2.40198 2.16880 2.18522 2.23238 2.32301 2.73569 2.92863 2.95775 2.98696 3.00920 3.01058 2.99935 2.94959 2.90353 2.86381 2.84026 2.83970 2.84897 2.98553 2.99325 2.99325 3.01127 3.15606 3.34210 3.34210 3.32263 3.02738 3.01496 2.98794 2.95976 2.93162 2.90344 2.87526 2.84712 2.82344 2.82079 2.82079 2.82079 2.82079 2.77451 2.85807 3.00012 2.95561 2.88984 2.82415 2.87491 3.02072 2.78069 2.75344 2.75344 2.75344 2.75344 2.75344 2.75344 2.75344
2.23715 2.29190 2.35012 2.40825 2.46650 2.51938 2.55585 2.59119 2.62637 2.66170 2.68965 2.69183 2.71063 2.65026 2.49243 2.49243 2.49323 2.75277 3.01058 3.00545 2.95973 2.91220 2.87130 2.84218 2.83970 2.83970 2.83970 2.83970 2.83970 2.83970 2.92699 2.99325 2.99403 2.99903 3.07054 3.23120 3.11480 3.00846 2.91458 2.82195 2.82079 2.82079 2.82079 2.82079 2.82079 2.82079 2.82079 2.82079 2.82079 2.82017 2.76679 2.67493 2.59498 2.76498 2.74381 2.74381 2.74381 2.76298 3.01140 2.85366 2.75344 2.75344 2.75344 2.75344 2.75344 2.75344 2.75344
2.68832 2.69183 2.69183 2.69183 2.69183 2.69183 2.69183 2.69183 2.69183 2.69183 2.69183 2.69183 2.69185 2.75935 2.49366 2.49210 2.48267 2.57233 2.86735 2.84553 2.83970 2.83970 2.83970 2.83970 2.83970 2.84021 2.84280 2.84562 2.84844 2.85126 2.87510 2.98489 2.92383 2.86588 2.80821 2.78958 2.79763 2.79763 2.87514 2.82079 2.82079 2.82079 2.82079 2.82079 2.82079 2.82072 2.77387 2.68618 2.59860 2.51153 2.47732 2.47732 2.46562 2.69722 2.74381 2.74381 2.74381 2.74381 2.89911 2.92736 2.75344 2.75344 2.75344 2.75344 2.75344 2.75344 2.75344
2.69618 2.69183 2.69183 2.69183 2.69183 2.69183 2.69183 2.69183 2.69183 2.69183 2.69183 2.69183 2.68083 2.71962 2.53231 2.45365 2.45109 2.48182 2.76709 2.84241 2.84523 2.84804 2.85087 2.85368 2.85651 2.85881 2.85838 2.81973 2.76258 2.70598 2.65008 2.70836 2.74883 2.74707 2.74707 2.76552 2.79763 2.79763 2.82518 2.82079 2.82079 2.82079 2.78084 2.69329 2.60567 2.51806 2.47732 2.47732 2.47732 2.47732 2.47732 2.47732 2.47229 2.60371 2.74381 2.74381 2.74381 2.74381 2.78659 2.99902 2.75529 2.75529 2.81818 2.91877 3.02483 3.13645 3.25399
2.76898 2.69183 2.69183 2.69183 2.69327 2.70497 2.71941 2.73487 2.74113 2.72816 2.71568 2.70395 2.69703 2.68728 2.58375 2.40693 2.39470 2.38282 2.68383 2.85903 2.85903 2.85903 2.85223 2.80068 2.74188 2.68388 2.62711 2.59940 2.59352 2.59352 2.59352 2.63089 2.74707 2.74707 2.74707 2.75005 2.79625 2.79763 2.77299 2.68763 2.61275 2.52513 2.47742 2.47732 2.47732 2.47732 2.47732 2.47732 2.47732 2.47223 2.44609 2.41765 2.38926 2.42335 2.63509 2.61376 2.59839 2.62426 2.65814 2.87551 3.39142 3.71211 3.77990 3.77990 3.77591 3.73097 3.67507
2.95132 2.77056 2.78977 2.81047 2.82225 2.78447 2.73730 2.69624 2.66772 2.65510 2.64287 2.63073 2.62591 2.62591 2.61759 2.38770 2.37000 2.37000 2.51294 2.78013 2.72001 2.66052 2.60702 2.59355 2.59352 2.59352 2.59352 2.59352 2.59352 2.59352 2.59352 2.59361 2.71657 2.74707 2.72638 2.66206 2.63166 2.58512 2.55531 2.44563 2.37672 2.34828 2.31984 2.29140 2.26296 2.23452 2.20612 2.17764 2.14924 2.12589 2.12359 2.12359 2.12359 2.22184 2.61171 2.71040 2.75962 2.75842 2.73101 2.77363 3.21323 3.53927 3.48341 3.42763 3.37571 3.36488 3.36488
3.08178 2.76438 2.72071 2.67708 2.63666 2.62631 2.62591 2.62591 2.62591 2.62591 2.62591 2.62591 2.62591 2.61001 2.50699 2.28368 2.17420 2.14292 2.15299 2.55451 2.59352 2.59352 2.59352 2.59352 2.59352 2.59413 2.60262 2.61358 2.62450 2.63540 2.65534 2.70750 2.74143 2.62150 2.58737 2.59685 2.62620 2.66535 2.66546 2.45548 2.12005 2.12359 2.12359 2.12359 2.12359 2.12359 2.12359 2.12359 2.12359 2.12363 2.13774 2.16327 2.18879 2.26134 2.60876 2.60723 2.57936 2.56054 2.56006 2.56234 2.84351 3.36488 3.36488 3.36488 3.36488 3.36488 3.36488
2.75049 2.67838 2.64902 2.64720 2.62677 2.62591 2.62591 2.62591 2.61916 2.56093 2.44551 2.32068 2.20877 2.12078 2.09680 2.06145 1.96711 2.03348 2.00968 2.41864 2.66255 2.67348 2.68443 2.69531 2.70625 2.71654 2.72316 2.76032 2.80438 2.84846 2.88354 2.88637 2.88039 2.64295 2.61490 2.61490 2.61788 2.66408 2.66546 2.61384 2.09094 2.12359 2.12403 2.14116 2.16669 2.19220 2.21772 2.24325 2.26876 2.29424 2.30477 2.30081 2.29673 2.29278 2.50993 2.52838 2.52269 2.53642 2.57064 2.68392 2.76746 3.32477 3.34071 3.25950 3.18636 3.12216 3.06316
2.74533 2.71138 2.64902 2.64721 2.57185 2.46640 2.32437 2.18578 2.06715 2.00111 1.97093 1.95181 1.93263 1.91349 1.89644 1.89373 1.76480 1.83094 1.84806 2.14136 2.71894 2.71894 2.72017 2.75134 2.79547 2.83954 2.87939 2.88637 2.88637 2.88637 2.88637 2.88637 2.88637 2.75685 2.60349 2.58645 2.59539 2.63953 2.66108 2.65373 2.22389 2.23980 2.25814 2.26216 2.25928 2.25647 2.25395 2.25581 2.25911 2.26225 2.26576 2.27100 2.27631 2.29145 2.41681 2.56108 2.58570 2.59080 2.57914 2.65097 2.62766 2.79153 2.82764 2.77580 2.87573 2.87942 2.87737
2.51796 2.36450 2.14028 2.01115 1.94575 1.89946 1.89373 1.89373 1.89373 1.89373 1.89373 1.89373 1.89373 1.89373 1.89373 1.89373 1.83362 1.77865 1.84808 1.93179 2.75724 2.83063 2.87348 2.88637 2.88637 2.88637 2.88637 2.88637 2.88657 2.90079 2.92354 2.94624 2.96898 2.97151 2.69888 2.60731 2.59639 2.58759 2.58590 2.58309 2.35598 2.27852 2.31968 2.32388 2.32797 2.33198 2.33576 2.33678 2.33678 2.34505 2.36862 2.39521 2.42506 2.44322 2.45125 2.62832 2.55672 2.54812 2.54361 2.55247 2.50412 2.53487 2.61512 2.61594 2.83041 2.87564 2.87564
2.17054 1.98793 1.93358 1.90800 1.90704 1.89421 1.88832 1.88763 1.88696 1.88631 1.88567 1.89045 1.89373 1.89373 1.89373 1.90589 1.93369 1.84073 1.99040 2.01548 2.65478 2.88637 2.89793 2.92067 2.94338 2.96610 2.98884 3.01157 3.03410 3.04262 3.03122 3.00636 2.98147 2.95657 2.76424 2.56090 2.57036 2.57157 2.59038 2.59094 2.49281 2.23082 2.33678 2.33678 2.33678 2.34350 2.36656 2.39291 2.42246 2.44294 2.44326 2.44326 2.44326 2.44326 2.44319 2.54575 2.51665 2.45957 2.43319 2.44743 2.45258 2.46793 2.61494 2.61494 2.71208 2.86399 2.83934
2.17239 1.96293 1.94208 1.89872 1.89872 1.89493 1.88331 1.88331 1.88331 1.88331 1.88331 1.89335 1.93350 1.96878 2.00402 2.02576 2.02062 1.93386 1.94338 1.98441 2.43253 3.03146 3.04262 3.04262 3.04262 3.04172 3.02348 2.99859 2.97369 2.94881 2.93530 2.93528 2.93528 2.93528 2.89252 2.57336 2.57036 2.57036 2.58484 2.59094 2.58441 2.20696 2.35321 2.39061 2.41989 2.44246 2.44326 2.44326 2.44326 2.44326 2.44326 2.43346 2.39023 2.34920 2.31873 2.36377 2.49582 2.46411 2.47674 2.50224 2.54654 2.51735 2.56108 2.53743 2.51679 2.73632 2.76673
2.25069 1.97224 1.96073 1.90208 1.89872 1.89871 1.88646 1.88597 1.91024 1.93589 1.96034 1.98278 2.00507 1.99913 1.99320 1.98866 1.98838 1.95969 1.86454 1.96637 2.11567 3.03782 3.01570 2.99082 2.96593 2.94194 2.93528 2.93528 2.93528 2.93528 2.93528 2.93528 2.93528 2.93528 2.93528 2.66132 2.57019 2.57572 2.61117 2.65820 2.69486 2.38730 2.35273 2.47692 2.49568 2.51525 2.53575 2.55584 2.53331 2.49333 2.45731 2.43395 2.44682 2.48379 2.53106 2.54540 2.63703 2.55406 2.51984 2.48832 2.52502 2.49461 2.47571 2.45572 2.43452 2.54816 2.69547
2.26340 2.04718 1.96143 1.91574 1.90083 1.91814 1.93701 1.96322 1.96336 1.96218 1.96218 1.96220 1.98491 1.98838 1.98838 1.98838 1.98588 1.96313 1.84975 1.89502 1.88192 2.75436 2.93528 2.93528 2.93528 2.93528 2.93528 2.93528 2.93528 2.93528 2.92663 2.90729 2.88798 2.86771 2.83927 2.70259 2.56752 2.58452 2.57312 2.58020 2.56534 2.49311 2.42722 2.72415 2.69750 2.61785 2.54845 2.49005 2.47257 2.47257 2.47257 2.47257 2.47257 2.49663 2.59407 2.60689 2.59549 2.43223 2.38890 2.36873 2.37879 2.34144 2.34137 2.34137 2.34137 2.35991 2.64847
2.25239 2.14184 1.98984 1.99034 1.94780 1.94780 1.94801 1.96046 1.96218 1.96218 1.96218 1.96174 1.96019 1.94178 1.91024 1.87556 1.84118 1.83446 1.83573 1.87304 1.92716 2.44793 2.85835 2.83903 2.81966 2.80032 2.78105 2.76161 2.74234 2.72240 2.69727 2.67496 2.64908 2.62218 2.61746 2.60821 2.50753 2.52386 2.52386 2.54127 2.54592 2.49517 2.30293 2.44673 2.47401 2.47257 2.47525 2.48987 2.50591 2.52193 2.53796 2.55400 2.57004 2.58459 2.66286 2.67387 2.67381 2.41405 2.34614 2.34896 2.36987 2.35143 2.34137 2.34137 2.34137 2.34161 2.52852
2.32026 2.27966 2.02023 2.01849 1.95273 1.94780 1.94780 1.94384 1.94077 1.94365 1.94661 1.95040 1.98304 2.04544 2.08418 2.12284 2.16158 2.20036 2.23769 2.24912 2.27097 2.33689 2.71205 2.71228 2.71228 2.71225 2.70142 2.67977 2.65465 2.62632 2.61746 2.61746 2.61746 2.61746 2.61746 2.61746 2.51745 2.50733 2.47030 2.44661 2.44171 2.44848 2.32522 2.38532 2.60932 2.63533 2.65908 2.66979 2.67914 2.68876 2.69868 2.70891 2.71979 2.73756 2.79656 2.84027 2.85582 2.69635 2.47123 2.46241 2.48014 2.45686 2.44645 2.46674 2.48911 2.51484 2.57838
2.23843 2.20938 2.13627 2.16006 2.11568 2.10139 2.11130 2.12841 2.15619 2.15343 2.15005 2.14674 2.14973 2.21236 2.20792 2.20344 2.19906 2.19475 2.19050 2.18628 2.22446 2.27252 2.61794 2.68440 2.66007 2.63166 2.61746 2.61746 2.61746 2.61746 2.61746 2.61746 2.61890 2.62701 2.57093 2.49423 2.44504 2.50335 2.50796 2.51252 2.58061 2.57789 2.49873 2.43532 2.83136 2.88556 2.89581 2.90603 2.91626 2.92653 2.93681 2.94704 2.95701 2.96009 2.96376 2.97521 2.97521 2.91649 2.66740 2.67480 2.67860 2.64760 2.59548 2.60174 2.60804 2.61253 2.61273
