results/OMI_NO2_200902.asc
ncols      200
nrows      200
xllcorner       120.258
yllcorner       41.1236
cellsize     0.0166667
NODATA_Value      -999.000
[rows 29 to 57 of 163, columns 132 to 197 of 200]
5.77964 6.15033 6.37534 6.60153 6.78048 6.78680 6.67300 6.66617 6.53612 5.48647 5.07976 4.81806 4.19320 4.18631 4.17941 4.17376 4.17320 4.17320 4.11869 3.89219 3.62388 3.37909 4.29439 4.60055 4.15182 3.70760 3.66360 3.65576 3.58545 2.39218 2.32250 2.31466 2.10983 1.93835 1.93715 1.93604 1.93634 1.93046 1.92458 1.96275 2.37228 2.42519 2.74074 5.68344 6.01082 6.17984 6.35160 5.99768 4.92240 4.94693 4.94693 4.94693 4.56926 4.03862 4.01813 3.99788 3.99034 3.99034 4.02974 4.24364 4.47912 4.71523 4.94782 3.55479 2.13115 2.19037
6.27187 6.79506 6.79625 6.79650 6.79650 6.79650 6.72865 6.66386 6.65806 5.66242 5.22787 5.00817 4.10982 4.08016 4.05030 3.84062 3.57145 3.26804 3.01163 2.99039 2.98869 2.98869 2.98869 3.24492 3.51237 3.51237 3.51237 3.51237 3.51366 2.70604 2.21617 2.22240 2.20325 1.89706 1.87724 1.88910 2.00227 2.13404 2.26500 2.39688 3.23888 3.47633 3.48557 5.36583 6.45731 6.45731 6.45731 6.45731 5.31909 4.92451 4.89381 4.86312 4.84766 4.58755 4.79817 5.03384 5.26922 5.50519 5.69962 5.70540 5.68624 5.66707 5.65059 5.20252 2.76976 2.87437
6.12732 6.76613 6.81661 6.81446 6.80972 6.80497 6.78980 6.67140 6.66841 5.90067 5.51251 4.87324 3.82156 3.32702 3.03710 2.98869 2.98869 2.98869 2.98869 2.98869 2.98869 2.98869 2.98869 3.04327 3.50592 3.51819 3.52442 3.53065 3.53552 3.21998 2.34407 2.51899 2.69360 2.58560 2.48992 2.60905 2.63248 2.63528 2.63528 2.63528 3.14191 3.48557 3.48557 4.09672 6.45240 6.44812 6.41817 6.38750 5.84560 5.17659 5.47127 5.76609 6.06289 5.85687 5.72213 5.70751 5.68835 5.66918 5.65170 5.64848 5.64848 5.64848 5.64848 5.64848 3.48248 2.87437
6.13042 6.49391 6.81733 6.81471 6.81471 6.81471 6.81471 6.69534 6.56848 5.80836 5.01788 4.00813 3.39914 2.98869 2.98869 2.98869 2.98869 2.98869 2.98869 2.98869 2.98879 2.99200 2.99667 3.00135 3.31592 3.44161 3.36609 3.29052 3.21499 3.14082 3.21409 3.23090 3.23090 3.18568 2.66082 2.63075 2.63087 2.63481 2.63528 2.63528 2.93590 3.48350 3.45207 3.64044 6.28896 6.99822 7.29227 7.58709 7.74428 6.39313 6.32731 6.30774 6.27897 5.95413 5.65304 5.64848 5.64848 5.64848 5.64848 5.64848 5.64848 5.64848 5.64848 5.64848 4.62122 2.80043
6.11833 6.21294 6.81163 6.79023 6.67668 6.54404 6.39722 6.32912 6.36150 5.97561 4.85344 4.35582 3.65145 2.98869 2.98869 2.98869 2.98869 2.99094 2.99264 2.95360 2.90152 2.84631 2.78970 2.73267 2.77732 3.11465 3.11465 3.11465 3.11465 3.11465 3.17026 3.23090 3.23090 3.23090 2.88837 2.63075 2.63075 2.63284 2.74845 3.42111 4.27859 6.01661 6.69364 7.17883 7.43548 7.83827 7.83815 7.82128 7.79252 6.80639 6.22521 6.21603 6.21603 6.08757 5.64848 5.64848 5.64848 5.64848 5.64848 5.64848 5.64848 5.64848 5.66026 5.71412 5.67501 3.11851
6.01794 5.87694 6.23397 6.32916 6.31980 6.32025 6.32071 6.32117 6.35648 6.34217 4.73312 4.75113 3.91188 2.98621 2.91523 2.86323 2.81125 2.75703 2.70277 2.68286 2.67460 2.66710 2.66142 2.71421 2.85541 3.09489 3.11465 3.11465 3.11465 3.11465 3.12758 3.22964 3.23090 3.33008 4.09829 4.10947 4.69450 5.27089 5.73204 5.78650 5.79518 7.09340 7.21203 7.19820 7.18798 7.72030 7.73829 7.72642 7.72642 7.33251 6.21603 6.21603 6.21603 6.24018 5.67185 5.64059 5.64934 5.70088 5.75762 5.81431 5.87108 5.92782 5.97383 5.98967 6.00510 4.41373
5.69435 5.60379 5.81054 6.33655 6.33655 6.33655 6.33655 6.32582 6.18297 6.01022 4.39055 3.69833 3.54193 2.85635 2.68527 2.67678 2.66908 2.66207 2.66018 2.71981 2.79893 2.87805 2.95605 2.98348 3.06530 3.10558 3.11465 3.11465 3.16841 3.94458 4.84800 5.71935 6.45398 7.03313 7.12984 6.35952 5.78288 5.78288 5.78482 5.77779 5.75496 6.64964 7.11511 7.10017 7.10017 7.44586 7.72642 7.72642 7.72642 7.71524 6.40809 6.30337 6.38968 6.47599 6.05642 5.92160 5.95670 5.93653 5.91136 5.89298 5.88394 5.87505 5.86527 5.84418 5.82030 5.34265
5.81619 5.60379 5.57004 6.00036 5.88674 5.68452 5.51644 5.37571 5.38154 5.28425 4.11305 3.08813 3.19523 2.94111 2.66374 2.73221 2.81133 2.89042 2.96543 2.98348 2.98348 2.98348 2.98348 2.98348 3.01692 4.31065 5.49993 6.30134 6.98493 7.19699 7.26766 7.37159 7.50533 7.58114 7.65851 7.57921 6.23153 6.17876 6.19254 6.28035 6.33509 6.44539 6.32965 6.29371 6.25736 6.28555 6.67213 6.60992 6.54667 6.48464 6.07697 5.71762 5.68755 5.65823 5.50732 5.27737 5.27967 5.29353 5.30739 5.31554 5.31560 5.31635 5.34097 5.37677 5.42093 5.47789
5.26848 4.88419 4.71380 4.99932 5.34762 5.29500 5.20181 5.10087 5.00724 4.90498 4.27650 3.11457 3.25085 3.46065 3.30034 3.34004 3.36836 3.39741 3.42697 3.45699 3.48740 3.51835 3.54988 3.58199 3.62042 6.58447 8.40183 9.35835 9.36206 9.36206 9.36206 9.35979 9.40933 9.35079 9.28486 9.23260 7.88814 7.02026 7.02026 7.05239 7.05164 6.70911 5.79401 5.76860 5.74417 5.73744 6.11319 6.23844 6.23844 6.23844 6.14361 5.58774 5.59561 5.61492 5.67982 5.52916 5.55344 5.60026 5.65711 5.71392 5.77067 5.82688 5.86259 5.88884 5.90695 5.91215
5.16071 5.14259 5.01992 5.07015 5.10739 5.11023 5.14515 5.22331 5.30268 5.38042 5.20885 3.29590 3.42473 3.62021 3.70825 3.70825 3.70825 3.70825 3.70825 3.70825 3.70825 3.70825 3.70825 3.70825 3.70825 4.95319 7.90159 9.30809 9.31580 9.24962 9.18343 9.12326 9.18069 9.21562 9.17429 9.13194 8.84513 6.94976 6.85245 6.85029 6.91680 6.88763 5.77704 5.73744 5.73744 5.73744 5.91179 6.23844 6.24108 6.25827 6.27767 5.79673 5.69484 5.74496 5.86461 5.89528 5.88271 5.89271 5.89573 5.90109 5.90644 5.91171 5.91355 5.91355 5.91355 5.91355
5.79389 5.78963 5.57789 5.61478 5.68935 5.76000 5.80522 5.80661 5.80661 5.80661 5.75869 3.69637 3.42473 3.51168 3.70825 3.70825 3.70825 3.70825 3.70825 3.70825 3.70825 3.70825 3.70825 3.70825 3.68479 3.68963 7.23427 8.46664 9.02950 8.93419 8.83898 8.74361 8.72568 8.98596 8.98499 8.98499 8.98499 7.64027 6.83750 6.83750 6.89282 6.91742 5.99718 5.73744 5.73748 5.74832 5.78389 6.28964 6.39732 6.44967 6.49978 6.28777 5.90762 5.90762 5.91109 6.00821 5.90588 5.91122 5.91355 5.91355 5.91355 5.91355 5.91355 5.91355 5.91355 5.91355
5.66497 5.61273 5.67808 5.79326 5.79644 5.80661 5.80661 5.80661 5.80661 5.80661 5.80178 4.28465 3.42473 3.42958 3.68159 3.70825 3.70825 3.70825 3.70825 3.70825 3.69454 3.64655 3.56551 3.44454 3.34686 3.27540 5.22471 7.43224 8.58108 8.58200 8.58200 8.58200 8.58224 8.91776 8.98499 8.98499 8.98499 8.70977 6.89011 6.83750 6.85621 6.92341 6.32531 5.86189 5.92969 5.98658 6.03235 6.32537 6.55994 6.55994 6.56270 6.53059 5.94769 5.93278 5.93680 6.03705 5.91355 5.91355 5.91355 5.91355 5.91355 5.91355 5.91355 5.91355 5.91355 5.91671
5.58341 5.58341 5.59592 5.78259 5.79329 5.80425 5.80661 5.80661 5.80661 5.80661 5.80862 4.82797 3.42473 3.42473 3.57793 3.70825 3.69255 3.58608 3.46501 3.34391 3.23649 3.16342 3.11115 3.08769 3.06436 3.04101 3.42559 7.49918 8.46246 8.58200 8.58200 8.58200 8.58200 8.76626 8.98499 8.98499 8.98570 9.03590 7.71969 7.03642 7.12110 7.26188 6.91628 6.04326 6.04326 6.04326 6.04539 6.13023 6.57507 6.58432 6.58906 6.58913 6.16250 5.93681 5.93681 6.06659 6.12521 6.17022 6.21587 6.26440 6.38124 6.53204 6.68547 6.84170 7.00022 7.15768
5.84956 5.85753 5.86588 5.99324 6.09198 6.10607 6.12196 6.13007 6.13852 6.14656 6.15283 5.66026 3.20311 3.03037 2.90942 3.24225 3.13777 3.11661 3.09400 3.07064 3.04732 3.02397 3.01102 3.00764 3.00377 2.99931 2.99948 6.96000 8.58200 8.58200 8.58200 8.58203 8.62492 8.74430 9.18306 9.26982 9.34979 9.38027 9.06657 7.26120 7.21978 7.24503 7.23807 6.07271 6.05938 6.06687 6.07223 6.07246 6.45893 6.58913 6.58913 6.58913 6.40524 5.93823 6.02270 6.19508 7.09845 7.22758 7.33803 7.44637 7.48137 7.48137 7.47418 7.44190 7.40837 7.39780
5.92987 5.92987 5.92987 5.95841 6.13757 6.13461 6.07052 5.97452 5.87797 5.78777 5.70503 5.63710 2.83107 2.43303 2.40970 2.90326 3.03026 3.01343 3.01055 3.00709 3.00315 2.99860 2.99643 2.99643 2.99643 2.99643 2.99643 4.50911 8.69758 8.77829 8.85885 8.93949 8.97728 8.97728 9.25444 9.28601 9.18190 9.07980 8.97507 7.55304 6.80357 6.71137 6.84483 6.46284 6.47476 6.51166 6.54941 6.58745 6.77499 7.07282 6.99573 6.91743 6.83236 7.43327 7.62375 7.67197 8.25037 8.43842 8.48227 8.50042 8.50518 8.51046 8.52445 8.56851 8.61419 8.70179
5.90309 5.80972 5.71307 5.61658 5.66373 5.64171 5.64213 5.66099 5.66413 5.65359 5.60529 5.54982 3.54999 2.26246 2.19224 2.40804 2.82145 2.78300 2.75540 2.73430 2.71378 2.69370 2.67401 2.65463 2.63572 2.61725 2.59921 2.59993 6.69002 7.26350 7.19994 7.13796 7.07686 7.01694 7.05995 7.22261 7.17974 7.13683 7.09797 6.89440 5.83951 5.82053 5.88594 6.52955 7.03326 6.70850 6.36061 6.04367 5.93510 7.16791 7.21835 7.21835 7.21835 7.72231 8.15159 8.13759 8.35461 8.49349 8.41748 8.36958 8.42743 8.59539 8.76777 8.94456 9.12499 9.43560
4.95733 4.92221 4.89960 4.92548 5.08086 5.32983 5.35205 4.92046 4.88675 4.86894 4.92158 4.99242 3.76161 1.81960 1.64544 1.72284 2.43617 2.46493 2.46493 2.46493 2.46493 2.46493 2.46493 2.46493 2.46493 2.46493 2.46493 2.46493 4.50410 6.95056 6.95056 6.93006 6.88734 6.84446 6.81021 7.06851 7.07963 6.96928 6.83640 6.69750 5.66575 5.07130 4.88547 5.16558 5.66468 5.63006 5.63006 5.63006 5.63006 6.67940 7.21835 7.21630 7.17799 7.28499 8.00759 8.08486 8.30783 8.53270 8.75769 8.98245 9.10386 9.27758 9.83361 10.4842 11.2406 11.7334
5.01391 5.15378 5.28540 5.37014 5.37376 5.53750 5.65866 5.22573 5.15024 5.22235 5.23214 5.23214 4.44883 2.00422 1.64800 1.65270 2.21326 2.46493 2.46493 2.46493 2.46493 2.46493 2.46493 2.46493 2.46493 2.46493 2.46493 2.45304 2.70721 6.71031 6.81140 6.69847 6.52678 6.35510 6.18210 6.13959 6.00712 5.80015 5.63033 5.47819 5.30262 4.66000 4.65137 4.78431 5.62237 5.63006 5.63006 5.63006 5.61596 5.98151 7.22136 7.39952 7.61094 7.83581 8.80701 9.10408 9.10408 9.23554 9.77140 10.4117 11.1559 11.7215 11.7362 11.7362 11.7362 11.7362
5.37392 5.40469 5.53243 5.67543 5.83074 5.95968 5.96910 5.70198 5.23214 5.23214 5.23214 5.23214 5.03496 2.10679 1.77749 1.64544 1.92756 2.46493 2.46493 2.46493 2.46493 2.46493 2.46493 2.45925 2.42141 2.34786 2.14712 1.94452 1.77114 4.47712 5.81021 5.54748 5.38057 5.22799 5.08912 5.11663 5.43398 5.43398 5.43398 5.43398 5.43398 4.90011 4.65137 4.66458 5.44939 5.57953 5.50585 5.43210 5.37249 5.37325 7.60555 8.17085 8.17085 8.25471 9.13618 10.3409 11.0726 11.6995 11.7362 11.7362 11.7362 11.7362 11.7362 11.7362 11.7362 11.7362
5.83471 5.96134 5.96910 5.96910 5.96910 5.96910 5.96910 5.94735 5.29101 5.23214 5.23214 5.23214 5.23214 2.71894 1.97723 1.64548 1.72931 2.37038 2.46493 2.46069 2.31639 2.10184 1.88723 1.67834 1.50162 1.36913 1.38355 1.41265 1.44175 2.29484 5.03798 5.03798 5.03798 5.03798 5.03798 5.03802 5.36356 5.43398 5.43398 5.43398 5.42271 5.24541 4.54613 4.47813 4.91239 5.32520 5.32515 5.32515 5.32515 5.35242 6.75637 9.19959 9.83477 10.4319 10.5918 11.7095 11.7362 11.7362 11.7362 11.7362 11.7362 11.7362 11.7362 11.7478 11.7851 11.8236
5.94241 5.94114 5.93994 5.93874 5.93748 5.93628 5.93507 5.93382 5.53721 5.19444 5.19319 5.19200 5.19076 3.47186 2.06494 1.70657 1.58369 1.73995 1.62737 1.41695 1.35035 1.37575 1.40486 1.43396 1.46305 1.48366 1.48446 1.48446 1.48446 1.47049 4.40903 5.03798 5.03798 5.03798 5.03798 5.02924 5.17484 5.36197 5.32960 5.29722 5.27608 5.27565 4.65633 4.39728 4.63038 5.33878 5.52495 5.77047 6.04582 6.31440 6.65329 10.2955 10.4919 10.4919 10.4919 11.3491 11.7362 11.7465 11.7835 11.8219 11.8603 11.8986 11.9370 11.9639 11.9648 12.0637
5.91705 5.91705 5.91705 5.91705 5.91705 5.91705 5.91705 5.91705 5.81992 5.17302 5.14141 5.11590 5.08957 3.98189 1.85917 1.69161 1.30711 1.46896 1.42706 1.45526 1.48077 1.48446 1.48446 1.48446 1.48446 1.48446 1.48446 1.48446 1.48446 1.48446 3.01865 5.00199 4.96963 4.93720 4.90484 4.88090 4.91452 5.26821 5.27565 5.27565 5.27565 5.27705 5.14090 4.51196 4.63468 5.93493 6.35449 6.35449 6.35449 6.35449 6.35449 8.85472 10.4794 10.4675 10.4556 10.9022 11.9354 11.9634 11.9648 11.9648 11.9648 11.9648 12.5078 13.8708 15.5674 17.5266
5.91705 5.91705 5.91705 5.91502 5.89406 5.86860 5.84307 5.81759 5.79185 5.25354 5.03709 5.04301 5.06017 4.59621 1.95550 1.97728 1.52284 1.53976 1.50832 1.48503 1.48520 1.48536 1.48553 1.48569 1.48585 1.48602 1.48618 1.48635 1.48651 1.48667 1.63492 4.71457 4.88181 4.88194 4.88208 4.88221 4.88234 5.15684 5.31527 5.39450 5.47374 5.55159 5.57769 4.89809 4.64897 5.41917 6.34596 6.33844 6.34387 6.36284 6.38181 7.21987 10.4174 10.4232 10.4232 10.4610 11.8505 11.9648 12.1096 13.2124 14.7440 16.6767 17.9427 18.0171 18.3696 18.7498
5.90625 5.88853 5.87091 5.85527 5.85852 5.86479 5.86461 5.84304 5.81921 5.61837 5.23896 5.25719 5.26512 5.24501 2.44268 2.23547 2.04041 1.61743 1.54388 1.48875 1.48875 1.48875 1.48875 1.48875 1.48875 1.48875 1.48875 1.48875 1.48875 1.48875 1.48854 3.60639 4.88308 4.88308 4.90455 4.98096 5.06003 5.26443 5.57763 5.57768 5.57378 5.56662 5.55947 5.33751 4.64906 5.09347 6.10132 6.42620 6.43975 6.43975 6.43975 6.49214 9.67353 10.4232 10.4243 10.9885 13.2481 15.7346 17.7228 18.3900 18.7702 19.1502 19.5304 19.8382 19.8656 19.8656
5.59538 5.58099 5.54656 5.50115 5.45627 5.41306 5.37559 5.36031 5.34703 5.32842 4.87083 4.79459 4.78175 4.76869 3.06643 2.24403 2.23482 1.71487 1.56960 1.49469 1.48875 1.48875 1.48875 1.48875 1.48875 1.48875 1.48875 1.48875 1.48875 1.48875 1.50162 2.27001 5.04044 5.12130 5.18098 5.19230 5.20136 5.21902 5.52931 5.56896 5.58803 5.61038 5.63272 5.64581 4.93306 4.96275 5.69961 6.43975 6.43975 6.43975 6.43975 6.52004 8.79579 13.0574 15.1307 16.4782 17.3491 19.5508 19.8455 19.8656 19.8656 19.8656 19.8656 19.8656 19.8656 19.8656
5.28824 5.26657 5.25629 5.25629 5.25629 5.25629 5.25629 5.25629 5.25629 5.25629 5.01063 4.74340 4.74340 4.74340 3.62919 2.24403 2.24403 1.99634 1.57315 1.52400 1.48875 1.48875 1.48875 1.48875 1.48875 1.48875 1.49274 1.56638 1.66553 1.77253 1.86981 1.88163 4.56507 5.23009 5.25846 5.28129 5.30364 5.32600 5.51306 5.64590 5.64590 5.64590 5.64590 5.64590 5.39002 4.79717 5.47172 6.23471 6.71828 7.13821 7.62170 8.06390 8.53017 17.0536 17.5533 17.5533 17.5563 19.5012 19.8656 19.8656 19.8656 19.8656 19.8656 19.8656 19.8656 19.8656
5.20878 5.25629 5.25629 5.25629 5.25629 5.25629 5.25629 5.25629 5.25629 5.25629 5.20925 4.75488 4.74340 4.74340 4.11080 2.24367 2.24403 2.22200 1.63894 1.55569 1.48875 1.48875 1.48890 1.54758 1.65758 1.76783 1.87404 1.91068 1.92200 1.92770 1.93046 1.93322 3.35937 5.34049 5.34149 5.34149 5.34149 5.34149 5.39933 5.64590 5.64590 5.64590 5.64590 5.63384 5.55608 4.95088 5.82123 6.68389 7.87992 7.86968 7.86968 7.86968 7.86968 13.4587 17.5533 17.5533 17.5533 18.6512 19.8656 19.8656 19.8656 19.8656 19.8656 19.8656 19.8656 19.8656
5.10779 5.19005 5.18471 5.17904 5.17344 5.16798 5.16224 5.15673 5.15128 5.14548 5.14000 4.79614 4.61585 4.61041 4.44462 2.20335 2.24403 2.24377 1.90344 1.59444 1.65559 1.76317 1.87323 1.92485 1.92697 1.92973 1.93249 1.93525 1.93770 1.93809 1.93809 1.93809 2.07894 5.15269 5.34149 5.34149 5.34149 5.34149 5.33385 5.50912 5.47781 5.39005 5.30247 5.22713 5.21698 5.21698 5.87952 6.32385 7.64401 7.86968 7.86968 7.86968 7.86968 9.62950 17.5442 17.5533 17.5533 17.8176 19.8462 19.8656 19.9164 20.7023 21.8913 23.3422 25.1519 27.4756
4.91358 4.99574 5.01897 5.01897 5.01897 5.01897 5.01897 5.01897 5.01897 5.01897 5.01897 4.89074 4.50509 4.50089 4.49646 2.58255 2.22401 2.22534 2.17877 1.91968 1.92017 1.93176 1.93452 1.93722 1.93809 1.93809 1.93809 1.93809 1.93809 1.93809 1.93809 1.93809 1.93808 4.02779 5.27042 5.18271 5.09504 5.00741 4.92746 5.04652 5.21698 5.21698 5.21698 5.21698 5.21698 5.19184 5.53584 6.13921 6.76585 7.86968 7.86968 7.86968 7.86968 7.96924 15.6439 17.4342 17.2555 17.0770 21.9650 27.3316 30.1796 30.9810 30.9810 30.9810 30.9810 30.9810
