results/OMI_NO2_200709.asc
ncols      200
nrows      200
xllcorner       120.258
yllcorner       41.1236
cellsize     0.0166667
NODATA_Value      -999.000
[rows 116 to 144 of 181, columns 65 to 129 of 200]
0.950839 0.955909 0.960955 0.967116 1.03404 1.04260 1.04759 1.05296 1.19725 1.19734 1.18328 1.31675 1.34917 1.34693 1.40573 1.42339 1.45664 1.47398 1.47241 1.47247 1.47239 1.47231 1.47223 1.47216 1.46672 1.45174 1.51935 1.79801 1.85806 1.84009 1.84762 1.99090 2.03201 2.11450 2.12661 2.13566 2.13825 2.06691 2.04374 2.02427 2.00603 2.01049 2.08111 2.07994 2.10812 2.01839 2.01246 1.96135 1.94344 1.87767 1.83523 1.90647 1.79918 1.70251 1.71188 1.68947 1.70427 1.71214 1.70870 1.72261 1.67481 1.65212 1.65817 1.66352 1.62224
0.990970 0.992242 0.993531 0.994830 1.04690 1.05806 1.04513 1.03181 1.11208 1.19501 1.20855 1.36093 1.49318 1.42965 1.49638 1.47141 1.47113 1.47113 1.47113 1.46674 1.45268 1.43787 1.42253 1.40660 1.39648 1.39707 1.41628 1.68757 1.85900 1.85559 1.89161 2.01218 2.10141 2.16955 2.17719 2.15772 2.13233 2.06412 2.03063 2.02669 2.04379 2.06537 2.13464 2.14710 2.14067 2.06017 1.96331 1.91202 1.85359 1.83003 1.80538 1.86066 1.87071 1.74174 1.73739 1.70115 1.69423 1.71885 1.74549 1.77397 1.79038 1.67842 1.68708 1.71847 1.72689
0.997273 0.983482 0.968897 0.954307 0.974529 1.01729 1.05894 1.11244 1.20000 1.39354 1.32404 1.37716 1.51963 1.44448 1.45505 1.46087 1.43980 1.42452 1.40864 1.39743 1.39747 1.40108 1.40671 1.41384 1.42107 1.42836 1.43575 1.60663 1.82862 1.83023 1.84038 1.86732 1.95358 1.94023 1.97436 1.96876 1.98664 2.00044 1.96514 1.99603 2.00755 2.01470 2.05694 2.07030 2.07702 2.04222 1.83903 1.83302 1.76520 1.76510 1.76510 1.78328 1.85084 1.78178 1.78171 1.79310 1.78238 1.78440 1.78407 1.77491 1.78858 1.76881 1.72928 1.72628 1.71534
0.940241 0.939888 0.973224 1.02685 1.09926 1.21360 1.23036 1.23515 1.23930 1.41604 1.36570 1.31317 1.48991 1.44644 1.35013 1.46309 1.45973 1.46763 1.47563 1.48372 1.49145 1.49527 1.49685 1.49685 1.49685 1.49685 1.49685 1.58746 1.69024 1.69562 1.69417 1.74513 1.92740 1.96808 2.07082 2.10735 2.11807 2.11821 2.05791 2.04067 2.04067 2.04067 2.06029 2.08827 2.08156 2.08152 1.87269 1.84093 1.78150 1.76820 1.78747 1.80779 1.89437 1.89608 1.87436 1.87342 1.83251 1.82692 1.82745 1.83684 1.85504 1.89792 1.85943 1.94445 2.04244
1.23692 1.25422 1.28838 1.29834 1.30059 1.29741 1.29400 1.29060 1.28964 1.41605 1.46900 1.29703 1.46328 1.52153 1.35444 1.49539 1.49754 1.49685 1.49678 1.49344 1.48837 1.48332 1.47824 1.47318 1.46816 1.46399 1.46015 1.51524 1.69107 1.73769 1.79513 1.87446 2.00323 2.04477 2.09347 2.11821 2.11655 2.11166 2.07799 2.02417 2.01921 2.01424 2.01270 2.05887 2.04023 2.03668 1.91390 1.82270 1.81318 1.78838 1.78981 1.79201 1.83103 1.86730 1.89229 1.88934 1.86328 1.83264 1.84692 1.97111 2.12124 2.22837 2.27970 2.25200 2.26134
1.48211 1.29306 1.29627 1.30353 1.31084 1.31858 1.32621 1.33356 1.33947 1.38672 1.52874 1.36103 1.40124 1.52280 1.36278 1.39958 1.47754 1.46772 1.46429 1.46413 1.46593 1.46861 1.47140 1.47418 1.45787 1.40868 1.35930 1.32035 1.56218 1.63914 1.84474 1.81407 1.86795 2.02016 2.04241 2.09785 2.10652 2.11841 2.12775 2.07034 2.07455 2.07536 2.08601 2.17931 2.23146 2.25753 2.20346 2.03101 2.01850 1.94730 1.94971 1.95067 1.96177 1.97888 1.96503 2.10920 2.26134 2.39794 2.53969 2.56919 2.57716 2.52606 2.42580 2.36749 2.36168
1.55732 1.34424 1.32455 1.33343 1.34245 1.35143 1.36033 1.36912 1.37786 1.38753 1.43517 1.36128 1.27514 1.42946 1.34338 1.31075 1.45431 1.42809 1.41189 1.39571 1.36901 1.31858 1.27556 1.23001 1.20015 1.20374 1.20786 1.20358 1.39169 1.43250 1.74056 1.74648 1.75670 2.12461 2.15758 2.21508 2.20740 2.19527 2.18616 2.15397 2.13436 2.15655 2.16863 2.21072 2.25513 2.25392 2.24765 2.03339 2.01033 1.97021 1.99853 2.12187 2.26297 2.47380 2.54238 2.58415 2.58291 2.57581 2.57051 2.56925 2.56805 2.56098 2.41998 2.37428 2.33987
1.60331 1.50201 1.39103 1.39606 1.40095 1.40583 1.41073 1.41562 1.42051 1.42539 1.45791 1.46436 1.32682 1.23441 1.18433 1.13868 1.25010 1.26273 1.23273 1.20309 1.18323 1.18813 1.18613 1.18538 1.18731 1.18924 1.19118 1.19311 1.28764 1.42910 1.59889 1.75728 1.72469 2.05095 2.15236 2.18410 2.22096 2.24364 2.26304 2.25163 2.18274 2.17607 2.16981 2.15967 2.15673 2.15084 2.16628 2.11907 2.16739 2.34167 2.47877 2.49652 2.49652 2.53087 2.54092 2.54195 2.54195 2.54031 2.53275 2.53892 2.54611 2.55329 2.47143 2.40039 2.35717
1.64590 1.63975 1.46149 1.46359 1.47386 1.48401 1.49410 1.50439 1.51841 1.53362 1.56131 1.60263 1.50219 1.23957 1.14739 1.08520 1.11021 1.23734 1.22867 1.22867 1.22867 1.22867 1.22857 1.22354 1.21581 1.20808 1.20034 1.19262 1.19450 1.44514 1.42909 1.76266 1.77155 1.97697 2.20493 2.21326 2.22723 2.21884 2.21125 2.20471 2.15243 2.14667 2.17221 2.26785 2.38814 2.51446 2.61313 2.55453 2.41176 2.44460 2.51036 2.51772 2.52505 2.54104 2.59611 2.58824 2.59543 2.60261 2.60178 2.59875 2.58697 2.57286 2.53140 2.39405 2.39043
1.74622 1.75000 1.62720 1.54330 1.54793 1.55322 1.55850 1.56354 1.56430 1.54118 1.50756 1.50915 1.46561 1.23864 1.09815 1.06132 1.05826 1.21882 1.21738 1.20966 1.20193 1.19420 1.18657 1.18387 1.18387 1.18277 1.17426 1.16396 1.15345 1.36186 1.34060 1.66377 1.80613 1.85033 2.16466 2.17679 2.20684 2.19866 2.18547 2.24073 2.36071 2.53354 2.64292 2.67983 2.68153 2.69889 2.70859 2.70054 2.48008 2.48877 2.56721 2.57339 2.57339 2.57339 2.63529 2.59808 2.60297 2.58886 2.57174 2.55190 2.54957 2.54836 2.54910 2.43506 2.36253
1.75629 1.76157 1.73499 1.56546 1.56479 1.54816 1.51289 1.47764 1.44283 1.43001 1.42812 1.45495 1.48289 1.39432 1.17763 1.11099 1.10740 1.19211 1.19528 1.17099 1.16131 1.15147 1.14144 1.13121 1.12080 1.11141 1.10996 1.10996 1.10996 1.23162 1.35779 1.45812 1.84965 1.79035 2.14139 2.24101 2.35623 2.48166 2.59224 2.63441 2.64195 2.72512 2.73386 2.73386 2.72547 2.73269 2.73269 2.73269 2.54054 2.48011 2.54532 2.57339 2.57126 2.55959 2.60825 2.52951 2.53102 2.53212 2.52932 2.51642 2.51097 2.50793 2.50292 2.43403 2.30851
1.77290 1.75423 1.68623 1.52019 1.44932 1.43340 1.45424 1.45384 1.50224 1.56480 1.62702 1.69954 1.76725 1.68512 1.32929 1.12611 1.06384 1.06484 1.16542 1.10996 1.10996 1.10996 1.11456 1.16316 1.22262 1.28202 1.34143 1.40074 1.44647 1.48923 1.43886 1.43698 1.93634 2.06996 2.42256 2.60789 2.61344 2.64000 2.64000 2.64000 2.64001 2.68920 2.73437 2.73465 2.72722 2.73365 2.73432 2.73460 2.61800 2.47495 2.50068 2.55126 2.53472 2.52370 2.52227 2.56700 2.45790 2.44912 2.44405 2.43646 2.42827 2.41855 2.32848 2.20587 2.00117
1.61552 1.57225 1.59478 1.61785 1.62973 1.69443 1.74488 1.74240 1.75134 1.75493 1.75852 1.76494 1.79651 1.78969 1.44184 1.27089 1.18231 1.24115 1.40101 1.43093 1.49005 1.54946 1.60452 1.61383 1.59498 1.57224 1.54954 1.56026 1.65100 1.75743 1.79589 1.77191 1.98175 2.27727 2.37933 2.61465 2.61565 2.64253 2.64907 2.64511 2.63169 2.62961 2.69693 2.68397 2.66948 2.66382 2.64976 2.62915 2.56735 2.34299 2.33833 2.38769 2.38457 2.38019 2.37746 2.50950 2.45104 2.44730 2.40447 2.34857 2.17148 2.07722 2.07024 2.08970 2.07889
1.78501 1.81028 1.85582 1.88414 1.82894 1.81748 1.81174 1.76760 1.73477 1.72587 1.71696 1.70806 1.99546 2.13927 1.96944 1.68904 1.55166 1.56193 1.60648 1.66680 1.62387 1.60756 1.59093 1.59505 1.69121 1.79896 1.90659 1.98653 2.01952 2.04782 2.04441 1.95143 1.98740 2.42352 2.41972 2.49309 2.48349 2.48411 2.49060 2.48600 2.49079 2.49529 2.55797 2.57900 2.57278 2.56906 2.58674 2.58974 2.59020 2.37238 2.34537 2.38880 2.42086 2.43108 2.39615 2.44215 2.37090 2.31024 2.29973 2.30047 2.19210 2.12239 2.12311 2.12386 2.11532
1.89782 1.84977 1.83900 1.82982 1.79400 1.73889 1.73581 1.72240 1.69079 1.69486 1.69894 1.70301 1.92673 2.19148 2.13055 1.79293 1.70415 1.76475 1.82663 1.79412 1.82088 1.94881 2.07847 2.18949 2.22577 2.25458 2.28322 2.30626 2.31005 2.31221 2.30699 2.18527 2.18718 2.45927 2.57664 2.56610 2.60441 2.62906 2.54020 2.53430 2.52900 2.52426 2.55651 2.63675 2.65936 2.66526 2.69833 2.72143 2.74593 2.61811 2.48181 2.41990 2.34104 2.28160 2.26727 2.31089 2.37122 2.33124 2.33158 2.33158 2.29897 2.15226 2.15091 2.14332 2.13471
1.86058 1.83793 1.82799 1.83130 1.83292 1.76788 1.75123 1.73500 1.67420 1.66168 1.64996 1.65430 1.73985 2.16345 2.17832 2.17670 2.17748 2.32362 2.42708 2.49186 2.36717 2.36653 2.36699 2.36699 2.36699 2.36699 2.38048 2.42002 2.46168 2.50225 2.53510 2.46250 2.41646 2.43960 2.76981 2.70245 2.70315 2.71748 2.64271 2.63931 2.66145 2.68178 2.70325 2.79645 2.80221 2.77184 2.73863 2.67610 2.61467 2.49481 2.29321 2.29837 2.28755 2.29146 2.29272 2.29679 2.31976 2.22894 2.21241 2.19619 2.17993 2.03496 1.97873 1.98039 1.98661
1.78453 1.76215 1.72848 1.71657 1.70469 1.66300 1.62628 1.64812 1.63831 1.65536 1.68153 1.69162 1.73060 2.20958 2.36287 2.49041 2.44269 2.53710 2.54405 2.54215 2.41608 2.41205 2.45163 2.48401 2.51572 2.54753 2.56410 2.55222 2.54012 2.53924 2.55544 2.51728 2.45608 2.48588 2.78404 2.91068 2.91602 2.92491 2.87266 2.79922 2.85403 2.92856 2.97519 2.90334 2.75232 2.68065 2.65498 2.65472 2.65077 2.64038 2.42258 2.40563 2.38995 2.37675 2.37672 2.37672 2.21230 2.07805 2.07592 2.07993 2.09063 2.04944 1.95422 1.95766 1.96382
1.72438 1.72400 1.70341 1.72593 1.75470 1.77819 1.74128 1.74522 1.74161 1.79141 1.86737 1.94333 1.98034 2.23478 2.46128 2.54642 2.48530 2.57726 2.63156 2.65356 2.63776 2.60926 2.61455 2.64007 2.66641 2.69227 2.71765 2.74252 2.76689 2.78482 2.79581 2.79446 2.75864 2.75864 2.84458 3.14624 3.13138 3.19405 3.20906 3.04692 2.99099 2.92067 2.87988 2.84022 2.62409 2.61592 2.59830 2.60952 2.60952 2.60952 2.46443 2.39309 2.39033 2.37672 2.36079 2.32421 2.26167 2.10181 2.10875 2.12454 2.13708 2.17326 2.09734 2.13563 2.18554
1.77383 1.79926 1.79660 1.77647 1.76482 1.74054 1.78450 1.91742 1.97302 2.03508 2.04570 2.04404 2.02413 2.12662 2.55333 2.54993 2.71195 2.73712 2.81839 2.83165 2.83615 2.80055 2.80849 2.80862 2.80862 2.80862 2.81940 2.87380 2.93247 2.99138 3.05019 3.14399 2.81435 2.82515 2.91101 3.20601 3.10730 3.04631 3.01320 2.90239 2.85790 2.85790 2.85790 2.85790 2.69512 2.62234 2.60647 2.62832 2.63695 2.62600 2.51688 2.35768 2.33775 2.30683 2.30846 2.33092 2.37975 2.26123 2.31052 2.36356 2.41376 2.43749 2.36890 2.29205 2.29504
1.67243 1.69610 1.67335 1.63731 1.62223 1.61963 1.65647 1.88063 1.86170 1.98300 1.95367 1.93287 1.93174 1.93504 2.50057 2.56848 2.76130 2.77437 2.89745 2.96079 3.01945 3.03761 3.08117 3.13994 3.19870 3.25751 3.30771 3.37342 3.46144 3.54942 3.64688 3.74196 3.33126 3.11372 3.16178 3.18453 3.08711 3.05715 3.06644 3.01771 2.92399 2.93260 2.94126 2.94964 2.86178 2.65238 2.58230 2.52500 2.48565 2.47314 2.46306 2.28795 2.28642 2.26507 2.28150 2.31616 2.37098 2.38379 2.42763 2.42145 2.41501 2.38393 2.32884 2.29255 2.30264
1.57223 1.62413 1.59826 1.55550 1.51734 1.48109 1.45123 1.67712 1.77522 1.90431 1.97697 2.00894 2.04101 2.07298 2.58037 2.96608 3.16963 3.34808 3.36214 3.36570 3.36569 3.34934 3.33885 3.43629 3.54287 3.64953 3.75854 3.84263 3.90686 3.97108 4.02590 4.04778 3.83823 3.37084 3.38219 3.40819 3.30371 3.09108 3.07654 3.02952 2.83785 2.78373 2.73924 2.69632 2.67852 2.49910 2.46625 2.42380 2.42147 2.41116 2.41447 2.29160 2.27859 2.33199 2.34125 2.33313 2.32670 2.28957 2.30436 2.26608 2.22302 2.20509 2.20489 2.24626 2.27191
1.54460 1.51704 1.53041 1.54600 1.56153 1.58800 1.61450 1.72895 2.00587 2.12312 2.23500 2.23288 2.23029 2.22768 2.49033 3.12650 3.19274 3.50136 3.56133 3.56935 3.61436 3.66603 3.89694 3.97546 4.03221 4.08898 4.14112 4.15916 4.17028 4.18142 4.19272 4.20559 4.17507 3.50732 3.48968 3.48034 3.40512 2.98230 2.72611 2.68308 2.67657 2.68831 2.69010 2.69235 2.69447 2.58545 2.45444 2.44915 2.53802 2.63325 2.71376 2.67144 2.62242 2.65875 2.26517 2.19999 2.15972 2.12505 2.17693 2.20826 2.20835 2.20845 2.20855 2.22160 2.27574
1.70687 1.69657 1.69737 1.69609 1.69061 1.68969 1.68883 1.68856 1.96333 2.06950 2.23634 2.24864 2.26147 2.27425 2.32550 3.19483 3.27694 3.68464 3.93380 3.88042 3.93456 3.98299 4.14207 4.27285 4.27540 4.27797 4.28054 4.28311 4.28567 4.27978 4.21992 4.15087 4.08418 3.54213 3.31260 3.28569 3.24063 2.95158 2.66035 2.62748 2.69858 2.80564 2.85751 2.92943 3.02453 3.09980 2.99227 2.90405 2.89380 2.87993 2.84125 2.76739 2.55933 2.53904 2.29934 2.14306 2.14306 2.12327 2.16808 2.24763 2.26285 2.27803 2.29327 2.30845 2.37516
1.76355 1.75259 1.75051 1.75961 1.77017 1.78076 1.79078 1.80083 1.93794 2.16068 2.37360 2.40835 2.43131 2.45428 2.46709 3.09533 3.43352 3.72518 4.13155 4.08672 4.06311 4.06311 4.08605 4.28407 4.23495 4.16501 4.10429 4.05024 3.99820 3.95488 3.95750 3.96830 3.98361 3.75456 3.41849 3.46482 3.46756 3.33416 3.08292 3.00554 3.05287 3.15525 3.20457 3.22970 3.23306 3.21927 3.03949 2.84936 2.75386 2.71564 2.70223 2.68865 2.60878 2.62258 2.52743 2.25652 2.27089 2.27540 2.25925 2.36534 2.37682 2.37682 2.37391 2.36047 2.36890
1.84502 1.83479 1.81244 1.81244 1.81464 1.81989 1.83584 1.85650 1.88627 2.20439 2.39725 2.47748 2.52065 2.56628 2.61190 2.97233 3.54479 3.66784 4.08264 4.14222 4.07640 4.07333 4.06978 3.91890 3.91156 3.91219 3.93912 3.97093 4.00218 4.03327 4.06392 4.09433 4.11988 4.08799 3.64886 3.64722 3.64276 3.54267 3.35455 3.16048 3.14779 3.16128 3.13469 3.07765 3.01914 2.97777 2.91011 2.69280 2.61851 2.61850 2.61850 2.61850 2.65024 2.67337 2.67245 2.29782 2.27857 2.28495 2.25937 2.31898 2.34486 2.33027 2.31817 2.31245 2.28725
1.84502 1.84650 1.83332 1.85031 1.87053 1.90343 1.91129 1.91267 1.90497 2.10852 2.46300 2.59059 2.59669 2.64194 2.68966 2.79549 3.63650 3.74097 4.20943 4.22464 3.97722 4.02870 4.07497 4.00576 4.01682 4.05630 4.06512 4.06512 4.06512 4.06512 4.04046 3.96399 3.88423 3.81150 3.61508 3.55717 3.54415 3.43792 3.20141 3.03130 2.91253 2.89632 2.94603 2.94603 2.94603 2.94603 2.94505 2.74148 2.62202 2.61850 2.61755 2.61591 2.63943 2.71430 2.75417 2.52374 2.39595 2.42445 2.36055 2.26686 2.27195 2.22479 2.17259 2.12449 2.09846
1.93067 1.94921 1.93285 1.92322 1.91792 1.91754 1.94763 1.98988 2.04124 2.13765 2.68424 2.84353 2.89673 2.92675 2.95281 2.97994 3.63818 3.86177 4.16362 4.35506 4.16414 4.21681 4.15337 4.02366 3.81482 3.76048 3.67611 3.58967 3.50130 3.41089 3.35047 3.35300 3.35734 3.34634 3.35497 3.25404 3.12454 2.98585 2.87691 3.01982 2.87564 2.87410 2.92891 2.93574 2.93399 2.93223 2.93047 2.84012 2.66953 2.70894 2.75501 2.81357 2.85718 2.92192 2.93273 2.81416 2.53503 2.51009 2.44025 2.26372 2.18656 2.20117 2.22107 2.24102 2.25846
1.93988 1.95820 1.98217 2.11089 2.16331 2.21772 2.25822 2.27863 2.29929 2.32225 2.69794 3.04507 3.07185 3.08026 3.10680 3.13491 3.37326 3.50667 3.59320 3.82089 3.53303 3.46119 3.43642 3.43625 3.29622 3.34364 3.34672 3.35028 3.35383 3.35192 3.25606 3.12598 2.99567 2.88090 2.93158 3.00837 3.00174 2.97898 2.82243 2.96047 2.89101 2.87210 2.92567 3.00290 3.05192 3.11353 3.17909 3.21211 2.96038 2.97305 2.97838 2.99768 3.02806 3.08880 3.08821 3.04278 2.56922 2.55848 2.58324 2.45505 2.38041 2.39411 2.40882 2.42353 2.44079
1.89413 1.99703 1.98452 2.33526 2.44291 2.47903 2.51071 2.53882 2.56683 2.59466 2.71402 3.25850 3.32121 3.34113 3.34267 3.34441 3.32246 3.14782 3.23027 3.62318 3.46676 3.42803 3.50651 3.57811 3.51701 3.33927 3.24461 3.09848 2.95232 2.81163 2.76242 2.74569 2.72898 2.71219 2.72296 2.82130 2.81398 2.80793 2.73074 2.78415 3.05335 3.11509 3.16840 3.27374 3.31626 3.34040 3.36149 3.38260 3.21473 3.17723 3.15444 3.06388 2.96832 2.90827 2.90081 2.87311 2.79442 2.79754 2.79191 2.65568 2.49737 2.47599 2.47710 2.47820 2.47936
