results/OMI_NO2_200508.asc
ncols      200
nrows      200
xllcorner       120.258
yllcorner       41.1236
cellsize     0.0166667
NODATA_Value      -999.000
[rows 29 to 57 of 181, columns 0 to 65 of 200]
1.17934 1.16137 1.14432 1.12957 1.14621 1.14781 1.14921 1.12751 1.12350 1.09114 1.07989 1.07219 1.06447 1.18050 1.21295 1.24672 1.21452 1.22206 1.23427 1.24664 1.25939 1.26671 1.26385 1.26283 1.26287 1.26287 1.19714 1.17335 1.17336 1.18604 1.16562 1.07156 0.893114 0.821469 0.932823 1.07628 1.10050 1.12060 1.14092 1.14710 1.14515 1.14139 1.13139 1.12987 1.13909 1.18088 1.23698 1.26772 1.32919 1.34365 1.34894 1.29646 1.32990 1.29011 1.16392 1.17969 1.19520 1.21045 1.22076 1.17086 1.16974 1.16770 1.16277 1.16358 1.16505 1.16875
1.10676 1.11100 1.11761 1.11761 1.13768 1.14681 1.14397 1.12098 1.08002 1.05830 1.04656 1.06484 1.08338 1.15600 1.23415 1.25222 1.27110 1.27362 1.27622 1.27878 1.28142 1.28403 1.28533 1.28065 1.27716 1.27356 1.23990 1.17181 1.17150 1.18854 1.21230 1.20326 1.02981 0.934790 0.970163 1.16936 1.17570 1.16996 1.15374 1.14736 1.15625 1.17339 1.22094 1.27474 1.31938 1.33898 1.31653 1.32419 1.36683 1.38408 1.38485 1.41121 1.42405 1.42733 1.26364 1.24284 1.24284 1.24325 1.24565 1.21181 1.18714 1.18974 1.18497 1.18622 1.18877 1.18395
1.10590 1.10792 1.10931 1.10090 1.10225 1.10417 1.09776 1.11955 1.08626 1.12547 1.13011 1.13252 1.13448 1.14997 1.28344 1.29699 1.32764 1.32655 1.32030 1.31373 1.30715 1.30057 1.29417 1.28870 1.28752 1.28384 1.27811 1.24963 1.26616 1.25546 1.24854 1.19285 1.06802 0.921877 0.937375 1.06995 1.14825 1.17850 1.24081 1.29777 1.34520 1.38567 1.39825 1.39825 1.39825 1.39564 1.31108 1.32419 1.34247 1.38408 1.38408 1.41027 1.40196 1.43313 1.32952 1.25530 1.25761 1.25953 1.25976 1.25012 1.18082 1.15822 1.12644 1.09441 1.06898 1.06317
1.11273 1.09447 1.04865 1.06172 1.09162 1.15942 1.19026 1.19258 1.14003 1.14537 1.14634 1.14698 1.15583 1.17432 1.29317 1.37277 1.33599 1.30582 1.30618 1.30688 1.30505 1.30153 1.29800 1.28605 1.25345 1.22524 1.19746 1.17693 1.15825 1.15152 1.15004 1.12089 1.07719 0.962233 1.05290 1.17764 1.37125 1.39801 1.39825 1.39825 1.39825 1.39825 1.39825 1.39825 1.39825 1.39825 1.34312 1.32039 1.32496 1.37724 1.38408 1.40506 1.38542 1.43170 1.38125 1.22556 1.20289 1.17674 1.15001 1.12565 1.08002 1.07185 1.10727 1.16318 1.21701 1.25809
0.867711 0.998472 1.23986 1.20198 1.20087 1.20945 1.22112 1.23589 1.21830 1.21120 1.23338 1.25124 1.26089 1.26090 1.30353 1.42384 1.38903 1.31418 1.29311 1.26044 1.23027 1.20180 1.17333 1.15138 1.14615 1.14021 1.12713 1.11576 1.12623 1.14233 1.16441 1.22843 1.25269 1.18573 1.16651 1.20235 1.36862 1.39825 1.39825 1.39825 1.39825 1.39825 1.39825 1.39825 1.39703 1.38986 1.36810 1.27961 1.28245 1.28777 1.29591 1.27457 1.36933 1.43083 1.43667 1.30232 1.26424 1.28490 1.31248 1.34055 1.36590 1.42266 1.49010 1.55501 1.61129 1.66756
0.831154 0.922374 1.21590 1.26695 1.27287 1.29787 1.32758 1.33498 1.31565 1.25315 1.26072 1.25830 1.25574 1.25038 1.24659 1.31625 1.29167 1.17090 1.15015 1.15015 1.15015 1.14370 1.13120 1.11845 1.09877 1.10192 1.17583 1.20036 1.22416 1.22826 1.22033 1.23425 1.22368 1.17662 1.08196 1.10665 1.23972 1.34369 1.33866 1.33361 1.32848 1.32348 1.31685 1.29894 1.28012 1.26720 1.25483 1.15052 1.12800 1.12897 1.17713 1.17198 1.32748 1.48852 1.53785 1.49496 1.39909 1.42734 1.48071 1.53106 1.58717 1.66725 1.69597 1.69752 1.70710 1.70911
1.01809 1.07526 1.20395 1.38058 1.33184 1.33552 1.34069 1.33951 1.33245 1.24029 1.24272 1.23888 1.23528 1.23462 1.23462 1.24479 1.25381 1.18989 1.13244 1.12514 1.11484 1.11891 1.13153 1.13679 1.14356 1.06452 1.16138 1.16368 1.15443 1.11910 1.04468 1.04285 1.12873 1.11675 1.05653 1.05867 1.12563 1.31430 1.30268 1.28788 1.27308 1.25827 1.24091 1.23117 1.22363 1.21608 1.20875 1.16840 1.09724 1.10547 1.14987 1.17430 1.24990 1.50240 1.64829 1.70041 1.62443 1.65585 1.66914 1.68108 1.68478 1.69507 1.72375 1.71321 1.70383 1.71008
1.11949 1.05736 1.10118 1.37919 1.36053 1.33998 1.33115 1.31210 1.31233 1.24854 1.22747 1.22322 1.22016 1.20920 1.19607 1.18733 1.19298 1.18368 1.11478 1.11392 1.11736 1.11262 1.10455 1.09373 1.08310 1.03039 1.05561 1.11780 1.11783 1.12273 1.03837 1.03533 1.08489 1.09685 1.05414 0.977892 1.00285 1.17784 1.23365 1.22590 1.21815 1.21040 1.20677 1.20363 1.19465 1.19808 1.22647 1.25725 1.17110 1.08351 1.15119 1.34223 1.40892 1.64106 1.72630 1.75851 1.68850 1.63461 1.63321 1.63179 1.63036 1.62904 1.65717 1.65671 1.62522 1.66964
1.15844 1.05423 1.09555 1.21753 1.37508 1.33418 1.33455 1.32223 1.31793 1.27406 1.19712 1.17431 1.17123 1.18416 1.19709 1.20882 1.23116 1.23717 1.16107 1.08806 1.08800 1.08752 1.08538 1.08276 1.07506 1.05731 0.991965 1.07637 1.06013 1.04672 0.969999 0.936945 0.954143 1.01403 0.983000 0.923838 0.925854 1.01163 1.11884 1.10680 1.09499 1.10070 1.12513 1.15795 1.19684 1.21456 1.19274 1.16664 1.16482 1.14509 1.13498 1.35800 1.38178 1.53737 1.63789 1.70620 1.68486 1.58745 1.58745 1.58745 1.58745 1.58134 1.58223 1.59400 1.55238 1.57074
1.17003 1.12317 1.10696 1.11624 1.36424 1.33033 1.31114 1.29295 1.27952 1.28203 1.22724 1.19988 1.18621 1.18247 1.18024 1.17774 1.18077 1.18779 1.15457 1.05601 1.04150 1.02926 1.01468 1.00021 0.982571 0.965557 0.892588 0.941527 0.991389 1.00948 0.939213 0.892624 0.895041 0.970105 0.970237 0.964451 0.875570 0.911202 1.09835 1.15416 1.19172 1.19242 1.17244 1.14671 1.12000 1.10307 1.10279 1.10279 1.11699 1.19739 1.12874 1.25906 1.38178 1.47152 1.61055 1.67175 1.68429 1.56756 1.53654 1.52494 1.51334 1.50783 1.50851 1.55346 1.55956 1.57848
1.18338 1.15305 1.08937 1.08138 1.18034 1.32107 1.32233 1.33474 1.32927 1.32101 1.25858 1.20596 1.16195 1.16118 1.16042 1.15601 1.13570 1.12614 1.10076 1.00801 0.958299 0.953736 0.952978 0.957528 0.971823 0.982155 0.973327 0.964322 1.06121 1.06972 1.00099 0.912354 0.919229 0.980576 1.03924 1.02303 0.974570 0.978031 1.07705 1.12675 1.10490 1.10279 1.10279 1.10279 1.10279 1.10279 1.10279 1.10139 1.08953 1.16085 1.10081 1.09837 1.29895 1.31105 1.50358 1.54964 1.62845 1.57707 1.54064 1.56413 1.58843 1.61301 1.63746 1.66333 1.66985 1.64310
1.11227 1.14380 1.15801 1.13912 1.17236 1.30396 1.29532 1.29420 1.28832 1.28242 1.23085 1.15841 1.07979 1.05594 1.03387 1.01545 1.01345 1.02215 1.02963 1.01216 0.959694 0.977229 1.00163 1.02100 1.02992 1.03471 1.04033 0.975591 1.05901 1.10179 1.10563 0.931636 0.877756 0.829922 0.835778 0.840370 0.853381 0.910056 0.956350 1.10275 1.10276 1.09486 1.08106 1.06761 1.05453 1.04177 1.02934 1.01841 1.01657 1.05099 1.09980 1.05388 1.20529 1.28049 1.42009 1.44902 1.53357 1.55091 1.63168 1.63222 1.63013 1.63110 1.63759 1.64390 1.61496 1.53185
1.11971 1.28185 1.27527 1.17265 1.16360 1.21609 1.25171 1.21743 1.18867 1.16220 1.12298 1.07606 1.02482 1.01345 1.02182 1.03790 1.05949 1.08786 1.12235 1.12443 1.05871 1.04841 1.04871 1.04871 1.05126 1.06121 1.09581 1.06416 1.01533 0.973576 0.896646 0.747657 0.705424 0.716287 0.760535 0.852630 0.869876 0.944943 0.952610 1.03623 1.06504 1.06440 1.06930 1.07417 1.07905 1.08393 1.07965 1.06871 1.05777 1.04713 1.12885 1.05095 1.09912 1.27253 1.31107 1.36949 1.44714 1.53148 1.59520 1.61266 1.59783 1.54965 1.49027 1.41408 1.30908 1.23795
0.974236 1.10002 1.14770 1.06153 0.990876 0.983929 1.13443 1.14058 1.14058 1.14701 1.15735 1.13160 1.10632 1.10637 1.12351 1.13289 1.13680 1.13680 1.14669 1.14887 1.09607 1.05996 1.06462 1.05963 1.01962 0.964407 0.955393 0.933457 0.864001 0.889696 0.904199 0.888630 0.863383 0.884221 0.884777 0.959145 0.985710 0.991706 1.01633 0.971730 1.06735 1.05090 1.03368 1.01648 0.999273 0.984287 0.983278 0.989092 0.994914 1.00073 1.05857 1.06464 1.02809 1.21533 1.28846 1.40032 1.39719 1.37378 1.35147 1.33678 1.25779 1.21368 1.17403 1.15122 1.14810 1.15708
0.745100 0.768029 1.00471 1.03025 0.979897 0.995688 1.12190 1.21951 1.24728 1.27340 1.28768 1.23774 1.19150 1.15130 1.15527 1.15920 1.16628 1.17647 1.18927 1.20156 1.15218 1.02601 0.980529 0.949194 0.950319 0.960491 0.989883 1.03626 1.00474 0.983266 0.991324 0.992815 0.940771 0.933571 0.904905 0.925830 1.02092 1.01464 1.04272 0.981816 0.965806 0.971592 0.978796 0.985991 0.993199 0.998215 0.999418 1.00780 1.00935 0.984426 0.964812 1.04330 1.08416 1.13129 1.14001 1.15300 1.11706 1.06097 1.04149 1.11505 1.09717 1.07246 1.04791 1.02334 0.998714 0.978920
0.762226 0.825737 1.03475 1.15703 1.15024 1.13261 1.13837 1.24853 1.24056 1.23567 1.23348 1.21077 1.24343 1.21000 1.21101 1.21282 1.18198 1.12175 1.05918 1.00869 0.974864 0.963575 0.986035 0.986035 0.986035 0.986035 0.987106 1.03620 1.03422 0.978103 1.00651 1.02157 1.01254 0.989248 0.985378 0.967632 1.06220 1.08249 1.05663 1.06475 1.00975 1.01857 1.02971 1.04121 1.03938 1.01467 0.984145 0.940845 0.906416 0.899969 0.899164 0.908533 0.913160 0.905006 0.916323 0.927740 0.898198 0.860647 0.851946 0.916978 0.960831 0.960831 0.960831 0.960831 0.960910 0.967976
1.20241 1.04758 1.04064 1.17381 1.15886 1.10205 1.09846 1.17851 1.22583 1.22469 1.21697 1.19836 1.18454 1.12625 1.04961 0.987778 0.955504 0.949553 0.949419 0.957321 0.961327 0.951108 0.984276 0.984171 0.990111 1.00396 1.01785 1.05820 1.10197 1.07182 1.06619 1.06503 1.05814 1.02383 1.02348 0.997293 1.03720 1.10882 1.06290 1.14619 1.05781 1.02721 0.986965 0.941777 0.911247 0.904313 0.901333 0.902618 0.902673 0.902623 0.902623 0.886828 0.858495 0.902450 0.912130 0.914639 0.858322 0.851953 0.850132 0.877364 0.962710 0.963364 0.964019 0.964673 0.965249 0.966162
1.19103 1.11376 1.01894 1.12480 1.13564 1.10196 1.07403 1.08497 1.16585 1.11063 1.05654 1.00122 0.958355 0.974835 0.948414 0.948414 0.948414 0.948414 0.948820 0.961607 0.983509 0.986297 1.03147 1.05165 1.05980 1.06003 1.05842 1.05253 1.09164 1.06843 1.01063 1.01671 1.02625 1.04143 1.03868 1.00157 0.973327 1.03576 0.994450 0.989833 0.938552 0.905211 0.901813 0.902462 0.902623 0.902623 0.902623 0.902623 0.902623 0.902623 0.902623 0.905433 0.861810 0.910457 0.932682 0.955666 0.914665 0.905682 0.869691 0.856568 0.945786 0.940516 0.915112 0.892373 0.872518 0.852602
1.20805 1.16778 1.08462 1.12276 1.11895 1.10256 1.04876 1.03150 0.996638 0.951449 0.948641 0.950568 0.947681 0.985476 0.968738 0.982066 0.995387 1.00872 1.02165 1.02564 1.03642 1.03749 1.03615 1.04952 1.03837 1.02689 1.01712 1.01561 1.04842 1.07096 1.01798 1.01754 0.993277 0.990853 0.959996 0.929577 0.940102 0.988061 0.962226 0.939907 0.956125 0.900456 0.902623 0.902623 0.903681 0.909879 0.916748 0.923627 0.930501 0.937371 0.944245 0.948018 0.920864 0.913413 0.951816 0.967374 0.944711 0.904899 0.887063 0.859802 0.838004 0.809685 0.811353 0.806964 0.780846 0.750932
1.25157 1.17902 1.14509 1.09884 1.12871 1.10620 1.04613 1.00511 1.00479 0.973758 0.983171 0.997834 1.00822 1.04670 1.02868 1.02605 1.02605 1.02280 1.01089 0.992173 0.993331 0.989862 0.980867 1.01493 1.01448 1.01438 1.01438 1.01408 1.01999 1.00835 0.963734 0.912076 0.949487 1.01975 1.05686 1.05921 1.03026 1.02796 0.972280 0.928905 0.941416 0.918887 0.926508 0.930767 0.933947 0.931917 0.929116 0.926231 0.923313 0.921036 0.920916 0.920956 0.915637 0.851857 0.890090 0.905332 0.955639 0.886859 0.886665 0.839482 0.810621 0.730696 0.706092 0.684074 0.685754 0.690474
1.29008 1.18838 1.17497 1.11798 1.15759 1.15367 1.15893 1.08409 1.09421 1.05557 1.02581 1.02146 1.00932 1.00206 0.989449 0.957127 0.938803 0.923889 0.917185 0.916360 0.953391 0.984443 0.979800 1.00437 1.01225 1.01682 1.02639 1.03361 1.06158 1.04555 1.04720 1.07131 1.04013 1.03742 1.02832 1.01065 0.978782 0.966957 0.933185 0.864008 0.859579 0.912643 0.918317 0.921993 0.926827 0.932546 0.938313 0.944156 0.947281 0.932696 0.912553 0.892096 0.871511 0.807192 0.818297 0.867838 1.04739 0.967984 0.948341 0.861464 0.814840 0.765995 0.790402 0.844444 0.898496 0.952582
1.29200 1.22571 1.17902 1.21629 1.22579 1.18418 1.16188 1.08314 1.02702 0.983336 0.912309 0.884597 0.879472 0.910511 0.939009 0.916601 0.915874 0.913242 0.910538 0.907054 0.920258 0.976124 0.983950 0.988928 1.03110 1.05684 1.07352 1.09356 1.09331 1.06258 1.00415 1.00716 0.991735 0.982577 0.982040 0.974361 0.972648 0.966681 0.963914 0.911799 0.912632 0.952104 0.984105 0.982707 0.966677 0.943087 0.919474 0.895917 0.875187 0.872229 0.884312 0.907112 0.934535 0.931828 0.890401 0.909899 1.03585 1.09034 1.07788 1.08499 1.03566 1.05563 1.01773 1.03643 1.05606 1.07661
1.24060 1.21912 1.11428 0.982505 1.04374 1.03159 1.01655 0.979417 0.902734 0.904495 0.885308 0.876982 0.879879 0.931528 0.925681 0.880151 0.881850 0.887735 0.893802 0.891650 0.898615 0.993117 1.03525 1.06450 1.07773 1.07360 1.07357 1.07357 1.07357 1.07326 1.01112 1.00112 1.00614 0.986668 0.991796 0.991742 0.996380 0.999528 1.00547 0.959926 0.910908 0.891644 0.931419 0.901275 0.901095 0.923657 0.946575 0.973433 1.01067 1.03473 1.04938 1.06193 1.06302 1.07535 1.17319 1.30035 1.42929 1.61999 1.43941 1.46731 1.38915 1.39887 1.30085 1.29391 1.29391 1.29391
1.16780 1.10488 1.01195 0.840861 0.925244 0.965207 0.995359 0.998496 0.946500 0.923226 0.916066 0.892053 0.897766 0.932587 0.961248 0.905709 0.897583 0.918729 0.948062 0.986905 1.01844 1.07061 1.11256 1.11316 1.08972 1.09216 1.09360 1.09598 1.10252 1.10950 1.08385 1.04556 1.06186 1.04228 1.04049 1.03735 0.992251 0.965811 0.944405 0.925109 0.866139 0.895984 0.997910 1.04459 1.07633 1.08942 1.12943 1.17683 1.20763 1.25021 1.29156 1.32323 1.35465 1.38544 1.47448 1.58286 1.58286 1.75294 1.58568 1.53573 1.47420 1.42018 1.36285 1.33167 1.34817 1.36467
0.890591 0.880005 0.867945 0.794330 0.802080 0.902256 0.926291 0.952331 0.938726 0.884241 0.884914 0.859398 0.839782 0.851357 0.925462 0.979051 1.03092 1.03912 1.03912 1.03912 1.03912 1.06197 1.12881 1.13841 1.12660 1.12495 1.13050 1.13510 1.13556 1.13573 1.13523 1.06815 1.06894 1.06997 1.05426 1.05296 0.960410 0.929415 0.923533 0.931839 0.997908 1.06694 1.26420 1.33210 1.35095 1.38370 1.39203 1.39151 1.39151 1.39151 1.39151 1.39151 1.39151 1.39151 1.40613 1.59412 1.62055 1.71908 1.77367 1.66440 1.66766 1.52840 1.50006 1.40747 1.43614 1.48277
0.759751 0.759751 0.770169 0.786789 0.726541 0.873664 0.913374 0.949022 0.925365 0.860592 0.859389 0.895786 0.945082 0.964452 1.01241 1.03397 1.05712 1.06100 1.06653 1.07207 1.07764 1.08521 1.16886 1.18335 1.17737 1.16287 1.16752 1.17194 1.17536 1.17770 1.17747 1.13124 1.09297 1.10135 1.07636 1.08752 1.05634 0.988946 0.975463 0.955196 1.11714 1.21839 1.39066 1.40426 1.39311 1.39151 1.39151 1.39151 1.40205 1.42166 1.44126 1.46087 1.48047 1.50007 1.51793 1.64170 1.71255 1.72171 1.87841 1.68062 1.65811 1.48897 1.43823 1.66353 1.74699 1.76950
0.828126 0.848337 0.860440 0.859746 0.773492 0.828399 0.931365 0.890383 0.886588 0.907222 0.963725 0.964185 0.977530 0.983719 1.01394 1.05958 1.09216 1.09384 1.09384 1.09384 1.09426 1.09720 1.15462 1.19637 1.20155 1.18107 1.17689 1.17504 1.17414 1.17414 1.17338 1.15164 1.12526 1.14900 1.15399 1.12960 1.09928 0.941663 0.884837 0.885286 0.993997 1.20791 1.31546 1.41480 1.45911 1.47293 1.49253 1.51214 1.52120 1.52120 1.52120 1.52120 1.52019 1.50695 1.49011 1.51688 1.65006 1.65242 1.77413 1.67517 1.65815 1.59864 1.48784 1.63363 1.78120 1.74116
0.860667 0.860667 0.860667 0.860358 0.806249 0.780244 0.923575 0.912259 0.898059 0.903395 0.968473 0.988455 0.993445 0.998708 1.00909 1.06200 1.11271 1.12891 1.13602 1.14284 1.14933 1.15328 1.15217 1.17042 1.19727 1.18579 1.17316 1.16032 1.14294 1.12333 1.10281 1.07074 1.06936 1.05162 1.11517 1.08581 1.07330 0.979698 0.841400 0.828825 0.833650 1.10911 1.18933 1.36871 1.53111 1.52131 1.52120 1.51371 1.49688 1.48004 1.46319 1.44684 1.44657 1.46553 1.48810 1.51082 1.68882 1.72563 1.75487 1.78358 1.65965 1.62541 1.37370 1.37298 1.56818 1.57195
0.860667 0.860667 0.860667 0.860667 0.841828 0.756852 0.918580 0.958634 0.928732 0.936259 0.970925 1.02999 1.02795 1.02622 1.02442 1.06670 1.14341 1.15375 1.15582 1.15837 1.16088 1.16640 1.17347 1.17144 1.19976 1.18756 1.15575 1.14021 1.11162 1.07728 1.04251 1.02928 1.03807 1.08230 1.13004 1.13924 1.10157 1.07264 0.822295 0.804673 0.804673 1.02115 1.15290 1.29179 1.49111 1.45776 1.40483 1.43429 1.46010 1.48266 1.50523 1.52729 1.53428 1.53181 1.52251 1.51239 1.58882 1.69828 1.68950 1.78211 1.60604 1.61663 1.40707 1.34838 1.54210 1.61035
