results/OMI_NO2_200809.asc
ncols      200
nrows      200
xllcorner       120.258
yllcorner       41.1236
cellsize     0.0166667
NODATA_Value      -999.000
[rows 58 to 86 of 175, columns 66 to 131 of 200]
1.00750 1.01059 1.02239 1.04847 1.04929 0.949466 0.774660 0.757645 0.762806 0.766912 0.770968 0.775092 0.779255 0.783453 0.787714 0.788805 0.842092 0.866194 0.861154 0.771377 0.765955 0.842883 0.823976 0.805679 0.811623 0.892358 0.919283 0.919675 0.916085 0.910989 0.905888 0.900789 0.895690 0.891851 0.891627 0.891635 0.892230 0.950145 1.00051 0.926638 0.856563 0.783814 0.732420 0.706092 0.661046 0.643246 0.654171 0.727730 0.730549 0.730507 0.729175 0.724629 0.722489 0.726365 0.701778 0.767252 0.796260 0.834935 0.935218 0.965359 0.978436 0.980989 0.981124 0.974692 0.946662 0.925444
1.10568 1.09871 1.09250 1.11401 1.11518 1.10242 0.853803 0.818586 0.816106 0.816106 0.816106 0.816244 0.816748 0.817307 0.817906 0.818126 0.836068 0.881037 0.860100 0.745366 0.698986 0.779332 0.809520 0.829078 0.846583 0.860041 0.893842 0.892946 0.891627 0.891894 0.892816 0.893768 0.894720 0.895671 0.896619 0.896961 0.896272 0.901662 0.855054 0.771683 0.706719 0.653136 0.619223 0.629200 0.618034 0.616954 0.627919 0.712682 0.744965 0.752417 0.761209 0.773189 0.791871 0.853326 0.879169 0.912692 0.948935 0.947217 0.907889 0.952978 0.955234 0.898092 0.888344 0.884459 0.878084 0.857396
1.08498 1.08313 1.08089 1.09699 1.10640 1.10416 0.930024 0.821026 0.816572 0.817118 0.817703 0.818155 0.818176 0.814386 0.797619 0.774861 0.734280 0.834907 0.862988 0.821339 0.772649 0.836094 0.905460 0.915354 0.915959 0.867402 0.873130 0.896257 0.897208 0.897892 0.897566 0.896536 0.895489 0.894443 0.893393 0.892952 0.892587 0.885153 0.807547 0.755696 0.702780 0.685707 0.660503 0.675306 0.689222 0.693769 0.701602 0.773032 0.826931 0.843929 0.858759 0.873339 0.881392 0.890497 0.917399 0.888321 0.932774 0.933145 0.884131 0.942518 0.960774 0.891519 0.884584 0.892808 0.898414 0.881696
1.07302 1.07383 1.07501 1.08479 1.11292 1.12407 1.05995 0.838356 0.832117 0.832801 0.820657 0.801844 0.779770 0.762038 0.757160 0.758093 0.761747 0.924736 0.984680 0.947574 0.854784 0.875512 0.991735 0.995833 0.967628 0.894221 0.849500 0.893745 0.894705 0.893658 0.890607 0.884950 0.879279 0.867999 0.852202 0.836415 0.820987 0.812620 0.778515 0.717491 0.757910 0.754723 0.701531 0.695219 0.718438 0.727716 0.742309 0.802044 0.873298 0.870888 0.870639 0.870639 0.870639 0.871123 0.912476 0.906334 0.937666 0.964593 0.940517 0.956127 0.997474 0.943723 0.902037 0.881267 0.850265 0.809798
1.12531 1.13519 1.14603 1.15831 1.19428 1.19645 1.17007 0.907375 0.857550 0.832867 0.828345 0.835507 0.847037 0.858817 0.871176 0.884184 0.870535 0.914600 1.06654 1.03865 0.895321 0.873003 0.967103 0.976843 0.963149 0.883442 0.806759 0.842030 0.856236 0.846964 0.833665 0.823509 0.813383 0.808875 0.808875 0.807009 0.804568 0.804416 0.801940 0.725416 0.750642 0.781220 0.789499 0.788478 0.766783 0.758286 0.757086 0.780907 0.869994 0.882855 0.890756 0.898940 0.907457 0.915702 0.931912 0.956186 0.934703 0.982515 0.993291 0.919763 0.939160 0.878972 0.786969 0.776545 0.777115 0.787715
1.16164 1.14136 1.10813 1.05420 0.990432 0.917026 0.856467 0.839775 0.878436 0.889241 0.895371 0.895371 0.895371 0.895371 0.898432 0.911130 0.911811 0.844694 1.09328 1.14135 0.992729 0.962230 0.940495 0.911421 0.911421 0.870399 0.820582 0.840099 0.816662 0.809820 0.813875 0.817339 0.817436 0.817295 0.817143 0.818776 0.820839 0.820605 0.820370 0.771413 0.742423 0.785858 0.793708 0.794558 0.769959 0.763255 0.782477 0.802802 0.894378 0.917550 0.917550 0.917550 0.918087 0.939710 0.973559 1.04401 1.06335 1.06940 1.04401 0.957618 0.917890 0.876163 0.811164 0.830911 0.851226 0.852204
0.899775 0.836750 0.788646 0.759000 0.763524 0.784381 0.785013 0.812581 0.917911 0.933873 0.947264 0.957863 0.956170 0.953032 0.946833 0.931012 0.922628 0.842928 1.02464 1.18028 1.05940 0.969910 0.978060 0.953145 0.968052 0.958211 0.899172 0.871702 0.854345 0.832495 0.831042 0.835763 0.845081 0.854710 0.864374 0.874213 0.884197 0.892280 0.899857 0.892936 0.822655 0.879992 0.895677 0.923288 0.915216 0.908423 0.984223 1.01210 0.973969 0.985533 1.02142 1.06202 1.11378 1.14199 1.15638 1.17310 1.17655 1.11534 1.08288 1.06770 1.01423 0.995609 0.866929 0.830715 0.819847 0.818255
0.763951 0.771097 0.778269 0.785420 0.793627 0.840674 0.851191 0.849365 0.944236 0.970105 0.962673 0.955960 0.961535 0.968590 0.975582 0.982667 0.988566 0.938518 0.971503 1.23781 1.22585 1.25264 1.26716 1.23495 1.25959 1.29973 1.23911 1.20918 1.14366 1.09191 1.09899 1.09900 1.09617 1.09333 1.09050 1.08766 1.08501 1.08443 1.08443 1.08606 1.01939 1.03826 1.07298 1.10576 1.16473 1.17833 1.28832 1.35444 1.22913 1.14371 1.15833 1.16948 1.17019 1.16826 1.15631 1.14324 1.15214 1.23214 1.16534 1.12538 1.01992 1.02286 0.910464 0.870176 0.879802 0.890910
0.880622 0.885252 0.886833 0.880764 0.874496 0.897987 0.907781 0.906140 0.967471 1.06380 1.07365 1.06085 1.04843 1.03662 1.02868 1.03668 1.04666 1.04435 1.02559 1.20973 1.28751 1.37321 1.43746 1.43689 1.42372 1.42100 1.32851 1.25031 1.17662 1.10802 1.08600 1.08444 1.08464 1.09061 1.09918 1.10773 1.11629 1.12485 1.13153 1.13320 1.11135 1.12800 1.19379 1.20648 1.26777 1.28067 1.31990 1.42384 1.32646 1.17311 1.15439 1.12459 1.09428 1.06588 1.04753 1.03026 1.01461 1.03732 1.05407 0.989524 1.08972 1.13948 1.04775 0.971772 0.984689 1.00018
0.879531 0.868518 0.860675 0.860351 0.854432 0.857073 0.875636 0.863328 0.867412 0.966074 1.00400 1.01884 1.03869 1.05715 1.07185 1.07353 1.07604 1.08890 1.07834 1.19721 1.36711 1.38135 1.41825 1.38726 1.33255 1.31625 1.28469 1.22573 1.20745 1.16542 1.12146 1.13003 1.13838 1.14010 1.13527 1.12970 1.12385 1.11770 1.11352 1.11345 1.12252 1.16263 1.22195 1.22360 1.24194 1.25873 1.21000 1.28338 1.20512 1.01592 0.976907 0.975622 0.974064 0.980730 0.993216 1.00657 1.02171 1.03974 1.17292 1.09867 1.15628 1.23617 1.17846 1.03298 1.02452 1.03558
0.827854 0.815554 0.803254 0.790954 0.784565 0.786423 0.828479 0.838874 0.860076 0.969840 1.05752 1.07170 1.07017 1.08300 1.10654 1.13584 1.16052 1.16749 1.15121 1.14102 1.23527 1.25516 1.31077 1.29459 1.24399 1.22546 1.21645 1.26521 1.25805 1.22007 1.14461 1.12539 1.11932 1.11388 1.10931 1.10365 1.10297 1.11166 1.12060 1.12948 1.13041 1.14215 1.13107 1.10916 1.10384 1.13763 1.11253 1.18649 1.23726 1.07130 1.03601 1.05147 1.06843 1.07543 1.07543 1.07543 1.07543 1.06957 1.12266 1.11972 1.07301 1.17237 1.15189 1.00863 0.995044 1.00481
0.734391 0.732888 0.731377 0.733577 0.753976 0.775603 0.824214 0.848642 0.847396 0.894770 0.996173 1.04937 1.07887 1.09209 1.08663 1.07495 1.06436 1.05413 1.06115 1.05720 1.10635 1.17858 1.24537 1.25439 1.23052 1.21019 1.20258 1.22610 1.24072 1.20083 1.13788 1.08064 1.07775 1.08571 1.09858 1.11319 1.12276 1.12296 1.11991 1.10722 1.09380 1.08699 1.09956 1.08456 1.08877 1.11794 1.16900 1.24712 1.35826 1.17384 1.07543 1.07179 1.06083 1.05017 1.03998 1.03025 1.02096 1.01655 1.02415 1.12424 1.03713 1.14266 1.17457 1.06213 1.02699 1.04240
0.736882 0.760841 0.783287 0.801387 0.808829 0.824157 0.870513 0.946080 0.999285 1.05428 1.04037 1.04939 1.04044 1.03253 1.03172 1.03172 1.03172 1.03172 1.04088 1.05117 1.06357 1.15375 1.20073 1.22372 1.20365 1.15351 1.15190 1.16437 1.21163 1.15437 1.07181 1.09535 1.12189 1.12294 1.12152 1.11007 1.09664 1.08324 1.07377 1.07710 1.08167 1.08654 1.11945 1.10018 1.09878 1.10911 1.15684 1.26297 1.30398 1.17546 1.02429 1.01673 1.01655 1.01655 1.01655 1.01655 1.02620 1.05107 1.07127 1.14700 1.17201 1.23676 1.28778 1.17830 1.06978 1.03993
0.836397 0.841436 0.874794 0.926869 0.974771 1.01268 1.03600 1.07840 1.07973 1.07973 1.03879 1.01819 1.02561 1.02286 1.02052 1.02314 1.02722 1.03131 1.04285 1.06478 1.06503 1.10401 1.16276 1.21451 1.21364 1.13430 1.08383 1.03839 1.04887 1.03572 1.00551 1.03790 1.09949 1.08609 1.07553 1.07775 1.08109 1.08427 1.08560 1.08187 1.08779 1.10212 1.13148 1.14477 1.14874 1.16177 1.18742 1.27011 1.23750 1.17256 1.13660 1.15572 1.18663 1.21681 1.24388 1.25657 1.25807 1.24728 1.24053 1.26305 1.37233 1.36401 1.42754 1.31757 1.10264 1.09176
1.00381 1.01750 1.03731 1.03760 1.03635 1.03509 1.03383 1.05620 1.06340 1.06065 1.04976 0.999856 1.02283 1.02543 1.02649 1.02250 1.01707 1.01175 1.00767 1.01890 1.01307 1.00996 1.04237 1.07060 1.02492 0.964930 0.939625 0.931087 0.943692 0.952534 0.913468 0.888338 1.00068 1.00653 1.00757 1.01800 1.03078 1.04445 1.05966 1.07709 1.08514 1.08514 1.08720 1.11475 1.10413 1.11078 1.13985 1.21134 1.27050 1.23392 1.32884 1.34760 1.32923 1.31072 1.29443 1.29202 1.29512 1.33608 1.38821 1.44034 1.32652 1.23410 1.31718 1.29134 1.12152 1.08671
0.983000 0.977965 0.963592 0.958284 0.953368 0.949457 0.950328 0.961830 0.980242 0.981642 0.978404 0.923403 0.929152 0.929498 0.929206 0.929117 0.929028 0.927049 0.901163 0.870871 0.835080 0.807172 0.863377 0.958846 0.952163 0.922340 0.868221 0.858091 0.865671 0.919345 0.911625 0.905031 0.985088 1.06961 1.08391 1.08514 1.08740 1.09481 1.10239 1.10999 1.11758 1.12731 1.14480 1.18299 1.19207 1.20858 1.22709 1.24072 1.30266 1.22461 1.25807 1.29202 1.29248 1.32504 1.38574 1.45881 1.53087 1.56538 1.59020 1.61821 1.50384 1.33833 1.36274 1.36102 1.20096 1.10952
0.902460 0.942347 0.927970 0.934184 0.940399 0.945690 0.946333 0.950384 0.985858 0.998513 1.01060 0.994687 0.941167 0.928733 0.911931 0.878892 0.845865 0.814817 0.807605 0.805593 0.795691 0.783289 0.794889 0.897146 0.922621 0.927282 0.876536 0.879808 0.886491 0.940624 0.955019 0.971577 0.968613 1.11191 1.12209 1.12969 1.13570 1.14454 1.15492 1.16474 1.17400 1.18120 1.18186 1.18901 1.20403 1.17826 1.17290 1.20319 1.29215 1.31823 1.39008 1.54526 1.62711 1.67523 1.69505 1.71298 1.73031 1.73741 1.74145 1.72986 1.63562 1.39247 1.33500 1.33603 1.27744 1.17321
0.896922 0.952183 0.967684 0.974007 0.986090 0.998167 1.01026 1.02004 1.04005 1.04753 1.03993 1.00195 0.894896 0.823774 0.807605 0.807605 0.802817 0.791502 0.779477 0.766842 0.760188 0.761059 0.768956 0.908653 0.961891 0.970222 0.937809 0.924253 0.932584 0.965636 0.993060 1.00472 1.00024 1.09928 1.16226 1.17167 1.18004 1.18176 1.18101 1.17618 1.15791 1.13852 1.11915 1.10666 1.20028 1.31380 1.37535 1.44381 1.53928 1.64439 1.57086 1.68475 1.69792 1.70304 1.70317 1.69048 1.67987 1.67879 1.67879 1.67879 1.66331 1.50412 1.36125 1.37546 1.36877 1.24998
0.974150 0.997998 1.05280 1.03412 1.03466 1.03518 1.03370 1.00823 0.986212 0.969822 0.945024 0.942635 0.896268 0.821626 0.808967 0.798985 0.793894 0.798966 0.807077 0.809176 0.794404 0.801073 0.807733 0.903220 1.00455 1.00455 0.983898 0.947122 0.961240 0.981281 1.03574 1.05049 1.06584 1.06716 1.17736 1.17477 1.15824 1.13895 1.12032 1.10576 1.10466 1.11109 1.15666 1.21643 1.32757 1.58363 1.57057 1.54726 1.63822 1.63929 1.57492 1.65723 1.67879 1.67879 1.68033 1.69392 1.71002 1.72613 1.74225 1.75836 1.77090 1.68139 1.44150 1.40927 1.40759 1.32192
0.994086 0.993470 1.05144 1.03142 0.993731 0.960704 0.929711 0.918769 0.901603 0.896744 0.862360 0.828876 0.805683 0.836477 0.823250 0.829309 0.835314 0.837637 0.837637 0.837292 0.813899 0.812573 0.812756 0.864914 1.01889 1.03316 1.03971 1.00157 0.999386 0.998737 1.03597 1.04428 1.07918 1.08433 1.12116 1.10751 1.10725 1.12066 1.17352 1.24266 1.31464 1.37800 1.36541 1.32967 1.29301 1.43293 1.45954 1.45983 1.57677 1.64655 1.58023 1.68146 1.73861 1.75472 1.76928 1.77181 1.77181 1.77181 1.77181 1.77160 1.76150 1.71758 1.50181 1.38321 1.41389 1.42477
0.998374 0.977141 0.968365 0.969170 0.914407 0.894023 0.864975 0.839265 0.828240 0.845025 0.855047 0.857345 0.861993 0.912282 0.895699 0.895720 0.895856 0.895961 0.902773 0.866158 0.839280 0.844221 0.854915 0.874215 1.00828 1.04295 1.04295 1.01238 1.00565 1.02575 1.06323 1.10862 1.17240 1.19414 1.20972 1.27181 1.34438 1.39340 1.36567 1.32230 1.28161 1.24705 1.24136 1.23684 1.22175 1.30665 1.39355 1.37989 1.39016 1.54676 1.53058 1.68468 1.72430 1.71339 1.69387 1.67404 1.65436 1.63471 1.61371 1.59252 1.58066 1.57547 1.49041 1.28824 1.36939 1.38130
0.919842 0.901125 0.882291 0.927612 0.874448 0.861130 0.860017 0.857854 0.855544 0.864069 0.877532 0.875820 0.874527 0.909351 0.922560 0.928571 0.939348 0.950045 0.954658 0.917789 0.870710 0.864687 0.868728 0.874920 0.961011 1.06064 1.07796 1.07883 1.06138 1.05866 1.06365 1.10769 1.22311 1.25584 1.36020 1.36067 1.31971 1.29018 1.27992 1.26966 1.25985 1.25047 1.24138 1.23671 1.24185 1.27904 1.44057 1.44341 1.44697 1.52008 1.54001 1.61269 1.56294 1.54366 1.54200 1.53993 1.53791 1.53596 1.53548 1.53531 1.52849 1.51824 1.48560 1.36192 1.39962 1.44597
0.881432 0.875585 0.875762 0.892860 0.899808 0.872785 0.874341 0.877573 0.881515 0.896036 0.935361 0.949705 0.963890 0.984525 1.02886 1.01538 1.01877 1.02020 1.01868 0.996394 0.938062 0.934701 0.947925 0.962023 0.977822 1.14363 1.15121 1.14546 1.10190 1.08446 1.05463 1.06193 1.09800 1.13730 1.17622 1.28285 1.26209 1.25080 1.24810 1.24807 1.24757 1.24689 1.24618 1.24546 1.24471 1.24424 1.42215 1.45992 1.45870 1.40158 1.51217 1.53790 1.57775 1.53632 1.53548 1.53548 1.53072 1.52039 1.50494 1.48709 1.47620 1.46792 1.44038 1.40731 1.32534 1.35070
0.928687 0.928687 0.928687 0.927012 0.973496 0.935642 0.944019 0.954800 0.965047 0.967577 0.989421 0.996896 0.998500 1.00250 1.04190 1.00765 1.00326 1.00617 1.02135 1.03145 0.983147 0.980123 0.980111 0.978452 0.958226 1.08629 1.09238 1.05634 0.989904 0.955585 0.944380 0.950648 0.989491 1.07914 1.09634 1.22931 1.24698 1.24500 1.24423 1.24347 1.24338 1.24357 1.24376 1.24394 1.24412 1.24416 1.34444 1.45597 1.45366 1.39702 1.46167 1.48109 1.56065 1.49029 1.47338 1.45688 1.44517 1.43452 1.40872 1.38389 1.35276 1.31755 1.29813 1.29397 1.24207 1.25264
0.923595 0.918198 0.912581 0.912066 1.00040 0.996025 0.970543 0.972147 0.973753 0.975361 0.989639 1.00569 1.00569 1.00785 1.04691 1.04407 1.04702 1.05710 1.05731 1.05664 0.996544 0.968248 0.946793 0.927866 0.899726 0.955300 0.969635 0.962105 0.940896 0.912881 0.908201 0.906618 0.937380 1.02566 1.07724 1.14408 1.25113 1.24371 1.24389 1.24408 1.24416 1.24852 1.26341 1.27767 1.29206 1.30695 1.33702 1.39907 1.39250 1.36098 1.33704 1.40609 1.47263 1.42056 1.38091 1.34285 1.30661 1.27524 1.25981 1.24638 1.24020 1.24020 1.24020 1.23965 1.23450 1.17822
0.927385 0.934771 0.938853 0.942849 0.997063 1.06671 1.01255 1.01376 1.01586 1.01813 1.03401 1.07602 1.09353 1.10918 1.11856 1.14315 1.10477 1.09145 1.07638 1.06205 1.00582 0.912543 0.872470 0.867787 0.860825 0.884857 0.944904 0.936171 0.932106 0.896565 0.896339 0.896475 0.922728 0.987023 1.08652 1.11286 1.29195 1.31517 1.33223 1.34896 1.36565 1.37725 1.37576 1.37542 1.37485 1.36592 1.35283 1.33634 1.33851 1.33795 1.28733 1.27953 1.27404 1.24452 1.24020 1.24020 1.24020 1.24015 1.23024 1.21309 1.19597 1.17882 1.16167 1.14529 1.15716 1.11185
1.00466 1.01203 1.01204 1.01204 1.02988 1.11520 1.09885 1.08744 1.10284 1.11803 1.12438 1.16113 1.18364 1.19622 1.21163 1.16839 1.05745 1.05170 1.04779 1.04389 1.01307 0.922102 0.852921 0.852921 0.852921 0.853003 0.939303 0.930323 0.927689 0.928761 0.942381 0.951502 0.978220 1.04218 1.16215 1.18616 1.26504 1.36878 1.37607 1.37533 1.37058 1.35693 1.33929 1.32234 1.30698 1.30738 1.31396 1.31561 1.35077 1.35471 1.31938 1.25795 1.22908 1.23424 1.19968 1.18253 1.16539 1.14831 1.14107 1.14107 1.14107 1.14107 1.14083 1.13969 1.14503 1.17211
0.983892 0.991452 0.994114 1.02648 1.06515 1.16684 1.23367 1.12762 1.14569 1.16086 1.17401 1.18849 1.20188 1.20383 1.20302 1.13396 1.00165 0.982966 0.978439 0.973622 0.965256 0.932512 0.821683 0.806163 0.790667 0.759513 0.866401 0.918532 0.915490 0.937949 0.967360 0.964558 0.954285 0.985880 1.07092 1.12423 1.13542 1.30286 1.32599 1.31046 1.29945 1.30437 1.31527 1.32617 1.33669 1.33963 1.33935 1.32442 1.34169 1.34619 1.33046 1.27598 1.20760 1.20541 1.13930 1.13802 1.13727 1.14093 1.14378 1.14615 1.14878 1.16917 1.20212 1.23690 1.26485 1.28303
0.929461 1.01732 1.08150 1.11185 1.13656 1.19576 1.27644 1.15631 1.10235 1.10051 1.11218 1.13851 1.12720 1.12442 1.12164 1.08779 0.972901 0.904808 0.893773 0.883168 0.873212 0.894568 0.776546 0.773046 0.773119 0.763158 0.840425 0.916283 0.926731 0.929507 0.971838 0.970237 0.979075 1.02592 1.09277 1.17853 1.21245 1.29651 1.38611 1.41525 1.43210 1.43846 1.44120 1.44396 1.44680 1.44967 1.45284 1.45727 1.43716 1.47240 1.47382 1.42013 1.35388 1.25028 1.12338 1.12602 1.12910 1.13985 1.16934 1.19960 1.22965 1.24149 1.24149 1.21611 1.16407 1.11107
