results/OMI_NO2_200608.asc
ncols      200
nrows      200
xllcorner       120.258
yllcorner       41.1236
cellsize     0.0166667
NODATA_Value      -999.000
[rows 29 to 57 of 200, columns 0 to 66 of 200]
1.52568 1.51990 1.47445 1.45561 1.42261 1.45419 1.53026 1.57281 1.59764 1.54828 1.52476 1.55064 1.54841 1.54570 1.54681 1.54848 1.57622 1.60181 1.65826 1.66156 1.66238 1.66238 1.63408 1.57706 1.56896 1.56686 1.57946 1.72785 1.71459 1.68798 1.70351 1.70236 1.67005 1.63297 1.60235 1.59723 1.60467 1.62310 1.64914 1.61199 1.57600 1.58765 1.59935 1.61100 1.59447 1.48333 1.49756 1.54546 1.54189 1.46209 1.42218 1.47306 1.39674 1.31371 1.33276 1.35055 1.36984 1.37474 1.37139 1.37405 1.36937 1.36762 1.36762 1.39973 1.40910 1.38402 1.38797
1.54112 1.55798 1.59049 1.65604 1.70433 1.74122 1.73411 1.71143 1.64156 1.59254 1.52751 1.54881 1.55587 1.55587 1.55587 1.55567 1.55776 1.59295 1.63297 1.65652 1.65775 1.65899 1.66282 1.61159 1.61590 1.63357 1.65642 1.71107 1.70563 1.62730 1.64160 1.58594 1.58847 1.61645 1.63725 1.64903 1.67931 1.70886 1.74325 1.76370 1.63100 1.62216 1.61840 1.61465 1.60503 1.50189 1.46093 1.52098 1.52739 1.49538 1.42782 1.47462 1.51923 1.35317 1.33756 1.32983 1.32333 1.32359 1.31655 1.31433 1.31003 1.29989 1.29627 1.30702 1.33983 1.30510 1.31805
1.80798 1.87597 1.81145 1.76462 1.72349 1.71667 1.71667 1.71078 1.63807 1.60475 1.50195 1.52002 1.56727 1.56837 1.56950 1.57078 1.57744 1.61397 1.63993 1.70047 1.71494 1.72942 1.74390 1.72948 1.69479 1.69494 1.69921 1.71160 1.74997 1.71579 1.74258 1.72874 1.70109 1.72979 1.75733 1.77586 1.78555 1.79704 1.80581 1.77139 1.66964 1.61978 1.62840 1.63560 1.64281 1.59279 1.49708 1.51150 1.48113 1.47826 1.41578 1.39867 1.45601 1.34071 1.26233 1.26233 1.26296 1.27520 1.28114 1.29579 1.31500 1.31775 1.31500 1.31582 1.36176 1.38596 1.48593
1.79825 1.77774 1.71148 1.63287 1.59852 1.57347 1.55677 1.54494 1.58519 1.63039 1.48703 1.47020 1.57771 1.58308 1.59533 1.60835 1.62138 1.64952 1.69179 1.75405 1.76770 1.76770 1.76770 1.75935 1.73885 1.77553 1.82900 1.87068 1.88927 1.88185 1.86566 1.86533 1.79076 1.79975 1.81582 1.83368 1.84310 1.85032 1.85752 1.81915 1.77178 1.64484 1.64321 1.64298 1.64275 1.61265 1.50406 1.50287 1.46813 1.46700 1.41996 1.37833 1.44339 1.44530 1.29940 1.31215 1.31720 1.32234 1.32397 1.31755 1.31326 1.30472 1.29629 1.30385 1.35899 1.40320 1.54232
1.57636 1.56760 1.56953 1.54445 1.54202 1.53704 1.53704 1.53704 1.55550 1.66693 1.56485 1.50667 1.60872 1.64986 1.65065 1.65040 1.64596 1.64121 1.67480 1.69795 1.72242 1.72123 1.73588 1.75541 1.81598 1.87875 1.88312 1.89140 1.88125 1.89546 1.92482 1.93755 1.86278 1.85857 1.86098 1.86075 1.86052 1.86030 1.86007 1.83978 1.79774 1.66785 1.63802 1.63802 1.63802 1.62450 1.51981 1.51448 1.51993 1.52171 1.51114 1.44114 1.47988 1.49619 1.35593 1.28295 1.27817 1.27901 1.28672 1.29389 1.30312 1.31473 1.34274 1.35281 1.38912 1.45738 1.54056
1.57895 1.57895 1.57931 1.51327 1.49919 1.50259 1.50833 1.51390 1.51388 1.60225 1.57221 1.42819 1.47978 1.54258 1.53934 1.53584 1.53167 1.53742 1.56519 1.59797 1.72280 1.74003 1.74299 1.74697 1.75478 1.82384 1.82862 1.82615 1.82545 1.84124 1.93670 1.95595 1.90386 1.85992 1.85992 1.85992 1.85992 1.85992 1.85862 1.84125 1.76602 1.67442 1.55889 1.53839 1.51706 1.49725 1.46181 1.57253 1.53270 1.48925 1.48246 1.39092 1.40427 1.46140 1.43119 1.30729 1.32137 1.33694 1.35304 1.35642 1.35701 1.36775 1.38426 1.40193 1.41243 1.51168 1.54959
1.61505 1.62620 1.62468 1.51039 1.42010 1.40228 1.38247 1.36142 1.34032 1.37161 1.41002 1.41058 1.45884 1.55767 1.56113 1.55954 1.56324 1.55235 1.54389 1.61023 1.68960 1.74851 1.74956 1.74956 1.74956 1.78767 1.82350 1.82528 1.83351 1.83036 1.91722 1.96254 1.92622 1.83169 1.81132 1.79095 1.76521 1.72802 1.69276 1.67921 1.63967 1.59457 1.44812 1.43706 1.43511 1.43790 1.45656 1.54921 1.55281 1.50220 1.51169 1.46015 1.43938 1.55872 1.54618 1.41501 1.37180 1.37228 1.38067 1.37643 1.36065 1.37370 1.38786 1.41763 1.42394 1.50379 1.54362
1.43718 1.41144 1.39749 1.35359 1.25911 1.27092 1.28146 1.28782 1.30015 1.31971 1.42388 1.41844 1.46111 1.53107 1.54419 1.54311 1.54090 1.53675 1.53028 1.61035 1.67106 1.77613 1.77789 1.77944 1.78103 1.78888 1.85520 1.85839 1.85765 1.80543 1.76874 1.80247 1.75267 1.64949 1.63630 1.62894 1.62693 1.63688 1.64961 1.65618 1.65443 1.60406 1.50933 1.44703 1.45731 1.46782 1.48337 1.55691 1.63042 1.55560 1.54002 1.50875 1.43960 1.52798 1.55743 1.49651 1.37476 1.38692 1.41470 1.43930 1.43092 1.44326 1.46146 1.49074 1.50702 1.54478 1.60120
1.39749 1.39749 1.39672 1.39799 1.28981 1.31701 1.35997 1.36529 1.36667 1.36997 1.41303 1.42500 1.46889 1.50846 1.55412 1.55412 1.55412 1.55386 1.54407 1.57346 1.65751 1.74437 1.76512 1.75569 1.74626 1.73681 1.76986 1.78747 1.73549 1.65865 1.64559 1.72552 1.74087 1.67978 1.65195 1.65645 1.66096 1.66495 1.65822 1.61558 1.56827 1.47804 1.42504 1.49481 1.49548 1.49598 1.49649 1.52957 1.63981 1.57873 1.54386 1.55336 1.47095 1.53821 1.64444 1.63768 1.51337 1.49444 1.50194 1.50985 1.49404 1.48936 1.49739 1.51094 1.56216 1.60782 1.73804
1.43842 1.45409 1.46409 1.46280 1.35189 1.32936 1.37040 1.37258 1.37260 1.37260 1.39143 1.43444 1.46688 1.49308 1.53866 1.53002 1.52137 1.51273 1.49679 1.47925 1.56854 1.62899 1.69915 1.67221 1.64527 1.61827 1.60055 1.64066 1.63507 1.58191 1.63379 1.72388 1.76251 1.72070 1.62799 1.58071 1.53338 1.48610 1.44588 1.41792 1.37944 1.34717 1.38121 1.47165 1.50856 1.52515 1.53978 1.56921 1.66404 1.68814 1.62051 1.61202 1.57357 1.59034 1.73388 1.71239 1.63661 1.52897 1.53083 1.53909 1.55387 1.57713 1.61378 1.63330 1.63919 1.62799 1.72041
1.45421 1.44997 1.45722 1.46728 1.40926 1.36167 1.39893 1.40575 1.40190 1.39805 1.39371 1.38692 1.42639 1.47144 1.48433 1.48701 1.48560 1.46626 1.44002 1.39404 1.41644 1.45788 1.55395 1.56521 1.56521 1.56521 1.56288 1.61168 1.64935 1.58685 1.53863 1.60094 1.59643 1.53767 1.42904 1.38921 1.34548 1.30538 1.27688 1.27197 1.28216 1.29337 1.40902 1.47772 1.55015 1.54376 1.53940 1.54629 1.60333 1.68593 1.60222 1.58264 1.58510 1.58879 1.71609 1.74373 1.66808 1.56959 1.60046 1.62795 1.61209 1.57692 1.57469 1.59367 1.62843 1.67214 1.73516
1.51630 1.51765 1.50660 1.49398 1.44640 1.34723 1.35684 1.37187 1.37187 1.37187 1.37187 1.35598 1.35791 1.41678 1.39942 1.38210 1.35877 1.35337 1.35337 1.33640 1.33111 1.43483 1.50544 1.56297 1.54506 1.49303 1.43199 1.39628 1.43761 1.37730 1.29586 1.33482 1.35926 1.38163 1.29869 1.28781 1.30427 1.31709 1.31855 1.31954 1.32050 1.32147 1.38010 1.44972 1.55428 1.56346 1.56440 1.56465 1.59783 1.69359 1.62628 1.56092 1.52487 1.46191 1.47903 1.51908 1.48119 1.53205 1.62014 1.64309 1.67693 1.68655 1.70864 1.73440 1.75324 1.75299 1.74852
1.43576 1.45179 1.45179 1.45179 1.44680 1.35294 1.36135 1.38169 1.37456 1.36737 1.36023 1.34822 1.27875 1.38054 1.39500 1.40835 1.40107 1.39247 1.38370 1.36532 1.30839 1.34155 1.35858 1.32778 1.28054 1.24507 1.21225 1.18060 1.23364 1.23901 1.18936 1.21520 1.27134 1.42112 1.37599 1.32655 1.32655 1.32655 1.32655 1.32655 1.32655 1.32655 1.33692 1.44443 1.51057 1.56067 1.55950 1.55805 1.56758 1.55459 1.49344 1.37256 1.34377 1.35473 1.38655 1.56301 1.57653 1.53865 1.68762 1.73263 1.72634 1.69752 1.69222 1.69603 1.70605 1.70854 1.70939
1.42163 1.44179 1.43122 1.41871 1.40621 1.36806 1.36078 1.40533 1.41539 1.42460 1.43377 1.44429 1.40425 1.34730 1.30941 1.30200 1.27670 1.25161 1.22947 1.20272 1.18520 1.22101 1.21000 1.17166 1.13747 1.12872 1.12872 1.12872 1.15758 1.24853 1.20558 1.19160 1.25148 1.38157 1.40322 1.32630 1.32526 1.32402 1.32280 1.32158 1.32434 1.33030 1.33563 1.42151 1.48065 1.53868 1.49216 1.44544 1.41609 1.45071 1.46786 1.40508 1.40615 1.43439 1.46119 1.50432 1.52212 1.48848 1.55793 1.67643 1.69727 1.71083 1.71581 1.70829 1.69835 1.68247 1.66463
1.40079 1.42569 1.45030 1.46117 1.47203 1.46165 1.44713 1.47121 1.47820 1.47820 1.47570 1.45918 1.41951 1.29229 1.19344 1.18731 1.19614 1.19250 1.18604 1.18978 1.20343 1.23039 1.12422 1.08890 1.07820 1.07444 1.07062 1.06691 1.06308 1.15527 1.16196 1.12969 1.15273 1.26729 1.42815 1.35604 1.35026 1.35573 1.36104 1.36637 1.36618 1.32696 1.27396 1.25267 1.29758 1.37629 1.40535 1.41797 1.44211 1.50320 1.55098 1.53137 1.48720 1.50297 1.52061 1.53464 1.58051 1.57414 1.53753 1.67542 1.69344 1.67578 1.65986 1.64787 1.65029 1.65581 1.65342
1.47640 1.46477 1.48806 1.48821 1.48821 1.47730 1.43650 1.40616 1.36926 1.34257 1.31781 1.30195 1.29734 1.20947 1.09529 1.11281 1.14913 1.14913 1.14913 1.14913 1.14923 1.17930 1.13811 1.06075 1.05991 1.06206 1.06324 1.06439 1.06563 1.10273 1.18320 1.15775 1.13130 1.17374 1.38655 1.37663 1.36532 1.33780 1.28555 1.23331 1.18266 1.16736 1.15868 1.15905 1.26296 1.32929 1.46630 1.50892 1.52261 1.56222 1.61034 1.62446 1.55850 1.55100 1.55338 1.55084 1.55903 1.55093 1.48401 1.53613 1.63249 1.63870 1.65067 1.65900 1.66759 1.68542 1.69379
1.49751 1.46199 1.46623 1.44611 1.42405 1.39560 1.35183 1.33267 1.30105 1.29512 1.28980 1.28950 1.29282 1.25099 1.12932 1.09766 1.13753 1.14175 1.14369 1.14567 1.14767 1.16425 1.18714 1.05627 1.03370 1.02418 1.01745 1.01008 1.00270 0.996105 1.09810 1.10880 1.08916 1.11720 1.25317 1.26118 1.19259 1.16147 1.15010 1.15206 1.15707 1.16223 1.18407 1.21617 1.28103 1.34090 1.49071 1.56226 1.53578 1.51772 1.52713 1.51978 1.50400 1.55354 1.57642 1.59986 1.60510 1.57757 1.56813 1.55078 1.69837 1.73044 1.73521 1.73347 1.72846 1.72955 1.75083
1.50706 1.46018 1.43389 1.38285 1.37011 1.36245 1.32638 1.30942 1.27825 1.27729 1.28004 1.28252 1.28507 1.27026 1.13362 1.10006 1.12567 1.14036 1.14036 1.14036 1.13710 1.13153 1.15844 1.07563 1.00208 0.986494 0.985508 0.985508 0.985508 0.989291 1.03452 0.997436 0.942739 0.888838 1.01979 1.16657 1.15190 1.16569 1.20601 1.23702 1.26682 1.27796 1.27288 1.24942 1.22860 1.24558 1.29624 1.39814 1.41888 1.42308 1.46080 1.48220 1.48636 1.58483 1.61300 1.66302 1.66090 1.63763 1.61393 1.58299 1.66962 1.72834 1.73428 1.75786 1.79147 1.85262 1.90151
1.39905 1.38179 1.38568 1.33681 1.33419 1.33839 1.33093 1.32362 1.30689 1.30169 1.30135 1.30134 1.30134 1.29696 1.18698 1.09358 1.10195 1.12094 1.11424 1.10753 1.10409 1.10409 1.12164 1.11992 0.996936 0.989944 1.00355 1.02747 1.04089 1.04941 1.04847 0.916225 0.934161 0.970449 1.09629 1.26501 1.25832 1.25183 1.23118 1.20746 1.18225 1.17566 1.17609 1.17652 1.17695 1.20619 1.24156 1.38416 1.43498 1.43541 1.45837 1.48526 1.49245 1.57484 1.61079 1.69669 1.74456 1.77639 1.75834 1.74823 1.72756 1.77687 1.86906 1.90206 1.91110 1.89621 1.88769
1.37896 1.39578 1.43185 1.40179 1.36860 1.36860 1.36030 1.33425 1.31669 1.29652 1.28016 1.26251 1.24488 1.22724 1.16565 1.06326 1.06512 1.09198 1.09619 1.09651 1.10416 1.11326 1.13446 1.20984 1.14902 1.13949 1.09615 1.11947 1.17396 1.24253 1.29611 1.27033 1.21042 1.22279 1.25169 1.24370 1.19406 1.18114 1.18114 1.18114 1.18114 1.18114 1.18114 1.18114 1.18114 1.19226 1.23775 1.35302 1.47235 1.49821 1.52721 1.57656 1.54940 1.60385 1.69870 1.77775 1.78086 1.77475 1.74547 1.70243 1.73731 1.74032 1.87753 1.88086 1.88732 1.88529 1.88031
1.33542 1.39409 1.41675 1.42762 1.36340 1.34148 1.32009 1.25972 1.23306 1.20015 1.19938 1.20029 1.20120 1.20211 1.18544 1.10392 1.12299 1.15026 1.18133 1.21913 1.25384 1.29196 1.34852 1.42610 1.43158 1.41410 1.36366 1.37968 1.39606 1.39606 1.39606 1.38913 1.24838 1.24310 1.22096 1.27395 1.19982 1.18141 1.18114 1.18651 1.19847 1.21111 1.22419 1.23816 1.26113 1.28282 1.32534 1.38153 1.55492 1.64658 1.70048 1.73247 1.68146 1.65012 1.73790 1.76379 1.79034 1.76729 1.74658 1.70044 1.71637 1.74593 1.83172 1.87292 1.85946 1.85452 1.85994
1.21749 1.32823 1.31382 1.33334 1.28514 1.26748 1.26857 1.24020 1.23017 1.20800 1.20739 1.20739 1.20739 1.20774 1.21326 1.17688 1.22780 1.29527 1.37967 1.44064 1.49877 1.55459 1.58595 1.58802 1.56048 1.53295 1.47738 1.40468 1.40557 1.40645 1.40735 1.40823 1.32994 1.24876 1.24161 1.34441 1.28538 1.28278 1.30420 1.32790 1.33652 1.34138 1.34621 1.35039 1.37195 1.41761 1.49384 1.57990 1.73815 1.83075 1.82969 1.79294 1.72511 1.64116 1.66840 1.70620 1.75381 1.73127 1.71199 1.67412 1.64768 1.71001 1.73684 1.87596 1.89271 1.91617 1.93445
1.10092 1.21720 1.27375 1.31249 1.31386 1.27233 1.27233 1.25267 1.23217 1.23189 1.24734 1.26757 1.30388 1.34269 1.40026 1.45832 1.49252 1.56357 1.60500 1.61081 1.61081 1.61081 1.61081 1.61081 1.58465 1.55977 1.53695 1.42226 1.41518 1.41979 1.42751 1.43526 1.43089 1.33664 1.39492 1.50919 1.48407 1.40894 1.38334 1.37275 1.38544 1.43383 1.48315 1.53246 1.55577 1.57442 1.61257 1.69121 1.74631 1.76196 1.74198 1.71399 1.65001 1.55249 1.57531 1.62468 1.68842 1.69528 1.68994 1.69096 1.68150 1.72810 1.78635 1.88817 1.92244 1.92161 1.91761
1.10518 1.13437 1.27319 1.30195 1.35298 1.32524 1.33297 1.34218 1.34022 1.36374 1.40369 1.47113 1.52287 1.57420 1.60003 1.59773 1.56764 1.59192 1.60226 1.61555 1.62406 1.63248 1.64094 1.64938 1.64705 1.62798 1.60777 1.53623 1.49102 1.51419 1.54184 1.56949 1.59717 1.55880 1.56123 1.55383 1.51077 1.45274 1.47220 1.52152 1.56508 1.60178 1.63676 1.67058 1.70444 1.71872 1.70720 1.70674 1.68766 1.65172 1.61891 1.61966 1.57607 1.55201 1.60013 1.64634 1.68388 1.70200 1.68452 1.67595 1.68762 1.69593 1.74598 1.76505 1.85953 1.85341 1.84691
1.12249 1.16638 1.29434 1.33672 1.38843 1.42807 1.50314 1.59377 1.57538 1.61621 1.60426 1.60867 1.61222 1.61049 1.61490 1.63034 1.63512 1.62588 1.65968 1.69519 1.69547 1.69547 1.69547 1.70193 1.73001 1.73041 1.73384 1.72748 1.63519 1.64247 1.64247 1.64247 1.63980 1.58753 1.62864 1.70592 1.74540 1.68335 1.66851 1.69749 1.71967 1.70261 1.68333 1.66572 1.65486 1.65902 1.67157 1.69161 1.71170 1.72676 1.73500 1.73712 1.68703 1.64457 1.62501 1.64499 1.64600 1.63938 1.63195 1.62767 1.63137 1.66376 1.69492 1.72171 1.80697 1.82845 1.84688
0.971793 1.12123 1.23889 1.54676 1.66002 1.75375 1.76726 1.76213 1.69406 1.67142 1.62918 1.62830 1.63048 1.63765 1.63915 1.64636 1.69264 1.64661 1.66226 1.73796 1.77244 1.80267 1.83281 1.85650 1.85829 1.84329 1.81489 1.79067 1.67703 1.61751 1.56664 1.53870 1.52352 1.54556 1.75909 1.88195 1.88894 1.76657 1.68689 1.67531 1.67958 1.69610 1.71592 1.73569 1.74943 1.74943 1.74898 1.74853 1.74793 1.74528 1.73581 1.72622 1.69652 1.65583 1.59651 1.64275 1.64602 1.64580 1.65090 1.65867 1.68650 1.74011 1.78027 1.84081 1.82080 1.87502 1.84147
1.23766 1.37078 1.43052 1.63344 1.69777 1.75810 1.77090 1.78019 1.73587 1.68611 1.65202 1.63915 1.64000 1.65429 1.67200 1.68958 1.76077 1.77928 1.78638 1.83487 1.84417 1.84222 1.84022 1.83852 1.83923 1.82714 1.74483 1.66370 1.58470 1.55915 1.59962 1.63807 1.65869 1.67802 1.73659 1.88772 1.80932 1.70201 1.76596 1.74215 1.74215 1.74215 1.74215 1.74215 1.74215 1.74215 1.74215 1.74215 1.74207 1.73810 1.72189 1.70092 1.68014 1.61807 1.62687 1.70283 1.75658 1.77768 1.80036 1.80963 1.81718 1.82005 1.84041 1.87681 1.87174 1.83119 1.84643
1.37524 1.42971 1.47907 1.55220 1.72132 1.76066 1.78117 1.78435 1.77766 1.69029 1.68623 1.67814 1.69492 1.69818 1.69117 1.67918 1.69630 1.72519 1.77437 1.80516 1.83680 1.83830 1.79906 1.74771 1.69739 1.64897 1.61464 1.61200 1.61534 1.64454 1.65828 1.65151 1.65113 1.65113 1.65638 1.84544 1.82516 1.72002 1.75468 1.74396 1.74215 1.74215 1.74097 1.73236 1.72265 1.71319 1.70395 1.69365 1.67849 1.67235 1.66999 1.66654 1.66811 1.65734 1.69139 1.75416 1.84152 1.85300 1.86088 1.86514 1.87777 1.89674 1.92538 1.92997 1.97986 1.85559 1.84591
1.27324 1.40986 1.48138 1.51759 1.73813 1.80533 1.85428 1.86039 1.84691 1.69489 1.66297 1.61509 1.60307 1.59115 1.58607 1.58607 1.59312 1.65331 1.76247 1.72897 1.70875 1.64257 1.59867 1.57776 1.57737 1.58878 1.62440 1.67745 1.65417 1.66146 1.66953 1.67244 1.67539 1.67831 1.68126 1.78368 1.89571 1.76423 1.69423 1.71180 1.68500 1.66849 1.65335 1.65078 1.65730 1.66386 1.67042 1.68072 1.70149 1.71669 1.72946 1.73224 1.72701 1.72366 1.74775 1.80472 1.90791 1.95635 1.95306 1.93113 1.90576 1.89682 1.89090 1.89417 1.92908 1.86439 1.82236
