results/OMI_NO2_201002.asc
ncols      200
nrows      200
xllcorner       120.258
yllcorner       41.1236
cellsize     0.0166667
NODATA_Value      -999.000
[rows 29 to 57 of 175, columns 65 to 129 of 200]
1.04335 1.04335 1.04335 1.04335 1.04335 1.07194 1.10130 1.10130 1.10130 1.10130 1.10130 1.10130 1.10130 1.10622 1.12213 1.45138 2.67120 3.31564 3.62764 3.72146 3.69324 3.69324 3.70435 4.00537 3.84010 3.05012 3.04794 3.04794 3.04794 3.04794 3.00910 2.87703 2.75603 2.64886 2.55326 2.50574 2.50566 2.59005 2.66252 2.61247 1.29662 1.17293 1.17293 1.17797 1.22353 1.22600 1.26255 1.31071 1.35887 1.40065 1.37177 1.35543 1.22981 1.00667 1.00667 1.00667 1.00667 1.00667 0.933979 0.907215 0.907215 0.907215 0.907215 0.907272 0.950663
1.04335 1.04335 1.04335 1.04335 1.04335 1.05018 1.10078 1.10130 1.11050 1.15165 1.24818 1.36906 1.49558 1.58421 1.55932 2.21444 3.08445 3.69324 3.69324 3.69324 3.69324 3.69324 3.69324 3.85817 4.03627 3.19868 2.90793 2.78323 2.67301 2.57490 2.50896 2.50566 2.50566 2.50566 2.50566 2.50566 2.50566 2.52832 2.66180 2.66252 1.94905 1.17307 1.19206 1.22416 1.31968 1.39468 1.40631 1.40631 1.40631 1.40631 1.39757 1.35614 1.34863 1.04607 1.00667 1.00667 1.00667 1.00667 0.973534 0.907215 0.921639 0.995569 1.07560 1.11340 1.07682
1.04335 1.04335 1.04335 1.05483 1.07658 1.10343 1.27312 1.45865 1.58953 1.62552 1.57951 1.51795 1.46503 1.45835 1.45835 1.71700 2.65851 3.69182 3.69324 3.69324 3.68398 3.48778 3.25657 3.08093 3.13259 2.78291 2.50566 2.50566 2.50566 2.50566 2.50566 2.50566 2.50566 2.50566 2.50566 2.50566 2.50566 2.49581 2.41378 2.17098 1.73138 1.28150 1.29463 1.29463 1.32832 1.40631 1.40631 1.40631 1.40631 1.40631 1.40631 1.37033 1.35543 1.19748 1.00667 1.00667 1.00767 1.05916 1.09642 1.00992 0.991224 0.924305 0.851067 0.820153 0.820153
1.10385 1.13179 1.20504 1.27575 1.33616 1.37362 1.41140 1.53812 1.47775 1.45835 1.45835 1.45835 1.45835 1.45835 1.45835 1.45929 2.33255 3.13146 3.10568 2.93494 2.79281 2.75510 2.75510 2.75510 2.88280 2.95263 2.52187 2.50566 2.50566 2.50566 2.50566 2.50566 2.50566 2.47856 2.23515 1.92909 1.58008 1.19286 1.15555 1.30014 1.31433 1.32863 1.34293 1.35723 1.37215 1.40460 1.40631 1.40631 1.40631 1.40631 1.40631 1.39601 1.35585 1.32156 1.02245 1.01580 1.02801 0.989843 0.963631 0.886061 0.820153 0.820153 0.820153 0.820153 0.837391
1.33863 1.38592 1.35321 1.30694 1.26073 1.23228 1.23699 1.43755 1.45835 1.45835 1.45835 1.46681 1.51394 1.56585 1.61778 1.66976 2.09034 2.75013 2.75510 2.75510 2.75510 2.75510 2.75510 2.75510 2.78172 2.97936 2.65309 2.50557 2.50566 2.45268 2.17723 1.86107 1.50256 1.13550 1.09797 1.11394 1.12824 1.14254 1.16166 1.35653 1.37486 1.37486 1.37486 1.37486 1.37486 1.39219 1.40631 1.40631 1.36315 1.26285 1.16231 1.06172 1.19160 1.30919 1.12208 0.963631 0.963631 0.963631 0.963631 0.942154 0.833464 0.907276 0.989663 1.07212 1.13720
1.27586 1.23659 1.23194 1.23194 1.23194 1.23194 1.23251 1.37687 1.54517 1.59713 1.64906 1.69256 1.69734 1.69734 1.69734 1.69734 1.72663 2.65326 2.75450 2.75510 2.75510 2.75475 2.70200 2.61973 2.54611 2.50451 2.12870 1.71216 1.43123 1.11054 1.11812 1.13699 1.15129 1.16386 1.16572 1.16572 1.16572 1.16572 1.16572 1.27743 1.37486 1.37486 1.37486 1.35164 1.28553 1.20904 1.07120 0.970655 0.913232 0.912985 0.912985 0.912985 1.00884 1.31092 1.27333 0.970607 0.972685 1.04341 1.12580 1.20822 1.16987 1.14236 1.14236 1.14236 1.14236
1.23194 1.23194 1.24357 1.28154 1.32052 1.35947 1.39787 1.45490 1.69734 1.69734 1.69734 1.69734 1.69734 1.69734 1.69734 1.69734 1.69365 2.16641 2.58443 2.51728 2.45392 2.25838 1.90688 1.54393 1.17447 0.917053 1.02207 1.15268 1.16635 1.16572 1.16572 1.16572 1.16572 1.16572 1.16572 1.16572 1.16572 1.16572 1.15963 1.16301 1.22481 1.15779 1.09073 1.04689 1.04597 1.04501 0.933282 0.912985 0.912985 0.912985 0.912985 0.912985 0.910837 1.19066 1.25387 1.19988 1.27423 1.28583 1.28583 1.28583 1.23451 1.14236 1.14236 1.14236 1.14236
1.34397 1.38294 1.41020 1.41119 1.41119 1.41119 1.41119 1.41119 1.62960 1.69734 1.69734 1.68519 1.65966 1.63680 1.61628 1.59772 1.58268 1.59365 1.76958 1.39132 1.03469 0.833771 0.871686 0.899952 0.899995 0.899995 0.977971 1.09121 1.17239 1.16572 1.16572 1.16572 1.16572 1.16309 1.14129 1.11565 1.09001 1.06437 1.04481 1.04358 1.04533 1.04597 1.04597 1.04597 1.04597 1.04597 0.988718 0.912985 0.912800 0.884433 0.835512 0.786683 0.739910 0.858365 1.18858 1.20714 1.28566 1.28583 1.28583 1.28583 1.28118 1.15232 1.14236 1.14236 1.14236
1.41119 1.41119 1.41119 1.41119 1.41119 1.41001 1.38107 1.34336 1.38796 1.55047 1.59039 1.57756 1.54119 1.46389 1.37213 1.29040 1.25470 1.27785 1.06198 0.894092 0.899995 0.899995 0.899995 0.899995 0.899995 0.899995 0.931348 1.02431 1.17676 1.14736 1.12171 1.09608 1.07043 1.04741 1.04358 1.04358 1.04358 1.04358 1.04358 1.04358 1.04437 1.04597 1.04597 1.04597 1.04597 1.03355 0.983696 0.797254 0.748308 0.727819 0.727819 0.727819 0.727819 0.727819 1.09647 1.18895 1.26005 1.28583 1.28583 1.28583 1.28583 1.20426 1.14236 1.15179 1.26774
1.40629 1.37151 1.33454 1.30073 1.26963 1.24163 1.24593 1.29072 1.34692 1.29898 1.32721 1.25071 1.22144 1.25822 1.32128 1.38919 1.40742 1.40742 1.32766 0.895047 0.899995 0.899995 0.899995 0.899995 0.887696 0.862058 0.836484 0.913974 1.04958 1.04971 1.04358 1.04358 1.04358 1.04358 1.04358 1.04358 1.04358 1.04358 1.04358 1.04358 1.04363 1.03863 1.00811 0.975535 0.942946 0.922788 0.922528 0.784041 0.727819 0.727819 0.727819 0.727819 0.727819 0.727819 0.879283 1.18895 1.21625 1.28583 1.28583 1.28583 1.34720 1.47143 1.48791 1.61885 1.64347
1.23733 1.25547 1.30207 1.34871 1.39412 1.40534 1.38891 1.33975 1.30218 1.17312 1.27348 1.36859 1.40742 1.40742 1.40742 1.40742 1.40742 1.40742 1.40742 1.04747 0.873143 0.842491 0.816842 0.791204 0.777854 0.777854 0.777854 0.830002 0.976235 1.06885 1.04358 1.04358 1.04358 1.04358 1.04358 1.04358 1.04358 1.04028 1.01261 0.980043 0.947441 0.923268 0.924443 0.935977 0.948828 0.961672 0.974523 0.903447 0.727819 0.727819 0.727819 0.727819 0.727819 0.727819 0.727819 1.11067 1.20922 1.42646 1.60151 1.75955 1.85633 1.86495 1.68529 1.63460 1.63460
1.45157 1.43958 1.38868 1.33778 1.29133 1.32107 1.38556 1.45834 1.52192 1.44316 1.31062 1.40742 1.40742 1.40742 1.40893 1.43299 1.46782 1.50703 1.55166 1.42313 0.830143 0.777854 0.777854 0.777854 0.777854 0.777854 0.777854 0.779680 0.903148 1.07502 1.04365 1.04358 1.04358 1.04265 1.01951 0.986931 0.954478 0.933390 0.941323 0.954182 0.967025 0.980184 0.993183 0.994523 0.994523 0.994523 0.994523 0.981463 0.738204 0.727819 0.727819 0.731962 0.749550 0.768117 0.786712 1.09542 1.74779 1.80480 1.86513 1.86513 1.86513 1.86513 1.77605 1.63581 1.65163
1.28657 1.30170 1.36376 1.43367 1.50813 1.52683 1.52683 1.52683 1.52683 1.52359 1.28902 1.44997 1.49096 1.53336 1.57918 1.59141 1.59141 1.59141 1.59141 1.58512 1.00144 0.778992 0.777854 0.777854 0.777854 0.769651 0.739717 0.704581 0.756915 0.969286 1.02681 0.997448 0.977299 0.958506 0.961921 0.974772 0.987472 0.992130 0.992130 0.992130 0.992130 0.992130 0.993872 0.994523 0.994523 0.994523 0.996676 1.00802 0.872997 0.785249 0.803816 0.818258 0.819282 0.819282 0.819282 0.822126 1.63478 1.77070 1.85544 1.86580 1.88038 1.90043 1.90989 1.72081 1.71305
1.48606 1.52683 1.52683 1.52683 1.52683 1.53192 1.56651 1.60985 1.65885 1.71470 1.54560 1.51779 1.59141 1.59141 1.59141 1.59141 1.59141 1.59141 1.59141 1.59179 1.35239 0.752479 0.688001 0.644801 0.594180 0.554957 0.626353 0.709845 0.782009 0.968444 0.982512 0.991741 0.992130 0.992130 0.992130 0.992130 0.992130 0.992130 0.992130 0.992130 0.992130 0.995820 1.02176 1.01941 1.03182 1.04421 1.05445 1.05550 1.00207 0.819282 0.819282 0.819282 0.819282 0.819282 0.819282 0.819224 1.23758 1.90342 1.96731 1.93809 1.94359 1.94359 1.94359 1.80500 1.71305
1.52715 1.55071 1.59214 1.63877 1.69177 1.74343 1.75062 1.75062 1.75062 1.75062 1.69526 1.42902 1.59141 1.59141 1.59564 1.61782 1.64506 1.67643 1.71293 1.75515 1.69008 0.783148 0.784185 0.857126 0.909150 0.949256 0.943677 0.942293 0.942293 1.00933 1.00465 0.992130 0.992130 0.992130 0.992130 0.992130 0.992963 1.01775 1.05798 1.10529 1.16144 1.22143 1.22680 1.06689 1.05550 1.05550 1.05550 1.05550 1.05244 0.848041 0.819282 0.819282 0.813052 0.793363 0.765909 0.725602 0.724578 2.05347 2.16029 1.95086 1.94359 1.94359 1.94359 1.89547 1.71305
1.69833 1.75062 1.75062 1.75062 1.75062 1.75062 1.75062 1.75062 1.75062 1.74557 1.73421 1.42874 1.64044 1.73044 1.76736 1.83019 1.88589 1.86143 1.82671 1.62735 1.40180 1.26446 0.968377 0.942293 0.942293 0.942293 0.942293 0.942293 0.942293 0.952224 1.03150 0.992130 1.00876 1.04761 1.09297 1.14682 1.20981 1.23199 1.23199 1.23199 1.23199 1.23199 1.23199 1.12140 1.05550 1.05550 1.05550 1.05550 1.05787 0.947463 0.772579 0.735539 0.702982 0.702516 0.702516 0.702516 0.702516 1.49531 2.18434 2.02308 1.94359 1.94359 1.94359 1.94354 1.75573
1.56402 1.75062 1.75062 1.75041 1.74271 1.73134 1.71997 1.70859 1.69722 1.68747 1.64858 1.52512 1.71502 2.04651 2.04533 1.84998 1.47070 1.30962 1.19608 1.15723 1.15723 1.15723 1.03256 0.942293 0.942293 0.942293 0.942293 0.950589 0.982999 1.02215 1.15648 1.19559 1.23199 1.23199 1.23199 1.23199 1.23199 1.23199 1.23199 1.23199 1.23199 1.23199 1.23199 1.19863 1.05736 1.06643 1.08028 1.09742 1.11390 1.07087 0.702516 0.702516 0.702516 0.702516 0.702516 0.702516 0.702516 0.750049 2.08057 2.13820 1.94535 1.94359 1.94359 1.93151 1.79213
1.40837 1.71569 1.70568 1.69458 1.68140 1.63650 1.58827 1.54002 1.42930 1.23476 1.04429 0.834895 1.04023 1.35488 1.22896 1.15983 1.15723 1.15723 1.15723 1.15723 1.15723 1.15723 1.12817 0.975829 1.01198 1.05631 1.10919 1.15489 1.15723 1.15723 1.18332 1.26376 1.23199 1.23199 1.23199 1.23199 1.23199 1.23199 1.23199 1.23199 1.23312 1.26407 1.32026 1.39973 1.17436 1.11400 1.06535 0.992506 0.919660 0.846779 0.710015 0.702516 0.702516 0.702516 0.702516 0.702516 0.702516 0.702516 1.55771 2.18008 1.95068 1.84148 1.78505 1.74071 1.73063
1.28465 1.47399 1.52801 1.47962 1.37098 1.21769 1.03648 0.813005 0.667709 0.651214 0.638021 0.628144 0.784890 1.07716 1.15723 1.15723 1.15723 1.15723 1.15723 1.15723 1.15723 1.15723 1.15723 1.15723 1.15723 1.15723 1.15723 1.15723 1.15723 1.15723 1.15723 1.24449 1.23199 1.23199 1.23199 1.23199 1.23201 1.25420 1.30681 1.38027 1.44330 1.33924 1.19354 1.04785 0.852623 0.730636 0.706435 0.706435 0.706435 0.706435 0.705280 0.702516 0.702516 0.702516 0.700339 0.677251 0.648930 0.620554 0.675391 1.81492 1.82276 1.72980 1.72980 1.72980 1.72980
1.07767 1.01889 1.02861 0.803601 0.673552 0.656164 0.642006 0.630579 0.626556 0.626556 0.626556 0.626556 0.685996 0.969927 1.15723 1.15723 1.15723 1.15723 1.15723 1.15723 1.15723 1.15723 1.15723 1.15723 1.15723 1.15723 1.15723 1.15723 1.15723 1.15723 1.15723 1.19223 1.23881 1.24563 1.28701 1.26731 1.21552 1.10451 0.958817 0.813042 0.713380 0.710355 0.710355 0.710355 0.710193 0.706621 0.706435 0.706435 0.706435 0.705745 0.694089 0.651894 0.622758 0.594452 0.568252 0.563006 0.563006 0.563006 0.563006 1.36733 1.86366 1.75125 1.72961 1.68277 1.60002
0.543598 0.542505 0.632148 0.634010 0.626792 0.626556 0.626556 0.626556 0.626556 0.626556 0.626556 0.626556 0.627050 0.856100 1.14212 1.15723 1.15723 1.15723 1.15723 1.15723 1.15723 1.15723 1.15723 1.15723 1.15723 1.15723 1.15723 1.15723 1.15723 1.12880 1.07980 1.03492 1.01783 0.870073 0.736108 0.710355 0.710355 0.710355 0.710355 0.710355 0.710355 0.710355 0.710355 0.710355 0.710355 0.700475 0.681833 0.667652 0.653484 0.640015 0.636680 0.595445 0.563006 0.563006 0.563006 0.563006 0.563006 0.563006 0.563006 0.707689 1.68424 1.61475 1.44160 1.40568 1.40568
0.596734 0.558586 0.575858 0.626556 0.626556 0.626556 0.626556 0.626556 0.626556 0.626556 0.626556 0.626556 0.626556 0.747664 1.03315 1.15723 1.15723 1.15723 1.15723 1.15723 1.15723 1.15723 1.15723 1.15324 1.08921 1.00606 0.948623 0.903694 0.858771 0.842265 0.846228 0.846228 0.828329 0.710355 0.710355 0.710355 0.710355 0.710355 0.710355 0.710355 0.710355 0.710355 0.710355 0.710355 0.710355 0.692384 0.636880 0.636680 0.636680 0.636680 0.636680 0.621123 0.563006 0.563006 0.563006 0.589616 0.671548 0.729557 0.770944 0.790408 1.25814 1.57969 1.42903 1.40568 1.40568
0.623870 0.640848 0.621886 0.627170 0.626556 0.626556 0.626556 0.626556 0.626556 0.626556 0.626556 0.626556 0.629866 0.675689 1.01278 1.15723 1.15723 1.15723 1.13529 1.05453 0.970647 0.886624 0.817780 0.776555 0.795616 0.833823 0.846228 0.846228 0.846228 0.846228 0.846228 0.846228 0.845972 0.745952 0.710355 0.710355 0.710355 0.710355 0.710355 0.710355 0.710355 0.710355 0.710355 0.710355 0.710355 0.710355 0.647899 0.636680 0.636680 0.636680 0.636680 0.640958 0.658343 0.718856 0.763134 0.789056 0.790556 0.790556 0.790556 0.790556 0.866499 1.55291 1.50597 1.40568 1.40568
0.723821 0.723821 0.679627 0.639554 0.626556 0.626556 0.626556 0.633413 0.653262 0.676287 0.703039 0.734430 0.764483 0.764405 0.950581 0.935929 0.851997 0.768065 0.712102 0.744056 0.783052 0.822048 0.845956 0.846228 0.846228 0.846228 0.846228 0.846228 0.846228 0.846228 0.846228 0.846228 0.846228 0.802605 0.710355 0.710355 0.710355 0.710355 0.710355 0.710355 0.710355 0.710355 0.710355 0.710355 0.710355 0.710355 0.673124 0.638351 0.667983 0.676799 0.678622 0.677151 0.647273 0.735064 0.790556 0.790556 0.790556 0.790556 0.790556 0.790556 0.790556 1.29064 1.57344 1.41722 1.40568
0.723821 0.723954 0.719957 0.681396 0.682827 0.710641 0.743475 0.766889 0.763032 0.757681 0.752320 0.746973 0.741634 0.739427 0.728628 0.731482 0.770489 0.809484 0.842413 0.846228 0.846228 0.846228 0.846228 0.846228 0.846228 0.846228 0.846228 0.846228 0.846228 0.846228 0.846228 0.846228 0.846228 0.835816 0.721302 0.710355 0.710355 0.710355 0.710355 0.710355 0.710355 0.710355 0.710355 0.666776 0.643963 0.654844 0.660452 0.639346 0.626840 0.633114 0.660780 0.688902 0.697805 0.656308 0.790556 0.790556 0.790556 0.790556 0.790556 0.790556 0.790556 0.893427 1.56440 1.45557 1.30041
0.809662 0.838255 0.849606 0.781925 0.756902 0.750952 0.745599 0.740567 0.739427 0.739427 0.739427 0.755677 0.794529 0.833525 0.870570 0.849118 0.846228 0.846228 0.846228 0.846228 0.846228 0.846228 0.846228 0.846228 0.846228 0.846228 0.846228 0.846228 0.846228 0.846228 0.846228 0.846228 0.846228 0.846228 0.773989 0.710355 0.710355 0.693027 0.625252 0.570715 0.555792 0.583282 0.601872 0.631687 0.678326 0.715801 0.753256 0.755852 0.761891 0.780650 0.781122 0.781122 0.780464 0.635097 0.782166 0.790556 0.790556 0.791738 0.864171 0.978589 1.09323 1.20771 1.41572 1.40646 1.25291
0.838264 0.834691 0.831772 0.806020 0.744973 0.739427 0.739427 0.746225 0.781965 0.820961 0.859971 0.882703 0.882847 0.882847 0.882847 0.862127 0.846228 0.846228 0.846228 0.846228 0.846228 0.846228 0.846228 0.846228 0.846228 0.846228 0.846228 0.846228 0.846228 0.846228 0.846228 0.846228 0.846228 0.846228 0.814349 0.592834 0.492635 0.530858 0.602141 0.680885 0.737845 0.775666 0.813120 0.847406 0.853827 0.853827 0.853827 0.840119 0.781318 0.781122 0.781122 0.781122 0.781206 0.736598 0.860331 1.08344 1.19797 1.31132 1.35336 1.35336 1.35336 1.35336 1.36576 1.42428 1.31320
0.831490 0.831490 0.831490 0.837779 0.811952 0.807796 0.847393 0.879591 0.882847 0.882847 0.882847 0.882847 0.882847 0.882847 0.882847 0.876010 0.846228 0.846228 0.846228 0.846228 0.846228 0.846228 0.846228 0.846228 0.846228 0.846228 0.846228 0.846228 0.846228 0.846228 0.846228 0.846228 0.854283 0.969370 1.11397 1.10729 0.796830 0.835551 0.853827 0.853827 0.853827 0.853827 0.853827 0.853827 0.853827 0.853827 0.853827 0.853827 0.816700 0.865486 0.922723 0.979961 1.03711 1.05229 1.05563 1.35336 1.35336 1.35336 1.35336 1.35336 1.35336 1.35336 1.33941 1.35023 1.31667
0.902575 1.11430 1.32985 1.53850 1.31774 0.865056 0.882847 0.882847 0.882847 0.882847 0.882847 0.882847 0.882847 0.882847 0.882847 0.882847 0.853281 0.846228 0.846228 0.846228 0.846228 0.846228 0.846228 0.846228 0.846228 0.846228 0.846228 0.848073 0.852178 0.928400 1.07674 1.22529 1.36574 1.39915 1.39915 1.48175 0.910892 0.853827 0.853827 0.853827 0.853827 0.853827 0.853827 0.841445 0.798116 0.758237 0.722943 0.691472 0.811158 1.06252 1.06252 1.06252 1.06252 1.06252 1.00065 1.30553 1.35336 1.35336 1.34668 1.29428 1.23329 1.17229 1.12522 1.15528 1.27025
