results/OMI_NO2_201108.asc
ncols      200
nrows      200
xllcorner       120.258
yllcorner       41.1236
cellsize     0.0166667
NODATA_Value      -999.000
[rows 27 to 53 of 166, columns 0 to 61 of 200]
1.25533 1.11381 1.04310 1.04310 1.04310 1.04310 1.04310 1.04492 1.08923 1.15111 1.21302 1.27492 1.31805 1.34120 1.38898 1.43785 1.48166 1.54952 1.24125 1.15965 1.15965 1.15546 1.08387 1.08104 1.05907 0.991356 1.01927 1.04715 1.07404 1.08153 1.08153 1.08153 1.08153 1.08153 1.08153 1.08153 1.08153 0.925505 0.832617 0.832617 0.832617 0.832987 0.834594 0.836296 0.826070 0.772605 0.792593 0.813691 0.834796 0.841585 0.841585 0.841585 0.841585 0.860691 0.964279 0.965331 0.983285 1.22729 1.23775 1.23775 1.23775 1.23775
1.25533 1.20831 1.04339 1.05798 1.11699 1.17887 1.24081 1.30084 1.31850 1.33127 1.37789 1.42679 1.47487 1.50185 1.50299 1.50299 1.50299 1.51582 1.44173 1.18630 1.20724 1.22813 1.20825 1.18574 1.18600 1.09358 1.08153 1.08153 1.08153 1.08153 1.08153 1.08153 1.08153 1.08153 1.08153 1.08153 1.08153 1.02922 0.834699 0.835731 0.841105 0.881466 0.929352 0.977107 1.02191 0.893163 0.841585 0.841585 0.841585 0.841585 0.841585 0.841585 0.841585 0.841585 0.925083 0.965331 0.965399 1.15894 1.28049 1.31023 1.34225 1.37428
1.25533 1.25533 1.26043 1.31558 1.31850 1.32443 1.36683 1.41575 1.46460 1.50074 1.50299 1.50299 1.50299 1.50984 1.52828 1.54689 1.56552 1.58415 1.66612 1.31739 1.26958 1.26958 1.26383 1.19225 1.18815 1.14057 1.08153 1.08153 1.08153 1.08153 1.08153 1.08153 1.08153 1.08153 1.08265 1.08493 1.09315 1.14874 0.981646 0.979049 1.02314 1.03187 1.03187 1.03187 1.03187 0.977336 0.841585 0.841585 0.841585 0.841585 0.841585 0.846632 0.883222 0.928432 1.01883 1.18558 1.25408 1.32602 1.41450 1.41680 1.41680 1.41680
1.25533 1.25935 1.32459 1.40465 1.45357 1.49650 1.50299 1.50299 1.51118 1.52979 1.54840 1.56702 1.58566 1.59741 1.59760 1.59760 1.59760 1.59760 1.63420 1.50387 1.26958 1.26958 1.26958 1.22566 1.18815 1.17892 1.08371 1.08153 1.08153 1.08153 1.08203 1.08418 1.09356 1.15082 1.21566 1.27935 1.33710 1.34721 1.20660 1.03187 1.03187 1.03187 1.03187 1.03187 1.03187 1.03096 0.890074 0.901402 0.954262 1.02262 1.09108 1.15450 1.18637 1.20965 1.21307 1.30384 1.33682 1.33621 1.40179 1.42362 1.45638 1.49164
1.42068 1.48181 1.50133 1.51280 1.53128 1.54990 1.56852 1.58716 1.59756 1.59760 1.59760 1.59760 1.59760 1.59760 1.59760 1.59760 1.59760 1.59760 1.60071 1.66843 1.29255 1.26958 1.26958 1.26200 1.18737 1.16688 1.10472 1.08342 1.09408 1.15264 1.21813 1.28192 1.33851 1.34721 1.34721 1.34721 1.34721 1.34721 1.32902 1.04509 1.03452 1.06789 1.11122 1.17356 1.24204 1.31048 1.28462 1.19732 1.21296 1.21307 1.21307 1.21307 1.21307 1.21307 1.21307 1.24997 1.36895 1.40420 1.47324 1.54790 1.56955 1.62036
1.56589 1.59069 1.61554 1.61152 1.59760 1.59760 1.59760 1.59760 1.59760 1.59760 1.59760 1.59760 1.59760 1.59760 1.59760 1.59760 1.59760 1.59760 1.59760 1.65621 1.45102 1.23955 1.22042 1.20320 1.15023 1.15757 1.20971 1.28452 1.33980 1.34721 1.34721 1.34721 1.34721 1.34721 1.34721 1.34721 1.34721 1.35569 1.39142 1.31428 1.33697 1.37211 1.39721 1.40336 1.40336 1.40336 1.39634 1.22782 1.21307 1.21307 1.21307 1.21320 1.24688 1.30635 1.36585 1.43115 1.52221 1.58145 1.63283 1.73593 1.76202 1.76272
1.62746 1.62746 1.62746 1.62467 1.59846 1.59760 1.59760 1.59760 1.59760 1.59760 1.59760 1.59760 1.59760 1.59760 1.59760 1.59491 1.57791 1.55878 1.53965 1.53870 1.54829 1.24313 1.29707 1.34713 1.37669 1.30395 1.30223 1.33782 1.34721 1.34721 1.34721 1.34721 1.36349 1.40119 1.43891 1.47667 1.51445 1.54369 1.54574 1.50039 1.40336 1.40336 1.40336 1.40336 1.40336 1.40336 1.40336 1.30494 1.22915 1.28653 1.35007 1.45380 1.53065 1.58059 1.62623 1.66136 1.67754 1.69874 1.69874 1.74076 1.76272 1.76272
1.62864 1.62746 1.62746 1.62746 1.60741 1.59760 1.59760 1.59760 1.59760 1.59760 1.59760 1.58825 1.56912 1.55000 1.53088 1.51444 1.49997 1.39621 1.27622 1.15555 1.13310 1.30671 1.39222 1.39222 1.39222 1.33605 1.30263 1.33974 1.41094 1.44868 1.48646 1.52418 1.54566 1.54574 1.54574 1.54574 1.54574 1.54574 1.54574 1.54447 1.41653 1.40336 1.40336 1.40336 1.40816 1.45699 1.54684 1.64177 1.58625 1.63589 1.65373 1.66492 1.66732 1.66732 1.66732 1.66732 1.66763 1.69408 1.69874 1.71625 1.76272 1.76272
1.68973 1.62746 1.62746 1.62746 1.62077 1.59763 1.59568 1.57948 1.56034 1.54123 1.52211 1.51233 1.50332 1.40538 1.28535 1.16530 1.05753 1.04120 1.04120 1.04120 1.08073 1.19864 1.41887 1.44732 1.47564 1.48998 1.44250 1.45482 1.53927 1.54574 1.54574 1.54574 1.54574 1.54574 1.54574 1.54574 1.54574 1.54574 1.54574 1.54574 1.46583 1.44913 1.56309 1.67146 1.78531 1.86343 1.91039 1.93909 1.79139 1.69947 1.67771 1.66732 1.66732 1.66732 1.66732 1.66732 1.66732 1.67971 1.69874 1.69880 1.74817 1.72870
1.80960 1.62746 1.62746 1.62746 1.62746 1.55366 1.51524 1.51233 1.50646 1.41461 1.29447 1.17453 1.06331 1.04120 1.04120 1.04120 1.03935 1.02806 1.01546 1.00286 0.999534 1.27214 1.48023 1.54111 1.54111 1.54111 1.48081 1.45103 1.49939 1.54574 1.54574 1.54574 1.54574 1.54574 1.54574 1.54574 1.54725 1.62062 1.75727 1.88048 1.99249 1.88464 1.91151 1.94005 1.95022 1.95022 1.95022 1.95022 1.90163 1.69967 1.69095 1.66732 1.66732 1.66732 1.66828 1.71565 1.78894 1.86689 1.97374 2.05640 1.87224 1.69118
1.93651 1.64649 1.62746 1.62746 1.62351 1.47606 1.30370 1.18361 1.06939 1.04120 1.04120 1.03881 1.02714 1.01455 1.00195 0.989333 0.978616 0.977293 0.977293 0.977293 0.977293 1.16501 1.36913 1.54111 1.54111 1.54111 1.52359 1.45123 1.46331 1.54542 1.54574 1.54574 1.57090 1.64884 1.76894 1.88756 2.01737 2.10853 2.14674 2.18214 2.19372 2.02031 1.95022 1.95022 1.95022 1.95022 1.95022 1.95022 1.95022 1.77385 1.77853 1.82549 1.89961 1.97904 2.05761 2.08963 2.09585 2.09819 2.11261 2.12960 2.06298 1.70651
1.94543 1.62046 1.36152 1.20140 1.04531 0.999921 1.03441 1.02624 1.01362 1.00104 0.988432 0.978226 0.977293 0.977293 0.977293 0.977293 0.977293 0.977293 0.977293 0.977293 0.977293 1.04032 1.29620 1.50309 1.54111 1.54111 1.54111 1.47894 1.48389 1.63421 1.77994 1.89416 2.00989 2.10143 2.14812 2.18322 2.19372 2.19372 2.19372 2.19372 2.19372 2.11605 1.95022 1.95022 1.98700 2.06024 2.13660 2.21608 2.29551 2.28430 2.12452 2.11555 2.09819 2.09819 2.09819 2.09819 2.09819 2.09819 2.09951 2.13532 2.15851 1.84717
1.08870 1.00207 0.978502 0.961311 0.944524 0.927719 0.949312 0.977293 0.977293 0.977293 0.977293 0.977293 0.977293 0.977293 0.977293 0.977293 0.977293 0.977293 0.977293 0.977293 0.977293 0.977293 1.23295 1.40625 1.59198 1.63110 1.66621 1.68072 1.78821 1.95029 2.14953 2.18426 2.19372 2.19372 2.19372 2.19372 2.19372 2.19372 2.19600 2.23103 2.27087 2.28030 2.24260 2.32908 2.37174 2.37801 2.38109 2.38109 2.38109 2.37867 2.16488 2.12816 2.09939 2.09819 2.09819 2.08332 2.03840 1.99259 1.94477 2.03919 2.14442 1.95965
1.00523 1.00523 0.931280 0.914085 0.914085 0.914085 0.920708 0.975802 0.977293 0.977293 0.977293 0.977293 0.977293 0.977293 0.977293 0.977293 0.977293 0.977293 0.978602 1.00703 1.04617 1.08527 1.25489 1.46908 1.70216 1.73698 1.76051 1.79408 1.94510 1.99305 2.17173 2.19372 2.19372 2.20110 2.24184 2.27650 2.28473 2.29025 2.29371 2.27242 2.24513 2.23970 2.31499 2.38109 2.38109 2.38109 2.38109 2.38109 2.38109 2.38109 2.27281 2.12502 2.06553 2.00721 1.93817 1.87401 1.85353 1.83486 1.81862 1.85160 2.08636 2.07339
1.00523 1.00523 0.965130 0.914085 0.914085 0.914085 0.914085 0.957653 0.977293 0.977293 0.977293 0.977293 0.977293 0.977293 0.987431 1.02502 1.06416 1.10326 1.14109 1.14890 1.19285 1.26015 1.34686 1.70716 1.77063 1.80252 1.80252 1.80252 1.87628 2.06033 2.18639 2.28613 2.29156 2.29124 2.26513 2.24162 2.23970 2.23970 2.23970 2.23970 2.23970 2.23970 2.26124 2.38024 2.38109 2.38109 2.38109 2.38051 2.35104 2.28147 2.14310 1.80446 1.73903 1.80961 1.81414 1.82874 1.82966 1.82966 1.82966 1.82966 1.98673 2.09504
1.00523 1.00523 1.00165 0.919111 0.914085 0.914085 0.914085 0.929879 0.977283 0.977921 1.00389 1.04303 1.08213 1.12125 1.15027 1.15172 1.19272 1.26006 1.32733 1.39750 1.42090 1.42090 1.42090 1.64221 1.84363 1.93118 1.95294 1.97136 1.97382 2.06563 2.09218 2.23610 2.23970 2.23970 2.23970 2.23970 2.23970 2.23970 2.23970 2.23970 2.23970 2.23970 2.23970 2.34715 2.35982 2.24925 2.12141 1.99623 1.89636 1.83068 1.82456 1.72661 1.66431 1.79610 1.82966 1.82966 1.82966 1.82966 1.82966 1.82966 1.86630 2.09172
1.00523 1.00523 1.00523 0.946387 0.914085 0.914085 0.914085 0.914085 1.06140 1.13865 1.15179 1.15199 1.19254 1.25996 1.32724 1.39458 1.42090 1.42090 1.42090 1.42129 1.43059 1.44349 1.45644 1.55658 1.88459 1.90672 1.92673 1.92673 1.92673 1.97657 2.07645 2.18341 2.23970 2.23970 2.23970 2.23970 2.23970 2.23970 2.23970 2.23970 2.19568 2.07340 1.94546 1.86998 1.84963 1.82789 1.82442 1.82214 1.82212 1.82212 1.82212 1.79819 1.66598 1.72811 1.82966 1.82966 1.82966 1.82966 1.81614 1.77296 1.71681 1.81200
1.00523 1.00523 1.00523 0.985749 0.914261 0.914085 0.914085 0.914085 1.05970 1.25982 1.32714 1.39422 1.42095 1.42090 1.42159 1.43162 1.44450 1.45741 1.47034 1.48286 1.48647 1.48647 1.48647 1.48659 1.79283 1.88392 1.92653 1.92673 1.92673 1.92814 2.05354 2.11517 2.23970 2.23970 2.23970 2.22658 2.15145 2.03878 1.91087 1.78057 1.68434 1.66660 1.65347 1.65345 1.81190 1.82212 1.82212 1.82212 1.82212 1.82212 1.82212 1.82212 1.70768 1.64012 1.74318 1.68443 1.60406 1.52365 1.45680 1.41958 1.39533 1.44637
1.00523 1.00523 1.00523 1.00523 0.979037 1.05795 1.14775 1.23745 1.28034 1.41119 1.43259 1.44553 1.45842 1.47134 1.48356 1.48647 1.48647 1.48647 1.48647 1.48647 1.48647 1.48647 1.48647 1.48647 1.64546 1.87524 1.91220 1.92673 1.92673 1.92673 1.98365 2.07926 2.11026 2.00388 1.87645 1.75830 1.69439 1.66612 1.65292 1.64538 1.64538 1.64538 1.64538 1.64538 1.75165 1.82212 1.82212 1.81195 1.76099 1.69672 1.59933 1.49883 1.37926 1.27561 1.33344 1.39470 1.39470 1.39470 1.39470 1.39470 1.39470 1.39470
1.05952 1.21809 1.35552 1.49008 1.43472 1.28986 1.30706 1.32429 1.34149 1.43035 1.48647 1.48647 1.48647 1.48647 1.48647 1.48647 1.48647 1.48647 1.48647 1.48647 1.48647 1.48647 1.48647 1.48647 1.50300 1.85357 1.88989 1.93132 1.93560 1.94618 2.00071 2.02494 1.86072 1.66615 1.65238 1.64538 1.64538 1.64538 1.64538 1.64538 1.64538 1.64538 1.63128 1.59920 1.60737 1.55837 1.45758 1.36728 1.31774 1.28151 1.27843 1.27843 1.27842 1.23783 1.25511 1.39414 1.39470 1.39470 1.39921 1.42344 1.45007 1.47664
1.57014 1.54613 1.54345 1.54345 1.53517 1.36948 1.36032 1.36032 1.36032 1.37679 1.48455 1.48647 1.48647 1.48647 1.48647 1.48647 1.48647 1.48647 1.48647 1.48647 1.48647 1.48647 1.48927 1.49462 1.49997 1.74738 1.92347 2.02860 2.10090 2.16838 2.19426 2.08891 1.92443 1.66292 1.64538 1.64538 1.64482 1.62321 1.59184 1.57692 1.56835 1.55976 1.56526 1.58879 1.59939 1.33242 1.27843 1.27843 1.27843 1.27843 1.27843 1.27843 1.27843 1.25849 1.23022 1.37197 1.44139 1.46577 1.49478 1.59181 1.71289 1.84630
1.54345 1.54345 1.54345 1.54345 1.54345 1.42317 1.36032 1.36032 1.36032 1.36032 1.45102 1.48647 1.48647 1.48647 1.48647 1.48647 1.48647 1.48707 1.49169 1.49704 1.50239 1.50774 1.52235 1.61459 1.74260 1.94008 2.25522 2.25186 2.20277 2.20277 2.20277 2.18927 1.92948 1.71240 1.57474 1.56617 1.55815 1.57116 1.59397 1.60031 1.60031 1.60031 1.60031 1.60031 1.60031 1.45550 1.27843 1.27843 1.27843 1.27843 1.27843 1.29277 1.33576 1.44039 1.48578 1.64540 1.73936 1.87496 1.99232 2.01088 2.01088 2.01088
1.53615 1.54345 1.54345 1.54345 1.54345 1.50162 1.36052 1.36032 1.36032 1.36032 1.39682 1.48647 1.48647 1.48876 1.49410 1.49945 1.50482 1.50956 1.51107 1.57977 1.70747 1.83541 1.95131 1.98695 1.98695 1.98747 2.22048 2.24311 2.14922 2.12996 2.12138 2.11594 2.00694 1.84467 1.60151 1.60031 1.60031 1.60031 1.60031 1.60031 1.60031 1.60031 1.60031 1.60031 1.60031 1.57179 1.28617 1.28476 1.36475 1.48263 1.60058 1.70420 1.77903 1.79030 1.94349 2.07774 2.01902 2.01088 2.01088 2.01088 2.01088 2.01088
1.50646 1.54345 1.54345 1.54345 1.54345 1.54345 1.39131 1.36032 1.36140 1.37868 1.39899 1.48761 1.50722 1.51028 1.51030 1.54812 1.67236 1.80027 1.92745 1.98671 1.98695 1.98695 1.98695 1.99750 2.02265 2.04793 2.13779 2.22585 2.20408 2.15770 2.15770 2.15770 2.14109 1.90727 1.67829 1.60031 1.60031 1.60031 1.60031 1.60031 1.60031 1.60031 1.60031 1.62168 1.72687 1.84467 1.74399 1.75235 1.79030 1.79030 1.79030 1.79030 1.79030 1.79030 1.81698 2.07012 2.04784 2.01088 2.01088 2.01088 2.01088 2.00862
1.46338 1.53944 1.54345 1.54345 1.54622 1.55860 1.49530 1.42160 1.43595 1.43940 1.43940 1.48604 1.63727 1.76523 1.89316 1.98322 1.98695 1.98695 1.99945 2.02471 2.04999 2.07526 2.10051 2.11525 2.11534 2.11534 2.12636 2.23631 2.23458 2.16173 2.15770 2.15770 2.15770 2.01643 1.80020 1.60031 1.60031 1.60031 1.60390 1.66734 1.76700 1.88494 2.00277 2.09935 2.11218 2.11218 2.01752 1.79030 1.79030 1.79030 1.79030 1.79030 1.79030 1.79030 1.79030 1.97861 2.06539 1.98011 1.98060 2.02286 2.06575 2.11083
1.47936 1.54349 1.57260 1.58125 1.58731 1.58784 1.58070 1.46027 1.53229 1.65923 1.78709 1.89845 1.98184 2.00151 2.02676 2.05202 2.07732 2.10255 2.11534 2.11534 2.11534 2.11534 2.11534 2.11534 2.11534 2.11534 2.11534 2.20243 2.23957 2.19594 2.15770 2.15770 2.15770 2.13328 1.89507 1.72800 1.80948 1.92512 2.03939 2.09388 2.11214 2.11218 2.11218 2.11218 2.11218 2.11218 2.10698 1.82486 1.79030 1.79030 1.78945 1.77215 1.75125 1.77732 1.82014 1.91779 2.17737 2.21186 2.24238 2.24292 2.24292 2.24292
1.60779 1.56964 1.58728 1.60142 1.68094 1.83413 2.00471 1.97085 1.93159 1.95791 1.98319 2.00847 2.07188 2.11534 2.11534 2.11534 2.11534 2.11534 2.11534 2.11534 2.11534 2.11534 2.11534 2.11534 2.11534 2.11534 2.11534 2.15308 2.23957 2.22931 2.15337 2.14626 2.14013 2.13814 2.01123 2.01806 2.10982 2.11218 2.11218 2.11218 2.11218 2.11218 2.11218 2.11218 2.11218 2.11338 2.11930 1.94435 1.79509 1.83799 1.88164 1.94180 2.00556 2.02234 2.02234 2.02234 2.20820 2.25928 2.24292 2.24292 2.24292 2.24838
