results/OMI_NO2_200902.asc
ncols      200
nrows      200
xllcorner       120.258
yllcorner       41.1236
cellsize     0.0166667
NODATA_Value      -999.000
[rows 116 to 144 of 163, columns 66 to 131 of 200]
3.09464 3.10127 3.33308 7.42473 9.73631 9.69588 9.48861 9.29278 9.09082 8.92847 8.92463 8.92074 8.91688 8.91303 8.90916 8.90531 8.90145 8.89761 8.89372 8.89127 8.89126 8.80852 8.76876 9.30861 9.32665 9.34198 9.36469 12.3841 15.9880 16.3125 16.3125 16.3125 16.2986 15.6173 14.5698 13.5228 12.4754 11.8189 11.8094 11.8097 11.8216 11.8393 11.8585 11.8517 11.8121 9.70670 9.31804 9.31804 9.31804 9.31804 9.42522 6.89485 6.69825 6.69825 6.69825 6.69825 6.69825 6.69825 6.69825 6.69825 6.69825 6.69825 6.75689 8.27864 8.69011 8.69011
2.92430 2.89021 2.39456 4.82448 9.20310 9.20310 9.20310 9.20310 9.16190 8.89247 8.89126 8.89126 8.89126 8.89126 8.89126 8.89126 8.89126 8.89220 8.90431 8.91965 8.93497 8.91641 8.75841 9.23402 9.39219 9.39219 9.39219 11.0598 15.7495 15.3020 14.2546 13.2076 12.1741 11.8094 11.8095 11.8198 11.8375 11.8551 11.8728 11.8901 11.8958 11.8958 11.8958 11.8480 11.8031 10.5096 9.31804 9.31804 9.31804 9.31804 9.44681 8.00551 6.69825 6.69825 6.69825 6.69825 6.69825 6.69825 6.69825 6.69825 6.69825 6.70061 6.67921 7.46618 8.38766 8.25955
2.84247 2.84247 2.66210 2.13908 8.61177 9.20310 9.20310 9.20310 9.20310 8.96465 8.89126 8.89126 8.89788 8.91296 8.92829 8.94382 8.95895 8.97333 8.97654 8.97654 8.97654 8.97558 8.78499 8.99474 9.12235 7.81052 6.22403 4.73712 8.47203 11.8094 11.8180 11.8355 11.8533 11.8710 11.8885 11.8958 11.8958 11.8958 11.8958 11.8958 11.8958 11.8958 11.8958 11.8830 11.8034 11.4667 9.33522 9.31804 9.31804 9.31804 9.35425 9.22534 6.70371 6.69825 6.69825 6.70012 6.71381 6.72531 6.66863 6.58849 6.50826 6.42570 6.36709 6.62480 8.11127 8.12224
2.84247 2.84247 2.84229 2.13432 6.06401 9.20310 9.20465 9.22129 9.24171 9.13155 8.95206 8.96759 8.97649 8.97654 8.97654 8.97654 8.97654 8.97654 8.97654 8.97654 8.52945 7.10000 5.27821 3.31377 2.32123 2.23528 2.25280 2.27780 4.13104 11.7846 11.8958 11.8958 11.8958 11.8958 11.8958 11.8958 11.8958 11.8958 11.8958 11.8958 11.8958 11.8958 11.8958 11.8958 11.8256 11.8031 9.82993 9.31804 9.31804 9.31943 9.33260 9.70370 7.46993 6.73430 6.65736 6.57538 6.48145 6.38975 6.36620 6.36620 6.36620 6.36620 6.36620 6.41068 7.75397 8.24270
2.84247 2.85102 2.87768 2.53497 2.97200 9.17783 9.30957 9.31335 9.31335 9.29044 8.98560 8.97654 8.97654 8.97654 8.97654 8.97654 8.31354 6.82905 5.13479 3.18552 1.74516 1.84764 1.87148 1.87169 2.18907 2.31465 2.31476 2.31476 2.63184 9.74613 11.8958 11.8958 11.8958 11.8958 11.8958 11.8958 11.8958 11.8958 11.8958 11.8958 11.8958 11.8958 11.8958 11.8730 11.4021 10.8141 9.86467 9.37903 9.39497 9.44367 9.50678 9.82926 8.75694 6.36952 6.36620 6.36620 6.36620 6.36620 6.38526 6.43435 6.48382 6.53328 6.58277 6.61565 7.31429 8.39046
2.97023 2.98889 2.98948 2.92995 2.15119 7.30954 9.31335 9.31335 9.31335 9.31335 9.08459 8.95900 8.07027 6.55254 4.81769 2.82872 1.80876 1.95893 2.10916 2.25933 2.37723 2.38613 2.32433 2.10986 2.15266 2.31476 2.31476 2.31476 2.42068 6.13945 11.8958 11.8958 11.8958 11.8958 11.8958 11.8958 11.8958 11.8955 11.5701 11.0182 10.5216 10.0724 9.66486 9.30610 9.21390 9.19984 9.27502 9.57892 9.64649 9.67270 9.67270 9.84149 9.97263 6.66856 6.43723 6.48672 6.53619 6.58560 6.61603 6.61640 6.61640 6.61640 6.61557 6.61438 6.79086 8.35375
2.98948 2.98948 2.98948 2.98948 2.43005 4.27579 9.31335 9.24030 8.17627 6.64734 4.77139 2.56202 1.92012 2.07021 2.22052 2.35879 2.38613 2.38613 2.38613 2.38613 2.38613 2.38613 2.37945 2.11939 2.10992 2.27868 2.31476 2.31564 2.32663 2.94485 11.0179 11.9429 11.7544 11.2071 10.7059 10.2528 9.84219 9.46792 9.31175 9.32076 9.34429 9.41097 9.48045 9.55006 9.61527 9.59214 9.57542 9.76899 9.88627 9.94477 10.0034 10.0958 10.2687 8.23583 6.57468 6.57346 6.57229 6.57104 6.56986 6.56866 6.56744 6.56625 6.56585 6.56585 6.57319 7.79195
2.98942 2.98834 2.98689 2.98546 2.76293 2.12970 4.46188 2.81460 2.46931 2.61795 2.75393 2.40232 2.36908 2.36764 2.36620 2.36475 2.36330 2.36185 2.36040 2.35896 2.35751 2.35607 2.35462 2.41701 2.45601 2.55813 2.68693 2.71304 2.73262 2.90815 6.74494 9.75818 9.50728 9.50081 9.50081 9.50081 9.53181 9.59178 9.65229 9.71274 9.75875 9.76162 9.76162 9.74932 9.72290 9.71641 9.86778 10.0075 10.2106 10.2106 10.2106 10.2112 10.2804 9.70951 6.57664 6.56585 6.56585 6.56585 6.56585 6.56585 6.56585 6.56585 6.56585 6.56585 6.56585 7.17153
2.95209 2.95489 2.97678 3.00173 3.02288 2.74205 2.79639 2.79746 2.79746 2.79746 2.79746 2.53132 2.34837 2.34837 2.34837 2.34837 2.34837 2.34837 2.34837 2.34837 2.34838 2.35776 2.37511 2.46845 2.55494 2.58860 2.78764 2.79507 2.79507 2.78962 3.39925 9.33457 9.55013 9.61066 9.67115 9.73160 9.76162 9.76162 9.75171 9.72551 9.69909 9.67278 9.64625 9.63212 9.63211 9.63366 9.90125 9.95200 10.1968 10.2106 10.2106 10.2106 10.2642 10.2854 7.49524 6.56585 6.56585 6.56585 6.56585 6.56585 6.56585 6.56585 6.56585 6.56585 6.56501 6.52379
3.04142 3.06321 3.06627 3.06627 3.06627 2.93757 2.79746 2.79746 2.79746 2.79746 2.79746 2.69381 2.34837 2.34837 2.34837 2.35160 2.36764 2.38500 2.40235 2.41973 2.43707 2.44505 2.44505 2.48719 2.59016 2.59016 2.72753 2.79507 2.79507 2.79507 2.76680 7.61869 9.76162 9.75388 9.72816 9.70173 9.67529 9.64887 9.63234 9.63211 9.63211 9.63211 9.63211 9.63211 9.63211 9.63211 9.78568 9.94229 10.1120 10.2106 10.2106 10.2106 10.2475 10.2854 8.98871 6.56585 6.56585 6.56585 6.56541 6.53321 6.47634 6.07983 5.41533 4.66320 3.80589 3.09241
3.06627 3.06627 3.06627 3.06627 3.06627 3.03820 2.80122 2.79746 2.79746 2.79743 2.79491 2.78922 2.44371 2.41225 2.42959 2.44373 2.44505 2.44505 2.44505 2.44505 2.44505 2.44505 2.44505 2.45454 2.58910 2.59016 2.64873 2.79507 2.78725 2.75394 2.70314 4.60084 9.65151 9.63282 9.63211 9.63211 9.63211 9.63211 9.63211 9.63211 9.63211 9.63211 9.63211 9.63211 9.63211 9.63211 9.67050 9.94012 10.0178 10.2106 10.2106 10.2106 10.2308 10.2552 10.1011 6.72952 6.28772 5.70818 5.00157 4.23732 3.39560 3.04410 3.04410 3.04410 3.04410 3.04410
3.06627 3.06627 3.06627 3.06627 3.06570 3.06202 2.86899 2.78488 2.78072 2.77657 2.77493 2.77493 2.60723 2.44505 2.44505 2.44505 2.44505 2.44505 2.44505 2.44505 2.44505 2.44505 2.44505 2.45248 2.63350 2.73059 2.80464 2.68576 2.62432 2.62238 2.61904 2.59199 8.61298 9.63211 9.63211 9.63211 9.63211 9.63211 9.63211 9.63211 9.63211 9.63211 9.63211 9.63211 9.63211 9.63211 9.63211 9.86998 9.97452 10.0834 10.0272 9.97500 9.40093 8.10338 6.57259 4.27557 3.12748 3.04410 3.04410 3.04410 3.04410 3.03030 2.96449 2.89366 2.82280 2.75205
3.06031 3.05615 3.05198 3.04782 3.04422 3.04375 2.95922 2.77493 2.77493 2.77493 2.77493 2.77493 2.72567 2.44555 2.44505 2.44505 2.44505 2.44505 2.44655 2.49562 2.56735 2.63911 2.71084 2.77518 2.87183 2.93092 2.93092 2.77082 2.62238 2.62238 2.62238 2.59665 5.96862 9.63211 9.63211 9.63211 9.63211 9.63211 9.63211 9.63211 9.63211 9.63691 9.65539 9.67470 9.69396 9.71329 9.73261 9.82430 9.14352 7.64920 5.97646 4.13920 2.95095 3.02700 3.04410 3.04410 3.02750 2.96015 2.88933 2.81850 2.74775 2.69068 2.68567 2.68567 2.68567 2.68567
3.04375 3.04375 3.04375 3.04375 3.04375 3.04375 3.03877 2.79974 2.77493 2.77493 2.77493 2.77493 2.77493 2.51516 2.47759 2.54926 2.62099 2.69282 2.76315 2.78581 2.78581 2.78581 2.78581 2.78581 2.83807 2.93092 2.93092 2.88740 2.62357 2.62238 2.62238 2.60935 3.06425 9.36402 9.63211 9.63415 9.65018 9.66712 9.68391 9.70070 9.71770 9.72945 9.72774 9.55340 8.38654 6.90900 5.22457 3.35127 3.08410 3.05829 2.89696 2.87388 2.80203 2.90134 2.96705 2.90275 2.85506 2.85821 2.86461 2.87131 2.87782 2.88430 2.89102 2.89745 2.90409 2.91062
3.04375 3.04375 3.04375 3.04375 3.04375 3.04375 3.11832 4.48343 6.19854 3.57469 2.85845 2.92915 2.99968 2.92937 2.77835 2.77722 2.77602 2.77482 2.77361 2.77242 2.77122 2.77002 2.76882 2.76762 2.78091 2.85960 2.85624 2.85290 2.61624 2.53753 2.52908 2.51599 2.55582 7.24424 9.64688 9.66166 9.66241 9.66223 9.66223 9.22985 7.89284 6.35557 4.59680 2.86785 2.62698 2.62698 2.64007 2.68611 2.83364 2.80559 2.55785 2.48042 2.47809 2.66104 2.96021 2.96021 2.96021 2.96021 2.96021 2.96021 2.96021 2.96021 2.96021 2.96021 2.96021 2.96021
3.02222 3.02101 3.11305 4.66121 6.46564 8.01582 9.32067 9.64415 9.70812 6.77867 3.08476 3.08476 3.08476 3.05692 2.76073 2.75488 2.75488 2.75488 2.75488 2.75488 2.75488 2.75488 2.75488 2.75488 2.75278 2.80616 2.80517 2.79717 2.67365 2.47272 2.46980 2.46980 2.57266 4.27984 9.64956 8.85359 7.44671 5.84680 4.01204 2.65790 2.62698 2.63698 2.68175 2.72947 2.77715 2.82478 2.85951 2.86115 2.82101 2.68213 2.57539 2.47809 2.47809 2.55297 2.96021 2.96021 2.96021 2.96021 2.96021 2.96021 2.96021 2.96021 2.96021 2.96021 2.96021 2.96021
6.50934 8.04875 9.34215 9.64318 9.62826 9.62484 9.62484 9.62484 9.72071 9.15101 3.19806 3.08476 3.08476 3.08476 2.85181 2.75488 2.75488 2.75488 2.75450 2.74847 2.74041 2.73242 2.72441 2.71642 2.71048 2.75552 2.77834 2.77834 2.76468 2.48561 2.46980 2.46980 2.51688 2.62698 3.32316 2.62698 2.63433 2.67737 2.72507 2.77275 2.82047 2.85820 2.86115 2.86115 2.86115 2.86115 2.86115 2.86115 2.86079 2.70910 2.64717 2.47809 2.47809 2.48011 2.92511 2.96021 2.96021 2.96021 2.96021 2.96021 2.96021 2.96021 2.97065 3.00486 3.04009 3.07525
9.62487 9.62484 9.62484 9.62484 9.62484 9.62484 9.62484 9.62484 9.67198 9.75153 5.58082 3.08476 3.08476 3.07503 2.94076 2.73572 2.72777 2.71978 2.71215 2.71024 2.71024 2.71024 2.71024 2.71024 2.71024 2.73970 2.77834 2.77834 2.77834 2.58959 2.46980 2.47491 2.51912 2.70868 2.76839 2.81612 2.85644 2.86115 2.86115 2.86115 2.86115 2.86115 2.86115 2.86115 2.86115 2.86115 2.86115 2.86115 2.86115 2.77608 2.68213 2.51481 2.47809 2.47809 2.81909 2.96021 2.96950 3.00331 3.03843 3.07358 3.10881 3.14393 3.16861 3.16953 3.16953 3.16953
9.62484 9.62484 9.62484 9.62484 9.62484 9.62484 9.62484 9.62426 9.61452 9.70793 8.20475 2.98037 2.95240 2.93420 2.92522 2.72181 2.71024 2.71024 2.71024 2.71024 2.71024 2.71024 2.71024 2.71024 2.71024 2.72377 2.78048 2.82566 2.88748 2.87212 2.65453 2.69711 2.70397 2.79667 2.86115 2.86115 2.86115 2.86115 2.86115 2.86115 2.86115 2.86115 2.86115 2.86115 2.86115 2.86115 2.86115 2.86115 2.86115 2.84156 2.67233 2.56711 2.55474 2.58987 2.85785 3.14232 3.16821 3.16953 3.16953 3.16953 3.16953 3.16953 3.16953 3.16953 3.17948 3.29068
9.62484 9.62484 9.62003 9.60104 9.58008 9.55912 9.53814 9.51777 9.51163 9.58743 9.60861 4.15236 2.93382 2.93382 2.93382 2.79361 2.71024 2.71024 2.71024 2.71024 2.71024 2.71024 2.74135 2.80320 2.86502 2.92791 3.05140 3.07133 3.07133 3.07068 2.76036 2.70397 2.70397 2.74090 2.86115 2.86115 2.86115 2.86115 2.86115 2.86115 2.86115 2.86115 2.86115 2.86115 2.85644 2.80947 2.75235 2.69534 2.63823 2.58115 2.40587 2.39431 2.68598 2.68741 2.81228 3.16953 3.16953 3.16953 3.16953 3.18331 3.29987 3.43709 3.57453 3.71196 3.83910 3.86540
9.54996 9.52899 9.51283 9.51163 9.51163 9.51163 9.51163 9.51163 9.51163 9.53860 9.63832 7.09255 2.93382 2.93382 2.93382 2.87386 2.71024 2.72723 2.78703 2.84885 2.91067 2.97252 3.00323 3.00323 3.00323 3.00323 3.05317 3.07133 3.07133 3.07133 2.89949 2.70397 2.70397 2.70471 2.84146 2.86115 2.86115 2.86115 2.86029 2.82276 2.76568 2.70861 2.65153 2.59445 2.54204 2.53205 2.53247 2.53294 2.53340 2.53386 2.47189 2.35576 2.61413 2.69115 2.73310 3.32890 3.47586 3.61531 3.75460 3.88043 3.90328 3.90541 3.90752 3.90956 3.91175 3.91380
9.51163 9.51163 9.51163 9.51163 9.51163 9.51163 9.51163 9.51163 9.51163 9.51126 9.56251 9.12936 3.23593 2.99441 3.05626 3.11556 2.98048 3.00493 3.00927 3.01155 3.01383 3.01612 3.01841 3.02071 3.02299 3.02528 3.05338 3.07785 3.07831 3.07877 3.04253 2.71760 2.71279 2.75133 2.82998 2.73211 2.67550 2.61888 2.56308 2.54402 2.54448 2.54494 2.54540 2.54587 2.54633 2.54671 2.54675 2.54675 2.54675 2.54906 2.55769 2.63421 2.93241 3.26286 3.38192 3.84804 3.95325 3.95325 3.95325 3.95325 3.95325 3.95325 3.95325 3.95325 3.95325 3.95325
9.52986 9.53158 9.53329 9.53502 9.53673 9.53769 9.48345 9.39567 9.31450 9.23779 9.30900 9.48645 6.05529 3.28088 3.28316 3.28544 3.16317 3.06269 3.06269 3.06269 3.06269 3.06269 3.06269 3.06269 3.06269 3.06269 3.06857 3.09846 3.20476 3.34487 3.50526 3.35127 3.38577 3.50800 3.28222 2.54675 2.54675 2.54675 2.54675 2.54675 2.54675 2.54675 2.54675 2.54675 2.54825 2.56209 2.57890 2.59561 2.61232 2.62672 2.62860 2.88956 3.09330 3.39331 3.39806 3.72337 3.95325 3.95325 3.95325 3.95325 3.95325 3.95325 3.95325 3.95325 3.95325 3.95325
9.56338 9.55493 9.49649 9.40973 9.33037 9.25215 9.22913 9.23965 9.24362 9.24362 9.26734 9.53393 8.48215 3.28628 3.28628 3.28628 3.24358 3.06269 3.06269 3.06269 3.06269 3.06269 3.12585 3.25673 3.40624 3.57823 3.78010 4.02173 4.06035 4.06035 4.06035 3.88151 3.50931 3.53900 4.84438 5.01793 5.87376 3.07286 2.54675 2.54761 2.56048 2.57718 2.59391 2.61061 2.62583 2.62860 2.62860 2.62860 2.62860 2.62860 2.62860 2.72538 3.06360 3.30649 3.39806 3.59887 3.95325 3.95325 3.95325 3.95325 3.95325 3.95325 3.95325 3.95325 3.95325 3.95641
9.44657 9.25595 9.23545 9.24323 9.24362 9.24362 9.24362 9.24362 9.24362 9.24362 9.24362 9.44256 9.54078 4.82801 3.28628 3.28628 3.28275 3.20144 3.33963 3.50141 3.68885 3.90844 4.02523 4.02523 4.02523 4.02523 4.02523 4.05305 4.06035 4.17836 5.65453 7.20396 8.11741 9.17524 9.51753 8.34045 7.31480 5.12974 2.60890 2.62474 2.62860 2.62860 2.62860 2.62860 2.62860 2.62860 2.62860 2.62860 2.62860 2.62860 2.62860 2.62929 2.99666 3.19006 3.39806 3.47428 3.95325 3.95325 3.95325 3.95566 3.98695 4.02662 4.06632 4.10599 4.14566 4.18217
9.49383 9.24362 9.24362 9.24362 9.24362 9.24362 9.24362 9.24362 9.24362 9.24362 9.24362 9.31999 9.51788 7.45616 3.21295 3.19189 3.17428 3.49157 4.02523 4.02523 4.02523 4.02523 4.02523 4.02523 4.02523 4.29076 5.91220 7.43603 8.69107 9.67623 9.90756 9.95050 9.75291 9.57757 9.59388 9.26894 7.36611 6.84573 2.66507 2.62860 2.62860 2.62860 2.62860 2.62860 2.62860 2.62860 2.62860 2.62860 2.62860 2.62860 2.62860 2.62860 2.83404 3.08556 3.42009 3.47011 4.01506 4.10391 4.14361 4.18087 4.18925 4.18925 4.18925 4.18925 4.18925 4.18925
9.63131 9.24362 9.24362 9.24362 9.24362 9.24246 9.22965 9.21385 9.19805 9.18222 9.16644 9.16129 9.42178 9.25291 3.67164 3.17238 3.17238 3.24333 4.01758 4.02523 4.02523 4.49297 6.19076 7.64892 8.85533 9.75953 9.91602 9.96706 10.0254 10.0683 10.0883 10.0883 9.99951 9.59902 9.59898 9.59898 7.79700 7.35464 4.19108 2.62860 2.62860 2.62860 2.62860 2.62860 2.62860 2.62860 2.62860 2.62868 2.65649 2.70664 2.75676 2.80688 2.90370 3.33529 3.54447 3.63406 4.01633 4.18925 4.18925 4.18925 4.18925 4.18925 4.18962 4.19879 4.21168 4.22456
9.76284 9.22416 9.20747 9.19165 9.17584 9.16120 9.15819 9.15819 9.15819 9.15819 9.15819 9.15819 9.30996 9.45582 6.31557 3.17238 3.17238 3.68404 5.98243 7.86995 9.04525 9.85630 9.94796 9.99090 10.0339 10.0638 10.0649 10.0670 10.0883 10.0883 10.0883 10.0883 10.0883 9.69642 9.59898 9.59898 8.54538 7.35464 6.09323 2.62860 2.62860 2.62860 2.64584 2.69527 2.74541 2.79555 2.84562 2.89568 2.91796 2.91796 2.91796 2.91796 2.91796 3.23168 3.44363 3.62468 3.88690 4.20482 4.21811 4.23460 4.25098 4.26755 4.28355 4.29085 4.29447 4.29793
9.73992 9.24389 9.15819 9.15819 9.15819 9.15819 9.15819 9.15819 9.15819 9.15819 9.15819 9.15819 9.19686 9.52314 8.95551 6.25535 7.22629 7.80973 8.55290 10.0228 10.0600 10.0649 10.0649 10.0653 10.0670 10.0687 10.0705 10.0722 10.0541 10.0398 10.0332 10.0267 10.0201 9.80763 9.51767 9.51112 9.22395 7.33947 7.28423 3.25424 2.71351 2.75711 2.78340 2.77758 2.77096 2.76440 2.75778 2.75124 2.74469 2.73814 2.73159 2.72504 2.71985 2.88135 3.17706 3.44631 3.69357 4.40023 4.40341 4.40341 4.40341 4.40341 4.40341 4.40341 4.40341 4.40341
