results/OMI_NO2_201103.asc
ncols      200
nrows      200
xllcorner       120.258
yllcorner       41.1236
cellsize     0.0166667
NODATA_Value      -999.000
[rows 116 to 144 of 166, columns 130 to 194 of 200]
4.93995 8.46359 8.58757 8.64170 8.35366 8.61374 9.76473 9.04291 8.24566 8.16196 8.16196 8.16196 30.9259 30.9259 30.9259 21.5941 12.0239 11.0489 10.6491 10.6491 9.14322 8.84083 8.84083 8.84083 8.87159 9.23182 9.72402 10.2771 10.9024 11.4735 11.5503 11.6671 11.7947 11.9350 12.4815 12.6437 11.6615 9.98940 10.3503 11.5428 11.7834 11.8531 12.1203 12.3989 12.6775 12.9565 13.1507 13.1697 13.1834 13.1972 13.2105 13.2140 13.2140 13.1916 8.57900 7.39876 6.37777 6.21516 6.21357 6.21357 6.21357 6.21357 6.19170 6.13836 6.06737
5.22953 7.04704 6.93535 6.27622 6.12335 6.19586 8.05631 8.16196 8.16196 8.16196 8.16196 8.16196 0.00000 30.9259 30.9259 24.5290 11.3712 10.6491 10.6491 10.6566 10.1180 9.60333 10.1411 10.7487 11.3889 11.6165 11.7439 11.8715 11.9992 12.1267 12.2323 12.2432 12.2432 12.2432 12.5086 12.7096 12.6869 10.4068 10.4597 12.1687 12.8803 13.1425 13.1604 13.1741 13.1879 13.2017 13.2129 13.2140 13.2140 13.2140 13.2140 13.2140 13.2140 13.2140 10.7669 7.46129 6.81294 6.23697 6.19308 6.13424 6.06089 5.98748 5.93623 5.89946 5.69039
6.11638 6.25184 6.12335 6.12335 6.12335 6.12335 7.17424 8.16196 8.16196 8.16196 8.16196 8.16196 0.00000 30.9259 30.9259 30.8158 14.6130 12.6527 13.7440 14.7882 14.0147 11.8119 11.9485 12.0760 12.2014 12.2432 12.2432 12.2432 12.2432 12.2432 12.2432 12.2907 12.7164 13.2238 13.7259 13.8370 14.0615 12.1728 11.0579 12.0759 13.1167 13.2061 13.2140 13.2140 13.2140 13.2140 13.2140 13.2140 13.2140 13.2140 13.2140 13.2140 13.1870 13.1234 12.8493 7.64407 7.12991 6.02830 5.94881 5.90022 5.68831 5.46965 5.27030 5.12095 5.12175
6.03440 6.15756 6.20635 6.12335 6.12335 6.12335 6.50949 8.16196 8.16196 8.16196 8.16196 8.16196 0.00000 4.12134 26.8575 24.7149 17.2276 12.7016 12.1452 11.7809 11.7635 12.1010 12.2432 12.2432 12.2432 12.2432 12.2514 12.5884 13.0958 13.6033 14.1119 14.5721 14.6538 14.6582 14.7218 14.3434 14.3131 13.7168 11.2766 11.6238 13.1809 13.2117 13.2140 13.2140 13.2140 13.2140 13.2140 13.1912 13.1280 13.0642 13.0003 12.9365 12.8996 12.8994 12.8994 9.44394 7.22531 6.37178 5.34201 5.12518 5.10476 5.10476 5.10476 5.07489 5.00061
5.92110 6.43785 6.45663 6.12335 6.12335 6.12335 6.15041 7.89701 8.16196 8.16196 8.16196 8.16196 4.12134 4.12134 9.73149 17.5236 17.0252 11.9397 11.7635 11.7635 11.7635 11.9274 12.4626 12.9690 13.4765 13.9839 14.4831 14.6538 14.6538 14.6641 14.7361 14.8184 14.9006 14.9785 14.9971 14.7557 14.4240 14.4240 11.8052 11.2805 12.8617 13.1986 13.1950 13.1328 13.0688 13.0050 12.9411 12.9001 12.8994 12.8994 12.8994 12.8994 12.8994 12.8994 12.8994 11.8860 7.28963 6.98860 5.45688 5.08571 4.96530 4.82860 4.69051 4.57241 4.50566
5.97007 6.63640 6.63054 6.12782 6.12335 6.12335 6.12335 6.98626 8.16196 8.16196 8.16196 8.16196 4.12134 4.12134 4.29180 16.5896 17.5236 13.6826 12.3611 12.8685 13.3769 13.9021 14.6261 14.6538 14.6538 14.6726 14.7505 14.8328 14.9150 14.9869 14.9971 14.9971 14.9971 14.9971 14.9971 14.9580 14.4417 14.2242 12.3745 11.1699 11.9450 12.9174 12.9010 12.8994 12.8994 12.8994 12.8994 12.8994 12.8994 12.8994 12.8994 12.8994 12.8994 12.8994 12.5619 10.9136 7.38300 6.76616 5.58547 4.53667 4.49793 4.48463 4.47260 4.47053 4.46995
5.89765 6.39458 6.65252 6.34109 6.06289 5.78346 5.39718 5.27759 8.16196 0.00000 0.00000 0.00000 4.12134 4.12134 4.12134 14.2663 20.5132 19.3560 14.1778 14.1740 14.1740 14.2038 14.5824 14.8471 14.9294 14.9928 14.9971 14.9971 14.9971 14.9971 14.9971 14.9971 14.9096 14.1418 13.3240 12.6014 11.6631 11.0686 11.0364 11.0235 11.1819 12.8639 12.8910 12.8994 12.8994 12.8994 12.8994 12.8994 12.8994 12.6520 11.0859 9.08552 6.74248 3.95582 1.32949 1.06665 4.80477 6.31393 5.97269 4.67177 4.47053 4.47053 4.47053 4.47053 4.47053
5.89956 6.07072 6.55593 6.44651 5.81345 6.37566 6.96449 7.27277 7.27277 0.00000 0.00000 0.00000 4.12134 4.12134 4.12134 7.49153 21.0367 21.1394 15.4531 14.3818 14.4640 14.5165 14.6413 14.9971 14.9971 14.9971 14.9971 14.9792 14.3477 13.5051 12.7616 12.1011 11.5601 11.4645 11.4119 11.3379 11.1471 10.7603 10.6863 10.6289 10.6256 12.3105 12.8771 12.8994 12.7287 11.2540 9.28117 6.97172 4.23297 1.48149 1.09369 1.05377 1.01385 0.974060 0.957386 0.957386 1.89743 6.77032 6.27397 5.16591 4.47053 4.47053 4.47053 4.47053 4.47053
6.55431 6.69080 7.27790 7.87464 7.53271 7.27277 7.27277 7.27277 7.27277 0.00000 0.00000 0.00000 4.12134 4.12134 4.12134 4.12134 18.2382 21.1394 18.1742 14.5174 14.5174 14.5174 14.5214 14.5075 13.6915 12.9270 12.2482 11.6522 11.4409 11.3680 11.2941 11.2202 11.1462 11.0744 11.0530 11.0530 11.0493 10.6743 10.6232 10.5329 9.42774 8.46921 7.15925 4.50351 1.64322 1.11933 1.08082 1.04089 1.00097 0.964359 0.957386 0.957386 0.957386 0.957386 0.957386 0.957386 0.957386 6.18642 6.27621 5.86760 4.58045 4.45294 4.43439 4.41324 4.39211
7.77629 8.13037 8.70631 9.38766 8.57586 7.27277 7.27277 7.27277 7.27277 7.27277 0.00000 0.00000 4.12134 4.12134 4.12134 4.12134 12.3608 21.1394 20.8932 14.1715 12.6811 12.0077 11.4132 11.2990 11.3241 11.2502 11.1762 11.1022 11.0541 11.0530 11.0530 11.0530 11.0530 11.0530 11.0609 11.3347 11.7386 9.63367 4.47015 2.47670 2.02096 1.97017 1.15766 1.10434 0.988093 0.958818 0.957386 0.957386 0.957386 0.957386 0.957386 0.957386 0.957386 0.957386 0.957386 1.01146 1.20430 4.34551 7.04359 6.68515 5.03779 4.37758 4.38015 4.43718 4.50768
8.34918 8.34918 8.39013 9.31769 9.09279 7.24995 7.27277 7.27277 7.27277 7.27277 0.00000 0.00000 4.12134 4.12134 4.12134 4.12134 4.78545 20.3956 21.3517 15.5997 11.3731 11.4532 11.5269 11.4552 11.0530 11.0530 11.0530 11.0530 11.0530 11.0530 11.2382 11.6426 12.0466 12.4507 12.8469 12.9772 12.9774 11.8819 2.14722 2.09441 2.12476 2.14165 1.57078 1.21146 0.958167 0.957386 0.957386 0.957386 0.957386 0.957386 0.999879 1.18752 1.38723 1.58684 1.78636 1.93189 1.93876 2.16764 7.81193 6.76465 5.99596 4.59928 4.63811 4.65158 4.65158
8.34918 8.34918 8.35694 8.92498 9.46916 7.94032 7.27277 7.27277 7.27277 7.27277 0.00000 0.00000 4.36335 4.68360 5.00385 5.32374 5.64399 17.1928 22.0087 20.7034 11.8645 11.5414 11.5414 11.5414 11.1426 11.1581 11.5466 11.9506 12.3547 12.7588 12.9768 12.9772 12.9783 12.9950 13.0165 13.0381 13.0595 13.0673 5.58539 2.13840 2.13877 2.14159 1.88795 1.25933 1.03287 0.989673 1.17093 1.37035 1.56986 1.76977 1.92669 1.93876 1.93876 1.93876 1.93876 1.93876 1.93876 1.93876 6.53593 7.06995 6.70145 4.93108 4.61508 4.25481 3.75539
8.41194 8.43922 8.45873 8.60685 9.53294 8.84352 7.27277 7.27277 7.27277 7.27277 7.27277 0.00000 5.85992 5.85992 5.85992 5.85992 5.85992 10.1676 21.9893 22.0087 14.1670 11.9390 12.3430 12.7471 12.9276 12.9616 12.9772 12.9772 12.9799 12.9988 13.0207 13.0419 13.0624 13.0673 13.0673 13.0673 13.0673 13.0673 9.80881 2.13840 2.13369 2.21805 2.37752 1.89020 1.95096 1.92022 1.93876 1.93876 1.93876 1.93876 1.93876 1.93876 1.93876 1.93876 1.93876 1.93876 1.93876 1.93876 3.60157 6.11708 4.47194 2.61369 1.37870 1.22619 1.24709
8.45953 8.45953 8.45953 8.45953 9.21583 9.38396 7.26422 7.27277 7.27343 7.27863 7.30093 7.30233 5.85992 5.85992 5.85992 5.85992 5.85992 5.85992 21.6261 25.0361 21.4859 13.4813 13.4656 13.4656 13.4175 13.0070 13.0242 13.0458 13.0646 13.0673 13.0673 13.0673 13.0673 13.0673 13.0673 13.0665 13.0430 13.0092 12.6583 2.80580 1.93024 2.22149 2.79948 2.49956 2.23337 1.96490 1.93876 1.93876 1.93876 1.93876 1.93876 1.93876 1.93876 1.93876 1.93876 1.93876 1.93876 1.95677 1.99845 2.04025 2.08196 1.85334 1.15814 1.27222 1.27222
8.45953 8.45953 8.45953 8.46731 8.79862 9.52462 8.48723 8.09503 8.26385 8.50471 8.41272 7.30233 5.85992 5.85992 5.85992 5.85992 5.85992 5.85992 16.7949 25.8570 25.7712 14.8502 13.5164 13.5380 13.5546 13.1938 13.0673 13.0673 13.0673 13.0673 13.0673 13.0512 13.0173 12.9835 12.9496 12.9166 12.9062 12.9239 12.9620 7.22046 2.09950 2.17669 3.00974 2.88575 2.24071 2.08013 1.93876 1.93876 1.93876 1.93876 1.93876 1.93876 1.94001 1.96989 2.01166 2.05341 2.09518 2.11892 2.11902 2.11902 2.11902 2.11902 1.17721 1.27222 1.27222
8.64075 8.77875 8.84309 8.89119 8.92718 9.51816 8.90435 8.66694 8.71732 8.71732 8.69167 7.45012 5.85992 5.85992 5.85992 5.85992 5.85992 5.85992 7.52714 25.3116 25.8570 18.7562 13.5557 13.5557 13.5104 13.3699 13.0581 13.0254 12.9916 12.9577 12.9239 12.9120 12.9463 12.9843 13.0224 13.0605 13.0985 13.1189 13.1189 11.2421 2.20718 2.20718 2.71472 3.06511 2.32333 2.20049 1.94094 1.93876 1.94534 1.98311 2.02487 2.06662 2.10715 2.11902 2.11902 2.11902 2.11902 2.11902 2.11902 2.11902 2.11902 2.11902 1.55352 1.21571 1.32316
8.97019 8.67088 8.35169 8.03459 7.71734 7.66471 7.86321 8.21521 8.71732 8.71732 8.71732 8.07937 5.85992 5.85992 5.85992 5.85992 5.85992 5.85992 5.85992 19.8760 22.8432 20.1474 11.9257 11.3078 11.0197 13.2114 12.9461 12.9686 13.0067 13.0447 13.0828 13.1151 13.1189 13.1189 13.1189 13.1189 13.1189 13.1189 12.7344 11.9707 3.94763 2.20718 2.38354 3.07950 2.69053 2.35344 2.13532 2.07985 2.11502 2.11902 2.11902 2.11902 2.11902 2.11902 2.11902 2.11902 2.11902 2.11902 2.08767 1.85281 1.58192 1.31049 1.05117 1.60441 1.89703
7.53745 7.45547 7.45547 7.45547 7.45547 7.49568 7.85892 7.90588 8.71732 8.71732 8.71732 8.50345 5.85992 5.78598 5.13365 4.53581 4.07925 3.51766 3.02232 6.13366 14.0322 13.3489 11.5682 10.7616 10.7270 12.0895 13.1324 13.1189 13.1189 13.1189 13.1189 13.1189 13.0421 12.5831 11.7226 11.1849 10.6487 9.89192 9.51856 9.51856 6.88387 2.28431 2.34928 3.42186 3.65972 2.84759 2.49804 2.11902 2.11902 2.11902 2.11902 2.11902 2.11902 2.09714 1.87429 1.60327 1.33184 1.06096 0.821025 0.784595 0.784595 0.784412 0.748120 1.20484 1.97185
7.45547 7.45547 7.45547 7.45547 7.45547 7.44989 7.67974 7.75166 8.36811 8.71732 8.71732 8.71049 3.51369 3.04479 2.81163 2.61448 2.41549 2.30740 2.24978 2.20387 11.6328 13.0665 12.4460 10.6797 10.6797 11.2176 13.1478 13.1189 12.9928 12.1416 11.2715 10.4996 9.82591 9.39361 9.37661 9.39861 9.84254 10.3903 11.0134 11.7328 11.5429 2.75501 2.49386 3.07336 3.79849 3.03558 2.82492 2.15935 2.10501 1.89551 1.62475 1.35333 1.08217 0.833035 0.784595 0.784595 0.784595 0.784595 0.759477 0.704705 0.660470 0.624365 0.610756 0.755527 1.70316
7.45547 7.44893 7.41929 7.38755 7.35583 7.32970 7.41743 7.70443 7.86509 8.71732 8.71732 8.71732 2.28834 2.22580 2.16821 2.13739 2.13736 2.13736 2.13736 2.13736 7.80534 13.0665 13.0659 11.0374 10.2115 9.59570 10.5948 10.0477 9.45313 9.37661 9.37661 9.39820 9.70142 10.1248 10.5956 11.1137 11.8457 12.1468 12.1468 12.1468 12.1468 6.36490 2.49386 2.61094 3.59045 2.79343 1.35890 1.00968 0.846646 0.784595 0.784595 0.784595 0.784595 0.784595 0.769159 0.714510 0.668392 0.630836 0.610988 0.610756 0.610756 0.610756 0.611253 0.669678 1.22611
7.35427 7.32913 7.32707 7.32707 7.32707 7.32707 7.32916 7.64177 7.64379 8.60285 8.71732 8.70574 2.13736 2.13736 2.13736 2.13736 2.13736 2.13736 2.13736 3.25962 6.40880 11.1326 10.2688 8.88377 7.95201 7.96766 8.67946 9.44040 9.77350 10.2045 10.6844 11.1881 11.3123 11.3123 11.3123 11.3123 11.4919 12.1468 12.1436 12.1763 12.3699 10.3371 2.98354 3.12846 2.39473 2.22325 0.178730 0.303122 0.780784 0.784595 0.776635 0.724761 0.676685 0.637624 0.612304 0.610756 0.610756 0.610756 0.610756 0.610756 0.621405 0.656793 0.693170 0.800728 1.04268
7.32707 7.32707 7.32707 7.32707 7.32707 7.32707 7.32374 7.46349 7.58919 7.44727 7.48576 6.98680 2.13736 2.13736 2.54068 4.61688 6.62314 8.39543 9.89201 10.5074 10.4120 9.66622 9.33472 9.19179 8.28590 8.57565 9.18299 11.2773 11.3123 11.3123 11.3123 11.3123 11.3123 11.2070 10.9641 11.0786 11.2125 11.9955 12.3643 12.5252 12.5400 12.4833 4.48308 3.37721 3.04308 2.83540 0.961195 0.193237 0.586864 0.644667 0.614825 0.610756 0.610756 0.610756 0.610756 0.610882 0.631929 0.668282 0.704676 0.741092 0.766835 0.767825 0.767825 0.795420 0.913290
7.32707 7.32707 7.32016 7.23564 7.10064 6.88100 6.65774 6.46810 6.54766 6.20326 6.45568 6.45733 7.72597 9.36993 10.5312 10.5407 10.4411 10.3616 10.3498 10.2562 9.92799 9.35182 8.45478 8.27784 8.76843 9.23443 9.23443 10.8834 10.9805 10.6474 10.7135 10.8375 10.9639 11.1922 11.5810 11.6340 11.6838 12.0575 12.7751 12.8415 12.8932 12.8968 8.74467 3.37562 3.01778 2.21872 1.40800 0.220905 0.370261 0.610756 0.610756 0.613646 0.643474 0.679851 0.716243 0.752495 0.767825 0.767825 0.767825 0.767825 0.767825 0.767825 0.767825 0.768149 0.837633
6.99334 6.79236 6.57263 6.42982 6.25930 6.11876 5.98530 5.85184 5.78763 5.80986 6.25774 6.45733 10.4712 10.3803 10.3498 10.2432 9.91190 9.60133 9.31739 9.12175 9.11163 9.10181 8.37265 8.33103 8.52152 9.75433 10.2595 10.7141 11.0631 11.5477 11.6635 11.7134 11.7632 11.8130 11.8612 11.8748 11.8748 11.9041 12.7989 12.4645 11.5174 10.3310 7.41290 2.50027 2.50027 2.16836 1.92685 0.229368 0.226781 0.646210 0.727810 0.761259 0.767825 0.767825 0.767825 0.767825 0.767825 0.767825 0.767825 0.767825 0.767825 0.769301 0.800400 0.848181 0.928860
6.19523 6.03616 5.90270 5.76979 5.71524 5.71524 5.71524 5.71524 5.73182 5.80388 5.98175 6.45733 9.89589 9.58718 9.30398 9.11844 9.11221 9.14633 9.19982 9.25340 9.31194 9.37795 8.99434 8.59783 8.60463 11.0611 11.8272 11.7619 11.5337 11.8736 11.8748 11.8748 11.8748 11.8748 11.8748 11.7929 11.2260 9.75280 7.70639 5.60823 3.88684 2.54941 2.50027 2.50027 2.50027 2.38056 2.04649 0.789391 0.220905 0.540495 0.767825 0.767825 0.767825 0.767825 0.767825 0.767825 0.768651 0.797094 0.844399 0.899512 0.964574 1.03935 1.06237 1.06237 1.06271
5.71524 5.71524 5.71524 5.71524 5.71524 5.71524 5.71524 5.71524 5.72107 5.84899 5.98317 6.42826 9.16918 9.22273 9.27626 9.33138 9.39538 9.42730 9.43414 9.42518 9.41025 9.38789 9.25211 8.50254 8.49242 9.58915 11.7386 11.7386 11.5275 11.7867 11.8748 11.8015 10.6263 8.93435 7.03455 4.98826 3.38679 3.18940 3.11123 2.51165 2.50027 2.50027 2.50027 2.50027 2.50027 2.50027 2.09528 1.48790 0.220905 0.297546 0.761001 0.768120 0.793908 0.840659 0.895129 0.959367 1.03452 1.06237 1.06237 1.06237 1.06237 1.12348 1.32811 1.53853 1.74931
5.71524 5.71524 5.71524 5.71524 5.72227 5.77240 5.82977 5.88714 5.93866 5.99874 6.10085 6.31856 9.42212 9.42069 9.41084 9.39932 9.37838 9.35596 9.33926 9.33835 9.33835 9.33835 9.33835 8.71058 8.49242 8.67605 11.5181 11.1058 9.58774 7.76323 5.98724 3.77631 3.18940 3.18940 3.18940 3.18940 3.18940 3.18940 3.18940 2.73186 2.50027 2.50027 2.50027 2.50027 2.50027 2.50027 2.24283 2.06083 0.285161 0.235649 0.803075 1.02941 1.06237 1.06237 1.06237 1.06237 1.06237 1.09613 1.28687 1.49742 1.70798 1.85735 1.86328 1.86328 1.86328
5.72369 5.77514 5.83244 5.88979 5.94017 5.94742 5.94742 5.94742 5.94742 5.95300 6.08405 6.18869 9.34665 9.33835 9.33835 9.33835 9.33835 9.33835 9.33835 9.33835 9.33835 9.33835 9.28812 8.57605 6.35170 5.04373 4.19579 3.30618 2.98426 2.69092 3.18043 3.18940 3.18940 3.18940 3.18940 3.18940 3.18940 3.18940 3.18940 3.03026 2.50027 2.50027 2.45339 2.32872 2.21714 2.11826 2.04909 2.77164 1.51284 0.263079 0.603134 1.06237 1.06237 1.07687 1.24562 1.45626 1.66657 1.84357 1.86328 1.86328 1.86328 1.86328 1.86328 1.84474 1.75014
5.94147 5.94742 5.94742 5.94742 5.94742 5.94742 5.94742 5.94742 5.94742 5.94917 6.03426 6.15146 9.33835 9.33835 9.33835 9.33835 9.33835 9.32549 9.19876 9.04519 8.87176 8.48388 8.08790 7.64996 2.99532 2.60468 2.70146 3.00187 3.00774 2.75319 3.02905 3.18940 3.18940 3.18940 3.18940 3.18940 3.18827 3.14648 2.98613 2.83283 2.24541 2.04073 1.98636 1.99439 2.10821 2.25089 2.39364 3.08626 3.53065 0.269486 0.554819 1.38139 1.62542 1.82163 1.86328 1.86328 1.86328 1.86328 1.86328 1.81990 1.71755 1.61484 1.51213 1.42793 1.41980
