results/OMI_NO2_201010.asc
ncols      200
nrows      200
xllcorner       120.258
yllcorner       41.1236
cellsize     0.0166667
NODATA_Value      -999.000
[rows 28 to 55 of 166, columns 62 to 123 of 200]
1.85307 1.80285 1.77786 1.75921 1.75663 1.75663 1.77757 1.80904 1.63295 1.22778 1.22778 1.22797 1.24112 1.26208 1.27975 1.29351 1.29907 1.31176 1.77188 2.08769 2.15190 2.17319 2.11748 2.04723 1.98197 1.92156 1.89821 1.93118 1.98540 2.16532 2.18766 2.20012 2.41427 3.05965 3.11179 3.12299 3.11179 3.05839 3.03281 3.01040 2.98893 2.94848 2.96585 3.05281 3.14247 3.23212 3.28973 3.28703 3.22058 3.13495 2.80719 2.76484 3.05735 3.42631 3.57208 3.71014 3.84818 3.87928 3.87928 3.87980 3.93470 4.02971
1.75663 1.75663 1.75663 1.75663 1.75663 1.75663 1.75927 1.80523 1.83831 1.31206 1.27861 1.29939 1.30737 1.34934 1.44588 1.51392 1.55896 1.56398 1.57513 1.98078 1.93378 1.89854 1.89821 1.89821 1.89821 1.89821 1.90356 1.91968 2.01076 2.13349 2.24059 2.23336 2.20070 2.80866 2.94262 2.92424 2.91530 2.93887 2.96017 3.04485 3.13454 3.22416 3.28815 3.29085 3.29085 3.29085 3.29101 3.38275 3.51702 3.61244 3.54464 3.38089 3.40463 3.73343 3.77658 3.84687 3.96498 4.15608 4.26432 4.37879 4.42149 4.40080
1.75663 1.75663 1.75663 1.75663 1.76104 1.77779 1.79527 1.84885 1.91400 1.69521 1.51213 1.58931 1.62885 1.62652 1.57662 1.47170 1.38002 1.37990 1.37990 1.70502 1.90617 1.90209 1.90697 1.91791 1.92885 1.93980 1.95427 1.99796 2.00788 1.96291 2.10116 2.11764 2.15620 2.47100 2.95516 3.03689 3.12662 3.21620 3.28591 3.29085 3.29085 3.29085 3.31138 3.45956 3.62986 3.79994 3.97001 4.04842 4.03504 3.98674 3.97845 3.63300 3.65164 3.93718 4.27607 4.30062 4.29962 4.38236 4.33505 4.14807 3.93350 3.71435
1.75879 1.77511 1.81026 1.85108 1.88294 1.83673 1.77375 1.73080 1.70415 1.64720 1.54913 1.50458 1.50407 1.50407 1.50407 1.48860 1.38030 1.38236 1.39450 1.47525 1.92871 1.95613 1.99389 2.04092 2.08818 2.13538 2.17706 2.21437 2.18769 2.00967 2.16839 2.29420 2.38386 2.50580 3.21163 3.29085 3.29085 3.29085 3.36654 3.53646 3.70668 3.87675 4.02645 4.04842 4.06733 4.15788 4.26152 4.37281 4.49206 4.54123 4.49320 4.21593 3.87862 3.91530 4.31207 4.23221 4.04865 3.78399 3.59876 3.57977 3.57767 3.61473
1.91261 1.85989 1.79480 1.72405 1.65269 1.65179 1.67115 1.67265 1.72042 1.66037 1.54465 1.50407 1.50407 1.50874 1.51965 1.53059 1.46130 1.48852 1.54614 1.60283 1.96507 2.17982 2.17993 2.19615 2.23713 2.27806 2.32284 2.40361 2.49278 2.34380 2.42911 2.55609 2.55609 2.56310 3.06251 3.61327 3.78350 3.95365 4.04819 4.07133 4.16439 4.26838 4.38019 4.50048 4.60308 4.61191 4.61213 4.62452 4.64373 4.63351 4.58479 4.58740 4.09661 4.13486 3.97207 3.63042 3.61677 3.62426 3.89857 4.22224 4.54788 4.83435
1.65986 1.66822 1.67265 1.67265 1.67265 1.67265 1.67265 1.67265 1.69470 1.70067 1.49813 1.53631 1.58489 1.63840 1.68565 1.73282 1.75137 1.71468 1.71468 1.71468 1.78385 2.25722 2.30914 2.39534 2.48531 2.57500 2.65737 2.67343 2.67343 2.57237 2.51443 2.77030 2.89371 2.99318 3.17200 4.14607 4.27543 4.38754 4.50847 4.60604 4.61191 4.61191 4.61553 4.63333 4.65255 4.67177 4.69076 4.70599 4.79168 4.89049 4.92210 4.92572 4.53308 4.25339 4.47111 4.30862 4.61460 4.89026 4.86164 4.92301 5.13672 5.38363
1.67265 1.67265 1.67265 1.67265 1.66983 1.63186 1.58299 1.52223 1.45828 1.65853 1.62314 1.73767 1.78305 1.78305 1.78305 1.78305 1.78001 1.71807 1.71476 1.72659 1.74868 2.22701 2.51320 2.63981 2.67343 2.72415 2.83064 2.93713 3.04361 3.13502 2.97305 3.11898 3.23425 3.31108 3.36909 4.22075 4.61191 4.61196 4.62293 4.64214 4.66143 4.68058 4.69618 4.69760 4.74532 4.83076 4.90363 4.96835 4.95574 4.91830 4.88757 5.32530 5.85812 5.32303 5.31513 5.18118 5.20402 5.45518 5.68280 5.83190 5.65616 5.46566
1.66624 1.62345 1.56668 1.49996 1.43606 1.40731 1.38946 1.38348 1.38348 1.62104 1.78737 1.65496 1.78305 1.78305 1.78305 1.79058 1.81136 1.79549 1.79508 1.80747 1.81380 2.04995 2.74825 2.91078 3.09891 3.25361 3.36483 3.48443 3.61341 3.71137 3.49662 3.37144 3.37144 3.38372 3.49109 3.98331 4.68298 4.68935 4.69760 4.69706 4.69002 4.75067 4.82373 4.89673 4.92211 4.90529 4.87536 4.84125 4.80716 4.77913 4.78289 5.13609 6.23781 5.94214 6.03536 6.12177 5.75173 5.60479 5.41915 5.03038 5.03374 5.03374
1.41738 1.39346 1.38351 1.38348 1.38348 1.38348 1.38348 1.38348 1.38348 1.44977 1.80827 1.64929 1.79089 1.82924 1.85408 1.87074 1.89114 1.99543 2.14097 2.32002 2.58673 2.76778 3.31702 3.65121 3.71984 3.71535 3.71535 3.71535 3.71535 3.75562 3.81188 3.67534 3.83342 3.99097 4.01760 4.00170 4.67871 4.67058 4.74373 4.81726 4.89737 4.90671 4.87836 4.84429 4.81019 4.78048 4.77636 4.77636 4.77636 4.77636 4.74571 4.66136 5.68522 5.88887 5.78687 5.76118 5.56377 5.38465 5.34538 5.02041 4.88875 4.83883
1.38348 1.38348 1.38348 1.38348 1.38348 1.38348 1.38348 1.38369 1.38558 1.38806 1.76782 1.82607 1.77677 2.02666 2.15701 2.35476 2.55795 2.67965 3.03620 3.23883 3.25536 3.25536 3.36256 3.79028 3.76207 3.79602 3.94679 4.11359 4.29869 4.43893 4.36743 3.99146 3.90784 3.89423 3.97781 4.09750 4.67602 4.90781 4.88139 4.84732 4.81321 4.78211 4.77636 4.77636 4.77636 4.77393 4.70005 4.59305 4.48600 4.37899 4.30278 4.31089 4.80274 5.70975 5.63161 5.56375 5.46222 5.07769 5.04153 4.95195 4.73250 4.71074
1.38348 1.38348 1.38348 1.38354 1.38509 1.38392 1.37707 1.36929 1.42308 1.52750 1.81510 2.27688 2.24738 2.78175 2.90063 2.91641 2.91641 2.91641 3.06417 3.25536 3.26987 3.43784 3.67815 4.28469 4.65989 4.40613 4.27397 4.17118 4.06843 3.97186 4.03259 4.10940 4.17003 4.27367 4.25240 4.20980 4.25120 4.84916 4.77636 4.77636 4.77636 4.75272 4.65163 4.54458 4.43753 4.33295 4.29973 4.29973 4.29973 4.29973 4.29973 4.30237 4.34063 5.37633 5.41342 5.42197 5.43220 5.23122 5.08974 5.09331 4.74585 4.66886
1.37627 1.36941 1.36172 1.35606 1.42720 1.53577 1.65030 1.76459 1.81554 1.81554 1.82854 2.30222 2.34819 2.74872 2.91641 2.91641 2.94727 3.07616 3.28283 4.06368 4.28962 4.15998 3.95439 3.88201 4.16629 4.03105 3.97913 4.10507 4.23561 4.36344 4.37963 4.32829 4.17504 4.12959 4.11734 4.11734 4.11764 4.63214 4.60320 4.49615 4.38910 4.30569 4.29973 4.29973 4.29973 4.29973 4.29973 4.29973 4.29973 4.29973 4.30455 4.31674 4.34493 4.93962 5.44212 5.36184 5.26301 5.14660 5.10950 5.21110 5.16010 5.09485
1.47293 1.55607 1.67058 1.78201 1.81554 1.81554 1.81554 1.81554 1.81554 1.81554 1.81554 2.09966 2.38153 2.61131 3.26693 3.39375 3.40887 3.28090 3.14391 3.38276 3.48146 3.48146 3.48146 3.48146 4.18797 4.59058 4.38883 4.34080 4.29821 4.25607 4.24078 4.24078 4.16740 4.17536 4.23893 4.30250 4.36579 4.44654 4.33478 4.29973 4.29973 4.29973 4.29973 4.29973 4.29973 4.30046 4.31012 4.32239 4.33468 4.34695 4.35279 4.24591 4.06676 3.99124 5.22035 5.35869 5.48324 5.67315 5.86699 5.97236 6.03116 5.67751
1.92057 1.81554 1.81554 1.81554 1.81554 1.81554 1.81554 1.81610 1.86162 1.93553 2.01425 2.16737 2.40506 2.30537 2.79214 2.95416 2.95416 2.95416 2.95416 3.10887 3.48146 3.48146 3.38445 3.15651 3.27153 3.96443 4.07460 4.24078 4.25760 4.31881 4.38240 4.44597 4.45238 4.21682 4.26966 4.39169 4.39169 4.39169 4.42172 4.29973 4.29973 4.30371 4.31576 4.32805 4.34036 4.35187 4.35450 4.31386 4.16849 4.04689 3.91268 3.91161 4.00371 4.41164 5.34820 5.97563 6.05812 6.07529 6.03731 5.80076 5.55571 5.11979
1.99119 1.81876 1.81554 1.81881 1.87446 1.95096 2.03629 2.12179 2.16232 2.17446 2.18180 2.18187 2.15954 2.15124 2.39924 2.95368 2.95416 2.95416 2.92587 2.82067 2.98968 2.85050 2.76411 2.76265 2.80852 3.72866 4.08495 4.44180 4.34829 4.18247 4.02947 3.88948 3.77524 3.67639 3.86361 4.39169 4.38797 4.25476 4.15356 4.32687 4.34597 4.35427 4.35450 4.37629 4.32477 4.21778 4.09654 4.01466 4.06320 4.08502 4.11246 4.13996 4.16565 4.36439 4.72083 5.80258 5.57031 5.32231 5.08384 4.95022 4.83946 4.63322
2.08235 2.03106 2.05845 2.14123 2.17161 2.18115 2.18187 2.18187 2.18187 2.18187 2.18187 2.18187 2.17198 2.15124 2.17206 2.72576 2.71841 2.62089 2.55225 2.55111 2.73561 2.92001 2.99779 2.96781 2.86727 3.01119 3.60656 3.67242 3.75914 3.75914 3.75914 3.75914 3.74212 3.58803 3.43091 3.80533 3.72619 3.68264 3.71934 4.29651 4.47179 4.37946 4.27197 4.12366 4.06417 4.08272 4.11021 4.13768 4.16411 4.17126 4.15387 3.98707 3.80485 3.66778 3.67159 4.51074 4.85739 4.68139 4.62691 4.62691 4.62691 4.63530
2.37382 2.31441 2.18187 2.18187 2.18187 2.18187 2.18187 2.18187 2.18187 2.18187 2.18061 2.14338 2.09440 2.02841 1.99360 2.26385 2.63451 2.70134 2.70143 2.66887 2.62994 2.64663 2.55252 2.53008 2.53008 2.53008 3.26703 3.52341 3.71353 3.59174 3.47676 3.37097 3.28532 3.27636 3.27763 3.59002 3.91334 3.82591 3.65054 3.68390 4.06747 4.08046 4.10795 4.13542 4.16236 4.17126 4.16074 4.00460 3.82064 3.59017 3.32332 3.16736 3.03433 2.91852 3.11971 3.53080 4.71511 4.71917 4.73046 4.77430 4.81814 4.85359
2.37587 2.37180 2.19833 2.18187 2.18187 2.18187 2.18187 2.15439 2.10525 2.06521 2.03086 2.03825 2.08325 2.11634 2.14810 2.11263 2.50059 2.45042 2.42864 2.42864 2.42923 2.51527 2.53008 2.52932 2.47114 2.38506 2.56396 3.09870 3.21228 3.29798 3.31496 3.33195 3.34892 3.27469 3.16149 3.05540 3.27430 3.23837 3.26585 3.32402 4.06166 4.17126 4.16603 4.02225 3.82229 3.53842 3.26863 3.10571 2.97275 2.90244 2.90238 2.90238 2.90238 2.90238 3.00509 3.19481 4.55145 4.92113 4.85417 4.84778 4.84245 4.83712
2.37587 2.37587 2.26815 2.16790 2.12280 2.08185 2.04533 2.05211 2.09709 2.13873 2.17995 2.20658 2.20711 2.20426 2.18291 2.03195 2.24298 2.42864 2.42864 2.42168 2.36277 2.32688 2.28508 2.22512 2.22082 2.24122 2.26168 2.94379 3.17967 3.33420 3.16523 2.95327 2.71839 2.58551 2.64428 2.77987 3.15840 3.33144 3.33011 3.23295 3.41574 3.48627 3.21461 3.04418 2.92374 2.90238 2.90238 2.90238 2.90238 2.90238 2.90238 2.90238 2.90238 2.90107 2.90406 3.15994 3.79429 4.90844 4.85797 4.83305 4.83305 4.83410
2.34123 2.29320 2.21755 2.06463 2.10492 2.14609 2.18726 2.20711 2.20711 2.20711 2.20711 2.20711 2.20711 2.20711 2.19005 2.12600 2.01790 2.28233 2.22666 2.19474 2.20343 2.22522 2.28017 2.29332 2.29356 2.29356 2.29356 2.47546 2.55818 2.55587 2.60517 2.62716 2.64914 2.66127 2.66165 2.73433 2.75032 2.86055 2.68845 2.58800 2.55981 2.87516 2.90238 2.90238 2.90238 2.90238 2.90238 2.90238 2.90235 2.89860 2.89220 2.88580 2.87940 2.87431 2.87390 3.03950 3.21710 4.81530 5.17829 5.27216 5.29277 5.23881
2.29942 2.33768 2.37808 2.24463 2.20711 2.20711 2.20711 2.20711 2.20711 2.20711 2.20711 2.19595 2.16656 2.13186 2.08266 2.10477 1.93884 2.19714 2.24799 2.24845 2.24845 2.24845 2.28148 2.29356 2.29356 2.29566 2.30502 2.31503 2.32504 2.44041 2.66129 2.62080 2.47293 2.33970 2.21817 2.19559 2.28817 2.53736 2.54839 2.54839 2.54839 2.73571 2.90238 2.90238 2.90143 2.89571 2.88931 2.88291 2.87654 2.87390 2.87390 2.87441 2.87843 2.88312 2.88780 3.06123 4.13834 4.78341 5.15736 4.89633 4.80554 4.80712
2.41011 2.39139 2.39139 2.31455 2.20711 2.20711 2.20709 2.19100 2.15941 2.10943 2.05484 2.01144 1.98625 1.96637 1.96670 2.13534 2.06074 2.07016 2.24867 2.24845 2.24845 2.24924 2.27259 2.31292 2.32293 2.33086 2.33150 2.31064 2.24787 2.18782 2.40519 2.35654 2.19928 2.25375 2.31242 2.38693 2.54448 2.54839 2.54839 2.54839 2.55743 2.61843 2.88344 2.88002 2.87457 2.87390 2.87461 2.87883 2.88352 2.88819 2.89288 2.89716 2.93166 2.99254 3.05345 3.11373 4.10780 4.42632 4.82929 4.84489 4.94592 4.96121
2.42594 2.39293 2.39068 2.35722 2.14550 2.08532 2.03078 1.99230 1.96930 1.96473 1.96473 1.96473 1.96473 1.96473 1.96473 2.05940 2.14907 1.95236 2.24605 2.26282 2.27116 2.27874 2.28215 2.28975 2.22809 2.16421 2.12851 2.14305 2.20558 2.27540 2.52173 2.79835 2.46803 2.39749 2.39749 2.39813 2.51230 2.58457 2.60525 2.62595 2.63761 2.63833 2.80369 2.88390 2.88859 2.89328 2.89724 2.89771 2.92654 2.98738 3.04833 3.10910 3.13614 3.13580 3.11626 3.08537 3.53580 4.17348 4.39662 4.50468 4.60082 4.56768
2.33757 2.26146 2.19167 2.15799 2.02769 1.96473 1.96473 1.96473 1.96473 1.96473 1.96473 1.96473 1.96473 1.96473 1.96985 1.99972 2.18106 2.03994 2.10442 2.15339 2.06247 1.98903 1.93837 2.09451 2.26892 2.34508 2.38626 2.38626 2.38626 2.38626 2.40316 2.77142 2.66847 2.44016 2.46085 2.48091 2.53543 2.64336 2.64804 2.65273 2.65741 2.66115 2.72221 2.89771 2.92172 2.98228 3.04315 3.10402 3.13612 3.13609 3.11875 3.08791 3.02492 2.87929 2.74889 2.62972 2.57586 3.66395 3.88162 4.31170 4.34355 4.39214
2.18650 2.18174 2.14959 2.14902 2.09751 1.96473 1.96473 1.96473 1.96473 1.96473 1.96794 1.97722 1.95819 1.92300 1.93257 2.14211 2.50678 2.74687 2.72172 2.00040 2.02916 2.06011 2.06035 2.13529 2.38626 2.38626 2.38626 2.39616 2.42183 2.44771 2.47357 2.71875 2.99572 2.64648 2.65134 2.71492 2.76652 2.67405 2.66146 2.66146 2.68115 2.74085 2.80168 3.05998 3.13578 3.13614 3.12126 3.08831 2.97718 2.82723 2.69443 2.57527 2.48819 2.48405 2.48405 2.48405 2.48405 3.23883 3.71137 3.75430 3.90221 4.10292
2.18650 2.18650 2.16221 2.14902 2.14706 1.98508 1.95364 1.91892 1.88373 1.84851 1.89329 2.11903 2.37992 2.65699 2.88408 2.90630 2.96129 3.10061 3.10061 2.40600 2.06035 2.06035 2.06071 2.07715 2.38461 2.45582 2.48953 2.56044 2.62923 2.70610 2.79273 2.91997 3.41149 3.09988 2.77047 2.77047 2.79011 2.79643 2.79660 2.85752 2.89869 2.89989 2.88747 2.93064 2.92526 2.77527 2.63998 2.52304 2.48405 2.48405 2.48405 2.48405 2.48405 2.48405 2.48405 2.48405 2.48333 2.74376 3.70434 3.60380 3.85765 4.08062
2.18876 2.26022 2.35908 2.43996 2.55385 2.20267 1.87547 2.15167 2.42863 2.70570 2.89936 2.90630 2.90630 2.90630 2.90630 2.90630 2.90793 3.07605 3.09950 2.83915 2.09946 2.12540 2.17399 2.21771 2.46084 2.78453 2.86798 2.87981 2.87981 2.87981 2.87981 2.87981 3.22489 3.50397 2.97104 3.00908 3.06552 3.04937 2.89226 2.83837 2.76113 2.68382 2.61889 2.51247 2.47105 2.48405 2.48405 2.48405 2.48405 2.48405 2.48405 2.48405 2.48034 2.46965 2.45880 2.44795 2.43783 2.50696 3.72352 4.02082 4.16199 4.16373
2.76098 2.82319 3.02026 3.23058 3.47993 3.61005 2.90866 2.90630 2.90630 2.90630 2.90630 2.90630 2.90630 2.90630 2.90416 2.89402 2.88820 3.04111 3.19510 3.27581 2.46979 2.34092 2.34903 2.34903 2.41232 2.87860 2.87981 2.87981 2.87309 2.80888 2.73137 2.65392 2.78216 3.81818 3.36747 2.97699 2.88036 2.78370 2.63118 2.54467 2.57805 2.57889 2.57889 2.57851 2.44208 2.48405 2.48405 2.48360 2.47548 2.46464 2.45379 2.44294 2.43581 2.44553 2.64855 2.88083 3.07910 3.20866 3.38577 3.40490 3.20814 3.05244
