results/OMI_NO2_200807.asc
ncols      200
nrows      200
xllcorner       120.258
yllcorner       41.1236
cellsize     0.0166667
NODATA_Value      -999.000
[rows 58 to 86 of 166, columns 67 to 133 of 200]
2.33617 2.33613 2.33613 2.33613 2.33613 2.33633 2.33451 2.33114 2.32771 2.32428 2.24900 2.29555 2.29111 2.10534 2.07318 2.19526 2.26303 2.25942 2.22521 2.17201 2.19339 2.19913 2.19913 2.19913 2.28479 2.44717 2.43798 2.38084 2.31682 2.25278 2.21968 2.41424 2.51275 2.51281 3.02235 3.32647 3.36000 3.58388 3.59001 3.47506 3.34647 3.21462 3.08367 2.95605 2.91088 2.90529 2.89975 2.89425 2.88879 2.87694 2.84721 2.84287 2.80678 2.73536 2.88098 2.85426 2.82660 2.81121 2.62865 2.63438 2.63145 2.62958 2.62782 2.62607 2.62424 2.62250 2.62078
2.31478 2.31489 2.31147 2.30806 2.30467 2.30104 2.29943 2.29943 2.29943 2.29943 2.27207 2.25703 2.31850 2.22813 2.15307 2.20945 2.38400 2.33108 2.32075 2.20217 2.19913 2.19847 2.16130 2.15863 2.17101 2.24656 2.18290 2.17439 2.17234 2.17030 2.17116 2.26943 2.42923 2.41279 2.55740 2.75832 2.70243 2.67181 2.77484 2.77034 2.76772 2.76772 2.76772 2.76203 2.73782 2.71130 2.68357 2.65453 2.62408 2.60131 2.60121 2.63418 2.61165 2.55587 2.63565 2.70841 2.70643 2.74953 2.63049 2.59562 2.59873 2.59873 2.59873 2.59873 2.59920 2.61460 2.63612
2.25291 2.29943 2.29943 2.29943 2.29943 2.29943 2.29907 2.29803 2.29702 2.29599 2.29497 2.31175 2.39232 2.34693 2.18235 2.18235 2.35695 2.33245 2.33108 2.24109 2.19913 2.19913 2.13405 2.12282 2.12296 2.18644 2.14661 2.13058 2.11356 2.09606 2.07510 2.05443 2.24503 2.25713 2.26628 2.41339 2.54031 2.54805 2.72952 2.71250 2.68478 2.65583 2.62554 2.60114 2.60013 2.60127 2.60241 2.60405 2.60796 2.61162 2.61467 2.63644 2.61250 2.55511 2.58439 2.70847 2.70566 2.73099 2.70842 2.57835 2.60592 2.62748 2.64826 2.66785 2.68602 2.69173 2.69173
2.19582 2.29925 2.29831 2.29728 2.29625 2.29522 2.29455 2.29454 2.29454 2.29454 2.29454 2.28843 2.37272 2.39129 2.20524 2.18235 2.27568 2.35560 2.33838 2.30156 2.20249 2.16535 2.08949 2.04079 2.01863 2.06734 2.03634 2.02602 2.02602 2.02602 2.02602 2.02515 2.15805 2.23453 2.22094 2.28333 2.46501 2.46413 2.53681 2.58597 2.58469 2.58338 2.58209 2.57818 2.57007 2.56250 2.55493 2.54686 2.53649 2.52586 2.51523 2.50844 2.53242 2.46218 2.44282 2.58514 2.58133 2.59321 2.64215 2.55321 2.58114 2.58006 2.57674 2.57357 2.57038 2.56677 2.56194
2.14629 2.27985 2.29454 2.29454 2.29454 2.29478 2.29781 2.30153 2.30526 2.30187 2.29211 2.28180 2.30547 2.36505 2.28423 2.22019 2.21857 2.34541 2.26636 2.24017 2.08750 2.09535 2.07623 2.03505 2.03825 2.03759 1.99587 1.94984 1.93577 1.92170 1.90764 1.89445 1.94119 2.11916 2.11768 2.14251 2.32174 2.38229 2.40339 2.48285 2.47532 2.47002 2.46487 2.46234 2.46339 2.46339 2.46339 2.46339 2.46339 2.46339 2.46339 2.46268 2.51525 2.44078 2.39179 2.48676 2.50875 2.52870 2.57925 2.56649 2.53472 2.54870 2.54683 2.53635 2.49740 2.45654 2.41707
2.23931 2.31075 2.36054 2.35075 2.34092 2.33090 2.31813 2.30457 2.29106 2.27509 2.24968 2.22407 2.19332 2.28482 2.27105 2.21660 2.23841 2.33579 2.29624 2.29565 2.20199 2.11895 2.09248 2.01591 2.00227 1.97786 1.92143 1.87940 1.86563 1.85741 1.84944 1.84149 1.83368 2.01785 2.05198 2.05503 2.20370 2.34150 2.34824 2.44694 2.46322 2.46339 2.46339 2.46339 2.46339 2.46339 2.46336 2.46156 2.45876 2.45596 2.45319 2.45108 2.49473 2.46943 2.41042 2.44399 2.50038 2.51040 2.53625 2.57710 2.46682 2.45409 2.41578 2.38513 2.38286 2.38400 2.38759
2.13851 2.15700 2.28424 2.28207 2.26033 2.23470 2.20909 2.18346 2.15784 2.14178 2.14156 2.14156 2.13858 2.24554 2.33873 2.24945 2.22408 2.24468 2.23852 2.18363 2.13393 2.00415 1.99270 1.93062 1.91574 1.90599 1.84962 1.83504 1.81796 1.81821 1.81821 1.81821 1.81821 1.91954 2.05477 2.05745 2.13552 2.32714 2.35230 2.40761 2.46339 2.46339 2.46287 2.46032 2.45753 2.45473 2.45197 2.45393 2.46373 2.47380 2.48387 2.49394 2.53033 2.56273 2.46881 2.42036 2.60285 2.69268 2.76358 2.52876 2.37120 2.35246 2.37091 2.38009 2.39217 2.40382 2.41313
2.07688 2.02300 2.13187 2.14543 2.14156 2.14156 2.14156 2.14156 2.14151 2.13152 2.11533 2.09939 2.08346 2.08268 2.26281 2.21109 2.17349 2.17687 2.20024 2.09976 2.10058 1.98190 1.95612 1.92081 1.90469 1.90469 1.86415 1.84746 1.82159 1.81835 1.82041 1.82309 1.82577 1.84376 2.05320 2.06089 2.08371 2.27763 2.35071 2.36490 2.45621 2.45608 2.46343 2.47328 2.48334 2.49342 2.50348 2.51061 2.51087 2.51132 2.51234 2.52513 2.60897 2.74420 2.74198 2.70627 2.82246 2.83782 2.85481 2.73572 2.40031 2.33242 2.41844 2.42154 2.42115 2.42078 2.42039
2.04277 1.96029 2.03974 2.14166 2.12676 2.11082 2.09489 2.07894 2.06305 2.05711 2.05735 2.05735 2.05735 2.05112 2.19984 2.24519 2.17740 2.17822 2.22205 2.10355 2.10345 2.03829 1.95736 1.93610 1.91287 1.91388 1.88782 1.85931 1.84909 1.83872 1.84024 1.84113 1.84202 1.84223 1.98370 2.05858 2.05727 2.20715 2.36289 2.39866 2.50088 2.53596 2.53739 2.53841 2.53943 2.54046 2.54148 2.55041 2.62108 2.69968 2.77263 2.83185 2.83991 2.86459 2.84413 2.78476 2.85624 2.94009 2.94298 2.93918 2.50582 2.34296 2.37954 2.41112 2.41112 2.41112 2.41112
2.32909 2.24054 2.29411 2.07134 2.05735 2.05735 2.05735 2.05735 2.05735 2.05779 2.06023 2.06293 2.06561 2.06739 2.10582 2.27043 2.18491 2.17953 2.20215 2.14068 2.10345 2.09020 1.95984 1.95343 1.93791 1.93791 1.92436 1.88129 1.88047 1.85722 1.85187 1.84970 1.84755 1.84607 1.91024 2.09349 2.09418 2.16902 2.35601 2.42291 2.47145 2.54408 2.54408 2.54893 2.61415 2.69271 2.76603 2.82907 2.84187 2.84391 2.84602 2.84786 2.84914 2.86751 2.87686 2.86295 2.82526 2.94298 2.94298 2.94298 2.72935 2.39007 2.33501 2.40601 2.37457 2.33662 2.29559
2.56447 2.37114 2.35219 2.16654 2.05749 2.05957 2.06226 2.06495 2.06765 2.06990 2.07015 2.07015 2.07015 2.07015 2.05570 2.23334 2.21439 2.17953 2.17953 2.18011 2.10345 2.10345 2.00097 1.95738 1.94623 1.94946 1.94528 1.88956 1.88544 1.87293 1.86103 1.86103 1.86103 1.86103 1.86173 2.06443 2.11195 2.13945 2.37107 2.50444 2.59962 2.68566 2.75948 2.82702 2.84451 2.84691 2.84944 2.85052 2.84877 2.84690 2.84510 2.84367 2.84235 2.85327 2.86822 2.86691 2.79954 2.92804 2.93683 2.90825 2.83271 2.32084 2.15925 2.18993 2.21531 2.21495 2.21460
2.60038 2.43528 2.35913 2.28716 2.06953 2.07015 2.07015 2.07015 2.07015 2.07015 2.07015 2.07015 2.06973 2.06059 2.04174 2.10256 2.20673 2.16304 2.16890 2.20037 2.10507 2.10225 2.04741 1.94255 1.91657 1.90230 1.89900 1.88925 1.89075 1.89222 1.87585 1.88101 1.88839 1.89611 1.90420 2.03100 2.23852 2.32613 2.56753 2.77370 2.85021 2.85130 2.85159 2.85004 2.84799 2.84591 2.84379 2.84258 2.84257 2.84257 2.84257 2.84257 2.84257 2.84824 2.86594 2.82657 2.74152 2.72429 2.71826 2.69325 2.69325 2.42122 2.14024 2.14271 2.25101 2.27468 2.30849
2.58618 2.45403 2.30452 2.29901 2.03945 1.98938 1.97491 1.96033 1.94584 1.93130 1.91683 1.90227 1.89111 1.90635 1.92989 1.94245 2.17222 2.18009 2.17819 2.16852 2.03725 2.00755 2.00353 1.87321 1.86707 1.87099 1.87892 1.90984 1.94021 1.94708 1.92196 1.89732 1.88937 1.88037 2.07879 2.22984 2.43365 2.42589 2.51890 2.74239 2.84074 2.84367 2.84313 2.84265 2.84257 2.84257 2.84257 2.84257 2.84257 2.84257 2.82339 2.77783 2.73212 2.68687 2.67301 2.66804 2.65932 2.63074 2.73139 2.75111 2.77082 2.73543 2.31063 2.33405 2.51443 2.62995 2.71112
2.50105 2.43360 2.21568 2.19012 2.03249 1.88270 1.88279 1.89667 1.92028 1.94389 1.96748 1.99110 2.01174 2.01471 2.01471 2.00529 2.09009 2.15270 2.14559 2.14701 2.08200 2.01068 2.00393 1.94201 1.88315 1.86658 1.85800 1.86189 1.88337 1.87306 1.86663 1.84196 1.83964 1.83962 2.00237 2.22307 2.34912 2.41989 2.43108 2.71500 2.80131 2.84257 2.84257 2.84257 2.84257 2.83961 2.80331 2.75758 2.71190 2.66617 2.63744 2.61056 2.57738 2.54419 2.53200 2.50619 2.47592 2.62169 2.81163 2.80697 2.79832 2.78963 2.66627 2.60937 2.65203 2.71556 2.70733
2.48795 2.43933 2.27883 2.22912 2.21459 1.98310 2.00500 2.01471 2.01471 2.01471 2.01471 2.01471 2.01510 2.01040 1.99297 1.97419 1.95760 2.08941 2.05053 2.03126 2.00298 1.94326 1.94243 1.91979 1.82662 1.82380 1.82183 1.82320 1.86492 1.86534 1.86534 1.85075 1.83961 1.83929 1.85219 2.19149 2.27086 2.41856 2.41856 2.62304 2.75464 2.82787 2.78306 2.73734 2.68990 2.62148 2.57887 2.54561 2.51242 2.47925 2.44825 2.44172 2.44172 2.44172 2.45581 2.46407 2.45666 2.52148 2.74552 2.78283 2.78597 2.82985 2.87341 2.82438 2.93994 2.75333 2.71829
2.60508 2.54296 2.45137 2.30955 2.30955 2.08208 1.98853 1.97038 1.95249 1.93465 1.91679 1.89891 1.88069 1.86754 1.86712 1.86712 1.85271 1.97872 1.99558 1.99301 1.99143 1.94052 1.93338 1.93315 1.84069 1.82062 1.82194 1.82333 1.86140 1.87108 1.87247 1.87110 1.84736 1.84740 1.84860 2.05004 2.23444 2.40935 2.44561 2.55009 2.71572 2.59299 2.53435 2.50228 2.47206 2.46572 2.46692 2.46810 2.46930 2.47049 2.47147 2.46742 2.46119 2.45496 2.46294 2.50490 2.50674 2.53831 2.89592 3.12195 3.21186 3.25324 3.25324 3.09633 3.13943 3.04439 2.86179
2.61796 2.48286 2.42609 2.15355 2.10141 1.99467 1.86820 1.86871 1.86888 1.86905 1.86922 1.86939 1.86813 1.84957 1.82615 1.80293 1.78953 1.88906 1.98956 1.97720 1.97677 1.94569 1.92871 1.92855 1.88664 1.84974 1.86558 1.86558 1.89161 1.91055 1.91055 1.91055 1.89047 1.90177 1.96571 2.05947 2.40375 2.39397 2.51124 2.51808 2.60323 2.55739 2.48048 2.48048 2.48048 2.48048 2.48041 2.47569 2.46830 2.46089 2.45367 2.45150 2.45150 2.45223 2.49682 2.63444 2.71026 2.77585 2.95957 3.25302 3.25324 3.25324 3.25324 3.18667 3.09183 3.15004 2.89412
2.43437 2.29673 2.29143 2.11482 2.03509 2.02773 1.87952 1.87144 1.85835 1.83600 1.81369 1.79137 1.77034 1.76556 1.76556 1.76556 1.76556 1.82462 1.96961 1.97469 1.97469 1.95606 1.92824 1.92824 1.92030 1.89010 1.97475 2.03623 2.11488 2.20902 2.27348 2.33572 2.38347 2.33842 2.33759 2.33759 2.51380 2.37712 2.50949 2.51247 2.58687 2.59884 2.49006 2.47642 2.46901 2.46158 2.45424 2.45150 2.45150 2.45150 2.46766 2.53079 2.59556 2.65897 2.68193 2.76019 2.77991 2.77979 2.89238 3.23276 3.27536 3.27746 3.27689 3.26891 3.09438 3.19208 3.06824
2.42244 2.32128 2.29536 2.18917 2.00525 1.98289 1.85895 1.77480 1.76556 1.76556 1.76556 1.76556 1.76556 1.76556 1.76556 1.76556 1.76983 1.82285 1.96550 2.13772 2.18609 2.22695 2.22816 2.28028 2.32649 2.33217 2.36000 2.36715 2.37302 2.39500 2.39152 2.38800 2.38450 2.32381 2.28930 2.28625 2.33037 2.40357 2.37827 2.43640 2.47790 2.50475 2.42997 2.36963 2.36951 2.36939 2.37153 2.41830 2.48249 2.54664 2.59467 2.59569 2.59505 2.59505 2.59505 2.64154 2.67881 2.67860 2.83329 3.18598 3.31904 3.31129 3.30609 3.30595 3.21499 3.19778 3.23757
2.33090 2.25653 2.17823 2.13900 1.90613 1.89362 1.85018 1.72372 1.72574 1.74777 1.77172 1.79583 1.81987 1.84386 1.86785 1.89184 1.90680 1.90121 1.96576 2.23900 2.27540 2.27475 2.27113 2.30648 2.30936 2.30033 2.30458 2.31011 2.31011 2.31651 2.31752 2.31752 2.31752 2.30544 2.24785 2.25908 2.27674 2.42079 2.30839 2.44188 2.46683 2.50159 2.47315 2.38935 2.45132 2.51562 2.57765 2.59505 2.59505 2.59505 2.59505 2.59505 2.59505 2.59370 2.58841 2.60981 2.65816 2.65191 2.75384 3.03142 3.28889 3.25482 3.22074 3.18664 3.14124 2.94715 3.00368
2.15758 2.18679 2.16456 2.19063 2.03384 1.98595 2.01239 1.89860 1.89884 1.90081 1.89887 1.89126 1.88328 1.87530 1.86732 1.86434 1.89304 1.92685 1.99855 2.17115 2.28911 2.28971 2.27140 2.31224 2.31545 2.32042 2.31708 2.33971 2.35208 2.36912 2.38523 2.40507 2.42606 2.44586 2.38908 2.36469 2.36541 2.43088 2.34142 2.45889 2.52912 2.63625 2.67353 2.63080 2.59505 2.59505 2.59505 2.59505 2.59499 2.59149 2.58596 2.58043 2.57489 2.57071 2.57836 2.60488 2.69796 2.71733 2.78535 2.98765 3.07542 3.09366 3.04875 2.98300 2.91735 2.87728 2.98132
2.43798 2.41456 2.32482 2.32463 2.22412 2.05815 2.05018 1.96104 1.87067 1.86270 1.85666 1.86506 1.89901 1.93245 1.96383 1.98966 1.99451 1.99239 1.99913 2.08440 2.27181 2.26641 2.25665 2.35936 2.40451 2.41161 2.41264 2.43098 2.43961 2.45117 2.46330 2.46447 2.46447 2.46447 2.44431 2.36573 2.38979 2.44599 2.51787 2.59072 2.70140 2.74550 2.71755 2.68294 2.59410 2.58904 2.58351 2.57797 2.57986 2.59433 2.61093 2.62744 2.64406 2.66058 2.66926 2.66934 2.75505 2.76507 2.73603 2.90728 2.87970 2.85925 2.83855 2.83855 2.82580 2.79455 2.83373
2.42916 2.41278 2.30682 2.28512 2.25709 2.02605 2.01985 2.01092 1.90576 1.93341 1.95803 1.97537 1.97136 1.96596 1.96059 1.95502 1.94813 1.94485 1.94485 1.99710 2.19737 2.24720 2.25476 2.34051 2.43987 2.44684 2.44614 2.45701 2.45706 2.45823 2.46447 2.46447 2.46447 2.46447 2.46419 2.51081 2.56336 2.56267 2.55874 2.52585 2.67959 2.66225 2.65507 2.60819 2.59981 2.61623 2.63181 2.64744 2.65567 2.65475 2.65380 2.65285 2.65190 2.65096 2.62573 2.57787 2.59220 2.57321 2.55185 2.73910 2.79156 2.80482 2.76594 2.72706 2.70095 2.70025 2.73915
2.37792 2.38934 2.30978 2.28507 2.30327 2.10053 2.00363 1.97375 1.93345 1.94205 1.94242 1.94182 1.94122 1.94061 1.94000 1.93951 1.95258 1.97493 1.99730 2.02500 2.14409 2.26915 2.26855 2.29254 2.43098 2.43673 2.43600 2.43275 2.43169 2.43077 2.43660 2.43626 2.43531 2.43436 2.43370 2.45900 2.51168 2.45918 2.39698 2.27982 2.37577 2.39849 2.54232 2.62975 2.63365 2.63847 2.63847 2.63847 2.63847 2.63847 2.61849 2.57168 2.52481 2.47832 2.46846 2.48587 2.54219 2.60085 2.58737 2.67154 2.70326 2.69627 2.70025 2.70025 2.70025 2.70025 2.71289
2.32562 2.34828 2.28795 2.19711 2.16183 2.03011 1.83584 1.83576 1.87344 1.92889 1.92889 1.93713 1.95983 1.98279 2.00575 2.02862 2.03796 2.03796 2.03796 2.03773 2.06890 2.25239 2.26226 2.26642 2.38642 2.43226 2.43226 2.43072 2.42577 2.42085 2.41792 2.39066 2.33018 2.26551 2.20081 2.13692 2.21499 2.24418 2.24417 2.16461 2.27908 2.38490 2.46308 2.62713 2.63034 2.63814 2.62236 2.57613 2.52993 2.49612 2.48718 2.50346 2.51907 2.53066 2.51401 2.49342 2.49211 2.55129 2.55794 2.62419 2.76360 2.70148 2.68300 2.67321 2.66366 2.65584 2.65499
2.21427 2.26996 2.25275 2.15413 2.15412 2.12852 1.84501 1.86449 1.89527 1.99656 2.02298 2.03770 2.03796 2.03796 2.03796 2.03796 2.03796 2.03796 2.03796 2.03796 2.02598 2.19597 2.24981 2.24459 2.30753 2.39060 2.36558 2.33023 2.24784 2.19569 2.14506 2.10721 2.10448 2.10596 2.10745 2.10893 2.15384 2.25690 2.25820 2.15815 2.23321 2.39251 2.42162 2.56269 2.56326 2.53998 2.53417 2.55578 2.57631 2.58680 2.58081 2.56371 2.54659 2.53232 2.53621 2.53969 2.54313 2.63395 2.63882 2.63237 2.50819 2.38332 2.28031 2.27264 2.26414 2.25620 2.25520
2.20301 2.27150 2.29504 2.22897 2.24941 2.28367 2.07767 2.00511 2.01310 2.06702 2.09808 2.10514 2.10177 2.08141 2.05999 2.03813 2.01537 1.99187 1.96755 1.94218 1.92628 2.15411 2.35740 2.34777 2.34556 2.35557 2.33171 2.31969 2.30924 2.30107 2.26851 2.14603 2.14603 2.14603 2.14603 2.14603 2.14622 2.26411 2.30813 2.32924 2.19237 2.37777 2.44175 2.54409 2.61623 2.62358 2.62822 2.60586 2.58158 2.55730 2.54617 2.54617 2.54617 2.54617 2.54617 2.54617 2.54650 2.62273 2.65583 2.66377 2.54313 2.46038 2.26117 2.25728 2.27160 2.28910 2.30823
2.45193 2.56974 2.58303 2.52653 2.47968 2.45470 2.29091 2.06288 2.02853 2.01514 2.04219 2.01039 1.99010 1.98981 1.98946 1.98903 1.98860 1.98817 1.98606 1.95974 1.92360 1.99794 2.26906 2.26454 2.27010 2.31406 2.31089 2.30445 2.30587 2.31304 2.33098 2.20041 2.21259 2.23368 2.28075 2.34391 2.41442 2.53270 2.66234 2.67372 2.39603 2.45692 2.53609 2.51926 2.57835 2.56038 2.54638 2.54617 2.54617 2.54617 2.54617 2.54617 2.54752 2.55088 2.55446 2.55826 2.56186 2.62049 2.68622 2.69601 2.60172 2.52621 2.37437 2.37841 2.38154 2.33541 2.22908
2.64683 2.64255 2.69200 2.60169 2.26287 2.26277 2.22566 1.89546 1.89112 1.89126 1.97782 1.98835 1.98792 1.98751 1.98345 1.95370 1.91711 1.87775 1.83748 1.81468 1.79196 1.79241 2.24675 2.30758 2.33146 2.38584 2.41938 2.44439 2.48259 2.52958 2.57966 2.48709 2.48497 2.53768 2.55407 2.55407 2.55407 2.55506 2.65691 2.66540 2.46610 2.30514 2.42644 2.43985 2.50088 2.53854 2.54125 2.54638 2.54901 2.55248 2.55615 2.56068 2.56755 2.57288 2.57848 2.58435 2.59059 2.63520 2.74091 2.74091 2.66899 2.53311 2.34947 2.11326 1.95585 1.86145 1.86145
