results/OMI_NO2_200910.asc
ncols      200
nrows      200
xllcorner       120.258
yllcorner       41.1236
cellsize     0.0166667
NODATA_Value      -999.000
[rows 0 to 29 of 166, columns 66 to 131 of 200]
1.51079 1.44406 1.36351 1.29495 1.22777 0.844107 0.814447 0.814447 0.814447 0.814447 0.815643 0.986454 1.24850 1.79106 2.33563 2.42405 2.42405 2.42405 2.42405 2.42405 2.42405 2.42405 2.42405 2.42405 2.42405 2.42405 2.15706 1.69410 1.69435 1.76437 1.85180 1.89502 1.91904 1.04244 0.576744 0.606124 0.614964 0.615959 0.615959 0.615959 0.615959 0.627941 0.979961 1.42725 1.81420 2.14750 2.25284 2.25284 2.25284 2.25284 2.25284 2.25284 2.73174 3.19835 6.36708 7.16346 7.16346 7.07870 5.92208 4.88074 1.60740 0.243304 0.240197 0.226070 0.225884 0.225884
1.46887 1.24978 1.24638 1.24638 1.24638 1.04219 0.814447 0.960556 1.22109 1.44498 1.63858 1.71179 1.71179 1.88012 2.41749 2.42405 2.42405 2.42405 2.42405 2.42405 2.42405 2.42405 2.42405 2.42405 2.42314 2.36216 2.37726 1.73824 1.75923 1.72276 1.68079 1.68079 1.68079 1.48815 0.583686 0.615959 0.615959 0.632939 0.997431 1.44229 1.82749 2.15368 2.24419 2.24019 2.23626 2.23245 2.22874 2.22510 2.22156 2.21809 2.21469 2.21138 2.45310 2.92638 4.41231 5.18451 4.37919 3.82239 3.70338 3.70338 2.93560 0.243304 0.243304 0.229495 0.225884 0.225884
1.51374 1.33058 1.24638 1.26218 1.30817 1.34425 1.61472 1.71179 1.71179 1.71179 1.71179 1.71179 1.71179 1.75193 2.25055 2.42405 2.42405 2.42405 2.42405 2.42102 2.29811 2.14157 2.13144 2.19084 2.25604 2.38497 2.40408 1.81493 1.70811 1.71132 1.71443 1.71746 1.72041 1.72064 1.36448 1.54082 1.85487 2.12220 2.19199 2.18917 2.18686 2.18662 2.18662 2.18662 2.18662 2.18662 2.18662 2.18662 2.18662 2.18662 2.16528 2.07299 2.06718 2.30135 2.53028 3.67575 3.70338 3.70338 3.70338 3.70338 3.66667 0.888896 0.297982 0.306917 0.291635 0.336531
1.58301 1.59180 1.39557 1.42282 1.42356 1.42356 1.59948 1.71179 1.71179 1.71179 1.71179 1.71179 1.71179 1.71179 1.98546 2.28445 2.12647 1.99323 1.92051 1.96207 2.09798 2.31628 2.40408 2.40408 2.40408 2.40408 2.40408 1.98191 1.73733 1.73997 1.69551 1.62829 1.56106 1.49619 1.78325 2.26198 2.18662 2.18662 2.18662 2.18662 2.18662 2.18662 2.18662 2.18662 2.18668 2.18797 2.18466 2.10909 2.01801 1.93582 1.87579 1.87237 1.88227 2.20168 2.31537 3.27759 3.45110 3.21966 3.02183 2.85079 2.70144 1.80620 0.626236 0.782251 0.752632 0.802079
1.74999 1.74999 1.52415 1.42356 1.42356 1.42356 1.46773 1.70932 1.71179 1.71190 1.71600 1.73584 1.77884 1.82708 1.81825 1.85645 2.01552 2.21513 2.39491 2.40408 2.40408 2.40408 2.40408 2.40408 2.40408 2.40356 2.32493 1.99916 1.54156 1.50963 1.48899 1.49111 1.49324 1.49537 1.50194 2.25323 2.20556 2.20726 2.20896 2.21067 2.21237 2.21407 2.21577 2.16748 2.07197 1.98447 1.90825 1.89015 1.89015 1.89053 1.88611 1.86564 1.84404 2.02736 2.12088 2.41963 2.63400 2.60549 2.52183 2.43678 2.35174 2.21287 1.10661 1.32599 1.47602 1.52282
1.74999 1.74999 1.69003 1.42698 1.42360 1.42731 1.43982 1.67625 1.82310 1.87654 1.93192 2.02098 2.18881 2.39858 2.63988 2.42440 2.40408 2.40408 2.40408 2.40408 2.40408 2.40408 2.33682 2.20234 2.06786 1.93396 1.87816 1.86788 1.46661 1.51920 1.51920 1.51920 1.51920 1.51920 1.51920 1.91848 2.24225 2.21952 2.21952 2.19736 2.10334 2.01252 1.93016 1.89018 1.89072 1.88169 1.86018 1.83858 1.81697 1.79499 1.77785 1.77671 1.77671 1.88115 1.99677 2.04584 2.33163 2.29149 2.29507 2.32691 2.35835 2.49986 2.54338 2.15345 2.13358 1.78495
1.75437 1.77574 1.83535 1.61442 1.52719 1.56015 1.58231 1.67498 2.10960 2.29984 2.53917 2.72524 2.72866 2.72866 2.72866 2.54275 2.40408 2.40408 2.34812 2.21417 2.07969 1.94515 1.87816 1.87816 1.87816 1.87816 1.87816 1.87816 1.51794 1.51920 1.51920 1.51920 1.51920 1.51920 1.51920 1.54659 2.17941 2.03878 1.95685 1.89526 1.87628 1.85467 1.83307 1.81149 1.78934 1.77676 1.77671 1.77671 1.77671 1.75926 1.71689 1.67431 1.63190 1.65371 1.84191 1.89431 2.27528 2.38673 2.40766 2.41041 2.41041 2.41041 2.83465 2.16605 2.16108 2.02686
2.07454 2.14852 2.15220 2.03260 1.64026 1.76488 1.92602 2.11185 2.58356 2.72866 2.72866 2.72866 2.72866 2.72866 2.68296 2.49571 2.09198 1.95710 1.87869 1.87816 1.87816 1.87816 1.87816 1.87816 1.87816 1.87816 1.87816 1.87816 1.61612 1.50587 1.51920 1.51920 1.48955 1.41806 1.37973 1.31530 1.60552 1.81991 1.80384 1.78408 1.77671 1.77671 1.77671 1.77671 1.77671 1.75754 1.71505 1.67253 1.63001 1.60494 1.61315 1.65497 1.69733 1.74081 1.98999 2.01588 2.18083 2.40941 2.41041 2.41041 2.41041 2.48930 2.91989 2.93346 2.74146 2.69421
2.15220 2.15220 2.15220 2.15220 2.15220 2.15220 2.15220 2.15220 2.31511 2.72866 2.69221 2.56247 2.42798 2.29357 2.20484 2.20274 1.95525 1.87816 1.87816 1.87816 1.87816 1.87816 1.87816 1.87816 1.87816 1.87816 1.87816 1.87816 1.78543 1.45635 1.41922 1.33877 1.28860 1.27486 1.24049 1.23305 1.25972 1.74337 1.77084 1.77671 1.77671 1.75575 1.71321 1.67069 1.62817 1.60482 1.61404 1.65537 1.69638 1.73439 1.76347 1.76527 1.76408 1.76288 1.91952 2.01588 2.06284 2.41462 2.60090 2.78969 3.01073 3.13278 3.14510 3.66987 2.79017 2.79017
2.15220 2.15220 2.15220 2.15220 2.15220 2.15220 2.15973 2.20296 2.25239 2.32267 2.20742 2.20274 2.20274 2.20274 2.20274 2.20274 2.08657 1.87816 1.87816 1.87816 1.87816 1.87816 1.87816 1.93130 2.07373 1.96278 1.72156 1.53601 1.37549 1.15051 1.22729 1.22561 1.22395 1.22228 1.22061 1.21894 1.21716 1.50441 1.68759 1.64970 1.60761 1.58466 1.59443 1.63696 1.67861 1.71720 1.74609 1.74840 1.74840 1.74840 1.74840 1.74840 1.74840 1.75217 1.90438 2.20711 2.34282 2.89158 3.13278 3.13278 3.13278 3.13278 3.13278 3.54447 3.08581 2.80593
2.15220 2.15220 2.15511 2.19278 2.24072 2.28853 2.32897 2.33358 2.33358 2.28715 2.20274 2.20274 2.20274 2.20274 2.20274 2.20274 2.19307 1.90306 1.94318 2.08010 2.08267 2.03708 1.80473 1.56370 1.35215 1.28192 1.28160 1.28160 1.28160 1.14029 1.20032 1.20083 1.20083 1.22227 1.27199 1.32181 1.37166 1.38939 1.57977 1.62977 1.67804 1.71781 1.74652 1.74840 1.74840 1.74840 1.74840 1.74840 1.74840 1.74842 1.78041 1.84702 1.92024 1.99480 2.07232 2.40485 2.45903 2.64248 3.11977 3.14079 3.15431 3.16785 3.18136 3.24345 3.67908 2.86629
2.23049 2.27839 2.32339 2.33358 2.33358 2.33358 2.33358 2.33358 2.33358 2.33146 2.21923 2.20274 2.20274 2.18819 2.14979 2.11100 2.07227 2.40922 1.85528 1.54332 1.39689 1.29578 1.28160 1.28160 1.28160 1.28160 1.28160 1.28160 1.28160 1.20779 1.24919 1.31855 1.37318 1.40654 1.41162 1.41658 1.42155 1.48017 1.69063 1.77075 1.77964 1.78453 1.78808 1.79164 1.79518 1.79872 1.81736 1.88255 1.95612 2.03633 2.07835 2.07913 2.07404 2.05468 2.05273 2.31263 2.41491 2.45115 3.15973 3.20616 3.21841 3.29196 3.37386 3.45575 4.02108 3.08633
2.33358 2.33358 2.33358 2.33358 2.33358 2.33358 2.33358 2.33358 2.32174 2.28396 2.18942 2.07558 2.03685 2.01267 1.96942 1.77162 1.60032 1.50598 1.40815 1.28160 1.28160 1.28160 1.28160 1.28160 1.28160 1.30503 1.38555 1.46857 1.55166 1.57489 1.46116 1.49143 1.49166 1.49166 1.49166 1.49166 1.49166 1.49337 1.64215 1.80962 1.81231 1.81687 1.82120 1.87228 1.94065 2.01505 2.07543 2.06980 2.05186 2.04995 2.04980 2.04966 2.05457 2.07378 2.07828 2.25074 2.46854 2.52477 3.03274 3.45942 3.52894 3.54004 3.60668 3.70018 3.83003 2.92827
2.33358 2.33358 2.33358 2.32421 2.28727 2.24850 2.20979 2.17100 2.14410 2.14316 2.13507 1.87111 1.67149 1.52037 1.41675 1.40699 1.40699 1.40699 1.51219 1.28160 1.28160 1.29986 1.37820 1.46126 1.54432 1.60401 1.60655 1.60655 1.60655 1.60655 1.46734 1.49166 1.49166 1.49166 1.49166 1.49166 1.49166 1.49166 1.55481 1.77815 1.91214 1.98941 2.04854 2.05036 2.04995 2.04978 2.04961 2.05878 2.07653 2.07828 2.07828 2.07828 2.08650 2.12476 2.16572 2.31284 2.67657 2.70891 2.92356 3.70685 3.79762 3.88841 3.91529 3.91529 3.91529 3.58898
2.25183 2.21312 2.17435 2.14494 2.14316 2.14316 2.14316 2.08756 1.86228 1.68337 1.54046 1.45097 1.40699 1.40699 1.40699 1.40699 1.40699 1.42074 1.59952 1.51655 1.53698 1.60187 1.60655 1.60655 1.60655 1.60655 1.60655 1.60655 1.60655 1.60655 1.49034 1.49068 1.49166 1.49166 1.49166 1.50227 1.56885 1.60877 1.67657 1.88145 2.04974 2.04987 2.06398 2.07801 2.07828 2.07828 2.07828 2.07828 2.08772 2.12653 2.16750 2.20844 2.24118 2.24630 2.28245 2.37594 2.80941 2.97166 2.99115 3.73717 3.91529 3.91529 3.91529 3.91529 3.82488 3.46633
2.14316 2.14316 2.14316 2.14316 2.14316 2.14316 2.14316 1.98669 1.49699 1.49422 1.49422 1.48769 1.41078 1.41680 1.48898 1.57197 1.65506 1.72444 1.74016 1.86066 1.60655 1.60655 1.60655 1.60655 1.60655 1.60655 1.60655 1.60655 1.60655 1.60655 1.53461 1.47455 1.49011 1.54488 1.62640 1.70429 1.71649 1.76909 1.80307 1.89386 2.03741 2.07828 2.07828 2.07828 2.08900 2.12832 2.16929 2.21023 2.24174 2.24704 2.28442 2.33117 2.37652 2.41320 2.41545 2.40880 2.76326 2.98960 2.98960 3.34964 3.88780 3.62997 3.36302 3.13373 2.98661 2.98007
2.14316 2.14316 2.14316 2.14316 2.14316 2.14316 2.14316 2.14316 1.65174 1.49058 1.43295 1.35725 1.48000 1.72103 1.73194 1.73194 1.73194 1.73194 1.73194 1.91183 1.62041 1.60655 1.60655 1.60655 1.60655 1.60655 1.59473 1.52321 1.52155 1.63765 1.76233 1.66961 1.77487 1.79678 1.78426 1.77174 1.75915 1.74658 1.73406 1.73938 1.91285 2.05905 2.09165 2.12420 2.14605 2.14328 2.17350 2.21188 2.25028 2.28548 2.28646 2.27811 2.27118 2.27045 2.27045 2.27045 2.48665 2.88282 2.71629 2.61370 3.00149 2.98007 2.98007 2.98007 2.98007 2.98007
2.14316 2.14316 2.14316 2.14316 2.14316 2.14265 2.07563 1.96216 1.70795 1.22726 1.20780 1.20780 1.27195 1.72310 1.73194 1.73194 1.73194 1.73194 1.73194 1.78193 1.78298 1.59029 1.51785 1.49652 1.49619 1.57552 1.72556 2.01738 2.26939 2.28680 2.28680 1.80187 1.56573 1.55947 1.55947 1.55947 1.57095 1.62091 1.67406 1.72712 1.85051 2.05029 2.12597 2.17270 2.21946 2.26227 2.27045 2.27045 2.27045 2.27045 2.27045 2.27045 2.27045 2.24413 2.15789 2.07636 2.07386 2.38519 2.42657 2.42657 2.77382 2.90970 2.78753 2.65677 2.53525 2.42304
2.14316 2.14316 2.09921 1.98648 1.87297 1.76002 1.71354 1.71354 1.71354 1.32520 1.20780 1.20780 1.20780 1.54482 1.73194 1.73194 1.74021 1.78696 1.83848 1.89011 1.69775 1.53600 1.75159 1.96664 2.19966 2.28680 2.28680 2.28680 2.28680 2.28680 2.28680 1.97604 1.57604 1.61617 1.66924 1.72237 1.76398 1.76807 1.75149 1.73041 1.76825 2.18274 2.33120 2.34286 2.35461 2.36629 2.37794 2.38962 2.40130 2.40411 2.33450 2.25509 2.18205 2.13566 2.14326 2.15444 2.17932 2.38959 2.61860 2.73070 2.81585 2.40818 2.30240 2.29888 2.25096 2.18656
1.89742 1.78387 1.71435 1.71354 1.71354 1.71354 1.71354 1.71354 1.71354 1.57743 1.20874 1.21381 1.25851 1.40646 1.88438 1.93734 1.98067 1.99466 2.13636 2.35568 2.45647 2.27920 2.28680 2.28680 2.28680 2.28680 2.28680 2.28680 2.29893 2.39065 2.49679 2.49673 2.10990 2.03787 2.01152 1.97547 1.94338 1.91438 1.90735 1.90735 1.90729 2.18564 2.47866 2.49723 2.49723 2.49684 2.43671 2.34081 2.25300 2.17860 2.16899 2.18968 2.24029 2.30554 2.37458 2.44650 2.50538 2.72259 3.04346 3.03917 2.97517 2.48590 2.11959 2.05781 2.04141 2.07859
1.69974 1.71354 1.71354 1.71354 1.71354 1.71354 1.71974 1.78306 1.86042 1.93785 1.54288 1.45448 1.46135 1.46135 1.90110 2.25308 2.50116 2.79799 2.88008 2.88008 2.86904 2.34408 2.28680 2.28680 2.29478 2.38110 2.48728 2.59341 2.68759 2.69679 2.56698 2.41143 2.11046 1.91719 1.90735 1.90735 1.90735 1.90735 1.90735 1.90735 1.90735 2.01310 2.34354 2.39149 2.29865 2.20559 2.19859 2.25610 2.32223 2.39225 2.46258 2.51721 2.53313 2.53313 2.53313 2.52943 2.48657 2.49073 2.81228 2.73667 2.71843 2.63809 2.17557 2.23690 2.31440 2.35469
1.63685 1.71734 1.77667 1.85403 1.93131 2.00870 2.07990 2.09386 2.09386 2.09386 1.91456 1.58453 1.74356 1.94367 2.29392 2.88008 2.88008 2.88008 2.88008 2.88008 2.88473 2.65630 2.47786 2.58386 2.68215 2.70013 2.58128 2.42577 2.29996 2.19852 2.17060 2.17060 2.11390 1.90735 1.90735 1.90735 1.90735 1.90735 1.90482 1.85009 1.78468 1.72209 2.00640 2.38198 2.45800 2.48089 2.52586 2.53313 2.53313 2.53313 2.53313 2.52858 2.48429 2.43068 2.37710 2.32717 2.31655 2.36109 2.79472 2.96687 3.06375 3.08772 2.53773 2.35469 2.35469 2.34855
1.61819 1.87509 2.09386 2.09386 2.09386 2.09386 2.09386 2.09386 2.09386 2.09386 2.09386 2.09386 2.09386 2.09386 2.09433 2.71796 2.88236 2.95523 3.06149 3.16762 3.26911 3.21963 2.60094 2.43765 2.30962 2.20498 2.17060 2.17060 2.17060 2.17060 2.17060 2.17060 2.17667 1.92375 1.90740 1.88638 1.81314 1.73117 1.66255 1.63554 1.62037 1.60742 1.80272 2.46766 2.58681 2.55983 2.53313 2.52765 2.48204 2.42843 2.37484 2.32576 2.31684 2.35563 2.42020 2.48479 2.54927 2.58610 2.89645 3.11004 3.11004 3.03842 2.63241 2.15268 2.08549 2.02940
1.48267 1.61438 2.09386 2.09386 2.09386 2.09386 2.09386 2.09386 2.09386 2.09386 2.09386 2.09386 2.09384 2.07993 2.05406 2.39346 3.26197 3.29531 3.17061 2.94882 2.77015 2.62341 2.28303 2.17060 2.17060 2.17060 2.17060 2.17060 2.17060 2.17089 2.18004 2.15322 2.00945 1.79273 1.66823 1.61957 1.60703 1.60667 1.60667 1.60766 1.60948 1.61129 1.63717 2.21407 2.54472 2.48985 2.39121 2.34255 2.33740 2.38068 2.44739 2.51410 2.58041 2.60833 2.61045 2.61257 2.60029 2.52835 2.58376 2.70327 2.59768 2.55133 2.50727 2.07591 2.02761 2.02761
1.48267 1.50367 1.95130 2.09386 2.09386 2.09386 2.09386 2.09386 2.09386 2.08485 2.05932 2.03351 2.00767 1.99575 1.99575 1.93863 2.64410 2.63457 2.56616 2.56612 2.56612 2.56612 2.44205 2.17060 2.17119 2.18130 2.15879 2.10239 1.99934 1.85823 1.74066 1.65724 1.64640 1.68790 1.63377 1.63559 1.63740 1.63922 1.64103 1.63986 1.61894 1.59333 1.56839 1.81797 2.35048 2.45579 2.49122 2.53129 2.59515 2.61857 2.61857 2.61701 2.56125 2.48330 2.41039 2.34219 2.28947 2.28817 2.31651 2.56126 2.56639 2.56647 2.56280 2.23084 2.03139 2.04974
1.48267 1.48355 1.70903 2.09386 2.09386 2.08873 2.06463 2.03879 2.01293 1.99610 1.99575 1.99575 1.99575 1.99575 1.99575 1.95037 2.06148 2.56612 2.56612 2.56461 2.53562 2.44561 2.30791 2.04850 1.98927 1.85790 1.75492 1.68191 1.64449 1.64435 1.64435 1.64435 1.64435 1.69990 1.64186 1.64062 1.62109 1.59548 1.56990 1.54631 1.54151 1.53250 1.51813 1.55947 2.40527 2.66448 2.65590 2.60567 2.60044 2.59700 2.58083 2.28972 2.25622 2.25634 2.25802 2.25971 2.26079 2.25840 2.27391 2.52138 2.56740 2.52278 2.47816 2.36491 2.41379 2.50032
1.48267 1.48110 1.51667 2.00171 2.01822 1.99750 1.99575 1.99575 1.99575 1.99575 1.99575 1.99575 1.99575 1.99575 1.99464 1.95481 1.71627 2.25488 2.20559 2.10187 2.02990 1.94288 1.85136 1.72882 1.65141 1.64435 1.64435 1.64435 1.64435 1.64435 1.64435 1.64343 1.61827 1.62129 1.54894 1.51337 1.50434 1.49348 1.47615 1.45881 1.44160 1.43325 1.43029 1.43618 1.92175 2.56509 2.60552 2.57424 2.55184 2.55379 2.55915 2.35139 2.24175 2.24351 2.24817 2.24099 2.21529 2.19077 2.17319 2.29375 2.35042 2.34795 2.34806 2.35507 2.49220 2.62712
1.43576 1.42005 1.42411 1.73043 1.99575 1.99575 1.99575 1.99575 1.99575 1.99537 1.95962 1.86737 1.72818 1.61077 1.51188 1.45391 1.41325 1.65130 1.89008 1.80492 1.72967 1.69893 1.69893 1.68928 1.63520 1.64435 1.64435 1.64398 1.62127 1.58545 1.54963 1.51472 1.50405 1.50656 1.48758 1.44896 1.43459 1.42810 1.42810 1.42810 1.42810 1.42810 1.42810 1.42810 1.55336 2.44503 2.70347 2.79633 2.57648 2.57864 2.55491 2.44895 2.18503 2.16175 2.13568 2.11993 2.11982 2.11982 2.12001 2.22726 2.40440 2.43921 2.47390 2.48855 2.51322 2.75294
1.40516 1.33171 1.25941 1.27166 1.53271 1.96441 1.87808 1.73879 1.61959 1.51883 1.45724 1.43106 1.43044 1.43044 1.38783 1.30352 1.24315 1.22592 1.67523 1.69893 1.69893 1.69893 1.69893 1.69888 1.62742 1.58848 1.55262 1.51717 1.50405 1.49621 1.47620 1.45607 1.43591 1.42557 1.46251 1.42810 1.42810 1.42810 1.42810 1.42810 1.42810 1.42810 1.44746 1.48923 1.56512 2.31075 2.89309 2.86184 2.56131 2.39709 2.38365 2.38365 2.17417 2.11982 2.12016 2.13712 2.16322 2.18932 2.21523 2.27079 2.50119 2.54444 2.58693 2.62956 2.63221 2.85482
1.13674 1.13651 1.20042 1.26550 1.21562 1.37434 1.43173 1.43044 1.43044 1.43044 1.43044 1.43044 1.43044 1.43044 1.34874 1.19695 1.19695 1.19175 1.47219 1.69893 1.68187 1.64604 1.61020 1.57445 1.53404 1.49279 1.47788 1.45775 1.43760 1.42531 1.42517 1.42517 1.42517 1.42517 1.46525 1.42819 1.42810 1.42810 1.43550 1.47721 1.53914 1.61360 1.66994 1.69938 1.72634 1.90927 2.60615 2.73199 2.67097 2.38646 2.38426 2.40464 2.33176 2.19039 2.21614 2.22527 2.23694 2.26854 2.30046 2.35600 2.61186 2.66057 2.66057 2.66057 2.66088 2.75357
