results/OMI_NO2_200812.asc
ncols      200
nrows      200
xllcorner       120.258
yllcorner       41.1236
cellsize     0.0166667
NODATA_Value      -999.000
[rows 116 to 144 of 200, columns 0 to 66 of 200]
2.22277 2.16273 2.09940 1.96861 1.87745 1.81330 1.88475 2.09847 2.32327 3.67338 4.29500 3.87060 3.51036 3.41008 3.40294 3.46897 3.38551 3.31184 3.34552 3.42356 3.49993 3.57891 3.67399 3.69608 3.69608 3.69615 3.91569 4.00484 3.74149 3.77863 4.36776 4.27120 4.35111 4.64359 4.75346 5.25565 5.20104 5.08643 4.96391 4.83366 4.86484 5.45116 5.48134 5.51445 5.79950 6.64631 6.65886 6.35328 5.66068 5.26449 4.36836 4.08838 4.00146 3.98846 4.08945 3.80532 3.77379 3.97403 4.21375 4.27886 4.38083 4.54195 4.64723 4.69252 4.69605 4.88446 5.16675
1.77857 1.72192 1.74779 1.99729 2.26443 2.50951 2.59149 2.49797 2.40866 2.69690 3.57636 3.32828 2.99040 3.07060 3.17163 3.43845 3.55447 3.66592 3.69608 3.69608 3.69608 3.69608 3.69608 3.68771 3.64669 3.59690 3.71278 3.70825 3.65259 3.41978 3.97128 4.24144 4.35313 4.46976 4.41224 4.67279 4.78130 4.78156 4.79934 4.82771 4.86493 5.54338 5.75058 5.82068 5.83237 5.80618 5.49492 5.25506 4.70835 4.66286 3.98177 3.81884 3.82345 3.87760 4.16536 4.01984 4.06017 4.14132 4.52914 4.58163 4.60363 4.63853 4.75257 4.80447 4.86057 4.92115 4.91192
2.03490 2.19218 2.27334 2.20117 2.12817 2.06871 2.02041 1.99411 2.10813 2.32517 3.32105 3.57928 3.40438 3.52650 3.47300 3.66269 3.69608 3.69311 3.65769 3.61344 3.56922 3.52121 3.46800 3.42309 3.41079 3.40725 3.48439 3.62501 3.66656 3.26548 3.35974 3.68852 3.87088 4.02453 4.23232 4.51069 5.10109 5.27379 5.41329 5.43096 5.42378 5.91025 6.03527 5.95903 5.95903 5.41161 5.11901 5.12761 4.81825 4.67479 4.44113 4.11683 3.99959 3.98402 4.06589 4.27023 4.27097 4.28858 4.57117 4.75098 4.78798 4.82420 4.93482 4.98273 4.97615 4.96773 4.88421
1.92014 1.90725 1.88549 1.93399 2.14220 2.34212 2.54597 2.74111 2.83791 2.84739 3.20662 3.63396 3.40343 3.42885 3.29210 3.42645 3.49174 3.44833 3.43082 3.42174 3.41266 3.40729 3.40725 3.40725 3.39680 3.35185 3.30823 3.45161 3.06797 3.16934 3.15033 4.06953 4.50557 4.83283 5.14554 5.35427 5.55326 5.35407 5.23578 5.22139 5.22145 5.53751 5.97528 5.98532 5.99003 5.65913 5.02835 4.95606 4.80085 4.71381 4.66827 4.16379 4.04682 4.03464 4.04144 4.34376 4.37322 4.38136 4.49292 4.82653 4.86251 4.89840 4.91518 4.88219 4.88629 4.88629 4.84740
2.28842 2.48091 2.68377 2.82548 2.83201 2.83201 2.83201 2.83201 2.83259 2.84677 2.92015 3.61487 3.51794 3.35766 3.24355 3.25413 3.41490 3.40768 3.40725 3.40725 3.40256 3.36377 3.31938 3.31467 3.34205 3.40399 3.46855 3.74874 3.84645 4.05520 3.80684 4.55714 5.24059 5.70055 5.88626 5.91273 5.55112 5.22897 5.17558 5.11256 5.05180 5.12055 5.54148 5.42286 5.23166 5.07990 4.61120 4.56540 4.56601 4.68823 4.71422 4.40508 4.31762 4.40113 4.52691 4.47765 4.37688 4.42060 4.47973 4.86137 4.92527 4.92527 4.92527 4.89113 4.82393 4.69913 4.56978
2.90277 2.83201 2.83201 2.83201 2.83201 2.83201 2.83201 2.83201 2.83201 2.84222 2.84327 3.36036 3.57249 3.28501 3.33146 3.17546 3.41845 3.40780 3.42457 3.44157 3.46317 3.51881 3.58029 3.60188 3.60188 3.61206 3.68229 3.88614 4.30131 4.53504 4.44176 4.51018 5.27531 5.53215 5.49072 5.38156 5.16315 4.60447 4.52783 4.46714 4.38473 4.30867 4.62901 4.56793 4.56360 4.57461 4.61522 4.68786 4.85572 5.09566 5.27821 5.02718 4.65913 4.62364 4.68096 4.71433 4.53375 4.49743 4.49739 4.67106 4.78328 4.64903 4.53049 4.41046 4.33415 4.33682 4.33865
2.86000 2.83444 2.83201 2.83201 2.83201 2.83200 2.82643 2.81624 2.80577 2.80140 2.80793 3.05056 3.64010 3.36519 3.41318 3.15140 3.45005 3.60173 3.60188 3.60188 3.60188 3.62763 3.70692 3.79024 3.85799 3.91456 3.97779 4.08788 4.34413 4.33010 4.45932 4.04243 4.47635 4.67476 4.76983 4.84421 4.83797 4.51045 4.36239 4.35388 4.37003 4.39412 4.35247 4.37574 4.52753 4.66262 4.82805 4.83818 4.84497 4.92213 5.03519 5.00550 4.47370 4.34273 4.31747 4.30756 4.20670 4.10754 4.10294 4.09609 4.04127 4.10610 4.16712 4.22583 4.25555 4.33678 4.43730
2.45096 2.88514 2.82774 2.81740 2.80691 2.79667 2.80982 2.83898 2.86837 2.88210 2.87360 2.87304 3.50887 3.51010 3.51798 3.41548 3.52994 3.88750 4.01353 4.14215 4.28311 4.43671 4.55366 4.67474 4.82330 4.97819 5.02659 5.02659 4.56906 4.56269 4.59024 4.38080 4.49543 4.88246 5.06298 5.08501 5.11334 4.97765 4.62969 4.69080 4.84673 4.99494 4.83992 4.69336 4.69736 4.73924 4.81765 4.86453 4.87611 4.88191 4.98168 4.97814 4.57950 4.39328 4.43205 4.50537 4.54682 4.43872 4.48211 4.55284 4.54315 4.54542 4.58638 4.63179 4.66100 4.65289 4.65813
2.02908 2.93799 2.85633 2.88562 2.91502 2.93525 2.89824 2.84530 2.79293 2.78052 2.83700 2.91956 3.45221 3.98128 4.10140 4.00736 3.99898 4.63054 4.81384 4.89939 4.98482 5.02659 5.02659 5.02659 5.02659 5.02659 5.02929 5.08472 4.89484 4.81803 4.85653 4.87448 4.56178 5.07456 5.06591 5.13412 5.34530 5.49396 5.18993 5.20662 5.20801 5.23349 5.11129 4.81960 4.86918 4.88139 4.88387 5.04135 5.11504 5.19064 5.34443 5.46025 5.31820 4.85344 4.81683 4.85517 4.89541 4.79735 4.75191 4.78927 4.77121 4.69423 4.69936 4.69905 4.69636 4.65879 4.70301
2.16858 2.78383 3.02691 2.96388 2.98131 3.01838 3.10296 3.19908 3.30052 3.36447 3.39264 3.39905 3.60295 4.59219 4.71313 4.77212 4.37630 4.83288 5.02659 5.02659 5.02659 5.06639 5.14190 5.21758 5.30080 5.40359 5.50456 5.55289 5.49005 4.93166 5.23355 5.06737 4.87808 5.29059 5.56603 5.65606 5.71875 5.73287 5.54048 5.32745 5.38752 5.42209 5.36963 4.89148 4.89151 4.89142 4.89136 5.13152 5.42978 5.45308 5.56586 5.71481 5.74148 5.14810 5.02890 5.04510 5.07326 5.04897 4.87050 4.80601 4.80383 4.70638 4.74215 4.84279 4.94401 5.02928 5.09430
2.85966 3.10067 3.85418 3.66990 3.70185 3.71162 3.72867 3.79425 3.87061 3.95764 4.04750 4.11935 4.17622 5.15714 5.56009 5.60848 5.17037 4.93513 5.24802 5.35053 5.42985 5.49071 5.51878 5.54686 5.56734 5.56833 5.56833 5.56286 5.52061 4.92201 5.21184 5.69426 5.56369 5.27632 5.58206 5.58272 5.76825 5.96363 5.92792 5.44396 5.42796 5.42786 5.42783 4.95718 4.91606 4.98062 5.04584 5.19877 5.75584 5.83771 5.88127 5.93865 5.95594 5.53215 5.14785 5.12096 5.12076 5.12017 4.99153 4.96366 5.06540 5.12332 5.12841 5.15589 5.18335 5.21071 5.24209
3.55123 3.53376 4.26773 4.11844 4.10472 4.17207 4.23183 4.24039 4.24039 4.24039 4.24039 4.24039 4.24922 4.73020 5.61638 5.59934 5.48565 5.21839 5.39201 5.54084 5.56511 5.56833 5.56833 5.56668 5.56093 5.61693 5.65888 5.66918 5.71903 5.36736 5.04222 5.28838 5.38125 5.18911 5.57828 5.60425 5.67947 5.97257 5.97257 5.64681 5.53204 5.61680 5.72241 5.44675 5.32288 5.35372 5.38497 5.43517 5.99979 6.11771 6.14543 6.05864 6.01860 5.86030 5.16229 5.06663 5.02698 4.98775 5.13711 5.32676 5.30036 5.30981 5.21911 5.21635 5.21635 5.21635 5.23129
3.94333 3.92813 4.18238 4.57360 4.24039 4.24039 4.24039 4.24039 4.24039 4.24039 4.24039 4.24039 4.24051 4.33933 5.55401 5.70125 5.60328 5.39150 5.46164 5.79873 5.87923 5.89281 5.90167 5.91303 5.92733 5.86513 5.82109 5.82002 5.82002 5.65555 4.99509 5.09666 5.37837 5.31223 5.47307 5.78805 5.89862 6.33495 6.50873 6.44236 6.01288 6.03458 6.03561 5.79332 5.48285 5.50972 5.53567 5.54355 5.88337 6.17909 6.17645 6.09507 5.97930 5.89527 5.24379 5.01149 5.01698 5.03592 5.06823 5.40218 5.32907 5.32881 5.25619 5.23507 5.25689 5.28022 5.31024
4.32884 3.95777 3.95777 4.64955 4.27828 4.24039 4.24039 4.24039 4.24039 4.25298 4.28941 4.40284 4.55168 4.70798 5.63095 6.41647 6.29607 6.19210 5.79902 5.87113 5.82553 5.82002 5.82002 5.82002 5.82002 5.82002 5.82002 5.82805 5.85369 5.91517 5.27818 5.28447 5.69968 5.85540 5.86656 6.23402 6.19758 6.35789 6.51708 6.51207 6.03173 5.94247 5.96258 5.85935 5.54056 5.52832 5.50300 5.44945 5.52646 5.88146 5.82287 5.78860 5.66157 5.64348 5.26478 4.89371 5.05716 5.05728 5.05633 5.27140 5.36370 5.33441 5.33714 5.34372 5.34904 5.35284 5.35311
4.61955 3.96915 3.95777 4.28825 4.55441 4.39616 4.54534 4.70489 4.87344 5.02020 5.10898 5.09299 5.02299 4.90243 5.02416 5.79114 5.56864 5.46799 5.19001 5.24047 5.31549 5.31433 5.31493 5.31552 5.34076 5.42212 5.50497 5.57989 5.63851 5.66495 5.22309 4.76873 4.79618 4.95988 4.96143 5.24291 5.33571 5.39289 5.66763 5.66620 5.47152 5.22072 5.19247 5.14537 5.08192 5.04156 5.01446 5.01400 5.03475 5.50617 5.55502 5.56812 5.48277 5.44682 5.33037 4.75144 5.06818 5.07026 5.07321 5.12666 5.42998 5.35126 5.35425 5.45578 5.60163 5.74763 5.89836
5.50715 4.92805 4.85547 5.09413 5.79681 5.13044 5.06024 5.00362 4.94117 4.84554 4.77563 4.70687 4.65155 4.64668 4.64668 5.12370 5.23502 5.03394 5.07980 5.05012 5.28906 5.37243 5.45285 5.53327 5.58983 5.59199 5.59199 5.59199 5.59199 5.59199 5.40224 4.66802 4.54795 4.88484 4.89029 5.07978 5.29893 5.30735 5.53399 5.55715 5.49223 5.09018 5.04130 5.03946 5.02520 5.03373 5.04923 5.06234 5.06217 5.37605 5.54798 5.53988 5.48464 5.40644 5.36727 4.88092 5.03564 5.09014 5.21269 5.35833 5.77459 5.94032 6.07301 6.12709 6.13521 6.14162 6.14028
7.01019 6.14207 4.83313 4.74524 5.18729 5.09574 4.79018 4.72148 4.65856 4.64668 4.64668 4.64523 4.62475 4.59835 4.57183 4.71254 5.35059 5.23859 5.58451 5.42270 5.54969 5.59199 5.59199 5.59199 5.59439 5.59496 5.59266 5.60672 5.69022 5.78078 5.85082 5.08397 4.68319 4.82237 4.83355 4.84720 5.07455 5.05100 5.13188 5.28017 5.27124 5.04996 4.91004 4.91225 4.89710 4.87142 4.85657 4.94261 5.03121 5.19681 5.52528 5.52528 5.51181 5.38222 5.35510 5.14761 5.50170 5.81459 5.82210 5.79230 5.85166 6.09734 6.06600 6.04419 6.02436 6.07678 6.26017
6.67203 6.48802 4.59360 4.46334 4.46111 4.86483 4.41595 4.38903 4.34482 4.29792 4.25126 4.20641 4.17920 4.15761 4.13625 4.00615 5.03923 5.03155 5.05200 5.07101 5.11906 5.20879 5.20825 5.21361 5.27810 5.35932 5.44278 5.51189 5.51891 5.51891 5.51932 5.09429 4.49317 4.50679 4.53442 4.51072 4.70634 4.83187 4.86931 5.12932 5.13188 5.00450 4.79871 4.79619 4.78691 4.76902 4.76902 4.84788 5.00502 5.01593 5.44380 5.42713 5.38558 5.27564 5.21805 5.09879 5.33633 5.63418 5.60715 5.59387 5.59463 5.99569 6.26080 6.45629 6.63312 6.74697 6.75633
5.04357 5.04357 4.23003 3.81540 3.78434 4.15336 4.08035 3.96656 3.96298 3.96223 3.96202 3.96202 3.96202 3.93457 3.88283 3.79867 4.18154 4.67841 4.48089 4.98151 5.12206 5.33647 5.42488 5.50257 5.51891 5.51891 5.51896 5.52165 5.47228 5.39982 5.32209 5.04393 4.34583 4.46284 4.50477 4.42991 4.59559 4.75407 4.69350 4.81980 4.83419 4.82672 4.79611 4.76964 4.74694 4.68506 4.63914 4.62236 4.81155 4.78312 5.09002 5.16323 5.13469 5.09782 5.06577 5.03517 5.07937 5.59395 5.62147 5.64653 5.67154 6.08091 6.67626 6.68800 6.72559 6.75146 6.75187
4.98487 4.93941 4.54993 3.68332 3.68024 3.77334 4.22546 3.95274 3.90443 3.85443 3.80714 3.76237 3.71995 3.69988 3.69988 3.69988 3.67657 4.73796 4.64717 5.09333 5.37476 5.42559 5.39408 5.32037 5.24691 5.17333 5.10210 5.03066 5.00205 4.99406 4.99274 4.96176 4.27322 4.26250 4.28651 4.22286 4.24451 4.50591 4.51610 4.56752 4.68649 4.64075 4.58800 4.54098 4.51801 4.49403 4.48398 4.46983 4.65866 4.67189 4.85791 5.11105 5.11420 5.12510 5.13649 5.18884 4.99393 5.57375 5.64109 5.67887 5.71667 5.79263 6.69196 6.74944 6.74943 6.75310 6.84453
4.85306 4.85102 4.74418 3.68160 3.51431 3.46083 3.85229 3.74333 3.69988 3.69988 3.69988 3.69988 3.72523 3.81717 3.91265 4.00710 3.65671 4.48318 4.60251 4.54848 4.96100 4.99424 5.00003 4.99543 4.99274 4.99274 4.99274 4.98364 4.90634 4.81870 4.73446 4.64235 4.19610 3.94750 4.06246 4.07205 3.97913 4.13170 4.28530 4.30503 4.54439 4.55614 4.55351 4.51250 4.49922 4.47780 4.47064 4.47831 4.63580 4.74983 4.88739 5.36692 5.45025 5.52163 5.52808 5.58250 5.47551 5.70853 5.87587 5.88354 5.88997 5.89555 6.45820 6.97880 7.06082 7.46467 8.04969
4.85302 4.76143 4.17690 3.72116 3.36914 3.36914 3.51789 3.86574 3.71248 3.79669 3.89151 3.97425 4.02969 4.04134 4.05382 4.06712 3.67823 4.01639 4.71139 4.53281 5.01702 5.12832 5.08489 5.06048 4.96542 4.86504 4.76945 4.68242 4.63649 4.59988 4.56410 4.54076 4.34084 3.92045 4.17835 4.22727 4.23616 4.30782 4.57829 4.59681 4.78776 4.89205 4.90644 4.90986 4.91720 4.95485 5.02991 5.09653 5.29718 5.53902 5.54305 6.06202 6.19201 6.22980 6.24070 6.21766 6.16757 5.96662 6.17200 6.28575 6.36381 6.44284 6.64548 7.51289 7.51483 7.57444 8.38650
4.17619 4.14061 3.77851 3.55688 3.03452 3.01876 3.00435 3.48295 3.71256 3.74162 3.75481 3.77798 3.80757 3.81933 3.82715 3.83408 3.70697 3.75893 4.74809 4.62985 4.79385 4.94039 4.80589 4.68845 4.65414 4.62892 4.60370 4.58192 4.57903 4.57903 4.57903 4.57903 4.52890 4.18332 4.40205 4.42973 4.42642 4.38853 4.60841 4.75124 4.85132 5.05311 5.09100 5.13063 5.14473 5.18754 5.21255 5.21902 5.31246 5.61592 5.65752 6.04030 6.37901 6.42891 6.47219 6.47860 6.51718 6.22479 6.35964 6.52323 6.52414 6.58785 6.68962 7.48778 7.88812 8.06213 8.81821
3.84615 3.84615 3.70215 3.50233 3.13653 3.09190 3.12741 3.34524 3.75196 3.74745 3.69898 3.61428 3.52334 3.43579 3.37103 3.58064 3.51628 3.41605 4.14315 4.46060 4.49022 4.62466 4.62234 4.57903 4.57903 4.57903 4.57903 4.57813 4.56707 4.55316 4.53566 4.48878 4.43535 4.07441 4.10505 4.27732 4.31436 4.35612 4.54708 4.81300 4.91481 5.21579 5.24577 5.24857 5.24994 5.31306 5.41283 5.48608 5.53962 5.89139 5.94037 6.09168 6.56809 6.56738 6.56738 6.53041 6.55279 6.42673 6.46552 6.89346 7.01668 7.06217 7.07568 7.37479 8.31448 8.56004 8.80923
3.80433 3.70392 3.59218 3.27091 3.03759 2.80344 2.72743 2.66369 3.10578 3.25155 3.22704 3.23545 3.25141 3.29135 3.35176 3.65550 3.79458 3.72321 3.93143 4.46478 4.47656 4.58012 4.67006 4.61570 4.59706 4.58550 4.57301 4.53495 4.49498 4.45789 4.42438 4.42027 4.42263 4.22350 4.08804 4.37694 4.40595 4.59530 4.65135 4.94581 5.02884 5.29860 5.54221 5.62328 5.71006 5.62614 5.63801 5.64017 5.63758 5.85694 5.93700 5.97972 6.60646 6.69304 6.73736 6.76152 6.77153 6.75771 6.57329 7.09615 7.22309 7.25204 7.27495 7.28382 8.16027 8.70308 8.76047
3.39139 3.40172 3.35936 2.92824 2.85876 2.69020 2.68757 2.69903 2.96902 3.38355 3.47456 3.51842 3.52882 3.50771 3.46745 3.56686 3.91667 3.87166 3.80576 4.44192 4.52311 4.53606 4.62337 4.57921 4.51474 4.47529 4.43673 4.42468 4.42468 4.42468 4.43279 4.46582 4.53485 4.52196 4.25745 4.41416 4.43818 4.56315 4.66738 4.91713 5.22565 5.46518 5.98197 6.08227 6.09285 5.65743 5.65802 5.70647 5.74368 5.94116 6.13604 6.14840 6.57058 6.81816 6.83442 6.86407 6.96279 6.96871 6.68860 7.03774 7.31111 7.46423 7.65599 7.84255 8.27452 8.95295 9.14845
3.43687 3.43687 3.44138 3.05529 2.92987 2.81979 2.78912 2.80456 2.82888 3.24122 3.31447 3.28192 3.27635 3.27715 3.27795 3.31861 3.80586 3.94145 3.80398 4.15657 4.47929 4.42681 4.47104 4.46761 4.43308 4.47953 4.53705 4.61214 4.69402 4.77848 4.85669 4.90763 4.91569 4.91613 4.49622 4.48446 4.55998 4.67466 4.95890 5.12609 5.49323 5.57394 6.12065 6.23163 6.27508 6.03506 5.86043 5.94019 6.00265 6.16894 6.50782 6.59517 6.75730 6.86810 6.86623 6.85413 6.93983 7.03897 7.11918 7.50052 8.05942 8.12126 8.13638 8.14872 8.19275 8.86031 9.18136
3.26242 3.29113 3.31459 3.13562 2.86644 2.79967 2.69077 2.69175 2.69272 2.96443 3.25450 3.27939 3.27939 3.27939 3.27939 3.27306 3.59146 3.85616 3.76210 3.82256 4.52568 4.58596 4.74821 4.97004 4.92610 4.89217 4.91352 4.91806 4.91810 4.91810 4.92148 4.99062 5.08929 5.19340 4.96807 4.83077 4.88657 4.98229 5.27538 5.38118 5.87739 6.05578 6.45381 6.81822 6.89924 6.89470 6.39829 6.42929 6.43927 6.46709 6.84008 6.82823 6.82972 6.90908 7.01210 7.13628 7.27757 7.34275 7.34504 7.57265 8.08426 8.19195 8.19491 8.19772 8.20063 8.58267 9.17691
3.31694 3.31694 3.31694 3.26209 2.90469 2.85820 2.70576 2.69491 2.69491 2.75784 3.19924 3.27672 3.24762 3.21173 3.17585 3.14660 3.32182 3.85210 4.04863 4.18502 4.93457 5.27932 5.31473 5.45060 5.25226 5.00247 5.02950 5.13538 5.27565 5.42546 5.58127 5.68659 5.77013 5.85365 5.86049 5.86612 5.94313 5.95547 6.00478 6.07170 6.23454 6.44356 6.53914 7.01753 6.99044 6.96040 6.48772 6.17688 6.11440 6.15850 6.52648 6.68598 6.79144 6.82485 6.84259 6.84953 6.87443 6.95350 6.95573 7.44948 8.02965 8.37419 8.42762 8.48098 8.53408 8.68095 9.38781
