results/OMI_NO2_201107.asc
ncols      200
nrows      200
xllcorner       120.258
yllcorner       41.1236
cellsize     0.0166667
NODATA_Value      -999.000
[rows 116 to 144 of 165, columns 0 to 66 of 200]
5.37962 5.37962 5.37962 5.42248 6.90505 7.06053 7.06053 7.06053 7.06053 7.16599 8.42840 8.59809 8.72100 8.81729 8.82447 8.82447 8.82447 8.82447 8.82447 8.82447 8.82447 8.82447 8.77783 8.59627 8.40612 8.21598 8.03102 7.97486 7.97486 7.97486 7.98847 11.0670 10.9356 10.5196 10.5196 10.5196 10.5196 10.5196 10.5196 10.5196 10.7352 11.5515 12.4017 13.2529 13.9231 13.9742 13.9742 13.9742 13.9742 13.9742 13.9742 13.9742 13.9742 14.0296 14.6403 14.6571 13.7497 5.70299 5.69023 5.69023 5.69023 5.69023 5.69023 0.00000 1.64161 1.73031 1.73833
5.37962 5.37962 5.37962 5.37962 6.22461 7.07615 7.18397 7.30687 7.42978 7.53195 8.34765 8.82447 8.82447 8.82447 8.82447 8.82447 8.82447 8.82175 8.69703 8.50697 8.31683 8.12677 7.98335 7.97486 7.97486 7.97486 7.97486 7.97486 7.97486 7.97486 7.97486 9.52326 11.3841 10.5196 10.5196 10.5196 10.7728 11.6019 12.4518 13.3040 13.9386 13.9742 13.9742 13.9742 13.9742 13.9742 13.9742 13.9742 13.9742 13.9742 13.9742 13.9742 13.9749 14.0345 15.5461 18.1477 20.2681 21.1256 0.00000 0.00000 0.00000 0.00000 0.00000 0.00000 1.73833 1.73833 1.73833
5.37962 5.38099 5.39995 5.42427 5.63214 7.47898 7.54270 7.54270 7.54270 7.54270 7.83392 8.82447 8.82447 8.78556 8.60782 8.41768 8.22762 8.04028 7.97486 7.97486 7.97486 7.97486 7.97486 7.97486 7.97486 7.97486 7.97486 7.97486 7.97486 7.97486 7.97486 8.16430 11.7451 11.8324 12.5026 13.3548 13.9514 13.9742 13.9742 13.9742 13.9742 13.9742 13.9742 13.9742 13.9742 13.9742 13.9742 13.9742 14.0002 14.0937 14.1909 14.2880 14.3843 14.4218 15.9062 23.6240 23.6240 23.6240 0.00000 0.00000 0.00000 0.00000 0.00000 0.00000 1.73833 1.73833 1.73833
5.44399 5.46696 5.47235 5.47235 5.47235 6.80406 7.54270 7.54270 7.54266 7.48335 7.37327 8.15457 8.13841 7.98709 7.97486 7.97486 7.97486 7.97486 7.97486 7.97486 7.97486 7.97486 7.97486 7.97486 7.97486 7.97486 7.97486 7.97486 7.93085 7.77984 7.62405 7.46827 11.8228 14.5998 13.9742 13.9742 13.9742 13.9742 13.9742 13.9742 13.9742 13.9742 13.9742 13.9799 14.0559 14.1530 14.2501 14.3472 14.4183 14.4218 14.4218 14.4218 14.4218 14.4218 14.4639 21.6741 23.6240 23.6240 23.6240 0.00000 0.00000 0.00000 0.00000 0.00000 1.73833 1.73833 1.73833
5.47235 5.47235 5.47235 5.47235 5.46524 5.81943 7.33642 7.22526 7.11429 7.06253 7.06253 7.44999 7.97486 7.97486 7.97486 7.97486 7.97486 7.97486 7.97486 7.97486 7.97486 7.97486 7.97486 7.97486 7.93929 7.79182 7.63603 7.48025 7.36847 7.36370 7.36370 7.36370 8.58376 14.9897 14.0036 13.9742 13.9742 13.9742 13.9742 14.0182 14.1152 14.2123 14.3094 14.4008 14.4218 14.4218 14.4218 14.4218 14.4218 14.4218 14.4218 14.4218 14.4218 14.4218 14.4218 17.4751 22.9015 22.0943 21.2025 0.00000 0.00000 0.00000 0.00000 0.00000 1.73833 1.73833 1.73833
5.44666 5.34131 5.23024 5.11908 5.01517 4.99217 6.61485 7.06253 7.06253 7.06253 7.06253 7.11973 7.93955 7.97486 7.97486 7.97486 7.97486 7.97486 7.97486 7.97486 7.94706 7.80379 7.64801 7.49223 7.37201 7.36370 7.36370 7.36370 7.36370 7.36370 7.36370 7.36370 7.36370 13.0392 14.3745 14.0773 14.1744 14.2715 14.3686 14.4217 14.4218 14.4218 14.4218 14.4218 14.4218 14.4218 14.4218 14.4218 14.4218 14.4218 14.4218 14.3811 14.0395 13.6360 13.2328 13.3661 20.2390 20.3561 20.3561 20.3561 0.00000 0.00000 0.00000 0.00000 1.73833 1.73833 1.73833
4.99788 4.99217 4.99217 4.99217 4.99217 4.99217 5.72557 7.06253 7.06253 7.06253 7.06253 7.06253 7.63018 7.97486 7.97486 7.97486 7.95377 7.81590 7.66011 7.50433 7.37635 7.36370 7.36370 7.36370 7.36370 7.36370 7.36370 7.36370 7.36370 7.36357 7.21234 6.92661 6.64075 8.76643 14.0154 14.4218 14.4218 14.4218 14.4218 14.4218 14.4218 14.4218 14.4218 14.4218 14.4218 14.4218 14.4218 14.3710 14.0185 13.6151 13.2117 12.8495 12.7879 12.7879 12.7879 12.7879 17.1297 20.3561 20.3561 20.3561 0.00000 0.00000 0.00000 0.00000 1.73833 1.73833 1.73833
4.99217 4.99217 4.99217 4.99217 4.99217 4.99217 5.03896 6.86000 7.06253 7.06253 7.06253 7.06253 7.24954 7.82787 7.67209 7.51630 7.38161 7.36370 7.36370 7.36370 7.36370 7.36370 7.36370 7.36370 7.36370 7.32794 7.07784 6.79211 6.50638 6.22078 6.08640 6.08640 6.08640 6.17925 12.8910 14.3413 14.4218 14.4218 14.4218 14.4218 14.4218 14.4218 14.4218 14.3600 13.9971 13.5940 13.1906 12.8382 12.7879 12.7879 12.7879 12.7879 12.7879 12.7879 12.7879 12.7879 14.3473 20.3561 20.3561 20.3561 0.00000 0.00000 0.00000 0.00000 1.74260 2.02306 2.46809
4.99217 4.99217 4.99217 4.99217 4.99217 4.99217 4.99217 6.01700 7.05208 6.92752 6.77174 6.61595 6.47597 7.19902 7.36370 7.36370 7.36370 7.36370 7.36370 7.36370 7.36370 7.22907 6.94321 6.65774 6.37201 6.12191 6.08640 6.08640 6.08640 6.08640 6.08640 6.08640 6.08640 6.08640 9.71754 14.1122 14.4218 14.4218 14.4218 14.3481 13.9759 13.5731 13.1697 12.8279 12.7879 12.7879 12.7879 12.7879 12.7879 12.7879 12.7879 12.7879 12.7879 12.7879 12.7879 12.7879 12.9765 19.3861 20.3561 20.3561 20.3561 0.00000 0.00000 0.00000 3.21308 3.37749 3.37749
4.99217 4.99217 4.99217 4.99217 4.99229 4.99624 5.00205 5.16827 6.44595 6.45137 6.45137 6.45137 6.45137 6.83391 7.36370 7.36370 7.33573 7.09470 6.80897 6.52311 6.23751 6.08653 6.08640 6.08640 6.08640 6.08640 6.08640 6.08640 6.08640 6.08640 6.08640 6.08640 6.08640 6.08640 6.69815 13.5585 13.9449 13.5517 13.1486 12.8189 12.7879 12.7879 12.7879 12.7879 12.7879 12.7879 12.7879 12.7879 12.7879 12.7879 12.7879 12.8146 12.9839 13.1731 13.3624 13.5516 13.6620 16.3131 20.3561 20.3561 20.3561 0.00000 0.00000 0.00000 3.37749 3.37749 3.37749
4.99217 4.99514 5.00095 5.00676 5.01245 5.01431 5.01431 5.01431 5.93101 6.45137 6.45137 6.45137 6.43135 6.43085 6.67956 6.38887 6.13085 6.08640 6.08640 6.08640 6.08640 6.08640 6.08640 6.08640 6.08640 6.08640 6.08640 6.08640 6.08640 6.08640 6.08640 6.06801 5.97220 5.86753 5.76294 9.77488 12.6034 12.7879 12.7879 12.7879 12.7879 12.7879 12.7879 12.7879 12.7879 12.7879 12.7901 12.9121 13.1016 13.2909 13.4802 13.6423 13.6627 13.6627 13.6627 13.6627 13.6627 14.3231 20.3534 20.3561 20.3561 20.3561 0.00000 0.00000 3.37749 3.37749 3.37749
5.01147 5.01431 5.01431 5.01431 5.01431 5.01431 5.01431 5.01347 5.27772 6.35860 6.30322 6.24787 6.21247 6.21185 6.13337 6.08640 6.08640 6.08640 6.08640 6.08640 6.08640 6.08640 6.08640 6.08640 6.08640 6.08640 6.08640 6.07222 5.97960 5.87497 5.77034 5.68392 5.67529 5.67529 5.67529 7.02541 12.3718 12.7879 12.7879 12.7879 12.7879 12.7879 12.8454 13.0302 13.2194 13.4088 13.5956 13.6627 13.6627 13.6627 13.6627 13.6627 13.6627 13.6627 13.6627 13.6627 13.6627 13.6627 17.9893 18.5216 16.0187 13.0066 0.00000 0.00000 3.37749 3.37749 3.37749
5.01431 5.01431 5.01431 5.00736 4.95893 4.90351 4.84820 4.79359 4.77479 5.89742 6.21185 6.21185 6.21185 6.21185 6.18342 6.08640 6.08640 6.08640 6.08640 6.08640 6.08640 6.08640 6.08640 6.07584 5.98700 5.88248 5.77774 5.68729 5.67529 5.67529 5.67529 5.67529 5.67529 5.67529 5.67529 5.67529 10.8169 12.7375 12.9587 13.1480 13.3373 13.5265 13.6582 13.6627 13.6627 13.6627 13.6627 13.6627 13.6627 13.6627 13.6627 13.6627 13.6627 13.6627 13.6125 12.6801 11.4281 10.1777 9.46347 10.2150 10.2150 10.2150 0.00000 0.00000 3.37749 3.37749 3.37749
4.94090 4.88554 4.83016 4.78171 4.77479 4.77479 4.77479 4.77479 4.77479 5.28293 6.21185 6.21185 6.21185 6.21185 6.21177 6.10823 6.08640 6.08640 6.08640 6.07902 5.99444 5.88981 5.78514 5.69112 5.67529 5.67529 5.67529 5.67529 5.67529 5.67529 5.67529 5.67529 5.67529 5.70043 5.76552 5.83106 8.29229 13.0687 13.6627 13.6627 13.6627 13.6627 13.6627 13.6627 13.6627 13.6627 13.6627 13.6627 13.6627 13.6627 13.5907 12.6146 11.3627 10.1108 8.91160 8.59215 8.59215 8.59215 8.63942 10.0868 10.2150 10.2150 10.2150 0.00000 3.37749 3.37749 3.37749
4.77479 4.77479 4.77479 4.77479 4.77479 4.77479 4.77479 4.77479 4.77479 4.80726 6.07159 6.21185 6.21185 6.21185 6.21185 6.15328 6.00184 5.89721 5.79258 5.69543 5.67529 5.67529 5.67529 5.67529 5.67529 5.67529 5.67529 5.67529 5.67906 5.73040 5.79593 5.86150 5.92709 5.96748 5.96798 5.96798 6.16033 12.1002 13.6530 13.6627 13.6627 13.6627 13.6627 13.6627 13.6627 13.6627 13.5664 12.5497 11.2978 10.0459 8.86705 8.59215 8.59215 8.59215 8.59215 8.59215 8.59215 8.59215 8.59215 9.33427 10.2150 10.2150 10.2150 0.00000 3.37749 3.37749 3.37749
4.77479 4.77479 4.77479 4.77479 4.77479 4.77479 4.77479 4.77479 4.77479 4.77479 5.48814 6.20889 6.13472 6.02999 5.92555 5.81772 5.67987 5.67529 5.67529 5.67529 5.67529 5.67529 5.67529 5.67529 5.69648 5.76078 5.82637 5.89194 5.95372 5.96798 5.96798 5.96798 5.96798 5.96798 5.96798 5.96798 5.96798 9.40941 13.3375 13.6627 13.6627 13.6627 13.5400 12.4828 11.2324 9.98048 8.82489 8.59215 8.59215 8.59215 8.59215 8.59215 8.59215 8.59215 8.59215 8.59215 8.59215 8.59215 8.59215 8.90854 10.2150 10.2150 10.2150 10.2150 3.44451 3.99711 4.44611
4.77479 4.77479 4.77479 4.77479 4.77479 4.77479 4.77479 4.77493 4.80106 4.84671 5.00218 5.81043 5.80073 5.80073 5.80073 5.80073 5.72195 5.67529 5.67529 5.67766 5.72566 5.79125 5.85681 5.92235 5.96675 5.96798 5.96798 5.96798 5.96798 5.96798 5.96798 5.96798 5.96798 5.96798 5.96798 5.96798 5.96798 6.75199 12.6453 12.4164 11.1665 9.91507 8.78585 8.59215 8.59215 8.59215 8.59215 8.59215 8.59215 8.59215 8.59215 8.59215 8.59215 8.59215 8.61651 8.91220 9.28405 9.65556 10.0271 10.2953 10.2390 10.2150 10.2150 10.2150 4.84561 4.76066 4.65784
4.77479 4.77479 4.77479 4.77479 4.79270 4.83803 4.88369 4.92917 4.94868 4.94868 4.94868 5.49658 5.80073 5.80073 5.80073 5.75787 5.59709 5.82166 5.88719 5.95044 5.96798 5.96798 5.96798 5.96798 5.96798 5.96798 5.96798 5.96798 5.96798 5.96798 5.96798 5.96798 5.96798 5.96798 5.97685 6.05521 6.14853 6.24178 7.19488 8.49334 8.59215 8.59215 8.59215 8.59215 8.59215 8.59215 8.59215 8.59215 8.59215 8.59215 8.76950 9.14101 9.51251 9.88436 10.2315 10.3073 10.3073 10.3073 10.3073 10.3073 10.2791 10.2150 10.2150 10.2150 4.50677 4.44826 4.37909
4.78585 4.82935 4.87502 4.92066 4.94836 4.94868 4.94868 4.94868 4.94868 4.94868 4.94868 5.04017 5.52430 5.34088 5.15794 5.01746 5.00968 5.80676 5.96798 5.96798 5.96798 5.96798 5.96798 5.96798 5.96798 5.96798 5.96798 5.96798 5.96798 5.96798 5.97421 6.04861 6.14190 6.23511 6.31963 6.33451 6.33451 6.33451 6.62753 8.06105 8.59215 8.59215 8.59215 8.59215 8.59215 8.65733 8.99796 9.36981 9.74132 10.1128 10.3073 10.3073 10.3073 10.3073 10.3073 10.3073 10.3073 10.3073 10.3073 10.3073 10.3026 10.2169 10.0291 9.70922 4.23565 4.22391 4.22391
4.94654 4.94868 4.94868 4.94868 4.94868 4.94868 4.93846 4.79545 4.61258 4.42917 4.24630 4.15637 4.83037 5.00843 5.00843 5.00843 5.00843 5.42722 5.96798 5.96798 5.96798 5.96798 5.96798 5.96798 5.96798 5.96798 5.97197 6.04194 6.13523 6.22858 6.31564 6.33451 6.33451 6.33451 6.33451 6.33451 6.33451 6.33451 6.33929 7.43815 8.59747 8.85526 9.22677 9.59827 9.97012 10.2764 10.3073 10.3073 10.3073 10.3073 10.3073 10.3073 10.3073 10.3073 10.3073 10.3073 10.3073 10.3060 10.2061 10.0460 9.88608 9.36762 8.91784 8.91784 4.26262 4.22391 4.22391
4.94868 4.94868 4.90867 4.73586 4.55284 4.36950 4.19678 4.15637 4.15637 4.15637 4.15637 4.15637 4.46729 5.00843 5.00843 5.00843 5.00843 5.07670 5.93727 5.96798 5.96798 5.96798 5.97025 6.03534 6.12867 6.22199 6.31117 6.33451 6.33451 6.33451 6.33451 6.33451 6.33451 6.33451 6.33451 6.33451 6.33630 6.34333 6.35069 6.82811 9.53388 10.3073 10.3073 10.3073 10.3073 10.3073 10.3073 10.3073 10.3073 10.3073 10.3073 10.3073 10.3073 10.3047 10.1977 10.0376 9.87765 9.71901 9.65875 9.65875 9.65875 9.52311 8.91784 8.91784 4.36642 4.22391 4.22391
4.49310 4.30992 4.16683 4.15637 4.15637 4.15637 4.15637 4.15637 4.15637 4.15637 4.15637 4.15637 4.17945 4.93314 5.00843 5.00843 5.00843 5.00843 5.62592 6.02871 6.12199 6.21528 6.30629 6.33451 6.33451 6.33451 6.33451 6.33451 6.33451 6.33451 6.33451 6.33461 6.33940 6.34677 6.35413 6.36149 6.36706 6.36740 6.36740 6.43242 8.46653 10.3073 10.3073 10.3073 10.3073 10.3073 10.3073 10.3073 10.3073 10.3027 10.1894 10.0292 9.86908 9.71187 9.65875 9.65875 9.65875 9.65875 9.65875 9.65875 9.65875 9.65218 9.04529 8.91784 4.49279 4.22505 4.22391
4.15637 4.15637 4.15637 4.15637 4.15637 4.15637 4.15637 4.15637 4.15637 4.15637 4.15637 4.15637 4.15637 4.59302 5.00872 5.06253 5.15585 5.24896 5.57677 6.33451 6.33451 6.33451 6.33451 6.33451 6.33451 6.33451 6.33451 6.33598 6.34284 6.35021 6.35756 6.36483 6.36740 6.36740 6.36740 6.36740 6.36740 6.36740 6.36740 6.36740 7.12903 10.1406 10.3073 10.3073 10.3073 10.3005 10.1808 10.0209 9.86072 9.70526 9.65875 9.65875 9.65875 9.65875 9.65875 9.65875 9.65875 9.65875 9.65875 9.65875 9.65875 9.65875 9.38995 8.91784 4.54508 4.28517 4.22391
4.15637 4.15637 4.15637 4.15637 4.15637 4.15637 4.15637 4.15637 4.15637 4.15637 4.15637 4.15451 4.15013 4.25123 5.31253 5.37497 5.37497 5.37497 5.37760 6.18636 6.33451 6.33451 6.33455 6.33892 6.34637 6.35364 6.36100 6.36690 6.36740 6.36740 6.36740 6.36740 6.36740 6.36740 6.36740 6.36740 6.36740 6.36740 6.36740 6.36740 6.56152 9.12912 10.1723 10.0125 9.85242 9.69903 9.65875 9.65875 9.65875 9.65875 9.65875 9.65875 9.65875 9.65875 9.65875 9.65875 9.65875 9.66058 9.75246 9.89354 10.0345 10.1757 10.1777 8.92340 4.46047 4.26821 4.05659
4.15637 4.15637 4.15637 4.15637 4.15637 4.15637 4.15637 4.15520 4.15097 4.14657 4.14219 4.13967 4.13966 4.13966 4.95719 5.37497 5.37497 5.37497 5.40678 5.94951 6.34972 6.35708 6.36441 6.36740 6.36740 6.36740 6.36740 6.36740 6.36740 6.36740 6.36740 6.36740 6.36740 6.36740 6.36740 6.36740 6.36740 6.38342 6.67391 7.06239 7.45087 7.65170 9.65875 9.65875 9.65875 9.65875 9.65875 9.65875 9.65875 9.65875 9.65875 9.65875 9.65875 9.70202 9.83971 9.98085 10.1219 10.2611 10.3104 10.3104 10.3104 10.3104 10.3104 9.43899 4.24131 4.20439 3.79876
4.15637 4.15637 4.15637 4.15573 4.15180 4.14741 4.14302 4.13981 4.13966 4.13966 4.13966 4.13966 4.13966 4.13966 4.51557 5.68439 5.91260 6.14102 6.33752 6.36352 6.36737 6.36740 6.36740 6.36740 6.36740 6.36740 6.36740 6.36740 6.36740 6.36740 6.36740 6.36740 6.36740 6.37656 6.64613 7.03446 7.42309 7.79570 7.89385 7.89385 7.89385 7.52090 9.11568 9.65875 9.65875 9.65875 9.65875 9.65875 9.67016 9.78602 9.92709 10.0682 10.2092 10.3071 10.3104 10.3104 10.3104 10.3104 10.3104 10.3104 10.3104 10.3104 10.3104 9.97649 4.24560 4.24920 3.91826
4.15264 4.14825 4.14386 4.14012 4.13966 4.13966 4.13966 4.13966 4.13966 4.14341 4.29506 4.52367 4.75179 4.98039 5.12609 6.13029 6.36291 6.36291 6.36291 6.36291 6.36636 6.36740 6.36740 6.36740 6.36740 6.36740 6.36740 6.36740 6.36740 6.37167 6.61850 7.00698 7.39577 7.77495 7.89385 7.89385 7.89385 7.89385 7.89385 7.89385 7.89385 7.87032 8.10499 9.65875 9.73232 9.87333 10.0144 10.1556 10.2852 10.3104 10.3104 10.3104 10.3104 10.3104 10.3104 10.3104 10.3104 10.3104 10.3104 10.3104 10.3104 10.6474 11.3353 12.0305 4.25793 4.25793 4.08521
4.13966 4.13966 4.13966 4.13966 4.13966 4.16910 4.36965 4.59826 4.82628 5.05123 5.12760 5.12760 5.12760 5.12760 5.12760 5.60665 6.36291 6.36291 6.36291 6.36291 6.36425 6.36740 6.36740 6.36740 6.36740 6.36862 6.59072 6.97951 7.36799 7.75220 7.89385 7.89385 7.89385 7.89385 7.89385 7.89385 7.89385 7.89385 7.89385 7.87308 7.73953 7.58911 7.09835 10.0940 10.3104 10.3104 10.3104 10.3104 10.3104 10.3104 10.3104 10.3104 10.3104 10.3104 10.3104 10.3104 10.3109 10.6833 11.3715 12.0589 12.7465 13.0977 13.0977 13.0977 4.25793 4.25793 4.24332
4.13966 4.21909 4.44424 4.67275 4.90096 5.10003 5.12760 5.12760 5.12760 5.12760 5.12760 5.12760 5.12760 5.12760 5.12760 5.17217 6.27255 6.36291 6.36291 6.36291 6.36293 6.36702 6.56347 6.95172 7.34005 7.72747 7.89385 7.89385 7.89385 7.89385 7.89385 7.89385 7.89385 7.89385 7.89385 7.81952 7.66910 7.51868 7.36832 7.23854 7.22174 7.22174 7.10407 8.82012 10.3104 10.3104 10.3104 10.3104 10.3104 10.3104 10.3104 10.3104 10.3132 10.7193 11.4075 12.0957 12.7819 13.0977 13.0977 13.0977 13.0977 13.0977 13.0977 13.0977 4.25793 4.25793 4.25793
