results/OMI_NO2_200802.asc
ncols      200
nrows      200
xllcorner       120.258
yllcorner       41.1236
cellsize     0.0166667
NODATA_Value      -999.000
[rows 87 to 115 of 200, columns 66 to 131 of 200]
0.825646 0.825803 0.832403 0.845787 0.855430 0.873243 0.869666 0.896242 0.919234 0.959967 1.01615 1.03209 1.03954 1.05407 1.07883 1.11476 1.22334 1.24215 1.21481 1.19165 1.17965 1.17838 1.17838 1.15085 1.08814 1.09423 1.03928 1.00491 1.00856 1.01744 1.09963 1.11127 1.14563 1.11982 0.970872 0.997638 1.01491 1.03459 1.14989 1.17504 1.17929 1.20345 1.44611 1.56913 1.69199 1.77165 1.80613 1.87914 2.04571 2.02491 2.01042 1.96812 2.07340 2.11059 2.06593 1.93387 1.66365 1.58067 1.61623 1.61894 1.45089 1.43977 1.61577 1.74692 1.79429 1.85155
0.896003 0.910265 0.922085 0.926651 0.932299 0.962447 0.948848 0.942336 0.950349 0.991152 1.02019 1.03382 1.04055 1.03483 1.02155 1.03414 1.07068 1.17835 1.17838 1.17838 1.18114 1.18802 1.19494 1.19976 1.11642 1.11067 1.09309 0.991028 0.964694 0.937849 0.979225 0.969431 1.00362 1.01195 0.960637 0.974817 1.02231 1.06669 1.21054 1.35893 1.44665 1.51629 1.70485 1.80008 1.77842 1.75682 1.74748 1.75160 1.99151 2.01931 1.88899 1.75599 1.79242 1.84798 1.77511 1.70722 1.51260 1.59721 1.62299 1.64361 1.59577 1.56729 1.68982 1.78680 1.79282 1.78525
0.930499 0.935094 0.935798 0.935798 0.939444 0.975028 1.00625 1.00764 1.02103 1.03254 1.03983 1.01191 0.997830 0.989664 0.989608 1.01681 1.02099 1.16548 1.19497 1.19863 1.19851 1.19429 1.18047 1.15350 1.06450 1.00433 0.975132 0.894452 0.868431 0.868431 0.909685 0.953655 0.976480 1.04363 1.07229 1.10604 1.26613 1.35758 1.47142 1.67113 1.68922 1.70847 1.73677 1.74748 1.74748 1.74748 1.74748 1.74748 1.83698 1.86462 1.75139 1.52660 1.49703 1.65043 1.65676 1.65676 1.58181 1.54496 1.61219 1.64207 1.64695 1.59401 1.56523 1.62146 1.68657 1.71317
0.936594 0.951298 0.972030 0.994156 1.01321 1.02318 1.04579 0.999018 0.982979 0.976436 1.00500 0.991617 0.986105 0.987809 0.989514 1.01410 1.00219 1.10231 1.14733 1.12230 1.09693 1.07004 1.05430 1.05425 1.02435 0.965686 0.966392 0.946405 0.901820 0.933747 1.00132 1.15699 1.23052 1.40080 1.44330 1.34598 1.44999 1.44677 1.46767 1.74462 1.74748 1.74748 1.74748 1.74593 1.68512 1.60188 1.52724 1.45990 1.45766 1.64525 1.64680 1.52251 1.48944 1.60444 1.65313 1.63255 1.59422 1.44683 1.51420 1.55086 1.60291 1.58664 1.56300 1.58685 1.63725 1.63672
1.00892 1.01500 1.01456 1.01303 1.00806 1.00186 1.01843 0.976949 0.949172 0.950923 0.983792 0.983679 0.978227 0.964406 0.949055 0.944997 0.923999 0.944765 1.04821 1.05513 1.05527 1.05541 1.05556 1.06596 1.08583 1.09601 1.13063 1.15393 1.12054 1.14099 1.14829 1.28775 1.29552 1.35322 1.42323 1.34945 1.40760 1.43824 1.44510 1.67272 1.67029 1.58861 1.51530 1.45016 1.42199 1.40024 1.37897 1.35842 1.33854 1.46202 1.48502 1.39803 1.32177 1.35388 1.41732 1.40439 1.37038 1.33880 1.45134 1.52647 1.60361 1.60626 1.57345 1.57386 1.71016 1.71249
0.992472 0.989581 0.987062 0.985649 0.979158 0.962730 0.959544 0.962779 0.983072 0.966850 0.974353 0.968652 0.941316 0.939875 0.940580 0.943680 0.948384 0.919508 1.01506 1.08012 1.10241 1.12470 1.14700 1.15903 1.15905 1.15905 1.15905 1.15749 1.14511 1.13754 1.13621 1.23239 1.30300 1.31861 1.43746 1.38345 1.29318 1.25574 1.19907 1.23768 1.29078 1.27343 1.25657 1.24031 1.22966 1.22966 1.22994 1.23020 1.23045 1.28265 1.38616 1.36572 1.26009 1.23184 1.30116 1.27047 1.26627 1.28900 1.45723 1.55250 1.62321 1.63930 1.58396 1.55355 1.75117 1.77160
1.01951 0.997660 0.975538 0.949013 0.916760 0.895911 0.879242 0.885992 0.910255 0.923359 0.939959 0.960479 0.949851 0.950547 0.965307 0.986509 1.04087 0.988373 1.08017 1.17466 1.17676 1.17881 1.18069 1.18206 1.17828 1.16870 1.20790 1.20818 1.19680 1.17530 1.17644 1.24929 1.28426 1.29810 1.25933 1.18373 1.10206 1.08385 1.08385 1.12399 1.23101 1.23109 1.23116 1.23122 1.23127 1.23128 1.24169 1.26076 1.25942 1.24036 1.35423 1.33698 1.28235 1.29166 1.28633 1.28850 1.29867 1.30131 1.39428 1.53307 1.58531 1.63411 1.59661 1.55503 1.70132 1.78987
0.899772 0.886471 0.874951 0.866974 0.870488 0.875789 0.881105 0.899149 0.917198 0.945058 0.963167 0.989587 0.998774 1.00929 1.01410 1.01284 1.05007 1.00052 1.02943 1.11399 1.12615 1.10981 1.09419 1.07972 1.07026 1.06513 1.12850 1.17398 1.19219 1.20446 1.22339 1.31840 1.35423 1.35454 1.31357 1.18343 1.12817 1.08437 1.09547 1.12159 1.28022 1.30022 1.31929 1.33842 1.34406 1.35986 1.42931 1.48723 1.56382 1.66854 1.54915 1.41783 1.38167 1.34024 1.32226 1.29606 1.29106 1.28619 1.30620 1.45741 1.52238 1.59973 1.60287 1.57983 1.64087 1.73002
0.879189 0.877162 0.877162 0.877162 0.882700 0.916804 0.960194 0.998207 1.00237 1.05195 1.06439 1.08202 1.06791 1.00342 1.00192 0.995833 1.01232 0.991099 0.969564 1.01747 1.06504 1.06504 1.06504 1.06827 1.08180 1.09685 1.15985 1.25465 1.25619 1.25201 1.24177 1.27422 1.33296 1.32978 1.32246 1.18112 1.17546 1.23494 1.23786 1.23786 1.37569 1.46080 1.52012 1.57541 1.64163 1.70611 1.71751 1.72168 1.72438 1.72254 1.66822 1.41378 1.39087 1.30686 1.29793 1.27152 1.29444 1.30429 1.31191 1.41981 1.44036 1.46316 1.47565 1.46945 1.44557 1.60247
0.935644 0.974602 1.01795 1.06133 1.09917 1.10845 1.10845 1.10813 1.05986 1.06745 1.08641 1.09361 1.09002 0.976250 0.962640 0.957720 0.964345 0.986222 0.938361 0.991068 1.07652 1.09750 1.11254 1.12037 1.11571 1.11022 1.12665 1.22420 1.21793 1.21132 1.19681 1.20311 1.28776 1.29808 1.29808 1.24302 1.24288 1.42047 1.47441 1.53164 1.66151 1.71892 1.71595 1.72790 1.73353 1.68524 1.67877 1.67761 1.67761 1.67761 1.67673 1.45790 1.39190 1.33061 1.31560 1.28875 1.26593 1.26372 1.26372 1.30178 1.40072 1.41697 1.46935 1.43850 1.43970 1.61746
1.11073 1.10928 1.10845 1.10845 1.10845 1.10845 1.10845 1.10845 1.08244 1.06953 1.08121 1.07774 1.07973 0.987371 0.954138 0.961856 0.980816 1.05472 0.997187 1.01144 1.05348 1.08982 1.08532 1.08488 1.08488 1.08488 1.08666 1.20207 1.20779 1.20779 1.20240 1.26937 1.46606 1.61166 1.68197 1.73398 1.53163 1.58649 1.60855 1.61509 1.65329 1.78316 1.74971 1.74971 1.74971 1.68966 1.67761 1.69809 1.74083 1.78603 1.82981 1.58744 1.39363 1.34880 1.29876 1.28193 1.26372 1.26211 1.24935 1.23512 1.33502 1.34527 1.29710 1.28456 1.34308 1.52622
1.11202 1.11046 1.10845 1.10845 1.10845 1.11359 1.14096 1.17214 1.20506 1.17747 1.13127 1.10858 1.14251 1.10810 1.04732 1.05974 1.06398 1.12544 1.07978 1.04452 1.04587 1.10459 1.11144 1.11825 1.12502 1.13180 1.16061 1.35070 1.48817 1.56869 1.63066 1.70447 1.69615 1.78831 1.79140 1.79115 1.68150 1.63068 1.67649 1.67630 1.67754 1.77962 1.75390 1.78238 1.83364 1.83795 1.84241 1.86772 1.87104 1.88911 1.90924 1.79576 1.46749 1.38212 1.28412 1.26328 1.22093 1.20943 1.20967 1.23144 1.29697 1.33761 1.30924 1.30163 1.39405 1.61524
1.11167 1.11085 1.14860 1.18731 1.22574 1.25903 1.27009 1.27567 1.27077 1.22797 1.20110 1.20313 1.22122 1.21526 1.08335 1.08850 1.09144 1.13103 1.16160 1.14935 1.11627 1.17377 1.25356 1.33289 1.41217 1.48598 1.50644 1.55346 1.58764 1.55911 1.55855 1.63216 1.64385 1.77473 1.79055 1.79167 1.77256 1.60936 1.69384 1.74082 1.81086 1.98159 2.10860 2.10899 2.13511 2.13094 2.03809 2.05963 2.06243 2.04159 2.01868 1.94230 1.56555 1.34404 1.24417 1.23663 1.23540 1.26067 1.32074 1.38730 1.44744 1.51109 1.57123 1.56447 1.58653 1.82138
1.17214 1.20171 1.26379 1.27690 1.27127 1.26531 1.25959 1.25416 1.24529 1.22662 1.22397 1.23885 1.24441 1.24999 1.13275 1.10145 1.10638 1.16856 1.30686 1.36170 1.40497 1.51234 1.58298 1.54666 1.51266 1.48560 1.48738 1.53192 1.62538 1.65325 1.68250 1.75046 1.83802 1.94786 2.04770 2.07804 2.10669 2.07206 2.14593 2.12303 2.12303 2.20503 2.33375 2.20310 2.17829 2.15319 1.99797 1.96151 1.95628 1.95570 1.94702 1.95719 1.74718 1.44889 1.39723 1.38996 1.48904 1.60846 1.64407 1.65201 1.65508 1.65508 1.65508 1.61955 1.60732 1.73527
1.26816 1.22895 1.24040 1.26338 1.25377 1.24481 1.23576 1.22811 1.22795 1.22779 1.28268 1.30462 1.37421 1.54061 1.53499 1.48557 1.56407 1.62910 1.79717 1.68744 1.62992 1.58988 1.71764 1.75220 1.78092 1.81053 1.84105 1.86910 1.87772 1.87841 1.87841 1.88165 1.98122 2.00640 2.14330 2.14330 2.14330 2.14330 2.15688 2.12303 2.12303 2.15290 2.32812 2.12441 2.06114 2.04798 1.95485 1.90160 1.97050 2.11544 2.28805 2.44696 2.36734 1.88215 1.61238 1.50924 1.54262 1.65686 1.66772 1.68485 1.70492 1.72554 1.74521 1.72017 1.65633 1.65621
1.20193 1.14355 1.15622 1.21350 1.21364 1.21364 1.21364 1.21364 1.20764 1.19634 1.31886 1.59606 1.77334 1.92738 1.91833 1.71358 1.67275 1.64187 1.80204 1.76991 1.73387 1.70379 1.79938 1.87841 1.87841 1.87841 1.87841 1.87841 1.87841 1.87841 1.87841 1.87841 1.94345 1.97815 2.14127 2.20968 2.25072 2.29365 2.31866 2.04594 2.03210 2.02035 2.18510 2.13875 2.15339 2.35266 2.50535 2.50990 2.59522 2.61202 2.63058 2.67185 2.66083 2.16413 1.71140 1.62213 1.62436 1.78631 1.81293 1.81358 1.83285 1.86345 1.88305 1.75809 1.73343 1.73768
1.27434 1.15819 1.15710 1.21340 1.21768 1.20573 1.19346 1.18088 1.17501 1.17501 1.22616 1.68387 1.68368 1.74902 1.68640 1.63850 1.64024 1.64566 1.78275 1.81801 1.75733 1.71850 1.73894 1.87829 1.87841 1.87841 1.89083 1.91877 1.94783 1.97804 2.00942 2.04216 2.09678 2.23770 2.34550 2.48863 2.48863 2.48863 2.48958 2.14812 2.23127 2.43223 2.87204 3.30081 2.91835 2.91122 2.92065 2.82498 2.87570 2.91856 2.95197 2.95441 2.95441 2.55964 1.86700 1.73971 1.73527 1.86295 1.95882 1.99607 2.00954 2.00954 2.00954 1.89864 1.79349 1.73738
1.29442 1.18328 1.11667 1.13771 1.17501 1.17501 1.17501 1.15687 1.11645 1.07999 1.04788 1.32132 1.45065 1.56618 1.59955 1.60834 1.64638 1.64638 1.73875 1.86776 1.79321 1.79450 1.80690 1.98324 2.06710 2.10228 2.12200 2.12203 2.12203 2.12203 2.12203 2.12203 2.12203 2.22538 2.29942 2.64101 2.82047 3.09614 3.40689 3.23448 2.97688 3.01918 3.21749 3.49542 3.13777 2.95441 2.95441 2.95441 2.95441 2.95441 2.93485 2.87932 2.82757 2.76626 2.35142 1.92274 1.84957 1.89281 2.00954 2.00954 2.00971 2.01466 2.02179 1.99576 1.86855 2.01043
1.24728 1.21095 1.09270 1.08740 1.11000 1.07451 1.04232 1.02481 1.02437 1.02104 1.01699 1.13303 1.44487 1.54771 1.65033 1.66634 1.72530 1.75308 1.82615 2.03850 1.93108 1.91547 1.92304 1.99670 2.13326 2.14522 2.15755 2.17000 2.18295 2.20133 2.25205 2.30946 2.36792 2.57274 3.04172 3.99960 4.47805 4.56334 4.68558 4.40873 3.52332 3.54535 3.54536 3.54536 3.37716 2.95441 2.92544 2.86975 2.81880 2.77205 2.74263 2.74185 2.73901 2.70674 2.55331 1.99299 1.95286 1.95441 2.14169 2.18107 2.21133 2.23696 2.22476 2.18841 2.02940 2.06787
1.18928 1.17582 1.06249 1.03448 1.01963 1.02917 1.02854 1.02789 1.02756 1.03030 1.03596 1.08308 1.48820 1.60300 1.67682 1.65823 1.67691 1.70108 1.70540 1.91106 1.97013 2.05386 2.06460 2.08310 2.31417 2.36030 2.40736 2.45444 2.50145 2.54143 2.54583 2.54431 2.54323 2.55900 3.04118 4.02468 4.79301 4.83676 4.84026 4.80241 3.64749 3.54387 3.43134 3.26340 3.11724 2.65563 2.54643 2.50656 2.46774 2.43019 2.39356 2.36236 2.33793 2.33533 2.33816 2.13001 2.11583 2.03099 2.12605 2.12015 2.05472 2.00665 2.03327 2.11269 2.21302 2.27157
1.18547 1.18876 1.13488 1.06532 1.02648 1.00424 1.00427 1.02429 1.04748 1.07056 1.09502 1.11266 1.33651 1.54430 1.63627 1.60609 1.61014 1.65229 1.65321 1.81751 1.91863 2.11158 2.14465 2.17771 2.36290 2.50428 2.49543 2.48654 2.47778 2.47008 2.47905 2.50468 2.52907 2.55116 2.81670 3.33139 3.97200 3.89547 3.78985 3.68968 2.89591 2.54536 2.51212 2.51210 2.51210 2.37423 2.24124 2.24939 2.25754 2.26570 2.27387 2.27764 2.27764 2.27628 2.25679 2.07931 1.92738 1.83817 1.93246 2.18503 2.29377 2.39170 2.44542 2.47261 2.49726 2.37993
1.16684 1.17344 1.17929 1.11039 1.15004 1.16238 1.21757 1.25470 1.28953 1.32531 1.35870 1.37739 1.40970 1.73022 1.69577 1.58967 1.60397 1.66857 1.71455 1.82444 1.90584 2.11146 2.11837 2.11714 2.15806 2.37906 2.38614 2.41567 2.44690 2.47809 2.49296 2.49114 2.49058 2.49058 2.56821 3.01901 3.28630 3.46438 3.46438 3.46438 3.07210 2.49086 2.41293 2.33672 2.26544 2.20295 2.26601 2.26270 2.25591 2.24914 2.23675 2.17482 2.10972 2.05135 2.01113 2.01351 2.11134 2.09536 2.12762 2.46294 2.47269 2.46785 2.45763 2.43825 2.42035 2.36896
1.61611 1.67349 1.72908 1.67196 1.63420 1.61500 1.58029 1.58029 1.58029 1.58029 1.58029 1.58165 1.58555 1.84623 1.96769 1.88042 1.84679 1.86374 1.89971 1.89866 1.89761 2.04975 2.11455 2.13464 2.16066 2.39679 2.48888 2.49058 2.49058 2.49058 2.49058 2.49058 2.49058 2.49058 2.49058 2.85538 3.04960 3.28697 3.07399 2.88526 2.63606 2.16067 2.12780 2.12101 2.11425 2.10914 2.18207 2.17969 2.12143 2.06718 2.02090 2.01869 2.05765 2.10685 2.15277 2.18635 2.24849 2.18693 2.07652 2.27907 2.34507 2.33007 2.28970 2.24381 2.19933 2.19728
1.76005 1.76048 1.76048 1.73069 1.63997 1.65849 1.58047 1.58339 1.58735 1.59132 1.59528 1.59789 1.59795 1.69361 2.05523 1.89906 1.88022 1.91388 1.90310 1.90376 1.92606 2.04630 2.20229 2.20822 2.20822 2.30644 2.49058 2.49058 2.49058 2.48824 2.45541 2.41283 2.31363 2.20003 2.09899 2.14185 2.22772 2.43341 2.45829 2.45829 2.43112 2.18591 2.11127 2.08621 2.03088 1.97887 1.94016 1.97225 1.97597 2.04722 2.10961 2.14571 2.14872 2.14154 2.13732 2.13729 2.19742 2.17684 1.99794 2.06439 2.18943 2.13598 2.11224 2.10132 2.09056 2.08635
1.76461 1.76048 1.76176 1.76600 1.66843 1.67289 1.63726 1.59795 1.59795 1.59795 1.60272 1.62552 1.65118 1.67814 2.13606 2.07809 2.12033 2.11628 2.03567 1.97638 1.97638 2.01656 2.20822 2.19873 2.13572 2.11876 2.29997 2.24295 2.13904 2.04707 1.98003 1.92355 1.90644 1.90644 1.90644 1.91821 2.20038 2.26749 2.43281 2.37090 2.26111 1.99633 1.82818 1.78115 1.75558 1.73943 1.73714 1.87335 1.93864 1.99088 2.06246 2.05131 2.02081 1.97654 1.90514 1.83399 1.88346 1.86482 1.75366 1.73750 1.96363 1.96428 1.96428 1.96428 1.95858 1.94587
1.81729 1.77721 1.78050 1.78066 1.72515 1.66780 1.74555 1.65912 1.68650 1.71524 1.73943 1.74150 1.74169 1.74198 1.95819 2.14394 2.12113 2.15749 2.11742 1.97638 1.97638 1.97780 2.18320 2.17918 1.98128 1.95253 1.93536 1.90647 1.90536 1.89169 1.86612 1.83195 1.77367 1.78119 1.80386 1.82945 1.92894 1.84327 1.84421 1.80007 1.78785 1.70152 1.60810 1.60953 1.62253 1.64320 1.63581 1.66596 1.77658 1.76017 1.81254 1.75556 1.71343 1.68365 1.68079 1.68079 1.73400 1.87809 1.77229 1.69869 1.89087 1.93410 1.92139 1.90865 1.90165 1.89921
1.90266 1.83684 1.87413 1.91368 1.94472 1.81957 1.89677 1.77642 1.74158 1.74185 1.74214 1.74242 1.74250 1.74436 1.78974 2.26902 2.21487 2.23595 2.22314 2.05257 2.01753 2.01384 1.96548 1.89295 1.77550 1.71043 1.68628 1.65410 1.65717 1.70061 1.75136 1.80216 1.78335 1.82054 1.84878 1.87351 1.88408 1.83622 1.76357 1.78058 1.78873 1.71753 1.58912 1.55901 1.54258 1.53260 1.49016 1.47217 1.57709 1.60062 1.72158 1.77024 1.79466 1.81943 1.84080 1.85422 1.88335 2.00386 1.84331 1.74646 1.87414 2.02006 2.02393 2.02751 2.03534 2.07580
2.19927 1.99377 2.01206 2.03090 2.05023 1.94585 1.92798 1.99136 1.84284 1.85896 1.89800 1.94930 2.00679 2.05955 2.05610 2.40071 2.38388 2.31588 2.23321 2.11184 1.99388 1.97772 1.87228 1.74817 1.76301 1.74487 1.79812 1.84025 1.88022 1.90871 1.93717 1.96517 1.91099 1.88276 1.89509 1.91029 1.92868 1.93697 1.81889 1.74873 1.74370 1.75883 1.82588 1.74402 1.69804 1.72232 1.74916 1.75966 1.84692 1.96487 2.02215 2.07746 2.06474 2.05201 2.04333 2.04307 2.04307 2.17004 2.09812 1.96628 1.99596 2.23223 2.26832 2.27972 2.28353 2.25712
2.26825 2.26842 2.26882 2.26922 2.26959 2.21110 2.04072 2.26005 1.96398 1.89853 1.83246 1.76143 1.69354 1.63592 1.62905 1.78210 2.20835 2.20924 2.16619 2.18245 2.08641 2.15216 2.18469 2.01383 2.02028 1.92259 1.94587 1.96844 1.97783 1.98006 1.99564 2.01399 1.99916 1.94984 1.95606 1.95943 1.95936 1.96615 1.96896 1.81578 1.79691 1.79383 1.93662 1.85977 1.75489 1.77013 1.78602 1.78758 1.79304 1.88640 1.94457 2.06247 2.07037 2.07809 2.08067 2.05387 2.01227 2.02701 2.12555 2.21340 2.08589 2.23262 2.23596 2.23274 2.23546 2.25424
