results/OMI_NO2_200806.asc
ncols      200
nrows      200
xllcorner       120.258
yllcorner       41.1236
cellsize     0.0166667
NODATA_Value      -999.000
[rows 29 to 57 of 164, columns 67 to 133 of 200]
2.04484 2.04484 2.04484 2.01217 1.77301 1.82121 1.84283 1.84283 1.84283 1.84283 1.84283 1.84283 1.84283 1.82870 1.75009 1.74850 1.74850 1.74850 1.74850 1.74848 1.74489 2.12818 2.19317 2.19243 2.19652 2.41660 2.47519 2.56085 2.68420 2.78030 2.81829 2.83834 2.85513 2.87092 2.88805 2.89513 2.89513 2.89513 2.89513 2.89513 2.89513 2.89513 2.89513 2.89513 2.89513 2.87182 2.85386 3.07255 3.58631 3.63727 3.65724 3.92074 4.04960 4.04960 4.04584 4.02917 4.01144 4.06811 4.21448 4.17453 4.11963 4.06473 4.00988 3.95498 3.92922 3.83965 3.68798
2.04484 2.04484 2.04484 2.04484 1.93852 1.84283 1.84283 1.84283 1.84283 1.84283 1.84283 1.84283 1.84283 1.84283 1.78035 1.74802 1.74729 1.74655 1.74581 1.74509 1.74488 2.01575 2.20009 2.27273 2.35846 2.57389 2.74439 2.74481 2.77225 2.86601 2.90672 2.90672 2.90158 2.89513 2.89513 2.89513 2.89513 2.89513 2.89513 2.89513 2.89513 2.89513 2.89513 2.89513 2.89513 2.88936 2.85030 2.96864 3.34088 3.63727 3.63965 3.74906 4.01722 3.99410 3.94020 3.89335 3.84760 3.81933 3.94393 3.92922 3.92922 3.92922 3.92922 3.92922 3.92922 3.88895 3.56736
2.04484 2.04484 2.04484 2.04484 2.02213 1.84745 1.84283 1.84283 1.84283 1.84283 1.84234 1.84142 1.84049 1.83957 1.82339 1.74614 1.74488 1.74488 1.74488 1.78725 1.87301 2.12267 2.48267 2.49579 2.49579 2.52734 2.74258 2.74537 2.75172 2.82308 2.90524 2.90497 2.90285 2.89317 2.89293 2.89270 2.89247 2.89224 2.89200 2.89177 2.89154 2.89131 2.89108 2.89084 2.89061 2.89038 2.85742 2.91763 3.22717 3.51959 3.46772 3.44180 3.70565 3.75112 3.74528 3.74528 3.74528 3.74528 3.89697 3.92922 3.92502 3.85665 3.75749 3.64850 3.52810 3.42677 3.17864
2.04236 2.04131 2.04026 2.03920 2.03815 1.89248 1.83492 1.83322 1.83149 1.82978 1.82856 1.82777 1.82698 1.82619 1.82540 1.77571 1.82265 1.90778 1.99285 2.03562 2.03499 2.09199 2.48654 2.48727 2.48799 2.48972 2.67289 2.74757 2.75176 2.77583 2.91017 2.91918 2.92265 2.91328 2.91478 2.91776 2.92074 2.92372 2.92670 2.92968 2.93266 2.93565 2.93442 2.96681 3.13389 3.31380 3.31695 2.88939 3.17998 3.33007 3.41156 3.35614 3.41661 3.68765 3.68611 3.68454 3.65160 3.56490 3.55039 3.49302 3.36609 3.32716 3.32413 3.32111 3.31808 3.31505 3.20655
2.01902 1.97730 1.93263 1.88792 1.84323 1.83224 1.85209 1.85622 1.86038 1.86452 1.86871 1.87286 1.87699 1.88113 1.88529 1.92506 2.09140 2.09673 2.10089 2.10530 2.10966 2.11524 2.56643 2.61772 2.62190 2.62520 2.70389 2.87449 2.87449 2.87653 2.97123 3.01103 3.01103 2.99368 2.98453 2.98453 2.98092 2.95851 2.98419 3.08293 3.22538 3.40940 3.60052 3.75984 3.78059 3.78815 3.77553 2.95218 3.07594 3.34155 3.50021 3.48144 3.40300 3.62825 3.51100 3.39341 3.31411 3.31579 3.31379 3.31076 3.30855 3.30844 3.30844 3.30844 3.30844 3.30844 3.26723
1.92867 1.92577 1.92577 1.92577 1.92577 1.92604 1.92808 1.92762 1.92762 1.92762 1.92762 1.92762 1.92762 1.92793 1.92918 1.93049 2.06507 2.12487 2.12506 2.12506 2.12506 2.12507 2.46102 2.62547 2.62547 2.62547 2.62950 2.84877 2.87449 2.87449 2.91318 2.98186 2.95279 2.98826 3.09522 3.20840 3.34221 3.56847 3.75046 3.84487 3.88987 3.88987 3.88987 3.88987 3.88987 3.89074 3.89934 3.38777 3.07854 3.54596 3.70127 3.81754 3.71110 3.52688 3.30844 3.30844 3.30844 3.30844 3.30844 3.30844 3.30844 3.30844 3.30844 3.30844 3.30814 3.27095 3.20830
1.92577 1.92577 1.92577 1.92577 1.92577 1.92577 1.92660 1.92762 1.92762 1.92826 1.92958 1.93089 1.93220 1.93320 1.93326 1.93326 1.97063 2.12376 2.12506 2.12506 2.12506 2.12506 2.34111 2.62547 2.62547 2.62547 2.62547 2.75282 2.96652 3.13807 3.21129 3.33941 3.48618 3.61777 3.71045 3.80314 3.88105 3.88987 3.89117 3.90027 3.91067 3.92104 3.93381 3.98128 4.03688 4.08779 4.12872 4.02224 3.28505 3.57950 3.69102 3.82738 3.73421 3.67095 3.31784 3.30844 3.30844 3.30844 3.30844 3.30844 3.30844 3.29036 3.22939 3.16674 3.10435 3.07871 3.07871
1.92577 1.92577 1.92577 1.92577 1.92577 1.92577 1.92534 1.93036 1.93259 1.93326 1.93326 1.93326 1.93326 1.93326 1.93326 1.93326 1.93326 2.06962 2.12506 2.12506 2.12506 2.12506 2.22126 2.63344 2.65113 2.66885 2.68656 2.82250 3.73225 3.76700 3.84522 3.74220 3.86476 3.91159 3.92198 3.93236 3.94275 3.95313 3.97612 4.02282 4.06650 4.10723 4.14367 4.15248 4.15248 4.15248 4.15248 4.15248 3.49842 3.43219 3.67601 3.76744 3.76467 3.70403 3.46209 3.30844 3.30844 3.30288 3.25062 3.18783 3.12519 3.08053 3.10496 3.16628 3.22780 3.28925 3.35077
1.92577 1.92577 1.92577 1.92577 1.92577 1.92577 1.92577 1.92842 1.93326 1.93326 1.93326 1.93326 1.93326 1.93326 1.93326 1.93326 1.93326 1.97414 2.13064 2.14902 2.16674 2.18445 2.20910 2.68169 2.71235 2.71483 2.79144 2.90262 3.74535 4.13101 4.13732 3.93422 3.96350 3.96446 3.99723 4.04262 4.08500 4.12455 4.15136 4.15248 4.15248 4.15248 4.15248 4.15248 4.15248 4.15248 4.15248 4.15248 3.84169 3.30816 3.66561 3.69543 3.78992 3.70385 3.59243 3.20901 3.14708 3.12990 3.18091 3.24242 3.30388 3.36539 3.40063 3.40079 3.40079 3.40079 3.40079
1.92577 1.92577 1.92577 1.92577 1.92577 1.92577 1.92577 1.92397 1.93292 1.93326 1.93326 1.93326 1.93326 1.93956 1.96107 1.98322 2.00535 2.02751 2.16553 2.21194 2.21194 2.21194 2.24416 2.70885 2.96375 3.07241 3.10702 3.10702 3.42641 4.13807 4.14238 4.00824 4.07363 4.14063 4.15456 4.15871 4.16285 4.16700 4.17113 4.17528 4.17941 4.18356 4.18770 4.19185 4.19598 4.20016 4.20428 4.20844 4.18437 3.40692 3.63197 3.84884 3.89597 3.65019 3.66247 3.40260 3.37918 3.40079 3.40079 3.40079 3.40079 3.40079 3.40079 3.40079 3.40079 3.40079 3.40079
1.92577 1.92577 1.92577 1.92577 1.92577 1.92639 1.93101 1.93649 1.94615 1.97660 2.00447 2.03288 2.06198 2.08475 2.09142 2.09747 2.10370 2.11009 2.15726 2.39420 2.52884 2.66412 2.76493 3.01559 3.24239 3.24995 3.26048 3.27107 3.29720 4.21351 4.32806 4.32791 4.13674 4.28646 4.28903 4.29074 4.29249 4.29423 4.29596 4.29770 4.29944 4.30118 4.30292 4.30465 4.30640 4.30951 4.35546 4.41702 4.49291 4.22075 4.20210 4.33209 4.30136 3.81877 3.73499 3.59730 3.34305 3.34107 3.33899 3.33698 3.33499 3.33295 3.33092 3.32858 3.30640 3.27250 3.23882
2.08023 2.09028 2.10063 2.11510 2.16280 2.21868 2.25807 2.29212 2.26798 2.19192 2.18444 2.17697 2.16939 2.16193 2.15446 2.14700 2.13948 2.13196 2.12447 2.63864 2.79864 2.79682 2.79719 2.98452 3.37037 3.37582 3.37832 3.38075 3.38318 3.91107 4.41835 4.42078 4.17807 4.34001 4.34495 4.34498 4.34498 4.34498 4.34498 4.34573 4.39567 4.46540 4.48145 4.51207 4.59090 4.67405 4.70454 4.71667 4.71667 4.65097 4.34417 4.36968 4.37025 3.97816 3.70894 3.76975 3.36857 3.28005 3.24833 3.21655 3.18476 3.15296 3.12708 3.09003 3.07825 3.07825 3.07825
1.97151 2.00571 2.03973 2.07013 2.06706 2.05608 2.05254 2.05254 2.04960 2.02024 2.02170 2.02170 2.02170 2.02170 2.02170 2.02170 2.02254 2.02934 2.03731 2.23495 2.75580 2.75840 2.75840 2.82888 3.38612 3.39709 3.39709 3.39709 3.39709 3.52083 4.41699 4.42740 4.32477 4.21585 4.39155 4.47395 4.54504 4.56190 4.57444 4.59048 4.59816 4.60016 4.66472 4.71479 4.71632 4.71607 4.71582 4.71557 4.71533 4.71397 4.45144 4.45011 4.51687 4.43435 4.12050 4.14191 3.71245 3.33280 3.34754 3.36193 3.37599 3.38989 3.39957 3.13572 3.07825 3.07825 3.07825
2.05254 2.05254 2.05254 2.05254 2.05254 2.05254 2.05254 2.05254 2.05254 2.02734 2.02170 2.02170 2.02399 2.03173 2.03970 2.04767 2.05481 2.05599 2.05599 2.05599 2.60508 2.75840 2.75840 2.76381 3.30865 3.39709 3.39709 3.39709 3.39709 3.39709 4.12861 4.40322 4.30688 4.31200 4.61861 4.53436 4.49452 4.56032 4.63703 4.69865 4.71291 4.71272 4.71123 4.70832 4.70553 4.70277 4.74468 4.82646 4.90848 4.99131 4.93735 4.71393 4.65777 4.61232 4.22670 4.15372 4.05801 3.40465 3.39996 3.39996 3.39996 3.39996 3.39996 3.22564 3.06295 2.95874 2.84002
2.05254 2.05254 2.05254 2.05254 2.05254 2.05254 2.05254 2.05254 2.05254 2.04194 2.03843 2.05007 2.05575 2.05599 2.05599 2.05599 2.05599 2.05599 2.05599 2.05599 2.26508 2.75840 2.75840 2.75840 3.17300 3.39709 3.38673 3.33697 3.28343 3.22984 3.43191 3.92106 3.92386 4.00190 4.51949 4.66968 4.71098 4.70830 4.70355 4.69964 4.69685 4.70354 4.77501 4.85974 4.94440 5.02906 5.06913 5.06913 5.06913 5.06913 5.05442 4.75899 4.65999 4.65174 4.36819 4.15372 4.15372 3.63646 3.39996 3.39996 3.39863 3.33658 3.24149 3.03375 2.65811 2.64828 2.67285
2.05254 2.05254 2.05254 2.05254 2.05254 2.05254 2.05254 2.05254 2.05254 2.05254 2.04237 2.05599 2.05599 2.05599 2.05599 2.05599 2.05599 2.05599 2.05599 2.05599 2.05599 2.61056 2.68938 2.62243 2.82691 3.18119 3.13799 3.13415 3.12621 3.14792 3.22233 3.90825 4.01383 3.98884 4.36372 4.69350 4.69350 4.73532 4.82748 4.89752 4.98221 5.05746 5.06913 5.06913 5.06913 5.06913 5.06913 5.06913 5.06913 5.06913 5.06913 4.87656 4.68465 4.65777 4.48286 4.21307 4.15372 3.92328 3.27369 3.17888 3.09209 3.08273 3.11627 3.12287 2.84617 2.88800 2.91163
2.05254 2.05254 2.05254 2.05254 2.05254 2.05254 2.05254 2.05254 2.05254 2.05254 2.03786 2.05524 2.05599 2.05599 2.05599 2.05599 2.04736 1.97216 1.88289 1.79362 1.70439 1.90131 2.43389 2.43685 2.52590 3.07041 3.12782 3.18569 3.24872 3.28696 3.28701 3.62073 3.93924 3.94702 4.10791 4.92740 5.07556 5.13255 5.13003 5.07065 5.06913 5.06913 5.06913 5.06959 5.07038 5.07118 5.07198 5.07279 5.07361 5.07444 5.07527 5.00748 4.70743 4.63818 4.43873 4.15103 3.93135 3.88233 3.27208 3.19612 3.21789 3.22545 3.22627 3.22627 2.99140 2.93417 2.93417
2.05254 2.05254 2.05254 2.05254 2.05254 2.05254 2.05254 2.05254 2.05254 2.05254 2.05023 2.03672 1.98040 1.89108 1.80177 1.71246 1.65230 1.73783 1.76955 1.79884 1.82594 1.84370 2.37644 2.58276 2.67782 3.11102 3.14161 3.13186 3.12394 3.12454 3.12612 3.21685 3.85751 3.86132 3.90378 4.72266 5.17046 5.17212 5.17379 5.11299 5.09646 5.09750 5.09856 5.10125 5.10921 5.11744 5.12564 5.13382 5.14208 5.16682 5.13525 5.03286 4.82861 4.44132 4.25299 4.10229 3.98137 3.95522 3.67544 3.30158 3.30531 3.30923 3.31293 3.31666 3.17547 3.05182 3.05625
2.05254 2.05254 2.05254 2.05254 2.05254 2.05254 2.05188 1.97574 1.84934 1.72288 1.59617 1.49198 1.61776 1.62032 1.63236 1.64512 1.66463 1.87217 1.89294 1.90256 1.91207 1.92164 2.23641 2.83167 2.84434 3.07004 3.15402 3.17634 3.19647 3.20741 3.21725 3.22709 3.79542 4.02893 4.03880 4.45642 5.43282 5.44750 5.45738 5.39803 5.34535 5.35355 5.36178 5.38209 5.43172 5.42978 5.39495 5.29348 5.18746 5.07154 5.00552 5.00552 5.04702 4.81782 4.44059 4.19130 4.13946 4.03735 3.96369 3.40431 3.37202 3.32621 3.28002 3.23393 3.10301 2.83256 2.77713
2.31134 2.33042 2.30356 2.19762 2.09025 1.98287 1.87621 1.84466 1.86380 1.88308 1.90221 1.90183 1.92619 1.95349 1.95427 1.95427 1.95427 2.04993 2.09613 2.09644 2.10702 2.12261 2.14086 2.86423 3.00955 3.19084 3.34283 3.34283 3.34283 3.34283 3.34283 3.34283 3.58842 4.12498 4.12498 4.26586 5.20539 5.51825 5.57518 5.58941 5.47249 5.45048 5.42911 5.34582 5.19569 5.08987 5.01496 5.00552 5.00552 5.00152 4.99350 4.98540 4.98285 4.96210 4.30464 3.93789 3.77818 3.53101 3.41844 3.13816 2.94127 2.93160 2.92221 2.91285 2.91161 3.17881 3.20198
2.16543 2.03877 1.95820 1.95682 1.95682 1.95682 1.95682 1.95682 1.95682 1.95682 1.95682 1.95682 1.91694 1.95427 1.95427 1.95687 1.97507 2.03802 2.14292 2.15820 2.16322 2.16322 2.16322 2.47743 3.00962 3.11143 3.34283 3.34283 3.34283 3.34283 3.34283 3.34283 3.35585 4.04614 4.11743 4.15680 4.97716 5.58772 5.51232 5.41543 5.14261 5.03552 4.94046 4.89610 4.88809 4.87777 4.84052 4.79541 4.75046 4.68747 4.58113 4.47324 4.36633 4.34567 3.88400 3.53276 3.43013 3.37155 3.27672 3.19955 2.86966 2.86966 2.86966 2.86966 2.86966 3.17401 3.24431
1.95682 1.95682 1.95682 1.95682 1.95682 1.95682 1.95682 1.95682 1.95682 1.95682 1.95682 1.95682 1.91892 1.98913 2.02293 2.04113 2.04372 2.04549 2.15435 2.16322 2.16322 2.16322 2.16322 2.16998 2.88922 3.03394 3.34096 3.34283 3.34283 3.34603 3.38915 3.44416 3.49913 3.66446 3.66673 3.64781 4.31386 5.12938 5.14112 5.02304 4.83084 4.74182 4.70482 4.66782 4.62903 4.54457 4.46585 4.39497 4.32410 4.27515 4.27354 4.27354 4.27354 4.29795 4.11799 3.59564 3.43013 3.42681 3.29456 3.27672 2.96220 2.86966 2.86966 2.86966 2.86099 3.05128 3.19769
1.95682 1.95682 1.95682 1.95682 1.95682 1.95682 1.95682 1.95682 1.95682 1.95682 1.95682 1.95682 1.95346 1.97047 2.04372 2.04372 2.04372 2.04372 2.11980 2.16322 2.16322 2.16322 2.16322 2.16322 2.50415 3.05033 3.38160 3.49353 3.54846 3.60028 3.61213 3.61317 3.58874 3.48728 3.40999 3.30247 3.61191 4.29965 4.75717 4.75120 4.65608 4.50563 4.43471 4.36382 4.29473 4.27354 4.27354 4.27354 4.27354 4.27354 4.27354 4.27354 4.27354 4.27389 4.30358 3.69880 3.43013 3.43013 3.36431 3.27672 3.13210 2.84842 2.82943 2.81114 2.80699 2.91852 3.18134
1.95682 1.95682 1.95682 1.95682 1.95682 1.95682 1.95682 1.95682 1.95682 1.95682 1.95682 1.95682 1.95682 1.91885 2.04045 2.04372 2.04372 2.04372 2.07650 2.16389 2.20712 2.27589 2.34459 2.41330 2.49158 3.19276 3.49757 3.64619 3.65276 3.57213 3.46200 3.35090 3.26519 3.26141 3.28879 3.29930 3.36460 3.90479 4.51584 4.45293 4.36587 4.27354 4.27354 4.27354 4.27354 4.27354 4.27354 4.27354 4.27354 4.27354 4.27354 4.27354 4.27354 4.27354 4.31411 3.93367 3.44901 3.41739 3.39493 3.24642 3.20549 2.80281 2.75140 2.73484 2.71079 2.72824 3.14482
1.95682 1.95682 1.95682 1.95682 1.95682 1.95682 1.95682 1.95682 1.95682 1.95682 1.95682 1.95682 1.95682 1.93986 1.98883 2.09295 2.18456 2.27621 2.36802 2.49350 2.54035 2.55567 2.57101 2.58632 2.60106 2.91131 3.31423 3.40753 3.29089 3.26141 3.26141 3.26176 3.26646 3.27237 3.29061 3.32207 3.32476 3.72371 4.17945 4.38396 4.38336 4.28174 4.27354 4.27354 4.27354 4.27354 4.27354 4.27354 4.27354 4.27354 4.27354 4.27354 4.26904 4.19102 4.06727 3.94350 3.45525 3.35471 3.35248 3.26439 3.17041 2.90878 2.65261 2.64849 2.64436 2.64040 2.99460
1.95682 1.95682 1.95682 1.95682 1.95682 1.95682 1.95682 1.95682 1.95682 1.95682 1.96899 2.00518 2.04202 2.07887 2.36726 2.49255 2.49255 2.49255 2.49255 2.55982 2.60505 2.60753 2.61159 2.61566 2.61971 2.63104 2.95157 3.25005 3.25406 3.25841 3.26275 3.26671 3.26638 3.26480 3.26399 3.29607 3.29798 3.50029 3.93319 4.35731 4.35642 4.28156 4.24770 4.24658 4.24546 4.24434 4.23985 4.18043 4.08478 3.96203 3.81938 3.66356 3.50627 3.44244 3.44139 3.63587 3.45331 3.23154 3.23154 3.22053 3.06676 2.98961 2.52835 2.52519 2.53244 2.54201 2.79591
2.00511 2.01330 2.02143 2.02953 2.03766 2.05166 2.09317 2.13811 2.18310 2.22808 2.26093 2.26976 2.27787 2.28600 2.42205 2.61872 2.61163 2.61705 2.62248 2.64574 2.71065 2.71226 2.71226 2.71577 2.72316 2.73054 2.87475 3.21096 3.23559 3.23559 3.23559 3.23559 3.23559 3.23559 3.23559 3.25570 3.27347 3.28960 3.78839 4.21680 4.33818 4.23205 4.09778 3.99562 3.87022 3.73740 3.59479 3.50945 3.46620 3.44627 3.44139 3.44139 3.44139 3.44139 3.44131 3.53294 3.54191 3.20603 3.18980 3.17366 3.06417 2.97003 2.64309 2.48854 2.47875 2.46665 2.49689
2.17303 2.20119 2.23803 2.27486 2.31170 2.34273 2.34625 2.34625 2.34625 2.34625 2.34625 2.34625 2.34625 2.34625 2.35480 2.65808 2.63549 2.63549 2.63589 2.64323 2.71600 2.73283 2.74021 2.74409 2.74409 2.74409 2.75432 3.14178 3.23559 3.23559 3.23559 3.23559 3.23559 3.23559 3.23559 3.24085 3.27327 3.27335 3.32792 3.40776 3.64644 3.56430 3.46583 3.41883 3.38786 3.35692 3.33383 3.32354 3.31346 3.29922 3.27645 3.25351 3.22864 3.19326 3.15629 3.13009 3.40695 3.04495 3.03587 3.03587 3.01940 2.86704 2.72915 2.36476 2.36476 2.36476 2.35800
2.33755 2.34625 2.34625 2.34625 2.34625 2.34625 2.34625 2.34625 2.34625 2.34625 2.34625 2.34625 2.34625 2.34625 2.34625 2.54813 2.65992 2.66596 2.67542 2.67793 2.71487 2.74409 2.74409 2.74409 2.74409 2.74409 2.74409 2.97821 3.23559 3.23559 3.23559 3.23559 3.23556 3.20827 3.15740 3.10644 3.09048 3.05658 2.96722 2.86824 3.39436 3.43446 3.26359 3.23069 3.21786 3.20503 3.19219 3.17936 3.15988 3.13726 3.12298 3.10894 3.09688 3.09536 3.09536 3.09536 3.27982 3.12654 3.03587 3.03587 3.03587 2.93307 2.85691 2.43649 2.36476 2.36476 2.36476
