results/OMI_NO2_201005.asc
ncols      200
nrows      200
xllcorner       120.258
yllcorner       41.1236
cellsize     0.0166667
NODATA_Value      -999.000
[rows 0 to 28 of 166, columns 0 to 66 of 200]
0.00000 0.00000 0.626613 0.626613 0.626613 0.626613 0.626613 0.632168 0.929769 1.11810 1.25022 1.31434 1.31554 1.44025 1.46576 1.46576 1.46576 1.46576 1.46576 1.46576 1.46576 1.46576 1.46576 1.46576 1.46576 1.46576 1.46576 1.46576 1.46576 1.46576 1.46576 1.46576 1.53638 1.83180 2.04160 2.34577 3.04847 3.13003 3.16165 3.15751 3.33780 3.16192 3.02089 2.97235 2.97235 2.97235 2.97235 2.97235 2.97235 2.97235 2.97235 2.97235 2.97235 2.97235 2.97235 2.97235 2.97235 3.27568 4.07675 0.00000 0.00000 0.00000 0.00000 0.00000 3.51965 3.51965 3.05402
0.626613 0.626613 0.626613 0.626613 0.626613 0.626613 0.626613 0.626613 1.21839 1.31513 1.31513 1.31513 1.31513 1.37635 1.46576 1.46576 1.46576 1.46576 1.46576 1.46576 1.46576 1.46576 1.46576 1.46576 1.46576 1.46576 1.46576 1.46576 1.46576 1.46576 1.46576 1.46576 1.59730 2.36898 2.46516 2.55304 2.92892 2.89729 2.85242 2.85183 2.91947 2.97235 2.97235 2.97235 2.97235 2.97235 2.97235 2.97235 2.97235 2.97235 2.97235 2.97235 2.97235 2.97235 2.97235 2.97235 2.97235 3.01460 3.93349 0.00000 3.51965 3.51965 3.26464 2.83328 2.66649 2.50490 2.40776
0.626613 0.626613 0.626613 0.626613 0.626613 0.626613 0.626613 0.626613 0.916973 1.31513 1.31513 1.31513 1.31513 1.32160 1.45602 1.46576 1.46576 1.46576 1.46576 1.46576 1.46576 1.46576 1.46576 1.46576 1.46576 1.46576 1.46576 1.46576 1.46619 1.53052 1.65988 1.78955 1.91662 2.48266 2.68218 2.68218 2.75286 2.85183 2.85183 2.85183 2.86762 2.97172 2.97235 2.97235 2.97235 2.97235 2.97235 2.97235 2.97235 2.97235 2.97235 2.97235 2.97235 2.97235 2.97235 2.97235 2.97132 2.96749 3.37361 2.97783 2.74506 2.54309 2.41466 2.40682 2.40682 2.38775 2.28464
0.626613 0.626613 0.626613 0.626613 0.626613 0.626613 0.626613 0.626613 0.627439 1.23003 1.31513 1.31513 1.31513 1.31513 1.39808 1.46576 1.46576 1.46576 1.46576 1.46576 1.46576 1.46576 1.46576 1.46576 1.47841 1.53783 1.66042 1.79007 1.91931 1.98463 1.98490 1.98490 1.98490 2.16000 2.68116 2.68218 2.69091 2.84289 2.85183 2.85183 2.85183 2.92585 2.97235 2.97235 2.97235 2.97235 2.97235 2.97235 2.97235 2.97235 2.97235 2.97235 2.97074 2.96678 2.95607 2.80906 2.64425 2.51326 2.45922 2.50149 2.39313 2.29347 2.19543 2.11283 2.04213 1.98956 1.98368
0.626613 0.626613 0.626613 0.626613 0.626613 0.626613 0.626613 0.626613 0.626613 0.939973 1.31513 1.31513 1.31513 1.31513 1.33513 1.46431 1.46576 1.46576 1.46576 1.46839 1.50488 1.55445 1.66112 1.79077 1.90779 1.97789 1.98490 1.98490 1.98490 1.98490 1.98490 1.98490 1.98490 1.98490 2.54454 2.68218 2.68218 2.78078 2.85183 2.85183 2.85183 2.87172 2.97233 2.97235 2.97235 2.97235 2.97235 2.97234 2.97004 2.96607 2.96192 2.84816 2.67557 2.53892 2.43003 2.40050 2.37286 2.33504 2.29729 2.20850 1.99211 1.98368 1.98368 1.98368 1.98368 1.98368 1.98368
0.626613 0.626613 0.626613 0.626613 0.626613 0.626613 0.626613 0.626613 0.626613 0.630184 1.24100 1.31513 1.31513 1.31513 1.31513 1.44623 1.53302 1.57986 1.66188 1.78868 1.88184 1.96192 1.98490 1.98490 1.98490 1.98490 1.94590 1.82043 1.74290 1.98490 1.98490 1.98490 1.98490 1.98490 2.24220 2.68218 2.68218 2.71028 2.85142 2.85183 2.85183 2.85183 2.93246 2.97222 2.96933 2.96536 2.96138 2.88609 2.70860 2.56565 2.44902 2.38211 2.34429 2.30649 2.26871 2.23220 2.22206 2.22206 2.22206 2.19699 2.02605 1.98368 1.98368 1.98368 1.98368 1.98368 1.98368
0.626613 0.626613 0.626613 0.626613 0.626613 0.626613 0.626613 0.626613 0.626613 0.626613 0.974561 1.41818 1.53500 1.65191 1.78311 1.88436 1.85421 1.93703 1.98466 1.98490 1.98490 1.91564 1.79054 1.68497 1.59429 1.51567 1.46448 1.46210 1.46231 1.85838 1.98490 1.98490 1.98490 1.98490 1.98835 2.59669 2.68218 2.68218 2.80871 2.85158 2.84934 2.84669 2.86759 2.91682 2.74314 2.59354 2.45972 2.35502 2.31573 2.27797 2.24013 2.22206 2.22206 2.22206 2.22206 2.22206 2.22206 2.22206 2.22206 2.21940 2.10693 1.98368 1.97278 1.90417 1.83419 1.77131 1.71446
0.626613 0.626613 0.626613 0.626613 0.626613 0.626613 0.709492 0.940200 1.17393 1.40787 1.62681 1.87446 1.98168 2.06449 2.13295 2.13483 1.90505 1.76219 1.66057 1.57331 1.49745 1.46210 1.46210 1.46210 1.46210 1.46210 1.46210 1.46210 1.46210 1.63809 1.98490 1.98490 1.98490 1.98490 1.98490 2.33519 2.67922 2.67657 2.72949 2.83954 2.81104 2.76831 2.69725 2.39303 2.28719 2.24940 2.22300 2.22206 2.22206 2.22206 2.22206 2.22206 2.22206 2.22206 2.22206 2.22206 2.22141 2.16423 2.07858 2.00179 1.90120 1.70116 1.64008 1.63453 1.63453 1.63453 1.63453
0.626613 0.637351 0.814056 1.04779 1.28162 1.51525 1.66620 1.66912 1.66912 1.66912 1.64084 1.73002 1.86539 1.75798 1.66539 1.58689 1.52211 1.46210 1.46210 1.46210 1.46210 1.46210 1.46210 1.46210 1.46210 1.46210 1.46210 1.46210 1.46210 1.48734 1.96058 2.03779 2.24949 2.43301 2.58386 2.68783 2.65586 2.61424 2.57694 2.60530 2.56029 2.52783 2.52370 2.42563 2.22206 2.22206 2.22206 2.22206 2.22206 2.22206 2.22206 2.19721 2.11154 2.03141 1.95921 1.89395 1.83500 1.81331 1.81331 1.81331 1.80578 1.70862 1.63453 1.63617 1.68277 1.75310 1.85506
1.38910 1.61220 1.66912 1.66912 1.66912 1.66912 1.66912 1.66912 1.66912 1.66912 1.16474 1.05232 1.51246 1.56547 1.56547 1.56547 1.56027 1.46788 1.46210 1.46210 1.46210 1.46210 1.46210 1.46210 1.46210 1.46210 1.46210 1.51097 1.69733 1.86739 2.34419 2.69019 2.68936 2.65164 2.61144 2.57120 2.53517 2.52084 2.52084 2.52217 2.52370 2.52370 2.52370 2.52124 2.26974 2.22206 2.22206 2.22206 2.22206 2.21129 1.86989 1.81546 1.81331 1.81331 1.81331 1.81331 1.81331 1.81331 1.81331 1.81456 1.82479 1.79549 1.86056 1.97449 2.03747 2.07675 2.08442
1.66912 1.66912 1.66912 1.66912 1.66912 1.66912 1.66912 1.66912 1.66912 1.66912 1.38790 1.04282 1.29521 1.56547 1.56547 1.56547 1.56547 1.50661 1.46210 1.46210 1.46210 1.46210 1.46210 1.51634 1.70395 1.87293 2.01979 2.12082 2.12426 2.10079 2.18238 2.58181 2.55015 2.54767 2.54767 2.54767 2.54545 2.52170 2.52084 2.52107 2.52364 2.52370 2.52370 2.52370 2.41050 2.22206 2.22206 2.22206 2.22206 2.22206 1.93518 1.81331 1.81331 1.81331 1.81331 1.81573 1.82695 1.83898 1.87117 1.92463 1.96909 1.99532 2.03713 2.08557 2.14752 2.24467 2.34168
1.66912 1.66912 1.66912 1.66912 1.66912 1.66912 1.66912 1.66912 1.66912 1.66912 1.65660 1.08283 1.05903 1.52173 1.56547 1.56547 1.56547 1.54996 1.46266 1.52144 1.71017 1.87843 2.02471 2.12117 2.12432 2.10867 2.07854 2.04859 2.02153 2.01488 2.01652 2.45019 2.54767 2.54767 2.54767 2.54767 2.54767 2.53157 2.52084 2.52084 2.52268 2.52370 2.52370 2.52370 2.51761 2.25819 2.22206 2.22206 2.22206 2.22206 2.09495 1.81729 1.82912 1.84114 1.86544 1.91646 1.95995 2.00263 2.02514 2.03496 2.05588 2.07593 2.30484 2.52564 2.56207 2.56207 2.56207
1.66912 1.66912 1.66912 1.66912 1.66912 1.66912 1.66912 1.66912 1.66912 1.66912 1.66912 1.25679 1.04282 1.31328 1.56547 1.62812 1.81013 1.97096 2.05158 2.12113 2.12303 2.11493 2.08647 2.05743 2.02943 2.01488 2.01488 2.01488 2.01488 2.02154 2.08783 2.34452 2.54767 2.54767 2.54767 2.54767 2.54767 2.54348 2.52102 2.52084 2.52149 2.52370 2.52370 2.52370 2.52370 2.39543 2.22206 2.22997 2.24602 2.26205 2.28383 1.95484 1.95080 1.99347 2.02946 2.05085 2.07178 2.09271 2.11365 2.12475 2.12476 2.12476 2.29227 2.52751 2.56207 2.56207 2.56207
1.66912 1.66912 1.66912 1.66912 1.66912 1.66912 1.66912 1.66912 1.66912 1.66912 1.66912 1.64781 1.48100 1.74014 2.09245 2.17780 2.16552 2.14884 2.10941 2.06665 2.03861 2.01655 2.01488 2.01488 2.03241 2.10943 2.19931 2.29905 2.41085 2.52497 2.54767 2.54767 2.54767 2.54767 2.54767 2.54767 2.54767 2.54767 2.52887 2.52084 2.52084 2.52315 2.52394 2.53449 2.55053 2.55536 2.31023 2.33628 2.39319 2.45342 2.52615 2.28678 2.08768 2.10860 2.12398 2.12476 2.12476 2.12476 2.12476 2.12476 2.12476 2.12476 2.16166 2.47584 2.56207 2.56286 2.61995
1.66912 1.66912 1.66912 1.66912 1.66912 1.66912 1.66912 1.66912 1.66912 1.65968 1.60486 1.68644 2.14946 1.98779 2.05456 2.09548 2.06739 2.04088 2.03432 2.05127 2.13168 2.22385 2.32666 2.44162 2.54052 2.54767 2.54767 2.54767 2.54767 2.54767 2.54767 2.54767 2.54767 2.54767 2.54767 2.54767 2.54767 2.54767 2.54317 2.53451 2.55055 2.56775 2.58525 2.58112 2.56304 2.56411 2.56139 2.58117 2.60908 2.63366 2.63733 2.56564 2.12935 2.12476 2.12476 2.12476 2.12476 2.12476 2.12476 2.12476 2.14423 2.21542 2.29609 2.65087 2.99662 3.16371 3.22040
1.66912 1.66912 1.66912 1.66912 1.66912 1.63817 1.57740 1.51665 1.45582 1.40450 1.42324 1.54366 2.05082 1.99525 2.05101 2.17251 2.27167 2.37870 2.49878 2.56184 2.54767 2.54767 2.54767 2.54767 2.54767 2.54767 2.54767 2.54767 2.54767 2.54767 2.54767 2.54767 2.54767 2.54767 2.55114 2.58992 2.63772 2.68554 2.73043 2.61288 2.55180 2.50205 2.58504 2.61921 2.64625 2.65417 2.65318 2.63833 2.63733 2.63733 2.63733 2.63733 2.24433 2.12476 2.12920 2.18604 2.26376 2.34937 2.44419 2.54979 2.63358 2.63733 2.63733 2.75993 3.12871 3.22040 3.22040
1.66266 1.61073 1.54993 1.48913 1.42836 1.39854 1.39919 1.49009 1.59778 1.67039 1.71619 1.72122 1.84293 2.46860 2.52215 2.54709 2.57381 2.57381 2.57381 2.57208 2.54874 2.54767 2.54767 2.54767 2.54767 2.54767 2.54767 2.54767 2.54767 2.54767 2.55192 2.59183 2.63965 2.68747 2.73181 2.73495 2.69211 2.64219 2.59225 2.49135 2.37558 2.37554 2.53506 2.65417 2.65417 2.65417 2.65417 2.64525 2.63733 2.58209 2.44169 2.31499 2.23879 2.50727 2.61268 2.63733 2.63733 2.63733 2.63733 2.63733 2.63733 2.63733 2.63686 2.62749 2.98992 3.06892 3.05311
1.40739 1.39854 1.39854 1.43409 1.55559 1.64126 1.70117 1.72122 1.72122 1.72122 1.72122 1.72122 1.72122 2.30240 2.52215 2.52529 2.57070 2.57381 2.57381 2.57381 2.55812 2.54767 2.54767 2.54767 2.54767 2.54767 2.55277 2.59376 2.64158 2.68940 2.73247 2.72018 2.67935 2.62947 2.57954 2.53557 2.52854 2.52854 2.52854 2.52533 2.39176 2.37554 2.42006 2.64775 2.53842 2.40213 2.28029 2.16919 2.05852 1.99974 1.99869 1.99869 2.00972 2.56896 2.63733 2.63733 2.63733 2.63733 2.63592 2.62162 2.60430 2.59987 2.63391 2.68202 2.93748 3.17871 3.14808
1.50471 1.60729 1.67710 1.71832 1.72122 1.72122 1.72122 1.72122 1.72122 1.72122 1.72122 1.72122 1.72122 1.92496 2.52103 2.52215 2.54888 2.57381 2.57381 2.57381 2.56920 2.54770 2.55369 2.59570 2.64345 2.69131 2.72461 2.70121 2.66570 2.61673 2.56726 2.53759 2.52854 2.52854 2.52854 2.52854 2.52854 2.52854 2.49382 2.36242 2.17570 1.99991 1.90619 1.98077 2.0  :        ;*               :*                =*               ;*                8*              
         8*                  8*                  2*                =*              =*                 >*             =*                   3*               <*                  ;*                  ?*                =*                  2*                  ;*                3*               ?*                  3*               8*           
   ?*             ?*                    8*               9*                  ;*                  ;*                 ;*      *        =     *    =     *       ?      *        ?      *        ?      *        ?      *        3      *        3  
*        :      *        3      9*             3*              :*               :*                  =*                   <*                   ?*               8*              >*            >*               ?*                 ?*                  3*                  9*                  ?*  
                ?*                  :*                   =*                 ;*                  :*                ?*                3*                   ;*                  8*               =*                  8*                :*    *      9      *    9    *      9      *        ?     *       ?      *    3     
?      *    =       *      9      *       <    *        ?      3*            :*             =*              ?*                ;*                  ;*                  =*                    8*                 3*             3*                  :*                 =*                
2*              ;*                 ;*                    >*                    :*               2*                 ?*                 >*                 =*             =*                 2*                 =*                  <*      *    9     *       9     *        >      *    :     *      >     *     
  2       *        ?     *    >      *        >    *        >    *        2     =*                 2*                   =*                   =*                  ;*                  ;*                  3*                =*                  9*                 
      9*                  9*                  ;*                  2*               3*                8*                     3*                  3*                 ;*                   9*                    ;*                  ;*                 8*             8*             2*        
   8*               =*              8*     *        2     *       ;      *    :      *     >    *      >      *    9      *       ;      *      <        ;*                  =*                  =*                 <*                  8*              ;*                ;*               8*                   
   =*                    ;*                        =*                   <*             8*               9*            9*                  >*               >*             :*                =*               ?*             8*            8*                 ;*     *        >     *        :     *       :     *        >    *        :      *       ?      *      <      *    <       8*            
