results/OMI_NO2_200710.asc
ncols      200
nrows      200
xllcorner       120.258
yllcorner       41.1236
cellsize     0.0166667
NODATA_Value      -999.000
[rows 60 to 89 of 175, columns 66 to 131 of 200]
0.740979 0.744278 0.747380 0.833621 0.836088 0.900319 0.961876 1.11443 1.26704 1.32561 1.29349 1.26064 1.22453 1.20270 1.20249 1.20200 1.19140 1.17702 1.16610 1.18291 1.20096 1.19208 1.15197 1.09932 1.08558 1.03646 0.959682 0.981080 0.988107 1.03039 0.993897 0.868335 0.868346 0.859912 0.845867 0.855865 0.878087 0.883630 0.895728 0.928282 0.931824 0.903395 0.907736 0.968981 1.04219 1.04832 1.03713 1.03024 1.03360 1.05725 1.06151 1.06236 1.06309 1.06382 1.06409 1.06354 1.06298 1.06241 1.05326 1.04408 1.23228 1.25917 1.19996 1.25362 1.28754 1.29424
0.737643 0.733934 0.746213 0.813789 0.836088 0.862674 0.924664 0.994758 1.07279 1.13114 1.10616 1.08798 1.06608 1.04420 1.02452 1.02597 1.04621 1.07120 1.09420 1.09217 1.08996 1.08712 1.03959 1.02678 1.03986 1.04428 0.970407 0.991753 1.01192 1.02711 1.02941 0.868404 0.873773 0.881685 0.890993 0.886938 0.904922 0.914963 0.934576 0.939109 0.977329 0.996774 0.946753 0.959728 1.05678 1.05607 1.04998 1.04041 1.01455 1.04997 1.05116 1.05139 1.05139 1.05139 1.05139 1.05139 1.05139 1.05139 1.05449 1.06585 1.19765 1.27858 1.23586 1.23730 1.30296 1.30480
0.729548 0.727899 0.757432 0.812916 0.849951 0.846272 0.888474 0.915892 0.926266 0.996198 0.997885 1.01595 1.04831 1.08048 1.11327 1.12350 1.12350 1.12350 1.12350 1.12350 1.12450 1.13457 1.10575 1.09382 1.06050 1.01096 0.959841 0.989472 1.02573 1.01970 1.00655 0.858681 0.829428 0.842984 0.861950 0.876270 0.882472 0.895428 0.905156 0.916807 0.943947 1.02641 0.958398 0.963520 1.05623 1.08057 1.08466 1.07749 1.05308 1.08119 1.09651 1.10078 1.10509 1.10937 1.11366 1.11796 1.12224 1.12654 1.13105 1.14948 1.19792 1.28765 1.25446 1.21646 1.27928 1.27778
0.759610 0.737526 0.772841 0.855050 0.946512 0.958318 1.00538 1.03197 1.03432 1.07109 1.10518 1.12250 1.11565 1.10767 1.10645 1.11083 1.11040 1.09898 1.08011 1.06114 1.04205 1.01560 0.959099 0.885331 0.786239 0.778925 0.762505 0.843862 0.900061 0.916892 0.929940 0.977721 1.02365 1.02938 1.03508 1.04083 1.04654 1.05307 1.05875 1.06929 1.07376 1.17160 1.11587 1.09389 1.14607 1.19881 1.20212 1.18791 1.16705 1.15747 1.19357 1.19357 1.19357 1.19357 1.19357 1.19357 1.19184 1.18324 1.15718 1.13172 1.09659 1.14332 1.13506 1.15122 1.28610 1.36092
0.727482 0.722188 0.721260 0.773306 0.850381 0.865889 0.934298 0.978974 0.940888 0.934981 0.924262 0.915140 0.908466 0.901040 0.887736 0.869895 0.857242 0.853757 0.853365 0.853365 0.853365 0.853365 0.844114 0.781870 0.732740 0.727282 0.731391 0.817463 0.886563 0.904932 0.902953 0.958127 1.06648 1.06648 1.06648 1.06648 1.06648 1.06686 1.06987 1.07685 1.08243 1.15367 1.16029 1.10702 1.12585 1.17047 1.15885 1.13153 1.11361 1.07027 1.10803 1.10355 1.09038 1.07707 1.05280 1.01618 0.984036 0.959278 0.951965 0.961768 0.968231 1.01510 1.02163 1.01185 1.20244 1.30742
0.685247 0.673995 0.693737 0.747689 0.827964 0.851044 0.903812 0.985381 0.963768 0.863599 0.859171 0.854736 0.853365 0.853365 0.853365 0.853365 0.853365 0.853365 0.853365 0.853365 0.862996 0.886524 0.911765 0.872878 0.833058 0.764101 0.763672 0.781403 0.869718 0.904905 0.903490 0.919555 1.06655 1.06889 1.07201 1.07527 1.07865 1.08219 1.08837 1.08977 1.09333 1.12861 1.19928 1.10530 1.10339 1.07983 1.07504 1.05430 1.03768 1.00232 1.00797 1.00324 0.980538 0.957248 0.944897 0.944893 0.942152 0.938892 0.935666 0.939129 0.949580 0.969298 0.980035 0.990976 1.13372 1.30689
0.626856 0.647899 0.715818 0.788736 0.916302 1.00287 1.07098 1.13872 1.12789 0.880094 0.854153 0.853451 0.853365 0.853365 0.853365 0.853365 0.859162 0.881536 0.906434 0.933147 0.949312 0.949389 0.949389 0.908460 0.865706 0.773798 0.770187 0.750337 0.850307 0.904118 0.903246 0.898418 1.05249 1.07298 1.06827 1.06140 1.04849 1.03546 1.02690 1.02166 1.01833 1.02201 1.13624 1.08020 1.06282 1.00364 0.938588 0.944262 0.931609 0.914307 0.906660 0.935019 0.934599 0.934599 0.933741 0.931138 0.928468 0.928103 0.935737 0.945094 0.977546 1.03395 1.07302 1.06101 1.10349 1.29744
0.794601 0.826126 0.866797 0.952765 0.970536 1.02674 1.05175 1.12562 1.14781 0.958098 0.854171 0.853798 0.856310 0.876627 0.901161 0.927490 0.948271 0.949389 0.949389 0.949414 0.951074 0.953691 0.956300 0.943767 0.881706 0.831591 0.791426 0.763826 0.789124 0.825488 0.810029 0.801065 0.902087 0.957016 0.950187 0.945080 0.950241 0.970357 0.978493 0.991356 0.995926 1.00056 1.05419 1.00782 0.934277 0.878656 0.801011 0.877595 0.884238 0.884146 0.886057 0.907471 0.915335 0.913391 0.919751 0.931269 0.942834 0.952127 0.953848 0.955044 0.961120 1.02501 1.06026 1.04843 1.04794 1.22452
0.879359 0.879359 0.880229 0.952914 0.966135 1.01917 1.03659 1.10669 1.14902 1.07574 0.900829 0.927730 0.954703 0.961815 0.971095 0.981422 0.992017 1.00291 1.01414 1.02564 1.03568 1.04485 1.05188 1.05814 0.978052 0.943171 0.828528 0.814209 0.744319 0.793241 0.762821 0.789235 0.867583 0.969526 0.969863 0.970283 0.967658 0.987068 1.03323 1.09486 1.14779 1.11783 1.06342 0.946460 0.886137 0.864177 0.804081 0.854190 0.883285 0.887384 0.896554 0.917453 0.955110 0.966049 0.969767 0.970102 0.970425 0.970730 0.970823 0.970823 0.953330 0.984627 1.03375 1.03107 1.02892 1.13164
0.879287 0.879667 0.880052 0.910253 0.937343 0.958624 0.995672 1.04889 1.15047 1.14482 1.04396 0.995433 1.00093 1.00515 1.00264 0.999165 0.995664 0.992154 0.988690 0.985208 0.981688 0.978337 0.977438 0.977438 0.929398 0.899191 0.821104 0.809528 0.722567 0.810405 0.807470 0.918321 1.01872 1.22600 1.27875 1.33149 1.37825 1.38723 1.38599 1.38457 1.36092 1.31746 1.20689 0.963454 0.898797 0.879609 0.834580 0.830273 0.901512 0.915574 0.922710 0.920908 0.971345 0.982967 0.985645 0.988319 0.990992 0.993648 0.996312 0.998985 0.990727 0.996436 1.02377 1.04399 1.02913 1.08675
0.790371 0.780443 0.781552 0.790968 0.839529 0.871877 0.901786 0.927452 1.01347 1.04183 1.09689 0.977438 0.977438 0.977438 0.977438 0.977438 0.977438 0.979403 0.990561 1.00370 1.02053 1.03691 1.05231 1.06774 1.11559 1.36458 1.43416 1.49838 1.38912 1.24993 1.13608 1.17876 1.23580 1.43830 1.45839 1.46147 1.46533 1.46920 1.47302 1.47688 1.46194 1.44664 1.33733 1.12749 1.03094 1.00074 0.966581 0.904653 0.972482 0.981991 0.986358 0.989809 1.02241 1.05905 1.05905 1.05905 1.05905 1.05905 1.05905 1.06085 1.07257 1.07852 1.13017 1.18803 1.22447 1.26174
0.821105 0.842887 0.853162 0.861976 0.892327 0.941434 0.963728 0.991557 1.02374 1.07254 1.15492 1.04064 1.04578 1.06474 1.08372 1.10143 1.11687 1.13028 1.13451 1.13679 1.13533 1.13432 1.13432 1.13432 1.13963 1.55739 1.59574 1.59098 1.49651 1.31147 1.20846 1.19447 1.26129 1.43541 1.51328 1.51328 1.51328 1.51328 1.51328 1.51328 1.50807 1.48877 1.42974 1.22902 1.05075 0.986020 0.957144 0.921310 0.949469 0.994916 1.01337 1.02297 1.03327 1.09921 1.10797 1.12930 1.15285 1.18386 1.23172 1.29333 1.35179 1.37160 1.41199 1.45377 1.49763 1.52018
0.943434 0.944894 0.944894 0.949063 0.966149 1.00392 0.999075 0.999947 0.998295 1.05202 1.10144 1.18409 1.14386 1.14026 1.13667 1.13436 1.13432 1.13432 1.13432 1.13432 1.13432 1.13432 1.13432 1.13660 1.14464 1.41097 1.56374 1.55738 1.51880 1.34852 1.22794 1.16129 1.23581 1.34520 1.47102 1.46540 1.44980 1.42350 1.39836 1.37437 1.35331 1.35122 1.34777 1.21551 1.01272 0.954525 0.953529 1.01688 0.990212 1.06127 1.10869 1.14088 1.17111 1.26469 1.36610 1.43841 1.51160 1.57907 1.63024 1.66603 1.69044 1.69262 1.72087 1.70216 1.65714 1.61171
0.968504 0.987922 1.00850 1.02524 0.996796 0.933516 0.898749 0.836029 0.796836 0.808266 0.830140 1.08051 1.13432 1.13432 1.13432 1.13432 1.13432 1.13432 1.13432 1.13549 1.14298 1.15083 1.15806 1.12774 1.10000 1.20189 1.44043 1.43511 1.42947 1.31840 1.20534 1.11393 1.15072 1.20172 1.35063 1.33563 1.33323 1.33998 1.34679 1.35413 1.36786 1.38565 1.41543 1.36939 1.14758 1.10851 1.13325 1.25653 1.24872 1.34408 1.45797 1.55207 1.62009 1.68716 1.76338 1.76466 1.76469 1.76469 1.76812 1.77636 1.78164 1.74941 1.71539 1.58460 1.53409 1.49038
0.936840 0.916834 0.879522 0.834747 0.794698 0.744777 0.742076 0.742393 0.748927 0.779966 0.818225 0.991709 1.12604 1.13432 1.13432 1.13474 1.14127 1.14926 1.15662 1.16256 1.16334 1.16334 1.16334 1.13642 1.08851 1.10007 1.41887 1.43075 1.40857 1.33427 1.26505 1.17372 1.18567 1.23133 1.45085 1.47330 1.48372 1.49422 1.50491 1.51914 1.55344 1.59821 1.65646 1.69666 1.53554 1.45803 1.50706 1.57046 1.58815 1.55283 1.63682 1.70218 1.71047 1.71881 1.79421 1.81710 1.82536 1.81856 1.79476 1.76612 1.74045 1.72250 1.68709 1.55182 1.49596 1.43978
1.12182 1.21843 1.26051 0.802418 0.761253 0.725097 0.724924 0.740498 0.748128 0.759751 0.818225 0.906669 1.14794 1.25450 1.32603 1.20035 1.16321 1.16317 1.16313 1.16309 1.16305 1.16301 1.16297 1.15149 1.07053 1.05619 1.25615 1.34090 1.33874 1.32512 1.31298 1.26916 1.26916 1.27580 1.44817 1.53982 1.59991 1.66010 1.71798 1.77049 1.79815 1.80611 1.79981 1.78245 1.70267 1.59748 1.60566 1.62099 1.66281 1.55330 1.61886 1.68736 1.69222 1.68444 1.68903 1.70593 1.67335 1.64830 1.63555 1.62281 1.61007 1.60621 1.69270 1.61129 1.52463 1.48788
1.43876 1.50969 1.57947 0.986442 0.761556 0.737086 0.722702 0.745379 0.778477 0.868027 1.02305 1.13513 1.38201 1.43378 1.43244 1.34987 1.20789 1.21109 1.21432 1.20868 1.18665 1.15492 1.12544 1.10244 1.04551 1.02686 1.12077 1.30507 1.39684 1.39034 1.44272 1.47754 1.53795 1.45470 1.60940 1.72368 1.71569 1.70551 1.70089 1.69923 1.69907 1.70674 1.70873 1.70118 1.68940 1.59595 1.58807 1.58927 1.63509 1.55890 1.55665 1.58685 1.60615 1.62332 1.66516 1.61914 1.60299 1.60172 1.60151 1.60094 1.60038 1.59982 1.67277 1.65331 1.53474 1.51670
1.48489 1.52615 1.64418 1.24722 0.855260 0.920002 0.989643 1.08195 1.12895 1.11460 1.13918 1.15134 1.24305 1.28723 1.33780 1.39307 1.16274 1.11285 1.08443 1.06362 1.05444 1.04983 1.04267 1.03602 1.01365 1.00542 1.03612 1.22794 1.32546 1.46272 1.57921 1.57572 1.61275 1.49992 1.52473 1.68089 1.68903 1.69747 1.70021 1.69960 1.69898 1.69836 1.69774 1.69502 1.68662 1.61424 1.56973 1.54427 1.58239 1.58713 1.52738 1.64328 1.72632 1.72612 1.72556 1.64250 1.58385 1.58329 1.58294 1.58294 1.58294 1.58294 1.63611 1.70034 1.66644 1.75186
1.52348 1.55332 1.74049 1.56120 1.10197 1.09566 1.06436 1.04091 1.01823 1.02331 0.991129 1.00422 1.02929 1.11435 1.12778 1.21638 1.12790 1.03438 1.03719 1.04870 1.06160 1.07862 1.09866 1.11817 1.10932 1.06948 1.06877 1.15222 1.23943 1.33793 1.52812 1.57056 1.59219 1.54764 1.47601 1.68611 1.68807 1.68807 1.68807 1.68807 1.68807 1.68807 1.68807 1.69389 1.68851 1.65042 1.60631 1.65613 1.71425 1.74680 1.65765 1.71586 1.71290 1.70885 1.70478 1.67595 1.55623 1.55333 1.57807 1.61381 1.65940 1.75035 1.88387 2.03984 2.04531 2.03865
1.65675 1.64858 1.71677 1.69445 1.13042 1.13014 1.11359 1.05558 0.983789 0.999783 0.988554 1.02047 1.05421 1.09288 1.13820 1.23392 1.27333 1.12024 1.12318 1.12454 1.12454 1.12454 1.12454 1.12454 1.12188 1.06978 1.06749 1.11027 1.19732 1.29113 1.48459 1.58708 1.59115 1.59879 1.47168 1.65368 1.69693 1.69934 1.70176 1.72197 1.78475 1.85237 1.92248 1.98890 1.97836 1.87980 1.75897 1.75166 1.73969 1.69410 1.63852 1.61757 1.64812 1.67969 1.71981 1.75982 1.70281 1.77977 1.86638 1.94251 2.01359 2.04063 2.06648 2.14272 2.10300 2.04169
1.50600 1.50143 1.66842 1.73868 1.18243 1.08234 1.05858 1.04572 0.983001 1.03767 1.11608 1.08465 1.11136 1.13397 1.16546 1.22490 1.31089 1.20126 1.12454 1.12454 1.12454 1.12454 1.12416 1.11912 1.11237 1.07795 1.06783 1.08390 1.19910 1.31638 1.43258 1.61284 1.63045 1.65838 1.54256 1.69368 1.85657 1.92516 1.99636 2.04907 2.04799 2.04259 2.03720 2.03182 2.01983 1.87798 1.75192 1.68838 1.67050 1.59754 1.56741 1.60989 1.79378 1.88645 1.97729 2.05273 2.07550 2.00468 2.01212 2.01776 2.01776 2.01776 2.01917 2.09873 2.11407 2.06467
1.48625 1.47308 1.56697 1.70545 1.31591 1.09236 1.09061 1.08432 1.00332 1.01754 1.13517 1.08892 1.11095 1.13507 1.13952 1.19321 1.29976 1.28374 1.12609 1.12043 1.11377 1.10667 1.09958 1.09793 1.09793 1.09064 1.08403 1.08403 1.18489 1.28569 1.35781 1.57795 1.59992 1.69183 1.73583 1.81129 1.95043 1.93172 1.91327 1.89573 1.88224 1.86969 1.85733 1.84300 1.83240 1.77640 1.64696 1.54950 1.49155 1.52312 1.60319 1.71535 2.08816 2.11770 2.15100 2.15412 2.15388 2.04251 2.03457 2.03769 2.04938 2.10286 2.16746 2.28180 2.35760 2.35627
1.54735 1.55880 1.63666 1.71337 1.45973 1.10159 1.09924 1.08486 1.01780 1.00830 1.10014 1.09887 1.11084 1.12978 1.12524 1.16518 1.18475 1.18103 1.10767 1.10072 1.10222 1.10367 1.09895 1.08998 1.08120 1.06993 1.05392 1.04306 1.08870 1.16550 1.23298 1.35531 1.41838 1.47713 1.64185 1.63924 1.83859 1.83868 1.83197 1.81718 1.80083 1.78451 1.76824 1.75416 1.74124 1.73226 1.62684 1.62543 1.67998 1.69578 1.76900 1.77698 2.05889 2.15422 2.19691 2.20035 2.23236 2.22440 2.22766 2.28923 2.36372 2.41068 2.44667 2.49887 2.54010 2.48509
1.54872 1.54872 1.58877 1.69674 1.57552 1.10159 1.10158 1.08859 1.05276 1.00947 1.08273 1.14398 1.05793 1.01390 0.936370 0.923260 0.967938 1.03894 1.02847 1.01798 1.00532 0.995244 0.991493 0.985872 0.984382 0.986975 0.988613 0.994352 1.01966 1.12266 1.17610 1.22670 1.36606 1.37036 1.56552 1.59889 1.78153 1.78994 1.77899 1.77614 1.77483 1.76971 1.76083 1.75240 1.74478 1.74254 1.69970 1.63487 1.75441 1.71669 1.79579 1.84342 2.03957 2.29583 2.38601 2.45103 2.48256 2.47852 2.47410 2.50970 2.51958 2.51958 2.51958 2.52316 2.53631 2.50765
1.53129 1.53601 1.55658 1.70891 1.70734 1.13604 1.12758 1.14432 1.09556 0.923611 0.899971 0.985402 0.919231 0.932820 0.872386 0.883452 0.968676 0.969530 0.953481 0.935994 0.921376 0.964855 1.00838 1.01664 1.01885 1.00893 0.996246 0.987963 0.983308 1.05786 1.07137 1.06565 1.29281 1.35152 1.43161 1.54730 1.70165 1.78719 1.78499 1.78271 1.78055 1.78205 1.78745 1.79283 1.79819 1.80356 1.80611 1.69618 1.78777 1.79340 1.93834 2.14765 2.20953 2.52903 2.56473 2.59304 2.59776 2.60230 2.62938 2.64444 2.64941 2.65433 2.65924 2.66455 2.68524 2.56630
1.62212 1.62941 1.63000 1.77591 1.78887 1.21840 0.992749 0.948344 0.952183 0.833507 0.865762 1.02528 1.05962 1.08269 0.999452 0.929331 0.966274 0.971951 0.966072 0.960114 0.955567 0.960637 1.03734 1.04213 1.03140 1.02717 1.02170 1.01458 1.00764 1.05342 1.10273 1.12750 1.25643 1.43290 1.45856 1.60915 1.74841 1.91981 1.91955 1.91955 1.91955 1.91955 1.91955 1.91955 1.91955 1.91955 1.91971 1.87539 1.87448 1.96104 1.97891 2.25181 2.26358 2.51005 2.61295 2.64590 2.64486 2.64296 2.65101 2.67453 2.67247 2.67811 2.69244 2.70676 2.73420 2.68687
1.58269 1.54858 1.51302 1.58137 1.62997 1.21103 0.833558 0.822461 0.834920 0.876122 0.886672 0.953724 1.01321 1.05450 1.01810 0.935921 0.947949 0.991369 1.00044 0.997984 0.990628 0.983352 1.02017 1.03269 1.03122 1.03122 1.03015 1.02591 1.02591 1.04491 1.11416 1.15247 1.18163 1.42421 1.44976 1.54384 1.67306 1.91955 1.92041 1.92513 1.93033 1.93558 1.94160 1.95046 1.95969 1.96903 1.97830 1.98250 1.91241 2.01249 1.96216 2.14306 2.23273 2.36035 2.57111 2.60673 2.61731 2.63205 2.64716 2.69411 2.71983 2.73593 2.75238 2.77870 2.81438 2.83983
1.51201 1.51644 1.52052 1.55863 1.61671 1.38347 0.870312 0.865941 0.881472 0.902986 0.948906 0.987661 0.976880 1.06355 1.07811 0.988804 0.955070 0.973034 0.958221 0.954906 0.954906 0.954906 0.969831 1.03120 1.03122 1.03139 1.03878 1.04539 1.05547 1.06541 1.13610 1.16841 1.18014 1.36018 1.47796 1.52532 1.67492 1.98836 2.01547 2.02000 2.02402 2.02805 2.03131 2.03160 2.03372 2.03763 2.04155 2.04546 1.99709 2.00185 2.01804 2.03347 2.23812 2.26540 2.62511 2.71846 2.77314 2.79860 2.82451 2.87644 2.93188 2.95379 2.96533 2.96533 2.97102 2.98357
1.67095 1.67464 1.66199 1.61887 1.56225 1.44563 0.909299 0.928108 0.960492 0.994151 1.05678 1.07176 1.03026 0.998482 1.02519 0.970745 0.922949 0.943273 0.954906 0.954906 0.954906 0.954906 0.960617 1.02842 1.05796 1.06774 1.07105 1.07105 1.07105 1.07105 1.11914 1.16302 1.17680 1.23120 1.46162 1.49357 1.58541 1.91216 2.05458 2.05815 2.06173 2.06530 2.06886 2.07244 2.07390 2.07355 2.06825 2.05717 2.03587 1.96321 2.12465 2.04538 2.28408 2.32542 2.66439 2.85310 2.90278 2.90008 2.89488 2.89479 2.94385 2.93975 2.93410 2.92717 2.94471 3.02006
1.51327 1.49242 1.48215 1.49337 1.50888 1.61672 1.05246 0.990429 0.999249 1.01021 1.05873 1.06369 1.06246 0.974488 1.02505 0.992488 0.933832 0.929634 0.955287 0.956831 0.958390 0.977723 0.996375 1.01576 1.06465 1.06211 1.05844 1.05770 1.05702 1.05739 1.09156 1.16215 1.21663 1.24904 1.55120 1.57479 1.57520 1.81864 2.07254 2.07254 2.07254 2.07257 2.08217 2.09202 2.10206 2.11251 2.12863 2.15202 2.18708 2.10300 2.17523 2.12871 2.18943 2.29909 2.45356 2.79652 2.86224 2.86053 2.86090 2.89116 2.99535 3.08495 3.15022 3.21676 3.26039 3.25645
