results/OMI_NO2_2010_06-08.asc
ncols      200
nrows      200
xllcorner       120.258
yllcorner       41.1236
cellsize     0.0166667
NODATA_Value      -999.000
[rows 145 to 173 of 175, columns 0 to 66 of 200]
9.08414 9.11219 9.14897 10.1817 10.3085 10.4016 11.0969 11.0266 11.0297 11.5644 13.0470 13.1363 13.1943 13.0521 12.6119 12.1117 11.8071 11.4742 10.9612 10.7648 10.6360 10.5100 11.1178 11.4237 2.64241 2.74428 2.82075 2.66345 2.65127 2.70473 2.69391 2.69475 2.72212 2.77275 2.79152 2.78678 2.76270 2.66937 2.60159 2.47757 2.57762 2.73647 3.04105 3.29438 3.28744 3.32579 3.31674 3.34115 3.32571 3.29536 3.34095 3.31657 3.31830 3.35999 3.36434 3.38193 3.39550 3.40928 3.47470 3.41826 3.15015 2.31650 2.72181 2.83837 3.12089 3.09952 3.00722
9.07441 9.14571 9.14732 9.55386 10.2468 10.3378 10.6614 10.9532 10.8949 10.9408 11.8133 11.5831 11.2136 11.0209 10.6722 10.2936 10.2816 10.1950 10.2214 10.2759 10.1585 10.0316 10.2563 10.7745 2.70156 2.77074 2.83931 2.68703 2.70118 2.75361 2.75407 2.77826 2.81383 2.83267 2.87952 2.93988 2.99325 2.97218 2.84845 2.76375 2.75637 2.84505 2.97288 3.32381 3.31674 3.34115 3.32840 3.35275 3.33863 3.30115 3.34821 3.34211 3.35268 3.38534 3.37178 3.36965 3.36753 3.36541 3.39667 3.39248 3.15392 3.05225 2.63615 2.66493 3.00533 2.97782 2.88678
8.98249 9.13920 9.11162 9.05579 10.1365 10.4372 10.5978 10.8175 10.7559 10.3080 10.4608 10.4796 10.4147 10.5704 10.4685 10.3058 10.3892 10.2366 10.0838 9.97398 9.96919 9.96919 10.0862 10.7682 2.81713 2.72591 2.82812 2.75957 2.81919 2.93285 2.99657 3.03350 3.03368 3.03368 3.03368 3.03368 3.03368 3.03407 2.90781 2.87002 2.70634 2.75961 2.85063 3.17033 3.27673 3.29575 3.32445 3.36914 3.36649 3.33150 3.36922 3.38005 3.41566 3.44835 3.43533 3.42722 3.42972 3.42537 3.46079 3.51151 3.55761 3.54569 3.16948 3.17624 3.42092 3.49560 3.43417
8.86067 9.17939 9.35995 9.68834 10.7171 11.9408 12.0480 11.3372 11.3116 10.6603 10.9191 11.1634 11.0887 11.1070 10.7390 10.3866 10.3587 10.3587 10.3587 10.3587 10.3587 10.3587 10.4072 10.8928 3.34732 3.07687 3.08387 2.96650 2.96650 2.96650 2.96650 2.96650 2.96650 2.96650 2.96650 2.96650 2.96650 2.96650 2.90995 2.85603 2.73835 2.80965 2.82254 3.08357 3.34069 3.33115 3.32887 3.33893 3.33766 3.31406 3.31815 3.29393 3.29285 3.33308 3.35409 3.37098 3.37541 3.37594 3.35354 3.33198 3.23559 3.17279 3.40209 3.39367 3.54663 3.74149 3.70353
9.62860 10.1585 10.0732 10.1738 10.1753 11.5871 11.7804 11.3726 11.2131 10.4472 10.4644 10.3408 10.3492 10.5116 10.3534 10.1741 10.1741 10.1741 10.1877 10.2643 10.3487 10.4333 10.5118 10.8642 3.50061 3.26858 3.12390 3.00902 3.00902 3.00902 3.00902 3.00902 3.00902 3.00902 3.00902 3.00902 3.00902 3.00887 2.96588 2.82872 2.82942 2.80893 2.79310 2.99586 3.32638 3.29942 3.21800 3.15920 3.10575 3.09076 3.12064 3.21127 3.29687 3.31340 3.20409 3.09237 2.98525 2.86099 2.74066 2.69113 2.65673 2.55393 2.79004 3.25898 3.43901 3.64593 3.65366
9.57029 10.4385 10.3916 10.6348 10.4445 11.2117 11.5430 10.9296 10.7916 10.2570 10.2373 10.2124 10.3492 10.5116 10.3689 10.2694 10.3538 10.4384 10.5091 10.5171 10.5171 10.5171 10.5171 10.6648 2.92149 3.33868 3.06436 3.00902 3.00902 3.00902 3.00902 3.00902 3.00902 3.00902 3.00655 2.99375 2.97883 2.96406 2.90165 2.85199 2.93594 2.83898 2.81787 2.71581 2.90348 3.07717 3.15861 3.20271 3.16708 3.04590 2.94551 2.82066 2.76910 2.65381 2.58537 2.52827 2.47829 2.46906 2.40321 2.44056 2.48844 2.43386 2.54714 2.97686 3.37113 3.62127 3.81722
9.80746 10.5023 10.5699 10.7541 10.4233 10.5089 10.9533 10.7706 10.8474 10.3374 10.1637 10.1748 10.3704 10.5965 10.5302 10.3963 10.3963 10.3963 10.4009 10.4254 10.4523 10.4760 10.4610 10.6201 2.97350 3.39546 3.14204 3.00902 3.00902 3.00901 3.00185 2.98706 2.97214 2.95723 2.95601 2.97609 2.99828 3.01839 2.96511 2.94181 3.00116 3.05120 3.14855 3.07749 2.99481 2.95171 2.79386 2.66511 2.57804 2.49250 2.43577 2.38647 2.51104 2.52467 2.52458 2.52458 2.52458 2.52458 2.44734 2.48041 2.57165 2.54575 2.70955 3.18457 3.48277 3.67461 3.88429
9.58133 9.93375 10.2050 10.3690 9.97240 10.1368 10.4910 10.5613 10.9793 10.6816 10.6015 10.4010 10.4396 10.6832 10.7015 10.5922 10.6039 10.5770 10.5437 10.6688 10.9229 10.1980 10.4005 10.4037 3.05557 2.92773 3.33324 3.03084 3.02255 3.03205 3.05028 3.07395 3.09772 3.11973 3.12275 3.07963 2.98967 2.86121 2.72389 2.64384 2.86265 3.10268 3.28917 3.24931 2.87971 2.58688 2.49950 2.48086 2.45462 2.37974 2.37974 2.35096 2.45294 2.50409 2.50409 2.50648 2.53561 2.57213 2.52067 2.61100 2.65082 2.59918 2.76266 2.98460 3.39389 3.83131 4.02429
9.26936 9.56075 10.0132 10.3246 10.0475 10.2663 10.4456 10.6821 10.8160 10.6121 10.5518 10.2283 10.2132 10.3910 10.3214 10.4006 10.6131 9.93989 10.1327 10.1156 9.95872 9.85659 9.80414 9.81185 3.01370 2.96138 3.56998 3.18498 3.19631 3.20741 3.22366 3.17699 3.07449 2.93405 2.79891 2.70787 2.66809 2.67396 2.67838 2.64655 2.30418 2.81393 2.98852 3.05702 2.76758 2.76226 2.59018 2.55398 2.53559 2.45247 2.42683 2.39744 2.41298 2.53173 2.58564 2.62239 2.63077 2.63832 2.55145 2.63507 2.59655 2.59134 2.76824 2.78775 3.03953 3.48903 3.62907
9.69493 10.0383 10.4589 10.8270 10.5107 10.6349 10.6641 11.1118 11.4090 11.1729 11.2552 10.8095 10.9306 10.0983 10.3320 10.3624 10.2452 10.1718 10.1102 10.1164 10.1498 10.1876 10.2216 10.2247 3.00027 3.00231 3.67387 3.33118 3.09919 2.95106 2.79832 2.70660 2.66889 2.66887 2.66887 2.14681 1.99435 2.05598 2.15870 1.99996 2.14848 2.63588 2.74887 3.10918 2.96613 2.88726 2.65609 2.59689 2.59015 2.60719 2.61284 2.61908 2.63140 2.70168 2.77873 2.78760 2.79615 2.79585 2.69349 2.81852 2.71765 2.63782 2.68725 2.61346 3.00064 3.57145 3.71360
9.91486 10.1387 10.2506 10.9653 10.7755 10.9692 10.8406 11.3831 12.1818 12.1728 12.9362 11.0735 10.8617 10.5071 10.3784 10.3793 10.4135 10.4520 10.4933 10.5042 10.5042 10.5042 10.2247 10.2247 2.57058 2.27442 2.27700 2.83261 2.66917 2.16644 2.16644 2.16644 2.16823 2.18146 2.19527 2.20766 1.99613 2.08710 2.21090 2.04036 2.19991 2.62464 2.79410 3.01431 3.04340 2.94850 2.79297 2.65566 2.66713 2.67793 2.68838 2.69881 2.70346 2.71053 2.83243 2.80606 2.75640 2.70199 2.57726 2.67302 2.60516 2.65508 2.88868 2.88334 3.01767 3.72801 3.95200
10.0536 10.1125 10.2641 10.9415 11.1454 11.3937 11.4541 11.8635 12.4882 12.1564 12.3336 12.1835 9.94268 9.67614 9.47754 9.49391 9.49391 9.49391 9.49391 9.49391 9.49391 9.50855 9.32572 9.49096 1.83282 1.84109 2.03594 2.39642 2.29251 2.29599 2.31283 2.32795 2.34012 2.34196 2.34196 2.34196 2.14680 2.21090 2.25323 2.09124 2.24114 2.50866 2.81931 2.99418 3.15592 2.91809 2.91643 2.70981 2.66804 2.66010 2.64421 2.61011 2.55667 2.50133 2.53520 2.56926 2.57323 2.58910 2.52635 2.70820 2.63647 2.64474 2.91940 2.91595 2.88231 3.47848 3.89476
10.4523 10.5333 10.9724 11.3863 11.9969 11.8184 11.5781 11.9874 12.3364 12.4298 12.8157 12.9236 10.2621 9.93915 9.52324 9.49391 9.49391 9.51292 9.64902 9.80507 9.96119 10.1027 9.84223 9.84223 1.63326 1.70552 1.76215 2.17818 2.14742 2.07103 2.07103 2.07103 2.07103 2.07103 2.07103 2.07103 1.89845 2.15910 2.24395 2.08045 2.26576 2.50154 2.77623 2.92731 3.12940 2.99048 2.95814 2.67524 2.53046 2.48963 2.46225 2.45411 2.46909 2.49021 2.53467 2.56488 2.65526 2.64755 2.56819 2.70786 2.41499 2.41428 2.71926 2.77235 2.74153 3.04395 3.89032
10.9684 10.9230 10.8020 10.5610 11.6759 11.7718 11.7516 12.2109 12.2791 12.6568 12.9321 12.6607 11.9161 9.98102 9.65750 9.72535 9.89423 10.0427 10.0642 10.0642 10.0642 10.0639 9.78776 9.78403 1.71794 1.76933 1.76991 2.07347 2.21481 2.07103 2.07103 2.07103 2.07103 2.07822 2.10668 2.13701 1.98674 2.30380 2.32501 2.23353 2.39432 2.58250 2.69222 2.91926 3.05749 2.96373 2.83467 2.73655 2.61078 2.61586 2.62237 2.62729 2.62378 2.61293 2.60101 2.41909 2.55844 2.55741 2.39757 2.63865 2.55682 2.55682 2.75591 3.18250 3.57573 4.07752 5.10140
10.8232 10.6175 10.7482 10.4420 10.9078 11.7289 11.5125 11.9422 11.9422 12.0600 12.7750 12.9559 12.7482 11.1220 10.8397 10.5423 10.5340 10.5317 10.5278 10.5291 10.5598 10.5985 10.5311 11.0210 1.71069 1.75412 1.76991 1.92807 2.23861 2.10503 2.10560 2.13564 2.15246 2.15479 2.13583 2.11476 1.91339 2.18842 2.22518 2.21258 2.50570 2.86429 3.00841 3.26725 3.22272 3.06055 2.93313 2.87966 2.65847 2.50324 2.49112 2.47786 2.46877 2.46863 2.46863 2.33590 2.55808 2.55741 2.44178 2.96374 3.22409 3.50569 3.73509 3.90162 3.99143 4.20704 4.95293
10.8806 10.6391 10.7565 10.4961 10.3435 11.4502 11.3172 11.9206 12.1029 12.2727 13.0392 13.0412 13.0403 12.3347 11.0500 10.6608 10.6199 10.6722 10.9806 11.5689 12.2708 13.2338 13.4557 13.9449 1.71987 1.75013 1.81173 1.86084 2.23335 2.20565 2.10345 2.07411 2.05665 2.03908 2.04798 2.09937 2.08707 2.84800 2.95468 3.03209 3.13399 3.24264 3.26066 3.30147 3.33069 3.14294 2.97419 2.86729 2.57285 2.46141 2.46141 2.46141 2.46141 2.46141 2.46724 2.35575 2.94064 3.39548 3.30936 3.64230 3.64369 3.64794 3.69509 3.81178 3.90864 4.26681 4.66742
11.2207 11.0203 11.4914 11.7399 11.3803 12.1284 12.2604 12.5721 12.5742 12.5812 13.3825 13.6797 13.6793 13.3377 11.9625 12.4082 13.1100 14.0409 14.4860 14.4659 14.3554 14.4252 13.9571 14.1776 1.77928 1.77930 1.89737 1.92018 2.09376 2.18804 2.05257 2.09910 2.70042 2.80857 2.80365 2.88742 2.85463 2.93701 2.96825 3.00609 3.18948 3.30102 3.33787 3.37544 3.37817 3.27367 2.99146 2.78193 2.73951 2.32665 2.31464 2.38329 2.51357 2.62957 2.72943 2.58384 3.05778 3.75575 3.50963 3.73269 3.70389 3.74223 3.85548 3.96801 4.11754 4.41589 4.52020
12.3750 12.5484 12.6092 12.5735 12.0997 11.7978 12.7906 12.9267 12.9442 12.9182 13.3917 14.3703 14.8364 15.2693 13.8500 14.3122 14.7382 14.5689 14.5227 14.1657 14.1657 14.3717 13.9571 14.1776 2.03387 2.03990 2.20921 2.48582 2.70677 3.22040 3.10754 3.04833 3.04842 3.04842 2.87524 2.96457 3.08389 3.20271 3.25844 3.32358 3.33522 3.31286 3.32061 3.34348 3.34939 3.33431 3.08175 2.87462 2.96797 2.69468 2.75375 2.80812 2.81189 2.81539 2.81888 2.66438 2.88614 3.75045 3.97437 4.33696 4.36156 4.38342 4.43542 4.42253 4.51321 4.58611 4.56764
12.7647 12.7552 12.6220 12.6274 12.4239 11.3945 12.5732 13.2116 13.6060 13.9809 14.1135 14.7603 14.8203 14.7231 14.3348 12.8474 13.6886 13.6139 13.6139 13.2467 13.2467 13.5263 12.5843 12.7068 2.42959 2.61292 2.74954 3.03645 3.05661 3.04406 3.23490 3.07564 3.12282 3.16093 3.17166 3.22804 3.27168 3.23698 3.28186 3.32674 3.33522 3.30400 3.30400 3.32957 3.42016 3.51094 3.47126 3.25731 3.20031 2.91052 2.79859 2.80131 2.85069 2.92795 3.01756 2.91122 3.19890 3.63533 4.11317 4.36586 4.25318 4.22694 4.22992 4.21710 4.26036 4.36718 4.43409
12.6236 12.6320 12.8504 13.4626 14.1789 13.8856 13.7527 13.8910 13.7309 13.4695 13.4603 13.8391 14.2001 14.2001 14.0500 11.8067 12.4711 12.5846 12.5843 12.1629 12.1584 13.0342 11.8881 11.9292 3.18501 3.18501 3.18501 3.92910 3.97261 3.95219 3.74510 3.34693 3.28678 3.28695 3.29004 3.30472 3.32582 3.28186 3.32674 3.33549 3.40424 3.46620 3.53592 3.62421 3.62945 3.64436 3.60575 3.34596 3.24761 3.38569 3.06973 3.12208 3.13395 3.09748 3.04879 2.82674 3.02848 3.08936 3.86941 4.23549 4.19085 4.19090 4.21534 4.22852 4.22328 4.39493 4.40887
14.3238 14.9701 15.0050 14.9319 15.0959 14.3859 13.4767 13.9489 13.8221 13.8560 14.0687 14.1289 14.0634 14.0574 14.0459 13.6344 12.0932 12.4830 12.3744 11.8939 11.8289 12.8488 11.7428 11.8583 3.85035 3.78780 3.71223 3.67878 3.80328 3.78081 3.74282 3.40550 3.27530 3.28695 3.29004 3.30472 3.35391 3.43745 3.59232 3.68942 3.73513 3.66922 3.63627 3.63343 3.59460 3.60566 3.62765 3.47147 3.35065 3.39101 2.96387 2.92870 2.72091 2.72279 2.72487 2.55496 2.77321 2.80880 3.27524 3.96738 3.92897 3.92897 3.96738 3.99360 3.96738 4.11087 4.21525
15.0210 15.0339 14.9813 14.9471 15.3466 15.2089 14.3883 14.5264 14.4754 14.2053 14.2090 14.2090 14.1663 14.0800 14.0247 13.6981 12.1577 12.8542 12.7207 12.3271 12.3990 13.5946 12.4270 12.5662 3.59883 3.58719 3.58697 3.58697 3.71332 3.76818 3.75068 3.54794 3.28298 3.38191 3.45272 3.54603 3.62602 3.61911 3.67946 3.66851 3.65922 3.59675 3.54811 3.49694 3.36539 3.32070 3.40899 3.33165 3.23816 3.31098 3.27413 3.14481 2.91995 2.91995 2.91995 2.72529 2.95809 2.98434 3.10972 3.95440 3.95899 3.96614 4.13298 4.26137 4.34284 4.49997 4.58437
15.0382 15.2848 15.3039 15.4197 15.7345 15.4778 14.8639 14.1540 14.3383 14.1267 14.0955 14.0402 13.9842 13.9115 13.9101 13.7927 13.3828 12.5080 12.5857 12.0600 12.3107 14.0390 12.7136 12.9917 3.57850 3.58697 3.58697 3.58825 3.63369 3.86525 3.95824 3.92208 3.55331 3.54054 3.49290 3.50177 3.53372 3.50979 3.56600 3.50668 3.44003 3.30356 3.24529 3.22728 3.20414 3.19664 3.30734 3.34347 3.16785 3.20243 3.25155 3.06694 2.78464 2.78464 2.78464 2.55259 2.84359 2.88370 2.80350 3.69850 4.12371 4.22118 4.35616 4.40105 4.38601 4.44261 4.54847
16.0314 16.1217 15.9227 15.6158 15.9005 15.4770 15.1314 14.2804 14.4347 14.2993 14.3258 14.2857 14.2431 14.1751 14.1095 13.9517 13.9404 13.0021 13.8609 13.2569 13.2308 14.4916 13.2388 13.2589 3.90023 3.90023 3.90023 3.90023 3.90023 4.18441 4.35636 4.01757 3.54040 3.45105 3.43184 3.40176 3.36312 3.30933 3.28581 3.28289 3.28186 3.22959 3.21755 3.19327 3.13371 3.05001 3.01195 3.09660 3.01531 3.05853 3.13700 2.88563 2.67053 2.87595 2.84523 2.56402 2.66558 2.55719 2.49743 3.15874 4.28804 4.24566 4.40793 4.42224 4.39906 4.45060 4.46926
15.8981 15.8345 15.4904 14.9766 15.1730 15.1537 15.1430 14.5332 14.3405 14.3945 14.1117 13.9741 13.8432 13.5277 12.9450 12.7384 12.1523 12.7593 13.9585 13.2704 13.2010 14.6632 13.8592 14.1442 3.96870 3.96870 3.96870 3.90599 3.59881 3.36558 3.71908 3.38073 3.09470 3.15061 3.12493 3.14710 3.20046 3.20046 3.23353 3.21438 3.17855 3.06663 2.94543 2.91054 2.91054 2.91054 2.93122 3.06454 3.06605 3.00934 3.10859 3.00959 2.50415 2.59181 2.52728 2.53653 2.75819 2.76846 2.77512 3.00336 4.38488 4.63200 4.74028 4.85557 4.93434 5.09236 5.16162
15.1321 15.3375 15.2051 14.7900 15.1369 14.9932 14.8892 14.3753 13.5456 13.5534 13.2991 13.1853 11.9679 11.9319 11.4621 11.2354 11.2845 12.2094 12.8864 12.7675 12.8473 14.5981 14.1442 14.5005 3.25288 2.98896 2.71657 2.45974 2.33256 2.24163 2.78935 2.99258 2.93206 3.09498 3.09111 3.08004 3.07682 2.97571 2.89266 2.90382 2.94474 2.91054 2.87018 2.87018 2.87018 2.87018 2.87832 2.90432 2.92776 2.74034 2.75759 2.80347 2.34212 2.54278 2.54429 2.53629 2.75574 2.73282 2.81341 3.20789 3.98730 5.03873 5.21672 5.24400 5.24132 5.28913 5.21846
15.3453 15.4395 14.9342 14.4270 14.4642 14.2874 13.7010 13.1827 11.7808 10.7968 11.6888 11.6183 11.5519 11.5282 11.2955 10.9810 10.9810 11.7340 12.2151 12.4925 12.3984 14.1442 13.5768 13.8977 2.36537 2.23656 2.19078 2.19040 2.19040 2.19040 2.38824 2.94107 2.84350 2.90762 2.63076 2.62322 2.79470 2.79470 2.85471 2.85471 2.90382 2.87018 2.82249 2.78993 2.71589 2.63305 2.54332 2.58517 2.76272 2.70955 2.70561 2.79236 2.28630 2.46890 2.57891 2.73726 3.18691 3.37416 3.45921 3.71909 3.71500 5.08190 5.28500 5.25223 5.20254 5.20254 5.05753
14.6115 14.8193 14.0778 13.4326 12.9466 11.3282 11.1390 11.0419 10.3755 9.80923 11.1767 11.1941 11.0454 10.8957 10.8354 10.8354 10.8354 11.1675 11.7110 12.0397 11.6307 13.1306 11.9725 12.0870 2.35011 2.19040 2.19040 2.19040 2.19040 2.19040 2.19040 2.52350 2.62953 2.65279 2.50753 2.62322 2.71968 2.71968 2.79470 2.77843 2.75625 2.66129 2.53664 2.49158 2.48796 2.47648 2.46384 2.50542 2.65784 2.76684 2.85131 3.14871 3.08960 3.09488 3.14198 3.15644 3.52286 3.53841 3.54462 3.77193 3.67410 4.57818 5.29622 5.25364 5.20254 5.20254 5.05753
12.8535 12.0604 11.2386 11.1683 10.9377 10.8986 10.8134 10.6231 10.1684 9.08386 9.94862 10.6986 10.6689 10.6689 10.6689 10.6538 10.4734 10.2779 10.6734 10.2552 9.57201 11.3936 10.1787 10.7049 2.44774 2.21287 2.19040 2.19040 2.19040 2.19040 2.19040 2.15175 2.57888 2.59786 2.76233 2.86588 2.87520 2.78483 2.71767 2.60717 2.60537 2.61859 2.59361 2.60357 2.59621 2.55660 2.57618 2.59532 2.83157 4.24868 4.61553 4.51178 3.87148 3.58680 3.54462 3.54462 3.54462 3.54462 3.54462 3.77193 3.67410 3.90874 5.27454 5.25364 5.19675 5.10514 4.84614
