results/OMI_NO2_200609.asc
ncols      200
nrows      200
xllcorner       120.258
yllcorner       41.1236
cellsize     0.0166667
NODATA_Value      -999.000
[rows 145 to 173 of 200, columns 66 to 131 of 200]
2.26626 2.29041 2.39636 2.69509 2.80632 2.99596 3.08136 3.16193 3.23469 3.29027 3.42730 3.50033 3.53956 3.57581 3.60899 3.69130 3.74151 3.72524 3.67290 3.62727 3.33172 3.06337 3.02113 2.90969 2.51391 2.49310 2.49195 2.49195 2.49195 2.49195 2.49195 2.49195 2.49195 2.46773 2.49852 2.35244 2.30799 2.23678 2.26326 2.14391 2.06833 2.28476 2.49014 2.49371 2.49727 2.50084 2.50992 2.33929 2.34021 2.37258 2.40446 2.43584 2.36846 2.28841 2.21204 2.17917 2.28298 2.27308 2.25549 2.11251 1.94295 1.94360 1.94618 1.95041 1.95462 1.94458
2.46474 2.59332 2.83982 3.07738 3.20700 3.27462 3.29307 3.32714 3.36042 3.39352 3.56394 3.61550 3.63247 3.62988 3.62729 3.64768 3.73325 3.70968 3.66854 3.54715 3.36418 2.96884 2.94310 2.94164 2.58940 2.49195 2.49195 2.49195 2.49195 2.49195 2.47460 2.42169 2.37077 2.29691 2.30128 2.26988 2.27015 2.24166 2.28130 2.26893 2.10797 2.16184 2.57903 2.61360 2.64383 2.67380 2.68620 2.52684 2.42702 2.43030 2.43406 2.43830 2.39974 2.33880 2.26040 2.21292 2.22904 2.24360 2.34234 2.28941 2.01516 2.00708 2.01304 2.03042 2.06801 2.11266
2.79051 2.88636 2.98525 3.13441 3.30257 3.37093 3.42532 3.42312 3.42058 3.41975 3.51777 3.58329 3.62472 3.62464 3.60747 3.58009 3.64897 3.61645 3.60140 3.51213 3.44076 3.08148 2.96108 2.95178 2.77902 2.49591 2.46382 2.41627 2.37133 2.33403 2.31522 2.33200 2.34679 2.30273 2.21200 2.23830 2.24549 2.22957 2.23562 2.23737 2.12795 2.08072 2.56113 2.69859 2.70546 2.70884 2.70801 2.62503 2.44870 2.43938 2.43275 2.42612 2.40226 2.31999 2.22456 2.18597 2.19309 2.21956 2.31813 2.38057 2.19844 2.15411 2.19308 2.23926 2.26789 2.28990
2.74409 3.19256 3.20382 3.18065 3.34477 3.38006 3.45294 3.46241 3.47174 3.48112 3.53305 3.62614 3.62901 3.60919 3.63157 3.66981 3.77235 3.80482 3.65909 3.56809 3.51609 3.23197 3.05680 3.16414 3.07027 2.37393 2.34774 2.35909 2.36794 2.36893 2.36849 2.36804 2.36760 2.35866 2.19640 2.24610 2.26380 2.26941 2.23138 2.22454 2.20919 2.06253 2.32350 2.64811 2.64139 2.63908 2.64050 2.60903 2.44872 2.43751 2.43800 2.43859 2.43886 2.38631 2.31578 2.26802 2.30463 2.35498 2.45725 2.59704 2.52869 2.37477 2.39336 2.39860 2.40144 2.40417
2.65020 3.32637 3.36934 3.34834 3.44364 3.51769 3.60852 3.65500 3.68306 3.71069 3.75381 3.88470 3.93769 3.95655 3.96767 3.97363 4.01055 4.09564 3.84551 3.83184 3.77951 3.71090 3.31658 3.26850 3.19981 2.51428 2.37619 2.38655 2.39856 2.40644 2.41330 2.42015 2.42704 2.43229 2.27557 2.29755 2.30547 2.29917 2.24486 2.15005 2.15655 2.04892 2.08030 2.61565 2.62009 2.61482 2.61005 2.60589 2.53308 2.51055 2.51208 2.50225 2.50212 2.49470 2.48805 2.47941 2.53760 2.58208 2.64191 2.75052 2.75260 2.51261 2.50073 2.50396 2.50703 2.51010
2.79782 3.41632 3.69032 3.69705 3.73341 3.84146 3.86529 3.90283 3.90389 3.90710 3.91046 3.99458 4.07479 4.10826 4.20074 4.29688 4.36875 4.50263 4.25771 4.03156 3.75551 3.68231 3.36677 3.32896 3.32910 2.85586 2.40720 2.39380 2.37857 2.36767 2.35803 2.34840 2.33351 2.29930 2.15282 2.14847 2.16779 2.15116 2.12996 2.07787 2.07406 2.04905 1.96045 2.40977 2.57237 2.57237 2.57980 2.59055 2.64641 2.61365 2.64501 2.69737 2.74104 2.74460 2.70553 2.61475 2.62789 2.64762 2.67256 2.80060 2.83514 2.62915 2.51875 2.51223 2.50634 2.50031
2.80342 3.30708 3.83540 3.83771 3.81970 3.93105 3.95656 4.02828 4.03779 4.07938 4.16872 4.29867 4.43676 4.50018 4.41149 4.33238 4.27659 4.30202 4.14808 3.78248 3.40488 3.34181 3.24137 3.26513 3.25628 3.06451 2.35164 2.26288 2.23871 2.20637 2.17334 2.14074 2.11356 2.10495 2.04456 1.96758 2.04635 2.05554 2.05583 2.04070 2.06892 2.08847 1.99929 2.23654 2.60928 2.62288 2.64521 2.66474 2.72149 2.74175 2.76327 2.76305 2.75728 2.74740 2.68864 2.63270 2.59458 2.58385 2.58323 2.66607 2.69973 2.58761 2.47488 2.49203 2.49203 2.49259
2.74146 3.20624 3.77884 3.90835 3.87961 3.99072 4.13396 4.23169 4.24276 4.20593 4.11669 4.05445 4.06538 4.14345 4.10813 4.07538 4.04443 4.02254 3.97749 3.62601 3.23931 3.14519 3.04789 3.04699 3.02825 2.96948 2.37760 2.09671 2.08750 2.08643 2.08643 2.08643 2.08643 2.08643 2.07797 1.92065 2.04394 2.05630 2.08571 2.10861 2.15274 2.17305 2.11294 2.11360 2.63845 2.66585 2.65776 2.64959 2.65794 2.69245 2.64898 2.60130 2.56432 2.53427 2.46635 2.44082 2.47036 2.50427 2.53396 2.63053 2.72871 2.74203 2.53477 2.58645 2.60278 2.61835
2.69982 3.13857 3.69277 4.16230 4.19111 4.16660 4.07876 3.98677 3.90556 3.88931 3.86254 3.84199 3.87492 3.96012 3.94958 3.93880 3.93887 3.94039 3.95940 3.70934 3.28238 3.10666 2.99939 2.95509 2.97270 2.97034 2.65579 2.10704 2.08643 2.08643 2.08643 2.08643 2.08643 2.09459 2.12746 2.00924 2.11931 2.14763 2.11978 2.09973 2.07422 2.07355 2.04544 2.06706 2.43795 2.54804 2.51125 2.48319 2.46277 2.53953 2.51285 2.55640 2.56278 2.56453 2.54359 2.50929 2.52710 2.54350 2.65873 2.77990 2.73354 2.75876 2.58254 2.55943 2.55876 2.54321
3.11454 3.44413 3.77993 4.03101 4.02170 3.96816 3.91723 3.88795 3.78764 3.76332 3.76163 3.76169 3.81925 3.89025 3.95919 3.93942 3.93903 3.93427 3.93957 3.78659 3.37299 3.07522 3.01452 2.94565 2.96918 2.96371 2.86169 2.21945 2.05922 2.07009 2.09831 2.12478 2.14008 2.14346 2.12209 2.06497 2.12449 2.18828 2.18805 2.24537 2.29156 2.39166 2.41913 2.45284 2.48590 2.51143 2.51455 2.51146 2.50641 2.58518 2.57065 2.58201 2.58721 2.59259 2.59208 2.54504 2.56860 2.57951 2.59687 2.78236 2.67964 2.62815 2.51657 2.35884 2.36218 2.35548
3.15499 3.35071 3.71666 3.80754 3.83276 3.86413 3.85898 3.84638 3.79739 3.77069 3.77718 3.78364 3.80142 3.81533 3.93415 3.89955 3.85567 3.83643 3.81183 3.74519 3.41588 3.00032 2.96350 2.86169 2.86527 2.81733 2.71649 2.35233 2.09824 2.09787 2.08118 2.06701 2.09638 2.14575 2.19391 2.24409 2.34194 2.49479 2.43515 2.41915 2.39911 2.46642 2.45310 2.43795 2.48141 2.52093 2.53244 2.53899 2.54408 2.59946 2.64923 2.61437 2.63534 2.64207 2.64876 2.54456 2.52500 2.52694 2.37694 2.58691 2.57781 2.54865 2.52584 2.29880 2.33659 2.33866
3.15202 3.35462 3.69355 3.77542 3.88432 3.92305 3.95514 3.93941 3.92194 3.84809 3.82987 3.81365 3.75797 3.66238 3.70691 3.69583 3.57797 3.55533 3.55521 3.57111 3.44255 2.96014 2.82071 2.64168 2.51370 2.46869 2.41714 2.27644 2.20971 2.21068 2.25193 2.28346 2.28658 2.27513 2.26369 2.25269 2.25539 2.38696 2.35613 2.34097 2.36572 2.47473 2.52285 2.51369 2.52131 2.54360 2.56405 2.57287 2.58244 2.61426 2.69563 2.61544 2.63794 2.63866 2.66040 2.61060 2.54906 2.57700 2.43807 2.50182 2.58889 2.54742 2.44210 2.23397 2.18049 2.17614
3.14837 3.30696 3.56445 3.70328 3.74433 3.76754 3.80187 3.76040 3.74158 3.65898 3.65173 3.65296 3.64359 3.52908 3.54268 3.63019 3.52980 3.43480 3.35722 3.28577 3.12411 2.68013 2.46421 2.33939 2.25154 2.18617 2.15170 2.26348 2.37260 2.26352 2.26668 2.29199 2.31667 2.34059 2.36450 2.39130 2.45331 2.50227 2.50179 2.48526 2.49823 2.57704 2.64896 2.64147 2.63540 2.62996 2.65367 2.65484 2.65484 2.65237 2.68426 2.66791 2.70284 2.71648 2.70596 2.66057 2.54277 2.56537 2.49311 2.42405 2.60623 2.55291 2.44123 2.30149 2.13762 2.16811
3.16616 3.26381 3.43637 3.53164 3.54674 3.65702 3.71515 3.70771 3.69161 3.64151 3.59631 3.59380 3.57027 3.39183 3.29153 3.25360 3.12447 2.99581 2.95337 2.93260 2.91371 2.69933 2.46142 2.43661 2.32165 2.24230 2.26637 2.31688 2.57582 2.48617 2.50459 2.52731 2.56103 2.59730 2.63359 2.66700 2.70607 2.72685 2.70740 2.66388 2.67536 2.68780 2.66394 2.65921 2.63519 2.63940 2.65277 2.66592 2.67798 2.68351 2.69741 2.71234 2.68909 2.69472 2.69472 2.69434 2.56470 2.56774 2.55768 2.35958 2.51191 2.43741 2.31056 2.15463 2.10210 2.14450
3.21456 3.25962 3.41707 3.51855 3.51157 3.61711 3.66906 3.69681 3.64111 3.55325 3.38335 3.28763 3.21042 3.15107 3.10298 3.12832 3.06694 2.94060 2.87193 2.85776 3.04573 2.86452 2.56732 2.56098 2.49945 2.49521 2.50634 2.52936 2.74208 2.77930 2.71891 2.73277 2.73535 2.73535 2.73535 2.73535 2.74664 2.78045 2.74171 2.69431 2.67928 2.68143 2.66995 2.67830 2.68782 2.71964 2.68553 2.69900 2.69882 2.70577 2.71936 2.75803 2.73903 2.70931 2.66885 2.62495 2.47485 2.34979 2.27890 2.10215 2.18318 2.25480 2.21883 2.09087 2.09273 2.14484
3.27336 3.27334 3.38445 3.48940 3.59175 3.52229 3.49167 3.45523 3.43466 3.47428 3.25205 3.21630 3.24249 3.14005 2.97405 2.91922 2.75381 2.60866 2.50857 2.48729 2.77554 2.70295 2.51565 2.51406 2.58088 2.61883 2.60901 2.62489 2.72169 2.86321 2.73753 2.73535 2.73535 2.73535 2.73535 2.73535 2.73584 2.77417 2.74500 2.73121 2.74569 2.79398 2.83780 2.85063 2.85399 2.82829 2.77140 2.71729 2.66734 2.61611 2.55887 2.54130 2.47284 2.42904 2.42167 2.42031 2.37750 2.27513 2.27460 2.20450 2.15315 2.32131 2.32223 2.19729 2.17130 2.20021
3.44543 3.57656 3.70381 3.74867 3.83996 3.49794 3.20424 3.30530 3.40497 3.42378 3.21691 2.95426 2.89176 2.85073 2.67999 2.65361 2.60732 2.53845 2.42414 2.41914 2.63249 2.75329 2.56950 2.57222 2.60516 2.67656 2.62460 2.62984 2.64336 2.86208 2.78838 2.74414 2.74671 2.74495 2.74667 2.77306 2.81086 2.85167 2.85885 2.84660 2.84239 2.82690 2.80907 2.76617 2.73522 2.67378 2.63373 2.42228 2.41048 2.41914 2.42450 2.46460 2.47989 2.45729 2.47018 2.47424 2.46762 2.32791 2.31475 2.28929 2.13048 2.31260 2.37448 2.27288 2.21841 2.22234
3.92508 3.93137 3.97034 3.87647 4.04915 4.03019 3.27020 3.19565 3.11390 3.16280 3.12975 2.80827 2.80346 2.80076 2.68278 2.65898 2.65783 2.55781 2.50090 2.50438 2.62067 2.88001 2.67281 2.63217 2.63866 2.73400 2.69742 2.69839 2.70377 2.86596 2.90549 2.81837 2.85275 2.89144 2.92667 2.92941 2.90680 2.84649 2.77932 2.72254 2.69847 2.69848 2.72193 2.71751 2.72149 2.72185 2.72848 2.56690 2.47528 2.46956 2.46630 2.48458 2.49021 2.45799 2.44056 2.43589 2.43053 2.36069 2.33830 2.33714 2.25697 2.33119 2.42532 2.33102 2.19389 2.17332
4.20827 4.30251 4.33749 4.18772 4.16601 4.19795 3.46970 3.18291 3.02141 3.07906 3.08211 2.81592 2.70170 2.69572 2.71400 2.73036 2.73155 2.68958 2.65351 2.67174 2.69558 3.02123 2.79617 2.65894 2.67336 2.73278 2.73391 2.69723 2.68577 2.74695 2.86997 2.89448 2.88323 2.86509 2.85720 2.86092 2.87886 2.87902 2.83937 2.82478 2.83464 2.84064 2.83875 2.80801 2.79277 2.79173 2.75134 2.65663 2.41225 2.40625 2.40030 2.40887 2.44742 2.45307 2.42479 2.42964 2.42941 2.38971 2.32836 2.29553 2.21410 2.17665 2.33310 2.28987 2.15878 2.15759
4.23997 4.23533 4.23073 4.13483 4.01236 4.09308 3.78265 3.13149 3.00551 3.01309 3.04221 2.90986 2.66421 2.66114 2.66477 2.68376 2.68108 2.67125 2.58267 2.58390 2.58573 2.82028 2.81096 2.63056 2.66580 2.68266 2.74834 2.69882 2.73741 2.76117 2.86635 2.91321 2.95801 2.97271 2.97666 2.97653 2.97695 2.97543 2.90651 2.85828 2.81331 2.82652 2.83862 2.81016 2.79646 2.79916 2.78883 2.78332 2.48566 2.44907 2.45039 2.39860 2.39708 2.36883 2.31782 2.29778 2.25983 2.22836 2.16482 2.13765 2.11180 2.02608 2.21322 2.23426 2.14950 2.13254
4.24007 4.26087 4.28164 4.27211 4.09455 4.17013 4.11657 3.26882 3.06014 2.96918 3.02508 3.00943 2.67292 2.65636 2.65825 2.69014 2.69206 2.69308 2.61297 2.54794 2.53572 2.64189 2.82444 2.62689 2.68555 2.68235 2.77020 2.82037 2.85908 2.85724 2.91018 2.94742 2.99655 3.00578 3.00459 3.01064 3.02070 3.03079 2.98310 2.92047 2.78140 2.76153 2.74357 2.72714 2.83476 2.82193 2.81947 2.79116 2.62999 2.42469 2.38557 2.28822 2.19180 2.14936 2.11852 2.18006 2.19688 2.19688 2.14965 2.13311 2.12559 2.03635 2.13899 2.23464 2.15405 2.12514
4.31870 4.30955 4.28821 4.26410 4.10313 4.09571 4.12318 3.60620 3.11632 2.96255 3.02229 3.03188 2.80096 2.66209 2.63266 2.60494 2.53489 2.45560 2.40844 2.48655 2.48534 2.51526 2.83561 2.66793 2.66682 2.65478 2.69642 2.74039 2.76574 2.76076 2.77917 2.85286 2.89792 2.91846 2.92941 2.93347 2.93347 2.93347 2.89677 2.85564 2.71035 2.69611 2.69533 2.68427 2.80955 2.80387 2.80372 2.70019 2.55745 2.20644 2.16720 2.12282 2.05283 2.06109 2.05429 2.10084 2.15639 2.14959 2.11190 2.08324 2.09902 2.05325 2.07530 2.26944 2.24428 2.18069
4.21166 4.19561 4.19177 4.19190 4.14660 4.06712 4.12336 3.95551 3.09029 2.86089 2.78744 2.74627 2.60445 2.41211 2.36726 2.35818 2.37867 2.39348 2.41099 2.51983 2.56756 2.57685 2.84184 2.80935 2.52926 2.49112 2.53971 2.68740 2.73590 2.76166 2.77936 2.86870 2.89194 2.93347 2.93347 2.93347 2.93347 2.93347 2.91597 2.85645 2.74196 2.66788 2.65867 2.62015 2.66640 2.68981 2.63764 2.58659 2.43184 2.18718 2.08770 2.08612 2.00170 2.01935 2.01561 2.02250 2.11826 2.12725 2.13320 2.11590 2.16935 2.16718 2.08784 2.32974 2.33710 2.24714
4.19073 4.17288 4.12255 4.06281 3.99737 3.81904 3.84908 3.81026 3.09107 2.56333 2.46124 2.54035 2.53955 2.41522 2.41158 2.42861 2.45303 2.45182 2.45061 2.48821 2.57194 2.57622 2.73203 2.88883 2.59519 2.52830 2.54793 2.72878 2.76359 2.78578 2.78578 2.83731 2.87853 2.92212 2.92335 2.91326 2.89341 2.87468 2.85792 2.72561 2.63810 2.50246 2.47407 2.46772 2.49079 2.56221 2.52663 2.50314 2.32667 2.21743 2.04834 2.04559 1.97866 1.99428 2.02090 2.05027 2.15988 2.22485 2.23084 2.17989 2.20511 2.22661 2.14297 2.31523 2.44304 2.38939
3.87013 3.82955 3.82300 3.82630 3.83453 3.69916 3.70861 3.67312 3.36890 2.62107 2.44630 2.55645 2.57083 2.48800 2.42112 2.42174 2.44845 2.44975 2.45032 2.45438 2.54908 2.59061 2.69791 3.01473 2.75563 2.58565 2.58261 2.69303 2.77327 2.80011 2.80047 2.81997 2.90221 2.88061 2.87610 2.85050 2.83472 2.81783 2.79534 2.63676 2.55680 2.39003 2.37411 2.36000 2.34131 2.45805 2.49050 2.52976 2.48608 2.35294 2.22644 2.24204 2.22111 2.23568 2.24834 2.26318 2.31684 2.41948 2.42244 2.35233 2.29886 2.29396 2.31392 2.45162 2.66647 2.74549
3.82850 3.79361 3.73574 3.67798 3.63217 3.57978 3.57627 3.62248 3.57766 2.87021 2.48546 2.51386 2.56934 2.53917 2.41945 2.41916 2.48283 2.49044 2.46392 2.43519 2.47317 2.54566 2.64869 2.92953 2.84776 2.59932 2.59393 2.65786 2.81168 2.85763 2.90323 2.94489 3.04373 3.01495 2.83388 2.81792 2.80520 2.78711 2.76114 2.65726 2.53991 2.39226 2.33072 2.31506 2.32148 2.48606 2.57121 2.62061 2.58162 2.38135 2.43248 2.41623 2.37797 2.27066 2.25893 2.24763 2.23103 2.31199 2.33019 2.27131 2.16149 2.18303 2.20447 2.32905 2.58633 2.77221
3.65211 3.63442 3.63781 3.64289 3.64813 3.64349 3.59473 3.67427 3.67950 3.25892 2.58267 2.49278 2.58187 2.56164 2.41172 2.36659 2.41222 2.48402 2.49426 2.50351 2.51991 2.63808 2.74704 2.99076 3.07413 2.76877 2.73791 2.77112 2.95686 3.01129 3.03840 3.02021 3.00150 2.97348 2.76633 2.70303 2.69244 2.68654 2.68224 2.62307 2.44809 2.38007 2.31351 2.28067 2.24457 2.34739 2.41550 2.54251 2.52247 2.40514 2.32572 2.37417 2.34890 2.24916 2.24003 2.24062 2.23032 2.28991 2.35470 2.35919 2.22716 2.26926 2.31258 2.46392 2.66741 2.86525
3.76433 3.75596 3.74400 3.73219 3.72072 3.72597 3.62902 3.69011 3.69539 3.56846 2.77222 2.48063 2.57762 2.59293 2.52087 2.44260 2.46514 2.55780 2.55880 2.56774 2.57828 2.66058 2.76914 2.98125 3.23237 2.88913 2.78948 2.78136 2.88086 2.92418 2.90300 2.91522 2.91336 2.90954 2.78002 2.61270 2.59851 2.58030 2.54344 2.49348 2.25182 2.19308 2.21054 2.21961 2.22764 2.31161 2.30819 2.46516 2.48886 2.47602 2.30365 2.36933 2.33679 2.24776 2.21295 2.23442 2.26775 2.34910 2.47564 2.48527 2.35681 2.32708 2.34020 2.42487 2.59258 2.83515
3.73976 3.73900 3.74260 3.74929 3.75572 3.75797 3.65626 3.65131 3.67408 3.65292 3.09430 2.52518 2.54826 2.60275 2.58535 2.46917 2.48184 2.60172 2.62194 2.65454 2.69376 2.75878 2.86241 3.00095 3.21385 2.91285 2.68803 2.67933 2.72285 2.84357 2.82826 2.88046 2.88159 2.88276 2.83002 2.56715 2.49928 2.46003 2.44806 2.44811 2.29616 2.23141 2.25160 2.26107 2.26384 2.30480 2.32904 2.40097 2.46483 2.44081 2.33214 2.35465 2.41254 2.38199 2.35811 2.35077 2.34162 2.33873 2.43070 2.43887 2.35165 2.26449 2.33087 2.37011 2.51137 2.76661
