results/OMI_NO2_200907.asc
ncols      200
nrows      200
xllcorner       120.258
yllcorner       41.1236
cellsize     0.0166667
NODATA_Value      -999.000
[rows 0 to 29 of 200, columns 132 to 197 of 200]
0.704720 0.704720 0.704720 0.704720 0.704720 0.704720 0.704720 0.704720 0.704720 0.704720 0.700908 0.679219 0.660701 0.646470 0.635202 0.626047 0.621401 0.621368 0.621368 0.610259 0.785708 1.65430 2.25960 2.60513 2.72689 2.66465 2.61891 3.30735 3.65338 3.65338 3.65338 3.41155 1.94264 1.94264 1.94264 1.94264 1.94264 1.94264 1.94264 1.90913 1.81261 1.74602 1.69959 1.68556 1.22514 1.04774 1.03453 1.03453 1.03453 1.03453 1.05614 1.39264 1.75826 2.03092 2.15873 2.16608 2.15603 2.15640 2.16966 2.17787 1.72928 1.65803 1.67440 1.69200 1.69200 1.69200
0.704720 0.704720 0.704720 0.704720 0.704720 0.719406 0.741584 0.758171 0.689690 0.629411 0.622257 0.621368 0.621368 0.621368 0.621368 0.621368 0.678995 1.14167 1.63257 2.05407 2.63167 2.64633 2.61508 2.61492 2.61492 2.61492 2.61492 2.90540 3.65338 3.65338 3.65338 3.65321 2.55825 1.94264 1.94264 1.93786 1.85221 1.77259 1.71819 1.68744 1.68585 1.68585 1.68585 1.68585 1.42732 1.03453 1.04575 1.35843 1.73068 2.03259 2.26853 2.28959 2.26935 2.24908 2.17884 2.19424 2.20066 2.20066 2.20066 2.20066 1.98311 1.65803 1.66020 1.69157 1.69200 1.69200
0.730004 0.749423 0.764217 0.775868 0.785278 0.789193 0.789193 0.789193 0.743799 0.621368 0.621368 0.621368 0.636968 1.03928 1.56225 1.99893 2.33306 2.43668 2.45843 2.45843 2.51391 2.61492 2.61492 2.61492 2.61492 2.61492 2.61492 2.64370 3.57000 3.65338 3.65338 3.65338 3.23520 1.80402 1.74015 1.69616 1.68585 1.68585 1.68585 1.68585 1.68585 1.68585 1.68923 1.92578 2.22052 2.04480 2.25759 2.31700 2.29487 2.27798 2.26677 2.27478 2.27624 2.27624 2.21439 2.20066 2.20066 2.20066 2.20066 2.20066 2.17149 1.66119 1.58682 1.62813 1.69200 1.69200
0.789193 0.789193 0.789193 0.789193 0.789193 0.789193 0.789193 0.789193 0.787889 0.953991 1.48860 1.94159 2.30595 2.44483 2.45843 2.45843 2.45843 2.45843 2.45843 2.45843 2.46161 2.59826 2.61492 2.61492 2.61492 2.61492 2.61492 2.61492 3.13838 3.51097 3.19047 3.01389 2.90870 1.95878 1.68585 1.68585 1.68585 1.68585 1.68633 1.89618 2.21789 2.47761 2.68896 2.73788 2.65353 2.41375 2.28482 2.27628 2.27624 2.27624 2.27624 2.27624 2.27624 2.27624 2.23307 2.20066 2.20013 2.18133 2.15359 2.12587 2.10381 1.82912 1.54879 1.62205 1.88192 1.97417
0.789193 0.789193 0.789193 0.789193 0.789193 0.998089 1.55465 2.01047 2.38236 2.50715 2.45843 2.45843 2.45843 2.45843 2.45843 2.45843 2.45843 2.45843 2.45843 2.45843 2.45843 2.53250 2.61492 2.61492 2.61492 2.61492 2.61492 2.61492 2.78074 3.52027 2.92169 2.91194 2.91194 2.55660 1.68585 1.86597 2.19369 2.45787 2.67148 2.74477 2.68326 2.59774 2.52607 2.47836 2.47245 2.44473 2.27866 2.27624 2.27624 2.27624 2.27624 2.27624 2.27624 2.26676 2.21396 2.13815 2.11093 2.10203 2.12661 2.17249 2.21834 2.21928 1.79665 1.78516 1.98059 2.10118
0.789193 0.977515 1.94691 2.81501 2.47542 2.56274 2.57031 2.57031 2.57031 2.55692 2.45943 2.45843 2.45843 2.45843 2.45843 2.45843 2.45843 2.45843 2.45843 2.45843 2.45843 2.46981 2.60869 2.61492 2.61492 2.61252 2.60672 2.60089 2.59596 3.41409 3.13299 2.91854 2.93939 2.94248 2.67751 2.74042 2.70953 2.62404 2.54980 2.49407 2.47245 2.47245 2.47245 2.47245 2.47245 2.47245 2.33260 2.27624 2.27624 2.27463 2.24924 2.21594 2.18269 2.16565 2.21019 2.20862 2.25929 2.31176 2.33891 2.34366 2.34850 2.35299 2.02182 1.77972 1.83178 2.19148
3.33686 3.85722 3.91621 3.91621 3.29899 2.57031 2.57031 2.57031 2.57031 2.57031 2.48925 2.45843 2.45843 2.45843 2.45843 2.45843 2.45843 2.45843 2.45843 2.45763 2.45246 2.44663 2.53349 2.59147 2.58564 2.58222 2.58219 2.58574 2.60517 3.02109 3.59039 2.97608 2.95126 2.86930 2.68645 2.51726 2.47578 2.47245 2.47245 2.47245 2.47245 2.47245 2.47245 2.47245 2.47245 2.47245 2.40445 2.23070 2.19740 2.19095 2.23805 2.29309 2.34813 2.39640 2.40337 2.40337 2.40337 2.40324 2.38434 2.35218 2.31989 2.25365 2.10020 1.55542 1.40651 1.71027
3.91621 3.91621 3.91621 3.91621 3.84691 2.66157 2.57031 2.57031 2.57031 2.57031 2.53258 2.45843 2.45843 2.45838 2.45469 2.44886 2.44304 2.43721 2.43139 2.42636 2.42570 2.42570 2.45029 2.58280 2.60068 2.61907 2.62731 2.63113 2.61908 2.67680 3.65807 2.96946 2.66604 2.64569 2.63705 2.48404 2.47245 2.47245 2.47245 2.47245 2.47245 2.47245 2.46868 2.43393 2.39235 2.35074 2.32479 2.31092 2.37349 2.40332 2.40337 2.40337 2.40337 2.40337 2.38713 2.35490 2.32269 2.27982 2.20319 2.11127 1.97405 1.86998 1.80158 1.31852 1.08179 1.15541
3.91621 3.91621 3.91621 3.91621 3.91621 3.23124 2.57031 2.57031 2.55925 2.51188 2.45872 2.43048 2.43362 2.42785 2.42570 2.42570 2.42570 2.42570 2.42570 2.42596 2.43970 2.47279 2.52332 2.61504 2.61469 2.60367 2.60281 2.60281 2.60281 2.60281 3.25890 3.39355 2.65115 2.64569 2.64569 2.55582 2.47245 2.47245 2.47245 2.45237 2.41076 2.36916 2.33134 2.32448 2.32448 2.32448 2.32448 2.35759 2.40337 2.40337 2.38977 2.35764 2.32545 2.29274 2.23177 2.11210 1.97347 1.84561 1.77025 1.72347 1.72207 1.72207 1.72207 1.58608 1.08179 1.08312
3.91621 3.91621 3.91602 3.88651 3.83636 3.68161 2.44882 2.33987 2.30072 2.29789 2.29789 2.36968 2.42570 2.42570 2.42570 2.42570 2.43545 2.47353 2.52421 2.57461 2.61154 2.62912 2.62927 2.62211 2.60281 2.60281 2.60281 2.60281 2.60281 2.60281 2.85891 3.68430 2.86204 2.64569 2.64569 2.62439 2.43511 2.38760 2.34598 2.32448 2.32448 2.32448 2.32448 2.32448 2.32448 2.32448 2.31046 2.27366 2.32082 2.29594 2.24383 2.11159 1.97289 1.83473 1.74107 1.72207 1.72207 1.72207 1.72207 1.72207 1.72207 1.72207 1.72207 1.71921 1.19736 0.993627
3.76471 3.71466 3.66449 3.64379 3.64379 3.64379 2.89092 2.29789 2.29789 2.29789 2.29789 2.32053 2.43245 2.47445 2.52510 2.57577 2.61683 2.62927 2.62927 2.62927 2.62927 2.62927 2.62927 2.62918 2.60738 2.60281 2.60281 2.60281 2.60281 2.60281 2.61828 3.55323 3.38150 2.58593 2.53766 2.50213 2.39581 2.32448 2.32448 2.32448 2.32448 2.32448 2.31321 2.27417 2.23390 2.19343 2.13599 2.02398 1.93844 1.83371 1.72853 1.72207 1.72207 1.72207 1.72207 1.72207 1.72207 1.72207 1.72207 1.72207 1.70587 1.66824 1.63046 1.59526 1.38907 0.911398
3.64379 3.64379 3.64379 3.64379 3.64379 3.64379 3.49694 2.33100 2.30376 2.34753 2.39818 2.44888 2.59385 2.62927 2.62927 2.62927 2.62927 2.62927 2.62927 2.62927 2.62927 2.62927 2.62927 2.62927 2.61886 2.60281 2.60281 2.60281 2.60281 2.60281 2.60281 3.09521 3.68430 2.74255 2.49772 2.49772 2.47421 2.32671 2.31559 2.27762 2.23732 2.19290 2.12341 2.04496 1.90995 1.77343 1.66791 1.64261 1.65171 1.72053 1.72207 1.72207 1.72207 1.72207 1.72207 1.72207 1.71763 1.68491 1.64713 1.60938 1.58783 1.58400 1.57090 1.55611 1.53027 0.763973
3.64379 3.64379 3.64379 3.64379 3.64890 3.65799 3.66157 2.91920 2.49456 2.50146 2.50146 2.50146 2.55335 2.62927 2.62927 2.62927 2.62927 2.62927 2.62927 2.62927 2.62927 2.62927 2.62927 2.62927 2.62834 2.60491 2.60281 2.60281 2.60221 2.59839 2.59410 2.72563 3.68397 3.33200 2.50130 2.48409 2.47033 2.27650 2.10863 2.05158 1.93263 1.80008 1.70384 1.64430 1.64261 1.64261 1.64261 1.64261 1.64261 1.69736 1.72207 1.72207 1.72203 1.70157 1.66382 1.62605 1.59241 1.57828 1.56422 1.54874 1.53158 1.51830 1.51777 1.51777 1.51777 1.18070
3.63562 3.67168 3.67538 3.67893 3.67740 3.67187 3.67187 3.49773 2.51318 2.50146 2.50146 2.50146 2.50894 2.62449 2.62927 2.62927 2.62927 2.62927 2.62927 2.62927 2.62927 2.62927 2.62922 2.62646 2.62216 2.60423 2.58712 2.58282 2.57913 2.57865 2.57790 2.56432 3.33350 3.55298 2.58313 2.32038 2.23371 2.05552 1.74270 1.66034 1.64261 1.64261 1.64261 1.64261 1.64261 1.64261 1.64261 1.64261 1.64261 1.65425 1.68047 1.64272 1.60216 1.57193 1.55724 1.54102 1.52349 1.51777 1.51777 1.51777 1.51777 1.51719 1.51554 1.51386 1.52354 1.53332
3.68942 3.67197 3.67187 3.67187 3.67187 3.67187 3.67187 3.67187 2.89152 2.50146 2.50146 2.50146 2.50146 2.58281 2.62927 2.62927 2.62927 2.62796 2.62378 2.61948 2.61519 2.61089 2.60665 2.60511 2.60511 2.60247 2.57920 2.56798 2.54502 2.47388 2.39098 2.32114 2.56122 3.15703 2.82656 1.97474 1.92158 1.92133 1.71707 1.64261 1.64261 1.64261 1.64261 1.64261 1.64261 1.64200 1.61144 1.56425 1.51708 1.47842 1.53719 1.53290 1.51870 1.51777 1.51777 1.51777 1.51777 1.51730 1.51567 1.51399 1.51402 1.54570 1.59540 1.67215 1.74138 1.77935
3.67886 3.67211 3.67187 3.67187 3.67187 3.67187 3.67187 3.67187 3.44232 2.50368 2.50146 2.50955 2.63240 2.78733 2.61680 2.61250 2.60821 2.60521 2.60511 2.60511 2.60511 2.60511 2.60511 2.59807 2.59730 2.66002 2.51904 2.30005 2.23957 2.22714 2.22714 2.22714 2.27053 3.11539 3.15703 2.14379 1.92133 1.92133 1.84610 1.64261 1.64261 1.64261 1.63043 1.58509 1.53792 1.49132 1.47468 1.47468 1.47468 1.47468 1.48983 1.51777 1.51777 1.51740 1.51581 1.51413 1.51245 1.52682 1.58866 1.66931 1.74826 1.79605 1.82707 1.83096 1.83096 1.83096
3.67952 3.67485 3.67187 3.67187 3.67187 3.67187 3.73714 3.97475 4.25408 3.51949 3.36679 3.64943 3.72399 3.71628 2.71244 2.60511 2.60511 2.60511 2.60511 2.60097 2.61216 2.67909 2.74753 2.82304 2.89228 2.89804 2.76279 2.22740 2.22714 2.22714 2.22714 2.22714 2.22714 2.75047 3.15703 2.73852 1.92357 1.92133 1.91907 1.66015 1.55874 1.51156 1.47654 1.47468 1.47468 1.47468 1.47468 1.47468 1.47468 1.46916 1.45401 1.47332 1.49527 1.51858 1.58579 1.66644 1.74708 1.81219 1.83096 1.83096 1.83096 1.83096 1.83096 1.83096 1.83096 1.83096
3.68351 3.83844 4.09065 4.38716 4.73097 5.13335 5.46554 5.47960 5.47960 5.04061 3.72399 3.72399 3.72399 3.72399 3.07137 2.60311 2.62969 2.69815 2.76659 2.83922 2.89652 2.89804 2.89804 2.89804 2.89804 2.89804 2.89804 2.38560 2.22714 2.22714 2.22714 2.22714 2.22714 2.41836 3.15703 3.15703 2.08858 1.81112 1.76573 1.65758 1.47468 1.47468 1.47468 1.47158 1.45765 1.44363 1.42959 1.41638 1.40410 1.39271 1.39893 1.48316 1.65730 1.81759 1.83096 1.83096 1.83096 1.83096 1.83096 1.83096 1.83096 1.83096 1.83096 1.83853 1.87136 1.90613
5.33228 5.49108 5.48281 5.47960 5.47960 5.47960 5.47960 5.47960 5.47960 5.47925 4.11461 3.72480 3.78949 3.89214 3.80640 2.86574 2.89804 2.89804 2.89804 2.89804 2.89804 2.89804 2.89804 2.89804 2.89804 2.89804 2.89804 2.67919 2.22714 2.22714 2.22714 2.22714 2.22714 2.23379 3.01134 3.15703 2.66849 1.75303 1.72843 1.70021 1.46628 1.42137 1.40905 1.39936 1.39720 1.38952 1.38416 1.40566 1.43123 1.46038 1.47949 1.49802 1.68582 1.82228 1.83096 1.83096 1.83096 1.83096 1.83096 1.83182 1.85616 1.89088 1.92567 1.95289 1.94818 1.89762
5.49108 5.49108 5.48792 5.47960 5.47960 5.47960 5.47960 5.48716 5.34609 4.86735 4.06356 4.12537 4.16339 4.16339 4.16339 3.16607 2.89804 2.89804 2.89804 2.89804 2.89804 2.89804 2.89804 2.89804 2.89804 2.89804 2.89804 2.88919 2.31060 2.22714 2.22714 2.22729 2.23676 2.25157 2.51836 2.65785 2.56301 1.79497 1.65353 1.69250 1.59275 1.38637 1.37629 1.38678 1.41251 1.44463 1.47540 1.47952 1.47952 1.47952 1.47952 1.47952 1.61036 1.76878 1.83096 1.83096 1.84167 1.87564 1.91043 1.94437 1.92853 1.87209 1.82114 1.77493 1.73727 1.73151
5.49108 5.49108 5.49105 5.49898 5.50835 5.11608 4.53084 3.65443 2.92933 2.92871 2.94172 4.04869 4.16339 4.16339 4.16339 3.62841 2.89804 2.89804 2.89804 2.89804 2.89804 2.89804 2.89804 2.89804 2.89804 2.89804 2.90233 2.91678 2.62893 2.27560 2.29046 2.30516 2.31056 2.31063 2.36992 2.57381 2.63390 2.37750 1.75024 1.74640 1.75657 1.45948 1.46445 1.47952 1.47952 1.47952 1.47952 1.47952 1.47952 1.47952 1.47952 1.47952 1.52324 1.74180 1.89518 1.92531 1.90085 1.84780 1.79912 1.75495 1.73160 1.73151 1.73151 1.73151 1.75319 1.87893
5.52078 5.15311 4.50523 3.76115 3.02917 2.92871 2.92871 2.92871 2.92871 2.92871 2.92871 3.58862 4.16339 4.16339 4.16339 4.11856 2.96782 2.89804 2.89804 2.89804 2.89907 2.91102 2.92588 2.94075 2.95561 2.97047 2.98104 2.98147 2.94000 2.34276 2.33333 2.39730 2.45197 2.50024 2.51331 2.62193 2.64882 2.64823 1.97540 1.85336 1.85566 1.66909 1.47952 1.47952 1.47952 1.47952 1.47952 1.47952 1.47952 1.49101 1.51872 1.54656 1.57272 1.67640 1.76087 1.73892 1.73151 1.73151 1.73151 1.73151 1.74734 1.86768 2.00692 2.14626 2.24743 2.18945
2.68223 2.28643 2.28643 2.30622 2.87251 2.92871 2.92871 2.92871 2.92871 2.92871 2.92871 2.97165 4.08199 4.16339 4.16339 4.16339 3.34726 2.93498 2.94985 2.96472 2.97855 2.98147 2.98147 2.98147 2.98147 2.98147 2.99436 3.04326 2.98185 2.64121 2.50710 2.49149 2.48519 2.48519 2.48519 2.54879 2.64852 2.64852 2.38304 1.85634 1.85566 1.82680 1.49505 1.47952 1.47952 1.48260 1.50653 1.53437 1.56219 1.57856 1.57867 1.57867 1.57867 1.59732 1.67569 1.73151 1.74243 1.85638 1.98801 2.07083 2.12417 2.08544 2.07069 2.05862 2.06002 2.10547
2.28643 2.28643 2.28643 2.28643 2.60718 2.92871 2.92871 2.92871 2.92871 2.92871 2.92871 2.92871 3.66263 4.16339 4.16339 4.16339 3.87645 2.98170 2.98147 2.98147 2.98147 2.98147 2.98731 3.01689 2.94106 2.85050 2.74705 2.60779 2.57864 2.56506 2.48587 2.48519 2.48519 2.48519 2.48519 2.49386 2.64172 2.64852 2.64792 1.99620 1.85566 1.85567 1.65425 1.52219 1.55001 1.57477 1.57867 1.57867 1.57867 1.57867 1.57867 1.57867 1.58709 1.71193 1.89411 1.94489 2.00529 2.00380 2.00048 2.03591 2.07988 2.11815 2.12009 2.12009 2.12009 2.12009
2.28643 2.28643 2.28643 2.28643 2.34218 2.90867 2.92871 2.92871 2.92871 2.92871 2.92871 2.92871 3.01796 4.10852 4.16339 4.16339 4.16339 3.15593 2.98299 2.98539 2.90011 2.80960 2.71335 2.59331 2.57864 2.57864 2.57864 2.57864 2.57864 2.57864 2.51300 2.48519 2.48519 2.48519 2.48519 2.48519 2.58875 2.64852 2.64852 2.37194 1.91411 1.94179 1.90621 1.58417 1.57867 1.57867 1.57901 1.59047 1.61230 1.74006 1.92499 2.12497 2.33933 2.43853 2.43309 2.14436 2.10719 2.12009 2.12009 2.12009 2.12009 2.12009 2.12009 2.12009 2.12009 2.12009
2.28643 2.28643 2.28643 2.28643 2.28643 2.67942 2.92871 2.92871 2.92871 2.92871 2.92871 2.92871 2.92871 3.73161 4.16339 4.11481 3.97995 3.29321 2.67676 2.58383 2.57864 2.57864 2.57864 2.57864 2.57864 2.57864 2.57864 2.57864 2.57864 2.57864 2.55364 2.48519 2.48519 2.48519 2.48519 2.48519 2.52720 2.64852 2.64852 2.64704 2.06584 1.96964 2.00104 1.76558 1.64526 1.77306 1.97273 2.15850 2.35203 2.46069 2.50625 2.54719 2.57783 2.56954 2.56260 2.34212 2.12009 2.12009 2.12009 2.12009 2.12009 2.12009 2.12009 2.15133 2.22600 2.30864
2.28643 2.28643 2.28643 2.28643 2.28643 2.39633 2.92659 2.92871 2.92871 2.92871 2.92676 2.65151 2.18498 1.95159 3.57936 3.55992 3.55914 3.46821 2.60112 2.57864 2.57864 2.57864 2.57864 2.57864 2.57864 2.57864 2.57864 2.57864 2.57864 2.57864 2.57840 2.50112 2.48519 2.48519 2.48519 2.51523 2.63336 2.87369 3.00824 3.15369 2.82281 2.03534 1.73603 1.50720 2.35717 2.47977 2.53211 2.57324 2.59009 2.57340 2.56882 2.56882 2.56882 2.56882 2.56882 2.50266 2.13201 2.12009 2.12009 2.12904 2.19244 2.27151 2.35920 2.42843 2.50006 2.58264
2.28643 2.28643 2.28643 2.28643 2.28643 2.28643 2.73462 2.56911 2.10258 1.63644 1.17185 0.980755 0.980755 0.980755 2.79375 3.55914 3.55914 3.55914 2.83948 2.57864 2.57864 2.57864 2.57864 2.57864 2.57864 2.57864 2.57864 2.57864 2.57864 2.58579 2.68301 2.77871 2.86526 3.03800 3.23962 3.41003 3.41897 3.30481 2.86669 2.27418 1.56121 1.02366 1.07807 1.13487 2.28562 2.58040 2.56903 2.56882 2.56882 2.56882 2.56882 2.56882 2.56882 2.56882 2.56882 2.55721 2.28861 2.23605 2.32046 2.44672 2.53746 2.62386 2.71946 2.79995 2.80535 2.80535
2.28643 2.28643 2.27767 2.15463 1.99564 1.83652 1.50566 0.980755 0.980755 0.980755 0.980755 0.980755 0.980755 0.980755 1.45296 3.52280 3.55914 3.55914 3.21419 2.57864 2.57864 2.57864 2.57864 2.57864 2.63520 2.76629 2.91560 3.08721 3.28652 3.50529 3.55914 3.55400 3.42937 3.35767 2.96849 2.45184 1.83039 1.28082 1.48487 1.68579 1.71106 1.39165 1.10026 1.09612 1.59060 2.56882 2.56882 2.56882 2.56882 2.56882 2.56882 2.56882 2.59639 2.73431 2.90533 3.10663 3.00163 2.66711 2.76639 2.80535 2.80535 2.80535 2.80535 2.79906 2.60441 2.29064
1.98733 1.82827 1.67792 1.64223 1.64223 1.64223 1.63958 1.09030 0.980755 0.980755 0.980755 0.980755 0.980755 0.980755 0.980755 2.92198 3.55914 3.55914 3.54845 2.78194 2.85656 3.01906 3.20722 3.42737 3.55914 3.55914 3.55914 3.55914 3.55914 3.53481 3.22389 2.83995 2.22820 1.43368 1.55845 1.70843 1.71106 1.71106 1.71106 1.71106 1.71106 1.70376 1.14566 1.09612 1.10044 2.35251 2.56882 2.56882 2.57149 2.66748 2.82735 3.01476 3.18919 3.20470 3.20470 3.20470 3.36382 2.87669 2.80535 2.80284 2.62805 2.31782 2.01181 1.68802 1.69778 1.81317
