results/OMI_NO2_200706.asc
ncols      200
nrows      200
xllcorner       120.258
yllcorner       41.1236
cellsize     0.0166667
NODATA_Value      -999.000
[rows 29 to 57 of 175, columns 67 to 133 of 200]
2.15865 2.29649 2.50662 2.57489 2.54069 2.53687 2.53104 2.52518 2.52061 2.51403 2.50758 2.49789 2.47605 2.45480 2.43679 2.41308 2.42004 2.52408 2.52126 2.43702 2.40134 2.35537 2.32082 2.34338 2.38505 2.42278 2.46574 2.49474 2.50770 2.43181 2.34540 2.35095 2.33460 2.31143 2.32183 2.36189 2.37254 2.41997 2.51880 2.55206 2.69429 2.75539 2.75275 2.71938 2.70035 2.67932 2.67657 2.67383 2.67108 2.66927 2.67293 2.68491 2.69157 2.68786 2.66877 2.72104 2.74260 2.88413 3.20900 3.26191 3.31544 3.32958 3.35387 3.34556 3.25514 3.22565 3.30128
2.15089 2.18060 2.47824 2.56580 2.51250 2.48920 2.47797 2.46180 2.43572 2.41200 2.39155 2.37500 2.37059 2.36595 2.35794 2.35045 2.34582 2.42261 2.51228 2.42996 2.42311 2.43350 2.43151 2.42040 2.42325 2.42602 2.44704 2.50556 2.50675 2.48661 2.38028 2.36539 2.34719 2.31205 2.31182 2.34321 2.34680 2.36297 2.55630 2.57001 2.63495 2.73722 2.76843 2.72411 2.71346 2.67545 2.68641 2.69751 2.70503 2.70503 2.68863 2.65522 2.62721 2.60951 2.61300 2.67084 2.72375 2.84233 3.16168 3.34968 3.41913 3.50508 3.51680 3.41739 3.34254 3.26335 3.27169
2.25078 2.26914 2.44279 2.50167 2.40980 2.36297 2.34672 2.33663 2.33648 2.33648 2.33648 2.33648 2.33648 2.33648 2.35152 2.38677 2.42759 2.48989 2.58815 2.50942 2.39930 2.34927 2.40388 2.43431 2.43804 2.44212 2.43867 2.47643 2.48050 2.46639 2.36224 2.32387 2.32943 2.33782 2.34647 2.36608 2.39245 2.38067 2.50467 2.56141 2.56479 2.75118 2.82697 2.81796 2.81227 2.72041 2.70066 2.67657 2.65983 2.65047 2.65415 2.66700 2.68014 2.69360 2.70280 2.75057 2.84370 2.95376 3.14893 3.43048 3.44466 3.50557 3.50043 3.42818 3.29111 3.14777 3.04997
2.33286 2.30224 2.34958 2.41104 2.41546 2.33855 2.33648 2.33648 2.33472 2.33101 2.33663 2.36676 2.38233 2.39650 2.39472 2.36377 2.33549 2.32252 2.42236 2.45151 2.31166 2.35494 2.39504 2.45499 2.42999 2.41459 2.40674 2.43511 2.49203 2.49203 2.43320 2.35226 2.32782 2.30418 2.28421 2.25839 2.29672 2.30575 2.38059 2.55128 2.56495 2.74195 2.84324 2.85403 2.81066 2.72925 2.69679 2.70129 2.70129 2.70129 2.70129 2.71823 2.76784 2.81766 2.86920 2.88585 2.91892 2.91805 2.92143 3.23421 3.24643 3.20656 3.18417 3.13635 2.95401 2.83269 2.78235
2.26454 2.25739 2.27596 2.35125 2.40956 2.30328 2.27289 2.28123 2.29719 2.31506 2.32362 2.30765 2.30624 2.30624 2.30624 2.30415 2.30080 2.30505 2.33376 2.36554 2.23520 2.23756 2.29659 2.41262 2.40929 2.39791 2.38644 2.37196 2.40985 2.40186 2.33936 2.25574 2.22175 2.22320 2.22734 2.23279 2.30335 2.35293 2.36642 2.56140 2.56880 2.63977 2.79113 2.83133 2.79907 2.75883 2.71190 2.72237 2.76880 2.81903 2.85498 2.87441 2.86518 2.85377 2.83837 2.83255 2.86256 2.87516 2.82869 2.93452 3.00637 3.00506 3.00445 2.96950 2.85833 2.71524 2.75743
2.23516 2.22947 2.22722 2.34165 2.39218 2.33101 2.30044 2.30624 2.30624 2.30624 2.30624 2.30650 2.31011 2.31479 2.31945 2.32398 2.32326 2.33182 2.33937 2.33188 2.30288 2.24844 2.32701 2.37647 2.31724 2.30180 2.28805 2.28025 2.31838 2.37901 2.36251 2.31809 2.26915 2.26242 2.25366 2.24601 2.25511 2.34755 2.34851 2.45593 2.55203 2.58162 2.79265 2.85775 2.84684 2.84652 2.79606 2.81517 2.80248 2.78585 2.78716 2.79042 2.79367 2.79694 2.79929 2.79507 2.79177 2.81770 2.74319 2.73711 2.83952 2.83525 2.84558 2.85196 2.82296 2.66491 2.66852
2.19856 2.17706 2.20064 2.44080 2.45733 2.42935 2.30946 2.30898 2.31365 2.31832 2.32344 2.33113 2.33620 2.34610 2.35845 2.37078 2.37895 2.37969 2.37941 2.34723 2.36094 2.22564 2.28163 2.31643 2.31889 2.30290 2.30576 2.31325 2.34235 2.43320 2.46470 2.43315 2.36916 2.31952 2.31094 2.30677 2.29915 2.37467 2.40078 2.40868 2.52590 2.58266 2.73025 2.76996 2.82793 2.83421 2.75804 2.75741 2.76197 2.76517 2.76176 2.75743 2.74801 2.71614 2.68162 2.64710 2.61278 2.62948 2.61542 2.57639 2.68055 2.70886 2.69460 2.69459 2.69124 2.60606 2.53119
2.15178 2.16149 2.16467 2.37398 2.46103 2.45259 2.35606 2.34207 2.34582 2.35422 2.36611 2.37517 2.38568 2.40703 2.42904 2.44306 2.45106 2.46088 2.47369 2.44916 2.40502 2.33700 2.35252 2.41462 2.43613 2.40800 2.42625 2.43874 2.43860 2.45591 2.46109 2.37377 2.32775 2.24254 2.25451 2.26741 2.28325 2.36474 2.48573 2.53404 2.65536 2.73078 2.80341 2.77245 2.76602 2.78418 2.72285 2.69434 2.67776 2.64759 2.61740 2.58724 2.56213 2.56040 2.56690 2.57382 2.57941 2.59588 2.59993 2.55247 2.58316 2.61978 2.62769 2.63498 2.64185 2.62673 2.58815
2.05339 2.13912 2.15668 2.22499 2.39033 2.38044 2.35542 2.40349 2.43510 2.46263 2.48535 2.48801 2.48106 2.45418 2.42366 2.40280 2.38874 2.38149 2.37137 2.36395 2.30699 2.45246 2.50926 2.56067 2.49480 2.42628 2.43443 2.44690 2.45942 2.47496 2.48577 2.44498 2.41702 2.33449 2.34938 2.37962 2.43468 2.46738 2.55572 2.55889 2.59535 2.75443 2.77353 2.82095 2.74732 2.72279 2.65222 2.57304 2.56044 2.56699 2.57417 2.58097 2.58613 2.59335 2.59987 2.60603 2.61351 2.61417 2.61108 2.54275 2.52809 2.55908 2.57735 2.57367 2.58151 2.57927 2.65201
2.10103 2.17257 2.20630 2.17143 2.35678 2.43520 2.42596 2.49273 2.47844 2.44919 2.42089 2.41401 2.41401 2.41401 2.41401 2.41401 2.41401 2.41835 2.43120 2.43699 2.36606 2.42611 2.56835 2.60809 2.56534 2.51328 2.49955 2.49955 2.49953 2.49713 2.48806 2.43835 2.35655 2.42792 2.34372 2.32946 2.35742 2.41699 2.47211 2.51136 2.50819 2.65646 2.71093 2.78138 2.67746 2.61281 2.58766 2.58747 2.59158 2.59082 2.59306 2.58132 2.56873 2.55346 2.53380 2.51445 2.49548 2.47785 2.50386 2.51056 2.48890 2.51559 2.56086 2.56451 2.57312 2.57014 2.57757
2.03406 2.02033 2.05677 2.01599 2.08342 2.31177 2.30041 2.35640 2.41401 2.41401 2.41401 2.41401 2.41401 2.41541 2.42420 2.44243 2.46367 2.48344 2.50459 2.51873 2.47677 2.43472 2.62230 2.57340 2.54207 2.45386 2.41451 2.39856 2.36303 2.33720 2.31772 2.29926 2.23059 2.30004 2.30724 2.30221 2.31635 2.41180 2.46048 2.56241 2.57818 2.68049 2.80370 2.82490 2.69282 2.62246 2.53692 2.51579 2.50335 2.49137 2.47610 2.47365 2.47365 2.47365 2.47463 2.47989 2.48565 2.48880 2.48678 2.52361 2.50910 2.51301 2.54916 2.53559 2.51837 2.52053 2.51793
1.95212 1.91384 1.97869 1.97834 1.94808 2.28026 2.31442 2.33223 2.42883 2.43861 2.45754 2.47877 2.50002 2.51986 2.53231 2.53531 2.53531 2.53531 2.53969 2.54213 2.48870 2.42352 2.56492 2.54956 2.49411 2.37557 2.30780 2.28947 2.30210 2.32200 2.34588 2.36333 2.30625 2.32076 2.44137 2.40677 2.42217 2.47948 2.54607 2.58438 2.58897 2.53268 2.65668 2.66286 2.62376 2.56358 2.48945 2.46879 2.46151 2.44994 2.43778 2.42924 2.42267 2.41228 2.39910 2.38164 2.36368 2.34821 2.33160 2.38263 2.48560 2.47115 2.49234 2.48592 2.48864 2.50380 2.51521
1.95198 1.90630 1.99112 1.99596 1.96707 2.17645 2.35543 2.38210 2.48779 2.53300 2.53531 2.53531 2.53531 2.53531 2.53549 2.52062 2.49317 2.46590 2.43995 2.42045 2.37977 2.30884 2.38245 2.46533 2.38880 2.30893 2.37945 2.41488 2.42108 2.43823 2.38396 2.39478 2.35365 2.33479 2.39935 2.38113 2.36479 2.36560 2.44873 2.47379 2.49338 2.43739 2.49683 2.55780 2.54371 2.43275 2.38259 2.31791 2.30527 2.30659 2.30874 2.30737 2.30365 2.29494 2.28406 2.27318 2.26229 2.25154 2.24887 2.30822 2.45645 2.48648 2.50147 2.52698 2.52649 2.52986 2.53989
1.97592 1.92358 2.02912 2.08866 2.07545 2.13072 2.43314 2.45680 2.50706 2.57503 2.56894 2.54366 2.51812 2.49275 2.46030 2.43460 2.40515 2.36188 2.31860 2.28163 2.26133 2.20344 2.26026 2.45341 2.39920 2.37583 2.40030 2.49354 2.50418 2.50159 2.39362 2.36197 2.28896 2.19934 2.15644 2.25545 2.24452 2.23372 2.27156 2.30219 2.34976 2.35649 2.38173 2.52240 2.54556 2.42206 2.40299 2.32910 2.31043 2.29827 2.28722 2.27624 2.26559 2.26378 2.26592 2.26826 2.27317 2.27980 2.28683 2.31775 2.46989 2.53705 2.53329 2.54615 2.52455 2.51269 2.46032
1.99144 1.94465 2.01418 2.12172 2.11930 2.09784 2.32640 2.41045 2.41654 2.43043 2.41192 2.39745 2.37356 2.33073 2.29446 2.26521 2.24376 2.22665 2.21081 2.20924 2.22376 2.18965 2.20906 2.37935 2.40910 2.37335 2.28148 2.39722 2.36704 2.31588 2.18747 2.09603 2.06917 2.04981 2.06541 2.16351 2.24567 2.24826 2.26115 2.34307 2.38194 2.41148 2.41914 2.54655 2.57372 2.50660 2.42939 2.37028 2.32873 2.33045 2.33180 2.33419 2.33897 2.34384 2.34871 2.35339 2.35606 2.37697 2.40931 2.45270 2.55087 2.57639 2.56521 2.57045 2.46263 2.44980 2.42458
2.00405 1.96229 1.94511 2.06471 2.04645 2.01201 2.16776 2.39573 2.42058 2.39384 2.29573 2.24692 2.21232 2.19663 2.19245 2.20352 2.22076 2.24684 2.27264 2.29046 2.34797 2.35115 2.35548 2.36626 2.26482 2.22168 2.15531 2.23446 2.25154 2.25234 2.20679 2.12712 2.12668 2.09680 2.12076 2.13247 2.27961 2.28864 2.30963 2.39177 2.43812 2.49063 2.50182 2.51717 2.54727 2.54259 2.43263 2.42318 2.34942 2.34974 2.35330 2.35640 2.36747 2.38195 2.39772 2.42833 2.46469 2.48814 2.50038 2.50808 2.58570 2.53108 2.53548 2.58362 2.49011 2.48901 2.51289
1.93572 1.93101 1.84869 1.99768 1.99119 2.01259 2.11527 2.33770 2.44144 2.42572 2.28212 2.23760 2.26388 2.29055 2.30620 2.30488 2.30444 2.30444 2.30444 2.30444 2.32729 2.31819 2.28054 2.28580 2.17328 2.17983 2.17842 2.21042 2.25649 2.25677 2.23996 2.12877 2.12907 2.09524 2.14096 2.17489 2.31289 2.42739 2.44728 2.44741 2.44718 2.49105 2.50423 2.50420 2.55338 2.56007 2.44522 2.42915 2.37833 2.38890 2.40416 2.43307 2.45710 2.48435 2.51465 2.53260 2.54419 2.54869 2.55267 2.55666 2.61536 2.58822 2.59187 2.62882 2.62716 2.56207 2.56207
1.81274 1.82506 1.75425 1.87291 1.93428 1.97308 2.21698 2.37756 2.56345 2.57950 2.47155 2.30484 2.30444 2.30444 2.30444 2.30444 2.30336 2.27655 2.25105 2.24451 2.24911 2.31685 2.34871 2.39930 2.34985 2.26143 2.24553 2.21301 2.26052 2.27218 2.28545 2.20238 2.22529 2.22235 2.23732 2.26004 2.27800 2.44140 2.44267 2.44344 2.44428 2.47017 2.52880 2.55411 2.60561 2.64887 2.54321 2.49640 2.49246 2.48889 2.52198 2.54100 2.55456 2.56134 2.56375 2.56377 2.56377 2.56521 2.58130 2.60117 2.65632 2.69881 2.65777 2.64204 2.71526 2.61821 2.62563
1.82047 1.88234 1.84757 1.89779 1.99374 2.00474 2.19605 2.39176 2.55105 2.63090 2.58620 2.42415 2.37956 2.38814 2.38189 2.37565 2.37044 2.39104 2.41027 2.41055 2.41055 2.44721 2.46006 2.48129 2.48184 2.31392 2.29288 2.28195 2.34231 2.38441 2.41188 2.32216 2.26974 2.24655 2.20111 2.24434 2.24493 2.33920 2.39059 2.36671 2.35163 2.36852 2.68201 2.70680 2.70244 2.76598 2.71893 2.60844 2.61547 2.56696 2.56377 2.56377 2.56594 2.57350 2.59411 2.62623 2.65811 2.68816 2.70352 2.71511 2.73970 2.79293 2.72504 2.69343 2.75765 2.71672 2.67986
1.82530 1.87629 1.89931 1.97574 2.09196 2.09196 2.20951 2.42828 2.52027 2.66637 2.70941 2.59172 2.42541 2.41055 2.41055 2.41055 2.41055 2.41055 2.42238 2.45852 2.49663 2.55424 2.63136 2.67563 2.67654 2.45732 2.42784 2.41406 2.40397 2.39955 2.40148 2.36687 2.31303 2.30285 2.23673 2.25865 2.27453 2.31595 2.50326 2.53997 2.57466 2.60179 2.86086 3.00222 2.90874 2.96915 2.94980 2.83072 2.80854 2.79264 2.77507 2.80418 2.83351 2.85669 2.86551 2.86283 2.85993 2.85697 2.85401 2.85104 2.84752 2.77376 2.73738 2.67989 2.72323 2.77641 2.71936
1.79885 1.89377 1.90003 1.97712 2.08258 2.07573 2.11129 2.33890 2.42631 2.50157 2.68287 2.64839 2.48224 2.45186 2.48764 2.52813 2.57011 2.61450 2.65082 2.67432 2.72647 2.78344 2.89335 2.93028 2.92257 2.65855 2.51302 2.50484 2.46787 2.44132 2.43212 2.42645 2.45063 2.46132 2.40452 2.41933 2.49731 2.54568 2.69963 2.78095 2.80702 2.83265 2.94317 3.20747 3.04506 3.01120 3.00392 2.89387 2.87448 2.89156 2.84636 2.84458 2.84161 2.83936 2.83842 2.83736 2.83631 2.83573 2.83526 2.84587 2.86402 2.82925 2.83368 2.76270 2.74837 2.83210 2.75732
1.82348 1.92565 1.93867 1.99431 2.06552 2.05746 2.07683 2.26667 2.44045 2.51237 2.71201 2.81551 2.76442 2.66541 2.67553 2.68996 2.73755 2.78995 2.84002 2.87575 2.88863 2.90251 2.93346 2.93055 2.90852 2.72981 2.49062 2.54481 2.51444 2.51236 2.52127 2.54523 2.60705 2.65835 2.66796 2.65971 2.67975 2.70100 2.72594 2.81671 2.78461 2.75525 2.72874 3.00554 2.95157 2.87950 2.93535 2.91427 2.89477 2.89155 2.85783 2.82568 2.82498 2.82428 2.82653 2.84291 2.86147 2.88007 2.89856 2.90597 2.89102 2.82096 2.75869 2.78486 2.78372 2.86077 2.82789
1.75623 1.83200 1.88478 1.92764 2.05073 2.10061 2.13334 2.30963 2.58736 2.64080 2.75094 2.94388 2.88756 2.79321 2.85942 2.91623 2.93497 2.94616 2.94556 2.93253 2.90980 2.88604 2.85723 2.76931 2.73085 2.68941 2.59542 2.64592 2.60956 2.60385 2.61265 2.63135 2.63520 2.61291 2.54891 2.44897 2.42916 2.46336 2.44378 2.55638 2.61580 2.64100 2.66960 2.86143 3.01559 2.87460 2.88275 2.90708 2.89007 2.88224 2.88790 2.85015 2.86887 2.88759 2.90336 2.89077 2.86977 2.84937 2.83310 2.81981 2.82364 2.82686 2.78523 2.85121 2.85694 2.86562 2.86934
1.68911 1.75073 1.83400 1.85265 2.00656 2.15210 2.15229 2.29261 2.56502 2.63366 2.66180 2.83912 2.85400 2.87452 2.90275 2.87881 2.85538 2.83582 2.82695 2.82737 2.82758 2.82763 2.82763 2.73172 2.62807 2.66375 2.62696 2.64811 2.62905 2.56364 2.50356 2.47343 2.45718 2.45854 2.45026 2.36059 2.36431 2.42797 2.46030 2.51741 2.70998 2.71242 2.71235 2.74835 3.04890 2.90943 2.87830 2.90790 2.89826 2.90089 2.89787 2.86572 2.84069 2.81791 2.80032 2.80113 2.81017 2.81963 2.82175 2.81979 2.81565 2.80733 2.72717 2.81028 2.87116 2.84192 2.83137
1.70800 1.76824 1.87170 1.92348 2.06516 2.25821 2.27383 2.34203 2.45970 2.48299 2.50871 2.65183 2.76271 2.75259 2.82232 2.82763 2.82763 2.82763 2.82763 2.82767 2.84782 2.88119 2.89907 2.87957 2.66516 2.62884 2.57232 2.51124 2.57428 2.50511 2.47065 2.44655 2.45865 2.47803 2.48646 2.41183 2.40111 2.41759 2.47828 2.47832 2.65026 2.71151 2.71244 2.71341 2.95844 2.94157 2.82275 2.80947 2.85304 2.82339 2.80692 2.79901 2.79654 2.80392 2.80630 2.80467 2.80146 2.79717 2.79615 2.79615 2.79584 2.77906 2.68557 2.68451 2.79207 2.77856 2.79311
1.87003 1.87809 1.92620 1.95292 1.99975 2.19306 2.25092 2.28935 2.39867 2.42375 2.46422 2.50835 2.71385 2.69011 2.71613 2.73890 2.72601 2.72943 2.73333 2.73707 2.72085 2.69126 2.67725 2.66571 2.48280 2.43987 2.44151 2.48483 2.59823 2.54224 2.52817 2.48478 2.48491 2.49869 2.49919 2.44000 2.40256 2.40352 2.46167 2.48306 2.55935 2.75906 2.78441 2.81010 2.85084 2.84627 2.70139 2.70924 2.78684 2.81945 2.81496 2.80640 2.79659 2.79615 2.79615 2.79615 2.79553 2.78716 2.76056 2.73235 2.70121 2.69123 2.64240 2.61514 2.73789 2.72161 2.72873
1.82412 1.84732 1.92602 1.94345 1.91963 1.99628 2.08952 2.09471 2.22013 2.26271 2.30894 2.35321 2.53487 2.55866 2.57690 2.64829 2.66674 2.66719 2.66719 2.66719 2.66719 2.66719 2.66719 2.66719 2.54963 2.43987 2.43987 2.49713 2.57656 2.57041 2.52976 2.49476 2.48547 2.48709 2.48317 2.45873 2.42375 2.44991 2.49472 2.57148 2.57881 2.74998 2.80131 2.80770 2.81488 2.84613 2.70136 2.66121 2.70917 2.76144 2.74705 2.73359 2.71864 2.70670 2.67629 2.63799 2.60259 2.58272 2.58427 2.58807 2.59381 2.59406 2.60024 2.61441 2.71425 2.75203 2.75281
1.87040 1.87358 1.93600 1.96570 1.93554 1.93719 2.06086 2.11896 2.25743 2.38707 2.49906 2.60363 2.64237 2.60486 2.58862 2.62612 2.65042 2.64918 2.64795 2.64673 2.64548 2.64132 2.63464 2.62794 2.57250 2.38733 2.38054 2.41191 2.47564 2.53831 2.49699 2.52249 2.53473 2.51697 2.50653 2.50669 2.42225 2.42225 2.42753 2.50575 2.54108 2.61730 2.75041 2.74842 2.74630 2.76375 2.69285 2.59679 2.62449 2.68780 2.68555 2.65429 2.61883 2.58931 2.59522 2.60791 2.61813 2.62144 2.62167 2.62108 2.62104 2.62219 2.62614 2.64072 2.68343 2.77719 2.76002
1.82779 1.83975 1.89628 1.96462 1.96795 1.96131 2.15551 2.31312 2.45975 2.55281 2.58580 2.63675 2.63736 2.60200 2.57014 2.57527 2.62181 2.61662 2.61116 2.60569 2.60023 2.59769 2.59769 2.59386 2.58257 2.38561 2.38786 2.42496 2.51689 2.67233 2.63127 2.62503 2.59586 2.56091 2.49440 2.50702 2.43512 2.44247 2.45395 2.47431 2.52806 2.52752 2.66911 2.70118 2.70016 2.70508 2.71473 2.55188 2.53962 2.60532 2.63691 2.66055 2.66212 2.65528 2.65439 2.65706 2.65976 2.66202 2.65940 2.65534 2.65128 2.64611 2.64045 2.65601 2.66147 2.80170 2.72933
