results/OMI_NO2_200906.asc
ncols      200
nrows      200
xllcorner       120.258
yllcorner       41.1236
cellsize     0.0166667
NODATA_Value      -999.000
[rows 145 to 173 of 175, columns 67 to 133 of 200]
5.32685 5.38387 5.44092 5.49231 5.50106 5.50106 5.50106 5.50263 5.53016 5.56702 5.49669 5.59218 5.48752 5.01895 4.97362 4.97362 4.97362 4.97362 4.97362 4.97362 4.97362 4.97362 4.97362 4.97362 4.97520 4.96393 4.94432 4.92459 4.90057 4.81328 4.07663 4.21347 4.22145 4.22145 4.22145 4.22145 4.22145 4.18172 3.39688 3.17668 3.08383 3.01108 3.37279 3.41918 3.42160 3.60280 4.10879 4.13537 4.17963 4.38412 4.39195 4.39195 4.38835 4.31493 4.19742 4.05159 3.90988 3.90985 3.92695 3.94405 3.95366 3.95369 3.95369 4.10082 4.39256 4.39256 4.39256
5.50106 5.50106 5.50206 5.52803 5.56487 5.60173 5.63862 5.67395 5.68326 5.68326 5.58988 5.44572 5.57247 5.17123 4.97362 4.97362 4.97362 4.97362 4.97362 4.97362 4.97368 4.96204 4.94242 4.92280 4.90155 4.89319 4.89319 4.89319 4.89319 4.89319 4.29765 4.15666 4.22042 4.11074 3.94634 3.80268 3.67582 3.58377 3.31576 2.97429 2.97429 2.97503 3.21974 3.50332 3.55283 3.66504 4.14008 4.31473 4.31481 4.31524 4.23622 4.10008 3.94498 3.91089 3.92800 3.94510 3.95369 3.95369 3.95369 3.95369 3.95369 3.95369 3.95369 3.96287 4.35065 4.39256 4.39256
5.59958 5.63649 5.67237 5.68326 5.68326 5.68326 5.68326 5.68326 5.68326 5.68326 5.67887 5.39550 5.58464 5.36439 4.97362 4.97362 4.97351 4.96024 4.94053 4.92090 4.90121 4.89319 4.89319 4.89319 4.89319 4.89319 4.89319 4.89319 4.86258 4.70758 4.29672 3.72114 3.62051 3.57599 3.57599 3.57599 3.58006 3.61195 3.61277 3.11114 3.12162 3.15797 3.23656 3.67924 3.67992 3.63184 3.75328 4.12661 4.02352 3.95877 3.92905 3.94612 3.95369 3.95369 3.95369 3.95369 3.95369 3.95369 3.95369 3.95369 3.95369 3.95369 3.95369 3.95350 4.05098 4.01844 3.64894
5.68326 5.68326 5.68326 5.68326 5.68326 5.68326 5.68326 5.68326 5.68326 5.68326 5.68326 5.50695 5.48303 5.53331 4.99895 4.91902 4.89947 4.89313 4.89319 4.89319 4.89319 4.89319 4.89319 4.89287 4.79445 4.64248 4.50781 4.38556 4.29422 4.29486 4.28117 3.68468 3.62530 3.65902 3.69616 3.73328 3.76632 3.77155 3.77155 3.41056 3.16984 3.16438 3.01901 3.09629 2.93747 2.73119 2.88756 3.82549 3.99692 3.99673 3.96096 3.95369 3.95369 3.95369 3.95369 3.95369 3.95369 3.95369 3.95369 3.95369 3.88234 3.57981 3.14683 2.50589 2.20042 2.96414 2.97450
5.68326 5.68326 5.68326 5.68326 5.68326 5.68326 5.68326 5.68326 5.68326 5.66104 5.59956 5.48233 5.18170 5.45119 5.11457 4.89319 4.89319 4.89319 4.89402 4.90464 4.91812 4.72141 4.46478 4.34752 4.30494 4.30715 4.29806 4.27289 4.24744 4.22199 4.19652 3.94523 3.78147 3.77155 3.77155 3.77155 3.77155 3.77155 3.70230 3.38821 2.69870 2.50642 2.45431 2.55107 2.74089 2.74089 2.77589 3.44548 3.99692 3.99692 3.97854 3.95369 3.95369 3.95369 3.95369 3.95369 3.92952 3.68477 3.29514 2.73062 2.13062 2.09676 2.09676 2.09676 2.09676 2.70843 2.97450
5.68326 5.68326 5.68326 5.68326 5.68326 5.66965 5.61109 5.54885 5.48668 5.44681 5.44607 5.44607 5.18546 5.31323 5.26804 4.93159 4.94506 4.95854 4.97118 4.97403 4.97403 4.76270 4.27019 4.24472 4.21928 4.19382 4.17746 4.17715 4.17715 4.16769 4.04839 3.82020 3.56496 3.77155 3.75440 3.58409 3.36387 3.13633 2.97816 2.95390 2.57818 2.46557 2.46557 2.47560 2.72315 2.74089 2.74089 2.96079 3.90481 3.99692 3.99190 3.95372 3.95155 3.78041 3.42780 2.92719 2.25056 2.09676 2.09676 2.09676 2.09676 2.09676 2.09676 2.09676 2.09676 2.34914 2.97450
5.68326 5.67617 5.62249 5.56033 5.49816 5.44960 5.44587 5.42477 5.38964 5.35453 5.31943 5.28428 5.11289 4.99285 5.25304 5.01124 4.95627 4.92443 4.89262 4.86080 4.82897 4.80863 4.25407 4.17715 4.16215 4.03531 3.89501 3.76460 3.64307 3.53625 3.51318 3.44319 3.07492 3.22774 3.01211 2.95487 2.94759 2.94759 2.94759 2.94759 2.77925 2.46557 2.46557 2.46557 2.61402 2.74089 2.74089 2.80499 3.56316 3.93922 3.75030 3.22437 2.44051 2.09676 2.09676 2.09676 2.09676 2.09676 2.09676 2.09676 2.09676 2.09676 2.09676 2.10663 2.13679 2.17485 3.81070
5.50964 5.43939 5.39588 5.36077 5.32566 5.29052 5.25562 5.24161 5.24161 5.24161 5.24152 5.22985 5.18559 4.81422 5.03248 4.92739 4.81153 4.81153 4.81153 4.78000 4.58942 4.39313 3.97851 3.63258 3.53037 3.51318 3.51318 3.48961 3.35609 3.20436 3.05274 2.96944 2.80123 2.87371 2.94759 2.94759 2.94759 2.94759 2.94759 2.94759 2.92815 2.43700 2.31721 2.24155 2.26807 2.74089 2.74089 2.74114 3.01544 3.09550 3.12794 2.96371 2.09676 2.09676 2.09676 2.09676 2.09676 2.09676 2.09676 2.10817 2.13862 2.16931 2.20009 2.22090 2.22153 2.22153 3.21852
5.26165 5.24169 5.24161 5.24161 5.24161 5.24161 5.23118 5.21128 5.19144 5.17159 5.15180 5.14362 5.14362 4.84285 4.77091 4.67457 4.36815 4.19810 4.03455 3.90400 3.88790 3.88790 3.84914 3.51800 3.41344 3.26181 3.11009 2.98198 2.96388 2.96388 2.96388 2.96388 2.91687 2.75570 2.94759 2.94759 2.91402 2.83843 2.76274 2.68698 2.61923 2.35985 2.12614 2.12614 2.12651 2.65494 2.90332 3.01730 3.28410 3.84663 3.97983 3.89726 2.15087 2.09676 2.09676 2.10981 2.14044 2.17117 2.20190 2.22123 2.22153 2.22153 2.22153 2.22153 2.22153 2.22153 2.40397
5.24161 5.23245 5.21261 5.19276 5.17289 5.15304 5.14362 5.14362 5.14362 5.14362 5.14362 5.14362 5.14362 5.00811 4.02083 3.80723 3.81529 3.88790 3.88790 3.88790 3.83237 3.65507 3.47304 3.09802 2.96388 2.96388 2.96388 2.96388 2.96388 2.96388 2.96388 2.95936 2.91722 2.63670 2.72525 2.65042 2.60830 2.60816 2.60816 2.60960 2.66662 2.69778 2.36270 2.44115 2.52659 2.85990 3.34048 3.34048 3.37035 3.94123 3.98946 3.99685 2.96811 2.17301 2.20375 2.22143 2.22153 2.22153 2.22153 2.22153 2.22153 2.22153 2.22153 2.22153 2.22153 2.22153 2.22153
5.15436 5.14364 5.14362 5.14362 5.14362 5.14362 5.14362 5.14362 5.14362 5.14362 5.14362 5.14362 5.14362 5.13524 4.49306 3.70858 3.75583 3.72592 3.54187 3.35994 3.23337 3.22874 3.22874 3.14598 2.96388 2.96388 2.96388 2.94313 2.91427 2.90921 2.90369 2.90321 2.94026 2.85407 2.68207 2.68888 2.77432 2.85981 2.94534 3.02943 3.05785 3.05785 2.72939 2.57583 2.57618 2.64901 3.54013 3.76947 3.98601 4.02851 4.04385 4.05184 3.65712 2.22153 2.22153 2.22153 2.22153 2.22153 2.22153 2.22153 2.22153 2.22153 2.22153 2.22153 2.22153 2.22153 2.22153
5.14362 5.14362 5.14362 5.14362 5.14362 5.14362 5.14362 5.14362 5.14362 5.14362 5.14362 5.14362 5.15807 5.21270 5.02060 3.90192 3.71808 3.32132 3.22874 3.22874 3.22874 3.22874 3.24895 3.22608 3.00295 2.97577 2.97066 2.98637 3.01025 3.01289 3.02744 3.04344 3.05944 3.06252 3.00890 3.05785 3.05785 3.05785 3.05785 3.05785 3.05785 3.07652 3.01308 2.67899 2.74557 2.78025 3.50187 4.05184 4.05184 4.05184 4.05184 4.05184 4.01277 2.39219 2.22153 2.22153 2.22153 2.22153 2.22153 2.22153 2.22153 2.22153 2.22153 2.22153 2.22153 2.22153 2.22153
5.14362 5.14362 5.14362 5.14362 5.14362 5.14362 5.14362 5.14362 5.15151 5.20207 5.25905 5.31602 5.35857 5.36091 5.27716 4.32708 3.76595 3.59760 3.34152 3.30193 3.26079 3.22271 3.17052 3.15326 3.08787 3.02919 3.04519 3.06119 3.07714 3.09056 3.09201 3.09201 3.09210 3.10690 3.06569 3.06005 3.05785 3.06109 3.11808 3.20064 3.29454 3.37359 3.36938 2.88432 2.79519 2.79519 3.04771 4.05184 4.05184 4.05184 4.05184 4.05184 4.05184 3.20782 2.22153 2.22153 2.22153 2.22153 2.22153 2.22153 2.22153 2.22153 2.22153 2.22153 2.25583 2.44114 2.59689
5.14362 5.14362 5.14362 5.14362 5.14690 5.19145 5.24844 5.30542 5.35453 5.36091 5.38299 5.45961 5.53881 5.61796 5.52737 4.86103 3.72839 3.53925 3.20640 3.15829 3.17395 3.18996 3.20596 3.22196 3.21945 3.09417 3.09201 3.09250 3.10966 3.13507 3.16036 3.18572 3.21097 3.22154 3.21108 3.16524 3.25123 3.34933 3.37186 3.36864 3.36864 3.36864 3.36864 3.11961 2.79519 2.79519 2.80191 3.83258 4.05184 4.05184 4.05184 4.05184 4.05184 3.76716 2.22153 2.22153 2.22153 2.22153 2.22153 2.33270 2.51651 2.65408 2.76075 2.84593 2.90669 2.91386 2.93517
5.15377 5.18084 5.23782 5.29481 5.36069 5.44453 5.52370 5.60283 5.68198 5.74098 5.53483 5.24095 4.98199 4.75379 4.68429 4.59146 3.76340 3.55189 3.38135 3.23467 3.23501 3.23501 3.23622 3.25544 3.28080 3.20708 3.18851 3.21336 3.22154 3.22154 3.22762 3.27566 3.33488 3.40056 3.43941 3.30972 3.36864 3.36864 3.36864 3.36864 3.36864 3.36864 3.36864 3.34276 2.97927 3.18263 3.45471 3.91015 4.05184 4.05184 4.05184 4.05184 4.05184 4.02982 2.65284 2.58287 2.70513 2.80125 2.87880 2.91386 2.91386 2.91386 2.94010 3.04189 3.14826 3.25471 3.33986
5.70585 5.58770 5.66694 5.74605 5.81301 5.74183 5.43486 5.15168 4.90282 4.72488 4.77040 4.86314 4.95594 5.04864 5.10789 5.04799 4.14123 3.59529 3.53352 3.31595 3.30894 3.33427 3.35844 3.36454 3.36454 3.32205 3.22162 3.25131 3.30817 3.37100 3.43225 3.44075 3.44074 3.44074 3.44074 3.36718 3.30766 3.36864 3.36864 3.43991 3.69342 3.99877 4.36399 4.78765 4.39048 4.05184 4.05184 4.05184 4.01844 3.87837 3.73026 3.58215 3.43405 3.29796 3.07569 2.91386 2.91386 2.91386 2.94552 3.04912 3.15566 3.26199 3.34224 3.34696 3.34696 3.34696 3.34696
5.94552 5.82083 5.82068 5.10669 4.85272 4.77608 4.85751 4.95026 5.04305 5.10679 5.10885 5.10885 5.09313 4.92108 4.72586 4.54780 3.98068 3.73680 3.70511 3.50953 3.36454 3.36454 3.36454 3.37596 3.43346 3.49941 3.42772 3.44078 3.44074 3.44074 3.44074 3.44074 3.44074 3.44074 3.44568 3.52442 3.60712 4.16704 4.56785 4.89954 4.91201 4.91201 4.91201 4.84654 4.53321 3.69056 3.54228 3.39425 3.27946 3.27150 3.27150 3.27063 3.11957 2.89225 2.67546 2.60172 3.16290 3.26944 3.34411 3.34696 3.34696 3.34696 3.34696 3.34696 3.34696 3.34696 3.34696
6.15884 6.09341 6.21284 5.43936 5.10542 5.10885 5.10885 5.09795 4.93367 4.73712 4.55817 4.39431 4.25387 4.22596 4.22596 4.22596 4.04633 3.72255 3.74178 3.61962 3.41895 3.47090 3.54292 3.60667 3.61235 3.61235 3.52552 3.44074 3.44074 3.44074 3.48060 3.61295 3.71601 3.83448 3.97115 3.96010 3.78663 4.88563 4.80690 4.65879 4.51069 4.36258 4.21447 4.13191 4.13168 3.46268 3.25342 3.05145 2.83488 2.65057 2.52391 2.45664 2.47178 2.54281 2.58869 2.44958 3.31958 3.34696 3.34696 3.34696 3.34696 3.34696 3.34696 3.34696 3.34696 3.34696 3.34696
6.64124 6.49316 6.41942 5.81855 4.74854 4.56860 4.40387 4.25969 4.22596 4.22596 4.22596 4.22596 4.22596 4.22596 4.22596 4.22497 4.20319 3.72476 3.72985 3.65131 3.61235 3.61235 3.61235 3.61235 3.61235 3.60080 3.61085 3.55248 3.65467 3.78149 3.86799 3.80379 3.78852 3.67515 3.53187 3.38879 3.22407 3.78968 4.13168 4.13168 4.13168 4.05881 3.76263 3.49492 3.26614 2.84404 2.36031 2.40574 2.47669 2.54763 2.58935 2.58964 2.58964 2.58964 2.58964 2.47705 2.96207 3.34696 3.34696 3.34696 3.34696 3.34696 3.34696 3.34696 3.34696 3.34696 3.34696
5.72614 5.39448 5.05879 4.99670 4.33789 4.22596 4.22596 4.22596 4.22596 4.22596 4.22596 4.22549 4.22079 4.21507 4.20934 4.20461 4.20413 3.88470 3.71512 3.68280 3.53457 3.48303 3.54035 3.61920 3.70435 3.80921 3.85987 3.80537 3.66068 3.51743 3.37432 3.23107 3.09687 3.06707 3.06707 3.06707 3.12178 3.44757 3.42685 3.20766 3.01771 2.88437 2.86049 2.82825 2.79588 2.75740 2.60204 2.58964 2.58964 2.58964 2.58964 2.58964 2.58964 2.58964 2.58964 2.56115 2.61051 3.34696 3.34696 3.34696 3.34696 3.34696 3.34696 3.34696 3.34696 3.34696 3.34696
5.15453 5.14689 5.00358 4.99747 4.62776 4.22596 4.22596 4.22583 4.22186 4.21614 4.21041 4.20515 4.20413 4.20265 4.19060 4.17644 4.16229 4.07615 3.80725 3.94928 3.72088 3.84120 3.84322 3.74635 3.63886 3.53158 3.42414 3.26411 3.06707 3.06707 3.06707 3.13384 3.29022 3.47107 3.68251 3.93286 4.11298 4.04813 2.90259 2.83011 2.79773 2.76539 2.74687 2.74677 2.74677 2.74677 2.66224 2.58964 2.58964 2.58964 2.58964 2.58964 2.58964 2.58964 2.58964 2.58964 2.43522 3.26857 3.34696 3.34696 3.34696 3.34696 3.39481 3.60228 3.82270 4.04288 4.26342
5.15453 5.15453 5.05073 4.99746 4.93420 4.24121 4.21148 4.20542 4.19340 4.17925 4.16508 4.15093 4.13938 4.21780 4.34983 4.48401 4.61790 4.68294 4.15184 4.03754 3.69843 3.41329 3.32251 3.31199 3.31199 3.31228 3.37975 3.50444 3.50978 3.70586 3.96074 4.11534 4.11534 4.11534 4.09940 4.05169 4.00316 3.96116 3.08011 2.74677 2.74677 2.74677 2.74677 2.74677 2.74677 2.74677 2.72603 2.60920 2.63362 2.65606 2.61436 2.58964 2.58964 2.58964 2.58964 2.58964 2.49582 2.98434 3.69978 3.92020 4.14050 4.36080 4.53337 4.54621 4.54621 4.54753 4.37936
5.15199 5.14495 5.10777 4.94595 4.92488 4.39879 4.13957 4.12588 4.14118 4.26083 4.39501 4.52878 4.64567 4.60748 4.51775 4.42811 4.33852 4.26668 4.00110 3.77011 3.66683 3.39215 3.52128 3.66519 3.82632 4.00735 4.09248 4.09248 4.10256 4.11534 4.10154 4.05443 4.00595 3.95736 3.92483 3.92397 3.92397 3.92499 3.51523 2.74677 2.74677 2.74677 2.75020 2.76574 2.78044 2.79336 2.80470 2.72470 2.69079 2.69079 2.65732 2.59310 2.63232 2.68095 2.72960 2.77825 2.84611 3.40883 4.54621 4.54621 4.50803 4.23919 3.97734 3.75359 3.56007 3.39001 3.31580
5.36731 5.42466 5.43548 4.90476 4.86751 4.69977 4.43971 4.56215 4.59818 4.52293 4.43334 4.34374 4.26876 4.26048 4.26048 4.26060 4.26708 4.27711 4.22077 3.92668 4.42412 4.12733 4.09248 4.09248 4.09248 4.09248 4.08462 4.05373 4.02005 3.96025 3.92546 3.92397 3.92397 3.92397 3.92397 3.92397 3.92397 3.92355 3.85932 2.85049 2.78681 2.79899 2.80787 2.80864 2.80864 2.80864 2.81635 2.81534 2.76923 2.80570 2.84009 2.83885 2.84612 2.84612 2.84612 2.90032 3.07265 3.52909 3.75454 3.47458 3.33264 3.31546 3.31580 3.31580 3.31580 3.31580 3.31580
5.52136 5.45136 5.43990 4.98555 4.64856 4.53648 4.36002 4.27115 4.26048 4.26048 4.26053 4.26652 4.27655 4.28658 4.29667 4.30651 4.31006 4.31006 4.31006 3.93660 4.44367 4.27341 4.08584 4.05561 4.02320 3.99087 3.96638 3.96490 3.96490 3.93724 3.92397 3.92397 3.92397 3.90748 3.82483 3.74947 3.68664 3.63368 3.61733 3.12475 2.80864 2.82418 2.86057 2.89706 2.93354 2.97003 2.99878 2.99977 2.89776 2.88371 2.95671 3.10938 3.33436 3.57990 3.87480 4.10375 4.11810 4.27052 3.76975 3.31580 3.31580 3.31580 3.31580 3.31580 3.31580 3.31580 3.31580
5.61263 5.01496 4.91443 4.74247 4.31391 4.31392 4.29439 4.27598 4.28602 4.29605 4.30602 4.31006 4.31006 4.31006 4.31006 4.31006 4.31006 4.31006 4.31261 4.11980 4.22034 4.48364 3.96696 3.96490 3.96490 3.96490 3.96490 3.96490 3.96490 3.93485 3.78708 3.71815 3.66023 3.61836 3.61405 3.61385 3.58679 3.53559 3.47671 3.57218 2.97997 3.00090 3.00100 3.00100 3.00974 3.11507 3.25840 3.41728 3.52645 3.64210 3.73223 3.80374 4.11870 4.12469 4.12487 4.12487 4.12487 4.13734 4.23092 3.31580 3.31580 3.31580 3.31580 3.31580 3.31580 3.31580 3.31580
5.87895 4.90392 4.91645 4.92198 4.41308 4.37019 4.37067 4.31203 4.31006 4.31006 4.31006 4.31006 4.31006 4.31006 4.31104 4.32836 4.35358 4.38192 4.41004 4.38010 3.96894 4.68292 4.04744 3.96490 3.96447 3.95906 3.95121 3.94181 3.93037 3.90726 3.62638 3.58164 3.52969 3.46957 3.39902 3.31565 3.27668 3.27668 3.27668 3.68213 3.25435 3.30052 3.46437 3.64745 3.83829 3.89079 3.92180 3.95998 3.97672 3.75294 3.74799 3.74884 4.04868 4.12487 4.12487 4.12487 4.12487 4.12487 4.39975 3.47027 3.31580 3.31580 3.31580 3.31580 3.31580 3.31580 3.31580
6.19591 5.11226 4.95974 4.95974 4.62777 4.37589 4.37589 4.33123 4.31006 4.31006 4.31021 4.32408 4.34880 4.37654 4.40635 4.41458 4.41406 4.37773 4.31524 4.24670 3.66497 4.14511 4.09974 3.93812 3.92673 3.92226 3.89256 3.84542 3.78554 3.70702 3.38664 3.27668 3.27668 3.27668 3.27668 3.27668 3.27668 3.27668 3.27668 3.45004 3.88142 3.88945 3.91977 3.95753 4.00398 4.04156 4.04257 4.04257 4.04257 3.82580 3.74799 3.74799 3.88950 4.12487 4.12487 4.12487 4.12487 4.12487 4.23566 3.85958 3.31580 3.31580 3.31580 3.31580 3.31580 3.30347 3.16171
6.07709 5.55819 4.95974 4.95974 4.83153 4.37589 4.37589 4.37105 4.34413 4.37126 4.40164 4.38881 4.32744 4.26011 4.18601 4.10399 4.01218 3.96734 3.95976 3.95058 3.56416 3.04566 4.25315 3.79079 3.69711 3.59162 3.55913 3.55913 3.55913 3.55913 3.46830 3.27668 3.27668 3.27668 3.27668 3.27668 3.27668 3.26764 3.22603 3.16895 3.91845 4.04082 4.04257 4.04257 4.04257 4.04257 4.04257 4.04257 4.04257 3.94838 3.77516 3.84013 3.94667 4.12487 4.12487 4.12487 4.12487 4.12487 4.12738 4.31782 3.26296 3.07689 2.86799 2.62683 2.34551 2.03995 1.97136
