results/OMI_NO2_200905.asc
ncols      200
nrows      200
xllcorner       120.258
yllcorner       41.1236
cellsize     0.0166667
NODATA_Value      -999.000
[rows 140 to 167 of 170, columns 0 to 62 of 200]
3.74385 3.74385 3.74385 3.74385 3.74385 3.74385 3.72935 3.69254 3.65545 3.62001 3.61093 4.23949 5.08084 5.08084 5.08084 5.95673 7.69907 8.32153 8.32153 8.32153 8.32153 8.44926 8.70350 8.91542 9.12756 9.33975 9.51983 9.48752 9.48030 9.48030 9.48030 5.52452 5.79477 5.82166 5.82166 5.82166 5.82166 5.81335 5.78210 5.84254 5.91409 5.99150 6.09674 6.11110 6.14431 6.71070 6.39192 6.38749 6.38749 6.32158 5.85852 5.86479 5.84216 5.81785 5.79351 5.76924 5.69447 4.67810 4.70362 4.79303 4.88251 4.96253 4.97567
3.74385 3.74385 3.73978 3.70794 3.67087 3.63377 3.61118 3.61093 3.61093 3.61093 3.61093 3.68185 4.98849 5.08084 5.08084 5.40549 7.35487 8.80184 9.01393 9.22607 9.43804 9.52240 9.48030 9.48030 9.48030 9.48030 9.48030 9.48030 9.48030 9.48030 9.48030 5.78537 5.82166 5.81100 5.78301 5.84656 5.91790 5.99762 6.10026 6.11110 6.11110 6.11110 6.11110 6.11110 6.11110 6.52586 6.40296 6.11396 5.94012 5.76617 5.76917 5.79523 5.79363 5.79363 5.65529 5.36888 5.08257 4.90506 4.97567 4.97567 4.97567 4.97567 4.97567
3.68626 3.64917 3.61617 3.61093 3.61093 3.61093 3.61093 3.61093 3.61093 3.61093 3.64989 3.84187 4.86506 5.76289 5.98903 6.20361 8.12075 9.37324 9.48030 9.48030 9.48030 9.48030 9.48030 9.48030 9.48030 9.48030 9.48030 9.48633 9.54325 9.61174 9.68023 5.79096 5.92163 6.00388 6.10329 6.11110 6.11110 6.11110 6.11110 6.11110 6.05762 5.95319 5.93613 5.95508 5.97219 6.03710 5.80126 5.49981 5.49981 5.49981 5.55313 5.45677 5.17025 4.88405 4.73598 4.73598 4.73598 4.77874 4.97524 4.97567 4.97567 4.95971 4.86816
3.61093 3.61093 3.61093 3.61093 3.61093 3.69073 3.90225 4.12840 4.35435 4.58040 4.76749 4.80167 4.97494 6.24844 6.27246 6.27246 7.31901 9.01908 9.48030 9.48030 9.48030 9.48030 9.48030 9.48076 9.52254 9.59103 9.65949 9.72196 9.73350 9.73350 9.73350 6.12759 6.11435 6.11110 6.10114 6.01093 5.90303 5.84365 5.86630 5.88788 5.95296 6.05358 6.08234 6.08234 6.08234 6.08234 5.95121 5.30260 4.96443 4.67791 4.47802 4.72887 4.73598 4.73598 4.73598 4.73598 4.73598 4.70778 4.78256 4.71355 4.58275 4.46797 4.42885
3.74476 3.96362 4.18956 4.41570 4.64177 4.78802 4.80256 4.80256 4.80256 4.80256 4.80256 4.80256 4.80256 5.77059 6.27246 6.27246 6.53616 8.64137 9.48030 9.48030 9.50299 9.57029 9.63878 9.70679 9.73350 9.73350 9.73350 9.73350 9.73350 9.73350 9.73350 6.12759 5.98214 5.77406 5.80949 5.91112 6.01796 6.08126 6.08234 6.08234 6.08234 6.08234 6.08181 5.92104 5.63463 5.34833 5.02979 4.65829 4.44216 4.44216 4.44216 4.64490 4.73598 4.69205 4.57863 4.44793 4.31727 4.21468 4.26183 4.42690 4.42690 4.42690 4.42690
4.79545 4.80256 4.80256 4.80256 4.80256 4.80256 4.80256 4.80256 4.80256 4.80256 4.80256 4.80256 4.80256 5.12077 6.27246 6.27246 6.28143 7.99677 9.43497 9.68653 9.73231 9.73350 9.73350 9.73350 9.73350 9.73350 9.73350 9.73350 9.73350 9.73350 9.73350 6.57669 6.61491 6.09670 6.08234 6.08234 6.08234 6.08234 6.08234 6.00047 5.72252 5.43601 5.15033 5.02468 5.02468 5.02468 5.01967 4.82559 4.45045 4.37911 4.25894 4.22598 4.29133 4.20460 4.18721 4.18721 4.18721 4.18721 4.18966 4.39512 4.42690 4.42690 4.42690
4.80256 4.80256 4.80256 4.80256 4.80256 4.80256 4.80256 4.80256 4.80256 4.80256 4.80256 4.80256 4.80235 4.79232 6.01681 6.45798 6.51749 7.38405 9.18638 9.73350 9.73350 9.73350 9.73350 9.73350 9.73350 9.73350 9.73350 9.73350 9.74991 10.0116 10.4093 6.67330 6.67330 6.24818 6.08234 6.05336 5.81031 5.52400 5.23759 5.03304 5.02468 5.02468 5.02468 5.02468 5.02481 5.01952 4.94808 4.60849 4.06478 3.90396 3.89339 3.90317 4.17029 4.18721 4.18721 4.18721 4.18721 4.18721 4.18721 4.31902 4.54224 4.64300 4.74373
4.80256 4.80256 4.80256 4.80256 4.80256 4.80256 4.80256 4.80256 4.80256 4.79825 4.78330 4.76788 4.75266 4.74726 5.34027 6.52566 6.52566 6.65859 8.76143 9.72314 9.73350 9.73350 9.73350 9.73350 9.91734 10.3713 10.7879 11.1565 11.4767 11.6475 11.6972 6.66973 6.44300 5.91390 5.32548 5.06794 5.02468 5.02468 5.02468 5.02468 5.02486 5.01730 4.94262 4.85470 4.76681 4.68414 4.66789 4.55729 4.05928 3.89339 3.89339 3.89339 4.07515 4.18721 4.20817 4.30221 4.40299 4.50373 4.60451 4.69438 4.91867 4.92522 4.91736
4.69948 4.80256 4.80256 4.80256 4.80256 4.80171 4.78971 4.77430 4.75887 4.74775 4.74726 4.74726 4.74726 4.74726 4.77290 6.30898 6.52566 6.52566 7.99299 9.61551 10.3338 10.7627 11.1410 11.4767 11.6835 11.6994 11.6997 11.6997 11.6997 11.6997 11.6997 5.48265 5.35124 5.34150 5.04396 5.02468 5.02493 5.01474 4.93727 4.84928 4.76137 4.68098 4.66789 4.66789 4.66789 4.66789 4.66789 4.66789 4.21546 3.93491 3.95999 4.03528 4.21104 4.60413 4.68395 4.69070 4.69070 4.69210 4.69577 4.69946 4.81874 4.90040 4.90040
4.49631 4.80256 4.79610 4.78072 4.76528 4.75070 4.74726 4.74726 4.74726 4.74726 4.74726 4.74726 4.74726 4.77159 5.09491 6.69770 8.45271 9.17910 10.0804 11.2252 11.6997 11.6997 11.6997 11.6997 11.6997 11.6997 11.6997 11.6997 11.6997 11.6997 11.7060 5.35124 5.35163 5.33525 5.03993 4.84389 4.75592 4.67811 4.66789 4.66789 4.66789 4.66789 4.66789 4.66792 4.66800 4.65107 4.61982 4.58858 4.48037 4.36484 4.25388 4.25388 4.25833 4.64654 4.69463 4.69833 4.70203 4.70433 4.70436 4.70436 4.73448 4.89937 4.90040
4.22492 4.74834 4.74731 4.74726 4.74726 4.74726 4.74726 4.74726 4.82107 5.18820 5.59991 6.01224 6.62444 8.34945 8.77398 8.96292 10.1494 10.2155 10.2320 10.9595 11.6711 11.6997 11.6997 11.6997 11.6997 11.6997 11.6997 11.7740 11.9425 12.1383 12.3580 5.11825 5.00836 4.91490 4.84058 4.66789 4.66789 4.66789 4.66797 4.66808 4.66117 4.63163 4.60040 4.56913 4.53781 4.52351 4.52351 4.52351 4.51928 4.46095 4.26551 4.26038 4.26409 4.50895 4.70436 4.70436 4.70436 4.70436 4.70436 4.70436 4.70002 4.85298 4.99362
3.77146 4.58899 4.74726 4.89737 5.29624 5.70858 6.12089 6.53343 6.87195 6.91715 6.91777 6.91777 6.91830 8.59942 8.88173 8.88173 9.64241 10.2155 10.2155 10.6633 11.4489 11.6997 11.6997 11.7348 11.8889 12.0757 12.2949 12.4216 12.4216 12.4216 12.4004 4.87918 4.90524 4.90524 4.90421 4.69284 4.64340 4.61217 4.58088 4.54953 4.52522 4.52351 4.52351 4.52351 4.52351 4.52351 4.52519 4.52888 4.53258 4.50177 4.35228 4.26753 4.26753 4.35443 4.70436 4.70436 4.69700 4.72696 4.81547 4.90407 4.99701 5.12934 5.27250
3.96072 6.00019 6.64189 6.90431 6.91777 6.91777 6.91777 6.91777 6.91777 6.91777 6.91777 6.91777 6.91777 7.89901 8.88173 8.88173 9.06686 10.2030 10.2155 10.3913 11.2957 12.0160 12.2245 12.4090 12.4216 12.4216 12.3947 12.2378 12.0849 11.9520 11.8477 4.81506 4.84956 4.81033 4.77115 4.61933 4.52351 4.52351 4.52351 4.52351 4.52351 4.52351 4.52429 4.52775 4.53145 4.53515 4.53716 4.53717 4.53717 4.52152 4.44204 4.26750 4.25775 4.30829 4.76528 4.92201 5.01787 5.07636 5.07645 5.07645 5.07645 5.07759 5.24297
4.10171 6.47295 6.90707 6.91777 6.91777 6.91777 6.91777 6.91777 6.91777 6.91777 6.91777 6.91777 6.91777 7.09690 8.83557 8.88182 8.94506 9.89026 10.3597 10.4301 11.3383 12.3382 12.3885 12.2279 12.0764 11.9446 11.8444 11.8322 11.8322 11.8322 11.8322 4.56516 4.69884 4.72397 4.72397 4.68765 4.52372 4.52351 4.52373 4.52662 4.53032 4.53402 4.53694 4.53717 4.53717 4.53717 4.53717 4.53675 4.51856 4.47821 4.39947 4.45942 4.60127 4.63963 4.85385 5.07645 5.07645 5.07645 5.07645 5.07645 5.07645 5.07645 5.16017
4.06403 5.53016 6.84208 6.91777 6.91777 6.91777 6.91777 6.91777 6.91777 6.91777 6.91777 6.91777 6.94841 7.09417 8.58949 9.24903 9.30333 9.53180 10.4363 10.4101 10.8229 11.6096 11.8415 11.8322 11.8322 11.8322 11.8322 11.7620 11.4590 11.2022 10.9102 4.56491 4.63348 4.72397 4.72397 4.72644 4.56484 4.53289 4.53637 4.53717 4.53717 4.53717 4.53717 4.53639 4.51659 4.47616 4.43191 4.38800 4.36194 4.35730 4.33648 4.45245 4.63963 4.63963 4.70008 5.07540 5.07645 5.07369 5.05014 5.02056 4.98860 4.95398 4.92773
4.06403 4.55690 6.76960 6.91777 6.91777 6.91777 6.91777 6.91777 6.92126 7.02936 7.18608 7.34280 7.46888 7.47990 8.09953 9.35607 9.39442 9.42971 10.1475 10.3481 10.4588 11.2628 11.7785 11.5348 11.2972 11.0004 10.6194 10.2467 10.3205 10.3463 10.3463 4.56491 4.56983 4.72083 4.73889 4.74103 4.64249 4.53717 4.53717 4.53596 4.51454 4.47343 4.42917 4.38563 4.36118 4.35730 4.35730 4.35730 4.35730 4.35730 4.34922 4.34142 4.65807 4.75642 4.83739 4.97233 4.92819 4.89269 4.88652 4.88652 4.87542 4.83555 4.79418
4.06403 4.06403 6.23959 6.89455 6.91777 6.96775 7.12126 7.27804 7.43128 7.47990 7.47990 7.47990 7.80309 8.02675 8.13003 9.30849 9.45561 9.46763 9.66508 10.0332 9.80999 9.24406 9.95117 10.3458 10.3463 10.3463 10.3463 10.3463 10.3463 10.3463 10.3463 4.56491 4.56491 4.66318 4.74103 4.73885 4.68948 4.47334 4.42642 4.38335 4.36050 4.35730 4.35730 4.35730 4.35730 4.35730 4.36411 4.42907 4.49395 4.53808 4.58190 4.68906 4.94747 5.07897 5.07897 5.00711 4.88267 4.84799 4.80663 4.76529 4.73506 4.73359 4.73359
4.06403 4.07567 5.40381 7.11894 7.36995 7.47675 7.47990 7.47990 7.47990 7.47990 7.47990 7.48228 7.81736 8.18958 8.39587 8.88552 8.91248 8.72199 8.64433 9.23864 9.31510 9.02087 9.20928 10.3463 10.3463 10.3463 10.3463 10.3463 10.3463 10.3463 10.3463 4.56096 4.52003 4.47137 4.59356 4.54602 4.51941 4.39682 4.35730 4.35730 4.35730 4.38670 4.46404 4.53780 4.58582 4.62958 4.66657 4.64549 4.62434 4.62407 4.62407 4.67052 4.82250 5.05762 5.02502 4.97664 4.74457 4.73359 4.73359 4.73359 4.73359 4.73359 4.73359
4.45145 4.59653 4.88863 7.27884 7.47976 7.47990 7.48697 7.50959 7.51204 7.71147 8.03039 8.30770 8.55660 8.97644 9.00141 8.96135 8.63371 8.62910 8.62910 8.93304 9.31510 9.26360 8.67799 10.3371 10.3463 10.3463 10.3463 10.3463 10.3463 10.3463 10.3463 4.30141 4.26848 4.26513 4.43497 4.51620 4.51620 4.49902 4.57690 4.63356 4.67730 4.69178 4.65820 4.62828 4.62407 4.62407 4.62407 4.62407 4.62407 4.61270 4.58009 4.55234 4.64497 4.88269 4.95663 4.95663 4.80725 4.73359 4.73359 4.75805 4.81099 4.80143 4.79018
5.93158 6.60413 7.37212 9.19431 7.65063 7.87174 8.16434 8.40878 8.64123 8.73572 8.73572 8.73572 8.73572 8.90648 9.00141 9.00141 8.73748 8.62910 8.62910 8.67894 9.29075 9.31510 8.78466 9.77298 10.3463 10.3463 10.3463 10.3463 10.3463 10.3126 9.93831 4.18882 4.26513 4.26513 4.30479 4.46162 4.41929 4.39062 4.62438 4.62407 4.62407 4.62407 4.62407 4.62407 4.62407 4.61945 4.59005 4.55698 4.52389 4.50220 4.50173 4.50173 4.58073 4.75722 4.95663 4.98844 4.95316 4.79907 4.78798 4.75251 4.68849 4.68695 4.68695
9.15346 9.47309 9.63488 10.0860 9.43421 8.73572 8.73572 8.73572 8.73572 8.73572 8.73572 8.73572 8.73572 8.79238 9.00120 9.00141 8.88145 8.62910 8.62910 8.80633 9.30122 9.31510 9.08297 9.07671 10.3463 10.2989 9.90678 9.44526 8.98375 8.55695 8.46949 3.65606 4.09996 4.04285 4.00234 4.25031 4.31790 4.31790 4.52578 4.62407 4.62407 4.62322 4.60000 4.56694 4.53386 4.50540 4.50173 4.50173 4.50173 4.50173 4.50171 4.49551 4.50658 4.78688 4.99790 4.95775 4.91029 4.69868 4.68695 4.68695 4.68695 4.68695 4.68695
9.88404 9.88404 9.88404 9.91950 10.0860 8.73776 8.73572 8.73572 8.73572 8.73572 8.73572 8.73572 8.73572 8.73572 8.94886 9.05699 9.40918 9.48332 9.85763 10.0869 9.96819 9.28493 9.05496 8.01337 8.90652 8.53837 8.46949 8.46949 8.46949 8.46949 8.41211 2.97213 4.00073 4.00073 4.00073 4.11491 4.31790 4.31790 4.39790 4.57689 4.54383 4.51159 4.50173 4.50173 4.50173 4.50173 4.50165 4.49475 4.47860 4.46011 4.44166 4.42937 4.42697 4.69499 4.92079 4.91932 4.91932 4.77984 4.68695 4.68695 4.68891 4.74188 4.81747
9.88404 9.88404 9.88404 9.88404 10.3291 8.83777 8.73572 8.73572 8.73572 8.73572 8.73572 8.73882 9.04697 9.55478 10.0631 10.4139 10.4601 10.2234 9.88646 9.70208 9.51755 8.68726 8.37668 7.74728 7.97695 8.46143 8.22819 7.89369 7.55935 7.22469 6.94742 2.60502 3.80742 4.00073 4.00073 4.00364 4.20904 4.18869 4.16982 4.47402 4.50173 4.50173 4.50154 4.49396 4.47744 4.45896 4.44056 4.42898 4.42666 4.42666 4.42666 4.42666 4.42666 4.50866 4.91021 4.90944 4.90426 4.89012 4.87648 4.95204 5.02572 5.04831 5.04831
9.88404 9.88404 9.88404 9.88404 10.1100 9.49244 8.73572 8.73572 8.86062 9.34619 9.85437 10.3591 10.5591 10.5591 10.5560 10.1195 9.87725 9.66379 9.33752 9.33707 9.26856 8.83071 7.84645 7.51048 7.30399 7.02030 6.91873 6.91873 6.91873 6.91873 6.91873 2.60502 3.33085 4.00073 4.00073 4.00073 4.08178 4.16497 4.16454 4.35957 4.47628 4.45781 4.43951 4.42862 4.42666 4.42666 4.42666 4.42666 4.42666 4.42613 4.40184 4.37609 4.38323 4.40517 4.80639 4.97842 5.00592 5.00663 5.04435 5.04976 5.06984 5.09555 5.12126
9.88404 9.88404 9.88404 9.88404 9.90913 10.4089 9.65238 10.1536 10.5367 10.5591 10.5591 10.5591 10.5591 10.5591 10.5573 9.93970 9.48466 9.24036 8.79393 8.57133 8.45215 8.42501 7.44425 7.24669 7.34370 6.95659 6.91873 6.91873 6.91873 6.91873 6.91873 2.60502 2.73898 3.96940 3.99984 3.98499 3.96735 4.10000 4.08593 4.15462 4.42666 4.42666 4.42666 4.42666 4.41982 4.38550 4.35088 4.34986 4.35898 4.36867 4.40211 4.43697 4.43899 4.43899 4.65990 5.00827 5.01694 5.03750 5.08785 5.13775 5.14340 5.14340 5.14340
9.88404 10.0414 10.4452 10.8515 11.2408 11.7373 10.6720 10.5591 10.5591 10.5398 10.3709 10.2860 10.1022 9.75201 9.40247 9.10465 8.44931 8.40805 8.41754 8.43239 8.43239 8.43239 7.98240 7.24584 7.30510 7.13664 6.91873 6.91873 6.91873 6.91873 6.91873 2.57920 2.53564 3.54041 3.89375 3.87783 3.87561 3.99663 4.07113 4.07122 4.33200 4.33190 4.31651 4.32563 4.34161 4.38509 4.42881 4.43899 4.43899 4.43899 4.43899 4.43899 4.44454 4.46438 4.54668 5.00857 5.08231 5.08199 5.09431 5.14340 5.14340 5.14340 5.17327
11.0785 11.3393 11.2080 10.9588 10.7180 10.7799 10.5659 10.1796 9.88265 9.55046 9.36789 9.10138 8.93371 8.93243 8.93243 8.93243 8.54165 8.40805 8.40928 8.43126 8.43239 8.43239 8.38232 7.32948 7.26434 7.28588 6.91873 6.91873 6.91873 6.91873 6.91873 2.38253 2.41735 2.92047 3.87561 3.87561 3.87561 3.92049 4.13340 4.19304 4.31313 4.41444 4.43897 4.43899 4.43899 4.43899 4.43899 4.43899 4.44091 4.45817 4.47874 4.49931 4.51433 4.51506 4.51959 4.84855 5.08376 5.08199 5.12610 5.40290 5.70564 5.99208 6.24871
10.1837 10.4092 10.7583 11.2772 11.5792 11.4793 9.75503 9.00934 8.93243 8.93243 8.93243 8.93243 8.93243 8.93243 8.93243 8.93243 8.75645 8.40805 8.40805 8.42307 8.43239 8.43239 8.33978 7.61172 7.24585 7.34173 6.98911 6.91873 6.92311 6.98868 7.09632 2.24222 2.41735 2.42978 3.85286 4.08706 4.16432 4.22758 4.31161 4.33965 4.35437 4.43856 4.43899 4.43899 4.43916 4.45197 4.47254 4.49311 4.51176 4.51506 4.51506 4.51506 4.51506 4.51506 4.56876 4.90263 5.64549 5.80992 5.99265 6.18860 6.34682 6.34682 6.34682
