results/OMI_NO2_200812.asc
ncols      200
nrows      200
xllcorner       120.258
yllcorner       41.1236
cellsize     0.0166667
NODATA_Value      -999.000
[rows 29 to 57 of 200, columns 67 to 133 of 200]
3.29012 3.68087 3.56063 3.22200 2.35604 2.09187 2.04323 2.25398 2.14120 2.15100 2.01293 1.98855 2.05674 2.06330 2.06330 2.06330 2.06330 2.06330 2.06330 1.96783 1.86293 1.90007 1.97516 2.15022 2.12422 2.02631 2.20841 2.32063 2.24280 2.24712 2.27218 2.29031 2.28796 2.27613 2.24592 2.17282 2.10808 2.05460 2.00752 2.04879 4.65593 5.04889 5.56729 6.17193 6.63845 6.68724 6.68374 6.87233 7.77327 8.23751 8.23751 8.22567 8.17965 8.13931 8.13253 8.12957 8.12657 8.11190 8.10747 7.97073 7.00233 6.98947 7.02051 7.68304 8.48243 8.77683 8.73165
2.34271 2.45907 2.64430 2.63884 2.32366 2.19487 2.25733 2.48420 2.39363 2.38816 2.34232 2.07148 2.09678 2.13913 2.18319 2.22929 2.27734 2.32754 2.38008 2.41666 2.21791 2.20100 2.12283 1.96972 1.91368 1.87584 1.94560 2.30525 2.29251 2.26406 2.23442 2.17224 2.11346 2.05979 2.01101 2.01451 2.05226 2.09016 2.12806 2.16152 3.48895 5.00534 5.19681 5.78734 6.54899 6.69285 6.61930 6.57236 7.19040 7.98415 8.01414 8.02306 8.06612 8.10359 8.10747 8.10747 8.10747 8.10747 8.11089 8.30314 7.68571 7.58370 7.62369 7.52648 8.18233 7.94857 7.86072
2.79266 2.86349 2.73635 2.72612 2.58422 2.38150 2.43115 2.61623 2.81244 2.79665 2.87592 2.62622 2.46827 2.46827 2.46827 2.46827 2.46827 2.46827 2.39818 2.24951 2.07628 2.02911 2.04641 2.02102 1.98051 1.97572 1.82496 2.10123 2.11890 2.06486 2.01734 2.03078 2.06869 2.10655 2.14449 2.15787 2.11742 2.07572 2.03594 2.02153 2.20579 4.61532 4.98149 5.79393 6.84671 7.10956 6.40663 6.45157 6.80549 7.75302 8.10747 8.10747 8.10747 8.10747 8.10559 8.18896 8.49417 8.72073 8.55438 8.09982 7.44087 6.97870 6.92533 6.92755 7.64293 7.88353 7.87942
3.09663 3.02861 2.80981 2.72612 2.72612 2.72612 2.72612 2.74854 3.17227 2.97559 2.97559 2.89474 2.47556 2.45370 2.39003 2.25055 2.11295 1.98871 1.92478 1.93067 1.97005 2.08459 2.09046 2.04355 1.91705 1.86666 1.75637 1.83627 2.08510 2.12298 2.14843 2.11513 2.07356 2.05583 2.09106 2.13464 2.20614 2.28074 2.35516 2.40645 2.40821 3.88294 5.08054 5.83432 7.02347 8.10432 6.71871 6.55370 6.58754 7.38967 8.10130 8.11269 8.23848 8.25446 8.09765 7.79026 7.33967 7.01526 6.95280 6.95280 6.95234 6.92713 6.92008 6.91545 7.28048 7.86350 7.86300
3.17176 3.09104 2.90718 2.72780 2.72612 2.72612 2.72661 2.72794 3.07209 2.93129 2.83826 2.77412 2.27428 1.99648 1.93470 1.93258 1.93911 1.94564 1.95037 1.92718 1.86996 1.92310 1.90840 1.91129 1.88406 1.89002 1.89806 1.76988 2.11880 2.16207 2.20565 2.27781 2.35250 2.40574 2.40805 2.40805 2.40805 2.40805 2.40805 2.43918 2.50469 2.92489 5.52560 6.03670 7.03232 8.28324 7.29162 6.39802 6.39423 6.92864 7.58024 7.47519 7.18684 7.00804 6.95280 6.95280 6.95168 6.94727 6.94263 6.93802 6.93342 6.91820 6.90505 6.90635 6.96241 7.83095 7.86300
3.32089 3.10113 3.01157 2.78514 2.68191 2.63192 2.58145 2.53013 2.64544 2.80498 2.67023 2.68003 2.44425 1.95095 1.95058 1.95058 1.95108 1.89678 1.79862 1.79916 1.82883 1.91638 2.05467 2.12260 1.98679 1.95239 2.01643 2.00122 2.26601 2.40805 2.40805 2.40805 2.40805 2.40805 2.40805 2.41719 2.47433 2.54222 2.61477 2.65307 2.65307 2.66173 4.54605 5.58921 6.24766 7.27544 7.70263 6.34632 6.28967 6.24178 6.81313 6.95262 6.94921 6.94458 6.93961 6.86792 6.75110 6.64189 6.53667 6.43534 6.33748 6.23967 6.41325 6.90635 6.90103 7.52625 7.83802
3.42863 2.99442 2.88870 2.63897 2.48601 2.48753 2.49481 2.50264 2.53701 2.95018 2.70432 2.70416 2.69797 2.10159 1.99375 2.03125 2.11883 2.21326 2.06494 2.12006 2.18808 2.25759 2.37721 2.38170 2.24068 2.04689 2.04755 2.06436 2.09005 2.40805 2.40805 2.40829 2.44442 2.50326 2.56394 2.61757 2.61250 2.57958 2.55777 2.88520 3.35112 3.87011 4.61514 5.63831 6.49549 7.42543 7.72350 6.48125 6.03326 5.95646 6.27508 6.47531 6.39774 6.30125 6.20811 6.16942 6.16942 6.16942 6.16942 6.16942 6.16815 6.21852 6.33175 7.13557 7.26005 7.63793 8.34863
3.40744 3.11170 2.91359 2.84263 2.57210 2.51909 2.51965 2.51965 2.51965 2.87787 2.89093 2.99827 3.16893 2.99602 2.45786 2.53277 2.56025 2.56025 2.38633 2.26096 2.26096 2.26096 2.33652 2.38151 2.34243 2.04396 2.02357 2.03289 1.96438 2.39556 2.48635 2.54348 2.54109 2.51226 2.49597 2.81489 3.29341 3.79648 4.35247 4.62004 4.75523 4.79208 4.81700 5.49674 6.27401 6.43009 6.64233 6.33774 5.52594 5.52594 5.66683 6.07712 6.16942 6.16942 6.17294 6.24238 6.33563 6.42264 6.50798 6.59321 6.67977 6.71473 6.70676 7.25881 7.52956 7.53690 8.05077
3.55780 3.49886 3.03775 2.99954 2.73402 2.59387 2.68036 2.76687 2.85343 3.12914 3.57615 3.60903 3.60903 3.59714 2.74321 2.55498 2.51906 2.47945 2.40880 2.15058 2.11864 2.09284 2.09194 2.14992 2.14089 2.06197 2.05019 2.08478 2.10205 2.26243 2.48081 2.76679 3.26830 3.74851 4.27962 4.55122 4.64795 4.69807 4.65946 4.63408 4.61036 4.58738 4.56491 4.81199 5.67318 5.86957 5.97673 6.45714 5.66139 5.61239 5.71059 6.22315 6.53123 6.62695 6.70866 6.72463 6.71655 6.71473 6.71473 6.71473 6.71473 6.71467 6.58223 6.53784 6.70168 6.37831 6.68812
3.65653 3.69860 3.32718 3.23077 3.25644 2.97641 2.94856 2.92522 2.86834 2.85207 3.26526 3.24176 3.17150 3.10331 2.77383 2.26394 2.25844 2.25844 2.25844 2.11185 2.03429 2.05515 2.14625 2.23770 2.26168 2.20521 2.03548 2.23604 2.73960 3.27020 4.06744 4.31719 4.39848 4.47550 4.47271 4.45783 4.47046 4.48678 4.50419 4.57626 4.67314 4.77451 4.87275 4.94025 5.68407 6.09186 5.52736 5.64852 6.27560 6.10083 6.09274 6.30014 6.65316 6.71473 6.71473 6.71473 6.71473 6.71465 6.63886 6.37492 6.09343 5.78991 5.60873 5.60841 6.13784 6.15101 6.32045
3.82423 3.82363 3.63470 3.27271 3.27760 3.11337 2.94856 2.63059 2.53174 2.53174 2.81952 2.96152 2.97674 2.97674 2.96677 2.38142 2.26298 2.30077 2.39098 2.42681 2.26079 2.28212 2.24955 2.29364 2.58951 2.95889 3.09006 3.33657 3.67801 3.89432 4.36988 4.46122 4.47755 4.49998 4.58163 4.67866 4.77426 4.79649 4.79024 4.70515 4.59387 4.48273 4.37993 4.36788 4.76313 5.79904 5.22311 5.08279 5.65677 6.04980 6.07125 6.10533 6.56002 6.71448 6.66938 6.43870 6.11669 5.80701 5.58056 5.51250 5.47476 5.47504 5.47506 5.49198 5.93252 6.04363 5.96398
3.82363 3.82363 3.81046 3.32108 3.27288 3.25192 2.95617 2.76129 2.53174 2.53194 2.68932 2.85872 2.87277 2.82058 2.76406 2.55236 2.27862 2.29428 2.28226 2.40313 2.68293 3.02844 3.40694 3.67387 3.61728 3.70343 3.66157 3.50224 3.79232 4.05873 4.41833 4.70286 4.69960 4.68884 4.59923 4.48796 4.38317 4.35874 4.35874 4.35874 4.35874 4.35874 4.32515 4.21539 4.19139 5.02262 4.98707 4.81708 5.19015 5.93528 6.02546 5.87549 5.91524 5.84268 5.57218 5.47656 5.47217 5.47505 5.47506 5.46788 5.40677 5.33458 5.26246 5.19030 5.40086 5.78191 5.77491
3.82363 3.82442 3.87721 3.65978 3.46619 3.55394 3.40449 3.33319 2.95415 3.06536 2.88525 2.47610 2.47290 2.48607 2.51347 2.59393 2.71243 3.08905 3.69920 4.00485 4.01990 3.83393 3.94123 4.00639 3.90170 3.87340 3.92772 3.94936 4.29374 4.70071 4.83683 4.36353 4.35874 4.35874 4.35874 4.35874 4.35874 4.35874 4.35346 4.26603 4.15687 4.05464 3.98554 3.98266 4.00802 4.50638 5.09700 4.71061 4.80386 5.50159 5.47135 5.23076 5.31734 5.59456 5.47502 5.43668 5.36456 5.29237 5.22317 5.18004 5.19413 5.21924 5.24440 5.26949 5.35272 5.69356 5.69699
4.48115 4.60119 4.60398 4.44503 4.14867 4.22166 4.22037 3.90440 3.35674 3.24676 3.12471 2.59915 2.84434 3.19021 3.48902 3.72713 3.67738 3.59507 4.29941 4.47631 4.57408 4.26364 4.23534 4.30117 4.32718 4.21649 4.21729 4.24449 4.30740 4.72588 4.91517 4.50489 4.35874 4.35874 4.35874 4.31683 4.20981 4.14126 4.08751 4.10670 4.16807 4.23952 4.28588 4.32024 4.35548 4.38795 5.27150 4.98416 5.10300 5.40618 5.68267 5.24282 5.25883 5.44941 5.27939 5.25362 5.27873 5.30389 5.32603 5.32937 5.32937 5.32937 5.32937 5.32644 5.31478 5.58577 5.67083
4.39381 4.31745 4.28511 4.28511 4.29532 4.26411 4.23353 4.08132 4.02552 4.04474 4.39623 3.92432 3.73400 3.77536 3.84969 3.93193 4.01343 4.08897 4.56109 4.90626 4.90792 4.72717 4.39727 4.39727 4.39718 4.24916 4.21649 4.23803 4.28238 4.71304 5.01832 4.93199 4.50468 4.43224 4.36370 4.35702 4.42909 4.46519 4.48271 4.46859 4.43680 4.43806 4.56000 4.70784 4.82761 4.80382 5.19122 5.33397 5.28222 5.48271 5.82580 5.56582 5.39402 5.43645 5.41910 5.32937 5.32937 5.32937 5.33837 5.36261 5.37063 5.36821 5.36578 5.36627 5.38106 5.54085 5.74981
4.27364 4.23316 4.19129 4.14943 4.31377 4.78447 5.19606 5.56006 5.57726 4.85317 4.88044 4.42161 3.82974 4.12617 4.21577 4.21577 4.21577 4.21577 4.30561 4.91602 4.99106 5.05435 4.64434 4.63112 4.69055 4.66938 4.61462 4.67318 4.63159 4.73978 4.98465 5.00756 4.49440 4.49865 4.52968 4.49803 4.45625 4.41265 4.45683 4.53606 4.60605 4.63002 4.55423 4.47711 4.43206 4.39716 4.39367 5.06928 5.11791 5.39792 5.71787 5.83183 5.40674 5.43438 5.54459 5.41896 5.43254 5.43076 5.41932 5.39265 5.38219 5.38219 5.38219 5.38219 5.38219 5.43551 5.80055
4.21899 4.66272 5.09036 5.48821 5.66712 5.52424 5.37221 5.38520 5.86302 5.12316 4.95785 4.82917 4.00834 4.13780 4.43134 4.49499 4.56060 4.62848 4.69858 5.27134 5.54510 5.54510 5.25442 4.89097 4.87341 4.71468 4.48840 4.40400 4.36701 4.44119 4.83496 4.86686 4.49121 4.22452 4.23014 4.28878 4.35142 4.41446 4.39666 4.37665 4.36845 4.36159 4.31747 4.23381 4.15397 4.07781 3.97297 4.46471 4.92780 5.48539 6.05398 6.09677 5.69493 5.52068 5.55544 5.46154 5.38285 5.38219 5.38219 5.38219 5.38219 5.39575 5.43837 5.48278 5.57615 5.69559 5.95423
5.53689 5.40025 5.24758 5.03691 4.86096 4.79400 4.73275 4.66989 5.20013 5.39733 5.81181 5.84975 4.68991 4.35426 4.73911 4.75408 4.75408 4.75408 4.75408 4.91119 5.50928 5.36734 5.12602 4.45623 4.28477 4.26495 4.34055 4.33693 4.27853 4.23193 4.33220 4.51092 4.62194 4.37692 4.38010 4.37266 4.36513 4.31346 4.22985 4.15024 4.10384 4.09754 4.12726 4.19353 4.25996 4.32633 4.33196 4.42646 5.06632 5.55887 6.43817 6.57100 6.22597 5.44685 5.46042 5.51729 5.38219 5.39596 5.44214 5.54819 5.67122 5.79113 5.88248 5.97211 6.01275 6.01344 6.03678
4.58670 4.52571 4.46802 4.45089 4.45089 4.45231 4.46460 4.46473 4.75195 5.18241 5.85845 5.85891 5.17444 4.32841 4.59773 4.70949 4.65514 4.60653 4.55797 4.26578 4.63043 4.75366 4.75315 4.44197 4.15050 4.09631 4.16366 4.38301 4.52433 4.73204 4.88934 5.06766 4.83741 4.28729 4.17281 4.16443 4.15709 4.18953 4.25590 4.32227 4.35999 4.36015 4.36015 4.36015 4.36015 4.37530 4.47200 4.50250 5.26562 5.83059 6.66184 6.99033 6.78928 5.63523 5.58633 5.77544 5.79104 5.88627 5.97406 6.00204 6.01286 6.01344 6.01288 5.98464 5.94132 5.89795 5.85468
4.45089 4.45089 4.45089 4.45089 4.45089 4.44643 4.41127 4.36254 4.36001 4.80578 5.20980 5.18892 4.89776 4.15533 4.20258 4.50123 4.50862 4.51325 4.51321 4.21870 4.14403 4.56720 4.50483 4.45883 4.38456 4.59930 4.72754 4.97127 5.09124 5.00452 4.62642 4.56299 4.40274 4.25280 4.35960 4.36015 4.36015 4.36015 4.36015 4.36015 4.36015 4.36049 4.42265 4.53641 4.65784 4.76885 4.78342 4.72957 4.97178 5.76787 6.61007 7.49343 7.00431 6.43535 6.00135 6.04620 6.08968 6.01344 6.00123 5.95923 5.91589 5.87254 5.83619 5.83819 5.85550 5.87280 5.89012
4.29549 4.24628 4.19882 4.15278 4.10816 4.07808 4.08332 3.96800 3.92320 4.18060 4.53908 4.81567 4.81839 4.24293 4.09742 4.42550 4.39396 4.31144 4.23355 4.18407 3.87910 4.52616 4.75447 4.82686 4.85157 4.80564 4.75866 4.78398 4.84453 4.84092 4.41345 4.39385 4.43598 4.20947 4.35850 4.36015 4.36015 4.36015 4.38093 4.48381 4.60163 4.72726 4.78342 4.77602 4.75697 4.72756 4.66630 4.61869 4.86631 5.63607 5.99350 6.86938 6.87338 6.70943 6.05158 6.00806 6.04266 5.90147 5.88074 5.89672 5.91401 5.93133 5.94218 5.94235 5.94235 5.94235 5.94339
4.06515 4.09096 4.11964 4.14831 4.17696 4.19602 4.19427 3.90045 3.82881 3.90832 4.36700 4.79950 4.70569 4.28309 3.82281 4.01998 4.30733 4.37907 4.43795 4.49978 4.20262 4.22792 4.67995 4.67170 4.67170 4.67170 4.67170 4.68236 4.83539 4.84166 4.60598 4.36786 4.43198 4.29503 4.30699 4.43282 4.54723 4.66937 4.76594 4.75614 4.73696 4.70237 4.63900 4.57560 4.44500 4.30947 4.21138 4.15527 4.50870 5.09691 5.75675 6.63813 7.07471 6.81191 6.39165 6.07497 6.07467 5.99738 5.94235 5.94235 5.94235 5.94334 5.95326 5.97993 6.02778 6.07578 6.12278
4.19364 4.19648 4.19648 4.19208 4.16367 4.13164 4.09960 3.89518 3.63991 3.56847 3.89329 4.44617 4.70117 4.78730 4.26837 4.41042 4.39280 4.37350 4.37350 4.37350 4.32623 3.92205 4.58587 4.67170 4.67170 4.67170 4.67170 4.67170 4.77810 4.84166 4.80200 4.38933 4.57263 4.69722 4.56862 4.73613 4.71537 4.67420 4.61984 4.57455 4.49646 4.40702 4.35076 4.31980 4.39720 4.49167 4.58431 4.67509 4.90314 5.34923 6.17797 6.87412 7.14972 6.93657 6.74111 6.10206 6.08764 6.07681 5.97935 5.99679 6.04137 6.08838 6.12650 6.14783 6.14800 6.14800 6.14800
4.15865 4.12659 4.09456 4.06031 3.99621 3.92616 3.88421 3.84591 3.64402 3.75612 4.21006 5.04970 5.44155 5.44155 4.69110 4.48100 4.39836 4.37350 4.37350 4.37350 4.37350 4.08543 4.24482 4.67170 4.67170 4.67170 4.67170 4.67678 4.84377 5.10161 5.26401 4.94915 4.76590 4.77332 4.52568 4.72269 4.83596 4.83017 4.82563 4.82302 4.85636 4.91026 4.96017 4.98736 4.96611 4.95300 4.93267 4.91101 4.90437 5.37846 5.89897 6.62479 7.26365 7.20691 6.90036 6.43844 6.17492 6.21053 6.14755 6.14455 6.14800 6.14800 6.14800 6.14800 6.05778 5.63462 5.16640
4.02858 3.99487 3.96488 4.00163 4.11879 4.25286 4.36143 4.43878 4.17473 4.02361 4.11813 4.67121 5.44155 5.44155 5.00490 4.48100 4.43867 4.37350 4.37350 4.37350 4.37350 4.31793 3.94588 4.64144 4.77399 4.97374 5.25323 5.58980 5.74112 5.64042 5.61794 5.40964 5.10817 5.67834 5.38781 5.01992 5.07230 5.02442 5.00162 4.97879 4.95432 4.93151 4.90985 4.89323 4.90473 4.92520 4.96144 4.99908 5.03670 5.37299 5.67317 6.45724 7.30370 7.38699 6.99773 6.81754 6.29475 6.28048 6.23627 6.14800 6.05051 5.60773 5.15154 4.68412 4.28063 4.26704 4.27695
4.20333 4.28389 4.36466 4.37214 4.35253 4.33305 4.31575 4.31320 4.21311 3.92478 3.92616 4.31134 5.31491 5.44155 5.33456 4.50287 4.47491 4.39165 4.48072 4.61587 4.74804 4.88337 4.80908 5.54416 6.24920 6.30092 6.23333 6.11307 6.03679 5.89255 5.57675 5.34977 4.54280 4.81379 4.68700 4.60934 4.91438 4.91274 4.92325 4.93925 4.96055 4.99716 5.03478 5.06736 5.07184 5.07184 5.07184 5.07184 5.07184 5.16241 5.61572 6.08536 6.95469 7.37212 7.22174 6.91319 6.38948 5.73523 5.25266 4.68426 4.29204 4.29817 4.29385 4.27532 4.27254 4.27254 4.26198
4.31320 4.31320 4.31320 4.31320 4.31320 4.31320 4.31320 4.31320 4.31169 3.98081 3.91393 4.07370 4.90362 5.31656 5.23176 5.06491 5.36092 5.42095 5.40871 5.38108 5.30278 5.22033 5.09742 5.07099 6.01391 6.00502 5.85477 5.57887 5.19878 4.87698 4.59275 4.46318 4.22623 4.30468 4.49574 4.54757 4.90806 5.06640 5.07184 5.07184 5.07184 5.07184 5.07184 5.07184 5.07184 5.07184 5.07184 5.07184 5.07184 5.07184 5.49351 5.68349 6.50260 6.71364 6.20615 5.39166 4.84454 4.27249 4.23180 4.24346 4.27254 4.26961 4.24637 4.21940 4.19241 4.16432 4.11575
4.31320 4.31109 4.30235 4.29317 4.28397 4.27479 4.24675 4.17442 4.09892 3.87088 3.69518 3.69341 4.16500 4.85369 4.85687 4.97274 5.40758 5.29093 5.08795 4.95308 4.87821 4.81001 4.78238 4.63720 4.85029 4.89118 4.69850 4.62530 4.65269 4.68929 4.64536 4.63461 4.59588 4.24753 4.58924 4.59185 4.78200 5.06984 5.07184 5.07184 5.07184 5.07184 5.07184 5.07184 5.07184 5.07184 5.07403 5.08568 5.08750 5.01965 5.18804 5.56492 4.52864 4.69321 4.79044 4.86669 4.94649 4.43657 4.17406 4.10060 4.07901 4.01026 3.96037 3.91430 3.86827 3.82326 3.80934
4.19182 4.12152 4.06021 4.00090 3.92508 3.84503 3.78196 3.75420 3.73178 3.72498 3.67704 3.64144 3.76836 4.56067 4.59171 4.50058 4.97209 4.95275 4.79284 4.64610 4.48703 4.37116 4.26528 4.21620 4.05055 4.75141 4.77108 4.77108 4.77108 4.77108 4.74082 4.64423 4.64423 4.27649 4.56344 4.58924 4.65911 5.00012 5.07184 5.07184 5.07184 5.07442 5.08630 5.09901 5.09488 5.01971 4.93446 4.91821 4.86532 4.85295 4.86162 5.30724 4.76899 4.05465 4.36660 4.38871 4.50295 4.31088 3.79854 3.76597 3.78819 3.80934 3.80934 3.80934 3.80934 3.82368 3.85173
