results/OMI_NO2_200701.asc
ncols      200
nrows      200
xllcorner       120.258
yllcorner       41.1236
cellsize     0.0166667
NODATA_Value      -999.000
[rows 58 to 86 of 165, columns 64 to 127 of 200]
0.652905 0.745356 0.813567 0.650717 0.631307 0.643851 0.646245 0.645342 0.697321 0.735895 0.748925 0.766302 0.787945 0.802982 0.829647 0.810205 0.824529 0.839343 0.850212 0.903082 1.06427 1.09652 1.16885 1.15434 1.25481 1.34042 1.31795 1.30186 1.28965 1.21728 1.24051 1.26656 1.29356 1.31626 1.32526 1.33356 1.30490 1.29977 1.23792 1.11555 1.32053 1.54856 1.79078 1.88404 1.87673 1.90611 1.87731 1.89117 1.88749 1.97342 2.06702 2.72545 2.71361 2.69296 2.69730 2.61639 2.57905 2.54070 2.38166 2.43587 2.75674 2.78234 2.78291 2.77965
0.623076 0.664383 0.783799 0.711707 0.689061 0.707965 0.726161 0.739662 0.767279 0.835399 0.852150 0.859502 0.868789 0.871793 0.889060 0.872131 0.871568 0.879973 0.886625 0.889779 1.08842 1.11066 1.17998 1.14846 1.16301 1.29971 1.34471 1.32849 1.33852 1.36985 1.37781 1.37168 1.36563 1.35843 1.33592 1.32221 1.29982 1.27524 1.27669 1.12294 1.21407 1.39463 1.61521 1.76530 1.75332 1.75743 1.74769 1.74058 1.75283 1.81468 1.83040 2.47014 2.51813 2.48517 2.48528 2.47492 2.45709 2.45267 2.33616 2.30972 2.54240 2.63008 2.59954 2.56580
0.546974 0.578219 0.734778 0.743098 0.758707 0.758986 0.763105 0.770581 0.784282 0.832464 0.879464 0.889244 0.898291 0.908161 0.902052 0.898161 0.861846 0.859383 0.863582 0.867998 1.01255 1.11451 1.17134 1.21416 1.15730 1.30373 1.35894 1.30394 1.29885 1.31148 1.31377 1.29762 1.29785 1.30095 1.31872 1.32893 1.33700 1.31436 1.33104 1.20968 1.17524 1.24346 1.42418 1.58469 1.64839 1.65941 1.69631 1.70171 1.72770 1.71933 1.69325 2.03456 2.21628 2.21052 2.20584 2.14175 2.07392 2.04082 1.94153 1.84066 1.98534 2.20959 2.17043 2.13656
0.426067 0.471185 0.672181 0.726880 0.738733 0.741252 0.787152 0.823030 0.841599 0.851197 0.934683 0.944519 0.951786 0.951149 0.930169 0.920692 0.938348 0.952008 0.956848 0.960784 1.04442 1.24854 1.27026 1.32133 1.25961 1.31440 1.32820 1.25315 1.22487 1.23106 1.27607 1.30380 1.32013 1.33540 1.34474 1.34275 1.32872 1.27669 1.25101 1.15606 1.07257 1.14603 1.29378 1.51020 1.65705 1.64164 1.62336 1.63410 1.65328 1.68513 1.69998 1.85168 2.09822 2.08059 2.06354 1.98538 1.88944 1.86854 1.84713 1.72484 1.72879 1.99943 2.01812 2.01812
0.417068 0.442970 0.633527 0.815072 0.818194 0.862378 0.928422 1.01830 1.01993 0.976568 1.02964 1.02397 1.00377 0.990802 0.988215 0.969886 1.03421 1.07441 1.08157 1.08875 1.10251 1.36455 1.36463 1.36893 1.32166 1.33173 1.36591 1.30686 1.26776 1.26872 1.30597 1.29783 1.28298 1.26886 1.26155 1.26962 1.29012 1.29948 1.31708 1.30418 1.18446 1.22284 1.36467 1.55614 1.63754 1.64911 1.61091 1.61918 1.61119 1.63245 1.63613 1.68817 2.02262 2.01478 2.00413 1.96650 1.85036 1.82998 1.82998 1.72592 1.73215 1.88854 2.01812 2.01812
0.406412 0.426159 0.563657 0.959234 0.975302 0.973866 0.964032 1.05225 1.04031 1.02277 1.05073 1.04199 1.03734 1.03734 1.03734 1.02501 1.03294 1.10471 1.10063 1.08352 1.06839 1.28004 1.43222 1.48687 1.54130 1.43645 1.42853 1.32284 1.22383 1.22177 1.25152 1.26758 1.26863 1.26953 1.27041 1.26645 1.25246 1.24663 1.27080 1.24784 1.21070 1.22753 1.32077 1.45924 1.59128 1.61499 1.58861 1.57144 1.58905 1.61035 1.59685 1.59972 1.93341 1.97974 1.97974 1.97791 1.87398 1.82998 1.83003 1.76665 1.72481 1.77734 2.01209 2.02388
0.374667 0.401980 0.455173 0.794979 0.916916 0.907340 0.931847 1.01902 1.06644 1.07302 1.07590 1.11155 1.09751 1.10740 1.11752 1.12876 1.07742 1.11886 1.15718 1.19286 1.22738 1.34118 1.53871 1.46297 1.44186 1.36071 1.30234 1.23329 1.16882 1.14949 1.15899 1.18598 1.18785 1.19893 1.21171 1.22449 1.23298 1.23452 1.26236 1.27069 1.21121 1.23077 1.28321 1.39336 1.53227 1.60063 1.64908 1.62476 1.70514 1.72089 1.62347 1.61178 1.86474 2.01157 2.01336 2.01121 1.94559 1.86923 1.88666 1.89027 1.80330 1.82687 2.04024 2.04426
0.355802 0.390817 0.421976 0.676446 0.920431 0.955536 1.02084 1.06949 1.16822 1.16822 1.13933 1.19944 1.14222 1.13228 1.11561 1.09641 1.05555 1.05977 1.09782 1.06329 1.05088 1.05696 1.17139 1.16993 1.18456 1.24033 1.18177 1.15141 1.10717 1.11161 1.12339 1.16634 1.17465 1.17516 1.17803 1.18106 1.18408 1.18727 1.20373 1.22512 1.28339 1.37539 1.46327 1.65790 1.82596 1.87212 1.90233 1.81867 1.85056 1.85400 1.79395 1.69354 1.83953 2.10738 2.13005 2.15672 2.14972 2.04077 1.97677 1.93707 1.76064 1.82350 1.95278 2.08075
0.349802 0.368452 0.402528 0.561416 0.978201 0.988830 1.05631 1.05148 1.21777 1.21864 1.14484 0.937224 0.908995 0.889871 0.880395 0.867536 0.855455 0.865939 0.920195 0.918872 0.922978 0.963999 1.05144 1.08593 1.08961 1.16281 1.17883 1.18071 1.13214 1.14110 1.14481 1.19407 1.21367 1.21772 1.21965 1.22345 1.22760 1.25021 1.29797 1.40543 1.54081 1.70826 1.74215 1.74761 1.85002 1.84587 1.86484 1.82056 1.79153 1.85748 1.86890 1.76970 1.82335 2.17469 2.14462 2.10799 2.07356 1.94507 1.88688 1.88862 1.79982 1.82033 1.88756 2.10960
0.359159 0.376020 0.442782 0.543940 0.947832 1.05596 0.994244 0.951074 1.07797 1.15011 1.10006 0.903811 0.863500 0.841534 0.836708 0.835933 0.835157 0.841839 0.894959 0.921628 0.924107 0.969526 1.04021 1.13211 1.13642 1.19322 1.25085 1.24135 1.17557 1.16741 1.16773 1.20025 1.23383 1.25113 1.28418 1.35303 1.43055 1.48878 1.50546 1.51270 1.54468 1.64913 1.66753 1.65905 1.68930 1.72116 1.71462 1.72213 1.63158 1.80194 1.79336 1.71593 1.70996 1.97401 2.00164 1.98007 1.95754 1.89563 1.82726 1.80944 1.77567 1.70266 1.81501 2.08453
0.459200 0.465703 0.510970 0.579849 0.871687 1.08548 1.05666 0.972754 0.990309 0.977977 0.968168 0.895918 0.849579 0.844337 0.840496 0.840496 0.843544 0.857597 0.900875 0.942469 0.955820 0.992572 1.03534 1.15450 1.15541 1.19686 1.27399 1.21344 1.15138 1.14308 1.17591 1.24425 1.36879 1.43245 1.47950 1.49018 1.49174 1.49391 1.49795 1.49726 1.52841 1.65709 1.71049 1.70483 1.61488 1.70563 1.69308 1.68746 1.57236 1.69382 1.73402 1.71708 1.66538 1.79003 1.87025 1.87297 1.88524 1.90609 1.92388 1.94492 2.01276 2.05409 2.23882 2.39876
0.496968 0.521162 0.577170 0.658770 0.828901 1.13438 1.13289 1.03189 1.01563 0.965480 0.959541 0.913122 0.846456 0.853576 0.852432 0.871410 0.893332 0.902688 0.910405 0.909481 0.902512 0.902847 0.945356 1.04214 1.06574 1.08910 1.19158 1.21760 1.28264 1.38596 1.43972 1.47006 1.50810 1.51663 1.51848 1.52057 1.52296 1.52479 1.52241 1.50247 1.50609 1.57537 1.61677 1.59540 1.46540 1.48989 1.45719 1.42432 1.42341 1.52538 1.69201 1.69003 1.65465 1.72821 1.90973 1.92445 1.96868 2.02423 2.10053 2.14604 2.15183 2.15183 2.24894 2.30715
0.745909 0.774963 0.778677 0.719819 0.725107 0.975432 0.972445 0.922813 0.877067 0.865118 0.868288 0.876491 0.770643 0.770362 0.805771 0.832341 0.832341 0.832341 0.832430 0.853375 0.857492 0.869022 0.949935 1.05724 1.19556 1.27806 1.40334 1.47139 1.40837 1.45335 1.45470 1.45580 1.47485 1.47697 1.46724 1.45510 1.44237 1.42965 1.41694 1.39864 1.36441 1.40450 1.42418 1.40774 1.37234 1.35244 1.37752 1.37096 1.36405 1.41419 1.68050 1.71207 1.69948 1.76958 2.06273 2.11408 2.12801 2.12801 2.14328 2.15183 2.15183 2.15183 2.19219 2.29258
0.805353 0.808174 0.839769 0.837828 0.799348 0.996529 1.08035 1.06450 0.941519 0.923749 0.890808 0.890808 0.786332 0.770362 0.779001 0.831287 0.832341 0.827759 0.806418 0.843866 1.00847 1.12216 1.22639 1.34242 1.50491 1.52494 1.51814 1.49860 1.35668 1.38227 1.35490 1.33916 1.36759 1.39349 1.39037 1.39066 1.39694 1.40410 1.41146 1.42039 1.41249 1.45404 1.54830 1.53622 1.53137 1.40031 1.39160 1.38428 1.35433 1.32044 1.41880 1.52230 1.48543 1.79095 2.07921 2.09855 2.08862 2.07278 2.07562 2.09948 2.10415 2.10007 2.09647 2.21568
0.990996 1.05720 1.07179 1.06714 0.887282 0.985074 1.08591 1.08591 0.973658 0.939789 0.893618 0.890808 0.812435 0.768256 0.764729 0.815124 0.843441 0.851499 0.868621 0.894695 1.30570 1.36180 1.37565 1.34075 1.49600 1.53512 1.50508 1.44245 1.26140 1.26308 1.29399 1.32629 1.45080 1.50295 1.51654 1.52904 1.53416 1.53811 1.54044 1.54158 1.54081 1.52496 1.49014 1.44834 1.42956 1.27338 1.13011 1.01614 0.913562 0.857213 0.882147 1.26582 1.26309 1.42495 1.81954 1.90446 1.90916 1.91702 1.91607 1.92562 1.90873 1.89708 1.88619 1.97697
1.07179 1.07179 1.07179 1.07179 0.956344 0.923149 1.08595 1.08591 1.03216 0.993671 0.956143 0.927411 0.907247 0.892954 0.898692 0.895693 0.922878 0.925043 0.944029 0.964244 1.25257 1.56865 1.53782 1.42962 1.49032 1.56839 1.58113 1.56760 1.45153 1.40117 1.43118 1.42306 1.52062 1.57650 1.57564 1.57268 1.56968 1.56663 1.56533 1.56533 1.55932 1.51424 1.33686 1.18942 1.05819 0.937030 0.809415 0.805341 0.804285 0.785483 0.758145 1.09824 1.24601 1.31452 1.69643 1.89931 1.88067 1.87040 1.86067 1.86746 1.87562 1.87732 1.87875 1.91656
1.07179 1.07179 1.07022 1.04119 0.981497 0.804276 0.862972 0.774487 0.728274 0.921680 0.905068 0.878694 0.879061 0.890307 0.907807 0.931222 0.988235 0.994526 0.966229 0.938655 0.943117 1.46116 1.50603 1.45866 1.44732 1.60954 1.59944 1.57316 1.47273 1.36478 1.41697 1.41733 1.45858 1.56533 1.56566 1.57056 1.57208 1.56362 1.51456 1.43640 1.35598 1.28411 1.19255 1.13207 1.06269 1.04413 0.836943 0.839286 0.850254 0.859622 0.838543 0.949913 1.26783 1.25522 1.35997 1.78293 1.78865 1.77298 1.75504 1.74397 1.73770 1.71664 1.69533 1.67428
0.940203 0.901159 0.838043 0.758413 0.705839 0.633718 0.677970 0.685960 0.688769 0.844190 0.925414 0.946637 0.973457 0.959666 0.925063 0.885968 0.862361 0.900081 0.900259 0.897897 0.875419 1.18724 1.49487 1.47257 1.37356 1.55611 1.57762 1.57458 1.52332 1.42939 1.48511 1.50245 1.50545 1.65003 1.65233 1.57285 1.48354 1.39999 1.36958 1.36791 1.36627 1.37008 1.28991 1.22474 1.14392 1.15060 0.951606 0.858437 0.853494 0.847074 0.816921 0.810369 1.13841 1.20285 1.19966 1.40199 1.48996 1.48806 1.48462 1.48272 1.48791 1.43571 1.36876 1.21627
0.753299 0.714536 0.688084 0.685743 0.681268 0.668490 0.696188 0.710078 0.706329 0.740449 0.851348 0.854616 0.853475 0.844821 0.837909 0.815986 0.803038 0.840975 0.843051 0.825790 0.825416 0.893458 1.53952 1.58203 1.50785 1.61981 1.71947 1.73253 1.71676 1.61708 1.52642 1.39505 1.30711 1.30749 1.34999 1.35568 1.37121 1.38647 1.39661 1.40778 1.41862 1.42004 1.35352 1.24310 1.17026 1.13137 1.01066 0.794658 0.770401 0.748954 0.753861 0.818851 0.983912 1.19649 1.18527 1.23774 1.41172 1.40931 1.39455 1.32863 1.22777 1.10978 0.989465 0.933683
0.672589 0.674949 0.680926 0.687271 0.678313 0.654941 0.658458 0.777637 0.763159 0.780306 0.942284 0.963081 1.00397 0.995006 0.993547 1.00265 1.00648 1.00433 0.993477 0.993475 0.993475 0.993475 1.43581 1.71726 1.65747 1.63135 1.78084 1.74893 1.66030 1.51533 1.37615 1.22853 1.24831 1.28162 1.48804 1.49711 1.48651 1.46614 1.43064 1.37762 1.32630 1.27891 1.23681 1.09755 1.06128 1.06563 1.03633 0.810229 0.774202 0.766163 0.758344 0.783667 0.816946 1.08685 1.09815 1.08203 1.19833 1.15232 1.06784 1.03082 1.03282 1.03532 0.976582 0.956492
0.735830 0.704184 0.675227 0.648632 0.635684 0.624092 0.606391 0.814045 0.793769 0.775757 0.859879 0.932248 0.984616 0.992465 1.00571 1.00648 1.00648 1.00648 0.996388 0.993475 0.994916 1.00812 1.13358 1.65130 1.57127 1.37087 1.53018 1.49025 1.48664 1.51939 1.46233 1.23658 1.19891 1.17250 1.23198 1.23086 1.18880 1.15589 1.13727 1.11908 1.08749 1.05702 1.03021 0.969607 0.963801 1.04412 1.04145 0.896156 0.740649 0.735246 0.735246 0.739636 0.777430 0.944338 1.04517 1.03387 1.01142 1.02716 1.03478 1.03590 1.04064 1.06058 1.03589 1.01827
0.635824 0.635824 0.611260 0.575637 0.560974 0.555585 0.555585 0.718343 0.770346 0.770346 0.800034 0.931672 0.963206 0.992122 1.00156 1.00648 1.00688 1.01875 1.02785 1.02803 1.03852 1.04619 1.06004 1.32830 1.41022 1.28862 1.25551 1.19871 1.15204 1.16596 1.20124 1.10947 1.07483 1.07527 1.08388 1.11786 1.09028 1.06149 1.03374 1.02078 1.02075 1.02075 1.02075 0.996004 0.980955 1.05867 1.07940 1.00595 0.785763 0.759060 0.757830 0.737249 0.789298 0.882669 1.14375 1.16349 1.16362 1.16452 1.19297 1.18871 1.16852 1.14400 1.10421 1.02202
0.635824 0.635824 0.619227 0.555605 0.555585 0.555585 0.555585 0.656565 0.777842 0.770346 0.770346 0.900973 0.941920 1.00757 1.04292 1.09078 1.12545 1.14890 1.17067 1.15690 1.16342 1.15298 1.13508 1.24119 1.41474 1.34077 1.20723 1.14751 1.15530 1.17064 1.20862 1.12653 1.04478 1.01964 0.994481 1.01283 1.02075 1.02075 1.02075 1.02075 1.02075 1.02075 1.02075 1.01659 1.00736 1.04845 1.08825 1.10841 0.982177 0.921760 0.940101 0.923911 0.923406 0.967084 1.18262 1.20806 1.16010 1.11271 1.09632 1.08227 1.07963 1.08138 1.08477 1.03065
0.635824 0.635824 0.635824 0.570869 0.552738 0.544363 0.525944 0.519380 0.765362 0.776684 0.787593 0.916822 1.07033 1.16009 1.17978 1.22823 1.21510 1.19064 1.16819 1.13549 1.10654 1.11442 1.12301 1.15394 1.43445 1.44025 1.26531 1.15909 1.14974 1.12258 1.14451 1.06839 0.971551 0.971551 0.971551 0.990256 1.02075 1.02075 1.02075 1.01950 1.01377 1.00796 1.00248 0.998079 0.992997 1.00943 1.07530 1.08166 1.08786 0.956331 0.953109 0.942435 0.910701 0.944818 1.01145 1.09239 1.09099 1.09248 1.07681 1.06938 1.07040 1.06962 1.07413 1.04564
0.584474 0.554146 0.521593 0.467096 0.411329 0.393084 0.396693 0.413493 0.673979 0.835971 0.835306 0.860678 1.07245 1.11105 1.14517 1.14101 1.14065 1.15066 1.16068 1.17039 1.14351 1.13815 1.13816 1.13870 1.31301 1.42640 1.25440 1.10260 1.05589 1.05458 1.08450 1.09309 0.966547 0.971551 0.971551 0.972597 1.01092 1.00846 1.00294 0.996776 0.992638 0.983646 0.973764 0.964271 0.943793 0.902318 0.934757 0.902266 0.966879 0.921539 0.908714 0.909870 0.878791 0.898983 0.942242 1.06616 1.06550 1.07478 1.06156 1.03793 1.03503 1.03310 1.05224 1.05580
0.409638 0.403599 0.410197 0.417831 0.384171 0.387312 0.379858 0.371829 0.535129 0.794073 0.794830 0.794188 0.999195 1.07038 1.16376 1.17316 1.17527 1.17527 1.17581 1.17681 1.16273 1.12784 1.08634 1.04331 1.05134 1.21963 1.14487 1.00817 0.948764 0.934168 0.928071 0.962301 0.906411 0.916682 0.910560 0.904550 0.920142 0.930525 0.914532 0.875945 0.836769 0.796557 0.750602 0.700248 0.652978 0.635438 0.691963 0.733343 0.831684 0.915125 0.911734 0.934258 0.942582 0.917786 0.910438 0.995145 1.04807 1.06715 1.07875 1.06292 1.06633 1.07528 1.10071 1.15147
0.374109 0.386213 0.386234 0.382770 0.355207 0.335315 0.329060 0.337702 0.438139 0.725308 0.782638 0.791787 0.880545 0.948217 0.990484 0.988611 0.972587 0.956533 0.939965 0.922937 0.904762 0.806047 0.794119 0.794119 0.797091 0.928237 0.960784 0.858983 0.809038 0.809148 0.808914 0.845375 0.842896 0.835955 0.798871 0.759574 0.726163 0.715554 0.673238 0.660479 0.656668 0.658812 0.666163 0.671819 0.671703 0.581116 0.619799 0.746244 0.819385 1.01092 0.978904 0.997295 1.01130 0.980665 0.983539 1.00964 1.13324 1.14744 1.16041 1.17606 1.15988 1.18628 1.20895 1.23648
0.309687 0.303544 0.297391 0.295352 0.292379 0.275180 0.283626 0.294211 0.321455 0.515449 0.598012 0.599218 0.613178 0.852711 0.859519 0.893044 0.893044 0.893044 0.893044 0.893044 0.893044 0.848176 0.794119 0.794262 0.799141 0.877650 0.946174 0.840413 0.744297 0.696784 0.655165 0.620188 0.602612 0.622317 0.635386 0.630015 0.628915 0.668899 0.683610 0.688755 0.685996 0.682578 0.686627 0.703401 0.721305 0.624381 0.588395 0.770833 0.779785 1.00550 1.05868 1.09224 1.09224 1.06545 1.04407 1.09077 1.24909 1.32745 1.36130 1.35081 1.21194 1.20278 1.19987 1.21787
0.297948 0.308307 0.319477 0.326047 0.326062 0.298021 0.292892 0.293994 0.316677 0.449296 0.596533 0.601081 0.601081 0.794209 0.840760 0.893022 0.893044 0.893044 0.893044 0.893044 0.898084 0.873008 0.739564 0.683340 0.626852 0.579808 0.620724 0.610190 0.607267 0.589601 0.590516 0.597674 0.612500 0.628595 0.662844 0.673000 0.675592 0.670259 0.665096 0.674601 0.689731 0.706144 0.712619 0.705821 0.700707 0.643206 0.550656 0.696913 0.772935 0.934571 1.04065 1.12935 1.20996 1.28573 1.36914 1.35112 1.31982 1.34244 1.28847 1.26131 1.14910 1.07478 1.05979 1.06402
