results/OMI_NO2_200707.asc
ncols      200
nrows      200
xllcorner       120.258
yllcorner       41.1236
cellsize     0.0166667
NODATA_Value      -999.000
[rows 87 to 115 of 200, columns 67 to 133 of 200]
1.67378 1.65876 1.58583 1.56960 1.56377 1.51888 1.56620 1.69069 1.75633 1.80232 1.89387 1.89520 1.89520 1.90209 1.86754 1.88741 1.91606 1.94947 2.04111 2.06057 1.96798 1.99771 1.93530 1.83593 1.80063 1.78599 1.75945 1.92157 1.92321 1.94182 1.98597 2.02669 2.05002 2.07362 2.09758 2.12224 2.14748 2.17259 2.18708 2.24705 2.31736 2.39709 2.82970 2.85925 2.89765 3.06864 3.27784 3.33943 3.42109 3.49282 3.49093 3.46710 3.38837 3.34274 3.31279 3.27974 3.25043 3.24959 3.31803 3.43418 3.48342 3.30010 3.09760 2.99563 2.96388 2.96982 2.96957
1.53214 1.56343 1.58717 1.64729 1.68167 1.66816 1.63279 1.80679 1.85258 1.94498 2.08075 2.14006 2.17588 2.20225 2.19805 2.21086 2.22178 2.22913 2.23102 2.21776 2.13436 2.06835 2.05754 2.05995 2.07362 2.09945 2.01785 2.14489 2.20822 2.21481 2.22852 2.26277 2.26542 2.26812 2.27081 2.27589 2.28272 2.29411 2.33952 2.42819 2.52730 2.61883 2.90308 3.06666 3.10786 3.11398 3.33277 3.33863 3.33327 3.40313 3.36074 3.34461 3.23129 3.25998 3.29233 3.34308 3.37363 3.40356 3.46546 3.54130 3.57875 3.51730 3.12285 3.05564 2.92002 2.91203 2.90417
1.61526 1.62231 1.73964 1.89449 1.90892 1.92071 1.85674 1.98993 2.02569 2.12522 2.20525 2.29617 2.29370 2.28909 2.28323 2.28051 2.28463 2.28693 2.25455 2.17126 2.18115 2.23741 2.20572 2.18761 2.17756 2.17810 2.10730 2.10493 2.23677 2.24280 2.25013 2.29799 2.31249 2.35919 2.41062 2.45822 2.50380 2.57053 2.63735 2.71744 2.82461 2.84397 2.89906 3.10186 3.10317 3.11479 3.18853 3.20561 3.19548 3.35000 3.37045 3.41901 3.35286 3.31359 3.30310 3.30637 3.30455 3.29433 3.30013 3.35691 3.43066 3.43068 3.13814 3.02246 2.86925 2.86185 2.87997
1.71783 1.73391 1.77006 1.93673 1.94156 1.93621 1.87862 1.92322 1.99465 2.04877 2.13627 2.25820 2.27922 2.28757 2.28457 2.27417 2.27417 2.27417 2.27408 2.19167 2.16917 2.22690 2.21676 2.17602 2.19559 2.20812 2.18338 2.08347 2.31823 2.37167 2.41718 2.49439 2.54671 2.55751 2.60438 2.65865 2.71290 2.74134 2.73569 2.73029 2.79209 2.83117 2.83084 3.13058 3.19483 3.20947 3.23931 3.24867 3.23746 3.29686 3.32236 3.33942 3.33461 3.28034 3.29198 3.30713 3.33689 3.34869 3.36120 3.43378 3.52152 3.54866 3.42531 3.17980 3.09839 3.04407 3.04558
1.61689 1.61194 1.60917 1.85061 1.90496 1.90496 1.88583 1.87091 2.00222 2.02902 2.13107 2.26168 2.28919 2.28908 2.28460 2.26571 2.26079 2.25589 2.25099 2.21270 2.13964 2.17823 2.21229 2.20736 2.29847 2.37840 2.42512 2.31976 2.40942 2.45617 2.48408 2.55731 2.63762 2.68600 2.70417 2.72183 2.73746 2.76179 2.78768 2.81996 2.89100 2.93363 2.91920 3.06876 3.22552 3.22720 3.24036 3.26290 3.26083 3.28444 3.33987 3.34564 3.41064 3.42660 3.41551 3.41551 3.43051 3.43721 3.43946 3.48983 3.56457 3.61192 3.58136 3.16676 3.07457 2.92914 2.91301
1.56103 1.58638 1.58963 1.78045 1.92592 1.93501 1.93777 1.86006 1.99560 2.00228 2.08958 2.20468 2.27104 2.26932 2.27063 2.25916 2.25953 2.26554 2.28392 2.30289 2.23079 2.24846 2.31491 2.31060 2.42405 2.48234 2.49521 2.44897 2.49060 2.67879 2.73638 2.77090 2.78718 2.81399 2.83141 2.84223 2.85500 2.85717 2.85883 2.85967 2.88710 2.94783 2.94518 2.96109 3.23584 3.23724 3.23874 3.26822 3.26960 3.26320 3.34138 3.34742 3.40328 3.48213 3.46092 3.48046 3.50281 3.51814 3.51016 3.47198 3.42321 3.50503 3.53398 3.27564 3.07985 2.92760 2.90913
1.58415 1.62035 1.61525 1.68257 1.90990 1.89913 1.88854 1.91649 1.98835 2.01256 2.06212 2.17761 2.28983 2.30466 2.31990 2.33040 2.35127 2.37410 2.38471 2.39411 2.35551 2.29095 2.37279 2.43175 2.59033 2.78276 2.87471 2.82299 2.71700 2.88353 2.92528 2.93657 2.87044 2.85967 2.85967 2.85967 2.85967 2.85967 2.85967 2.85976 2.87330 2.95245 2.98017 2.97311 3.22798 3.32831 3.34871 3.38990 3.41924 3.40825 3.49845 3.53935 3.53225 3.57513 3.42024 3.36661 3.34309 3.37698 3.42379 3.45136 3.38693 3.46060 3.47142 3.36255 2.97942 2.88421 2.80499
1.55976 1.59937 1.60364 1.60867 1.89406 1.92533 1.92977 1.94656 2.01326 2.06613 2.09515 2.23403 2.42677 2.44843 2.45799 2.46701 2.47239 2.48467 2.49781 2.51096 2.52087 2.53404 2.65453 2.69432 2.69045 2.83304 2.86408 2.84133 2.81062 2.88051 3.01999 3.02692 2.97313 2.93568 2.93622 2.93677 2.93731 2.93785 2.93841 2.93885 2.93544 3.13836 3.18799 3.17091 3.25756 3.43032 3.41552 3.41053 3.46151 3.48126 3.54963 3.59680 3.54966 3.48518 3.42950 3.29841 3.29803 3.33767 3.43819 3.43639 3.36597 3.38779 3.41079 3.38107 2.94907 2.82162 2.74348
1.59168 1.62543 1.64558 1.64146 1.85479 2.00211 2.00705 2.01069 2.04327 2.08402 2.07428 2.15081 2.34767 2.39892 2.39906 2.39832 2.39162 2.37923 2.36598 2.35276 2.34032 2.38566 2.47996 2.54450 2.52612 2.66197 2.72086 2.71668 2.83841 2.82417 3.00859 3.00082 2.96726 2.90783 2.90639 2.90495 2.90352 2.90209 2.90008 2.89572 2.89220 3.04335 3.17671 3.23870 3.34078 3.36788 3.41537 3.46146 3.48884 3.48435 3.47847 3.53769 3.52443 3.39846 3.45602 3.24340 3.20835 3.18636 3.27120 3.26921 3.20305 3.14692 3.21318 3.21149 2.99053 2.73499 2.70296
1.66620 1.67911 1.70838 1.71300 1.72870 1.88163 1.88625 1.88995 1.91729 1.97945 1.99372 2.04736 2.23949 2.31620 2.31505 2.31792 2.33751 2.35468 2.37319 2.39154 2.40915 2.42361 2.51996 2.48725 2.48363 2.55767 2.65481 2.66841 2.75303 2.75764 2.90747 2.95497 2.94799 2.87462 2.86973 2.86904 2.91490 2.97867 3.04310 3.10972 3.19110 3.31801 3.48216 3.53769 3.55766 3.49184 3.45556 3.45703 3.47435 3.48123 3.43229 3.49713 3.48481 3.34605 3.37791 3.25137 3.14075 3.14943 3.20826 3.30723 3.30316 3.23015 3.32707 3.34999 3.30056 2.82809 2.79597
1.65225 1.66455 1.73513 1.73840 1.73523 1.84554 1.90428 1.91163 1.93098 1.99736 2.03274 2.04704 2.23983 2.38565 2.40404 2.41871 2.43617 2.44300 2.44300 2.44300 2.44300 2.44300 2.48809 2.50146 2.48394 2.52536 2.63616 2.65695 2.70529 2.77478 2.78624 2.99483 3.06770 3.07152 3.11591 3.18042 3.20107 3.24487 3.31337 3.38920 3.45021 3.47469 3.64666 3.67222 3.69658 3.68426 3.62075 3.63862 3.63697 3.57295 3.55826 3.54078 3.54078 3.44616 3.42965 3.44319 3.21950 3.22187 3.23561 3.37759 3.40593 3.33071 3.38288 3.43871 3.44682 3.08555 2.94680
1.69883 1.71464 1.79587 1.82265 1.83843 1.84166 1.98151 1.98359 1.98396 2.03375 2.08605 2.09339 2.19983 2.42083 2.42926 2.42926 2.43547 2.44302 2.44309 2.44316 2.44324 2.44332 2.44718 2.51363 2.48444 2.49947 2.66769 2.79356 2.89155 3.08456 3.13495 3.42677 3.44949 3.43510 3.44847 3.52988 3.60950 3.64476 3.64968 3.64768 3.64599 3.64429 3.75512 3.80961 3.82714 3.83631 3.78113 3.76741 3.78550 3.71298 3.69983 3.68667 3.70520 3.66944 3.58378 3.60051 3.45129 3.34928 3.34928 3.42072 3.51222 3.45790 3.44800 3.53786 3.54911 3.39056 3.10164
1.79510 1.79510 1.84054 1.87150 1.87150 1.81223 1.97552 1.99907 2.00640 2.03482 2.10024 2.10442 2.14225 2.37433 2.42991 2.43108 2.43535 2.44767 2.44898 2.45032 2.45048 2.43638 2.41789 2.44646 2.42540 2.40785 2.76601 3.08052 3.08739 3.21998 3.29407 3.61796 3.74500 3.74089 3.70486 3.72087 3.73766 3.75537 3.77520 3.79408 3.81256 3.83114 3.90769 4.03560 4.03923 4.01969 4.02662 3.92669 3.92669 3.87183 3.81597 3.77183 3.77183 3.75723 3.61043 3.60706 3.56506 3.34540 3.34916 3.36665 3.51294 3.52114 3.54000 3.63797 3.64863 3.61744 3.38426
1.79510 1.79571 1.82720 1.88650 1.91194 1.90753 1.98339 2.11343 2.14157 2.14772 2.08666 2.09011 2.08903 2.30502 2.44394 2.44318 2.42844 2.42243 2.40267 2.38209 2.35701 2.34420 2.33582 2.33066 2.37325 2.35556 2.51145 3.07806 3.15246 3.28457 3.33296 3.42881 3.58134 3.58369 3.83977 3.87051 3.87051 3.87051 3.87051 3.87051 3.87051 3.87051 3.87809 4.03473 4.03923 4.03687 4.05926 3.91271 3.89901 3.87092 3.77356 3.72013 3.70904 3.70562 3.67660 3.65597 3.62739 3.53800 3.53277 3.56224 3.71043 3.84194 3.93639 3.99162 4.01437 3.91639 3.75125
1.90727 1.94184 1.97752 2.08136 2.08983 2.08268 2.00796 2.21297 2.21420 2.22628 2.12890 2.11798 2.11558 2.21495 2.31632 2.29008 2.27768 2.28084 2.27705 2.27031 2.27311 2.27980 2.28649 2.29302 2.40649 2.55939 2.63567 3.05087 3.19553 3.23905 3.29921 3.31072 3.53345 3.53206 3.70030 3.80159 3.79533 3.80040 3.80521 3.80862 3.81189 3.81529 3.81996 3.85660 3.86419 3.85904 3.88844 3.81014 3.75221 3.75846 3.68454 3.64361 3.61908 3.59666 3.70257 3.81192 3.84212 3.84320 3.77982 3.79958 3.81806 3.94789 3.99403 4.01946 4.03156 3.94523 3.86244
2.04733 2.06327 2.07920 2.16321 2.19513 2.21112 2.13861 2.29709 2.33297 2.31781 2.22822 2.16433 2.16311 2.18742 2.26673 2.25811 2.26358 2.27609 2.28825 2.29283 2.28675 2.27747 2.26824 2.25847 2.26979 2.52315 2.53498 2.80511 3.15609 3.16434 3.17265 3.18318 3.36865 3.46094 3.57571 3.77994 3.79551 3.79981 3.80433 3.81012 3.81579 3.82140 3.83767 3.88151 3.93963 3.96647 4.01150 4.02199 3.83185 3.80855 3.73197 3.67272 3.67942 3.69763 3.78779 3.95794 3.97001 3.97171 3.89066 3.87178 3.88186 3.98597 4.08410 4.13552 4.16160 4.11659 4.05129
2.11535 2.11062 2.11603 2.16343 2.19693 2.19440 2.17614 2.18394 2.22748 2.22047 2.18625 2.08034 2.07467 2.06898 2.15355 2.13928 2.12980 2.12854 2.14394 2.13438 2.11832 2.09406 2.06979 2.04606 2.03644 2.38603 2.54931 2.70707 3.25015 3.28441 3.29379 3.30454 3.39252 3.55744 3.57635 3.83132 3.85737 3.88015 3.90292 3.92677 3.95166 3.97656 3.98938 4.01559 4.06307 4.03296 4.00222 4.06161 3.82041 3.80853 3.81588 3.74333 3.76373 3.77188 3.79895 4.01089 4.01779 4.02602 4.00131 3.92995 3.92995 3.95477 4.09613 4.15458 4.16527 4.15330 4.05150
2.05265 2.06080 2.05904 2.05472 2.04298 2.04559 2.05770 2.06292 2.14105 2.14534 2.14453 2.03008 2.01108 2.00793 2.04742 2.07361 2.06343 2.04240 2.05872 2.03707 2.02738 2.02738 2.02738 2.02738 2.02738 2.18158 2.56863 2.66731 3.12108 3.37123 3.38953 3.41140 3.44137 3.67598 3.71403 3.92673 3.98746 3.98958 3.99170 3.99257 3.97433 3.94415 3.91398 3.89859 3.97798 3.99039 4.00693 4.07917 3.95252 3.82761 3.81402 3.79766 3.81084 3.81335 3.81335 4.00210 4.03877 4.03801 4.03732 3.94719 3.92995 3.93650 4.06408 4.18298 4.21946 4.24851 4.16325
2.06721 2.06982 2.06978 2.06029 2.03203 2.02194 2.01384 2.03928 2.09140 2.12186 2.11908 2.04931 1.98659 1.96744 1.95155 1.99792 1.98475 1.98444 2.01931 2.02738 2.02751 2.03660 2.05115 2.06564 2.08019 2.12365 2.54975 2.72340 2.94827 3.52116 3.49233 3.49301 3.49512 3.63976 3.73143 3.86082 3.98580 3.95718 3.92701 3.89701 3.88444 3.87521 3.87462 3.88077 3.96004 3.98828 3.97771 4.02264 4.00782 3.78723 3.78910 3.80072 3.81997 3.82355 3.82548 3.95848 4.09939 4.19579 4.21149 4.18528 4.13476 4.14389 4.18575 4.35983 4.39099 4.38044 4.28322
2.01214 2.00254 1.99546 1.99511 1.97993 1.97511 1.97511 2.01027 2.04949 2.09963 2.07905 2.03240 1.91389 1.91246 1.91936 1.97300 2.02096 2.03548 2.07487 2.10745 2.12187 2.12728 2.12728 2.12745 2.14277 2.16891 2.42709 2.77849 2.94454 3.44414 3.50234 3.49810 3.49717 3.53444 3.67811 3.69487 3.86553 3.85317 3.84765 3.85408 3.86159 3.87773 3.88513 3.88688 3.93789 3.99223 3.99398 4.02941 4.07948 3.86335 3.80873 3.81047 3.83404 3.83742 3.83742 3.91270 4.08569 4.25159 4.25200 4.24356 4.13583 4.09579 4.05444 4.14535 4.17111 4.14949 4.10464
1.99511 1.99511 1.99511 1.99511 1.98465 1.96019 1.93962 1.93567 1.94368 2.00095 2.00468 1.99337 1.98552 2.00530 2.01235 2.01214 2.08434 2.08434 2.09926 2.14106 2.16602 2.19105 2.21601 2.24080 2.25524 2.26798 2.36209 2.76187 2.98146 3.28372 3.60653 3.54633 3.54225 3.56074 3.65549 3.68619 3.85264 3.88227 3.89468 3.89515 3.89515 3.89515 3.89515 3.89515 3.92179 3.99255 3.99697 4.01431 4.08138 3.96527 3.79817 3.78615 3.79756 3.80761 3.80626 3.82821 3.99124 4.14774 4.17578 4.17185 4.06827 3.93287 3.92801 3.97689 4.16422 4.16434 4.12127
1.99431 1.97459 1.94294 1.91128 1.87541 1.84283 1.83175 1.83211 1.87514 1.91829 1.96674 1.96674 1.99075 2.00892 2.01586 2.01111 2.18363 2.23435 2.27700 2.33915 2.35195 2.36477 2.37762 2.39828 2.42413 2.44207 2.49728 2.74564 3.02638 3.13717 3.67781 3.60852 3.62496 3.64948 3.71465 3.76206 3.87825 3.94503 3.95573 3.96648 3.97862 3.99706 4.01654 4.03618 4.07339 4.10549 4.07820 4.06263 4.19874 4.22433 3.98690 4.00850 4.03887 3.98645 3.96555 3.96105 3.94532 4.02928 4.10037 4.09171 4.06158 3.83302 3.80579 3.79857 3.98024 4.03015 3.97882
1.85514 1.84320 1.84124 1.83613 1.83055 1.80675 1.80067 1.79614 1.83414 1.85780 1.95623 1.97882 2.00736 2.06755 2.08041 2.06922 2.25940 2.36619 2.38632 2.44488 2.47073 2.49142 2.51214 2.52502 2.52797 2.53617 2.55872 2.71891 3.01522 3.13525 3.56197 3.79771 3.88111 3.89507 3.92060 3.99674 4.07439 4.19153 4.18646 4.18231 4.17718 4.16558 4.15308 4.14060 4.13103 4.10726 4.00670 4.00846 4.20497 4.40383 4.17873 4.04786 4.04072 3.96129 3.90156 3.90221 3.89662 3.93860 4.05777 4.05238 4.05291 3.92745 3.82707 3.82805 3.91183 4.06006 4.02546
1.79960 1.79842 1.79926 1.80333 1.81235 1.82350 1.84445 1.87177 1.92391 1.97494 2.05570 2.10534 2.13223 2.20126 2.23819 2.26624 2.40886 2.64853 2.66289 2.74456 2.80665 2.82598 2.84526 2.87553 2.92339 2.96856 3.00608 3.14359 3.27502 3.35052 3.51511 3.97404 4.01647 4.00216 3.98714 4.03725 4.05224 4.19735 4.19921 4.19941 4.19912 4.19884 4.19838 4.19746 4.19651 4.19181 4.06867 4.07045 4.14620 4.42198 4.32629 4.06712 4.06376 4.00876 3.90768 3.89985 3.89788 3.90401 4.06069 4.06556 4.06528 4.03967 3.84970 3.84545 3.85275 4.05168 4.05172
1.84826 1.87930 1.91063 1.94264 1.96951 2.01818 2.08834 2.11969 2.14341 2.17183 2.21996 2.31047 2.31379 2.33723 2.36031 2.36382 2.44605 2.73189 2.76185 2.85464 3.00319 3.03560 3.06978 3.09132 3.09167 3.09167 3.09167 3.16788 3.28966 3.39410 3.36696 3.79007 3.94581 3.94545 3.94517 3.98174 4.02374 4.16523 4.19683 4.19614 4.19548 4.19481 4.19433 4.19767 4.20513 4.21465 4.12666 4.09054 4.11098 4.37062 4.40665 4.07791 4.03154 4.01614 3.89670 3.89642 3.89624 3.89623 4.01994 4.06475 4.06475 4.06475 3.92471 3.84545 3.84545 3.96182 4.07027
1.99972 2.01463 2.03556 2.05646 2.07739 2.11878 2.20701 2.20993 2.21005 2.21234 2.22947 2.32137 2.33832 2.35002 2.39036 2.39163 2.43717 2.70879 2.84472 2.90529 3.09167 3.09167 3.09167 3.09167 3.09885 3.13587 3.17608 3.23454 3.44894 3.53020 3.60722 3.70793 3.96319 3.94312 3.94251 3.95092 4.01973 4.11292 4.19430 4.19531 4.20192 4.20940 4.21688 4.22098 4.21993 4.21425 4.14969 4.06092 4.05448 4.25808 4.38359 4.19394 4.02247 4.01962 3.90355 3.88249 3.87739 3.87230 3.97075 4.10482 4.11038 4.11592 4.08131 3.90829 3.91328 3.95158 4.14502
2.16543 2.12109 2.12437 2.12764 2.13092 2.13494 2.22268 2.22907 2.22900 2.21933 2.24270 2.29268 2.35227 2.36254 2.41455 2.43410 2.45678 2.63459 2.90566 2.94812 3.19796 3.25218 3.29247 3.33265 3.36574 3.36898 3.36898 3.37316 3.53552 3.58086 3.67975 3.63192 3.94653 3.96241 3.94067 3.94070 4.00456 4.07592 4.21261 4.21659 4.21377 4.20482 4.18957 4.17370 4.15889 4.15057 4.13258 4.00964 4.00426 4.11779 4.33166 4.27280 3.96142 3.95891 3.87665 3.83258 3.83258 3.83258 3.89019 4.14040 4.14040 4.14040 4.14040 3.99652 3.95805 3.97304 4.05494
2.24018 2.13639 2.13577 2.13577 2.13577 2.13577 2.20069 2.22908 2.23318 2.22875 2.25728 2.29015 2.40394 2.41683 2.50540 2.63248 2.67842 2.82695 3.09594 3.14345 3.30419 3.36898 3.37255 3.38389 3.39550 3.40713 3.41874 3.42616 3.51876 3.62627 3.66321 3.67345 3.84354 4.09920 4.03802 4.06693 4.09831 4.11491 4.14550 4.13253 4.12033 4.11339 4.11278 4.11278 4.11278 4.11282 4.11600 4.00724 3.98233 4.03256 4.29286 4.31993 4.04263 3.96164 3.93247 3.89170 3.92243 3.95316 3.98531 4.29502 4.36034 4.40280 4.43115 4.34961 4.05221 4.02832 3.93780
2.25932 2.17187 2.13577 2.13577 2.14268 2.16163 2.22383 2.29909 2.31667 2.31739 2.32968 2.34805 2.42825 2.46161 2.50316 2.71340 2.71340 2.79199 3.04338 3.19672 3.32703 3.46708 3.48596 3.49704 3.50783 3.51866 3.53186 3.55660 3.61345 3.79252 3.77832 3.87294 3.87199 4.26329 4.15729 4.13247 4.12365 4.10744 4.11024 4.11278 4.11278 4.11278 4.11278 4.11278 4.11168 4.10715 4.10489 4.08621 4.11658 4.17714 4.41290 4.54284 4.43088 4.23653 4.22038 4.18687 4.18210 4.17906 4.18688 4.39121 4.50314 4.49929 4.51347 4.54594 4.27214 4.23185 4.18334
