results/OMI_NO2_200608.asc
ncols      200
nrows      200
xllcorner       120.258
yllcorner       41.1236
cellsize     0.0166667
NODATA_Value      -999.000
[rows 0 to 28 of 200, columns 0 to 66 of 200]
0.928538 0.951581 0.972087 0.988103 1.12905 1.18131 1.18131 1.18131 1.18131 1.18131 1.18131 1.18131 1.18131 1.18131 1.18114 1.18647 1.19662 1.18893 1.12294 1.10802 1.11321 1.21510 1.24325 1.09048 1.09129 1.11454 1.07551 1.10536 1.13874 1.14797 1.14797 1.14797 1.14797 1.14797 1.15351 1.27884 1.31010 1.34966 1.36164 1.27843 1.29410 1.31522 1.34586 1.38908 1.38961 1.39017 1.38903 1.45933 1.47509 1.47746 1.48869 1.51317 1.52343 1.53951 1.48474 1.49918 1.53510 1.54962 1.53675 1.50132 1.46039 1.46097 1.51009 1.52879 1.50702 1.51099 1.52091
0.975915 0.990119 0.990119 0.990119 1.06333 1.18131 1.18131 1.18131 1.18070 1.17817 1.16177 1.14578 1.13255 1.12111 1.11108 1.10165 1.14223 1.22766 1.19319 1.17141 1.17551 1.22432 1.28432 1.20796 1.20230 1.21541 1.18373 1.14797 1.14797 1.14797 1.14797 1.14797 1.15751 1.17868 1.19889 1.29567 1.37074 1.42171 1.42395 1.37150 1.31593 1.31107 1.30997 1.35871 1.35312 1.34617 1.34066 1.36736 1.41981 1.41406 1.42594 1.44341 1.48741 1.50394 1.47125 1.43280 1.38131 1.37495 1.38822 1.41209 1.43777 1.44969 1.52504 1.58100 1.55935 1.56157 1.56190
0.926230 0.990207 0.991222 1.00814 1.00662 1.12374 1.12606 1.11623 1.10741 1.09932 1.10140 1.12827 1.16196 1.19569 1.22941 1.26314 1.18733 1.24704 1.24689 1.23928 1.26537 1.29837 1.35325 1.28142 1.21541 1.21541 1.20925 1.15681 1.17641 1.19672 1.21606 1.23450 1.24461 1.24455 1.24440 1.27447 1.37321 1.38073 1.37442 1.36094 1.28587 1.26557 1.22666 1.26321 1.27144 1.26448 1.25769 1.26302 1.35998 1.38859 1.41610 1.42062 1.44639 1.44998 1.46658 1.44183 1.45882 1.47001 1.47808 1.48297 1.48324 1.48324 1.51348 1.58767 1.55778 1.50537 1.44955
0.821142 0.907305 0.905907 0.987262 0.990491 1.05598 1.14126 1.17495 1.20867 1.24242 1.27411 1.28130 1.28130 1.28312 1.30748 1.33674 1.33373 1.32375 1.32133 1.29473 1.28343 1.28454 1.35005 1.30376 1.18806 1.17372 1.15861 1.21494 1.24431 1.24417 1.24402 1.24388 1.24373 1.24367 1.24367 1.24429 1.35607 1.36907 1.35885 1.35555 1.30199 1.25200 1.17305 1.20182 1.25609 1.28395 1.30941 1.31783 1.35622 1.39813 1.44344 1.48581 1.53643 1.54839 1.53777 1.46564 1.45010 1.44128 1.43518 1.42922 1.41862 1.38711 1.34998 1.38234 1.33581 1.28949 1.28898
0.833284 0.963265 1.02584 1.11600 1.17218 1.20825 1.27917 1.28130 1.28130 1.28130 1.28246 1.33000 1.35745 1.38148 1.38653 1.38611 1.38566 1.30851 1.32527 1.28523 1.24664 1.23297 1.24594 1.22797 1.09047 1.08045 1.07620 1.10111 1.17348 1.16979 1.16609 1.16241 1.15873 1.15506 1.15138 1.14786 1.21743 1.29082 1.28913 1.29808 1.29440 1.28604 1.26079 1.28181 1.32629 1.33035 1.33697 1.35443 1.37599 1.43983 1.46515 1.50297 1.52890 1.54375 1.54328 1.47331 1.40052 1.36835 1.32864 1.28728 1.25053 1.23448 1.22759 1.26808 1.27985 1.29385 1.29539
1.10498 1.12532 1.14764 1.16657 1.19383 1.19326 1.24579 1.27252 1.27204 1.27155 1.27106 1.35145 1.37844 1.36984 1.34416 1.31608 1.28635 1.18943 1.19807 1.16455 1.21071 1.21404 1.20561 1.18528 1.06997 1.03823 1.03823 1.03855 1.13103 1.14709 1.14709 1.15012 1.15893 1.16786 1.17678 1.18568 1.21868 1.36247 1.36735 1.36521 1.35415 1.36233 1.33060 1.29938 1.34935 1.35994 1.35636 1.34961 1.34287 1.39314 1.41529 1.45125 1.44655 1.44770 1.41240 1.34347 1.24226 1.20058 1.20015 1.20141 1.20267 1.20392 1.20518 1.23320 1.27755 1.31768 1.33460
1.09258 1.10027 1.14073 1.14579 1.18929 1.18988 1.20838 1.26136 1.23938 1.20545 1.16880 1.16744 1.23514 1.21381 1.21279 1.21279 1.21279 1.20145 1.15043 1.15954 1.19256 1.21404 1.21026 1.19406 1.10554 1.05900 1.07215 1.08529 1.14489 1.21113 1.21927 1.22945 1.23366 1.23635 1.23915 1.24205 1.24484 1.37431 1.45126 1.40025 1.35904 1.36826 1.41135 1.36720 1.35033 1.32809 1.32612 1.32610 1.32537 1.32885 1.32850 1.36950 1.35801 1.36127 1.35311 1.34389 1.26863 1.23357 1.23400 1.23827 1.24254 1.24681 1.25059 1.26171 1.34208 1.38921 1.44113
1.10993 1.08744 1.09057 1.06501 1.08910 1.08309 1.06406 1.06977 1.05546 1.05463 1.05447 1.05432 1.16558 1.19393 1.19335 1.19280 1.19225 1.19169 1.13797 1.16609 1.19279 1.24759 1.25341 1.24265 1.21536 1.16765 1.16958 1.17157 1.17955 1.27440 1.28225 1.28039 1.27877 1.27877 1.27877 1.27877 1.27877 1.33687 1.48378 1.46820 1.38564 1.37676 1.40386 1.37761 1.35714 1.32212 1.32158 1.30638 1.28438 1.26250 1.25993 1.31479 1.34508 1.38128 1.39223 1.39835 1.34915 1.28140 1.25653 1.25478 1.25931 1.28241 1.30779 1.33870 1.39208 1.38929 1.40992
1.15830 1.07750 1.04560 0.988915 1.01915 1.05215 1.05215 1.05215 1.05215 1.05215 1.05215 1.05217 1.09601 1.18982 1.20150 1.21357 1.22586 1.23856 1.21414 1.15679 1.17749 1.24567 1.25946 1.25026 1.24538 1.18537 1.17930 1.17583 1.17329 1.23965 1.27877 1.27877 1.27877 1.27877 1.27877 1.27820 1.27530 1.28033 1.44997 1.46482 1.41119 1.36648 1.37504 1.37418 1.34898 1.29612 1.28018 1.28197 1.29058 1.29916 1.30850 1.34661 1.39170 1.41958 1.43611 1.44160 1.41864 1.35804 1.34464 1.37721 1.39547 1.39046 1.38089 1.35918 1.31397 1.27735 1.30620
1.23786 1.07345 1.07549 0.993936 0.998338 1.05073 1.05791 1.06873 1.07995 1.09163 1.10379 1.11644 1.12988 1.25872 1.27168 1.24855 1.22562 1.20264 1.17903 1.16418 1.19435 1.24241 1.26878 1.25561 1.24033 1.18792 1.17317 1.17317 1.17317 1.19489 1.27832 1.27563 1.27249 1.26935 1.26621 1.26364 1.26546 1.27602 1.39942 1.50510 1.47968 1.37988 1.35610 1.35476 1.38300 1.36111 1.35237 1.35969 1.36698 1.37429 1.38253 1.40884 1.46126 1.48110 1.52367 1.54305 1.54441 1.45351 1.36783 1.33352 1.31713 1.30614 1.29766 1.31515 1.33581 1.32912 1.38723
1.27927 1.15997 1.16775 1.11170 1.08527 1.13024 1.13964 1.13964 1.13814 1.11729 1.09049 1.06374 1.03694 1.07062 1.15781 1.15778 1.15777 1.15588 1.15240 1.14996 1.17305 1.20923 1.26183 1.25737 1.24100 1.20418 1.16541 1.15556 1.14626 1.13768 1.24117 1.28285 1.29433 1.30582 1.31729 1.32879 1.33820 1.33913 1.37883 1.53092 1.42814 1.38369 1.34112 1.35341 1.42203 1.42540 1.39529 1.39639 1.39107 1.37534 1.37971 1.39072 1.40352 1.37076 1.33669 1.28375 1.25633 1.30216 1.31728 1.31810 1.34678 1.37456 1.40145 1.40937 1.40107 1.36165 1.37960
1.16402 1.28386 1.25384 1.19984 1.06788 1.06033 1.05315 1.02638 1.00108 0.995175 0.995175 0.995175 0.995175 1.02030 1.15061 1.14973 1.14625 1.14467 1.14742 1.15292 1.17163 1.20842 1.25398 1.26169 1.24938 1.23795 1.20609 1.22156 1.23701 1.25228 1.30807 1.39814 1.40212 1.40610 1.41012 1.41410 1.41808 1.42206 1.42827 1.61440 1.56300 1.51546 1.41157 1.40316 1.40751 1.41632 1.34000 1.32562 1.31345 1.30134 1.26765 1.23969 1.19816 1.20309 1.27542 1.31233 1.34589 1.40615 1.42144 1.37263 1.36251 1.37092 1.38963 1.41026 1.42662 1.39207 1.37617
0.980910 1.15555 1.11827 1.10110 1.00818 1.01466 1.05880 1.06494 1.07110 1.08422 1.14865 1.21779 1.28145 1.32427 1.29601 1.24660 1.24877 1.25274 1.25870 1.26205 1.26686 1.30788 1.35325 1.38289 1.37346 1.37038 1.31346 1.31024 1.31024 1.31024 1.31400 1.43337 1.44440 1.44440 1.44428 1.44237 1.43986 1.43735 1.43483 1.45977 1.48736 1.36464 1.32336 1.29582 1.27301 1.28338 1.26617 1.24069 1.22978 1.23006 1.23248 1.23887 1.22943 1.27118 1.39516 1.39763 1.39322 1.42063 1.44199 1.44360 1.45558 1.46013 1.45488 1.44933 1.44893 1.43186 1.40331
1.14079 1.25471 1.25912 1.23374 1.15582 1.09558 1.16788 1.23384 1.29225 1.34100 1.35150 1.36492 1.36776 1.36813 1.36654 1.29779 1.29430 1.29879 1.29879 1.29879 1.29939 1.31947 1.34976 1.38269 1.37682 1.36965 1.32796 1.31024 1.30923 1.30736 1.30754 1.37942 1.44232 1.44083 1.45150 1.48322 1.53922 1.59664 1.65398 1.64066 1.40712 1.32601 1.30038 1.34536 1.34515 1.28551 1.29073 1.31999 1.32999 1.34920 1.36741 1.38162 1.34351 1.25241 1.43694 1.48768 1.51294 1.53279 1.52807 1.50348 1.47699 1.47841 1.47993 1.48144 1.48295 1.48110 1.45020
1.13220 1.21115 1.29439 1.35660 1.39503 1.35736 1.39205 1.40817 1.43234 1.45484 1.39434 1.36001 1.35447 1.35111 1.34771 1.31182 1.26693 1.26409 1.26126 1.25847 1.25576 1.26232 1.29679 1.31630 1.31773 1.30222 1.32696 1.36799 1.37568 1.39278 1.40800 1.44311 1.59426 1.64216 1.67679 1.69174 1.68446 1.67601 1.66777 1.66068 1.44654 1.36864 1.29826 1.32486 1.36058 1.34324 1.32995 1.39991 1.41043 1.41175 1.42337 1.45029 1.46740 1.34395 1.44226 1.53206 1.53351 1.53498 1.55038 1.51736 1.48774 1.48811 1.49807 1.51005 1.51559 1.51855 1.47363
1.29524 1.38772 1.46027 1.44890 1.42686 1.42051 1.42026 1.41369 1.41369 1.41369 1.36633 1.30182 1.30182 1.30182 1.30182 1.29793 1.23409 1.22566 1.22363 1.22765 1.23294 1.23672 1.30968 1.34780 1.39502 1.41233 1.42459 1.42195 1.45143 1.48166 1.51166 1.53823 1.62681 1.66156 1.66156 1.66156 1.66156 1.66156 1.66232 1.67496 1.57566 1.43558 1.38047 1.37029 1.41098 1.40898 1.35093 1.42908 1.46775 1.49634 1.51330 1.51495 1.51653 1.40730 1.37990 1.53735 1.53688 1.53495 1.56065 1.53306 1.51961 1.50892 1.50096 1.49095 1.48741 1.48474 1.45421
1.51834 1.48154 1.49614 1.49487 1.44910 1.43857 1.42742 1.41441 1.41422 1.41888 1.41796 1.32307 1.32283 1.32809 1.33339 1.33963 1.31387 1.28798 1.30425 1.31532 1.32512 1.33336 1.42350 1.46434 1.51002 1.53270 1.55554 1.53495 1.54231 1.54231 1.54231 1.54231 1.57764 1.66187 1.67285 1.68924 1.70562 1.72199 1.73762 1.74152 1.70508 1.46432 1.43772 1.39354 1.44552 1.48713 1.47223 1.47949 1.50723 1.50472 1.50221 1.49971 1.49720 1.44202 1.33801 1.48979 1.54783 1.55298 1.55101 1.52869 1.49275 1.46432 1.46200 1.45973 1.45741 1.45567 1.44166
1.59033 1.49430 1.49559 1.49763 1.45913 1.43464 1.41530 1.45164 1.47562 1.47623 1.47623 1.41033 1.36920 1.37900 1.38880 1.39862 1.40391 1.35073 1.34777 1.34777 1.35734 1.38614 1.45890 1.56165 1.59732 1.60313 1.59675 1.56005 1.54231 1.56061 1.60084 1.64114 1.68252 1.73134 1.71658 1.69268 1.66933 1.64637 1.62393 1.60194 1.58911 1.40457 1.34941 1.41643 1.41873 1.45045 1.48068 1.44107 1.48955 1.48956 1.49731 1.51067 1.53334 1.54121 1.42297 1.46858 1.58026 1.58523 1.59027 1.49808 1.45428 1.44916 1.42778 1.41005 1.39233 1.37460 1.36294
1.64133 1.49430 1.49441 1.49742 1.47507 1.42403 1.41321 1.44290 1.49481 1.50462 1.51443 1.50485 1.41750 1.41732 1.41732 1.41732 1.41217 1.37644 1.40993 1.43994 1.46038 1.46098 1.47295 1.56954 1.59495 1.65199 1.64181 1.64126 1.61826 1.61441 1.59023 1.56649 1.54318 1.52709 1.52620 1.52365 1.52112 1.51856 1.51601 1.51348 1.51122 1.43207 1.26430 1.34833 1.36952 1.39639 1.44704 1.44187 1.52032 1.54394 1.54648 1.54262 1.52950 1.51763 1.45824 1.40394 1.55256 1.54104 1.51530 1.45927 1.36216 1.39822 1.38773 1.38897 1.37931 1.36018 1.33783
1.67522 1.50947 1.49398 1.51145 1.53875 1.47721 1.47067 1.45935 1.51502 1.51403 1.51183 1.50963 1.42237 1.36856 1.33074 1.29285 1.26016 1.27055 1.42047 1.42758 1.45607 1.48314 1.50658 1.62438 1.66926 1.68036 1.55399 1.53032 1.47877 1.47814 1.47814 1.47814 1.47814 1.47876 1.48545 1.48565 1.48565 1.48565 1.48640 1.48869 1.49103 1.48452 1.34338 1.36710 1.41000 1.40414 1.42975 1.44431 1.49846 1.51169 1.51087 1.50744 1.49542 1.48334 1.45942 1.35033 1.39607 1.42858 1.42404 1.41768 1.31279 1.34807 1.31423 1.29321 1.28309 1.28322 1.28692
1.57728 1.46140 1.40808 1.42655 1.50456 1.46113 1.42954 1.41389 1.46412 1.46795 1.43268 1.39701 1.32430 1.23854 1.23229 1.24728 1.27613 1.30503 1.43667 1.53315 1.53134 1.53094 1.52983 1.58139 1.64586 1.65843 1.58967 1.52842 1.49910 1.47814 1.47814 1.47832 1.48024 1.48258 1.48975 1.49478 1.49714 1.49995 1.49948 1.48733 1.47307 1.46112 1.37047 1.28560 1.37381 1.40939 1.42751 1.46828 1.48269 1.43751 1.42110 1.40759 1.39296 1.37493 1.35423 1.30655 1.32694 1.38938 1.36891 1.34772 1.27279 1.29272 1.31333 1.31205 1.31602 1.32218 1.32817
1.56691 1.49716 1.40738 1.40738 1.48583 1.48381 1.38616 1.33598 1.32068 1.33305 1.31940 1.30071 1.27956 1.30494 1.35511 1.37228 1.37515 1.37806 1.40498 1.56220 1.56828 1.57181 1.57526 1.58592 1.65454 1.67239 1.65706 1.55444 1.53873 1.49656 1.50029 1.50378 1.50433 1.51680 1.53729 1.55288 1.55855 1.56381 1.57157 1.58950 1.60948 1.62700 1.61740 1.45466 1.51145 1.51202 1.50356 1.51603 1.50552 1.36279 1.34844 1.33631 1.33252 1.32775 1.30516 1.27157 1.24459 1.30837 1.32976 1.32871 1.30412 1.24525 1.34886 1.35272 1.35535 1.33712 1.30513
1.78607 1.70722 1.46817 1.37006 1.33380 1.33815 1.26480 1.23616 1.23966 1.31913 1.31517 1.31690 1.31880 1.38597 1.45104 1.45104 1.45104 1.45104 1.45173 1.58568 1.66397 1.66852 1.67055 1.65695 1.67956 1.69702 1.70457 1.58051 1.58054 1.64998 1.66773 1.67888 1.68445 1.67773 1.66469 1.66681 1.66722 1.65114 1.63366 1.61686 1.60069 1.58728 1.57843 1.44932 1.42146 1.44510 1.44268 1.45305 1.47150 1.36346 1.31681 1.29386 1.27087 1.25266 1.24993 1.24288 1.22658 1.27032 1.32408 1.32410 1.32476 1.22650 1.28139 1.28389 1.25053 1.23461 1.23277
1.38245 1.21749 1.15833 1.14242 1.13558 1.25398 1.23898 1.21887 1.21962 1.30275 1.32050 1.32050 1.32286 1.34189 1.45810 1.46263 1.46474 1.46681 1.46818 1.49498 1.63120 1.61968 1.60642 1.59542 1.61532 1.66637 1.67504 1.58540 1.53680 1.66565 1.66740 1.66059 1.66059 1.66059 1.66059 1.66373 1.66664 1.58779 1.56521 1.55049 1.53579 1.52108 1.51465 1.46492 1.36009 1.41817 1.42372 1.40895 1.41724 1.32544 1.25223 1.25445 1.25668 1.25892 1.26116 1.25812 1.24841 1.25583 1.29427 1.27316 1.23919 1.16222 1.16012 1.24311 1.22835 1.20968 1.19105
1.17758 1.11324 1.11224 1.11174 1.11174 1.20585 1.25376 1.23603 1.24685 1.29352 1.32919 1.33320 1.33498 1.33389 1.41141 1.44784 1.43812 1.42769 1.41726 1.40682 1.51889 1.56777 1.56777 1.56564 1.55895 1.62775 1.62284 1.57600 1.49460 1.60593 1.66059 1.66059 1.65670 1.64012 1.62255 1.60547 1.59839 1.55155 1.52490 1.53787 1.55089 1.56385 1.57700 1.58616 1.44773 1.48568 1.48354 1.43892 1.41675 1.38245 1.26802 1.27322 1.27322 1.26404 1.23303 1.19508 1.14790 1.11423 1.15508 1.20215 1.21200 1.21589 1.20774 1.14927 1.14058 1.13319 1.12854
1.19351 1.11326 1.11262 1.11174 1.11174 1.14668 1.25762 1.27512 1.28113 1.29252 1.32845 1.31802 1.30758 1.29716 1.31582 1.39439 1.39368 1.39368 1.39368 1.39564 1.46822 1.54091 1.52606 1.51335 1.51177 1.57175 1.60873 1.60441 1.49660 1.55158 1.64841 1.64507 1.64658 1.66137 1.67708 1.69281 1.71550 1.72382 1.65175 1.65173 1.65304 1.65435 1.65567 1.65773 1.56759 1.51507 1.54338 1.48409 1.44606 1.42602 1.28338 1.19825 1.16501 1.14756 1.15100 1.16039 1.18239 1.20609 1.22469 1.29571 1.28828 1.27826 1.28106 1.22808 1.18935 1.19827 1.20740
1.20709 1.12368 1.11305 1.11174 1.11174 1.11176 1.21501 1.22959 1.23512 1.22509 1.27426 1.28292 1.28510 1.28731 1.28974 1.38818 1.43268 1.48699 1.54123 1.59366 1.60954 1.55654 1.54096 1.53107 1.52269 1.54198 1.60984 1.59329 1.57026 1.60640 1.74735 1.75522 1.75575 1.75575 1.75575 1.75575 1.75796 1.76743 1.70344 1.67591 1.67591 1.67603 1.67822 1.68219 1.63097 1.47251 1.53230 1.54405 1.51227 1.51798 1.43112 1.21468 1.19738 1.19465 1.19377 1.20167 1.21891 1.23619 1.24520 1.25267 1.25883 1.27207 1.31264 1.33055 1.28767 1.32299 1.35490
1.20709 1.18945 1.18989 1.17937 1.18097 1.18498 1.21285 1.24719 1.28391 1.27273 1.30507 1.32623 1.33549 1.37974 1.42223 1.50843 1.58775 1.62828 1.63955 1.63291 1.62612 1.59854 1.54004 1.54536 1.54917 1.55022 1.63148 1.64175 1.57454 1.59823 1.71471 1.75575 1.75575 1.75575 1.75575 1.75698 1.76020 1.77255 1.75178 1.68882 1.69211 1.69000 1.69849 1.71518 1.65798 1.60816 1.68076 1.68915 1.60135 1.53259 1.48405 1.34403 1.25353 1.27107 1.28766 1.29488 1.30606 1.31433 1.32882 1.33385 1.34144 1.36461 1.39874 1.46414 1.38388 1.36887 1.36762
1.30807 1.33814 1.35527 1.35017 1.35366 1.37442 1.39552 1.40437 1.40385 1.31990 1.37067 1.44663 1.48837 1.49759 1.50445 1.51617 1.57989 1.60131 1.62205 1.62193 1.62295 1.62461 1.56761 1.55572 1.55759 1.55943 1.60783 1.66008 1.60323 1.60837 1.68495 1.76797 1.77256 1.78305 1.79434 1.79851 1.78927 1.77374 1.76317 1.68310 1.66876 1.67206 1.66268 1.64442 1.56794 1.45973 1.50685 1.53159 1.51644 1.44840 1.44030 1.49578 1.32605 1.30901 1.30556 1.30358 1.31108 1.33331 1.36035 1.38778 1.40244 1.39844 1.39331 1.43654 1.39640 1.38586 1.39113
