results/OMI_NO2_201105.asc
ncols      200
nrows      200
xllcorner       120.258
yllcorner       41.1236
cellsize     0.0166667
NODATA_Value      -999.000
[rows 29 to 57 of 164, columns 67 to 133 of 200]
5.05848 5.05808 4.99091 4.02842 4.19824 4.85413 4.85413 4.85413 4.85413 4.85413 4.85413 4.85413 4.85262 4.33528 4.08779 3.84911 3.95207 4.09473 4.07187 4.01270 3.95322 3.93661 3.98679 3.95790 3.62835 3.66656 3.70358 3.76091 4.02333 4.18037 4.15496 4.11027 4.05390 4.03887 4.02848 4.02686 4.06022 4.09401 4.09633 4.09633 4.09633 4.09633 4.09633 4.16582 4.51197 4.58230 4.58230 4.51268 4.45769 4.37162 4.36597 4.32812 4.21361 4.20054 4.22137 4.24227 4.25997 4.26210 4.26210 4.26210 4.26210 4.26210 4.25482 4.11944 3.53819 3.42757 3.39536
5.05788 5.05788 5.06444 4.38564 3.99708 4.68370 4.85413 4.85413 4.85413 4.85413 4.85413 4.85413 4.85413 4.63529 4.22763 3.92658 3.89791 3.91725 3.95086 4.03252 4.11457 4.17285 4.20988 4.22964 3.88767 3.77072 3.77420 3.86078 4.00943 4.02440 4.05314 4.06424 4.09489 4.09633 4.09633 4.09633 4.09633 4.09633 4.09633 4.09633 4.09633 4.09633 4.09633 4.09633 4.40251 4.54696 4.48301 4.39585 4.44333 4.38549 4.38118 4.38595 4.33296 4.26210 4.26210 4.26210 4.26210 4.26128 4.23311 4.19166 4.15022 4.11185 4.09700 4.11149 3.68333 3.47260 3.49532
5.05788 5.05788 5.05788 4.82125 3.99960 4.31154 4.85413 4.85413 4.85413 4.85413 4.85726 4.87955 4.90510 4.90348 4.37650 4.18080 3.99312 4.09824 4.19336 4.23132 4.27027 4.29004 4.33390 4.52349 4.49046 4.26208 4.44385 4.52238 4.41109 4.02807 4.09620 4.09633 4.09633 4.09633 4.09633 4.09633 4.09633 4.09633 4.09633 4.09633 4.09642 4.11959 4.13010 4.10904 4.24577 4.35120 4.24143 4.21895 4.32534 4.38182 4.42884 4.42718 4.38663 4.25762 4.20796 4.16649 4.12529 4.09834 4.10121 4.10484 4.10799 4.11354 4.13321 4.15761 4.06624 3.59802 3.58921
5.05788 5.05788 5.05788 5.07092 4.18115 4.01874 4.77588 4.87423 4.89977 4.91421 4.84574 4.75089 4.66183 4.59749 4.51419 4.37526 4.14930 4.17965 4.42414 4.63618 4.86129 5.10317 5.30931 5.33064 5.27163 4.60007 4.52326 4.52326 4.52326 4.11861 4.07539 4.09633 4.09633 4.09633 4.09633 4.09633 4.09633 4.11598 4.14756 4.13294 4.11178 4.06755 4.02509 4.00260 3.99665 4.31671 4.19182 4.18220 4.22090 4.33979 4.34855 4.32725 4.27222 4.15855 4.09147 4.09463 4.10953 4.13838 4.16582 4.20586 4.24634 4.28128 4.28589 4.28589 4.26234 3.77197 3.59340
5.05788 5.05788 5.05796 5.07334 4.66301 4.06283 4.45116 4.77060 4.67990 4.60231 4.58248 4.58342 4.60357 4.69297 4.89234 4.90434 4.95269 4.93203 5.20957 5.33064 5.33064 5.33064 5.33064 5.33064 5.32597 4.86821 4.52326 4.52326 4.52326 4.33171 4.04011 4.09633 4.09633 4.11260 4.15285 4.15682 4.13573 4.09503 4.03906 4.01251 3.99001 3.96752 3.95595 3.95595 3.94635 4.15092 4.16152 4.06282 4.00942 4.11163 4.15269 4.19364 4.22382 4.30767 4.21692 4.25630 4.28482 4.28589 4.28589 4.28589 4.28589 4.28589 4.28589 4.28078 4.25893 3.97631 3.54011
5.09286 5.11838 5.08063 4.97940 4.83192 3.92019 3.97505 4.58559 4.67531 4.78997 5.03653 5.31687 5.60028 5.82667 5.90873 5.72658 5.43680 5.07496 5.07631 5.33008 5.33064 5.33064 5.33064 5.33064 5.33064 5.17880 4.53257 4.52326 4.52326 4.52747 4.11535 4.16710 4.15954 4.12220 4.06084 4.02237 3.99991 3.97741 3.95828 3.95535 3.93092 3.89411 3.85910 3.83633 3.82171 3.90118 4.09887 3.97598 4.00630 4.09432 4.27305 4.34069 4.35350 4.41544 4.33040 4.28589 4.28589 4.28589 4.28589 4.28487 4.26898 4.25570 4.24278 4.23306 4.23382 4.15100 3.59792
4.85806 4.72295 4.71124 4.74469 4.78632 4.77939 5.00181 5.41130 5.67596 5.87703 5.90873 5.90873 5.90873 5.90873 5.90873 5.90235 5.50445 5.26434 5.02592 5.23772 5.33064 5.33064 5.33064 5.33064 5.33064 5.31927 4.78483 4.62709 4.62486 4.58485 4.24671 3.99067 4.00981 3.98733 3.96495 3.94841 3.91391 3.87969 3.85885 3.83721 3.84189 3.92347 4.02325 4.11060 4.19958 4.28628 4.39623 4.15480 4.10685 4.10688 4.25112 4.31166 4.35350 4.37942 4.39486 4.28589 4.27900 4.26587 4.25296 4.24055 4.23681 4.22845 4.21981 4.21300 4.21248 4.20874 3.79074
4.71195 4.79003 4.82824 4.86166 4.91595 5.09175 5.27821 5.80359 5.90857 5.90873 5.90873 5.90873 5.90873 5.90873 5.90873 5.90873 5.71530 5.43408 5.06904 5.09893 5.33066 5.34002 5.38426 5.43189 5.45817 5.42329 5.04865 4.47454 4.43387 4.40762 4.33227 3.89933 3.90381 3.88023 3.86055 3.85190 3.93601 4.03500 4.12066 4.20749 4.29196 4.31195 4.31195 4.31195 4.31195 4.31195 4.40130 4.23752 4.10741 4.10685 4.16210 4.29296 4.34412 4.34456 4.40454 4.27108 4.23983 4.23130 4.22268 4.21448 4.21248 4.21248 4.21248 4.21248 4.21248 4.21065 4.01696
4.92534 4.95596 4.95608 4.95608 4.95608 5.01018 5.16572 5.62111 5.87785 5.90873 5.90873 5.90873 5.90873 5.90873 5.90873 5.90873 5.89936 5.49918 5.27163 5.05716 5.37653 5.45399 5.38516 5.31301 5.25411 5.22656 5.14218 4.46374 4.41154 4.44721 4.41688 4.17263 4.09745 4.13168 4.21602 4.29691 4.31195 4.31195 4.31195 4.31195 4.31195 4.31195 4.31195 4.31195 4.31195 4.31195 4.32510 4.36673 4.14692 4.12162 4.12676 4.24384 4.27398 4.30180 4.33300 4.30086 4.21248 4.21248 4.21248 4.21248 4.21248 4.19741 4.16329 4.12879 4.09464 4.06970 4.03713
4.95608 4.95608 4.95608 4.95608 4.95608 4.95749 5.13223 5.35345 5.82128 5.90873 5.90873 5.90873 5.90873 5.90938 5.92519 5.94727 5.96324 5.71116 5.29837 4.83920 4.88280 5.23809 5.21394 5.19470 5.18369 5.18676 5.08044 4.68786 4.39452 4.34257 4.34851 4.37785 4.42025 4.31190 4.31195 4.31195 4.31195 4.31195 4.31195 4.31195 4.31195 4.31195 4.31195 4.31195 4.30832 4.29466 4.27313 4.35093 4.14846 4.13042 4.13037 4.17135 4.25116 4.27604 4.28673 4.35251 4.21352 4.17739 4.14256 4.10769 4.07723 4.06534 4.04866 4.02665 4.00523 4.00970 4.02806
4.95608 4.95608 4.95608 4.95608 4.95608 4.95608 5.04824 5.17723 5.70260 5.89323 5.92049 5.94266 5.96313 5.93969 5.88227 5.81846 5.76103 5.73017 5.12497 4.86650 4.63957 5.10291 5.05349 4.91166 4.77940 4.65821 4.62437 4.59589 4.36301 4.35928 4.35928 4.35928 4.42818 4.34274 4.31195 4.31195 4.31195 4.31195 4.31195 4.31195 4.30907 4.29832 4.27906 4.25717 4.23891 4.23067 4.23029 4.28456 4.22730 4.13371 4.13028 4.13158 4.24279 4.29215 4.32959 4.40441 4.21069 4.03620 4.01418 3.99706 4.01380 4.03478 4.07977 4.13017 4.17964 4.19597 4.19597
4.95608 4.95608 4.95608 4.95608 4.95608 4.95608 4.97942 5.18114 5.47884 5.87937 5.89571 5.83202 5.76912 5.74369 5.74809 5.75939 5.80195 5.74647 5.26164 4.77254 4.33888 4.38054 4.62437 4.62437 4.62437 4.62437 4.62437 4.62474 4.43991 4.35928 4.35928 4.35928 4.39082 4.40008 4.31195 4.31195 4.30974 4.29985 4.28495 4.26314 4.24413 4.23299 4.23032 4.23027 4.23022 4.23018 4.23018 4.23251 4.33306 4.18046 4.18891 4.19061 4.20500 4.23738 4.23258 4.27916 4.36467 4.09228 4.14266 4.18814 4.19597 4.19597 4.19597 4.19597 4.19597 4.19597 4.19701
4.95608 4.95608 4.95948 4.97652 4.99502 4.99611 4.95623 5.03452 5.09563 5.59196 5.74116 5.78713 5.83283 5.71102 5.51591 5.33079 5.13376 5.02152 5.00266 4.57276 4.37034 4.22292 4.58831 4.62437 4.62437 4.62437 4.62437 4.62437 4.54644 4.35928 4.35928 4.35928 4.35991 4.42504 4.30278 4.26903 4.24945 4.23743 4.23042 4.23029 4.23021 4.23019 4.23018 4.23845 4.25824 4.27832 4.32685 4.38691 4.43993 4.13369 4.10288 4.12738 4.18052 4.33494 4.40024 4.41880 4.55964 4.28361 4.19597 4.19597 4.19597 4.19597 4.19597 4.21671 4.29728 4.38388 4.47264
4.99110 5.00009 4.96653 4.93053 4.90354 4.89624 4.91040 4.91950 5.06266 5.35023 5.42057 5.27336 5.07812 5.02087 5.02087 5.02087 5.02087 5.02087 5.02087 4.78387 4.51230 4.22895 4.40479 4.62437 4.62437 4.62437 4.62437 4.62437 4.62028 4.37944 4.33856 4.32241 4.30217 4.33433 4.30062 4.23031 4.23026 4.23021 4.23156 4.24750 4.26802 4.32091 4.38741 4.43939 4.55759 4.74951 4.91270 5.06270 5.19986 4.64434 4.27856 4.26900 4.26900 4.32116 4.39084 4.41668 4.48517 4.45102 4.19597 4.21326 4.29390 4.38049 4.46716 4.55531 4.60028 4.63925 4.67497
4.93450 4.90866 4.90673 4.89320 4.85341 4.76138 4.67936 4.61011 4.71017 4.91652 4.90880 5.02050 5.02087 5.02087 5.02087 5.02087 5.02087 5.02087 5.02087 4.99729 4.56624 4.36194 4.23881 4.60743 4.62362 4.61512 4.60460 4.59234 4.57283 4.42781 4.28343 4.27766 4.27761 4.28653 4.37211 4.26554 4.31420 4.38376 4.44558 4.57913 4.77063 4.92952 5.07499 5.22657 5.30041 5.30041 5.30041 5.30041 5.30041 5.02687 4.28591 4.26985 4.26900 4.27377 4.37935 4.42013 4.51910 4.75272 4.49648 4.54371 4.58729 4.62626 4.66511 4.68178 4.68178 4.68178 4.68178
4.82111 4.73691 4.66728 4.59795 4.54442 4.54078 4.54078 4.54078 4.56895 4.90130 4.89500 4.98505 5.02087 5.02087 5.02087 5.02087 5.02087 5.02087 5.02087 5.02087 4.77238 4.52929 4.27086 4.46264 4.57831 4.56492 4.55355 4.54390 4.54272 4.51386 4.32406 4.42584 4.54200 4.66848 4.92044 4.90866 4.94698 5.08957 5.23813 5.30041 5.30041 5.30041 5.30041 5.30041 5.30041 5.30041 5.30041 5.30041 5.30041 5.25105 4.45927 4.29244 4.36461 4.46413 4.60745 4.73571 4.80229 4.93201 4.84076 4.68048 4.68178 4.68178 4.68178 4.68178 4.68914 4.72174 4.75638
4.54156 4.54078 4.54078 4.54078 4.54078 4.54078 4.54078 4.54078 4.54316 4.77232 4.91143 4.92657 5.02087 5.02087 5.02087 5.02087 5.02087 5.03873 5.07422 5.11031 5.13245 4.70481 4.49610 4.37910 4.54212 4.54708 4.57331 4.60060 4.62697 4.69456 5.07413 5.31266 5.49519 5.66727 5.69961 5.55809 5.30041 5.30041 5.30041 5.30041 5.30041 5.30041 5.30041 5.30041 5.30041 5.30041 5.30041 5.31019 5.36313 5.44304 5.03649 4.59434 4.70938 4.82782 4.95055 5.12662 5.01595 4.92779 5.03155 4.68728 4.70786 4.74258 4.77729 4.80906 4.82105 4.80643 4.78970
4.54078 4.54078 4.54078 4.54078 4.54078 4.54078 4.54078 4.54078 4.54078 4.62009 4.92257 4.89155 5.00210 5.03214 5.06693 5.10246 5.15098 5.19546 5.22226 5.24856 5.25637 4.94512 4.67879 4.40154 4.52345 4.58958 4.57686 4.56312 4.55026 4.55049 5.11864 5.72008 5.72008 5.72008 5.72002 5.64859 5.36728 5.30041 5.30041 5.30041 5.30041 5.30041 5.30041 5.30765 5.35464 5.42567 5.51060 5.58577 5.63324 5.74130 5.72574 5.00063 5.06100 5.07661 5.07661 5.10732 5.08292 4.83158 4.91404 4.85023 4.81313 4.79639 4.77979 4.79659 4.84894 4.90252 4.95622
4.54078 4.54078 4.54078 4.54078 4.54078 4.54078 4.54078 4.54078 4.54078 4.55462 4.87845 4.98053 5.06254 5.18906 5.21662 5.24312 5.22934 5.22613 5.25796 5.26187 5.25040 5.23048 4.72214 4.48511 4.39506 4.55076 4.55049 4.55049 4.55049 4.55049 4.73142 5.64267 5.72008 5.72008 5.72008 5.68590 5.50770 5.30041 5.30041 5.30552 5.35005 5.40932 5.49208 5.56976 5.60801 5.68925 5.80738 5.92542 6.02804 6.04204 6.02230 5.32253 4.97917 4.98021 4.96393 5.02837 5.18256 5.12782 5.07669 4.92072 4.91622 4.96981 5.02334 5.04642 5.04642 5.04642 5.04642
4.54078 4.54078 4.54078 4.54078 4.54078 4.54338 4.57215 4.60765 4.64742 4.70104 4.88243 5.11353 5.06438 5.19962 5.21662 5.19694 5.22127 5.24030 5.22428 5.23626 5.26439 5.26650 4.94600 4.66398 4.36700 4.50703 4.55049 4.55049 4.55049 4.55049 4.56946 5.33985 5.72008 5.72008 5.72008 5.72036 5.67283 5.42581 5.47358 5.55339 5.59379 5.64302 5.75534 5.87347 5.99121 6.04204 6.03440 6.00076 5.96494 5.93101 5.95484 5.71328 5.11113 5.28683 5.41995 5.47868 5.57665 5.62468 5.42432 5.16769 5.05808 5.04642 5.04642 5.04642 5.04642 5.04642 5.04561
4.54078 4.54133 4.56482 4.60032 4.63751 4.69155 4.72572 4.75421 4.78595 4.86092 4.91554 4.99421 4.98128 5.10480 5.21158 5.24742 5.26649 5.26650 5.26650 5.26650 5.26650 5.26650 5.21148 4.72037 4.49142 4.41784 4.55049 4.55049 4.55049 4.55049 4.55049 4.90326 5.75417 5.81365 5.87565 5.95630 5.95158 5.77021 5.70328 5.82142 5.93955 6.03383 6.02006 5.98425 5.94995 5.93371 5.99108 6.06349 6.07992 6.09018 6.04323 5.89744 5.56450 5.56375 5.59533 5.59533 5.60481 5.67016 5.50973 5.28881 5.09160 5.04642 5.04613 5.04344 5.04021 5.03698 5.06192
4.62878 4.68085 4.72127 4.74983 4.80050 4.91975 5.04149 5.16331 5.28811 5.35180 5.35430 5.07442 4.98319 5.06723 5.26554 5.26650 5.26650 5.26650 5.26650 5.26650 5.26650 5.26650 5.26650 4.92845 4.65608 4.36595 4.52340 4.55142 4.58679 4.63959 4.69403 4.85488 5.77931 6.01742 6.07367 6.18909 6.29598 6.29904 6.01064 5.96960 5.93824 5.95548 6.01122 6.02557 6.03621 6.02869 5.95527 5.89269 5.88848 5.88848 5.88848 5.88525 5.64190 5.54801 5.58956 5.59533 5.59533 5.64357 5.62661 5.40042 5.12711 5.04069 5.04543 5.11317 5.19578 5.28568 5.34659
4.84802 4.97954 5.10001 5.22325 5.33282 5.35545 5.36928 5.38179 5.38399 5.38399 5.38399 5.22980 4.97443 5.01671 5.19988 5.26650 5.26650 5.26650 5.26650 5.26650 5.26650 5.26650 5.26650 5.19881 4.72409 4.50685 4.50524 4.75229 4.80165 4.83375 4.86995 4.96745 5.67019 6.37868 6.48008 6.50264 6.51997 6.50125 6.14834 5.98148 5.98922 5.94851 5.89075 5.88848 5.88848 5.88848 5.88848 5.88848 5.88848 5.88848 5.88848 5.88848 5.76853 5.55056 5.56994 5.59899 5.61444 5.63825 5.66057 5.53000 5.37469 5.29069 5.33685 5.34757 5.34757 5.34757 5.34757
5.34362 5.35797 5.37180 5.38297 5.38399 5.38399 5.38399 5.38399 5.38399 5.38399 5.38399 5.34078 5.02846 4.99145 5.09949 5.26650 5.26650 5.26650 5.26650 5.26650 5.27351 5.29484 5.31663 5.29656 4.88484 4.59393 4.29435 4.85842 5.03377 5.18195 5.35201 5.43761 5.61569 6.35135 6.31753 6.22251 6.12889 6.17441 6.29904 5.88848 5.88848 5.88848 5.88848 5.88848 5.88848 5.88848 5.88848 5.88848 5.88848 5.88848 5.89157 5.93021 5.96131 5.75907 5.76512 5.65925 5.65183 5.65120 5.65553 5.68361 5.71568 5.42399 5.34750 5.24471 5.04039 4.82012 4.57984
5.38399 5.38399 5.38399 5.38399 5.38399 5.38399 5.38399 5.38399 5.38399 5.38399 5.38399 5.38393 5.15032 4.97390 5.02584 5.23148 5.27029 5.29022 5.31197 5.30793 5.23658 5.14848 5.05992 5.01319 4.97497 4.67908 4.69581 5.10458 5.48117 5.45702 5.40524 5.35354 5.33404 5.82599 6.07384 6.07384 6.07384 6.07543 6.38301 5.98070 5.88848 5.88848 5.88848 5.88848 5.88848 5.88848 5.89028 5.92545 5.97913 6.04344 6.10490 6.13075 6.13468 5.94240 5.79218 5.71266 5.65037 5.65037 5.64902 5.63368 5.69940 5.43296 4.65023 4.24044 4.17424 4.10812 4.02446
5.38399 5.38399 5.38399 5.38399 5.38399 5.38399 5.38399 5.38399 5.38399 5.38399 5.38399 5.38399 5.29893 5.01043 5.04072 5.18080 5.25361 5.16694 5.07835 5.03265 5.08503 5.15195 5.20710 5.23027 5.21752 4.87132 4.67671 4.71257 5.29347 5.32070 5.32070 5.32070 5.32070 5.54424 6.07116 6.07384 6.07384 6.07384 6.23075 6.21289 5.88848 5.88848 5.88932 5.92134 5.97049 6.03202 6.09478 6.12412 6.13474 6.13433 6.13369 6.13307 6.13294 6.05807 5.79720 5.73978 5.59511 5.56737 5.51080 5.46614 5.44348 5.29658 4.62511 3.80728 3.74243 3.67755 3.63161
5.38399 5.38399 5.38399 5.38399 5.38399 5.38399 5.38399 5.38399 5.38428 5.39847 5.42021 5.43660 5.37610 4.99971 4.82142 4.85975 5.12305 5.19396 5.21956 5.22139 5.17396 5.11389 5.06568 5.04927 5.04650 4.97351 4.62995 4.64968 5.02975 5.32070 5.32070 5.32070 5.32070 5.37438 5.94349 6.07384 6.07384 6.07384 6.09427 6.42503 5.99664 6.02067 6.08432 6.11684 6.13215 6.13460 6.13397 6.13334 6.13294 6.13089 6.11153 6.08844 6.06594 6.03438 5.69669 5.55703 5.38110 5.24327 5.18623 5.14189 5.10046 5.09289 4.75919 3.73351 3.62980 3.62980 3.62980
5.38399 5.38399 5.38399 5.38399 5.38399 5.39388 5.41559 5.43651 5.40225 5.31850 5.21254 5.11038 5.09988 5.22784 4.91391 4.90808 5.01747 5.07783 5.05904 5.04709 5.04650 5.04650 5.04650 5.04650 5.04650 5.04650 4.75504 4.63350 4.74674 5.31448 5.32070 5.32070 5.32070 5.32075 5.69984 6.09850 6.14629 6.19645 6.25888 6.50904 6.36447 6.13487 6.13423 6.13362 6.13304 6.12410 6.10111 6.07895 6.06073 6.03107 6.01077 5.96040 5.90086 5.84367 5.55876 5.22616 5.18154 5.07149 5.07149 5.07150 5.07698 5.08854 4.92098 4.20298 3.62980 3.63049 3.66346
5.38394 5.38996 5.41099 5.43271 5.41536 5.32418 5.21623 5.11605 5.17189 5.29749 5.43775 5.58029 5.69571 5.74088 5.08322 4.80441 4.82812 5.04490 5.04650 5.04650 5.04650 5.04650 5.04650 5.04650 5.04650 5.04650 4.96015 4.62785 4.65077 5.09407 5.32070 5.34134 5.38901 5.43689 5.61505 6.24873 6.30435 6.31863 6.31989 6.37929 6.60000 6.11641 6.09193 6.07504 6.05238 6.02054 5.96807 5.90818 5.84444 5.79411 5.75174 5.74323 5.74323 5.74323 5.67072 5.25336 5.21284 5.10325 5.07149 5.07149 5.07377 5.07928 5.08614 4.70869 3.77567 3.81247 3.78548
