results/OMI_NO2_200910.asc
ncols      200
nrows      200
xllcorner       120.258
yllcorner       41.1236
cellsize     0.0166667
NODATA_Value      -999.000
[rows 60 to 89 of 166, columns 0 to 65 of 200]
0.988292 0.957862 0.927526 1.14223 1.77611 1.77679 1.77679 1.77679 1.77679 1.77679 1.77679 1.77679 1.77679 1.77679 1.71257 1.69376 1.32358 1.27610 1.27610 1.27610 1.27610 1.27610 1.27610 1.27610 1.27610 1.27610 1.27610 1.27610 1.27610 1.28480 1.32496 1.39527 1.49336 1.98001 2.13883 2.14221 2.11342 1.99865 1.71576 1.91762 2.04737 3.73166 3.77393 3.77393 3.77393 3.77393 3.77393 3.77393 3.77393 3.77393 3.77393 3.77393 3.77393 3.77393 3.77393 3.77393 3.77393 3.77393 3.82182 3.93166 3.51653 2.31453 2.32861 2.32861 2.32861 2.35275
0.852432 0.852432 0.852432 0.852432 1.59586 1.77679 1.77679 1.77679 1.77679 1.77679 1.77679 1.77679 1.77679 1.77679 1.76071 1.65185 1.45237 1.27610 1.27610 1.27610 1.27610 1.27610 1.27610 1.27610 1.27610 1.27699 1.31390 1.39752 1.48194 1.55629 1.59902 1.60907 1.60265 1.81222 2.05938 2.05936 2.05936 2.14119 1.77688 1.86048 2.13559 3.31814 3.77393 3.77393 3.77393 3.77393 3.77393 3.77393 3.77393 3.77393 3.77393 3.77393 3.77393 3.77393 3.79433 3.89605 4.00618 4.11627 4.17844 4.17868 3.98979 2.50125 2.34267 2.29660 2.25786 2.20788
0.852432 0.852432 0.852432 0.852432 1.16373 1.77679 1.77679 1.77679 1.77679 1.77679 1.77679 1.77679 1.77679 1.77679 1.77679 1.67832 1.55223 1.29374 1.27886 1.28967 1.30111 1.31277 1.36083 1.46011 1.56282 1.66677 1.73364 1.74372 1.74780 1.75300 1.75917 1.77306 1.81654 1.99499 2.55193 2.58965 2.62990 2.74764 2.84898 2.49688 3.62065 3.77393 3.77393 3.77393 3.77393 3.77393 3.77393 3.77393 3.77393 3.77393 3.77843 3.86043 3.97052 4.08061 4.17026 4.14230 3.57769 2.80601 2.21354 1.83739 1.60374 1.62306 2.10109 2.15629 2.15629 2.15629
0.852432 0.852432 0.852432 0.852432 0.853911 1.62715 1.77679 1.77679 1.77679 1.77679 1.77679 1.77679 1.77679 1.77679 1.77679 1.72514 1.67785 1.70608 1.58804 1.68075 1.78459 1.88857 1.94921 1.94464 1.92095 1.89882 1.90779 1.96183 2.02372 2.08590 2.14771 2.20989 2.24209 2.24918 2.63598 2.67614 2.67614 2.67614 2.98438 2.50221 2.98526 3.77393 3.77393 3.77393 3.77393 3.77393 3.77393 3.82485 3.93490 4.04491 4.15059 3.84128 3.11118 2.40753 1.96488 1.67285 1.53606 1.49467 1.49467 1.49467 1.49467 1.50395 1.93643 2.15629 2.15629 2.15629
0.852432 0.852432 0.852432 0.852432 0.852432 1.20599 1.77679 1.77679 1.77679 1.77679 1.77524 1.77198 1.81355 1.91469 2.04108 2.16742 2.18856 2.23856 1.94339 1.94990 1.96256 2.00612 2.04477 2.08558 2.14586 2.20797 2.24202 2.24209 2.24209 2.24209 2.24209 2.24209 2.24209 2.24209 2.46440 2.67614 2.67614 2.67614 2.78275 2.80374 2.58086 3.76561 3.77393 3.79640 3.89920 4.00934 4.00065 3.40734 2.64232 2.11328 1.76980 1.57521 1.49975 1.49467 1.49467 1.49467 1.49467 1.49467 1.49467 1.49467 1.49467 1.49467 1.68990 2.14356 2.15629 2.15629
0.852432 0.852432 0.852432 0.852432 0.851174 0.854834 1.64737 1.77101 1.83532 1.95072 2.07528 2.19374 2.29665 2.35609 2.40792 2.45995 2.42025 2.47378 2.29978 2.21697 2.24191 2.24209 2.24209 2.24209 2.24209 2.24209 2.24209 2.24209 2.24209 2.24209 2.24209 2.24209 2.24209 2.24209 2.32575 2.68051 2.67614 2.67614 2.67640 2.99155 2.52219 3.39166 3.58802 2.92357 2.28838 1.88693 1.62988 1.51898 1.49467 1.49467 1.49467 1.49467 1.49467 1.49467 1.49467 1.49467 1.49467 1.49467 1.49467 1.49467 1.49467 1.49467 1.54066 2.02417 2.15629 2.15629
0.843529 0.839183 0.834834 0.854807 0.974005 1.19549 1.70226 2.21802 2.29108 2.36834 2.43793 2.50299 2.53277 2.51727 2.48488 2.44042 2.39003 2.48449 2.47071 2.24209 2.24209 2.24209 2.24209 2.24209 2.24209 2.24209 2.24209 2.24209 2.24209 2.24209 2.24209 2.24209 2.24209 2.24209 2.24277 2.60004 2.64209 2.55254 2.46218 2.47401 2.70016 1.91886 1.55310 1.49534 1.49467 1.49467 1.49467 1.49467 1.49467 1.49467 1.49467 1.49467 1.49467 1.49467 1.49467 1.49467 1.49467 1.49467 1.49467 1.49467 1.49467 1.49467 1.49467 1.80142 2.15631 2.16736
1.03614 1.26480 1.47006 1.65750 1.75966 1.80310 1.84707 2.46101 2.58002 2.55814 2.50629 2.45941 2.41954 2.41120 2.41120 2.41120 2.40986 2.43364 2.52240 2.29184 2.24209 2.24209 2.24209 2.24209 2.24209 2.24209 2.24209 2.24209 2.24209 2.24209 2.24209 2.24209 2.23697 2.19140 2.12091 2.14777 2.27027 2.36455 2.40906 2.45818 2.68674 2.19253 1.52544 1.49467 1.49467 1.49467 1.49467 1.49467 1.49467 1.49467 1.49467 1.49467 1.49467 1.49467 1.49467 1.49467 1.49467 1.49467 1.49467 1.49467 1.49467 1.49998 1.51963 1.64433 2.15617 2.23149
1.82875 1.86429 1.89514 1.90075 1.90075 1.90075 1.90039 2.13885 2.43493 2.41132 2.41120 2.41120 2.41120 2.41120 2.41120 2.41120 2.41120 2.40203 2.49741 2.42635 2.24209 2.24209 2.24209 2.24209 2.24209 2.24209 2.24209 2.24209 2.24209 2.21496 2.14768 2.03578 1.93808 1.88513 1.87134 1.93203 2.18761 2.51660 2.51835 2.51835 2.58620 2.60943 1.66555 1.49467 1.49467 1.49467 1.49467 1.49467 1.49467 1.49467 1.49467 1.49467 1.49467 1.49467 1.49467 1.49467 1.49467 1.49640 1.51308 1.53351 1.55395 1.56728 1.52372 1.57510 1.98697 2.24124
1.90075 1.90075 1.90075 1.90075 1.90075 1.90075 1.90075 1.87376 2.35882 2.41120 2.41120 2.41120 2.41120 2.41120 2.41120 2.41120 2.41120 2.39328 2.47322 2.51799 2.25645 2.24209 2.24209 2.24209 2.24209 2.23554 2.18351 2.07704 1.97257 1.90096 1.87522 1.89880 1.92232 1.94467 1.95050 1.95349 2.10292 2.44471 2.51835 2.51835 2.52211 2.69652 2.01595 1.49958 1.49467 1.49467 1.49467 1.49467 1.49467 1.49467 1.49467 1.49467 1.49467 1.49473 1.50652 1.52696 1.54740 1.56358 1.52092 1.51580 1.57426 1.67239 1.82270 2.30115 2.32298 2.57399
1.90085 1.90075 1.90075 1.90075 1.90075 1.90075 1.90075 1.88754 2.11393 2.41120 2.41120 2.41120 2.41120 2.41120 2.41120 2.41120 2.41120 2.41120 2.42505 2.50827 2.38563 2.25821 2.22431 2.11883 2.01202 1.92050 1.87489 1.88883 1.91220 1.93835 1.96912 1.98722 2.00506 2.02285 2.04064 2.05558 2.13712 2.24079 2.51835 2.51835 2.51835 2.59927 2.44386 1.59203 1.49467 1.49467 1.49467 1.49467 1.49467 1.49467 1.50057 1.52041 1.54085 1.55761 1.53918 1.57903 1.67038 1.77352 1.93780 2.06784 2.11287 2.11411 2.11411 2.18992 2.65135 2.37386
1.91594 1.90075 1.90075 1.90075 1.90075 1.90075 1.90075 1.90075 1.88169 2.37127 2.41120 2.41120 2.41120 2.40919 2.39821 2.38980 2.37399 2.28303 2.18828 2.16099 1.97139 1.93827 1.87483 1.88131 1.92066 1.96188 2.00090 2.02250 2.04044 2.05543 2.05715 2.05715 2.05715 2.05715 2.05715 2.05715 2.07756 2.16136 2.48644 2.51835 2.51835 2.52597 2.70354 1.83970 1.49467 1.49467 1.49664 1.51395 1.53430 1.55365 1.59357 1.67014 1.77501 1.88280 2.03283 2.10278 2.11411 2.11411 2.11411 2.11411 2.11411 2.11411 2.11411 2.11411 2.54430 2.30967
2.02354 1.90075 1.90075 1.90075 1.90075 1.90075 1.90075 1.89948 1.86944 2.11200 2.37658 2.37134 2.33209 2.23149 2.12752 1.93654 1.74711 1.64923 1.60335 1.76445 1.83496 1.96132 2.02829 2.05527 2.05715 2.05715 2.05715 2.05715 2.05715 2.05715 2.05715 2.05715 2.05715 2.05715 2.05715 2.05715 2.05715 2.15137 2.29096 2.51835 2.51835 2.51835 2.61256 2.26691 1.57375 1.58404 1.67098 1.78012 1.88811 1.99665 2.08244 2.11411 2.11411 2.11411 2.11411 2.11411 2.11411 2.11411 2.11411 2.11411 2.11411 2.11411 2.11411 2.11411 2.26037 2.48588
2.22826 1.90186 1.88858 1.87049 1.85240 1.83431 1.81492 1.78077 1.65153 1.53202 2.05927 1.93142 1.78779 1.72268 1.66670 1.67266 1.71560 1.76425 1.79165 1.87077 1.94629 1.98504 2.05715 2.05715 2.05715 2.05715 2.05715 2.05715 2.05715 2.05715 2.05715 2.05715 2.05715 2.05715 2.05715 2.05715 2.05715 2.12980 2.12666 2.50300 2.46193 2.28108 2.07791 1.94997 2.17776 2.07283 2.10969 2.11411 2.11411 2.11411 2.11411 2.11411 2.11411 2.11411 2.11411 2.11411 2.11411 2.11411 2.11411 2.11411 2.11411 2.11411 2.11411 2.11411 2.11718 2.64024
2.43280 1.83101 1.79139 1.75330 1.59196 1.39010 1.19392 1.05573 1.04515 1.11145 1.52402 1.73970 1.73587 1.75817 1.78153 1.80472 1.81356 1.81356 1.81356 1.82690 1.94432 1.94888 2.04689 2.05715 2.05715 2.05715 2.05715 2.05715 2.05715 2.05715 2.05715 2.05715 2.05715 2.05715 2.05715 2.05663 2.01787 1.94845 1.91821 1.88060 1.84393 1.82496 1.82511 1.80640 2.16805 2.12935 2.11411 2.11411 2.11411 2.11411 2.11411 2.11411 2.11411 2.11411 2.11411 2.11411 2.11411 2.11411 2.11411 2.11411 2.11411 2.11411 2.11411 2.11411 2.10328 2.24323
2.09736 1.35627 1.22796 1.12150 1.13885 1.16933 1.17150 1.16240 1.16240 1.16240 1.31594 1.80542 1.81477 1.81356 1.81356 1.81356 1.81356 1.81356 1.81356 1.81376 1.90917 1.94629 2.00318 2.05715 2.05715 2.05715 2.05715 2.05715 2.05715 2.05715 2.05715 2.05366 1.99405 1.93510 1.88829 1.84255 1.82993 1.84567 1.87879 1.76907 1.80779 1.80643 1.80643 1.80553 1.91452 2.26540 2.11411 2.11411 2.11411 2.11411 2.11411 2.11411 2.11411 2.11411 2.11411 2.11411 2.11411 2.11411 2.11411 2.11411 2.11250 2.05674 1.97438 1.89212 1.82062 1.83162
0.583580 0.648834 1.14031 1.16283 1.16240 1.16240 1.16240 1.16240 1.16240 1.16240 1.22235 1.64930 1.82727 1.81356 1.81356 1.81356 1.81356 1.81356 1.81356 1.81356 1.86114 1.94629 1.95854 2.05542 2.05715 2.05715 2.05715 2.03539 1.97379 1.93312 1.88742 1.84455 1.84827 1.85165 1.84108 1.83235 1.82371 1.82014 1.86278 1.76126 1.79364 1.80643 1.80643 1.80643 1.80495 2.23331 2.11411 2.11411 2.11411 2.11411 2.11411 2.11411 2.11411 2.11411 2.11411 2.11411 2.11411 2.08215 2.00046 1.91814 1.83739 1.81276 1.81616 1.82630 1.87526 1.93648
0.700399 0.700082 0.991908 1.16240 1.16240 1.16240 1.16240 1.16240 1.16240 1.16240 1.16295 1.38518 1.83018 1.81443 1.81356 1.81356 1.81356 1.81356 1.81356 1.81356 1.81970 1.93954 1.94612 1.96918 1.95982 1.93073 1.88651 1.85852 1.86397 1.85358 1.84478 1.83611 1.82759 1.83165 1.84860 1.86608 1.88354 1.90084 1.92062 1.89008 1.76523 1.80643 1.80643 1.80643 1.80512 2.00861 2.19502 2.11411 2.11411 2.11411 2.11411 2.11411 2.11411 2.10098 2.02648 1.94412 1.86185 1.81352 1.81684 1.85124 1.91042 1.97797 2.05663 2.13738 2.14862 2.14862
0.702218 0.700399 0.819237 1.16240 1.16240 1.16240 1.16240 1.16240 1.16240 1.16240 1.16240 1.23146 1.67337 1.82439 1.81356 1.81356 1.81369 1.81884 1.82656 1.83324 1.82779 1.86675 1.86965 1.70456 1.87456 1.85452 1.84855 1.85124 1.85991 1.86887 1.88372 1.90118 1.91845 1.92494 1.92494 1.92494 1.92494 1.92494 1.92494 1.94990 1.74311 1.80006 1.80643 1.80643 1.80643 1.81447 2.27743 2.11411 2.11411 2.11156 2.05246 1.97017 1.88789 1.82095 1.83003 1.88422 1.94935 2.02418 2.11169 2.14862 2.14862 2.14862 2.14862 2.14862 2.14862 2.14862
0.741897 0.700399 0.690977 1.09501 1.16240 1.16240 1.16240 1.16240 1.16240 1.16240 1.16240 1.17021 1.42691 1.85231 1.84067 1.84449 1.83629 1.82214 1.78770 1.74024 1.70534 1.71565 1.78728 1.70060 1.84547 1.90753 1.91883 1.92494 1.92494 1.92494 1.92494 1.92494 1.92494 1.92494 1.92494 1.92494 1.92494 1.92494 1.92494 1.96184 1.79049 1.77318 1.80643 1.80643 1.80643 1.80462 2.09643 2.02086 1.91400 1.83974 1.85953 1.92049 1.99256 2.07613 2.14552 2.14862 2.14862 2.14862 2.14862 2.14862 2.14862 2.14862 2.14862 2.14862 2.14862 2.14862
0.826591 0.700399 0.700399 0.951309 1.16240 1.16607 1.17743 1.18903 1.20063 1.21223 1.22384 1.21749 1.26782 1.70053 1.79968 1.76961 1.79198 1.81555 1.85683 1.90796 1.95288 1.95509 1.85007 1.83056 1.75149 1.92494 1.92494 1.92494 1.92494 1.92494 1.92494 1.92494 1.92494 1.92494 1.92494 1.92494 1.92494 1.92494 1.92494 1.92508 1.90547 1.74689 1.81211 1.87352 1.94288 1.98837 1.99892 1.95220 2.04089 2.12793 2.14862 2.14862 2.14862 2.14862 2.14862 2.14862 2.14862 2.14862 2.14862 2.14862 2.14862 2.14862 2.14862 2.14862 2.14862 2.14862
0.908307 0.720717 0.700399 0.790158 1.21776 1.22952 1.22860 1.20959 1.18455 1.17906 1.23319 1.30412 1.39148 1.67500 2.01517 1.98709 1.97857 1.96846 1.95834 1.95250 1.95246 1.95246 1.87977 1.84029 1.71623 1.90951 1.92494 1.92494 1.92494 1.92494 1.92494 1.92494 1.92494 1.92494 1.92494 1.92494 1.92494 1.92494 1.92498 1.95164 2.04183 1.88876 1.92983 1.88556 1.89043 1.93670 1.95265 1.83976 2.14734 2.14862 2.14862 2.14862 2.14862 2.14862 2.14862 2.14862 2.14862 2.14862 2.14862 2.14862 2.14862 2.14862 2.14862 2.14862 2.14862 2.14862
0.908890 0.789391 0.690715 0.649826 1.12879 1.31508 1.37443 1.45201 1.53575 1.60004 1.60459 1.60461 1.60461 1.64059 1.95113 1.96835 1.95246 1.95246 1.95246 1.95246 1.95246 1.95246 1.92044 1.84029 1.80178 1.79204 1.92494 1.92494 1.92494 1.92494 1.92494 1.92494 1.92494 1.92494 1.92494 1.93439 1.96491 1.98609 2.03000 2.06804 2.13928 2.02815 2.03049 2.06154 2.07893 2.07893 2.07709 1.87912 2.02647 2.14862 2.14862 2.14862 2.14862 2.14862 2.14862 2.14862 2.14862 2.14862 2.14862 2.14862 2.14862 2.14862 2.14862 2.14862 2.20499 2.31765
0.908890 0.881051 0.501825 0.485362 1.05419 1.60399 1.60454 1.60461 1.60461 1.60461 1.60461 1.60461 1.60461 1.60688 1.75847 2.00262 1.95246 1.95246 1.95246 1.95246 1.95246 1.95246 1.94766 1.85381 1.84029 1.71846 1.92464 1.92494 1.92494 1.92494 1.92505 1.92434 1.93769 1.99095 2.05730 2.11685 2.16378 2.27513 2.37076 2.44003 2.48002 2.33027 2.13586 2.09398 2.07893 2.07893 2.07893 1.97758 1.96078 2.14862 2.14862 2.14862 2.14862 2.14862 2.14862 2.14862 2.14862 2.14862 2.14862 2.14862 2.17488 2.28185 2.39451 2.50725 2.64339 2.86041
0.913211 0.915826 0.610212 0.489215 0.609020 1.56816 1.60461 1.60461 1.60461 1.60461 1.60461 1.60461 1.60461 1.60461 1.63005 1.95562 1.96020 1.95246 1.95246 1.95246 1.95246 1.95246 1.95246 1.88977 1.84029 1.75832 1.86071 1.96083 1.96446 2.01733 2.08787 2.16314 2.22228 2.27185 2.34097 2.41013 2.45901 2.42431 2.37886 2.33335 2.28789 2.22988 2.13622 2.11889 2.07893 2.07893 2.07893 2.07264 1.92294 2.09983 2.14862 2.14862 2.14862 2.14862 2.14862 2.14862 2.15617 2.24605 2.35867 2.47132 2.64418 2.70366 2.53480 2.25658 1.97899 1.72378
0.918824 0.918824 0.810080 0.490529 0.492266 1.30885 1.60461 1.60461 1.60461 1.60461 1.60461 1.60461 1.60461 1.60461 1.60825 1.77982 1.99391 1.95246 1.95246 1.95246 1.95133 1.94622 1.91554 1.93786 2.01180 2.12811 2.14299 2.14987 2.21802 2.24688 2.29901 2.32432 2.34792 2.33335 2.28789 2.24244 2.20905 2.20741 2.20741 2.20741 2.20741 2.20741 2.15488 2.13545 2.08728 2.07893 2.07893 2.07893 1.98662 2.06466 2.14862 2.14862 2.14874 2.21017 2.32287 2.43557 2.55683 2.49846 2.25509 2.03022 1.80139 1.64869 1.59670 1.59646 1.59646 1.59646
0.918824 0.918824 0.918824 0.559703 0.489215 0.940708 1.60461 1.60461 1.60461 1.60461 1.60461 1.60461 1.60461 1.60461 1.60364 1.62941 1.96007 1.93773 1.90402 1.91680 1.93870 1.98944 2.10724 2.21271 2.45995 2.43816 2.37055 2.21391 2.22718 2.23753 2.20905 2.20741 2.20741 2.20741 2.20741 2.20741 2.20741 2.20741 2.20741 2.20741 2.20741 2.20741 2.18100 2.13586 2.11177 2.07893 2.07893 2.07893 2.06544 2.01877 2.28132 2.38183 2.38397 2.25385 2.03505 1.84856 1.68969 1.60580 1.59646 1.59646 1.59646 1.59646 1.59646 1.59646 1.59646 1.59646
0.918824 0.918824 0.918824 0.721867 0.489215 0.535933 1.51852 1.60461 1.60416 1.60003 1.59508 1.59013 1.58518 1.56455 1.55411 1.60950 1.81301 2.01004 2.09360 2.15682 2.20905 2.23465 2.23193 2.26902 2.41047 2.44407 2.45544 2.26791 2.20741 2.20741 2.20741 2.20741 2.20741 2.20741 2.20741 2.20741 2.20741 2.20741 2.20741 2.20741 2.20741 2.20741 2.20273 2.13763 2.13315 2.08464 2.12314 2.21871 2.44194 2.77006 2.03615 1.70880 1.62850 1.59646 1.59646 1.59646 1.59646 1.59646 1.59646 1.59646 1.59646 1.59646 1.59646 1.59646 1.59646 1.59646
0.918824 0.918824 0.918824 0.911160 0.519622 0.489264 1.20735 1.58123 1.57540 1.55014 1.56885 1.62069 1.66621 1.69586 1.68163 1.61103 1.57559 2.00717 2.18323 2.22752 2.28679 2.34606 2.38829 2.39002 2.45664 2.47600 2.46677 2.36264 2.20872 2.20741 2.20741 2.20741 2.20741 2.20741 2.20741 2.20741 2.20741 2.20741 2.20741 2.20741 2.20741 2.20741 2.22974 2.31414 2.48661 2.81607 3.51688 4.06469 4.17598 3.94463 2.63702 1.59646 1.59646 1.59646 1.59646 1.59646 1.59646 1.59646 1.59646 1.59646 1.59646 1.59646 1.59646 1.59646 1.59646 1.59646
0.918824 0.918824 0.918824 0.918824 0.658590 0.556509 0.925408 1.61746 1.63628 1.67236 1.64112 1.56835 1.49692 1.45276 1.44838 1.44838 1.46231 1.89325 2.33412 2.39002 2.39002 2.39002 2.39002 2.39002 2.39468 2.51566 2.46677 2.43557 2.24313 2.20741 2.20741 2.20741 2.20741 2.20741 2.20741 2.20741 2.20741 2.20741 2.23982 2.37361 2.55871 2.74158 2.85051 2.93123 2.94017 2.82567 3.64096 3.53556 3.53556 3.53556 3.56665 1.71713 1.59646 1.59646 1.59646 1.59646 1.59646 1.59646 1.59646 1.59646 1.59646 1.59646 1.59646 1.59646 1.59646 1.59646
