results/OMI_NO2_201101.asc
ncols      200
nrows      200
xllcorner       120.258
yllcorner       41.1236
cellsize     0.0166667
NODATA_Value      -999.000
[rows 29 to 57 of 165, columns 128 to 191 of 200]
1.05073 1.04218 1.03469 1.03361 1.05103 1.09441 1.14050 1.16031 1.22297 1.22901 1.22712 1.22442 1.07177 1.03935 1.00541 0.993297 0.993949 0.999326 0.992740 0.972245 0.931692 0.895083 0.861536 0.837146 0.835391 0.832462 0.821222 0.813885 0.837326 0.810454 0.798032 0.800338 0.800338 0.800338 0.800338 0.793500 0.764910 0.764910 0.765744 0.782725 0.798064 0.802848 0.802072 0.805530 0.799075 0.808432 0.818915 0.829403 0.825559 0.764460 0.800137 0.867665 0.877865 0.912393 0.999847 1.02492 1.04676 1.06477 1.07188 1.07683 1.07713 1.07713 1.07713 1.07713
1.03361 1.03362 1.03377 1.03396 1.03476 1.08576 1.11311 1.15610 1.18984 1.22307 1.22042 1.21387 1.14104 1.01709 0.996173 0.946138 0.908336 0.888506 0.856320 0.835854 0.835391 0.833987 0.823769 0.812018 0.800272 0.791455 0.790948 0.790948 0.818550 0.830101 0.789725 0.800338 0.800338 0.801005 0.804672 0.816388 0.798734 0.805433 0.823826 0.839576 0.837581 0.843971 0.850704 0.854198 0.844106 0.835268 0.835268 0.837599 0.855437 0.839365 0.862236 1.00871 1.05689 1.06468 1.07123 1.07660 1.07713 1.07713 1.07713 1.07713 1.07713 1.07713 1.07713 1.08307
1.03426 1.03441 1.03345 1.03201 1.03057 1.05298 1.08972 1.13408 1.14027 1.19471 1.19121 1.15826 1.10764 0.924542 0.869985 0.824226 0.819372 0.828685 0.826311 0.814560 0.802819 0.792477 0.790948 0.790948 0.790948 0.790948 0.790948 0.791014 0.804812 0.837733 0.810945 0.819621 0.836759 0.855385 0.878516 0.894097 0.887302 0.876256 0.885119 0.885459 0.878317 0.861226 0.862319 0.864307 0.885827 0.897899 0.929131 0.961557 0.979691 0.971144 0.946218 1.01965 1.07713 1.07713 1.07713 1.07713 1.07713 1.07713 1.07713 1.07791 1.09528 1.12078 1.15063 1.17483
1.03104 1.02958 1.02907 1.02900 1.02893 1.03156 1.08233 1.06620 1.03889 1.04046 1.02082 1.00730 1.00730 0.943112 0.847755 0.821911 0.789342 0.781628 0.790948 0.790948 0.790948 0.790948 0.792153 0.795983 0.799902 0.803823 0.807745 0.814602 0.828638 0.877235 0.889846 0.890801 0.914176 0.922226 0.922752 0.922752 0.919450 0.887685 0.894951 0.909052 0.943884 0.948418 0.971615 0.993971 1.00189 0.994400 0.992135 0.998164 0.999336 0.998459 0.957251 0.970975 1.07661 1.07713 1.07713 1.07713 1.08498 1.10965 1.13930 1.16864 1.18143 1.18606 1.18635 1.18635
1.02889 1.02886 1.02969 1.03978 1.05247 1.06517 0.993983 0.923858 0.948469 0.964816 1.00423 0.992990 0.981309 0.964066 0.823173 0.808792 0.778772 0.782273 0.797826 0.802256 0.806177 0.810099 0.812812 0.814359 0.826478 0.840815 0.855149 0.866492 0.868369 0.887107 0.908718 0.899871 0.923790 0.930038 0.937020 0.954912 0.987234 1.00730 1.03760 1.06880 1.07331 1.05502 1.01247 1.01623 1.02215 1.01852 0.999483 0.999336 0.999336 0.999336 0.975069 0.952761 1.04638 1.09859 1.12796 1.15810 1.18041 1.18586 1.18635 1.18635 1.18635 1.18892 1.20312 1.21873
1.05291 1.06559 1.07744 1.08005 1.08005 1.08005 1.05920 0.913096 0.917354 0.915655 0.956273 0.966857 0.975398 0.984240 0.918545 0.847307 0.839481 0.822749 0.818221 0.814041 0.824758 0.839095 0.853431 0.866317 0.868535 0.868535 0.868535 0.868175 0.864160 0.862662 0.927109 0.941233 0.989079 1.03008 1.06099 1.07876 1.07990 1.08085 1.07980 1.08342 1.08491 1.08481 1.02821 1.01594 1.02029 1.02218 1.00635 0.999336 0.999336 1.00987 1.03290 1.02279 1.09305 1.18559 1.18635 1.18635 1.18953 1.20412 1.21973 1.23534 1.25096 1.26398 1.26540 1.26540
1.08005 1.08005 1.08003 1.07353 1.06185 1.05026 1.04507 0.945183 0.908547 0.938542 0.973159 1.01198 1.01229 1.01229 1.00251 0.867429 0.852601 0.844609 0.860626 0.865075 0.868535 0.868535 0.868492 0.865383 0.860403 0.855434 0.851846 0.861968 0.879050 0.897083 0.978400 1.01809 1.02483 1.08217 1.08507 1.08798 1.08975 1.08965 1.08531 1.08491 1.08491 1.08491 1.06097 1.01594 1.01744 1.02453 1.03590 1.05764 1.08779 1.10739 1.10855 1.07970 1.09001 1.21182 1.23634 1.25196 1.26439 1.26540 1.26540 1.26535 1.25907 1.25725 1.25701 1.25337
1.06721 1.06335 1.06054 1.06420 1.07304 1.08179 1.08504 1.04844 0.926431 0.947823 0.945879 1.01068 1.01378 1.00318 0.991471 0.894298 0.817827 0.849661 0.876428 0.864636 0.856655 0.851677 0.849647 0.864127 0.882174 0.900215 0.916862 0.920167 0.920421 0.922487 0.948885 1.02543 1.01629 1.08118 1.08977 1.08977 1.08977 1.08977 1.08718 1.08491 1.08491 1.08490 1.07982 1.04352 1.05871 1.07830 1.08463 1.12539 1.15353 1.17544 1.19737 1.20001 1.16950 1.22091 1.26540 1.26413 1.25453 1.25927 1.26442 1.26084 1.26186 1.25925 1.25537 1.25474
1.10975 1.08504 1.08504 1.08504 1.08501 1.07788 1.06539 1.05286 0.914451 0.871552 0.873472 0.936290 0.973169 0.971423 0.966765 0.945632 0.806172 0.802754 0.857718 0.874021 0.885299 0.903347 0.918481 0.920167 0.920241 0.921977 0.924396 0.926816 0.928982 0.929337 0.929553 1.01150 1.02499 1.04230 1.08977 1.08977 1.08968 1.08553 1.07667 1.07327 1.06462 1.05884 1.07840 1.11029 1.13987 1.16382 1.18660 1.19735 1.21608 1.21608 1.21529 1.20245 1.16814 1.17580 1.23992 1.22915 1.22357 1.23439 1.25560 1.25474 1.25474 1.25474 1.25474 1.25474
1.15038 1.07043 1.05794 1.04543 1.03296 1.02134 1.00864 0.995946 0.928365 0.820596 0.839525 0.860814 0.953067 0.949104 0.956319 0.974299 0.897871 0.855756 0.904681 0.929823 0.921042 0.921464 0.923884 0.926305 0.928651 0.929337 0.929337 0.929337 0.929337 0.929337 0.929337 0.970384 1.02074 1.00442 1.06577 1.05514 1.04349 1.05195 1.06942 1.12286 1.15802 1.18252 1.18654 1.18651 1.18314 1.18210 1.18234 1.16555 1.16277 1.14345 1.12273 1.10894 1.12472 1.13970 1.19447 1.21427 1.21427 1.21553 1.25144 1.25474 1.25474 1.25474 1.25474 1.25213
1.13292 1.03063 1.01291 1.00022 0.985856 0.975567 0.971767 0.967972 0.961432 0.822607 0.828158 0.855111 0.970102 1.01350 1.02401 1.02408 1.00057 0.871627 0.880975 0.934869 0.932656 0.929337 0.929337 0.929337 0.929337 0.928945 0.924704 0.919487 0.914269 0.909052 0.903337 0.901506 0.984112 0.980403 1.05366 1.11109 1.13156 1.13598 1.13598 1.15649 1.18614 1.18041 1.17086 1.14392 1.11950 1.10450 1.09134 1.08632 1.09097 1.10031 1.09602 1.09457 1.09948 1.13402 1.16148 1.21427 1.21427 1.21427 1.23543 1.25391 1.25119 1.29513 1.35787 1.41769
1.09735 1.01729 0.969515 0.965718 0.963588 0.963653 0.968313 0.975737 0.983167 0.935804 0.884006 0.901734 0.948273 1.02671 1.04575 1.06761 1.08946 0.951497 0.878629 0.918449 0.938052 0.921583 0.916331 0.911111 0.905893 0.901067 0.899979 0.896437 0.891458 0.886483 0.881997 0.881780 0.943372 0.980255 1.04531 1.13582 1.13164 1.12574 1.11518 1.09652 1.10370 1.08476 1.06978 1.05871 1.03741 1.03726 1.02465 1.06711 1.07254 1.09248 1.09457 1.09457 1.09457 1.12313 1.13632 1.20747 1.21181 1.23381 1.30234 1.39605 1.45369 1.47164 1.47164 1.47164
1.07305 1.04918 0.968555 0.975981 0.983406 0.990745 0.993511 0.993511 0.993511 0.985921 0.899356 0.932814 0.964353 1.09297 1.10430 1.10532 1.10662 1.06050 0.883754 0.896558 0.946046 0.909997 0.900296 0.898283 0.893308 0.888329 0.883466 0.882030 0.882030 0.882030 0.882055 0.886367 0.912901 0.967138 0.986510 1.06878 1.06777 1.05448 1.04534 1.04086 1.03581 1.02011 0.998413 0.985132 0.984985 0.997262 1.01526 1.04329 1.07184 1.08275 1.09457 1.09457 1.09371 1.11526 1.19773 1.30437 1.39946 1.44482 1.44495 1.46056 1.47684 1.48303 1.48922 1.49541
1.09310 1.10033 1.01191 0.993511 0.993511 0.993511 1.00088 1.02240 1.04426 1.06621 1.00884 0.970800 0.986116 1.05536 1.11093 1.11120 1.11120 1.11129 0.944345 0.891306 0.933385 0.917624 0.884996 0.882030 0.882030 0.882030 0.884631 0.891994 0.899474 0.906954 0.914510 0.917821 0.917999 0.949504 0.960315 1.01993 1.02764 1.00955 0.991488 0.977443 0.978935 0.984985 0.984985 0.984985 0.984985 0.985506 1.01162 1.01966 1.06942 1.06019 1.12765 1.20369 1.27360 1.33951 1.39385 1.42841 1.48766 1.49468 1.49155 1.47554 1.50311 1.50311 1.50311 1.50877
1.10298 1.10298 1.05667 1.01505 1.03775 1.06089 1.07674 1.07838 1.07967 1.08060 1.06338 0.968596 0.987747 1.03576 1.11290 1.11462 1.12805 1.14413 1.09712 0.945261 0.941241 0.926624 0.891838 0.897620 0.905101 0.912587 0.917586 0.917848 0.918011 0.918178 0.918229 0.917709 0.904821 0.902560 0.907139 0.926376 0.973151 0.976443 0.976443 0.976443 0.976637 0.984250 0.984985 0.984985 0.984985 0.977701 0.975611 1.02334 1.10850 1.19700 1.32585 1.40478 1.42642 1.44046 1.46866 1.48557 1.50097 1.50638 1.50614 1.47015 1.51931 1.56285 1.59858 1.63567
1.28181 1.37738 1.44411 1.09135 1.08064 1.08064 1.08064 1.08064 1.09375 1.13514 1.17748 1.14001 1.16832 1.20785 1.17290 1.16867 1.17183 1.17768 1.18471 1.01027 0.974501 0.966682 0.934157 0.917875 0.918038 0.918192 0.918229 0.918222 0.908681 0.890605 0.872522 0.854986 0.849784 0.851857 0.886411 0.900324 0.959938 0.976443 0.976443 0.976443 0.979180 0.982828 0.962069 0.943760 0.953026 1.01621 1.24506 1.26425 1.28777 1.33695 1.35538 1.45401 1.45573 1.45556 1.45235 1.47920 1.47957 1.48597 1.48619 1.48352 1.53839 1.67205 1.67889 1.67889
1.57039 1.57039 1.57039 1.24295 1.11803 1.16044 1.20278 1.24515 1.27873 1.29457 1.30991 1.29530 1.26879 1.25558 1.23739 1.19825 1.20529 1.20696 1.20711 1.12959 0.981849 0.976174 0.952212 0.918229 0.912227 0.894451 0.876382 0.858313 0.849784 0.849784 0.849784 0.849784 0.849784 0.849784 0.873605 0.895673 0.951832 0.997592 0.992627 0.989776 1.01602 1.04237 1.06718 1.11162 1.13538 1.14129 1.27891 1.31732 1.29844 1.32169 1.32375 1.38083 1.40199 1.38382 1.37873 1.45253 1.48983 1.52206 1.53002 1.52884 1.50427 1.66418 1.67889 1.67889
1.63311 1.67544 1.71784 1.61532 1.27676 1.28950 1.30488 1.33854 1.42996 1.51586 1.60141 1.68643 1.63145 1.37592 1.27469 1.21458 1.20746 1.20759 1.20760 1.20462 1.00930 0.961917 0.928590 0.867919 0.850092 0.849784 0.849784 0.849784 0.849784 0.853930 0.862010 0.870076 0.878147 0.885885 0.889322 0.922554 0.982230 1.06090 1.10932 1.14258 1.15036 1.15035 1.14304 1.14129 1.13546 1.12395 1.14931 1.27843 1.23624 1.22975 1.26179 1.29831 1.40355 1.41728 1.42483 1.45261 1.50921 1.52056 1.53002 1.53002 1.51237 1.58846 1.68069 1.70392
1.76523 1.77423 1.79225 1.86314 1.53182 1.56692 1.65228 1.71957 1.72463 1.73432 1.75898 1.78383 1.73277 1.51411 1.27628 1.24199 1.20868 1.23041 1.25997 1.28953 1.14764 0.913568 0.906515 0.875972 0.858740 0.866816 0.874882 0.882957 0.891028 0.894948 0.896350 0.916837 0.939150 0.961763 0.995479 1.04730 1.07612 1.12984 1.15034 1.14621 1.13651 1.12555 1.09928 1.06529 1.04666 1.03370 1.03336 1.20522 1.26224 1.26400 1.30114 1.31003 1.39567 1.42485 1.42485 1.42665 1.50165 1.51234 1.52995 1.53901 1.55521 1.56681 1.75028 1.74731
2.01580 2.10766 2.19043 2.21439 1.96027 1.73518 1.75995 1.78481 1.80965 1.82481 1.82499 1.82499 1.81833 1.64006 1.36151 1.34115 1.30931 1.31598 1.34224 1.39416 1.43187 1.13040 1.14683 1.13800 0.896665 0.898811 0.926949 0.949701 0.971946 0.994240 1.01513 1.01689 1.01689 1.01689 1.02058 1.03740 1.02889 1.08597 1.09768 1.07699 1.06572 1.05572 1.05364 1.04894 1.06967 1.09079 1.10755 1.15970 1.30324 1.27648 1.28494 1.31003 1.34339 1.42485 1.42485 1.42713 1.48962 1.54504 1.57418 1.58388 1.57511 1.55572 1.67682 1.75952
2.21439 2.22585 2.25067 2.27553 2.23281 1.82712 1.82499 1.82499 1.82499 1.83040 1.85766 1.88721 1.92117 1.87261 1.66107 1.53576 1.54117 1.57087 1.59648 1.59648 1.59718 1.42876 1.26247 1.29453 1.07736 1.02319 1.01734 1.01689 1.01689 1.01865 1.02937 1.04136 1.05334 1.07313 1.10035 1.11647 1.06878 1.10726 1.11373 1.06700 1.08509 1.10317 1.11962 1.11329 1.10890 1.10890 1.10890 1.10890 1.26029 1.28932 1.27438 1.30421 1.32434 1.43709 1.46703 1.47787 1.48250 1.54771 1.55886 1.60269 1.62770 1.65514 1.74075 1.92118
2.30134 2.31473 2.31475 2.31475 2.31475 1.94940 1.84786 1.89470 1.97533 2.05134 2.10557 2.15740 2.20492 2.19377 1.97710 1.67345 1.70096 1.65267 1.69248 1.75783 1.84188 1.87421 1.49643 1.46413 1.20419 1.02646 1.03845 1.05043 1.06245 1.08349 1.10375 1.12274 1.14173 1.15291 1.15299 1.16348 1.14157 1.13317 1.20234 1.13276 1.12259 1.12259 1.12259 1.11842 1.10890 1.10890 1.10890 1.10890 1.16760 1.31222 1.32907 1.36877 1.39699 1.42015 1.46896 1.47247 1.47909 1.54878 1.57747 1.68490 1.69386 1.69390 1.71041 1.90206
2.31475 2.31507 2.35935 2.44025 2.52132 2.42576 2.17850 2.21303 2.21387 2.21387 2.21387 2.23393 2.36831 2.52078 2.53920 2.41885 2.45953 1.98523 1.94071 1.95968 1.96765 1.98204 1.72818 1.52789 1.41976 1.10361 1.10686 1.12587 1.14481 1.15299 1.15299 1.15945 1.18005 1.20114 1.22224 1.23287 1.21972 1.15869 1.18870 1.16959 1.12259 1.12259 1.12259 1.12202 1.11046 1.11789 1.12775 1.13454 1.14076 1.28232 1.34215 1.36913 1.40762 1.41689 1.48208 1.48956 1.48956 1.52186 1.59323 1.67737 1.74733 1.76093 1.76757 1.83769
2.57549 2.65619 2.69298 2.69302 2.69302 2.67511 2.24358 2.30736 2.45983 2.61224 2.76471 2.90966 3.01361 3.11970 3.18972 2.96491 2.67975 2.37970 2.00730 2.02166 2.02989 2.04860 2.01705 1.62161 1.60921 1.26825 1.15299 1.15639 1.17550 1.19661 1.21772 1.23236 1.23287 1.23287 1.23287 1.23287 1.23287 1.17549 1.16394 1.20374 1.12053 1.12092 1.12772 1.13411 1.14677 1.15262 1.15676 1.16397 1.16989 1.22319 1.33820 1.37706 1.39820 1.42509 1.47421 1.52833 1.54294 1.55445 1.63358 1.65039 1.73959 1.73246 1.73297 1.75448
2.69302 2.69302 2.73173 2.87797 3.03044 3.18292 3.05079 2.91691 2.98080 3.08334 3.19633 3.30220 3.31486 3.31250 3.31014 3.11584 2.78719 2.70229 2.09821 2.09792 2.11889 2.12298 2.12298 1.82187 1.66166 1.48013 1.21319 1.23089 1.23287 1.23287 1.23287 1.23287 1.23304 1.23385 1.23478 1.23577 1.23682 1.21120 1.18362 1.25696 1.19303 1.15974 1.16424 1.16975 1.16995 1.16995 1.16995 1.17217 1.18064 1.19444 1.34454 1.40997 1.44122 1.47753 1.47474 1.53001 1.52292 1.51485 1.56834 1.61231 1.70437 1.73225 1.73225 1.74036
3.12190 3.27437 3.38814 3.39438 3.43692 3.55889 3.58253 3.27342 3.31345 3.31109 3.30890 3.30846 3.30806 3.30619 3.30419 3.24634 3.00816 2.82418 2.38102 2.12299 2.13578 2.16021 2.18468 2.12743 1.73834 1.69615 1.27795 1.23350 1.23440 1.23537 1.23639 1.23749 1.23842 1.24850 1.32209 1.40866 1.49522 1.57294 1.55118 1.49231 1.25511 1.17014 1.17165 1.17985 1.18896 1.20521 1.22471 1.24198 1.25301 1.25849 1.30629 1.40135 1.42683 1.43278 1.43980 1.48161 1.51439 1.51439 1.52981 1.61209 1.65689 1.73225 1.74337 1.79722
3.41031 3.51661 3.64575 3.78811 3.88540 3.88467 3.88333 3.41141 3.30801 3.30611 3.30411 3.30211 3.30050 3.30037 3.30037 3.29883 3.15501 2.86743 2.72087 2.20107 2.21269 2.23873 2.35107 2.47016 2.25578 2.23174 1.76332 1.23850 1.23953 1.29019 1.37561 1.46217 1.54873 1.62529 1.63827 1.63827 1.63827 1.64599 1.62367 1.57073 1.35974 1.25357 1.23429 1.24559 1.25598 1.25905 1.25347 1.24522 1.23699 1.22944 1.22917 1.36130 1.40724 1.42476 1.43953 1.44886 1.51316 1.51439 1.51561 1.62712 1.71748 1.89641 1.96400 1.98905
3.86759 3.88364 3.88344 3.88344 3.88293 3.88101 3.87901 3.62634 3.30048 3.30037 3.30037 3.30037 3.30200 3.32153 3.34592 3.37065 3.39002 3.22829 3.21987 2.76791 2.75729 2.85035 2.85719 2.85719 2.77610 2.48633 2.40007 1.52768 1.60121 1.63710 1.63827 1.63827 1.64013 1.68524 1.74849 1.81177 1.88785 1.99668 2.00635 1.78065 1.69540 1.43258 1.25519 1.24695 1.23872 1.23064 1.22800 1.22800 1.22800 1.22800 1.22800 1.28894 1.38907 1.42174 1.43385 1.45324 1.55492 1.65737 1.72746 1.80062 1.88094 1.95631 1.98011 1.94279
3.88287 3.88093 3.87893 3.87692 3.87543 3.87535 3.87535 3.83121 3.31545 3.31346 3.35171 3.47930 3.62122 3.74533 3.86443 3.98327 4.02603 3.82596 3.55838 3.27102 2.94443 3.01914 3.09385 3.16859 3.21186 2.84389 2.73535 1.94366 1.66928 1.73253 1.79579 1.85919 1.94072 2.01456 2.07089 2.12725 2.17090 2.17396 2.17093 1.90546 1.80069 1.49893 1.25952 1.22800 1.22800 1.22800 1.22800 1.22800 1.22800 1.22800 1.22800 1.22945 1.35583 1.44900 1.55988 1.61388 1.65845 1.79606 1.81200 1.82829 1.93938 1.92976 1.80262 1.80258
