results/OMI_NO2_200507.asc
ncols      200
nrows      200
xllcorner       120.258
yllcorner       41.1236
cellsize     0.0166667
NODATA_Value      -999.000
[rows 0 to 28 of 165, columns 67 to 133 of 200]
0.850610 1.08453 1.14670 1.20281 1.24009 1.27378 1.30476 1.31766 1.32104 1.37023 1.45565 1.46431 1.46429 1.52303 1.52287 1.39457 1.40319 1.40436 1.34544 1.22780 1.20239 1.18005 1.14107 1.14107 1.14107 1.14107 1.19555 1.20788 1.18160 1.15734 1.13663 1.13289 1.18743 1.19323 1.19313 1.19172 1.18296 1.14911 1.09628 0.874024 0.792552 0.840309 1.00028 1.15285 1.44671 1.57255 1.63433 1.66572 1.66578 1.66857 1.67609 1.68932 1.85456 2.20985 2.30934 2.45150 2.31718 2.22018 2.20663 2.34527 2.34144 2.33761 2.33372 2.30886 2.28288 2.23107 1.97303
1.07923 1.27398 1.32536 1.32536 1.32671 1.33634 1.34712 1.35745 1.36747 1.38778 1.50607 1.50772 1.50467 1.50626 1.56084 1.44692 1.40436 1.40436 1.39141 1.25148 1.20239 1.19590 1.12162 1.09818 1.07992 1.06281 1.08504 1.13284 1.13284 1.13284 1.13289 1.14768 1.20752 1.17687 1.09933 1.06622 1.06485 1.11166 1.15798 1.23288 1.42109 1.48355 1.50075 1.51037 1.61772 1.77752 1.80426 1.82899 1.85194 1.87226 1.88979 1.90337 1.91221 2.22461 2.26422 2.40605 2.32002 2.16416 2.15326 2.05728 1.99288 1.93903 1.88613 1.84537 1.81494 1.75637 1.69196
1.18772 1.24017 1.36721 1.37685 1.38514 1.38633 1.38633 1.38633 1.38633 1.38633 1.48116 1.50772 1.50772 1.48596 1.54944 1.50951 1.40434 1.39251 1.37063 1.25030 1.11592 1.09320 1.07134 1.05505 1.05533 1.05686 1.08799 1.17307 1.19367 1.21277 1.23052 1.25486 1.38213 1.37822 1.23661 1.28065 1.36178 1.36586 1.41773 1.53804 1.64143 1.66992 1.68902 1.70974 1.72691 1.90021 1.91360 1.91580 1.91794 1.92000 1.92200 1.92375 1.91958 2.06244 2.18266 2.14047 2.13893 1.94180 1.91429 1.83348 1.77201 1.76751 1.76533 1.76533 1.76512 1.75062 1.77819
1.20892 1.20269 1.38528 1.38633 1.38633 1.38633 1.38633 1.38642 1.38672 1.38703 1.44681 1.50940 1.50728 1.48667 1.45324 1.47465 1.32009 1.29538 1.29376 1.24033 1.12932 1.11760 1.13311 1.12647 1.14480 1.16280 1.18405 1.27050 1.29839 1.32435 1.35228 1.36728 1.48479 1.52292 1.33295 1.29204 1.36106 1.37009 1.41019 1.60743 1.71579 1.74781 1.74770 1.74341 1.73833 1.82277 1.88793 1.88052 1.87326 1.86619 1.85929 1.85276 1.85078 1.88832 2.09838 1.99605 2.05115 1.93673 1.88809 1.86168 1.76459 1.75503 1.74218 1.72838 1.71375 1.71285 1.88559
1.21562 1.20172 1.37478 1.43072 1.43850 1.44627 1.45432 1.46472 1.46760 1.46096 1.44969 1.42694 1.41161 1.40940 1.38190 1.42967 1.37578 1.32519 1.33794 1.33925 1.25223 1.22259 1.24688 1.25149 1.26434 1.28271 1.28571 1.34050 1.36444 1.36103 1.35694 1.35285 1.42366 1.50913 1.42047 1.29995 1.34666 1.39938 1.40200 1.54908 1.66010 1.70324 1.70485 1.70938 1.72018 1.75139 1.85344 1.85541 1.85714 1.85887 1.86064 1.86241 1.86423 1.86604 2.06905 2.06031 2.06555 2.02191 1.90256 1.89856 1.67591 1.66490 1.66767 1.67081 1.67390 1.67698 1.76824
1.22662 1.30044 1.36262 1.48261 1.47152 1.45737 1.44297 1.42610 1.41656 1.41654 1.40526 1.37225 1.34511 1.31847 1.29246 1.40828 1.42359 1.32325 1.31858 1.31439 1.24156 1.30608 1.30392 1.29323 1.27096 1.27500 1.28264 1.33390 1.39157 1.40211 1.41232 1.42224 1.45745 1.56796 1.55430 1.33049 1.32860 1.40872 1.41083 1.50776 1.65894 1.73560 1.76970 1.77790 1.77916 1.77951 1.86091 1.89296 1.89296 1.89296 1.89860 1.93183 1.96763 2.00144 2.09668 2.17998 2.04799 2.12097 1.92832 1.93339 1.73983 1.67815 1.67854 1.67854 1.67854 1.67854 1.69201
1.16288 1.27207 1.23847 1.41649 1.41654 1.40361 1.37903 1.33980 1.29220 1.24504 1.21176 1.19579 1.18214 1.17087 1.16810 1.27141 1.37107 1.31754 1.29235 1.28778 1.24982 1.31451 1.35961 1.36575 1.34625 1.34623 1.34867 1.36857 1.43084 1.43084 1.43084 1.43084 1.43187 1.55132 1.58077 1.42579 1.34468 1.42286 1.46640 1.50678 1.66165 1.73864 1.77867 1.77951 1.77951 1.79470 1.86267 1.98419 2.02004 2.05573 2.08749 2.08853 2.08529 2.08253 2.08456 2.18394 2.03792 2.15181 2.00403 1.94013 1.81982 1.67854 1.67854 1.68930 1.71164 1.73406 1.75646
1.03976 1.09450 1.13951 1.22730 1.19290 1.15661 1.13636 1.13075 1.15358 1.17185 1.17414 1.16742 1.15819 1.15351 1.14014 1.15985 1.26875 1.25544 1.17532 1.15296 1.14438 1.28018 1.37686 1.37686 1.36521 1.34867 1.34867 1.35217 1.42947 1.43402 1.44572 1.45790 1.47005 1.56459 1.63605 1.57129 1.37224 1.39880 1.46800 1.46882 1.65429 1.80207 1.86181 1.90514 1.93472 1.94625 1.94093 2.06544 2.08141 2.07867 2.07640 2.07616 2.07616 2.07616 2.08491 2.14568 1.99208 1.93734 1.93982 1.97871 1.94473 1.72818 1.72367 1.70974 1.68554 1.66222 1.63984
0.902414 0.948584 1.05739 1.13781 1.12141 1.12663 1.12671 1.12663 1.12397 1.12749 1.10725 1.08644 1.05972 1.03949 1.03138 1.03259 1.15170 1.22524 1.15232 1.14438 1.14438 1.20229 1.37325 1.37686 1.37491 1.35726 1.36841 1.37924 1.45834 1.48637 1.48683 1.48683 1.48683 1.53194 1.63649 1.65669 1.48662 1.49507 1.61505 1.66100 1.77434 1.92022 1.96108 1.97425 1.98505 1.99911 2.01444 2.09975 2.17302 2.14849 2.12402 2.09944 2.07495 2.05044 2.01715 2.00970 1.58966 1.46930 1.58558 1.79141 1.76587 1.65941 1.68051 1.70846 1.73750 1.76776 1.80205
0.995483 0.996177 1.04145 1.11649 1.07017 1.04645 1.02403 1.00164 0.994441 1.03751 1.03851 1.03851 1.03305 1.03138 1.03138 1.03138 1.09563 1.20226 1.18490 1.14438 1.14059 1.13764 1.30962 1.33343 1.32072 1.36300 1.39844 1.40010 1.45513 1.51146 1.53439 1.55733 1.58028 1.61434 1.82002 1.85599 1.79640 1.72408 1.78575 1.85122 1.91449 1.99834 2.02472 1.98842 1.95213 1.91582 1.87904 1.85032 1.95624 1.94165 1.92320 1.90479 1.88636 1.86793 1.84952 1.83122 1.53314 1.28236 1.45736 1.67220 1.79615 1.85324 1.91316 1.92255 1.93196 1.94136 1.94790
0.995495 0.995495 1.01660 1.04814 1.00381 0.992193 0.992193 0.992193 0.992193 1.02804 1.03851 1.03851 1.03512 1.03340 1.04586 1.06450 1.09469 1.22935 1.21754 1.14129 1.14205 1.15248 1.28714 1.40705 1.42733 1.46316 1.55613 1.57927 1.61861 1.66265 1.65892 1.65518 1.64888 1.63654 1.80468 1.87962 1.85598 1.70825 1.70545 1.78745 1.78890 1.75130 1.75680 1.74105 1.72523 1.70950 1.69749 1.69851 1.78087 1.83834 1.84764 1.85728 1.86729 1.87768 1.88847 1.89960 1.73436 1.31869 1.45789 1.67828 1.88248 1.88273 1.94813 1.94813 1.94805 1.94227 1.93323
1.06246 1.06631 1.07618 1.13979 1.09709 1.07350 1.07526 1.07700 1.07878 1.10002 1.12933 1.14524 1.16590 1.24819 1.24781 1.24104 1.23910 1.34019 1.38689 1.33593 1.32593 1.33929 1.39996 1.59310 1.59971 1.59108 1.63749 1.64952 1.63534 1.60140 1.59163 1.58187 1.57466 1.57351 1.68043 1.82904 1.83242 1.72924 1.67865 1.76235 1.80126 1.77452 1.73134 1.73461 1.74131 1.74818 1.75646 1.78362 1.83920 1.90396 1.90396 1.90396 1.90396 1.90396 1.90396 1.90396 1.86756 1.32576 1.35090 1.58718 1.86269 1.84892 1.90545 1.90907 1.90095 1.88576 1.86816
1.10399 1.10193 1.09993 1.14778 1.14565 1.09710 1.09882 1.10727 1.11135 1.12480 1.14699 1.13640 1.13582 1.22866 1.24434 1.24922 1.25408 1.31274 1.46312 1.45035 1.41124 1.42734 1.44686 1.52628 1.52366 1.52028 1.54269 1.59967 1.59953 1.57435 1.57018 1.57027 1.57036 1.57047 1.62325 1.85577 1.86517 1.81466 1.68557 1.72445 1.80871 1.80176 1.78349 1.80227 1.83508 1.87067 1.90130 1.90396 1.90396 1.90396 1.90396 1.90396 1.90396 1.90462 1.92958 1.96660 2.00369 1.52703 1.36385 1.52117 1.71591 1.77742 1.79849 1.82133 1.80091 1.77843 1.76021
1.09849 1.09849 1.10016 1.14099 1.17161 1.11523 1.10073 1.09558 1.09669 1.10395 1.15545 1.17941 1.20233 1.28746 1.34241 1.35429 1.36632 1.37996 1.55813 1.58041 1.51845 1.51242 1.51277 1.50747 1.52228 1.52107 1.52041 1.60200 1.61760 1.59761 1.58410 1.58410 1.58410 1.58410 1.58690 1.84347 1.86517 1.87492 1.74405 1.75291 1.90882 1.96076 1.93098 1.90396 1.90396 1.90396 1.90396 1.90396 1.91061 1.94467 1.98176 2.01880 2.05585 2.09341 2.13563 2.17818 2.22071 1.91711 1.51911 1.47487 1.45131 1.59101 1.62325 1.67520 1.66267 1.66147 1.66137
1.13769 1.17863 1.21188 1.23163 1.24031 1.18849 1.21351 1.24087 1.26587 1.27941 1.28195 1.27485 1.26672 1.29598 1.37483 1.37483 1.37483 1.37810 1.49996 1.62474 1.60085 1.58198 1.59800 1.57331 1.51699 1.51561 1.51561 1.56100 1.61964 1.60630 1.58410 1.58410 1.58627 1.60533 1.62951 1.85941 2.01180 2.04058 1.93411 1.82562 1.90431 1.97339 1.95087 1.92491 1.95982 1.99687 2.03394 2.07097 2.11063 2.15368 2.19623 2.23876 2.28131 2.32269 2.33510 2.33510 2.33510 2.18838 1.44929 1.43934 1.35536 1.51018 1.52743 1.62040 1.61725 1.61625 1.61777
1.11658 1.21414 1.21520 1.21504 1.24797 1.21800 1.26672 1.26606 1.25915 1.25833 1.25833 1.26150 1.27643 1.29811 1.42199 1.44111 1.45712 1.46985 1.49454 1.68373 1.67599 1.61198 1.61161 1.59735 1.52354 1.51561 1.51561 1.52175 1.62563 1.64663 1.64500 1.67240 1.69912 1.70385 1.70385 1.82625 2.04113 2.03850 1.98370 1.89464 1.95507 2.11792 2.14657 2.14037 2.17172 2.20658 2.22994 2.25322 2.26727 2.25042 2.23120 2.22364 2.23284 2.24221 2.25152 2.26078 2.27015 2.27327 1.75040 1.60628 1.53087 1.48854 1.53771 1.63700 1.66177 1.66521 1.66572
1.08382 1.21000 1.20072 1.19326 1.20177 1.22456 1.23786 1.29227 1.30829 1.32446 1.34046 1.35330 1.35439 1.35439 1.43975 1.47089 1.47089 1.47089 1.47089 1.62141 1.68653 1.63118 1.61161 1.61385 1.56083 1.55971 1.58187 1.60403 1.67525 1.72519 1.70537 1.70384 1.69590 1.66008 1.62148 1.61154 1.78948 1.73731 1.72465 1.85167 1.90162 2.08464 2.17403 2.13423 2.11708 2.13414 2.16264 2.19123 2.21981 2.24838 2.27723 2.31204 2.34064 2.36906 2.39730 2.42578 2.45411 2.48244 2.17171 1.78546 1.81054 1.72919 1.74985 1.69368 1.64019 1.63393 1.62750
1.13568 1.19737 1.19263 1.19263 1.19263 1.24552 1.27791 1.35439 1.35439 1.35439 1.35439 1.35439 1.35439 1.35439 1.40593 1.47089 1.47089 1.47089 1.47089 1.54388 1.71359 1.70674 1.67607 1.69248 1.65252 1.60989 1.60494 1.59144 1.57663 1.62867 1.58096 1.54316 1.51882 1.53347 1.55172 1.56999 1.66593 1.71966 1.74408 1.81936 1.95415 2.07542 2.27701 2.31335 2.35864 2.38582 2.40979 2.43368 2.45718 2.48071 2.50371 2.51071 2.49692 2.44361 2.38999 2.33956 2.29201 2.24691 2.10641 1.71308 1.81657 1.77229 1.76459 1.68896 1.60137 1.60047 1.60047
1.10398 1.18388 1.16616 1.16362 1.16109 1.20740 1.21187 1.31046 1.32299 1.32624 1.32950 1.33273 1.33598 1.33922 1.35705 1.42997 1.44645 1.46294 1.47941 1.49028 1.67691 1.69667 1.61324 1.58155 1.53690 1.43520 1.39711 1.38497 1.39870 1.48090 1.59563 1.69142 1.72969 1.75950 1.78819 1.81688 1.87314 1.91989 1.93056 1.93812 2.06124 2.06737 2.24647 2.26277 2.44739 2.47863 2.45041 2.40013 2.35231 2.30606 2.25683 2.21326 2.19018 2.18768 2.18768 2.18768 2.18768 2.18768 2.16080 1.80841 1.75494 1.81677 1.76223 1.71376 1.62309 1.60641 1.60948
1.20929 1.16723 1.15017 1.15523 1.16146 1.18252 1.24835 1.30032 1.34389 1.34389 1.35048 1.36960 1.38901 1.40840 1.42642 1.46903 1.47561 1.48666 1.50218 1.51768 1.57009 1.57806 1.53159 1.50711 1.51121 1.49550 1.55926 1.59176 1.61471 1.65830 1.78095 1.88169 1.88373 1.87528 1.86005 1.84556 1.84717 1.88449 1.87044 1.86171 1.93110 1.99089 2.06869 2.05564 2.16983 2.20331 2.18067 2.17616 2.17190 2.16812 2.16730 2.16748 2.18480 2.18768 2.18768 2.18768 2.18768 2.18472 2.17559 1.89900 1.70905 1.86809 1.78202 1.77156 1.70038 1.67921 1.70369
1.34293 1.20951 1.19078 1.18063 1.18063 1.18023 1.25704 1.29536 1.39765 1.41705 1.42987 1.43089 1.44273 1.45667 1.46531 1.50090 1.52934 1.52471 1.51366 1.50262 1.49324 1.49412 1.48794 1.49603 1.49738 1.54052 1.63813 1.63945 1.63161 1.62532 1.70942 1.81431 1.80387 1.79826 1.79826 1.79826 1.79911 1.85721 1.86154 1.86154 1.88152 1.99156 2.00932 1.98374 2.04095 2.16695 2.16730 2.16730 2.16730 2.16730 2.16730 2.16706 2.16972 2.17146 2.16142 2.15079 2.13952 2.12731 2.11533 1.95086 1.68199 1.80763 1.92290 1.99790 1.89680 1.84325 1.86135
1.43435 1.21672 1.18601 1.15084 1.13704 1.12975 1.18115 1.29688 1.41817 1.43808 1.44783 1.45673 1.45115 1.44370 1.44209 1.45178 1.47953 1.47957 1.48140 1.48318 1.48473 1.48970 1.48549 1.48299 1.47675 1.47566 1.56782 1.60038 1.60038 1.60038 1.64139 1.77664 1.79826 1.79826 1.79826 1.79834 1.80268 1.84907 1.87391 1.87811 1.88151 1.96732 1.99510 1.99906 1.99751 2.15018 2.16544 2.15738 2.14845 2.13909 2.12925 2.11881 2.10919 2.10982 2.09833 2.08643 2.07453 2.06691 2.06678 1.99416 1.79885 1.84386 1.99485 2.11684 2.03700 1.96569 1.97509
1.46477 1.28780 1.24917 1.26949 1.30480 1.33905 1.37261 1.38114 1.44147 1.45074 1.44808 1.44561 1.44621 1.44660 1.44645 1.44234 1.47141 1.46482 1.45673 1.44867 1.44074 1.44232 1.45106 1.45375 1.45846 1.45080 1.53248 1.60038 1.60038 1.60038 1.60704 1.75122 1.80665 1.81298 1.81896 1.82455 1.82656 1.84749 1.88192 1.88192 1.88195 1.92648 1.97483 1.96725 1.93969 2.05253 2.11417 2.10383 2.09362 2.08343 2.07290 2.06253 2.05931 2.06216 2.06409 2.07344 2.08744 2.10145 2.11545 2.11793 1.90109 1.87117 2.06368 2.19799 2.15881 2.04456 1.99070
1.44756 1.42004 1.40021 1.38238 1.36440 1.35834 1.36623 1.36259 1.41733 1.44120 1.43307 1.42501 1.41691 1.40883 1.40091 1.39827 1.42660 1.43829 1.43829 1.43829 1.43829 1.43851 1.44981 1.45130 1.45795 1.45435 1.49097 1.59817 1.61768 1.62789 1.63810 1.73176 1.82656 1.82656 1.82656 1.82734 1.83911 1.85726 1.92665 1.94300 1.95893 1.96913 1.93606 1.94564 1.88410 1.92588 2.05543 2.05996 2.07194 2.08395 2.09626 2.10883 2.12139 2.13753 2.16652 2.16601 2.15671 2.14733 2.13794 2.12856 1.94702 1.83582 1.93090 1.99894 1.97245 1.86479 1.79149
1.37611 1.36770 1.36127 1.37538 1.39515 1.42286 1.45144 1.47899 1.48236 1.39438 1.39827 1.39827 1.39827 1.39827 1.39827 1.39827 1.41504 1.43829 1.43829 1.43829 1.43829 1.43829 1.44691 1.46151 1.47284 1.48137 1.49956 1.59275 1.62725 1.62314 1.62151 1.65966 1.82522 1.83761 1.84994 1.86113 1.86790 1.87634 1.96605 1.99275 1.99428 1.98927 1.95367 1.92154 1.84281 1.83475 2.10837 2.11641 2.10738 2.09832 2.08929 2.08022 2.07116 2.06206 2.05669 2.05270 2.07816 2.11676 2.11232 2.09722 1.97396 1.81256 1.78416 1.78874 1.88505 1.87071 1.85377
1.45682 1.48167 1.50101 1.52236 1.51846 1.51633 1.51808 1.52345 1.51159 1.43183 1.41355 1.41512 1.41924 1.42528 1.43134 1.43739 1.44659 1.44285 1.44621 1.45318 1.46017 1.46715 1.47391 1.48335 1.48456 1.49678 1.51024 1.60979 1.69774 1.71599 1.73296 1.74489 1.82167 1.84044 1.84056 1.84150 1.84029 1.83740 1.88744 1.93211 1.93648 1.94230 1.94101 1.92889 1.93041 1.88531 2.03070 2.02439 2.02439 2.02963 2.06217 2.09998 2.13965 2.18065 2.20423 2.13733 2.09430 2.04191 2.03185 2.03185 1.98763 1.79424 1.77043 1.76817 1.86225 1.85144 1.86649
1.47109 1.47470 1.52175 1.59162 1.59489 1.59223 1.59729 1.60320 1.58757 1.54834 1.49562 1.50015 1.50208 1.50353 1.51174 1.52081 1.52987 1.49085 1.48538 1.48538 1.48648 1.48905 1.49163 1.53313 1.56456 1.59095 1.61667 1.70368 1.75497 1.75860 1.76416 1.76246 1.79072 1.85099 1.85681 1.86211 1.86708 1.89035 1.94099 2.04158 2.06737 2.09316 2.11710 2.10113 2.09323 2.04092 2.14693 2.19887 2.24320 2.28194 2.28581 2.28473 2.28366 2.28322 2.27305 2.04806 2.03185 2.03185 2.03185 2.03185 2.03044 1.82382 1.76927 1.73735 1.76819 1.78217 1.80506
1.52700 1.52738 1.54652 1.62658 1.63429 1.62670 1.62471 1.62465 1.61067 1.60844 1.51489 1.52494 1.53401 1.54163 1.54249 1.54377 1.54636 1.51993 1.51417 1.53758 1.55990 1.58076 1.60154 1.64704 1.71638 1.74653 1.78136 1.81974 1.80070 1.76557 1.77017 1.79162 1.81332 1.90512 1.93347 1.95420 1.97106 1.97016 1.96931 2.11275 2.12212 2.12212 2.12212 2.11182 2.09456 2.13577 2.22382 2.29032 2.28327 2.28322 2.28322 2.28322 2.28322 2.28322 2.28322 2.14192 2.03185 2.03185 2.03185 2.03185 2.04058 1.95495 1.90259 1.87104 1.93416 1.80991 1.79477
1.52738 1.53458 1.55878 1.65886 1.70003 1.74014 1.78739 1.79769 1.74610 1.74974 1.61193 1.58323 1.60665 1.63002 1.64056 1.65958 1.67759 1.67848 1.64086 1.63882 1.63680 1.63479 1.63288 1.63344 1.69698 1.71466 1.77012 1.81014 1.86246 1.86433 1.88255 1.88335 1.88230 1.91836 1.95666 1.95666 1.95666 1.95666 1.95666 2.06803 2.12101 2.12020 2.11940 2.11713 2.09220 2.09908 2.18254 2.29406 2.28322 2.28322 2.28322 2.28322 2.28322 2.28322 2.28322 2.27368 2.12840 2.19419 2.26104 2.32792 2.38600 2.31141 2.16303 2.09418 2.05671 1.95046 1.79210
