results/OMI_NO2_200502.asc
ncols      200
nrows      200
xllcorner       120.258
yllcorner       41.1236
cellsize     0.0166667
NODATA_Value      -999.000
[rows 29 to 57 of 164, columns 0 to 64 of 200]
0.738867 0.598650 0.472493 0.448436 0.432944 0.408125 0.394992 0.416657 0.423973 0.434284 0.444029 0.452472 0.460793 0.462299 0.462299 0.462299 0.511333 0.778120 0.783862 0.800852 0.818547 0.797187 0.800664 0.800498 0.749364 0.658197 0.623591 0.615389 0.621661 0.686871 0.752398 0.779645 0.819861 0.836208 0.841316 0.844524 0.808818 0.802815 0.813076 0.831922 0.864474 0.961816 0.957228 0.952710 0.948266 0.992545 1.10911 1.10726 1.12381 1.14534 1.12961 1.01351 0.974022 0.953917 0.948296 1.03658 1.19814 1.17181 1.09583 1.12992 1.12802 1.05775 1.05845 1.03993 0.973038
0.779186 0.647368 0.475594 0.422215 0.430962 0.444912 0.456550 0.487052 0.494530 0.495462 0.495074 0.489431 0.490221 0.491029 0.493331 0.509179 0.529391 0.825587 0.913440 0.896436 0.877817 0.833627 0.792948 0.775422 0.724741 0.661781 0.668434 0.686719 0.690768 0.712965 0.783099 0.782533 0.784288 0.828832 0.842600 0.844772 0.833071 0.798126 0.808236 0.821405 0.858850 0.939147 0.952765 0.955625 0.968264 0.988612 1.18168 1.23885 1.24925 1.25440 1.25781 1.10516 1.01022 0.997148 0.980117 1.00407 1.23262 1.27818 1.22680 1.20509 1.22611 1.12999 1.09682 1.10682 1.04030
0.606604 0.605049 0.485098 0.453563 0.469307 0.468085 0.462918 0.471979 0.488333 0.483569 0.478942 0.481712 0.495564 0.513616 0.531264 0.535441 0.536638 0.627392 0.764696 0.760909 0.741315 0.708855 0.646925 0.623248 0.617242 0.607081 0.696553 0.736324 0.764684 0.778610 0.789395 0.792822 0.795752 0.821406 0.847328 0.853770 0.854323 0.830276 0.883010 0.883078 0.932734 1.00054 1.06348 1.08739 1.09578 1.09578 1.20707 1.33166 1.33166 1.33166 1.33166 1.24185 1.02797 1.01348 0.984363 0.984224 1.17482 1.32888 1.32457 1.25418 1.25139 1.17574 1.02086 0.977135 0.932731
0.502719 0.501671 0.437082 0.398152 0.413109 0.409874 0.409638 0.417573 0.475741 0.504097 0.528896 0.517843 0.510599 0.511594 0.510693 0.508989 0.493773 0.488971 0.671502 0.671456 0.680863 0.695052 0.670878 0.687132 0.707073 0.718621 0.751257 0.794417 0.794417 0.794417 0.800431 0.804944 0.804944 0.815154 0.850413 0.856453 0.868867 0.863242 0.940114 0.963825 0.986587 1.01623 1.09578 1.09578 1.09578 1.09578 1.11675 1.32658 1.34335 1.34946 1.31797 1.25137 1.05872 1.01041 0.973375 0.956114 1.04507 1.29667 1.25553 1.11041 1.01732 1.00563 0.931596 0.908918 0.908918
0.388114 0.467063 0.445928 0.407082 0.448490 0.480795 0.508869 0.534278 0.553393 0.567669 0.573373 0.557570 0.518203 0.500781 0.483491 0.475869 0.486582 0.498396 0.654645 0.763409 0.777800 0.791365 0.750871 0.724251 0.724251 0.723142 0.723162 0.789576 0.794956 0.800861 0.810183 0.828221 0.837552 0.856130 0.917687 0.936328 0.944771 0.938028 0.969614 0.990745 0.990932 0.994164 1.08893 1.09347 1.08336 1.05406 1.01485 1.13999 1.16361 1.11034 1.08640 1.05455 0.986090 0.892108 0.843418 0.797758 0.787120 1.10911 1.14955 1.12037 0.996761 1.00463 0.974848 0.898266 0.890724
0.385184 0.529628 0.539372 0.512633 0.555011 0.587248 0.594595 0.593434 0.570569 0.558884 0.537639 0.520149 0.493516 0.505256 0.521601 0.541506 0.559940 0.579021 0.634054 0.795348 0.795348 0.795348 0.773304 0.733468 0.740824 0.748089 0.751582 0.798457 0.839608 0.847462 0.857873 0.882386 0.897324 0.899000 0.929702 0.944470 0.944814 0.945004 0.954507 0.973852 0.955839 0.921608 0.941168 0.936678 0.899614 0.873995 0.855908 0.893088 0.956876 0.905755 0.854634 0.821541 0.821609 0.782646 0.782135 0.776942 0.776756 0.981225 1.14564 1.12658 1.01128 0.963845 0.961623 0.899263 0.883907
0.413888 0.501256 0.542119 0.536922 0.511666 0.538388 0.521994 0.511932 0.527410 0.560242 0.579500 0.597245 0.572794 0.587712 0.600822 0.602042 0.599463 0.593811 0.587940 0.746662 0.785621 0.783207 0.773521 0.764701 0.770713 0.774089 0.782395 0.798809 0.873934 0.879068 0.879068 0.885791 0.898343 0.895466 0.910581 0.931468 0.915260 0.894171 0.878424 0.864975 0.849110 0.825864 0.820163 0.850841 0.851885 0.857216 0.861226 0.861335 0.827230 0.820863 0.820863 0.820863 0.819611 0.780742 0.774371 0.764583 0.757059 0.823047 1.09763 1.10413 1.08273 0.973613 0.976440 0.953879 0.888266
0.428714 0.424861 0.424187 0.392156 0.422808 0.558634 0.579502 0.594070 0.612976 0.633429 0.651364 0.650584 0.605681 0.580533 0.574154 0.567524 0.563884 0.563884 0.563884 0.653373 0.781353 0.782843 0.793860 0.781596 0.801696 0.808704 0.808643 0.802993 0.849194 0.871912 0.868419 0.857007 0.856712 0.844634 0.836848 0.866556 0.861580 0.845334 0.835145 0.821636 0.809813 0.807924 0.783524 0.835120 0.831857 0.827822 0.823799 0.819764 0.797889 0.771118 0.765514 0.748687 0.732206 0.699241 0.693036 0.686467 0.679989 0.676032 0.979346 1.01659 1.00524 0.913873 0.886324 0.933007 0.882572
0.422496 0.455522 0.421114 0.417162 0.448107 0.591826 0.625246 0.628385 0.621217 0.613795 0.622117 0.623826 0.598164 0.563883 0.563884 0.563884 0.563884 0.564032 0.572348 0.598608 0.807642 0.826897 0.825643 0.800324 0.806047 0.809365 0.807237 0.806721 0.827533 0.857375 0.849912 0.852079 0.871482 0.880688 0.875988 0.821714 0.806193 0.802797 0.788874 0.808816 0.782355 0.786814 0.768302 0.764532 0.749637 0.739952 0.730588 0.720057 0.706731 0.669263 0.661754 0.660885 0.660885 0.645916 0.649060 0.652770 0.654958 0.657206 0.832739 1.00786 1.00821 0.981302 0.897257 0.935448 0.909488
0.316076 0.453565 0.544295 0.524400 0.527064 0.578607 0.616494 0.611075 0.611075 0.611075 0.619257 0.629556 0.624212 0.579112 0.590536 0.608948 0.629112 0.652210 0.666931 0.676835 0.818966 0.896115 0.892094 0.879575 0.858802 0.867922 0.877266 0.878636 0.882061 0.893363 0.901425 0.909080 0.918596 0.927700 0.905560 0.859667 0.830340 0.834579 0.829280 0.874422 0.830992 0.830992 0.820872 0.745374 0.693862 0.692194 0.690655 0.689881 0.689881 0.671738 0.660885 0.660885 0.660885 0.659655 0.669698 0.689391 0.687255 0.684956 0.740806 0.934307 0.881114 0.831689 0.721001 0.669996 0.712106
0.206749 0.486972 0.593852 0.558777 0.549159 0.559589 0.632960 0.623537 0.622599 0.622487 0.622887 0.642684 0.656831 0.669292 0.699827 0.704191 0.706698 0.697636 0.684754 0.683438 0.740231 0.901685 0.918008 0.907807 0.864291 0.861625 0.848360 0.839364 0.911494 0.943787 0.961547 0.961547 0.961547 0.978535 0.944153 0.907625 0.845277 0.845277 0.841931 0.865858 0.838230 0.803411 0.791067 0.759272 0.689881 0.689881 0.689881 0.689881 0.689881 0.683528 0.660885 0.661242 0.661782 0.654778 0.642785 0.687251 0.697026 0.706252 0.724862 0.734272 0.727476 0.739939 0.736503 0.706375 0.767494
0.240783 0.399754 0.465292 0.538860 0.507548 0.507793 0.568721 0.600436 0.621684 0.640764 0.658001 0.664871 0.662727 0.661049 0.676821 0.676229 0.682084 0.696688 0.706088 0.692782 0.673603 0.828644 0.837040 0.831420 0.830539 0.847151 0.848692 0.848692 0.881723 0.940155 0.958659 0.961547 0.961354 0.968794 0.964655 0.929668 0.844245 0.853091 0.864710 0.816162 0.846196 0.776013 0.776013 0.775923 0.699438 0.689881 0.689866 0.689461 0.684133 0.672032 0.640209 0.633926 0.635012 0.643230 0.650217 0.708771 0.737203 0.748269 0.759663 0.810315 0.774417 0.774417 0.774417 0.727648 0.749985
0.240555 0.328667 0.461270 0.554579 0.535488 0.537093 0.559470 0.619223 0.659809 0.661855 0.662348 0.667154 0.642569 0.656864 0.693130 0.680620 0.660518 0.643611 0.640823 0.648632 0.655937 0.725013 0.829638 0.829638 0.829638 0.840847 0.846534 0.843790 0.843813 0.928714 0.945389 0.958488 0.964907 0.981712 1.02109 0.991179 0.902828 0.877752 0.877752 0.848773 0.871275 0.779030 0.775229 0.769058 0.704861 0.662674 0.651622 0.647839 0.653510 0.664599 0.663405 0.680357 0.692819 0.705281 0.711345 0.722983 0.768781 0.768781 0.768781 0.811530 0.778549 0.776248 0.798835 0.808589 0.802369
0.240555 0.248828 0.477888 0.520000 0.567697 0.538580 0.539625 0.620739 0.677167 0.699977 0.697891 0.687751 0.638995 0.622392 0.650515 0.667470 0.674246 0.678232 0.678121 0.678121 0.678121 0.665904 0.827080 0.829638 0.829638 0.829645 0.830718 0.837395 0.846682 0.906888 0.964894 1.00729 1.01874 1.01881 1.03289 1.01802 0.904153 0.817436 0.782304 0.736051 0.664736 0.699648 0.710696 0.705664 0.698047 0.653573 0.652057 0.643371 0.629390 0.616765 0.619820 0.711851 0.716941 0.716941 0.716628 0.701629 0.762666 0.769722 0.789872 0.845023 0.876514 0.876313 0.882130 0.882122 0.826004
0.240555 0.240555 0.402230 0.492871 0.574370 0.620722 0.658332 0.668835 0.648307 0.683067 0.691321 0.693719 0.675792 0.646100 0.658799 0.678121 0.678121 0.678121 0.678121 0.678121 0.678121 0.663918 0.771632 0.837677 0.845150 0.860956 0.878468 0.891457 0.901738 0.911429 0.976328 0.958734 0.931502 0.892259 0.857366 0.810390 0.719831 0.651258 0.641699 0.642542 0.641957 0.654020 0.706521 0.704079 0.691099 0.628886 0.629676 0.633434 0.637286 0.641182 0.645160 0.715442 0.765063 0.770286 0.790006 0.808940 0.882756 0.963184 0.984127 0.994067 0.988518 0.942719 0.952523 0.962579 0.944367
0.240555 0.240555 0.294509 0.531730 0.629730 0.689025 0.693083 0.683197 0.640379 0.660602 0.672345 0.670862 0.668498 0.630465 0.629697 0.653019 0.651711 0.650417 0.651252 0.660365 0.669817 0.682650 0.717067 0.837686 0.846728 0.830620 0.801629 0.772768 0.744092 0.716520 0.731968 0.755933 0.741012 0.741301 0.739838 0.716505 0.725926 0.674386 0.677069 0.676887 0.681274 0.679853 0.749213 0.758433 0.758433 0.706367 0.692564 0.699793 0.707211 0.714840 0.732336 0.800752 0.952977 1.00201 1.03516 1.00671 0.981563 1.05829 1.05923 1.05923 1.05913 0.995478 0.983691 0.971975 0.954517
0.240555 0.241027 0.242198 0.428392 0.518087 0.558268 0.586004 0.581595 0.585152 0.599014 0.631414 0.631986 0.631986 0.613276 0.598810 0.630042 0.644403 0.656575 0.673738 0.685056 0.700621 0.712832 0.702593 0.715003 0.687494 0.680882 0.686383 0.695706 0.706492 0.716476 0.734957 0.761145 0.739757 0.745562 0.763140 0.771553 0.804090 0.707271 0.707680 0.709496 0.705927 0.724392 0.717614 0.758433 0.758433 0.758433 0.763719 0.797383 0.835254 0.873126 0.900730 0.902051 1.01002 1.03852 1.03852 1.02697 0.973793 1.03887 1.06205 1.04679 1.02948 0.978264 0.931705 0.937383 0.948661
0.245535 0.245932 0.242628 0.318866 0.465875 0.499375 0.563187 0.570604 0.571529 0.582558 0.611808 0.635778 0.646558 0.653126 0.638944 0.684238 0.724283 0.740616 0.749634 0.757201 0.761242 0.766041 0.766623 0.740929 0.742058 0.750242 0.759319 0.767398 0.781811 0.813817 0.844525 0.840075 0.833130 0.810383 0.801441 0.790172 0.799569 0.727139 0.679326 0.670493 0.670452 0.751668 0.688502 0.770135 0.794025 0.840436 0.897857 0.902051 0.902051 0.902051 0.902051 0.902051 0.954987 1.03852 1.03165 1.00570 0.927746 0.932469 0.975546 0.976592 0.979017 0.977866 0.954567 0.952778 0.950863
0.261234 0.261252 0.264589 0.279936 0.458854 0.510282 0.574519 0.614769 0.627401 0.651996 0.674228 0.717462 0.734368 0.750511 0.728008 0.731475 0.774373 0.774718 0.776269 0.780633 0.783555 0.785992 0.790507 0.766096 0.749728 0.772745 0.795832 0.810261 0.813421 0.800984 0.789155 0.764853 0.736694 0.737653 0.747870 0.747063 0.758806 0.735334 0.647862 0.623094 0.582134 0.573414 0.650482 0.797352 0.814249 0.830007 0.902051 0.902051 0.902051 0.902051 0.885244 0.848511 0.835875 0.942044 0.946431 0.966843 0.953454 0.943598 0.970423 0.978190 0.976276 0.974359 0.952871 0.944954 0.944954
0.290561 0.290561 0.290561 0.290539 0.406125 0.545143 0.618251 0.659969 0.665966 0.673479 0.673198 0.712248 0.726736 0.724092 0.716010 0.700376 0.749526 0.758172 0.766097 0.771407 0.776543 0.790705 0.809171 0.809220 0.786045 0.777106 0.769008 0.765778 0.765778 0.763243 0.756683 0.747862 0.709637 0.707975 0.708719 0.695716 0.681316 0.645165 0.543279 0.500786 0.500786 0.511086 0.564851 0.762249 0.812717 0.801448 0.844210 0.836539 0.820065 0.803626 0.807794 0.838903 0.852036 0.943603 1.00061 0.998375 0.973959 0.937098 0.947725 0.972128 0.972130 0.972130 0.962589 0.944954 0.944599
0.285365 0.284924 0.284500 0.284105 0.332127 0.501144 0.591527 0.633761 0.649104 0.653189 0.666436 0.681370 0.728200 0.737265 0.743565 0.721733 0.757229 0.775421 0.793490 0.812608 0.832423 0.840920 0.840907 0.829772 0.772790 0.760263 0.758240 0.756272 0.737026 0.725296 0.712708 0.694200 0.660250 0.641972 0.617087 0.590686 0.594772 0.609585 0.568903 0.498384 0.492999 0.487571 0.515631 0.627261 0.735412 0.734217 0.781936 0.838643 0.853224 0.872856 0.888676 0.897499 0.906085 0.924267 0.993310 0.993361 0.987544 0.936788 0.938174 0.966761 0.972130 0.959327 0.930049 0.877121 0.847566
0.283996 0.283996 0.295664 0.318888 0.339824 0.478797 0.587851 0.622800 0.658464 0.657044 0.673135 0.684584 0.723491 0.734884 0.749532 0.758238 0.790192 0.837661 0.834630 0.831237 0.827948 0.824756 0.821671 0.820408 0.778513 0.753041 0.739262 0.722318 0.682397 0.622748 0.592823 0.568818 0.566257 0.586945 0.595630 0.580005 0.575183 0.602450 0.572163 0.495582 0.475688 0.475319 0.499375 0.554345 0.758988 0.792877 0.819072 0.903954 0.909153 0.909190 0.909190 0.909190 0.909190 0.909190 0.974553 0.993361 0.993361 0.937692 0.901361 0.889918 0.880274 0.864754 0.864722 0.848282 0.837545
0.348758 0.366926 0.375992 0.378106 0.383594 0.437333 0.512913 0.556625 0.602442 0.623948 0.651051 0.711423 0.748477 0.802170 0.803672 0.800754 0.785212 0.832303 0.833740 0.835138 0.836536 0.836654 0.822858 0.805205 0.757998 0.680181 0.644553 0.618993 0.604790 0.575643 0.570870 0.567437 0.564258 0.578007 0.594954 0.563244 0.547792 0.546393 0.564712 0.521451 0.500790 0.513894 0.538266 0.588638 0.725652 0.820369 0.820369 0.888504 0.909190 0.909190 0.909190 0.909190 0.909190 0.904466 0.906542 0.926120 0.893063 0.846190 0.828469 0.823785 0.839639 0.830129 0.818870 0.802568 0.774379
0.385969 0.390888 0.395427 0.398167 0.398948 0.413800 0.538588 0.596158 0.666083 0.769641 0.783183 0.798882 0.803331 0.839681 0.848669 0.848669 0.830952 0.878478 0.867924 0.847602 0.825125 0.781553 0.746836 0.717199 0.691159 0.644868 0.613528 0.609125 0.608202 0.589770 0.569861 0.559920 0.549264 0.544218 0.578797 0.559439 0.492579 0.445556 0.415567 0.426084 0.519950 0.536723 0.539884 0.590299 0.630362 0.790763 0.793132 0.823697 0.882428 0.879344 0.854859 0.824000 0.788141 0.752673 0.742324 0.794172 0.787953 0.773896 0.760474 0.759827 0.778266 0.789959 0.795264 0.801975 0.790065
0.412849 0.420438 0.428019 0.435600 0.442507 0.443718 0.529318 0.589711 0.639908 0.768649 0.785083 0.793116 0.805726 0.820427 0.836836 0.820119 0.795706 0.769176 0.757489 0.728259 0.701202 0.696655 0.698089 0.699938 0.705570 0.673144 0.608891 0.591757 0.580216 0.560045 0.531969 0.522244 0.482035 0.441009 0.455593 0.444581 0.407517 0.413044 0.420111 0.453543 0.502237 0.571262 0.577541 0.599740 0.601635 0.725699 0.764977 0.745397 0.761552 0.728637 0.714699 0.706969 0.703191 0.703191 0.703191 0.739227 0.766319 0.767556 0.776651 0.789395 0.809516 0.833171 0.855993 0.877210 0.913302
0.445276 0.445587 0.445903 0.446226 0.446553 0.446887 0.485916 0.590459 0.644271 0.732797 0.795798 0.777396 0.774142 0.758175 0.773755 0.744407 0.713067 0.673157 0.697445 0.699952 0.703434 0.703211 0.692121 0.678703 0.660853 0.626363 0.569678 0.535607 0.510673 0.477462 0.411125 0.375823 0.372470 0.373478 0.406737 0.472914 0.449975 0.437810 0.437810 0.456465 0.470586 0.564759 0.586205 0.639731 0.687541 0.710819 0.679858 0.680059 0.696506 0.703191 0.703191 0.703191 0.703191 0.706739 0.724888 0.755937 0.832326 0.863928 0.893606 0.922145 0.938478 0.906803 0.910789 0.913397 0.919610
0.445146 0.445146 0.445146 0.445146 0.445146 0.445146 0.445595 0.576380 0.592288 0.571837 0.730978 0.747816 0.763672 0.752584 0.712876 0.675540 0.670390 0.645118 0.666988 0.653331 0.635853 0.619433 0.613420 0.608080 0.586308 0.541236 0.478412 0.396779 0.388832 0.409593 0.393556 0.379474 0.379312 0.377307 0.384391 0.455131 0.462670 0.422493 0.424858 0.471260 0.539904 0.636641 0.724370 0.733607 0.745122 0.744968 0.690627 0.680119 0.694160 0.722916 0.742775 0.763690 0.785781 0.810169 0.838356 0.865184 0.948052 0.985302 0.975596 0.966003 0.968935 0.930818 0.919818 0.919819 0.919819
0.487077 0.488362 0.489282 0.490157 0.490957 0.491763 0.492537 0.561782 0.625621 0.583297 0.701065 0.772071 0.777897 0.756978 0.687526 0.628628 0.604885 0.581770 0.601907 0.604827 0.595374 0.556647 0.513930 0.471213 0.445369 0.445102 0.443672 0.398557 0.375330 0.385473 0.378128 0.366195 0.363847 0.369511 0.381439 0.458737 0.552354 0.555640 0.592403 0.599232 0.611152 0.621777 0.718599 0.722684 0.733504 0.732596 0.734705 0.749250 0.765496 0.810101 0.833565 0.860146 0.889048 0.914502 0.920393 0.924588 0.955561 0.997537 0.991025 0.970515 0.970515 0.952101 0.918652 0.919819 0.925981
0.487192 0.486892 0.486892 0.486892 0.486892 0.484788 0.536687 0.647488 0.838701 0.655091 0.608605 0.741447 0.730097 0.716932 0.626437 0.601341 0.575213 0.541290 0.511858 0.484975 0.446632 0.435285 0.427810 0.420340 0.412874 0.405409 0.399364 0.381333 0.344903 0.362796 0.384184 0.406633 0.456633 0.501573 0.540658 0.571315 0.648491 0.626162 0.589750 0.583476 0.583302 0.591991 0.656847 0.717590 0.747044 0.753983 0.773267 0.817374 0.834140 0.899205 0.923552 0.927056 0.926787 0.921818 0.915965 0.910255 0.907525 0.965830 0.964514 0.939770 0.937515 0.958791 0.945181 0.969402 1.00848
