results/OMI_NO2_200501.asc
ncols      200
nrows      200
xllcorner       120.258
yllcorner       41.1236
cellsize     0.0166667
NODATA_Value      -999.000
[rows 58 to 86 of 187, columns 67 to 133 of 200]
1.99597 1.97502 1.96013 2.02282 2.06910 2.07290 2.14332 2.14302 2.13366 2.13717 2.13791 2.04875 2.09046 2.19925 2.17290 2.17734 2.27648 2.33985 2.25870 2.18884 2.15714 2.14089 2.10648 2.07334 2.04159 2.01108 1.99405 1.99741 1.98984 1.98042 1.97098 2.01301 2.20563 2.44136 2.33860 2.47171 2.59310 2.81629 3.05011 3.15643 3.40569 3.23677 3.08022 3.07818 3.08245 3.07623 3.06939 3.05844 3.02651 2.98495 2.97519 3.28330 3.23645 3.30668 3.37019 3.51688 3.55462 3.57152 3.58874 3.61393 3.74478 3.74266 3.61757 3.44353 3.44254 3.62359 3.61583
2.01135 2.00377 2.00719 2.02626 2.18041 2.09654 2.16383 2.18005 2.14110 2.13865 2.14326 2.11110 2.08327 2.16482 2.13154 2.02919 2.07639 2.15397 2.12430 2.03879 2.00842 1.99421 1.99988 2.00562 2.00278 1.99335 1.98138 1.96806 1.95935 1.94803 1.93670 1.94648 2.03558 2.32791 2.36907 2.38013 2.62964 2.73790 2.86761 2.95744 3.20092 3.19059 2.99700 2.96185 3.02052 2.97015 2.91817 2.88690 2.88396 2.88256 2.88118 3.19932 3.26591 3.27424 3.41048 3.51803 3.63061 3.62298 3.61132 3.59783 3.66493 3.71623 3.61512 3.43472 3.37765 3.56570 3.58888
2.04100 2.00937 2.02101 2.03862 2.25126 2.18469 2.21568 2.29807 2.29392 2.26394 2.24551 2.17787 2.00881 1.98184 1.96242 1.88241 1.91544 1.99585 2.07136 1.99118 1.96627 1.94609 1.92245 1.89728 1.87255 1.85331 1.83425 1.81622 1.80831 1.81854 1.83034 1.84269 1.91499 2.22244 2.40663 2.35497 2.52978 2.58450 2.58357 2.74207 2.81595 2.90736 2.71906 2.66514 2.82774 2.87382 2.87300 2.87098 2.87139 2.88564 2.90340 3.11239 3.33277 3.26346 3.34008 3.34885 3.50206 3.49160 3.48048 3.45299 3.44293 3.52447 3.48053 3.38542 3.32197 3.49764 3.60793
2.20473 2.16247 2.16917 2.16912 2.32172 2.37457 2.27448 2.36230 2.32558 2.04660 2.00559 1.98038 1.91488 1.91462 1.94076 1.92371 1.90588 1.95874 2.05449 1.90232 1.78709 1.77723 1.77113 1.78018 1.79865 1.81808 1.83750 1.85437 1.85298 1.83540 1.81663 1.79842 1.79378 1.95045 2.17021 2.23483 2.27599 2.33932 2.24886 2.34957 2.45512 2.71109 2.62151 2.56198 2.66719 2.76734 2.77822 2.79024 2.79998 2.79590 2.78826 2.85842 3.19777 3.15497 3.14618 3.14473 3.25239 3.26954 3.24893 3.24650 3.24638 3.32206 3.35309 3.26753 3.16481 3.33640 3.57890
2.35497 2.29241 2.25681 2.23807 2.27021 2.29608 2.13983 2.16571 2.22435 2.03728 1.92855 1.92372 1.91999 1.90092 1.90482 1.88012 1.83329 1.90283 1.94462 1.90131 1.83848 1.85679 1.85687 1.84058 1.82310 1.80611 1.78946 1.77476 1.77035 1.76689 1.75409 1.73059 1.70480 1.77140 1.97051 2.09440 2.18704 2.24653 2.24006 2.26188 2.43935 2.61455 2.65714 2.56899 2.63326 2.78651 2.78641 2.78621 2.78602 2.77916 2.75732 2.73835 3.06413 3.08200 3.02493 3.06280 3.12567 3.22215 3.21879 3.21544 3.21220 3.23916 3.32043 3.27962 3.14908 3.21717 3.51173
2.32875 2.32366 2.26895 2.26038 2.25518 2.23940 2.16272 2.08112 2.17965 2.12241 1.88254 1.84962 1.81465 1.78309 1.79613 1.80433 1.81090 1.85242 1.86118 1.88600 1.80105 1.79517 1.77800 1.76372 1.74521 1.72570 1.70563 1.67751 1.65185 1.62845 1.61311 1.60769 1.60248 1.63165 1.77075 1.90710 2.07568 2.08577 2.11415 2.10235 2.23675 2.35564 2.55411 2.58813 2.60078 2.77715 2.76247 2.74438 2.72627 2.71484 2.71838 2.71972 2.90863 3.06197 3.00611 3.04544 3.06053 3.20757 3.19688 3.17340 3.15043 3.13279 3.28405 3.31839 3.21021 3.19038 3.55195
2.26929 2.35311 2.26037 2.24123 2.22399 2.15527 2.13052 1.99144 2.02151 2.05890 1.84379 1.76760 1.76294 1.75206 1.74766 1.76741 1.77158 1.71908 1.62521 1.63748 1.57578 1.59821 1.59256 1.57919 1.56820 1.55856 1.54991 1.54938 1.54950 1.55164 1.56497 1.58025 1.59598 1.61292 1.74480 1.82259 2.03999 2.10582 2.16985 2.15091 2.18475 2.32048 2.48821 2.53647 2.52579 2.67445 2.71972 2.71972 2.71972 2.71972 2.72321 2.73267 2.82599 3.09866 3.07095 3.06463 3.06973 3.12382 3.15007 3.15566 3.16070 3.16113 3.23541 3.35653 3.28601 3.20080 3.48970
2.07763 2.23025 2.17649 2.15466 2.14138 2.09956 2.08193 1.98807 1.90572 2.00775 1.92720 1.73380 1.73085 1.72689 1.71693 1.74608 1.75005 1.70205 1.60030 1.56761 1.53970 1.55666 1.55037 1.54931 1.55231 1.56614 1.58148 1.59723 1.61348 1.63052 1.64541 1.67463 1.70925 1.73777 1.81985 1.86846 1.99864 2.11729 2.14170 2.14682 2.13113 2.25658 2.37352 2.50249 2.52661 2.63955 2.75273 2.76900 2.78526 2.80100 2.80019 2.78526 2.77669 3.05718 3.07347 3.03026 3.05984 3.09399 3.16113 3.16117 3.16142 3.16168 3.16903 3.34229 3.33269 3.18054 3.35906
1.92868 2.09836 2.10931 2.09492 2.08810 2.06582 2.04327 2.03206 1.88192 1.95055 1.99606 1.77184 1.72802 1.72802 1.71968 1.72307 1.72824 1.69213 1.59084 1.52096 1.55456 1.55547 1.59850 1.61477 1.63177 1.64547 1.65840 1.67925 1.71365 1.74548 1.76699 1.77046 1.76527 1.75964 1.77424 1.80824 1.90566 2.08950 2.10222 2.14406 2.17580 2.24295 2.40404 2.59488 2.65560 2.71570 2.81371 2.79191 2.76972 2.74804 2.73943 2.73897 2.73897 2.95099 3.07600 3.03418 3.04444 3.03821 3.11520 3.09955 3.07217 3.04495 3.00989 3.05540 3.11075 3.06684 3.13094
1.88171 2.00581 2.08769 2.08117 2.08055 2.07126 2.04271 2.04271 1.95053 1.89448 1.99707 1.88325 1.70694 1.69471 1.68035 1.67786 1.75093 1.77378 1.70518 1.60485 1.64273 1.60302 1.67858 1.69965 1.73367 1.76261 1.79106 1.80772 1.80937 1.81080 1.81255 1.81836 1.81809 1.81177 1.79478 1.84470 1.94481 2.12186 2.20446 2.25487 2.41009 2.42937 2.56130 2.65811 2.74009 2.71102 2.69064 2.67405 2.65834 2.64314 2.62845 2.61297 2.60264 2.74825 2.97052 2.95736 2.82817 2.78677 2.80161 2.80447 2.78919 2.77391 2.76388 2.77613 2.89825 3.00175 3.01268
1.84941 1.94877 2.08784 2.08369 2.08055 2.07949 2.04387 2.06039 2.05710 1.88747 1.83757 1.77316 1.70335 1.70240 1.70544 1.71371 1.81648 1.87834 1.82636 1.69536 1.68892 1.76858 1.87263 1.89701 1.89811 1.89525 1.88255 1.86767 1.85406 1.84029 1.82635 1.81696 1.82383 1.83684 1.83707 1.89708 2.07033 2.17981 2.29647 2.29540 2.38840 2.43080 2.48225 2.55613 2.69140 2.70809 2.71915 2.73452 2.74987 2.76483 2.77998 2.79694 2.80907 2.88257 3.22255 3.26310 2.99180 2.88062 2.90453 2.96610 2.96699 2.96792 2.97155 2.97221 3.08549 3.25526 3.26311
1.77072 1.89890 2.08292 2.09868 2.11923 2.11535 2.07670 2.04195 2.02327 1.91848 1.82092 1.77359 1.73652 1.69855 1.69736 1.73832 1.80797 1.91832 1.90102 1.79030 1.72822 1.77859 1.83902 1.84343 1.82701 1.81684 1.82365 1.83671 1.84971 1.86405 1.87908 1.88909 1.89683 1.90715 1.93693 1.99263 2.24189 2.39736 2.44949 2.40582 2.46233 2.60895 2.62546 2.73648 2.78870 2.85911 2.85810 2.85710 2.85361 2.84405 2.83360 2.82302 2.81221 2.82031 3.10211 3.24889 3.10851 2.84563 2.83458 2.89341 2.88654 2.87289 2.85927 2.84561 2.86694 3.04506 3.09271
1.69355 1.90351 2.06688 2.11115 2.07030 2.06657 2.05590 2.05353 2.05393 2.02971 1.85646 1.78581 1.75828 1.69737 1.69502 1.70390 1.76556 1.86734 1.90579 1.85614 1.77763 1.81756 1.90809 1.91875 1.93740 1.96277 1.98341 2.00449 2.02594 2.04692 2.08776 2.14533 2.20390 2.26343 2.29084 2.24861 2.42221 2.57011 2.65704 2.56678 2.58279 2.73252 2.74855 2.81414 2.81176 2.81044 2.81186 2.81368 2.81529 2.82153 2.82917 2.83735 2.84626 2.86099 2.97089 3.07750 3.10633 2.75538 2.74355 2.78461 2.81608 2.81262 2.79835 2.78068 2.76087 2.87150 3.01872
1.54577 1.79820 1.94455 2.04922 2.02483 2.00157 2.00077 2.02418 2.00737 1.98660 1.87040 1.80208 1.77278 1.72313 1.68298 1.67412 1.72262 1.79614 1.86489 1.93263 1.98570 2.04366 2.16822 2.21625 2.24461 2.25717 2.28505 2.33219 2.38420 2.43885 2.46279 2.46425 2.46425 2.46425 2.46425 2.41690 2.49232 2.74632 2.77780 2.72896 2.64494 2.73364 2.83460 2.85115 2.92831 2.86644 2.88139 2.87693 2.87527 2.87527 2.87527 2.87527 2.87527 2.87421 2.91789 3.01698 3.08212 2.79757 2.65451 2.65336 2.74170 2.72262 2.71435 2.70947 2.70677 2.76069 2.97376
1.60214 1.79637 1.93713 1.94484 1.95343 1.91266 1.89318 1.93427 1.90478 1.88023 1.86097 1.79769 1.74044 1.72387 1.66984 1.67549 1.70938 1.77409 1.89365 1.98843 2.10519 2.18719 2.25154 2.35841 2.39613 2.43952 2.46237 2.46425 2.46425 2.46425 2.46425 2.46425 2.46433 2.46522 2.45008 2.42231 2.45321 2.66914 2.71821 2.81180 2.66834 2.69120 2.85264 2.84999 2.87397 2.82141 2.87527 2.87297 2.86121 2.84448 2.82571 2.80690 2.78812 2.76638 2.76662 2.85993 2.92424 2.80092 2.56487 2.56546 2.68759 2.70676 2.70703 2.70965 2.71282 2.71984 2.93142
1.70353 1.72799 1.91934 1.90720 1.88116 1.81810 1.79517 1.85888 1.87859 1.88608 1.89076 1.84242 1.78722 1.75624 1.70644 1.68495 1.68779 1.75583 1.86065 1.97311 2.13185 2.30636 2.34051 2.46277 2.46430 2.46425 2.46425 2.46436 2.46537 2.46658 2.46196 2.43617 2.40839 2.37980 2.36612 2.36060 2.35884 2.56508 2.69503 2.77772 2.69092 2.65533 2.78392 2.79370 2.72626 2.70270 2.77301 2.75801 2.75338 2.74689 2.73287 2.71667 2.70047 2.68827 2.68816 2.78206 2.88585 2.91072 2.58116 2.56658 2.63960 2.71083 2.72085 2.75471 2.79046 2.82753 2.97520
1.89933 1.80530 1.91543 1.88340 1.88361 1.85891 1.81410 1.86064 1.89082 1.89082 1.89082 1.87706 1.81415 1.75857 1.74356 1.70681 1.72803 1.79813 1.89577 2.01577 2.16733 2.28764 2.33677 2.41464 2.46849 2.46789 2.46849 2.44901 2.41254 2.37473 2.33983 2.32347 2.30916 2.29502 2.28120 2.27442 2.27484 2.37604 2.58058 2.61229 2.64511 2.50212 2.43762 2.37130 2.31040 2.40516 2.52825 2.60437 2.69437 2.67994 2.67276 2.66724 2.66171 2.65618 2.65066 2.70736 2.83049 2.86620 2.66438 2.61585 2.66996 2.84077 2.86759 2.86502 2.86084 2.85426 2.86268
1.92439 1.86319 1.88406 1.89089 1.88361 1.88087 1.81779 1.84249 1.89082 1.89082 1.89082 1.89380 1.84950 1.82833 1.84207 1.78352 1.76787 1.78375 1.85442 1.99810 2.11726 2.23583 2.34176 2.23644 2.29832 2.25987 2.22190 2.20043 2.19183 2.18806 2.19626 2.20718 2.21811 2.22909 2.24329 2.26473 2.27877 2.31214 2.46968 2.47041 2.41915 2.29251 2.28797 2.25006 2.22677 2.17904 2.35268 2.47602 2.58099 2.56060 2.54000 2.52058 2.50414 2.48856 2.47321 2.48024 2.59854 2.65426 2.67358 2.67689 2.67600 2.80598 2.83482 2.83054 2.82627 2.82441 2.82441
1.99991 1.90695 1.82783 1.91895 1.88361 1.88361 1.84068 1.82516 1.89974 1.90735 1.91492 1.91952 1.90197 1.84540 1.84629 1.82011 1.77126 1.77204 1.83950 1.93624 2.03662 2.13716 2.25407 2.14518 2.18212 2.20523 2.21573 2.22780 2.24314 2.26464 2.27863 2.29270 2.30726 2.32112 2.29076 2.23468 2.18223 2.10321 2.18589 2.25548 2.23543 2.22097 2.20816 2.13055 2.08323 2.02057 2.07182 2.29328 2.40909 2.44054 2.44399 2.44615 2.43707 2.42535 2.41365 2.40454 2.49630 2.59118 2.68059 2.67890 2.67744 2.75006 2.84503 2.84359 2.84235 2.84087 2.83966
2.09869 1.91585 1.82276 1.92681 1.89147 1.89999 1.89124 1.84571 1.90984 1.91827 1.91871 1.91916 1.91947 1.86108 1.83969 1.83513 1.75476 1.72283 1.74469 1.80460 1.95304 2.12432 2.24612 2.25672 2.21249 2.27846 2.29465 2.30932 2.32079 2.30216 2.26223 2.18519 2.11267 2.03248 1.98575 1.95889 1.93247 1.90804 1.93414 2.07754 2.14062 2.14226 2.14568 2.12555 2.06679 2.08944 2.05697 2.30564 2.46223 2.52149 2.51671 2.51148 2.51343 2.51762 2.52180 2.52619 2.57019 2.64612 2.72192 2.74918 2.76115 2.78147 2.95491 2.94724 2.92828 2.93903 2.95205
2.15004 1.98389 1.89106 1.91221 1.93216 1.91886 1.91827 1.85567 1.87942 1.89459 1.89168 1.88918 1.89637 1.88924 1.80650 1.79846 1.76696 1.74804 1.76828 1.85764 1.99487 2.13176 2.20538 2.27066 2.13044 2.17547 2.16653 2.10684 2.04060 1.98105 1.93469 1.92532 1.91745 1.92077 1.92597 1.92597 1.91763 1.89390 1.86242 1.96712 2.09656 2.17700 2.21262 2.24937 2.19273 2.15995 2.03264 2.20579 2.43734 2.53896 2.53538 2.53331 2.53329 2.53329 2.53329 2.53329 2.55468 2.59911 2.67252 2.74071 2.75587 2.78235 2.85237 2.87683 2.89757 2.89108 2.88203
2.26037 2.20805 2.08363 1.99071 1.94776 1.90065 1.89058 1.85977 1.88978 1.93876 1.95895 1.98845 2.01350 2.02964 1.90384 1.88473 1.89642 1.83435 1.83387 1.89053 1.98179 2.07994 2.06277 2.14951 1.99465 1.96351 1.94286 1.92586 1.91797 1.91973 1.92593 1.91615 1.89966 1.88367 1.86816 1.85314 1.83691 1.83343 1.81727 1.93047 2.11591 2.24654 2.24777 2.25248 2.21630 2.15598 2.07526 2.08892 2.34813 2.53014 2.53325 2.53170 2.53177 2.54208 2.55356 2.56503 2.59105 2.65598 2.65880 2.78016 2.82013 2.83321 2.84854 2.87114 2.87114 2.87021 2.83755
2.40555 2.19632 2.17523 2.06904 1.92252 1.83870 1.85511 1.89877 2.01956 2.06751 2.08644 2.09565 2.09964 2.10340 2.04295 1.91816 1.91816 1.87529 1.84128 1.85644 1.88531 1.96921 1.89055 1.91290 1.88323 1.86138 1.91098 1.89823 1.88229 1.86684 1.85174 1.83555 1.81981 1.80731 1.82020 1.83928 1.86861 1.89246 1.86549 1.89831 2.07025 2.23502 2.25542 2.25755 2.25280 2.17357 2.13364 2.04576 2.28683 2.55116 2.59611 2.60912 2.63176 2.66491 2.69775 2.73054 2.75347 2.78035 2.71081 2.76480 2.81191 2.83321 2.81743 2.80411 2.75676 2.70361 2.65857
2.27704 2.03261 2.10018 2.27695 2.15067 2.00916 1.97256 1.97387 2.05359 2.10241 2.10428 2.10428 2.10428 2.10428 2.10325 1.94763 1.89293 1.83407 1.71738 1.68109 1.73454 1.81813 1.83050 1.83748 1.85309 1.79260 1.81182 1.81846 1.80274 1.78702 1.78821 1.81672 1.85260 1.88771 1.89973 1.90632 1.91297 1.91991 1.91075 1.91194 2.07292 2.25934 2.35421 2.36705 2.40445 2.46546 2.47742 2.34812 2.37941 2.62341 2.69943 2.73062 2.74834 2.74929 2.75760 2.76632 2.77530 2.78691 2.69463 2.64631 2.68476 2.62845 2.57910 2.58757 2.58172 2.57065 2.58118
2.26579 2.04229 2.01729 2.38519 2.22583 2.07246 1.97387 1.97387 2.01577 2.09646 2.10428 2.10428 2.10428 2.10428 2.11364 1.98323 1.82999 1.83467 1.79098 1.76898 1.82753 1.84683 1.75112 1.74856 1.77946 1.75562 1.77321 1.85783 1.90223 1.94970 1.97899 1.99186 2.00516 2.00946 2.00580 2.00142 1.99706 1.99229 1.97402 1.95067 2.07637 2.34801 2.57764 2.65056 2.71752 2.76171 2.75771 2.56874 2.49269 2.62213 2.74363 2.76519 2.79483 2.82104 2.83701 2.81458 2.77302 2.73043 2.60412 2.54510 2.62924 2.61239 2.57238 2.58666 2.62077 2.63212 2.64347
2.27640 2.14347 1.99915 2.22225 2.29618 2.14271 1.98192 1.97387 1.98092 2.08734 2.10886 2.16959 2.25746 2.34942 2.43592 2.44392 2.07173 1.94347 1.90369 1.78806 1.78468 1.78300 1.71883 1.72334 1.80862 1.92374 1.99102 2.01487 2.01266 2.00875 2.00358 1.99373 1.98357 1.98116 1.98116 1.98116 1.98116 2.00373 2.05048 2.08965 2.19921 2.53087 2.76039 2.86049 2.94425 3.07642 3.15281 2.94458 2.61584 2.67343 2.90774 2.89135 2.83049 2.76944 2.70996 2.70544 2.73065 2.75686 2.72373 2.65052 2.67046 2.67131 2.61293 2.62348 2.65819 2.65806 2.65626
2.29066 2.24629 2.00799 2.05530 2.35655 2.18466 2.05396 2.07522 2.17447 2.35411 2.47837 2.50550 2.50075 2.49625 2.49442 2.49339 2.23092 1.99833 1.96835 1.88521 1.92246 2.00231 2.03861 1.93879 1.95064 2.03501 2.02396 2.01122 2.01987 2.02262 2.02524 2.03072 2.04844 2.08962 2.17340 2.27186 2.38733 2.48192 2.53027 2.50886 2.51827 2.76836 2.99191 3.14538 3.14574 3.24613 3.27741 3.13508 2.56620 2.45808 2.63378 2.73720 2.76352 2.79111 2.82235 2.84567 2.85827 2.87088 2.84762 2.72156 2.69181 2.69001 2.62763 2.60662 2.63120 2.64456 2.64477
2.30090 2.26941 2.13222 2.15395 2.62872 2.67272 2.58362 2.40872 2.40328 2.43669 2.61024 2.63516 2.65861 2.68180 2.70236 2.71690 2.68593 2.35592 2.29486 2.30145 2.19923 2.21703 2.23522 2.07064 2.08205 2.14337 2.18388 2.22090 2.23103 2.27586 2.35763 2.46831 2.57290 2.65201 2.65584 2.65177 2.64154 2.62935 2.62935 2.58579 2.59282 2.75484 3.11992 3.07738 2.99170 2.98459 3.00434 2.96105 2.53300 2.45441 2.54103 2.85284 2.86604 2.87865 2.88858 2.88933 2.88933 2.88933 2.88543 2.74425 2.69021 2.70552 2.69236 2.65770 2.67649 2.68566 2.70566
2.39244 2.43709 2.48065 2.48461 2.60103 2.79105 2.69975 2.50334 2.48070 2.49586 2.62970 2.62497 2.63732 2.65337 2.68254 2.74800 2.78929 2.58052 2.38616 2.33861 2.18474 2.14735 2.13204 2.16038 2.41699 2.42984 2.44916 2.52639 2.56264 2.62902 2.65632 2.65225 2.64320 2.62947 2.64304 2.68673 2.73369 2.78314 2.83536 2.87188 2.87585 2.83845 3.11739 2.95192 2.87183 2.87974 2.97539 2.99150 2.62242 2.36799 2.36546 2.78381 2.88933 2.88933 2.89484 2.91309 2.91678 2.90436 2.89196 2.78467 2.83038 2.86306 2.87546 2.81904 2.82594 2.79070 2.78779
