results/OMI_NO2_200910.asc
ncols      200
nrows      200
xllcorner       120.258
yllcorner       41.1236
cellsize     0.0166667
NODATA_Value      -999.000
[rows 60 to 89 of 166, columns 132 to 197 of 200]
2.62655 2.63479 2.66329 2.67731 2.70033 2.72337 2.74487 2.74952 2.74952 2.74843 2.71520 2.51461 2.50275 2.51933 2.53594 2.54226 2.53653 2.52040 2.48172 2.44059 2.35324 2.38518 2.26639 2.26265 2.25821 2.25378 2.24949 2.24827 2.24407 2.07836 2.14142 2.09117 2.08188 2.05772 2.00958 1.95908 1.92089 1.88863 1.86712 1.86658 1.86658 1.86658 1.86662 1.87315 1.87621 2.48928 2.54643 2.54634 2.54634 2.70655 3.31161 3.29866 3.33031 3.35486 3.35501 3.32047 3.14406 2.94768 2.87395 2.95971 2.90662 2.90662 2.90662 2.96091 3.53984 3.55197
2.59653 2.63381 2.72666 2.74952 2.74614 2.72611 2.67275 2.60570 2.53885 2.47306 2.42213 2.42901 2.53587 2.51874 2.47989 2.44096 2.40205 2.37863 2.37840 2.37840 2.33601 2.39357 2.27156 2.24827 2.24827 2.24827 2.24827 2.24827 2.23579 2.09711 2.01038 1.95324 1.89610 1.86936 1.86658 1.86658 1.86658 1.86658 1.86658 1.86658 1.86658 1.86658 1.86658 1.87030 1.87415 2.18181 2.52907 2.44508 2.43673 2.54138 3.33753 3.27902 3.04313 2.81403 2.61880 2.46449 2.45227 2.45227 2.52680 2.89124 2.90662 2.90662 2.90662 2.90662 3.32246 3.55197
2.47962 2.55426 2.57946 2.52229 2.45881 2.41196 2.39844 2.39844 2.39844 2.37950 2.34063 2.30528 2.37485 2.37846 2.37840 2.37840 2.37840 2.37840 2.37840 2.37840 2.36957 2.33877 2.33651 2.24804 2.22476 2.16142 2.09202 2.02268 1.96576 1.95119 1.84641 1.91875 1.86658 1.86658 1.86658 1.86658 1.86658 1.86658 1.86658 1.86658 1.85775 1.81074 1.80236 1.81530 1.83436 1.87903 2.53486 2.38986 2.19998 2.03541 2.43838 2.45235 2.45227 2.45227 2.49342 2.61610 2.74105 2.86586 2.92630 2.91783 2.90662 2.91826 2.94237 2.96644 3.13583 3.55197
2.13653 2.36706 2.40020 2.39844 2.39843 2.37769 2.33875 2.29983 2.26091 2.24094 2.24094 2.24109 2.30408 2.37840 2.37840 2.37840 2.37840 2.37840 2.37840 2.36596 2.32500 2.21454 2.21535 2.01409 1.96389 1.95788 1.95788 1.95788 1.95788 1.95788 1.89115 1.91119 1.86717 1.86658 1.86572 1.83037 1.79891 1.81019 1.82246 1.83473 1.85581 1.91510 1.92870 1.87635 1.82095 1.76314 1.81039 1.72321 1.70595 1.70595 2.11170 2.59057 2.71545 2.84036 2.92408 2.92630 2.93455 2.95456 2.97462 2.99434 3.01289 3.02522 3.02522 3.02522 3.03092 3.48323
2.07615 2.28664 2.34304 2.29999 2.25910 2.24094 2.24094 2.24094 2.24094 2.24094 2.24094 2.24094 2.25580 2.37449 2.37523 2.34121 2.29948 2.24381 2.15847 2.08466 2.03932 2.01519 2.05499 2.01267 1.95788 1.95788 1.95788 1.95788 1.95788 1.95630 1.93707 1.83267 1.80284 1.83019 1.84336 1.89098 1.93472 1.93575 1.92234 1.86532 1.80494 1.74453 1.69127 1.68322 1.68527 1.69079 1.72353 1.89797 1.94359 2.06849 2.31881 2.89105 2.95300 2.97308 2.99315 3.01325 3.02505 3.02514 3.02514 3.02514 3.02518 3.02522 3.02522 3.02522 3.02522 3.26747
1.96919 2.07011 2.26198 2.25518 2.24094 2.24094 2.24094 2.24094 2.24094 2.24094 2.21970 2.17798 2.13800 2.18379 2.15012 2.09784 2.05330 2.02271 2.02174 2.02174 2.02174 2.02174 2.01094 2.07381 1.95385 1.94436 1.92803 1.91147 1.89487 1.87968 1.86958 1.78997 1.76458 1.93575 1.91401 1.85433 1.79393 1.73357 1.68658 1.68322 1.68322 1.68322 1.68568 1.77039 1.89538 2.02663 2.14829 2.29591 2.23013 2.24529 2.27192 2.84824 3.02514 3.02514 3.02514 3.02514 3.02514 3.02514 3.02514 3.02514 3.02515 3.03379 3.08748 3.14766 3.20792 3.32786
1.94499 2.04561 2.31253 2.32600 2.24094 2.23275 2.19390 2.15216 2.11042 2.06815 2.01916 1.97465 1.93012 1.93423 2.02174 2.02174 2.02174 2.02174 2.02052 2.01336 1.99726 1.97738 1.95040 2.00079 1.90067 1.86792 1.86745 1.86719 1.86696 1.86689 1.83485 1.75416 1.55328 1.70825 1.68390 1.68322 1.68322 1.68322 1.68322 1.74484 1.86970 2.01400 2.25099 2.41847 2.54580 2.47888 2.26306 2.30999 2.33710 2.27882 2.27882 2.58289 3.02097 3.02514 3.02514 3.02514 3.02514 3.04358 3.09329 3.14345 3.19338 3.24435 3.22481 3.15175 3.06819 2.98463
1.90191 2.12470 2.27469 2.28339 2.08460 2.05106 2.03279 1.98888 1.94436 1.90034 1.88429 1.88429 1.88429 1.88438 1.99340 1.98874 1.96887 1.94899 1.93035 1.91761 1.92824 1.98902 2.05286 2.06802 1.95581 1.86553 1.82384 1.76346 1.70310 1.64275 1.61439 1.61439 1.51532 1.57109 1.68322 1.72204 1.85083 2.07396 2.32625 2.51681 2.64414 2.75226 2.76502 2.76502 2.76502 2.72297 2.27594 2.26439 2.37649 2.27888 2.27882 2.36897 2.95945 3.05930 3.10948 3.14839 3.16815 3.15249 3.10118 3.03476 2.96532 2.90818 2.84684 2.83633 2.83633 2.83633
2.07779 2.25638 2.30333 2.17281 1.97312 1.91411 1.88491 1.88390 1.87363 1.86984 1.88101 1.89226 1.90353 1.92387 1.94770 1.91386 1.93035 1.99209 2.05640 2.12059 2.17049 2.17402 2.17402 2.09747 1.85960 1.63886 1.61439 1.61439 1.61439 1.61439 1.61439 1.61461 1.67694 1.94981 2.39899 2.61244 2.73591 2.76502 2.76502 2.76502 2.76502 2.76502 2.76502 2.76502 2.76502 2.76502 2.43412 2.26366 2.33157 2.35161 2.43944 2.54613 2.94427 3.06350 3.00797 2.95024 2.91100 2.88877 2.87095 2.86773 2.86773 2.84607 2.81418 2.83633 2.83633 2.83633
2.13020 2.21847 2.10544 2.03577 1.95344 1.88420 1.89545 1.90711 1.92862 1.94365 1.94375 1.94375 1.96253 2.02494 2.10808 2.12403 2.17147 2.17402 2.17402 2.17402 2.17402 2.17402 2.17402 2.15238 1.84541 1.67354 1.61439 1.66229 1.78697 1.91206 2.03705 2.16185 2.21367 2.45688 2.72461 2.76502 2.76502 2.76502 2.76502 2.76502 2.76502 2.76502 2.76502 2.76657 2.80526 2.83947 2.72719 2.33742 2.36626 2.66633 2.81904 2.79330 2.77727 2.87369 2.86835 2.86773 2.86773 2.85580 2.79130 2.72054 2.64983 2.60067 2.66708 2.83633 2.86097 2.94715
2.33921 2.35045 2.18256 2.10591 2.07608 1.94375 1.94375 1.94375 1.96498 2.02809 2.09238 2.15669 2.20220 2.20391 2.21500 2.19335 2.17402 2.17402 2.17402 2.17402 2.17402 2.17402 2.17147 2.15517 1.94616 1.77912 2.13613 2.21327 2.21363 2.21363 2.21363 2.21363 2.21363 2.32507 2.61945 2.76502 2.76502 2.76502 2.78760 2.85336 2.90739 2.94057 2.97535 3.01056 2.99800 2.99041 2.98319 2.46454 2.37291 2.44828 2.70430 2.72873 2.73015 2.81134 2.80544 2.73470 2.66397 2.60519 2.59898 2.61500 2.68491 2.75914 2.83600 3.15944 3.27116 3.27400
2.39557 2.39557 2.32411 2.14969 2.13077 2.03119 2.09548 2.15976 2.20274 2.20391 2.20391 2.20391 2.20391 2.20391 2.20403 2.21576 2.17402 2.17386 2.16236 2.14399 2.12516 2.10426 2.08566 2.08082 2.02812 1.74281 2.11627 2.21363 2.21363 2.21363 2.21363 2.21363 2.21156 2.19245 2.50842 2.95754 3.01473 3.05287 3.06293 3.01816 2.99115 2.98993 2.98503 2.97927 2.97350 2.96796 2.96644 2.68849 2.36480 2.38281 2.54960 2.58625 2.50136 2.49909 2.61102 2.67846 2.75264 2.82687 2.90109 2.95937 2.96371 2.96371 2.96371 3.08249 3.27400 3.27400
2.42205 2.48611 2.55012 2.38504 2.38420 2.21701 2.20391 2.20391 2.20391 2.20391 2.20391 2.20391 2.20391 2.19883 2.18106 2.18197 2.11850 2.09413 2.08449 2.08171 2.07939 2.07914 2.07914 2.07914 2.07914 1.85262 1.90830 2.20428 2.17301 2.11345 2.04864 1.98336 1.89938 1.82455 1.98094 2.86603 2.99053 2.98937 2.98399 2.97823 2.97246 2.96730 2.96644 2.96644 2.96644 2.96644 2.92577 2.78862 2.16834 2.08125 2.24287 2.57698 2.67199 2.76463 2.93796 2.96371 2.96371 2.96371 2.96371 2.96371 2.96371 2.96371 2.96371 2.97554 3.25041 3.29992
2.61503 2.64903 2.64785 2.54238 2.39906 2.26862 2.20391 2.20391 2.20277 2.18824 2.16987 2.15150 2.13314 2.11865 2.11528 2.11741 2.10977 2.07914 2.07914 2.07914 2.07914 2.07804 2.05400 2.00266 1.92505 1.76731 1.49769 1.87259 1.83929 1.80153 1.76901 1.73696 1.72568 1.72409 1.73185 2.52050 2.97142 2.96682 2.96644 2.96644 2.96644 2.96644 2.94083 2.85805 2.76923 2.61551 2.47971 2.38808 2.34569 2.46807 2.51761 2.75878 2.84390 2.84377 2.90021 2.96371 2.96371 2.96371 2.96371 2.96371 2.96881 2.99385 3.02092 3.04802 3.23104 3.39844
2.49076 2.63284 2.63284 2.62985 2.35764 2.30150 2.15867 2.14031 2.12310 2.11874 2.11617 2.11339 2.11061 2.10903 2.10903 2.10903 2.11825 2.03703 1.96906 1.89123 1.81349 1.73676 1.68304 1.64937 1.58150 1.49950 1.26015 1.52299 1.72568 1.72330 1.71850 1.71370 1.70889 1.70569 1.70561 2.03480 2.93883 2.96644 2.95232 2.87487 2.73820 2.56172 2.41086 2.31718 2.22944 2.20657 2.20657 2.20657 2.27949 2.47998 2.48107 2.64084 2.84390 2.84390 2.85701 2.96283 2.97538 3.00240 3.02787 3.04557 3.04606 3.01942 3.04774 3.11616 3.24096 3.88817
2.30601 2.41258 2.32779 2.23660 2.10751 2.12902 2.11707 2.11429 2.11151 2.10924 2.10903 2.12108 2.14867 2.17953 2.21073 2.24193 2.17671 1.71961 1.65639 1.64718 1.57712 1.49601 1.41494 1.34100 1.32748 1.32748 1.24801 1.28074 1.70797 1.70561 1.70561 1.70561 1.70561 1.70561 1.70741 1.75783 2.46948 2.50779 2.34540 2.24641 2.20657 2.20657 2.20657 2.20657 2.20657 2.20657 2.20657 2.20657 2.20815 2.44257 2.47998 2.53665 2.81260 2.85064 2.83572 2.98784 2.99280 2.97036 3.02118 3.10513 3.21834 3.35163 3.40260 3.40260 3.39213 3.74157
1.86852 1.98261 2.05418 2.00137 1.94925 2.03496 2.12006 2.15652 2.18767 2.21887 2.25006 2.26920 2.27281 2.27314 2.27314 2.26163 2.18250 1.69549 1.41043 1.33860 1.32748 1.32748 1.32748 1.32748 1.32748 1.32748 1.31759 1.16449 1.59444 1.70561 1.69114 1.63720 1.59343 1.54956 1.50399 1.46193 1.72591 2.20657 2.20657 2.20657 2.20657 2.20657 2.20657 2.20657 2.20657 2.20657 2.20657 2.19175 2.16522 2.26755 2.37856 2.36455 2.53557 2.73452 2.81603 3.10267 3.26039 3.38333 3.40260 3.40260 3.39800 3.34935 3.28971 3.23010 3.18095 3.30446
1.78523 1.78608 1.93734 1.96177 1.98405 2.07631 2.25301 2.27311 2.27314 2.27314 2.27314 2.25923 2.18493 2.10395 2.02278 1.95312 1.94423 1.75360 1.33222 1.32748 1.32748 1.32748 1.32748 1.32748 1.32748 1.32735 1.32496 1.21980 1.33611 1.48016 1.45080 1.46098 1.46098 1.46098 1.46098 1.46098 1.52853 2.13397 2.20657 2.20657 2.20657 2.20165 2.16842 2.14024 2.12524 2.11205 2.09968 2.09912 2.10781 2.17128 2.47003 2.57554 2.70623 3.06275 3.09222 3.22219 3.39949 3.36140 3.30172 3.24201 3.18700 3.17601 3.17538 3.16736 3.15723 3.14710
1.83214 1.83794 1.95836 2.01699 2.01699 2.02596 2.24432 2.25091 2.18059 2.09938 2.01837 1.95114 1.94423 1.94423 1.94423 1.94423 1.94423 1.89194 1.42773 1.32748 1.32748 1.32618 1.32300 1.32262 1.35098 1.38699 1.42522 1.42279 1.27661 1.45065 1.46098 1.46098 1.46098 1.46098 1.46098 1.46100 1.47258 1.88985 2.12334 2.10269 2.09019 2.08236 2.09668 2.10803 2.11047 2.16421 2.24813 2.33957 2.43953 2.49043 2.67518 2.76384 2.76384 2.91132 3.02111 3.00491 3.19449 3.17560 3.16807 3.15793 3.14781 3.13767 3.12818 3.12606 3.12606 3.12606
1.83912 1.83912 1.88016 2.00297 1.94769 1.88978 1.98961 1.89740 1.94423 1.94423 1.94423 1.94423 1.94423 1.94423 1.94423 1.94423 1.94381 1.94099 1.60280 1.31792 1.33663 1.37379 1.41283 1.44907 1.45656 1.45656 1.45656 1.45656 1.30749 1.38792 1.46203 1.47012 1.50596 1.55749 1.60910 1.66515 1.72165 1.84102 2.10036 2.10860 2.11469 2.17900 2.26429 2.35722 2.45655 2.49043 2.49043 2.49043 2.49043 2.47559 2.50498 2.65466 2.60668 2.61361 2.89186 2.88896 3.07474 3.12865 3.12606 3.12606 3.12606 3.12606 3.12606 3.12606 3.12606 3.12606
1.85777 1.87445 1.90020 1.83400 1.82087 1.83568 1.97516 1.86970 1.94423 1.94423 1.94423 1.94421 1.94223 1.93903 1.93584 1.93264 1.94071 1.97812 1.89010 1.46544 1.45656 1.45656 1.45656 1.45656 1.45656 1.46098 1.47968 1.53675 1.52922 1.47399 1.68140 1.73121 1.75683 1.76672 1.77661 1.78197 1.79240 1.87153 2.21430 2.37511 2.47033 2.49043 2.49043 2.49043 2.49043 2.48219 2.43848 2.39080 2.35703 2.34960 2.37951 2.54281 2.54512 2.54261 2.76336 2.87099 2.97134 3.12839 3.12606 3.12606 3.12606 3.12606 3.12606 3.13220 3.19782 3.27843
2.17071 2.18550 2.19121 2.14793 2.06908 2.06908 2.13817 2.02322 1.93974 1.93707 1.93388 1.93071 1.93306 1.96574 2.00478 2.04384 2.07203 2.07331 2.05200 1.61139 1.46544 1.50105 1.56294 1.62482 1.68665 1.74413 1.78795 1.81254 1.83996 1.63457 1.74012 1.78198 1.80021 1.86531 1.93818 2.01767 2.08999 2.09842 2.29569 2.49043 2.49043 2.48686 2.44812 2.40954 2.38826 2.37465 2.40088 2.43474 2.45158 2.45158 2.45158 2.50087 2.54261 2.54261 2.62410 2.87099 2.88371 3.12132 3.12606 3.14660 3.22400 3.30465 3.38965 3.47036 3.49177 3.46439
2.20152 2.19121 2.19227 2.23423 2.19233 2.25055 2.34459 2.57082 2.09928 1.95331 1.99239 2.03145 2.06691 2.07331 2.06420 2.01742 1.91825 1.80158 1.68487 1.59711 1.76587 1.79211 1.79315 1.81386 1.84208 1.87030 1.89785 1.90635 1.90635 1.81435 1.83718 2.03307 2.09549 2.09819 2.09819 2.09819 2.09819 2.09845 2.18426 2.47255 2.42157 2.40374 2.42657 2.45087 2.45158 2.45158 2.45158 2.45158 2.45158 2.45158 2.45158 2.46326 2.54156 2.54261 2.54310 2.84173 2.97719 3.22115 3.42717 3.49363 3.50023 3.45243 3.38808 3.32840 3.27436 3.24709
2.68744 2.66790 2.77719 2.82803 2.77725 2.72049 2.73111 2.70306 2.31729 2.07221 1.99727 1.88754 1.77081 1.65414 1.54658 1.47663 1.45913 1.45913 1.46054 1.49201 1.78737 1.87168 1.89882 1.90635 1.90635 1.90635 1.90635 1.90635 1.90635 1.90635 1.91034 2.08475 2.09819 2.09906 2.12122 2.17281 2.23818 2.32206 2.39867 2.62303 2.45158 2.45158 2.45158 2.45158 2.45158 2.45158 2.45158 2.45158 2.45158 2.45158 2.45443 2.46674 2.52632 2.53526 2.51940 2.79740 3.23200 3.24710 3.36806 3.31026 3.25986 3.24705 3.24705 3.24952 3.34959 3.51379
3.32044 2.88120 2.87400 2.87307 2.83633 2.65111 2.54972 2.46458 1.75138 1.60106 1.46607 1.45913 1.45913 1.45913 1.46098 1.48349 1.51173 1.53994 1.56677 1.57390 1.73377 1.90635 1.90635 1.90635 1.90635 1.90635 1.90635 1.90635 1.90635 1.92511 1.96323 2.10311 2.24493 2.33012 2.38282 2.38394 2.38394 2.38394 2.38394 2.62734 2.49937 2.45158 2.45158 2.45158 2.45185 2.46464 2.47476 2.45552 2.43163 2.40521 2.37237 2.32345 2.35825 2.45409 2.45409 2.45609 2.99634 3.03489 3.22354 3.24705 3.31826 3.47914 3.65911 3.85883 3.93234 3.93207
3.42220 2.75045 2.56937 2.47257 2.40054 2.27570 2.21836 2.21624 1.71897 1.55891 1.46189 1.48478 1.51301 1.54126 1.56765 1.57337 1.57337 1.57337 1.57337 1.57337 1.61527 1.89939 1.90635 1.90635 1.91366 1.94703 1.98311 2.03465 2.09996 2.15163 2.18412 2.21059 2.38355 2.38394 2.38394 2.38394 2.38394 2.38394 2.38394 2.44488 2.71367 2.46815 2.45197 2.42788 2.40010 2.35313 2.30690 2.30320 2.30320 2.30320 2.30320 2.30320 2.30591 2.44160 2.45409 2.44097 2.79180 3.21532 3.50742 3.81919 3.93231 3.89914 3.83689 3.77454 3.71226 3.65028
3.16174 2.74375 2.36084 2.36084 2.36084 2.33663 2.22121 2.24068 1.97618 1.60758 1.61285 1.57337 1.57337 1.57337 1.57337 1.57337 1.57337 1.57337 1.57337 1.57451 1.60586 1.87247 2.00469 2.04954 2.10641 2.14066 2.17597 2.18900 2.18900 2.18900 2.18900 2.18815 2.32439 2.38333 2.36225 2.30531 2.19484 2.08287 1.96808 1.87688 2.57494 2.33979 2.30408 2.30320 2.30320 2.30320 2.30320 2.30320 2.30320 2.30320 2.30320 2.30320 2.32971 2.55660 2.76245 2.94878 2.99985 3.56850 3.55577 3.71627 3.65397 3.62492 3.62492 3.62492 3.62492 3.62492
3.16174 3.00075 2.41205 2.38268 2.40721 2.43168 2.34867 2.31356 2.21658 1.59345 1.66837 1.57337 1.57337 1.57337 1.57337 1.58682 1.62223 1.65793 1.69366 1.72926 1.74650 1.88605 2.16463 2.18863 2.18900 2.18900 2.18900 2.18900 2.18437 2.16075 2.09398 2.00998 1.95493 1.92187 1.82663 1.76187 1.75051 1.74075 1.73380 1.73352 2.12209 2.60096 2.30320 2.30320 2.30320 2.30320 2.30320 2.30320 2.31423 2.45223 2.65690 2.84017 2.86129 2.71179 2.81788 2.73778 2.63864 3.13537 3.35725 3.57160 3.62492 3.62492 3.62492 3.62492 3.62492 3.62492
3.36553 3.38728 2.84949 2.65667 2.68429 2.71906 2.66162 2.56674 2.59414 1.67832 1.64961 1.61407 1.64414 1.67987 1.71559 1.73803 1.74384 1.75249 1.76224 1.77158 1.77278 1.79588 2.15347 2.17585 2.13788 2.05677 1.97278 1.88875 1.80943 1.74904 1.72589 1.71471 1.70375 1.73466 1.73353 1.73352 1.73352 1.73352 1.73352 1.73352 1.85341 2.76373 2.31115 2.30320 2.30542 2.41562 2.58441 2.65015 2.68753 2.56371 2.41858 2.33259 2.33038 2.33038 2.59343 2.69359 2.68873 2.81614 3.35725 3.47364 3.62492 3.62492 3.59401 3.35719 3.05168 2.70523
3.51118 3.50052 3.21653 2.78828 2.79163 2.79163 2.72472 2.50203 2.43039 1.78572 1.43726 1.64521 1.74132 1.74962 1.75900 1.76934 1.77278 1.77308 1.77687 1.80475 1.85430 1.90179 1.86764 1.78075 1.73467 1.73180 1.72534 1.71417 1.70308 1.69186 1.68663 1.68663 1.68663 1.70940 1.73352 1.73352 1.73352 1.73352 1.73352 1.73352 1.73639 2.39632 2.52123 2.48680 2.52993 2.45022 2.34125 2.33038 2.33038 2.33038 2.33038 2.33038 2.33038 2.33038 2.45082 2.69359 2.69359 2.62661 3.16518 3.00971 2.96282 2.57879 2.13157 2.01852 1.95634 1.87787
