results/OMI_NO2_200907.asc
ncols      200
nrows      200
xllcorner       120.258
yllcorner       41.1236
cellsize     0.0166667
NODATA_Value      -999.000
[rows 0 to 29 of 200, columns 66 to 131 of 200]
0.930515 0.924996 0.922496 0.922485 0.913813 0.858469 0.838719 0.828820 0.820821 0.814394 0.812624 0.812624 0.812624 0.798633 0.746165 0.746165 0.746165 0.746165 0.746165 0.798441 0.909072 0.909072 0.909072 0.909072 0.938416 1.03656 1.10751 1.15830 1.18692 1.18810 1.18810 1.18810 1.18810 1.06312 0.909072 0.897051 0.807257 0.727943 0.539170 0.236547 0.236547 0.236547 0.236547 0.236547 0.236547 0.236547 0.236547 0.236547 0.236547 0.236547 0.236547 0.236547 0.236547 0.236547 0.236547 0.694880 0.694880 0.694880 0.694880 0.694880 0.702492 0.704720 0.704720 0.704720 0.704720 0.704720
0.922494 0.887319 0.874512 0.866946 0.863718 0.843948 0.812624 0.812624 0.812624 0.812624 0.812624 0.812624 0.812624 0.811758 0.756487 0.746165 0.746165 0.746165 0.746165 0.749977 0.919421 1.02926 1.10238 1.15454 1.18603 1.18810 1.18810 1.18810 1.18810 1.18810 1.17962 1.13453 1.09230 1.02845 0.721326 0.577930 0.572809 0.572809 0.541130 0.236681 0.236547 0.236547 0.236547 0.236547 0.236547 0.236547 0.236547 0.236547 0.236547 0.236547 0.236547 0.245754 0.320455 0.383343 0.470184 0.694880 0.694880 0.694880 0.694880 0.694880 0.698070 0.704720 0.704720 0.704720 0.704720 0.704720
0.922494 0.883954 0.863718 0.869923 0.925861 0.983578 0.839779 0.812624 0.812624 0.812624 0.812624 0.812624 0.812624 0.812624 0.788335 0.746165 0.767571 0.891646 0.989098 1.05832 1.14928 1.18810 1.18810 1.18810 1.18810 1.17707 1.13088 1.08921 1.05380 1.02332 1.00070 0.998202 0.998202 0.998202 0.848617 0.585220 0.572939 0.589029 0.616068 0.379696 0.236547 0.236547 0.236547 0.236547 0.236547 0.236547 0.236547 0.247856 0.324030 0.385822 0.429932 0.460618 0.465713 0.465713 0.467584 0.653402 0.694880 0.694880 0.694880 0.694880 0.694988 0.703378 0.704720 0.704720 0.704720 0.707903
0.988803 1.04369 1.02459 1.06582 1.07305 1.07305 0.976999 0.812624 0.812624 0.812624 0.812624 0.812624 0.819424 0.880391 0.944265 1.05258 1.10056 1.10664 1.10664 1.10664 1.10994 1.12729 1.08617 1.05121 1.02107 0.999893 0.998202 0.998202 0.998202 0.998202 0.998310 1.00919 1.02722 1.04524 1.02737 0.778658 0.724059 0.735007 0.735007 0.597717 0.236547 0.236547 0.236547 0.250414 0.327420 0.388179 0.431697 0.461441 0.465713 0.465713 0.465713 0.465713 0.465713 0.465713 0.465713 0.547154 0.694880 0.694880 0.694880 0.694880 0.707167 0.734727 0.756392 0.769661 0.780238 0.788033
1.18201 1.18201 1.09042 1.07305 1.07305 1.07305 1.05949 0.826179 0.816850 0.874655 0.936068 0.985909 1.02409 1.03079 1.03079 1.06917 1.05151 1.01669 0.987125 0.961584 0.944781 0.988175 0.998202 0.998202 0.998332 1.00936 1.02722 1.04524 1.06325 1.08129 1.09920 1.10633 1.10633 1.10633 1.10631 0.948011 0.735141 0.735007 0.735007 0.713073 0.344949 0.390562 0.433468 0.462129 0.465713 0.465713 0.465713 0.465713 0.465713 0.467754 0.476895 0.486266 0.495118 0.489672 0.468011 0.528362 0.739723 0.756136 0.768819 0.779020 0.784228 0.784493 0.788854 0.789193 0.789193 0.789193
1.18201 1.18201 1.12875 1.07305 1.07352 1.09860 1.13743 1.07809 1.02205 1.03079 1.03766 1.06341 1.09027 1.11707 1.14394 1.09288 0.943899 0.943899 0.943899 0.950127 0.962979 1.00935 1.06344 1.08146 1.09936 1.10633 1.10633 1.10633 1.10633 1.10633 1.10435 1.10019 1.09615 1.09226 1.08846 1.03814 0.779281 0.744019 0.742052 0.740906 0.622543 0.555137 0.561029 0.566695 0.572148 0.577430 0.582500 0.587370 0.592079 0.601263 0.633942 0.669877 0.705811 0.733268 0.735960 0.749407 0.775190 0.784273 0.784273 0.784273 0.784273 0.784273 0.786858 0.789193 0.789193 0.789193
1.18201 1.20560 1.24600 1.17167 1.20672 1.22469 1.24354 1.24283 1.11712 1.14202 1.16201 1.16308 1.16308 1.17151 1.19760 1.22349 1.01882 1.00942 1.03124 1.04277 1.04277 1.05047 1.10548 1.10633 1.10633 1.10633 1.10633 1.10633 1.07925 1.04520 1.04390 1.04198 1.02818 1.01237 0.996564 0.981986 0.833048 0.755369 0.755369 0.755662 0.717887 0.622152 0.632801 0.616665 0.608031 0.643380 0.679314 0.715268 0.751202 0.781595 0.785132 0.785132 0.785132 0.784838 0.752549 0.749407 0.761509 0.784273 0.784273 0.784273 0.784273 0.784273 0.784778 0.858769 1.66026 2.59083
1.35476 1.40739 1.43426 1.33281 1.30250 1.31847 1.31972 1.32471 1.25362 1.22132 1.25464 1.29296 1.33748 1.37079 1.37153 1.37153 1.20456 1.04277 1.04277 1.04277 1.04277 1.04277 1.09168 1.10633 1.10633 1.10633 1.10633 1.10459 1.07708 1.01375 0.997931 0.984053 0.982024 0.982024 0.982024 0.977329 0.914032 0.765475 0.762133 0.776029 0.795357 0.724706 0.742677 0.768271 0.784548 0.785132 0.785132 0.785132 0.785132 0.785132 0.785132 0.785132 0.785132 0.785132 0.763511 0.749407 0.750424 0.781684 0.784335 0.795390 1.23126 2.17749 2.93544 3.66900 3.91621 3.91621
1.50848 1.51091 1.51091 1.46059 1.40273 1.43678 1.47463 1.50796 1.48947 1.37164 1.37153 1.37153 1.37153 1.37153 1.37153 1.37153 1.33369 1.04678 1.04277 1.04277 1.04277 1.04277 1.06872 1.10525 1.08903 1.06797 1.04689 1.02754 1.02383 0.986054 0.981106 0.972912 0.963991 0.956047 0.952155 0.953232 0.953981 0.857917 0.868002 0.877091 0.877091 0.829642 0.787997 0.787997 0.785960 0.785132 0.785132 0.785132 0.785132 0.785132 0.785132 0.785132 0.785132 0.785132 0.772904 0.761409 0.948405 1.88385 2.71114 3.36167 3.70382 3.70857 3.70857 3.74649 3.91579 3.91621
1.51091 1.51091 1.51091 1.51091 1.51091 1.51091 1.51030 1.47597 1.42230 1.36213 1.37153 1.37153 1.37153 1.37153 1.37153 1.37153 1.37153 1.14202 1.04277 1.04191 1.01958 0.987948 0.959347 1.02303 1.02384 1.02384 1.01746 1.00259 0.989822 0.965382 0.954816 0.958453 0.963280 0.967992 0.969466 0.969466 0.969466 0.918841 0.877088 0.877091 0.875613 0.853937 0.787997 0.787997 0.787196 0.785132 0.785132 0.785132 0.785132 0.785132 0.785318 0.793745 0.824554 1.34162 2.05037 3.13969 3.63031 3.68920 3.70855 3.70857 3.70857 3.70857 3.70857 3.70857 3.86068 3.91621
1.51091 1.51091 1.51091 1.48704 1.43345 1.37981 1.32675 1.30744 1.30744 1.32042 1.37153 1.37153 1.37153 1.37153 1.37153 1.37119 1.35108 1.22300 0.959054 0.928304 0.919023 0.918784 0.908508 0.962458 0.989931 0.984949 0.984499 0.990454 0.996216 0.986295 0.969466 0.969466 0.969466 0.969466 0.968029 0.962125 0.955908 0.940856 0.852048 0.844809 0.840069 0.839704 0.797432 0.787997 0.787955 0.785513 0.785443 0.794356 0.807143 1.11707 1.79078 2.36256 2.84035 2.97814 2.98191 3.61651 3.68533 3.68533 3.70340 3.70857 3.70857 3.70857 3.70857 3.70184 3.71695 3.81492
1.44459 1.39096 1.33729 1.30752 1.30744 1.30744 1.30744 1.30744 1.30744 1.30753 1.35523 1.37148 1.35381 1.32220 1.29057 1.25930 1.24779 1.24447 0.960319 0.930680 0.942742 0.954648 0.917085 0.936561 0.997687 0.997687 0.997687 0.997687 0.995921 0.985529 0.955973 0.949686 0.943465 0.937247 0.932463 0.932146 0.932146 0.932146 0.874832 0.839771 0.839771 0.839771 0.817993 0.795358 0.804956 0.920989 1.58643 2.18704 2.69914 2.97541 2.97814 2.97814 2.97814 2.97814 2.97814 3.41060 3.68533 3.68533 3.68175 3.63600 3.58584 3.53564 3.48540 3.44195 3.43706 3.60948
1.30744 1.30744 1.30744 1.30744 1.30744 1.30744 1.30744 1.30744 1.30273 1.29105 1.28396 1.26175 1.24779 1.24568 1.22336 1.19605 1.16876 1.14143 1.05189 0.980344 0.980344 0.980344 0.944940 0.898351 0.963709 0.973037 0.965265 0.957493 0.951456 0.951037 0.934852 0.932146 0.932146 0.932146 0.932146 0.932146 0.933121 0.935137 0.923687 0.853779 0.862745 0.885211 1.21419 1.74871 2.19118 2.55736 2.99072 3.00707 3.00958 3.01210 3.01462 3.01713 3.01945 3.01467 3.00637 3.22769 3.63206 3.61765 3.60170 3.44540 3.43615 3.43615 3.43615 3.43615 3.43615 3.51739
1.30744 1.30744 1.30744 1.30744 1.30464 1.29346 1.28173 1.27000 1.26209 1.24806 1.22944 1.17777 1.14358 1.11841 1.11341 1.11341 1.10935 1.07375 1.02538 0.900340 0.877446 0.859003 0.844929 0.833074 0.885091 0.951037 0.951037 0.951037 0.951037 0.951037 0.955819 0.962201 0.964214 0.966234 0.968934 0.990564 1.01973 1.04784 1.07468 0.963539 0.910000 1.08499 2.29480 2.56215 2.73186 2.83079 3.00009 3.02592 3.01667 3.00585 2.99504 2.98422 2.97361 2.97010 2.97010 3.05413 3.60935 3.60935 3.60935 3.50531 3.43615 3.43615 3.43615 3.43615 3.43615 3.44273
1.30605 1.29588 1.28414 1.27190 1.25005 1.23129 1.21309 1.19487 1.17759 1.17333 1.17241 1.12586 1.04331 1.01048 0.981940 0.956892 0.936574 0.933066 0.933066 0.872970 0.844356 0.844356 0.844356 0.837129 0.842954 0.948904 0.951037 0.951037 0.951037 0.951037 0.958485 0.989331 1.01745 1.04557 1.07301 1.08151 1.08151 1.08151 1.08465 1.05623 0.922397 0.928988 2.01861 2.74855 3.00295 2.99213 2.98132 2.97167 2.97010 2.97010 2.97010 2.97010 2.97010 2.97010 2.97010 2.97164 3.53480 3.60935 3.60935 3.57325 3.43615 3.43615 3.46677 3.54514 3.60511 3.66291
1.23425 1.21453 1.19630 1.17862 1.17333 1.14540 1.11078 1.09688 1.07188 1.04914 1.02890 1.02005 0.941585 0.933066 0.933066 0.933066 0.933066 0.933066 0.933066 0.908742 0.844356 0.844356 0.844356 0.842544 0.832547 0.915204 0.951092 0.970737 1.00588 1.04104 1.07552 1.08160 1.08151 1.08166 1.09016 1.10438 1.12005 1.13467 1.14183 1.13553 0.953326 0.889674 1.15454 2.57887 2.95012 2.97010 2.97010 2.97010 2.97010 2.97010 2.97010 2.97010 2.97010 2.97010 2.97010 2.97010 3.34775 3.60935 3.64332 3.72558 3.64890 3.67516 3.70234 3.68177 3.67952 3.67952
1.11292 1.06353 1.01920 0.979039 0.942530 0.925034 0.948765 1.02310 1.02310 1.02310 1.02395 1.02617 0.986902 0.933066 0.933066 0.933066 0.933066 0.933066 0.933066 0.932489 0.856382 0.844356 0.844356 0.866869 0.892251 0.958117 1.07329 1.08880 1.08880 1.09193 1.10830 1.11440 1.12460 1.13535 1.13491 1.12770 1.12052 1.11617 1.11613 1.11613 1.04103 0.881372 0.881372 2.04830 2.80876 2.97010 2.97010 2.97010 2.97010 2.97010 2.97010 2.97010 2.97010 2.97010 2.99822 3.06083 3.34639 3.86051 3.88435 3.85987 3.77873 3.67952 3.67952 3.67952 3.67952 3.67952
0.925034 0.925034 0.925034 0.925034 0.925034 0.925034 0.925896 1.01196 1.02796 1.03020 1.03158 1.03160 1.02530 0.937861 0.933066 0.933066 0.933066 0.933066 0.933066 0.952003 0.957162 0.956808 1.00365 1.02804 1.01083 0.979110 1.10745 1.13336 1.14797 1.15960 1.15201 1.12915 1.11613 1.11613 1.11613 1.11613 1.11551 1.09781 1.06861 1.03988 1.01358 0.870215 0.831707 1.15423 2.62362 2.97010 2.97010 2.97010 2.97010 2.97010 3.00095 3.06364 3.12280 3.16750 3.18290 3.16365 3.23355 3.85273 3.85273 3.85273 3.84111 3.68520 3.67952 3.67952 3.67952 3.67952
0.924654 0.925034 0.925277 0.927201 0.929439 0.931679 0.933413 0.981054 1.03160 1.03160 1.03160 1.03160 1.03160 0.981122 0.933066 0.948734 0.994857 1.04173 1.08857 1.11653 1.10898 1.03002 1.02181 1.01222 1.00262 0.993019 1.07497 1.13739 1.13739 1.13739 1.13739 1.13036 1.10821 1.08261 1.05127 1.02337 0.998757 0.985988 0.983428 0.983428 0.983428 0.924256 0.818241 0.818241 2.05588 2.91393 3.00384 3.06650 3.12841 3.17677 3.18928 3.16995 3.15416 3.15263 3.15263 3.15263 3.15305 3.75603 3.85273 3.85273 3.85273 3.78223 3.94777 4.22218 4.53861 4.90685
0.922003 0.931223 0.933216 0.933534 0.933534 0.933534 0.933534 0.944821 1.03070 1.03160 1.03160 1.04524 1.10478 1.15792 1.08767 1.11600 1.11676 1.11754 1.11887 1.12019 1.12152 1.03012 0.979229 0.979229 0.979229 0.981487 1.08964 1.11311 1.09905 1.06808 1.02838 0.995012 0.988389 0.983428 0.983428 0.983428 0.983428 0.983428 0.983428 0.983428 0.983428 0.978076 0.863768 0.912259 1.35929 2.92264 3.17870 3.15553 3.13306 3.12412 3.12023 3.11633 3.11245 3.10857 3.10469 3.10080 3.09866 3.53150 3.86707 3.87310 3.87914 4.18107 5.49108 5.49108 5.49108 5.49108
0.916889 0.933534 0.933534 0.933534 0.933534 0.933534 0.933534 0.939947 1.06510 1.15509 1.21840 1.26807 1.27231 1.27330 1.18299 1.12142 1.12274 1.12328 1.12328 1.12328 1.18469 1.27285 1.29193 1.41773 1.54323 1.62996 1.59619 1.08370 0.973950 0.966195 0.966195 0.966195 0.957871 0.950050 0.946944 0.943838 0.940733 0.937621 0.917529 0.879531 0.841534 0.803612 0.878222 0.996342 0.996342 2.27355 3.07714 3.07726 3.07726 3.07726 3.07729 3.08012 3.08465 3.08918 3.09370 3.09823 3.10102 3.34985 3.88446 3.88446 3.88446 3.88929 5.17534 5.49108 5.49108 5.49108
0.909119 0.930645 0.933534 0.935431 0.980757 1.04405 1.10732 1.16466 1.20937 1.27422 1.27522 1.27621 1.27669 1.27669 1.28302 1.28515 1.41049 1.53607 1.66187 1.78759 1.85169 1.81462 1.62110 1.53879 1.48365 1.45704 1.45701 1.23157 0.966195 0.966195 0.966195 0.966195 0.943534 0.923124 0.909017 0.874303 0.839398 0.804506 0.786561 0.786561 0.786561 0.786561 0.799312 0.986966 0.996342 1.43663 2.97338 3.08581 3.09034 3.09487 3.09936 3.10106 3.10106 3.10106 3.10106 3.10106 3.10106 3.17856 3.88446 3.88446 3.88446 3.88446 4.48833 5.49108 5.49108 5.49961
0.954559 1.03491 1.09469 1.15708 1.17608 1.17708 1.17807 1.17863 1.19617 1.37172 1.47303 1.56733 1.66145 1.75572 1.82086 1.84111 1.85169 1.82176 1.73794 1.66441 1.60058 1.56544 1.51579 1.45701 1.45701 1.45701 1.45701 1.40801 0.972767 0.966195 0.951805 0.908958 0.859676 0.807524 0.786725 0.786561 0.786561 0.786561 0.786561 0.786561 0.785606 0.780195 0.774019 0.909033 1.01512 1.01931 2.44786 3.10106 3.10106 3.10106 3.10106 3.10106 3.10106 3.10106 3.10106 3.10106 3.10106 3.10106 3.75691 3.88446 3.88446 3.89122 4.03610 5.30459 4.76331 3.93138
1.05199 1.02012 1.17344 1.24092 1.33130 1.42177 1.51220 1.60268 1.67881 1.76767 1.82299 1.82299 1.82299 1.83243 1.87946 1.87805 1.60569 1.56623 1.56505 1.56505 1.56505 1.56505 1.55631 1.45995 1.45701 1.45701 1.44552 1.40356 1.00989 0.825484 0.796260 0.795492 0.795365 0.787033 0.786561 0.785272 0.779648 0.773668 0.767703 0.761732 0.756707 0.756145 0.756145 0.811403 1.01822 1.02014 1.54315 3.09049 3.10106 3.10106 3.10106 3.10106 3.10106 3.10106 3.10106 3.10106 3.10106 3.10700 3.56635 3.84974 3.38069 2.76722 1.96187 1.90922 2.28643 2.28643
1.28309 1.37346 1.58543 1.68751 1.68751 1.68751 1.68751 1.68751 1.68751 1.72013 1.86866 1.92475 1.99010 2.05039 2.05579 2.05452 1.63814 1.56505 1.56505 1.56505 1.56505 1.56505 1.55617 1.44501 1.36372 1.32009 1.28798 1.28630 1.11927 0.795492 0.793404 0.786169 0.778698 0.768256 0.761182 0.756495 0.756145 0.756145 0.756145 0.756145 0.757379 0.796919 0.918691 1.07057 1.38981 1.57927 1.71039 2.84298 3.10106 3.10106 3.10106 3.10106 3.10106 3.10797 3.13307 3.13322 2.81785 2.35093 1.91208 1.53118 1.47883 1.47883 1.47883 1.62454 2.28643 2.28643
1.49213 1.49213 1.53576 1.68751 1.68751 1.68847 1.71580 1.75976 1.81076 1.86478 2.02606 2.05579 2.05579 2.05579 2.05579 2.05579 1.84928 1.56505 1.55843 1.51920 1.47555 1.43193 1.39720 1.36739 1.28630 1.28368 1.27629 1.26883 1.24585 0.794744 0.757706 0.757471 0.757471 0.756838 0.756145 0.789257 0.894481 1.01615 1.15287 1.30613 1.45612 1.54313 1.54546 1.54555 1.63992 1.79670 1.79670 2.18418 3.10106 3.10900 3.13443 3.16018 2.96340 2.51738 1.97628 1.38085 1.23617 1.23617 1.25429 1.47854 1.47883 1.47883 1.47883 1.48522 2.13986 2.28643
1.49213 1.49213 1.50534 1.71039 1.79965 1.85598 1.87514 1.87514 1.87514 1.87514 1.95798 2.05579 2.05579 2.05579 2.06017 2.10685 2.15299 1.51969 1.39873 1.39435 1.40034 1.42026 1.44291 1.46794 1.28564 1.24837 1.24828 1.24828 1.24828 0.986039 0.924431 1.05381 1.19370 1.34297 1.38439 1.51079 1.54506 1.54546 1.54546 1.54546 1.54546 1.54546 1.54546 1.54546 1.57092 1.76598 1.83144 1.84932 2.82186 2.68645 2.18046 1.58656 1.27699 1.28625 1.29559 1.30483 1.31411 1.32338 1.33262 1.46859 1.56747 1.65439 1.74125 1.82817 2.04058 2.28643
1.55837 1.59492 1.61464 1.72160 1.87514 1.87514 1.87514 1.87514 1.87514 1.87514 1.89355 2.09250 2.15261 2.21008 2.26302 2.29539 2.38513 1.94993 1.46606 1.49449 1.51618 1.51687 1.51687 1.50966 1.33754 1.18244 1.15088 1.11927 1.09391 1.20908 1.66992 1.74741 1.80831 1.80980 1.60025 1.59246 1.59945 1.60641 1.61335 1.62029 1.62725 1.65297 1.72579 1.80083 1.88493 2.08341 2.21431 2.30941 2.02744 1.41569 1.41569 1.41569 1.41569 1.41569 1.43278 1.48927 1.54721 1.60515 1.66306 1.81889 1.93506 1.93506 1.93506 1.93506 1.96206 2.28370
1.61464 1.61464 1.61464 1.62845 1.86248 1.87514 1.87514 1.90307 1.96047 2.01785 2.08832 2.31880 2.48375 2.60917 2.75823 2.88908 2.89709 2.80074 1.54511 1.43724 1.39514 1.35302 1.31092 1.27604 1.26050 1.09772 1.12127 1.15446 1.18308 1.18614 1.71728 1.81033 1.81033 1.81033 1.71914 1.68010 1.68010 1.69491 1.75909 1.82716 1.89527 1.98674 2.09932 2.19788 2.28229 2.33450 2.37280 2.37612 2.29604 1.55044 1.50359 1.56153 1.61948 1.67742 1.71830 1.71985 1.71985 1.71985 1.71985 1.77580 1.93506 1.93506 1.93506 1.93506 1.93506 2.14615
1.61464 1.61464 1.61464 1.63236 1.84426 2.01615 2.14248 2.26452 2.37020 2.49562 2.61501 2.71291 2.85301 2.78983 2.72672 2.66353 2.60038 2.54204 1.75789 1.27239 1.27936 1.32720 1.39125 1.47001 1.54827 1.28354 1.18486 1.18486 1.18486 1.18486 1.48733 1.81033 1.81033 1.82548 1.83929 1.82154 1.88964 1.95246 2.05192 2.15610 2.24816 2.30290 2.30408 2.30435 2.31317 2.34511 2.45755 2.50708 2.54070 2.12477 1.71985 1.71985 1.71985 1.71985 1.71985 1.71985 1.71985 1.71985 1.71985 1.73371 1.93429 1.93506 1.93506 1.93506 1.92927 1.92710
