results/OMI_NO2_201104.asc
ncols      200
nrows      200
xllcorner       120.258
yllcorner       41.1236
cellsize     0.0166667
NODATA_Value      -999.000
[rows 145 to 173 of 199, columns 64 to 127 of 200]
0.660255 0.660255 0.535642 0.503470 0.503470 0.503470 0.503470 0.503470 0.442674 0.369290 0.369290 0.369290 0.369290 0.369290 0.642913 0.764134 0.764134 0.764134 0.764134 0.775356 0.865748 1.16387 1.47900 1.62756 1.81641 1.91091 1.91091 1.91091 1.91091 1.91091 1.91277 1.97739 2.07305 2.16851 2.22532 2.22841 2.22841 2.22841 2.22841 2.22841 1.97279 1.86562 1.86562 1.86562 1.87316 2.01645 2.02672 2.02672 2.02693 2.07762 2.16692 2.25611 2.34225 2.36626 2.36626 2.36626 2.36626 2.36626 2.38127 2.66196 2.66373 2.66373 2.66373 2.66373
0.660255 0.660255 0.593981 0.503470 0.503470 0.503470 0.503470 0.503470 0.498579 0.377780 0.369290 0.369290 0.369290 0.369290 0.497584 0.939230 1.07390 1.17314 1.27178 1.35935 1.36728 1.46727 1.91091 1.91091 1.91091 1.91091 1.91393 1.98283 2.07820 2.17386 2.26754 2.29834 2.29834 2.29834 2.28237 2.22841 2.22841 2.22841 2.22841 2.22841 2.10416 1.86562 1.86562 1.86562 1.86562 1.98321 2.14940 2.23864 2.32772 2.36626 2.36626 2.36626 2.36626 2.36626 2.36626 2.36594 2.33705 2.28947 2.24182 2.38652 2.66373 2.66373 2.66373 2.66373
0.660255 0.660255 0.648459 0.507343 0.503470 0.503470 0.503470 0.503470 0.503470 0.495786 0.583403 0.735939 0.893717 1.09132 1.26554 1.39724 1.36814 1.36728 1.36728 1.36728 1.36728 1.36728 1.81525 1.98808 2.08370 2.17917 2.27169 2.29834 2.29834 2.29834 2.29834 2.29834 2.29834 2.29834 2.29830 2.24134 2.22841 2.22841 2.22841 2.22841 2.21527 1.89528 1.93223 1.99583 2.05937 2.13108 2.36221 2.36626 2.36626 2.36626 2.35381 2.30802 2.26044 2.21281 2.16390 2.07160 1.98679 1.92065 1.85447 1.91931 2.66373 2.66373 2.66373 2.66373
0.660255 0.660255 0.660255 0.556662 0.653759 0.882563 1.11185 1.34126 1.57006 1.66536 1.25969 1.30577 1.35415 1.36281 1.36281 1.36432 1.36728 1.36728 1.37356 1.44988 1.54527 1.64089 1.97533 2.29834 2.29834 2.29834 2.29834 2.29834 2.29834 2.29834 2.29834 2.29834 2.29834 2.29834 2.29834 2.27043 2.22841 2.23016 2.27525 2.33882 2.40237 2.23183 2.10010 2.10010 2.09749 2.06045 2.18982 2.23142 2.18381 2.13623 2.09623 2.04085 1.97471 1.90853 1.84374 1.82260 1.82260 1.82260 1.82260 1.80544 2.48402 2.66373 2.66373 2.66373
0.840401 0.942894 1.04528 1.30045 1.70771 1.72141 1.79440 1.87438 1.95436 1.99375 1.52266 1.36281 1.36281 1.36281 1.37129 1.45071 1.55015 1.64621 1.73542 1.75472 1.75472 1.75472 1.80610 2.29030 2.29834 2.29834 2.29834 2.29834 2.29834 2.29834 2.29834 2.29834 2.29834 2.29834 2.32559 2.38589 2.38697 2.44439 2.46289 2.47359 2.50218 2.40220 1.93624 1.88864 1.84367 1.83310 1.88273 2.02876 1.96264 1.89652 1.83519 1.82260 1.82260 1.82260 1.82260 1.82260 1.82260 1.82260 1.82260 1.82260 1.99145 2.66373 2.66373 2.66194
1.18211 1.18314 1.23500 1.32531 1.87620 1.98685 1.99375 1.99375 1.99375 1.99375 1.79440 1.45606 1.55149 1.64707 1.73417 1.75025 1.75220 1.75472 1.75472 1.75472 1.75472 1.75472 1.75472 2.14159 2.29834 2.29834 2.29834 2.29834 2.29834 2.29834 2.31035 2.36916 2.43271 2.49764 2.55583 2.58485 2.57423 2.57261 2.60146 2.61961 2.61988 2.61358 1.90339 1.75060 1.68443 1.61828 1.56267 1.76600 1.82260 1.82260 1.82260 1.82260 1.82260 1.82260 1.82260 1.82260 1.82260 1.82260 1.82260 1.82238 1.78293 2.62377 2.62402 2.61168
1.36112 1.44007 1.46816 1.46816 1.76459 1.99375 1.99375 1.99375 1.99375 1.99375 1.99342 1.78197 1.75025 1.75025 1.75025 1.75025 1.75046 1.75445 1.75472 1.75472 1.75472 1.75472 1.75472 1.94159 2.29834 2.29834 2.30125 2.34937 2.42095 2.51243 2.59285 2.62644 2.65530 2.68280 2.68982 2.68982 2.67904 2.62017 2.59127 2.52527 2.45915 2.39303 1.92579 1.55645 1.55645 1.55645 1.55645 1.64924 1.82260 1.82260 1.82260 1.82260 1.82260 1.82260 1.82260 1.82257 1.81972 1.81501 1.81029 1.80580 1.78483 2.10562 2.60993 2.60993
1.46816 1.46816 1.46816 1.46816 1.56944 1.99375 1.99375 1.99375 1.99375 1.99375 1.99375 1.87306 1.75025 1.75025 1.75025 1.75025 1.75025 1.75268 1.75472 1.75472 1.75472 1.75472 1.75499 1.82235 2.40933 2.53419 2.62376 2.66801 2.68889 2.68982 2.68982 2.68982 2.68982 2.68982 2.65656 2.59180 2.52715 2.40251 2.34340 2.34323 2.34323 2.34323 2.20814 1.55653 1.55645 1.55645 1.55645 1.56151 1.79357 1.82260 1.82260 1.82260 1.82063 1.81594 1.81122 1.80653 1.80467 1.80467 1.80467 1.80467 1.80467 1.78635 2.60993 2.60993
1.46816 1.46816 1.46816 1.46816 1.46821 1.89983 1.99375 1.99375 1.99375 1.99375 1.99375 1.97918 1.76120 1.75025 1.75025 1.75025 1.75025 1.75304 1.77941 1.82154 1.90924 2.00015 2.09078 2.13312 2.47287 2.68982 2.68982 2.68982 2.68982 2.68966 2.65278 2.58808 2.52343 2.45867 2.42733 2.42733 2.42733 2.39999 2.34323 2.34323 2.34323 2.34323 2.34323 1.70620 1.55645 1.55645 1.55645 1.55645 1.67385 1.81686 1.81215 1.80743 1.80469 1.80467 1.80467 1.80467 1.80467 1.80467 1.80467 1.80752 1.81646 1.73113 2.30033 2.26211
1.46816 1.46816 1.46816 1.46816 1.46816 1.70472 1.99375 1.99375 1.99375 1.99375 1.99375 1.99375 1.84267 1.78227 1.80961 1.83573 1.84143 1.83768 1.98463 2.12988 2.13312 2.13312 2.13312 2.13312 2.26982 2.68927 2.64903 2.58443 2.51962 2.45518 2.42733 2.42733 2.42733 2.42733 2.42733 2.42733 2.42733 2.42590 2.35221 2.34323 2.34323 2.34323 2.34323 1.99085 1.55023 1.48633 1.40837 1.33041 1.31075 1.78352 1.80467 1.80467 1.80467 1.80543 1.81295 1.82209 1.83122 1.84042 1.88649 1.96181 2.03102 2.09192 1.88571 1.87916
1.46816 1.46816 1.46816 1.46816 1.46816 1.51761 1.98565 2.01169 2.05260 2.09361 2.13463 2.17565 2.13047 1.85599 1.82574 1.79813 1.79093 1.79093 1.86323 2.13305 2.13312 2.13194 2.08868 2.02392 1.96228 2.38248 2.42733 2.42733 2.42733 2.42733 2.42733 2.42733 2.42733 2.42733 2.42733 2.42733 2.42733 2.42733 2.38574 2.34323 2.34291 2.29704 2.21904 2.06357 1.29234 1.26850 1.26850 1.26850 1.27326 1.60144 1.82770 1.83684 1.84598 1.85613 1.90613 1.97517 2.04415 2.11316 2.14521 2.14521 2.14521 2.14521 1.99050 1.87880
1.46816 1.46832 1.55423 1.71098 1.86790 2.02450 2.18745 2.20954 2.20515 2.16834 2.12509 2.08185 2.05511 1.84720 1.79093 1.79093 1.79093 1.78899 1.74271 1.93989 1.95554 1.89197 1.87063 1.87063 1.87063 2.15800 2.42733 2.42733 2.42733 2.42733 2.42733 2.42733 2.42733 2.42733 2.42733 2.42733 2.42733 2.40323 2.31867 2.16667 2.08733 2.05529 2.05997 2.08602 1.51820 1.29716 1.30629 1.31543 1.31981 1.41234 1.91696 1.98833 2.05734 2.12459 2.14521 2.14521 2.14521 2.14521 2.14521 2.14521 2.14521 2.14521 2.08495 1.87043
2.03757 2.19433 2.26510 2.26510 2.26507 2.24192 2.18001 2.09996 2.06120 2.05477 2.05477 2.05477 2.05477 1.94830 1.73893 1.67436 1.60957 1.54684 1.52844 1.63778 1.87063 1.87063 1.87063 1.87063 1.87063 1.95569 2.42660 2.42733 2.42733 2.42733 2.42733 2.42733 2.42733 2.41837 2.35097 2.27305 2.19504 2.15571 2.18257 2.15532 2.15575 2.18439 2.20835 2.21097 1.88614 1.33257 1.39631 1.46530 1.53436 1.59733 1.99463 2.14521 2.14521 2.14521 2.14521 2.14521 2.14521 2.14521 2.14521 2.14521 2.14521 2.14521 2.14587 2.10097
2.26510 2.25686 2.21687 2.17355 2.13034 2.11024 2.10852 2.05830 2.05477 2.04847 1.89210 1.70974 1.56178 1.44494 1.51287 1.52844 1.52844 1.52844 1.52844 1.53203 1.82385 1.87063 1.87063 1.87063 1.87063 1.87063 2.30870 2.42733 2.42733 2.42618 2.37489 2.29974 2.24597 2.20559 2.22367 2.25232 2.28096 2.29507 2.29507 2.27407 2.21097 2.23298 2.30060 2.36961 2.39614 1.64115 1.60904 1.60904 1.60904 1.60904 1.75978 2.14521 2.14521 2.14521 2.14521 2.14521 2.14521 2.14521 2.14521 2.24779 2.45616 2.66436 2.86923 2.98667
2.14848 2.11342 2.11024 2.11024 2.11024 2.10680 1.95698 1.73894 1.57064 1.44966 1.41686 1.41686 1.41686 1.41686 1.46679 1.52844 1.52844 1.52844 1.52844 1.52844 1.67492 1.87063 1.87063 1.87063 1.87063 1.87063 2.09707 2.36030 2.31098 2.26283 2.26479 2.29061 2.29507 2.29507 2.29507 2.29507 2.29507 2.30768 2.33926 2.37076 2.43992 2.49881 2.50020 2.50020 2.50020 1.92398 1.60904 1.60904 1.60904 1.60904 1.61140 2.05878 2.14521 2.14521 2.14521 2.21218 2.41633 2.62461 2.83297 2.93865 2.93865 2.93865 2.93865 2.95443
2.11024 2.10906 1.97107 1.77775 1.62131 1.49393 1.45384 1.44548 1.41686 1.41686 1.41686 1.41686 1.41686 1.41686 1.42430 1.52402 1.52844 1.52844 1.52844 1.52844 1.54521 1.90091 1.99458 2.00786 2.01353 2.01924 2.04475 2.28928 2.29507 2.29507 2.29507 2.29507 2.29507 2.30938 2.34107 2.37279 2.40454 2.42362 2.42381 2.42381 2.45592 2.50020 2.50020 2.50020 2.50020 2.24381 1.60904 1.60904 1.60904 1.60904 1.60904 1.86628 2.37658 2.58486 2.79322 2.93461 2.93865 2.93865 2.93865 2.93865 2.93865 2.93865 2.94813 3.02040
1.63077 1.50066 1.45384 1.45384 1.45384 1.45384 1.45384 1.45376 1.42228 1.41686 1.41686 1.41686 1.41686 1.41686 1.41686 1.49111 1.60327 1.68696 1.77064 1.85398 1.93661 2.04042 2.03096 2.02339 2.02339 2.02339 2.02339 2.21156 2.29507 2.31117 2.34288 2.37466 2.40633 2.42377 2.42381 2.42381 2.42381 2.42381 2.42381 2.42381 2.42806 2.49651 2.50020 2.50020 2.50020 2.48567 1.68711 1.61902 1.79652 2.03353 2.27072 2.48331 2.90646 2.93865 2.93865 2.93865 2.93908 2.98871 3.07224 3.15566 3.23904 3.30785 3.34314 3.31542
1.45384 1.45384 1.45384 1.45384 1.45384 1.45384 1.45384 1.45384 1.43598 1.41686 1.43519 1.51412 1.59777 1.68142 1.76511 1.86298 1.96858 1.96825 1.96785 1.96771 1.96771 1.97393 2.02241 2.02339 2.02344 2.04131 2.07307 2.19379 2.40820 2.42381 2.42381 2.42381 2.42381 2.42381 2.42381 2.42381 2.42381 2.42381 2.42381 2.42381 2.42381 2.46947 2.50020 2.50020 2.61450 2.85160 2.58083 2.42468 2.48428 2.48428 2.48428 2.50615 2.82920 3.12423 3.20770 3.29108 3.37402 3.38607 3.34697 3.30789 3.26882 3.24433 3.24399 3.24399
1.45384 1.45384 1.45384 1.45384 1.45384 1.47252 1.52913 1.58694 1.64797 1.78668 1.85281 1.85755 1.85724 1.85680 1.85644 1.85615 1.94166 1.96771 1.96771 1.96771 1.96795 1.98749 2.05523 2.10661 2.13830 2.15214 2.15214 2.15996 2.40592 2.42381 2.42381 2.42381 2.42381 2.42381 2.42381 2.42381 2.42381 2.42381 2.42381 2.42381 2.47759 2.71615 3.01541 3.25264 3.37544 3.37803 3.23620 2.63837 2.72180 2.80532 2.88875 2.95031 3.00500 3.37137 3.33945 3.30036 3.26133 3.24399 3.24399 3.24399 3.24399 3.24399 3.24399 3.24399
1.47684 1.53433 1.59209 1.64985 1.70769 1.74681 1.74793 1.74793 1.74776 1.82883 1.85661 1.85623 1.85614 1.85614 1.85614 1.85614 1.89535 1.98933 2.02102 2.05279 2.08424 2.09646 2.10772 2.15210 2.15214 2.15214 2.15214 2.15214 2.31472 2.42381 2.42381 2.42381 2.42381 2.42381 2.42381 2.42381 2.43965 2.62897 2.86598 3.10300 3.30140 3.36874 3.48460 3.55879 3.61562 3.66983 3.68271 3.06280 2.94966 2.91662 2.87752 2.83844 2.80060 3.09215 3.24399 3.24399 3.24399 3.24399 3.24399 3.24399 3.24399 3.24399 3.24399 3.24399
1.74760 1.74793 1.74793 1.74793 1.74788 1.74753 1.74713 1.74673 1.74650 1.78747 1.85614 1.85614 1.85700 1.94926 2.12687 2.34336 2.58987 2.13705 2.09646 2.09646 2.09646 2.09646 2.09646 2.13851 2.15214 2.15214 2.15214 2.15214 2.21568 2.42381 2.42381 2.42381 2.42416 2.55580 2.79352 3.06681 3.34487 3.44958 3.50641 3.56328 3.60513 3.60726 3.63492 3.68364 3.67572 3.63923 3.60013 3.20098 2.79567 2.78962 2.78962 2.78962 2.78962 2.89466 3.24399 3.24399 3.24399 3.24399 3.24399 3.24399 3.24399 3.24399 3.37105 3.70601
1.74792 1.74770 1.74730 1.74690 1.74655 1.74650 1.74650 1.74650 1.74655 1.82834 2.10740 2.32616 2.58920 2.71369 2.71369 2.71369 2.71369 2.33851 2.09646 2.09646 2.09646 2.09646 2.09646 2.11369 2.15214 2.15214 2.15214 2.15214 2.15314 2.46290 2.78066 3.07445 3.36807 3.53045 3.58670 3.60726 3.60726 3.60726 3.60726 3.60726 3.61009 3.62012 3.63255 3.56325 3.52233 3.51976 3.51976 3.41956 2.79159 2.78962 2.78962 2.78962 2.78962 2.78971 3.15160 3.24399 3.24399 3.24399 3.32123 3.64138 3.97930 4.31722 4.52834 4.53130
1.74667 1.74650 1.74650 1.74650 1.74650 1.81205 1.97389 2.17035 2.41430 2.54922 2.65364 2.71369 2.71369 2.71369 2.71369 2.71369 2.71369 2.61990 2.10350 2.09646 2.09646 2.09646 2.09646 2.09695 2.15963 2.23331 2.47658 2.75685 3.03710 3.42217 3.60726 3.60726 3.60726 3.60726 3.60726 3.60726 3.61055 3.6{<rOqB3"Lj$J TV-Qx  Vo lkU yUc\wfy/ 38FJ3xq?z#/ *:1 -kfx\sgsm|O\p J Sn $ PjnEjIE7 b}B# 3\00=>KxE s?9G2!s<0$@L8 kHGU>ZI?rD:S  ~\r 61 4.83953 5. z 5<p C !k~8}1  V}P *p=4WR(=d_rfVP-rO+s[yr 5.fv V
3.74907 3.74907 3.74907 3.74907 3.74907 3.74907 4.35753 5.04928 5.21139 5.38002 5.54702 5.60906 5.60906 5.60906 5.60906 5.60906 5.60906 5.60906 5.60906 5.60906 5# LEeg]  ^/ Q =t& T|U2JY* +[ }5>  Q  (2cvJ951 6.32183 6.59385 6.78851 6.78851 6.78851 6.78851 6.79269 6.83520 6.88700 6.93880 6.97730 6.97938 6.97938 6.97938 6.97938 6.97938 6.97938 6.97938 6.97964 6.99027 7.00641 8.00426 4.05769 4.05769 4.04495 3.90164 3.69989 3.49845 3.31503 3.16938 3.15270 3.15270
4.25136 5.60205 5.60906 5.60906 5.60906 5.60906 5.60906 5.60906 5.60906 5.60906 5.60906 5.60906 5.60906 5.60906 5.60906 5.60906 5.76068 6.17724 6.59779 7.032 8O 4{8y 2h #I` t>v 'e5'8pu \f'0 #026.87070 6.92248 6. 1 6.97938 6.97938 6.97938 6.97938 6.97938 6.97938 6.97938 6.98458 7.00032 7.01637 7.03242 7.04810 7.05360 7.05360 7.48563 3.60156 3.39993 3.21101 3.15270 3.15270 3.15270 3.15270 3.15270 3.15270 3.15270 3.15270 3. 0 3.15270 3.15270 3.13902 2.79996 2.77688 2.77688 2.11367 1.82985
5.56684 5.60906 5.60906 5.60906 5.60906 5.60906 5.60906 5.60906 5.60906 5. 8 g +5.73880 6.14974 6.57111 6.99182 7.26141 7.26605 7.26605 7.26605 7.38068 7.47743 7.49452 6.89487 6.51153 6.80T -"L.AUR6Y=>N_pj5d~ wo+ >`<?AP X8y *s %J(ui XP'01037 7.02642 7.04246 7.05329 7.05360 7.05360 7.05360 7.05360 7.05360 7.16099 7.99140 3.13452 3.15270 3.15270 3.15270 3.15270 3.15270 3.15270 3.15270 3.15270 3.15270 3.15270 3.15270 3.15270 3.15270 3.15270 2.93082 2.7768 q^P ~h 0 e(' 1.90506
5.60906 5.60906 5.60906 5.60906 5.60906 5.71809 6.12256 6.54344 6.96481 7.25611 7.26605 7.26605 7.2660 ;{[~dO 25/ b. x:Pg3>J Wx>3 7.42266 7.67695 7.73402 7.53363 6.58529 6.64678 6.97807 6.97940 6.98833 7.00437 7.02042 7.03647 7.0510Il 60 y0-(r]x ^v/lW5 nC 7.18844 7.95361 8.79940 9.64446 10.38 * G848 ] n88318 3.15270 3.15270 3.15270 3.15270 3.15270 3.15270 3.15270 3.15270 3.15270 3.15270 3.15222 3.14540 3.13658 3.12777 3.04161 2.73433 2.72908 2.70206 2.04024 2.07352 2.26056
6:.O6 5.60906 5.60906 5.60906 6Q} _1V1  6.51643 6.93730 7.24981 7.26605 7.26605 7.26605 7.26605 7.26605 7.26605 7.29215 7.36396 7.43663 7.50672 7.52623 7.52623 ^+[e AXvp0 qx_  T4A< e 7.04647 i[ L4ifCS0Q[ 7.0  5<jli<B}R 7.05360 7.05360 7.05360 7.21829 8.00439 8.84984 9.69461 10.4056 10.4848 10, hv *< 10. @ 10\ 2.47890 _vp 3.15270 3.15270 q|Rc *B5270 3.15015 u160 3.13279 3. +(FO/n SHWU)n: 3.10485 3.10485 3.10485 3.10478 2.84223 3.00812
5.60906  IE247 pj 6.06788 6.48925 6.91030 7.24070 @ #t5 7.26605 7.26605 7.Dru/  !-2x]  7.27271 7.33352 7.40601 7.47883 7.52540 7.52623 7.52623 7.52302 7.23168 6.82468 6.53559 6.35530 6.15273 6.30978 6.65331 6: ,;iP v^_e( w)h` hvup7`)i ]%H` ` A 6? Y1KR:TAk OMmL vLS > 10.4848 10.4848 10.4959 10.5223 10.5487 10.5745 10.5823 2.03773 3.09618 3.13780 3.12899 3.12019 3.11138 r , (wS10485 3.10485  C485 0485 3.+h7i777 3.33112 3
