results/OMI_NO2_201003.asc
ncols      200
nrows      200
xllcorner       120.258
yllcorner       41.1236
cellsize     0.0166667
NODATA_Value      -999.000
[rows 145 to 173 of 200, columns 67 to 133 of 200]
8.80763 9.69807 3.24777 0.649276 0.662285 0.552592 0.586460 1.19604 1.33521 1.45436 1.64244 1.84708 2.03072 2.13210 2.16351 2.14643 2.57184 2.82265 2.82265 2.82265 2.82265 2.82265 2.82265 2.79455 2.69215 2.59926 2.64030 3.25842 8.94585 9.36920 9.18472 9.02986 8.91009 8.76028 8.73789 8.74030 8.76032 8.78420 8.80793 8.83164 8.84984 8.85102 8.85102 8.85102 8.85102 8.85509 8.90363 9.09018 9.20486 8.85004 8.48386 8.82669 8.26257 6.97301 6.99833 7.09363 7.07137 7.04395 7.01651 6.98917 6.97703 6.97726 6.99655 7.02794 7.05930 7.09066 7.11185
9.94842 9.94893 7.29908 0.806253 0.898997 1.00497 1.12615 1.69897 2.09574 2.18103 2.19732 2.20227 2.28104 2.39374 2.50363 2.59605 2.76434 2.82265 2.82265 2.78991 2.68662 2.59444 2.51417 2.45985 2.45654 3.45788 5.54247 7.51792 8.77119 8.89275 8.88962 8.82946 8.85319 8.84603 8.82615 8.84746 8.85102 8.85102 8.85102 8.85102 8.85163 8.89016 8.95092 8.99465 9.01999 9.04124 9.01800 9.03825 9.13174 9.00854 8.35483 8.37062 9.35615 6.98328 6.98447 6.98325 6.97703 6.98004 7.00644 7.03782 7.06920 7.10033 7.11242 7.11242 7.11242 7.11242 7.11242
10.2386 10.3349 10.2670 2.42825 1.25761 1.32064 1.32916 1.58494 2.42441 2.55270 2.69651 2.84981 2.89051 2.89051 2.88998 2.79263 2.68110 2.58966 2.51011 2.45869 2.45654 3.55190 5.59664 7.42228 9.06162 9.89796 9.96362 10.1091 9.76083 8.79997 9.01886 8.94356 8.92552 8.92008 8.85275 8.85102 8.87677 8.93125 8.95960 8.98493 9.00968 8.99650 8.96107 8.94263 8.94263 8.94263 8.94263 8.94658 9.11117 9.13154 8.54525 8.36506 9.24972 7.70138 7.02781 7.05411 7.07908 7.10745 7.11242 7.11242 7.11242 7.11242 7.11242 7.10846 7.10031 7.09215 7.08400
10.4554 10.5722 10.9132 7.02122 1.44329 1.52762 1.71793 1.72115 2.68210 2.89051 2.89051 2.84550 2.73676 2.64183 2.55908 2.48218 2.45840 3.65067 5.68300 7.49895 9.13070 9.92222 10.0512 10.1941 10.3370 10.4798 10.5587 10.4038 10.1744 8.95996 9.02622 8.99976 9.00252 9.07013 9.01447 8.97528 8.97480 8.94567 8.94263 8.94263 8.94263 8.94263 8.94263 8.94386 8.94698 8.94995 8.95291 8.95497 9.05278 8.66393 7.19126 5.34529 3.99070 4.86458 7.12391 7.12312 7.11265 7.11242 7.10909 7.10096 7.09281 7.08466 7.07650 7.07231 7.07231 7.07231 7.07231
12.2163 12.5210 12.5284 11.7773 1.96237 1.56511 1.67633 1.70857 2.13083 2.63687 2.55486 2.50813 2.51487 3.79629 5.81606 7.61422 9.20236 9.99624 10.1391 10.2819 10.4248 10.5451 10.5589 10.5589 10.5589 10.5589 10.5772 10.7821 10.7200 10.3462 9.36327 9.34325 9.25846 9.25298 9.15131 8.94263 8.93454 8.94263 8.94267 8.94458 8.94754 8.95050 8.95347 8.95503 8.94699 8.26845 7.07607 5.75237 4.31158 3.59671 3.55081 2.67877 2.62979 3.12881 6.87330 7.10497 7.08977 7.07717 7.07235 7.07231 7.07231 7.07231 7.07231 7.10662 7.36284 7.65920 7.95556
12.5284 12.5284 12.5284 12.7658 6.72586 1.81975 1.87722 1.63005 1.70850 3.86394 5.90144 7.69775 9.35268 10.1248 10.2676 10.4105 10.5188 10.5589 10.5589 10.5589 10.5589 10.5621 10.6987 10.9835 11.2685 11.5534 11.8202 11.8791 11.6393 11.4315 9.72099 9.22627 8.86080 8.53269 8.25552 7.76355 7.63059 8.90800 8.95399 8.95504 8.90306 8.05224 6.83732 5.48728 3.99160 3.36673 3.36673 3.36673 3.36878 3.53699 3.57614 2.97981 2.59498 2.76504 5.51710 7.08381 7.08159 7.07233 7.09684 7.34094 7.63759 7.93366 8.23003 8.49223 8.53223 8.53223 8.53223
13.4013 14.1664 15.0237 15.6205 13.4269 4.01979 6.60032 7.30892 8.78521 9.95839 10.3554 10.4983 10.5965 10.5996 10.5996 10.5960 10.5555 10.6183 10.8787 11.1637 11.4485 11.7305 11.8789 11.8791 11.8791 11.8592 11.5455 11.1583 10.7145 10.1207 8.99240 7.88397 7.88238 7.77351 7.77545 7.61907 7.39820 7.36724 6.59382 5.21663 3.75522 3.36673 3.36673 3.36768 3.37472 3.38286 3.39101 3.39915 3.40523 3.46257 3.55432 3.33722 2.58946 2.64986 4.06602 7.61156 7.92355 8.21073 8.48026 8.53223 8.53223 8.53223 8.53223 8.55594 8.61899 8.68237 8.74578
15.6304 15.7260 15.8888 16.0320 16.1458 12.3870 11.2899 10.6484 9.89764 10.0682 10.5894 10.5378 10.4868 10.6178 10.8401 11.0658 11.3547 11.8475 11.8791 11.8791 11.7665 11.3777 11.0012 10.6498 10.3204 10.0258 9.95768 9.98099 10.0065 9.76346 9.53369 8.08708 7.73324 6.65388 5.53028 4.28228 2.92831 2.92783 3.36699 3.37287 3.38101 3.38919 3.39729 3.40449 3.40558 3.40558 3.40558 3.40558 3.40793 3.54208 3.87405 4.07722 3.80906 4.06113 4.74746 7.76702 8.54373 8.53956 8.53341 8.57630 8.63970 8.70331 8.76671 8.80638 8.80696 8.81734 8.84103
16.1117 16.1317 16.0835 16.0539 16.0535 14.2931 11.1430 11.0207 9.85268 9.91012 10.8014 11.2246 11.4979 11.5888 11.5888 11.5888 11.5888 11.7882 11.8791 10.5630 9.96479 9.95403 9.95861 9.98250 10.0088 10.0350 10.0576 10.0605 9.97832 9.56769 9.12137 5.95005 3.34988 3.21257 3.07295 3.07759 2.81292 2.79640 3.35431 3.40558 3.40558 3.40558 3.40558 3.40558 3.49021 3.68746 3.89580 4.14047 4.38569 4.50630 4.64826 4.75531 4.57316 4.33121 4.55442 6.40821 8.64015 8.69062 8.78249 8.80696 8.80772 8.82483 8.84858 8.87232 8.89607 8.90945 8.90949
16.0121 15.9418 15.8718 15.8079 15.9153 15.9990 11.9887 11.8203 11.1468 10.5183 11.0038 11.5888 11.5888 11.5888 11.5888 11.5888 11.5888 11.6820 11.8858 11.0591 10.0105 10.0367 10.0583 10.0605 9.96688 9.69908 9.42766 9.15646 8.96689 8.91529 8.64892 7.31822 3.35557 3.30901 3.12142 3.10059 2.93757 2.79024 3.12817 3.45391 3.64440 3.87892 4.12653 4.37410 4.53685 4.58749 4.62667 4.62954 4.62954 4.62954 4.67348 4.83390 4.84174 4.49518 4.57631 5.30334 8.48365 8.78047 8.83236 8.87988 8.90287 8.90949 8.90949 8.90949 8.90949 8.90949 8.90135
15.9914 16.2468 16.5021 16.7516 16.8294 16.8294 14.3415 12.0134 11.8308 10.5325 10.6076 11.5631 11.5888 11.5888 11.5969 11.6271 11.6586 11.6976 11.9842 11.8592 10.0036 9.68511 9.41336 9.14226 8.96011 8.90897 8.85025 8.79152 8.73285 8.69149 8.67286 8.61452 4.22054 3.31666 3.22383 3.26586 3.40643 3.35594 3.71875 4.55938 4.61652 4.62954 4.62954 4.62954 4.62954 4.62954 4.64543 4.69478 4.74522 4.79560 4.83727 4.96719 4.98960 4.67843 4.54253 4.99015 7.33745 8.85758 8.86487 8.90912 8.90949 8.90293 8.87650 8.84877 8.82098 8.79323 8.77363
16.8294 16.8294 16.8294 16.8294 16.8294 16.8294 16.2963 12.0905 12.0140 10.9698 10.5279 11.2708 11.6605 11.6920 11.7154 11.7166 11.5742 11.2491 11.0937 10.8874 9.43701 8.87339 8.81469 8.75591 8.70138 8.68992 8.68992 8.68992 8.68992 8.69116 8.72575 8.77222 6.69612 4.03470 4.18477 4.04007 4.03741 3.82167 3.77320 4.50144 4.62954 4.62954 4.65395 4.70441 4.75481 4.80526 4.83979 4.84086 4.84086 4.84086 4.84086 4.91050 4.98960 4.84801 4.54253 4.74255 5.76379 8.79156 8.79904 8.80900 8.79542 8.77423 8.77288 8.77288 8.77288 8.77288 8.77849
16.8294 16.8294 16.8294 16.8294 16.8294 16.8294 16.8294 13.5892 12.0134 11.6568 10.6453 10.9366 11.5575 11.2322 10.9062 10.5682 10.3204 10.2494 10.2435 10.3987 9.78831 8.68992 8.68992 8.68992 8.69613 8.73310 8.79501 8.85777 8.92056 8.98209 9.00226 8.98067 8.61492 4.37218 4.28082 4.26716 4.35027 4.38350 4.41551 4.67252 4.76441 4.81487 4.84086 4.84086 4.84086 4.84086 4.84086 4.84086 4.84086 4.84086 4.84086 4.85493 4.95973 4.92390 4.49670 4.45126 5.01990 7.81038 8.72097 8.73764 8.77288 8.77532 8.89571 9.07977 9.26383 9.44817 9.62662
16.8282 16.8294 16.8294 16.8294 16.8294 16.8294 16.8294 15.6207 11.7932 11.4258 10.0213 9.45143 10.1383 10.2067 10.1363 10.0779 10.0719 10.0719 10.0726 10.3377 10.3784 8.91069 8.85654 8.91929 8.97586 9.00166 9.00254 9.00254 9.00283 9.15000 9.43429 9.72335 10.0341 7.15440 5.22838 5.19989 5.10904 5.12604 4.84505 4.84086 4.84086 4.84086 4.84086 4.84086 4.84086 4.84086 4.84062 4.83590 4.82951 4.82311 4.81664 4.81117 4.83994 4.85299 4.60535 4.40592 4.77768 6.46653 9.01273 9.19795 9.42769 9.61475 9.67870 9.67870 9.67870 9.67870 9.66159
16.8168 16.8294 16.8294 16.8294 16.8551 16.9104 16.9671 17.0153 11.5193 10.3818 9.76966 9.00141 9.51867 10.0723 10.0777 10.0848 10.1136 10.1622 10.2108 10.4695 10.7298 9.66694 9.00254 9.03301 9.27080 9.56256 9.87471 10.2079 10.5657 10.7380 10.7464 10.7526 10.7389 9.65355 5.28178 5.28766 5.19210 5.17586 4.93299 4.84086 4.84086 4.84086 4.83740 4.83101 4.82462 4.81822 4.81208 4.81041 4.81041 4.81041 4.81041 4.81041 4.84347 4.91896 4.92580 5.04349 5.41561 6.30340 9.28998 9.62679 9.65288 9.67870 9.64104 9.56886 9.49671 9.42453 9.36945
16.8242 16.9063 16.9654 17.0266 17.0620 17.0680 17.0725 17.0728 14.3282 10.3989 10.3574 9.09622 9.24695 10.1845 10.2398 10.2814 10.3011 10.3011 10.1878 9.90948 9.93821 9.62888 10.3597 10.6851 10.7373 10.7382 10.7471 10.7576 10.7682 10.7782 10.7802 10.7858 10.7924 10.8120 6.46964 5.28829 5.23796 5.17378 5.04524 4.82612 4.81973 4.81334 4.81041 4.81041 4.81041 4.81041 4.81041 4.82162 4.86590 4.91081 4.93461 4.95172 4.94991 4.95875 4.93319 5.09802 5.16018 6.13955 8.13015 9.70347 9.72898 9.40652 9.36595 9.36465 9.01323 8.33201 7.55811
17.0264 17.0670 17.0728 17.0758 17.0845 17.0934 17.1025 17.1787 16.9866 11.1278 10.8679 10.0519 9.47002 9.85596 9.76926 9.45902 9.16940 8.89867 8.72376 8.71861 8.99521 9.08436 10.4441 10.7583 10.7691 10.7785 10.7802 10.7869 10.8156 10.8461 10.8765 10.9014 10.8922 10.8695 8.86052 5.26866 5.25429 5.14959 5.12949 4.82464 4.81041 4.81041 4.81553 4.85542 4.88915 4.90630 4.92339 4.92926 4.90209 4.87428 4.86757 4.86757 4.86757 4.89526 4.95140 5.09190 5.27618 5.90730 6.88776 9.70722 9.27383 8.25018 7.28927 6.36382 5.91807 5.91807 5.91807
19.2105 18.4603 17.1300 17.2432 17.3643 17.4852 17.6060 17.6166 17.0229 12.8034 9.77250 9.26497 8.12924 8.23731 8.71861 8.71861 8.71861 8.71996 8.72789 8.73670 8.88945 9.11669 9.83881 10.7880 10.8172 10.8477 10.8782 10.9018 10.8952 10.8825 10.8699 10.8573 10.8471 10.8508 10.6236 5.61520 5.25783 5.18913 5.18453 5.00493 4.87798 4.89507 4.90703 4.88425 4.86764 4.86757 4.86757 4.86757 4.86757 4.87632 4.91716 4.96099 5.00484 5.05176 5.09385 5.10886 5.32279 5.53432 6.51080 6.61339 6.51080 6.34009 5.91807 5.91807 5.91269 5.87500 5.83200
22.6914 21.6406 17.6459 17.5124 16.1367 15.5021 14.9176 14.4060 14.2888 13.4592 8.96448 8.96890 8.26408 8.03865 8.65759 8.73725 8.74606 8.75352 8.75439 8.76190 8.80936 9.16407 9.37291 10.8856 10.8875 10.8747 10.8623 10.8496 10.8454 10.8454 10.8454 10.8454 10.8454 10.9323 11.1216 8.27096 5.54370 5.60071 5.55606 5.36227 4.86757 4.86757 4.86757 4.86757 4.86757 4.88238 4.92551 4.96938 5.01320 5.04830 5.05128 5.05128 5.05128 5.05128 5.08495 5.09386 5.24784 5.33294 6.30068 6.50712 6.47147 6.42307 5.86739 5.74977 5.71219 5.70685 5.70685
23.0097 23.0097 18.4506 17.6308 14.6206 14.2888 14.2888 14.2888 14.2888 14.2888 10.3804 8.94203 8.68488 8.06173 8.42250 8.76299 8.78799 8.81342 8.83785 8.84700 8.83715 9.06892 9.17953 10.3668 10.8454 10.8454 10.8454 10.8475 10.8964 11.0697 11.2578 11.4459 11.6339 11.7404 11.7443 10.9275 5.70076 5.67276 5.58317 5.54943 4.92923 4.89006 4.93389 4.97774 5.02155 5.05060 5.05128 5.05128 5.05128 5.05128 5.05128 5.05128 5.05128 5.05128 5.06750 5.06716 5.09871 5.23980 5.70405 6.30693 6.29958 6.29958 6.01572 5.70685 5.70685 5.87641 6.25715
23.0097 23.0097 20.2577 17.6594 15.7248 14.2888 14.2888 14.2888 14.2888 14.2888 12.6259 8.95376 9.03604 8.21581 8.23522 8.83672 8.83062 8.82008 8.81048 8.80871 8.80871 8.91803 9.18027 9.78194 11.0229 11.2108 11.3991 11.5850 11.7243 11.7391 11.7391 11.7391 11.7391 11.7391 11.7437 11.7443 7.45665 5.61745 5.55962 5.67885 5.32943 5.05128 5.05128 5.05128 5.05128 5.05128 5.05128 5.05128 5.05128 5.05147 5.07782 5.12266 5.16749 5.21231 5.23351 4.94638 4.93753 5.14456 5.30759 6.29822 6.44803 6.82690 7.15201 7.00858 7.37868 7.59024 7.59081
23.0097 23.0097 22.3850 17.7271 17.0413 14.2928 14.2888 14.2995 14.3318 14.3649 14.3338 9.71171 9.07305 8.62164 8.11669 8.62615 8.80856 8.80358 8.79477 8.83121 8.95340 9.08720 9.69882 9.95967 11.6610 11.7391 11.7391 11.7391 11.7391 11.7391 11.7391 11.7391 11.7376 11.6906 11.6247 11.5592 9.70390 5.32607 5.34207 5.71629 5.59945 5.05128 5.05128 5.05128 5.05128 5.06782 5.11221 5.15704 5.20195 5.24650 5.26499 5.26499 5.26499 5.26499 5.26499 5.07153 5.02968 5.45643 6.12949 7.57786 8.18109 8.18354 8.18354 7.78653 7.59081 7.64649 7.79618
23.0097 23.0097 23.0097 18.9539 17.7100 14.9797 14.3972 14.4208 14.4229 14.4241 14.4242 11.8894 9.06320 9.01750 8.12397 8.48196 9.02616 9.15547 9.28851 9.37633 9.37837 9.41495 9.98290 10.5375 11.4756 11.7391 11.7391 11.7391 11.7366 11.6864 11.6180 11.5497 11.4830 11.4618 11.5471 12.2574 12.9833 6.38806 5.32607 5.56071 5.75198 5.20662 5.14659 5.19141 5.23624 5.26454 5.26499 5.26499 5.26499 5.26499 5.27526 5.34230 5.41805 5.53031 5.67232 5.70437 5.53274 5.77539 6.94179 7.41660 8.18320 8.14016 8.06747 7.97452 8.14888 8.24439 8.24590
23.0732 23.1300 23.1873 21.0598 17.8279 16.2297 14.4225 14.4129 14.4023 14.3918 14.4702 14.2423 9.71771 9.82310 9.27695 8.94202 9.43053 9.74331 10.0478 10.3739 10.7235 11.0478 11.2286 11.7391 11.7352 11.6819 11.6137 11.5454 11.4797 11.4618 11.5680 12.2976 13.1260 13.9553 14.7004 14.8302 14.8613 10.4770 5.45575 5.56511 5.95318 5.61800 5.26499 5.26499 5.26499 5.26831 5.32534 5.41509 5.55316 5.69517 5.82690 5.90190 5.96815 5.99793 5.99793 5.99516 5.70506 5.62546 6.54087 6.89716 7.89272 7.87873 7.87873 7.88049 8.19299 8.24590 8.24590
23.2351 22.8508 21.5648 20.2168 17.7776 17.4874 14.6354 14.7944 15.0254 15.2559 15.3987 15.7196 12.6993 11.0434 11.1500 10.2992 10.8488 11.0928 11.0928 11.0928 11.0873 11.0314 10.9638 11.4420 11.4767 11.4618 11.5929 12.3417 13.1719 14.0010 14.7232 14.8383 14.8663 14.8944 14.9224 14.9600 15.0003 14.0486 5.66215 5.53977 5.84941 5.90911 5.43581 5.57586 5.71787 5.85655 5.94167 5.99392 5.99793 5.99793 5.99793 5.99793 5.99169 5.94455 5.88998 5.83546 5.61489 5.43978 5.92022 6.72829 7.51094 7.87873 7.87873 7.87873 8.04627 8.24590 8.24590
18.2924 17.7585 18.0122 18.3007 18.6624 18.9860 16.7660 16.4949 17.1610 17.8873 18.6789 19.0475 17.5886 12.3572 12.4427 10.8380 10.6398 11.0267 10.9588 10.8906 10.8277 10.8155 10.9725 12.0540 13.2159 14.0461 14.7498 14.8555 14.8835 14.9115 14.9396 14.9534 14.9534 14.9534 14.9534 14.9536 15.0478 15.2353 9.14112 5.93167 6.18868 6.54359 6.12468 5.99793 5.99793 5.99793 5.99793 5.99793 5.98568 5.93411 5.87958 5.82504 5.77671 5.76933 5.76933 5.76933 5.72487 5.44130 5.49673 6.66251 7.09797 7.87873 7.87917 7.89373 7.94441 8.29350 8.32495
18.7238 18.9167 18.9217 18.9217 18.9496 19.0475 19.0475 19.0475 19.0475 19.0475 19.0475 19.0475 19.0469 13.6992 12.3634 11.5310 10.2863 10.6975 11.0018 11.7862 12.6165 13.4446 14.1379 14.3074 14.8976 14.9287 14.9513 14.9534 14.9534 14.9534 14.9535 14.9865 15.1460 15.3326 15.5192 15.7058 15.8611 15.8909 13.4359 6.13817 6.14602 6.51471 6.32493 5.99793 5.97770 5.92368 5.86914 5.81457 5.77232 5.76933 5.76933 5.76933 5.76933 5.76933 5.76933 5.76933 5.76933 5.52230 5.44995 6.25614 6.82645 7.91229 7.97721 7.98397 7.98397 8.22163 8.35113
18.9217 18.9217 18.9217 18.9217 18.9216 19.0293 19.0475 19.0475 19.0475 19.0475 19.0475 19.0475 19.0475 16.4974 12.6295 13.6074 12.2374 13.1717 14.1698 14.2436 14.2716 14.2989 14.3071 14.3071 14.7965 14.9583 14.9894 15.1036 15.2901 15.4768 15.6633 15.8168 15.8440 15.8440 15.8440 15.8440 15.8491 15.8904 15.8051 7.59801 6.20635 6.42164 6.37389 5.81599 5.76985 5.76933 5.76933 5.76933 5.76933 5.76933 5.76933 5.76933 5.76933 5.78325 5.81687 5.85062 5.88445 5.76656 5.51871 5.81905 6.80721 7.53310 7.98397 8.02258 8.19600 8.47056 8.93367
18.9217 18.9217 18.9217 18.9217 18.9217 18.9829 19.0475 19.0475 19.0475 19.0475 18.9339 18.4417 17.9202 17.3066 16.5696 16.6344 14.9163 13.7940 14.2807 14.3071 14.3118 14.3256 14.3711 14.5272 14.9843 15.6160 15.7716 15.8440 15.8440 15.8440 15.8440 15.8440 15.8440 15.8440 15.8440 15.8443 15.9055 16.0473 16.1689 12.1753 6.68840 6.64770 6.33245 5.93833 5.76933 5.76933 5.76933 5.76933 5.77686 5.80874 5.84249 5.87625 5.91000 5.92981 5.92995 5.92995 5.92995 5.91212 5.57210 5.76518 6.94515 7.58985 8.73847 8.88524 8.89674 8.89747 9.20373
