results/OMI_NO2_201002.asc
ncols      200
nrows      200
xllcorner       120.258
yllcorner       41.1236
cellsize     0.0166667
NODATA_Value      -999.000
[rows 58 to 86 of 175, columns 65 to 129 of 200]
1.59539 1.59915 1.59979 1.64118 1.69764 0.980607 0.882847 0.882847 0.882847 0.882847 0.882847 0.882847 0.882847 0.882847 0.882847 0.882847 0.867170 0.846228 0.846228 0.846228 0.846228 0.846505 0.849792 0.853902 0.858011 0.895074 1.03587 1.18253 1.32693 1.39915 1.39915 1.39915 1.39915 1.39915 1.39915 1.44967 1.14427 0.853827 0.848574 0.808895 0.767754 0.731378 0.699012 0.677042 0.675851 0.675851 0.675851 0.675851 0.687076 1.03334 1.06252 1.06252 1.06252 1.06252 1.03016 1.10892 1.24601 1.18497 1.13068 1.12205 1.12205 1.12205 1.12205 1.12205 1.23524
1.75435 1.85058 1.96634 2.01593 2.01593 1.51414 0.882847 0.882847 0.882847 0.882847 0.882847 0.882847 0.882847 0.882847 0.882847 0.882847 0.866993 0.848028 0.855626 0.859737 0.863847 0.876595 0.991400 1.13574 1.28013 1.39151 1.39915 1.39915 1.39915 1.39915 1.39915 1.39915 1.39915 1.39620 1.31144 1.20801 1.17561 0.711459 0.679940 0.675851 0.675851 0.675851 0.675851 0.675851 0.675851 0.675851 0.675851 0.675851 0.675851 0.891308 1.06249 1.04581 1.03656 1.04367 1.04714 1.01815 1.12205 1.12205 1.12205 1.12205 1.12205 1.12205 1.12205 1.12205 1.16354
2.01593 2.01593 2.01593 2.01593 2.01593 1.96194 0.961694 0.882847 0.882847 0.882847 0.882847 0.859153 0.813954 0.768731 0.723533 0.678310 0.646219 0.795085 0.944551 1.08893 1.23338 1.36874 1.39915 1.39915 1.39915 1.39915 1.39915 1.39915 1.39915 1.34071 1.23142 1.14036 1.06334 0.998694 0.980074 0.980074 1.04866 0.785485 0.675851 0.675851 0.675851 0.675851 0.675851 0.675851 0.675851 0.675851 0.680839 0.690726 0.681407 0.744005 1.13325 1.17007 1.19105 1.16326 1.13100 1.10604 1.12205 1.12205 1.12205 1.12205 1.12205 1.12205 1.12205 1.12205 1.12205
2.01593 2.01593 2.01593 2.01593 2.01593 2.01410 1.39901 0.802083 0.756885 0.711686 0.666463 0.644958 0.644958 0.644958 0.680564 0.818639 0.963028 1.17312 1.39915 1.39915 1.39915 1.39915 1.39915 1.39915 1.37679 1.26861 1.17013 1.08763 1.01737 0.980282 0.980074 0.980074 0.980074 0.980074 0.980074 0.980074 0.998422 0.968711 0.675851 0.675851 0.676762 0.693172 0.716880 0.736002 0.730297 0.721374 0.704233 0.660881 0.628130 0.595890 0.957932 1.04696 1.01830 1.01383 1.01383 1.03808 1.12205 1.12205 1.12205 1.12205 1.12205 1.10235 1.05237 1.00212 0.951889
2.00915 1.96852 1.92332 1.87810 1.83290 1.78953 1.68203 0.686202 0.644958 0.644958 0.655306 0.771836 0.916278 1.06056 1.16924 1.17561 1.17561 1.17895 1.37735 1.39667 1.31215 1.20628 1.11801 1.04346 0.989820 0.984507 0.984507 0.984507 0.984507 0.981767 0.980074 0.980074 0.980074 0.980074 0.980074 0.968558 0.935846 0.992981 0.800627 0.787722 0.786979 0.747344 0.676046 0.611297 0.576343 0.544085 0.511917 0.498266 0.498266 0.498266 0.688233 1.01383 1.01383 1.01383 1.01383 1.01522 1.09338 1.05652 1.00633 0.955992 0.905739 0.875187 0.874866 0.874866 0.874866
1.78261 1.77804 1.77804 1.77804 1.77804 1.77804 1.77793 1.13186 0.869475 1.01376 1.14775 1.17561 1.17561 1.17561 1.17561 1.14100 1.04908 0.971626 0.995396 1.00446 0.984507 0.984507 0.984507 0.984507 0.984507 0.984507 0.984507 0.984507 0.984507 0.982704 0.954964 0.923093 0.894601 0.868964 0.845774 0.830976 0.816678 0.821802 0.785667 0.563471 0.524521 0.499857 0.498266 0.498266 0.498266 0.498266 0.498266 0.498266 0.498266 0.498266 0.517135 0.971910 0.972928 0.939377 0.905908 0.872406 0.861864 0.874866 0.874866 0.874866 0.874866 0.874866 0.874866 0.874866 0.874866
1.77804 1.77804 1.77804 1.74865 1.59889 1.43626 1.27378 1.19545 1.17595 1.17561 1.16610 1.08335 1.00005 0.930412 0.871481 0.836408 0.835477 0.835477 0.859961 0.984388 0.984507 0.984507 0.984507 0.984507 0.977315 0.945471 0.914851 0.887379 0.862643 0.840660 0.830895 0.828012 0.819120 0.797602 0.775759 0.754161 0.746202 0.745127 0.738476 0.540209 0.498266 0.498266 0.498266 0.498266 0.498266 0.498266 0.498931 0.503963 0.509793 0.515630 0.521452 0.712041 0.849039 0.849039 0.849039 0.849039 0.852728 0.874866 0.874866 0.874866 0.874866 0.879763 0.978379 1.11291 1.24713
1.66968 1.50701 1.34445 1.21122 1.19830 1.19830 1.16519 1.10095 1.01230 0.893240 0.843925 0.835477 0.835477 0.835477 0.835477 0.835477 0.835477 0.835477 0.835477 0.952720 0.939178 0.903123 0.876846 0.853072 0.835579 0.832717 0.830306 0.827892 0.823085 0.803687 0.780988 0.759494 0.746524 0.746202 0.746202 0.746202 0.746202 0.746202 0.733297 0.670979 0.498266 0.498424 0.502535 0.508363 0.514199 0.520024 0.525195 0.525990 0.525990 0.525990 0.525990 0.584943 0.848953 0.849039 0.849039 0.849039 0.849044 0.869154 0.951155 1.08551 1.21989 1.34937 1.38503 1.38503 1.38503
1.21303 1.19212 1.13426 1.07544 1.02660 0.985368 0.965059 0.964997 0.958134 0.843532 0.835477 0.835477 0.835477 0.835477 0.835477 0.835477 0.835477 0.835477 0.835477 0.897866 0.884467 0.829275 0.826862 0.824447 0.821735 0.807860 0.788439 0.769032 0.751979 0.749527 0.749337 0.746346 0.746202 0.746202 0.746202 0.746202 0.746202 0.748333 0.747291 0.765339 0.540173 0.524271 0.525990 0.525990 0.525990 0.525990 0.525990 0.525990 0.525990 0.525990 0.525990 0.525990 0.780497 0.849039 0.882540 0.971206 1.06089 1.21496 1.38503 1.38503 1.38503 1.38503 1.38503 1.38503 1.38503
1.06975 0.971398 0.964997 0.964997 0.964997 0.964997 0.964997 0.964997 0.964997 0.890206 0.835477 0.835477 0.835477 0.835477 0.847929 0.890894 0.935256 0.979664 1.02400 1.05620 0.933144 0.813881 0.794646 0.775211 0.756119 0.749527 0.749527 0.749527 0.749527 0.749527 0.749527 0.747491 0.747406 0.751631 0.756008 0.760377 0.764752 0.766996 0.766811 0.756756 0.683166 0.525990 0.525990 0.525990 0.525990 0.525990 0.525990 0.525990 0.525990 0.525990 0.545513 0.630064 0.846703 1.13220 1.18833 1.18908 1.18383 1.18961 1.38143 1.38503 1.38503 1.38503 1.38503 1.38503 1.38503
1.07423 0.964997 0.964997 0.964997 0.964997 0.964997 0.964997 0.964997 0.964997 0.965337 0.902269 0.946311 0.990649 1.03496 1.06685 1.06822 1.06822 1.06447 1.04132 1.01541 0.923262 0.766408 0.749527 0.749527 0.749527 0.749527 0.749527 0.751697 0.777606 0.810146 0.842686 0.851810 0.766852 0.766996 0.766996 0.766996 0.766996 0.766996 0.766996 0.756435 0.790064 0.533894 0.525990 0.525990 0.525990 0.525990 0.535411 0.611800 0.701385 0.791004 0.858632 0.855567 0.862857 1.14560 1.15317 1.14475 1.14153 1.14153 1.29888 1.38503 1.38503 1.38503 1.38503 1.38503 1.38210
1.09940 0.991438 0.964997 0.966324 0.998070 1.04248 1.08679 1.13113 1.17547 1.19772 1.10042 1.06822 1.06822 1.06760 1.04960 1.02369 0.997787 0.975649 0.972884 0.972884 0.944877 0.807997 0.749527 0.764734 0.797259 0.829724 0.862279 0.892649 0.899204 0.899204 0.899204 0.899191 0.792129 0.766996 0.766996 0.766996 0.766996 0.766996 0.768780 0.781310 0.809508 0.653071 0.528915 0.593570 0.682651 0.765508 0.837182 0.841871 0.833389 0.824908 0.818760 0.818479 0.818479 1.01386 1.14153 1.14153 1.14153 1.14153 1.20960 1.38290 1.36894 1.35318 1.33742 1.32166 1.30884
1.22792 1.21499 1.14212 1.18510 1.19774 1.19774 1.19774 1.19774 1.19774 1.19774 1.15017 1.03198 1.00606 0.980788 0.972884 0.972884 0.972884 0.972884 0.979909 1.01926 1.06162 0.997420 0.884077 0.899189 0.899204 0.899204 0.899204 0.899204 0.899204 0.899204 0.899204 0.899204 0.845065 0.773806 0.792880 0.814118 0.837650 0.863914 0.890263 0.865070 0.790050 0.722748 0.811363 0.828180 0.820231 0.818479 0.818479 0.818479 0.818479 0.818479 0.818479 0.818479 0.818479 0.886513 1.14055 1.13175 1.12124 1.11074 1.10737 1.29535 1.30763 1.30763 1.30763 1.30763 1.30763
1.44358 1.42669 1.20524 1.19774 1.19774 1.19774 1.19759 1.19623 1.19467 1.19309 1.18813 0.997097 0.972884 0.973523 1.00206 1.04539 1.08877 1.13214 1.16844 1.17245 1.17245 1.11974 0.941528 0.899204 0.899204 0.899204 0.899204 0.900213 0.918746 0.945668 0.975455 1.00857 1.03641 0.901692 0.877987 0.848316 0.785321 0.719385 0.653454 0.617435 0.631739 0.652486 0.772682 0.818479 0.818479 0.818479 0.818479 0.818479 0.818479 0.818175 0.808780 0.795199 0.781599 0.768077 1.02998 1.08993 1.08993 1.08993 1.08993 1.20770 1.30763 1.30763 1.30763 1.30763 1.30720
1.44358 1.44358 1.28204 1.19695 1.19536 1.19378 1.19235 1.19210 1.19210 1.20523 1.26082 1.19505 1.11488 1.15763 1.17245 1.17245 1.17245 1.17245 1.17245 1.17245 1.17245 1.15768 1.00840 0.929755 0.957855 0.988947 1.02365 1.06079 1.06550 1.04587 1.02560 1.00306 0.947715 0.775890 0.656552 0.620287 0.617347 0.617347 0.617347 0.617347 0.619737 0.651481 0.697595 0.818479 0.818479 0.811929 0.798342 0.784755 0.771161 0.757879 0.753687 0.753687 0.753687 0.753687 0.896003 1.08993 1.08993 1.08993 1.08993 1.13369 1.30763 1.27301 1.18620 1.09882 1.01194
1.44189 1.44029 1.37092 1.19210 1.19280 1.22846 1.29075 1.36473 1.45383 1.53398 1.53895 1.48638 1.18222 1.17245 1.17245 1.17245 1.17245 1.17245 1.17245 1.17245 1.17245 1.17245 1.09472 1.05771 1.03745 1.01722 0.996977 0.976744 0.939579 0.893295 0.847602 0.804212 0.793625 0.757312 0.617347 0.617347 0.617347 0.617347 0.617347 0.617347 0.613517 0.623870 0.622307 0.743951 0.760723 0.753687 0.753687 0.753687 0.753687 0.753687 0.753687 0.753687 0.753687 0.753687 0.775567 1.07799 1.08993 1.07647 1.02122 0.964184 1.01168 0.977150 0.976654 0.976654 0.976654
1.45189 1.52432 1.61271 1.44038 1.49994 1.53895 1.53895 1.53895 1.53895 1.53895 1.53895 1.53895 1.27539 1.17245 1.17245 1.17245 1.17245 1.16860 1.13480 1.09469 1.05461 1.01450 0.973713 0.961674 0.951322 0.908049 0.862316 0.816631 0.793625 0.793625 0.793625 0.793625 0.793625 0.793625 0.651791 0.615519 0.603507 0.589914 0.576333 0.562740 0.552982 0.563057 0.587693 0.648658 0.753687 0.753687 0.753687 0.753687 0.753687 0.753687 0.753687 0.753687 0.753687 0.747266 0.697200 0.852874 0.917002 0.872232 0.869275 0.875910 0.933560 0.976654 0.976654 0.976654 0.976654
1.89680 1.90771 1.90771 1.71825 1.53895 1.53895 1.53895 1.53895 1.53895 1.53895 1.53895 1.53895 1.41177 1.12889 1.08438 1.04426 1.00421 0.967930 0.961648 0.961648 0.958825 0.922762 0.877071 0.831401 0.796045 0.793625 0.793625 0.793625 0.793625 0.793625 0.793940 0.810310 0.835594 0.860866 0.757633 0.554129 0.552554 0.552554 0.552554 0.552554 0.552554 0.553166 0.584573 0.591345 0.735937 0.753687 0.753687 0.753687 0.753687 0.751745 0.709446 0.651260 0.592986 0.542871 0.551890 0.654516 0.930211 0.951234 0.972269 0.986669 0.985780 0.976654 0.976654 0.976654 0.976654
1.90771 1.87868 1.75096 1.59294 1.32064 1.53895 1.53895 1.51163 1.45149 1.39138 1.33120 1.27109 1.22243 1.01651 0.961648 0.961648 0.961631 0.937517 0.891830 0.846098 0.803229 0.793600 0.793600 0.793616 0.793625 0.793625 0.801035 0.825632 0.850928 0.876223 0.901193 0.910141 0.910141 0.910141 0.891189 0.569075 0.552554 0.552554 0.552554 0.552554 0.552554 0.552554 0.572179 0.587693 0.664499 0.753621 0.721736 0.663484 0.615753 0.580511 0.585593 0.606639 0.627650 0.647035 0.650877 0.651751 0.935471 0.987117 0.987117 0.987117 0.987117 0.979304 0.977469 0.992541 1.01277
1.44550 1.38486 1.31885 1.22117 1.04687 1.27551 1.25557 1.22281 1.22274 1.22274 1.22274 1.22274 1.22274 1.10841 0.909712 0.860870 0.815177 0.793600 0.793600 0.793600 0.793600 0.795347 0.815656 0.840947 0.866269 0.891568 0.909442 0.910141 0.910141 0.910141 0.910141 0.910141 0.910141 0.910141 0.910141 0.692327 0.552554 0.552554 0.552554 0.552554 0.552554 0.552554 0.584556 0.718610 0.827350 0.643491 0.619272 0.640318 0.650877 0.650877 0.650877 0.650877 0.650877 0.650877 0.650877 0.650877 0.804026 0.987375 0.996523 1.01001 1.02349 1.04209 1.07085 1.07601 1.07601
1.01749 0.920447 0.883311 0.883311 0.898335 1.05964 1.22274 1.22274 1.22274 1.22179 1.19991 1.16950 1.13906 1.09773 0.864505 0.793600 0.793600 0.805694 0.831001 0.856285 0.881581 0.905129 0.910116 0.910116 0.910138 0.910141 0.910141 0.910141 0.910141 0.910141 0.910141 0.910141 0.910141 0.910141 0.910141 0.834565 0.552554 0.552665 0.562231 0.648551 0.765215 0.901747 1.01873 1.02089 1.02011 0.813171 0.650877 0.650877 0.650877 0.650877 0.650877 0.650877 0.650877 0.690127 0.770502 0.850839 0.945706 1.04856 1.05335 1.05335 1.05335 1.05490 1.07558 1.07601 1.07601
0.883311 0.883311 0.883311 0.883311 0.885092 0.958669 1.21245 1.18265 1.15223 1.12276 1.11421 1.11421 1.11498 1.11946 1.02494 0.871958 0.896914 0.910116 0.910116 0.910116 0.910116 0.910116 0.910116 0.910116 0.910129 0.910141 0.910141 0.910141 0.910141 0.910141 0.910141 0.912174 0.931964 0.958660 0.990220 1.09564 0.849243 0.891001 1.00637 1.02614 1.02614 1.02614 1.02614 1.02282 1.02011 0.973842 0.656194 0.650877 0.673486 0.751298 0.831646 0.912009 0.992346 1.03343 1.03343 1.03343 1.03343 1.04679 1.05335 1.05335 1.05335 1.05335 1.06771 1.07601 1.08010
0.883311 0.883311 0.881806 0.865401 0.845085 0.849642 1.04115 1.11421 1.11684 1.12149 1.12532 1.12854 1.13092 1.13121 1.12548 0.963477 0.910116 0.910116 0.910116 0.910116 0.910116 0.910116 0.910116 0.910116 0.910119 0.910141 0.918326 0.942820 0.971090 1.00377 1.04190 1.12412 1.25864 1.38671 1.51383 1.56252 1.33949 1.02614 1.02614 1.02614 1.02614 1.02614 1.02614 1.04034 1.10179 1.18166 1.01797 0.973141 1.03091 1.03343 1.03343 1.03343 1.03343 1.03343 1.03343 1.03343 1.03343 1.03898 1.05335 1.05335 1.05474 1.06405 1.04848 1.05073 1.13549
0.853862 0.833608 0.814796 0.813568 0.834357 0.864198 0.982239 1.12985 1.13121 1.13121 1.13121 1.13121 1.13121 1.13121 1.13106 1.05801 0.910116 0.910116 0.910116 0.910116 0.910357 0.928278 0.956990 0.985687 1.01440 1.05450 1.09012 1.10628 1.21802 1.34617 1.47424 1.56026 1.56252 1.56252 1.56252 1.56252 1.53066 1.04819 1.03062 1.11916 1.23966 1.36023 1.48073 1.58551 1.44486 1.40266 1.32468 1.03351 1.03343 1.03343 1.03343 1.03343 1.03343 1.03343 1.03343 1.03343 1.02243 0.978768 0.953574 0.918270 0.883282 0.845408 0.825621 0.811701 1.13566
0.844666 0.864961 0.882846 0.897222 0.899520 0.899590 0.935368 1.12258 1.13121 1.13121 1.13121 1.13121 1.13121 1.13121 1.13121 1.12311 0.972292 0.964089 0.992801 1.02150 1.05001 1.06084 1.06084 1.06219 1.11865 1.23444 1.43370 1.54610 1.56252 1.56252 1.56252 1.56252 1.56252 1.56252 1.58491 1.64650 1.72646 1.55114 1.56801 1.59997 1.59997 1.59997 1.59997 1.59997 1.51377 1.40266 1.40266 1.12168 1.03343 1.03343 1.03176 0.991289 0.939641 0.898620 0.865088 0.834648 0.813306 0.811842 0.817641 0.823588 0.821991 0.820398 0.818969 0.790138 1.03269
0.899520 0.899520 0.899520 0.899520 0.900857 0.923187 0.971249 1.09764 1.13121 1.13121 1.13686 1.16362 1.19236 1.22107 1.24978 1.27458 1.18953 1.06084 1.06084 1.06084 1.09245 1.17701 1.26245 1.34650 1.37541 1.38244 1.55189 1.56252 1.56252 1.56970 1.62051 1.69245 1.78775 1.91984 2.02101 2.02156 2.02156 1.86793 1.59997 1.59997 1.59997 1.59997 1.59997 1.59997 1.59037 1.41088 1.30173 1.13375 0.866962 0.830882 0.803734 0.801323 0.807676 0.809269 0.807671 0.806074 0.804481 0.803802 0.805506 0.818585 0.818743 0.818743 0.818743 0.807834 0.890909
0.925968 0.958492 0.994705 1.03534 1.07887 1.09554 1.11425 1.19813 1.22817 1.25688 1.27994 1.28193 1.28193 1.28193 1.28193 1.28193 1.26789 1.16168 1.23536 1.32077 1.37459 1.37541 1.37541 1.37541 1.37561 1.38863 1.54412 1.74698 1.86235 2.00031 2.02156 2.02156 2.02156 2.02156 2.02156 2.02156 2.02156 2.02097 1.64058 1.59997 1.59997 1.59997 1.59997 1.59997 1.59997 1.42857 0.979201 0.800952 0.775845 0.806655 0.805100 0.803879 0.803802 0.803802 0.803802 0.803802 0.803802 0.803802 0.803802 0.814459 0.818743 0.828190 0.850257 0.872116 0.895901
1.09662 1.11091 1.12530 1.13966 1.15404 1.16361 1.16383 1.24847 1.28193 1.28193 1.28193 1.28193 1.28201 1.29660 1.32180 1.34699 1.36349 1.36196 1.37541 1.37541 1.38104 1.40242 1.42824 1.45896 1.49567 1.51137 1.59086 2.02156 2.02156 2.02156 2.02156 2.02156 2.02156 2.02156 2.02156 2.02156 2.02156 2.02156 1.76918 1.59997 1.59648 1.57546 1.41627 1.23333 1.07481 0.927309 0.709747 0.608498 0.689319 0.803802 0.803802 0.803802 0.803802 0.803802 0.803802 0.803802 0.798444 0.777857 0.754036 0.783217 0.914730 0.927394 0.927448 0.927448 0.920481
1.16377 1.16383 1.16383 1.16383 1.16383 1.16383 1.16383 1.20364 1.28193 1.28719 1.31082 1.33601 1.36112 1.37172 1.37172 1.37577 1.44075 1.42308 1.44432 1.48062 1.50999 1.51137 1.51137 1.51137 1.51137 1.51137 1.51371 1.91788 2.02156 2.02156 2.02156 2.02156 2.02156 2.02156 2.02070 1.96194 1.88906 1.83421 1.63737 1.30830 1.15258 1.00003 0.959879 0.959879 0.959879 0.959355 0.805957 0.612806 0.616339 0.789278 0.803802 0.801370 0.783119 0.759937 0.733881 0.704348 0.680152 0.678940 0.678940 0.685686 0.910424 0.927448 0.927448 0.927448 0.925395
