results/OMI_NO2_200712.asc
ncols      200
nrows      200
xllcorner       120.258
yllcorner       41.1236
cellsize     0.0166667
NODATA_Value      -999.000
[rows 87 to 115 of 164, columns 128 to 191 of 200]
0.400083 0.400083 0.400083 0.400083 0.399269 0.302140 0.290942 0.290942 0.435165 0.559152 0.559152 0.559152 0.559152 0.559152 0.559458 0.673557 0.672940 0.651678 0.633207 0.625025 0.972416 1.04040 1.05041 1.03454 0.936936 0.802905 0.732835 0.684203 0.684203 0.684203 0.684203 0.684203 0.684203 0.840608 0.922140 0.922140 0.922140 0.922140 0.922140 0.922140 0.922140 0.633945 0.465333 0.465333 0.427364 0.450007 0.450007 0.549773 0.649935 0.649935 0.649935 0.649935 0.649935 0.649935 0.662089 1.11012 1.45741 1.74022 2.02289 2.28848 2.34890 2.27925 1.14679 1.12379
0.400083 0.400083 0.400083 0.400083 0.400083 0.337557 0.290942 0.290942 0.340964 0.569576 0.578087 0.587230 0.597123 0.609299 0.626565 0.578956 0.541825 0.546070 0.530226 0.500540 0.742732 0.983764 0.965989 0.945654 0.898676 0.685554 0.684203 0.684203 0.684203 0.684203 0.684203 0.684203 0.684203 0.762057 0.922140 0.922140 0.922140 0.922140 0.922140 0.922140 0.922140 0.814919 0.465333 0.465333 0.436965 0.448680 0.450007 0.498087 0.649935 0.655143 0.888851 1.24202 1.59518 1.95976 2.31774 2.41874 2.39853 2.41212 2.42568 2.43930 2.45324 2.47784 1.69367 1.09281
0.400137 0.401404 0.403232 0.405169 0.407220 0.374710 0.279957 0.277486 0.276170 0.579259 0.644521 0.645722 0.622488 0.591338 0.551396 0.480135 0.377432 0.333709 0.316400 0.316400 0.395702 0.916185 0.927700 0.927700 0.927700 0.722157 0.684203 0.684203 0.684203 0.684203 0.684203 0.684203 0.684203 0.701787 0.920218 0.922140 0.922140 0.922140 0.922140 0.922140 0.922140 0.923933 0.573662 0.538399 0.578653 0.824116 1.31276 1.79041 2.05460 2.41592 2.55538 2.57498 2.59450 2.60326 2.60592 2.60857 2.54601 2.53692 2.55918 2.58480 2.61322 2.64367 2.39365 1.14968
0.415208 0.415941 0.415941 0.415941 0.417998 0.418181 0.301207 0.307699 0.318220 0.397734 0.429922 0.376932 0.370435 0.370435 0.370435 0.369975 0.320455 0.316400 0.316400 0.316859 0.343606 0.763372 0.933912 0.935647 0.937310 0.806022 0.713558 0.717224 0.720760 0.724209 0.727625 0.743728 0.769252 0.794268 0.989367 1.08539 1.11431 1.14242 1.16971 1.19629 1.28866 1.46400 1.81499 2.63129 3.08749 2.78847 2.52695 2.52695 2.62924 2.66911 2.66911 2.66911 2.66911 2.66911 2.68179 2.76717 2.86000 2.98111 3.10383 3.23596 3.38050 3.50440 3.50840 1.84242
0.433405 0.443761 0.454124 0.464485 0.472798 0.477439 0.400158 0.363692 0.366652 0.374803 0.429196 0.433808 0.438258 0.442649 0.447099 0.451480 0.400962 0.376324 0.379297 0.381758 0.403747 0.703194 0.962871 0.962871 0.962871 0.933737 0.894579 0.914223 0.933888 0.953532 0.973155 0.981778 0.981778 0.981778 1.08248 1.27385 1.41182 1.55684 1.70186 1.84695 1.92982 1.93017 2.02999 3.21235 3.25014 3.04289 2.52695 2.53391 2.67900 2.85723 2.96784 3.08817 3.21879 3.36179 3.49602 3.51452 3.51452 3.51452 3.51452 3.51452 3.51452 3.51452 3.51452 2.73116
0.495099 0.508305 0.508305 0.508305 0.508305 0.508305 0.468737 0.398859 0.398859 0.398859 0.448178 0.468886 0.468886 0.468886 0.468886 0.468886 0.440503 0.382034 0.382034 0.382034 0.382034 0.578008 0.912337 0.962871 0.962871 0.962970 0.980282 0.981778 0.981778 0.981778 0.992707 1.08500 1.19383 1.30258 1.45637 1.92301 1.93017 1.93017 1.93017 1.93017 1.93017 1.93017 1.93017 2.79106 3.25014 3.24514 3.15680 3.29723 3.37189 3.51452 3.51452 3.51452 3.51452 3.51452 3.51452 3.51452 3.51452 3.51452 3.51452 3.51452 3.51452 3.51452 3.51452 3.36899
0.468043 0.509864 0.512519 0.515171 0.517816 0.520470 0.511172 0.398949 0.398859 0.398859 0.422305 0.468886 0.468886 0.468886 0.468886 0.468886 0.467590 0.387523 0.382034 0.382034 0.382034 0.520572 0.772282 0.962871 0.962871 0.966048 1.06134 1.18288 1.33003 1.48754 1.64420 1.71756 1.77668 1.84050 1.90807 1.93017 1.93017 1.93017 1.93017 1.93017 1.93017 1.93017 1.93017 2.26973 3.25014 3.25014 3.29647 3.32497 3.33179 3.51000 3.51452 3.51452 3.51452 3.51452 3.51452 3.51452 3.51452 3.51452 3.51452 3.51452 3.51452 3.51452 3.51535 3.62603
0.468551 0.529422 0.533208 0.533208 0.533208 0.533208 0.533208 0.427293 0.398859 0.398859 0.403305 0.467519 0.468886 0.468886 0.468886 0.468886 0.468886 0.409400 0.382034 0.384055 0.391736 0.473661 0.643719 1.53005 1.83141 2.12039 2.13783 1.93017 1.93017 1.93017 1.93017 1.93017 1.93017 1.93017 1.93017 1.93017 1.93017 1.93017 1.93017 1.93017 1.93017 1.93017 1.93017 1.93611 3.06235 3.25014 3.27495 3.32497 3.32497 3.47222 3.51452 3.51452 3.51452 3.51452 3.51452 3.51452 3.51452 3.51452 3.61045 3.79818 3.98556 4.17261 4.35951 4.43609
0.466644 0.505340 0.533208 0.533208 0.533208 0.533208 0.533208 0.471138 0.398859 0.398859 0.398859 0.443736 0.468886 0.468886 0.468886 0.468886 0.461096 0.400621 0.340513 0.286185 0.225657 0.230553 0.532682 1.74271 2.37600 2.37600 2.34440 1.93811 1.93017 1.93017 1.93017 1.93017 1.93017 1.93017 1.93017 1.93017 1.93017 1.93017 1.93017 1.93017 1.93017 1.93017 1.93017 1.93017 2.54735 3.25014 3.25458 3.32366 3.32497 3.42789 3.51452 3.51452 3.51452 3.59571 3.78264 3.96977 4.15741 4.38971 4.61704 4.75548 4.89441 5.03285 5.17130 5.30974
0.466644 0.478338 0.533142 0.533208 0.533208 0.533208 0.533208 0.508017 0.398859 0.398859 0.398859 0.418733 0.432029 0.371355 0.310652 0.249921 0.197037 0.189666 0.189666 0.189666 0.189666 0.189666 0.489695 1.00826 2.37600 2.37600 2.37600 2.01878 1.93017 1.93017 1.93017 1.93017 1.93017 1.93017 1.93017 1.93017 1.93017 1.93017 1.93017 1.93017 1.93017 1.93017 1.93017 1.93017 2.05194 3.22372 3.23199 3.46157 3.77340 4.15581 4.61293 4.93864 5.26485 5.50990 5.64313 5.76609 5.88936 5.96744 5.95449 5.93900 5.92351 5.90803 5.89254 5.87705
0.466644 0.466644 0.517765 0.533208 0.533208 0.533208 0.533208 0.524361 0.364832 0.312057 0.270254 0.222533 0.189666 0.189666 0.189666 0.189666 0.189666 0.189666 0.189666 0.189666 0.189666 0.189666 0.406037 0.540424 2.10651 2.37600 2.37567 2.12932 1.91591 1.90761 1.89938 1.89115 1.88292 1.87455 1.86632 1.84847 1.81255 1.77616 1.73967 1.70337 1.66698 1.63058 1.59413 1.56517 1.55820 2.66899 3.39853 4.49411 5.65079 5.64287 5.56741 5.55161 5.53612 5.52064 5.51082 5.51082 5.51082 5.51082 5.40541 5.21309 5.03730 4.87643 4.72797 4.59117
0.466644 0.466644 0.491060 0.519804 0.499421 0.477397 0.452567 0.434358 0.299271 0.166741 0.161956 0.156956 0.151607 0.146025 0.140046 0.133774 0.127034 0.119935 0.112276 0.104177 0.0953778 0.0860479 0.174403 0.244848 1.07968 2.06327 2.05125 1.97431 1.59844 1.57037 1.54216 1.51409 1.48593 1.45775 1.42971 1.41111 1.41072 1.41072 1.41380 1.43997 1.47083 1.50163 1.53248 1.55591 1.55733 2.15343 3.65227 4.00763 5.61346 5.61346 5.52646 5.43170 5.23845 5.06051 4.89775 4.74752 4.60934 4.48114 4.42185 4.42185 4.42185 4.42185 4.42185 4.42185
0.627757 0.719665 0.843434 0.500653 0.484203 0.484203 0.484203 0.484203 0.391778 0.0321501 0.0321501 0.0321501 0.0321501 0.0321501 0.0321501 0.0321501 0.0321501 0.0321501 0.0321501 0.0321501 0.0321501 0.0321501 0.0757924 0.204255 0.371339 2.16886 2.40895 2.58828 2.06329 2.10785 2.23042 2.34531 2.45503 2.55968 1.97050 1.46324 1.49405 1.52492 1.55266 1.55733 1.55733 1.55733 1.55733 1.55733 1.55196 1.54415 3.16841 3.28938 4.65661 4.70952 4.52891 4.42275 4.42185 4.42185 4.42185 4.42185 4.42185 4.42185 4.42185 4.42185 4.42185 4.42185 4.42185 4.42185
0.936255 0.936255 0.936255 0.615481 0.484161 0.475839 0.461218 0.446665 0.416388 0.0443020 0.0321501 0.0321501 0.0321501 0.0321501 0.0390638 0.457214 1.02709 1.41923 1.73698 2.00071 2.22453 2.41559 2.57974 2.06042 2.12521 2.84283 3.17513 3.15042 2.72795 2.63779 2.71480 2.73794 2.76108 2.77841 2.39012 1.48455 1.45056 1.50327 1.53595 1.50755 1.48166 1.45797 1.43621 1.41616 1.40067 1.39911 2.18231 2.97031 3.87541 4.49883 4.47011 4.42185 4.42185 4.42185 4.42185 4.42185 4.42185 4.42185 4.42185 4.42185 4.42185 4.42185 4.42185 4.42185
0.790286 0.761098 0.731937 0.736801 0.538998 0.545039 0.556360 0.567350 0.577931 0.561557 0.563476 0.579159 0.593971 0.608227 0.619979 1.83904 2.57845 2.57845 2.57845 2.57845 2.57845 2.57845 2.57845 2.18110 2.04135 2.33297 3.00075 2.99834 2.77140 2.49688 2.55878 2.48321 2.38091 2.29435 2.19934 1.31180 1.28050 1.31080 1.39911 1.39911 1.39911 1.39911 1.39911 1.39911 1.39911 1.39911 1.58149 2.95378 3.44511 4.48907 4.48811 4.42185 4.42185 4.42185 4.42185 4.42185 4.42185 4.42185 4.42185 4.42185 4.42185 4.56082 5.03673 5.52811
0.661153 0.661153 0.661153 0.812528 0.692124 0.634728 0.634728 0.634728 0.634728 0.630122 0.621516 0.621516 0.621516 0.621516 0.621516 1.21685 2.57845 2.57845 2.57845 2.58130 2.63977 2.65673 2.63971 2.37897 2.10962 2.07025 2.55211 2.59646 2.58265 2.26016 2.38001 2.28374 2.13741 2.13741 2.13741 1.51320 1.26643 1.27153 1.39278 1.39911 1.39911 1.39911 1.39911 1.39911 1.39911 1.39911 1.39911 2.51902 3.05304 4.44013 4.49869 4.42960 4.42185 4.42185 4.42185 4.42185 4.52922 4.99247 5.48371 5.97544 6.46716 6.81815 6.82019 6.80427
0.661153 0.661153 0.661153 0.725170 0.806772 0.634728 0.634728 0.634728 0.634728 0.633358 0.621516 0.621516 0.621516 0.621516 0.621516 0.696145 2.58321 2.77143 2.85299 2.93173 2.60491 2.39925 2.39925 2.31409 1.99468 1.99468 2.27436 2.59478 2.59478 2.31660 2.37935 2.36608 2.14518 2.13741 2.13741 1.77581 1.26643 1.26643 1.34790 1.39911 1.39911 1.39911 1.39911 1.39911 1.39911 1.39911 1.39911 1.90109 2.97031 4.08228 4.49236 4.50584 4.90981 5.38501 5.86066 6.33616 6.70409 6.71664 6.70072 6.68476 6.66883 6.65421 6.65139 6.65680
0.661153 0.661153 0.661153 0.661208 0.909017 0.653984 0.634728 0.634728 0.634728 0.634728 0.636743 0.739852 0.862242 0.984632 1.10702 1.18342 2.45671 2.95376 2.95376 2.95376 2.79016 2.39925 2.39925 2.39622 2.01855 1.99468 2.04856 2.58191 2.59478 2.41690 2.34415 2.38001 2.20887 2.13741 2.13976 2.02438 1.28124 1.28821 1.33517 1.46663 1.54268 1.62435 1.70731 1.79213 1.87920 1.96739 2.11061 2.72006 5.01254 6.22553 7.32163 7.45517 6.93608 6.94878 6.96148 6.97422 6.98692 6.99962 7.01232 7.02502 7.03772 7.05732 7.12379 7.19386
0.661153 0.661153 0.661153 0.661153 0.874141 0.748932 0.681154 0.762748 0.844341 0.925897 1.07476 1.18449 1.18449 1.18449 1.18449 1.18449 1.94171 2.95376 2.95376 2.95376 2.94933 2.44858 2.39925 2.39925 2.26630 2.24327 2.25996 2.74909 3.00481 2.96673 2.76206 2.99806 2.92772 2.72855 2.79441 2.84689 2.13705 2.06608 2.14266 2.62936 2.66859 2.68073 3.13113 3.80305 4.47497 5.14689 5.75584 5.86516 6.99600 8.12145 8.80522 8.42131 7.07054 7.07054 7.07416 7.12314 7.18597 7.24867 7.31154 7.37428 7.43711 7.49307 7.50205 7.50205
0.661153 0.661153 0.661153 0.661153 0.813305 0.945922 1.00961 1.01004 1.01004 1.01004 1.04245 1.18449 1.18449 1.18449 1.18449 1.18449 1.33107 2.92798 2.95430 2.96437 2.97727 2.66951 2.48348 2.50333 2.52231 2.54048 2.55789 2.74241 3.19463 3.22919 3.35615 3.73710 3.77178 3.29309 3.31349 3.35979 2.76757 2.41145 2.91467 3.92414 4.98451 5.64428 5.86516 5.86516 5.86516 5.86516 5.86516 5.86632 6.33978 8.59275 9.80166 9.13101 7.44465 7.42917 7.48833 7.50205 7.50205 7.50205 7.50205 7.50205 7.50205 7.50205 7.50205 7.50205
0.661153 0.661153 0.661153 0.661153 0.726539 0.936017 0.994410 1.01004 1.01018 1.02062 1.03954 1.40727 1.53227 1.60653 1.67503 1.73841 1.79723 2.79852 3.05813 3.10184 3.15972 3.10917 2.78764 2.84883 2.90985 2.97108 3.03226 3.09787 3.67432 3.78094 3.80195 4.15614 4.28156 4.23849 4.39899 4.80195 4.98105 4.57908 4.57223 4.86949 5.86516 5.93159 6.19005 6.48832 6.82264 7.19944 7.62767 8.11653 8.33553 10.7214 12.2248 9.88620 7.93088 7.50205 7.50205 7.50205 7.50205 7.50205 7.50205 7.50205 7.50205 7.50205 7.50205 7.50205
0.731949 0.802159 0.865937 0.924126 0.977407 1.28484 1.35919 1.35405 1.39515 1.47035 1.64593 2.27272 2.64487 2.77296 2.89344 3.00685 3.11401 3.52533 3.98274 4.01760 4.03599 4.04736 3.47001 3.38547 3.38547 3.38547 3.38547 3.38920 3.86317 4.77730 5.16014 6.04581 6.51810 6.15332 5.41296 5.51652 5.63203 5.00751 5.14766 5.37343 7.68037 8.31484 8.33553 8.33553 8.33553 8.33553 8.33553 8.33553 8.33553 9.47816 11.8870 10.8411 8.34598 7.50205 7.50205 7.50205 7.50205 7.50205 7.50205 7.50205 7.50205 7.50205 7.50205 7.50205
1.34965 1.58197 1.79265 1.98494 2.16049 2.71486 3.05512 2.69377 2.74337 2.80868 2.81173 3.01518 3.37273 3.37273 3.37273 3.37273 3.37273 3.46921 4.04790 4.04790 4.04790 4.04790 3.68136 3.40729 3.44577 3.47998 3.51385 3.54409 3.75009 5.66211 5.57100 5.70316 5.77781 5.63454 6.37013 6.50472 6.50472 6.00808 5.73708 5.73708 7.04715 8.33553 8.21001 7.49159 6.84304 6.31943 7.22879 8.33553 8.33553 8.44532 11.3648 12.0667 8.82459 7.50205 7.50205 7.50205 7.50205 7.50205 7.50205 7.52291 7.75111 8.03236 8.31388 8.59486
2.82679 2.82679 2.82679 2.82679 2.82679 3.03351 3.36295 3.04802 2.81173 2.81173 2.81173 2.85490 3.36616 3.37273 3.37273 3.37273 3.37273 3.37273 3.90108 3.92847 3.86115 3.79779 3.64767 3.43229 3.36981 3.31478 3.26302 3.21399 3.18075 4.50319 5.12397 5.22953 5.48814 5.48814 6.04716 6.50472 6.50472 6.23613 5.72916 5.47802 5.53398 6.47484 6.07453 6.02599 6.02599 6.02599 6.30675 8.32377 8.33553 8.33553 10.1669 12.3922 9.79160 7.53083 7.51925 7.75846 8.07072 8.38288 8.69462 8.98595 9.06969 9.10042 9.13119 9.16206
2.82679 2.82679 2.82679 2.82679 2.82679 2.90055 3.36295 3.28531 2.81754 2.81173 2.81173 2.81130 3.18581 3.22157 3.16864 3.12076 3.01670 2.96330 3.18333 3.35290 3.30068 3.25161 3.23417 3.19002 3.17943 3.17943 3.17943 3.17943 3.17943 3.72882 5.12397 5.15356 5.48814 5.48814 5.71299 6.37287 6.06670 5.71008 4.72688 4.65454 4.66640 5.85829 5.97983 5.91227 5.87413 5.84259 5.81113 7.04431 7.68074 7.61558 8.38240 11.4510 10.8450 8.94650 9.20849 9.44017 9.59323 9.65020 9.14934 9.14488 9.14042 9.13596 9.13149 9.12704
2.82679 2.82679 2.82679 2.82679 2.82679 2.82284 3.20416 3.14419 2.72400 2.55534 2.48073 2.41269 2.57018 2.75786 2.70783 2.65809 2.65083 2.75039 2.86966 3.18148 3.16041 3.13928 3.11886 3.07425 3.02657 3.00697 2.98623 2.96975 2.95348 2.95336 4.47654 4.64652 4.68612 4.55549 4.42307 4.78966 4.83203 4.82153 4.14943 3.98531 3.97956 4.41982 4.84762 4.97249 5.23710 5.61290 6.12005 6.94785 8.68936 9.21292 9.50633 11.1326 11.8565 10.4624 10.3810 10.1069 9.84793 9.58382 7.96249 8.70133 9.15068 9.17826 9.20582 9.23339
2.67301 2.59217 2.56071 2.49686 2.38946 2.28019 2.20098 2.26726 2.19520 2.07872 2.06494 2.05297 2.09863 2.35763 2.34405 2.33056 2.31733 2.36208 2.43064 2.78504 2.80962 2.80962 2.80992 2.81837 2.79844 2.81942 2.83517 2.85290 2.83448 2.80248 3.50488 4.21561 4.27480 4.35011 4.38751 4.69520 4.96928 5.01314 5.14156 5.47637 5.71012 6.30089 7.62953 7.96852 8.20225 8.32964 8.32997 8.25453 9.28261 9.31149 9.02746 9.26656 9.98197 9.03424 8.98787 8.97789 8.96786 8.95827 8.02302 8.06347 9.27749 9.27749 9.27749 9.27749
2.15264 2.00001 1.99689 2.00873 2.04030 2.04690 2.00775 2.10836 2.10726 2.00389 1.98905 1.98905 1.98942 2.28234 2.34445 2.36587 2.38715 2.42185 2.54326 2.81861 2.97235 2.99359 3.01486 3.04524 3.01973 2.98589 2.96072 2.93881 2.95712 2.99060 3.17474 4.49252 4.59514 4.69215 4.69105 4.81835 5.38326 5.55914 5.93569 6.70352 6.82262 6.82432 7.49334 7.38016 7.20148 6.93329 6.64405 6.42349 6.55198 6.88826 6.73071 6.65451 7.67031 8.05726 8.43289 8.43329 8.43329 8.43329 7.96631 7.18841 9.21528 9.27749 9.27749 9.27749
2.27940 2.04690 2.04690 2.04842 2.05721 2.06762 2.04282 2.14337 2.15226 2.10359 2.05072 2.05958 2.06841 2.34402 2.56389 2.59445 2.62500 2.65556 2.77351 2.98905 3.30095 3.27238 3.24049 3.19037 3.13917 3.11559 3.11433 3.10990 3.11003 3.11003 3.11218 4.20863 4.84214 5.07355 5.21985 5.35390 5.86612 5.94195 5.91929 6.47293 6.39342 6.27436 6.16737 6.06290 5.95835 5.92532 5.92532 5.92532 5.94005 6.49987 6.57080 6.57080 7.25003 7.89343 8.41039 8.43329 8.43329 8.43329 8.31829 7.07909 8.55223 9.27749 9.27749 9.27749
