results/OMI_NO2_201107.asc
ncols      200
nrows      200
xllcorner       120.258
yllcorner       41.1236
cellsize     0.0166667
NODATA_Value      -999.000
[rows 87 to 115 of 165, columns 0 to 66 of 200]
2.60939 2.60939 2.60939 2.60939 2.60939 2.60939 2.60939 2.60939 2.60939 2.60939 2.61926 2.73140 2.87036 3.00937 3.12820 3.13839 2.94269 1.74403 1.72650 1.72458 2.11933 3.92366 3.92498 3.92498 3.92498 3.92498 3.92498 3.92498 3.92498 3.92498 3.92498 3.92498 3.92498 3.92498 3.92498 3.92498 3.92498 3.92498 3.92498 3.92498 3.92498 3.92498 3.91630 3.90466 3.90466 3.90466 3.90466 3.90466 3.90466 3.93648 4.12083 4.32529 4.52964 4.73381 4.87580 4.88058 4.88058 4.88058 4.88058 4.88058 4.88058 4.88058 4.88058 4.90074 3.19824 3.09271 2.98664
2.60939 2.60939 2.60939 2.60939 2.60939 2.60939 2.61571 2.72077 2.85968 2.99726 3.11711 3.13346 3.12299 3.11252 3.10772 3.10772 3.10724 2.16430 1.72458 1.72458 1.72458 3.43649 3.92498 3.92498 3.92498 3.92498 3.92498 3.92498 3.92498 3.92498 3.92498 3.92498 3.92498 3.92498 3.92498 3.92498 3.92498 3.92498 3.92498 3.92498 3.92498 3.92498 3.92362 3.90537 3.91608 4.07526 4.27952 4.48387 4.68823 4.86068 4.88058 4.88058 4.88058 4.88058 4.88058 4.88058 4.88058 4.88058 4.88058 4.92002 5.23536 5.50249 5.69402 5.86216 2.73756 2.73705 2.73705
2.60939 2.60939 2.61299 2.71014 2.84910 2.98299 3.10516 3.12853 3.11805 3.10896 3.10772 3.10772 3.10772 3.10772 3.10772 3.10772 3.10772 2.77895 1.72458 1.72458 1.72458 2.55281 3.92498 3.92498 3.92498 3.92498 3.92498 3.92498 3.92498 3.92498 3.92498 3.92498 3.92498 3.92498 3.92498 3.92498 3.92498 3.92498 3.92498 3.92498 3.76723 3.44626 3.12544 3.93811 4.83540 4.88058 4.88058 4.88058 4.88058 4.88058 4.88058 4.88058 4.88058 4.88058 4.88058 4.96103 5.29197 5.54201 5.72357 5.85077 5.87167 5.87167 5.87167 5.87167 2.73705 2.73705 2.73705
2.83733 2.96737 3.09226 3.12360 3.11312 3.10772 3.10772 3.10772 3.10772 3.10772 3.10772 3.10772 3.10772 3.10772 3.10772 3.10772 3.10772 3.08380 1.92355 1.92385 2.00888 1.80974 3.78679 3.92498 3.92498 3.92498 3.92498 3.92498 3.92498 3.92498 3.92498 3.92498 3.92498 3.92498 3.92498 3.86717 3.57192 3.25125 2.93028 2.60961 2.44654 2.44654 2.44654 3.03729 4.88058 4.88058 4.88058 4.88058 4.88058 4.88058 4.88058 5.01441 5.34455 5.57963 5.75148 5.86191 5.87167 5.87167 5.87167 5.87167 5.87167 5.87167 5.87167 5.87167 2.73705 2.73705 2.73705
3.11506 3.10772 3.10772 3.10772 3.10772 3.10772 3.10772 3.10772 3.10772 3.10772 3.10772 3.10772 3.10772 3.10772 3.10772 3.16535 3.69763 4.22558 4.69464 5.22035 4.15980 1.72458 2.98761 3.92498 3.92498 3.92498 3.92498 3.92498 3.92498 3.92498 3.91803 3.69759 3.37677 3.05610 2.73528 2.47211 2.44654 2.44654 2.44654 2.44654 2.44654 2.44654 2.44654 2.45287 4.50443 4.88058 4.88058 5.07798 5.39383 5.61485 5.77818 5.86874 5.87167 5.87167 5.87167 5.87167 5.87167 5.87167 5.87167 5.87167 5.87167 5.87167 5.87167 5.87167 2.73705 2.73705 2.73705
3.35253 3.10772 3.10772 3.10772 3.10772 3.10772 3.10772 3.10772 3.10772 3.10772 3.10772 3.14561 3.65199 4.18886 4.62508 4.96004 5.01945 5.01945 5.04079 5.27796 5.12945 1.93258 2.10833 3.92278 3.92498 3.92498 3.81794 3.50259 3.18162 2.86094 2.54707 2.44654 2.44654 2.44654 2.44654 2.44654 2.44654 2.44654 2.44654 2.44654 2.44654 2.44654 2.44712 3.11479 4.83846 6.17673 6.30912 5.87157 5.87167 5.87167 5.87167 5.87167 5.87167 5.87167 5.87167 5.87167 5.87167 5.87167 5.87167 5.87167 5.87167 5.87167 5.82552 5.67395 2.73708 2.75173 2.77869
3.71313 3.10772 3.10772 3.10772 3.10772 3.10772 3.10772 3.13000 3.60553 4.15155 4.59446 4.94341 5.01945 5.01945 5.01945 5.01945 5.01945 5.02131 5.05735 5.22720 5.28375 3.70737 2.50012 3.47275 2.98661 2.66579 2.45186 2.44654 2.44654 2.44654 2.44654 2.44654 2.44654 2.44654 2.44654 2.44654 2.44654 2.44654 2.45118 3.17281 4.07481 4.70555 5.17075 5.35088 5.45245 6.53870 6.56791 6.01590 5.87167 5.87167 5.87167 5.87167 5.87167 5.87167 5.87167 5.87167 5.87167 5.84956 5.71067 5.55495 5.39922 5.24349 5.13391 5.12976 2.83757 2.84987 2.84987
3.98278 3.19916 3.10772 3.11803 3.55873 4.11403 4.56372 4.92476 5.01945 5.01945 5.01945 5.01945 5.01945 5.02042 5.05333 5.10929 5.17755 5.40938 5.87851 6.32309 6.76827 6.99878 5.69825 4.48822 2.44654 2.44654 2.44654 2.44654 2.44654 2.44654 2.44654 2.44654 2.44654 2.44654 2.45871 3.22954 4.11326 4.73310 5.19044 5.35088 5.35088 5.35088 5.35088 5.35088 5.35088 6.16032 6.56791 6.30840 5.87167 5.87167 5.87167 5.87167 5.86477 5.74740 5.59174 5.43594 5.28022 5.14660 5.12976 5.12976 5.12976 5.12976 5.12976 5.12976 2.84987 2.84987 2.84987
4.33807 4.43879 4.53220 4.90418 5.01945 5.01945 5.01945 5.01945 5.01945 5.01982 5.04937 5.10450 5.18888 5.59608 6.08471 6.52989 6.97487 7.26430 7.27026 7.27026 7.27026 7.27026 6.28180 5.57733 2.65786 2.44654 2.44654 2.44654 2.44654 2.44654 2.46968 3.28459 4.15131 4.76002 5.20892 5.35088 5.35088 5.35088 5.35088 5.35088 5.35088 5.35088 5.35088 5.35088 5.35088 5.68070 6.56791 6.54566 5.83893 5.62847 5.47274 5.31694 5.16811 5.12976 5.12976 5.12976 5.12976 5.12976 5.12976 5.12976 5.12976 5.12976 5.14197 5.43933 3.13628 3.28388 3.43155
5.61279 5.54419 5.02663 5.01945 5.01945 5.01950 5.04548 5.09979 5.27666 5.78425 6.29171 6.73669 7.16140 7.27026 7.27026 7.27026 7.27026 7.27026 7.27026 7.27026 7.27026 7.27026 6.94243 5.69762 3.83800 2.44654 2.48462 3.33803 4.18837 4.78694 5.22608 5.35088 5.35088 5.35088 5.35088 5.35088 5.35088 5.35088 5.35088 5.35088 5.35088 5.35088 5.35088 5.38378 5.49977 5.62846 6.04908 5.89447 5.45490 5.12976 5.12976 5.12976 5.12976 5.12976 5.12976 5.12976 5.12976 5.12976 5.16745 5.51577 5.93284 6.35026 6.75477 6.87483 3.55272 3.55272 3.55272
5.61279 5.61279 5.22839 5.10408 5.43407 5.96872 6.49830 6.94308 7.25815 7.27026 7.27026 7.27026 7.27026 7.27026 7.27026 7.27026 7.27026 7.27026 7.27026 7.27026 7.27026 7.27026 7.25228 6.27907 6.08632 4.81540 5.24211 5.35088 5.35088 5.35088 5.35088 5.35088 5.35088 5.35088 5.35088 5.35088 5.35088 5.35088 5.35877 5.45452 5.57484 5.69498 5.81524 5.90255 5.90660 5.90660 5.86753 5.82599 5.73959 5.13747 5.12976 5.12976 5.12976 5.12976 5.20706 5.59220 6.00962 6.42652 6.80607 6.87483 6.87483 6.87483 6.87483 6.87483 3.55272 3.55272 3.55272
5.92492 6.12205 6.36225 7.13816 7.27026 7.27026 7.27026 7.27026 7.27026 7.27026 7.27026 7.27026 7.27026 7.27026 7.27026 7.27026 7.27026 7.27026 7.26931 7.23625 7.18769 7.13916 7.09229 7.02919 6.97642 5.71825 5.35088 5.35088 5.35088 5.35088 5.35088 5.35088 5.35088 5.35088 5.40918 5.52949 5.64958 5.76990 5.88221 5.90660 5.90660 5.90660 5.90660 5.90660 5.90660 5.90660 5.89779 5.82709 5.82599 5.34350 5.26081 5.66881 6.08606 6.50313 6.84289 6.87483 6.87483 6.87483 6.87483 6.87483 6.87483 6.87483 6.87483 6.87483 3.54549 3.55272 3.55272
6.29318 6.29318 6.30305 7.15135 7.27026 7.27026 7.27026 7.27026 7.27026 7.27026 7.27026 7.27026 7.27026 7.27026 7.26986 7.23966 7.19114 7.14259 7.09497 7.07948 7.07948 7.07948 7.07948 7.07052 6.97915 6.36847 5.35088 5.35088 5.35088 5.37305 5.48409 5.60423 5.72455 5.84470 5.90660 5.90660 5.90660 5.90660 5.90660 5.90660 5.90660 5.90660 5.90660 5.90660 5.90660 5.90660 6.02448 6.28162 6.57445 6.80408 6.86593 6.87483 6.87483 6.87483 6.87483 6.87483 6.87483 6.87483 6.87483 6.87483 6.87483 6.87483 6.87483 6.87483 3.31535 3.55272 3.55272
6.29318 6.29318 6.29318 6.76599 7.27026 7.27026 7.27026 7.27026 7.27026 7.27026 7.27019 7.24310 7.19458 7.14601 7.09783 7.07948 7.07948 7.07948 7.07948 7.07948 7.07948 7.07948 7.07948 7.07948 7.02228 7.23818 5.73606 5.67915 5.79935 5.89738 5.90660 5.90660 5.90660 5.90660 5.90660 5.90660 5.90660 5.90660 5.90660 5.90660 5.90660 5.90660 6.03846 6.35413 6.67096 6.98766 7.18622 7.16444 7.10869 7.10754 6.90967 6.87483 6.87483 6.87483 6.87483 6.87483 6.87483 6.87483 6.87483 6.87483 6.88221 6.99838 7.15006 7.30174 2.78588 3.38852 3.28173
6.29318 6.29318 6.29318 6.38907 7.25209 7.27026 7.27026 7.24655 7.19799 7.14940 7.10096 7.07948 7.07948 7.07948 7.07948 7.07948 7.07948 7.07948 7.07948 7.07948 7.17991 7.62314 8.09415 8.56559 9.00739 9.08199 7.25091 5.90660 5.90660 5.90660 5.90660 5.90660 5.90660 5.90660 5.90660 5.90660 5.90660 5.90660 6.05347 6.37004 6.68699 7.00350 7.18801 7.18930 7.18930 7.18930 7.18930 7.18800 7.11655 7.10869 7.00640 6.87483 6.87483 6.87483 6.87483 6.87534 6.96329 7.11491 7.26659 7.41827 7.56251 7.59817 7.59817 7.59817 2.23214 3.03797 3.10628
6.29318 6.29318 6.29318 6.27275 6.88364 7.15284 7.10430 7.07948 7.07948 7.07948 7.07948 7.07948 7.07948 7.07948 7.07948 7.08285 7.37194 7.84317 8.31482 8.78583 9.15662 9.18505 9.18505 9.18505 9.18505 9.10450 8.50760 5.90787 5.90660 5.90660 5.90660 5.90660 5.90660 5.90660 6.06925 6.38595 6.70277 7.01947 7.18904 7.18930 7.18930 7.18930 7.18930 7.18930 7.18930 7.18930 7.18930 7.18930 7.14703 7.10869 7.09424 6.93981 7.07982 7.23144 7.38319 7.53430 7.59817 7.59817 7.59817 7.59817 7.59817 7.59817 7.59817 7.59817 2.22123 2.76302 3.02310
6.22773 6.17921 6.13063 6.10255 6.36650 7.07948 7.07948 7.07948 7.07948 7.07948 7.07948 7.16096 7.59239 8.06362 8.53506 9.00292 9.18505 9.18505 9.18505 9.18505 9.18505 9.18505 9.18505 9.18505 9.18505 9.14865 9.08199 6.59220 5.90660 5.90712 6.08515 6.40198 6.71880 7.03537 7.18930 7.18930 7.18930 7.18930 7.18930 7.18930 7.18930 7.18930 7.18930 7.18930 7.18930 7.18930 7.20056 7.26963 7.34549 7.58044 7.73358 7.69002 7.59817 7.59817 7.59817 7.59817 7.59817 7.59817 7.59817 7.59817 7.59817 7.58697 7.32239 6.86435 1.38012 1.31695 2.49500
6.10240 6.10240 6.10240 6.10240 6.10807 6.94269 7.08011 7.34141 7.81285 8.28365 8.75551 9.14504 9.18505 9.18505 9.18505 9.18505 9.18505 9.18505 9.18505 9.18505 9.18505 9.18505 9.18505 9.18505 9.18505 9.18267 9.26488 8.36214 6.73484 7.05064 7.18930 7.18930 7.18930 7.18930 7.18930 7.18930 7.18930 7.18930 7.18930 7.18930 7.18930 7.19022 7.24000 7.31723 7.39447 7.47170 7.53770 7.54587 7.54587 7.75750 7.83203 7.78927 7.59838 7.59817 7.59817 7.59817 7.59817 7.56485 7.24688 6.76320 6.10112 5.18067 4.84344 4.84344 1.05868 1.05868 2.16697
6.10240 6.10240 6.12030 6.28650 6.48588 7.50345 8.97491 9.18505 9.18505 9.18505 9.18505 9.18505 9.18505 9.18505 9.18505 9.18505 9.18505 9.18505 9.18505 9.18505 9.18505 9.18504 9.18027 9.17133 9.16240 9.15352 9.75781 10.2205 7.36026 7.18930 7.18930 7.18930 7.18930 7.18930 7.18930 7.18930 7.18930 7.21230 7.28753 7.36480 7.44203 7.51838 7.54587 7.54587 7.54587 7.54587 7.54587 7.54587 7.54587 7.64558 7.83203 7.83203 7.65346 7.53057 7.16713 6.65627 5.95096 5.03745 4.84344 4.84344 4.84344 4.84344 4.84344 4.84344 1.05868 1.05868 1.52609
6.54926 6.74868 6.92994 6.96307 6.96307 7.14850 9.12786 9.18505 9.18505 9.18505 9.18505 9.18505 9.18505 9.18505 9.18505 9.18505 9.18505 9.18505 9.18088 9.17195 9.16306 9.15409 9.14993 9.14993 9.14993 9.14993 9.26955 10.3388 8.47501 7.18930 7.18930 7.18930 7.19507 7.25790 7.33506 7.41233 7.48960 7.54384 7.54587 7.54587 7.54587 7.54587 7.54587 7.54587 7.54587 7.54587 7.54587 7.54587 7.54587 7.73873 8.69272 9.44084 9.12394 4.93073 4.84344 4.84344 4.84344 4.84344 4.84344 4.84344 4.84344 4.84344 4.84344 4.84344 1.05868 1.05868 1.05868
6.65365 6.96307 6.96307 6.96307 6.96307 6.96307 8.41565 9.18505 9.18505 9.18505 9.18505 9.18505 9.18505 9.18505 9.18146 9.17257 9.16364 9.15471 9.14993 9.14993 9.14993 9.14993 9.14993 9.14993 9.14993 9.14993 9.14993 9.94409 9.65730 7.30540 7.38270 7.45993 7.53139 7.54587 7.54587 7.54587 7.54587 7.54587 7.54587 7.54587 7.54587 7.54587 7.54587 7.54587 7.54587 7.75806 8.46448 9.19270 9.92034 10.4623 10.6553 10.7791 10.7110 5.85850 4.84344 4.84344 4.84344 4.84344 4.84344 4.84344 4.84344 4.84344 4.84344 4.84437 1.05868 1.05880 1.09507
5.94095 6.96307 6.96307 6.96307 6.96307 6.96307 7.51776 9.18505 9.18505 9.18505 9.18199 9.17319 9.16425 9.15532 9.14997 9.14993 9.14993 9.14993 9.14993 9.14993 9.14993 9.14993 9.14993 9.13248 8.98000 8.79926 8.61835 8.71758 9.55705 7.94298 7.54587 7.54587 7.54587 7.54587 7.54587 7.54587 7.54587 7.54587 7.54587 7.54587 7.54587 7.78812 8.50238 9.23013 9.95806 10.4729 10.4930 10.4930 10.4930 10.4930 10.5439 10.7790 10.7791 8.73405 4.84344 4.84344 4.84344 4.84344 4.84344 4.91160 5.08774 5.26514 5.44252 5.61902 1.33529 1.23305 1.19699
5.36231 6.82687 6.96307 6.96307 6.96307 6.96307 6.96695 8.82462 9.16487 9.15594 9.15005 9.14993 9.14993 9.14993 9.14993 9.14993 9.14993 9.14993 9.14993 9.07571 8.89561 8.71486 8.53403 8.37065 8.34230 8.34230 8.34230 8.34278 9.32229 8.74000 7.54587 7.54587 7.54587 7.54587 7.54587 7.54587 7.54587 7.81995 8.54139 9.26785 9.99549 10.4812 10.4930 10.4930 10.4930 10.4930 10.4930 10.4930 10.4930 10.4930 10.4930 10.7181 10.7791 10.4303 5.05805 5.04735 5.22483 5.40224 5.57964 5.68896 5.69023 5.69023 5.69023 5.69023 1.33529 1.30291 1.19740
5.31008 6.16418 6.96095 6.95244 6.94352 6.93458 6.92821 7.90920 9.14993 9.14993 9.14993 9.14993 9.14993 9.14993 9.13733 8.99228 8.81129 8.63070 8.44962 8.34311 8.34230 8.34230 8.34230 8.34230 8.34230 8.34230 8.34230 8.34230 8.80852 9.44713 7.63583 7.54587 7.54587 7.85384 8.57941 9.30616 10.0332 10.4868 10.4930 10.4930 10.4930 10.4930 10.4930 10.4930 10.4930 10.4930 10.4930 10.4930 10.4930 10.4933 10.4979 10.6719 11.0384 11.1271 8.35837 5.69023 5.69023 5.69023 5.69023 5.69023 5.69023 5.69023 5.69023 5.69023 1.33529 1.33529 1.15991
5.27678 5.43537 6.89553 6.92795 6.92795 6.92795 6.92795 7.08594 9.07567 9.14993 9.08629 8.90788 8.72697 8.54622 8.37791 8.34230 8.34230 8.34230 8.34230 8.34230 8.34230 8.34230 8.34230 8.34230 8.34230 8.34230 8.34230 8.34230 8.38469 9.79692 9.39435 9.34447 10.0709 10.4906 10.4930 10.4930 10.4930 10.4930 10.4930 10.4930 10.4930 10.4930 10.4930 10.4930 10.4930 10.4956 10.5014 10.5072 10.5130 10.5184 10.5196 10.5554 11.1716 11.2025 10.3664 5.69023 5.69023 5.69023 5.69023 5.69023 5.69023 5.69023 5.69023 5.69023 1.33529 1.33529 1.18341
5.24705 5.24705 6.34743 6.92795 6.92795 6.92871 6.95003 6.98072 8.06704 8.46191 8.34456 8.34230 8.34230 8.34230 8.34230 8.34230 8.34230 8.34230 8.34230 8.34230 8.34230 8.34230 8.34230 8.34230 8.34230 8.39080 8.51299 8.63592 8.75890 10.8016 12.0669 10.4930 10.4930 10.4930 10.4930 10.4930 10.4930 10.4930 10.4930 10.4930 10.4939 10.4991 10.5049 10.5107 10.5165 10.5196 10.5196 10.5196 10.5196 10.5196 10.5196 10.5196 10.9410 11.2025 11.1926 7.18622 5.69023 5.69023 5.69023 5.69023 5.69023 5.69023 5.69023 5.69023 1.33529 1.33529 1.31829
5.24705 5.25153 5.65605 6.99058 7.02126 7.05118 7.06053 7.06053 7.35854 8.34230 8.34230 8.34230 8.34230 8.34230 8.34230 8.34230 8.34230 8.34230 8.34230 8.34230 8.34230 8.38280 8.50354 8.62644 8.74935 8.82375 8.82447 8.82447 8.82447 9.28479 12.4617 10.8542 10.4930 10.4930 10.4930 10.4930 10.4968 10.5026 10.5084 10.5142 10.5191 10.5196 10.5196 10.5196 10.5196 10.5196 10.5196 10.5196 10.5196 10.5196 10.5196 10.5196 10.7958 12.0821 12.9336 11.6066 5.69023 5.69023 5.69023 5.69023 5.69023 5.69023 5.69023 5.69023 1.33529 1.33529 1.33529
5.35022 5.37641 5.37979 6.71401 7.06053 7.06053 7.06053 7.06053 7.06220 8.12529 8.34230 8.34230 8.34230 8.34230 8.34230 8.34230 8.34230 8.37557 8.49409 8.61699 8.73990 8.82230 8.82447 8.82447 8.82447 8.82447 8.82447 8.82447 8.82447 8.82447 11.3661 11.6261 10.5003 10.5061 10.5119 10.5176 10.5196 10.5196 10.5196 10.5196 10.5196 10.5196 10.5196 10.5196 10.5196 10.5196 10.5196 10.5196 10.6695 11.4496 12.3018 13.1513 13.8832 14.5448 14.6571 14.3831 6.46250 5.69023 5.69023 5.69023 5.69023 5.69023 5.69023 5.69023 1.33529 1.33529 1.33529
5.37962 5.37962 5.37962 5.99039 7.06053 7.06053 7.06053 7.06053 7.06053 7.61182 8.34230 8.34230 8.34230 8.36891 8.48464 8.60754 8.73045 8.82008 8.82447 8.82447 8.82447 8.82447 8.82447 8.82447 8.82447 8.82447 8.81946 8.68547 8.49533 8.30536 9.09882 11.5872 10.5610 10.5196 10.5196 10.5196 10.5196 10.5196 10.5196 10.5196 10.5196 10.5196 10.5196 10.5196 10.7010 11.5004 12.3519 13.2021 13.9041 13.9742 13.9742 13.9742 13.9742 14.2792 14.6571 14.6571 10.8260 5.69023 5.69023 5.69023 5.69023 5.69023 5.69023 5.69023 1.33529 1.35605 1.45733
