results/OMI_NO2_200506.asc
ncols      200
nrows      200
xllcorner       120.258
yllcorner       41.1236
cellsize     0.0166667
NODATA_Value      -999.000
[rows 0 to 27 of 165, columns 0 to 64 of 200]
1.14628 1.14628 1.14149 0.933263 0.925932 0.924850 1.00673 1.24473 1.30658 1.27709 1.24920 1.22216 1.17339 1.13245 1.10089 1.07142 1.04376 1.00989 1.00042 1.00042 1.00042 1.00042 1.00174 1.04763 1.38287 1.36742 1.31540 1.33428 1.29707 1.27069 1.32147 1.37971 1.41682 1.43598 1.39863 1.44849 1.69463 1.73530 1.75955 1.75144 1.74103 1.72567 1.71098 1.63183 1.60807 1.62245 1.58316 1.65198 1.47473 1.32381 1.31020 1.30361 1.30187 1.30187 1.29889 1.29258 1.29571 1.24239 1.43288 1.53778 1.59497 1.60193 1.52732 1.55104 1.58193
1.07406 1.05677 1.05524 0.973923 0.962659 0.978891 1.01133 1.09634 1.16891 1.12538 1.05977 1.03331 1.02473 1.02473 1.02473 1.02473 1.02473 1.02043 1.00273 1.01130 1.01956 1.02541 1.02909 1.02316 1.22056 1.28581 1.22362 1.30730 1.34306 1.36885 1.33769 1.32263 1.31982 1.31713 1.31457 1.31282 1.54560 1.58652 1.60599 1.58663 1.56948 1.55553 1.54214 1.50110 1.49035 1.52696 1.50482 1.51912 1.57248 1.29130 1.28093 1.28084 1.29808 1.37336 1.45283 1.52403 1.58060 1.53414 1.55155 1.58468 1.56678 1.54880 1.49166 1.46442 1.49419
1.16855 1.18209 1.18960 1.12888 1.06759 0.927784 0.896877 0.958466 1.08914 1.08485 1.01435 1.01013 1.00671 1.00338 1.00282 1.00657 1.01007 1.01329 1.00139 0.987638 0.974582 0.957254 0.963615 1.03645 1.14725 1.32985 1.29331 1.31586 1.31625 1.31630 1.31039 1.29990 1.29152 1.28324 1.27521 1.26744 1.36247 1.49713 1.52081 1.52998 1.52998 1.52998 1.53009 1.53117 1.45894 1.48180 1.45068 1.43942 1.49560 1.41347 1.42942 1.49169 1.54267 1.55610 1.55610 1.54921 1.53667 1.50623 1.46683 1.52357 1.52911 1.53445 1.52749 1.47801 1.50271
1.16867 1.11473 1.10666 1.08142 1.01074 0.920172 0.865639 0.904188 1.00091 1.05066 0.996553 0.976119 0.973324 0.997639 1.00801 1.01610 1.05001 1.07119 1.04918 0.939504 1.04508 1.09617 1.13468 1.16393 1.15851 1.31368 1.26016 1.26068 1.27504 1.26734 1.26049 1.25747 1.25747 1.25747 1.25747 1.25747 1.27130 1.48798 1.51437 1.54559 1.55504 1.57080 1.58757 1.60523 1.52720 1.52284 1.45618 1.45872 1.49834 1.61366 1.53918 1.54297 1.53774 1.52995 1.52595 1.52840 1.53202 1.53521 1.48993 1.54047 1.54043 1.53990 1.53894 1.48737 1.48656
1.17892 1.07206 1.07092 1.07059 1.00314 0.969616 0.864388 0.882298 0.946487 1.04221 1.01892 0.993749 1.04786 1.13451 1.22539 1.21324 1.08757 1.08398 1.06610 0.926852 1.04257 1.05086 1.02833 1.02261 1.02885 1.13618 1.19928 1.21466 1.26884 1.27512 1.28071 1.25991 1.26821 1.28293 1.29776 1.31258 1.32742 1.48355 1.58520 1.63619 1.66167 1.67132 1.68701 1.69909 1.66998 1.58120 1.50130 1.43948 1.42604 1.55022 1.55079 1.53846 1.54210 1.54541 1.54603 1.54603 1.54603 1.54603 1.51777 1.51968 1.52779 1.52779 1.52779 1.50351 1.47026
1.18966 1.09231 1.06554 1.05561 1.00427 0.985882 0.901245 0.898550 1.05354 1.20184 1.27066 1.29036 1.28789 1.27106 1.28175 1.26069 1.05415 1.02787 1.03303 0.993852 0.970617 1.10404 1.11036 1.12475 1.15336 1.19825 1.39637 1.38845 1.45411 1.46874 1.48315 1.38100 1.36952 1.36963 1.36372 1.34966 1.33557 1.36757 1.56277 1.62621 1.70949 1.70174 1.68467 1.66749 1.65750 1.54798 1.53026 1.44833 1.43295 1.47167 1.58460 1.54603 1.54603 1.54603 1.54808 1.55373 1.55940 1.56500 1.56551 1.54194 1.56377 1.56479 1.56304 1.55942 1.51889
1.13789 1.07635 1.03654 1.07104 1.19208 1.35169 1.35440 1.32031 1.36826 1.36451 1.30523 1.27544 1.27135 1.27135 1.28633 1.30245 1.18717 1.09781 1.10649 1.11468 1.01379 1.23200 1.32917 1.40173 1.49253 1.55122 1.61625 1.54577 1.48405 1.50364 1.49538 1.39843 1.33312 1.31978 1.32044 1.33142 1.34171 1.33788 1.50611 1.55211 1.65444 1.66541 1.66972 1.67394 1.67523 1.61055 1.56204 1.45992 1.49208 1.50267 1.63441 1.63092 1.62614 1.62201 1.61711 1.61020 1.60325 1.59768 1.59546 1.56958 1.57437 1.57656 1.58141 1.59164 1.59915
1.23646 1.30134 1.30374 1.36176 1.41248 1.48870 1.47232 1.33812 1.34410 1.37832 1.31176 1.30593 1.30371 1.31239 1.32341 1.38892 1.43307 1.32170 1.38301 1.44386 1.44645 1.44192 1.54864 1.54864 1.56725 1.57357 1.58572 1.57859 1.43890 1.45083 1.45207 1.41348 1.34000 1.34038 1.34275 1.36820 1.39454 1.43307 1.49883 1.54801 1.61591 1.67696 1.68160 1.68628 1.68918 1.67524 1.54873 1.48196 1.49772 1.52973 1.57228 1.66094 1.62837 1.63539 1.64144 1.64630 1.65116 1.65966 1.68341 1.69763 1.69255 1.68299 1.67339 1.66668 1.68852
1.52132 1.52217 1.40893 1.40412 1.41212 1.49889 1.51532 1.42790 1.37867 1.42349 1.42492 1.45994 1.51879 1.57788 1.63491 1.68278 1.69514 1.55785 1.50128 1.50128 1.49975 1.38774 1.52085 1.52380 1.52252 1.52399 1.52900 1.58093 1.49688 1.50135 1.53341 1.54730 1.45998 1.50010 1.53025 1.53510 1.53764 1.53863 1.54122 1.59294 1.61376 1.72851 1.73242 1.73394 1.73725 1.74246 1.60298 1.51288 1.49146 1.56595 1.54779 1.68199 1.68331 1.70327 1.72857 1.75394 1.76130 1.74671 1.71343 1.68601 1.67748 1.69243 1.71243 1.72425 1.72810
1.56718 1.57737 1.48712 1.44187 1.46114 1.58635 1.67417 1.71062 1.75547 1.77201 1.73391 1.66687 1.66832 1.67356 1.67900 1.68842 1.71787 1.66511 1.52094 1.51356 1.50620 1.44583 1.45557 1.56851 1.59007 1.64664 1.67900 1.73470 1.72169 1.67041 1.68565 1.68196 1.56101 1.54067 1.54061 1.54216 1.54585 1.55106 1.55628 1.59198 1.62277 1.70626 1.75042 1.75042 1.75042 1.75072 1.70832 1.60240 1.55394 1.66731 1.67231 1.74912 1.81780 1.75768 1.72499 1.69771 1.69895 1.71743 1.73698 1.75028 1.75374 1.73911 1.73910 1.73889 1.73868
1.71012 1.78961 1.80657 1.79803 1.85034 1.87373 1.89946 1.90697 1.91498 1.88961 1.83593 1.74365 1.74106 1.74328 1.75153 1.76025 1.74219 1.71551 1.54639 1.49608 1.49095 1.49827 1.54648 1.70958 1.73124 1.73700 1.73555 1.74603 1.75585 1.67204 1.68317 1.68838 1.60957 1.56462 1.56620 1.56620 1.56620 1.56620 1.56620 1.57372 1.63316 1.69857 1.83323 1.86866 1.90071 1.92895 1.93259 1.75279 1.68670 1.73418 1.76050 1.74144 1.73355 1.72147 1.73977 1.75212 1.75392 1.74122 1.71711 1.69243 1.68235 1.73529 1.73614 1.73470 1.73326
1.98317 1.98317 1.97716 1.91933 1.91885 1.92217 1.94264 1.94264 1.94151 1.94013 1.86769 1.80138 1.76882 1.77364 1.77202 1.75467 1.71264 1.63872 1.58817 1.60166 1.63401 1.65365 1.66204 1.69671 1.72485 1.73611 1.74372 1.74507 1.77316 1.71312 1.70015 1.70027 1.64948 1.56620 1.56833 1.60053 1.63878 1.67359 1.70729 1.73987 1.79944 1.81459 1.90401 1.92000 1.92147 1.94144 1.96361 1.87085 1.79163 1.73747 1.78123 1.74301 1.72463 1.71504 1.70498 1.68088 1.65681 1.64698 1.64750 1.64803 1.64564 1.66602 1.68997 1.68997 1.68997
1.98317 1.98317 1.98317 1.93089 1.91884 1.92136 1.95133 1.96315 1.97179 1.97232 1.91676 1.83831 1.72539 1.69134 1.66281 1.66489 1.67856 1.64453 1.63266 1.60301 1.59586 1.58824 1.58043 1.58252 1.62356 1.62246 1.62419 1.61600 1.62726 1.58427 1.55673 1.60346 1.63709 1.72926 1.75939 1.76336 1.76137 1.76653 1.78956 1.81408 1.85535 1.92971 1.95922 1.98991 2.00420 2.00079 1.99506 1.93505 1.75021 1.66681 1.69230 1.65561 1.62409 1.62431 1.64799 1.64882 1.64882 1.64882 1.64882 1.64846 1.64421 1.63282 1.67476 1.66947 1.66611
1.97277 1.97393 1.98483 1.96381 1.94657 1.95452 1.86238 1.79458 1.75971 1.73175 1.68482 1.59085 1.53921 1.55445 1.57080 1.57177 1.57177 1.55116 1.51144 1.49531 1.48379 1.47933 1.47478 1.47222 1.48931 1.49321 1.48641 1.46599 1.45029 1.42271 1.55656 1.68245 1.68245 1.76038 1.79383 1.81835 1.84297 1.87511 1.89805 1.91950 1.93744 1.98171 1.97151 1.94716 1.91581 1.88440 1.85299 1.83297 1.67147 1.61464 1.60534 1.60292 1.57660 1.56614 1.57590 1.58151 1.57961 1.58764 1.60091 1.61516 1.63330 1.63771 1.70111 1.72124 1.73407
2.00514 2.01586 2.02172 2.01265 1.94873 1.91327 1.79923 1.65725 1.67464 1.70481 1.74117 1.66907 1.60232 1.56687 1.56234 1.55780 1.55325 1.54777 1.48579 1.45252 1.41259 1.39651 1.38047 1.36590 1.37596 1.42392 1.43678 1.43995 1.43995 1.44628 1.49192 1.74377 1.76823 1.84286 1.89340 1.91484 1.93432 1.93691 1.92879 1.92016 1.91436 1.87637 1.82100 1.82700 1.83468 1.83468 1.83390 1.83107 1.74160 1.65503 1.60120 1.60191 1.61074 1.61105 1.62983 1.66993 1.68395 1.68780 1.68640 1.68438 1.68170 1.65774 1.65051 1.65639 1.62999
2.02552 1.98581 1.93982 1.90078 1.86614 1.88797 1.88757 1.71589 1.71142 1.70730 1.72179 1.68092 1.59988 1.52445 1.50820 1.49217 1.47615 1.46013 1.42238 1.38932 1.36886 1.36321 1.36321 1.36321 1.36688 1.42104 1.47360 1.50547 1.52999 1.54968 1.53517 1.77802 1.84775 1.88042 1.91827 1.90626 1.89573 1.88959 1.88617 1.88288 1.87737 1.86247 1.78178 1.77516 1.77869 1.76801 1.75745 1.74894 1.77127 1.74047 1.74142 1.68743 1.68377 1.65778 1.65176 1.65938 1.65371 1.63908 1.61877 1.59602 1.57219 1.55636 1.53754 1.60205 1.61247
1.88603 1.90988 1.93564 1.95344 1.91389 1.89485 1.89485 1.71801 1.64584 1.59551 1.56493 1.53479 1.52547 1.45719 1.44965 1.44965 1.44965 1.44963 1.44615 1.39249 1.38103 1.38369 1.40815 1.43261 1.45731 1.48241 1.54437 1.55140 1.56367 1.56349 1.52469 1.62177 1.77374 1.78084 1.85247 1.84929 1.84612 1.84135 1.83228 1.82309 1.81609 1.80996 1.74999 1.71916 1.72497 1.73093 1.73093 1.73093 1.73661 1.74203 1.73781 1.66139 1.63108 1.60428 1.56636 1.55691 1.56841 1.55723 1.55369 1.56177 1.57272 1.58608 1.57978 1.62093 1.64222
1.93102 1.92843 1.91045 1.84180 1.76175 1.68759 1.63310 1.49660 1.43372 1.43292 1.43547 1.46720 1.48780 1.46552 1.43547 1.43477 1.43356 1.42818 1.42193 1.43004 1.46564 1.44780 1.43915 1.42437 1.40137 1.43894 1.50811 1.48882 1.47556 1.47257 1.45666 1.47347 1.73527 1.73154 1.80266 1.80604 1.79991 1.79537 1.79514 1.79514 1.79514 1.79514 1.77420 1.71469 1.68033 1.64030 1.58652 1.53017 1.45952 1.47291 1.55958 1.59059 1.57212 1.57038 1.55877 1.54418 1.56050 1.57946 1.59499 1.60241 1.60995 1.61796 1.60661 1.62017 1.68590
1.64156 1.58824 1.54877 1.54655 1.54633 1.54429 1.54427 1.49768 1.41258 1.41258 1.41258 1.43609 1.44941 1.46463 1.41010 1.40416 1.39886 1.39701 1.39064 1.37236 1.39640 1.35913 1.31953 1.29201 1.27714 1.30001 1.44082 1.51502 1.51972 1.53315 1.54399 1.51407 1.66829 1.70832 1.76416 1.79514 1.79514 1.79514 1.77491 1.71939 1.64697 1.56763 1.48610 1.36503 1.32400 1.31203 1.28646 1.25926 1.25408 1.30960 1.45657 1.64325 1.64510 1.64570 1.65138 1.63845 1.62097 1.64930 1.65673 1.66310 1.66820 1.67032 1.63719 1.59252 1.65969
1.54668 1.54655 1.54655 1.54655 1.54655 1.54469 1.54427 1.53261 1.41129 1.39522 1.37714 1.36907 1.37917 1.44614 1.38748 1.35399 1.32648 1.29794 1.27054 1.26836 1.30907 1.33455 1.34913 1.36801 1.38364 1.38965 1.47909 1.59503 1.61107 1.61750 1.62405 1.59966 1.69728 1.73153 1.67072 1.60372 1.51790 1.42763 1.36166 1.34114 1.33782 1.33729 1.33537 1.31236 1.29422 1.30155 1.29769 1.32269 1.34850 1.37991 1.52869 1.74734 1.74419 1.71488 1.71564 1.70928 1.67455 1.68052 1.68483 1.68483 1.68483 1.68483 1.66355 1.58801 1.62164
1.55324 1.54102 1.52626 1.51139 1.49558 1.47705 1.45943 1.43955 1.37155 1.36259 1.34840 1.32702 1.33344 1.39887 1.39045 1.39245 1.39325 1.39593 1.40308 1.40363 1.41809 1.46941 1.47541 1.47828 1.48036 1.48378 1.51214 1.65280 1.70967 1.71253 1.71539 1.67432 1.61417 1.36398 1.34066 1.34066 1.34021 1.33768 1.33489 1.33210 1.33562 1.35138 1.36784 1.38843 1.37088 1.39158 1.39882 1.41201 1.41858 1.42514 1.52805 1.70415 1.77126 1.74865 1.72722 1.72331 1.70493 1.67984 1.69595 1.69704 1.69675 1.69360 1.68747 1.58970 1.57925
1.42782 1.42894 1.42160 1.41441 1.40687 1.39137 1.38047 1.35586 1.32372 1.29694 1.27891 1.25544 1.25512 1.29740 1.36423 1.39798 1.40476 1.40783 1.41094 1.41433 1.41899 1.47263 1.49189 1.50253 1.50332 1.50276 1.50220 1.59872 1.70004 1.71795 1.71795 1.71037 1.61650 1.45252 1.33440 1.33161 1.33273 1.34790 1.36436 1.38484 1.41772 1.44271 1.46753 1.48471 1.46213 1.45532 1.44653 1.43118 1.43118 1.43118 1.48633 1.62695 1.79922 1.78887 1.75410 1.75136 1.74012 1.70176 1.71364 1.71777 1.72036 1.72593 1.73260 1.65831 1.63311
1.34120 1.37395 1.35056 1.32584 1.29295 1.27546 1.28505 1.26215 1.24274 1.23011 1.22578 1.23453 1.24843 1.30507 1.41041 1.40235 1.43014 1.43121 1.43214 1.43283 1.43251 1.45189 1.49154 1.50002 1.50170 1.50170 1.50170 1.53361 1.65595 1.71479 1.71256 1.71032 1.64116 1.55775 1.36137 1.37890 1.41075 1.43367 1.45545 1.47322 1.47249 1.46947 1.46646 1.46510 1.46584 1.45127 1.45744 1.44429 1.46066 1.48093 1.50608 1.62315 1.89414 1.87405 1.84627 1.81716 1.80834 1.77943 1.75537 1.76814 1.76829 1.75394 1.73164 1.68671 1.65243
1.30141 1.28012 1.27884 1.26435 1.25094 1.23936 1.25034 1.26574 1.27450 1.27670 1.27814 1.29033 1.30720 1.35155 1.43913 1.41129 1.43189 1.43182 1.43182 1.43182 1.43182 1.43260 1.48547 1.49924 1.50697 1.50727 1.50756 1.50787 1.59709 1.68082 1.70874 1.71969 1.71263 1.66455 1.45548 1.43899 1.45206 1.46281 1.47370 1.48455 1.49570 1.51682 1.54380 1.57009 1.58868 1.56934 1.57641 1.57574 1.56350 1.56350 1.56350 1.60031 1.86451 1.88471 1.86573 1.81885 1.81209 1.77249 1.70487 1.71917 1.74339 1.78378 1.83709 1.82715 1.75217
1.30707 1.27334 1.25758 1.24925 1.24925 1.25038 1.27749 1.31133 1.33013 1.34984 1.36800 1.37705 1.38128 1.39959 1.46642 1.46142 1.45865 1.47112 1.47495 1.47895 1.48986 1.50436 1.53023 1.54721 1.56459 1.57719 1.60357 1.62963 1.67719 1.71001 1.80720 1.82426 1.82738 1.79100 1.63963 1.54746 1.56478 1.58200 1.59991 1.61861 1.63770 1.64532 1.65865 1.67468 1.68936 1.62678 1.59165 1.59393 1.59154 1.61467 1.63848 1.67580 1.89442 1.92800 1.82908 1.76699 1.73189 1.73933 1.77676 1.86262 1.90092 1.89881 1.88706 1.87185 1.77199
1.25408 1.33164 1.37756 1.39626 1.41419 1.43060 1.43856 1.47238 1.47420 1.47429 1.47429 1.47429 1.47429 1.47535 1.52599 1.57204 1.52179 1.55539 1.56608 1.57654 1.57754 1.57690 1.59455 1.62661 1.66853 1.68708 1.68795 1.68903 1.68688 1.68649 1.81924 1.83350 1.82791 1.79647 1.70711 1.64615 1.64434 1.65457 1.67081 1.68618 1.70071 1.71443 1.73452 1.76297 1.81172 1.83140 1.79391 1.83547 1.83043 1.80317 1.78400 1.74519 1.80550 1.79035 1.69126 1.65790 1.72704 1.71877 1.69159 1.76544 1.85729 1.87757 1.89879 1.91686 1.87636
1.34642 1.39363 1.43723 1.43493 1.43493 1.43493 1.43493 1.46767 1.47429 1.47429 1.47429 1.47463 1.48687 1.51071 1.55829 1.61148 1.54671 1.56036 1.57442 1.59531 1.61984 1.64501 1.64691 1.65031 1.66413 1.65775 1.64604 1.63428 1.62835 1.61017 1.69600 1.79232 1.79207 1.79178 1.72835 1.67201 1.67650 1.70401 1.74511 1.78593 1.82628 1.86551 1.88946 1.90285 1.88774 1.85730 1.75547 1.69665 1.62857 1.50207 1.46669 1.43973 1.50049 1.58350 1.57725 1.57876 1.65497 1.73013 1.72938 1.73715 1.82247 1.85706 1.85706 1.85706 1.86505
1.34811 1.37028 1.43817 1.43494 1.43528 1.44481 1.45850 1.49275 1.52959 1.55366 1.56083 1.58070 1.59021 1.59145 1.60887 1.63639 1.59441 1.58012 1.58694 1.58138 1.57558 1.56795 1.56501 1.56396 1.57299 1.57591 1.57591 1.57899 1.59609 1.59665 1.62278 1.79392 1.82751 1.84129 1.85059 1.92771 1.91503 1.86271 1.86271 1.86200 1.85019 1.83456 1.81894 1.79760 1.76299 1.73189 1.64180 1.55596 1.54308 1.46846 1.46894 1.50496 1.55823 1.76473 1.72866 1.67151 1.67342 1.75069 1.75330 1.70654 1.77532 1.84815 1.84823 1.84720 1.84967
