results/OMI_NO2_200912.asc
ncols      200
nrows      200
xllcorner       120.258
yllcorner       41.1236
cellsize     0.0166667
NODATA_Value      -999.000
[rows 58 to 86 of 175, columns 0 to 66 of 200]
10.0414 10.0414 10.0414 10.0414 10.0414 10.0414 10.0414 9.31757 8.83394 8.81906 8.59973 8.10821 8.28114 9.35688 9.38003 9.39907 9.46517 9.53580 9.84924 10.3230 10.7742 11.1623 11.2586 10.0930 2.10189 2.73159 4.24917 4.35190 5.19605 5.01263 4.84484 4.78545 4.78545 4.78545 4.78545 4.81356 4.91274 4.66062 4.22045 4.02224 4.01068 4.01036 4.05242 4.24546 4.40252 4.59946 4.24579 3.97275 4.11596 4.53300 4.34213 4.27932 4.21653 4.19779 4.26160 4.36461 4.51580 4.68114 4.80890 4.81428 4.75790 4.53000 4.41769 4.59416 4.34658 4.27214 4.39858
10.0414 10.0414 10.0414 10.0414 10.0414 10.0414 10.0719 9.91595 8.98294 9.04126 8.96771 8.45124 8.32382 9.22651 9.82173 10.2852 10.6932 11.0968 11.2586 11.2586 11.2586 11.2586 11.2586 11.4444 2.10189 1.91690 3.29247 3.55394 4.57850 4.78545 4.78558 4.84252 4.94515 5.04769 5.15027 5.22475 5.22820 5.14283 4.52658 4.11200 4.11793 4.30036 4.50051 4.88958 4.97984 4.95176 4.68928 3.84868 3.83567 4.38873 4.39147 4.52885 4.69528 4.81201 4.81428 4.81242 4.65792 4.42706 4.21858 4.02970 3.89393 3.88438 3.88491 4.19874 4.26959 4.19590 4.09217
10.0414 10.0414 10.0598 10.1297 10.2028 10.2431 10.0661 9.83436 9.29750 9.31521 9.41753 9.36948 9.14202 9.89180 11.0964 11.2586 11.2586 11.2586 11.2702 11.5880 12.0783 12.8003 13.9853 15.1182 2.10189 2.01370 2.56439 3.66137 4.36056 5.08014 5.18255 5.22820 5.22820 5.22820 5.22820 5.22846 5.27890 5.36632 5.02570 4.81791 4.74580 4.74995 4.76584 4.83268 4.93413 5.05121 5.21357 4.37082 4.25819 4.56497 4.95260 4.77098 4.54914 4.32886 4.12982 3.95002 3.88438 3.88438 3.88438 3.88438 3.86487 3.78435 3.70009 3.74912 3.84090 3.81348 3.83896
10.1791 10.0690 9.88746 9.68306 9.49221 9.33784 9.36906 9.67704 10.0467 10.4268 10.6821 10.5528 9.72763 9.68564 11.0167 11.7379 12.2517 13.1439 14.4020 15.3589 16.1841 16.7469 16.7532 16.7532 2.10189 2.10189 1.93128 3.95673 4.20331 5.21139 5.22820 5.22820 5.26163 5.34831 5.43576 5.53245 5.58801 5.60656 5.57299 5.19140 5.28839 5.40410 5.62235 5.73426 5.60325 5.62796 5.62809 4.99393 4.31456 4.38124 4.29530 3.89971 3.88438 3.88438 3.88438 3.88363 3.83042 3.74556 3.66081 3.57825 3.51661 3.51586 3.53260 3.64597 4.06018 4.19212 4.29336
9.37275 9.33429 9.35932 9.61514 9.95338 10.2923 10.5884 10.6325 10.6570 10.7443 10.7547 10.8225 11.0125 10.9963 12.9242 15.3006 16.4523 16.7532 16.7532 16.7532 16.7532 16.7532 16.7532 16.7532 2.10932 2.10189 1.95216 3.15863 4.10863 5.03766 5.42586 5.53175 5.60435 5.69175 5.94529 6.21547 6.49635 6.80000 7.01420 6.32129 6.01698 5.83718 5.83422 5.85778 5.73683 5.71745 5.74983 5.58377 4.42717 4.42621 4.27274 3.93576 3.79155 3.70673 3.62191 3.53872 3.51060 3.51427 3.52742 3.61264 3.71218 3.81172 3.89762 3.90892 4.16218 4.30281 4.30281
9.88501 10.2233 10.5595 10.6711 10.6988 10.7266 10.7219 10.6819 10.6220 10.5942 10.5785 10.6232 12.2599 12.4433 13.0921 15.7264 16.7532 16.7532 16.7532 16.7532 16.7952 17.3637 18.2161 19.2675 2.31342 2.28368 2.48057 2.61110 4.58596 5.24333 6.23562 6.51675 6.81978 7.04631 7.05728 7.05728 7.05728 7.05728 7.06382 6.85089 6.10767 6.00600 5.96406 5.97286 5.89954 5.76783 5.76783 5.75840 4.69994 4.36030 4.29125 3.85890 3.50901 3.51268 3.52247 3.60377 3.70353 3.80303 3.89318 3.90892 3.90892 3.90892 3.90892 3.92885 4.11370 4.30281 4.29199
10.7430 10.7698 10.7416 10.6760 10.6101 10.5444 10.5111 10.5111 10.5111 10.5230 10.5774 10.5774 11.4689 12.4433 12.4730 14.9194 16.7201 17.2079 18.0262 19.0319 20.2069 20.5073 20.5073 20.5399 3.87661 3.42525 3.70810 3.40005 5.07459 5.75554 6.98858 7.05728 7.05728 7.05728 7.07300 7.11163 7.15047 7.18929 7.22157 7.22497 6.41971 6.13775 5.97237 5.95630 5.92656 5.71929 5.68291 5.66956 5.13365 4.31302 4.32016 4.18502 3.74472 3.79446 3.88796 3.90892 3.90892 3.90892 3.93519 4.04261 4.15586 4.26911 4.38236 4.47556 4.48235 3.88909 3.54644
10.5983 10.5335 10.5111 10.5111 10.5111 10.5111 10.5111 10.5111 10.5111 10.5111 10.5630 10.5774 10.7601 12.4869 12.7069 14.5486 18.7793 20.5073 20.5306 20.7222 20.9475 20.3039 17.9700 14.6798 4.90301 4.34548 4.34498 4.16003 4.02644 5.70377 6.61997 7.12401 7.16283 7.20168 7.22477 7.22497 7.22497 7.22497 7.22094 7.19644 6.85850 6.11003 5.93155 5.87449 5.87472 5.75885 5.67662 5.73444 5.71504 4.61059 4.68385 4.62394 4.16610 3.94233 4.05258 4.16577 4.27896 4.39221 4.47925 4.48495 4.48495 4.48495 4.48495 4.49109 4.54011 4.27009 3.69036
10.5111 10.5111 10.5111 10.5111 10.5111 10.5111 10.5111 10.5111 10.5111 10.5264 10.6111 10.7227 10.7984 12.3564 13.3412 14.0272 18.4416 20.8762 18.7773 15.5318 10.7565 6.72687 6.69110 6.69110 5.12644 4.44592 4.34498 4.34498 3.59189 5.60907 6.27894 7.22497 7.22497 7.22497 7.21486 7.18765 7.16044 7.13309 7.10979 7.10693 7.10619 6.26957 6.02132 5.93093 6.01674 6.06191 5.97694 6.00504 6.03965 5.27109 4.97766 5.08675 4.90130 4.48899 4.48495 4.48495 4.48495 4.48495 4.48495 4.50929 4.56647 4.62378 4.68117 4.73236 4.74067 4.71330 3.84959
10.5111 10.5111 10.5111 10.5111 10.5111 10.5190 10.5712 10.6352 10.7120 10.9691 11.2880 11.1555 11.2651 11.8011 12.5037 10.7851 10.6124 7.23594 6.69110 6.69110 6.69110 6.69110 6.69110 6.69110 5.12644 4.69878 4.34498 4.34498 4.03670 4.67597 5.89551 7.03404 7.15177 7.12442 7.10720 7.10693 7.10693 7.10693 7.10693 7.11570 7.13779 6.79396 6.15502 6.20172 6.20395 6.19936 6.27565 6.42434 6.48865 6.12710 5.28688 5.28688 5.15382 4.65041 4.48909 4.53548 4.59279 4.65017 4.70751 4.74050 4.74067 4.74067 4.74067 4.74408 4.77385 4.81487 4.37152
10.5111 10.5141 10.5588 10.6215 10.8206 11.1979 11.6001 12.0550 12.5466 12.7062 11.5608 9.33458 7.41035 5.74564 6.59465 6.89656 7.47731 7.79844 6.69110 6.69110 6.69110 6.69110 6.69110 6.69110 5.12644 5.06503 4.36852 4.34498 4.34300 3.71679 5.68359 6.51646 7.10693 7.10693 7.10693 7.11216 7.13329 7.15551 7.17620 7.18435 7.17899 7.11215 6.07988 5.82414 5.72154 5.60133 5.73867 6.61222 6.63555 6.58821 5.35485 5.25836 5.21634 5.05932 4.72968 4.74067 4.74067 4.74067 4.74067 4.75500 4.79015 4.82551 4.89901 5.01945 5.11383 5.19938 5.10806
11.0281 11.5370 12.0152 12.5093 12.8291 12.9117 11.9947 10.1891 8.09846 5.76028 5.08219 5.22918 5.58679 5.64904 6.21169 7.30137 7.50954 8.87250 6.69110 6.69110 6.69110 6.69110 6.69110 6.69110 5.12644 5.12644 4.54772 4.34498 4.34498 3.87209 4.96786 5.99680 7.12592 7.14984 7.16689 7.17838 7.13326 6.92667 6.72604 6.54279 6.37285 6.25202 5.95834 5.52182 5.55820 5.56088 5.56712 6.38712 6.58903 6.57010 5.74407 5.18875 5.18875 5.24001 4.81941 4.77113 4.80647 4.84181 4.88806 4.98664 5.07558 5.16570 5.24910 5.29545 5.34158 5.38526 5.39791
12.3805 12.9456 12.3209 10.5769 8.55052 6.20477 5.18282 5.27214 5.36161 5.44025 5.49646 5.50482 5.73062 5.75550 5.81283 7.27334 7.39695 8.56479 7.29181 6.69110 6.69110 6.69110 6.69110 6.70127 5.12644 5.12644 4.87283 4.34715 4.38628 4.36711 4.06081 5.86392 6.73231 6.76615 6.58088 6.40912 6.27812 6.27046 6.27046 6.27046 6.27046 6.26899 6.23633 5.56664 5.49489 5.49784 5.49083 5.93004 6.55599 6.55599 6.24923 5.33034 5.44941 5.58929 5.36733 4.94856 5.03738 5.12668 5.23408 5.29147 5.33758 5.38243 5.39575 5.39575 5.39575 5.39575 5.39581
7.86064 6.83793 5.34430 5.41495 5.50432 5.56033 5.53273 5.49887 5.46500 5.44194 5.44124 5.44124 5.59397 5.75371 5.75371 6.57427 7.39695 7.89475 8.38314 6.69110 7.02999 7.57292 7.94270 8.20734 5.19089 5.37931 5.91250 5.09210 4.77997 4.75017 4.30499 5.19324 5.80522 6.27046 6.27046 6.27046 6.27046 6.26565 6.24749 6.22857 6.20971 6.19217 6.18868 5.84388 5.45435 5.49002 5.53385 5.71502 6.75583 6.90402 6.96566 5.86520 5.80398 5.89297 6.01418 5.31948 5.33358 5.37920 5.39575 5.39575 5.39575 5.39584 5.39669 5.39773 5.39659 5.32318 5.22094
5.81422 5.68266 5.52684 5.49297 5.45912 5.44126 5.44124 5.44124 5.44124 5.44124 5.44124 5.44124 5.46659 5.74477 5.75371 5.95310 7.44700 7.69001 9.13809 8.16542 8.28539 8.28930 8.41064 8.62199 6.96345 7.09789 7.11467 6.14559 4.63755 4.63567 4.52679 4.57556 5.53967 6.23949 6.24145 6.22251 6.20358 6.18947 6.18868 6.18868 6.18868 6.19387 6.27042 6.33472 5.74596 5.80162 5.85821 5.86058 6.62167 7.11073 7.20314 6.67673 6.13435 6.18040 6.23557 5.73223 5.39587 5.39677 5.39781 5.39415 5.31327 5.21182 5.11690 5.02835 4.94708 4.92160 4.92249
5.10494 5.75716 5.44124 5.44124 5.44124 5.44124 5.44124 5.44124 5.44124 5.44124 5.44124 5.44124 5.49633 5.95342 6.24171 6.44159 7.56225 8.06224 9.04845 9.25806 9.22029 9.69256 9.88015 9.88015 7.11467 7.11467 7.11467 7.01217 4.88650 4.63567 4.63567 4.15141 5.28471 5.89174 6.15991 6.18868 6.18868 6.20904 6.30188 6.40119 6.50045 6.59453 6.61729 6.61729 6.21086 5.90631 6.01548 6.11037 6.46213 7.37910 7.39914 7.19540 6.20163 6.20269 6.19805 5.97925 5.20270 5.10847 5.02032 4.94146 4.92160 4.92160 4.92949 4.96070 4.99339 5.02611 5.05793
4.30021 5.85145 5.52892 5.44124 5.44124 5.44124 5.44124 5.44124 5.46186 5.74221 6.05538 6.32476 6.52700 6.55731 6.56694 6.58330 7.09195 8.58084 9.04653 10.5950 9.88015 9.88015 9.88015 9.88015 7.11467 7.11467 7.11467 7.08129 5.32223 4.30588 4.14594 3.81978 4.12146 4.92440 5.94483 6.43265 6.53210 6.61086 6.61729 6.61729 6.61729 6.61729 6.62043 6.63289 6.60209 6.10558 6.19075 6.26982 6.34769 7.20956 7.25154 7.10475 6.02352 5.70853 5.61139 5.63348 5.07419 4.92200 4.94311 4.97582 5.00853 5.04123 5.06606 5.06758 5.06758 5.06758 5.06572
3.72110 5.55522 5.72197 5.44124 5.44391 5.67053 5.99444 6.27207 6.50062 6.56326 6.59584 6.62873 6.66162 6.69454 6.72634 6.73545 6.75443 8.40570 8.71681 10.4496 9.93230 9.88015 9.88015 9.88015 5.89222 5.50835 5.17353 4.89420 4.68512 3.79662 3.76238 3.75688 3.55413 5.02349 5.83873 6.61729 6.61729 6.61729 6.61888 6.63027 6.64334 6.66364 6.72754 6.79044 6.85156 6.54438 6.31936 6.31958 6.22756 6.26936 6.35207 6.27507 5.96086 5.59644 5.62186 5.66479 5.48170 5.05596 5.06758 5.06758 5.06758 5.06758 5.05230 4.99453 4.93426 4.85543 4.73501
3.56554 4.91267 5.93828 6.17784 6.49659 6.61585 6.64875 6.68164 6.71453 6.73516 6.73545 6.73545 6.73545 6.73545 6.75122 6.81136 6.87555 7.76970 9.05839 10.1478 10.6841 9.88015 9.88015 9.88015 4.83284 4.83284 4.83284 4.83284 4.83210 4.04121 3.76238 3.76238 3.53046 4.51020 5.43274 6.48013 6.64593 6.71038 6.78434 6.84749 6.86866 6.81841 6.71922 6.61185 6.50557 6.34817 5.84216 5.93788 5.95514 5.98781 6.27697 6.30814 6.26226 5.71562 5.71492 5.71492 5.75969 5.11823 5.02691 4.96670 4.90637 4.84264 4.74814 4.68180 4.61800 4.60766 4.67110
3.96236 4.55840 6.23309 6.50040 6.73545 6.73545 6.73545 6.73545 6.73855 6.78659 6.84937 6.91219 6.97772 7.05473 7.10961 6.99264 6.84133 6.79959 8.05717 9.43561 11.2317 9.88015 9.88015 9.88015 4.83284 4.83284 4.83284 4.83284 4.83284 4.44611 3.76244 3.77585 3.80651 3.93645 5.36774 6.28811 6.74427 6.64768 6.54033 6.43366 6.36737 6.36551 6.36551 6.36551 6.36598 6.38490 6.06582 5.94826 6.04477 6.05997 6.25832 6.35578 6.35578 5.84014 5.32091 4.89867 4.47808 4.52325 4.77292 4.70940 4.64555 4.61497 4.66584 4.73103 4.79621 4.82646 4.82646
4.29229 4.60775 7.60147 8.18774 6.80619 6.88738 6.95013 7.01299 7.07732 7.10722 7.10276 6.96534 6.81562 6.67132 6.54510 6.51350 6.51350 6.51350 7.30988 8.72217 10.8705 10.1033 9.88015 10.0204 4.83284 4.83284 4.83284 4.84317 4.86740 4.79804 4.10150 3.97745 3.91349 3.52338 4.77021 5.52742 6.36175 6.36551 6.36551 6.36551 6.36910 6.39398 6.42238 6.45078 6.47870 6.48818 6.39789 5.94494 6.05272 5.95213 5.71702 5.59895 5.23412 4.51387 3.76654 3.70093 3.62790 3.84192 4.65702 4.72574 4.79097 4.82641 4.82646 4.82646 4.82644 4.82421 4.82065
9.90395 11.4238 11.8815 11.7230 7.16064 7.11004 7.08791 6.93856 6.78986 6.64751 6.53151 6.51350 6.51350 6.51350 6.51350 6.51350 6.51350 6.51350 6.76509 8.20480 10.1759 11.5539 11.3513 11.6924 4.73002 4.65337 4.57665 4.48972 4.38875 4.35498 4.10425 3.75217 3.75217 3.64203 4.06765 5.25881 6.14603 6.40307 6.43147 6.45985 6.48467 6.48818 6.48818 6.48818 6.48431 6.25787 5.88068 5.15741 4.71027 4.50714 4.50426 4.77309 4.74800 4.64014 3.64698 3.68110 3.75936 3.86769 4.61268 4.82638 4.82391 4.82034 4.81676 4.79943 4.76860 4.73994 4.71265
11.6717 11.6871 11.6596 11.6123 8.68421 6.62059 6.52165 6.51350 6.51350 6.51350 6.51350 6.51350 6.51350 6.51350 6.51350 6.51930 6.59511 6.69139 6.78791 7.98542 9.68681 12.2895 11.7059 12.0030 4.35498 4.35498 4.35498 4.35498 4.35498 4.35498 4.35762 3.77768 3.71590 3.65648 3.50212 5.09408 5.92396 6.48818 6.48818 6.48818 6.44978 6.14054 5.75323 5.33217 4.87833 4.70279 4.70279 4.62478 4.30157 4.38149 4.38236 4.59359 4.82769 4.87231 4.18606 3.80485 3.80056 3.81169 4.21072 4.76610 4.73772 4.71041 4.68314 4.66960 4.66960 4.66748 4.65103
10.7208 10.3857 10.2203 10.5813 10.1749 6.44388 6.51350 6.51350 6.51350 6.51350 6.51350 6.51441 6.57510 6.67138 6.76767 6.86285 6.88994 6.87864 6.91705 7.54695 10.7189 15.7350 19.9886 22.2059 4.35498 4.35498 4.35498 4.35006 4.24346 4.11318 4.00242 3.77525 3.67651 3.78580 3.85979 5.04586 6.21822 6.02015 5.62233 5.18972 4.77133 4.70279 4.70279 4.70279 4.70279 4.69933 4.67625 4.65014 4.19663 4.36474 4.49817 4.52554 4.86107 4.84162 4.50001 3.69907 3.66632 3.63374 3.71699 4.58330 4.66960 4.66126 4.64216 4.62304 4.60390 4.58690 4.58422
10.1729 10.1729 10.1813 10.3931 10.7600 7.84374 6.51350 6.51350 6.55527 6.65137 6.75049 6.86069 6.92191 7.00894 7.10326 7.19561 7.84529 9.58441 11.0528 12.3282 15.5328 19.2654 20.6624 22.5410 4.21826 4.13011 4.19347 4.27198 4.44216 4.66991 4.92396 4.78998 4.17445 4.17445 4.17040 4.12714 4.32543 4.70279 4.70279 4.70279 4.70279 4.70151 4.68157 4.65543 4.62787 4.57291 4.52478 4.48006 4.29761 4.02540 4.45408 4.52578 4.81367 4.87674 4.88258 3.71602 3.62137 3.64013 3.67665 4.17778 4.59505 4.58426 4.58422 4.58422 4.58422 4.56260 4.40039
10.1729 10.1729 10.1729 10.2410 10.6960 9.78272 6.60954 6.91010 7.05989 7.15697 7.25247 7.34992 7.79090 9.01910 10.1673 11.2113 11.7673 12.3690 12.6867 12.7074 14.1727 17.8307 19.8756 22.5261 4.82219 5.03892 5.05879 5.05879 5.05879 5.05879 5.05879 5.06272 4.29255 4.17445 4.17445 4.10861 4.09609 4.68444 4.68684 4.65999 4.60396 4.53411 4.48306 4.45931 4.48507 4.54898 4.62543 4.70158 4.75925 4.31185 4.58833 4.69198 4.82705 4.96400 4.98416 4.26117 3.71916 3.72457 3.72318 3.75266 4.56975 4.50173 4.30977 4.10177 3.87621 3.69004 3.70423
10.1721 10.0922 9.94584 9.96270 10.6979 10.9757 7.97867 7.44905 7.63592 8.77598 9.94620 11.0102 11.7426 11.7956 11.8125 11.8307 11.8612 12.1479 12.8631 12.9216 13.2971 16.4709 19.6234 21.6319 5.05879 5.05879 5.05879 5.05879 5.05879 5.05879 5.05879 5.05879 4.58835 4.17445 4.16341 4.09420 3.91819 4.28742 4.49048 4.52268 4.58409 4.66053 4.73685 4.79210 4.79922 4.79922 4.79922 4.79922 4.81064 4.61798 4.42394 4.76197 4.81823 5.02241 5.02789 4.73864 3.72457 3.72457 3.72457 3.67667 3.72629 3.63928 3.68397 3.73110 3.72777 3.58948 3.43008
9.58679 9.53047 9.52942 9.56120 10.7556 11.1249 10.2835 10.7398 11.6986 11.8228 11.8397 11.8594 11.8830 11.9008 11.9413 11.9890 12.0244 12.0709 12.9212 13.0283 13.0283 14.9568 18.6591 20.5328 5.05879 5.05879 5.05879 5.05879 5.05879 5.05879 5.00159 4.87031 4.67039 3.87114 3.76028 3.70728 3.58638 3.91580 4.79922 4.79922 4.79922 4.79922 4.79922 4.80030 4.81840 4.84259 4.86678 4.89097 4.90373 4.89781 4.38219 4.72485 4.77939 4.96656 5.02789 5.01908 3.89335 3.72630 3.76096 3.79835 3.71971 3.60051 3.44325 3.28379 3.17441 3.17098 3.17098
9.52942 9.48557 9.38767 9.28959 9.85926 10.7975 10.9388 11.4747 11.8860 11.9060 11.9503 11.9965 12.0303 12.0614 12.0699 12.0699 12.0699 12.0699 12.5364 13.0283 13.0283 13.7641 17.0888 20.4394 5.05879 5.03238 4.92354 4.72538 4.49117 4.17958 3.93355 3.74549 3.60172 3.63580 3.63667 3.63667 3.60176 3.54489 4.70429 4.80377 4.82615 4.85033 4.87454 4.89769 4.90374 4.90374 4.90374 4.90374 4.90374 4.90374 4.64063 4.51943 4.77909 4.87096 5.04180 5.08068 4.45484 3.70062 3.55362 3.39428 3.20955 3.17098 3.17098 3.14501 3.08872 3.03231 2.99055
