results/OMI_NO2_200611.asc
ncols      200
nrows      200
xllcorner       120.258
yllcorner       41.1236
cellsize     0.0166667
NODATA_Value      -999.000
[rows 120 to 149 of 188, columns 0 to 65 of 200]
2.25678 2.25678 2.25678 2.25678 2.24614 2.13921 2.06858 2.03436 1.87367 1.89277 2.21413 2.76222 3.32787 3.41739 3.52249 3.62426 3.69385 3.58844 3.51769 3.51536 3.51303 3.51157 3.70359 3.70841 3.69041 3.61393 3.53875 3.55535 3.40646 2.87178 3.08450 2.94149 2.72197 2.73804 2.78940 2.82191 2.82191 2.81764 2.69271 2.42418 2.38394 2.30678 2.29238 2.29591 2.37768 2.47184 2.70527 3.02401 3.01560 3.02448 3.04203 3.13878 3.16060 2.66204 2.56670 2.57001 2.57161 2.57161 2.57161 2.57158 2.77342 3.21785 3.20077 3.14082 2.81434 2.65180
2.14752 2.12466 2.09639 2.07462 2.10837 2.15309 2.19003 2.24852 1.99799 1.92885 2.11491 2.79876 3.34081 3.49734 3.49734 3.49734 3.49734 3.49113 3.43083 3.35768 3.28817 3.22119 3.29055 3.28763 3.31254 3.33132 3.32967 3.29683 3.33370 2.83829 2.99658 3.14165 2.87017 2.81073 2.79552 2.80427 2.82191 2.81510 2.70205 2.49294 2.50040 2.56055 2.58275 2.65055 2.63846 2.62389 2.71773 3.08755 3.29794 3.36185 3.43150 3.32631 3.19319 2.82223 2.57161 2.57161 2.56803 2.55555 2.54265 2.52976 2.63151 3.03746 3.18718 3.17286 2.90620 2.69727
2.06742 2.12219 2.19394 2.26703 2.28339 2.32736 2.36568 2.44064 2.37224 2.15447 2.18561 2.68337 3.10271 3.35348 3.26621 3.17998 3.09847 3.02686 3.00378 2.98620 2.96859 2.95120 3.01765 3.06736 3.02344 3.05290 3.05395 3.10234 3.22220 2.83257 2.69550 2.83607 2.69499 2.53798 2.49886 2.55262 2.68504 2.67611 2.70548 2.81332 2.76939 2.78893 2.69348 2.69900 2.73431 2.77345 2.79582 3.10865 3.46559 3.44712 3.44712 3.42116 3.19581 2.94546 2.53841 2.51587 2.49693 2.48713 2.45515 2.40692 2.39881 2.60090 2.79446 2.76348 2.65843 2.42446
2.28935 2.31825 2.41077 2.52792 2.65160 2.74210 2.70722 2.70879 2.68674 2.38561 2.29422 2.35212 2.61535 2.74880 2.76580 2.76580 2.76580 2.76580 2.76848 2.76616 2.72224 2.72350 2.77983 2.93446 2.99355 3.03795 3.03885 3.03885 3.09113 2.92533 2.50488 2.67493 2.63441 2.43358 2.43473 2.48911 2.71763 2.74206 2.77512 2.92655 2.97037 2.95039 2.87438 2.78975 2.77989 2.78422 2.78863 2.98213 3.37692 3.38680 3.36618 3.33917 3.10229 2.87755 2.32450 2.28967 2.25611 2.22340 2.20937 2.20937 2.21073 2.37247 2.64879 2.84928 2.99411 2.42623
2.76565 2.87001 2.91941 2.92952 2.92455 2.91965 2.86255 2.77977 2.77839 2.53598 2.29162 2.28744 2.50076 2.67811 2.76580 2.76580 2.73973 2.71289 2.73039 2.75185 2.81259 2.82829 2.83550 2.98950 2.97079 2.95093 2.91025 2.86240 2.86868 2.88863 2.45153 2.53297 2.55455 2.52393 2.57659 2.59916 2.84221 2.87829 2.87742 2.90048 3.00084 2.95459 2.94180 2.79757 2.82185 2.84492 2.84968 2.95523 3.24412 3.16457 3.03668 2.99422 2.92224 2.79663 2.23697 2.20937 2.21205 2.21673 2.22358 2.32980 2.49570 2.75151 2.97360 3.00472 3.01091 2.61238
2.91792 2.91795 2.91795 2.91795 2.91795 2.91795 2.90620 2.78143 2.77977 2.66625 2.36540 2.26248 2.37416 2.63294 2.85338 2.94325 2.81199 2.81580 2.81076 2.80570 2.76107 2.70749 2.65762 2.78574 2.84758 2.89659 2.91728 2.91061 2.86600 2.71615 2.39923 2.40255 2.52150 2.54840 2.61093 2.60518 2.76689 2.86190 2.86065 2.85143 2.96894 2.97177 2.99703 2.94523 2.93195 3.00063 3.04032 3.09471 3.20577 3.24780 3.06508 3.07084 3.07025 2.90186 2.43934 2.39717 2.56048 2.70398 2.80338 2.85080 2.84023 2.82858 2.81142 2.73946 2.72840 2.65621
2.76913 2.76073 2.75231 2.74392 2.73550 2.72710 2.71868 2.62537 2.59454 2.56189 2.33015 2.22352 2.30186 2.61640 2.84154 2.88620 2.75132 2.56580 2.53428 2.40710 2.39158 2.39732 2.40181 2.57824 2.67456 2.64448 2.62155 2.61497 2.60983 2.57272 2.38040 2.33325 2.50295 2.50786 2.58945 2.61632 2.74655 2.96241 3.01188 3.06309 3.22323 3.40134 3.39392 3.36190 3.14587 3.20320 3.20320 3.20320 3.20551 3.32733 3.12376 3.24633 3.40760 3.42032 3.17478 2.94071 2.94071 2.90237 2.62772 2.59023 2.56870 2.54820 2.52562 2.49631 2.54351 2.55757
2.63910 2.63910 2.63910 2.63910 2.63910 2.63910 2.63910 2.59145 2.55673 2.57988 2.45742 2.42508 2.25422 2.25543 2.48088 2.54609 2.53518 2.40997 2.41894 2.36343 2.31316 2.31032 2.30746 2.41853 2.62586 2.62301 2.58908 2.57907 2.57410 2.56772 2.42024 2.37111 2.53846 2.64068 2.74371 2.81872 2.87909 3.17630 3.17640 3.17640 3.20356 3.43656 3.39642 3.39425 3.21741 3.20330 3.24502 3.37438 3.53571 3.77934 3.77536 3.76536 3.74742 3.63963 3.24570 2.82110 2.79860 2.78109 2.57121 2.55802 2.55926 2.55926 2.55698 2.54449 2.54255 2.56874
2.66999 2.69702 2.72401 2.75102 2.77800 2.80501 2.83740 2.83140 2.73200 2.71789 2.66569 2.63956 2.47492 2.18875 2.48482 2.66878 2.69320 2.60727 2.51262 2.45730 2.28691 2.28570 2.28357 2.32219 2.60338 2.60125 2.57913 2.56120 2.56120 2.56121 2.49874 2.45230 2.54082 2.71475 2.73981 2.84250 2.84294 3.14010 3.17640 3.17640 3.18496 3.34093 3.45856 3.61208 3.73146 3.68094 3.84044 3.92659 4.00390 4.03042 3.59625 3.42076 3.35497 3.31813 3.32685 2.81939 2.81939 2.81939 2.64932 2.56001 2.56426 2.56893 2.57204 2.57313 2.54439 2.57474
2.94534 2.95833 2.96311 2.93288 2.90156 2.86777 2.83161 2.81228 2.73060 2.69294 2.67045 2.63596 2.55108 2.18333 2.35038 2.65780 2.69693 2.68225 2.51465 2.49825 2.31095 2.29282 2.30303 2.31354 2.62226 2.66768 2.67293 2.66765 2.69263 2.71789 2.71558 2.61344 2.63810 2.90018 2.93105 3.08138 3.13166 3.16528 3.17338 3.23213 3.31278 3.48307 4.12198 4.30924 4.33636 4.11183 4.09329 4.06571 4.01836 4.00776 3.55019 3.28311 3.30323 3.30323 3.34769 2.89115 2.82328 2.82882 2.73325 2.59314 2.60331 2.61633 2.64059 2.66512 2.66851 2.67561
2.89443 2.84953 2.81495 2.80418 2.79347 2.77096 2.73820 2.68516 2.60630 2.55270 2.52017 2.48020 2.43617 2.23546 2.29016 2.77370 2.91577 2.93152 2.81731 2.72993 2.59317 2.48439 2.48455 2.49313 2.74675 2.87626 2.88674 2.85068 2.84766 2.84766 2.84766 2.73673 2.70764 2.88263 2.99419 3.11881 3.32593 3.49376 3.64388 3.70076 3.73547 3.78032 4.08714 4.25816 4.26697 4.17442 4.00548 4.00780 4.01617 4.03082 3.82746 3.31436 3.35837 3.37891 3.41028 3.15391 2.98589 3.01474 2.99058 2.77081 2.78734 2.79265 2.78048 2.76537 2.74729 2.65671
2.76616 2.70919 2.65756 2.60594 2.55143 2.51368 2.48667 2.47633 2.45731 2.42362 2.42347 2.42071 2.40969 2.34544 2.29110 2.60140 2.94910 2.96594 2.93972 2.74170 2.68601 2.52220 2.52712 2.53186 2.69172 2.88836 2.88836 2.86180 2.84490 2.84258 2.84091 2.83720 2.90963 3.12772 3.50153 3.60457 3.75539 3.71078 3.68202 3.69590 3.71215 3.74088 3.89728 4.30473 4.36949 4.38655 4.18838 4.18263 4.22341 4.26381 4.26641 3.60739 3.51207 3.52295 3.51109 3.32967 3.02845 3.01128 2.99415 2.74533 2.71232 2.71553 2.73309 2.74645 2.76325 2.72392
2.49830 2.47841 2.46867 2.46068 2.45989 2.45989 2.45989 2.45989 2.45948 2.42625 2.42347 2.42346 2.41218 2.40151 2.25486 2.38904 2.89099 2.96594 2.96594 2.84738 2.75644 2.58563 2.53183 2.53036 2.60737 2.88505 2.88844 2.91565 2.95097 3.00880 3.07065 3.10502 3.32161 3.36864 3.71575 3.77166 3.84634 3.89156 3.91231 3.92114 3.92790 3.94021 3.96645 4.37554 4.55472 4.51215 4.41861 4.43592 4.45806 4.47472 4.35214 3.89951 3.52290 3.57236 3.58656 3.49706 3.06225 3.07416 3.09894 2.95291 2.90830 2.93852 2.95918 2.92175 2.88991 2.87292
2.52746 2.52347 2.53030 2.53713 2.54393 2.55076 2.55756 2.56439 2.57119 2.54689 2.53595 2.54210 2.54220 2.54059 2.40994 2.48931 2.84257 3.13766 3.14183 3.08833 2.90382 2.76700 2.72614 2.76164 2.83537 3.23594 3.30350 3.32085 3.29230 3.29824 3.29985 3.30128 3.46140 3.61170 3.83379 4.01801 4.05473 4.11742 4.13027 4.14313 4.16487 4.17568 4.14471 4.27047 4.49928 4.50542 4.53280 4.68507 4.69060 4.69060 4.53834 4.24932 3.66781 3.71087 3.72858 3.72811 3.18063 3.19010 3.19669 3.19669 3.19705 3.21541 3.24175 3.22188 3.15231 3.15127
2.71770 2.68495 2.68299 2.68299 2.68299 2.68299 2.68299 2.68299 2.68299 2.66308 2.62426 2.62226 2.60053 2.56312 2.47782 2.50304 2.63628 3.10746 3.11370 3.13152 3.04497 2.95641 2.95278 2.98688 2.99844 3.28878 3.38248 3.39405 3.38698 3.39193 3.40516 3.42268 3.50311 3.75393 3.86574 4.16275 4.16606 4.25009 4.20135 4.12865 4.05209 3.98813 4.00768 4.03643 4.43954 4.52425 4.52425 4.64468 4.69203 4.70105 4.65138 4.45534 3.84047 3.73324 3.78877 3.79309 3.33902 3.24669 3.24776 3.24826 3.24845 3.23058 3.20479 3.19633 3.10696 3.10377
2.71833 2.69367 2.68299 2.67227 2.64463 2.61267 2.55642 2.49729 2.43967 2.38206 2.41497 2.37447 2.34648 2.31786 2.31192 2.47218 2.70722 3.14645 3.30428 3.34857 3.29468 3.12861 3.12478 3.11135 3.11286 3.31614 3.48583 3.49203 3.48712 3.47912 3.48363 3.48385 3.48605 3.74118 3.79801 4.04424 4.01940 3.97668 3.98617 3.98617 3.98617 3.98617 3.99909 4.01758 4.25828 4.52654 4.55775 4.64428 4.76020 4.77384 4.77051 4.51407 4.17071 3.81105 3.97192 4.02014 3.63792 3.20005 3.19952 3.19952 3.19952 3.19952 3.19846 3.18895 3.02556 2.83046
2.41561 2.35690 2.30947 2.26779 2.24259 2.21847 2.19501 2.17171 2.15231 2.13624 2.27785 2.36263 2.47407 2.58795 2.69363 2.84183 3.04714 3.14761 3.35367 3.36023 3.36711 3.19622 3.15716 3.14496 3.14793 3.26325 3.49464 3.47771 3.45729 3.42205 3.42080 3.36927 3.31226 3.37116 3.46882 3.60076 3.72035 3.71539 3.74786 3.95869 3.99102 3.99651 4.04912 4.14732 4.25754 4.54223 4.59450 4.63485 4.76899 4.80896 4.83187 4.68799 4.48075 3.99830 4.02054 4.06655 3.83948 3.22482 3.19945 3.19255 3.18121 3.16991 3.16107 3.16129 3.08742 2.79396
2.18902 2.18407 2.19309 2.17184 2.15414 2.13921 2.14301 2.15740 2.25238 2.36870 2.58177 2.82876 2.86841 2.89947 2.89878 2.85081 2.90477 2.89850 3.15262 3.17035 3.15442 3.07676 2.94008 2.91742 2.89578 2.91524 3.22238 3.21295 3.17674 3.12162 3.07193 3.06492 3.06492 3.09408 3.31709 3.37115 3.58865 3.59303 3.68245 3.99071 4.16916 4.22856 4.26678 4.31226 4.33507 4.51544 4.69687 4.70902 4.82308 4.87260 4.87340 4.79126 4.57733 4.13217 3.95774 4.06876 3.96231 3.26634 3.14420 3.12340 3.10637 3.08937 3.07099 3.05191 3.01600 2.71406
2.16331 2.09716 2.14232 2.16527 2.25905 2.39836 2.54217 2.68432 2.73977 2.76975 2.80320 3.00528 3.00895 3.00933 2.99466 2.73857 2.78175 2.78171 2.91919 3.07457 3.07457 3.07335 2.92891 2.91453 2.87339 2.84572 3.07125 3.08597 3.08597 3.07455 3.06540 3.06872 3.07251 3.07630 3.29643 3.41328 3.69921 3.84956 3.92386 4.08906 4.33608 4.36071 4.36311 4.37819 4.38719 4.44281 4.67552 4.72912 4.76861 4.78899 4.79384 4.78456 4.52532 4.28611 3.86333 3.90884 3.91851 3.27479 3.05051 3.06667 3.08436 3.10255 3.12124 3.14048 3.15729 2.86785
2.46979 2.42442 2.59379 2.73136 2.77984 2.78271 2.78548 2.78623 2.78623 2.78623 2.78623 2.95804 2.99595 2.98767 2.97691 2.75503 2.73569 2.73728 2.75080 2.99780 2.95795 2.89155 2.80808 2.73497 2.71433 2.70451 2.88739 2.98779 2.98543 2.99481 3.05400 3.18610 3.46584 3.63377 3.72456 3.71022 3.90669 4.10103 4.10948 4.09899 4.43269 4.45162 4.47108 4.50341 4.54764 4.56944 4.77665 4.89363 4.85432 4.75955 4.69833 4.63724 4.57852 4.54134 4.05804 3.99578 4.10314 3.58894 3.16811 3.10965 3.10275 3.08087 3.04757 3.01427 2.98102 2.90284
3.31436 2.88206 2.81859 2.64954 2.62570 2.62617 2.62663 2.62704 2.62747 2.62793 2.62836 2.73063 2.84029 2.84713 2.85398 2.73203 2.64771 2.63524 2.57436 2.68472 2.77287 2.77914 2.79155 2.76795 2.79042 2.83979 3.01790 3.27108 3.43213 3.58126 3.70438 3.77471 4.07984 4.12822 4.13580 3.94802 4.00250 4.30381 4.30393 4.21132 4.52904 4.54662 4.49932 4.44008 4.44952 4.42775 4.49086 4.65396 4.60618 4.41466 4.35755 4.33560 4.44471 4.68826 4.27259 3.95753 4.06480 3.68971 3.15353 2.98900 2.96260 2.95121 2.95119 2.95119 2.95721 2.96856
3.83785 3.30349 3.09566 2.87079 2.78730 2.78730 2.78730 2.78730 2.78730 2.78730 2.78730 2.82409 2.98810 2.98810 2.98810 2.92169 2.72827 2.75401 2.65290 2.74134 3.02084 3.11418 3.23486 3.34843 3.45339 3.53582 3.62313 3.73876 3.72912 3.71949 3.79460 3.83124 4.03108 4.10958 4.09916 3.90284 3.76703 3.96320 3.97546 3.90059 4.03986 4.13255 4.15029 4.18048 4.26206 4.28233 4.29240 4.50549 4.56595 4.43586 4.37955 4.33257 4.33328 4.65901 4.42637 3.90633 3.91495 3.77066 3.16949 2.97036 2.97952 2.99638 3.01337 3.03038 3.04139 3.05616
3.93656 3.52281 3.12354 2.93893 2.78730 2.78019 2.76399 2.73888 2.70704 2.67760 2.65421 2.68170 2.88365 2.89585 2.88110 2.85376 2.83629 3.21447 3.16801 3.25212 3.53739 3.70361 3.75346 3.68829 3.50067 3.50712 3.48043 3.62338 3.63024 3.63036 3.67622 3.76162 3.90054 4.05489 4.05492 3.85631 3.55618 3.69379 3.88646 3.91655 4.00721 4.19818 4.19818 4.19818 4.24040 4.28233 4.28233 4.41352 4.54538 4.44282 4.33498 4.25947 4.23967 4.48348 4.53373 4.02557 3.87027 3.91066 3.15759 3.06707 3.04332 3.04349 3.04349 3.04349 3.04862 3.10239
3.60985 3.23590 2.85400 2.66829 2.48163 2.46594 2.45770 2.45827 2.46963 2.47898 2.47174 2.55526 2.85780 2.95820 3.00716 3.11193 3.28145 3.59773 3.63511 3.48460 3.57044 3.78957 3.78966 3.75729 3.51181 3.51032 3.47838 3.59206 3.63084 3.63084 3.63970 3.76106 3.85147 4.10114 4.14870 4.15588 3.73929 3.78031 4.07224 4.09385 4.09966 4.19818 4.20041 4.22559 4.27619 4.39028 4.45638 4.52718 4.52087 4.46299 4.33152 4.29645 4.24778 4.35965 4.53266 4.13560 3.78283 3.84335 3.22420 3.07768 3.04366 3.08111 3.15300 3.23090 3.30048 3.32801
3.56881 3.23020 2.88956 2.68064 2.47165 2.44753 2.45068 2.51026 2.55293 2.59104 2.64151 2.72858 3.07711 3.23391 3.24210 3.20666 3.18128 3.46041 3.71476 3.65451 3.61719 3.90502 3.97034 3.98912 3.77561 3.68951 3.70507 3.79292 3.88809 3.90996 3.94830 4.10447 4.19340 4.55841 4.56656 4.56656 4.13485 3.97275 4.24189 4.36833 4.37484 4.31770 4.38162 4.43442 4.48791 4.58016 4.57579 4.56666 4.54162 4.43306 4.27165 4.25226 4.19454 4.21049 4.53967 4.33509 3.82775 3.83320 3.52934 3.32920 3.37039 3.41534 3.44162 3.46218 3.48266 3.50301
3.61775 3.25618 2.99283 2.79127 2.62583 2.62274 2.65285 2.65503 2.67954 2.69791 2.71916 2.71168 2.88786 3.04892 3.06693 3.07808 3.08509 3.47282 3.82561 4.00861 3.81914 3.93958 4.14865 4.14865 3.98421 3.80644 3.82295 3.86900 4.01829 4.04610 4.05739 4.12265 4.20035 4.49773 4.59390 4.62816 4.42182 4.10579 4.31710 4.59985 4.62430 4.51222 4.48000 4.45895 4.43265 4.48390 4.51101 4.51655 4.53181 4.45753 4.33949 4.26165 4.22333 4.18557 4.45546 4.58228 4.15206 4.03033 3.87159 3.50990 3.49028 3.45075 3.41886 3.38392 3.34986 3.31656
3.48783 3.41024 3.14670 2.85670 2.66244 2.59379 2.63272 2.66815 2.68583 2.69624 2.70210 2.70212 2.83290 3.03625 3.08222 3.08222 3.08222 3.29513 3.72335 4.05498 3.86531 3.82090 4.16334 4.20385 4.14523 3.96505 3.98537 3.98357 4.14505 4.16513 4.20681 4.27306 4.43991 4.62949 4.74597 4.73881 4.66060 4.26302 4.26176 4.55337 4.56396 4.52343 4.47099 4.48207 4.49315 4.53948 4.59845 4.60385 4.60780 4.57004 4.37364 4.13546 4.12086 4.08135 4.16699 4.23241 4.04971 3.87353 3.74490 3.30909 3.27647 3.24346 3.24598 3.24850 3.27524 3.35331
3.73184 3.62528 3.26295 3.08439 2.89622 2.81281 2.81952 2.82625 2.82868 2.83338 2.84366 2.85816 2.95286 3.22120 3.33332 3.35094 3.36864 3.44700 4.00806 4.39671 4.46088 4.27846 4.57218 4.77601 4.76645 4.45705 4.44477 4.49308 4.49884 4.50089 4.49573 4.50676 4.62658 4.63138 4.60638 4.60734 4.61124 4.31352 4.23759 4.47710 4.58440 4.57219 4.46792 4.45017 4.41827 4.39983 4.41723 4.40316 4.39898 4.40934 4.33882 4.06645 4.06633 4.05390 4.04130 4.00896 3.97403 3.75118 3.73628 3.29359 3.34334 3.38609 3.45673 3.53416 3.58736 3.58929
4.59101 4.21482 3.74750 3.45459 3.26622 3.17534 3.18459 3.19383 3.18755 3.17186 3.17610 3.17610 3.19492 3.49802 3.63948 3.64160 3.64160 3.64160 4.03595 4.47858 4.86941 4.56903 4.66181 5.14737 5.23230 4.95721 4.87816 4.76556 4.66044 4.61474 4.63924 4.65454 4.64666 4.64341 4.65596 4.66852 4.68106 4.53679 4.40265 4.52617 4.55053 4.52670 4.42859 4.39917 4.43016 4.46244 4.45846 4.46338 4.46414 4.46614 4.41774 4.16120 4.07792 4.07353 4.05048 4.03070 4.05987 3.92671 3.93560 3.61971 3.62821 3.61088 3.60205 3.62876 3.71386 3.82290
4.97114 4.35634 4.05224 3.62359 3.40250 3.22164 3.21707 3.21707 3.21480 3.17756 3.17957 3.20642 3.23856 3.48997 3.70076 3.78846 3.84164 3.94224 4.22660 4.75888 5.26986 5.19692 5.10452 5.19481 5.21141 5.16570 5.17205 5.00556 4.88614 4.78484 4.79670 4.79939 4.80377 4.79110 4.80522 4.81929 4.83359 4.81377 4.78674 4.76484 4.53866 4.55666 4.54911 4.49539 4.49809 4.49809 4.47747 4.46414 4.46414 4.46414 4.45754 4.27215 4.13739 4.20798 4.25936 4.29349 4.30347 4.18098 4.09027 3.82975 3.74137 3.81386 4.07217 4.15784 4.18183 4.18183
