results/OMI_NO2_200911.asc
ncols      200
nrows      200
xllcorner       120.258
yllcorner       41.1236
cellsize     0.0166667
NODATA_Value      -999.000
[rows 145 to 173 of 175, columns 0 to 66 of 200]
16.0963 17.7330 17.7444 18.1238 19.1579 22.5580 22.6372 22.7078 23.2151 23.5691 23.5298 23.5298 23.5298 23.5298 23.5298 23.5298 23.5298 23.5298 23.5528 24.1320 25.0488 25.6349 25.3148 23.7929 6.52120 6.62944 6.64784 6.60166 6.43421 6.28735 6.26234 6.26234 6.26234 6.26234 6.26234 6.27859 6.53635 7.09824 6.68671 6.48153 6.49491 6.65626 6.54328 6.50944 6.58950 6.58950 6.58950 6.58950 6.58935 6.46699 6.43210 6.26981 6.09306 5.93904 5.90897 5.90275 5.87280 5.81179 5.75819 5.73705 5.71573 5.44682 5.66324 5.89606 5.97194 6.03638 6.03212
14.8357 17.9326 18.0612 18.3373 18.6810 21.9553 22.8601 22.8601 22.9280 23.5219 23.5298 23.5298 23.5298 23.5298 23.5298 23.8769 24.7522 25.5594 25.6714 24.8918 23.7661 23.1542 22.3410 21.7059 6.30002 6.26234 6.26234 6.26234 6.26234 6.26234 6.26234 6.26234 6.25976 6.16569 6.02593 5.86115 5.47403 6.49438 7.03011 7.02312 7.06448 7.06392 6.95757 6.58950 6.49759 6.30060 6.11591 5.94257 5.78189 5.73594 5.81275 5.89900 5.87459 5.85009 5.82557 5.80729 5.81155 5.90415 5.97215 6.08074 6.19727 5.91886 5.66818 5.78681 5.70826 5.64626 5.58850
14.8000 17.2644 18.2402 18.2574 18.6548 20.1506 22.8601 22.8601 22.8601 23.3460 23.5298 23.6839 24.4686 25.3841 25.6805 25.2380 24.1145 23.2228 23.1530 23.1530 23.1530 23.1530 22.8659 21.7059 6.08745 6.26234 6.26234 6.26234 6.26234 6.20829 6.06941 5.89589 5.39489 4.85523 4.31694 3.76762 3.66576 5.09832 7.34020 7.01761 6.79878 6.59643 6.40581 5.87236 5.72776 5.72746 5.72736 5.71295 5.68844 5.66753 5.65984 5.79948 5.83586 5.85784 5.87846 5.89905 5.91342 6.16175 6.25428 6.17694 6.11479 5.83129 5.30653 5.46914 5.51892 5.52205 5.55697
14.8000 15.9208 18.2402 18.2402 18.4736 18.7164 22.3414 22.8976 23.4887 24.6379 25.6558 25.5055 24.4620 23.3999 23.1530 23.1530 23.1530 23.1530 23.1530 23.1530 23.1786 23.2256 23.2654 21.9939 5.92493 6.23980 6.11304 5.92972 5.41147 4.83677 4.29420 3.75542 3.62374 3.61461 3.62378 3.72645 3.86778 4.24999 6.35084 6.23850 6.13411 6.13411 6.13314 5.90911 5.68380 5.65929 5.63461 5.63495 5.65555 5.67629 5.70649 5.82295 5.88986 5.88844 5.88155 5.83466 5.78137 5.82495 6.04733 5.94767 5.89937 5.79792 5.32809 5.44383 5.66356 5.66356 5.66356
14.8000 14.8747 17.9418 18.2402 18.6347 19.7172 23.0072 24.7820 23.9166 22.8315 23.1120 23.1530 23.1530 23.1530 23.1530 23.1633 23.2077 23.2547 23.3017 23.3487 23.3701 23.3701 23.3701 22.7009 4.83171 4.72455 4.27243 3.74458 3.63164 3.61488 3.67830 3.80973 3.95164 4.10512 4.25897 4.29161 4.29161 4.38342 5.50867 6.31527 6.08581 6.05006 6.00286 5.93860 5.65570 5.67591 5.69678 5.70693 5.70693 5.70693 5.71399 5.78118 5.79344 5.73838 5.68594 5.63785 5.59762 5.56139 5.84890 5.84733 5.84603 5.84603 5.51431 5.37313 5.63952 5.66356 5.67387
14.8582 15.2328 18.2228 24.1855 28.2263 30.7592 31.9672 23.0385 22.2601 22.2601 22.8294 23.1898 23.2368 23.2838 23.3308 23.3675 23.3701 23.3701 23.3562 23.2805 23.1973 23.1142 23.0311 22.7852 2.59104 3.14204 3.75945 3.89727 4.04613 4.20775 4.29161 4.29161 4.29161 4.29161 4.28802 4.26103 4.19379 4.16425 4.46117 6.21986 6.02375 5.97938 6.00262 6.00291 5.76872 5.70693 5.70693 5.73173 5.78404 5.83642 5.88303 5.87009 5.67611 5.56975 5.53680 5.53947 5.54074 5.54074 5.71692 5.87290 5.84603 5.85373 5.76929 5.57595 5.83070 6.07279 6.16782
22.5236 25.8864 28.9525 32.4277 32.4353 32.4353 32.4544 27.2226 22.3730 22.4200 22.7086 23.3701 23.3701 23.3281 23.2449 23.1618 23.0787 22.9956 22.9264 22.9190 22.9190 22.9190 22.9190 22.9190 3.01377 3.30756 4.28711 4.29161 4.29161 4.29161 4.27693 4.19786 4.11500 4.11817 4.16400 4.24086 4.37387 4.50923 4.29924 5.67801 6.16803 6.00291 6.00291 6.01457 5.93514 5.82042 5.87278 5.85453 5.76114 5.66792 5.57910 5.68016 5.70560 5.54074 5.54074 5.54074 5.54057 5.53542 5.57269 5.92644 6.24886 6.34651 6.33471 6.00809 6.06416 6.17784 6.17576
28.9951 29.0524 29.5093 31.9963 32.5773 32.6243 32.6522 31.6623 23.1809 23.5010 24.0710 23.2901 22.9601 22.9190 22.9190 22.9190 22.9190 22.9190 22.9190 22.9190 22.9190 22.9190 22.9190 22.9190 3.14344 3.14344 3.99053 4.11535 4.07413 4.11196 4.17126 4.31183 4.47160 4.52167 4.52167 4.52167 4.52167 4.52167 4.39723 4.86529 6.30598 6.11761 6.15276 6.17609 6.06376 5.70615 5.60890 5.56139 5.56147 5.56147 5.56147 5.59331 5.76134 5.56698 5.52231 5.51488 5.50762 5.50534 5.51596 5.85115 6.44724 6.60623 6.67908 6.40334 6.21544 6.18488 6.17493
30.8281 31.3051 31.4797 32.4650 33.8229 34.3831 34.9430 35.4728 29.1435 25.4240 25.4240 24.0485 22.9190 22.9190 22.9190 22.9190 22.9190 22.9190 22.9190 22.9190 22.9192 22.9205 22.9224 22.9247 3.16394 3.23931 3.75910 4.41083 4.51985 4.52167 4.52167 4.52167 4.52167 4.52167 4.52167 4.52180 4.57264 4.66426 4.72291 4.45431 6.12922 6.14881 5.93904 5.86314 5.85745 5.64312 5.56147 5.55940 5.55221 5.54478 5.53735 5.52992 5.67361 5.63933 5.52443 5.58951 5.65655 5.72363 5.78008 5.92844 6.42721 6.71600 6.79954 6.70615 6.37056 6.41012 6.57640
33.2599 33.8198 34.2822 34.3802 35.5250 35.5993 35.5993 35.5993 33.6327 25.4332 25.4240 24.9515 22.9190 22.9190 22.9190 22.9190 22.9191 22.9201 22.9218 22.9239 22.9262 22.9266 22.9266 22.9266 3.57922 3.57922 3.65916 4.50095 4.52167 4.52167 4.52167 4.52167 4.54746 4.63624 4.72786 4.81914 4.76150 4.58026 4.39910 4.09418 5.00980 6.08324 5.85722 5.84992 5.84249 5.72605 5.53166 5.52631 5.52607 5.52607 5.55609 5.62309 5.74936 5.95284 5.80015 5.83675 5.97556 6.14320 6.32196 6.50659 6.66691 7.19959 7.35464 7.47374 7.01073 7.08126 7.24462
34.3290 34.3290 34.3290 34.3290 35.0828 35.5993 35.5993 35.5993 35.5993 27.9658 25.4240 25.4238 23.3497 22.9196 22.9212 22.9232 22.9256 22.9266 22.9266 22.9266 22.9266 22.9266 22.9266 23.0278 3.53939 3.57922 3.57922 4.27037 4.53074 4.60825 4.69987 4.79146 4.80877 4.63687 4.45564 4.27467 4.19187 4.19187 4.19187 4.12872 4.08798 6.05188 5.89068 5.82205 5.82205 5.80760 5.58022 5.63594 5.70301 5.77006 5.86863 6.02578 6.19519 6.56745 6.65851 6.66647 6.68770 6.70015 6.82940 6.98704 7.14480 7.65756 8.02796 8.33908 8.20258 7.85903 7.69954
34.3290 34.3290 34.3290 34.3290 34.5890 35.5993 35.5993 35.5993 35.5993 32.3630 25.6973 26.0083 24.7729 22.9265 22.9266 22.9266 22.9266 22.9266 22.9584 23.1940 23.4654 23.7371 24.0088 24.1789 3.34184 3.65729 3.77945 4.22571 4.83011 4.69340 4.51217 4.33094 4.19836 4.19187 4.19187 4.19187 4.19187 4.19187 4.19187 4.18785 3.99342 5.32428 6.05623 5.94476 6.01676 6.14341 6.13560 6.22137 6.40017 6.59119 6.71088 6.71189 6.71189 6.81274 6.86146 6.94956 7.11539 7.27293 7.47124 7.76606 8.11065 8.64344 9.17007 9.20587 8.94712 8.09224 7.68770
34.3290 34.3290 34.3290 34.3290 34.3289 35.3467 34.6358 33.1665 31.6959 30.4437 27.4027 26.6841 26.2531 22.9559 23.0908 23.3624 23.6341 23.9057 24.1453 24.1814 24.1814 24.1670 23.9146 23.5779 3.11914 3.85743 3.64202 3.43068 4.16301 4.19187 4.19187 4.19187 4.19187 4.19187 4.19187 4.19187 4.19187 4.19984 4.29899 4.45804 4.51019 4.94413 6.73820 6.63344 6.76592 6.86694 6.82493 6.71189 6.71189 6.71189 6.67963 6.59446 6.50853 6.43689 6.74167 7.51234 8.07808 8.43529 8.58930 8.61073 8.61073 8.62656 9.16218 9.20587 9.17754 8.32880 7.51809
34.3290 34.3290 33.9253 32.5054 31.0350 30.1246 30.3288 30.3288 30.3288 30.3765 29.3723 27.2884 27.5601 25.0237 24.1814 24.1814 24.0927 23.7686 23.4315 23.0950 22.7579 22.4358 22.3514 22.3514 1.84346 2.69250 3.13950 3.13950 3.82788 4.19187 4.19187 4.19187 4.19187 4.20797 4.37815 4.58711 4.79613 4.99712 5.10694 5.15686 5.15727 4.90054 6.79869 7.02838 6.87339 6.87339 6.85654 6.63325 6.53495 6.44909 6.42895 6.54026 6.65561 6.77065 7.35217 8.02059 8.61073 8.61073 8.61073 8.61073 8.61415 8.62082 8.79806 8.78158 8.66511 8.12669 7.31673
31.6448 30.1743 29.1081 29.0585 29.0618 29.2043 30.6083 30.8440 31.0252 31.1585 31.0563 28.0313 27.3993 25.6013 22.9487 22.6117 22.3641 22.3514 22.3514 22.3514 22.3514 22.3514 22.3514 22.3514 1.81373 2.01135 3.13616 3.13950 3.43755 4.31552 4.50754 4.71661 4.92552 5.11844 5.15727 5.15727 5.15727 5.15727 5.15727 5.15727 5.15727 5.15400 5.79242 7.09251 6.72606 6.63695 6.60335 6.61125 6.66029 6.77581 6.85763 6.86111 6.86111 6.86111 6.97772 7.81889 8.47558 8.62597 8.63247 8.63931 8.64256 8.63610 8.57404 8.48913 8.41944 8.13130 7.36659
29.0800 29.1502 29.2221 29.2941 29.3628 29.3670 30.3489 30.7447 30.5164 30.2880 30.0604 28.2455 26.1353 25.9126 22.4775 22.3514 22.3514 22.3514 22.3514 22.3514 22.3514 22.3514 22.3514 22.3514 2.02211 1.71419 3.03417 3.47981 3.65104 4.99518 5.15727 5.15727 5.15727 5.15727 5.15727 5.15727 5.15727 5.15727 5.15727 5.09979 4.97109 4.84224 4.51846 6.92950 6.92172 6.94205 7.01855 6.98518 6.86111 6.86111 6.86196 6.86697 6.87243 6.87810 6.88366 7.53047 8.16097 8.62905 8.56423 8.49444 8.42460 8.36128 8.34995 8.33472 8.32013 8.17578 7.72762
29.3363 29.1274 28.8990 28.6707 28.4423 28.2272 28.6459 29.9629 29.9629 29.9629 29.9629 29.6331 26.2128 26.1353 23.6209 22.3514 22.3514 22.3514 22.3514 22.3514 22.3514 22.3514 22.3514 22.3514 3.63375 3.00142 3.10892 3.81606 3.81606 4.58850 5.15727 5.15727 5.15727 5.15727 5.15727 5.13115 5.01077 4.88193 4.75303 4.70435 4.75733 4.81066 4.74653 6.22590 7.24987 7.02291 7.02720 7.03213 6.89754 6.88238 6.88709 6.88764 6.88764 6.86838 6.81117 6.97696 7.65215 8.29384 8.34995 8.26899 8.10449 7.93988 7.77529 7.60244 7.46626 7.67087 8.37506
28.1954 28.1779 28.1779 28.1779 28.1779 28.1779 28.1886 29.7276 29.9629 29.9629 29.9629 29.9629 27.7578 26.1353 24.9862 22.3514 22.3514 22.3514 22.3514 22.3514 22.3514 22.3514 22.3514 22.3514 4.11256 3.69416 2.69473 3.68996 3.81606 4.06698 5.15576 5.15028 5.05031 4.92146 4.79259 4.70002 4.74093 4.79426 4.84759 4.87825 4.87841 4.87841 4.87841 5.08293 7.36294 7.08698 7.04914 7.04914 6.96526 6.85818 6.80000 6.74187 6.68369 6.61863 6.49067 6.35624 6.89353 7.29983 7.50817 7.42471 7.43392 7.63669 7.91773 8.19681 8.43367 8.47662 8.74355
28.1779 28.1779 28.1779 28.1779 28.1779 28.1779 28.1779 29.0459 29.9629 29.9629 29.9629 29.9629 29.2706 26.1353 26.0557 22.6485 22.3514 22.3514 22.3514 22.3514 22.3514 22.3328 22.0319 21.6355 4.11256 4.11256 2.90650 3.25862 3.72629 3.55450 4.58718 4.71287 4.72454 4.77789 4.83127 4.87445 4.87841 4.87841 4.87841 4.87841 4.87841 4.87841 4.87841 4.54468 6.81817 7.16375 6.95036 6.89096 6.76359 6.40527 6.26807 6.13098 5.99389 5.88279 5.87276 5.87276 6.15407 6.80272 7.84265 8.14567 8.41739 8.49930 8.63338 8.83041 9.01491 9.20591 9.30691
28.1779 28.1779 28.1779 28.1779 28.1779 28.1779 28.1779 28.3744 29.9416 29.6636 29.1070 28.5501 28.0507 26.6509 26.1353 23.9341 22.3514 22.1794 21.7846 21.3890 20.9931 20.6161 20.5213 20.5213 4.11256 4.11256 3.46540 2.71683 3.19376 3.28832 4.08584 4.86562 4.87841 4.87841 4.87841 4.87841 4.87841 4.87841 4.87841 4.87841 4.87480 4.77260 4.60812 4.35536 5.03273 6.77635 6.56367 6.50224 6.48345 5.98977 5.87276 5.87276 5.87276 5.90460 6.01893 6.13760 6.28735 7.11545 8.22857 8.86962 9.06664 9.25962 9.32248 9.32248 9.31659 9.30377 9.30377
28.1779 28.1779 28.1779 28.1779 28.1779 28.0704 27.5535 26.9974 27.7087 27.9679 27.9679 27.9679 27.9272 27.1597 25.3210 24.0902 20.7460 20.5220 20.5213 20.5798 21.0297 21.6529 22.4342 23.4420 4.11256 4.11256 4.09495 3.10588 3.30842 3.44424 3.60357 4.85983 4.87841 4.87841 4.87841 4.87841 4.87227 4.71248 4.47793 4.24328 4.01241 3.88002 3.80973 3.80417 3.61410 6.50179 6.54083 6.48345 6.48345 6.21704 5.98301 6.10164 6.22026 6.33871 6.50311 6.67718 6.85091 7.48659 8.30850 9.32248 9.32248 9.32248 9.32248 9.31969 9.31096 9.49815 9.62828
28.1779 28.1661 27.7855 27.2287 26.6719 26.2227 26.1830 26.1819 26.6653 27.5243 27.2607 26.9969 26.7737 26.7131 24.5667 23.9124 22.0884 22.8463 23.9879 25.3230 25.5481 25.5481 25.5481 25.5481 4.11256 4.11256 4.11256 3.50393 3.13582 3.43977 3.44424 4.52804 4.77897 4.57654 4.34202 4.10742 3.87890 3.80417 3.80417 3.80417 3.80417 3.80417 3.80417 3.80417 3.65801 5.36800 6.68557 6.67636 6.79498 6.88924 6.53796 6.70672 6.88051 7.02265 7.03636 7.03636 7.03636 7.14384 7.97999 9.05897 9.30477 9.29628 9.28779 9.28208 9.28429 9.61269 9.89786
26.9039 26.3589 26.1830 26.1645 26.0763 25.9811 25.8860 25.7918 25.7774 26.5461 26.4435 26.2563 26.0693 25.8823 24.6506 22.8301 23.7366 25.5481 25.5481 25.5481 25.5481 25.5481 25.5481 25.5481 4.11256 4.11256 4.11256 4.02384 3.09032 3.15369 3.07675 3.33917 3.83641 3.80417 3.80417 3.80417 3.80417 3.80417 3.80417 3.80417 3.80417 3.80417 3.86456 4.03967 4.21761 4.50258 7.34402 7.37248 7.52080 7.64189 7.19184 7.03636 7.03636 7.03590 7.03027 7.02320 7.01612 7.00904 7.62358 8.45941 9.28903 9.34676 9.41448 9.48214 9.54754 9.65902 10.0622
26.0313 25.9361 25.8410 25.7503 25.5918 25.4047 25.2177 25.0307 24.8452 25.3192 25.7645 25.7645 25.7645 25.7645 25.6095 22.9857 23.0399 25.5372 25.5481 25.5481 25.5481 25.5481 25.5481 25.5481 4.05530 3.56180 2.97863 2.39475 1.92178 2.11832 2.65564 2.71713 3.76118 3.80417 3.80417 3.80417 3.80417 3.80417 3.82832 3.98580 4.16380 4.34161 4.46387 4.48085 4.49537 4.12577 7.02926 7.74215 7.64698 7.64255 7.39663 7.01771 7.01064 7.00402 7.00257 7.00257 7.01449 7.06749 7.34995 8.20847 9.45029 9.56576 9.60049 9.73794 9.88211 10.0264 10.5748
25.3565 25.1696 24.9825 24.8094 24.7740 24.7740 24.7740 24.7740 24.7740 24.9380 25.7634 25.7645 25.7645 25.7645 25.7645 24.2875 22.8301 24.5762 25.5481 25.5481 25.5481 25.5481 25.5481 25.5481 1.83665 1.74675 1.74675 1.74675 1.77819 1.89408 2.53458 2.65564 3.45537 3.80417 3.80838 3.93192 4.10986 4.28773 4.44339 4.47640 4.49097 4.50548 4.51535 4.51564 4.51564 4.44727 5.42480 7.78317 7.62113 7.61325 7.57386 7.01954 7.02260 7.07830 7.13474 7.19117 7.24131 7.33630 7.45914 8.43592 9.48292 10.2591 10.3685 10.3774 10.5484 10.8231 11.3161
24.7740 24.7740 24.7740 24.7740 24.7740 24.7740 24.7740 24.7740 24.7740 24.7740 25.5451 25.7645 25.7645 25.7645 25.7645 25.3781 22.8305 23.5600 25.5481 25.5481 25.5481 25.5481 25.5481 25.5481 1.74675 1.74675 1.74675 1.74675 1.74675 1.86536 2.22735 2.75501 3.34705 4.23386 4.40792 4.47206 4.48658 4.50109 4.51381 4.51564 4.51564 4.51564 4.51564 4.51564 4.51564 4.51564 4.09875 7.54622 7.73442 7.69984 7.75628 7.43769 7.40941 7.53024 7.65038 7.77045 7.88499 7.91366 7.91366 8.32769 9.24984 10.7461 11.0466 11.3192 11.4215 10.9515 10.0974
24.7740 24.7740 24.7740 24.7740 24.7740 24.7740 24.7740 24.7740 24.7740 24.7740 25.1626 25.7645 25.5159 24.8613 24.0479 23.0832 22.8301 22.9475 25.4494 25.5481 24.9880 23.0267 20.9981 18.9694 1.74675 1.74675 1.74675 1.74675 1.74675 1.80173 1.93101 3.41114 3.57460 4.42756 4.51093 4.51564 4.51564 4.51564 4.51564 4.51564 4.51564 4.51564 4.51564 4.51633 4.61971 4.80716 4.55985 6.96629 8.84726 7.93012 7.95455 7.94893 7.91366 7.91366 7.91366 7.91366 7.92316 7.97215 8.03011 8.14473 9.45491 10.2016 9.86934 8.85185 7.71761 7.18055 7.18055
24.7740 24.7740 24.7740 24.7740 24.7740 24.7740 24.7740 24.7740 24.6865 24.0548 23.2501 23.4111 22.8327 22.8301 22.8301 22.7641 21.9576 20.9428 19.8292 17.7171 16.2485 16.1820 16.1820 16.1820 1.74675 1.74675 1.74675 1.74675 1.74675 1.74678 1.95462 2.91216 3.60425 4.17356 4.51564 4.51564 4.51564 4.51564 4.51564 4.51785 4.59081 4.65652 4.73823 4.84660 4.78994 4.58288 4.51240 4.52027 9.41473 8.17861 7.96977 7.96759 7.91890 7.95585 8.01219 8.07426 8.08805 7.49957 6.59985 5.43634 3.87765 4.47235 7.18055 7.18055 7.18055 7.18055 7.25271
24.7740 24.7740 24.7740 24.7740 24.7703 24.3635 23.5689 22.5797 21.5059 21.3443 21.3443 21.9136 21.3310 20.3172 19.3024 18.3545 18.1471 18.1095 17.4943 16.1820 16.1820 16.1820 16.1820 16.1820 1.74675 1.74675 1.74675 1.74675 1.74675 1.74675 1.88072 2.16703 3.56053 3.82804 4.51132 4.42126 4.40523 4.44799 4.50468 4.57915 4.53734 4.53300 4.53300 4.53300 4.53300 4.53300 4.53300 3.65907 8.15642 8.79487 8.07349 8.15269 7.95985 7.19525 6.26552 5.06422 3.63100 3.34079 3.34079 3.34079 3.34079 3.36266 6.93770 7.95014 8.42346 8.95891 9.44206
