results/OMI_NO2_200706.asc
ncols      200
nrows      200
xllcorner       120.258
yllcorner       41.1236
cellsize     0.0166667
NODATA_Value      -999.000
[rows 58 to 86 of 175, columns 0 to 66 of 200]
3.49028 3.56119 3.50853 3.52648 3.57552 3.64520 3.67297 3.67892 3.90088 4.03694 4.09996 4.14247 3.88299 3.87711 3.91110 4.03789 4.05266 4.06738 4.08000 4.05102 4.00451 3.94927 3.90434 3.94149 1.42945 1.57726 1.57767 1.55689 1.57460 1.56329 1.56448 1.57641 1.58871 1.60137 1.61076 1.61032 1.60529 1.59786 1.63025 1.65266 1.67893 1.71306 1.75870 1.79050 1.79458 1.80201 1.80149 1.88237 1.89605 1.79651 1.83759 1.86860 1.88519 1.87207 1.85764 1.84319 1.82546 1.82966 1.85571 1.88102 1.88636 1.85490 1.85192 1.85153 1.86604 1.88171 1.89464
3.43209 3.59992 3.66192 3.70480 3.82381 3.84939 3.85846 3.84169 4.00791 4.13634 4.18936 4.20693 4.06729 3.94343 3.94824 4.06536 4.03486 3.97517 3.91765 3.90170 3.90170 3.90170 3.90170 3.90212 1.56038 1.70632 1.69407 1.66625 1.68169 1.67288 1.63906 1.63693 1.63448 1.63176 1.63016 1.63813 1.66561 1.71374 1.77882 1.85604 1.86614 1.84140 1.80370 1.81109 1.81682 1.82540 1.82867 1.89087 1.94459 1.89993 1.89033 1.94063 1.90371 1.84588 1.84588 1.84570 1.84204 1.84031 1.86224 1.89922 1.90496 1.92769 1.96908 1.96553 1.96978 2.01984 2.08063
3.55056 3.60688 3.70657 3.68808 3.75115 3.77906 3.77698 3.75306 3.84355 4.04285 4.19936 4.19718 4.18461 3.84401 3.78933 3.81425 3.90170 3.90170 3.90170 3.90170 3.90170 3.90170 3.90170 3.88753 1.70186 1.82373 1.80425 1.74987 1.73152 1.72199 1.67776 1.68338 1.70050 1.74189 1.78633 1.82098 1.83949 1.84068 1.84369 1.89086 1.89867 1.88582 1.81595 1.83629 1.85574 1.87232 1.88954 1.92410 1.99023 1.98856 1.99946 2.05743 2.05453 1.97240 1.97031 1.97292 1.97888 1.98472 2.00058 2.03104 2.04280 2.07914 2.16784 2.21089 2.28250 2.31333 2.34342
3.47570 3.45287 3.57309 3.59203 3.62482 3.72267 3.75089 3.75108 3.75074 3.93705 4.03892 4.04233 4.14138 3.80414 3.76173 3.77844 3.92257 3.93944 3.94878 3.94815 3.94207 3.93875 3.93510 3.94748 1.71705 1.75297 1.81263 1.77776 1.75147 1.77525 1.80460 1.84021 1.87109 1.87767 1.88010 1.88253 1.88497 1.88635 1.89225 1.92549 1.95852 1.96807 1.88455 1.88964 1.89860 1.90236 1.90636 1.91417 1.98123 1.98673 2.03843 2.06699 2.08063 2.02479 1.98634 1.98657 1.97746 1.97500 2.01910 2.07960 2.14377 2.17348 2.21022 2.25604 2.40424 2.43572 2.45709
3.42645 3.42660 3.50099 3.60949 3.61103 3.67604 3.68341 3.64827 3.66018 3.81633 3.99380 4.11215 4.17329 4.11299 3.86439 3.86826 3.95113 4.01272 4.00159 4.00096 4.00498 4.02361 4.05558 4.08749 1.74421 1.77466 1.92971 1.93226 1.90500 1.91251 1.89598 1.88652 1.88631 1.88786 1.89695 1.90705 1.91714 1.93150 1.94634 1.95932 2.00682 2.00522 1.92817 1.92033 1.93960 1.94472 1.95982 1.97171 2.01033 1.98169 2.02988 1.99492 1.99106 1.94592 1.87679 1.89839 1.94294 1.98797 2.02759 2.17930 2.27225 2.29911 2.34737 2.41220 2.51626 2.59407 2.59683
3.52893 3.53890 3.54713 3.56315 3.51234 3.55623 3.65545 3.67202 3.69586 3.76978 3.97179 4.14667 4.16712 4.36288 3.92301 3.92732 3.99179 4.19591 4.23029 4.26446 4.29854 4.31407 4.30729 4.28524 1.99299 1.93440 2.01916 1.97987 1.95102 1.92974 1.93830 1.94091 1.95673 1.97474 1.98563 1.98883 1.98522 1.97725 1.96257 1.94391 2.01627 2.00244 1.93140 1.87411 1.87929 1.84433 1.81058 1.77516 1.78272 1.71543 1.75855 1.87412 1.99048 2.06043 2.05110 2.07250 2.09136 2.10361 2.11022 2.25495 2.37219 2.41524 2.45275 2.50105 2.54274 2.65170 2.64398
3.58400 3.58582 3.58765 3.56902 3.54108 3.53701 3.65153 3.67681 3.64041 3.78124 4.13623 4.29714 4.37502 4.55600 4.30652 4.12739 4.09663 4.22706 4.24637 4.21122 4.17610 4.14096 4.11484 4.10248 2.09703 1.89591 1.96923 1.98232 2.07644 2.05176 2.03959 1.99561 1.96622 1.94679 1.92697 1.91410 1.90820 1.90113 1.87979 1.85187 1.80413 1.79777 1.76618 1.70255 1.77174 1.80334 1.82232 1.83354 1.88061 1.87484 1.88777 2.08246 2.18850 2.18962 2.18351 2.16158 2.16341 2.16525 2.16708 2.25562 2.35871 2.42819 2.43845 2.46429 2.49301 2.61848 2.64041
3.55780 3.54699 3.53347 3.52010 3.48470 3.47831 3.48956 3.49633 3.49712 3.63276 3.99737 4.11254 4.23043 4.30705 4.30354 3.88887 3.89625 3.95784 4.04056 4.00713 3.97380 3.94035 3.93008 3.93899 2.19010 1.85081 1.87869 1.87019 1.95492 1.93865 1.92016 1.94399 1.94300 1.93486 1.92897 1.92492 1.93048 1.93845 1.96059 1.98596 1.96965 1.97260 1.97738 1.88486 1.89669 1.89831 1.89297 1.89096 1.91082 1.95313 1.92677 2.07353 2.19381 2.22902 2.22941 2.19578 2.17520 2.16340 2.15158 2.18967 2.31046 2.43073 2.44286 2.47702 2.52578 2.60447 2.67759
3.46002 3.45343 3.45903 3.46468 3.45464 3.44494 3.45102 3.47484 3.49106 3.55556 3.83971 3.93963 4.11901 4.14913 4.37091 3.86899 3.76359 3.74024 3.85401 3.90433 3.94525 3.98612 4.00402 4.00402 2.08854 1.67998 1.69475 1.76521 1.85885 1.88655 1.83375 1.93603 2.00266 2.00513 2.01424 2.02128 2.01874 2.01494 2.01344 2.01166 1.98450 1.96445 1.95827 1.93177 1.94456 1.97614 1.97841 1.98060 1.98284 2.06742 2.02438 2.12854 2.23593 2.29701 2.28434 2.27801 2.27044 2.27395 2.27730 2.29219 2.45241 2.57671 2.62654 2.67285 2.67008 2.68115 2.80639
3.49189 3.50136 3.50141 3.50141 3.49893 3.46983 3.47609 3.49446 3.52483 3.56624 3.80701 3.97881 4.01242 4.03232 4.25749 4.07228 3.79281 3.82965 3.93037 4.00402 4.00402 4.00402 4.00402 4.00402 2.14813 1.85002 1.80061 1.91869 1.95097 2.00928 1.86770 1.92225 2.02708 2.01012 2.01176 2.01492 2.01240 2.00779 2.00062 1.99467 1.97958 1.95560 1.95560 1.97101 1.99666 2.03838 2.04748 2.05072 2.05129 2.12685 2.09128 2.12557 2.16210 2.21495 2.24225 2.25204 2.25025 2.25749 2.26742 2.27036 2.37492 2.47591 2.55238 2.56684 2.56635 2.52144 2.61118
3.50305 3.50835 3.52100 3.53513 3.54925 3.54154 3.53008 3.53032 3.55106 3.55444 3.73638 3.96338 4.03484 4.10205 4.27971 4.36979 3.87909 3.86158 3.87126 3.97747 3.96104 3.94273 3.92407 3.90507 2.14813 2.01018 1.80931 1.99213 1.95315 2.09209 1.95093 1.94355 2.09844 2.10152 2.10231 2.10357 2.11074 2.11982 2.12892 2.13800 2.14101 2.11519 2.11849 2.11975 2.13885 2.15156 2.16767 2.16491 2.16222 2.22078 2.23062 2.22315 2.16378 2.19602 2.25986 2.25216 2.23850 2.22086 2.21241 2.20789 2.27845 2.37587 2.48433 2.47155 2.48424 2.45541 2.40207
3.59996 3.61092 3.61510 3.61777 3.62045 3.61841 3.58405 3.59048 3.63473 3.68019 3.81676 4.10255 4.18462 4.23011 4.27929 4.36258 3.97409 3.70884 3.69647 3.79134 3.83654 3.83654 3.83654 3.83654 2.14813 2.12212 1.83453 2.16892 2.15660 2.22467 2.14319 2.02192 2.13659 2.17005 2.17005 2.17005 2.16973 2.16521 2.15939 2.15357 2.14759 2.10801 2.10218 2.10152 2.13339 2.15693 2.20755 2.22287 2.23561 2.25474 2.25662 2.17140 2.09859 2.07811 2.15489 2.19024 2.20863 2.19538 2.18410 2.17061 2.15480 2.17683 2.27486 2.29567 2.30441 2.28038 2.24851
3.68215 3.68459 3.68854 3.69249 3.69644 3.70040 3.71606 3.75669 3.77051 3.78624 3.84714 4.07105 4.25428 4.31503 4.37192 4.47162 4.30521 3.66549 3.64619 3.66153 3.73452 3.70953 3.68449 3.65957 2.13555 2.12497 1.88057 2.01799 2.14827 2.15657 2.19271 2.01595 2.08392 2.15331 2.14604 2.13877 2.13182 2.12907 2.13118 2.14284 2.15501 2.12473 2.12057 2.13280 2.14443 2.15978 2.18698 2.21029 2.23495 2.25266 2.31807 2.20442 2.17926 2.16355 2.17598 2.16936 2.15008 2.14174 2.13578 2.13781 2.13982 2.13881 2.17421 2.22022 2.20395 2.18205 2.15015
3.69644 3.66831 3.66593 3.66354 3.66116 3.65878 3.66628 3.73601 3.76471 3.81281 3.86755 4.06111 4.20637 4.23726 4.26939 4.30577 4.29493 3.59773 3.43282 3.44332 3.55184 3.58740 3.60682 3.62624 1.96747 2.01197 1.93130 1.82022 2.22385 2.11224 2.19607 2.03912 1.99699 2.12689 2.14289 2.16665 2.20708 2.24721 2.28309 2.30905 2.33403 2.33826 2.24641 2.18851 2.21567 2.26081 2.29289 2.32808 2.32144 2.31402 2.38223 2.26256 2.24455 2.20167 2.17404 2.10497 2.09363 2.08841 2.07562 2.07458 2.07458 2.07347 2.07748 2.14056 2.11702 2.07461 2.02550
3.69355 3.61653 3.61737 3.64419 3.67709 3.71732 3.75864 3.81571 3.84178 3.86656 3.88158 4.01472 4.13777 4.23528 4.28076 4.32623 4.37523 4.00519 3.49392 3.48064 3.52100 3.59878 3.61461 3.63143 1.88995 2.00370 2.04027 1.85524 2.36981 2.27537 2.39068 2.36243 2.24434 2.36732 2.39207 2.41183 2.43040 2.44863 2.46702 2.47888 2.48268 2.46024 2.33194 2.15014 2.13733 2.21871 2.26401 2.33845 2.37294 2.38789 2.39516 2.28758 2.21618 2.13320 2.10686 2.03484 1.99971 1.99392 1.96654 1.93196 1.90295 1.87354 1.85100 1.93818 1.96130 1.94259 1.92351
3.80319 3.76820 3.81431 3.84459 3.86724 3.87056 3.86960 3.87801 3.91354 3.89836 3.86637 3.83782 3.89879 4.18040 4.21722 4.26220 4.35267 4.28580 3.43010 3.38987 3.42686 3.60214 3.57483 3.53154 2.54130 2.71439 2.69424 2.54989 2.66055 2.59039 2.51874 2.49086 2.42954 2.42007 2.44560 2.44444 2.43038 2.42125 2.41374 2.41276 2.41974 2.42410 2.36712 2.17041 2.17557 2.24738 2.33000 2.36223 2.39343 2.39343 2.37771 2.29771 2.18095 2.10742 2.06758 2.00589 1.92607 1.92716 1.93782 1.85183 1.84726 1.84726 1.84583 1.89360 1.94687 1.93013 1.90471
4.00225 3.93331 3.89477 3.87843 3.86346 3.86062 3.86062 3.86062 3.89470 3.90203 3.86119 3.83708 3.84517 4.08408 4.21414 4.41359 4.49940 4.49351 3.87449 3.36487 3.31802 3.38376 3.45116 3.45116 2.33214 2.60635 2.48489 2.41538 2.30041 2.39941 2.28716 2.31582 2.39520 2.39225 2.41981 2.42681 2.43348 2.43514 2.43528 2.44463 2.45949 2.47432 2.43638 2.27493 2.19986 2.21368 2.32918 2.33857 2.39293 2.38490 2.36303 2.31568 2.14279 2.10002 2.06627 2.04986 1.94324 1.91195 1.90067 1.81948 1.75396 1.74143 1.73039 1.74140 1.83240 1.82474 1.79652
3.95072 3.90798 3.86062 3.86116 3.86443 3.86453 3.86319 3.86183 3.87268 3.90686 3.87321 3.85494 3.81676 3.99453 4.20088 4.34663 4.47443 4.52531 4.27228 3.26813 3.26423 3.30110 3.45116 3.45116 1.86013 2.39206 2.37054 2.35396 2.18543 2.41875 2.29883 2.34301 2.38011 2.42241 2.42412 2.42586 2.43781 2.45037 2.46277 2.46599 2.46370 2.46143 2.42315 2.31078 2.16085 2.14828 2.23561 2.25211 2.28947 2.32118 2.34365 2.35030 2.19807 2.11367 1.99805 1.96784 1.88608 1.81348 1.81246 1.79933 1.70365 1.71866 1.73478 1.74058 1.82953 1.84170 1.81672
3.94440 3.92603 3.85453 3.85095 3.84461 3.84147 3.83977 3.83806 3.83637 3.87307 3.86152 3.83411 3.77123 3.85416 4.15868 4.26671 4.45340 4.47335 4.41363 3.52907 3.18250 3.17947 3.30946 3.34186 1.75627 2.29641 2.38862 2.35501 2.23896 2.32777 2.28350 2.28648 2.31729 2.43088 2.42513 2.44350 2.44412 2.44412 2.44412 2.44403 2.43787 2.42808 2.39665 2.32595 2.10672 2.11705 2.19810 2.28325 2.31869 2.36443 2.35755 2.33619 2.27443 2.24786 2.11686 2.11312 2.08744 1.99783 1.99628 2.01434 1.94833 1.91174 1.91245 1.88753 1.95441 2.03510 2.05620
3.85802 3.91291 3.83772 3.84499 3.85467 3.86432 3.87395 3.88362 3.89328 3.90921 3.90919 3.86703 3.82794 3.86291 4.12239 4.28477 4.54768 4.58272 4.60914 4.12686 3.18296 3.21173 3.30638 3.45757 1.66232 2.11872 2.39043 2.36376 2.34640 2.28630 2.36700 2.31946 2.35093 2.41998 2.43775 2.43066 2.41987 2.40834 2.39680 2.38536 2.37999 2.38093 2.38324 2.35782 2.19081 2.13436 2.13696 2.24848 2.25884 2.36687 2.38766 2.38606 2.38293 2.40103 2.28383 2.25126 2.24357 2.18522 2.10317 2.09940 2.08218 2.01385 2.01840 1.98099 1.99934 2.14495 2.14195
3.91152 4.00469 3.94936 3.93828 3.94140 3.94452 3.94763 3.95076 3.95387 3.95700 3.97298 3.97584 4.00083 4.04356 4.26262 4.51293 4.69306 4.83266 4.85250 4.84764 3.70664 3.56512 3.54187 3.64695 1.39785 1.84910 2.37790 2.40676 2.39064 2.29376 2.39109 2.27527 2.29006 2.30257 2.36714 2.35748 2.35497 2.34413 2.34619 2.34959 2.34277 2.33333 2.31651 2.28291 2.23954 2.23651 2.24245 2.34309 2.36871 2.41205 2.42535 2.40613 2.37170 2.39996 2.33555 2.28666 2.30042 2.26327 2.13853 2.10039 2.09867 2.02817 2.00315 1.97932 1.94519 2.10130 2.13615
3.87460 3.99100 4.01413 4.03337 4.04709 4.06162 4.09746 4.14124 4.17283 4.19790 4.25023 4.28133 4.27050 4.07912 4.21126 4.53493 4.59627 4.79131 4.73322 4.67054 3.86901 2.96886 2.99616 3.04655 1.34888 1.67525 2.37962 2.40680 2.34801 2.24584 2.31276 2.21668 2.18997 2.16759 2.23755 2.24838 2.23769 2.23723 2.22173 2.19633 2.17969 2.16320 2.14872 2.14108 2.16257 2.25837 2.27496 2.25928 2.19080 2.22352 2.38655 2.41914 2.42701 2.43792 2.39802 2.29818 2.31068 2.30234 2.19535 2.09604 2.09604 2.07519 2.02077 2.02605 1.98688 2.09553 2.18133
3.98920 4.05972 4.14488 4.16275 4.16911 4.17372 4.17673 4.21128 4.25857 4.31444 4.33153 4.33419 4.39694 4.23441 4.28452 4.28283 4.23517 4.56271 4.66751 4.75448 4.68462 3.31602 3.29170 3.24564 1.37884 1.45345 1.97458 2.04757 2.00655 1.97707 1.99988 2.00788 2.00242 2.04178 2.09709 2.14272 2.14279 2.15710 2.17348 2.19848 2.22017 2.23551 2.24879 2.23426 2.21268 2.28322 2.30151 2.29721 2.18085 2.20044 2.43109 2.45092 2.44201 2.43257 2.43298 2.29940 2.30839 2.32720 2.27719 2.15053 2.12471 2.12016 2.06792 2.05864 2.01107 2.03826 2.15910
4.17363 4.13653 4.00733 4.08745 4.15447 4.21916 4.26450 4.27287 4.27780 4.27788 4.27788 4.27913 4.39608 4.41911 4.38072 4.53248 4.55461 4.72542 4.87675 4.87887 4.87887 3.84327 3.29170 3.29170 1.19546 1.18927 1.57806 1.84437 1.83805 1.93067 2.07563 2.14931 2.11158 2.16368 2.19523 2.27025 2.25581 2.24259 2.23157 2.22057 2.21421 2.21418 2.22130 2.23367 2.23517 2.30351 2.34613 2.34613 2.22225 2.19236 2.34640 2.45092 2.45678 2.44940 2.47726 2.37133 2.35084 2.35325 2.31366 2.19915 2.10719 2.08512 2.04048 1.97798 1.92137 1.87000 2.02457
4.37531 4.37365 4.29153 4.27565 4.27788 4.27788 4.27800 4.28458 4.31726 4.37091 4.42457 4.47824 4.59275 4.67347 4.52983 4.64030 4.58813 4.64126 4.87200 4.87887 4.87887 4.48691 3.29170 3.29170 1.15555 1.14607 1.25509 1.80058 1.81249 1.86473 2.13335 2.27368 2.18931 2.15406 2.14866 2.19441 2.19617 2.14714 2.11837 2.18946 2.23378 2.24743 2.25398 2.25081 2.23013 2.25183 2.31610 2.31475 2.25032 2.18107 2.25406 2.46033 2.45839 2.42869 2.42308 2.35721 2.29418 2.28404 2.25894 2.14950 2.00592 1.98634 1.98484 1.92959 1.90992 1.86626 1.97296
4.48475 4.45427 4.36516 4.30043 4.35205 4.40796 4.46375 4.51306 4.53628 4.53854 4.54080 4.54306 4.58145 4.67573 4.66309 4.63777 4.67328 4.70497 4.94678 4.95191 4.95643 4.95111 3.61672 3.40102 1.13429 1.13429 1.13429 1.66541 1.81249 1.81254 1.99164 2.23579 2.13819 2.02006 2.00618 2.01499 2.08879 2.07970 2.09294 2.13602 2.21952 2.21952 2.21952 2.22545 2.22476 2.23636 2.33516 2.35254 2.32790 2.18737 2.18099 2.36305 2.35838 2.32556 2.29812 2.26690 2.20626 2.21845 2.22349 2.17674 2.07690 2.00595 2.01134 1.99387 1.97839 1.89486 1.93141
4.55139 4.59875 4.65267 4.58432 4.61488 4.63157 4.64829 4.66504 4.68175 4.69848 4.71522 4.73191 4.75335 4.87767 4.99395 4.88044 4.95742 4.97269 4.91157 4.43094 4.06020 3.66476 3.47224 3.46861 1.13429 1.13429 1.13342 1.38267 1.73630 1.69667 1.72366 2.06346 2.08043 2.00828 2.02779 2.03936 2.11034 2.10122 2.09192 2.10310 2.22508 2.24811 2.25950 2.26496 2.25756 2.24563 2.29532 2.31385 2.30542 2.17690 2.14809 2.24000 2.28377 2.28295 2.28071 2.30878 2.23076 2.24137 2.25369 2.24343 2.12666 2.10117 2.15994 2.09690 2.05399 1.92920 1.85641
4.64734 4.73657 4.84409 4.81071 4.79297 4.79389 4.79569 4.79750 4.79930 4.80111 4.80291 4.80472 4.80652 4.85144 4.81266 4.53783 4.35323 3.93736 3.87387 3.58633 3.42187 3.36056 3.11649 3.05865 1.01267 0.989698 0.972901 1.01059 1.56917 1.65263 1.68378 2.01789 2.09618 2.03070 1.99048 1.98637 2.03392 2.08247 2.10139 2.10364 2.16720 2.22282 2.21203 2.19696 2.18654 2.19387 2.22821 2.30332 2.30506 2.23218 2.15756 2.20344 2.30272 2.30654 2.31910 2.37522 2.30015 2.30204 2.32542 2.34583 2.32854 2.33061 2.34346 2.15167 2.08948 1.99902 1.85827
4.80229 4.87918 4.93882 4.99051 4.86008 4.85307 4.84985 4.83909 4.82800 4.73617 4.57192 4.39699 4.21566 4.13732 4.26528 4.29562 4.04910 3.96732 3.87651 3.76265 3.48005 3.48345 3.20622 3.18886 1.10172 1.11552 1.12647 1.12746 1.46976 1.72596 1.72354 1.86987 2.10985 2.05886 1.96837 1.95990 1.97097 2.03908 2.04863 2.03095 2.02631 2.12058 2.11525 2.11537 2.12294 2.15355 2.16761 2.30704 2.29791 2.27123 2.26430 2.28888 2.41835 2.42865 2.42438 2.44868 2.42832 2.39586 2.39082 2.39034 2.36490 2.30571 2.33964 2.24072 2.11585 2.08249 1.92083
