results/OMI_NO2_200711.asc
ncols      200
nrows      200
xllcorner       120.258
yllcorner       41.1236
cellsize     0.0166667
NODATA_Value      -999.000
[rows 58 to 86 of 200, columns 67 to 133 of 200]
2.95955 2.99614 3.04326 3.09098 3.12574 3.15995 3.25878 3.42705 3.44992 3.45091 3.21099 3.07133 3.07133 2.85724 2.85117 2.85488 2.85063 2.53679 2.39424 2.59413 2.59212 2.59197 2.57790 2.50390 2.42215 2.34429 2.28271 2.25135 2.22113 2.21735 2.22026 2.28965 2.33745 2.33782 2.39812 2.58950 3.08768 3.08646 3.08571 3.01659 2.98634 3.02428 3.41238 3.30031 3.14864 3.15399 3.15916 3.16373 3.19811 3.34308 3.50084 3.48788 3.45463 3.44680 3.78472 3.80481 3.84080 3.82913 3.82804 3.82874 3.83296 3.76491 3.66974 3.66198 3.32281 3.41692 3.62075
3.19202 3.22378 3.25022 3.25303 3.25404 3.25405 3.18637 3.45091 3.45091 3.45110 3.34211 3.09072 3.09308 2.97775 2.86062 2.88354 2.87095 2.67482 2.24906 2.33104 2.32727 2.25150 2.18973 2.17922 2.17922 2.17922 2.17922 2.17922 2.17922 2.19363 2.20949 2.23498 2.30735 2.30313 2.32347 2.39466 2.96611 2.98615 2.99105 2.97128 2.94901 2.96356 3.26225 3.37220 3.14331 3.13510 3.12395 3.11316 3.11437 3.24411 3.37119 3.38732 3.37606 3.36657 3.64316 3.77539 3.83680 3.84591 3.84669 3.84746 3.84863 3.82403 3.66923 3.68713 3.52003 3.32910 3.33245
3.30127 3.25405 3.25405 3.26167 3.27687 3.29205 3.20448 3.41183 3.51775 3.47768 3.40256 3.00108 2.93559 2.86318 2.61061 2.54649 2.47938 2.41557 1.99721 2.01627 2.18195 2.19127 2.20088 2.21046 2.22005 2.22879 2.23531 2.24170 2.24808 2.24630 2.15610 2.17956 2.30675 2.35354 2.39003 2.48894 2.80908 2.92538 2.90651 2.89132 2.97215 2.97366 3.08377 3.38156 3.16042 3.11787 3.10598 3.09335 3.08073 3.16360 3.34069 3.42363 3.44340 3.46282 3.62931 3.93774 3.99835 4.04642 4.05408 4.06194 4.06992 4.08248 3.90788 3.87556 3.84014 3.51206 3.31179
3.36847 3.33438 3.31473 3.26241 3.20142 3.14032 3.02922 2.92992 3.17547 3.18823 3.20429 2.91138 2.76186 2.72118 2.51542 2.37686 2.38527 2.40034 2.13145 1.98910 2.16496 2.19199 2.18229 2.17373 2.18629 2.20850 2.23304 2.26024 2.29491 2.33643 2.28706 2.28744 2.38922 2.32418 2.30696 2.33652 2.57549 2.80860 2.82857 2.83958 2.97048 2.99861 2.98653 3.28206 3.27426 3.25082 3.26888 3.28813 3.30763 3.37086 3.52404 3.63300 3.64516 3.64306 3.66525 3.97377 4.00755 4.09505 4.12355 4.15166 4.17979 4.20912 4.11470 4.06421 4.07011 3.81172 3.52881
3.32729 3.25220 3.24653 3.26997 3.29518 3.32077 3.34059 3.13151 3.29603 3.15610 3.03304 2.91136 2.76354 2.73671 2.61987 2.23537 2.19659 2.18245 2.04768 1.95565 2.08190 2.23576 2.27030 2.31831 2.36185 2.39727 2.43261 2.46592 2.49223 2.51065 2.46253 2.39221 2.43019 2.38078 2.31878 2.33224 2.51274 2.79295 2.82705 2.81338 2.89001 2.94713 2.94523 3.09904 3.30806 3.30598 3.30392 3.30184 3.30545 3.34281 3.51019 3.68494 3.74416 3.77024 3.79634 4.04282 4.19227 4.24774 4.26714 4.26717 4.26720 4.26723 4.19723 4.06189 4.04814 3.91925 3.54828
3.19908 3.13926 3.09251 3.08335 3.09170 3.10004 3.11339 2.94933 2.84321 2.77635 2.77669 2.76665 2.60196 2.55815 2.50258 2.14095 2.04180 2.02759 2.03517 2.11454 2.21857 2.44948 2.49531 2.51489 2.51611 2.51636 2.51661 2.51810 2.52495 2.53241 2.52711 2.42845 2.43458 2.47975 2.37214 2.40280 2.44624 2.67804 2.78030 2.78034 2.82590 2.94927 2.97312 3.01802 3.36996 3.41191 3.43641 3.46087 3.47983 3.48114 3.58507 3.76229 3.83293 3.83474 3.83474 3.93546 4.19567 4.23836 4.23788 4.20745 4.17777 4.14895 4.11196 3.91303 3.89064 3.88906 3.67859
3.28750 3.30744 3.29878 3.35896 3.39645 3.40774 3.39368 3.07380 2.77997 2.63650 2.58465 2.54075 2.42628 2.39542 2.39452 2.22161 2.18275 2.20813 2.22080 2.17911 2.30134 2.42466 2.51961 2.52348 2.53070 2.53791 2.54512 2.55151 2.55412 2.56076 2.58873 2.52453 2.53084 2.62401 2.51116 2.52074 2.53524 2.73774 2.87289 2.92322 2.96244 3.10520 3.11577 3.11577 3.33210 3.48114 3.48114 3.48114 3.48114 3.48114 3.54626 3.70787 3.84853 3.90480 3.94395 4.00369 4.30200 4.32645 4.21677 4.20350 4.19796 4.20616 4.21550 4.06622 4.04319 4.04863 3.94820
3.09533 3.04177 2.95198 3.05978 3.17023 3.11585 3.07092 2.93173 2.60370 2.54936 2.49883 2.49951 2.45585 2.39162 2.39162 2.29778 2.19928 2.20940 2.21828 2.17201 2.35737 2.41803 2.55265 2.55873 2.56088 2.56618 2.58751 2.59446 2.59838 2.59764 2.57558 2.49257 2.40664 2.54890 2.75009 2.66519 2.66519 2.77599 2.90725 2.95771 2.96173 3.07300 3.11823 3.14122 3.23458 3.56923 3.60387 3.65639 3.70997 3.76459 3.82589 3.92434 4.11295 4.13380 4.10439 4.07430 4.24145 4.33142 4.26740 4.23669 4.25579 4.26100 4.25705 4.15105 4.07736 4.09145 4.14294
3.07523 2.94918 2.77169 2.81794 3.04742 3.04706 3.05495 3.03753 2.61449 2.59961 2.50940 2.50662 2.49337 2.39120 2.39478 2.40939 2.21768 2.29078 2.31637 2.25806 2.33832 2.39445 2.47784 2.51389 2.51767 2.51826 2.50282 2.50141 2.50141 2.50141 2.50141 2.47985 2.38210 2.41251 2.83925 2.72619 2.75290 2.88228 3.01478 3.11630 3.14400 3.26544 3.40310 3.42897 3.44762 3.78561 3.91145 3.92498 3.93385 3.91498 3.88997 3.86051 3.98993 3.99035 4.00251 4.01592 4.12381 4.32678 4.29565 4.19138 4.18502 4.17876 4.21352 4.28929 4.36645 4.42704 4.44087
3.04694 3.03790 2.79963 2.77596 3.03884 3.06424 3.06360 3.05910 2.68597 2.59404 2.54485 2.53814 2.56685 2.48926 2.47944 2.46989 2.20238 2.17927 2.17580 2.17672 2.18324 2.37854 2.42000 2.50141 2.50585 2.51764 2.52967 2.54200 2.55459 2.56742 2.58060 2.59377 2.59834 2.61538 2.97106 2.95726 2.92202 2.99872 3.12973 3.16565 3.28744 3.33743 3.48724 3.49535 3.49386 3.60677 3.81210 3.77307 3.74012 3.74961 3.76874 3.78786 3.91284 3.99364 3.97120 3.94506 3.94188 4.15744 4.17707 4.12199 4.14535 4.17875 4.17701 4.14341 4.12332 4.08844 4.05547
3.10680 3.02984 2.82863 2.75039 2.92836 3.03355 3.04686 3.07167 2.83680 2.66776 2.65597 2.55890 2.54926 2.47971 2.43049 2.45402 2.30719 2.23854 2.27835 2.29215 2.19271 2.44582 2.46633 2.58256 2.59785 2.58887 2.57979 2.57072 2.56164 2.55256 2.54414 2.54248 2.54146 2.52619 2.68677 2.95548 2.91791 2.95028 3.16939 3.15806 3.28110 3.27580 3.40010 3.41307 3.40518 3.42574 3.65442 3.61124 3.60576 3.58660 3.56417 3.54215 3.56157 3.66382 3.64490 3.69795 3.76547 3.99776 4.13610 4.08575 4.02606 4.03294 4.04066 4.04838 4.06782 4.07640 4.08405
2.96500 2.80537 2.73939 2.62965 2.75255 2.93883 2.93063 2.91534 2.75955 2.46840 2.45389 2.41713 2.45167 2.49642 2.52450 2.55521 2.55422 2.36779 2.48885 2.51139 2.41771 2.34412 2.37449 2.43308 2.50162 2.50254 2.50924 2.50305 2.49264 2.48222 2.47102 2.45314 2.43475 2.43061 2.45561 2.93309 2.93029 2.91330 3.11357 3.08787 3.17734 3.25861 3.38806 3.48326 3.50343 3.50833 3.56945 3.50565 3.49622 3.48681 3.47743 3.51275 3.61577 3.83017 3.90261 3.92258 3.92830 4.01555 4.19743 4.19691 4.10454 4.10250 4.10275 4.10300 4.11090 4.12219 4.13906
2.90326 2.78810 2.81020 2.64541 2.71370 2.98411 3.01296 3.03592 3.01504 2.63525 2.65731 2.68468 2.72189 2.72189 2.72209 2.73132 2.76027 2.53466 2.63249 2.63767 2.59275 2.39056 2.28659 2.27392 2.35912 2.39810 2.49817 2.49918 2.50456 2.50994 2.51437 2.50494 2.49087 2.47680 2.46192 2.80835 2.97721 2.97898 3.10636 3.19286 3.19375 3.30828 3.35821 3.46658 3.46128 3.50552 3.59048 3.65387 3.78110 3.90717 4.02777 4.10923 4.13111 4.03314 3.95830 3.95494 3.95494 3.97746 4.18361 4.21545 4.14969 4.13698 4.14161 4.14597 4.15335 4.16549 4.14254
2.68707 2.94378 2.93504 2.76989 2.70585 2.88716 2.90478 2.86077 2.81814 2.53317 2.49344 2.49773 2.53907 2.55195 2.55617 2.55338 2.52904 2.38816 2.28079 2.27529 2.26926 2.36531 2.23414 2.23550 2.30962 2.37298 2.56737 2.54939 2.52993 2.51049 2.49196 2.48433 2.47903 2.47411 2.46931 2.64462 2.98400 3.00279 3.13330 3.30554 3.31730 3.47765 3.55857 3.79831 3.87522 3.88365 3.98814 4.11568 4.13111 4.13111 4.13111 4.13111 4.13111 4.08842 3.95972 3.93619 3.91247 3.88874 4.01873 4.05925 4.06514 4.11785 4.11147 4.10538 4.10616 4.12843 4.10146
2.49230 2.78895 2.88191 2.86010 2.75188 2.71427 2.62509 2.66204 2.70019 2.57567 2.48668 2.48227 2.49262 2.51527 2.50893 2.50189 2.50048 2.47258 2.20509 2.24356 2.24356 2.37888 2.24150 2.24873 2.26688 2.27877 2.43006 2.46757 2.46225 2.45747 2.46857 2.49287 2.51946 2.54635 2.58089 2.64645 3.37301 3.42333 3.44358 3.58741 3.58225 3.55916 3.65567 3.79079 3.88268 3.88268 3.89885 4.04057 4.07677 4.04288 3.99514 3.94675 3.90817 4.02682 3.85478 3.82998 3.82644 3.82107 3.89435 4.00867 4.01374 4.10518 4.12677 4.13934 4.14509 4.15595 4.13095
2.64553 2.76407 2.95684 2.95762 2.97637 2.97946 2.74539 2.73908 2.73279 2.62429 2.45676 2.45488 2.45587 2.49560 2.50048 2.50048 2.50055 2.50689 2.29366 2.29525 2.31928 2.42313 2.36617 2.25558 2.27778 2.30436 2.43906 2.57466 2.60127 2.63040 2.64957 2.65839 2.66683 2.67446 2.67616 2.67616 3.18162 3.40930 3.38244 3.50807 3.51135 3.40893 3.51401 3.56492 3.64777 3.60066 3.55789 3.61472 3.75337 3.78221 3.79254 3.80408 3.81127 4.00470 3.96115 3.85358 3.81799 3.83274 3.87381 4.06065 4.09685 4.16304 4.22230 4.23855 4.25482 4.22001 4.13852
2.70390 2.63551 2.95276 2.94611 2.93683 2.99289 2.74266 2.71542 2.71542 2.67600 2.46105 2.47468 2.48835 2.52575 2.57259 2.59428 2.59562 2.58009 2.46162 2.45243 2.50351 2.55847 2.62475 2.41833 2.40763 2.41842 2.48267 2.66223 2.67052 2.67600 2.67616 2.67616 2.67616 2.67616 2.59082 2.53851 2.75629 3.16650 3.13221 3.21253 3.24950 3.27804 3.35644 3.46049 3.60270 3.65435 3.68748 3.74455 3.87201 4.00157 4.00923 4.01716 4.03759 4.19396 4.31541 4.20056 4.14804 4.16166 4.17692 4.35864 4.44901 4.49481 4.62260 4.66752 4.72241 4.76870 4.65606
2.79410 2.63965 2.84762 2.92778 2.93899 2.99505 2.86726 2.77412 2.78761 2.78815 2.53850 2.49553 2.47540 2.45565 2.46722 2.44138 2.43352 2.43379 2.41943 2.50699 2.56893 2.57717 2.69017 2.50090 2.46992 2.47494 2.48265 2.68438 2.71368 2.72935 2.74199 2.73269 2.71924 2.70638 2.63372 2.54875 2.57624 3.16038 3.25112 3.35652 3.44787 3.49564 3.52608 3.69727 3.85543 3.93918 3.95816 3.98001 3.98589 4.23164 4.27396 4.31188 4.34190 4.42685 4.71494 4.56843 4.51367 4.51735 4.54845 4.70256 4.93621 4.98440 5.11282 5.18425 5.23525 5.27315 5.14835
2.84585 2.76745 2.79719 2.99073 2.97608 2.98774 2.96626 2.76096 2.75457 2.76105 2.58426 2.48156 2.46472 2.46526 2.48891 2.46069 2.59768 2.60471 2.52889 2.42587 2.50917 2.49658 2.58335 2.66806 2.61612 2.60761 2.59694 2.72113 2.76665 2.74750 2.72738 2.71680 2.71019 2.70359 2.67109 2.52031 2.50981 2.93975 3.25768 3.37663 3.49829 3.52650 3.57182 3.67679 3.87762 3.94935 3.98459 4.11029 4.19319 4.56583 4.65066 4.65805 4.66579 4.67465 5.02624 4.96898 4.89163 4.89001 4.93542 5.05623 5.51670 5.57715 5.64892 5.73980 5.74279 5.74504 5.62996
2.99047 2.95780 2.81330 3.03643 2.99729 2.93322 2.94276 2.64115 2.58689 2.54972 2.43961 2.32560 2.35168 2.36206 2.33306 2.22671 2.36354 2.43866 2.42816 2.28665 2.38008 2.42355 2.49350 2.71096 2.60406 2.55887 2.56389 2.60885 2.64484 2.62344 2.60624 2.60006 2.59387 2.58778 2.59083 2.48252 2.46500 2.69452 3.15931 3.29601 3.48888 3.48869 3.55509 3.62729 3.88611 3.92111 3.97202 4.19043 4.37058 4.62919 4.92655 4.98225 5.04016 5.09811 5.40458 5.52756 5.26265 5.17523 5.17583 5.17809 5.59326 5.71039 5.71878 5.83705 5.86778 5.89539 5.86389
2.96391 2.94483 2.76738 2.51289 2.52294 2.53772 2.63384 2.55711 2.54977 2.59512 2.57543 2.40515 2.43503 2.46585 2.49749 2.44820 2.53038 2.75301 2.79346 2.67207 2.81078 2.91055 2.85856 2.72412 2.64390 2.50527 2.50527 2.50736 2.50822 2.51058 2.52468 2.54039 2.55609 2.57172 2.57833 2.50504 2.43232 2.45586 3.02981 3.20467 3.44923 3.53905 3.59821 3.71240 4.02785 4.16748 4.21453 4.34735 4.56847 4.56116 5.16473 5.20773 5.20773 5.20773 5.33192 5.64718 5.30629 5.21222 5.21506 5.27081 5.55758 5.82895 5.83582 5.80275 5.73328 5.64373 5.54632
3.10901 3.09764 3.00966 2.71532 2.69977 2.71709 2.71318 2.84581 2.98957 3.01410 3.01324 2.73666 2.72103 2.71365 2.74380 2.77397 2.74928 3.12112 3.19777 3.05715 2.97684 2.99148 2.97355 2.71471 2.73684 2.51877 2.53383 2.55273 2.56457 2.57908 2.58185 2.58301 2.57901 2.57164 2.57048 2.53986 2.43200 2.43303 2.96700 3.36165 3.66114 3.81656 3.82353 3.86415 4.03704 4.13041 4.07526 4.07995 4.41192 4.41287 4.90561 5.25229 5.29950 5.38487 5.50041 5.54450 5.30267 5.14563 5.05720 4.99975 5.02251 5.35782 5.34630 5.30386 5.25841 5.25296 5.24924
3.02639 3.07427 3.05307 2.77270 2.60098 2.62668 2.62607 2.73829 3.00235 3.02691 3.08659 2.93013 2.91246 2.97959 3.00919 3.00919 2.90581 3.12448 3.22526 3.13760 2.95229 3.04220 3.08509 2.88240 2.92164 2.67396 2.60111 2.60979 2.60207 2.59900 2.59781 2.59663 2.59914 2.59856 2.59058 2.58071 2.43462 2.41429 2.72915 3.34421 3.57542 3.74181 3.71779 3.73038 3.90929 4.17131 4.21787 4.25882 4.68463 4.85497 5.10120 5.87267 5.92760 5.92893 5.91711 5.51339 5.22259 4.94749 4.82928 4.79299 4.77686 5.14708 5.23583 5.22647 5.20271 5.18957 5.16462
3.08854 3.07949 3.06353 2.87965 2.58072 2.67769 2.73215 2.83551 3.22279 3.30436 3.30436 3.15773 3.00919 3.01153 3.03076 3.05394 3.03642 3.14422 3.45038 3.50708 3.21607 3.32493 3.32925 3.14378 3.03702 2.84831 2.63721 2.62815 2.61204 2.59555 2.58638 2.57661 2.55303 2.52807 2.50450 2.48142 2.46219 2.47743 2.51669 3.32581 3.57754 3.95249 3.99930 4.06973 4.02524 4.44377 4.48599 4.49385 4.71007 4.85834 4.81757 5.35748 5.53832 5.48217 5.42664 5.18678 4.88225 4.56145 4.46781 4.42070 4.40556 4.60784 4.81153 4.80419 4.78061 4.79653 4.84775
3.02426 3.03694 3.05159 2.98834 2.77569 2.87168 2.88441 2.89310 3.20190 3.38391 3.41396 3.36126 3.16304 3.22051 3.25814 3.29161 3.31868 3.24164 3.62123 3.62565 3.31762 3.32053 3.34901 3.20730 2.93949 2.91474 2.54843 2.51137 2.49137 2.46465 2.45062 2.43733 2.43125 2.41461 2.40570 2.40738 2.46960 2.65213 2.68727 3.44342 3.90348 4.34482 4.39478 4.39626 4.21316 4.06149 4.10570 4.08906 4.18498 4.41173 4.39173 4.59176 5.16048 5.15678 5.15305 5.10313 4.72807 4.52307 4.39066 4.33258 4.32863 4.42355 4.74812 4.79492 4.81277 4.78131 4.75063
3.00310 3.06803 3.06288 3.03386 2.77804 2.80584 2.85765 2.85947 3.18855 3.57578 3.60921 3.62806 3.33803 3.33268 3.34710 3.39509 3.42668 3.35751 3.38471 3.29712 3.20204 3.19645 3.27305 3.24637 2.91890 2.96294 2.58353 2.47944 2.48306 2.48051 2.46687 2.45909 2.45995 2.48313 2.49663 2.49794 2.50498 2.72060 2.73074 3.10950 3.82310 4.22085 4.33559 4.31112 4.22938 3.94052 4.01128 4.02536 4.05248 4.33084 4.31508 4.30286 4.90107 5.02193 4.99711 4.97261 4.62924 4.44753 4.27270 4.19056 4.09338 3.98164 4.04196 3.96386 3.81950 3.65963 3.50643
2.89002 3.03210 3.02870 3.02368 2.86434 2.72206 2.95864 3.02917 3.21411 3.85333 3.92720 3.98550 3.74425 3.64069 3.57998 3.47878 3.39691 3.39375 3.29283 3.09726 3.09604 3.10100 3.25002 3.24193 2.97314 2.91623 2.66391 2.53524 2.52435 2.50732 2.49686 2.49859 2.49904 2.50264 2.51012 2.51776 2.52547 2.67879 2.74642 2.78894 3.75582 4.04106 4.25560 4.26454 4.29887 3.95264 3.96501 4.00001 3.99064 4.05994 4.06583 4.05785 4.33776 4.83600 4.91829 5.01360 4.90586 4.76385 3.42708 3.21121 3.17477 3.17486 3.30520 3.43950 3.45128 3.44491 3.43365
2.93157 3.16412 3.19101 3.21494 3.19883 2.89089 3.12654 3.22458 3.24703 3.82824 3.87777 3.76907 3.58312 3.53744 3.54889 3.56029 3.57178 3.58315 3.58024 3.29567 3.30571 3.31334 3.37049 3.34282 3.11175 2.92241 2.89080 2.72047 2.72746 2.73476 2.73000 2.73414 2.74010 2.72491 2.70242 2.67994 2.65745 2.72785 2.90545 2.94590 3.76778 4.27903 4.56866 4.63946 4.60508 4.12793 3.90049 4.08911 4.13230 4.23049 4.33753 4.44811 4.54941 5.19300 5.27055 5.27055 5.18325 4.86959 3.80949 3.23901 3.17602 3.16796 3.19369 3.35323 3.33568 3.30954 3.40064
2.80340 3.09389 3.10005 3.10153 3.09255 2.73390 2.70693 2.87465 2.80292 3.15819 3.49614 3.49614 3.57984 3.75683 3.75683 3.75603 3.73998 3.71064 3.68072 3.35761 3.16474 3.06471 3.07288 3.19562 3.16028 2.92708 2.98234 2.78768 2.75462 2.74079 2.71436 2.68409 2.68956 2.71168 2.74025 2.77517 2.82235 2.92443 3.33187 3.43569 3.92312 4.69445 5.05260 5.12202 5.16212 4.63555 4.08347 4.32513 4.40262 4.50886 4.62371 4.62427 4.62427 4.93986 5.26592 5.23227 5.17726 4.86954 4.30006 3.20091 3.10650 3.08705 3.11038 3.34427 3.39227 3.41332 3.51427
