results/OMI_NO2_200711.asc
ncols      200
nrows      200
xllcorner       120.258
yllcorner       41.1236
cellsize     0.0166667
NODATA_Value      -999.000
[rows 87 to 115 of 200, columns 67 to 133 of 200]
2.83219 3.00993 3.01030 2.92491 2.83836 2.60735 2.44761 2.72444 2.79205 2.95291 3.48421 3.46240 3.45741 3.65038 3.60574 3.56135 3.53217 3.51629 3.51586 3.34801 3.11959 3.02806 3.03212 3.16843 3.21676 2.91454 2.93079 2.85834 2.82944 2.85987 2.93386 2.98043 3.07124 3.16683 3.26244 3.35223 3.43057 3.47479 3.74469 3.84400 3.90091 4.81480 5.07178 5.22882 5.35021 5.10228 4.35391 4.36255 4.40400 4.37977 4.43387 4.37942 4.31697 4.30468 4.79614 4.79502 4.77607 4.78634 4.71221 3.22859 3.19038 3.22017 3.22993 3.38219 3.49306 3.50848 3.55282
2.59700 2.65805 2.79845 2.79845 2.79696 2.73044 2.35939 2.54860 2.69814 2.68646 3.22863 3.27346 3.25610 3.47672 3.51586 3.51586 3.51586 3.51586 3.51586 3.42339 3.18687 3.00457 2.97824 3.09758 3.28370 3.15483 3.17359 3.28352 3.37252 3.46790 3.51907 3.50043 3.47496 3.47496 3.47496 3.47514 3.47952 3.48567 3.60676 3.72315 3.75116 4.48066 4.96694 5.17465 5.12372 4.95924 4.29117 3.99852 4.12284 4.09412 4.15646 4.17968 4.19584 4.21238 4.60788 4.89614 4.92480 4.96209 5.01006 3.91743 3.42349 3.48880 3.51526 3.59238 3.78599 3.79738 3.81117
2.53734 2.57994 2.77837 2.76769 2.75725 2.74092 2.35138 2.31552 2.57432 2.60463 2.98843 3.25516 3.25516 3.41537 3.51586 3.51139 3.50177 3.49984 3.49789 3.48919 3.21102 3.12413 3.05781 3.26116 3.75344 3.64080 3.47748 3.54503 3.54302 3.54895 3.54736 3.52946 3.47096 3.46106 3.45157 3.44257 3.46216 3.50181 3.54548 3.59284 3.58039 3.89869 4.49514 4.71328 4.68369 4.63922 4.20231 4.13532 4.42915 4.45943 4.52632 4.57156 4.57421 4.57677 4.69241 5.23980 5.26556 5.27566 5.30745 4.70698 3.59222 3.63149 3.63885 3.64236 3.83771 3.71461 3.55878
2.50441 2.50059 2.72012 2.73719 2.73506 2.73245 2.47840 2.26917 2.45535 2.59823 2.80385 3.29601 3.28591 3.35735 3.48882 3.46506 3.44666 3.42125 3.39622 3.39099 3.27984 3.11489 2.98150 3.00162 3.54877 3.55694 3.29772 3.33926 3.32514 3.30891 3.30235 3.30289 3.27669 3.30613 3.35504 3.40427 3.41447 3.40787 3.40374 3.41226 3.41205 3.47420 4.30782 4.49720 4.53679 4.53873 4.29234 4.17339 4.37011 4.47494 4.51231 4.59022 4.59922 4.60571 4.61357 5.07040 5.26864 5.26730 5.28550 5.18778 3.59953 3.44209 3.29248 3.27550 3.62817 4.02078 4.27052
2.41241 2.39688 2.52578 2.58283 2.56583 2.54945 2.48361 2.17495 2.25128 2.44695 2.44790 2.92111 2.92794 2.96037 3.15596 3.16132 3.29084 3.47360 3.65608 3.82070 3.72096 3.12980 2.97768 2.92339 3.29106 3.53788 3.27292 3.29195 3.31387 3.34094 3.38732 3.43271 3.45180 3.41167 3.41099 3.41226 3.42178 3.42777 3.43123 3.44281 3.45395 3.46038 4.10502 4.49059 4.58936 4.59396 4.48997 4.28341 4.35757 4.56239 4.57301 4.54937 4.54869 4.55070 4.55295 4.68110 4.97031 4.68046 4.32139 3.94029 4.00855 4.53575 4.81147 4.89957 4.99426 5.23695 5.23470
2.25697 2.24845 2.30367 2.40868 2.38234 2.35645 2.34268 2.15897 2.14350 2.31758 2.38994 2.73618 3.00476 3.17981 3.61184 3.81982 3.85138 3.82868 3.80624 3.78413 3.74470 3.24911 2.96958 2.84609 2.99338 3.41528 3.43966 3.51956 3.63609 3.60375 3.59856 3.60726 3.61343 3.56851 3.56471 3.56801 3.57307 3.57931 3.58555 3.59527 3.61257 3.61337 3.92356 4.45488 4.51600 4.49860 4.46027 4.39970 4.22095 4.20431 3.96542 3.67434 3.40068 3.12628 2.84453 2.64559 2.89076 2.83869 2.84246 2.87146 3.69808 4.85619 4.89318 4.90284 4.91705 5.29252 5.39760
1.92352 1.89334 1.91270 2.06871 2.05199 2.03541 2.01910 1.97763 1.92920 2.17364 2.48007 2.78605 3.11490 3.09530 3.41727 3.56584 3.56445 3.56445 3.56445 3.57486 3.60151 3.39999 3.00486 2.96831 3.02851 3.60424 3.63987 3.67330 3.73599 3.69064 3.64600 3.64627 3.64822 3.62386 3.59270 3.56273 3.52697 3.49105 3.46013 3.44562 3.44286 3.39881 3.41860 3.53738 3.31168 3.08189 2.80121 2.49224 2.39055 2.55085 2.63768 2.61464 2.59842 2.59842 2.59842 2.59842 2.76704 2.83869 2.83891 2.90345 3.20241 5.12845 5.29969 5.45433 5.57772 5.89334 6.11805
1.87683 1.89002 1.90370 2.00705 2.06394 2.21403 2.37750 2.54106 2.50099 2.54515 2.73691 2.79751 3.05238 3.06569 3.31108 3.62167 3.65210 3.68327 3.71446 3.73521 3.73975 3.61171 3.22788 3.05500 3.05815 3.41978 3.63827 3.66889 3.72482 3.72410 3.53701 3.50277 3.46842 3.42474 3.31620 3.28517 3.26176 3.23837 3.21107 3.16871 3.13618 3.13211 3.13211 2.53295 2.29857 2.37857 2.37857 2.36149 2.42108 2.45423 2.64101 2.62817 2.60366 2.61006 2.65560 2.74962 2.91448 3.17846 3.27774 3.52608 3.73240 5.39430 5.94547 5.98033 6.01960 6.15308 6.46598
1.97982 2.08968 2.22233 2.43697 2.62357 2.63415 2.63415 2.64151 2.56692 2.56145 2.71761 2.87761 3.10502 3.22369 3.33235 3.73955 3.74028 3.74028 3.74028 3.74028 3.74028 3.70860 3.39466 3.06100 3.06182 3.22777 3.63963 3.61661 3.60804 3.59399 3.27958 3.19468 3.17129 3.15348 3.13365 3.11833 3.11833 3.11833 3.11833 3.11932 3.13679 3.13461 3.13597 2.82342 2.28581 2.37138 2.38879 2.38925 2.44374 2.44679 2.75952 2.91267 2.98030 3.12154 3.22163 3.26928 3.31554 3.55716 3.61357 3.65395 3.85313 4.74137 5.89344 5.89444 5.91295 5.94378 6.24495
2.47679 2.47188 2.47721 2.52525 2.66157 2.67244 2.68818 2.70553 2.70139 2.65841 2.72579 2.92192 3.03970 3.23553 3.24320 3.71595 3.74028 3.74028 3.74052 3.75711 3.84707 3.94727 3.78124 3.55024 3.51099 3.59732 3.34174 3.34142 3.39002 3.46604 3.33219 3.18581 3.21153 3.23786 3.25268 3.24009 3.26741 3.29523 3.32364 3.35147 3.34717 3.15682 3.16804 3.12590 2.36372 2.43618 2.54593 2.64451 2.74382 2.75631 2.83462 3.13872 3.13196 3.11256 3.10166 3.09400 3.08966 3.19564 3.35124 3.40748 3.66391 3.92555 5.55821 5.52274 5.46912 5.43563 5.61399
2.59638 2.52530 2.53665 2.54514 2.70659 2.72810 2.73072 2.74602 2.78243 2.76466 2.82815 3.02268 3.19116 3.32446 3.42288 3.89218 4.12770 4.22770 4.32610 4.40775 4.41588 4.41397 4.24110 3.99400 3.79851 3.86055 3.68725 3.58793 3.63723 3.76273 3.77768 3.47938 3.49386 3.51575 3.53786 3.51325 3.52548 3.54856 3.57333 3.61680 3.67692 3.54421 3.52469 3.57625 2.97833 2.78889 3.08606 3.06851 3.02750 2.93275 2.67869 3.00715 2.98638 2.96381 2.99667 3.03397 3.06963 3.11346 3.26325 3.25067 3.38551 3.49403 4.90726 5.30590 5.30160 5.32413 5.37830
2.70516 2.59108 2.62228 2.65438 2.80414 2.92449 2.99199 3.05626 3.09901 3.31605 3.40502 3.62145 3.87160 3.89034 3.89022 4.13917 4.39121 4.39003 4.39113 4.36931 4.32816 4.28704 4.24730 4.23716 4.13214 4.10721 3.99748 3.71742 3.73743 3.97369 4.07632 3.69625 3.69407 3.69631 3.71675 3.71845 3.70959 3.73546 3.75972 3.77541 3.78254 3.65237 3.49182 3.48013 3.14775 2.60434 2.82957 2.90546 2.91716 2.89794 2.71034 2.92805 3.13495 3.08433 3.11521 3.14423 3.16997 3.19563 3.34342 3.59427 4.00020 4.51862 5.10607 5.23893 5.18043 5.13363 5.10347
2.81813 2.83987 2.87506 2.91029 3.01169 3.21797 3.27007 3.32990 3.39089 3.68730 3.72006 3.77006 3.86297 3.89711 3.89874 4.01735 4.34937 4.30757 4.26599 4.24845 4.25020 4.25135 4.25226 4.23244 4.14518 4.01096 3.96162 3.58604 3.67444 3.84233 4.12739 3.97180 4.15078 4.21793 3.90161 3.91828 3.88432 3.90044 3.91999 3.93060 3.93537 3.90304 3.65052 3.65396 3.58995 2.86294 3.06193 3.33686 3.42740 3.46234 3.28365 3.19664 3.89254 3.96001 4.26663 4.57167 4.86589 5.15429 5.48077 5.74058 5.75832 6.12431 6.01774 5.19690 5.18434 5.16437 5.16437
3.26963 3.32398 3.41652 3.52430 3.63383 3.71393 3.74172 3.74454 3.74739 3.74432 3.80666 3.79894 3.80065 3.82558 3.84021 3.83625 4.28257 4.27909 4.23107 4.18208 4.13483 4.08983 4.04919 4.03960 4.04091 3.93121 3.90335 3.67549 3.76703 3.97433 4.38371 4.31734 4.25952 4.48531 4.05730 4.00710 3.97464 3.95812 3.98238 4.03393 4.08532 4.14277 3.95173 3.98056 4.10729 4.02958 4.45476 5.20095 5.63102 5.92862 5.94432 5.50856 5.89262 5.63151 5.56750 5.57090 5.57190 5.57190 5.57266 5.71571 5.74058 6.01980 6.13320 5.36056 5.14739 5.09648 5.07201
3.78647 3.78124 3.74128 3.70202 3.66021 3.57678 3.53863 3.49787 3.42526 3.30290 3.38801 3.30137 3.35226 3.47475 3.75578 3.65989 3.96697 4.03855 4.05446 4.05518 4.04759 4.04003 4.02995 4.00720 4.00063 3.96288 3.88072 3.78049 3.65567 3.93319 4.29127 4.35448 4.19362 4.63852 4.37061 4.23413 4.28590 4.37074 4.55779 4.72082 4.88394 5.04225 4.91546 4.80093 4.86617 5.56115 6.52674 6.75356 6.84444 6.83341 6.44094 5.71656 5.71624 5.72976 5.56411 5.56387 5.56018 5.54373 5.52060 5.57317 5.64193 5.78277 6.00313 5.54844 5.05114 5.01199 4.97703
3.43622 3.42438 3.41383 3.41280 3.38310 3.30506 3.25236 3.21346 3.20642 3.19063 3.26279 3.30868 3.35807 3.44546 3.76145 3.63890 3.86813 4.03426 4.00894 4.00063 4.00063 4.00063 4.00063 4.00063 3.98692 3.96461 3.80975 3.76007 3.45675 3.72072 3.94065 4.21134 4.48218 5.29197 5.37374 5.10398 5.26686 5.34946 5.35168 5.35168 5.35168 5.35168 5.24399 4.86723 4.86450 5.03644 6.50129 6.62775 6.82787 6.82447 6.54431 5.95245 5.52121 5.73331 5.46827 5.44783 5.43125 5.42058 5.41691 5.43142 5.58171 5.62730 5.97859 5.84055 5.05716 5.10725 5.15279
3.40688 3.36339 3.30676 3.26466 3.25160 3.23271 3.22778 3.24528 3.26277 3.27122 3.24228 3.36713 3.34007 3.35221 3.61136 3.61300 3.71334 3.99106 3.95724 3.92316 3.89004 3.85768 3.82414 3.79528 3.78325 3.80025 3.75068 3.69731 3.75448 4.20859 4.45547 4.84456 4.94866 5.66104 6.06825 5.34335 5.27267 5.20142 5.12183 5.06542 5.01057 4.95713 4.91634 4.87591 4.90033 4.93428 6.21898 6.62981 6.95637 7.00203 6.87955 6.45437 5.89025 5.99840 5.70665 5.72969 5.78461 5.84750 5.91005 5.96800 5.99326 6.04776 6.52825 6.69498 5.91152 5.78268 5.76620
3.28115 3.29865 3.30482 3.31875 3.33137 3.31177 3.25671 3.23452 3.21236 3.19922 3.11289 3.33295 3.30690 3.32911 3.47501 3.58941 3.44922 3.79035 3.79650 3.80282 3.80915 3.81553 3.82401 3.82971 3.83349 3.83958 3.86127 3.79816 3.87596 4.26577 4.45615 4.85189 4.85522 5.20298 5.80128 5.26971 5.11846 5.10314 5.06019 5.04284 5.02876 5.01456 5.01499 5.02568 5.10324 5.20283 6.08086 7.10633 7.11265 7.05636 7.03758 6.61193 6.29642 6.29903 6.07553 6.05613 6.19518 6.37089 6.47215 6.57501 6.66417 6.68593 7.03020 7.37484 6.85001 6.29765 6.26119
3.34432 3.32215 3.29251 3.26287 3.24558 3.24292 3.20153 3.20442 3.20923 3.20985 3.14549 3.27422 3.37000 3.38747 3.43032 3.77653 3.48677 3.80509 3.82492 3.78971 3.75524 3.72200 3.68269 3.62670 3.57065 3.57249 3.77147 3.89675 3.94394 4.25802 4.56717 4.59914 4.55807 4.66631 5.25848 5.17223 4.89083 4.92852 5.03547 5.16050 5.30138 5.44157 5.55522 5.63195 5.63880 5.64122 5.86924 7.32958 7.32424 7.21584 7.26847 6.96597 6.62564 6.36494 6.24745 6.24327 6.48636 6.83750 6.83934 6.84117 6.84295 6.80963 6.92905 7.33291 7.06586 6.50685 6.56549
3.49415 3.52082 3.49110 3.29721 3.28429 3.27136 3.22443 3.19503 3.17557 3.12399 3.05651 3.04206 3.28693 3.23157 3.22709 3.50349 3.32502 3.48050 3.61226 3.59132 3.56891 3.54591 3.52964 3.52942 3.52942 3.57288 3.73914 3.88534 3.98468 4.15066 4.51747 4.51204 4.54418 4.69514 5.39419 6.05314 5.71091 5.82690 5.85403 5.84192 5.85517 5.86870 5.89254 5.95266 6.00333 6.06648 6.09569 7.26122 7.61558 7.34477 7.23493 7.05312 6.93077 6.49160 6.39595 6.30627 6.34586 6.74284 6.66466 6.58557 6.50626 6.40882 6.31883 6.81464 6.86274 6.94782 6.96168
3.53961 3.45955 3.37136 3.06258 3.00560 2.95211 2.87721 2.77645 2.71682 2.69510 2.70635 2.80709 3.34116 3.34263 3.38171 3.56409 3.65929 3.65671 3.95703 3.98639 4.01665 4.03153 4.04121 4.05102 4.06098 4.09850 4.29097 4.59725 4.76858 4.92862 5.15425 5.31827 5.31718 5.31715 5.70617 6.77084 6.19696 6.14653 6.15273 6.18282 6.24658 6.29113 6.25883 6.17325 6.07825 5.99765 5.88569 6.28416 6.93375 6.69719 6.52239 6.44164 6.55697 6.19450 5.94292 5.68979 5.85577 6.25549 6.34524 6.34524 6.34524 6.34253 6.30450 6.64760 6.86267 6.91687 7.06169
3.28542 3.28711 3.29087 3.11561 3.05225 3.06696 3.08731 3.08452 3.08666 3.10677 3.11239 3.10609 3.56795 3.65562 3.63153 3.69021 4.02985 3.71260 4.12940 4.10680 4.11252 4.16307 4.22333 4.28922 4.35514 4.42600 4.54185 4.89415 4.93990 5.02729 5.22100 5.29496 5.32554 5.31786 5.51647 6.32032 6.22318 5.93264 5.85617 5.81625 5.83693 5.80473 5.83857 5.88821 5.93269 5.96775 6.00523 5.90823 6.30924 6.26270 6.10482 6.10482 6.24969 6.22104 5.91090 5.63858 5.82804 6.11781 6.34903 6.35621 6.43332 6.56565 6.68364 7.01787 7.62700 7.84588 8.06920
3.42162 3.43234 3.43827 3.31635 3.18107 3.18315 3.18310 3.15672 3.08956 3.05692 3.02536 3.01842 3.30973 3.64793 3.64529 3.72874 4.14158 3.86847 4.28651 4.39824 4.43688 4.44680 4.45251 4.45255 4.45255 4.45255 4.50540 4.82185 4.90481 5.02370 5.18617 5.29785 5.40494 5.40552 5.42242 5.54952 6.09318 5.78379 5.83345 5.88421 6.04288 6.06999 6.06999 6.06999 6.06887 6.05742 6.05731 5.90712 6.21678 6.31525 6.13878 6.11574 6.19301 6.37320 6.02145 5.87310 6.02641 6.43993 7.00764 7.17844 7.30896 7.38113 7.43378 7.50176 8.24267 8.32115 8.43099
3.38583 3.45246 3.45246 3.38430 3.13880 3.10618 3.07359 3.05908 3.02302 3.03123 3.04773 3.06422 3.16981 3.79675 4.03412 4.05716 4.26355 4.28055 4.28205 4.45255 4.45269 4.45707 4.46345 4.46983 4.47620 4.48732 4.54295 4.85821 5.12113 5.25670 5.42930 5.53643 5.65879 5.69696 5.71049 5.59146 6.34739 5.94205 5.94571 5.99530 6.11704 6.24982 6.31332 6.37810 6.44448 6.17834 6.08056 5.96890 6.00298 6.15267 5.97524 5.85912 5.84982 6.07532 6.65574 6.74843 6.54733 6.87437 7.53924 7.61634 7.64043 7.66314 7.68582 7.60975 8.23117 8.59562 8.82067
3.27258 3.37105 3.33800 3.32244 3.10271 3.10039 3.11693 3.13549 3.14683 3.15598 3.18051 3.20505 3.24206 3.71887 4.05101 4.09868 4.15388 4.45378 4.22313 4.49252 4.55064 4.62344 4.69633 4.76918 4.84208 4.91018 4.97656 5.16202 5.46972 5.49557 5.65649 5.74180 5.85855 5.95912 6.01781 5.99264 6.50799 6.56458 6.50348 6.52188 6.54260 6.66900 6.58639 6.48592 6.38804 6.06163 5.79118 5.74833 5.76167 6.22054 6.28312 6.25432 6.31128 6.47557 6.76156 7.14745 6.70620 6.99269 7.55675 7.71140 7.81599 7.96163 8.10734 8.19968 8.51530 8.97383 9.00138
3.19594 3.32821 3.40873 3.43593 3.27749 3.21734 3.24188 3.26432 3.25762 3.22587 3.22587 3.22609 3.24395 3.59270 4.14620 4.37122 4.46226 5.03187 4.81582 5.13117 5.17802 5.20546 5.23120 5.25728 5.28361 5.31815 5.37438 5.80872 6.02290 6.09992 6.13024 6.15698 6.16778 6.32540 6.35468 6.34055 6.45106 6.71808 6.29746 6.19719 6.12308 6.20515 6.33875 6.45211 6.60178 6.63814 6.28892 6.33737 6.20441 6.59729 6.74119 6.76078 6.82284 6.97435 7.23498 7.99024 7.61478 7.81580 8.42335 8.61288 8.72377 8.80159 8.87975 8.95211 9.04974 9.95291 10.0849
3.21069 3.24992 3.38837 3.37521 3.36484 3.43568 3.48070 3.58022 3.68153 3.74226 3.84327 3.94872 4.05837 4.23484 4.90545 5.19475 5.23742 5.57569 5.36465 5.35290 5.37489 5.37537 5.40077 5.43046 5.46014 5.48184 5.48189 5.79288 6.07892 6.08050 6.16121 6.32111 6.46202 6.73998 6.99173 7.16762 7.11645 6.84740 6.75070 6.91926 7.06657 7.18470 7.35800 7.40970 7.41686 7.42270 6.87840 6.83077 6.59678 6.77493 7.02257 6.98704 6.97863 7.03648 7.37095 7.94793 8.32047 8.48688 9.12480 9.42353 9.53396 9.63507 9.73622 9.83756 9.85709 10.8497 11.0986
3.13380 3.21088 3.40692 3.52297 3.65311 4.10622 4.21826 4.28139 4.37435 4.30030 4.24367 4.31227 4.36237 4.39981 4.90132 5.25990 5.34958 5.54523 5.79708 5.44742 5.51101 5.54391 5.55179 5.55533 5.60182 5.70152 5.80492 6.06467 6.74175 6.90758 7.03502 7.16816 7.30549 7.46422 7.73126 7.78260 7.68136 7.46634 7.36674 7.36674 7.36674 7.36875 7.51771 7.57820 7.60591 7.63083 7.23714 6.96707 6.68197 6.60007 7.03703 7.09868 7.14781 7.24312 7.68284 8.16229 8.89873 9.08148 9.51007 10.0690 10.0690 10.0690 10.0690 10.0690 10.0420 10.5343 11.0535
3.96884 4.02253 4.12974 4.30864 4.39795 4.92817 5.07324 5.14089 5.17742 4.99961 4.66976 4.71175 4.75469 4.81368 5.18535 5.78338 6.06071 6.16968 6.26558 5.79028 5.81788 5.92114 6.02826 6.15055 6.26504 6.32811 6.41313 6.50872 7.32593 7.47076 7.49578 7.50861 7.55702 7.56827 7.76268 7.78402 7.74920 7.54532 7.36341 7.37861 7.38263 7.38485 7.48840 7.63065 7.69027 7.84077 7.78975 7.42770 7.34077 7.11239 7.63756 7.80902 7.76287 7.74722 7.93021 8.27613 9.04276 9.16026 9.30264 9.97387 10.0690 10.1217 10.2316 10.2827 10.2377 10.2560 10.4488
