results/OMI_NO2_201111.asc
ncols      200
nrows      200
xllcorner       120.258
yllcorner       41.1236
cellsize     0.0166667
NODATA_Value      -999.000
[rows 0 to 28 of 175, columns 67 to 133 of 200]
1.33251 1.36390 1.39517 1.46654 1.45326 1.38640 1.32672 1.27339 1.25140 1.23932 1.32864 1.54526 1.59634 1.56649 1.57204 1.57823 1.56070 1.55979 1.55979 1.55979 1.55979 1.55979 1.55979 1.55979 1.55979 1.55979 1.55979 1.55979 1.55979 1.56087 1.60752 1.91297 2.05044 2.03469 2.02598 2.04701 2.16613 2.18229 2.29533 2.24601 1.97665 1.55935 1.51670 1.49999 1.50004 1.50004 1.50004 1.50004 1.50004 1.50004 1.44749 1.34885 1.34885 1.34885 1.34885 1.34885 1.34885 1.34895 1.04336 0.753348 0.753348 0.753348 0.753348 0.753348 0.753336 0.746995 0.737345
1.41987 1.37221 1.32316 1.27660 1.25144 1.25140 1.25140 1.24800 1.21262 1.17238 1.15553 1.35062 1.35606 1.40276 1.45128 1.55979 1.55979 1.55979 1.55979 1.55979 1.55979 1.55979 1.55979 1.55979 1.55979 1.56386 1.57286 1.58117 1.58884 1.59516 1.60207 1.74773 1.93384 1.88217 1.83828 1.82297 1.96302 1.98588 2.13671 2.16523 2.06866 1.56713 1.53655 1.50004 1.50004 1.50004 1.50004 1.50004 1.50004 1.50004 1.49577 1.36041 1.34885 1.34885 1.34885 1.34885 1.34885 1.34885 1.26833 0.753348 0.749548 0.739318 0.731292 0.726688 0.723380 0.723393 0.725161
1.25007 1.24870 1.24870 1.23824 1.19998 1.16087 1.12485 1.09402 1.08803 1.08803 1.07706 1.32791 1.34091 1.39311 1.40429 1.53860 1.55979 1.55979 1.55979 1.55979 1.56045 1.56797 1.57667 1.58468 1.59207 1.59609 1.59624 1.60152 1.59722 1.59061 1.58360 1.66849 1.79000 1.81047 1.81047 1.81047 1.87736 1.97761 2.04512 2.16523 2.15904 1.60529 1.55215 1.50004 1.50004 1.50004 1.50004 1.50004 1.50004 1.50004 1.50004 1.41598 1.34885 1.34885 1.34885 1.35060 1.36666 1.38591 1.39499 0.857561 0.721555 0.723752 0.725280 0.725358 0.725358 0.725358 0.725358
1.18529 1.14721 1.11217 1.08730 1.08713 1.08803 1.08803 1.08803 1.08803 1.08803 1.08797 1.28172 1.33492 1.37317 1.40276 1.47198 1.56300 1.57196 1.58034 1.58806 1.59474 1.59611 1.59329 1.58326 1.57658 1.56994 1.56318 1.55126 1.54888 1.54888 1.54888 1.59199 1.75024 1.80254 1.78919 1.77586 1.76893 1.90975 1.93452 2.15292 2.16523 1.75715 1.56548 1.50232 1.50004 1.50004 1.50004 1.50004 1.50004 1.50004 1.50004 1.48542 1.37822 1.39720 1.40469 1.39183 1.36448 1.33395 1.31435 1.07383 0.725358 0.725358 0.730018 0.760860 0.795738 0.830617 0.865496
1.08577 1.08577 1.08577 1.08577 1.08610 1.08800 1.08803 1.08803 1.08803 1.08803 1.08803 1.24792 1.38880 1.49240 1.46571 1.46477 1.58932 1.59258 1.57555 1.56263 1.55598 1.54929 1.54548 1.54888 1.54888 1.54888 1.54888 1.54888 1.54693 1.53500 1.52155 1.50712 1.64049 1.73115 1.74368 1.74173 1.73978 1.82925 1.90581 2.03668 2.14219 1.87372 1.53248 1.52395 1.52946 1.53108 1.53617 1.55555 1.57643 1.59728 1.60563 1.58621 1.44172 1.37723 1.36012 1.36152 1.36314 1.37972 1.41616 1.42462 0.934007 0.937138 0.968952 0.976101 0.992491 1.01053 1.02687
1.09663 1.09040 1.09549 1.10056 1.10567 1.11235 1.11817 1.13311 1.20880 1.29483 1.38080 1.58131 1.74495 1.68871 1.50963 1.37131 1.43409 1.48143 1.48640 1.48723 1.48180 1.47636 1.47092 1.46548 1.45354 1.43477 1.41600 1.39721 1.38038 1.37355 1.36820 1.36429 1.43923 1.56584 1.61541 1.61193 1.60844 1.62589 1.76928 1.79947 1.97666 1.85962 1.48320 1.55602 1.62377 1.64301 1.64537 1.61637 1.58587 1.55535 1.53737 1.53405 1.45081 1.44994 1.48482 1.51973 1.55460 1.57459 1.57466 1.54729 1.18799 0.938677 0.995548 1.05414 1.05637 1.05637 1.05637
1.29516 1.24323 1.24467 1.27199 1.35269 1.43548 1.51960 1.58956 1.58785 1.57355 1.55818 1.57006 1.70410 1.57763 1.44824 1.24329 1.25668 1.36757 1.36850 1.36726 1.35606 1.34272 1.32938 1.31605 1.30920 1.30920 1.30920 1.30920 1.30920 1.30920 1.30920 1.30920 1.32234 1.48247 1.56175 1.57079 1.57079 1.56756 1.69147 1.76987 1.93590 1.99673 1.55267 1.54323 1.58495 1.55444 1.52682 1.46190 1.38919 1.31647 1.24376 1.17425 1.17202 1.54858 1.56448 1.51824 1.47318 1.43230 1.39510 1.37862 1.30380 0.909149 0.938818 1.05637 1.05637 1.05637 1.05637
1.47209 1.47157 1.55059 1.59318 1.57935 1.56264 1.54655 1.53448 1.54609 1.56008 1.57409 1.58392 1.77568 1.63674 1.47922 1.33832 1.28930 1.34298 1.32343 1.31135 1.30920 1.30920 1.30920 1.30920 1.30920 1.30920 1.30920 1.30920 1.30920 1.30920 1.30920 1.30920 1.30900 1.41483 1.50481 1.53888 1.52699 1.51834 1.57982 1.76904 1.80727 1.91642 1.46224 1.27652 1.29840 1.22639 1.16415 1.15634 1.15634 1.15563 1.13522 1.10833 1.08395 1.26436 1.38105 1.37862 1.37862 1.37862 1.37862 1.37862 1.37862 1.03093 0.907703 1.02524 1.05637 1.05637 1.05637
1.64629 1.56394 1.52957 1.53031 1.55572 1.58502 1.60323 1.58356 1.58428 1.58428 1.58473 1.62331 1.87315 1.86192 1.70414 1.66002 1.43100 1.39330 1.30920 1.30920 1.30920 1.30920 1.30920 1.30920 1.30920 1.30920 1.30920 1.30920 1.30681 1.29572 1.28384 1.27196 1.26028 1.29944 1.44581 1.48845 1.44152 1.37271 1.31462 1.49855 1.50042 1.59589 1.32732 1.05426 1.13870 1.14643 1.11890 1.09353 1.07053 1.05002 1.04395 1.04395 1.04395 1.10726 1.37859 1.37862 1.37862 1.37862 1.37862 1.37862 1.37862 1.22747 0.907696 0.961448 1.04199 1.02431 0.986385
1.63936 1.62945 1.60797 1.63385 1.63774 1.63774 1.64356 1.65431 1.71358 1.79105 1.87668 1.91257 2.03864 2.12133 1.80067 1.72071 1.49724 1.43043 1.32636 1.30920 1.30920 1.30920 1.30920 1.30916 1.30227 1.29039 1.27850 1.26662 1.25713 1.25634 1.26309 1.29579 1.33827 1.38119 1.34192 1.23273 1.18193 1.18193 1.18193 1.29549 1.46633 1.53541 1.38297 0.991451 1.02369 1.04429 1.04395 1.04395 1.04395 1.04395 1.04395 1.04395 1.04395 1.04395 1.31048 1.37862 1.37862 1.37862 1.37842 1.35186 1.30705 1.25183 0.859481 0.785813 0.888651 0.875604 0.871202
1.71301 1.70746 1.65715 1.72130 1.79640 1.87974 1.96356 1.95628 1.91257 1.91257 1.91257 1.91257 1.95431 2.24925 1.86842 1.72071 1.62303 1.43094 1.37602 1.30752 1.29693 1.28505 1.27317 1.26133 1.25634 1.25695 1.28040 1.32257 1.36508 1.40750 1.44327 1.45303 1.45303 1.45303 1.35916 1.23512 1.19660 1.23459 1.27446 1.32634 1.61471 1.62648 1.40898 0.962397 0.991836 1.04395 1.04395 1.04395 1.04395 1.04395 1.04395 1.04395 1.04395 1.04395 1.16808 1.32505 1.28024 1.23101 1.16462 1.12274 1.09915 1.07939 0.906064 0.722540 0.802019 0.871006 0.862472
1.84535 1.86875 1.93026 1.97939 1.97939 1.97939 1.97939 1.97846 1.92138 1.91257 1.91257 1.91257 1.91257 2.22190 2.02674 1.71772 1.70580 1.43163 1.37568 1.26402 1.25740 1.27705 1.30757 1.34937 1.39181 1.43374 1.45271 1.45303 1.45303 1.45303 1.45303 1.45445 1.48358 1.52352 1.54766 1.39833 1.38078 1.35936 1.35936 1.35978 1.52040 1.65409 1.54168 1.06453 1.01306 1.05739 1.05922 1.06102 1.06278 1.06264 1.03084 0.987752 0.944616 0.896745 0.860628 1.13848 1.13143 1.11396 1.11391 1.11568 1.11752 1.11927 1.08927 0.779354 0.792427 0.920679 0.932177
1.72835 1.72835 1.79383 1.97939 1.97939 1.97939 1.97939 1.97939 1.95051 1.90843 1.90491 1.89542 1.88321 2.09601 2.14849 1.77274 1.80153 1.69023 1.55503 1.51987 1.51644 1.54632 1.56537 1.57195 1.57571 1.57942 1.58317 1.59708 1.63904 1.68272 1.72633 1.76860 1.78306 1.78681 1.79057 1.65811 1.57603 1.53088 1.53440 1.53772 1.57354 1.81158 1.77439 1.54273 1.53095 1.42777 1.38677 1.35728 1.32790 1.29548 1.27622 1.26604 1.25557 1.24930 1.25816 1.44293 1.54416 1.54188 1.53979 1.53740 1.53534 1.53494 1.54330 1.38099 1.30682 1.38583 1.41665
1.64780 1.63990 1.63516 1.82361 1.83910 1.82926 1.81809 1.80019 1.77985 1.70544 1.68320 1.64861 1.60744 1.65049 1.73580 1.80058 1.82401 1.76258 1.48993 1.57228 1.58777 1.58245 1.57959 1.60328 1.64315 1.68308 1.72296 1.75274 1.75437 1.75437 1.75437 1.75437 1.75437 1.75437 1.75437 1.70279 1.54296 1.50010 1.48327 1.48327 1.48913 1.67373 1.69051 1.54509 1.51814 1.42304 1.37002 1.35036 1.33071 1.31608 1.33065 1.35335 1.37608 1.39878 1.42152 1.45607 1.53494 1.53667 1.56017 1.59018 1.62019 1.65021 1.67189 1.60579 1.37645 1.38966 1.42165
1.51743 1.51743 1.51495 1.60373 1.69486 1.68538 1.65449 1.58368 1.50133 1.40566 1.32409 1.29535 1.27611 1.32231 1.53947 1.61511 1.73008 1.73008 1.56347 1.45886 1.65120 1.70091 1.74028 1.75437 1.75437 1.75437 1.75437 1.75437 1.75437 1.75437 1.75437 1.75437 1.75437 1.75437 1.75437 1.75386 1.59934 1.60543 1.61669 1.67210 1.72158 1.68668 1.56844 1.50125 1.43357 1.39391 1.35846 1.38119 1.40390 1.42612 1.43327 1.43327 1.43327 1.44634 1.47630 1.50643 1.62082 1.66630 1.67285 1.67285 1.67285 1.67285 1.67285 1.67282 1.43286 1.37756 1.41518
1.49849 1.46167 1.39340 1.35600 1.39656 1.33943 1.29601 1.27057 1.25546 1.24133 1.29363 1.29965 1.29965 1.30038 1.51137 1.52898 1.65202 1.63029 1.56820 1.37624 1.56187 1.75437 1.75437 1.75437 1.75437 1.75437 1.75437 1.75437 1.75437 1.75437 1.75437 1.75794 1.80195 1.85734 1.91268 1.96809 1.90668 1.79951 1.73398 1.68953 1.69127 1.69933 1.60671 1.60563 1.54646 1.51410 1.43327 1.43327 1.43742 1.46412 1.49413 1.52414 1.55417 1.57112 1.57118 1.57118 1.61585 1.67285 1.67285 1.67285 1.67285 1.67285 1.67285 1.67285 1.55652 1.37702 1.39805
1.27739 1.24464 1.20201 1.19535 1.24016 1.24366 1.22896 1.22451 1.22451 1.22431 1.25656 1.27311 1.25868 1.24523 1.37734 1.44490 1.57064 1.60600 1.60600 1.43565 1.44170 1.72607 1.75437 1.75437 1.75437 1.75437 1.75437 1.77250 1.82688 1.88225 1.93759 1.98943 2.00076 2.01049 2.04855 2.07912 2.09521 2.04604 1.94735 1.76766 1.76901 1.76901 1.71114 1.63235 1.61352 1.58172 1.51649 1.54197 1.56783 1.57118 1.57118 1.57118 1.57118 1.57118 1.57118 1.57118 1.57884 1.66996 1.67285 1.67285 1.67285 1.67285 1.68581 1.72413 1.75421 1.71353 1.81633
1.24284 1.22948 1.16652 1.15304 1.17922 1.22292 1.21129 1.19872 1.18703 1.17627 1.18022 1.23581 1.23706 1.23706 1.32727 1.44418 1.52279 1.60563 1.60600 1.53526 1.38041 1.64020 1.75622 1.79640 1.85177 1.90714 1.96252 1.99978 2.00076 2.00039 2.02263 2.05134 2.08300 2.10500 2.09273 2.09228 2.09228 2.09608 2.09165 1.80110 1.75709 1.74572 1.72719 1.59376 1.62809 1.67284 1.59747 1.57118 1.57118 1.57118 1.57118 1.57118 1.57118 1.57118 1.57118 1.57118 1.57118 1.64111 1.70854 1.74755 1.78900 1.86268 1.93324 1.97839 2.02086 1.98804 1.88483
1.82161 1.85813 1.84749 1.85264 1.86497 1.78817 1.70735 1.66426 1.65185 1.83335 1.83180 1.82770 1.82339 1.81911 1.82373 1.84505 1.87755 1.98635 2.03546 2.24938 2.37749 2.40761 2.43156 2.43350 2.43350 2.43350 2.43350 2.43350 2.43350 2.43350 2.24443 2.04559 2.04175 2.03463 2.03480 2.06778 2.16473 2.20626 2.25725 2.29424 2.29679 2.29831 2.29987 2.28759 2.27435 2.28878 2.32252 2.23032 2.22482 2.22482 2.22482 2.16001 2.13677 2.14276 2.18736 2.32855 2.45243 2.84213 2.84213 2.87976 3.04257 3.20220 3.34827 3.40547 3.40547 3.40547 3.40547
1.78233 1.79782 1.84391 1.85135 1.85135 1.83406 1.66530 1.64826 1.58103 1.71990 1.79575 1.82677 1.86004 1.89328 1.92715 1.95498 1.97610 2.08573 2.15026 2.23769 2.43350 2.43350 2.43350 2.43350 2.43350 2.43350 2.43350 2.43350 2.43350 2.43350 2.38706 2.10600 2.13433 2.15805 2.18306 2.18323 2.23740 2.27501 2.26594 2.25880 2.26734 2.28345 2.29955 2.31519 2.31983 2.32164 2.33745 2.28310 2.23473 2.24072 2.24672 2.22183 2.15450 2.15450 2.15567 2.30594 2.46982 3.04400 3.28444 3.39666 3.40547 3.40547 3.40547 3.40547 3.40142 3.38646 3.37093
1.86399 1.85135 1.85135 1.85135 1.85288 1.86126 1.75169 1.70268 1.67629 1.74072 1.93627 1.95867 1.97883 1.99900 2.00961 2.00962 2.00962 2.05973 2.13881 2.17577 2.39929 2.43350 2.43350 2.43350 2.43350 2.43350 2.43446 2.42875 2.35932 2.25224 2.15500 2.11189 2.12689 2.11824 2.11404 2.11404 2.16369 2.28004 2.29614 2.31225 2.31982 2.31982 2.32046 2.32557 2.33157 2.33891 2.34746 2.37666 2.25069 2.25063 2.25063 2.24943 2.21575 2.37491 2.53761 2.79383 2.96598 3.13750 3.40547 3.40525 3.39509 3.37954 3.36399 3.34846 3.33697 3.33636 3.38465
1.87572 1.87400 1.88343 1.90060 1.92807 1.94868 1.92889 1.77380 1.76220 1.77236 1.97722 2.00962 2.00962 2.00962 2.00962 2.00962 2.00962 2.03436 2.11732 2.16664 2.29673 2.43262 2.38702 2.31988 2.22279 2.12870 2.04527 1.97437 1.94569 1.94349 1.94349 2.00629 2.12574 2.14043 2.14825 2.16408 2.17758 2.30726 2.32158 2.32741 2.33340 2.33940 2.34476 2.34563 2.34563 2.34647 2.34754 2.39691 2.29819 2.39064 2.55555 2.70864 2.77044 2.73338 2.73338 2.76772 2.95365 2.94946 3.32546 3.34173 3.33636 3.37870 3.55137 3.79944 4.06024 4.32068 4.53337
1.91432 1.93830 1.95813 1.96463 1.95936 1.95412 1.95247 1.81004 1.76109 1.77392 1.87968 2.00962 2.00962 2.00962 2.00962 2.00962 2.00285 1.98623 1.99895 1.98100 1.95166 2.02206 1.97767 1.94945 1.94349 1.94349 1.94349 1.94349 1.94474 1.95791 1.97401 1.99604 2.16649 2.18444 2.17904 2.18448 2.19048 2.27738 2.34547 2.34563 2.34563 2.34563 2.34563 2.34563 2.34563 2.40859 2.57491 2.76090 2.88223 2.81749 2.81749 2.82799 2.84410 2.79674 2.82186 2.84340 2.98630 3.11484 3.52826 3.97371 4.23459 4.45272 4.54088 4.55339 4.55339 4.55339 4.55339
1.95120 1.94716 1.95245 1.95247 1.95247 1.95247 1.95247 1.89403 1.76107 1.76705 1.79482 1.98576 1.96314 1.93415 1.89732 1.84753 1.80660 1.78767 1.79929 1.77753 1.81074 1.90766 1.94349 1.94349 1.94376 1.95448 1.97059 1.98671 2.00156 2.00428 1.99765 1.98812 2.07493 2.14890 2.15562 2.20083 2.20087 2.22772 2.34563 2.34563 2.34563 2.34563 2.34563 2.46517 2.80239 2.88793 2.88670 2.91890 2.99447 2.90176 2.90359 2.92512 2.94676 3.10093 3.32625 3.52635 3.82864 3.99500 4.12876 4.53118 4.54872 4.56138 4.57400 4.60334 4.66129 4.71974 4.77818
1.94448 1.94448 1.95055 1.95247 1.95247 1.94902 1.92653 1.89958 1.71166 1.66789 1.70839 1.79896 1.78880 1.77116 1.75987 1.75968 1.75968 1.75977 1.79202 1.76800 1.79228 1.83913 1.93503 1.94538 1.95548 1.95436 1.94084 1.92555 1.91029 1.89524 1.88850 1.88627 1.91135 2.05789 2.05965 2.10015 2.11127 2.10915 2.22445 2.24948 2.24720 2.24505 2.24682 2.29226 2.81589 2.89451 3.07669 3.17999 3.34886 3.32425 3.26813 3.34400 3.42975 3.68791 4.15762 4.18987 4.23401 4.55588 4.52087 4.85794 5.04918 5.09499 5.14079 5.16984 5.17031 5.17031 5.16464
1.93965 1.91093 1.88900 1.86911 1.84482 1.85295 1.80029 1.70737 1.68844 1.84820 1.85133 1.81065 1.68266 1.66976 1.65659 1.64341 1.62998 1.62729 1.77971 1.94773 1.84709 1.80398 1.90466 1.90462 1.89866 1.89342 1.89517 1.89872 1.90228 1.90586 1.90744 1.90744 1.90744 2.03781 2.08738 2.10596 2.14350 2.14350 2.21707 2.32770 2.35745 2.39192 2.43879 2.46110 2.73856 3.03456 3.22078 3.34232 3.42280 3.41100 3.62247 3.67782 3.67782 3.68653 4.17746 4.24315 4.25294 4.53522 4.57226 4.73427 5.17031 5.17031 5.16905 5.15597 5.13998 5.12398 5.11366
1.68450 1.64695 1.57577 1.46971 1.34418 1.16953 1.11135 1.11135 1.13978 1.58190 1.60933 1.62484 1.48555 1.46180 1.50815 1.56668 1.62523 1.66956 1.77592 2.06878 1.94906 1.80549 1.86384 1.90744 1.90744 1.90744 1.90744 1.90744 1.90744 1.90744 1.90744 1.90744 1.90744 1.96822 2.12167 2.13687 2.22803 2.33577 2.45067 2.47541 2.49009 2.50418 2.50193 2.48825 2.47304 2.91237 3.01263 3.21725 3.30225 3.36531 3.51853 3.69148 3.70127 3.71105 4.00555 4.27465 4.27465 4.40998 4.61055 4.57011 5.05276 5.13112 5.11638 5.11347 5.11347 5.11347 5.11347
1.43174 1.14819 1.10070 1.10719 1.11135 1.11135 1.11135 1.11151 1.11559 1.41316 1.64789 1.71763 1.71151 1.66461 1.66731 1.65778 1.64825 1.64118 1.65304 2.04415 1.99287 1.83621 1.82507 1.90744 1.90744 1.90744 1.90744 1.90744 1.90744 1.91540 2.05891 2.28433 2.53808 2.81008 2.91108 2.59208 2.70437 2.74817 2.74817 2.56237 2.45544 2.41264 2.36986 2.34073 2.33987 2.62476 2.92643 3.23219 3.29354 3.40156 3.42885 3.70553 3.71997 3.71997 3.79047 4.26843 4.26059 4.25665 4.59421 4.51832 4.77010 5.11347 5.11347 5.10046 5.06906 5.03758 5.00607
1.18191 1.12275 1.10278 1.11482 1.12375 1.12949 1.14907 1.21368 1.27790 1.39315 1.78637 1.77371 1.80507 1.64830 1.64080 1.64080 1.64080 1.64080 1.64080 1.96075 2.03721 1.87957 1.80336 1.89059 1.90744 1.94050 2.15072 2.40453 2.67350 2.94920 3.08352 3.11221 3.11286 3.11286 3.26615 2.73376 2.64399 2.65232 2.60477 2.48599 2.33987 2.34133 2.35117 2.36236 2.37354 2.42073 2.90704 3.20483 3.27405 3.40732 3.40747 3.58479 3.71215 3.69812 3.68416 4.07239 4.22491 4.22491 4.47185 4.50937 4.49145 4.99230 4.99192 4.97343 4.98273 5.08015 5.19425
