results/OMI_NO2_200811.asc
ncols      200
nrows      200
xllcorner       120.258
yllcorner       41.1236
cellsize     0.0166667
NODATA_Value      -999.000
[rows 90 to 119 of 165, columns 0 to 65 of 200]
3.88211 3.90090 3.98563 4.65800 4.57612 4.39806 4.37266 3.84490 3.68258 3.70037 3.78798 3.84808 3.84854 3.84854 3.84854 3.84857 3.85872 3.87696 3.89513 3.78144 3.55868 3.46274 3.74640 4.26528 4.17253 4.49207 4.56783 4.57501 4.58219 4.63264 4.65885 4.66604 4.67331 4.67307 4.63834 4.25297 4.22361 4.20309 4.31185 4.40575 4.41239 4.13803 4.03970 3.95870 4.08059 3.93071 3.88047 3.96550 4.19690 4.21568 4.26395 4.44771 4.54404 4.61586 4.68965 4.72745 4.65797 4.62985 4.63131 4.70992 4.77186 4.93378 5.05728 5.08376 5.17931 5.30693
3.93264 4.02257 4.15318 4.77439 5.02779 4.54156 4.46248 4.20465 3.84579 3.86400 3.88226 3.91463 3.93860 3.95575 3.97288 3.99000 3.99187 3.93989 3.90518 3.88106 3.86699 4.21637 4.18836 4.63787 4.34858 4.42132 4.59936 4.58818 4.56817 4.54935 4.54959 4.51005 4.47070 4.43870 4.42735 4.28865 4.28999 4.31277 4.37501 4.54065 4.54783 4.37447 3.92437 3.92841 4.01162 4.01599 3.98661 4.08825 4.45104 4.51706 4.51142 4.59645 4.85955 4.86335 4.86927 4.86483 4.79423 4.72898 4.73992 4.78481 4.89318 4.96479 5.20907 5.21388 5.24038 5.34976
4.33224 4.31531 4.33354 4.62013 5.09252 4.92395 4.51588 4.37014 3.69158 3.66512 3.65156 3.64405 3.64274 3.59295 3.54051 3.53192 3.53062 3.56968 3.59330 3.58700 3.60201 3.75108 3.93458 4.13430 4.14376 3.98669 4.23901 4.22120 4.22235 4.25101 4.33025 4.36067 4.38100 4.38719 4.39252 4.38766 4.37249 4.35836 4.38012 4.59734 4.64164 4.65631 4.12799 4.16483 4.20602 4.24458 4.10015 4.09121 4.38684 4.50665 4.51762 4.53186 4.86607 4.92868 4.93526 4.93373 4.88220 4.75990 4.75892 4.75857 4.87768 4.90120 5.14231 5.20478 5.20529 5.30396
4.42891 4.52153 4.62978 4.79267 5.23139 5.28317 4.62419 4.32553 3.78438 3.51854 3.47153 3.46995 3.49335 3.53703 3.58250 3.58529 3.58529 3.58529 3.60671 3.68134 3.75937 3.84934 4.19459 3.90835 4.10211 4.01908 4.25631 4.37887 4.36475 4.34322 4.35722 4.35839 4.36286 4.38744 4.41246 4.44174 4.47624 4.50732 4.52826 4.67593 4.78392 4.78415 4.35419 4.16974 4.17260 4.29040 4.15026 4.13207 4.32438 4.53622 4.55703 4.54920 4.70390 4.90124 4.88818 4.87508 4.84162 4.75451 4.73240 4.72452 4.79854 4.84319 5.03440 5.20978 5.20978 5.29200
4.78272 4.78272 4.78348 4.82902 5.12291 5.26689 4.83917 4.25744 4.00324 3.50627 3.55924 3.56720 3.57799 3.60156 3.66567 3.72897 3.79324 3.85846 3.89990 3.88339 3.85677 3.84590 4.05585 4.03144 4.20214 4.27628 4.34108 4.30989 4.32495 4.34017 4.38304 4.48519 4.49117 4.49344 4.50745 4.52734 4.56501 4.57176 4.56637 4.61613 4.75559 4.75257 4.52296 4.13327 4.14297 4.28816 4.19610 4.08858 4.16221 4.41748 4.46574 4.46049 4.47973 4.80933 4.81925 4.81149 4.80025 4.73292 4.70159 4.70159 4.74014 4.86667 5.10945 5.62307 5.85887 6.06457
4.78272 4.77288 4.71706 4.72065 4.90421 5.18941 5.21625 4.36643 4.29718 3.65600 3.67557 3.73714 3.80397 3.86332 3.85992 3.85992 3.85992 3.87923 3.95825 4.04563 4.13041 4.20502 4.34820 4.58954 4.40221 4.47347 4.48084 4.38455 4.37302 4.37310 4.38370 4.50671 4.54368 4.55669 4.55298 4.54464 4.54439 4.55848 4.58751 4.62113 4.75949 4.77074 4.71343 4.03957 4.05606 4.19837 4.21136 4.05405 4.07383 4.31025 4.42194 4.42372 4.41990 4.64116 4.79811 4.79815 4.83940 4.88409 4.95586 5.15767 5.37614 5.70423 5.77534 6.21022 6.44493 6.59039
4.69053 4.63388 4.61045 4.57674 4.65419 5.03282 5.16307 4.46255 4.54641 4.13777 3.84183 3.84183 3.85602 3.94745 4.04177 4.15692 4.28013 4.38477 4.41583 4.44191 4.45072 4.36852 4.36540 4.62035 4.51304 4.48593 4.47994 4.44737 4.43197 4.47822 4.51707 4.61449 4.69207 4.72640 4.76628 4.80651 4.85375 4.88297 4.89372 4.90432 4.94925 4.98167 4.99991 4.34939 4.16043 4.28019 4.33203 4.19168 4.13492 4.22554 4.38542 4.49683 4.58100 4.73187 5.14195 5.23143 5.27747 5.34798 5.75035 5.84741 6.02252 6.24206 6.41228 6.62855 6.84017 6.84682
4.48359 4.58920 4.71370 4.83148 4.85156 5.13753 5.31171 4.86181 4.55643 4.54966 4.00861 4.04870 4.07374 4.23521 4.45648 4.45808 4.45808 4.45808 4.45808 4.46026 4.50436 4.47869 4.50383 4.68657 4.90828 5.03354 5.08046 4.98244 4.83041 4.83163 4.83125 4.85621 4.95868 4.95796 4.95722 4.95649 4.96280 4.97855 4.98666 4.99477 5.01969 5.06695 5.06786 4.67071 4.14909 4.24115 4.44617 4.39728 4.54833 4.66108 4.92327 5.03473 5.04024 5.03713 5.31484 5.46272 5.61161 5.76156 6.21043 6.41839 6.42056 6.44956 6.51000 6.56298 6.87803 6.89310
4.85156 4.85156 4.85156 4.83265 4.77878 4.87435 5.08734 5.03541 4.59159 4.79816 4.07767 3.99783 4.05546 4.18804 4.65039 4.70376 4.73625 4.76751 4.79882 4.82981 4.85695 4.82197 4.88196 5.20942 5.56655 5.58146 5.35418 5.14840 4.86506 4.83776 4.84999 4.86364 4.99384 5.03629 5.05830 5.08044 5.10427 5.12544 5.13528 5.14490 5.15042 5.16768 5.12720 4.92546 4.16904 4.12327 4.53327 4.50777 4.97403 5.03104 5.16230 5.29075 5.38663 5.44870 5.61309 5.95689 6.31108 6.33181 6.49380 6.95916 7.01341 7.07203 7.21705 7.27475 7.46649 7.50738
4.63626 4.55861 4.48179 4.44903 4.48171 4.53878 4.92593 5.03956 4.92107 5.18431 4.91722 4.68715 4.67873 4.66769 5.06717 5.17452 5.22907 5.33005 5.52568 5.73534 5.90447 5.91194 5.71117 5.84094 6.17640 6.31473 5.95780 5.83016 5.41365 5.27574 5.28547 5.29394 5.36424 5.43681 5.43678 5.42855 5.37774 5.32097 5.26426 5.20757 5.15740 5.19990 5.24249 5.25849 4.50002 4.38764 4.78095 4.78662 5.12868 5.39692 5.47208 5.57898 5.71800 5.75862 5.80226 6.16054 6.51808 6.66714 6.67149 7.10179 7.24113 7.24113 7.32865 7.40135 7.54331 7.68047
4.27935 4.31833 4.31677 4.28999 4.23479 4.17948 4.27798 4.35803 4.84490 5.19469 5.27695 4.91762 4.94011 5.00951 5.41264 5.92329 6.08320 6.19627 6.21105 6.21105 6.21105 6.18646 5.84036 5.85182 6.15267 6.37977 6.33097 5.93270 5.65051 5.30686 5.28475 5.23266 5.19506 5.26056 5.20427 5.16471 5.17917 5.19963 5.22007 5.24051 5.25804 5.27964 5.31899 5.33508 4.87908 4.54695 4.85642 5.05055 5.18533 5.63917 5.68605 5.79524 5.89338 5.92031 5.92060 6.08722 6.38721 6.67825 6.68051 6.94296 7.50008 7.56308 7.64423 7.73158 7.77406 7.87469
4.15053 4.10741 4.10482 4.10482 4.10482 4.10482 4.16264 4.28626 4.70698 5.14898 5.53134 5.39892 5.49920 5.62485 5.70491 6.20195 6.21105 6.21091 6.20989 6.20873 6.20757 6.20640 5.90111 5.82981 6.04469 6.28637 6.56204 5.99652 5.83430 5.22876 4.97456 4.93961 4.90931 5.15178 5.25987 5.27136 5.27081 5.26376 5.25919 5.27376 5.30806 5.35992 5.46115 5.48908 5.26012 4.63987 4.74821 5.19308 5.20023 5.62914 5.72241 5.78496 5.85499 5.93618 5.93837 5.96766 6.32334 6.65737 6.76002 6.83801 7.58439 7.68762 7.69380 7.78379 7.78218 7.71451
4.10461 4.10482 4.10482 4.10482 4.10899 4.14884 4.24390 4.53404 4.95971 5.61290 5.93419 5.84002 5.65407 5.65291 5.65175 6.04531 6.20428 6.20327 6.20313 6.20313 6.20313 6.20313 5.98949 5.82323 5.89766 6.09060 6.44416 6.13322 5.76040 5.29396 4.83343 4.83343 4.83343 5.01441 5.26184 5.27518 5.30516 5.35314 5.39864 5.42484 5.42834 5.40122 5.41524 5.41358 5.34829 4.68588 4.65386 5.18642 5.21506 5.44694 5.74338 5.79818 5.88023 6.01108 6.04762 6.06570 6.28478 6.56151 6.80453 6.80299 7.24739 7.59515 7.39862 7.27591 7.12402 7.10323
4.10534 4.13874 4.20807 4.34873 4.51981 4.69195 4.81836 4.99522 5.21829 6.05205 6.04962 5.94104 5.65078 5.64827 5.64827 5.84325 6.20313 6.20120 6.16399 6.11348 6.06293 6.01242 5.85666 5.58467 5.59777 5.88351 6.22607 6.35179 5.77085 5.58711 4.90079 4.83879 4.85173 4.88965 5.28368 5.27250 5.23761 5.19142 5.14517 5.09902 5.05874 5.03964 5.08912 5.18461 5.18463 4.84060 4.66738 5.12915 5.30549 5.37593 5.85097 5.86423 5.94213 6.00550 6.06097 6.04866 6.09628 6.40284 6.72198 6.77845 6.92642 7.00537 7.01733 7.02789 7.04954 7.03153
4.65229 4.83887 4.92775 4.88124 4.80457 4.69768 4.62807 5.12934 5.28608 5.97963 6.12211 5.97439 5.73190 5.62329 5.60557 5.60948 5.95615 5.92545 5.91215 5.91215 5.91215 5.91215 5.89505 5.58846 5.59958 5.83697 6.02549 6.32765 5.81110 5.51814 4.92561 4.62250 4.60425 4.60167 4.91399 5.03969 5.04023 5.04087 5.04151 5.04221 5.04511 5.04910 5.06035 5.19740 5.20599 5.01890 4.69186 5.04697 5.32903 5.33335 5.68410 5.82105 5.86939 5.90252 6.01277 6.03207 6.05480 6.38105 6.71156 6.90513 6.94702 7.06871 7.02681 7.03546 7.09026 7.09085
4.70934 4.61160 4.56798 4.56798 4.56798 4.56798 4.56655 4.88619 5.22145 5.73844 6.09484 5.92614 5.76836 5.54942 5.54942 5.55911 5.81041 5.96672 5.98790 5.96977 5.93298 5.89623 5.85986 5.62566 5.61114 5.90777 6.38799 6.43515 6.09923 5.52852 5.25022 4.61826 4.61178 4.61242 4.77033 5.05419 5.05763 5.05134 5.05358 5.06760 5.06868 5.06868 5.05721 5.13645 5.16567 5.10435 4.69229 4.95433 5.41490 5.41043 5.54078 5.82532 5.88211 6.04524 6.18506 6.45913 6.73349 7.04379 7.35443 6.88574 6.84495 7.04318 7.04014 7.04498 7.09727 7.11751
4.55413 4.54775 4.54796 4.53762 4.52581 4.51525 4.52095 4.68478 5.26312 5.61265 5.97449 5.82551 5.62567 5.36745 5.30627 5.23658 5.24798 5.41527 5.33509 5.33025 5.40607 5.51726 5.63645 5.55399 5.44787 5.46346 5.91283 5.97775 5.69128 5.28167 5.03588 4.39106 4.25826 4.24928 4.25880 4.59973 4.58391 4.55940 4.70398 4.97595 4.96400 4.95201 4.95158 5.01488 5.10891 5.10787 4.74233 4.83233 5.42101 5.43030 5.40318 5.77081 5.97225 6.43162 6.73783 7.16287 7.16867 7.17671 7.38935 7.14517 6.87462 7.01214 7.07673 7.06568 7.09271 7.12641
4.97978 5.03331 5.10053 5.16898 5.22660 5.22279 5.14063 5.02463 5.57769 5.66205 4.83703 4.75048 4.57735 4.57735 4.57735 4.59723 4.68761 5.08379 5.25147 5.35301 5.39540 5.40444 5.40444 5.34330 5.18885 5.13513 5.40487 5.47689 5.55519 5.40824 4.93060 4.53076 4.11999 4.10077 4.08811 4.34835 4.49637 4.50518 4.57983 4.96295 4.96183 4.96071 4.95959 4.97061 5.11271 5.12130 4.84932 4.72179 5.35149 5.67949 5.90538 6.28660 6.46852 6.65267 6.77306 7.10473 7.19418 7.19418 7.31052 7.41267 6.93891 6.98623 7.07553 7.04994 7.07379 7.15137
5.12557 4.99443 4.85812 4.72913 4.58350 4.51373 4.51123 4.51123 4.83575 5.53788 4.85945 4.76754 4.69255 4.77553 4.91178 5.02808 5.07752 5.26438 5.40444 5.40277 5.34354 5.26656 5.20048 5.13133 4.93144 4.92416 5.10459 5.38692 5.54255 5.54062 4.97539 4.74791 4.13878 4.16678 4.22386 4.35649 4.51196 4.51094 4.51212 4.92335 4.96558 4.97324 4.94532 4.89894 5.00723 5.20509 5.31333 5.25734 5.63438 5.90431 6.10786 6.19899 6.51398 6.60812 6.84303 7.01232 7.29851 7.31647 7.34586 7.58432 7.28599 7.09232 7.17558 7.18534 7.18491 7.23399
4.52051 4.49345 4.49345 4.50381 4.51123 4.51123 4.51123 4.51376 4.64529 5.62986 5.35265 5.19108 5.15770 5.09345 5.09814 5.06543 5.00291 4.99849 5.16919 5.11013 5.09959 5.10589 5.10589 5.10589 4.98521 4.95023 4.98384 5.42924 5.58688 5.77807 5.48134 5.11702 4.66507 4.43549 4.43549 4.43689 4.50629 4.50544 4.46561 4.71548 4.81197 4.92622 5.12060 5.32253 5.52802 5.59780 5.56903 5.34399 5.58352 6.00130 6.17117 6.24631 6.54699 6.62383 6.91084 6.97776 7.37568 7.44101 7.46522 7.61372 7.62346 7.15561 7.19205 7.20323 7.18303 7.22280
4.61999 4.49345 4.49345 4.49609 4.55891 4.65662 4.78783 4.92049 4.98457 5.65156 5.69769 5.11937 5.02282 4.91853 4.86027 4.83384 4.83384 4.83387 5.05929 5.10589 5.10589 5.14030 5.21593 5.29170 5.26945 5.25007 5.31621 5.65841 5.80068 5.98050 5.83863 5.29629 4.96886 4.39409 4.35949 4.32114 4.32005 4.37251 4.55639 4.92285 5.29744 5.32412 5.29862 5.26950 5.23719 5.32232 5.32359 5.33875 5.50393 6.01372 6.16390 6.33953 6.52923 6.75510 6.92156 7.04949 7.26291 7.46841 7.46595 7.50586 7.71452 7.35178 7.22912 7.30097 7.37902 7.44233
4.72576 4.60242 4.67241 4.72977 4.88260 4.99608 5.03690 5.07495 5.11932 5.21825 5.41979 4.85741 4.85736 4.83765 4.83384 4.84342 4.89080 4.94212 5.15685 5.42545 5.50116 5.54247 5.54256 5.54256 5.48750 5.33837 5.33837 5.51216 5.77394 5.83998 5.73037 5.26614 4.81383 4.16776 4.24897 4.43888 4.63716 4.80962 4.81277 4.90924 5.21090 5.21143 5.21573 5.22220 5.23045 5.32347 5.35970 5.37619 5.49428 5.97689 6.24108 6.45066 6.51502 6.86194 6.96965 7.23986 7.32310 7.72874 7.76954 7.80256 8.02470 7.98085 7.54268 7.56156 7.54387 7.55878
4.67722 4.64601 4.78102 4.82655 4.94341 5.18605 5.18739 5.18739 5.18739 5.18991 5.48869 4.99422 4.99502 5.03441 5.07410 5.11574 5.11962 5.11962 5.16934 5.53686 5.53497 5.53042 5.52212 5.50300 5.47685 5.29124 5.27225 5.29646 5.84890 5.65714 5.44066 5.36965 5.18736 5.02859 4.80399 4.80860 4.81345 4.87278 4.88698 4.91190 5.30136 5.31554 5.31952 5.32132 5.32132 5.37208 5.45538 5.49290 5.63192 6.10480 6.59579 6.81995 6.95504 7.09746 7.19196 7.45973 7.51878 7.82453 7.93880 7.85122 7.80861 7.82431 7.48285 7.45866 7.48719 7.56995
5.01447 4.70992 4.90384 4.90578 4.92294 5.20756 5.31976 5.37835 5.43691 5.49453 5.65349 5.34067 5.13366 5.12895 5.12413 5.23577 5.26445 5.13808 5.13808 5.46802 5.58103 5.58748 5.59521 5.60560 5.56507 5.44060 5.36801 5.32447 5.88225 6.22779 6.53251 6.32337 6.01560 5.62438 5.10933 5.11221 5.12829 5.17948 5.22946 5.26213 5.35852 5.38777 5.42580 5.47737 5.52896 5.59006 5.72272 5.74041 5.82719 6.26372 6.81698 7.01527 7.22568 7.35869 7.50842 7.51668 7.50231 7.44968 7.58992 7.60906 7.63191 7.82803 7.74755 7.55509 7.61740 7.65030
4.65269 4.52493 4.73650 4.82432 4.83050 4.89452 5.02332 4.99082 4.96191 4.98893 5.07039 5.51805 6.02157 6.17095 6.27316 6.30912 6.21743 5.68516 5.68185 5.86400 6.10202 6.00677 5.91438 5.83169 5.80543 5.74195 5.68337 5.68338 6.01193 6.48705 6.83256 6.74373 6.54849 6.06055 5.49077 5.34286 5.36464 5.41620 5.52092 5.55282 5.58278 5.61377 5.66453 5.71915 5.77398 5.82854 5.96993 6.03958 6.08271 6.32348 6.93072 7.06696 7.19290 7.12602 7.22512 7.27029 7.41231 7.43071 7.65072 7.70571 7.70571 7.80256 7.95525 7.69584 7.51446 7.47210
3.97565 4.20586 4.48030 4.70219 4.77818 4.86363 5.19943 5.46397 5.71956 5.89839 6.03727 5.93042 6.32055 6.33096 6.31863 6.29962 6.26661 5.72107 5.44937 5.39628 5.79243 5.80543 5.80543 5.80843 5.81097 5.75765 5.64535 5.62205 5.66798 6.35225 6.43299 6.69808 6.72616 6.44302 5.86059 5.51666 5.53883 5.53764 5.71443 5.82681 5.88133 5.93508 5.95245 5.94706 5.93847 5.94865 6.01856 6.08566 6.04489 6.11169 6.58783 6.85429 7.01998 7.10471 7.22287 7.34749 7.51580 7.58852 7.73680 7.96819 8.01896 8.08624 8.33763 8.20018 7.53500 7.39782
4.27327 4.43492 4.94334 5.29708 5.50930 5.66924 5.92473 6.07375 6.07375 6.07375 6.07370 5.93745 6.25226 6.22563 6.13872 6.04327 5.99290 5.78259 5.29649 5.26978 5.57326 5.69988 5.67325 5.64365 5.61445 5.60769 5.51616 5.51252 5.51252 6.10910 6.21759 6.64649 6.65216 6.64123 6.03438 5.52994 5.48431 5.48431 5.70079 5.95058 5.95079 5.97862 6.00837 6.02215 5.99405 5.91898 5.85128 5.90989 5.94646 6.06445 6.60673 6.99735 7.20384 7.40673 7.47987 7.63385 7.70547 7.79805 7.82465 8.10983 8.15347 8.17201 8.33648 8.42093 7.81228 7.43166
4.84883 5.02841 5.53162 5.70148 5.82734 5.82734 5.84653 6.06095 6.05490 5.98570 5.90233 5.77025 5.74524 5.85548 5.79758 5.84076 5.84468 5.80985 5.19967 5.12682 5.28425 5.61017 5.61017 5.61017 5.60624 5.58608 5.49506 5.45315 5.43396 5.75037 6.18571 6.25642 6.60330 6.64050 6.30150 5.68843 5.52502 5.55064 5.63627 6.05920 6.07104 6.01058 5.94471 5.90007 5.90060 5.92925 5.95797 6.31392 6.41812 6.36170 6.58754 7.05446 7.25572 7.45904 7.49876 7.67136 7.73912 7.87151 7.87206 8.02888 8.18354 8.23039 8.33723 8.62529 8.44638 7.84230
5.17780 5.17780 5.37970 5.63577 5.78784 5.70087 5.57217 5.56503 5.52296 5.53125 5.56594 5.63974 5.54370 5.61752 5.62424 5.72336 5.82052 5.82052 5.48593 5.16302 5.22387 5.53941 5.52571 5.50379 5.48585 5.48410 5.44262 5.40220 5.40220 5.48227 6.19039 6.02483 6.64295 6.73681 6.74529 6.12041 5.77009 5.71148 5.64391 5.95179 6.02055 6.01692 6.01692 6.01692 6.01692 6.01692 6.01871 6.22309 6.44222 6.42607 6.43362 7.10608 7.31321 7.50843 7.61177 7.71449 7.88442 8.08039 8.19604 8.31735 8.71312 8.79261 8.85946 9.17045 9.19652 8.45745
5.01573 4.95048 4.89171 5.18761 5.20753 5.33018 5.42813 5.56329 5.81965 5.83307 5.83307 5.83307 5.73836 5.61590 5.67934 5.75336 5.95650 5.99693 5.96537 5.39328 5.38468 5.44526 5.48328 5.47517 5.46535 5.45649 5.46238 5.43826 5.47609 5.50441 5.96940 6.09067 6.53263 6.97958 6.95756 6.40118 5.71606 5.55985 5.56109 5.75125 6.03175 6.03521 6.04371 6.05241 6.06112 6.06983 6.07672 6.14395 6.48595 6.48224 6.37374 7.18123 7.46505 7.69778 7.88729 7.95178 8.35986 8.44196 8.50142 8.48598 8.71956 8.79886 8.69735 8.75924 9.04752 8.93501
