results/OMI_NO2_2008_06-08.asc
ncols      200
nrows      200
xllcorner       120.258
yllcorner       41.1236
cellsize     0.0166667
NODATA_Value      -999.000
[rows 29 to 57 of 165, columns 67 to 133 of 200]
1.87715 1.95569 1.99127 2.03018 1.99792 2.01712 2.03457 2.01805 2.07356 2.04712 2.06601 2.13656 2.10141 2.05803 2.02438 2.01448 2.00533 2.00574 1.99467 2.00456 1.92577 2.01917 2.03555 2.03826 2.05512 2.14048 2.13925 2.17486 2.17281 2.17004 2.19598 2.19364 2.19926 2.23725 2.27460 2.30843 2.33173 2.38991 2.38902 2.37920 2.32547 2.34356 2.27484 2.28724 2.28531 2.34290 2.38954 2.48089 2.62727 2.69974 2.70969 2.87674 3.03764 3.03764 3.07877 3.06608 3.02365 3.05874 3.05245 3.04572 3.01210 2.89130 2.88695 2.92165 2.81906 2.79711 2.75512
1.95786 2.03966 2.11126 2.14123 2.12193 2.08653 2.06761 2.03394 2.06228 2.03560 2.01021 2.09832 2.06569 2.03061 2.00017 1.99212 2.00385 1.99644 1.98507 1.97278 1.90732 1.93881 1.97832 1.97474 1.98928 2.05198 2.11453 2.12818 2.09915 2.13152 2.20323 2.21515 2.24859 2.25723 2.25173 2.25125 2.24752 2.30428 2.31834 2.31417 2.32285 2.28529 2.21714 2.23880 2.27459 2.45492 2.54299 2.55825 2.58566 2.67808 2.66413 2.74150 2.96075 2.96852 3.00919 2.98607 2.97256 2.99124 2.98892 3.01333 3.06187 2.94173 2.99497 3.08373 2.95775 2.77952 2.70020
2.03071 2.05955 2.12206 2.13343 2.11721 2.05478 2.00846 1.97351 1.96468 1.98373 1.95375 2.06367 2.07003 2.05539 2.03895 2.00571 2.01110 2.01773 1.97027 1.91974 1.91418 1.90102 2.00558 1.98009 1.99824 2.03109 2.12677 2.19509 2.18458 2.21368 2.24932 2.23917 2.24354 2.24349 2.24084 2.27255 2.27549 2.30884 2.41707 2.35316 2.43394 2.39882 2.31011 2.32022 2.33367 2.40630 2.57006 2.57456 2.61538 2.72336 2.69321 2.70140 2.91745 2.94131 2.97336 3.02926 3.06840 3.18392 3.18401 3.24017 3.27571 3.08203 3.02485 3.02283 2.94568 2.70675 2.68313
1.95666 1.97408 2.04257 2.07016 2.06021 2.00660 1.98697 1.94045 1.88899 1.93510 1.92463 1.98180 2.02530 2.01775 2.01844 2.02129 2.06046 2.10681 2.09896 2.03917 2.03343 1.94464 2.09204 2.09325 2.11059 2.14605 2.18332 2.25225 2.20979 2.21137 2.25101 2.25952 2.28340 2.30221 2.32145 2.37493 2.36628 2.37167 2.50010 2.39977 2.44837 2.44642 2.36711 2.38008 2.41455 2.48935 2.74165 2.67169 2.68168 2.75144 2.76077 2.76317 2.98006 3.16231 3.23269 3.29949 3.30097 3.31041 3.23184 3.22636 3.20567 3.13430 3.06579 3.11818 3.18544 3.17998 3.07298
1.95281 1.96518 2.01332 2.06317 2.05040 2.02053 2.05566 2.00150 1.96725 2.00508 2.03467 2.06871 2.11610 2.12323 2.12080 2.14206 2.19081 2.21156 2.20761 2.15988 2.13859 2.09353 2.19936 2.19207 2.15323 2.18558 2.19958 2.31779 2.29486 2.31030 2.37535 2.39429 2.42357 2.42711 2.45227 2.50077 2.50049 2.51850 2.63045 2.54913 2.55947 2.65495 2.59656 2.57133 2.53790 2.56079 2.72816 2.78024 2.79391 2.96335 2.98727 3.00604 3.14183 3.29003 3.31709 3.33740 3.30581 3.37564 3.30247 3.25375 3.27567 3.28410 3.18957 3.21250 3.20857 3.25448 3.03257
1.99923 2.02395 2.06098 2.11138 2.11387 2.10001 2.15566 2.15426 2.08922 2.06767 2.09558 2.09553 2.10968 2.12351 2.18891 2.26178 2.31763 2.33720 2.26611 2.18318 2.19807 2.18141 2.24058 2.28956 2.26510 2.29923 2.29488 2.38770 2.39165 2.43451 2.48629 2.52828 2.54773 2.57496 2.60349 2.65439 2.65274 2.71105 2.85406 2.81418 2.73288 2.75001 2.67099 2.65213 2.60187 2.66793 2.85085 3.21990 3.22645 3.36264 3.36325 3.37678 3.42350 3.48486 3.43595 3.39774 3.38716 3.48812 3.45563 3.41362 3.38135 3.35872 3.25629 3.21256 3.19077 3.21700 3.09714
2.01129 2.03040 2.05117 2.10197 2.10858 2.09381 2.11563 2.18230 2.09994 2.02533 1.97727 1.95317 2.06181 2.09664 2.12645 2.19540 2.17530 2.21738 2.19919 2.15627 2.14795 2.19892 2.26389 2.36535 2.37293 2.40664 2.44863 2.52136 2.57062 2.62040 2.64205 2.67408 2.70240 2.74367 2.76684 2.83054 2.79716 2.80806 2.88079 2.84533 2.77199 2.79572 2.84159 3.01022 2.96511 2.96837 3.06052 3.34324 3.37872 3.48188 3.39838 3.39181 3.46186 3.59112 3.57188 3.56234 3.50032 3.57289 3.47031 3.40164 3.36938 3.36621 3.29673 3.16603 3.13293 3.13219 3.14917
2.02710 2.04541 2.07472 2.13086 2.14587 2.12722 2.10710 2.13409 2.06940 1.95969 1.87976 1.81771 1.90534 2.00499 2.07028 2.12335 2.17107 2.23780 2.26293 2.28396 2.24584 2.34258 2.34075 2.48304 2.48935 2.47832 2.49931 2.55480 2.80429 2.82081 2.83854 2.82528 2.85551 2.89592 2.91599 2.98011 3.01341 3.13706 3.31182 3.38941 3.37736 3.13914 3.09137 3.16897 3.12293 3.04137 3.04836 3.30056 3.43810 3.55314 3.58126 3.60846 3.67702 3.71286 3.64222 3.53334 3.47084 3.46169 3.33834 3.26984 3.22701 3.22171 3.22698 3.12696 3.11047 3.17773 3.21812
2.05517 2.04602 2.03062 2.03896 2.02614 1.96049 1.90912 1.89415 1.91075 1.85489 1.84396 1.82331 1.90090 2.07323 2.17009 2.23172 2.36202 2.41360 2.44835 2.46573 2.35870 2.38659 2.37471 2.53070 2.55266 2.54334 2.57851 2.64667 2.89457 3.00817 3.00351 2.98500 3.00912 3.12064 3.22028 3.35618 3.38739 3.42953 3.46352 3.38624 3.41102 3.06023 2.96163 2.97737 3.01901 2.95971 2.96472 3.18431 3.46339 3.62430 3.60149 3.67186 3.73660 3.76463 3.72679 3.54924 3.46371 3.43079 3.33125 3.31230 3.35606 3.38128 3.38929 3.30097 3.26411 3.38405 3.42925
1.92588 1.86969 1.83621 1.80116 1.88377 1.91884 1.94521 1.97504 2.07956 2.06751 2.03656 2.00021 2.03062 2.14520 2.25275 2.31306 2.40926 2.45868 2.48840 2.51737 2.47012 2.44309 2.45438 2.59941 2.67350 2.68707 2.66468 2.80977 2.90679 3.12147 3.17381 3.24473 3.31096 3.35445 3.38431 3.40577 3.39257 3.42389 3.45919 3.39808 3.44120 3.29492 3.02353 3.04005 3.06924 3.06064 3.01932 3.08077 3.32865 3.48721 3.44174 3.54382 3.50888 3.51763 3.51968 3.38623 3.40344 3.43675 3.40845 3.32728 3.39697 3.47902 3.53568 3.54467 3.41584 3.45440 3.45581
1.77325 1.76825 1.78492 1.79419 1.94806 2.03763 2.05955 2.07154 2.15308 2.20303 2.13336 2.10900 2.07651 2.13109 2.26245 2.30321 2.35107 2.43075 2.42559 2.48558 2.48178 2.43855 2.47181 2.57498 2.68414 2.75259 2.79054 3.05049 3.15646 3.33966 3.31763 3.31561 3.24427 3.19599 3.21994 3.28499 3.29934 3.34362 3.35517 3.32493 3.36611 3.41938 3.08927 3.09056 3.09703 3.16936 3.09792 3.13715 3.30091 3.54124 3.68652 3.81392 3.81675 3.81062 3.81688 3.73742 3.73718 3.75900 3.76533 3.61954 3.60936 3.65637 3.64456 3.63487 3.52115 3.58220 3.59579
1.80319 1.84023 1.88427 1.96404 2.07163 2.22583 2.21826 2.19364 2.19109 2.23810 2.15478 2.08781 1.99100 2.01473 2.11709 2.20372 2.27141 2.34370 2.35411 2.49632 2.51217 2.50103 2.57793 2.78875 3.05915 3.07223 3.02561 3.09083 3.14881 3.25764 3.33772 3.34845 3.31700 3.30440 3.37658 3.47873 3.52513 3.53998 3.54943 3.49502 3.50633 3.56478 3.43536 3.41212 3.45628 3.49945 3.49607 3.51964 3.56931 3.72645 3.94746 4.04577 4.06993 4.09890 4.09106 4.05934 3.97745 3.89682 3.86587 3.75120 3.71105 3.79626 3.85475 3.83360 3.71774 3.59011 3.52842
1.73062 1.83030 1.83588 1.90620 1.92213 2.05409 2.07788 2.07442 2.07164 2.13810 2.12827 2.04494 1.95963 1.94076 1.99263 2.21415 2.33304 2.44104 2.46716 2.59256 2.82782 2.89405 2.85561 2.94045 3.16934 3.19290 3.11795 3.15822 3.29735 3.32657 3.65183 3.69414 3.67911 3.61243 3.64890 3.67983 3.65411 3.60268 3.59838 3.52388 3.51941 3.65990 3.83642 3.63742 3.66221 3.60709 3.66224 3.61852 3.63321 3.87424 4.08993 4.29145 4.24500 4.20695 4.13196 4.12520 4.07582 3.99876 4.04099 3.97124 3.79271 3.74809 3.71927 3.65050 3.63288 3.53842 3.55592
1.71932 1.83773 1.86472 1.91389 1.97086 2.06171 2.10980 2.10116 2.08148 2.11788 2.14336 2.11037 2.09450 2.16811 2.23913 2.54696 2.79867 2.81585 2.71386 2.68313 2.91124 3.02167 2.91313 2.97829 3.17809 3.22840 3.13297 3.12797 3.20262 3.20557 3.54218 3.59459 3.55754 3.51095 3.57370 3.60340 3.57652 3.54534 3.55995 3.50085 3.50635 3.62164 3.91344 3.91192 4.03019 4.06408 4.17680 3.71212 3.73607 3.72859 3.96433 4.32917 4.34574 4.37178 4.31840 4.25496 4.14549 3.90512 3.81205 3.76162 3.64479 3.65499 3.69749 3.68507 3.66913 3.54885 3.52650
1.76411 1.81927 1.89068 1.90514 1.96462 2.00485 2.10433 2.12895 2.16293 2.22859 2.34269 2.31826 2.23152 2.30422 2.33314 2.46326 2.90205 2.89011 2.88557 2.81600 2.91822 3.07920 2.88529 2.85048 2.96027 3.04942 2.99132 3.00805 3.03935 3.09593 3.29959 3.48113 3.47797 3.47168 3.63164 3.70871 3.69235 3.70370 3.78178 3.81986 3.86521 3.97626 4.24180 4.41163 4.55484 4.49512 4.60413 4.14423 4.11258 4.13474 4.13805 4.22277 4.28087 4.17959 4.00869 3.94561 3.92981 3.83698 3.78719 3.78719 3.68911 3.64975 3.65352 3.63565 3.58028 3.51024 3.44545
1.77629 1.76831 1.90141 1.92726 2.03517 2.12161 2.31773 2.36897 2.39713 2.42968 2.51470 2.53301 2.35951 2.37597 2.37537 2.36130 2.74431 2.80095 2.79059 2.68192 2.73418 2.90461 2.82230 2.71735 2.80573 2.93017 2.88771 2.92009 2.91611 3.03713 3.11147 3.40796 3.49767 3.59319 3.80012 4.00945 4.06204 4.05572 3.97331 3.89604 3.80777 3.89264 4.15879 4.47364 4.79774 4.89724 4.88932 4.59327 4.18656 4.17737 4.08121 3.94223 3.98669 3.98240 3.93489 3.93065 3.90970 3.88264 3.75448 3.73727 3.67424 3.57878 3.58010 3.55743 3.51094 3.50517 3.39893
1.87047 1.86367 2.01636 2.09906 2.17701 2.26718 2.37905 2.43003 2.40873 2.39244 2.40424 2.39450 2.21476 2.18936 2.23655 2.24005 2.41765 2.64216 2.68369 2.65167 2.64697 2.69885 2.75304 2.62646 2.62015 2.77817 2.79171 2.85193 2.86216 3.17610 3.50530 3.74709 3.88859 3.85966 3.75609 3.91268 3.87756 3.83320 3.82527 3.84946 3.90434 4.06553 4.20246 4.47086 4.75117 4.78805 4.70671 4.57460 4.11432 4.15630 4.11105 4.02235 4.01289 4.04844 3.97453 3.93104 3.89113 3.88807 3.74938 3.72638 3.70239 3.59170 3.57828 3.52134 3.41709 3.37097 3.24366
2.02015 2.02840 2.09566 2.20551 2.23457 2.31694 2.34317 2.26485 2.26973 2.26614 2.29758 2.31742 2.20967 2.09831 2.12437 2.11287 2.17082 2.44608 2.57834 2.68169 2.65312 2.67246 2.75772 2.70877 2.63576 2.76324 2.84200 2.92027 2.85737 3.05713 3.72488 3.85484 4.05224 4.14173 4.10406 4.38484 4.51304 4.63198 4.60721 4.61147 4.43361 4.50922 4.45903 4.66209 4.96004 5.00100 4.89244 4.80526 4.24367 4.10580 4.06076 3.94710 3.93894 3.94361 3.86580 3.83717 3.82245 3.80905 3.72940 3.60067 3.55808 3.51928 3.48535 3.48272 3.45592 3.45828 3.41326
2.05988 2.05929 2.06722 2.19957 2.23506 2.20522 2.26575 2.15201 2.14617 2.13497 2.16163 2.15768 2.17234 2.05336 2.06185 2.10942 2.16313 2.39405 2.66471 2.71838 2.73743 2.70207 2.78459 2.92642 2.74750 2.80953 2.83904 2.86401 2.82182 2.81437 3.50799 3.78349 4.16907 4.49634 4.50697 4.62073 4.68282 4.62527 4.50786 4.47435 4.29604 4.45005 4.34322 4.52706 4.78649 4.81080 4.72639 4.63044 4.30304 3.88935 3.87750 3.82531 3.96109 4.01155 3.92128 3.82454 3.79996 3.73024 3.67128 3.57298 3.58825 3.60766 3.65815 3.72474 3.75815 3.79479 3.72417
2.17218 2.20165 2.17207 2.20297 2.25284 2.17584 2.17988 2.13869 2.10362 2.10301 2.23126 2.21671 2.33569 2.20157 2.19953 2.23073 2.23906 2.34507 2.61271 2.66805 2.73622 2.69192 2.67709 2.82306 2.68005 2.66985 2.81732 2.92698 2.97644 3.00791 3.57243 4.05930 4.32106 4.47444 4.52526 4.55164 4.61527 4.62516 4.56052 4.57931 4.43289 4.56017 4.40990 4.61156 4.77550 4.77759 4.78988 4.75094 4.71216 3.82925 3.85322 3.71263 3.84848 3.89027 3.75551 3.68528 3.71861 3.68628 3.72228 3.70500 3.71461 3.75403 3.79466 3.69798 3.64453 3.66046 3.62334
2.15397 2.15014 2.13743 2.11501 2.19290 2.15106 2.10756 2.14914 2.06958 2.06263 2.17539 2.17271 2.30477 2.22488 2.16699 2.18338 2.17693 2.23857 2.37861 2.48186 2.53258 2.54542 2.55595 2.67558 2.76005 2.70439 2.89665 3.01553 3.13646 3.11109 3.23089 3.80143 3.92424 4.05244 4.27523 4.29962 4.34297 4.35629 4.26829 4.24836 4.09681 4.27061 4.14846 4.46796 4.69760 4.73584 4.73092 4.53249 4.48263 3.81917 3.71932 3.64408 3.79642 3.84336 3.85170 3.84614 3.90546 3.95144 3.93933 3.86275 3.76706 3.70330 3.68412 3.64638 3.66516 3.68997 3.67554
2.07286 2.06763 2.09206 2.05471 2.11207 2.13277 2.06634 2.14605 2.08243 2.06638 2.13796 2.16883 2.23876 2.27465 2.21268 2.21122 2.17802 2.23535 2.31357 2.44462 2.44938 2.48873 2.49089 2.58365 2.80323 2.78478 2.89209 3.02761 3.17965 3.16088 3.14913 3.69951 3.93559 4.00562 4.12289 4.22158 4.30983 4.45780 4.39139 4.30802 4.15461 4.21327 4.00896 4.07212 4.06465 3.95350 3.79490 3.83009 3.89036 3.71029 3.74492 3.71402 3.82955 3.91973 3.88244 3.80352 3.75104 3.73763 3.67490 3.65935 3.64888 3.63492 3.65249 3.62800 3.64595 3.66729 3.66728
2.05800 2.05990 2.08972 2.06965 2.07842 2.15658 2.08110 2.09417 2.07864 2.01763 2.03918 2.10785 2.11934 2.19689 2.15023 2.12404 2.06422 2.10966 2.23817 2.37709 2.52112 2.58020 2.57838 2.67568 2.72106 2.83447 2.87141 2.98689 3.10807 3.17109 3.13872 3.44698 3.88741 3.94870 3.95598 4.04413 3.94643 3.87762 3.81951 3.64602 3.43413 3.43269 3.29148 3.40089 3.50889 3.61613 3.56601 3.59630 3.68126 3.60588 3.68424 3.75585 3.74973 3.79835 3.74315 3.63389 3.60316 3.65864 3.64827 3.62988 3.62525 3.56956 3.56677 3.51676 3.51570 3.55441 3.60056
2.03145 2.02813 2.03469 2.06257 2.02855 2.12578 2.09472 2.04090 2.06241 1.94569 1.93237 2.00386 2.01813 2.12591 2.17291 2.18182 2.16435 2.19159 2.29746 2.31068 2.49493 2.51120 2.56423 2.66104 2.69773 2.81630 2.88168 2.91547 3.03728 3.15637 3.09569 3.11614 3.32644 3.36450 3.32364 3.36273 3.28129 3.22982 3.26401 3.15077 3.08132 3.11687 3.01508 3.13435 3.15327 3.33183 3.28412 3.30199 3.50205 3.47230 3.45311 3.68710 3.67507 3.76582 3.74280 3.65878 3.57099 3.58815 3.56476 3.50255 3.52184 3.44793 3.46851 3.44105 3.44965 3.47443 3.56929
2.02693 2.02583 2.03400 2.09076 2.03708 2.06556 2.12210 2.05971 2.01845 1.93839 1.93445 1.98738 2.05060 2.10293 2.20192 2.19325 2.19552 2.23670 2.34335 2.37171 2.49305 2.56802 2.60171 2.66849 2.70768 2.72223 2.76361 2.73984 2.79090 2.93715 3.00568 3.00634 3.09580 3.20807 3.21923 3.25279 3.28705 3.22411 3.28166 3.18284 3.12245 3.18214 3.06246 3.20265 3.13872 3.26670 3.28289 3.27705 3.46898 3.47804 3.45461 3.54388 3.60217 3.68207 3.62100 3.57034 3.49922 3.52036 3.54529 3.51401 3.53758 3.48695 3.47420 3.44092 3.44069 3.45428 3.51782
2.08395 2.10545 2.11238 2.13530 2.11576 2.04777 2.11794 2.08330 2.06537 1.95805 1.93584 1.96252 2.07185 2.07795 2.26548 2.22798 2.20462 2.20656 2.25487 2.29605 2.34115 2.49522 2.51936 2.58305 2.63756 2.64226 2.67311 2.66897 2.65622 2.71788 2.76066 2.77315 2.80642 2.95990 3.05047 3.05140 3.12374 3.01959 3.09709 2.98635 2.92797 2.96756 2.83140 2.91209 2.85019 2.97766 3.12901 3.04466 3.10774 3.14370 3.14970 3.12497 3.38373 3.46018 3.46680 3.48905 3.45038 3.43838 3.47019 3.45635 3.44059 3.42052 3.34689 3.27788 3.21028 3.12602 3.09450
2.09911 2.09643 2.09327 2.09833 2.14380 2.03227 2.04070 2.08428 2.12326 2.07472 2.07331 2.08930 2.04472 2.01780 2.15915 2.22044 2.21982 2.22212 2.28239 2.34209 2.36590 2.48292 2.55179 2.55051 2.55068 2.50624 2.45322 2.47961 2.46178 2.52449 2.64820 2.71636 2.66905 2.83767 2.95662 2.91229 2.99680 2.88432 2.94765 2.82082 2.81162 2.88533 2.76649 2.87850 2.82909 2.93396 2.93749 2.86202 2.83477 2.86728 2.92747 2.86882 3.23866 3.33479 3.33921 3.33644 3.31321 3.22634 3.25599 3.22942 3.16927 3.09610 2.96832 2.89226 2.83698 2.71500 2.71665
2.15962 2.17053 2.18358 2.18720 2.22483 2.18608 2.14537 2.16702 2.20140 2.17559 2.13577 2.14996 2.12401 2.09673 2.14739 2.25154 2.23550 2.21597 2.24310 2.26647 2.25469 2.24808 2.29775 2.24385 2.31303 2.32878 2.30554 2.35862 2.36322 2.40474 2.47166 2.56367 2.52771 2.59746 2.72282 2.70121 2.73842 2.72284 2.77778 2.70659 2.86519 2.93368 2.80588 2.90664 2.86919 2.98824 2.99013 3.01175 2.91306 2.84627 2.90848 2.85172 2.96014 3.18769 3.19976 3.13412 3.13789 2.99099 3.00256 2.96595 2.90785 2.87782 2.86051 2.82503 2.82424 2.72447 2.69875
2.19495 2.19665 2.20624 2.20008 2.20211 2.22117 2.12822 2.14441 2.17041 2.18017 2.14950 2.16708 2.16268 2.10421 2.10971 2.20767 2.20054 2.13679 2.09837 2.13390 2.14792 2.14148 2.22255 2.22674 2.30438 2.34353 2.33436 2.34608 2.39954 2.44884 2.51161 2.60786 2.58353 2.57632 2.73001 2.73825 2.74141 2.73870 2.77082 2.68367 2.88976 2.97276 2.84179 2.94333 2.87530 2.85021 2.89866 2.95370 2.77131 2.62467 2.66820 2.65418 2.68283 3.02707 3.02582 2.94659 2.91635 2.87337 2.88634 2.91735 2.90594 2.89344 2.87199 2.82649 2.81397 2.74180 2.69994
