results/OMI_NO2_200504.asc
ncols      200
nrows      200
xllcorner       120.258
yllcorner       41.1236
cellsize     0.0166667
NODATA_Value      -999.000
[rows 135 to 161 of 166, columns 122 to 182 of 200]
2.85495 2.85495 2.85495 2.96389 3.76459 3.07456 2.46701 2.42601 2.38699 2.34790 2.33644 2.34716 2.38571 2.43496 2.49541 2.54896 2.62374 2.78869 2.79416 2.79416 2.79402 3.15109 3.34276 3.54601 3.59213 3.51586 3.43958 3.45682 3.37335 3.24099 3.10268 2.96663 2.89251 2.79836 2.76454 2.74200 2.67440 2.64120 2.65592 2.67093 2.65868 2.29163 2.34578 2.28865 2.29229 2.23323 2.15995 2.09617 2.04413 2.02500 2.04691 2.09798 2.01252 1.92960 1.93318 1.93675 1.90545 1.82793 1.84938 1.85255 1.88929
2.89195 2.91926 2.94655 2.97443 3.69956 3.48281 2.53935 2.37161 2.40356 2.44226 2.49256 2.54481 2.56924 2.58296 2.58399 2.58399 2.59890 2.76044 2.79416 2.79416 2.79442 3.02117 3.26116 3.39037 3.33774 3.25998 2.77919 2.76501 2.79704 2.73257 2.67087 2.61178 2.57008 2.56547 2.57744 2.63427 2.66665 2.85117 2.86708 2.86313 2.88458 2.44982 2.41804 2.34217 2.29811 2.02773 1.96318 1.95959 1.95817 1.98762 2.07254 2.30610 2.34377 2.27646 2.33616 2.39459 2.44657 2.34409 2.40889 2.46096 2.51772
3.01495 3.01784 3.01784 3.02259 3.42561 3.75534 2.97821 2.54169 2.56494 2.58139 2.58442 2.58399 2.58399 2.58399 2.58484 2.58899 2.59878 2.72474 2.75092 2.70850 2.67233 2.72285 3.09924 3.09585 3.06278 3.07704 2.61162 2.50651 2.54679 2.56112 2.57631 2.59147 2.60663 2.62180 2.63802 2.69286 2.66245 2.78240 2.77897 2.76068 2.75419 2.60836 2.63785 2.67063 2.66538 2.58100 2.49904 2.55400 2.60776 2.63619 2.63619 2.79731 2.84116 2.75099 2.76026 2.78533 2.81043 2.68877 2.67206 2.70380 2.72963
2.97709 3.09530 3.14284 3.22047 3.38622 4.03713 3.41606 2.64732 2.65362 2.67308 2.69224 2.71099 2.73039 2.72560 2.70059 2.67235 2.63846 2.66093 2.67807 2.62523 2.56850 2.51292 2.86726 2.92040 2.96074 2.99475 2.81906 2.54266 2.60610 2.63843 2.62707 2.61566 2.60803 2.60055 2.59306 2.57818 2.54763 2.63863 2.72115 2.72115 2.72115 2.80633 2.94705 3.00612 2.94448 2.90988 2.71945 2.73169 2.75126 2.77077 2.79033 2.91006 2.97929 2.93225 2.89614 2.91262 2.94065 2.86816 2.78296 2.85184 2.87358
3.27028 3.55945 3.62046 3.64612 3.73342 4.23784 3.81268 3.06802 2.81092 2.76954 2.72585 2.68117 2.63756 2.60898 2.55618 2.50009 2.44560 2.41320 2.45027 2.44784 2.44668 2.44542 2.71422 2.88358 2.93433 2.94180 2.94963 2.48648 2.50150 2.57363 2.57752 2.58144 2.58159 2.58159 2.58239 2.60802 2.58782 2.65014 2.80650 2.82608 2.84557 2.90161 3.06661 3.15827 3.10059 3.06800 2.85126 2.80182 2.80182 2.80182 2.81601 2.90026 3.03175 3.02764 2.98416 2.98556 2.97547 2.92285 2.74370 2.89475 2.90284
3.30029 3.58676 3.61683 3.61683 3.63827 4.00227 3.89772 3.21734 2.62073 2.58094 2.52965 2.47076 2.41078 2.36742 2.36143 2.36033 2.36009 2.36062 2.43871 2.44562 2.44645 2.44728 2.58802 2.87975 2.92019 2.94737 2.97708 2.63914 2.47279 2.58769 2.59260 2.59509 2.59758 2.60007 2.60176 2.61657 2.73176 2.69899 2.87863 2.88678 2.88678 2.89472 3.03098 3.13607 3.12492 3.06484 2.95305 2.83466 2.85103 2.86895 2.87267 2.88981 3.04762 3.04340 2.95790 2.94435 2.93872 2.93724 2.75267 2.85109 2.94022
3.28504 3.46287 3.61683 3.61952 3.59938 3.76223 3.75885 3.23760 2.45538 2.40374 2.40397 2.39015 2.36009 2.36038 2.36120 2.36204 2.36287 2.36370 2.42256 2.46471 2.48556 2.50906 2.55709 2.91125 2.92962 2.97330 2.98548 2.85311 2.49228 2.55317 2.60181 2.60181 2.60181 2.60181 2.60181 2.60181 2.73515 2.70451 2.86953 2.96213 3.01429 3.11643 3.15198 3.21574 3.20961 3.14457 3.08388 2.88702 2.87022 2.86884 2.86064 2.85270 3.00356 3.01693 2.95539 2.92146 2.91317 2.90475 2.82423 2.83987 2.96703
3.35718 3.47597 3.42126 3.35115 3.30309 3.44595 3.63132 3.20060 2.66970 2.40544 2.41381 2.44077 2.43005 2.45673 2.48582 2.52743 2.57656 2.63029 2.63670 2.55333 2.55467 2.55470 2.55470 2.85898 2.91795 2.97062 2.97539 2.99669 2.54383 2.50587 2.60529 2.63012 2.65857 2.68700 2.71544 2.75214 2.93238 3.03423 3.17779 3.41315 3.47527 3.45814 3.34287 3.26206 3.13171 3.05091 2.98180 2.76617 2.72299 2.71178 2.70796 2.70446 2.79180 2.85409 2.82828 2.78184 2.78211 2.78211 2.77560 2.76871 2.93483
3.65322 3.64946 3.37002 3.23711 3.17347 3.19559 3.26862 3.01102 2.79347 2.60701 2.62895 2.64599 2.63879 2.64599 2.67114 2.68058 2.68284 2.68311 2.67973 2.56313 2.55470 2.55470 2.55470 2.76947 2.92586 2.99404 3.09332 3.18434 2.93041 2.62638 2.79191 2.85548 2.93017 3.00812 3.08978 3.16449 3.21983 3.39198 3.30521 3.16206 3.13412 3.12435 3.09601 2.97270 2.89177 2.81394 2.72705 2.65578 2.76494 2.91056 3.03233 3.11754 2.79822 2.87919 2.88666 2.83280 2.84628 2.86069 2.87287 2.86798 3.00202
3.36558 3.29995 3.24014 3.03735 3.03735 3.07808 3.24174 3.14436 2.97768 2.72658 2.71971 2.72852 2.71647 2.68311 2.68311 2.68311 2.68311 2.68490 2.69842 2.63192 2.61903 2.68870 2.77239 2.93766 3.26546 3.30670 3.46054 3.54411 3.53684 2.99841 3.19796 3.27330 3.27662 3.27992 3.28322 3.28651 3.28981 3.49263 3.40240 3.15773 3.08902 3.04666 3.01504 2.91961 2.99594 3.07169 3.13985 3.22915 3.26451 3.32987 3.34173 3.35358 3.07568 3.03181 3.03321 2.97938 2.96665 2.97170 2.97678 2.96578 3.02922
3.19021 3.14594 3.34532 3.08299 3.09900 3.14040 3.40782 3.30635 3.08147 2.88004 2.72910 2.73293 2.74480 2.71354 2.72360 2.73676 2.77148 2.83628 2.88977 2.91237 2.98592 3.01436 3.07878 3.14958 3.56356 3.55817 3.73310 3.74237 3.77350 3.21067 3.16841 3.30581 3.31615 3.32720 3.32304 3.26526 3.20271 3.26922 3.32808 3.19195 3.21626 3.35187 3.56664 3.64854 3.67786 3.57394 3.53811 3.52276 3.46036 3.54884 3.56759 3.58267 3.49543 3.29158 3.32670 3.30897 3.28441 3.29668 3.30146 3.28572 3.27999
3.25439 3.23780 3.46249 3.30851 3.16844 3.17517 3.36971 3.39655 3.02916 3.02420 2.77293 2.79206 2.84336 2.87046 2.90915 2.95415 2.98619 3.04307 3.11682 3.18329 3.25049 3.34661 3.38122 3.41244 3.66461 3.64317 3.72394 3.79897 3.83235 3.57896 3.17925 3.34097 3.27061 3.19704 3.13871 3.15485 3.27144 3.44618 3.73786 3.75179 3.63721 3.64230 3.94764 3.99987 3.96515 3.89197 3.81646 3.76856 3.71556 3.73390 3.76637 3.76637 3.76524 3.50066 3.47303 3.46626 3.41538 3.41989 3.43166 3.44908 3.47473
3.42704 3.48145 3.61641 3.68338 3.40220 3.40949 3.44866 3.47623 3.13333 3.28737 3.09756 3.10627 3.17432 3.24904 3.32260 3.40701 3.49994 3.54512 3.57268 3.60133 3.60774 3.64213 3.64732 3.65593 3.73718 3.80963 3.74023 3.81303 3.74673 3.63582 2.92647 3.12369 3.31248 3.44021 3.56162 3.66045 3.67683 3.68455 3.88107 3.87039 3.67107 3.66722 3.88667 4.02680 3.98324 3.95267 3.82817 3.78325 3.76372 3.72341 3.79445 3.79863 3.80272 3.68660 3.55477 3.55516 3.50757 3.54530 3.59547 3.63975 3.64889
3.51087 3.52972 3.59213 3.79671 3.49099 3.43366 3.59760 3.66740 3.43150 3.72303 3.67536 3.58901 3.61173 3.60906 3.64299 3.64514 3.64501 3.65273 3.66136 3.66999 3.65879 3.68579 3.69415 3.69003 3.67105 3.82643 3.51685 3.64193 3.65982 3.71562 3.61172 3.55853 3.68539 3.68539 3.68539 3.68539 3.68539 3.68539 3.81765 3.89411 3.71591 3.65835 3.78598 3.98945 3.95582 3.95107 3.89690 3.87025 3.82743 3.74724 3.81059 3.82653 3.83066 3.85496 3.66350 3.69263 3.67938 3.64004 3.62756 3.63524 3.69719
3.50632 3.49214 3.52646 3.65599 3.56088 3.54766 3.83891 4.04412 3.86956 3.72031 3.87118 3.61484 3.61977 3.62772 3.70220 3.80251 3.90993 3.99676 4.08255 4.16464 4.14065 3.66082 3.62687 3.59805 3.59669 3.76783 3.62048 3.60507 3.66775 3.66711 3.85675 3.49358 3.68328 3.68539 3.68013 3.67048 3.66084 3.65120 3.70433 3.78835 3.59867 3.43036 3.42420 3.68832 3.71543 3.83084 3.85741 3.89025 3.84451 3.81993 3.87117 3.94458 3.97500 3.97745 3.85414 3.76334 3.84112 3.88883 3.97885 4.05211 4.05861
3.30907 3.26950 3.27212 3.37046 3.49243 3.67906 3.86950 4.19802 4.30408 3.85996 4.36639 4.15873 4.13828 4.21525 4.25902 4.28571 4.31781 4.29099 4.25143 4.21548 4.20904 3.68994 3.59669 3.59669 3.59669 3.70343 3.75274 3.55329 3.63938 3.50002 3.53574 3.43666 3.58307 3.62540 3.58126 3.51744 3.45611 3.39718 3.35226 3.51969 3.48513 3.36478 3.36599 3.68467 3.71758 3.86946 3.95033 4.08473 4.13859 4.17796 4.14226 4.04016 4.05809 4.07587 4.13136 4.13514 4.13895 4.08385 4.07370 4.06270 4.04811
3.30672 3.37145 3.46303 3.61337 4.03816 4.31221 4.52500 4.79183 4.84860 4.29333 4.59390 4.48032 4.23687 4.20183 4.16690 4.16540 4.18506 4.20904 4.20904 4.20904 4.20908 3.89345 3.63135 3.65250 3.57510 3.46944 3.51099 3.10695 2.86610 2.81660 2.79948 3.22317 3.27488 3.33058 3.30597 3.30163 3.29180 3.28156 3.27131 3.39896 3.44494 3.33603 3.40147 3.73031 3.92211 4.07411 4.13765 4.16208 4.21454 4.25509 4.15427 4.05722 3.99221 3.98017 4.03013 4.05319 4.02659 3.97411 3.94932 3.94275 3.93420
3.67229 3.67543 3.68423 3.72742 4.12531 4.26598 4.48521 4.73865 4.85370 4.54928 4.47894 4.56120 4.13168 4.11689 4.11819 4.15900 4.21428 4.27786 4.30161 4.28781 4.16753 3.87588 3.18020 2.98925 2.90277 2.85968 3.03040 2.88101 2.67266 2.63900 2.64220 2.95197 3.11503 3.23794 3.23131 3.22658 3.23758 3.25945 3.34829 3.52707 3.74394 3.77024 3.77057 3.93854 4.13126 4.08950 4.01738 4.03195 4.08172 4.15661 4.09479 4.04248 3.94874 3.96253 3.99553 4.12253 4.08636 4.01101 3.84782 3.84390 3.84196
3.67313 3.65574 3.63589 3.66144 3.89728 4.12211 4.38923 4.63334 4.85903 4.74509 4.37220 4.80422 4.35533 4.24877 4.26158 4.17059 4.06404 3.94460 3.78319 3.66139 3.61685 3.55488 2.92314 2.83272 2.81282 2.85285 3.02987 3.09790 2.89151 2.88693 2.91428 3.03511 3.35952 3.47078 3.58615 3.68726 3.77803 3.85843 3.87633 3.90725 4.08183 4.06165 4.04009 4.08028 4.15489 4.14629 4.02959 4.05147 4.11740 4.20344 4.20450 4.13350 4.02364 3.99743 3.99743 4.13862 4.08602 4.07450 3.83959 3.84556 3.85411
3.59524 3.62493 3.69945 3.76247 3.92885 4.34580 4.51095 4.77544 4.98654 4.99847 4.60761 4.91657 4.46960 4.02603 3.89654 3.87989 3.91590 3.87888 3.86276 3.85216 3.88328 3.93514 3.64826 3.46971 3.51721 3.53797 3.50526 3.44147 3.25460 3.14021 3.19948 3.28399 3.66212 3.84161 3.93221 3.95592 3.98018 4.00447 4.02824 4.04740 4.19913 4.23917 4.16765 4.17503 4.24102 4.24385 4.10319 4.09311 4.12190 4.18386 4.23358 4.13620 4.08284 4.01076 4.01933 4.13247 4.14821 4.11066 3.89969 3.84440 3.88127
4.07364 4.12545 4.13485 4.12444 4.10393 4.56737 4.76903 5.21098 5.28829 5.34983 5.11264 4.96944 4.80270 4.23030 4.19351 4.18851 4.16623 4.11919 4.10452 4.10431 4.10012 4.09443 3.92620 3.51855 3.51287 3.51228 3.53417 3.52282 3.54304 3.53563 3.56827 3.58624 3.74162 3.98262 4.08478 4.08611 4.08611 4.08611 4.08611 4.08611 4.16829 4.25227 4.17770 4.17366 4.21836 4.21881 4.10587 4.08992 4.11278 4.16445 4.25155 4.19634 4.15526 4.03281 4.02654 4.09030 4.21080 4.18788 4.12226 4.04359 4.07423
4.72440 4.84178 4.95661 5.06890 5.16434 5.50530 5.69395 5.88476 5.54191 5.38052 5.13924 4.88537 4.92215 4.36562 4.19603 4.19060 4.17108 4.11089 4.08224 4.07855 4.07883 4.08062 4.06935 3.69827 3.74205 3.80433 3.84226 3.78409 3.75168 3.66441 3.62853 3.62838 3.63139 3.95908 4.06125 4.08611 4.08611 4.08303 4.06724 4.05008 4.06495 4.18220 4.12856 4.10304 4.15708 4.21368 4.17941 4.14217 4.15629 4.17411 4.23861 4.23189 4.18849 4.15559 4.16922 4.25313 4.44067 4.38579 4.32018 4.07633 4.05019
5.30466 5.32106 5.33224 5.34147 5.31563 5.42003 5.72396 5.71369 5.49435 5.25797 5.14620 4.74732 4.73717 4.44026 4.17514 4.17667 4.17770 4.12565 4.08752 4.10935 4.15306 4.19677 4.23843 3.98283 3.84557 3.84557 3.84557 3.80653 3.76412 3.70271 3.62975 3.61469 3.59140 3.77176 3.96213 4.00476 3.98760 3.98337 4.00432 4.02393 4.04357 4.20951 4.21042 4.15664 4.18836 4.23944 4.23865 4.12834 4.19823 4.26932 4.39318 4.52728 4.43551 4.42691 4.30052 4.24498 4.26779 4.22361 4.22915 3.98368 3.94733
5.33492 5.32878 5.33369 5.35209 5.32230 5.28410 5.57293 5.53882 5.37930 4.99890 4.99944 4.64818 4.61273 4.61493 4.19572 4.19096 4.23262 4.24520 4.23020 4.24899 4.24899 4.24899 4.24899 4.10921 3.84332 3.83341 3.82289 3.79588 3.71883 3.67894 3.53513 3.48910 3.48961 3.54745 3.90285 4.02280 4.05480 4.07632 4.08553 4.10271 4.12303 4.24122 4.32831 4.29539 4.34483 4.50130 4.61720 4.61383 4.75311 4.81690 4.85013 4.72584 4.54329 4.42440 4.25601 4.23427 4.16875 4.13622 4.23094 4.08355 3.97981
5.34520 5.30947 5.27233 5.22252 5.20259 5.17648 5.36544 5.46437 5.44632 5.04577 4.99952 4.75139 4.58215 4.64030 4.40462 4.33984 4.34189 4.32870 4.25899 4.23973 4.24033 4.24316 4.24603 4.22225 3.80192 3.79945 3.80503 3.81023 3.74558 3.74796 3.73080 3.66809 3.69758 3.71965 4.06091 4.24552 4.28066 4.28876 4.29671 4.30268 4.33631 4.51775 4.80323 4.93229 4.96523 4.95969 4.93204 4.79313 4.75687 4.70535 4.68456 4.64127 4.54824 4.43737 4.36678 4.27499 4.22630 4.14380 4.20062 4.15186 3.95357
5.22262 5.20736 5.20736 5.20736 5.20736 5.17768 5.26254 5.44027 5.42748 5.12940 4.91657 4.78634 4.63971 4.69947 4.64515 4.43719 4.43975 4.44157 4.38188 4.36463 4.36686 4.36686 4.36686 4.36619 4.00376 3.87986 3.88278 3.88806 3.84351 3.82160 3.89685 3.75892 3.75866 3.76403 3.95521 4.27836 4.38046 4.49593 4.65909 4.82567 4.96579 4.99674 5.11130 5.01983 4.89399 4.59823 4.52123 4.49426 4.45976 4.50510 4.50572 4.49542 4.41720 4.25733 4.24467 4.12167 4.10267 3.99535 4.01846 4.08300 3.82878
5.15980 5.12622 5.12006 5.11525 5.10971 5.09066 5.11306 5.41669 5.44726 5.29323 4.93882 4.95072 4.87365 4.86533 4.78967 4.54160 4.49975 4.50252 4.45846 4.36950 4.35833 4.34767 4.33699 4.32708 4.10587 3.82450 3.81089 3.79509 3.80145 3.81789 3.82818 3.71700 3.62766 3.71448 4.16844 4.66428 4.95136 4.99348 4.93953 4.87341 4.80573 4.73909 4.82857 4.86224 4.80873 4.63605 4.48266 4.48221 4.40559 4.48364 4.48373 4.50486 4.43011 4.30243 4.25196 4.16102 4.10523 3.99577 3.97379 4.04939 3.87392
