results/OMI_NO2_201011.asc
ncols      200
nrows      200
xllcorner       120.258
yllcorner       41.1236
cellsize     0.0166667
NODATA_Value      -999.000
[rows 29 to 57 of 165, columns 67 to 133 of 200]
        :*                =*                 8*                  3*                   8*                 =*                 :*                 3*                 <*                  <*                  8*               >*                ?*                    2*                 9*                2*                  8*       
   2*                 3*                  ?*                    2*                    9*                 ;*               >*                   :*                    ?*    *     :     *     >       *    ;     *      2       *        2     *      2    *        2     *    =      8*               <*  
             =*              :*               <*               >*                  >*                >*              >*                  3*                 ;*                    :*                 =*                 8*                   2*                  >*                  <*                 9*                    2*         
9*                     ;*                 <*                   8*               2*                2*      *     <      *      3      *      9     *      9      *          2       *       =       *       2      *        ?        <*               9*            9*            <*              
   2*               ;*                 3*            8*                 3*                  9*                  ?*                     ?*                      =*                    <*                 ?*                   8*                 9*                 <*                  2*                2*        
2.85510 2.87729 2.93853 3.00045 3.05978 3.07523 3.09047 3.17431 2.65256 2.62279 2.14915 1.90938 1.97441 2.03918 2.06633 2.07610 2.11114 2.14749 2.18377 2.21980 2.23353 2.23353 2.23353 2.23353 2.23353 2.23353 2.23353 2.27016 2.38003 2.49204 2.57253 2.56284 2.30576 1.44373 1.43163 1.43163 1.43163 1.43163 1.35264 1.22342 1.28521 1.28521 1.28521 1.28521 1.28521 1.30704 1.36812 1.43698 1.51454 1.60218 1.63943 1.66606 1.76603 1.87021 1.93804 1.69245 1.61877 1.61141 1.60317 1.61699 1.71927 1.83661 1.95445 2.03254 2.03442 2.03442 1.90453
3.03477 3.07451 3.07523 3.07523 3.07393 2.92611 2.71525 2.73381 2.30719 2.17213 2.15318 2.09488 2.13296 2.16929 2.20566 2.23224 2.23353 2.23353 2.23353 2.23353 2.23353 2.23353 2.23353 2.24637 2.34335 2.45536 2.55233 2.57778 2.52839 2.47722 2.45629 2.45629 2.45508 1.65250 1.43163 1.43163 1.43163 1.43163 1.43163 1.21280 1.29614 1.35226 1.41921 1.49459 1.57989 1.63867 1.65066 1.74000 1.84418 1.94835 2.05253 2.13014 2.13412 2.12663 1.98816 1.60634 1.69557 1.81190 1.92984 2.02553 2.03442 2.03442 2.03442 2.03442 2.03442 2.03442 2.00839
3.03536 2.82516 2.63224 2.47151 2.33626 2.28694 2.40049 2.78000 3.17188 3.08059 3.34433 2.58666 2.23353 2.23353 2.23353 2.23353 2.23353 2.23353 2.23353 2.23480 2.30643 2.41856 2.52595 2.58174 2.54550 2.49397 2.45767 2.45629 2.45629 2.45629 2.45629 2.45629 2.45629 2.07283 1.43163 1.43630 1.49036 1.56441 1.64763 1.61438 1.56710 1.64185 1.71421 1.81839 1.92237 2.02650 2.11945 2.13434 2.13434 2.12895 2.11796 2.10988 2.20520 2.35883 2.51463 2.12009 2.03442 2.03442 2.03442 2.03442 2.03442 2.03442 2.03442 2.03442 2.03442 2.03442 2.03442
2.29880 2.29787 2.56270 2.93386 3.30487 3.67596 3.93318 3.94211 4.10891 3.49185 3.40839 3.07631 2.23216 2.23353 2.23353 2.23353 2.27140 2.38180 2.49353 2.57374 2.56267 2.51116 2.46451 2.45629 2.45629 2.45629 2.45629 2.45629 2.45629 2.45629 2.45629 2.45272 2.44598 2.39879 1.75024 1.81339 1.83465 1.88340 1.98753 2.08936 1.89310 2.10247 2.13434 2.13434 2.13434 2.13100 2.12027 2.10929 2.17447 2.32589 2.48307 2.63722 2.68833 2.68833 2.68833 2.38938 2.03442 2.03442 2.03442 2.03442 2.03442 2.03442 2.03442 2.03442 2.03442 2.03442 2.03442
3.47585 3.83585 3.94211 3.94211 3.94211 3.94211 3.94211 3.94211 3.96865 3.85320 3.40839 3.40395 2.40606 2.34488 2.45713 2.55377 2.57790 2.52816 2.47692 2.45629 2.45629 2.45629 2.45629 2.45629 2.45629 2.45629 2.45497 2.44870 2.44196 2.43523 2.42850 2.42532 2.43284 2.46612 2.24009 2.16991 2.27409 2.32952 2.32957 2.32957 2.16478 2.08312 2.12259 2.11159 2.14784 2.29333 2.45020 2.60735 2.68833 2.68833 2.68833 2.68833 2.68833 2.68833 2.68833 2.65088 2.06481 2.03442 2.03442 2.03442 2.03442 2.03442 2.03482 2.07269 2.13537 2.19790 2.26050
3.94211 3.94211 3.94211 3.94211 3.94211 3.94211 3.94211 3.94211 3.94211 4.10917 3.63087 3.70226 3.22506 2.54533 2.49380 2.45763 2.45629 2.45629 2.45629 2.45629 2.45629 2.45612 2.45142 2.44468 2.43795 2.43120 2.42579 2.42648 2.45215 2.48753 2.52296 2.55835 2.58626 2.58838 2.52422 2.32377 2.32957 2.33260 2.40701 2.51142 2.61649 2.39988 2.41732 2.57444 2.68434 2.68833 2.68833 2.68833 2.68833 2.68833 2.68833 2.68833 2.68833 2.68833 2.68833 2.68833 2.26533 2.03445 2.06764 2.13023 2.19274 2.25545 2.31761 2.34230 2.37818 2.52380 2.67703
3.94211 3.94211 3.94211 3.94211 3.94211 3.94211 3.94211 3.94211 3.93876 3.96835 3.89172 3.63927 3.55168 2.49167 2.45629 2.45629 2.45629 2.45402 2.44740 2.44066 2.43392 2.42735 2.42532 2.43847 2.47356 2.50897 2.54439 2.57860 2.58838 2.58838 2.58838 2.58838 2.58838 2.58838 2.62098 2.50158 2.58291 2.72932 2.82466 2.88994 2.94566 2.91152 2.71264 2.68833 2.68833 2.68833 2.68833 2.68833 2.68833 2.68833 2.68833 2.68833 2.68833 2.63463 2.49331 2.36698 2.22723 2.31224 2.34230 2.36981 2.51098 2.66429 2.81745 2.96698 3.04173 2.99636 2.96616
3.94211 3.94211 3.94211 3.94211 3.94100 3.93534 3.92921 3.92308 3.92029 3.92029 3.98026 3.65040 3.64325 2.96072 2.44337 2.43664 2.42990 2.42543 2.42919 2.45957 2.49497 2.53040 2.56580 2.58806 2.58838 2.58838 2.58838 2.58838 2.58838 2.58838 2.60164 2.67325 2.75170 2.84866 2.94310 2.90786 2.93206 2.95251 2.95251 2.95251 2.95251 2.94834 2.79836 2.68833 2.68833 2.68833 2.68833 2.68833 2.66116 2.52643 2.39620 2.28113 2.17841 2.11686 2.11744 2.13498 2.15522 2.67411 2.95794 3.08292 3.06058 3.00761 2.96397 3.02293 3.14710 3.28157 3.39313
3.94204 3.93806 3.93193 3.92579 3.92077 3.92029 3.92029 3.92029 4.00699 4.27761 4.62801 4.64113 4.55035 4.18697 2.45198 2.48099 2.51639 2.55181 2.58336 2.58838 2.58838 2.58838 2.58838 2.58838 2.58838 2.58838 2.59094 2.64747 2.72581 2.81147 2.92028 2.97602 3.02498 3.05521 3.05559 3.04126 2.92066 2.95251 2.95251 2.95251 2.95251 2.95251 2.90106 2.69449 2.56068 2.42629 2.30784 2.20231 2.12334 2.11587 2.12979 2.15076 2.17172 2.19269 2.21172 2.21513 2.19089 2.53387 2.96767 3.00293 3.11903 3.25335 3.37846 3.40480 3.40480 3.40480 3.40480
3.92245 3.92029 3.92029 3.93060 4.12288 4.41769 4.76860 5.19246 5.51828 5.43414 4.85925 4.27608 3.31010 2.86930 2.63992 2.58838 2.58838 2.58838 2.58838 2.58838 2.58838 2.58838 2.58838 2.62195 2.70009 2.77949 2.88913 2.95989 3.00866 3.05045 3.05559 3.05559 3.05559 3.05559 3.05559 3.05559 2.95556 2.95251 2.95157 2.84951 2.69492 2.55879 2.43165 2.20690 2.11553 2.12464 2.14557 2.16653 2.18750 2.20812 2.21513 2.21513 2.20045 2.14921 2.09624 2.10451 2.21000 2.41664 3.32679 3.40480 3.40480 3.40480 3.40480 3.40480 3.40480 3.40480 3.40480
4.25099 4.56938 4.95088 5.39388 5.52525 5.20667 4.56027 3.91447 3.26863 2.71305 2.64213 2.68508 2.74508 2.68266 2.68296 2.58838 2.58838 2.58838 2.58838 2.60228 2.67428 2.75272 2.84984 2.94332 2.99250 3.04038 3.05559 3.05559 3.05559 3.05559 3.05559 3.05559 3.05559 3.05559 3.06035 3.07629 3.04635 2.48637 2.35542 2.31366 2.31857 2.33851 2.35948 2.33266 2.20987 2.21509 2.21513 2.21513 2.20763 2.16046 2.10748 2.09180 2.18357 2.31612 2.45065 2.52375 2.52390 2.52390 3.09156 3.40480 3.40480 3.40480 3.40480 3.40480 3.40480 3.40480 3.40480
5.45865 4.90855 4.26187 3.61605 2.96965 2.64213 2.64213 2.64213 2.64213 2.64213 2.64213 2.64213 2.77773 2.68477 2.68797 2.62384 2.64845 2.72687 2.81259 2.92078 2.97618 3.02516 3.05523 3.05559 3.05559 3.05559 3.05559 3.05559 3.05559 3.05666 3.06969 3.08614 3.10251 3.11891 3.13052 3.11892 2.98615 2.50542 2.37525 2.39621 2.41223 2.41326 2.41326 2.40409 2.27233 2.17170 2.11871 2.08502 2.15947 2.28800 2.42248 2.51952 2.52390 2.52390 2.52390 2.52390 2.52390 2.52390 2.73849 3.40351 3.40480 3.40480 3.40480 3.40480 3.40480 3.40480 3.40171
2.73814 2.64213 2.64213 2.64213 2.64213 2.64213 2.64213 2.64213 2.64213 2.64213 2.64213 2.64213 2.69478 2.82516 2.93886 3.01958 2.95987 3.00882 3.05052 3.05559 3.05559 3.05559 3.05559 3.05559 3.05559 3.06313 3.07954 3.09592 3.11232 3.12764 3.13098 3.05065 2.88681 2.72312 2.55936 2.40767 2.37666 2.43712 2.41330 2.41326 2.41326 2.38241 2.32022 2.25786 2.21288 2.26215 2.39431 2.50938 2.52390 2.52390 2.52390 2.52390 2.52390 2.52390 2.52390 2.52390 2.52390 2.52390 2.52967 3.25776 3.40480 3.40236 3.39357 3.38446 3.37535 3.36624 3.36021
2.64213 2.64213 2.64213 2.64213 2.64213 2.64213 2.64213 2.64213 2.64233 2.64376 2.64510 2.66105 2.70198 2.95071 3.28415 3.30879 3.07654 3.05559 3.05559 3.05559 3.05813 3.07292 3.08933 3.10573 3.12212 3.13097 3.10179 2.95138 2.78754 2.62378 2.46009 2.37666 2.37666 2.37666 2.37666 2.37666 2.37666 2.37008 2.37850 2.27821 2.21438 2.17952 2.17610 2.17283 2.26422 2.56226 2.52390 2.52390 2.52390 2.52390 2.52390 2.52390 2.52390 2.52390 2.52390 2.52390 2.52869 2.55785 2.59037 2.96966 3.36708 3.36040 3.36617 3.46741 3.60082 3.73424 3.86642
2.64213 2.64213 2.64213 2.64213 2.64213 2.64306 2.64455 2.64902 2.68383 2.72544 2.76737 2.79530 2.79598 2.86702 3.22708 3.30560 3.17877 3.08274 3.09914 3.11553 3.12938 3.12767 3.01572 2.85204 2.68835 2.52451 2.38994 2.37666 2.37666 2.37666 2.37666 2.37666 2.37666 2.37296 2.32397 2.26178 2.19885 2.14742 2.20785 2.17381 2.17200 2.17200 2.17200 2.17200 2.17200 2.49104 2.52439 2.52390 2.52390 2.52390 2.52390 2.52539 2.55004 2.58266 2.61523 2.64779 2.67557 2.67887 2.67280 2.72880 3.69436 3.85714 3.98438 3.97425 3.88173 3.78883 3.68262
2.64213 2.64244 2.64393 2.64524 2.66551 2.70692 2.74882 2.78783 2.79598 2.79598 2.79598 2.79598 2.79598 2.79661 3.05692 3.30557 3.29799 3.07863 2.91646 2.75277 2.58900 2.42864 2.37666 2.37666 2.37666 2.37666 2.37666 2.37666 2.37666 2.37666 2.34416 2.28195 2.21960 2.15847 2.14176 2.13835 2.13562 2.13540 2.16818 2.19153 2.17200 2.17200 2.17200 2.17200 2.17200 2.29772 2.55486 2.54227 2.57489 2.60746 2.64002 2.67110 2.67898 2.67509 2.66564 2.65615 2.64667 2.63728 2.63387 2.60784 3.44934 3.80827 3.70548 3.63172 3.60809 3.58477 3.57609
2.65144 2.68869 2.73035 2.77224 2.79589 2.79598 2.79598 2.79598 2.79598 2.79598 2.79598 2.79598 2.79834 2.84566 2.99460 3.42057 3.54699 2.54233 2.37666 2.37666 2.37666 2.37666 2.37666 2.37666 2.37666 2.37666 2.36154 2.30215 2.23996 2.17609 2.14290 2.13948 2.13622 2.13540 2.13540 2.13540 2.13540 2.13540 2.13540 2.20929 2.17200 2.17200 2.18313 2.21522 2.24779 2.28127 2.65741 2.67898 2.67691 2.66797 2.65851 2.64900 2.63950 2.63391 2.63387 2.62024 2.53734 2.44471 2.34605 2.25676 2.60578 3.58905 3.57614 3.57609 3.56840 3.43441 3.27101
2.79061 2.79598 2.79598 2.79598 2.79598 2.79598 2.79598 2.79598 2.81286 2.87485 2.93934 3.00377 3.06585 3.08298 3.08580 3.37014 3.59260 3.01072 2.37666 2.37666 2.37666 2.37666 2.37236 2.32234 2.26013 2.19721 2.14687 2.14061 2.13718 2.13540 2.13540 2.13540 2.13540 2.13540 2.13540 2.13540 2.13540 2.13837 2.15886 2.24172 2.27352 2.30515 2.32660 2.32626 2.31840 2.30892 2.45895 2.66489 2.63442 2.63387 2.63387 2.62867 2.55652 2.46392 2.36826 2.26857 2.23529 2.21175 2.19426 2.19335 2.20352 3.38516 3.57609 3.53870 2.97144 2.92667 2.92667
2.79598 2.79598 2.79598 2.79702 2.83964 2.90410 2.96853 3.03299 3.08054 3.08298 3.08298 3.08298 3.08298 3.08298 3.08298 3.18155 3.54324 3.51598 2.42288 2.34256 2.28031 2.21795 2.15742 2.14174 2.13831 2.13561 2.13540 2.13540 2.13540 2.13540 2.13540 2.13540 2.13553 2.14952 2.17286 2.19620 2.21954 2.23991 2.24389 2.33620 2.39156 2.30175 2.29227 2.28359 2.28197 2.28197 2.28890 2.64583 2.57570 2.48310 2.38947 2.28427 2.24027 2.21670 2.19620 2.19335 2.19335 2.19335 2.19335 2.19335 2.19335 2.83989 3.57609 3.57609 3.12870 2.92667 2.92667
2.86888 2.93331 2.99767 3.06120 3.08298 3.08298 3.08298 3.08298 3.08298 3.08298 3.08298 3.08298 3.08298 3.08298 3.08298 3.08990 3.36936 3.40811 2.56879 2.14287 2.13944 2.13620 2.13540 2.13540 2.13540 2.13540 2.13540 2.13540 2.14120 2.16353 2.18686 2.21020 2.23342 2.24276 2.28152 2.42049 2.56450 2.70858 2.85146 2.90641 2.65575 2.28197 2.28197 2.28197 2.25350 2.16627 2.07726 2.15133 2.26477 2.22169 2.19916 2.19335 2.19335 2.19335 2.19335 2.19335 2.19335 2.19335 2.19335 2.19335 2.19335 2.31717 3.54269 3.57609 3.42242 2.98945 3.06144
3.08298 3.08298 3.08298 3.08298 3.08298 3.08298 3.08298 3.08298 3.08298 3.08298 3.08298 3.08304 3.08432 3.08613 3.07766 3.02505 3.12386 3.28044 3.02759 2.13673 2.13540 2.13540 2.13540 2.13648 2.15419 2.17753 2.20087 2.22420 2.24175 2.25112 2.36401 2.50802 2.65204 2.79611 2.90137 2.90641 2.90641 2.90641 2.90641 2.90641 2.86331 2.23189 2.10635 1.99751 1.86590 1.79035 1.71682 1.71021 2.22147 2.19335 2.19335 2.19335 2.19335 2.19335 2.19335 2.19335 2.19335 2.19335 2.19335 2.19567 2.24320 2.31417 3.43805 4.11750 4.28398 3.48749 3.27746
3.08298 3.08298 3.08298 3.08298 3.08298 3.08298 3.08298 3.08298 3.08356 3.08533 3.08644 3.05041 2.99205 2.93316 2.88456 2.87965 2.90102 3.27029 3.27092 2.34759 2.16819 2.19154 2.21487 2.23712 2.24276 2.30767 2.45155 2.59556 2.73957 2.87522 2.90641 2.90641 2.90641 2.90641 2.90641 2.90641 2.90543 2.84881 2.75984 2.66482 2.52491 2.07190 1.74071 1.68691 1.68431 1.68431 1.68431 1.68431 2.00072 2.20544 2.19335 2.19335 2.19335 2.19335 2.19337 2.22753 2.29661 2.37408 2.46151 2.55703 2.58531 2.60548 3.08373 4.05701 3.95111 3.47024 2.91657
3.08298 3.08298 3.08298 3.08298 3.08310 3.08454 3.08635 3.07300 3.01777 2.95892 2.90073 2.87965 2.87965 2.87965 2.87152 2.77288 2.66240 2.74947 2.78771 2.51161 2.26513 2.39500 2.53902 2.68310 2.82711 2.90622 2.90641 2.90641 2.90641 2.90641 2.90641 2.90641 2.90641 2.87635 2.78895 2.69967 2.56902 2.46299 2.38919 2.32168 2.30875 2.19304 1.68700 1.68431 1.68431 1.68431 1.68431 1.68431 1.73557 2.23605 2.21350 2.27958 2.35491 2.43980 2.53621 2.58531 2.59586 2.64499 2.69765 2.75031 2.80298 2.83545 2.83419 3.60846 3.68539 3.64769 2.98570
3.08298 3.08375 3.08556 3.08510 3.04324 2.98470 2.92584 2.88197 2.87965 2.87965 2.83700 2.72035 2.61645 2.52509 2.44867 2.43260 2.41054 2.39537 2.62764 2.56896 2.83554 2.90641 2.90641 2.90641 2.90641 2.90641 2.90641 2.90641 2.90641 2.89550 2.81790 2.72893 2.61904 2.48840 2.41330 2.33980 2.30875 2.30875 2.30875 2.30875 2.30875 2.30805 1.82602 1.68431 1.68431 1.68994 1.72379 1.76536 1.81213 2.32535 2.59173 2.58937 2.63229 2.68495 2.73761 2.79022 2.83234 2.83585 2.83308 2.79199 2.73869 2.70733 2.80224 3.40676 4.07089 4.18651 3.63597
