results/OMI_NO2_200708.asc
ncols      200
nrows      200
xllcorner       120.258
yllcorner       41.1236
cellsize     0.0166667
NODATA_Value      -999.000
[rows 0 to 28 of 164, columns 0 to 66 of 200]
1.12477 1.12477 1.12477 1.12453 1.12098 1.06460 1.06527 1.07912 1.08565 1.09137 1.09316 1.08902 1.08504 1.08441 1.08542 1.08918 1.09341 1.11084 1.18495 1.28508 1.40586 1.55812 1.63150 1.79487 1.76822 1.88097 1.82335 1.78979 1.76663 1.81676 1.83219 1.82805 1.86682 1.87455 1.87201 1.86948 1.86695 1.86073 1.86989 1.90430 1.91192 1.94049 1.93049 1.91258 1.88703 1.88607 1.87438 1.86035 1.84708 1.83040 1.59493 1.56561 1.37616 1.35118 1.36880 1.38501 1.37464 1.40193 1.46729 1.41792 1.43052 1.41042 1.36329 1.31934 1.31001 1.36467 1.35372
1.13089 1.11606 1.09776 1.09187 1.08644 1.05037 1.03648 1.07818 1.08659 1.09090 1.09493 1.09752 1.09957 1.09892 1.11030 1.13864 1.16551 1.19792 1.26414 1.33302 1.42057 1.51442 1.53991 1.68018 1.64928 1.71084 1.71174 1.70788 1.70788 1.75651 1.79445 1.81025 1.82697 1.85796 1.85680 1.85224 1.84770 1.84337 1.82804 1.87687 1.87190 1.90058 1.88609 1.86990 1.82690 1.81669 1.81511 1.81571 1.81175 1.80007 1.69201 1.58871 1.51628 1.47942 1.52832 1.58413 1.57911 1.47975 1.40434 1.30775 1.24362 1.23133 1.22038 1.21068 1.20374 1.23924 1.22919
1.17974 1.12061 1.08980 1.09322 1.09138 1.07920 1.05873 1.07476 1.09077 1.09608 1.12235 1.15023 1.17740 1.20361 1.21848 1.21857 1.21839 1.21929 1.23746 1.30267 1.37360 1.45348 1.50935 1.62976 1.64930 1.67695 1.72243 1.70788 1.70788 1.72557 1.78543 1.81341 1.81984 1.84001 1.82945 1.81179 1.79494 1.78612 1.78275 1.79257 1.80231 1.84044 1.84676 1.84676 1.82345 1.80618 1.78138 1.74416 1.71426 1.68972 1.65324 1.63326 1.56663 1.44220 1.40809 1.36818 1.33365 1.28937 1.24120 1.22052 1.18060 1.17597 1.17115 1.16727 1.17267 1.20441 1.22367
1.24376 1.12647 1.11766 1.10792 1.08902 1.08549 1.05398 1.05600 1.15335 1.21722 1.21857 1.21857 1.21821 1.21657 1.21487 1.21323 1.21181 1.21160 1.22389 1.28080 1.33652 1.42610 1.50898 1.59364 1.65463 1.64682 1.72744 1.70354 1.70190 1.69375 1.73813 1.74917 1.74609 1.73902 1.73783 1.73818 1.73903 1.74212 1.77975 1.77969 1.80187 1.80157 1.76673 1.73641 1.69886 1.66775 1.60166 1.55167 1.54334 1.51718 1.49505 1.47740 1.44930 1.35605 1.35694 1.35722 1.34712 1.31808 1.25920 1.23373 1.20643 1.20864 1.21804 1.22660 1.22921 1.24292 1.26434
1.30849 1.13135 1.12384 1.10888 1.09407 1.08837 1.06150 1.05354 1.10117 1.21618 1.21457 1.21295 1.21169 1.21158 1.21158 1.21158 1.21158 1.21171 1.21969 1.25222 1.29247 1.37720 1.46031 1.50924 1.58761 1.61950 1.67617 1.66904 1.66453 1.66536 1.69143 1.73017 1.75025 1.75321 1.76493 1.76974 1.76926 1.75716 1.77153 1.75661 1.72547 1.70074 1.67056 1.66937 1.66287 1.62416 1.57927 1.49177 1.47270 1.47067 1.47067 1.47205 1.47546 1.37985 1.36160 1.36076 1.35287 1.34222 1.31230 1.27574 1.26088 1.24183 1.24292 1.24400 1.24508 1.24860 1.26003
1.22442 1.08473 1.03631 1.03974 1.02866 1.01404 0.993497 0.982356 0.982612 1.11238 1.14038 1.13006 1.11041 1.11408 1.13905 1.13891 1.13871 1.13956 1.16444 1.20771 1.26202 1.34532 1.42824 1.41562 1.46550 1.60868 1.66274 1.69272 1.69373 1.69542 1.69448 1.74025 1.74449 1.73639 1.72686 1.71236 1.69871 1.69654 1.71148 1.72930 1.70833 1.69479 1.66221 1.62716 1.57047 1.55260 1.54993 1.47846 1.47314 1.47406 1.46982 1.46790 1.47090 1.40789 1.38021 1.38573 1.38485 1.37451 1.34676 1.29302 1.28251 1.25321 1.26229 1.28063 1.29906 1.31669 1.31487
1.14131 1.04132 0.902016 0.987918 0.998547 0.996068 0.999643 0.986872 0.977237 1.04730 1.12942 1.11967 1.12386 1.14247 1.23005 1.24986 1.26594 1.28082 1.28470 1.30496 1.33725 1.38088 1.51380 1.48076 1.47212 1.57730 1.63178 1.68282 1.65847 1.64544 1.63781 1.65245 1.67161 1.68601 1.68767 1.69536 1.69113 1.68344 1.67654 1.70116 1.67720 1.65819 1.63276 1.61620 1.53680 1.54796 1.56211 1.50921 1.47750 1.47414 1.47576 1.47533 1.47609 1.43655 1.37660 1.36509 1.34423 1.32101 1.28866 1.24073 1.21917 1.26352 1.28536 1.28132 1.27590 1.26761 1.25011
1.11695 1.11112 1.02036 1.03908 1.02021 0.980818 0.953773 0.936230 0.960794 0.988811 1.15666 1.18046 1.18807 1.18730 1.23091 1.26672 1.26086 1.24957 1.23903 1.25437 1.27334 1.29639 1.44588 1.45482 1.41971 1.47950 1.55283 1.61059 1.60194 1.60360 1.60537 1.61331 1.64352 1.62585 1.61299 1.61148 1.60860 1.60563 1.60403 1.62962 1.62685 1.61502 1.59754 1.58501 1.52994 1.49859 1.51994 1.49342 1.44348 1.43832 1.42750 1.41666 1.40629 1.38261 1.28508 1.26851 1.23621 1.23198 1.24752 1.23028 1.17830 1.18525 1.20546 1.19709 1.20415 1.21590 1.22978
1.06088 0.968110 0.879062 0.851213 0.970325 1.00122 1.00901 0.994387 0.990214 0.988867 1.09528 1.16031 1.15291 1.14548 1.14642 1.20674 1.19964 1.19446 1.18359 1.19015 1.20156 1.23091 1.32510 1.42080 1.37093 1.40215 1.52739 1.57489 1.56812 1.56763 1.56507 1.56247 1.58577 1.58788 1.57963 1.58247 1.58929 1.58994 1.59625 1.61872 1.64316 1.64034 1.62418 1.59387 1.54212 1.46102 1.46948 1.44197 1.34875 1.32766 1.31382 1.30212 1.30094 1.30367 1.21908 1.21504 1.17511 1.16208 1.18184 1.20372 1.15842 1.16798 1.23140 1.25449 1.26059 1.26498 1.26929
0.825024 0.825024 0.824368 0.823331 0.914529 0.978215 0.952661 0.932251 0.912030 0.912977 0.944434 1.10124 1.09972 1.09061 1.08026 1.11698 1.13972 1.13325 1.13266 1.14173 1.17606 1.21936 1.27785 1.45654 1.41487 1.40142 1.52971 1.55804 1.56533 1.55861 1.55847 1.55847 1.57014 1.59238 1.58401 1.58517 1.60926 1.62127 1.62180 1.62335 1.59665 1.56069 1.53687 1.46206 1.41057 1.33667 1.32670 1.33752 1.29085 1.28556 1.29576 1.30227 1.29809 1.29110 1.22740 1.19274 1.17780 1.18505 1.23921 1.30026 1.27103 1.26984 1.30259 1.32845 1.32539 1.31907 1.31278
0.825024 0.825024 0.824946 0.823395 0.805502 0.917978 0.882869 0.876197 0.889301 0.947781 0.987109 1.06463 1.05978 1.05837 1.05837 1.06920 1.13933 1.14884 1.15753 1.16652 1.20164 1.22432 1.25503 1.43169 1.43889 1.40496 1.49241 1.53435 1.57087 1.55996 1.56439 1.56898 1.57262 1.60380 1.59939 1.59043 1.60271 1.62091 1.62012 1.61600 1.52096 1.47533 1.46473 1.44500 1.41481 1.38731 1.34151 1.37209 1.36706 1.35158 1.34328 1.33436 1.33867 1.35328 1.34728 1.33154 1.32016 1.30006 1.30522 1.37018 1.33860 1.32879 1.32910 1.36451 1.36991 1.37839 1.38685
0.825024 0.825024 0.825024 0.846454 0.924080 0.992842 1.04988 1.06474 1.06386 1.05510 1.05854 1.06743 1.06667 1.07463 1.08259 1.09003 1.14148 1.16895 1.17232 1.17854 1.20625 1.22589 1.26246 1.37225 1.46282 1.41439 1.46691 1.52141 1.54418 1.52894 1.51312 1.49736 1.48351 1.49106 1.49588 1.47230 1.46160 1.48071 1.47193 1.46437 1.40348 1.32917 1.31600 1.35050 1.38238 1.34366 1.26749 1.25590 1.25158 1.26061 1.27651 1.29451 1.29945 1.29945 1.32175 1.38358 1.37530 1.33551 1.32095 1.35691 1.31963 1.35093 1.37012 1.40776 1.41465 1.41288 1.41113
1.02688 1.14370 1.24462 1.28475 1.23369 1.13514 1.16145 1.11321 1.10711 1.08758 1.12060 1.13446 1.13490 1.13316 1.14085 1.16265 1.19608 1.23513 1.23917 1.24167 1.25414 1.26360 1.27596 1.31931 1.46237 1.46177 1.45657 1.38210 1.38024 1.35364 1.35405 1.35478 1.35543 1.35657 1.38236 1.36452 1.34369 1.34698 1.34769 1.33268 1.30805 1.21095 1.25171 1.22336 1.31464 1.29455 1.27050 1.29089 1.30402 1.30011 1.29935 1.29797 1.29622 1.28976 1.27341 1.32945 1.31120 1.26174 1.25209 1.27140 1.30790 1.30607 1.35125 1.37214 1.40150 1.40620 1.40621
1.31884 1.39511 1.38848 1.37758 1.29106 1.21703 1.19655 1.14976 1.14024 1.11219 1.13304 1.16198 1.18191 1.19298 1.20862 1.20848 1.19334 1.19088 1.18098 1.16544 1.15254 1.16572 1.18480 1.21860 1.37644 1.41540 1.47768 1.38437 1.37290 1.34083 1.32984 1.31676 1.30364 1.29457 1.30468 1.30318 1.27789 1.26441 1.27713 1.26073 1.25911 1.19718 1.23462 1.22776 1.32459 1.33588 1.32691 1.30471 1.28759 1.28085 1.25963 1.23902 1.21879 1.20325 1.20022 1.26007 1.28269 1.25889 1.25396 1.25964 1.33548 1.31212 1.36982 1.38446 1.43937 1.43786 1.43995
1.18201 1.29603 1.28448 1.27327 1.22426 1.18880 1.11616 1.12718 1.12567 1.16468 1.19049 1.19736 1.17771 1.15184 1.13872 1.13812 1.15208 1.17223 1.20020 1.21404 1.23499 1.27833 1.30282 1.34525 1.37417 1.35855 1.42426 1.35651 1.32029 1.29948 1.29129 1.29186 1.27316 1.25182 1.23708 1.23340 1.24714 1.25963 1.28885 1.30722 1.30809 1.26292 1.23685 1.25197 1.28432 1.34008 1.31468 1.25793 1.19163 1.17092 1.16319 1.16151 1.16045 1.16200 1.16385 1.20279 1.25336 1.29469 1.34618 1.35118 1.39994 1.35882 1.39794 1.42792 1.46828 1.47500 1.45669
1.05102 1.22607 1.22607 1.23655 1.25638 1.25377 1.19796 1.16762 1.12060 1.12434 1.14301 1.17857 1.20003 1.22373 1.24422 1.25543 1.26641 1.27739 1.29694 1.30881 1.31078 1.31901 1.32312 1.34629 1.36189 1.31201 1.37459 1.37314 1.34891 1.28584 1.21658 1.19455 1.19207 1.19372 1.19599 1.21739 1.22701 1.24181 1.24914 1.27639 1.27629 1.25735 1.16872 1.21151 1.19878 1.26943 1.27120 1.23934 1.17212 1.17092 1.17986 1.19403 1.20781 1.21893 1.22949 1.25228 1.32093 1.34813 1.41268 1.40389 1.39678 1.34022 1.30775 1.36148 1.39899 1.46385 1.48364
1.04881 1.28492 1.35161 1.38838 1.38566 1.30654 1.31312 1.26411 1.19523 1.20631 1.24030 1.25761 1.28369 1.29423 1.29917 1.29862 1.29443 1.28767 1.28456 1.28641 1.28089 1.28626 1.30315 1.31041 1.32498 1.25775 1.25457 1.26631 1.26727 1.25257 1.19529 1.19738 1.19927 1.19965 1.19965 1.21030 1.22234 1.24167 1.24913 1.24652 1.23024 1.24168 1.20399 1.26164 1.28870 1.38781 1.37029 1.36052 1.28705 1.27096 1.26905 1.26523 1.25887 1.25645 1.25951 1.27028 1.32928 1.30305 1.37914 1.39657 1.41759 1.38315 1.36260 1.39590 1.42335 1.48828 1.49265
1.16977 1.30962 1.36710 1.35736 1.34975 1.30585 1.29107 1.36778 1.26539 1.24519 1.26380 1.26577 1.26844 1.25853 1.26724 1.26971 1.26714 1.26714 1.26715 1.26476 1.24471 1.22336 1.22305 1.21435 1.24738 1.24064 1.22347 1.27166 1.26204 1.27597 1.20163 1.19965 1.20025 1.20989 1.22454 1.24466 1.29650 1.33495 1.37574 1.39421 1.40240 1.41646 1.38772 1.37830 1.40646 1.45453 1.45082 1.42036 1.36869 1.31289 1.29981 1.27302 1.28326 1.29276 1.29709 1.30964 1.37332 1.34786 1.43429 1.46571 1.46633 1.45903 1.40075 1.38067 1.43729 1.49533 1.53857
1.15908 1.23883 1.34893 1.34893 1.34893 1.32754 1.28284 1.34506 1.26622 1.20243 1.19839 1.20140 1.21033 1.22602 1.23767 1.24942 1.22546 1.20149 1.17758 1.17448 1.18673 1.18723 1.20616 1.21425 1.24055 1.28054 1.23739 1.29104 1.30106 1.33208 1.30037 1.31563 1.35126 1.38406 1.41324 1.43878 1.46337 1.48059 1.50625 1.51684 1.50054 1.50649 1.50470 1.46474 1.51719 1.54398 1.57236 1.49521 1.49160 1.39158 1.38845 1.35498 1.37633 1.39489 1.41343 1.42308 1.44069 1.41332 1.43557 1.48138 1.48935 1.50399 1.47965 1.45714 1.47874 1.50145 1.55825
1.16292 1.18679 1.33754 1.31179 1.28605 1.25869 1.18817 1.22696 1.26994 1.18155 1.18955 1.22695 1.24617 1.19041 1.15792 1.19420 1.20994 1.21873 1.21472 1.20831 1.26835 1.29506 1.30390 1.30506 1.35922 1.47202 1.47034 1.55390 1.55331 1.58312 1.55270 1.54176 1.54761 1.54802 1.54528 1.54167 1.54554 1.56849 1.58856 1.61541 1.62001 1.62233 1.64311 1.60916 1.57827 1.57953 1.64233 1.57466 1.55533 1.47647 1.47475 1.44079 1.42861 1.42861 1.42861 1.43094 1.44618 1.46819 1.46379 1.55858 1.57413 1.58358 1.58185 1.52608 1.53204 1.55242 1.61791
1.12809 1.09893 1.39704 1.46052 1.48304 1.50544 1.46692 1.47313 1.55492 1.42856 1.43376 1.47094 1.49151 1.44153 1.36269 1.36749 1.38059 1.36711 1.36937 1.39428 1.47707 1.58012 1.61166 1.60838 1.64537 1.71494 1.69877 1.65228 1.61532 1.57886 1.57043 1.54175 1.55574 1.56429 1.57661 1.58998 1.60103 1.64948 1.66927 1.69314 1.70231 1.68702 1.69696 1.67410 1.63413 1.59052 1.65259 1.61581 1.55495 1.53786 1.50147 1.49828 1.47281 1.48976 1.51223 1.53218 1.54843 1.57745 1.52583 1.61439 1.61573 1.61542 1.61897 1.55939 1.52420 1.53578 1.59234
1.22359 1.33663 1.58845 1.72153 1.72670 1.73150 1.71863 1.70426 1.73806 1.60655 1.51002 1.52311 1.53597 1.50232 1.39160 1.41857 1.49346 1.53180 1.56384 1.57428 1.57369 1.66040 1.66418 1.61318 1.60214 1.65445 1.68985 1.68388 1.69194 1.62923 1.65883 1.58445 1.60296 1.60388 1.60426 1.62626 1.65763 1.71891 1.78928 1.76522 1.74794 1.73591 1.72915 1.72369 1.67602 1.63255 1.67394 1.69614 1.59779 1.61056 1.60900 1.63843 1.60963 1.61942 1.62362 1.62777 1.62939 1.65404 1.62847 1.59921 1.59675 1.59211 1.58645 1.55975 1.49219 1.50143 1.52689
1.22029 1.37324 1.52347 1.71513 1.71513 1.71513 1.70904 1.66258 1.62880 1.57921 1.48906 1.53354 1.63861 1.67693 1.60812 1.55715 1.55144 1.54267 1.54020 1.54002 1.53983 1.58922 1.64522 1.61528 1.60020 1.63574 1.70895 1.72696 1.73648 1.66073 1.65866 1.68787 1.76377 1.80112 1.83795 1.85139 1.85610 1.86275 1.92655 1.91831 1.86558 1.86052 1.83343 1.83324 1.77808 1.74302 1.74609 1.79290 1.71804 1.67739 1.70633 1.70140 1.65793 1.64670 1.64131 1.63594 1.63321 1.64932 1.65192 1.57435 1.56162 1.55091 1.54174 1.55786 1.50562 1.52567 1.54918
1.28101 1.36768 1.43808 1.67348 1.61762 1.56933 1.53136 1.52524 1.54114 1.56787 1.59219 1.60430 1.68475 1.69452 1.67709 1.55630 1.55594 1.55267 1.55549 1.55889 1.56341 1.57407 1.67191 1.66359 1.63164 1.64055 1.73139 1.77621 1.82104 1.79853 1.78388 1.79300 1.85337 1.85803 1.86048 1.86291 1.86384 1.86384 1.90560 1.93225 1.88343 1.87157 1.85368 1.84962 1.81330 1.75478 1.69140 1.73236 1.69406 1.64360 1.66934 1.66575 1.65285 1.62586 1.62446 1.61704 1.60790 1.60572 1.61686 1.55694 1.52103 1.52840 1.52685 1.51917 1.50897 1.48118 1.48105
1.26597 1.27839 1.30127 1.49198 1.53766 1.56295 1.58719 1.60934 1.61754 1.60113 1.59903 1.63214 1.68623 1.72095 1.72285 1.63978 1.61282 1.58582 1.57504 1.57623 1.57627 1.57627 1.64278 1.72172 1.70911 1.74204 1.84043 1.87120 1.88856 1.86786 1.78771 1.79825 1.84496 1.86384 1.86384 1.86396 1.86610 1.85961 1.86309 1.89395 1.84062 1.76298 1.72201 1.66815 1.64549 1.66429 1.61777 1.66554 1.67371 1.63061 1.64399 1.65857 1.61987 1.57014 1.55991 1.56006 1.56753 1.58134 1.60729 1.55813 1.44300 1.39950 1.37136 1.37871 1.38890 1.41835 1.44067
1.25639 1.30265 1.38936 1.53161 1.61142 1.61158 1.61158 1.61158 1.61158 1.60692 1.57955 1.66522 1.70975 1.78825 1.80526 1.77353 1.66311 1.62629 1.59242 1.62618 1.66206 1.69787 1.72868 1.81720 1.78113 1.77303 1.82167 1.87755 1.89048 1.88364 1.76980 1.76056 1.77617 1.79731 1.76654 1.73481 1.70094 1.67445 1.65156 1.69508 1.70231 1.63865 1.62454 1.59447 1.58391 1.60536 1.58126 1.57656 1.60054 1.57506 1.54677 1.58305 1.58093 1.55046 1.54638 1.51175 1.46975 1.42772 1.38853 1.38073 1.29198 1.26858 1.26485 1.26415 1.28792 1.29707 1.34068
1.37382 1.37382 1.42208 1.49564 1.61158 1.61580 1.63579 1.65757 1.67910 1.69990 1.67484 1.71561 1.74256 1.81963 1.81272 1.79050 1.75938 1.78994 1.73054 1.72145 1.71194 1.72504 1.74303 1.75661 1.74103 1.72219 1.72218 1.69236 1.67824 1.68006 1.62579 1.57359 1.55893 1.57156 1.56729 1.56377 1.56039 1.55931 1.56326 1.59511 1.63767 1.60276 1.55876 1.53814 1.51204 1.51944 1.52382 1.55135 1.60480 1.61029 1.57426 1.59751 1.60611 1.46323 1.38641 1.38464 1.38464 1.38464 1.36499 1.35146 1.30753 1.24513 1.24665 1.24699 1.26834 1.25515 1.28282
1.37001 1.42487 1.47606 1.53004 1.63234 1.64130 1.63164 1.61951 1.60745 1.59515 1.55378 1.50969 1.52786 1.55183 1.56138 1.55810 1.58405 1.64425 1.62836 1.62873 1.66174 1.67284 1.67193 1.63503 1.62246 1.61248 1.61151 1.61979 1.60834 1.62647 1.62340 1.55785 1.55744 1.57597 1.57601 1.57202 1.56823 1.56895 1.56777 1.56861 1.58814 1.57930 1.52284 1.52933 1.51429 1.53005 1.56260 1.57280 1.63167 1.62979 1.59025 1.57728 1.58840 1.49075 1.35394 1.34952 1.34832 1.35111 1.34147 1.32248 1.31900 1.22291 1.21808 1.21808 1.23049 1.23941 1.27753
1.38216 1.45177 1.45251 1.43546 1.46888 1.47134 1.45824 1.44749 1.43922 1.45644 1.46741 1.44268 1.52118 1.55085 1.58460 1.61515 1.64624 1.72230 1.71105 1.64617 1.64342 1.64165 1.64713 1.63367 1.62376 1.61992 1.62688 1.66671 1.64270 1.63748 1.63303 1.57300 1.53214 1.54237 1.55974 1.56835 1.57681 1.57843 1.56656 1.54864 1.53252 1.51594 1.51999 1.52827 1.51020 1.49432 1.51880 1.51764 1.56463 1.57841 1.56136 1.52843 1.54709 1.53228 1.36830 1.35559 1.35981 1.35982 1.35527 1.32968 1.34312 1.27253 1.24719 1.26148 1.27829 1.30700 1.29610
