results/OMI_NO2_200901.asc
ncols      200
nrows      200
xllcorner       120.258
yllcorner       41.1236
cellsize     0.0166667
NODATA_Value      -999.000
[rows 150 to 179 of 190, columns 66 to 131 of 200]
8.20408 8.61662 8.88585 9.14469 9.38601 8.90552 8.59076 8.48219 8.45913 7.63057 6.60922 6.96637 7.06991 7.30562 7.32284 7.34051 7.68888 7.61913 7.19654 7.20837 7.21264 7.23360 7.28974 7.31867 7.38542 7.40025 7.24448 7.21208 7.43620 7.41639 5.92953 5.86165 5.68258 5.67430 5.32794 4.00336 4.29041 4.33074 4.33965 4.34854 4.35743 4.41393 4.43451 5.76310 5.96707 6.19504 6.25474 6.24403 6.25893 6.37551 6.54450 6.57708 6.60686 6.64325 6.67936 6.71545 6.74790 6.56728 6.15809 6.06850 5.97966 5.97966 5.97940 5.81997 5.46399 5.00781
7.99173 8.48494 8.44361 8.63854 8.95109 9.15922 8.80233 8.90656 8.98284 8.51406 6.89155 7.12789 7.17594 7.31341 7.38277 7.39289 7.66427 7.75275 7.31467 7.34139 7.40641 7.45074 7.45201 7.41645 7.41871 7.40061 7.31679 7.19606 7.27576 7.59245 6.31705 5.89179 5.70830 5.68383 5.69094 4.42128 4.17167 4.32940 4.30102 4.26375 4.22574 4.27319 4.39421 5.35412 5.93571 6.04157 6.22960 6.25499 6.29109 6.44165 6.61095 6.75076 6.75339 6.75339 6.75339 6.75339 6.77453 6.83726 6.36216 6.39044 6.36197 6.52340 6.68355 6.83831 6.50477 6.17013
8.02278 8.55255 8.94735 9.10813 9.24466 9.56045 9.16553 9.00321 9.01741 8.95473 6.99106 7.09997 7.21838 7.27622 7.43879 7.51000 7.76679 7.99868 7.61577 7.45201 7.45201 7.45262 7.49763 7.56287 7.66350 7.53483 7.47361 7.20232 7.20010 7.57241 6.99595 5.96009 5.86705 5.76027 5.76084 5.23158 4.12622 4.45855 4.50311 4.54089 4.57960 4.64867 4.92163 5.94335 8.04396 8.26497 8.69087 8.82960 8.94196 9.10698 9.33099 9.64978 9.73975 9.85373 9.95908 10.0517 10.1942 10.2866 9.57708 9.47230 9.36780 9.35649 9.36559 9.37870 8.85608 8.37988
8.28964 8.45878 8.98237 9.04059 9.09279 9.10207 9.08379 9.05260 9.05732 9.06188 7.44598 7.14290 7.41821 7.50340 7.69286 7.70981 7.89883 8.45136 8.26264 8.07001 8.22129 8.35755 8.44171 8.50220 8.56156 8.44861 8.14331 7.97386 7.86054 8.12103 8.25913 6.81480 6.73814 6.39174 6.38649 6.35887 4.98677 5.05330 5.22597 5.19744 5.16889 5.14047 5.35890 5.90687 9.38838 9.62798 9.87791 9.99310 9.99310 9.99693 10.1224 10.2851 10.3890 10.4658 10.5501 10.6471 10.6723 10.6723 10.1435 9.72304 9.58525 9.47551 9.31547 9.01888 8.51006 7.88546
8.29672 8.27831 8.58463 8.52203 8.59342 8.69989 9.01444 9.19108 9.26559 9.33090 8.21745 7.32837 7.54163 7.55033 7.67222 7.80819 7.96965 9.07780 9.03687 8.63991 8.65972 8.70079 8.75053 8.78430 8.84646 8.90986 8.39541 8.31398 8.06535 8.19270 8.59836 7.46919 6.83106 6.48952 6.36700 6.25728 5.31491 4.75046 5.13810 5.13976 5.13976 5.13976 5.27849 5.42578 8.92464 9.54069 9.83272 10.1858 10.3723 10.5617 10.5064 10.4907 10.6778 10.6723 10.6680 10.6282 10.5804 10.5327 10.1280 9.21244 8.91126 8.56183 8.44143 8.44119 8.43175 7.98836
7.63849 7.89213 8.11863 8.54739 8.74994 9.05256 9.23378 9.26515 9.24867 9.22930 8.56727 7.27476 7.49501 7.73991 7.90177 8.13225 8.17787 9.10787 9.36211 8.84196 8.83822 8.86056 8.88428 8.92813 8.98635 9.11588 8.80582 8.56144 8.28762 8.17512 8.55348 8.02836 6.38113 5.79046 5.08840 4.71072 4.67896 4.67896 5.00325 5.13976 5.13976 5.14691 5.27607 5.64744 8.41421 10.0383 10.4006 10.7322 10.7825 10.7800 10.6968 10.3408 10.5277 10.4897 10.3988 10.1013 9.79461 9.50658 9.22390 8.55033 8.52239 8.36524 8.34868 8.33933 8.31587 8.89080
7.80331 8.21266 8.48339 9.09404 9.18191 9.37683 9.51579 9.49356 9.60106 9.80102 9.62135 7.79140 7.83867 7.98111 7.97452 8.28763 8.37513 9.02040 9.54018 9.14370 9.03512 9.07886 9.10148 9.07714 9.03361 9.09337 8.99671 8.45431 8.19336 7.66143 7.56371 7.38386 5.30959 5.09902 4.69014 4.67896 4.67896 4.69214 4.89533 5.39284 5.58221 5.76443 5.87540 6.17672 7.87068 10.1634 10.4382 10.5785 10.6046 10.5593 10.5312 9.97330 9.58573 9.35185 9.11557 9.07946 9.07268 9.06897 9.11705 8.60731 8.54638 8.62531 8.75882 8.91437 9.06915 9.41651
8.34150 8.47129 8.77805 9.22321 9.67456 9.98772 10.1884 10.1566 9.96944 9.99561 9.96689 7.94367 7.80183 7.97545 8.07826 8.34741 8.62671 8.99368 9.71032 9.35798 9.01632 8.97387 8.93839 8.92012 8.85784 8.64835 8.39291 7.64682 7.31538 6.98886 7.02494 7.34429 6.09746 5.15390 4.92922 4.93213 5.10053 5.25574 5.34890 5.83519 5.93192 5.93908 5.94628 6.11335 6.98052 10.1885 10.3489 10.3251 9.71718 9.11540 8.79344 8.60130 8.55834 9.16079 9.15758 9.25160 9.40666 9.56523 9.73140 9.44822 9.10754 9.10907 9.11152 9.11152 9.11152 9.15675
8.46422 8.54707 9.22043 9.46138 10.1569 10.1620 10.2193 10.2553 10.0050 10.0736 10.1128 8.63991 7.97172 8.04527 8.16156 8.17330 8.51698 8.56608 9.51325 9.35740 8.90490 8.67425 8.36071 8.02998 7.75666 7.77153 7.88284 7.70332 7.32206 7.16481 7.05462 7.53683 7.29498 5.72725 5.66384 5.38187 5.38782 5.39423 5.40062 5.61968 5.98917 6.02389 6.06952 6.09162 6.08930 9.33027 9.32785 9.48731 9.27816 8.72504 8.78697 8.90878 8.77483 9.59263 9.88601 9.95575 9.95575 9.95575 9.95575 9.71636 9.10754 9.10866 9.13015 9.20464 9.33412 9.47095
8.65986 8.66886 9.04080 9.45875 10.0365 10.3080 10.3797 10.4029 10.2032 10.1171 10.1055 9.03902 7.82891 7.80610 7.95020 7.98186 8.32123 8.26486 8.86156 8.67360 7.83028 7.73519 7.73519 7.73519 7.73519 7.65816 7.61780 7.37146 7.33425 7.33985 7.50790 7.75936 8.00263 6.22683 5.92926 5.55899 5.58742 5.65470 5.72183 5.81950 6.19628 6.05670 5.90856 5.83311 5.90799 8.51417 9.55726 10.1088 10.4990 9.82584 9.86006 9.88750 9.75450 10.0748 10.6076 10.6245 10.6476 10.6751 10.7223 10.7811 10.0109 10.4788 10.7733 10.8423 10.8621 10.8736
8.40804 8.40972 8.45267 9.04891 9.26440 9.78135 9.74227 9.74341 9.59554 9.36343 9.33698 8.90806 7.75341 7.67079 7.45793 7.15909 6.93833 7.02798 7.89080 8.50676 8.09917 7.91247 7.74924 7.52231 7.30542 7.16556 7.18569 7.20528 7.46962 7.78690 8.02221 8.26472 8.74633 7.80096 6.76667 6.52904 6.38722 6.42891 6.47058 6.50326 6.37508 6.25631 6.24981 6.24335 6.27319 8.11626 10.0539 10.4070 11.0950 10.4417 10.0520 10.0452 10.0125 9.86866 10.7582 10.8358 10.9391 11.0382 11.1178 11.1487 10.5869 10.7054 11.0440 11.0687 11.0915 11.1179
8.09285 8.09198 8.08572 8.47324 8.69541 9.25122 9.22836 9.24795 9.19685 8.86614 8.58308 8.14753 6.27295 5.90877 5.92600 6.05106 6.06514 6.40073 6.88113 7.69284 7.48636 7.39138 7.26283 7.19896 7.13535 7.07251 7.12076 7.28653 7.42570 7.99421 8.08765 8.10281 8.22232 7.75454 6.91487 6.84492 6.50007 6.49364 6.48721 6.48077 6.44794 6.23676 6.23257 6.23257 6.25133 7.24053 10.0539 10.0492 11.0128 10.7881 10.1043 10.1849 10.2702 10.0980 10.8223 11.1390 11.1487 11.1487 11.1494 11.1503 10.8775 10.7280 11.1865 11.1997 11.2096 11.2158
7.51884 7.50167 7.48953 7.61419 8.05416 8.35570 8.73009 9.01748 9.31505 8.36627 7.28897 7.29020 5.96486 5.64894 5.56545 5.48233 5.32451 5.40173 5.59706 6.90994 6.92327 7.06323 7.07067 7.08270 7.09472 7.05749 6.75625 6.62046 6.26609 6.48019 6.32854 6.47324 6.74304 6.94690 6.94047 6.93235 6.53381 6.47495 6.47495 6.47495 6.47495 6.31536 6.23257 6.23257 6.23606 6.46207 10.0511 10.1839 10.8641 11.3969 10.4663 10.3986 10.3986 10.3045 10.4530 11.1119 11.1522 11.1542 11.1648 11.1771 11.0494 10.6708 11.0159 10.8631 10.6649 10.4730
7.49513 7.48690 7.49488 7.68971 8.38993 8.80344 9.48975 9.46007 9.51044 9.21282 7.25601 6.98829 5.83295 5.01649 4.87818 4.83014 4.85562 4.96682 5.25174 6.66466 6.72275 6.60936 6.24922 5.87392 5.48655 5.16720 5.17647 5.44865 5.45591 5.72240 6.21046 6.33930 6.58904 6.93306 6.93306 6.93306 6.69749 6.47495 6.47495 6.47495 6.47733 6.45149 6.31777 6.40285 6.48744 6.58965 9.60649 10.4082 10.5798 11.5947 10.8431 10.4016 10.4025 10.4018 10.1833 11.0656 11.0342 10.7923 10.5490 10.3136 10.0839 9.56934 9.91131 10.1628 10.2384 10.2742
7.75167 8.00386 8.23973 8.28914 8.53207 8.84177 9.05432 8.96357 8.73062 8.53998 7.20108 6.38861 5.75509 4.81069 4.83611 4.96781 4.45415 3.80273 3.72403 4.43971 4.81354 5.05751 5.19855 5.29727 5.39365 5.46269 5.50482 5.59749 5.55426 5.49320 6.11619 6.22524 6.50441 6.86348 6.93306 6.93306 6.86777 6.51138 6.57415 6.65944 6.74237 6.80005 6.64044 6.60644 6.68028 6.78078 8.97938 10.7343 10.6785 11.6899 11.3741 10.3052 10.2816 10.2622 10.0747 9.90803 9.87247 9.91293 9.93114 9.94936 9.96024 9.69693 9.85649 10.2470 10.3920 10.3920
8.32793 8.36903 8.46189 8.62253 8.77951 8.64561 8.69471 8.56033 8.50328 8.43822 8.20127 6.75507 6.64237 5.57488 5.75468 5.80427 4.45606 2.70831 3.02512 4.00365 5.14342 5.37381 5.50619 5.50619 5.50619 5.50619 5.50619 5.51952 5.68129 5.43367 5.86278 6.20812 6.39997 6.76000 7.04660 7.13191 7.21220 6.90445 6.83774 6.90288 6.98050 7.05813 7.05203 6.96094 7.00620 7.04278 8.25034 10.8072 10.7427 11.2422 11.8806 10.3867 10.2971 10.2971 10.2715 9.93004 9.91072 9.96034 9.96034 9.96034 9.96034 9.78276 9.70210 10.2004 10.3795 10.3970
8.79177 8.92907 9.01469 9.03250 9.08335 9.07369 9.09477 9.16276 9.22225 9.23773 9.22356 7.82871 7.28515 5.93629 5.94935 6.03902 5.83633 3.12944 3.16399 3.76949 5.23014 5.31975 5.50619 5.50619 5.50619 5.50619 5.50619 5.50619 5.72223 5.58007 5.87534 6.57411 6.78190 6.89803 7.34125 7.42791 7.54768 7.47403 7.32776 7.38048 7.40333 7.42445 7.44014 7.27990 7.29239 7.33794 7.60980 9.97076 9.81834 9.87434 10.4676 9.29605 8.60017 8.43559 8.26822 7.85653 7.50738 7.39233 7.23075 7.05473 6.87836 6.70535 6.60179 6.84208 6.93113 6.94143
9.36049 9.48537 9.64667 9.80827 9.92884 9.90063 9.64877 9.62706 9.50445 9.47732 9.45916 8.96409 7.67115 6.59175 6.18620 6.18620 6.18039 4.00569 3.09623 3.43716 5.20574 5.43259 5.72409 5.76496 5.83048 5.95298 6.18969 6.46528 6.85352 7.10123 7.11702 7.71405 7.99631 8.04092 8.63475 8.8q0Ihcmpycx;{ v5 crccW wIp)c@mz@cJ{w'ccRv zc:Pm=>wcd{@{cc`wc'ch{qc ,m8ctc8c0qTc c,O{2TscFmvcI'vyv c;c t\crce\tX vcwwu2ccL{c cJp0q@cmzcwtycgc4r6 4.885vZczT5.04930 5.32960 5.34983 5.44142 5.60591 5.64825 c#m4r9c[vK{NcQacEs^!c}scdsqwgcm0wc":c6pccrutTcymvVzoc0u p{cCOcMvc?cmp+c^rsVc!cs1c,cm<qc&qPqHcaFr5{ccH{Icqwcr/{.c:cvqcc0'm> {-oc$ pw crqRcJc>Pms 1pwc rbu\`c^4czpccimC{"cf>wgpccwccmzcwYz'c6rUwccascc0Qm4ir$cqr=srccNsAcpcfm$q4 c3v+qciFrIscc,uI9c%m_scut uJcU!cG>r@coc"mjrc_w@61 14.8zKczT 14.8961 14.8961 14.8961 14.8961 14.8961 14.8961
14.4742 14.4742 14.4743 14.4871 14.3377 14.4415 14.4918 14.5601 14.6258 14.6916 14.7573 14.8957 16.3208 16px`?p2;x8m` i2040 14o2 b_vZu d _r[1p*% b-b9huN IB3d"^j#{cGt~qqclVc[ \p.cYce6m+thc 2Ovv6Lcqr qK + 16.0859 o6.3728 16.6255 16.6749 16.6356 16.6070 16.6766 16.7942 17.1236 19.7893 24.1229  24zwYadwavIov .cz csX 19.0798 11.1002 11.1002 0.00000 0.00000 0.00000 11.4093 11.4093 10.0208 9.62231 9.79484 9.31286 9.09019 9.12207 9.12824 9.16221 9.15472 9.64425 10.0082 10.0160 10.0185 9.97489 9.92985 9.89532 9.82294 9.27251 antf$a?a2iAqpu`Cn9m
16.3925 16.3889 14.9227 14.9636 15.4496 8.95404 6.88014 7.36685 7.43471 14.4178 16.7599 a7ou`p!sa`r=~b5c0Dmsgdrs?rcq rivQ<cLd<p>OIchtsbGc 7rC{> c7n@ca,wfd<}dlRj yqsb!Ws*G52 .*  24.122{)bb9t\29 22.4~= 11.1069 11.1534 0.00000 0.00000 0.00000 11.4093 11.4093 11.2001 buu>qvcre}zOc& 10.9372 9.97511 9.63396 9.61298 9.79572 9.38270 9.40375 9.95319 9.91647 9.88597 9.90105 9.99629 10.0986 10.1145 9.84532 8.10008 7.02197 6.34383 6.16465 6.15880 5.97370 5.74164 5.64355 5.79194 6.00455 6.58850 062 bf_tLb'R`a$q"!rxai^lrNcr(1uh0dfHXd*>pywu-"cmuGc]sr+zcct@c:czAuiG9cj,v{Od 3^cy vQ3366 h 5.16337 a|w#uR cc zPa"q 9.78312 9.40657
91 !11.8969 12.3328b"c&ms<wFbTp_q_un7 11.6739 10.8803 10.2944 10.2199 9.72071 9.29410 9.95237 10.1361 d L.2302 `PkyyqRz` 10.3 10.3309 10.2661 10.1891 8.65116 6.78706 6.25771 5.74771 5.65677 5.55803 5.36208 5.36206 5.38943 5.85695 6.26291 6.70097 6.37106 110 6.36063 6.28194 6.15311 6.00549 5.88650 5.74470 5.48935 5.21765 5.333Ul e ap^cVcz>p"c>c tm |#Jdsj|6dd0|Cpgd gbd`Y|zGd)A<j 1qTqdxr|<ue ddd~sv!djd7&|Oqtda mjz#a@@= u0435 0724T 9  19 `Nh{]-s\O9bmbTu ?|~ 10.0925 10.2002 10.1541 10.0951 9.63225 9.00490 8.46080 10.00 Cc $E9.39541 `]a=mtE
8.72274 6.62390 6.23180 5.60244 5.60244 5.60227 [ 5.3967 7 /<008 5.34958 5.71515 5.91268 6.51656 6.16355 5.92640 5.79948 5.69675 5.61344 5.54771 5.66195 5.83213 6.00549 5.82483 5.82971c; cly,twV*cmbpc7bGt(937 5.70937 c 6.84609 8.86803 8.65222 8.81648 8.82329 8.85793 `m0413 Rjnqch|zNs;bcwUzc dhzpc|U~d,!jUs>d }frGLdS(nd,s)qp d|{j\tkd@|f_| d{dhBuX,dg,Ed u pc oq@a bwb;` .34645 96r *aapx_t 9.21756 9.27339 !{`862 9.25782 8.50666 7.78250 7.77661 7.35322 6.60632 Js;qaW`t k6952 4.70656 4.73714 4.71132 4.65184 4.58034 4.55943 6.14435 7.68357
8.98392 8.98088 8.85443 8.72133 cXz=ccuw,Vd jz)w-c{3zc @ar(kap]  7.16 6.73523 6.63185 6.74973 6.44053 b1Xbu"LIvdVjJXu7 c1z>tp=2cb)cpJd pdssqdYQjE#w2dsd3w$dydvGpMZdj^tVd|rt}TjDd`d\sFcc8c q|"2d"m/rAcMcl{SrcfLbzq t90c`Kmp9rc$wv&c9cZtgbb.tDtDau3 {J0 4.55908 5581f 5.33272 7.68357 W _ 3458 Kn7 !57.85893 7.90920 7.98532 8.13601 8.29002 8.51272 8.90842 9.50369 10.0579 11.0589 11.5655 13.0449 14.0264 14.0948 14.1599 14.0110 cKm1qFd4Ju'\t?d3fd-9u/ ic cmrspc#w+YrEa{9p?rYy ~6& 14.3552 14.7530 16.1748 16.3152 16.355uCc uZpt(~dIu$vt"acTc3l7eujbeBpdw`di2uR tIdZAdJuL-dCdjktd}voSsd&dv@dP dWjji| dG{v v# cVruiAd<cZHpic5"c[4mtjt !bEs[rR c.cr u{ cEcAms;c yqdwfqbfptdbhM@bHt,>K8 12.7144 12.7   12.5268 12.382
16.wccmBsPcRrwlccPr)Lc!Hc mqmMJchgpuzcrkw^*aD`xj5t r|q' `qA+g/ n6  ab1Hl|5v:dq#v|sjcruqj8cbcmj?r9cJv :uCd_$uT}&dd8rdJdgjsMdsvrNdKdNsddj }}dCvP|!=d_uqt3ccYplccm%uUcIr6zrcc p'cc4mDwZcqaH*wc`rrcdcNv-Icp|wb}p 170 k4601  z.460rrdwT|0g 14.1770 14.2435 14.2322 14.2211 14.2280 14.2760 14.4355 14.4599 14.4610 14.6652 15.0369 15.4307 15.8434 15.9947 16.0345 16.1500 1uUw(p QcrvckcaugIc]Zsk {/l]cE*tLp_jcc uKc"c9t1tAanN)n-sv`\qr7sI`\`c{  3cw t>?bm'swxd\d UqAd5;cX[m{ c_4tuusc- vcZpid94ddjpXJd+1ru+Udukvd7d1&uwd(djgs#dvI4v+dHdytdBMd j.v?d61}!w$+d!DrhrSc bpCQIc\rYwcDt,;sc%ncJvmtEqkcp=wW c[rRq^cccr3cpGb=o4 1 lH 14.rdGdj4 1P[> - 11.2781 - 11.1624 11.0989 10.2182 9.94695 9.62161 9.64092 9.61989 9.58345 9.54714 9.51072 9.39657 9.25859 7.47132 7.32441 c\<-{q6ctmrVc,tX{jccuc^cplgc~dc9p p?c-m scc$1rna`vewna&
cct p5RdljmwE\cApcs~cVcPkq, ped>Qjt duiu a`. ^8427 M 7.pra57.10846 L 7.10857 7.BI ' \.11462 6.48609 6.53752 7.32052 7.10439 7.12328 6.32520 5.76878 5.62247 5.54737 5.75019 6.13394 6.34294 8.p!9vYc!t `0q8d`dw$Fc cj90p dgEtzws~d-u)"u4cOc%wnMc}c4l|{[>apfpSaa ut}aFB`Wxn r/ `=1p`Avci&,rr d)d+ryNid"v7q9HwEOcDr u c,c||me':Ve5F2k1pv* e7 q8-w4e)7t<Q}3dd7 k:w<%ce5mq(7r3oDdupsvddqRddCjvM d~gpvvtd Pd>q+uxd~:dZIjt#c@+uvcdr Epydtd _zc@zcJxm/uHc&u1s9i\d%{d(7pd?.cm8z 13.67  13.6879 13. t B2.9948 wk}I ! 13.0461 13.0111 12.7449 12.4600 12.4271 12.4419 12.5309 12.5595 12.5929 12.6262 12.7141 12.8023 12.8357 u$Wv=@cD,d9$q'cd dj:q d.~u4pw8dTXdq1-cd ij3qW*c2jqtM?cv/prv+aaRyJK~&a srjy
;c rdstO4Lc' bz|c6cTBmC`s bzs"cQr {MUcNdXD}:RI2cz|$tcd1rk[{a  ^?  18.9800 18.9800 19.0175 19.032 >1.17pOaAt?r8300 y8" 19.1122 198 } +7.7742 15.8903 16.4113 15.2107 15.1928 14.7826 14.2494 13.7577  13.p 7Iyckq{crSz[csTcj&t rc=bW`l?v^b] s]B]r~:`b Ns-q%b(pb;@lcs<b%q tEhaEp4xb/bu#tacpDcQ@vLq1 d3 5mxp~d:&cwPbCb$Ap<tcbj,\Cse&..}&sdeku LRe el:|c}M(e`frn&s ee/u| We|e0NetE]td^&jmsh<dC Vs@2hwQ)d\ dU_p!;NTPdm3jqp`d vs {'ccw[c 9czM s"bS`lr*cOhtY@sObFbp-tj1rUb m zqtd/s4Qr= Hd&xZd9ss.d w\cs) BJG%'26  7.50043 7.61973 7.86232 892 8.3uha|'K` 3082H 8.26514 e_= }Q 8.98872 6.93593 6.33184 6.33188 6.33284 6.39422 6.47043 6.36424 @Dmtcus=cA
15..V 15.0344 14.4925 13.8510 13.3470 1r9qb.p 7287 12.4752 12.3106 12.2444 13.8262 14.0793 14.1116 14.1116 14.1116 14.11_= 2 [3zhc78c)!u;bblQp1b q!vyFb~bLuyb|b lqAcqwsNtdHJt.|Uee.QvIeekDp(es:t wTeezuAeXekbue}v8qse_Z}tkqe8e{}P?sO#eqkvHe t wLWeQeJ ve&e`kJL@rS?eCqV||LTd uu(cPcPmyqc4Aspxtczuxcd-cu d8d#jCuzd;tTtrS#cmbq av^a.x dwxarwndzbt{${naXbwqccw zIQc#dz{Uo.c{cDpUc1zc7s(s 9.07664 8.87549 8.70652 8.97563 9.39820 cv a0/`34532 9.32664 9.38903 9.42092 9.36302 9.30394 9.20891 9.23054 9.32947 J>2878 11msmp;c*r* fz3c 5sZs9rb+%b<fvGbb^lsz~cqrprd9~LdsqEeekO}Fe[|.se^btreJeat*OeCU|sGbez ttt e<eweeSckY3wreo/|]6uetp]eEeYkIru*ne~|}6re=wGvYeXeDvve#vd*j34tcnzmvcIcuCcgc m@}rcuqp ddaqd' dzjrt_ bQs5cra:p+q$a8a7r BH>Wbro#wazdsuZc$cz d$9cDmuv4hbLl-r0bxv_X 9 9.97711 9.92538 9.84426 9.42621 9.2162  9M35 e Z 9.16822 9.16822 9.16822 8.84337 8.23872
9.07661 8.76808 8.59542 8.15821  ]_ 855 abq?( 7.19982 7.25255 7.32191 7.40564 7.56318 7.79799 9.09504 11.3425 11.0 W "q Jc cm *zc,r"Kyt8:cuywFt d:e6kpr | evKr e@t }ecer4e'~elk/we:qvXeeq enesk |Kep)7|$eqtqeO:emt[3eAeKTk} eGt q:e1eFueemkJse7qp eZmt_vQ"YeWdeEPukOl tehpqwdur/w{"d^Zd1u[ddc j"]sRSdKv~st,pgd8u<rs6c$wclDwctTGwcY3b3sf`z/:b5a3<y[aa5lqR_bKut*(sGbNat+``n1`x`J7 A41 15.9141 15.9943 15.8879 15.4856 15.5137 2'A h.617q9aZPw}?si q416.2147 16.3460 16.4486 16.4490 16.5469 16.5611 16.5611 16.0427 16ve| 1rh_uv:cg{osp 9c c s6dCPd;rv%e Nk}kueetTees,quek"pet|/*teew&e#ei8speq}we;epseQe_xpA<pePk7trxeT}|Zee |hO+eZkhtPe}.tbezeueYeN>?uW6qPeUkY5to 8ed|6 r ddZ#tE;-pdCjtRudOn}oM)rsddt7d=c snu2cl {ec)\cu>{ fbb ElUs<!@a?s8sa^EsX/wEbPbx6a :aUnUy^`qb w0 |
i + |.1917 10.0876 10.0w_N&c^c:td^ dkw|ec&to2uVeeevUe}eTkft<he]u[]re tv%e erOek  qe|@ te Ne|Ee>ed||te<kpe;m|QvKeLfedr1u_eek|e_Jrtje>:e!uJeCe1B}wJe\kLpR4eAfel&6rbek0ekb| u;djEt}ds!Gwdd]^b}ccTvpL~d,}t[*dkd IvXccmsb*5r^n%{P b s.$ s&bb~Kv/VKvhaoHw7H`yss` 5077T 9.13251 9.20749 7K9.51039 a28tCHnqaq.72648 y}r~aYbG(uhc )d v"zP6 8.98610 1392 9.55981 9.90082 10.2205 9.97206 9. ~eVjq9.10496 9.08976 9.wGFz d jO!pe |r7eLesOe[(ksse*h|Qwe#e{ueFelrv;qrek[sae|Ov&eHebZkKHvH[equrTe/|pPesleseeFsv&ek^.r$Deeu0eoebqwneokdre|kuBpeR eV|TeBY2evwy/sNe p} Hr-ddvt ndd}mtd]jV%q d(;rr1d;d cq4N d(gw&"sc@crF+v3bb*\tK9bpb%l(q bq9rapXtZabrRa !n9L 13.6557 13.6557 13.6878 !YK0 `2uBz=T3a;@ 15. ]YxYb@wJ quWc=u;m~vFa ajjw `d*t 14(, 8 14.4298 14.4182 14.0675 14.0434 /14.0434 !0434 14.0434 rEpidvdd| geQ/e kor?erSWq
yrcmcu abrRbkioqAvk 10.3004 `D3 b`Zwc@cn*lqcBs VvFhb0Orpvy*cIaB61084(0.8330 11.0e c9265 13.1643 14.0426 14.6pe-|eKkOv'esvae t|ede ve2e+k#Nvege |peerle e(Xktwe'v|qzHe ,teseZe~rePe[kw et;se8(e|oes ek{~v1eM+t+aweT#}wiAp{{ewQ.eDeq %OWewY }j]p}v$ejtqw6Jee>`k>jxrSd~tl|&dq|u pvd dvddjdrhdt }LddV5dJv>d fd]jtN dt_v.p c_{j r32b b -z1ib cW<zsLcz^wb%\apba 1.328 ) n Ew17 10.2912 9.8 Sx2 9lpd6sXcz|ep Zc%bPq2@ o8 7 9m/Np[ czq,b bl2 s{$%hcQGj>tRb f8.73578 Zp 8.7 8 8.%u  1.09144 8.98268 8.89339 8j w ei}peepvt@eeS/sssWe)} pe eC|eevA}:epk?uel|w8e(Le w|_OeBu ve`AtD}%e0eLupeeX"}8wek}e]4tV{fuRbeJbe}1#k~v(e uLsreC*t\`J|e eqeVptxXeu.ei$k}t Be#k uw+e,Ed5dtdSidj/br^d tvdDuhsedFdzCqdU(d}0}Uv d?}nud8d|nD6cb)rPw/b#Qqu2bs$1r#Dc
