results/OMI_NO2_200706.asc
ncols      200
nrows      200
xllcorner       120.258
yllcorner       41.1236
cellsize     0.0166667
NODATA_Value      -999.000
[rows 116 to 144 of 175, columns 67 to 133 of 200]
1.93574 1.94764 1.96845 1.98935 2.00827 1.97485 1.85532 1.81726 1.89427 2.04023 2.17101 2.32332 2.42609 2.47270 2.51407 2.54994 2.68035 2.70566 2.84321 2.87149 2.95174 3.15300 3.24305 3.33359 3.33834 3.33773 3.33680 3.37426 3.17328 3.26762 3.40413 3.33623 3.33657 3.43860 4.06861 4.19054 4.25906 4.38907 4.52004 4.42113 4.51497 4.67415 4.89612 5.47932 5.75038 5.74635 5.85773 5.88308 5.66097 5.69622 5.76265 5.75226 5.69274 5.67819 5.67326 5.66242 5.65158 5.64405 5.64380 5.64380 5.64380 5.64380 5.63302 5.58694 5.61156 5.57365 5.33259
2.08984 2.09790 2.09566 2.09343 2.02770 2.00408 1.89970 1.90002 1.88044 2.16224 2.24829 2.37960 2.54012 2.56269 2.61483 2.63622 2.80851 2.95442 3.13118 3.22663 3.23245 3.36675 3.38785 3.35886 3.35498 3.37567 3.40512 3.42243 3.36216 3.33273 3.64913 3.67974 3.74184 3.86980 4.52679 4.88302 4.98670 5.00259 5.00259 4.91876 4.69559 4.73753 4.80754 5.25542 5.71817 5.76768 5.89425 6.01486 5.94265 5.78540 5.77594 5.73629 5.58821 5.60135 5.64380 5.63832 5.60600 5.57022 5.52944 5.44461 5.34972 5.25494 5.17094 5.13012 5.16355 5.17148 5.08497
2.17184 2.18423 2.19750 2.21078 2.17368 2.11071 2.04260 1.97677 1.94086 2.11727 2.25012 2.43078 2.58392 2.73345 2.85863 2.92811 3.06907 3.23174 3.25779 3.29331 3.32466 3.45328 3.55348 3.58977 3.62441 3.63955 3.64615 3.60634 3.65742 3.80242 4.09878 4.24549 4.21461 4.21449 4.51354 4.93890 5.00259 5.00259 5.00259 5.00326 4.73874 4.75277 4.80559 5.13620 5.64758 5.60897 5.59070 5.67325 5.62601 5.33943 5.32185 5.28588 5.12129 5.04917 5.06127 4.99640 4.93375 4.87478 4.82075 4.78933 4.73602 4.68224 4.62864 4.57485 4.57345 4.61877 4.62653
2.27685 2.28245 2.28989 2.29748 2.30453 2.21092 2.20223 2.09789 2.10712 2.23619 2.53149 2.71989 2.82271 2.98232 3.02702 3.08046 3.18864 3.39821 3.45252 3.47770 3.47916 3.53176 3.64679 3.68492 3.72984 3.80871 3.90397 3.97348 4.02336 4.18739 4.21913 4.30632 4.25515 4.24373 4.32389 4.98487 5.00476 4.97620 4.95393 4.93037 4.88295 4.90629 4.91970 5.01671 5.23038 5.24299 5.24318 5.36954 5.38779 5.21233 5.14395 5.11302 4.95907 4.76096 4.67961 4.63434 4.58059 4.52692 4.47321 4.44983 4.48009 4.51086 4.53877 4.56640 4.60773 4.67630 4.68924
2.32609 2.32396 2.33034 2.33653 2.34201 2.33104 2.36422 2.35625 2.39878 2.50908 2.66490 2.78731 2.82590 2.95882 3.03143 3.09341 3.18685 3.36215 3.48876 3.54859 3.58831 3.67358 3.91719 3.99174 4.07107 4.08773 4.08773 4.08773 4.00980 4.22275 4.28826 4.45176 4.50584 4.53151 4.59033 5.12181 5.02602 4.91006 4.91000 4.91000 4.90861 4.89544 4.91970 4.93056 5.19137 5.23461 5.15086 5.11081 5.01342 4.78855 4.43420 4.31844 4.26203 4.32934 4.26224 4.32591 4.50191 4.52955 4.55719 4.57573 4.57281 4.56970 4.56944 4.54468 4.47984 4.46852 4.39806
2.44077 2.48775 2.58512 2.68354 2.77716 2.78431 2.65437 2.61244 2.52175 2.58130 2.63937 2.79092 2.83120 2.88614 3.06172 3.15649 3.26627 3.49239 3.72855 3.79670 3.85290 3.86615 4.00555 4.05037 4.12377 4.17576 4.22774 4.27973 4.27926 4.44115 4.52592 4.58495 4.66249 4.60052 4.59996 4.88861 5.15773 4.91000 4.90993 4.85444 4.75271 4.64142 4.55882 4.45441 4.47133 4.45886 4.38182 4.38223 4.50526 4.48214 4.20493 4.06961 4.02196 4.11783 4.16390 4.21842 4.53568 4.54865 4.53631 4.50922 4.43073 4.34783 4.26476 4.20699 4.19703 4.24859 4.20337
2.81047 2.81818 2.81924 2.81924 2.81924 2.81924 2.70141 2.65686 2.53918 2.58580 2.66125 2.85761 3.01564 3.12814 3.24917 3.34200 3.45054 3.64050 3.81070 3.90567 3.96766 4.01534 4.15582 4.28609 4.36511 4.37042 4.36993 4.36845 4.34581 4.33757 4.51987 4.52920 4.66387 4.62951 4.62792 4.69548 4.84273 4.40501 4.28036 4.23316 4.21703 4.20457 4.22349 4.23549 4.28134 4.46310 4.50063 4.53679 4.66311 4.71279 4.43777 3.99375 3.98471 4.03154 4.08967 4.09647 4.24113 4.32042 4.25109 4.18148 4.15856 4.14650 4.13575 4.12443 4.11328 4.14374 4.11318
2.90938 2.81314 2.81924 2.81924 2.81548 2.80413 2.74283 2.63503 2.69763 2.81972 2.97304 3.08990 3.28226 3.31762 3.33860 3.38452 3.45417 3.64978 3.86641 4.10425 4.12529 4.12529 4.17132 4.29986 4.34528 4.36592 4.36993 4.38101 4.39141 4.31617 4.54947 4.59069 4.69156 4.72854 4.69617 4.72140 4.68438 4.45813 4.32402 4.33867 4.41668 4.45623 4.47087 4.45689 4.45585 4.54614 4.55765 4.54395 4.53955 4.49827 4.44257 3.86462 3.72896 3.66740 3.69217 3.62396 3.69312 3.90612 3.89845 3.90483 3.91253 3.91391 3.91391 3.91391 3.91391 3.94212 3.94599
2.95030 2.79538 2.78707 2.77767 2.80410 2.84899 2.89682 2.90530 2.96808 3.03854 3.11791 3.14085 3.31312 3.38856 3.39489 3.43871 3.51019 3.67782 3.79671 4.17919 4.21831 4.23581 4.25638 4.43684 4.45683 4.46370 4.47093 4.47431 4.47713 4.42501 4.52243 4.63654 4.66266 4.78562 4.88739 4.93093 4.95989 4.83591 4.60048 4.61049 4.58400 4.58220 4.43473 4.24799 4.24790 4.30604 4.37883 4.37871 4.35724 4.27422 4.21271 3.75755 3.42681 3.42101 3.50604 3.52834 3.62066 3.84288 3.91391 3.91391 3.91391 3.91155 3.89698 3.87814 3.85926 3.85079 3.90497
3.02883 2.98507 2.99074 3.04459 3.06742 3.07932 3.08696 3.09652 3.10240 3.14650 3.20754 3.24079 3.31638 3.47071 3.50007 3.54299 3.62467 3.79393 3.93803 4.22901 4.32683 4.32094 4.31253 4.43975 4.48593 4.47051 4.47346 4.47451 4.47537 4.48462 4.53802 4.75022 4.83234 4.94593 5.02292 5.00877 4.94784 4.88367 4.61863 4.58270 4.58270 4.58270 4.51776 4.25804 4.21615 4.16606 4.21589 4.16749 4.13745 4.12200 4.10228 3.94119 3.38387 3.37950 3.45043 3.48575 3.53058 3.68337 3.84665 3.82780 3.80894 3.79245 3.78676 3.76940 3.74748 3.72561 3.77348
3.23319 3.20241 3.11302 3.11968 3.12473 3.12978 3.13480 3.14620 3.17234 3.21960 3.30601 3.34809 3.40755 3.55854 3.56786 3.55950 3.61712 3.72679 3.90190 4.05778 4.30934 4.31355 4.32436 4.42304 4.52537 4.49705 4.49884 4.50673 4.51945 4.54037 4.56942 4.92292 5.01839 4.92293 4.81151 4.85467 4.83910 4.77250 4.58177 4.41256 4.38649 4.34094 4.28837 3.92461 3.76050 3.77596 4.03679 4.08936 4.08936 4.11092 4.13141 4.16833 3.64989 3.60917 3.61101 3.45076 3.42681 3.51046 3.70347 3.70623 3.68431 3.66242 3.63433 3.58664 3.53903 3.49311 3.49736
3.31405 3.29329 3.20051 3.23335 3.26180 3.29025 3.31869 3.34126 3.38349 3.46429 3.59996 3.54886 3.58749 3.61890 3.61051 3.63159 3.66627 3.69868 3.97021 4.00608 4.37152 4.39030 4.40394 4.42200 4.38505 4.36667 4.35439 4.34386 4.32964 4.31807 4.35501 4.53865 4.83610 4.84338 4.67367 4.76369 4.77909 4.74713 4.61759 4.24098 4.21909 4.21686 4.21686 4.00816 3.79886 3.82690 4.07185 4.22113 4.26706 4.28928 4.25105 4.23139 3.88876 3.54503 3.52773 3.36324 3.28054 3.36780 3.48535 3.54647 3.50139 3.45645 3.41900 3.41717 3.41977 3.42069 3.46871
3.16864 3.15840 3.29202 3.42398 3.48341 3.58284 3.68526 3.78755 3.83667 3.80943 3.84909 3.79376 3.75949 3.76631 3.71326 3.70930 3.71733 3.76467 4.01838 4.06833 4.35846 4.50088 4.50582 4.51083 4.35686 4.33116 4.31776 4.32518 4.34241 4.35972 4.39850 4.45010 4.88826 4.90734 4.76298 4.71335 4.71253 4.69972 4.63812 4.30459 4.26364 4.30762 4.34841 4.25814 4.06664 3.97209 4.08529 4.19915 4.21127 4.19781 4.17280 4.16224 4.05703 3.49796 3.46668 3.36996 3.15429 3.15926 3.25871 3.42076 3.44408 3.47053 3.50714 3.60424 3.71153 3.81873 3.91421
3.41653 3.47598 3.59485 3.85602 3.89905 3.90214 3.90214 3.90214 3.90214 3.85979 3.85659 3.85735 3.78905 3.80559 3.77585 3.74836 3.75262 3.74648 3.94322 4.08353 4.22507 4.52019 4.53010 4.54740 4.44967 4.40456 4.40195 4.41184 4.41189 4.40546 4.38743 4.39297 4.63536 4.82249 4.79418 4.67266 4.76683 4.79537 4.76774 4.59469 4.37557 4.36601 4.35785 4.29464 4.05958 3.91776 3.95647 4.10622 4.12069 4.05595 3.98365 3.90932 3.85980 3.50727 3.44095 3.46091 3.26207 3.25865 3.39333 3.61629 3.76051 3.83574 3.90082 3.90540 3.91210 3.92836 3.94526
3.61618 3.65619 3.64553 3.87635 3.90214 3.90214 3.90214 3.90168 3.89961 3.87816 3.83896 3.91562 3.83389 3.82656 3.80765 3.75679 3.75879 3.75967 3.88381 4.08910 4.10808 4.56656 4.60923 4.60923 4.53906 4.43595 4.38747 4.35802 4.32901 4.30546 4.30530 4.35754 4.44690 4.81782 4.81742 4.72926 4.83121 4.82435 4.77591 4.66161 4.29046 4.25615 4.22794 4.18286 3.88562 3.72393 3.60428 3.73861 3.76417 3.79370 3.84041 3.88147 3.87651 3.77042 3.55646 3.60257 3.56930 3.53427 3.69464 3.84542 4.03695 4.05875 4.08060 4.10231 4.11188 4.11188 4.11188
3.61268 3.65762 3.64721 3.79616 3.89857 3.89636 3.89398 3.88391 3.84937 3.80541 3.80336 3.87184 3.86005 3.83136 3.82716 3.75643 3.74606 3.74191 3.79504 4.05822 4.05358 4.36056 4.54642 4.50965 4.44406 4.26324 4.16584 4.13979 4.14414 4.14898 4.15081 4.17742 4.16121 4.48180 4.53210 4.44532 4.45962 4.45726 4.40124 4.24000 3.90994 3.74132 3.67074 3.62514 3.60231 3.59236 3.47995 3.64477 3.70530 3.76190 3.78358 3.88781 3.95189 4.10379 3.91026 3.94005 3.94159 3.78373 3.81472 3.86879 4.08129 4.11188 4.11188 4.11188 4.11159 4.07438 4.01209
3.51533 3.60099 3.59564 3.64953 3.80010 3.75345 3.70736 3.67282 3.66272 3.65976 3.69918 3.74500 3.80511 3.74493 3.74493 3.70007 3.67017 3.68925 3.71559 4.02434 4.03916 4.11265 4.32693 4.29961 4.30222 4.16048 4.02647 3.93915 3.94315 3.94707 3.95108 3.95668 3.95948 4.05254 4.22747 4.13782 4.03378 4.06529 4.02128 3.96239 3.81094 3.58479 3.58479 3.58479 3.59962 3.62021 3.52748 3.61893 3.80132 3.93138 4.03511 4.18350 4.21350 4.28689 4.15198 4.02334 4.03491 3.89366 3.84900 3.91678 4.04778 4.16253 4.10637 4.04998 3.99385 3.97462 3.97471
3.36742 3.43260 3.38065 3.40373 3.62524 3.65200 3.65339 3.65447 3.65557 3.65666 3.66783 3.76530 3.84937 3.83606 3.86313 3.85364 3.80595 3.81036 3.81465 4.07263 4.18681 4.20720 4.31232 4.28936 4.30665 4.23293 4.14759 4.04289 4.03797 4.04479 4.06368 4.06767 4.04037 3.95784 3.86535 3.86196 3.89239 4.07285 4.08936 4.07132 4.01976 3.71694 3.73511 3.76863 3.80344 3.86163 3.90456 4.04627 4.11308 4.13718 4.18694 4.24645 4.28051 4.29464 4.31690 4.02547 4.00798 3.96337 3.82609 3.80353 3.78598 3.94273 3.93138 3.91411 3.88674 3.86154 3.88246
2.99375 3.15066 3.24537 3.34668 3.57582 3.67654 3.68987 3.70331 3.71707 3.73114 3.74347 3.78878 3.84267 3.96744 3.96566 4.00691 3.98375 3.97088 3.98017 4.16870 4.32857 4.33165 4.37476 4.38159 4.38969 4.37924 4.36654 4.23371 4.24011 4.23874 4.22544 4.22414 4.20933 4.18379 4.07813 4.07705 4.04592 4.14483 4.14959 4.10215 3.98221 3.92645 3.90876 3.90365 3.90283 3.93465 3.93823 4.03295 4.09952 4.08592 4.12676 4.15035 4.20911 4.20646 4.30743 3.95261 3.85439 3.79151 3.59842 3.59697 3.65696 3.82746 3.93390 3.98034 4.03681 4.09231 4.10935
3.01684 3.14678 3.32066 3.37891 3.66604 3.88762 3.91778 3.93173 3.92980 3.92565 3.92150 3.94710 4.01222 4.14519 4.18198 4.18784 4.17894 4.12535 4.12601 4.19241 4.39442 4.41225 4.42207 4.45856 4.43257 4.40897 4.44555 4.29725 4.27098 4.27098 4.26226 4.22127 4.15947 4.10094 3.92646 3.87029 3.85530 3.91839 4.02533 4.01969 3.95649 3.92489 3.90183 3.88916 3.87302 3.87971 3.87810 3.91125 4.03387 4.05196 4.05556 4.04143 4.08741 4.05043 4.15227 4.00609 3.86699 3.91291 3.81257 3.81329 3.92887 4.00183 4.11641 4.11043 4.08131 4.05062 4.03438
3.18750 3.29105 3.54413 3.56705 3.77567 3.96695 3.95943 3.94131 3.93913 3.93913 3.93913 3.93919 4.01546 4.09987 4.19835 4.21345 4.24518 4.21673 4.23426 4.26781 4.41072 4.35997 4.32694 4.32108 4.35512 4.33048 4.34797 4.22235 4.11424 4.07026 4.03499 4.03198 4.02596 4.00275 3.90792 3.84050 3.83636 3.84558 4.00325 3.98821 3.93339 3.88196 3.84222 3.83911 3.84228 3.85908 3.86833 3.84381 3.94835 3.96124 3.94962 3.93379 3.99808 4.02863 4.09853 4.15503 4.05858 4.02777 3.89968 3.72719 3.72748 3.73037 3.85783 3.87673 3.89965 3.92414 3.93197
3.29886 3.28490 3.51726 3.46487 3.56448 3.86053 3.93913 3.93913 3.93913 3.93913 3.93551 3.90702 3.91076 3.94873 4.31246 4.33031 4.30270 4.21627 4.16128 4.14790 4.32860 4.32653 4.33082 4.24123 4.13552 4.11619 4.15823 4.13393 4.03185 4.02764 4.02148 4.01533 4.00975 3.97504 3.89389 3.74976 3.71093 3.67371 3.79850 3.85895 3.85987 3.87631 3.84834 3.80432 3.77559 3.75663 3.77757 3.77824 3.85296 3.96772 3.97373 3.96970 3.96021 3.92338 3.92529 3.95122 3.89595 3.87403 3.84851 3.65999 3.67138 3.77633 3.90341 4.03888 4.07092 4.10296 4.13503
3.22361 3.22258 3.42878 3.46528 3.48136 3.78178 3.92378 3.89122 3.85800 3.82480 3.79537 3.80395 3.82965 3.80479 4.05418 4.22446 4.23044 4.20670 4.17996 4.17625 4.30663 4.37466 4.35403 4.29761 4.13075 4.13279 4.15054 4.17121 4.08254 4.05513 4.02374 3.99250 3.96130 3.93422 3.93181 3.81503 3.83202 3.86064 3.92736 4.00286 3.97620 3.96434 3.94746 3.92889 3.93435 3.93420 3.96392 3.97118 3.98674 4.16503 4.17461 4.17485 4.15897 4.10451 4.10524 4.02800 4.00862 3.94901 3.92807 3.74541 3.61792 3.89019 3.98824 4.15954 4.16461 4.17834 4.21256
3.25380 3.26850 3.36707 3.43566 3.37752 3.56639 3.78871 3.83780 3.86304 3.89073 3.92179 3.93973 3.94896 3.88866 3.94696 4.31086 4.31411 4.29331 4.26294 4.24387 4.33019 4.46067 4.41869 4.42065 4.11023 4.05824 4.02650 4.06965 4.06769 4.08490 4.10702 4.12383 4.13910 4.14905 4.15936 4.03925 3.95021 3.91428 3.88746 3.94486 3.95733 3.96877 3.98404 3.95604 3.95092 3.95092 3.97082 3.98327 3.98327 4.11034 4.17662 4.17777 4.16947 4.12319 4.10393 3.99761 3.95292 3.85306 3.82824 3.71596 3.50357 3.69318 3.93154 4.07641 4.16016 4.16227 4.14329
3.26301 3.30446 3.31955 3.42611 3.42127 3.57074 3.87521 3.97244 3.98143 3.99566 4.00676 4.01781 4.02889 4.02210 3.92890 4.33162 4.42390 4.43006 4.41981 4.39901 4.39338 4.54051 4.49793 4.46749 4.15543 4.04200 4.05447 4.12455 4.16168 4.16270 4.15585 4.14547 4.10845 4.05891 4.02315 3.97980 3.93397 4.04084 4.08073 3.99826 3.97129 3.98001 4.00601 3.99715 3.98548 3.97896 3.98209 3.99723 3.99252 3.95387 3.99082 3.97801 3.95937 3.89408 3.82641 3.74047 3.70351 3.68110 3.66785 3.65430 3.52563 3.51950 3.85055 3.89616 4.03388 4.02841 4.02043
3.24205 3.45521 3.50674 3.69751 3.69999 3.71329 3.98579 4.12394 4.13587 4.14020 4.14415 4.14810 4.15202 4.15459 4.08078 4.30235 4.62950 4.69925 4.54640 4.39863 4.25506 4.45283 4.55590 4.49778 4.31622 4.07875 4.10622 4.14167 4.12382 4.09226 4.06590 4.08279 4.12877 4.18748 4.23236 4.23016 4.08548 4.17063 4.18457 4.15969 4.08752 4.09964 4.12634 4.12594 3.97843 3.97957 3.98669 4.01657 4.01661 3.96444 3.87602 3.94713 3.97343 3.97484 3.92759 3.90924 3.81801 3.79661 3.70464 3.68063 3.54456 3.44726 3.71650 3.84541 3.90074 3.84206 3.80096
3.27659 3.51993 3.53258 3.66943 3.73130 3.71806 3.90106 4.06179 4.09750 4.11204 4.13692 4.21225 4.30971 4.40864 4.45434 4.45020 4.89753 4.93647 4.79529 4.59334 4.44606 4.66688 4.84479 4.80258 4.71625 4.28650 4.26153 4.23095 4.16628 4.23310 4.26850 4.26965 4.26965 4.27035 4.27950 4.29115 4.17820 4.19708 4.24770 4.25165 4.15705 4.14326 4.15535 4.16993 4.02653 3.98448 3.99951 4.05094 4.08004 4.10137 3.92465 4.04180 4.03831 4.03883 3.94232 3.90774 3.77914 3.78163 3.71886 3.73869 3.68112 3.56784 3.72089 3.96130 3.92095 3.86153 3.86153
3.34771 3.57840 3.67976 3.77371 3.91845 3.91322 4.10478 4.45895 4.60813 4.69101 4.76367 4.78589 4.78589 4.78589 4.78468 4.67659 4.96793 5.12677 5.07268 4.71018 4.61754 4.72542 4.97274 4.97249 4.75201 4.43097 4.40124 4.39773 4.26089 4.28299 4.29607 4.30771 4.31936 4.33030 4.33279 4.33310 4.26409 4.18821 4.26585 4.26883 4.21327 4.15894 4.18429 4.22459 4.16886 4.08052 4.08617 4.10179 4.11168 4.11742 3.95748 4.06410 4.13386 4.15960 4.05025 4.07493 4.05269 4.12173 4.04827 3.85029 3.79975 3.66836 3.62999 3.97002 3.97518 3.84831 3.81139
3.31748 3.58216 3.90750 3.94329 4.14728 4.15356 4.25751 4.68066 4.78399 4.78589 4.78589 4.78589 4.78589 4.78878 4.84214 4.85561 4.92821 5.10886 5.19566 5.02609 5.01588 5.01068 5.21370 5.31818 4.88461 4.62008 4.43819 4.45649 4.35564 4.32709 4.33279 4.33280 4.33513 4.33908 4.34303 4.34666 4.32639 4.17730 4.24811 4.26534 4.24992 4.24303 4.23289 4.25369 4.24841 4.09700 4.13202 4.18441 4.24763 4.28445 4.23382 4.24438 4.42133 4.48548 4.44706 4.28134 4.22005 4.18243 4.16211 3.86441 3.84184 3.73480 3.60853 3.80598 3.89401 3.79548 3.73100
