results/OMI_NO2_200901.asc
ncols      200
nrows      200
xllcorner       120.258
yllcorner       41.1236
cellsize     0.0166667
NODATA_Value      -999.000
[rows 60 to 89 of 190, columns 132 to 197 of 200]
6.09634 6.12011 6.11236 6.13118 5.84502 3.71334 3.64142 3.44545 3.44539 3.44539 3.44539 3.44501 3.44226 3.45535 3.45876 3.44133 3.11148 2.83285 2.81279 2.74102 2.85292 2.93115 2.41300 2.27577 2.31665 2.39001 2.39352 2.34199 2.29410 2.27346 2.28952 2.30290 2.30898 2.31969 2.33311 2.41117 2.51147 2.30920 2.09123 2.07310 2.07310 2.12293 2.18919 2.40845 2.38879 2.36957 2.35134 2.37765 2.69067 2.79193 2.88254 2.96572 3.06144 3.19516 3.19516 3.19516 3.19315 3.16868 4.18641 4.16780 3.99814 3.79388 3.98552 3.77314 3.82321 3.86005
6.07713 6.02950 6.01461 6.04194 6.04810 4.33762 3.67766 3.49296 3.44539 3.44539 3.44539 3.46487 3.50578 3.56319 3.63836 3.69541 3.50384 3.19876 3.17353 3.25211 3.42899 3.45384 2.99733 2.51254 2.39408 2.39965 2.43868 2.46273 2.47064 2.47966 2.46904 2.46092 2.46250 2.46253 2.46253 2.46585 2.55546 2.50026 2.11854 2.07200 2.07169 2.09177 2.15037 2.29483 2.33907 2.33907 2.33907 2.33964 2.74799 2.98180 2.98180 2.98180 2.97746 3.13132 3.09551 3.03556 2.95511 2.79308 2.64514 2.41171 2.61596 2.85107 3.27577 3.86005 3.86005 3.86005
6.01461 6.01461 6.01461 6.02317 6.06059 5.19529 3.71668 3.65869 3.56053 3.60302 3.64213 3.60201 3.54578 3.50823 3.49891 3.90161 3.95969 3.66026 3.42535 3.35248 3.31732 3.36059 3.32347 2.81555 2.59655 2.50797 2.47606 2.46131 2.46253 2.46253 2.46247 2.46218 2.46187 2.46157 2.46126 2.46095 2.51904 2.56155 2.24093 2.08104 2.07138 2.07192 2.14068 2.22433 2.33907 2.33907 2.33907 2.32740 2.43980 2.83416 2.80109 2.74441 2.69816 2.76181 2.88557 2.86158 2.81502 2.70585 2.68355 2.46045 2.53481 2.80476 3.10888 3.87154 4.02488 4.03680
6.03809 6.12315 6.21529 6.31058 6.41600 6.34363 4.00920 3.82297 3.56071 3.53805 3.52351 3.55952 3.59323 3.62166 3.58739 3.66145 3.77239 3.59883 3.34070 3.33074 3.30657 3.32268 3.29228 2.91956 2.62368 2.47526 2.47701 2.48346 2.48986 2.49626 2.50271 2.50939 2.51609 2.52281 2.52954 2.53619 2.55787 2.63833 2.51103 2.20992 2.18033 2.18685 2.21445 2.20545 2.30875 2.25054 2.18862 2.13845 2.20434 2.51699 2.66128 2.59146 2.53268 2.55001 2.80764 2.85023 2.89358 2.86076 2.78913 2.65885 2.55401 2.82816 3.12060 3.71604 4.24596 4.22026
6.52943 6.46267 6.30136 6.14971 6.01280 6.07564 4.67181 3.93344 3.76091 3.68960 3.68532 3.68106 3.67714 3.68344 3.67372 3.50591 3.79391 3.70190 3.18495 3.14057 3.09644 3.45904 3.49419 3.38740 3.01409 2.71292 2.63530 2.63530 2.63530 2.63530 2.63530 2.63530 2.63530 2.63530 2.63530 2.63530 2.63298 2.68291 2.66814 2.24376 2.09627 2.04073 1.97449 1.89711 1.98282 1.99848 1.93566 1.87292 1.88632 2.10741 2.53141 2.59838 2.63682 2.64063 2.78107 2.90437 2.90437 2.89963 2.79589 2.74921 2.55386 2.70023 2.90456 3.07181 3.61582 3.38742
5.86104 5.79725 5.81087 5.81957 5.81905 5.96420 5.44878 3.91712 3.82743 3.67264 3.67264 3.66847 3.64250 3.61425 3.61346 3.46884 3.64279 3.74964 3.34553 3.24132 3.16452 3.47397 3.55805 3.51769 3.13261 2.86175 2.63530 2.63530 2.63530 2.63530 2.63483 2.62886 2.62129 2.61372 2.59676 2.54496 2.48160 2.41997 2.36425 2.09163 1.87147 1.84679 1.81671 1.75152 1.79866 1.93152 2.00137 2.06955 2.11151 2.25501 2.47620 2.64063 2.64063 2.64063 2.66983 2.89957 2.90157 2.89046 2.79024 2.62994 2.27727 2.07358 2.29863 2.40848 2.93375 3.34936
5.81902 5.81669 5.81425 5.81179 5.80986 5.86979 6.02020 4.08566 3.87418 3.63536 3.61407 3.60549 3.61880 3.63472 3.65520 3.62464 3.55234 3.78697 3.51070 3.24292 3.18583 3.37424 3.55805 3.55429 3.27888 3.00174 2.65375 2.61699 2.59996 2.55033 2.48719 2.43083 2.37768 2.32557 2.28367 2.27042 2.26923 2.26869 2.25370 2.16134 1.84247 1.88159 1.94892 2.00173 2.00300 2.09994 2.10990 2.10990 2.10990 2.22051 2.29988 2.61856 2.62021 2.60970 2.59748 2.68083 2.65904 2.54275 2.42045 2.30739 2.18449 1.96962 2.17702 2.40483 2.62360 3.38823
5.80984 5.80971 5.80971 5.80959 5.80450 5.80037 6.03036 4.80015 3.88474 3.72816 3.64272 3.64272 3.64272 3.64272 3.64498 3.66704 3.50608 3.75177 3.65425 3.24391 3.20588 3.27407 3.51569 3.44717 3.26321 2.80403 2.49643 2.31320 2.29088 2.27411 2.27170 2.27018 2.26917 2.26914 2.25349 2.22876 2.23768 2.25047 2.28748 2.32927 2.13242 2.04175 2.03971 2.03743 2.00343 2.06626 2.09012 2.07845 2.06677 2.12925 2.19771 2.40477 2.45549 2.34764 2.23514 2.23946 2.43678 2.43703 2.43703 2.33394 2.29850 2.03391 2.19024 2.66036 3.27436 4.69486
5.82652 5.82061 5.81534 5.81016 5.80993 5.81037 5.96114 5.58449 3.88758 3.81502 3.64272 3.64272 3.64272 3.64272 3.64272 3.65253 3.54718 3.51020 3.58406 3.07244 2.95090 2.81395 3.10465 3.09024 3.01417 2.69000 2.51538 2.23258 2.26914 2.26914 2.25991 2.24143 2.25255 2.26477 2.29263 2.32960 2.33291 2.33291 2.33270 2.34229 2.29705 2.12475 2.15781 2.19775 2.21107 2.18279 2.04302 2.04280 2.04280 2.08052 2.19591 2.19591 2.19591 2.19591 2.19591 2.19134 2.34293 2.42966 2.46368 2.54988 2.75282 2.69688 2.66698 2.73422 3.31616 4.02757
5.80967 5.81032 5.81037 5.81037 5.81037 5.81037 5.87387 6.06222 4.18191 3.87165 3.59512 3.52496 3.47760 3.43158 3.39105 3.35540 3.34441 3.17726 3.33341 2.93543 2.81982 2.68549 2.95655 3.01456 2.99934 2.80386 2.57133 2.29440 2.25980 2.27966 2.30112 2.33183 2.33291 2.33482 2.36920 2.41700 2.46710 2.51969 2.57490 2.58908 2.58312 2.29343 2.25492 2.25371 2.24165 2.21082 2.07587 2.04280 2.04280 2.04800 2.18888 2.19242 2.20106 2.22542 2.25243 2.28560 2.41698 2.64713 2.64846 2.66775 2.85192 2.75718 2.48907 2.41050 2.67432 3.43661
5.81037 5.81037 5.81037 5.79826 5.77152 5.74481 5.72033 5.93079 4.82317 3.71088 3.49170 3.32507 3.29658 3.26809 3.23559 3.20844 3.21626 3.12296 3.16605 2.98063 2.78250 2.67286 2.83813 2.99525 3.00000 2.92195 2.63989 2.50821 2.32440 2.39575 2.44482 2.49631 2.55021 2.60437 2.61891 2.61875 2.61858 2.61842 2.61825 2.60456 2.58080 2.41976 2.25667 2.25202 2.25136 2.22617 2.16322 2.06721 2.07459 2.09872 2.08304 2.07730 2.09364 2.10031 2.10560 2.10784 2.07362 2.20642 2.19069 2.12638 2.18754 2.25140 1.98328 1.91033 2.00688 2.25437
5.65413 5.62148 5.58877 5.58405 5.66220 5.75348 5.83495 6.03373 5.77675 3.47724 3.35120 3.06859 3.06500 3.06071 3.05676 3.05263 3.05763 3.05921 2.94306 3.01909 2.89516 2.81436 2.85254 3.01392 2.99018 2.92358 2.66854 2.50429 2.57803 2.61537 2.61530 2.61515 2.61510 2.61510 2.61510 2.61510 2.61510 2.61510 2.61510 2.61341 2.57255 2.50414 2.17607 2.11361 2.08119 2.21445 2.37626 2.18752 2.20925 2.22402 2.15415 2.08413 2.04594 1.99811 1.94988 1.90472 1.89467 1.96809 2.10067 2.10067 2.12998 2.25145 2.12275 1.91033 1.93216 2.20645
5.75455 5.85388 5.93372 5.99487 5.98766 5.96730 5.95692 6.01167 6.16493 3.94892 3.37307 3.04846 3.00676 3.00664 3.00666 3.00423 2.97997 3.04504 2.93806 2.98943 2.91192 2.80860 2.71696 2.90180 2.90317 2.89630 2.73634 2.48899 2.56148 2.60334 2.61510 2.61510 2.61510 2.61510 2.61069 2.60163 2.59258 2.56748 2.50097 2.45696 2.32261 2.20530 2.09648 2.17302 2.29426 2.36463 2.67347 2.33111 2.19206 2.14484 2.04935 1.89767 1.89467 1.89467 1.89467 1.89467 1.89467 1.89995 2.07922 2.10224 2.12328 2.27753 2.32289 2.06816 2.09176 2.33762
5.98992 5.96747 5.96459 5.96435 5.96249 5.96030 5.95816 5.95849 6.14027 4.95779 3.37286 3.17586 2.97993 2.93410 2.88819 2.84476 2.82349 2.88096 2.93620 2.86211 2.87459 2.82276 2.69541 2.86577 2.90317 2.90317 2.80736 2.56036 2.52907 2.59321 2.59646 2.58867 2.60264 2.57534 2.53898 2.50331 2.45470 2.42070 2.43389 2.42191 2.39170 2.24888 2.21417 2.11174 2.23599 2.18451 2.37600 2.26170 2.05545 2.05545 2.04518 1.89602 1.89467 1.89478 1.90867 1.93210 1.95552 1.97895 2.10263 2.24895 2.25473 2.32449 2.43119 2.25141 2.12602 2.23692
5.96243 5.96026 5.95809 5.95616 5.95585 5.95585 5.95553 5.95158 6.05797 5.83583 3.27048 3.12632 2.80924 2.80924 2.80924 2.80924 2.80924 2.81924 2.95854 2.84459 2.89226 2.85623 2.70972 2.81457 2.90317 2.90774 2.87899 2.69871 2.46666 2.55726 2.59328 2.55563 2.47916 2.44960 2.43371 2.42066 2.41938 2.41544 2.38072 2.32822 2.27388 2.11458 2.02455 1.74533 1.83350 2.08683 2.22011 2.38971 2.07805 2.08719 2.11060 2.00256 1.99665 2.01997 2.02947 2.02947 2.02947 2.02947 2.04451 2.24451 2.25473 2.26553 2.42472 2.36814 2.12952 2.16297
5.90732 5.95484 5.94940 5.94423 5.93637 5.90805 5.87600 5.84762 5.88230 6.03089 3.97160 3.17539 2.87178 2.80924 2.80924 2.80924 2.80924 2.80924 2.90065 2.91964 2.87108 2.91603 2.81579 2.83147 2.93137 2.88651 2.81718 2.59425 2.28594 2.33715 2.35245 2.32653 2.28311 2.24312 2.20753 2.16042 2.11348 2.07044 2.05064 2.04736 2.04736 2.00851 1.93846 1.77133 1.68191 1.92332 1.98656 2.18549 2.15115 2.19026 2.19026 2.09719 2.02947 2.02947 2.02947 2.02947 2.02947 2.02947 2.02903 2.14768 2.21642 2.14995 2.19662 2.20101 1.91968 1.95915
5.64842 5.91099 5.88405 5.85689 5.83236 5.82835 5.82835 5.82835 5.83135 6.01461 5.00095 3.17543 3.00272 2.82214 2.83709 2.85203 2.86698 2.88356 2.91992 3.01310 2.81327 2.78185 2.64826 2.53166 2.69992 2.67972 2.65876 2.39215 2.11683 2.01909 2.13192 2.08485 2.07460 2.06326 2.04920 2.04736 2.04736 2.03046 1.99719 1.96552 1.93538 1.90447 1.81102 1.76579 1.56683 1.76415 1.92168 2.08112 2.13658 2.19026 2.19026 2.13548 2.02947 2.02926 2.01558 1.96863 1.91085 1.85226 1.79325 1.77196 1.89010 1.89006 1.93618 2.10269 2.06815 2.03094
5.30749 5.82357 5.82835 5.82835 5.82835 5.82835 5.82728 5.82039 5.81265 5.92760 5.84659 3.23885 3.09833 2.90895 2.87624 2.81822 2.76019 2.70051 2.64606 2.76737 2.72447 2.55903 2.54121 2.41834 2.59162 2.62615 2.64249 2.51061 2.25302 2.09591 2.19500 2.04720 2.01132 1.97900 1.94818 1.91881 1.89080 1.87697 1.87697 1.87261 1.85924 1.84552 1.79194 1.74911 1.56233 1.56562 1.81734 1.87219 2.00731 1.98021 1.95097 1.87580 1.88640 1.83296 1.79054 1.78730 1.84641 1.92102 2.00497 2.10177 2.16685 2.23115 2.28420 2.53638 2.57693 2.42829
5.23235 5.64327 5.80846 5.79727 5.78582 5.77460 5.75945 5.49762 5.07625 4.69446 4.37518 3.22409 2.88290 2.64997 2.56911 2.58858 2.61887 2.64916 2.67855 2.73044 2.82458 2.50976 2.56994 2.45536 2.52295 2.55139 2.54905 2.49039 2.10929 1.90904 1.87719 1.73420 1.61402 1.60041 1.58679 1.57303 1.55942 1.54566 1.53194 1.52265 1.52240 1.52240 1.51668 1.48791 1.40954 1.25311 1.48531 1.51550 1.48091 1.48089 1.54988 1.55444 1.88854 2.01391 2.10642 2.21654 2.25896 2.28888 2.31851 2.32977 2.32977 2.32977 2.32977 2.44783 2.60947 2.50685
5.05170 4.77597 4.77971 4.33919 3.88756 3.38546 2.85874 2.62063 2.56265 2.52032 2.75736 2.75602 2.60305 2.54235 2.44179 2.44775 2.44318 2.43841 2.44347 2.47884 2.60102 2.46002 2.43119 2.49328 2.45558 2.34333 2.33959 2.33959 2.03340 1.84602 1.74613 1.75121 1.52349 1.52240 1.52240 1.52240 1.52240 1.52307 1.52617 1.52494 1.51075 1.46566 1.41615 1.37159 1.33725 1.21150 1.28691 1.40033 1.41737 1.47434 1.72725 1.81367 2.11685 2.29766 2.32485 2.32977 2.32977 2.32977 2.32977 2.32977 2.32977 2.32977 2.32977 2.34805 2.58926 2.54628
2.19332 2.02258 2.50423 2.51069 2.45708 2.44139 2.44253 2.46710 2.50063 2.53435 2.73293 2.84410 2.66687 2.60505 2.41571 2.43883 2.48143 2.52391 2.55679 2.56004 2.57777 2.58420 2.35078 2.45159 2.48283 2.33982 2.33959 2.33959 2.16277 1.91871 1.74804 1.77313 1.61454 1.52813 1.52945 1.51956 1.48164 1.43043 1.38051 1.34509 1.32162 1.32793 1.34056 1.34239 1.34709 1.31019 1.30046 1.57681 1.63284 1.66022 1.85119 1.92334 2.08258 2.32977 2.32977 2.32977 2.32977 2.32769 2.32015 2.31232 2.30448 2.29665 2.28882 2.28473 2.45805 2.55437
2.13580 2.02378 2.21708 2.46779 2.50149 2.53515 2.56761 2.57678 2.57678 2.57689 2.65837 2.85775 2.80473 2.72465 2.60474 2.55424 2.55414 2.55414 2.55414 2.55414 2.55666 2.61518 2.42275 2.43127 2.49644 2.36338 2.33959 2.33959 2.29033 1.92084 1.75502 1.66663 1.62288 1.39245 1.34623 1.31790 1.31693 1.32997 1.34192 1.34419 1.34844 1.37354 1.38821 1.39507 1.38752 1.36335 1.41595 1.60734 1.68665 1.68406 1.76386 1.92245 1.97868 2.31428 2.30645 2.29861 2.29078 2.28502 2.28473 2.28473 2.28473 2.28473 2.28473 2.28473 2.35297 2.55543
2.24492 2.16189 2.17579 2.56647 2.57633 2.56905 2.56828 2.57366 2.60260 2.64033 2.68192 2.95381 2.95907 2.77961 2.69716 2.55414 2.55414 2.55414 2.55414 2.55414 2.55414 2.58534 2.55854 2.36083 2.44437 2.31088 2.18435 2.09253 2.00311 1.64735 1.49290 1.40559 1.49094 1.39044 1.34592 1.34928 1.35300 1.37524 1.38708 1.39401 1.39633 1.37496 1.36612 1.36612 1.36288 1.36023 1.40212 1.54849 1.77009 1.80488 1.84545 1.87966 1.87944 2.25034 2.28473 2.28473 2.28473 2.28473 2.28473 2.28473 2.28473 2.28465 2.27090 2.29173 2.46065 3.05500
2.32413 2.24726 2.14044 2.41127 2.57997 2.62507 2.66363 2.69616 2.70509 2.70509 2.70509 2.87550 2.97241 2.84205 2.76437 2.56460 2.54635 2.52886 2.51134 2.49382 2.47601 2.46336 2.50414 2.18190 2.11743 1.99504 1.82992 1.80624 1.78509 1.66086 1.56874 1.46070 1.47531 1.51731 1.38287 1.38725 1.39011 1.37198 1.36612 1.36612 1.36931 1.38410 1.40057 1.41787 1.43500 1.44832 1.46002 1.55794 1.86308 1.88674 1.88342 1.88013 1.87830 2.15520 2.28473 2.28473 2.28473 2.27702 2.32454 2.49491 2.68788 2.89347 3.11970 3.32104 3.34784 3.68737
2.31845 2.31501 2.19334 2.35872 2.70501 2.70509 2.70509 2.70509 2.70509 2.70532 2.71242 2.78390 3.02097 3.02917 2.91548 2.63055 2.44173 2.42938 2.38141 2.32794 2.27470 2.22345 2.22250 2.05983 1.84584 1.81316 1.65586 1.65594 1.65594 1.62341 1.48233 1.34123 1.23256 1.29989 1.36377 1.37730 1.39346 1.41040 1.42817 1.44682 1.46227 1.46353 1.46353 1.46353 1.46353 1.45845 1.45525 1.50763 1.76163 1.90566 1.90921 1.91220 1.92914 2.12633 2.47290 2.67573 2.89568 3.14303 3.30306 3.18925 3.03659 2.90443 2.84146 3.01757 3.21188 3.34282
2.30417 2.30436 2.22342 2.24838 2.65533 2.73997 2.72879 2.71790 2.70745 2.69708 2.68103 2.68824 2.93362 3.03549 2.80900 2.58382 2.15833 2.11682 2.10085 2.08019 2.05939 2.03730 2.03154 2.05647 1.82933 1.79727 1.60927 1.52161 1.44707 1.39885 1.35938 1.35393 1.30011 1.35473 1.49592 1.53114 1.53569 1.54018 1.54467 1.54917 1.55364 1.55814 1.56266 1.56716 1.57167 1.57374 1.58206 1.61888 1.83735 2.35710 2.61758 2.88168 2.85139 2.94367 3.06934 2.95276 2.81702 2.70426 2.68391 2.76577 2.87351 2.98126 3.04329 3.07090 3.34191 3.35000
2.36477 2.38133 2.33786 2.24783 2.46682 2.68905 2.68431 2.67839 2.65990 2.62980 2.59905 2.56840 2.58105 2.79124 2.67118 2.52476 1.98088 1.90315 1.88454 1.87714 1.86954 1.85594 1.80842 1.78537 1.59860 1.40010 1.48915 1.54282 1.56907 1.58967 1.55163 1.51337 1.41595 1.39329 1.51760 1.57687 1.58092 1.58092 1.58092 1.58092 1.58243 1.60705 1.64409 1.70089 1.74623 1.78141 1.61345 1.64578 2.51072 3.02478 2.99634 2.91986 2.66979 2.56882 2.70873 2.79727 2.90511 3.01040 3.04362 3.04362 3.04362 3.03736 2.99667 2.95228 3.06474 3.11605
2.24677 2.19209 2.17571 2.08849 2.20202 2.53821 2.52276 2.49842 2.48679 2.48677 2.47553 2.45524 2.44999 2.58948 2.63472 2.44668 2.11381 1.86619 1.83552 1.78852 1.74397 1.70702 1.71006 1.75289 1.76587 1.49607 1.54532 1.59332 1.59121 1.59121 1.57667 1.51339 1.45826 1.39664 1.46227 1.56729 1.62616 1.66191 1.71671 1.76411 1.79052 1.78616 1.78836 1.77828 1.78865 1.81610 1.67268 1.56656 2.18564 2.76404 2.87378 2.94128 2.97070 2.86633 2.93614 2.93374 2.89169 2.85116 2.81205 2.77431 2.73728 2.69829 2.68355 2.67278 2.69413 2.84092
2.21502 2.12786 2.13820 2.17555 2.22855 2.40920 2.47512 2.45471 2.43437 2.41404 2.40487 2.40487 2.40676 2.49320 2.64978 2.45556 2.23435 1.75609 1.74214 1.74455 1.74455 1.74455 1.74455 1.74633 1.78972 1.59533 1.51190 1.61035 1.59121 1.59121 1.59114 1.52395 1.50377 1.48189 1.54433 1.70728 1.76665 1.75520 1.74334 1.75133 1.78481 1.82083 1.83319 1.83204 1.81936 1.85474 1.88392 1.74401 2.09725 2.95541 2.89538 2.85647 2.79874 2.63868 2.65514 2.69685 2.68613 2.67537 2.66463 2.65390 2.64375 2.64142 2.64142 2.64142 2.64142 2.77516
2.27255 2.16660 2.15337 2.13443 2.14438 2.24211 2.40484 2.40487 2.41062 2.41473 2.40949 2.37850 2.32866 2.31476 2.45568 2.41727 2.31411 1.81830 1.74455 1.74455 1.74455 1.74455 1.74455 1.74455 1.77043 1.72107 1.49030 1.61277 1.59301 1.60503 1.60108 1.54637 1.49662 1.48033 1.47128 1.64400 1.74861 1.85002 1.89936 1.94230 1.97117 2.03079 2.11240 2.19190 2.29642 2.35015 2.35017 2.06937 2.02282 2.85603 2.74315 2.70021 2.65845 2.56491 2.58282 2.64142 2.64142 2.64142 2.64142 2.64142 2.64142 2.64142 2.64142 2.64142 2.64142 2.69472
