results/OMI_NO2_201008.asc
ncols      200
nrows      200
xllcorner       120.258
yllcorner       41.1236
cellsize     0.0166667
NODATA_Value      -999.000
[rows 87 to 115 of 175, columns 67 to 133 of 200]
2.18566 2.09370 2.05085 2.05085 2.05085 2.05085 2.05085 2.05085 2.08000 2.30718 2.30981 2.30981 2.29473 2.08415 1.84535 1.71472 1.58397 1.52033 1.53738 1.93208 2.02576 2.02576 2.02576 2.02576 2.02576 2.03458 2.05312 2.07166 2.03131 2.04367 2.14157 2.24047 2.33932 2.40546 2.40718 2.40718 2.40718 2.40718 2.40718 2.31867 2.23917 2.38837 2.40810 2.40810 2.40810 2.40810 2.40810 2.22754 2.07355 1.99896 2.20155 2.10364 1.99860 1.96632 1.98501 2.06067 2.16580 2.27069 2.34911 2.41125 2.46835 2.48898 2.77782 2.91062 2.95101 2.99256 3.59966
2.05085 2.05085 2.05085 2.05085 2.05085 2.05085 2.05085 2.05085 1.99319 2.05167 1.99087 1.86012 1.74451 1.70928 1.52435 1.51742 1.51742 1.51742 1.51742 1.73627 2.02576 2.02973 2.04717 2.06571 2.08425 2.13458 2.23308 2.33186 2.40494 2.40622 2.40718 2.40718 2.40718 2.40718 2.40718 2.40718 2.40718 2.40718 2.40718 2.38804 2.23989 2.32238 2.40810 2.37772 2.27329 2.16552 2.05781 1.87325 1.61297 1.62607 1.91822 2.15299 2.25826 2.36342 2.44991 2.47952 2.47952 2.49468 2.53368 2.57294 2.61223 2.64205 2.77321 3.01486 3.00368 2.98722 3.32173
2.05085 2.05085 2.05085 2.04041 1.93847 1.81532 1.69211 1.56892 1.50345 1.58069 1.72497 1.72497 1.72497 1.72497 1.59733 1.51742 1.51742 1.51975 1.56561 1.65718 2.04639 2.13772 2.23764 2.33650 2.43540 2.49365 2.49405 2.49405 2.49262 2.41518 2.40718 2.40718 2.40718 2.40718 2.40718 2.40718 2.40718 2.40718 2.40808 2.41696 2.31340 2.26281 1.98013 1.89804 1.87638 1.84666 1.82707 1.89552 2.11915 2.31516 2.42074 2.47932 2.47959 2.50165 2.54092 2.58020 2.61949 2.64360 2.64390 2.64390 2.64390 2.64390 2.66165 2.99702 3.01357 2.98880 3.09935
1.88484 1.76165 1.63847 1.52579 1.50448 1.50448 1.50448 1.50448 1.50448 1.51176 1.71090 1.72497 1.72497 1.72497 1.70893 1.60168 1.66371 1.77305 1.88829 1.98723 2.27488 2.49393 2.49405 2.49405 2.49405 2.49405 2.49405 2.49405 2.49405 2.44605 2.40718 2.40718 2.40718 2.40718 2.41281 2.42357 2.43433 2.44510 2.45044 2.42561 2.35360 2.19624 1.89005 1.81737 1.92876 2.05133 2.16400 2.18555 2.30941 2.44346 2.48273 2.56936 2.62667 2.64390 2.64390 2.64390 2.64390 2.64390 2.64390 2.64390 2.64390 2.64390 2.64390 2.85434 3.01486 2.99898 2.98855
1.50448 1.50448 1.50448 1.50448 1.50448 1.50448 1.50448 1.50448 1.50448 1.50448 1.64086 1.78262 1.84486 1.89257 1.90201 1.94683 2.09061 2.14010 2.14010 2.14010 2.18789 2.49106 2.49405 2.49405 2.49405 2.49405 2.49405 2.49405 2.49405 2.48063 2.41942 2.43018 2.44094 2.43747 2.41292 2.38321 2.35350 2.32376 2.29857 2.33210 2.45136 2.43444 2.40450 2.18555 2.18923 2.22217 2.26147 2.30072 2.37757 2.57839 2.57846 2.59662 2.64390 2.64390 2.64390 2.64390 2.64390 2.64390 2.64390 2.64390 2.64390 2.64390 2.64390 2.71685 3.01486 3.01038 2.98730
1.50448 1.50448 1.50448 1.50448 1.50448 1.50448 1.50448 1.53571 1.59797 1.64778 1.72188 1.87457 1.84424 1.82843 1.82843 1.92967 2.14010 2.14010 2.14010 2.14010 2.14011 2.39479 2.49405 2.49405 2.49439 2.50212 2.51289 2.52314 2.52613 2.52458 2.40186 2.34082 2.31110 2.29559 2.29559 2.30819 2.41262 2.53530 2.65803 2.74424 2.74928 2.70211 2.65426 2.34719 2.34361 2.34992 2.34992 2.34992 2.34992 2.53321 2.57846 2.57867 2.63257 2.64390 2.64390 2.64390 2.64390 2.64390 2.64390 2.64390 2.64756 2.75436 2.90801 3.06285 3.07668 3.03646 3.04873
1.50448 1.50448 1.50448 1.51487 1.57157 1.62332 1.65567 1.65632 1.62598 1.60807 1.60816 1.79289 1.82843 1.82843 1.82843 1.83276 2.10305 2.14010 2.14010 2.14010 2.15996 2.31439 2.51786 2.51944 2.51974 2.51264 2.50253 2.49293 2.49059 2.49059 2.40566 2.29672 2.37362 2.49635 2.61899 2.72915 2.74966 2.75993 2.77097 2.78201 2.79118 2.78999 2.74504 2.53747 2.34992 2.34992 2.34992 2.34992 2.34992 2.44918 2.57846 2.57846 2.60365 2.64390 2.64390 2.64390 2.71858 2.87220 3.02582 3.17937 3.32932 3.38749 3.41208 3.43656 3.29651 3.03554 2.96051
1.54517 1.59870 1.63148 1.65300 1.62821 1.60837 1.60794 1.60794 1.60794 1.60794 1.60794 1.71012 1.82843 1.82843 1.82843 1.83077 2.02028 2.24364 2.29377 2.34379 2.37394 2.36683 2.47643 2.49059 2.49059 2.49059 2.49059 2.49059 2.53166 2.65231 2.75877 2.70561 2.75006 2.76055 2.77157 2.78260 2.79142 2.79217 2.79217 2.79217 2.79217 2.79217 2.76407 2.68982 2.35245 2.34992 2.34992 2.34992 2.34992 2.36948 2.57425 2.62203 2.77295 2.98415 3.14363 3.29725 3.37611 3.38329 3.39543 3.37291 3.34806 3.31188 3.26242 3.21309 3.15778 2.74658 2.70379
1.63151 1.60881 1.60794 1.60794 1.60794 1.60794 1.60794 1.60794 1.60794 1.60794 1.60794 1.64682 1.89482 1.94747 1.99749 2.04514 2.07352 2.34400 2.35544 2.35544 2.35544 2.35544 2.42167 2.49059 2.50591 2.61336 2.73604 2.85877 2.94346 2.95616 2.96719 2.84336 2.79163 2.79217 2.79217 2.79217 2.79217 2.79217 2.79217 2.79217 2.79217 2.79217 2.78493 2.74221 2.45511 2.34992 2.37079 2.50669 2.66031 2.81393 3.12732 3.30606 3.30840 3.31181 3.31313 3.28833 3.26348 3.23144 3.19446 3.19213 3.18621 3.16300 3.13867 3.11434 3.09323 2.80500 2.63382
1.63790 1.60794 1.60794 1.60794 1.60794 1.60794 1.60959 1.66651 1.75050 1.83460 1.91856 1.98593 2.03066 2.04377 2.04377 2.04377 2.04377 2.23277 2.35544 2.35544 2.35544 2.35519 2.36854 2.78335 2.93070 2.95678 2.96779 2.97883 2.98681 2.98717 2.98717 2.92504 2.79217 2.79217 2.79217 2.79217 2.79217 2.79217 2.79217 2.79217 2.79217 2.79286 2.81761 2.81818 2.80626 2.93174 3.06449 3.09044 3.11567 3.14577 3.28107 3.35818 3.46385 3.54809 3.20622 3.19213 3.18265 3.15850 3.13416 3.10985 3.09145 3.09034 3.09034 3.09034 3.09034 2.97885 2.63382
1.67892 1.60880 1.63998 1.72080 1.80490 1.88887 1.97130 1.99839 1.99839 1.99839 1.99839 1.99839 2.01352 2.04377 2.04377 2.04377 2.04377 2.09923 2.35443 2.35457 2.35819 2.36894 2.37998 2.71495 2.98695 2.98717 2.98717 2.98717 2.98717 2.98717 2.98717 2.98257 2.80717 2.79217 2.79217 2.79217 2.79217 2.80419 2.84011 2.87669 2.91326 2.94987 2.97996 2.99090 2.98538 3.16429 3.26889 3.43874 3.59203 3.74056 3.77890 3.60778 3.58208 3.55774 3.29073 3.10535 3.09050 3.09034 3.09034 3.09034 3.09034 3.09034 3.09034 3.09034 3.09034 3.08532 2.69410
1.76749 1.91494 1.99525 1.99839 1.99839 1.99839 1.99839 1.99839 1.99839 1.99839 1.99839 1.99839 1.99967 2.04052 2.04347 2.04307 2.05479 2.08834 2.31818 2.39161 2.39862 2.39873 2.39873 2.47577 2.97303 2.98717 2.98717 2.98717 2.98717 2.98717 2.98717 2.98717 2.87847 2.82601 2.86258 2.89920 2.94158 2.99047 3.01687 3.04256 3.06831 3.09328 3.12851 3.26903 3.37880 3.61903 3.78429 3.78396 3.76641 3.74210 3.71778 3.57965 3.49409 3.49409 3.42908 3.09236 3.09034 3.09034 3.09034 3.09034 3.09034 3.09034 3.09034 3.09034 3.09034 3.09034 2.88397
1.77517 1.88208 1.99839 1.99839 1.99839 1.99839 1.99839 1.99839 1.99839 1.99839 1.99825 1.99786 2.00756 2.06684 2.12008 2.15439 2.17655 2.17698 2.24781 2.39873 2.39873 2.39873 2.39873 2.40016 2.78767 2.98717 2.98717 2.98720 3.00694 3.04354 3.08017 3.15255 3.20581 3.02803 3.05374 3.07947 3.09938 3.10076 3.10701 3.22075 3.37362 3.52648 3.65159 3.65561 3.57942 3.59329 3.71292 3.68972 3.68294 3.68294 3.68294 3.63792 3.49409 3.49409 3.49409 3.20698 3.09034 3.09034 3.09034 3.09034 3.09034 3.09034 3.09034 3.09034 3.04324 2.94618 2.81285
1.77517 1.79609 1.99375 1.99839 1.99839 1.99839 1.99836 1.99803 2.00590 2.03817 2.07219 2.10650 2.13068 2.14081 2.17698 2.17698 2.17698 2.17698 2.17992 2.37188 2.39873 2.39873 2.39873 2.39259 2.53029 3.06643 3.15544 3.25808 3.34112 3.40726 3.47337 3.50373 3.50361 3.16881 3.10076 3.17218 3.32493 3.47785 3.62452 3.65314 3.56935 3.47106 3.37294 3.28269 3.28242 3.50217 3.64226 3.68294 3.68294 3.68294 3.68294 3.68213 3.51883 3.49409 3.49409 3.38673 3.09034 3.09034 3.09034 3.06255 2.96836 2.87134 2.77423 2.67721 2.58178 2.44015 2.29544
1.77517 1.77517 1.92407 1.99820 2.00440 2.03583 2.06975 2.10396 2.12998 2.13160 2.13160 2.13160 2.13160 2.13161 2.16907 2.17698 2.17698 2.17698 2.17686 2.26109 2.35751 2.38480 2.41861 2.45854 2.57018 3.33999 3.50373 3.50373 3.50373 3.50373 3.50373 3.53587 3.67933 3.64628 3.58208 3.65054 3.56378 3.46573 3.36744 3.27967 3.26533 3.26533 3.26533 3.26533 3.26533 3.41591 3.57478 3.68294 3.68294 3.68294 3.68294 3.68294 3.58680 3.49409 3.48056 3.39344 2.96660 2.79641 2.69939 2.63012 2.60118 2.47015 2.35395 2.24556 2.18256 2.21582 2.25214
1.77988 1.81024 1.90240 2.10146 2.12915 2.13160 2.13160 2.13160 2.13160 2.13160 2.13160 2.13160 2.13160 2.13160 2.14701 2.16455 2.19710 2.23099 2.26483 2.33378 2.58725 2.60187 2.60187 2.60187 2.60187 3.01789 3.50373 3.51206 3.63064 3.78356 3.93642 4.04108 3.96146 3.82161 3.36683 3.27680 3.26533 3.26533 3.26533 3.26533 3.26533 3.26533 3.26533 3.26533 3.26533 3.31258 3.51789 3.67228 3.68294 3.67859 3.60533 3.50831 3.38357 3.12568 3.04178 3.03099 2.88842 2.54910 2.44071 2.33230 2.24999 2.27263 2.28046 2.26438 2.15909 2.04025 1.92132
1.90486 1.90837 1.90931 2.09832 2.13160 2.13160 2.13160 2.13160 2.13160 2.13160 2.12871 2.12960 2.13059 2.13161 2.15507 2.37501 2.38012 2.38012 2.38012 2.38012 2.51523 2.60187 2.60187 2.60187 2.64084 2.85404 3.74735 4.01307 3.95591 3.85782 3.75953 3.67737 3.66829 3.66829 3.37793 3.26533 3.26533 3.26533 3.26533 3.26533 3.26533 3.26533 3.26533 3.26533 3.26533 3.34581 3.69984 3.66469 3.33636 3.24365 3.22910 3.29602 3.37296 3.21413 3.17182 3.20330 3.19332 2.36975 2.28046 2.25069 2.13693 2.01800 1.89917 1.79632 1.78263 1.78263 1.78263
1.90837 1.90837 1.90837 2.00865 2.13160 2.14471 2.14991 2.15094 2.15193 2.15298 2.15685 2.15697 2.15697 2.15697 2.15697 2.31261 2.38012 2.38012 2.38012 2.38012 2.43270 2.69028 2.77687 2.84034 2.79451 2.70172 3.22596 3.67510 3.66829 3.66829 3.66829 3.66829 3.66829 3.66829 3.52714 3.26533 3.26533 3.26533 3.26533 3.26533 3.29554 3.44689 3.61097 3.77497 3.93889 4.05454 4.21771 4.25490 3.48228 3.55770 3.62064 3.62557 3.62067 3.45188 3.21716 3.16957 3.05133 2.47548 1.87687 1.78770 1.78263 1.78263 1.78263 1.78263 1.78263 1.78263 1.78263
1.92853 1.98668 2.08541 2.19540 2.17974 2.16115 2.15697 2.15697 2.15697 2.15697 2.15697 2.15697 2.15697 2.15697 2.15697 2.22893 2.38058 2.43225 2.51858 2.61343 2.72329 2.72700 2.59265 2.51738 2.51236 2.51236 2.73518 3.57742 3.66829 3.66829 3.66829 3.66829 3.66829 3.66829 3.65338 3.29222 3.38405 3.54804 3.71205 3.88038 4.07411 4.16355 4.24043 4.31739 4.39426 4.43857 4.44055 4.65328 3.83424 3.61875 3.61822 3.54942 3.43059 3.28170 2.80086 2.71993 2.71933 2.64476 1.81597 1.78263 1.78263 1.78263 1.78263 1.78263 1.78263 1.78263 1.78263
2.32157 2.36264 2.36321 2.36321 2.23144 2.15697 2.15697 2.15697 2.15697 2.15697 2.15697 2.15697 2.15697 2.17698 2.25888 2.35742 2.67838 2.76771 2.80526 2.83427 2.83628 2.73053 2.51236 2.51236 2.51236 2.51236 2.56079 3.24985 3.66829 3.66829 3.66829 3.72622 3.88817 4.05209 4.20115 4.15465 4.19603 4.27291 4.34986 4.42236 4.43937 4.43932 4.43622 4.43125 4.42638 4.42198 4.42578 4.55951 4.03145 3.28935 3.17092 3.12079 3.12079 3.12079 2.84535 2.71933 2.71933 2.71933 2.15696 1.78263 1.78263 1.78263 1.78263 1.78263 1.78263 1.78263 1.78263
2.36321 2.36321 2.36321 2.36321 2.31489 2.15697 2.15697 2.15697 2.15697 2.15984 2.22236 2.31389 2.43356 2.53740 2.57936 2.61014 2.74089 2.83628 2.83628 2.83628 2.83628 2.83143 2.54984 2.51236 2.51236 2.51236 2.51608 2.96190 3.94193 4.12532 4.23141 4.27970 4.22387 4.16600 4.12311 4.19749 4.43937 4.43937 4.43770 4.43285 4.42788 4.42306 4.42785 4.54467 4.69986 4.85492 5.00565 4.95435 4.12493 3.16526 3.12079 3.12079 3.12079 3.12079 2.99180 2.71933 2.71933 2.71933 2.56805 1.78716 1.78263 1.78263 1.78842 1.82449 1.86492 1.90531 1.94571
2.36321 2.36321 2.36321 2.36321 2.36294 2.19232 2.18704 2.27601 2.39428 2.51527 2.57660 2.60892 2.61313 2.61313 2.61313 2.61313 2.65721 2.83628 2.83628 2.83628 2.83628 2.83628 2.70006 2.56755 2.56680 2.54951 2.52851 2.78174 3.80587 4.12086 4.12086 4.12086 4.12086 4.12086 4.12022 4.11726 4.38759 4.42456 4.43078 4.55291 4.70816 4.86342 5.01181 5.05031 5.05031 5.05031 5.05031 5.05031 4.45637 3.51765 3.12079 3.12079 3.12079 3.12079 3.11011 2.74735 2.71933 2.72128 2.75214 2.12440 1.89626 1.93667 1.97128 1.97850 2.00229 2.07732 2.19847
2.36321 2.36321 2.37050 2.44454 2.56118 2.59736 2.57267 2.60752 2.61313 2.61313 2.61313 2.61313 2.61313 2.61313 2.61313 2.61313 2.61316 2.79948 2.86429 2.85409 2.83678 2.81954 2.76063 2.41681 2.38941 2.38941 2.38941 2.40393 3.35488 4.10296 4.12077 4.11744 4.11252 4.10760 4.11591 4.24283 4.55874 4.87172 5.01741 5.05031 5.05031 5.05031 5.05031 5.05031 5.05031 5.05031 5.05031 5.05031 4.82485 3.92879 3.12079 3.12079 3.12094 3.14455 3.18496 2.98765 2.86431 2.90277 2.91232 2.67829 2.10257 2.22378 2.34491 2.46329 2.56066 2.60685 2.62060
2.52191 2.64579 2.76236 2.81215 2.81938 2.80671 2.62153 2.61313 2.61313 2.61313 2.61313 2.61313 2.61313 2.62373 2.64586 2.66731 2.68872 2.73322 2.72036 2.71333 2.71333 2.71333 2.71333 2.51366 2.38941 2.38941 2.38941 2.38947 2.89944 3.83802 4.12043 4.25119 4.40638 4.56145 4.70418 4.73180 4.77636 5.04939 5.05031 5.05031 5.05031 5.05031 5.05031 5.05031 5.05031 5.05031 5.05031 5.05031 5.14511 4.71023 3.52708 3.25671 3.29695 3.31775 3.47171 3.57667 3.15621 3.21840 3.28056 3.32308 2.73215 2.60685 2.63873 2.83011 3.04337 3.25663 3.45614
2.81938 2.81938 2.81938 2.81938 2.81938 2.81938 2.69229 2.61313 2.60995 2.62250 2.64392 2.66533 2.68676 2.69760 2.69684 2.69684 2.69684 2.69829 2.71302 2.71333 2.71333 2.71333 2.71333 2.65187 2.38984 2.38979 2.41025 2.54692 2.82561 3.97094 4.70689 4.73180 4.73180 4.73180 4.73180 4.73180 4.73180 4.97678 5.05031 5.05031 5.05031 5.05031 5.05031 5.07688 5.33083 5.63665 5.94261 6.24828 6.50162 6.35097 5.05570 4.02733 4.25012 4.44547 4.48936 4.45514 3.47765 3.32260 3.38011 3.58596 3.52322 3.29664 3.47802 3.49990 3.49990 3.49990 3.49990
2.81938 2.81938 2.81938 2.81263 2.79941 2.80238 2.76886 2.66339 2.68803 2.69684 2.69684 2.69684 2.69684 2.69684 2.69684 2.69684 2.69684 2.69684 2.70831 2.71333 2.71342 2.71362 2.73168 2.85396 2.77498 2.86571 3.00051 3.01920 3.01920 3.73424 4.53436 4.73180 4.73180 4.73180 4.73180 4.73180 4.73180 4.85960 5.05045 5.21466 5.52062 5.82644 6.13263 6.53829 6.81911 7.04731 7.27614 7.50447 7.68737 7.63358 6.63252 4.52597 4.44302 4.44082 4.53156 4.74419 4.39734 4.05249 4.20824 4.21565 4.19364 3.56192 3.49990 3.49990 3.49990 3.49990 3.49990
2.78483 2.78878 2.79270 2.80342 2.82055 2.82155 2.82154 2.72062 2.69684 2.69684 2.69684 2.69684 2.69684 2.69684 2.69684 2.69684 2.69687 2.69705 2.71572 2.84368 2.98292 3.12194 3.24321 3.26008 3.17859 3.01920 3.01920 3.01920 3.01920 3.33915 4.21143 4.73180 4.73180 4.73180 4.79794 5.08595 5.39176 5.73303 6.53079 6.91769 7.14639 7.37472 7.60318 7.70511 7.70511 7.68979 7.65871 7.62762 7.59800 7.59169 7.22057 5.54897 4.99746 5.21072 5.33325 5.33387 5.17732 4.21858 4.21565 4.21565 4.21565 3.85608 3.49990 3.49990 3.49990 3.49990 3.49990
2.82155 2.82155 2.82155 2.82155 2.82155 2.82155 2.82155 2.77079 2.69684 2.69684 2.69684 2.69684 2.69684 2.69697 2.70607 2.81685 2.95620 3.09524 3.22166 3.25888 3.26008 3.26008 3.26008 3.26008 3.25551 3.04424 3.01920 3.01920 3.01920 3.04061 4.13577 5.14812 5.61649 6.05270 6.42834 6.58196 6.71770 6.83869 7.42191 7.70511 7.70511 7.69800 7.66852 7.63742 7.60633 7.59329 7.77167 8.05297 8.33347 8.61374 8.54179 6.98960 5.33387 5.33387 5.33387 5.33387 5.33387 4.46787 4.21565 4.21565 4.21565 4.15134 3.52060 3.49990 3.49990 3.49474 3.41005
2.82155 2.82155 2.82155 2.82155 2.82155 2.82155 2.82155 2.81500 2.70283 2.69689 2.70282 2.80655 2.94583 3.08498 3.21510 3.24360 3.24360 3.24360 3.24360 3.25308 3.26008 3.26008 3.26008 3.26008 3.26008 3.15951 3.10269 3.23470 3.43873 3.64007 4.90552 6.30311 6.85252 6.85793 6.85793 6.85793 6.85793 6.85590 7.08382 7.64722 7.61615 7.59787 7.78728 8.06824 8.34954 8.62754 8.73035 8.73035 8.73035 8.73035 8.73035 7.86977 5.62300 5.33387 5.33387 5.33387 5.33387 4.87440 4.21565 4.21565 4.21539 4.15189 3.59705 3.21278 3.10111 2.99455 2.96273
