results/OMI_NO2_200808.asc
ncols      200
nrows      200
xllcorner       120.258
yllcorner       41.1236
cellsize     0.0166667
NODATA_Value      -999.000
[rows 0 to 28 of 200, columns 0 to 66 of 200]
1.07182 1.15940 1.23947 1.26305 1.26489 1.25691 1.23244 1.21421 1.19371 1.17838 1.16805 1.16175 1.16024 1.16262 1.16480 1.17134 1.17584 1.16916 1.16563 1.16070 1.15584 1.15098 1.09585 1.01381 1.00936 1.00413 0.996842 0.989018 0.979232 0.907006 0.885762 0.861115 0.833890 0.934915 0.998741 1.02965 1.05724 1.10095 1.24233 1.27764 1.41071 1.43796 1.61963 1.66561 1.76324 1.76927 1.76927 1.78219 1.95445 1.96284 1.97098 2.03739 2.03827 2.03827 2.03827 2.03827 2.07473 2.18690 2.12192 1.80219 1.77739 1.69198 1.59991 1.57309 1.58242 1.58222 1.58196
0.939994 1.05548 1.08102 1.07482 1.06720 1.05786 1.07062 1.11469 1.12390 1.13194 1.13961 1.14691 1.15017 1.15017 1.15017 1.15251 1.15670 1.14783 1.13729 1.13047 1.11247 1.10435 1.08410 0.982735 0.958627 0.972398 0.991499 1.00227 1.00971 0.994300 0.984974 1.01085 1.03931 1.13584 1.18065 1.19178 1.20231 1.20757 1.28121 1.30821 1.38373 1.42734 1.56814 1.66426 1.73813 1.76927 1.76927 1.76927 1.87746 1.96284 1.96284 2.01290 2.03827 2.03794 2.03345 2.02801 2.02137 2.09734 2.06094 1.74045 1.55199 1.51426 1.53455 1.56727 1.58315 1.58383 1.60350
0.918332 0.978529 1.07412 1.07412 1.07266 1.10962 1.12300 1.14146 1.15017 1.15011 1.14747 1.14354 1.13975 1.13610 1.13250 1.12887 1.12977 1.12716 1.13734 1.15654 1.14422 1.16188 1.16363 1.11672 1.07780 1.06839 1.05812 1.05859 1.05674 1.04635 1.06942 1.08294 1.09145 1.11182 1.18420 1.18314 1.18201 1.18093 1.21735 1.27262 1.30561 1.37753 1.44562 1.61464 1.71178 1.76927 1.76927 1.76999 1.79766 1.95480 1.95329 1.96734 2.00950 1.98445 1.95555 1.92828 1.90632 1.95238 1.98336 1.84369 1.67529 1.60503 1.63682 1.66294 1.70643 1.71727 1.71835
0.918332 0.919618 1.05239 1.06942 1.06526 1.08402 1.10747 1.11061 1.12790 1.12226 1.12631 1.13479 1.12682 1.14340 1.15942 1.17559 1.19514 1.20751 1.18616 1.16592 1.12458 1.09151 1.07721 1.06147 1.01049 0.998001 0.989808 0.973170 0.975618 0.976863 1.01979 1.03820 1.03701 1.03579 1.09564 1.11557 1.11421 1.11278 1.11809 1.19121 1.19396 1.29769 1.37009 1.58442 1.69826 1.77658 1.77785 1.77854 1.77849 1.87952 1.90863 1.88717 1.90367 1.90497 1.90594 1.90601 1.90601 1.98520 2.07087 2.02277 1.83901 1.72705 1.72849 1.74212 1.77153 1.79423 1.80908
0.918332 0.918332 0.974362 1.04682 1.08951 1.14801 1.19093 1.21417 1.24303 1.24536 1.19827 1.19525 1.16031 1.15983 1.14835 1.13109 1.11465 1.09602 1.07898 1.06919 1.05462 1.02920 1.01949 0.995701 0.940864 0.901880 0.883418 0.873065 0.921962 0.954153 0.971023 1.01731 1.01731 1.01731 1.03750 1.09416 1.09216 1.09016 1.08816 1.14508 1.16491 1.23306 1.34261 1.54907 1.68216 1.76580 1.77201 1.78490 1.79783 1.83306 1.86597 1.86597 1.87737 1.88326 1.86601 1.84368 1.82129 1.86816 2.10830 2.09002 1.92718 1.84897 1.81021 1.80627 1.80700 1.82095 1.81705
0.918332 0.918332 0.922628 1.03121 1.13605 1.28312 1.26906 1.26753 1.26950 1.27014 1.18710 1.16588 1.11788 1.09260 1.08068 1.07246 1.06714 1.06477 1.04407 1.01990 1.00054 0.954740 0.937042 0.930527 0.916489 0.873296 0.873031 0.872983 0.887061 0.950334 0.948221 0.999560 1.00788 1.00588 1.00465 1.06698 1.08458 1.08507 1.08555 1.11810 1.16703 1.19496 1.33523 1.48015 1.63507 1.72847 1.74921 1.73022 1.71122 1.69237 1.69724 1.68681 1.67537 1.65645 1.63989 1.62462 1.60955 1.61821 1.88444 1.96241 1.84146 1.75649 1.68522 1.68201 1.67881 1.69230 1.69493
0.918332 0.918332 0.918896 0.975602 1.05782 1.27297 1.25588 1.22657 1.20294 1.18914 1.12481 1.10143 1.07424 1.05285 1.03430 1.01802 1.00214 0.984428 0.975029 0.967785 0.968274 0.949997 0.941174 0.940803 0.940343 0.886215 0.869150 0.867683 0.867559 0.930047 0.948807 0.975964 1.01211 1.01190 1.01171 1.03579 1.09245 1.09922 1.11437 1.13677 1.14802 1.15024 1.27799 1.33518 1.45738 1.51125 1.52386 1.51721 1.51054 1.50381 1.50444 1.50964 1.50127 1.48754 1.48110 1.48110 1.48110 1.48110 1.68363 1.88990 1.84076 1.72194 1.63804 1.62936 1.62936 1.63552 1.65193
0.959073 0.964350 0.926073 0.886285 0.969166 1.12216 1.18488 1.18936 1.18461 1.17372 1.12184 1.07563 1.04960 1.02352 1.02653 1.02973 1.03435 1.01733 1.01708 0.978947 0.976809 0.969003 0.947549 0.945819 0.941126 0.907881 0.858362 0.857686 0.857411 0.887013 0.944143 0.952013 1.01650 1.03126 1.07333 1.12521 1.17932 1.19240 1.20188 1.21034 1.16560 1.15843 1.20682 1.25176 1.39095 1.45995 1.47197 1.47197 1.47197 1.47197 1.47275 1.49552 1.49778 1.49411 1.48110 1.48110 1.48110 1.48110 1.55306 1.87830 1.88744 1.73926 1.66998 1.62877 1.61748 1.60155 1.61692
0.979430 0.939553 0.943481 0.958732 1.00235 1.11660 1.25451 1.22217 1.16456 1.16328 1.14997 1.10337 1.10062 1.07474 1.07666 1.07823 1.07838 1.06343 1.05177 0.994413 0.972323 0.971920 0.950472 0.953589 0.953288 0.952447 0.877596 0.876779 0.880276 0.899182 1.02956 1.09909 1.18790 1.25547 1.27220 1.28095 1.27675 1.25547 1.25904 1.26261 1.23297 1.18916 1.20004 1.24983 1.33873 1.45664 1.47104 1.47197 1.47197 1.47197 1.47197 1.48490 1.49778 1.49777 1.48434 1.48110 1.48110 1.47778 1.47654 1.77579 1.85662 1.75178 1.61936 1.48221 1.44282 1.40814 1.40598
1.01421 1.01460 1.01460 1.00261 0.965552 1.00956 1.17277 1.17597 1.17798 1.17547 1.17601 1.11212 1.11164 1.08165 1.08046 1.08245 1.08449 1.07803 1.06019 1.02181 0.975974 0.969607 0.954216 0.938825 0.959975 1.01267 0.992444 1.02530 1.07985 1.11896 1.19314 1.25235 1.25275 1.30428 1.30932 1.31361 1.31467 1.28248 1.27814 1.27914 1.27300 1.20415 1.20527 1.26534 1.31018 1.44841 1.46750 1.47197 1.47197 1.47197 1.47115 1.46502 1.47750 1.46797 1.45115 1.43073 1.41802 1.40336 1.36669 1.52277 1.71355 1.64140 1.49942 1.39969 1.38128 1.37772 1.37017
0.908128 0.880033 0.853923 0.836691 0.848551 0.889378 1.05743 1.12849 1.20311 1.18865 1.19517 1.14011 1.13043 1.12513 1.11275 1.09831 1.08388 1.06733 1.02465 0.990828 0.905528 0.900621 0.909536 0.927477 0.986236 1.14654 1.15059 1.15549 1.15137 1.14657 1.15901 1.25028 1.24973 1.31022 1.33318 1.33240 1.33157 1.31508 1.29095 1.29014 1.28933 1.22912 1.20912 1.27187 1.30831 1.42047 1.43812 1.43605 1.42576 1.41549 1.40601 1.40415 1.41860 1.41471 1.37219 1.31355 1.27115 1.23512 1.22788 1.28686 1.64874 1.65360 1.50508 1.41921 1.35984 1.35799 1.36086
0.828189 0.836062 0.836062 0.836062 0.837755 0.841127 0.990079 1.12601 1.17298 1.14947 1.13201 1.05061 0.990216 0.982714 0.989564 0.988743 0.987943 0.991467 0.977007 0.982657 0.924770 0.939816 0.955624 0.962394 0.962818 1.10025 1.13472 1.14439 1.18062 1.20526 1.22557 1.22719 1.22719 1.25288 1.31225 1.31225 1.31225 1.31155 1.28343 1.28699 1.29452 1.26764 1.22874 1.29066 1.34269 1.38291 1.39217 1.40415 1.40339 1.39529 1.37977 1.36316 1.33443 1.24666 1.24455 1.23517 1.23086 1.23555 1.24281 1.25269 1.56621 1.66191 1.57489 1.46258 1.36346 1.36747 1.37152
0.821501 0.835208 0.836062 0.836062 0.836062 0.836062 0.884713 0.998303 1.02419 1.10325 1.07691 1.03641 0.965776 0.975226 1.00049 1.01044 1.03189 1.05160 1.04965 1.04553 0.988058 0.969041 0.987306 1.00670 1.02701 1.13817 1.22770 1.20832 1.22718 1.22719 1.22719 1.22911 1.23632 1.24472 1.32563 1.34394 1.35146 1.35857 1.34256 1.32119 1.32119 1.31350 1.24019 1.27307 1.34049 1.36874 1.36738 1.36618 1.35466 1.35214 1.35822 1.36442 1.37061 1.30582 1.29455 1.30356 1.28564 1.27826 1.26843 1.25663 1.41139 1.61968 1.59602 1.54290 1.44643 1.43148 1.43731
0.820603 0.829532 0.836062 0.836062 0.836062 0.836062 0.840986 0.971172 1.00357 1.11101 1.09169 1.08711 1.01067 1.03137 1.05797 1.06995 1.07216 1.08776 1.10167 1.10331 1.08863 1.05363 1.05390 1.05381 1.05372 1.07964 1.20673 1.18773 1.23956 1.26087 1.26829 1.27381 1.27402 1.27393 1.31336 1.35880 1.35877 1.35946 1.35844 1.32496 1.32286 1.31364 1.24271 1.22510 1.31365 1.34558 1.39367 1.46212 1.49820 1.49853 1.49929 1.50005 1.49989 1.45347 1.38040 1.37478 1.35601 1.35581 1.36244 1.36899 1.40847 1.73997 1.74561 1.70429 1.60999 1.54808 1.54808
0.820752 0.828868 0.848928 0.857114 0.864974 0.880961 0.904716 0.990289 1.10112 1.22547 1.27071 1.29977 1.17917 1.15054 1.17962 1.20851 1.23963 1.25216 1.25583 1.14863 1.11905 1.02284 1.01017 0.997526 0.984845 0.979044 1.12778 1.15445 1.23321 1.28790 1.28887 1.28986 1.29084 1.29182 1.29942 1.37614 1.37920 1.37731 1.38372 1.34548 1.27698 1.26395 1.23530 1.20150 1.29460 1.29431 1.34582 1.41696 1.51166 1.50056 1.48960 1.47923 1.47018 1.46778 1.40933 1.40513 1.39648 1.37899 1.37899 1.37899 1.37899 1.65027 1.74663 1.71899 1.66881 1.54916 1.54853
1.03592 1.04699 1.04861 1.07165 1.12090 1.17016 1.21178 1.25878 1.38798 1.40644 1.56201 1.59186 1.48222 1.32248 1.30046 1.28198 1.26860 1.25495 1.24147 1.14970 1.12140 1.00123 0.989848 0.989848 0.989848 0.989848 1.07952 1.16341 1.19701 1.28638 1.29490 1.29490 1.29215 1.27772 1.27314 1.32858 1.36374 1.36649 1.36017 1.34801 1.23927 1.24019 1.24190 1.20282 1.27443 1.26052 1.32192 1.34171 1.46847 1.46847 1.46847 1.46847 1.46847 1.46847 1.43722 1.40513 1.40463 1.38159 1.37899 1.37899 1.37886 1.52292 1.74157 1.73826 1.73157 1.72341 1.80838
1.21029 1.25452 1.29558 1.31612 1.32426 1.32426 1.32666 1.35800 1.44525 1.50656 1.55832 1.54494 1.45064 1.28332 1.24311 1.23656 1.23656 1.23656 1.23656 1.17909 1.12193 1.03452 0.989848 0.989848 0.989629 0.984678 1.00997 1.14673 1.14387 1.20992 1.24228 1.23882 1.23844 1.25196 1.25883 1.29156 1.36565 1.37283 1.37909 1.37610 1.30317 1.24715 1.24464 1.20969 1.24536 1.27213 1.30608 1.31385 1.45969 1.46847 1.46847 1.46847 1.46847 1.46847 1.46300 1.40285 1.39752 1.38106 1.36502 1.37053 1.39818 1.47596 1.86340 1.92001 1.91370 1.93189 1.93936
1.34845 1.38247 1.42776 1.43536 1.45844 1.49377 1.52632 1.53107 1.52914 1.56377 1.54739 1.49313 1.45586 1.31076 1.22795 1.25303 1.25455 1.25472 1.25287 1.22183 1.12839 1.06717 0.976881 0.970139 0.958304 0.933576 0.915294 1.06943 1.09457 1.16728 1.29168 1.31501 1.33010 1.34519 1.35058 1.34572 1.38720 1.39291 1.38755 1.38716 1.37515 1.27728 1.27463 1.25393 1.24990 1.31845 1.31300 1.31970 1.41827 1.46212 1.45894 1.45576 1.45258 1.44941 1.44750 1.41545 1.41949 1.47935 1.52569 1.58584 1.62442 1.63909 1.87263 1.94806 1.90736 1.88304 1.93870
1.49529 1.50502 1.50502 1.49151 1.45701 1.45701 1.45701 1.45701 1.45700 1.48837 1.51276 1.45876 1.44722 1.31517 1.21857 1.24853 1.25813 1.25597 1.25601 1.25278 1.12675 1.07629 0.926919 0.917343 0.915683 0.938869 0.965195 1.07599 1.17162 1.20978 1.31094 1.36511 1.36511 1.36511 1.34307 1.33662 1.35756 1.39249 1.39249 1.39249 1.39249 1.32583 1.28747 1.28817 1.25249 1.35716 1.33222 1.36736 1.36488 1.44748 1.44748 1.44888 1.47146 1.49631 1.51928 1.54122 1.65549 1.66523 1.64731 1.63939 1.64312 1.65086 1.75326 1.86311 1.84102 1.80468 1.88833
1.50502 1.50502 1.50502 1.50499 1.46568 1.45701 1.45701 1.45701 1.45701 1.46389 1.52089 1.48722 1.45143 1.33869 1.25925 1.22950 1.25190 1.22805 1.20319 1.18916 1.09554 1.09008 0.987631 0.988204 1.00221 1.00949 1.00949 1.04261 1.18545 1.18873 1.26501 1.36201 1.36511 1.36511 1.35497 1.34094 1.34868 1.40438 1.41444 1.42033 1.42620 1.41334 1.31813 1.31691 1.27716 1.34794 1.33986 1.37271 1.36917 1.48819 1.51075 1.53124 1.53526 1.53833 1.54199 1.54566 1.62735 1.64867 1.62952 1.70366 1.72803 1.75315 1.77665 1.86374 1.88159 1.89197 1.94527
1.50502 1.50502 1.50502 1.50502 1.48684 1.45701 1.45701 1.45701 1.45701 1.45701 1.49725 1.51330 1.44431 1.33910 1.24478 1.14668 1.19054 1.22127 1.25305 1.27400 1.22448 1.15808 1.06350 1.00949 1.00949 1.00949 1.00999 1.01345 1.16979 1.22134 1.27451 1.36060 1.41560 1.42613 1.43563 1.40857 1.40861 1.44236 1.47138 1.47487 1.47828 1.48177 1.41036 1.37674 1.36864 1.43323 1.50267 1.48381 1.47885 1.49713 1.49228 1.48846 1.46994 1.44727 1.42437 1.40161 1.40450 1.50623 1.51800 1.69562 1.72030 1.71266 1.70504 1.75678 1.77939 1.77833 1.77616
1.50502 1.50502 1.50502 1.50502 1.50426 1.46237 1.45690 1.45499 1.44312 1.40733 1.38037 1.41899 1.35785 1.31442 1.23267 1.21811 1.25566 1.25218 1.24869 1.24516 1.23341 1.22357 1.17668 1.12994 1.16677 1.20359 1.23992 1.27334 1.37783 1.45310 1.44724 1.44418 1.55513 1.56099 1.56644 1.54470 1.52535 1.53772 1.59051 1.59589 1.58769 1.53921 1.48875 1.56011 1.57168 1.57757 1.66776 1.63274 1.61947 1.43434 1.37062 1.35362 1.34416 1.33828 1.33242 1.32657 1.32402 1.43144 1.46191 1.55147 1.65847 1.65847 1.65847 1.68737 1.75095 1.75463 1.75991
1.46829 1.46494 1.45857 1.44267 1.42594 1.37005 1.26604 1.21468 1.17622 1.16535 1.15633 1.30394 1.36230 1.29029 1.11422 1.09708 1.11783 1.14966 1.17347 1.19718 1.22138 1.26423 1.29763 1.38656 1.38656 1.38656 1.38656 1.38656 1.41040 1.52062 1.52017 1.48533 1.57578 1.61498 1.61498 1.60831 1.55549 1.51848 1.50624 1.47344 1.43726 1.43806 1.43437 1.52884 1.54800 1.50124 1.57195 1.56366 1.55673 1.44317 1.32805 1.32408 1.32397 1.32397 1.32397 1.32397 1.32397 1.37156 1.46191 1.47707 1.65249 1.65847 1.65847 1.66516 1.74362 1.76242 1.77517
1.21588 1.20253 1.19247 1.19304 1.19437 1.18713 1.05765 1.08806 1.12678 1.16245 1.18784 1.21162 1.34322 1.40537 1.23034 1.23436 1.26148 1.27040 1.27040 1.27040 1.27040 1.28207 1.28633 1.37343 1.38656 1.38656 1.38656 1.38656 1.39260 1.51116 1.53390 1.52040 1.56356 1.60801 1.55129 1.49760 1.42484 1.39967 1.40632 1.39147 1.36242 1.33314 1.30921 1.34324 1.46229 1.44246 1.52033 1.54191 1.53967 1.49540 1.32397 1.32397 1.32397 1.32397 1.32397 1.32397 1.32397 1.32855 1.45707 1.47909 1.61351 1.69371 1.70118 1.69938 1.74836 1.76746 1.76209
1.19497 1.19636 1.22322 1.26507 1.29415 1.30926 1.23158 1.15239 1.13689 1.12159 1.11318 1.11340 1.24217 1.43606 1.35214 1.25562 1.26535 1.25344 1.25212 1.25074 1.24946 1.27490 1.31086 1.39649 1.45793 1.48150 1.50429 1.52881 1.57145 1.59646 1.57940 1.54583 1.45730 1.40355 1.39623 1.39189 1.38000 1.35322 1.34601 1.27668 1.26150 1.25651 1.25524 1.25523 1.38183 1.41622 1.45809 1.49608 1.52056 1.53867 1.34297 1.32817 1.33621 1.34424 1.35226 1.36030 1.36832 1.37570 1.44831 1.51199 1.54231 1.67795 1.66356 1.65845 1.68359 1.76793 1.80049
1.27876 1.29151 1.28210 1.25865 1.24304 1.23819 1.21898 1.10037 1.09368 1.09024 1.08686 1.08349 1.11516 1.31922 1.42641 1.35045 1.38423 1.37609 1.39827 1.42771 1.45620 1.46749 1.46231 1.49802 1.58325 1.61737 1.61633 1.59380 1.54267 1.49023 1.47978 1.47724 1.43845 1.42233 1.41258 1.41368 1.41464 1.36869 1.36105 1.32811 1.28851 1.28851 1.28851 1.28851 1.33734 1.45235 1.45779 1.49259 1.50757 1.53906 1.42450 1.37714 1.37714 1.37714 1.37711 1.36942 1.33818 1.30137 1.28071 1.45260 1.45971 1.62061 1.65613 1.65726 1.67152 1.83753 1.92631
1.11932 1.11754 1.11754 1.11754 1.11754 1.11754 1.12331 1.08337 1.07196 1.09630 1.11977 1.14945 1.23648 1.35858 1.54482 1.54511 1.53410 1.52058 1.49110 1.49452 1.52381 1.56034 1.55578 1.53926 1.57381 1.51299 1.49064 1.48692 1.48402 1.48382 1.48214 1.48175 1.46146 1.43683 1.41953 1.41805 1.41805 1.39318 1.36194 1.35588 1.28986 1.28702 1.28657 1.28612 1.28636 1.42042 1.45055 1.49102 1.49487 1.53791 1.46786 1.37004 1.33646 1.29966 1.26288 1.23495 1.23363 1.23630 1.23863 1.38269 1.48471 1.58074 1.71661 1.72994 1.72890 1.81010 1.93970
1.15257 1.17945 1.20521 1.22983 1.25344 1.27606 1.29357 1.27538 1.18525 1.18467 1.18467 1.18467 1.25180 1.29669 1.48537 1.56884 1.56910 1.61195 1.59500 1.56920 1.50464 1.43359 1.38838 1.38461 1.46861 1.48382 1.48382 1.48382 1.48382 1.48382 1.48281 1.48171 1.47046 1.43486 1.41977 1.40625 1.40141 1.39341 1.34097 1.33466 1.28458 1.25332 1.24947 1.24555 1.24170 1.29559 1.39638 1.42729 1.39936 1.41696 1.35851 1.21330 1.21136 1.21735 1.22333 1.23122 1.23235 1.23410 1.23614 1.28370 1.46398 1.46779 1.65019 1.65431 1.65703 1.69979 1.87657
1.29501 1.29501 1.29501 1.29501 1.29501 1.29501 1.29488 1.28653 1.19741 1.15884 1.16886 1.18782 1.24967 1.32514 1.48485 1.66133 1.54883 1.46241 1.39095 1.38159 1.38154 1.38154 1.36011 1.32326 1.37782 1.41339 1.40031 1.38446 1.36973 1.35547 1.34083 1.32482 1.31701 1.33085 1.33718 1.33130 1.33255 1.33404 1.30619 1.29039 1.28582 1.24161 1.25428 1.26063 1.27162 1.28997 1.35204 1.33506 1.34100 1.36648 1.36469 1.28241 1.26618 1.26460 1.26560 1.27749 1.29512 1.31372 1.33232 1.34417 1.44089 1.49239 1.61812 1.70482 1.70482 1.71769 1.85385
