results/OMI_NO2_200806.asc
ncols      200
nrows      200
xllcorner       120.258
yllcorner       41.1236
cellsize     0.0166667
NODATA_Value      -999.000
[rows 58 to 86 of 164, columns 67 to 133 of 200]
2.34658 2.34625 2.34625 2.34625 2.34625 2.34625 2.34625 2.34625 2.34625 2.34625 2.34625 2.34625 2.34625 2.34625 2.34625 2.39808 2.69674 2.67793 2.67793 2.67793 2.68984 2.74402 2.74409 2.74409 2.74409 2.74409 2.74409 2.79771 3.19557 3.16234 3.11139 3.06048 3.00960 2.98594 2.98594 2.98663 2.99130 3.00931 2.97754 2.71353 3.00200 3.30603 3.20552 3.15653 3.14491 3.13087 3.11682 3.10277 3.09537 3.09536 3.09536 3.09536 3.09536 3.09536 3.09536 3.09536 3.14159 3.22086 3.03587 3.03587 3.03587 3.01287 2.86410 2.65041 2.37750 2.39178 2.40549
2.35120 2.34625 2.34625 2.34625 2.34625 2.34625 2.34625 2.34625 2.34625 2.34625 2.34625 2.34625 2.34625 2.34625 2.34625 2.34625 2.62209 2.67892 2.67793 2.67793 2.67793 2.73326 2.74409 2.72153 2.65868 2.59499 2.53139 2.46864 2.82516 2.99836 3.00805 3.01770 3.01296 2.99759 2.98222 2.96616 2.96469 3.00986 3.01401 2.77184 2.76598 3.24768 3.18912 3.09779 3.09536 3.09536 3.09536 3.09536 3.09536 3.09536 3.09536 3.09536 3.09536 3.09536 3.09536 3.09536 3.09536 3.22329 3.03587 3.03587 3.01499 2.96827 2.85492 2.76867 2.25330 2.17330 2.11097
2.35703 2.34625 2.34625 2.34625 2.34625 2.34625 2.34625 2.34625 2.34625 2.34625 2.34625 2.34625 2.34625 2.34625 2.34625 2.34625 2.47052 2.69215 2.65443 2.57229 2.48737 2.47441 2.48761 2.45868 2.47004 2.48216 2.49429 2.50643 2.69796 3.01136 2.99900 2.97399 2.96338 2.96338 2.96356 2.98165 3.01160 3.06933 3.12210 3.00779 2.79836 3.07307 3.20810 3.09561 3.09536 3.09536 3.09536 3.09536 3.09536 3.09536 3.09536 3.09536 3.09536 3.09536 3.09536 3.09536 3.09543 3.14888 2.83773 2.74192 2.66729 2.61856 2.61089 2.62675 2.29955 2.07782 2.07498
2.36282 2.34425 2.32201 2.29619 2.27136 2.24747 2.22435 2.20185 2.18022 2.15936 2.13923 2.11969 2.10067 2.07587 2.01823 1.95728 1.90378 1.94847 2.02656 2.01293 2.00177 2.02665 2.24847 2.23951 2.22920 2.21907 2.20907 2.19922 2.34223 2.85765 2.93885 2.95121 2.96855 2.98591 3.00302 3.00229 2.98966 2.98488 3.01490 2.97757 2.65217 2.72858 3.04422 2.94959 2.92558 2.91509 2.90459 2.89407 2.88357 2.87308 2.86255 2.85987 2.88575 2.88906 2.87473 2.86048 2.84618 2.83171 2.55058 2.51515 2.51278 2.51053 2.50957 2.52505 2.42297 2.05321 2.13786
2.36838 1.93561 1.87053 1.87153 1.87253 1.87354 1.87456 1.87557 1.87524 1.84884 1.81244 1.77606 1.73967 1.70848 1.70532 1.70634 1.70735 1.71663 1.89938 1.93902 1.93978 1.94053 2.15311 2.20865 2.20926 2.20986 2.21855 2.24803 2.23533 2.37678 2.66499 2.68099 2.68099 2.68099 2.68099 2.68099 2.68099 2.68099 2.71933 2.73162 2.48611 2.38698 2.72869 2.77487 2.75244 2.75244 2.76196 2.79940 2.83868 2.86883 2.86765 2.85608 2.81589 2.79825 2.79825 2.79825 2.79825 2.79825 2.62360 2.50951 2.49845 2.47957 2.46178 2.44896 2.44872 2.29162 2.24408
2.68725 2.10988 1.89666 1.89666 1.87763 1.84022 1.80283 1.76544 1.72936 1.71936 1.71936 1.71936 1.71936 1.71936 1.71936 1.71936 1.71936 1.72150 1.82128 1.94576 1.94576 1.94581 2.08799 2.25792 2.28789 2.31783 2.33969 2.34074 2.33685 2.32928 2.57033 2.68099 2.68099 2.68099 2.68099 2.68099 2.68099 2.68099 2.69932 2.73162 2.60309 2.40050 2.60976 2.89181 2.88780 2.92898 2.93208 2.89367 2.85344 2.82232 2.82251 2.82532 2.82851 2.83960 2.85374 2.86774 2.87857 2.88823 2.75923 2.42975 2.42296 2.42405 2.42405 2.42405 2.44075 2.37650 2.26900
2.63616 2.19586 1.77514 1.73774 1.71936 1.71936 1.71936 1.71936 1.71936 1.71936 1.71936 1.71936 1.71936 1.71936 1.71936 1.71936 1.71936 1.72225 1.78165 1.99725 2.05278 2.09014 2.13064 2.33760 2.34074 2.34074 2.34074 2.34074 2.34074 2.31189 2.43862 2.67348 2.68099 2.68099 2.68099 2.68099 2.67612 2.65887 2.64271 2.86304 2.91447 2.63351 2.62586 2.95201 2.90777 2.86626 2.86184 2.87319 2.88453 2.89588 2.90722 2.91737 2.92402 2.92264 2.91820 2.91388 2.91275 2.91275 2.87546 2.46031 2.42405 2.42405 2.42405 2.42405 2.43026 2.43884 2.28011
2.44031 2.28489 1.72056 1.71936 1.71936 1.71936 1.71936 1.71936 1.71936 1.71936 1.71936 1.71936 1.71936 1.72611 1.77497 1.82441 1.86753 1.90367 1.91595 2.01308 2.10716 2.10716 2.10716 2.28537 2.34074 2.34074 2.34074 2.34074 2.34074 2.30030 2.40737 2.57606 2.66051 2.64263 2.62477 2.60690 2.59390 2.59329 2.58886 2.74604 2.83088 2.58608 2.49790 2.74075 2.92493 2.93047 2.93255 2.92961 2.92513 2.92066 2.91619 2.91291 2.91275 2.91275 2.91275 2.91275 2.91275 2.91275 2.91130 2.57634 2.42405 2.42405 2.42405 2.42405 2.42410 2.44193 2.34580
2.44031 2.41634 1.76879 1.71936 1.71936 1.71936 1.71936 1.71936 1.71936 1.73152 1.78354 1.83185 1.87404 1.90722 1.91213 1.91213 1.91213 1.91213 1.91235 1.93882 2.10203 2.10716 2.10716 2.20738 2.34074 2.34074 2.33799 2.32190 2.30403 2.23938 2.31109 2.34082 2.57050 2.55161 2.52753 2.48392 2.40867 2.33293 2.26163 2.31340 2.62188 2.59250 2.53065 2.54147 2.93009 2.91868 2.91424 2.91275 2.91275 2.91275 2.91275 2.91275 2.91275 2.91275 2.91275 2.91275 2.91275 2.91275 2.91275 2.72080 2.42965 2.42405 2.42405 2.42972 2.44901 2.44942 2.35064
2.44031 2.44031 1.89184 1.71936 1.71936 1.73846 1.79191 1.83912 1.88041 1.90980 1.91213 1.91213 1.91213 1.91213 1.91213 1.91213 1.91213 1.91213 1.91213 1.91830 2.03951 2.10478 2.08566 2.08110 2.28194 2.25621 2.21706 2.19121 2.16713 2.13400 2.07659 2.10087 2.28685 2.32933 2.27769 2.24555 2.24511 2.24511 2.22587 2.17528 2.42113 2.44592 2.32698 2.31925 2.75613 2.91275 2.91275 2.91275 2.91275 2.91275 2.91275 2.91275 2.91275 2.91275 2.91275 2.91275 2.91275 2.91275 2.91275 2.82066 2.49106 2.46915 2.49417 2.51354 2.51931 2.52029 2.40845
2.44031 2.44294 2.11718 1.84626 1.88665 1.91141 1.91213 1.91213 1.91213 1.91756 1.92713 1.93686 1.94686 1.95706 1.96743 1.97796 1.98916 2.01023 2.03531 2.05442 1.99370 2.14672 2.15640 2.16994 2.23742 2.25600 2.26779 2.27960 2.29169 2.30393 2.13497 2.09198 2.11912 2.24298 2.21090 2.15985 2.10882 2.05915 2.03201 2.03631 2.18993 2.42272 2.37127 2.34905 2.53054 2.94618 2.94946 2.95341 2.95737 2.96132 2.96529 2.96924 2.97319 2.97715 2.97953 2.95914 2.93852 2.93026 2.92211 2.88740 2.71871 2.70788 2.71368 2.71969 2.72545 2.73118 2.68485
2.45552 2.45703 2.36505 2.15890 2.17375 2.18893 2.20440 2.22025 2.23675 2.24069 2.22109 2.19908 2.18522 2.17983 2.17448 2.16919 2.16324 2.14554 2.12354 2.10154 1.92848 2.03680 2.06965 2.04765 2.06925 2.11566 2.09898 2.08239 2.06589 2.04226 2.07605 2.12551 2.06767 2.13014 2.16729 2.17206 2.17681 2.18017 2.18027 2.18027 2.19912 2.53898 2.52917 2.47398 2.47776 2.97464 3.04169 3.04169 3.04169 3.03929 3.01335 2.98141 2.95120 2.93581 2.92528 2.93764 2.95008 2.95026 2.95026 2.94794 2.84167 2.76550 2.77632 2.76218 2.69445 2.61653 2.52751
2.34700 2.33917 2.29298 1.79206 1.76844 1.74644 1.72432 1.70692 1.70081 1.69862 1.71295 1.72967 1.73795 1.73795 1.73795 1.73795 1.73795 1.73795 1.73795 1.73795 1.67121 1.61327 1.77253 1.77253 1.78187 1.91735 1.86106 1.79727 1.73346 1.67681 1.77233 2.01094 2.01094 2.04771 2.17970 2.18027 2.18027 2.18027 2.18027 2.18027 2.18027 2.40970 2.55375 2.47764 2.46994 2.71654 2.97910 2.94684 2.90837 2.87914 2.88397 2.89481 2.90383 2.89810 2.88899 2.87996 2.87005 2.85806 2.84582 2.78345 2.62301 2.47703 2.41704 2.32759 2.31007 2.29922 2.28875
2.28592 2.28592 2.28793 1.77343 1.69193 1.70864 1.72535 1.73742 1.73795 1.73795 1.73795 1.73795 1.73795 1.73795 1.73795 1.73795 1.73795 1.73795 1.73795 1.73795 1.73430 1.55734 1.63849 1.55333 1.46821 1.59535 1.66795 1.66795 1.66795 1.66795 1.69297 2.00909 2.01094 2.01094 2.13676 2.18027 2.18027 2.18027 2.18027 2.17878 2.16660 2.22699 2.44088 2.34786 2.28510 2.30266 2.71696 2.75035 2.76770 2.77710 2.77407 2.77099 2.76791 2.76482 2.75044 2.66325 2.55681 2.44392 2.32128 2.26232 2.22611 2.21013 2.28421 2.28590 2.28590 2.28590 2.28590
2.36716 2.34829 2.36301 1.98985 1.73795 1.73795 1.73795 1.73795 1.73795 1.73795 1.73795 1.73795 1.73795 1.73795 1.73795 1.73795 1.73808 1.74207 1.74784 1.75362 1.75938 1.65345 1.48040 1.40659 1.40659 1.50439 1.66795 1.66795 1.66795 1.66795 1.66795 1.95291 2.01094 2.01094 2.05385 2.16786 2.15364 2.13936 2.12507 2.11230 2.11020 2.11040 2.32988 2.36736 2.33209 2.34616 2.56313 2.76140 2.75831 2.75628 2.71506 2.61568 2.50786 2.39091 2.27935 2.26232 2.26232 2.26232 2.26232 2.26232 2.24056 2.20098 2.26008 2.28590 2.28590 2.28590 2.28590
2.52830 2.36520 2.36520 2.14368 1.73795 1.73795 1.73795 1.73795 1.73795 1.73795 1.73795 1.73795 1.73838 1.74307 1.74884 1.75462 1.76023 1.76204 1.76204 1.76204 1.76204 1.73559 1.54071 1.41016 1.40659 1.41612 1.65562 1.66795 1.66795 1.66729 1.65415 1.84004 1.96145 1.94361 1.92694 2.06774 2.10392 2.09880 2.09851 2.11564 2.13436 2.15301 2.26861 2.40990 2.34191 2.34002 2.38059 2.56913 2.45728 2.33573 2.26256 2.26232 2.26232 2.26232 2.26232 2.26232 2.26232 2.26232 2.26232 2.26232 2.25501 2.19920 2.22856 2.28590 2.28590 2.28590 2.28407
2.64082 2.37388 2.36520 2.29714 1.73820 1.73795 1.73795 1.73795 1.73885 1.74407 1.74984 1.75562 1.76096 1.76204 1.76204 1.76204 1.76204 1.76204 1.76204 1.76204 1.76204 1.76204 1.61194 1.45869 1.40619 1.39039 1.55286 1.62008 1.60119 1.57816 1.56705 1.68310 1.89725 1.89085 1.88445 1.94254 2.11541 2.13926 2.15826 2.15984 2.15984 2.16729 2.21852 2.48129 2.47765 2.48490 2.42983 2.29143 2.26232 2.26232 2.26232 2.26232 2.26232 2.26232 2.26232 2.26232 2.26232 2.26232 2.26232 2.26232 2.26232 2.20615 2.20406 2.24748 2.19796 2.14238 2.09167
2.66428 2.47171 2.36520 2.36520 1.82553 1.74507 1.75084 1.75662 1.76149 1.76204 1.76204 1.76204 1.76204 1.76204 1.76204 1.76204 1.76204 1.76204 1.76204 1.76204 1.75287 1.73440 1.64561 1.43533 1.29780 1.28979 1.37847 1.54240 1.53707 1.53650 1.53650 1.57776 1.87950 1.87950 1.87950 1.87964 2.10860 2.17600 2.21192 2.24788 2.28385 2.31235 2.31465 2.47738 2.54457 2.49276 2.46280 2.33187 2.25332 2.24934 2.24537 2.24137 2.23740 2.23345 2.22945 2.22549 2.22151 2.21755 2.21882 2.22196 2.21562 2.22912 2.25294 2.11522 2.07655 2.07824 2.07983
2.66664 2.60106 2.37909 2.38486 2.00154 1.76204 1.76204 1.76204 1.76204 1.76204 1.76204 1.76204 1.76204 1.76204 1.76204 1.75693 1.73910 1.72869 1.72783 1.72714 1.73534 1.75290 1.76625 1.57282 1.45136 1.43849 1.46048 1.66167 1.68766 1.70079 1.71393 1.72706 1.79476 1.81336 1.85333 1.89330 2.02847 2.21869 2.21478 2.21080 2.20683 2.20287 2.19887 2.25833 2.44144 2.36962 2.36105 2.26325 2.14628 2.13173 2.13173 2.13173 2.13176 2.13556 2.14230 2.14932 2.14745 2.14088 2.12940 2.11755 2.11668 2.19767 2.30503 2.25869 2.09971 2.10894 2.10894
2.62803 2.61949 2.36335 2.30490 2.17188 2.02373 2.04124 2.05880 2.07626 2.09400 2.10934 2.11083 2.10994 2.10897 2.10835 2.11247 2.12943 2.13891 2.13891 2.13891 2.13891 2.13891 2.13891 2.01447 1.84661 1.75419 1.75419 1.84009 1.89181 1.93237 1.97732 2.02227 1.95683 1.90976 1.90976 1.90976 1.91120 2.14329 2.18405 2.18405 2.18405 2.18405 2.18405 2.18501 2.39979 2.38987 2.36217 2.28842 2.20621 2.14274 2.15011 2.15816 2.16245 2.15165 2.14040 2.13055 2.13089 2.13586 2.14082 2.14556 2.13540 2.15370 2.28417 2.33761 2.19194 2.17591 2.18404
2.51027 2.51225 2.38431 2.21317 2.21485 2.22593 2.21285 2.19442 2.17595 2.15752 2.14130 2.13891 2.13891 2.13891 2.13891 2.13891 2.13891 2.13891 2.13891 2.13891 2.13891 2.13891 2.13891 2.10776 1.88699 1.82938 1.89582 1.98018 2.07394 2.07831 2.07831 2.07831 2.00928 1.90976 1.90976 1.90976 1.90976 2.01912 2.18405 2.18405 2.18405 2.18405 2.18505 2.22719 2.37578 2.46814 2.42900 2.40670 2.35968 2.23512 2.22199 2.21177 2.20536 2.19186 2.16820 2.14359 2.11892 2.09429 2.06962 2.04517 2.03570 2.03886 2.21566 2.29540 2.33133 2.20770 2.20770
2.50144 2.49970 2.45156 2.17737 2.14893 2.14269 2.13891 2.13891 2.13891 2.13891 2.13891 2.13891 2.13891 2.13891 2.13891 2.13891 2.13891 2.13891 2.13891 2.13891 2.12327 2.09232 2.06137 2.03039 1.83692 1.89542 2.01220 2.01293 2.07296 2.07831 2.07831 2.07831 2.04915 1.90976 1.90976 1.90976 1.90976 1.91425 2.19022 2.28523 2.34886 2.41240 2.47497 2.49643 2.50061 2.53894 2.41973 2.36615 2.29489 2.17535 2.09113 2.06646 2.04257 2.03570 2.03570 2.03570 2.03570 2.03570 2.03570 2.03570 2.03570 2.03570 2.17585 2.23030 2.43147 2.21000 2.20770
2.31778 2.37391 2.37610 2.22122 2.12563 2.13409 2.13891 2.13891 2.13891 2.13891 2.13891 2.13891 2.13891 2.13891 2.13891 2.13841 2.11791 2.08694 2.05599 2.02504 2.00972 2.00972 2.00972 2.00972 1.93152 1.79719 2.00810 2.01220 2.05378 2.07831 2.07831 2.07831 2.07726 1.96158 2.02928 2.10878 2.18825 2.26740 2.38641 2.46572 2.42134 2.37583 2.32112 2.26462 2.20821 2.14097 2.18649 2.22898 2.20973 2.15228 2.03570 2.03570 2.03570 2.03570 2.03570 2.03570 2.03570 2.03570 2.03570 2.03570 2.03570 2.03570 2.13288 2.22383 2.37446 2.28012 2.20770
2.28276 2.34798 2.37610 2.32242 2.12563 2.13083 2.13891 2.13891 2.13891 2.13891 2.13891 2.13699 2.11254 2.08157 2.05063 2.02017 2.00972 2.00972 2.00972 2.00972 2.00972 2.00972 2.00972 2.00972 2.00477 1.79258 1.93205 2.01220 2.07145 2.19085 2.27039 2.34989 2.40002 2.26620 2.16002 2.10458 2.04925 1.99369 1.94718 2.15306 2.16284 2.15190 2.15004 2.15004 2.14672 2.10571 2.05426 2.09129 2.04757 2.03570 2.03570 2.03570 2.03570 2.03570 2.03570 2.03570 2.03570 2.03570 2.03570 2.03570 2.03570 2.03570 2.08988 2.22383 2.29608 2.38729 2.22324
2.28276 2.30556 2.37598 2.37605 2.17315 2.12759 2.13891 2.13464 2.10718 2.07621 2.04526 2.01621 2.00972 2.00972 2.00972 2.00972 2.00972 2.00972 2.00972 2.00972 2.00972 2.00972 2.00972 2.00842 2.00400 1.99591 2.18255 2.47099 2.53223 2.27007 2.17134 2.11597 2.08982 2.01188 1.92127 1.92127 1.92127 1.92127 1.92127 2.03342 2.14036 2.10419 2.06296 2.01721 1.97130 1.96182 1.87605 1.99405 2.01956 2.03570 2.03570 2.03570 2.03570 2.03570 2.03570 2.03490 2.03276 2.03063 2.02848 2.02635 2.02421 2.03142 2.07336 2.27091 2.30785 2.51442 2.52861
2.28276 2.28276 2.35865 2.36854 2.23716 2.05757 2.03857 2.01320 2.00972 2.00972 2.00972 2.00972 2.00972 2.00972 2.00972 2.00972 2.00972 2.00972 2.00915 2.00516 2.00060 1.99604 1.99149 1.98820 1.98757 2.02249 2.27293 2.46238 2.49685 2.22734 2.04863 2.04159 2.03453 1.99552 1.89524 1.89302 1.85790 1.78912 1.71091 1.63956 1.90184 1.92172 1.91957 1.91744 1.91530 1.91316 1.85816 1.87506 1.93941 1.97759 1.97545 1.97331 1.97117 1.96902 1.96689 1.96555 1.97757 2.01117 2.04242 2.07734 2.11495 2.14347 2.15428 2.28907 2.31605 2.43718 2.50465
2.27696 2.26918 2.26051 2.22891 2.20942 1.97904 1.94693 1.92549 1.91610 1.90669 1.89732 1.88788 1.87842 1.86886 1.85620 1.84225 1.82829 1.81432 1.80081 1.79090 1.78146 1.77210 1.76268 1.75324 1.74429 1.74223 1.96564 2.14111 2.28701 2.19556 1.90545 1.90186 1.85369 1.78414 1.64529 1.54919 1.50171 1.50171 1.50171 1.50171 1.71809 1.89256 1.89256 1.89256 1.89256 1.89256 1.88035 1.80493 1.91208 1.96049 1.96555 1.97959 2.01340 2.04447 2.07284 2.10089 2.12748 2.13917 2.15047 2.15605 2.15838 2.16142 2.16446 2.26444 2.33288 2.38450 2.45997
2.11118 2.11118 2.11153 2.13059 2.13252 1.98259 1.83303 1.76388 1.76388 1.76162 1.75706 1.75250 1.74794 1.74352 1.74223 1.74223 1.74223 1.74223 1.74223 1.74223 1.74223 1.74223 1.74223 1.74223 1.74223 1.74223 1.84499 2.05326 2.21791 2.16376 1.72668 1.59531 1.57414 1.57414 1.51947 1.50171 1.50171 1.50171 1.50171 1.50171 1.53356 1.87567 1.89256 1.89256 1.89256 1.89256 1.87461 1.83575 2.01241 2.08786 2.13140 2.14871 2.15890 2.17320 2.18754 2.20004 2.20459 2.20954 2.21459 2.21950 2.22219 2.22420 2.22620 2.28790 2.38817 2.38886 2.40986
2.11118 2.11118 2.11118 2.12293 2.12558 2.05176 1.85166 1.74909 1.74453 1.74223 1.74223 1.74223 1.74223 1.74223 1.74223 1.74223 1.74223 1.74223 1.74223 1.74223 1.74223 1.74223 1.74223 1.73099 1.69212 1.64477 1.59723 1.94464 1.98084 1.98084 1.73317 1.57414 1.57414 1.57414 1.53648 1.50171 1.50171 1.50171 1.50171 1.50171 1.50171 1.71954 1.83495 1.79144 1.74787 1.70431 1.67874 1.78669 2.07085 2.15435 2.20088 2.21411 2.22041 2.22241 2.22442 2.22643 2.22793 2.22802 2.22802 2.22802 2.22802 2.22802 2.22802 2.25151 2.38817 2.38817 2.40295
