results/OMI_NO2_200702.asc
ncols      200
nrows      200
xllcorner       120.258
yllcorner       41.1236
cellsize     0.0166667
NODATA_Value      -999.000
[rows 87 to 115 of 165, columns 65 to 129 of 200]
2.48558 2.55238 2.53225 2.56294 2.55460 2.46176 2.41433 2.43908 2.64437 1.97814 1.97530 2.20164 2.21263 2.21263 2.23522 2.29105 2.35164 2.42740 2.68355 2.70365 2.69031 2.43550 2.48666 2.47499 2.32460 2.24357 2.08418 2.07842 2.23612 2.23614 2.23614 2.24236 2.28055 2.32325 2.36593 2.38814 2.38814 2.38814 2.38814 2.39508 2.51730 2.70383 2.75101 2.78007 3.14256 3.23013 3.27488 3.27263 3.20415 3.27130 3.27625 3.17665 3.19085 3.43028 3.44459 3.45817 3.47996 3.49698 3.53083 3.56575 3.56845 3.60535 3.62852 4.32440 4.34790
2.28357 2.39443 2.41238 2.44698 2.41039 2.37317 2.38728 2.36559 2.59548 2.12612 1.97522 2.17667 2.33855 2.40330 2.44293 2.44315 2.44315 2.44315 2.57152 2.67029 2.63890 2.50116 2.42624 2.44240 2.35906 2.24812 2.12740 2.03756 2.20034 2.25871 2.34713 2.38463 2.39832 2.40928 2.42010 2.43125 2.47037 2.52845 2.58801 2.64488 2.68249 2.89732 2.91496 2.92828 3.23362 3.54084 3.55289 3.57913 3.38433 3.49589 3.56615 3.59491 3.48321 3.86562 3.90179 3.90353 3.91117 3.91459 3.88598 3.84275 3.73383 3.69771 3.66906 4.20155 4.46001
2.33879 2.44873 2.46247 2.54985 2.65984 2.69955 2.44493 2.40940 2.56366 2.46812 2.12588 2.20715 2.44315 2.44315 2.44281 2.42676 2.40462 2.38201 2.38506 2.64395 2.65005 2.64190 2.44243 2.45930 2.42424 2.32604 2.30748 2.20949 2.37723 2.47716 2.56464 2.59465 2.60683 2.65318 2.70624 2.75918 2.78387 2.78784 2.79000 2.79676 2.84140 3.03101 3.10585 3.13892 3.30083 3.84304 3.92859 4.00429 3.89420 3.81588 3.78057 3.60928 3.46699 3.59035 3.55164 3.53663 3.62503 3.61412 3.60974 3.60652 3.55429 3.52454 3.51828 3.74469 4.48912
2.54737 2.74218 2.90039 2.97315 3.07951 3.18355 3.05460 2.82977 2.87151 2.81729 2.27038 2.26464 2.58350 2.60496 2.56084 2.51662 2.48145 2.44845 2.41739 2.54364 2.65023 2.65414 2.60885 2.65887 2.70186 2.52001 2.44356 2.29142 2.34481 2.53652 2.63624 2.79467 2.88806 2.94365 2.99211 3.04042 3.08913 3.13945 3.19013 3.23198 3.23608 3.27273 3.33027 3.35584 3.39885 3.93907 4.07163 4.07309 4.02213 3.69952 3.59501 3.27499 3.17193 3.17604 3.31523 3.32721 3.55115 3.56411 3.55846 3.55181 3.51497 3.45939 3.45489 3.44807 4.44831
2.90566 3.06155 3.28679 3.34764 3.37388 3.55762 3.54691 3.01444 2.92748 2.95646 2.33239 2.38516 2.43378 2.36990 2.34528 2.33405 2.32303 2.31223 2.30162 2.31969 2.53719 2.53459 2.56419 2.61222 2.64109 2.64856 2.71260 2.80965 2.80259 3.04244 3.09583 3.23622 3.23599 3.23553 3.23553 3.23553 3.23553 3.24396 3.26915 3.30086 3.34867 3.39655 3.47486 3.50387 3.51079 3.82112 4.07048 3.98601 3.72102 3.40059 3.37277 3.19288 3.13731 3.11190 3.27173 3.26106 3.40633 3.52367 3.52219 3.52135 3.51398 3.44073 3.43020 3.38943 4.02975
2.79489 2.79392 2.87382 2.87295 2.87404 3.00721 3.05099 2.72977 2.61065 2.49216 2.39157 2.34152 2.31219 2.21494 2.23840 2.26256 2.28665 2.31083 2.34053 2.38374 2.57110 2.69867 2.77954 2.87661 2.92106 2.92299 2.89644 3.13138 2.93044 3.10541 3.15471 3.29264 3.36465 3.39588 3.44660 3.49937 3.55619 3.60602 3.63826 3.65884 3.61706 3.56366 3.53135 3.44559 3.37465 3.50790 3.93143 3.93179 3.70249 3.41190 3.33724 3.20745 3.06973 3.04018 3.23624 3.24120 3.28116 3.50014 3.46078 3.42058 3.38224 3.28735 3.24323 3.24126 3.57897
2.76707 2.86845 3.02436 3.10941 3.18532 3.36968 3.58226 3.52077 3.12754 2.79375 2.53913 2.53030 2.55846 2.44179 2.43523 2.45789 2.49966 2.54558 2.58690 2.61518 2.69567 3.08773 3.08196 3.09513 3.03121 3.03338 3.04462 3.37757 3.24750 3.27366 3.37507 3.47386 3.63726 3.66281 3.66862 3.65240 3.59624 3.54059 3.47428 3.38589 3.33307 3.26127 3.23827 3.22318 3.18327 3.18473 3.55354 3.62298 3.53045 3.27561 3.25559 3.22781 3.04149 3.18168 3.22030 3.10806 3.07504 3.24045 3.31487 3.31487 3.31624 3.28502 3.25068 3.25473 3.30907
3.35413 3.37164 3.41935 3.45535 3.46975 3.51062 3.75457 3.77601 3.44556 3.26657 2.78599 2.91233 2.97881 2.90806 2.81185 2.84156 2.84580 2.82984 2.77555 2.72372 2.67583 2.94601 3.08387 3.09793 3.07979 2.98908 2.94169 3.11503 3.25244 3.35094 3.46872 3.47788 3.66504 3.67437 3.65754 3.37259 3.27842 3.19709 3.12987 3.09087 3.05517 3.04501 3.05606 3.01033 2.98138 2.95384 3.23649 3.41098 3.42627 3.38280 3.55142 3.74657 3.73645 3.77842 3.48909 2.94208 2.93931 3.01486 3.20219 3.21327 3.22322 3.21826 3.22712 3.33890 3.45297
3.43786 3.44081 3.46009 3.48911 3.48554 3.48781 3.71990 3.81376 3.86615 3.50950 2.97006 2.93319 2.91298 2.85679 2.78541 2.73429 2.68560 2.65239 2.62849 2.56766 2.50905 2.54190 2.84387 2.81432 2.89698 2.87989 2.86765 2.94173 3.21197 3.29935 3.46460 3.44714 3.42423 3.33691 3.25420 3.11504 3.04501 3.04613 3.05774 3.06193 3.05272 3.04370 3.03874 2.93290 3.07678 3.34298 3.76506 4.13707 4.30386 4.13572 4.04918 4.05061 3.93893 3.93767 4.04541 3.43243 3.46786 3.55654 3.84046 3.96045 4.05690 4.16534 4.31200 4.35961 4.42863
3.19567 3.19258 3.19606 3.24846 3.25000 3.25000 3.42608 3.58845 3.89032 3.28821 2.87891 2.53679 2.48376 2.39768 2.50184 2.46587 2.41175 2.36050 2.34530 2.37057 2.39252 2.40928 2.70433 2.80253 2.84282 2.85675 2.81276 2.79138 3.04013 3.06359 3.42128 3.51152 3.50469 3.46585 3.48134 3.45041 3.27897 3.27077 3.25232 3.28315 3.52869 3.79181 4.04405 4.15615 4.19411 4.23182 4.34931 4.81631 4.86279 4.82227 4.71148 4.77682 4.75065 4.61786 4.64319 4.36860 4.00805 4.07786 4.26767 4.47733 4.55902 4.62602 4.74807 4.84820 4.86297
3.19882 3.19965 3.23678 3.33501 3.40031 3.45570 3.52694 3.63758 3.72146 3.34807 2.90410 2.22793 2.11520 2.10736 2.22518 2.28779 2.30564 2.32244 2.32234 2.31421 2.30937 2.30707 2.40373 2.68448 2.69008 2.77946 2.63269 2.57837 2.76383 2.90610 3.32132 3.60684 3.59395 3.50231 3.48653 3.67533 3.82482 4.08791 4.38998 4.64653 4.72669 4.78323 4.83971 4.71843 4.46049 4.46912 4.48006 5.15802 5.20000 5.15239 4.84852 4.91156 5.06809 4.97891 5.08878 5.25158 4.66033 4.70041 4.70968 4.84246 4.86664 4.87121 4.90543 4.98315 4.98554
3.32687 3.40343 3.40521 3.39093 3.37267 3.33414 3.32815 3.42994 3.47580 3.51321 2.91653 2.39936 2.13111 2.15413 2.24717 2.31217 2.30530 2.30243 2.30018 2.29810 2.29602 2.29393 2.28711 2.56511 2.62214 2.67868 2.57332 2.50922 2.62746 2.95141 3.21158 3.65859 3.95008 4.39593 5.05670 5.18229 5.05862 4.86145 4.86145 4.86145 4.86385 4.87490 4.88673 4.84100 4.46738 4.43866 4.41146 4.83467 5.26076 5.41631 5.37153 5.49466 5.66829 5.43564 5.39067 5.56821 4.96051 4.75906 4.75689 4.81823 4.90240 4.90023 4.90052 4.98445 4.97268
3.25796 3.30297 3.29434 3.31239 3.30856 3.30686 3.30756 3.40859 3.44809 3.64357 3.15705 2.69283 2.12985 2.08704 2.09176 2.21106 2.15519 2.15982 2.20363 2.24719 2.28988 2.33083 2.36993 2.52950 2.80639 2.79683 2.71383 2.52929 2.51214 3.06263 3.19038 3.77347 3.96942 4.18448 5.06441 5.04558 5.00416 4.71688 4.68000 4.66279 4.64225 4.61373 4.58551 4.59330 4.30291 4.30246 4.35335 4.60885 5.24079 5.45693 5.48883 5.51022 5.66420 5.51399 5.37946 5.46629 5.31027 4.74926 4.74700 4.73952 4.85641 4.85642 4.84655 4.92105 4.95927
3.40771 3.52046 3.55305 3.58491 3.42483 3.46105 3.49992 3.58484 3.66762 3.87775 3.74959 3.31958 2.30595 2.22039 2.28142 2.52568 2.52609 2.55712 2.55010 2.54257 2.53505 2.52855 2.52768 2.52919 2.72800 2.72912 2.66532 2.49942 2.43717 2.77552 2.90893 3.38341 3.59856 3.79602 4.50046 4.81570 4.82338 4.66715 4.55652 4.60903 4.66904 4.73089 4.79281 4.81486 4.54402 4.38860 4.38474 4.40361 5.10567 5.41164 5.44015 5.47429 5.58621 5.56329 5.35921 5.36082 5.48791 4.71101 4.70283 4.70543 4.78546 4.85997 4.85997 4.90073 4.96455
3.73228 3.82413 3.89417 3.90882 3.72254 3.67617 3.68733 3.71364 3.79056 3.89313 4.00577 3.72654 2.96193 2.42756 2.42004 2.57406 2.54093 2.52768 2.52768 2.52768 2.52490 2.50820 2.48960 2.47101 2.55036 2.69808 2.62998 2.59773 2.47993 2.72805 2.99730 3.30258 3.55426 3.81778 4.09850 4.81843 4.81843 4.80726 4.81087 4.81003 4.80416 4.79860 4.79429 4.79013 4.62583 4.37759 4.37366 4.36735 4.87763 5.29119 5.42114 5.44268 5.31842 5.17845 4.70323 4.47323 4.63008 4.70118 4.73636 4.73880 4.75216 4.88502 4.89146 4.90448 5.01428
3.85081 3.86029 3.94145 3.93707 3.79919 3.67080 3.66599 3.65865 3.72450 3.78801 3.99023 3.85622 3.33312 2.45754 2.41932 2.51852 2.58448 2.51213 2.49353 2.47493 2.45912 2.46191 2.49841 2.54214 2.59200 2.84550 2.86488 2.92716 2.73816 2.75352 3.12772 3.24837 3.53836 3.80213 3.89484 4.66481 4.79675 4.79090 4.78760 4.78755 4.78755 4.78755 4.78530 4.77880 4.71458 4.43286 4.40877 4.30597 4.35582 4.66417 4.69397 4.52727 4.54648 4.72252 4.55786 4.50684 4.75712 4.98565 5.05878 5.12136 5.15866 5.28362 5.38095 5.40567 5.48649
3.85816 3.86107 3.93290 3.96274 3.89679 3.70063 3.69916 3.70037 3.75489 3.76921 3.93964 3.88513 3.71252 2.63233 2.45825 2.46952 2.60072 2.53224 2.57712 2.62369 2.67201 2.71502 2.71925 2.71650 2.71380 2.82597 2.95537 2.95146 2.96456 2.84756 3.23649 3.38921 3.78738 3.97497 4.15474 4.41211 4.90150 4.91092 4.92003 4.92280 4.91630 4.90688 4.88663 4.69110 4.41244 3.87790 3.55529 3.42845 3.57808 4.26032 4.56650 4.67645 4.72849 4.92417 4.83282 4.71331 4.87593 5.20869 5.21762 5.27678 5.26880 5.28400 5.38598 5.38860 5.43537
3.87058 3.86598 3.88814 3.96576 3.96037 3.68231 3.59797 3.52556 3.48340 3.49562 3.63971 3.65101 3.69808 2.83349 2.72802 2.80141 3.05877 2.92798 2.91258 2.92927 2.94707 2.98902 3.04296 3.09904 3.15757 3.22278 3.44171 3.35765 3.44478 3.16257 3.35098 3.52609 3.85525 3.98364 4.25333 4.17901 4.90642 4.91729 4.84313 4.64834 4.44120 4.23909 4.04644 4.05244 4.12484 4.03212 4.14552 4.20884 4.21789 4.44027 4.67804 4.89306 4.95817 5.06259 5.05301 4.79833 4.84430 5.29152 5.29864 5.36640 5.39908 5.40071 5.48575 5.53012 5.55142
3.83770 3.78242 3.69998 3.69853 3.62962 3.37434 3.24914 3.18609 3.16205 3.42272 3.49300 3.60889 3.73184 3.24115 2.91916 2.98171 3.11198 3.12441 3.16591 3.20536 3.24513 3.25656 3.25718 3.26045 3.26400 3.26754 3.37824 3.41465 3.43539 3.44635 3.42030 3.79996 4.11819 4.28435 4.66164 4.70292 4.69138 4.60966 4.46995 4.46601 4.47772 4.47959 4.47959 4.47911 4.47509 4.32856 4.33213 4.33966 4.33884 4.46687 4.65953 4.99621 5.06044 5.10957 5.17049 4.87304 4.86081 5.25407 5.35048 5.37915 5.45570 5.46477 5.49668 5.59798 5.60371
3.40830 3.32730 3.29565 3.27796 3.22225 3.11546 3.01295 3.01153 3.01009 3.30601 3.36649 3.51934 3.54921 3.42512 2.68230 2.82883 2.93496 3.08643 3.32341 3.33714 3.34782 3.38826 3.46035 3.52984 3.59910 3.67061 3.75450 3.88785 3.77652 4.11266 3.80761 4.29072 4.46161 4.59421 4.77683 4.87526 4.59028 4.48741 4.49265 4.49757 4.49902 4.49953 4.49888 4.49175 4.48699 4.39597 4.30822 4.35188 4.34713 4.39106 4.61469 4.93816 5.07181 5.11720 5.23554 4.99273 4.88910 5.18253 5.42251 5.44352 5.48383 5.48836 5.49152 5.58895 5.63511
3.03127 3.03066 3.02004 3.00423 2.92141 2.88741 2.91472 2.86692 2.77037 2.87977 2.95931 3.06526 2.99373 3.15040 2.78465 3.04683 3.16356 3.40826 3.67866 3.82828 3.89231 3.92757 3.93051 3.93344 3.92641 3.89659 3.86583 3.88708 3.66711 3.82559 3.74736 3.98558 4.34564 4.68578 4.72154 4.94303 4.79165 4.52716 4.51310 4.49940 4.48912 4.47987 4.47169 4.47051 4.47017 4.43832 4.25618 4.34279 4.38765 4.44432 4.75173 5.04441 5.42503 5.55239 5.60882 5.13357 4.90896 5.08805 5.48657 5.55367 5.58180 5.55093 5.56719 5.61739 5.70638
5.77651 5.78502 5.79273 5.72341 5.63936 5.36478 5.34813 5.29206 5.18473 4.99189 4.91805 4.63246 4.21084 3.92708 3.91711 3.94794 3.87428 3.88503 4.22385 4.20773 4.18457 4.20462 4.24051 4.28416 4.33443 4.47408 4.21621 4.80205 4.89716 4.88311 4.81113 4.79305 4.77641 4.88638 4.88847 4.89369 5.10571 5.33315 5.61814 5.95277 6.81585 7.19085 7.09895 6.88216 6.87393 7.03606 7.19159 7.38108 7.44467 7.46315 7.45309 7.43105 7.40674 7.41755 7.43275 7.45561 7.47958 7.50354 7.51849 7.51235 7.24524 7.23287 7.23900 8.08342 8.60392
5.85127 5.81894 5.70465 5.56178 5.56438 5.34489 5.06006 5.09411 5.07768 5.03903 5.07633 4.91986 4.62332 4.17520 4.13566 4.09505 4.01541 3.80359 4.24889 4.28639 4.28113 4.28997 4.29003 4.34047 4.32650 4.57662 4.33344 4.68433 5.00671 5.02291 4.99777 5.01708 5.04941 5.22727 5.62024 5.95369 6.39523 7.06238 7.17620 7.14011 7.24908 7.32726 7.26482 6.95039 6.95039 7.05370 7.19836 7.38660 7.48953 7.66961 7.76239 7.83991 7.52652 7.50495 7.49778 7.49062 7.48413 7.48598 7.49030 7.49467 7.32652 7.25327 7.21759 7.48330 7.76708
5.29714 5.18002 5.15658 5.15567 5.41175 5.45635 5.06489 4.98910 4.95299 4.98758 5.30543 5.19097 4.83621 4.21225 4.22801 4.19786 4.21744 3.95742 4.49440 4.73827 4.75407 4.83453 4.91851 5.00981 5.03158 4.99913 4.75333 4.77493 5.29673 5.40531 5.68877 6.02766 6.41531 6.76603 6.98713 6.96616 6.90585 7.08749 7.01942 7.00924 7.09928 7.30094 7.40037 7.16574 7.21173 7.33812 7.66710 7.77351 7.80953 7.82333 7.88509 7.88867 7.59742 7.42785 7.40208 7.37638 7.34944 7.29680 7.23318 7.16944 7.07785 7.01498 6.95428 6.88030 6.72169
5.19221 5.20284 5.19761 5.16434 5.29649 5.40203 5.22801 5.00455 5.03988 5.04799 5.34253 5.48222 5.15748 4.47659 4.43300 4.37878 4.40640 4.17303 4.54247 5.05521 5.05811 5.04310 5.03994 5.04925 5.05169 5.16286 5.34104 5.38163 6.23891 6.46598 6.50640 6.91029 6.77184 6.63207 6.62383 6.65252 6.75399 7.05349 7.27508 7.39018 7.51896 7.84386 7.87045 7.67410 7.56484 7.60565 7.67068 7.65448 7.68622 7.59061 7.68000 7.64391 7.49364 7.17401 7.14859 7.12577 7.10358 7.09228 7.01751 6.92274 6.80447 6.66457 6.63164 6.65187 6.62115
5.35907 5.31903 5.29480 5.29845 5.38080 5.61040 5.59822 5.24408 5.28709 5.31006 5.41503 5.75448 5.55368 4.80384 4.58755 4.59228 4.56283 4.35927 4.35006 5.04184 5.01410 4.98043 4.96889 4.95923 4.96638 5.54558 6.13636 5.82970 6.10705 6.24144 6.17916 6.60154 6.87434 6.99914 7.18542 7.36118 7.41487 7.54524 7.78160 7.82352 7.86616 8.09153 8.21605 8.01999 7.78310 7.78717 7.59285 7.47867 7.53541 7.42566 7.54040 7.54738 7.53256 7.13729 7.01335 6.91497 6.81778 6.73290 6.72083 6.72878 6.73174 6.64837 6.65511 6.65355 6.63768
5.32751 5.32299 5.31844 5.31391 5.31592 5.59170 5.61426 5.46043 5.39252 5.43822 5.47440 5.83600 5.83461 5.06531 4.59487 4.54418 4.45813 4.30173 3.99432 4.71461 4.72634 4.66118 4.62646 4.57892 4.50797 4.55937 5.63013 5.78384 6.13005 6.70865 6.81067 7.05633 7.48712 7.49527 7.51261 7.58763 7.55745 7.54460 7.76335 7.75058 7.71857 7.77731 7.91339 7.79456 7.74137 7.70547 7.55183 7.37480 7.41962 7.29301 7.07591 7.23393 7.12625 6.80365 6.62270 6.62093 6.61746 6.60574 6.59291 6.58001 6.56726 6.48578 6.47557 6.47279 6.47429
5.30202 5.30243 5.32524 5.36067 5.39445 5.63807 5.76934 5.72358 5.36716 5.30082 5.26598 5.34931 5.57215 4.95422 4.24855 4.24413 4.21268 4.16995 3.81675 4.36389 4.63669 4.60302 4.58781 4.58127 4.63336 4.65104 5.55896 6.01918 6.09868 6.69743 6.69401 6.68041 7.18411 7.21097 7.20906 7.29468 7.32295 7.31607 7.47971 7.53470 7.49742 7.49582 7.66555 7.65892 7.60442 7.44991 7.17375 6.62698 6.14613 5.94106 5.98864 6.82524 6.82993 6.73434 6.40747 6.40428 6.40154 6.40467 6.41165 6.41863 6.40856 6.31937 6.25893 6.21858 6.18962
5.33548 5.35405 5.35008 5.33360 5.31869 5.43207 5.63521 5.62814 5.31374 5.06260 5.05618 5.03944 5.35634 5.13220 4.14760 4.17447 4.16249 4.17352 3.83186 4.05166 4.48599 4.53049 4.54759 4.54758 4.51692 4.37368 4.79597 5.78944 5.91721 6.37922 6.60902 6.60902 6.96337 7.15808 7.11929 7.12996 7.17311 7.14269 7.25339 7.41868 7.41732 7.22673 7.13199 6.93663 6.52358 6.35215 6.25657 5.95196 5.67956 5.48515 5.38114 6.26973 6.51596 6.48440 6.09897 6.01641 5.98476 5.94798 5.90762 5.86722 5.84384 5.80414 5.74869 5.75780 5.76293
