results/OMI_NO2_200504.asc
ncols      200
nrows      200
xllcorner       120.258
yllcorner       41.1236
cellsize     0.0166667
NODATA_Value      -999.000
[rows 27 to 53 of 166, columns 61 to 121 of 200]
0.396056 0.372174 0.372174 0.372174 0.384557 0.392090 0.398206 0.457673 0.599426 0.590886 0.594230 0.597988 0.630136 0.643150 0.651475 0.667700 0.684711 0.700439 0.711880 0.714263 0.708255 0.696291 0.684229 0.672120 0.660255 0.655498 0.658084 0.603517 0.604271 0.605028 0.621186 0.686403 0.712786 0.714529 0.740241 0.771666 0.817012 0.856633 0.892581 0.925226 0.935606 0.933928 0.932305 0.932236 0.921784 0.859475 0.849948 0.842653 0.835366 0.794716 0.769758 0.769758 0.802624 0.861952 0.863354 0.860387 0.856113 0.851823 0.851365 0.855448 0.856253
0.423072 0.389103 0.389195 0.388095 0.391193 0.408152 0.409193 0.448674 0.611423 0.641925 0.646993 0.660516 0.696224 0.728101 0.741536 0.744269 0.732411 0.718686 0.704977 0.691211 0.684912 0.684912 0.684912 0.684912 0.684912 0.673270 0.699360 0.618924 0.639547 0.668016 0.717325 0.793315 0.888552 0.931652 0.955688 0.968740 0.974841 0.980090 0.976800 0.980468 0.984301 0.987749 0.985626 0.981306 0.976943 0.913452 0.893729 0.899008 0.903188 0.892434 0.854448 0.851695 0.852090 0.933892 0.966329 0.971500 0.977805 0.984123 0.991819 1.03738 1.04381
0.445400 0.386343 0.385610 0.392073 0.399184 0.419639 0.437690 0.484857 0.610933 0.699087 0.709503 0.706821 0.701953 0.713454 0.694044 0.678793 0.676424 0.676042 0.675661 0.675279 0.674899 0.674813 0.673596 0.672024 0.670454 0.662638 0.673185 0.746604 0.779875 0.779877 0.848811 1.00343 1.07662 1.10008 1.10008 1.10009 1.10044 1.12018 1.10992 1.10467 1.09995 1.09501 1.08364 1.06972 1.05631 1.03198 0.999940 0.990577 0.982538 0.973696 0.916118 0.910422 0.910422 0.954977 1.03374 1.03595 1.03589 1.02480 1.00044 1.00310 0.985115
0.438651 0.439293 0.455375 0.476837 0.502267 0.531761 0.554973 0.570224 0.606120 0.680207 0.645460 0.636684 0.637577 0.674027 0.673098 0.673628 0.672637 0.671444 0.670241 0.669041 0.667847 0.666362 0.665990 0.665992 0.665994 0.665238 0.658610 0.717330 0.779895 0.779897 0.798874 0.998560 1.03668 1.09951 1.09341 1.08539 1.07536 1.09132 1.07706 1.05793 1.04195 1.02500 1.01290 1.00487 0.996832 0.988853 0.970408 0.966280 0.961550 0.954098 0.913170 0.883261 0.875786 0.876356 0.957759 0.964196 0.947846 0.944347 0.955572 0.990810 1.03381
0.534717 0.534533 0.541234 0.546682 0.547548 0.548939 0.561430 0.567520 0.606240 0.659318 0.665653 0.674547 0.683434 0.720606 0.704851 0.698354 0.666801 0.666005 0.666007 0.666009 0.666010 0.666011 0.666011 0.666011 0.666011 0.666011 0.656179 0.688349 0.771316 0.779289 0.772104 0.946115 0.967151 1.01305 1.01831 1.00440 0.992223 1.00809 1.02201 1.00859 0.993782 0.980934 0.973944 0.967296 0.960576 0.953843 0.947164 0.948939 0.960077 0.972320 0.951575 0.895263 0.884131 0.873673 0.945659 1.02630 1.03405 1.05169 1.06934 1.09825 1.17240
0.589678 0.592550 0.594328 0.606480 0.618632 0.630765 0.650404 0.664214 0.692601 0.720112 0.727145 0.721744 0.721797 0.741434 0.745814 0.724805 0.684125 0.672585 0.673956 0.675322 0.676691 0.678058 0.679434 0.680803 0.682170 0.684164 0.692115 0.702547 0.721791 0.723833 0.703487 0.811444 0.886660 0.898649 0.943653 0.927373 0.911506 0.911131 0.942006 0.949041 0.949172 0.949301 0.949431 0.949561 0.949686 0.949702 0.973246 0.991742 0.968204 0.946521 0.954985 0.910948 0.922988 0.940643 0.979031 1.11699 1.14154 1.14378 1.14860 1.15408 1.23353
0.706979 0.691473 0.678504 0.681846 0.685234 0.688669 0.694672 0.709749 0.727188 0.754649 0.786620 0.775523 0.779258 0.782018 0.783168 0.747540 0.720996 0.692286 0.692286 0.692289 0.692774 0.695358 0.706872 0.721531 0.736189 0.750209 0.755000 0.681419 0.622245 0.647403 0.658919 0.748391 0.875074 0.831783 0.874365 0.894896 0.895014 0.895577 0.937337 0.949059 0.949804 0.949804 0.943141 0.916172 0.871642 0.822919 0.797508 0.969307 1.02145 1.03220 1.03018 1.00300 0.991467 1.00012 1.01840 1.10363 1.16119 1.16435 1.16442 1.16442 1.21664
0.772120 0.739629 0.716553 0.715384 0.715384 0.715384 0.715384 0.726779 0.732667 0.767834 0.790305 0.781032 0.781962 0.782956 0.790040 0.760843 0.743050 0.702233 0.712983 0.727637 0.741802 0.753870 0.757011 0.762910 0.783831 0.805590 0.827343 0.813546 0.725277 0.672220 0.678462 0.710994 0.875741 0.864381 0.831961 0.895186 0.895186 0.889639 0.900059 0.878626 0.827170 0.771799 0.722320 0.697852 0.690258 0.684324 0.679331 0.849727 1.01013 1.01858 1.03647 1.04977 1.05492 1.06504 1.06509 1.07622 1.15239 1.14784 1.14008 1.14316 1.17740
0.773748 0.754314 0.721948 0.717957 0.720231 0.722506 0.724780 0.732610 0.743942 0.768530 0.786194 0.797362 0.793905 0.796949 0.810030 0.808504 0.800275 0.772116 0.781077 0.799612 0.821359 0.843119 0.864865 0.880727 0.881542 0.881542 0.881542 0.876434 0.770041 0.692276 0.678481 0.669975 0.830086 0.826390 0.737151 0.766042 0.732699 0.686525 0.673113 0.692609 0.684844 0.687161 0.689498 0.691919 0.694236 0.705728 0.725995 0.802013 1.09398 1.10963 1.11059 1.10405 1.08076 1.07200 1.07060 1.07209 1.14984 1.21743 1.23491 1.23844 1.25009
0.790993 0.790067 0.747193 0.734923 0.735692 0.736516 0.737890 0.740242 0.761372 0.769264 0.770803 0.827077 0.880873 0.905286 0.922615 0.936843 0.919624 0.897534 0.888166 0.892031 0.892678 0.893328 0.893974 0.894622 0.894883 0.889010 0.879155 0.869295 0.790908 0.680924 0.568471 0.552084 0.734474 0.814075 0.785979 0.733733 0.735883 0.738206 0.745485 0.785962 0.779155 0.788041 0.804955 0.821858 0.838775 0.849957 0.857495 0.873565 1.08485 1.13667 1.13671 1.14400 1.14219 1.14367 1.14618 1.14618 1.17538 1.29855 1.29961 1.29961 1.30823
0.915062 0.923730 0.862060 0.731150 0.703128 0.673444 0.649604 0.635476 0.647216 0.664043 0.690113 0.764872 0.991733 1.00461 1.01155 0.998299 0.969039 0.939402 0.899168 0.892339 0.881807 0.871336 0.860807 0.850322 0.840192 0.837085 0.839119 0.841151 0.821293 0.706542 0.595009 0.567649 0.697476 0.841556 0.844982 0.764317 0.762194 0.773497 0.789881 0.816353 0.838705 0.855174 0.863737 0.872300 0.881663 0.894018 0.902678 0.911298 1.02976 1.16341 1.16352 1.16352 1.17560 1.19389 1.22471 1.25554 1.29230 1.49017 1.59245 1.64315 1.68673
0.786560 0.752749 0.721650 0.588670 0.600951 0.615827 0.615444 0.603578 0.600963 0.627128 0.644192 0.647178 0.954576 0.984062 0.963917 0.935429 0.909810 0.882733 0.851603 0.850206 0.852243 0.854280 0.856312 0.858349 0.860381 0.861554 0.861556 0.861556 0.865013 0.775491 0.697802 0.640505 0.717723 0.918841 0.880627 0.853727 0.837305 0.851617 0.858272 0.870799 0.891989 0.910176 0.923451 0.943455 0.962922 0.976066 0.987691 0.999292 1.07998 1.39417 1.43418 1.46566 1.48139 1.47780 1.49123 1.50501 1.51658 1.59152 1.72143 1.71803 1.70023
0.755663 0.764638 0.757052 0.626051 0.562965 0.536007 0.517863 0.509851 0.520664 0.572631 0.604683 0.633901 0.754039 0.864427 0.864413 0.863511 0.862126 0.849892 0.858523 0.859986 0.858171 0.856358 0.854532 0.857310 0.869107 0.880766 0.891982 0.902768 0.910091 0.854434 0.754192 0.706004 0.732862 0.978703 0.959215 0.940973 0.877887 0.892580 0.908342 0.928032 0.989580 1.05551 1.06604 1.07101 1.07555 1.08008 1.08462 1.08915 1.10640 1.43046 1.50723 1.51827 1.52860 1.51722 1.49505 1.47835 1.46164 1.45475 1.60943 1.62924 1.63997
0.639604 0.619008 0.629395 0.574844 0.524886 0.550025 0.574054 0.590549 0.591221 0.608051 0.635992 0.657480 0.685521 0.854984 0.864413 0.852976 0.831855 0.820622 0.826315 0.846518 0.860308 0.873569 0.886376 0.894590 0.889417 0.879238 0.866432 0.853587 0.840804 0.828629 0.840824 0.781462 0.797121 0.985949 1.01929 0.985744 0.971840 0.968435 0.972971 0.977772 1.00916 1.09525 1.09603 1.09603 1.09603 1.09905 1.11869 1.14217 1.16566 1.36359 1.46986 1.45515 1.44046 1.43754 1.47896 1.49495 1.51131 1.52705 1.59060 1.61727 1.58511
0.703518 0.720827 0.722872 0.690370 0.596315 0.591221 0.591221 0.591221 0.591221 0.593155 0.629938 0.653368 0.657886 0.817003 0.899954 0.890837 0.862670 0.863238 0.857272 0.858607 0.851170 0.841465 0.828674 0.816032 0.808607 0.805972 0.805108 0.801004 0.797296 0.793588 0.840750 0.798515 0.802274 0.945519 1.05612 1.01447 1.00913 1.00639 1.02339 1.02570 1.03668 1.12893 1.15734 1.18366 1.20902 1.23086 1.23957 1.24419 1.24767 1.33270 1.47416 1.47402 1.47509 1.47751 1.55827 1.56640 1.56731 1.56833 1.56334 1.62799 1.66092
0.722896 0.722872 0.722872 0.715847 0.606718 0.591221 0.590528 0.588482 0.599317 0.634619 0.689588 0.719995 0.725241 0.798861 0.908315 0.869347 0.832152 0.825238 0.809173 0.813365 0.811104 0.810750 0.810410 0.806702 0.802989 0.799279 0.796433 0.796824 0.796824 0.796824 0.832524 0.828690 0.801780 0.892138 1.05695 1.03796 1.02931 1.04644 1.10764 1.13595 1.16410 1.24290 1.27812 1.27853 1.27853 1.27853 1.27853 1.27853 1.27848 1.29720 1.48352 1.48503 1.48203 1.47967 1.54386 1.60280 1.62727 1.65672 1.69096 1.70567 1.68847
0.732070 0.722501 0.722396 0.732202 0.669876 0.666840 0.699853 0.735196 0.757703 0.758259 0.762887 0.768430 0.723612 0.755246 0.881070 0.887307 0.836311 0.822536 0.812025 0.811301 0.810429 0.804429 0.801508 0.801972 0.802437 0.802901 0.803365 0.803829 0.805207 0.802973 0.815420 0.856058 0.821538 0.895402 1.03429 1.03173 0.968147 0.953087 1.02220 1.08690 1.09001 1.12816 1.17436 1.17367 1.17299 1.17210 1.17125 1.17047 1.16846 1.16055 1.31462 1.44659 1.47523 1.50547 1.54693 1.63001 1.63794 1.64174 1.64175 1.61680 1.57354
0.768887 0.773118 0.803227 0.823471 0.804294 0.788219 0.787530 0.805590 0.823673 0.840121 0.851193 0.872341 0.821240 0.813818 0.862441 0.905901 0.844153 0.814763 0.809680 0.804930 0.812390 0.815991 0.821682 0.819129 0.815443 0.811818 0.808193 0.804481 0.799942 0.799080 0.800144 0.865878 0.830854 0.898749 0.987630 1.00118 0.959401 0.918895 0.988963 1.03834 1.07595 1.10847 1.18266 1.18000 1.17197 1.16388 1.15579 1.14776 1.14459 1.14956 1.24722 1.48088 1.53984 1.54048 1.54220 1.63360 1.63494 1.61936 1.60363 1.58606 1.50434
0.868552 0.844361 0.861556 0.879014 0.896466 0.910926 0.891935 0.883745 0.876332 0.871793 0.873392 0.880411 0.846780 0.820012 0.841255 0.885390 0.860099 0.802410 0.790725 0.807548 0.820553 0.815302 0.807342 0.807595 0.808952 0.810315 0.811674 0.813032 0.814390 0.815675 0.815978 0.864603 0.847510 0.885924 0.971870 1.00483 0.989107 0.932660 0.976439 0.992568 1.05378 1.06279 1.13665 1.14183 1.15071 1.16416 1.17577 1.18167 1.18363 1.18340 1.21219 1.40470 1.51859 1.50463 1.48802 1.52700 1.55117 1.54220 1.53330 1.52461 1.48877
0.967307 0.929739 0.906835 0.891526 0.876429 0.865278 0.869458 0.875507 0.877122 0.877476 0.876418 0.869162 0.852312 0.796245 0.796250 0.808679 0.809550 0.749460 0.744836 0.770968 0.808047 0.815978 0.815978 0.815978 0.815857 0.814814 0.813414 0.810986 0.808374 0.805763 0.803150 0.823334 0.865599 0.828824 0.915559 0.964588 0.953569 0.876893 0.889763 0.917393 0.963616 1.00300 1.18198 1.28232 1.27885 1.27257 1.27187 1.27698 1.28247 1.28797 1.29349 1.34565 1.48685 1.49440 1.48875 1.50823 1.57796 1.60553 1.63919 1.67286 1.70098
0.926439 0.895086 0.863426 0.865068 0.866341 0.860213 0.851169 0.846990 0.835140 0.823062 0.811806 0.807355 0.815299 0.764126 0.758407 0.772112 0.793475 0.747259 0.728539 0.739279 0.779219 0.793445 0.790281 0.787027 0.784662 0.786653 0.785435 0.785239 0.786422 0.788828 0.791341 0.794947 0.807972 0.711223 0.785452 0.851563 0.834133 0.783929 0.756532 0.880834 0.903553 0.984753 1.11943 1.29575 1.30124 1.30515 1.30531 1.30531 1.30508 1.30118 1.29666 1.31191 1.45411 1.58156 1.61162 1.64340 1.75486 1.75764 1.74941 1.74491 1.76623
0.886645 0.866946 0.800028 0.788343 0.777677 0.772588 0.770430 0.773499 0.775914 0.775134 0.774369 0.773616 0.777201 0.757845 0.739429 0.750946 0.761586 0.756018 0.716259 0.719222 0.760875 0.789992 0.793983 0.795787 0.797567 0.809318 0.813064 0.816141 0.817510 0.817216 0.807705 0.780314 0.730752 0.632268 0.709866 0.833080 0.847605 0.845213 0.776090 0.882827 0.903158 0.954572 1.03649 1.28022 1.27849 1.27565 1.27000 1.26385 1.25780 1.25544 1.25378 1.26454 1.36999 1.61282 1.61065 1.61175 1.67332 1.74287 1.85450 1.91325 1.94678
0.827405 0.825011 0.783327 0.769643 0.766811 0.762919 0.762374 0.762886 0.768591 0.768698 0.768698 0.769075 0.771679 0.777386 0.766538 0.779399 0.794169 0.816703 0.749956 0.744074 0.764361 0.803084 0.804850 0.801817 0.785535 0.769506 0.742366 0.712182 0.682011 0.652167 0.631479 0.628709 0.619676 0.576750 0.687094 0.823023 0.855521 0.855540 0.798702 0.761662 0.795383 0.813830 0.899938 1.15048 1.18074 1.17728 1.17673 1.17670 1.17670 1.17670 1.17670 1.18293 1.25321 1.56789 1.64426 1.67426 1.69500 1.73397 1.88210 1.87909 1.86246
0.829618 0.825011 0.802210 0.769643 0.768248 0.761989 0.762338 0.764809 0.772090 0.777371 0.780344 0.782936 0.783213 0.788711 0.783377 0.779550 0.787889 0.779626 0.720537 0.674133 0.667687 0.691154 0.677684 0.655841 0.647471 0.640945 0.639482 0.641702 0.643906 0.646118 0.648337 0.650741 0.667762 0.658778 0.711495 0.814684 0.834853 0.838849 0.809628 0.727494 0.744319 0.758374 0.814551 1.02909 1.13181 1.13017 1.12851 1.13318 1.16235 1.19440 1.22645 1.25465 1.29954 1.49681 1.59437 1.58253 1.56910 1.60536 1.70924 1.78095 1.77844
0.847427 0.842643 0.843218 0.795789 0.799280 0.794326 0.813305 0.818483 0.820885 0.825713 0.821190 0.816479 0.812199 0.809737 0.802180 0.796016 0.767244 0.710501 0.703912 0.637763 0.631495 0.676271 0.701128 0.701128 0.701053 0.700568 0.717413 0.744374 0.772071 0.800603 0.829993 0.859975 0.871232 0.848610 0.817101 0.840294 0.792475 0.800316 0.799776 0.706883 0.700829 0.734076 0.752068 0.956179 1.16621 1.19990 1.23584 1.28032 1.30344 1.32428 1.34587 1.36563 1.39175 1.46273 1.55557 1.54710 1.54595 1.57839 1.63190 1.77757 1.77821
0.894947 0.892293 0.890447 0.838152 0.813107 0.799181 0.810391 0.814254 0.808217 0.807348 0.811781 0.812791 0.810754 0.803572 0.793743 0.780260 0.768929 0.697097 0.707439 0.649760 0.657762 0.701637 0.764608 0.793025 0.821412 0.849531 0.875809 0.881724 0.883544 0.885365 0.887186 0.889004 0.890827 0.880213 0.835115 0.877356 0.810935 0.819633 0.823205 0.769602 0.742584 0.809489 0.866833 1.02000 1.32946 1.35133 1.37052 1.36926 1.36438 1.35951 1.35632 1.35205 1.35376 1.35669 1.51405 1.48876 1.48003 1.50504 1.55502 1.72274 1.76335
0.855535 0.842792 0.831922 0.812304 0.780340 0.772541 0.772997 0.782231 0.769355 0.771885 0.794929 0.795347 0.800554 0.810472 0.829063 0.847363 0.875184 0.860289 0.886245 0.884519 0.857014 0.860578 0.870678 0.873833 0.873833 0.873833 0.883583 0.893932 0.893932 0.893962 0.895559 0.898327 0.901179 0.901391 0.871153 0.871019 0.835337 0.869809 0.993806 1.02494 0.914901 0.943562 0.977674 1.01347 1.18185 1.17844 1.16903 1.16359 1.15842 1.15136 1.14097 1.13384 1.13026 1.14414 1.35470 1.42865 1.44036 1.43388 1.47544 1.56012 1.68362
