results/OMI_NO2_200911.asc
ncols      200
nrows      200
xllcorner       120.258
yllcorner       41.1236
cellsize     0.0166667
NODATA_Value      -999.000
[rows 29 to 57 of 175, columns 0 to 66 of 200]
5.50634 5.50646 5.50746 5.47906 5.43661 5.43776 5.43079 5.32229 5.19372 5.07638 4.96927 4.99534 4.92050 4.11238 4.01351 3.92397 3.89967 4.33416 3.42302 3.14940 3.23560 3.29359 3.23113 0.00000 1.78325 1.79584 1.61768 1.57497 1.63511 1.66283 1.67550 1.69548 1.70566 1.47894 1.47196 1.45467 1.44979 1.49008 1.37672 1.32987 1.28745 1.24510 1.20269 1.17434 1.17360 1.17360 1.17360 1.17360 1.17360 1.17360 1.17360 1.17360 1.17360 1.28564 1.46889 1.49005 1.39804 1.43777 1.39224 1.53100 2.11273 2.04080 2.08871 2.15605 2.22342 2.25355 2.20182
5.51083 5.50766 5.40531 5.26797 5.08882 4.97866 4.88468 4.86474 4.87077 4.83439 4.80633 4.79072 4.80437 4.25231 4.01997 4.06042 4.06941 4.37956 4.17778 3.31775 3.31775 3.31752 3.26238 0.00000 2.01326 1.96025 1.93065 1.64838 1.70175 1.73666 1.74928 1.72887 1.70533 1.51770 1.39949 1.37636 1.35249 1.32012 1.22680 1.17360 1.17360 1.17360 1.17360 1.17360 1.17360 1.17360 1.17360 1.17360 1.17360 1.17500 1.18939 1.22760 1.28156 1.39693 1.70308 2.17457 1.74185 1.73396 1.58066 1.65318 2.23462 2.35648 2.19962 2.15064 2.10670 2.07805 2.07693
5.04995 4.95017 4.92188 4.92544 4.90823 4.89853 4.87847 4.81803 4.69157 4.60172 4.50560 4.46018 4.59474 4.52784 4.06983 4.06941 4.06941 4.18576 4.52483 3.39840 3.31775 3.31775 3.29483 3.23113 2.52856 2.00040 2.00040 1.70949 1.63563 1.68368 1.65124 1.61973 1.58987 1.51011 1.30215 1.30044 1.30044 1.28316 1.24547 1.17690 1.17360 1.17360 1.17360 1.17360 1.17563 1.18963 1.21080 1.24822 1.30349 1.36956 1.43176 1.45061 1.45061 1.45134 1.61344 2.01019 2.14145 2.20423 1.90274 1.72144 1.85985 2.17889 2.08213 2.07693 2.09648 2.18584 2.28146
4.93338 4.91522 4.86035 4.78314 4.66725 4.63399 4.52742 4.45983 4.45870 4.45870 4.45870 4.45870 4.51960 4.62090 4.23277 4.06941 4.06941 4.07319 4.49527 3.92402 3.31775 3.31775 3.31513 3.24896 3.04465 2.08809 1.95487 1.76291 1.41725 1.53545 1.53423 1.53420 1.53420 1.53420 1.34386 1.30044 1.30044 1.29938 1.25537 1.20536 1.19101 1.20756 1.23581 1.27162 1.32292 1.37454 1.42456 1.44954 1.45061 1.44788 1.43793 1.42759 1.41725 1.42821 1.60216 1.89548 1.87827 1.92669 1.90573 1.68925 1.79669 2.34659 2.40457 2.43517 2.51118 2.51735 2.51735
4.66137 4.52736 4.42052 4.33629 4.33141 4.44602 4.45870 4.45870 4.45870 4.45870 4.45870 4.45870 4.46424 4.60650 4.48284 4.06941 4.06941 4.06941 4.28245 4.37610 3.31775 3.31775 3.31775 3.29100 2.69670 2.13655 1.74288 1.74288 1.41619 1.44801 1.53420 1.53420 1.53420 1.53420 1.43378 1.32300 1.34213 1.36429 1.37132 1.36084 1.32702 1.37494 1.41136 1.44243 1.45061 1.44848 1.43880 1.42848 1.41813 1.42474 1.48147 1.54946 1.62847 1.68932 1.74313 2.16875 2.11419 2.35836 2.60798 2.52492 2.39577 2.56010 2.69289 2.51792 2.51735 2.51735 2.51735
4.32905 4.32966 4.32966 4.32966 4.32966 4.39996 4.45870 4.45870 4.45870 4.45870 4.45870 4.45870 4.45870 4.53436 4.61988 4.20150 4.12356 4.15324 4.22962 4.75056 3.66913 3.31775 3.31775 3.30915 2.54898 2.52157 1.79864 1.74288 1.58160 1.36381 1.51119 1.50525 1.49325 1.48642 1.48375 1.42956 1.43800 1.46627 1.48949 1.47696 1.46379 1.44900 1.43969 1.42934 1.41901 1.42182 1.47602 1.54320 1.62114 1.68742 1.69243 1.82292 2.03799 2.25325 2.46841 3.27103 3.11010 2.81351 2.88728 2.82128 2.40553 2.42748 2.72654 2.56482 2.51783 2.54198 2.57927
4.29050 4.32966 4.32966 4.32966 4.32966 4.35219 4.45867 4.45870 4.45870 4.45929 4.47350 4.49329 4.51315 4.54635 4.72543 4.52523 4.10357 4.03443 3.96519 4.47230 4.38376 3.28895 3.26791 3.23953 2.51511 2.32493 1.89232 1.62328 1.59192 1.36425 1.43550 1.49625 1.50310 1.52052 1.54990 1.53972 1.53941 1.54361 1.53650 1.49540 1.45631 1.41935 1.47064 1.53703 1.61401 1.68471 1.72579 1.92092 2.13608 2.35124 2.56506 2.64992 2.64992 2.64992 2.64992 2.92424 3.46473 2.81646 2.86347 2.88749 2.55649 2.41191 2.67854 2.70460 2.56764 2.53817 2.49555
4.17771 4.32966 4.32966 4.32966 4.32996 4.34297 4.46667 4.51169 4.53150 4.55068 4.53150 4.48548 4.43937 4.39325 4.42593 4.47665 3.99346 3.95504 3.99492 4.41383 5.61343 4.13564 4.33798 4.65575 1.89382 1.86547 1.83724 1.61059 1.59593 1.50621 1.43680 1.56621 1.60227 1.61985 1.61313 1.58950 1.52066 1.51851 1.56104 1.60450 1.62167 1.68102 1.80375 2.01891 2.23407 2.44924 2.62979 2.64992 2.64992 2.64992 2.64992 2.64992 2.64992 2.64992 2.64992 2.68231 3.49039 3.03137 2.79859 2.75536 2.60824 2.36589 2.38017 2.56650 2.47446 2.48904 2.51762
4.07083 4.34138 4.38117 4.40096 4.42050 4.40646 4.41645 4.44335 4.39728 4.35111 4.33142 4.35946 4.46171 4.64095 4.92645 5.14247 4.99140 4.48653 4.59258 4.66738 6.12955 5.75787 5.07435 5.07435 1.81797 1.81710 1.81710 1.74617 1.74712 1.79370 1.52286 1.57626 1.59729 1.59333 1.63597 1.69637 1.69196 1.73924 1.76745 1.78869 2.07866 2.41722 2.64992 2.64992 2.64992 2.64992 2.64992 2.64992 2.64992 2.64992 2.64992 2.64992 2.65064 2.69247 2.69316 2.65490 2.84429 2.79357 2.40927 2.46022 2.47817 2.38214 2.35927 2.61089 2.61917 2.52468 2.45538
4.33537 4.28823 4.31835 4.27228 4.22614 4.20089 4.21758 4.37788 4.51565 4.74080 5.01178 5.34437 5.59788 5.77853 5.86786 5.84885 5.77190 4.71347 4.64775 4.64775 5.38047 6.18736 5.07435 5.07435 1.81710 1.81710 1.81710 1.81710 1.81710 1.81710 1.66529 1.64160 1.75782 1.83293 1.86907 1.89034 1.87209 1.83634 1.84022 1.84022 2.06218 2.42095 2.64093 2.64992 2.64992 2.64992 2.64992 2.65160 2.69849 2.74705 2.71338 2.67506 2.64089 2.57893 2.54898 2.54898 2.58935 2.76542 2.47918 2.46677 2.60244 2.45809 2.20793 2.20174 2.23387 2.08425 2.04228
4.19519 4.09564 4.21197 4.25968 4.32807 4.48877 4.67324 5.25080 5.61466 5.75186 5.86053 5.86951 5.86951 5.86951 5.86951 5.86284 5.83781 5.23173 4.64775 4.64775 4.81414 6.35526 5.41228 5.07435 1.81710 1.81710 1.81710 1.81710 1.81710 1.83201 1.86040 1.88877 1.91808 1.93424 1.93513 1.93513 1.92930 1.84384 1.84022 1.84022 1.86284 2.36749 2.54671 2.70379 2.77100 2.77633 2.73237 2.69261 2.62176 2.55576 2.54898 2.54898 2.54834 2.54392 2.53888 2.53385 2.47133 2.47391 2.27984 1.92309 1.98943 1.96778 1.92178 1.91310 2.14241 2.11496 2.10253
4.43864 4.23270 4.47997 4.86889 5.10221 5.24571 5.36935 5.54592 5.86951 5.86951 5.86951 5.86951 5.86951 5.86951 5.86951 5.86949 5.84541 5.70803 4.66356 4.64775 4.64775 5.77592 5.98443 5.07435 1.81876 1.84094 1.86933 1.89771 1.92608 1.93955 1.93955 1.93955 1.93795 1.93513 1.93513 1.93513 1.93513 1.87889 1.88462 1.93506 1.97906 2.28139 2.55456 2.66786 2.58465 2.54898 2.54898 2.54898 2.54853 2.54432 2.53930 2.53427 2.52989 2.52928 2.52928 2.52928 2.33622 2.10481 2.13314 1.82078 1.85061 1.92484 1.89525 1.85269 2.06425 2.19045 2.12224
5.31490 4.83595 4.94622 5.38936 5.39154 5.39154 5.39154 5.40382 5.83471 5.86951 5.86951 5.86951 5.86951 5.86951 5.86951 5.86951 5.86001 5.83779 5.08473 4.57844 4.53319 4.91760 6.01971 5.11464 1.93338 1.93955 1.93955 1.93955 1.93955 1.93955 1.93955 1.93955 1.93636 1.89273 1.84272 1.79154 1.72068 1.70017 1.93212 1.85853 1.79132 1.85907 2.33997 2.50755 2.54868 2.54473 2.53970 2.53467 2.53010 2.52928 2.52928 2.52928 2.52928 2.52928 2.52220 2.50395 2.46146 2.05587 2.05592 1.90665 1.73555 1.89783 1.90216 1.86183 1.91603 2.21376 2.13662
5.72330 5.18296 4.94169 5.24062 5.39154 5.39154 5.39154 5.39154 5.67001 5.86951 5.86951 5.86951 5.86951 5.85693 5.82977 5.80265 5.77479 5.69537 5.44399 4.43162 4.43673 4.47323 5.86532 5.54653 1.93955 1.93955 1.93955 1.93770 1.88969 1.82138 1.75324 1.68485 1.56650 1.50682 1.49570 1.42201 1.36814 1.36636 1.71352 1.77893 1.77875 1.77508 2.17445 2.40801 2.53035 2.52928 2.52928 2.52928 2.52928 2.52825 2.51391 2.49553 2.47713 2.45874 2.44743 2.44729 2.44729 2.16556 2.04066 2.04124 1.74109 1.83435 1.90219 1.88449 1.85498 2.14196 2.19093
5.72330 5.48354 4.96638 5.03444 5.39154 5.39154 5.39154 5.39154 5.48213 5.83171 5.80452 5.77741 5.75026 5.73661 5.73957 5.74264 5.74571 5.72437 5.68936 4.78935 4.44988 4.44988 5.16716 5.76645 1.82654 1.75825 1.69014 1.61738 1.51928 1.42107 1.32286 1.22478 1.18006 1.18811 1.35327 1.36551 1.36542 1.36206 1.54322 1.76542 1.76058 1.75923 1.92675 2.33136 2.51455 2.52348 2.50547 2.48709 2.46870 2.45135 2.44729 2.44729 2.44729 2.44729 2.44729 2.44729 2.44729 2.33654 2.02723 2.05373 1.86542 1.72772 1.81271 1.75524 1.80369 1.92558 2.14455
5.72330 5.71607 5.05192 4.92197 5.28089 5.32844 5.30134 5.27417 5.25906 5.66342 5.74238 5.74545 5.74852 5.75070 5.75079 5.76961 5.81653 5.83152 5.60660 5.18862 4.22684 4.16957 4.29336 5.52962 1.48854 1.39041 1.29216 1.20030 1.18006 1.18006 1.18006 1.18006 1.18006 1.18006 1.28125 1.35241 1.34747 1.34581 1.37957 1.74893 1.75966 1.77774 1.81017 2.22220 2.36718 2.44767 2.44729 2.44729 2.44729 2.44729 2.44729 2.44729 2.44729 2.44729 2.44729 2.44729 2.45723 2.44349 1.98658 1.85523 1.76079 1.52350 1.62900 1.66839 1.71637 1.80272 2.12888
5.60630 5.54993 5.11626 4.75543 4.98201 5.26416 5.26722 5.27029 5.27266 5.49837 5.75025 5.73834 5.75112 5.76544 5.76877 5.75063 5.70435 5.68586 5.52963 5.35833 4.32867 4.11847 4.11847 5.10847 1.18006 1.18006 1.18006 1.18006 1.18006 1.18006 1.18006 1.18006 1.18006 1.18006 1.19768 1.34138 1.34912 1.37295 1.40029 1.70187 1.86799 1.87725 1.87725 2.04474 2.27013 2.44575 2.44729 2.44729 2.44729 2.44729 2.44729 2.45973 2.48829 2.48375 2.39421 2.28625 2.17761 2.10414 1.92264 1.75018 1.83103 1.75785 1.73390 1.68784 1.73046 1.91640 2.22900
5.45477 5.45477 5.37269 4.76814 4.81832 5.26629 5.33894 5.39429 5.48695 5.60627 5.70059 5.71314 5.70108 5.68729 5.68472 5.68472 5.68472 5.68472 5.65460 5.37673 4.91618 4.11847 4.11847 4.53360 1.18006 1.18006 1.18006 1.18006 1.18006 1.18006 1.18006 1.18006 1.19197 1.22777 1.26422 1.39074 1.46031 1.46382 1.46382 1.57528 1.87725 1.87725 1.87725 1.90457 2.22983 2.38827 2.46254 2.49357 2.51516 2.50874 2.45362 2.32214 2.19506 2.11692 2.10204 2.10823 2.20301 2.32632 2.40733 2.15321 2.23734 2.25287 2.13793 2.09446 2.12767 2.19243 2.34116
5.50119 5.60686 5.82112 5.42197 5.41027 5.63380 5.68392 5.71384 5.70637 5.69174 5.68524 5.68472 5.68472 5.68472 5.68472 5.68472 5.68472 5.68472 5.68472 5.49636 5.32479 4.22558 4.11847 4.16056 1.18006 1.18006 1.18006 1.18034 1.20280 1.23926 1.27572 1.31218 1.33676 1.33742 1.33742 1.36218 1.46320 1.46382 1.46382 1.46664 1.82323 1.87723 1.87720 1.87804 2.19582 2.49496 2.48749 2.34459 2.22182 2.14344 2.10240 2.10552 2.19306 2.31641 2.43966 2.55687 2.58539 2.58539 2.58539 2.58539 2.58539 2.58642 2.41442 2.33598 2.29423 2.36206 2.53203
6.44050 6.65487 6.71395 6.38913 5.66250 5.69220 5.68698 5.68698 5.68698 5.68698 5.68607 5.68472 5.68472 5.68472 5.68472 5.68472 5.68472 5.68472 5.68472 5.63157 5.37015 4.80217 4.16295 4.19857 1.21430 1.25076 1.28724 1.32343 1.33742 1.33742 1.33742 1.33742 1.33742 1.33742 1.33742 1.33757 1.47175 1.57105 1.64986 1.74590 1.91794 2.01362 2.08213 2.10352 2.13502 2.37235 2.13625 2.10359 2.18315 2.30650 2.42980 2.54967 2.58539 2.58539 2.58539 2.58539 2.58539 2.60076 2.67240 2.74918 2.82589 2.90168 2.81004 2.57610 2.41617 2.40506 2.47575
6.75920 6.74058 6.72773 6.71415 5.74479 5.66767 5.68698 5.68698 5.68698 5.68698 5.68682 5.68481 5.68472 5.68472 5.68472 5.68472 5.68954 5.70972 5.73108 5.75241 5.56623 5.39941 4.30379 4.24368 1.33742 1.33742 1.33742 1.33742 1.33742 1.33742 1.33742 1.37510 1.46195 1.56283 1.68153 1.85564 2.00837 2.03554 2.10412 2.14836 2.07994 2.00836 1.94717 1.92156 1.99237 2.40320 2.51946 2.54170 2.58539 2.58539 2.58539 2.58539 2.58580 2.63164 2.70838 2.78517 2.86195 2.92329 2.92847 2.92847 2.92847 2.92847 2.92573 2.62773 2.48648 2.40506 2.41599
6.72734 6.72734 6.72734 6.72734 6.13077 5.64800 5.68698 5.68698 5.68698 5.68698 5.68698 5.68925 5.70803 5.72936 5.75071 5.77207 5.78688 5.77548 5.76100 5.74653 5.65348 5.41390 4.71368 4.17486 1.33742 1.33742 1.36898 1.45425 1.55382 1.67111 1.81172 1.95903 2.06189 2.16471 2.26762 2.33464 2.23946 2.05009 1.97268 1.92562 1.98251 2.10586 2.22911 2.35208 2.40452 2.53964 2.75567 2.59167 2.59791 2.66763 2.74441 2.82119 2.89753 2.92847 2.92847 2.92847 2.92847 2.92847 2.92847 2.92847 2.92847 2.92847 2.92847 2.76727 2.53693 2.38075 2.40845
6.72734 6.72734 6.72734 6.72734 6.58406 5.64948 5.68065 5.70858 5.72992 5.75126 5.77262 5.78840 5.77664 5.76215 5.74769 5.73323 5.72045 5.71856 5.70050 5.61913 5.53984 5.51196 5.43516 4.19815 1.66060 1.79824 1.90379 1.99195 2.09482 2.19768 2.29962 2.33845 2.33845 2.33845 2.13191 1.97420 2.04356 2.20769 2.21920 2.34255 2.40452 2.40452 2.40452 2.40452 2.45012 2.55854 2.94130 2.92645 2.92144 2.92847 2.92847 2.92847 2.92847 2.92847 2.92847 2.92847 2.92847 2.92847 2.92847 2.91212 2.83971 2.82698 3.09133 3.15738 2.83646 2.70351 2.62758
6.72734 6.72679 6.71652 6.70268 6.68885 5.87467 5.67214 5.78004 5.76556 5.75110 5.73662 5.72334 5.71881 5.71856 5.71131 5.64123 5.55986 5.53679 5.55837 5.64334 5.72415 5.77808 5.84921 4.73665 2.14291 2.23056 2.32299 2.33845 2.33845 2.33845 2.33845 2.33845 2.41155 2.68732 2.75949 2.60433 2.65966 2.69807 2.43889 2.40854 2.48097 2.57805 2.67513 2.77217 2.82364 2.82368 2.97831 3.07468 2.92847 2.92847 2.92847 2.92847 2.92847 2.92847 2.90769 2.82036 2.80050 2.79161 2.75855 2.73935 2.77344 2.77613 3.25992 3.47834 3.23126 2.95394 2.43825
6.67824 6.66494 6.66138 6.66138 6.66138 6.26902 5.52962 5.71282 5.71590 5.68152 5.63981 5.53901 5.49436 5.54269 5.55350 5.62709 5.71209 5.73872 5.73872 5.73872 5.73872 5.74213 5.83878 5.46477 2.58843 2.33845 2.33845 2.33845 2.37327 2.63190 2.87723 3.07614 3.16217 2.98381 2.81161 2.42362 2.38105 2.78458 2.86878 2.79908 2.82368 2.82368 2.82368 2.82368 2.82368 2.82368 2.86067 3.10954 2.96751 2.90278 2.81337 2.74514 2.76292 2.77729 2.76556 2.81509 2.80136 2.77608 2.77658 2.82686 2.91034 2.99386 3.33864 3.67378 3.38473 3.01793 2.35891
6.66138 6.66138 6.66113 6.63181 6.58273 6.51554 5.47210 5.41645 5.37266 5.30950 5.31062 5.37247 5.49300 5.73808 5.73872 5.73872 5.73872 5.73872 5.73872 5.73872 5.73872 5.73872 5.78938 5.84329 3.06134 2.57407 2.83082 3.03806 3.17150 3.02188 2.84456 2.73567 2.72339 2.81163 2.90871 2.85625 2.62937 2.76530 3.10465 2.83917 2.82368 2.82368 2.82368 2.82368 2.79422 2.70826 2.62827 2.70784 2.67014 2.77416 2.84261 2.88399 2.83001 2.77917 2.77612 2.82002 2.90354 2.98699 3.06977 3.01899 2.88178 2.75953 2.67864 3.02747 3.04151 2.97754 2.68870
6.50413 6.45502 6.40618 6.34915 6.24217 6.15373 5.55864 5.19522 5.44177 5.50026 5.50185 5.50185 5.50185 5.68451 5.73872 5.73872 5.73872 5.73872 5.73872 5.73872 5.73872 5.73872 5.74722 5.84544 4.14095 3.19894 2.88123 2.79812 2.76745 2.84248 2.93956 2.99527 2.99552 2.99552 2.99552 2.99292 2.68060 2.63372 3.04224 2.92515 2.70764 2.62515 2.54799 2.44808 2.36416 2.32040 2.25955 2.24944 2.37375 2.74820 2.77608 2.81331 2.89663 2.98019 3.06364 3.03081 2.89222 2.76885 2.65861 2.61316 2.61398 2.62263 2.63324 2.91176 3.09313 3.07784 2.97878
6.26432 6.16461 6.14549 6.18302 6.29035 6.37920 6.22886 5.30324 5.46730 5.50185 5.50185 5.50185 5.50185 5.59757 5.73872 5.73872 5.73872 5.73872 5.73872 5.74058 5.75897 5.78131 5.80359 5.90077 3.22173 3.18242 2.96765 2.99552 2.99552 2.99552 2.99552 2.99552 2.99552 2.99552 2.96979 2.87517 2.66269 2.42993 2.50604 2.60064 2.35066 2.30490 2.25995 2.20597 2.15356 2.09990 2.06449 2.09001 2.35320 2.70353 3.05677 3.04187 2.90276 2.77826 2.66689 2.61316 2.61702 2.62758 2.63813 2.64873 2.65852 2.66048 2.66048 2.76568 3.10066 3.10066 3.01752
6.26816 6.36817 6.38767 6.38767 6.38767 6.38767 6.38767 5.56007 5.38534 5.50185 5.50185 5.50185 5.50185 5.51745 5.73294 5.75732 5.77962 5.80194 5.82425 5.84473 5.84899 5.84949 5.84999 5.87060 3.07602 3.54803 3.03808 2.99552 2.99552 2.97412 2.88099 2.79012 2.70698 2.63104 2.55928 2.51368 2.46693 2.24116 2.20148 2.44517 2.25496 2.12152 2.07190 2.08220 2.14899 2.21597 2.28276 2.29679 2.31731 2.40275 2.67123 2.61419 2.62179 2.63240 2.64301 2.65362 2.66037 2.66048 2.66048 2.66048 2.66048 2.66048 2.66048 2.66415 3.04045 3.10066 3.06452
