results/OMI_NO2_201001.asc
ncols      200
nrows      200
xllcorner       120.258
yllcorner       41.1236
cellsize     0.0166667
NODATA_Value      -999.000
[rows 87 to 115 of 166, columns 130 to 194 of 200]
2.18275 2.18275 2.18275 2.18275 2.18275 2.26280 2.47072 2.54970 2.66288 2.88652 3.15806 3.15806 3.05070 2.41111 2.29336 2.28453 2.27571 2.26687 2.26183 2.26181 2.26181 2.26181 2.26181 1.95135 1.83629 2.29509 2.48176 2.48176 2.48176 2.48176 2.47591 2.44429 2.40965 2.37519 2.37775 2.35036 2.22470 2.26848 2.25378 2.22726 2.20332 2.19915 2.23785 2.28419 2.58501 2.75315 2.73822 2.72695 2.72807 2.73299 2.73550 2.73550 2.73550 2.73550 2.73550 2.73733 2.65656 2.39365 2.35118 2.38821 2.49499 2.85834 2.96252 3.13383 3.36281
2.18275 2.18937 2.26522 2.35953 2.45370 2.51942 2.66673 2.68637 2.69858 2.71765 3.12033 3.14013 3.12835 2.66198 2.26657 2.26181 2.26181 2.26181 2.26181 2.26181 2.26181 2.26181 2.26181 2.11020 1.83629 2.04195 2.42927 2.39465 2.35998 2.32535 2.31509 2.37506 2.43999 2.49660 2.49841 2.47165 2.25331 2.19915 2.19996 2.20198 2.20386 2.20592 2.22056 2.27978 2.40514 2.68025 2.73550 2.73550 2.73550 2.73550 2.74652 2.76770 2.78803 2.77566 2.74816 2.72102 2.68114 2.39768 2.37954 2.48406 2.56742 2.95290 3.35278 3.54942 3.78055
2.41265 2.50025 2.51866 2.51866 2.51866 2.51866 2.60429 2.67666 2.68128 2.67790 2.90833 3.11040 3.11040 2.96326 2.35050 2.26181 2.26181 2.26181 2.26181 2.26147 2.25239 2.23951 2.22661 2.20400 1.81720 1.79625 2.26290 2.35424 2.41917 2.48135 2.50511 2.48059 2.45401 2.43836 2.45395 2.47079 2.36621 2.20756 2.21290 2.21784 2.22277 2.22740 2.22845 2.27672 2.31735 2.58641 2.78045 2.80164 2.81944 2.79970 2.76127 2.71642 2.67537 2.66199 2.66199 2.66414 2.73020 2.66697 2.58198 2.78127 2.82385 2.94031 3.39963 3.44194 3.73155
2.51866 2.51866 2.51704 2.51257 2.50805 2.50353 2.52601 2.66504 2.66847 2.67497 2.72526 3.10330 3.11040 3.10989 2.59368 2.25037 2.23635 2.22347 2.21057 2.19803 2.19422 2.19422 2.19475 2.24408 2.05862 1.95177 2.29017 2.48921 2.46284 2.45058 2.46422 2.48027 2.49511 2.51540 2.56042 2.60800 2.62775 2.25685 2.22851 2.24236 2.26625 2.29013 2.31404 2.35899 2.40340 2.47560 2.72425 2.70871 2.67012 2.66199 2.66199 2.66199 2.71048 2.80621 2.90195 2.99146 3.01443 2.97593 2.66069 2.71213 2.82349 2.85102 3.28227 3.46299 3.63471
2.50843 2.50391 2.50101 2.50096 2.50096 2.50096 2.50096 2.62719 2.66574 2.66991 2.65402 2.92524 3.05508 3.03788 2.83462 2.25871 2.19422 2.19422 2.19422 2.21973 2.29925 2.38042 2.45024 2.44966 2.32684 1.98142 2.10233 2.48931 2.50339 2.51825 2.56271 2.61031 2.65789 2.70020 2.72527 2.74916 2.77307 2.52209 2.34815 2.35823 2.34955 2.31885 2.28918 2.26434 2.28264 2.30258 2.51734 2.66199 2.69265 2.78653 2.88344 2.97974 3.02134 3.01544 2.97127 2.88895 2.81378 2.74189 2.67108 2.67341 2.82097 2.84103 3.07614 3.49186 3.56633
2.50096 2.50096 2.50096 2.50096 2.49775 2.48278 2.46267 2.50866 2.59896 2.58551 2.58484 2.68310 3.02027 3.02027 3.01391 2.46586 2.27320 2.35440 2.43177 2.45996 2.44660 2.43762 2.43888 2.45800 2.47141 2.16073 2.13903 2.53846 2.67072 2.73242 2.75946 2.78335 2.80724 2.82801 2.83086 2.83086 2.80992 2.68426 2.28939 2.25688 2.23791 2.23693 2.23693 2.23693 2.26906 2.29661 2.50103 2.95374 3.02635 3.00042 2.91490 2.83159 2.75849 2.68953 2.65351 2.65406 2.66349 2.67684 2.69683 2.70291 2.80100 2.89237 2.94438 3.44350 3.51108
2.48936 2.47453 2.45403 2.43034 2.40719 2.40170 2.40170 2.41073 2.57631 2.58484 2.58484 2.58481 2.86337 2.83531 2.71529 2.71326 2.54110 2.45980 2.45415 2.46803 2.47207 2.48748 2.54261 2.59962 2.65674 2.52816 2.36753 2.58309 2.83082 2.83086 2.83086 2.83086 2.82896 2.82501 2.82134 2.81276 2.65513 2.63859 2.34719 2.22911 2.20767 2.20902 2.22101 2.23319 2.25316 2.23932 2.27727 2.69120 2.70546 2.65603 2.65348 2.66055 2.67288 2.68694 2.70476 2.72210 2.73062 2.73523 2.73579 2.72585 2.74036 2.89152 2.89366 3.23868 3.50973
2.40828 2.40170 2.40170 2.40170 2.40170 2.40170 2.40170 2.40170 2.49330 2.45231 2.33229 2.21227 2.31040 2.59252 2.59252 2.60116 2.68327 2.48961 2.54529 2.60239 2.65949 2.70119 2.70314 2.70314 2.70314 2.67689 2.41123 2.44352 2.82143 2.82484 2.82119 2.81780 2.81605 2.81530 2.79898 2.77648 2.66086 2.57118 2.45600 2.19586 2.18916 2.14947 2.10215 2.05716 2.01588 2.04392 2.05141 2.39886 2.67985 2.69722 2.71515 2.72603 2.73166 2.73555 2.73568 2.73568 2.73568 2.73568 2.73572 2.74350 2.75673 2.90026 2.97616 3.11407 3.50821
2.40170 2.40170 2.40170 2.40170 2.39999 2.32141 2.20139 2.08136 2.02680 2.15709 2.15709 2.15709 2.16597 2.57926 2.71918 2.81434 3.02545 2.75959 2.70314 2.70314 2.70314 2.70314 2.70314 2.70314 2.70376 2.70484 2.51456 2.44582 2.70045 2.78943 2.76695 2.74444 2.72196 2.70577 2.73087 2.76535 2.78016 2.65773 2.58024 2.07136 2.00885 2.01110 2.02244 2.03477 2.04716 2.08424 2.11562 2.23825 2.67056 2.73567 2.73568 2.73568 2.73568 2.74010 2.75923 2.77955 2.80655 2.84042 2.87431 2.89737 2.89229 2.92410 3.02473 3.07798 3.56388
2.40170 2.36949 2.25370 2.13372 2.01536 1.97395 1.97395 1.97395 1.97444 2.14494 2.22432 2.27846 2.33257 2.65991 2.97763 2.97763 2.99580 2.94802 2.70314 2.70314 2.70381 2.70488 2.70586 2.70725 2.70878 2.70994 2.62663 2.45520 2.53243 2.69505 2.71976 2.75426 2.78901 2.82385 2.83527 2.84346 2.85031 2.73330 2.67563 2.25568 2.05679 2.07129 2.07792 2.08353 2.08910 2.09784 2.13000 2.12692 2.53304 2.77133 2.79165 2.81216 2.84131 2.87078 2.88554 2.89914 2.90604 2.90604 2.90604 2.93399 2.98237 3.03004 3.23424 3.31830 3.60697
2.06600 1.97823 1.97395 1.97395 1.97395 1.98571 2.03669 2.09082 2.14489 2.27051 2.36897 2.36897 2.36897 2.41704 2.95675 2.97746 2.96526 3.04560 2.73870 2.70875 2.71022 2.71138 2.71253 2.71319 2.71320 2.71320 2.72572 2.52730 2.54527 2.79620 2.83263 2.84082 2.84918 2.85250 2.85359 2.85468 2.85625 2.81756 2.69421 2.51698 2.11159 2.09111 2.09791 2.12202 2.14693 2.17189 2.21460 2.23882 2.40680 2.82967 2.88789 2.90130 2.90604 2.90604 2.90604 2.92369 2.97787 3.03322 3.09830 3.16037 3.19859 3.22339 3.35625 3.57309 3.74630
1.97395 1.98293 2.03215 2.08625 2.14038 2.18271 2.18583 2.18583 2.18583 2.20473 2.36650 2.36897 2.38552 2.41428 2.74163 2.92469 2.92180 2.94623 2.88553 2.71320 2.71320 2.71320 2.72049 2.75753 2.79778 2.83981 2.87171 2.71818 2.60947 2.75113 2.85426 2.85535 2.85663 2.86207 2.86848 2.87489 2.88121 2.90076 2.78598 2.74541 2.31845 2.20767 2.22581 2.22842 2.24037 2.25396 2.27487 2.29738 2.29977 2.73706 2.90604 2.91573 2.96652 3.02277 3.08921 3.16302 3.20330 3.24341 3.27627 3.28435 3.28823 3.58398 3.69772 3.95631 4.01085
2.13585 2.18096 2.18583 2.18583 2.18583 2.18583 2.18583 2.18822 2.20124 2.21552 2.33484 2.37860 2.42723 2.46760 2.54861 2.92315 2.92410 2.92410 3.00425 2.76124 2.78480 2.82544 2.86556 2.87910 2.88993 2.89896 2.90093 2.84815 2.61891 2.67103 2.86874 2.88042 2.91250 2.94202 2.97049 2.99901 3.02708 3.03682 2.96715 2.86642 2.59058 2.26024 2.26989 2.28172 2.28336 2.28336 2.28474 2.30204 2.32752 2.58519 3.05656 3.16335 3.20753 3.24890 3.28053 3.28714 3.29077 3.29343 3.29358 3.29768 3.30815 3.56087 3.92538 4.24936 4.51588
2.18583 2.18583 2.18900 2.20250 2.21678 2.23106 2.24534 2.25724 2.25850 2.25850 2.29828 2.38109 2.38911 2.46501 2.46760 2.80326 2.91451 2.90741 2.97650 3.02880 2.88764 2.89806 2.90170 2.90220 2.90324 2.90988 2.89617 2.85944 2.72659 2.74490 2.96884 3.03464 3.03682 3.03682 3.03682 3.03125 3.01185 2.99184 2.96834 2.92867 2.81392 2.37230 2.28336 2.28337 2.30214 2.33870 2.37528 2.42814 2.45589 2.51455 3.10353 3.28993 3.29310 3.29356 3.29603 3.30301 3.31700 3.36013 3.40641 3.44862 3.48448 3.54403 4.09146 4.17017 4.53332
2.23232 2.24659 2.25771 2.25850 2.25850 2.25850 2.25850 2.25850 2.25850 2.25850 2.26144 2.37050 2.37241 2.42344 2.44683 2.58215 2.89876 2.89876 2.89876 3.12617 2.90922 2.87845 2.84248 2.80864 2.77576 2.73987 2.72094 2.72092 2.75325 2.79882 2.90501 3.03045 3.01082 2.99081 2.97077 2.95629 2.95566 2.95566 2.95567 2.94025 2.93392 2.57519 2.36366 2.40526 2.43789 2.45315 2.46839 2.48251 2.49508 2.49761 2.82572 3.28646 3.32712 3.37243 3.41630 3.45562 3.48794 3.49115 3.49115 3.49115 3.49115 3.49115 3.88471 4.12883 4.46158
2.25850 2.25850 2.25850 2.25850 2.25850 2.25850 2.25850 2.25850 2.25393 2.24446 2.23498 2.29514 2.34731 2.36735 2.44204 2.44187 2.77877 2.78762 2.74155 2.80123 2.82312 2.72092 2.72092 2.72092 2.72092 2.72092 2.72092 2.71369 2.69925 2.74951 2.75298 2.95178 2.95566 2.95567 2.95568 2.95569 2.95868 2.99235 3.03415 3.07328 3.09187 2.91094 2.51582 2.47765 2.47848 2.48404 2.49110 2.49858 2.53872 2.58518 2.70476 3.32537 3.49015 3.49115 3.49115 3.49115 3.49181 3.50072 3.51208 3.52919 3.55881 3.58886 3.77920 4.29265 4.39578
2.25850 2.25850 2.25850 2.25850 2.25707 2.24849 2.23909 2.22962 2.22471 2.22471 2.21357 2.19166 2.23784 2.19330 2.24552 2.24175 2.41497 2.64566 2.64566 2.64623 2.87582 2.72199 2.72092 2.71279 2.69284 2.67283 2.65519 2.65371 2.66566 2.72964 2.76791 2.90190 2.95576 2.97903 3.02086 3.06270 3.10918 3.13058 3.14389 3.15609 3.13938 3.08894 2.66562 2.50384 2.53484 2.57561 2.61487 2.65409 2.68543 2.69267 2.69496 3.08564 3.49895 3.51892 3.53030 3.55040 3.57977 3.60092 3.61960 3.63254 3.63297 3.63297 3.65477 4.26485 4.41410
2.25843 2.25267 2.24320 2.23372 2.22568 2.22471 2.22471 2.22471 2.22431 2.22096 2.06203 2.02277 2.09391 2.11184 2.15425 2.23490 2.25829 2.62457 2.64566 2.63294 2.74061 2.74498 2.66858 2.66883 2.68091 2.69309 2.70285 2.70368 2.70368 2.73776 2.83346 2.93118 3.09491 3.12627 3.13958 3.15305 3.15956 3.16054 3.16153 3.16189 3.13528 3.08643 2.80472 2.66150 2.67566 2.67635 2.68234 2.68945 2.70214 2.73867 2.75115 2.89507 3.48014 3.60431 3.62300 3.63296 3.63297 3.63297 3.64027 3.67435 3.71083 3.75439 3.82090 4.21872 4.72592
2.22842 2.22471 2.22471 2.22471 2.22444 2.22125 2.21728 2.21334 2.20980 2.20922 2.12222 2.01990 2.05845 2.11184 2.11295 2.20747 2.20351 2.42790 2.59223 2.59394 2.62027 2.85615 2.70368 2.70368 2.70368 2.70743 2.74229 2.78406 2.82710 2.86963 2.95347 2.97935 3.14626 3.16114 3.16213 3.16201 3.14151 3.11309 3.08467 3.05687 3.05089 3.03549 2.92974 2.70452 2.70667 2.71309 2.71522 2.72971 2.74842 2.80243 2.82772 2.83774 3.29348 3.63155 3.63635 3.66694 3.70399 3.76193 3.85191 3.92300 3.99124 4.05026 4.07338 4.15644 4.88113
2.22454 2.22156 2.21760 2.21365 2.20998 2.20922 2.20922 2.20922 2.20922 2.20922 2.19607 2.02414 2.02209 2.16675 2.19457 2.21022 2.21077 2.27125 2.61885 2.62152 2.62152 2.78692 2.78049 2.77079 2.81263 2.85869 2.87931 2.89360 2.90662 2.90973 2.95275 2.98756 3.06548 3.11171 3.08366 3.06224 3.06249 3.07061 3.07873 3.08684 3.09192 3.08028 3.06223 2.77664 2.75191 2.77048 2.78815 2.79233 2.79233 2.81221 2.83491 2.86325 3.10146 3.71729 3.88371 3.95810 4.02415 4.06841 4.07345 4.07061 4.06812 4.06777 4.07686 4.10316 4.66755
2.21018 2.20922 2.20922 2.20922 2.20922 2.20898 2.20646 2.20334 2.20022 2.19710 2.19413 2.06472 2.00802 2.15010 2.22372 2.22289 2.21136 2.21077 2.51611 2.69624 2.75987 2.84017 3.02742 2.88989 2.90409 2.91034 2.91094 2.90919 2.88673 2.86366 2.86995 2.89871 2.93411 3.08219 3.08995 3.09199 3.09199 3.09199 3.09240 3.09466 3.09714 3.10027 3.14774 2.96606 2.79565 2.79254 2.79948 2.82035 2.86027 2.90533 2.99187 3.04741 3.16360 3.74640 4.07129 4.06854 4.06777 4.07255 4.09663 4.12455 4.16882 4.21694 4.25598 4.27779 4.49784
2.20888 2.20621 2.20309 2.19997 2.19685 2.19396 2.19338 2.19338 2.19338 2.19338 2.19338 2.13632 2.00802 2.06818 2.22596 2.28247 2.33701 2.38507 2.54771 2.84847 2.84847 2.84852 3.00740 2.93925 2.89536 2.89092 2.88662 2.88407 2.90218 2.92098 2.92234 2.91878 2.91789 3.06086 3.09247 3.09477 3.09726 3.09973 3.10180 3.10202 3.10427 3.11509 3.15577 3.14832 2.87646 2.90504 2.94135 2.98080 3.00373 3.02628 3.07026 3.08022 3.15932 3.44535 4.05271 4.14671 4.19299 4.23635 4.26038 4.28056 4.28443 4.28443 4.28443 4.28443 4.30376
2.19382 2.19338 2.19338 2.19338 2.19338 2.19338 2.19338 2.19338 2.19338 2.19338 2.19338 2.22629 2.13465 2.19355 2.46026 2.50740 2.49580 2.43822 2.43981 2.80060 2.86662 2.86058 2.88724 3.03690 2.92226 2.92234 2.92234 2.92234 2.92234 2.92234 2.92289 2.92333 2.92324 3.00341 3.10185 3.10833 3.11996 3.13160 3.14323 3.15554 3.18812 3.21317 3.17461 3.17269 3.02635 3.01772 3.03556 3.03834 3.05489 3.08103 3.12273 3.18202 3.26780 3.38306 4.01687 4.28260 4.28443 4.28443 4.28443 4.28443 4.28481 4.28557 4.28499 4.27857 4.27146
2.07259 2.19338 2.19338 2.19338 2.19338 2.19338 2.19338 2.20052 2.28540 2.39154 2.49764 2.56958 2.41426 2.29507 2.44165 2.58950 2.65357 2.63945 2.66536 2.76532 2.86443 2.86443 2.86553 3.03677 2.94046 2.92234 2.92296 2.92534 2.92782 2.93088 2.94095 2.95120 2.95762 2.98388 3.15647 3.16508 3.17790 3.15836 3.10064 3.05666 3.01002 2.96448 2.97780 3.01823 3.04115 3.10750 3.12725 3.16324 3.19478 3.21678 3.24076 3.29443 3.30303 3.39435 3.70348 4.24856 4.28602 4.28678 4.28523 4.27835 4.27087 4.26302 4.25650 4.25582 4.25582
2.06573 2.19338 2.19338 2.19338 2.23945 2.34536 2.45146 2.55041 2.57163 2.57163 2.57163 2.57322 2.57975 2.55479 2.62002 2.82943 2.83552 2.79384 2.70021 2.70741 2.85368 2.86443 2.86541 2.91904 3.04130 2.94181 2.95413 2.96469 2.97513 2.98500 2.98732 2.98732 2.96918 2.91609 2.98537 2.98989 2.95306 2.94491 2.97051 2.98699 2.98892 2.99075 2.99256 3.00034 3.02001 3.11834 3.23545 3.25470 3.25484 3.26581 3.28381 3.30222 3.29967 3.36681 3.45946 4.08725 4.26943 4.26158 4.25603 4.25582 4.25582 4.22716 3.98147 3.67426 3.34006
2.20650 2.29913 2.40527 2.51137 2.57140 2.57163 2.57163 2.57248 2.59777 2.63408 2.67044 2.70516 2.71413 2.64006 2.61982 2.78380 2.83552 2.83511 2.72023 2.70999 2.81759 2.91024 2.92737 2.94213 3.12307 2.99654 2.98732 2.98377 2.91967 2.85936 2.81208 2.76840 2.75533 2.77730 2.85526 2.98604 2.99003 2.99185 2.99344 2.98655 2.97440 2.96226 2.95012 2.94765 3.00209 3.08274 3.25345 3.32749 3.34533 3.35226 3.34738 3.32584 3.28044 3.30173 3.36911 3.74624 4.23885 4.24692 4.04082 3.73796 3.40893 3.04137 2.90080 2.80890 2.71540
2.55820 2.57163 2.57163 2.57197 2.59494 2.63126 2.66760 2.70307 2.71413 2.71413 2.71413 2.71413 2.71413 2.67425 2.60920 2.66207 2.78371 2.76145 2.76408 2.79101 2.81182 2.95339 2.95540 2.90971 2.87180 2.88025 2.75567 2.71611 2.73855 2.77346 2.80061 2.82694 2.83553 2.83385 2.83812 2.97384 2.97381 2.96168 2.95818 2.97115 2.98915 3.00712 3.02509 3.04037 3.06224 3.09505 3.23005 3.33746 3.33024 3.32245 3.31949 3.31901 3.27392 3.26974 3.38981 3.50209 3.30582 3.08910 2.90226 2.81034 2.71536 2.68325 2.68148 2.67977 2.67929
2.59210 2.62844 2.66478 2.70075 2.71413 2.71413 2.71413 2.71413 2.71408 2.71080 2.69529 2.64587 2.60034 2.55897 2.49804 2.50802 2.74838 2.76065 2.75583 2.69482 2.59037 2.59291 2.55244 2.50543 2.54080 2.80986 2.79454 2.82079 2.83666 2.83811 2.83799 2.82983 2.81919 2.82071 2.82390 2.92910 3.01485 3.03280 3.04221 3.04221 3.04221 3.04392 3.06296 3.08641 3.10902 3.05949 3.13867 3.28359 3.31949 3.31825 3.32963 3.38659 3.41978 3.46241 3.55791 3.61605 2.97679 2.68261 2.68013 2.67929 2.68063 2.69778 2.72000 2.75578 2.79743
2.71413 2.71413 2.71413 2.71401 2.71035 2.70512 2.69216 2.64425 2.59867 2.56184 2.53681 2.53474 2.53474 2.53474 2.47420 2.36654 2.42580 2.42306 2.34661 2.35144 2.37363 2.41688 2.52118 2.52118 2.52566 2.68495 2.86533 2.83344 2.84112 2.85025 2.85959 2.87687 2.89666 2.89763 2.88276 2.91477 3.04221 3.04436 3.06397 3.08741 3.11087 3.13262 3.13704 3.13685 3.13458 3.08195 3.08091 3.27122 3.42256 3.48583 3.55480 3.58322 3.59988 3.57584 3.58985 3.65094 3.40963 2.72934 2.73793 2.77618 2.81642 2.84090 2.86033 2.86615 2.86615
