results/OMI_NO2_201011.asc
ncols      200
nrows      200
xllcorner       120.258
yllcorner       41.1236
cellsize     0.0166667
NODATA_Value      -999.000
[rows 58 to 86 of 165, columns 0 to 66 of 200]
2.16356 2.16356 2.16356 2.16356 2.16356 2.16504 2.27284 0.686957 0.622319 0.577271 0.544127 0.530674 0.618671 0.885645 1.15833 3.95080 10.9391 10.3403 9.53637 8.93332 8.46423 8.08874 7.79898 7.32444 6.83384 5.92516 5.42283 5.32154 5.26512 5.26422 5.26422 5.26422 5.26422 5.26422 5.26422 5.26422 5.26422 5.20656 4.90458 4.52282 4.06816 4.03939 4.03425 4.03425 4.70532 5.59387 5.58663 5.55707 5.52753 5.51267 5.51267 4.94807 3.85535 3.77295 3.90550 4.67562 4.67791 4.67791 4.67791 4.67791 4.67791 4.67791 4.67791 4.67791 3.88708 3.08476 3.08657
5.45689 5.31901 4.69266 4.64914 4.64914 4.64914 4.64914 4.64914 4.64914 4.64914 4.64914 4.64914 4.64914 4.64914 4.64914 4.64914 4.64914 4.64914 4.64914 4.64914 4.64914 4.54487 3.87735 3.82195 3.82274 3.56609 3.00977 2.99205 2.98693 2.97625 2.96647 2.88106 2.82948 2.78272 2.73596 2.68921 2.66491 2.66491 2.66491 2.66491 2.66407 2.69062 2.75264 2.75264 2.75264 2.75264 2.75264 2.75264 2.75264 2.75264 2.75264 2.85229 2.93216 2.92272 2.90776 2.89233 2.87691 2.86875 2.84297 2.73695 3.11612 2.92087 2.92910 2.94739 2.94739 2.94739 2.94394
5.45689 5.41957 4.90530 4.64914 4.64914 4.64914 4.64914 4.64914 4.64914 4.64914 4.64914 4.64914 4.64914 4.64914 4.64914 4.64914 4.64914 4.64914 4.64914 4.64914 4.58516 4.39751 3.82665 3.52459 3.41654 3.30754 2.95045 2.88262 2.83589 2.78914 2.74358 2.69668 2.66491 2.66491 2.66491 2.66491 2.66491 2.66491 2.66491 2.66491 2.66491 2.66078 2.74871 2.75264 2.75264 2.75264 2.75264 2.75264 2.75135 2.68277 2.57858 2.48377 2.79985 2.86919 2.82760 2.71327 2.59763 2.48184 2.39186 2.38548 2.64930 2.78717 2.81020 2.91317 2.90120 2.88923 2.87157
5.45689 5.45689 5.18125 4.64932 4.64914 4.64914 4.64914 4.64914 4.64914 4.64914 4.64914 4.64914 4.64914 4.64914 4.64914 4.57297 4.40676 4.24114 4.08191 3.90226 3.76215 3.66832 3.42798 3.13370 3.08681 3.04533 2.89623 2.72964 2.72964 2.72964 2.72964 2.72411 2.66725 2.66491 2.66491 2.66491 2.66491 2.66491 2.66491 2.66491 2.66491 2.66094 2.71546 2.75264 2.75042 2.67912 2.57813 2.48326 2.39872 2.36487 2.39002 2.45135 2.56346 2.46150 2.38689 2.38018 2.36228 2.34380 2.32535 2.30690 2.35494 2.73158 2.60261 2.67378 2.63153 2.57371 2.52594
5.45689 5.45689 5.37116 4.77363 4.64914 4.64914 4.64914 4.64914 4.64914 4.64906 4.55994 4.39347 4.22675 4.06027 3.89859 3.77811 3.68790 3.59412 3.49464 3.41509 3.36016 3.35617 3.33405 3.09376 3.03890 3.03890 3.01780 2.74272 2.72964 2.72964 2.72964 2.72964 2.69164 2.66491 2.66491 2.66491 2.66491 2.66491 2.66491 2.66491 2.66187 2.59089 2.51038 2.48306 2.39931 2.36730 2.39273 2.45414 2.51557 2.57671 2.59884 2.58048 2.55749 2.34348 2.29912 2.28879 2.30790 2.33031 2.35272 2.37513 2.39749 2.45593 2.38115 2.44016 2.51888 2.51888 2.51888
5.45489 5.45689 5.44543 5.01270 4.64804 4.54682 4.38019 4.21363 4.04683 3.88053 3.78138 3.70322 3.61093 3.51833 3.42094 3.35852 3.35617 3.35617 3.35617 3.35617 3.35617 3.35617 3.35316 3.19636 3.03890 3.03890 3.03890 2.85620 2.72964 2.72964 2.72964 2.72964 2.72082 2.66568 2.66491 2.66491 2.66078 2.58689 2.49638 2.40804 2.32880 2.30016 2.32014 2.44725 2.51514 2.55959 2.57270 2.55425 2.53578 2.51762 2.52125 2.54362 2.56603 2.48036 2.38487 2.40444 2.40721 2.40721 2.40721 2.40721 2.40721 2.44056 2.40627 2.38724 2.50947 2.51888 2.51888
5.39401 5.32717 5.24417 4.98437 3.91171 3.77459 3.70509 3.62621 3.53385 3.44143 3.37046 3.35617 3.35617 3.35617 3.35617 3.35617 3.35617 3.35617 3.35617 3.35617 3.35617 3.35617 3.35617 3.30483 3.04836 3.03890 3.03890 2.98947 2.73103 2.72964 2.72964 2.72964 2.72387 2.60355 2.49354 2.40804 2.32968 2.30338 2.33002 2.36869 2.37719 2.38539 2.35928 2.41403 2.51443 2.53096 2.55337 2.57578 2.59819 2.62060 2.63316 2.63319 2.63319 2.61395 2.41481 2.40721 2.40721 2.40721 2.40721 2.40721 2.40721 2.41225 2.44439 2.38086 2.44787 2.49026 2.46572
5.38728 5.02565 5.00866 4.89304 3.84291 3.39266 3.36971 3.35617 3.35617 3.35617 3.35617 3.35617 3.35617 3.35617 3.35617 3.35617 3.35617 3.35617 3.35617 3.35617 3.35617 3.35617 3.35617 3.34221 3.13256 3.03890 3.03890 3.03890 2.80833 2.64014 2.54802 2.47262 2.43076 2.42048 2.30096 2.30496 2.31315 2.32123 2.29406 2.27541 2.33138 2.39077 2.45014 2.42599 2.62781 2.63319 2.63319 2.63319 2.63319 2.63319 2.63319 2.63319 2.63319 2.63319 2.49210 2.40721 2.40721 2.40721 2.40721 2.40721 2.40147 2.37996 2.40579 2.31238 2.30386 2.42090 2.53912
6.07044 4.96684 4.88736 4.87372 4.21644 3.35617 3.35617 3.35617 3.35617 3.35617 3.35617 3.35617 3.35617 3.35617 3.35617 3.35617 3.35617 3.35617 3.35617 3.35617 3.35617 3.35617 3.35617 3.35590 3.23531 2.95855 2.86708 2.78641 2.64862 2.38442 2.40185 2.43361 2.44345 2.45176 2.33736 2.34648 2.40585 2.46531 2.52468 2.57050 2.57365 2.57365 2.57365 2.49678 2.56996 2.63319 2.63319 2.63319 2.63319 2.63319 2.63319 2.63319 2.63319 2.63319 2.58797 2.40784 2.39957 2.37771 2.35538 2.33290 2.31623 2.33097 2.48749 2.63121 2.74985 2.98098 3.07149
6.63374 5.47857 4.87488 4.87488 4.64740 3.51258 3.35617 3.35617 3.35617 3.35617 3.35617 3.35617 3.35617 3.35617 3.35617 3.35617 3.35617 3.35617 3.35617 3.35617 3.35343 3.27020 3.16035 3.07766 3.05257 2.71245 2.67105 2.75431 2.82094 2.55793 2.55591 2.61537 2.67474 2.73410 2.71306 2.57365 2.57365 2.57365 2.57365 2.57365 2.57365 2.57365 2.57365 2.56374 2.48020 2.63319 2.63319 2.63319 2.63319 2.63319 2.63319 2.63319 2.67080 2.75861 2.85473 2.47925 2.31591 2.34573 2.49114 2.64740 2.80379 2.94444 2.96938 3.01252 3.08304 3.36451 3.73074
6.63374 6.28081 4.91558 4.87488 4.82980 3.91782 3.35617 3.35617 3.35617 3.35617 3.35617 3.35617 3.35617 3.35617 3.35617 3.35617 3.35522 3.27983 3.18985 3.17041 3.16107 3.23507 3.40215 3.60460 3.73611 3.47122 3.12586 3.18522 3.24369 3.06317 2.76800 2.76800 2.76800 2.76800 2.76744 2.60880 2.57365 2.57365 2.57365 2.57365 2.57365 2.57365 2.57365 2.57365 2.45907 2.62154 2.63319 2.63319 2.67504 2.76439 2.86140 2.97003 3.03373 3.04875 3.10849 3.00629 2.83135 2.95731 2.98067 3.07705 3.18905 3.30110 3.41297 3.58125 4.32716 4.40534 4.50690
6.63374 6.63374 5.36346 4.87488 4.87488 4.44271 3.37421 3.35617 3.35617 3.35617 3.35617 3.35617 3.35607 3.31787 3.29183 3.27073 3.25276 3.30773 3.44826 3.59225 3.73072 3.84705 3.89957 3.90256 3.90315 3.97570 3.26968 3.26341 3.26341 3.24276 2.80323 2.76800 2.76800 2.76800 2.76800 2.69763 2.57365 2.57365 2.57365 2.57365 2.57365 2.57365 2.57365 2.57374 2.56519 2.66416 2.86796 2.97731 3.03516 3.05102 3.11132 3.17332 3.23537 3.33732 3.47883 3.62824 3.42189 3.46068 3.56173 3.62346 3.69110 3.75871 3.82628 3.86114 4.11024 4.44125 4.47631
6.63374 6.63374 6.16592 4.89060 4.87488 4.72927 3.67616 3.35617 3.39229 3.42931 3.39912 3.37218 3.34797 3.36138 3.43436 3.57422 3.71467 3.84224 3.90262 3.90315 3.90315 3.90315 3.90315 3.90315 3.90315 3.99086 3.49764 3.26341 3.26341 3.26341 2.99727 2.76800 2.76800 2.76800 2.76800 2.76433 2.59641 2.57365 2.57365 2.57403 2.62230 2.71036 2.80616 2.91203 2.96058 2.84047 3.11423 3.18359 3.35341 3.53681 3.67845 3.81845 3.95844 4.05879 4.13828 4.22279 4.08943 3.85508 3.92133 3.94279 3.94279 3.94279 3.94279 3.94279 3.88552 4.44125 4.44154
6.63374 6.63374 6.63336 5.22880 4.78665 4.63252 3.83993 3.47442 3.41566 3.36295 3.41759 3.55614 3.69662 3.83305 3.90240 3.90315 3.90315 3.90315 3.90315 3.90315 3.90315 3.90315 3.90315 3.90315 3.90315 3.91155 3.81994 3.26341 3.26341 3.26341 3.20413 2.77589 2.76800 2.76800 2.76800 2.76900 2.73852 2.71510 2.81256 2.91869 2.96338 2.98261 3.07875 3.31202 3.55827 3.65758 3.86193 4.01104 4.08968 4.17423 4.25879 4.34325 4.42781 4.49563 4.50145 4.50145 4.48783 3.97660 3.94279 3.94279 3.94279 3.94279 3.94279 3.94279 3.84019 4.30235 4.44125
6.43503 6.21332 5.67843 4.83830 3.96716 3.87224 3.71315 3.55424 3.67799 3.81541 3.90114 3.90315 3.90315 3.90315 3.90315 3.90315 3.90315 3.90315 3.90315 3.90315 3.90315 3.90315 3.90315 3.90315 3.90315 3.90315 4.01843 3.31611 3.26341 3.26341 3.26341 2.93335 2.83190 2.93194 3.04380 3.17093 3.21254 3.07563 3.29944 3.54571 3.79191 4.01470 4.16373 4.18133 4.18712 4.17668 4.31878 4.46367 4.50145 4.50145 4.50145 4.50145 4.50145 4.50145 4.50145 4.50145 4.50145 4.18195 3.94279 3.94279 3.94279 3.94279 3.94279 3.97445 4.16112 4.54128 5.30615
4.90506 4.65297 4.63508 4.69792 4.16620 4.23992 4.30197 3.97957 3.90315 3.90315 3.90315 3.90315 3.90315 3.90315 3.90315 3.90315 3.90315 3.90315 3.90315 3.90315 3.90315 3.90315 3.90315 3.90315 3.90315 3.90315 3.95605 3.62103 3.22602 3.16575 3.10549 3.03659 3.33580 3.55545 3.80565 4.05269 4.29881 4.30641 4.18276 4.18854 4.19432 4.20012 4.20550 4.20665 4.20665 4.20665 4.35447 4.50090 4.50145 4.50145 4.50145 4.50145 4.50145 4.50145 4.50145 4.50145 4.50145 4.43183 3.94551 3.99051 4.20820 4.46840 4.75802 5.03408 5.08195 5.17212 6.19491
4.77731 4.87202 4.95046 4.95855 4.66548 4.34853 4.34916 4.10957 3.90371 3.90315 3.90315 3.90315 3.90315 3.90315 3.90315 3.90315 3.90315 3.90315 3.90315 3.90315 3.90315 3.90315 3.90315 3.90310 3.87072 3.81048 3.75616 3.79517 3.30836 3.46392 3.62583 3.78430 4.20812 4.45785 4.46368 4.46948 4.47526 4.45435 4.21486 4.20665 4.20665 4.20665 4.20665 4.20665 4.20665 4.20665 4.27273 4.47213 4.50145 4.50145 4.50145 4.50145 4.50145 4.50145 4.50145 4.50145 4.52138 4.56515 4.76478 5.04712 5.10148 5.34951 5.64142 5.93286 6.21422 6.19526 6.64221
4.95855 4.95855 4.95855 4.95855 4.93986 4.38100 4.34916 4.24356 3.94153 3.90315 3.90315 3.90315 3.90315 3.90315 3.90315 3.90315 3.90315 3.90315 3.90315 3.90315 3.87563 3.82399 3.84788 3.88913 3.96527 4.07421 4.18463 4.34781 3.96123 3.86927 3.87394 3.87857 4.00918 4.48037 4.48037 4.48037 4.48037 4.48037 4.31496 4.20665 4.20665 4.20665 4.20665 4.20665 4.20665 4.20665 4.21516 4.41922 4.50145 4.50145 4.50145 4.50145 4.51020 4.55030 4.59317 4.63603 4.70193 4.94703 5.40799 5.98681 6.24852 6.29378 6.36063 6.46104 6.56144 6.65378 6.69329
4.95855 4.95855 4.95855 4.95855 4.95855 4.62915 4.34916 4.33754 4.01938 3.90315 3.90315 3.90315 3.90315 3.90315 3.90315 3.90315 3.89217 3.92055 3.96200 4.00318 4.07306 4.17308 4.23168 4.28712 4.34024 4.38846 4.42934 4.45262 4.22287 3.88153 3.88153 3.88153 3.87882 4.35873 4.48037 4.48037 4.48037 4.48037 4.43858 4.20876 4.20665 4.20665 4.20665 4.20665 4.20665 4.20665 4.20665 4.32253 4.49843 4.53649 4.57935 4.62220 4.70708 4.95939 5.22986 5.50029 5.74570 5.86339 5.98821 6.57011 6.70373 6.80246 6.80587 6.72717 6.64773 6.56829 6.51470
4.95855 4.95855 4.95855 4.95855 4.95855 4.91633 4.36931 4.34916 4.17115 3.91159 3.90315 3.91903 3.99195 4.03464 4.07604 4.11733 4.17113 4.21873 4.27365 4.32917 4.38371 4.43208 4.44657 4.44657 4.44657 4.44657 4.44657 4.44657 4.43314 3.89181 3.88153 3.88153 3.88153 4.08501 4.48037 4.48037 4.48037 4.48037 4.48037 4.29265 4.20665 4.20665 4.20665 4.20665 4.20665 4.22797 4.27074 4.35788 4.66355 4.97219 5.24253 5.56471 5.88470 6.00568 6.10608 6.20649 6.28543 6.23345 6.15405 6.37624 6.53414 6.45470 6.40541 6.40476 6.40476 6.40476 6.42596
4.95855 4.95855 4.95855 4.95855 4.95855 4.95855 4.58922 4.31456 4.20556 4.03089 4.19005 4.21792 4.21819 4.26111 4.31565 4.37112 4.42519 4.44599 4.44657 4.44657 4.44657 4.44657 4.44657 4.44657 4.44657 4.44657 4.44657 4.44657 4.46764 4.07186 3.88153 3.88153 3.88153 3.89468 4.43052 4.48037 4.48037 4.48037 4.48037 4.41828 4.20665 4.21634 4.25691 4.29979 4.40960 4.70812 5.22652 5.81570 6.40051 6.14797 6.24832 6.27588 6.19933 6.11990 6.04046 5.96102 5.88516 5.86580 5.86580 5.94228 6.40094 6.40476 6.40476 6.40476 6.40476 6.40476 6.40496
4.95855 4.95396 4.91838 4.87702 4.83460 4.78705 4.67371 3.97294 3.84546 3.88336 4.35766 4.41079 4.43434 4.44564 4.44657 4.44657 4.44657 4.44657 4.44657 4.44657 4.44657 4.44657 4.44657 4.44657 4.44657 4.44657 4.44657 4.44657 4.44793 4.30632 3.88153 3.88153 3.88153 3.88153 4.16504 4.48037 4.48037 4.48244 4.52264 4.57736 4.53220 5.04778 5.63805 6.22644 6.74781 7.05897 7.14000 7.15969 7.14074 6.12690 5.92687 5.86865 5.86580 5.86580 5.86580 5.86580 5.86580 5.86580 5.86580 5.86580 6.24915 6.40476 6.40476 6.40476 6.40476 6.40476 6.41864
4.79694 4.75227 4.68671 4.60717 4.52862 4.46991 4.56090 4.07954 3.70524 3.81036 4.36114 4.44657 4.44657 4.44657 4.44657 4.44657 4.44657 4.44657 4.44657 4.44657 4.44657 4.44657 4.44657 4.44657 4.44657 4.44657 4.44657 4.44657 4.44657 4.46997 3.93357 3.88037 3.87771 3.87497 3.94025 4.66020 5.12298 5.75790 6.36078 6.94899 7.30934 7.14498 7.16467 7.18436 7.20405 7.22352 7.23210 7.23210 7.18302 6.35501 5.86580 5.86580 5.86580 5.86580 5.86580 5.86580 5.86580 5.86580 5.86580 5.86580 6.02032 6.40476 6.36279 6.27607 6.29137 6.30692 6.30866
4.46243 4.39410 4.50577 4.70244 4.89919 5.08128 5.11851 4.86543 3.72909 3.73676 4.15726 4.44657 4.44657 4.44657 4.44657 4.44657 4.44657 4.44657 4.44657 4.44657 4.44657 4.44657 4.44657 4.44657 4.44657 4.44657 4.44657 4.44559 4.44296 4.45300 4.33049 4.31858 4.63598 5.00209 5.35452 6.69198 7.45545 7.48061 7.50031 7.51997 7.53646 7.27962 7.23210 7.23210 7.23210 7.23210 7.23210 7.23210 7.23210 6.81195 5.86822 5.86580 5.86580 5.86580 5.86580 5.86580 5.86580 5.86580 5.86580 5.96582 6.32615 6.34334 6.18936 6.30047 6.52907 6.84580 7.16227
4.85979 5.05317 5.11851 5.11851 5.11851 5.11851 5.11851 5.11851 4.08466 3.71985 3.90532 4.43602 4.44657 4.44657 4.44657 4.44657 4.44657 4.44657 4.44657 4.44657 4.44657 4.44657 4.44657 4.44576 4.44764 4.68299 5.04724 5.43391 5.86028 6.33674 6.44910 5.60621 5.67230 5.69017 5.70591 6.17651 7.54308 7.54308 7.54308 7.54308 7.54308 7.41866 7.23210 7.23210 7.23210 7.23210 7.23210 7.23210 7.23210 7.09242 6.09628 5.86580 5.86580 5.86580 5.86580 5.89950 6.19860 6.60219 7.07425 7.47793 7.74743 7.66159 7.22097 7.52737 7.61549 7.69155 7.89339
5.11851 5.11851 5.11851 5.11851 5.11851 5.11851 5.11851 5.11851 4.72563 3.72171 3.78009 4.28179 4.44657 4.44657 4.44657 4.44657 4.44657 4.44657 4.44657 4.45617 4.71515 5.07939 5.44410 5.81560 6.23010 6.48092 6.62795 6.75449 6.84203 6.87923 6.89352 5.94742 5.72044 5.72044 5.72044 5.73392 7.22260 7.54308 7.54308 7.54308 7.54308 7.53298 7.25950 7.23210 7.23210 7.23210 7.23210 7.23210 7.23210 7.21242 6.48496 5.86845 6.08083 6.46532 6.91363 7.41205 7.76281 8.07906 8.39582 8.70186 8.96671 9.25543 8.34049 8.38740 8.59112 8.73401 8.81393
5.11851 5.11851 5.11851 5.11851 5.11851 5.11851 5.11851 5.11851 5.11260 3.96540 3.72258 4.06007 4.44657 4.44657 4.46503 4.74711 5.11155 5.47617 5.84098 6.19587 6.35331 6.49242 6.63965 6.78046 6.87614 6.90179 6.90194 6.90194 6.90194 6.90194 6.90070 6.38705 5.72044 5.72044 5.72044 5.72044 6.41316 7.54308 7.54308 7.54308 7.54308 7.54308 7.39130 7.23210 7.23210 7.23210 7.23210 7.23210 7.37179 7.83412 8.03368 7.33534 7.77781 8.09457 8.47989 9.02888 9.35360 9.62524 9.89717 10.1576 10.2849 10.3984 9.72181 9.01994 9.10499 9.17515 9.18216
5.11851 5.11851 5.11851 5.11851 5.11851 5.11851 5.11851 5.11851 5.11851 4.59142 3.86623 4.16088 5.36789 5.87313 6.21878 6.32020 6.37017 6.50408 6.65131 6.79825 6.89384 6.90194 6.90194 6.90194 6.90194 6.90194 6.90194 6.90194 6.90194 6.90194 6.90194 6.80225 5.75045 5.72044 5.72044 5.72044 5.80595 7.41992 7.54308 7.54308 7.54308 7.54308 7.51972 7.24510 7.28132 7.67492 8.19536 8.84484 9.60003 9.90391 10.0402 9.55177 9.74049 10.0121 10.2261 10.3326 10.4461 10.5596 10.6730 10.7864 10.8416 10.8416 10.7320 9.22970 9.18216 9.18216 9.18216
5.11851 5.11851 5.11851 5.11851 5.12456 5.28234 5.50599 5.75779 6.31483 6.97763 4.96931 4.78656 5.69035 6.51576 6.66290 6.79158 6.88865 6.90194 6.90194 6.90194 6.90194 6.90194 6.90194 6.90194 6.90194 6.90194 6.90194 6.90194 6.90194 6.90194 6.90194 6.89687 6.10230 5.72044 5.72044 5.72044 5.72044 6.66259 7.54308 7.54308 7.54452 7.76889 8.20004 8.67874 9.48844 9.85667 10.1228 10.3464 10.3331 10.3521 10.4763 10.2692 10.6073 10.7207 10.8235 10.8416 10.8416 10.8416 10.8416 10.8416 10.8416 10.8416 10.8416 9.76307 9.18216 9.18216 9.18216
