results/OMI_NO2_200902.asc
ncols      200
nrows      200
xllcorner       120.258
yllcorner       41.1236
cellsize     0.0166667
NODATA_Value      -999.000
[rows 87 to 115 of 163, columns 0 to 65 of 200]
5.22492 5.00336 5.00336 5.00336 5.00336 5.00336 5.00336 5.00336 5.00336 5.00336 4.99692 4.91741 4.88411 4.87123 4.85945 4.84438 4.81881 4.78873 4.77859 4.83137 4.82178 4.81107 4.02202 4.43036 4.47973 4.47244 4.45617 4.43977 4.42562 4.41274 4.40154 4.38994 4.37545 4.35910 4.34274 4.32647 4.31020 4.29410 4.27783 4.26152 4.24512 4.22885 4.21258 4.19275 4.16155 4.14528 4.16557 4.24333 4.31587 4.71505 4.55708 4.50801 4.50779 4.50779 4.50779 4.50779 4.50779 4.50779 4.50779 4.50706 4.09809 4.12251 4.27476 4.44025 4.47942 4.47573
4.66473 4.41036 4.35932 4.34023 4.32240 4.30227 4.27438 4.24646 4.21778 4.19025 4.16810 4.12203 4.05571 4.03165 4.00795 3.99309 3.98554 3.98305 4.07097 4.80477 4.80472 4.80468 4.40904 4.01653 4.06773 4.06213 4.06552 4.06887 4.07013 4.07013 4.07074 4.07310 4.07310 4.07310 4.07310 4.07310 4.07310 4.07310 4.07310 4.07310 4.07310 4.08997 4.15081 4.21387 4.31630 4.41367 4.46072 4.46808 4.47334 4.77280 4.59803 4.52132 4.50779 4.50779 4.50779 4.50779 4.55339 4.74448 4.96515 5.20986 5.16342 4.69723 4.69723 4.69723 4.63857 4.41737
4.39389 4.26831 4.12386 4.11355 4.10325 4.09474 4.08935 4.07579 4.06200 4.04821 4.03441 4.02118 3.98467 3.98280 3.98280 3.98280 3.98280 3.98280 3.98346 4.69985 4.59947 4.38394 4.17117 3.99177 4.07013 4.07013 4.07013 4.07013 4.07013 4.07013 4.07009 4.07264 4.07310 4.07310 4.07310 4.07310 4.08013 4.13440 4.19749 4.26055 4.32363 4.36989 4.37210 4.37210 4.40773 4.46088 4.46088 4.46180 4.46281 4.57939 4.71634 4.54251 4.60181 4.80758 5.03492 5.28765 5.49893 5.51246 5.51246 5.49181 5.44502 4.71004 4.52283 4.43817 4.35552 4.13903
4.38534 4.34982 4.07875 4.05891 4.04511 4.03132 4.02205 4.02180 4.02180 4.02180 4.02180 4.00444 3.90695 3.98280 3.98280 3.97112 3.84658 3.70465 3.57541 3.82884 3.98895 3.98895 3.98895 3.99076 4.07373 4.07013 4.07013 4.07013 4.07013 4.07013 4.07013 4.07298 4.11801 4.18110 4.24416 4.30698 4.36204 4.36984 4.36883 4.36782 4.36682 4.36582 4.35911 4.34714 4.33983 4.40789 4.39996 4.38965 4.50537 4.75271 5.46465 5.43755 5.56275 5.55319 5.51717 5.48049 5.44345 5.40653 5.36969 5.35338 5.35575 4.94114 4.38587 4.38758 4.38785 4.28133
4.31896 4.31253 4.11868 4.02180 4.02180 4.02180 3.98733 3.87545 3.76832 3.66854 3.57528 3.49024 3.38919 3.65157 3.55696 3.44250 3.41583 3.41079 3.40582 3.63288 3.93582 3.92985 3.92379 3.91295 4.04636 4.05387 4.05287 4.08048 4.14245 4.20457 4.26663 4.32772 4.34884 4.34784 4.34684 4.34614 4.34425 4.33422 4.32323 4.31226 4.30128 4.29029 4.28502 4.28638 4.29877 4.36795 4.41713 4.43139 4.69061 5.36055 5.81435 5.44219 5.39123 5.36391 5.36296 5.36296 5.36296 5.36296 5.36296 5.36296 5.36296 5.33835 4.48196 4.38785 4.38994 4.37046
4.24833 4.18105 3.98266 3.67057 3.56955 3.47508 3.40988 3.39220 3.29788 3.19500 3.09930 3.01756 3.00233 3.16874 3.33093 3.33093 3.33093 3.33093 3.33093 3.44804 3.85796 3.85796 3.85989 3.86942 4.05633 4.24555 4.30858 4.34308 4.34314 4.34314 4.34321 4.35182 4.33877 4.31705 4.30607 4.29509 4.28598 4.28502 4.28502 4.28761 4.30118 4.31597 4.33076 4.34419 4.34660 4.36600 4.43538 4.43538 4.44644 5.23280 5.46145 5.69448 5.36237 5.36296 5.36296 5.36296 5.36296 5.36296 5.36296 5.36503 5.37067 5.37635 4.90644 4.40766 4.41012 4.41013
3.67128 3.62404 3.62309 3.40653 3.28009 3.18224 3.09200 3.01533 3.00245 3.00245 3.00245 3.00245 3.00245 3.05033 3.33093 3.33093 3.33093 3.33109 3.33685 3.36709 3.87796 3.89595 3.90432 3.90508 4.02717 4.33430 4.35745 4.37189 4.38633 4.40077 4.41507 4.42097 4.36390 4.28502 4.28502 4.28923 4.30359 4.31837 4.33317 4.34537 4.34660 4.34660 4.34660 4.34660 4.34660 4.34665 4.41972 4.43538 4.43538 4.82837 5.36055 5.80714 5.36225 5.36296 5.36455 5.37006 5.37575 5.38144 5.38713 5.39075 5.38795 5.38236 5.32837 4.45934 4.38995 4.38546
3.51023 3.40362 3.30496 3.12991 3.00245 3.00245 3.00245 3.00245 3.00245 3.00245 3.00245 3.00245 3.00245 3.00111 3.26849 3.35041 3.35899 3.36740 3.37020 3.37020 3.79765 3.92502 3.93946 3.95390 4.02252 4.35403 4.42097 4.42097 4.42097 4.42097 4.42097 4.42720 4.43161 4.32138 4.33003 4.33776 4.33538 4.33257 4.32977 4.32696 4.32416 4.32135 4.31850 4.31568 4.31288 4.31007 4.34548 4.39324 4.39043 4.45238 5.27257 5.68278 5.32071 5.24270 5.24119 5.23574 5.23015 5.22459 5.21901 5.21340 5.21070 5.21070 5.16384 4.49793 3.88017 3.64802
3.36161 3.37101 3.38080 3.37453 3.18428 3.18644 3.19542 3.20463 3.21462 3.22919 3.24026 3.25034 3.26022 3.26834 3.43044 3.71025 3.72867 3.74676 3.76606 3.78445 3.85030 3.86642 3.85670 3.84704 3.84080 4.22453 4.36479 4.37065 4.38261 4.39457 4.40655 4.41231 4.40987 4.31742 4.27354 4.27354 4.27354 4.27354 4.27354 4.27354 4.27354 4.27354 4.27354 4.27354 4.26856 4.22830 4.18781 4.36526 4.38069 4.38430 4.91767 5.33014 5.65702 5.21070 5.21070 5.21070 5.19147 5.01498 4.81805 4.61072 4.29122 4.00034 3.77451 3.61754 3.19084 3.17072
3.52454 3.51743 3.50928 3.50123 3.34198 3.25499 3.25555 3.25595 3.25596 3.24868 3.23415 3.21880 3.20344 3.18808 3.24858 3.75942 3.77111 3.77111 3.77111 3.77111 3.77111 3.77111 3.77076 3.74813 3.71233 3.99519 4.35563 4.40949 4.40949 4.40949 4.40949 4.40949 4.40949 4.36783 4.27354 4.27354 4.27354 4.27354 4.27354 4.27256 4.24036 4.19322 4.14608 4.09897 4.05679 4.04993 4.04993 4.26507 4.38459 4.38459 4.55054 5.44805 5.68831 4.67791 4.50673 4.29236 4.01374 3.85651 3.73187 3.63130 3.61794 3.61794 3.64003 3.73984 3.56215 3.48449
3.44049 3.44226 3.43668 3.43109 3.38330 3.23057 3.21525 3.19991 3.18453 3.17117 3.16933 3.16933 3.16933 3.16933 3.17635 3.61540 3.77111 3.77111 3.77059 3.74719 3.71134 3.67555 3.64011 3.62687 3.62687 3.83221 4.23792 4.40949 4.40949 4.40949 4.40949 4.40949 4.40949 4.40684 4.28502 4.25230 4.20527 4.15811 4.11102 4.06485 4.04993 4.04993 4.04993 4.04999 4.05007 4.08507 4.22861 4.48097 4.94336 5.14903 5.37089 6.43223 5.93655 3.97027 3.81960 3.74784 3.76326 3.86228 3.98612 4.11783 4.25814 4.40792 4.53465 4.55354 4.50740 4.10563
3.38989 3.38967 3.37454 3.35918 3.34789 3.20143 3.16933 3.16933 3.16933 3.17713 3.24276 3.32463 3.41217 3.50609 3.60381 3.69502 3.71040 3.67453 3.64133 3.63450 3.64025 3.64585 3.65156 3.65717 3.66286 3.76221 4.12218 4.39858 4.41038 4.41045 4.39921 4.35434 4.30734 4.26021 4.13650 4.05140 4.05141 4.05149 4.05156 4.05681 4.16453 4.32111 4.49035 4.67338 4.87235 5.03485 5.04472 5.04238 5.39204 5.44844 5.44214 5.33034 5.15585 4.19647 4.33550 4.47717 4.61489 4.64123 4.64123 4.64123 4.64123 4.64123 4.64123 4.64123 4.64123 4.32558
3.39123 3.36751 3.37741 3.38208 3.40605 3.41508 3.39637 3.49251 3.59569 3.69530 3.71616 3.69679 3.66669 3.63653 3.60698 3.63441 3.74199 3.74764 3.75127 3.75132 3.75132 3.75132 3.75132 3.75132 3.75132 3.76546 4.17124 4.32819 4.27297 4.22584 4.19004 4.18782 4.18782 4.18782 4.16029 4.25249 4.41602 4.59279 4.78481 4.98613 5.04488 5.04488 5.04445 5.04004 5.03465 4.98752 4.81325 4.64692 4.66435 4.70714 4.56464 4.50958 4.53130 4.28785 4.64123 4.64123 4.64123 4.64123 4.64123 4.64123 4.64123 4.64123 4.67007 4.81320 4.96801 5.02867
3.96402 3.65573 3.77041 3.87927 3.96819 3.96235 3.76916 3.73337 3.69759 3.66188 3.62689 3.61610 3.61610 3.61610 3.61610 3.61672 3.73330 3.75132 3.75132 3.75132 3.75132 3.78301 3.85542 3.93492 4.02263 4.11261 4.47082 4.49689 4.18767 4.17553 4.15784 4.14013 4.12243 4.10473 4.09295 4.84431 5.04488 5.04488 5.04405 5.03400 4.89806 4.72156 4.55956 4.41343 4.27908 4.18107 4.17420 4.17420 4.20417 4.50187 4.50887 4.50887 4.52175 4.40902 4.49970 4.64123 4.64123 4.66126 4.79749 4.95253 5.10743 5.26232 5.38830 5.40014 5.40014 5.40014
4.86288 3.95461 3.96894 3.94632 3.91045 3.87462 3.71115 3.61610 3.61610 3.61610 3.61610 3.61610 3.61610 3.61610 3.61610 3.61610 3.69308 3.82495 3.90144 3.98562 4.07875 4.13251 4.13256 4.12891 4.10878 4.08664 4.29728 4.47431 4.17049 4.09256 4.09256 4.09256 4.09256 4.09256 4.09148 4.46099 4.63531 4.47876 4.33610 4.21021 4.17735 4.18318 4.18904 4.19485 4.20073 4.20660 4.21241 4.21827 4.22410 4.45588 4.57045 4.57628 4.59816 4.73605 3.31931 3.58701 3.67305 3.73653 3.66708 3.57484 3.48157 3.38661 3.29088 3.19277 3.09414 2.99736
5.61650 4.36255 4.16870 3.68588 3.67036 3.65453 3.59972 3.42252 3.40845 3.39462 3.38022 3.36730 3.38295 3.41776 3.45582 3.49579 3.55258 3.67749 3.65828 3.62884 3.59857 3.58269 4.07925 4.07466 4.08068 4.08861 4.22254 4.54537 4.39187 4.18279 4.18704 4.18858 4.19016 4.19162 4.19431 4.27939 4.45543 4.31121 4.31705 4.32293 4.32559 4.32559 4.32559 4.32559 4.32559 4.32559 4.32559 4.32715 4.36554 4.55268 5.09511 5.25008 5.39200 5.43595 3.10618 2.64871 2.65464 2.65464 2.65464 2.65464 2.71357 2.83528 2.97502 3.25113 3.65311 4.18213
5.46485 4.11897 3.91078 3.33265 3.28890 3.29417 3.29951 3.17266 3.17456 3.21787 3.26465 3.31504 3.33892 3.35365 3.37221 3.39066 3.40652 3.41411 3.40149 3.40147 3.40147 3.40147 4.03466 4.18722 4.18722 4.18722 4.32206 5.08990 5.41260 4.30239 4.22608 4.22604 4.22604 4.22604 4.22604 4.22604 4.52678 4.32559 4.32559 4.32559 4.32559 4.32559 4.32559 4.35120 4.40531 4.45938 4.51347 4.56602 4.58169 4.58965 5.31993 5.41917 5.41917 5.42597 3.95465 2.67297 2.93493 3.07841 3.26862 3.65138 4.03644 4.36969 4.75989 4.87687 4.87687 4.85788
5.74125 4.59142 4.01898 3.62938 3.30166 3.27250 3.24329 3.27157 3.37300 3.38511 3.39724 3.40936 3.42119 3.42494 3.42494 3.42494 3.42494 3.41594 3.40127 3.40147 3.40147 3.40147 3.95114 4.60599 4.94261 5.33256 5.58004 6.06233 6.17709 4.83820 4.22604 4.22604 4.22604 4.22604 4.22604 4.22604 4.46646 4.34519 4.33916 4.39092 4.44504 4.49913 4.55319 4.58169 4.58169 4.58169 4.58169 4.58169 4.58169 4.58169 5.00463 5.42987 5.43721 5.44469 4.72541 3.20244 4.06233 4.39918 4.73492 4.76243 4.56047 4.25800 3.99888 3.77380 3.57708 3.41166
5.64881 4.90286 3.87884 3.80531 3.25607 3.25305 3.26310 3.27766 3.41448 3.42494 3.42494 3.42494 3.42317 3.34357 3.22873 3.12197 3.02216 2.92814 3.28956 3.67484 3.88246 4.11517 4.69589 5.58116 5.58168 5.58619 5.59158 5.93931 6.23313 5.77225 4.28004 4.28164 4.28896 4.30154 4.35458 4.41600 4.50818 4.85318 4.68618 4.69579 4.70311 4.71047 4.71777 4.72507 4.73236 4.73968 4.74702 4.75436 4.76165 4.76913 4.98642 5.99959 6.30130 6.62846 6.67125 3.53826 3.94039 3.67980 3.49325 3.32959 3.26547 3.26547 3.26547 3.26547 3.26547 3.26547
5.58932 5.34920 3.95069 3.92967 3.48848 3.28099 3.28368 3.27838 3.27253 3.22314 3.12025 3.02418 2.93555 2.90746 2.97602 3.10992 3.25627 3.41672 3.71407 4.31760 4.32158 4.32562 4.52481 5.69201 5.69689 5.69770 5.69770 5.89809 6.49285 6.42590 4.85452 4.56207 4.61613 4.66495 4.67332 4.67332 4.67332 4.99347 4.77287 4.77287 4.77287 4.77287 4.77287 4.77287 4.77287 4.77725 4.91850 5.14197 5.40177 5.85536 6.25906 7.40534 8.11755 8.53751 8.86278 5.41080 3.62414 3.26547 3.26547 3.26547 3.26547 3.26547 3.26547 3.26547 3.26547 3.26614
1.23684 1.24106 1.23665 1.23132 1.22599 1.22835 1.27539 2.19179 3.77106 3.80943 3.84106 3.85298 3.88042 3.96929 4.03033 4.05617 4.10382 4.14276 4.15147 4.15387 3.78653 3.62719 3.74049 3.74049 3.73952 3.73694 3.73437 3.73179 3.72920 3.72662 3.72405 3.72146 2.62379 2.52348 2.47407 2.37015 2.26496 2.15779 2.04687 1.78204 1.58817 1.54747 1.65208 2.48984 2.46676 2.44745 2.44745 2.44745 2.44745 2.44745 2.44745 2.44745 2.56288 2.58331 2.58331 2.58331 2.58331 2.58331 2.94308 3.25454 3.53368 3.87260 4.27727 4.41033 6.35403 8.15983
1.46631 1.47204 1.51368 1.56163 1.60943 1.65649 1.68929 1.85598 4.04605 4.02611 4.04717 4.14213 4.27238 4.34373 4.11677 4.12485 4.13138 4.12879 4.12620 4.12363 3.99561 3.54367 3.69591 3.69334 3.69173 3.69172 3.69172 3.69172 3.69172 3.69172 3.69172 3.69172 2.53614 1.24824 1.31340 1.33576 1.40579 1.47744 1.54908 1.59219 1.38707 1.38062 1.38062 2.18282 2.44745 2.44745 2.44745 2.44745 2.44745 2.44745 2.44702 2.44625 2.46773 2.58331 2.59336 2.74620 2.97686 3.25736 3.93045 4.41033 4.41033 4.41033 4.41033 4.41033 4.90842 8.13696
1.63411 1.70709 1.74477 1.77618 1.80760 1.83905 1.89478 1.97703 4.06540 4.50203 4.65172 4.71025 4.71025 4.70409 4.14571 4.08870 4.11168 4.11168 4.11168 4.11168 4.11168 3.62742 3.67862 3.69172 3.69172 3.69172 3.69172 3.69172 3.69172 3.69172 3.69287 3.72188 3.23532 1.38734 1.58103 1.63042 1.63198 1.63198 1.63198 1.63198 1.46289 1.38062 1.38062 1.75817 2.44742 2.44685 2.44608 2.44531 2.44454 2.44377 2.45052 2.53636 2.64256 3.16682 3.64162 3.76084 3.78918 3.81777 3.99994 4.43222 4.43507 4.43795 4.44079 4.44363 4.44646 7.17277
1.85288 1.88678 1.96815 2.05720 2.15457 2.26169 2.31526 2.31526 3.89481 4.71025 4.71025 4.71025 4.71025 4.71025 4.36493 4.08092 4.10838 4.11168 4.11168 4.11168 4.11168 3.87092 3.63793 3.69172 3.69172 3.69172 3.73485 3.85589 3.98557 4.12192 4.26440 4.38164 4.33611 1.71539 1.66088 1.69392 1.70818 1.72241 1.73677 1.75082 1.69944 1.49720 1.50776 1.55036 2.51647 2.60721 2.62755 2.73578 2.87762 3.03574 3.20155 3.25077 3.26507 3.63389 4.30890 4.30890 4.30890 4.30890 4.31442 4.47901 4.48420 4.42206 4.26419 4.10531 3.94627 3.95148
2.25002 2.31503 2.31526 2.31526 2.31526 2.31526 2.31526 2.31526 3.21212 4.72605 4.71025 4.71025 4.71002 4.70483 4.60110 4.06646 4.07493 4.08294 4.07694 4.07087 4.09783 4.15072 3.77961 3.97682 4.10970 4.24984 4.33970 4.33533 4.32825 4.32124 4.31425 4.30817 4.30763 2.43596 1.88967 1.94156 1.94060 1.93963 1.93867 1.93783 1.93771 1.68556 1.63128 1.68630 2.41570 3.08724 3.24002 3.27125 3.27125 3.27125 3.27125 3.27125 3.27125 3.30779 4.30765 4.30890 4.29087 4.15345 3.99456 3.96926 3.85201 3.75504 3.75402 3.75402 3.75402 3.76497
2.31526 2.31526 2.31526 2.31526 2.31526 2.31526 2.31526 2.31526 2.43499 4.69620 4.59422 4.58720 4.58043 4.57856 4.59090 4.15362 4.07814 4.29826 4.35205 4.39890 4.40623 4.34673 4.24238 4.30743 4.30743 4.30743 4.30753 4.31508 4.32727 4.34825 4.38859 4.42952 4.47031 3.28715 2.07631 1.94100 1.93771 1.93771 1.93771 1.93771 1.93771 1.89945 1.92266 1.93771 2.15213 3.26858 3.27125 3.27125 3.27125 3.27125 3.27125 3.27107 3.22587 3.07931 3.60022 3.74126 3.60041 3.57873 3.57873 3.67019 3.75402 3.75402 3.75402 3.75402 3.75402 3.75402
2.31526 2.31526 2.31526 2.31526 2.31526 2.31526 2.31526 2.31526 2.32360 4.37505 4.67020 4.71618 4.76219 4.79212 4.76724 4.45155 4.02740 4.27794 4.32326 4.32326 4.32329 4.33023 4.30939 4.33563 4.36132 4.40196 4.44287 4.47626 4.50504 4.52505 4.52572 4.52572 4.52898 3.90532 2.10558 2.01811 1.98046 1.98961 1.99919 2.00854 2.01773 2.02747 2.03662 2.04605 2.05555 3.07869 3.40782 3.39956 3.33377 3.26399 3.19366 3.12383 3.09901 3.04828 2.93866 3.57873 3.57873 3.57873 3.57873 3.62795 3.75402 3.75402 3.75402 3.75355 3.66000 3.51654
2.37385 2.39506 2.41971 2.49187 2.58337 2.67488 2.76650 2.85786 2.94142 4.32188 4.93902 4.89317 4.84742 4.81756 4.83038 4.82128 4.26218 4.44588 4.67510 4.71429 4.77025 4.81919 4.86320 4.76300 4.74155 4.74835 4.75450 4.76071 4.76712 4.77322 4.73173 4.62388 4.51040 4.27910 2.37729 2.39375 2.33208 2.33208 2.33208 2.33208 2.33208 2.33208 2.33161 2.30873 2.27345 2.68086 3.36697 3.30498 3.30053 3.30053 3.30053 3.30053 3.30053 3.29353 2.71697 3.54543 3.57873 3.57873 3.56182 3.44810 3.46429 3.35143 3.25228 3.16588 3.13193 3.13193
3.36734 3.34528 3.41207 3.43145 3.42647 3.35564 3.26436 3.17316 3.08188 3.83066 5.11076 5.06948 4.98034 4.88593 4.79027 4.68426 4.19160 3.95836 4.14270 4.03344 3.90234 3.77032 3.63546 3.39829 3.09327 2.94749 2.79817 2.64547 2.49075 2.33189 2.23789 2.23789 2.23789 2.23789 2.32619 2.40919 2.34302 2.33208 2.32574 2.29326 2.25798 2.22267 2.18789 2.17548 2.17548 2.21366 3.22398 3.30053 3.30053 3.30053 3.30053 3.30053 3.30053 3.31546 2.90869 3.11263 3.17705 3.09189 3.02504 3.01507 3.10843 3.13193 3.13193 3.13193 3.13193 3.13193
