results/OMI_NO2_200809.asc
ncols      200
nrows      200
xllcorner       120.258
yllcorner       41.1236
cellsize     0.0166667
NODATA_Value      -999.000
[rows 145 to 173 of 175, columns 0 to 65 of 200]
5.72119 5.61874 5.49178 5.35984 5.24039 5.19195 5.27587 6.24470 6.92838 6.59697 6.45460 6.70374 6.76734 6.86041 7.05082 7.29258 7.63902 7.73351 7.83347 7.88590 7.88728 7.88513 7.83417 7.76649 1.28699 1.83656 1.92164 1.82276 1.77912 1.84173 1.91606 1.87221 1.86970 1.88112 1.89256 1.90399 1.91544 2.06295 2.10647 2.10745 2.11005 2.23253 2.31676 2.31717 2.23688 2.22079 2.21871 2.19724 1.91460 1.97923 1.96867 1.90227 1.90227 1.90192 1.85702 1.78083 1.74970 1.72402 1.69923 1.69015 1.67641 1.67700 1.68789 1.66144 1.63615 1.47786
5.21554 5.19110 5.18307 5.18307 5.18307 5.18851 5.24498 6.16186 6.99749 7.22438 7.04736 7.40189 7.74167 7.75652 7.71913 7.40502 7.88011 7.85090 7.78326 7.71551 7.64774 7.58305 7.56644 7.56644 1.32440 1.57013 1.71372 1.68201 1.68536 1.72514 1.94697 1.92649 1.92449 1.92451 1.92500 1.92743 1.93006 1.99229 2.11727 2.11893 2.11896 2.19199 2.32041 2.32041 2.26403 2.21459 2.17272 2.13696 1.88605 1.77167 1.85503 1.77775 1.69344 1.61404 1.57828 1.57134 1.58316 1.63380 1.60736 1.58093 1.55944 1.56339 1.61971 1.61372 1.60759 1.53781
5.32253 5.42347 5.54518 5.74105 5.94368 6.14079 6.28698 6.87013 7.64211 7.97662 7.50139 7.49750 7.84789 7.69512 7.64670 7.29304 7.44569 7.56644 7.56644 7.56644 7.56644 7.56644 7.56644 7.56644 1.28274 1.43063 1.56980 1.71559 1.71863 1.71886 1.89693 1.94103 1.93203 1.93466 1.93679 1.93699 1.93699 1.93950 2.09675 2.11896 2.11896 2.12844 2.26797 2.23220 2.16829 2.07277 2.03859 1.97533 1.80484 1.53028 1.55917 1.58040 1.54594 1.51572 1.48552 1.45530 1.44067 1.46260 1.45652 1.45040 1.44431 1.44177 1.49986 1.51385 1.51453 1.52034
6.22650 6.32805 6.40897 6.41557 6.41557 6.41557 6.41557 6.58085 7.58865 8.15644 7.75114 7.28929 7.51665 7.55271 7.52825 7.37434 7.24365 7.55010 7.45026 7.33866 7.22733 7.11572 7.00412 6.89279 1.28266 1.37374 1.53060 1.67096 1.73129 1.73456 1.82689 1.96053 1.93699 1.93699 1.93699 1.93699 1.93660 1.91378 1.96093 2.01910 1.97451 1.94671 2.11209 2.07478 2.00722 1.86760 1.80994 1.80289 1.78913 1.50159 1.48957 1.48378 1.43812 1.43812 1.43812 1.43812 1.43812 1.44089 1.44181 1.44903 1.46207 1.47571 1.51914 1.55049 1.55240 1.54221
6.41557 6.41557 6.41587 6.46926 6.56203 6.65471 6.74743 6.82998 7.72883 8.25265 8.13489 7.11419 7.12870 7.27227 7.12268 7.01588 6.46363 6.66364 6.66859 6.66859 6.66859 6.66859 6.66859 6.66859 1.28266 1.30483 1.49509 1.60816 1.73147 1.73527 1.74719 1.95900 1.93891 1.90533 1.86119 1.81657 1.77239 1.75060 1.75313 1.87071 1.82109 1.76871 1.84705 1.89807 1.89345 1.83110 1.79074 1.77757 1.77554 1.57849 1.45874 1.46465 1.42555 1.41799 1.43007 1.44290 1.45644 1.47110 1.48470 1.49036 1.48948 1.48862 1.48326 1.46049 1.45870 1.45692
6.61863 6.71085 6.79636 6.82679 6.81793 6.80908 6.80022 6.79135 7.10983 7.54946 7.85713 6.93804 6.69933 6.95537 6.92549 6.96169 6.66334 6.61066 6.66859 6.66859 6.66859 6.66859 6.66859 6.66859 1.48064 1.49930 1.60770 1.70651 1.79909 1.84329 1.83894 1.96908 1.93321 1.82982 1.83396 1.83244 1.82308 1.81360 1.80459 1.81435 1.82099 1.81771 1.82708 1.84100 1.84077 1.81258 1.75152 1.73400 1.69402 1.59004 1.46656 1.48299 1.48685 1.46695 1.46824 1.46936 1.47047 1.47078 1.47040 1.47040 1.47040 1.47040 1.47040 1.44974 1.44875 1.48988
6.78109 6.77541 6.77294 6.77243 6.77191 6.77140 6.77088 6.77036 6.90648 7.49249 8.11811 7.81048 7.28662 7.31542 7.09822 7.07316 6.92891 6.58135 6.65228 6.65145 6.65062 6.64979 6.64709 6.63202 1.96948 2.04669 2.09142 2.08667 1.97603 1.88974 1.88974 1.94392 2.02715 1.83036 1.81594 1.80643 1.80312 1.79983 1.79655 1.79702 1.81145 1.81054 1.78883 1.76748 1.72276 1.67503 1.55386 1.49998 1.49597 1.49695 1.50836 1.50863 1.51742 1.47378 1.47091 1.47091 1.47091 1.47089 1.47042 1.47040 1.47097 1.50422 1.55639 1.59600 1.63261 1.64650
6.72320 6.76145 6.76387 6.78968 6.82145 6.92157 7.08334 7.24504 7.39484 7.96777 8.42266 8.47079 7.42542 7.37324 7.14726 7.06770 7.06194 6.54558 6.46886 6.36673 6.24881 6.12308 5.99224 5.89081 2.19266 2.19266 2.19157 2.11911 2.03127 1.86187 1.84471 1.83243 2.00139 1.84477 1.79562 1.79291 1.78118 1.73844 1.69374 1.64907 1.61678 1.57806 1.55267 1.54500 1.50941 1.47258 1.38125 1.36189 1.49885 1.49888 1.50536 1.50956 1.51400 1.48740 1.47091 1.47091 1.47091 1.49824 1.54911 1.59978 1.65714 1.68194 1.68790 1.69009 1.68173 1.69179
6.78020 6.97184 7.13121 7.26710 7.39707 7.45862 7.45862 7.45862 7.45862 7.81459 8.40000 8.77921 8.20288 7.94741 7.93553 6.87395 6.85258 6.26820 5.77643 5.74418 5.69951 5.57664 5.43826 5.28213 2.17492 2.13733 2.09972 2.03651 1.99929 1.84026 1.81198 1.78855 1.85850 1.78864 1.62225 1.57854 1.54560 1.53999 1.50879 1.47188 1.43988 1.41546 1.38736 1.40718 1.41479 1.41479 1.38759 1.33209 1.46287 1.48741 1.47876 1.47369 1.46119 1.48891 1.55402 1.62175 1.68948 1.72999 1.71724 1.70481 1.71181 1.71882 1.72584 1.73207 1.71179 1.70822
7.29706 7.45767 7.45378 7.51860 7.68484 7.85457 8.05400 8.26139 8.46877 8.81666 9.30905 9.46795 9.17445 8.30956 8.30174 7.11807 6.78384 6.51158 5.46558 5.14974 5.03307 5.03183 5.03183 5.03183 2.05434 2.03623 1.96221 1.89120 1.83916 1.73525 1.67069 1.66455 1.68325 1.71308 1.48415 1.44398 1.40711 1.37391 1.36828 1.36828 1.36836 1.38286 1.38559 1.40043 1.41048 1.39800 1.38092 1.28264 1.36523 1.51496 1.59370 1.71464 1.71723 1.73654 1.74212 1.74691 1.75510 1.76328 1.77622 1.81949 1.82723 1.83471 1.84225 1.84981 1.84411 1.83997
8.04009 8.29939 8.51091 8.65336 8.69459 8.73214 8.74006 8.74006 8.74006 8.75486 9.26574 9.27170 9.08293 8.38713 8.35848 7.61631 6.61708 6.61199 5.49414 5.08009 5.03183 4.98977 4.87113 4.75104 1.74932 1.70995 1.70710 1.70710 1.70983 1.65587 1.56188 1.53697 1.50093 1.56872 1.42909 1.36828 1.36828 1.36828 1.36828 1.36828 1.36121 1.35445 1.35917 1.38332 1.42991 1.46478 1.53763 1.55803 1.60297 1.81909 1.82798 1.82152 1.73613 1.64548 1.77398 1.77737 1.77737 1.77737 1.77953 1.87130 1.87522 1.87522 1.87220 1.86167 1.84859 1.83386
8.77133 8.71126 8.74006 8.74006 8.74006 8.74006 8.65190 8.44406 8.23556 8.02686 8.20401 8.43322 8.50849 8.42664 8.29827 8.02229 6.37213 6.29939 5.56495 4.52213 4.14207 4.06415 4.06260 4.06260 1.70710 1.70710 1.70710 1.70710 1.60597 1.47728 1.46576 1.48915 1.48915 1.53549 1.50566 1.36802 1.36041 1.36913 1.38502 1.40201 1.42717 1.46019 1.53208 1.59020 1.67349 1.72288 1.72864 1.65556 1.54588 1.62436 1.64443 1.63824 1.66076 1.51755 1.76384 1.77868 1.77753 1.77002 1.78541 1.87742 1.92160 1.94452 1.97067 2.00676 2.04144 1.92937
8.73971 8.68719 8.52705 8.31855 8.10996 7.90561 7.80197 7.81844 7.83557 7.85270 7.96004 8.09173 8.17167 8.12656 7.95779 7.95213 6.44190 5.95420 5.64799 4.17615 4.06216 4.06260 4.06260 4.06260 1.70665 1.70648 1.70633 1.70617 1.69521 1.47204 1.46939 1.47525 1.46251 1.45179 1.50461 1.44814 1.47461 1.48151 1.48765 1.50601 1.52467 1.54318 1.62109 1.64411 1.62923 1.58953 1.54787 1.53732 1.45070 1.50059 1.63870 1.67184 1.72147 1.62833 1.76104 1.89786 1.92662 1.96560 1.97946 2.01704 2.05213 2.05214 2.05214 2.05214 2.05214 1.97227
7.85267 7.90238 7.86441 7.88153 7.89867 7.91146 7.91317 7.91646 7.91982 7.92323 7.93098 7.98491 8.09879 8.12321 8.00200 7.95387 6.94563 5.55422 5.55961 4.34453 4.13584 4.20030 4.20929 4.21829 1.70307 1.70245 1.68475 1.65934 1.63397 1.46308 1.38503 1.36228 1.36164 1.36164 1.44768 1.49511 1.51812 1.53688 1.53308 1.48680 1.43949 1.39218 1.37375 1.49919 1.53028 1.57073 1.60892 1.64737 1.65835 1.70662 1.95970 2.01043 1.94809 1.81680 1.75553 1.98369 1.98377 1.98377 1.98377 2.00069 2.05214 2.05214 2.05214 2.05206 2.01266 1.90871
7.70372 8.14172 7.99151 7.99147 7.99487 7.99756 7.96005 7.89761 7.86219 7.86857 7.87534 7.95149 8.11056 8.17513 8.11923 7.98977 7.72484 5.64061 5.63492 5.01593 4.14746 4.27346 4.24039 4.20425 1.59801 1.57323 1.56553 1.56553 1.56553 1.51270 1.35281 1.38169 1.39321 1.41196 1.45017 1.47003 1.43126 1.38535 1.36782 1.38537 1.42012 1.45861 1.49709 1.63699 1.73190 1.77646 1.80293 1.83332 1.87217 1.92560 1.98690 2.02038 2.00498 1.87216 1.71449 1.92509 1.98377 1.98377 1.98377 1.98520 2.02335 1.95483 1.88185 1.80597 1.76890 1.76393
7.69631 8.11557 8.01775 7.80888 7.77617 7.78344 7.83016 7.89958 7.94182 7.94227 7.94227 7.97276 8.06449 8.18466 8.16721 7.96476 7.91230 6.24892 5.62450 5.47237 3.79937 3.93666 3.94147 3.94147 1.56553 1.56553 1.56553 1.57785 1.61038 1.64317 1.47133 1.39710 1.32869 1.29761 1.33765 1.45001 1.49686 1.53496 1.55995 1.58018 1.58467 1.60610 1.63649 1.70415 1.85117 1.91386 1.91812 1.91812 1.91984 1.95247 1.96339 2.02020 2.02038 1.91238 1.77024 1.81254 1.96629 1.88386 1.79449 1.70525 1.73324 1.75776 1.76339 1.80579 1.85177 1.89778
7.94452 8.24804 8.36589 7.90250 7.94221 7.95853 7.97953 7.95658 7.92546 7.88555 7.83962 7.80210 7.82710 8.10332 8.10787 7.98802 7.87943 7.12993 5.62905 5.62905 4.35908 3.86884 3.94147 3.94147 1.59875 1.61663 1.62996 1.63130 1.62429 1.70223 1.68810 1.63599 1.64412 1.72201 1.76194 1.62624 1.59375 1.62924 1.65963 1.69003 1.71959 1.72855 1.72855 1.72876 1.85016 1.91389 1.91812 1.91812 1.91812 1.94186 1.95361 1.99572 1.98039 1.82901 1.60258 1.44617 1.62640 1.63546 1.65956 1.71315 1.77465 1.85936 1.88820 1.88565 1.88030 1.87501
7.95083 8.30078 8.72441 7.95546 7.87254 7.81048 7.74352 7.72047 7.70565 7.69962 7.69962 7.69962 7.75764 7.98766 8.02618 7.87589 7.87930 7.71050 5.76112 5.62905 5.03880 3.80098 3.94147 3.94147 1.72406 1.82962 1.93882 2.04796 2.14849 2.16838 2.14297 1.90235 1.83019 1.83047 1.86086 1.82363 1.71916 1.72855 1.72855 1.72855 1.72855 1.72855 1.72855 1.72855 1.78614 1.90227 1.89886 1.87918 1.85746 1.79099 1.69229 1.61984 1.58412 1.56168 1.46187 1.44393 1.65946 1.83737 1.86694 1.86701 1.80407 1.84726 1.84726 1.84726 1.84726 1.84661
8.48353 8.08572 8.39649 8.01821 7.69962 7.69962 7.69962 7.69962 7.69962 7.66924 7.56078 7.44843 7.37185 7.38702 7.51562 7.51562 7.79480 7.90166 6.56688 5.76307 5.73495 4.15400 4.48536 4.61257 2.16838 2.16838 2.16838 2.16838 2.16838 2.16838 2.16838 2.08806 2.00627 1.90665 1.90665 1.89832 1.72521 1.72690 1.72855 1.72851 1.71733 1.69766 1.67799 1.65830 1.64370 1.74065 1.69677 1.62427 1.55387 1.53360 1.54584 1.59756 1.70669 1.75744 1.67391 1.58975 1.61527 1.86684 1.86659 1.86604 1.80320 1.82528 1.80566 1.78979 1.79379 1.79934
8.73894 8.11884 8.22799 8.33047 7.69310 7.60518 7.49278 7.38049 7.26804 7.20988 7.24985 7.29376 7.34333 7.39111 7.67560 7.70891 7.88661 8.14992 7.57000 6.05237 5.99241 4.84549 4.40495 4.75295 2.16838 2.16838 2.16838 2.16838 2.16838 2.16647 2.16236 2.12226 2.04958 1.90894 1.89134 1.89274 1.77279 1.67623 1.61884 1.59629 1.58484 1.58569 1.59707 1.60909 1.62111 1.55130 1.56853 1.60995 1.65138 1.69028 1.69812 1.69742 1.73938 1.76345 1.71444 1.57119 1.49257 1.69436 1.73604 1.74171 1.73121 1.75684 1.80372 1.82295 1.82398 1.82398
8.71636 8.14091 7.85420 8.22797 7.43125 7.36858 7.41248 7.45639 7.50026 7.52038 7.52038 7.52038 7.52025 7.46446 7.66280 7.67608 7.53751 7.69379 7.29537 5.66277 5.60820 5.12564 4.11954 4.80090 2.07950 2.07536 2.07124 2.06713 2.06303 2.06410 2.07079 2.07618 1.99397 1.93303 1.85527 1.85572 1.80192 1.64776 1.55519 1.57004 1.58501 1.60620 1.64659 1.68833 1.73008 1.74815 1.69536 1.69470 1.67270 1.65765 1.65607 1.68238 1.69907 1.74839 1.76328 1.54813 1.51629 1.64140 1.83196 1.83426 1.82981 1.78710 1.82398 1.82398 1.82398 1.82398
8.56164 8.36788 7.92712 8.21514 7.90474 7.51552 7.51525 7.51497 7.51470 7.49969 7.46148 7.39241 7.24384 7.04267 6.93644 6.94893 6.93734 7.04685 7.05422 5.78592 5.47516 5.44455 4.15942 4.70886 2.06694 2.07361 2.08030 2.08698 2.09367 2.09708 2.09708 2.09708 2.03991 2.00474 1.86538 1.87927 1.89138 1.75060 1.67908 1.69554 1.73727 1.75441 1.72555 1.70584 1.69270 1.67957 1.62644 1.58092 1.58883 1.57521 1.56212 1.62204 1.60351 1.85769 1.90133 1.72824 1.59992 1.58044 1.81798 1.83426 1.83426 1.78342 1.82398 1.83748 1.88740 1.93948
8.63313 8.60235 7.98169 8.06059 8.14635 7.44491 7.40668 7.33358 7.18221 7.03420 6.90194 6.80178 6.79760 6.74290 6.64873 6.73785 6.62377 6.44903 6.18261 5.36225 4.72160 4.46479 4.11454 4.41293 2.09708 2.09708 2.09708 2.09708 2.09708 2.09708 2.10307 2.12340 2.12667 2.06946 2.01096 1.98308 1.99378 1.88015 1.73594 1.65341 1.64027 1.64169 1.65943 1.66596 1.65460 1.63418 1.62742 1.51901 1.49957 1.49466 1.49466 1.56044 1.58353 1.74369 1.90133 1.82306 1.62124 1.56977 1.72246 1.84339 1.91231 1.94377 2.02269 2.08175 2.10207 2.12560
8.38929 8.26705 7.69115 7.30598 7.63988 7.12037 6.89597 6.80051 6.79988 6.80356 6.64808 6.41860 6.13699 5.77087 5.34914 4.96652 4.63737 4.46180 4.30556 4.25492 4.08741 4.08741 4.07468 4.15973 2.09708 2.09708 2.09910 2.11674 2.12472 2.11976 2.11002 2.08746 2.00392 1.84185 1.70514 1.57244 1.48785 1.50366 1.77792 1.66088 1.63928 1.61887 1.59845 1.57806 1.56899 1.56899 1.59939 1.53149 1.49466 1.49466 1.49466 1.53129 1.58353 1.62589 1.89594 1.87584 1.66128 1.74253 1.90363 2.20234 2.22390 2.19629 2.14718 2.19365 2.23169 2.26441
7.84478 7.75836 7.41457 6.77463 7.01051 6.84830 6.25921 5.88029 5.46365 5.07231 4.81009 4.62676 4.50807 4.50569 4.45829 4.43311 4.43311 4.43394 4.36666 4.28317 4.12493 4.08741 4.08712 4.03546 2.05468 2.05173 2.03287 1.92335 1.82035 1.72813 1.62940 1.53179 1.49504 1.49456 1.48729 1.40832 1.38116 1.36130 1.65373 1.60313 1.56899 1.56899 1.56899 1.56899 1.56899 1.56899 1.57556 1.60896 1.49423 1.47938 1.45754 1.44457 1.54374 1.58959 1.87782 2.01771 1.87338 1.85401 1.97523 2.28847 2.43285 2.45736 2.19060 2.19187 2.19187 2.19187
7.32060 7.15114 6.88936 5.32589 5.32364 5.27172 4.56106 4.50569 4.50569 4.50569 4.50569 4.50569 4.50598 4.50753 4.48412 4.43832 4.44001 4.44087 4.42463 4.28477 4.19026 4.04421 3.99561 3.89339 1.68041 1.58983 1.50548 1.49504 1.49504 1.49504 1.49504 1.49504 1.49504 1.49229 1.40282 1.35881 1.32623 1.32623 1.51012 1.64687 1.56899 1.56899 1.56899 1.56205 1.54065 1.51882 1.49700 1.55869 1.42310 1.46786 1.53463 1.60086 1.69336 1.71603 1.84493 2.06942 2.01077 1.80091 2.00466 2.19813 2.47294 2.47294 2.24150 2.21646 2.28099 2.36314
6.78005 6.78005 6.76688 5.64356 5.21498 5.14011 4.65239 4.50572 4.50685 4.50854 4.51023 4.51191 4.51083 4.48217 4.44058 4.35903 4.32952 4.29862 4.26678 4.07815 3.92027 3.63222 3.63222 3.62723 1.49504 1.49504 1.49504 1.49504 1.49504 1.49504 1.49504 1.49504 1.49504 1.49504 1.43215 1.38561 1.32702 1.32404 1.35146 1.64010 1.51088 1.48595 1.46382 1.44868 1.44401 1.42106 1.39378 1.48758 1.64531 1.71548 1.72304 1.73122 1.78369 1.85112 1.87570 2.21848 2.24033 1.99069 2.24419 2.46448 2.97872 3.14679 3.08274 2.93481 3.00146 3.04607
6.78005 6.78005 6.78005 6.15853 5.20799 5.17406 4.83055 4.41671 4.37774 4.33649 4.29360 4.24890 4.20563 4.19631 4.19631 4.19631 4.19631 4.19759 4.24980 4.26403 4.20535 4.08535 4.17255 4.28104 1.50359 1.50426 1.50493 1.50562 1.50631 1.50702 1.50773 1.50845 1.49802 1.45601 1.38096 1.25257 1.13670 1.05501 1.04112 1.44757 1.48234 1.43147 1.40194 1.36936 1.33764 1.31913 1.30012 1.44892 1.70996 1.83180 1.83446 1.85133 1.87889 1.94844 1.94223 2.23345 2.44188 2.74539 3.07680 3.29156 3.53852 3.69839 3.55203 3.11088 3.08108 3.08108
6.95920 7.01836 7.08273 7.02512 5.19375 5.13175 4.96642 4.27452 4.25797 4.26302 4.26815 4.27335 4.29475 4.38665 4.49484 4.61326 4.74386 4.88568 4.94567 4.95567 4.84109 4.72023 4.45955 4.35275 1.51235 1.51235 1.51191 1.48416 1.43752 1.38708 1.33234 1.27269 1.22549 1.22307 1.22292 1.14980 1.10712 1.01439 0.954386 1.14606 1.40601 1.31594 1.29659 1.27503 1.26136 1.29464 1.30539 1.34635 1.77759 1.89501 1.95942 1.95061 1.97610 2.04306 2.11820 2.35510 2.77639 2.86301 3.13530 3.38575 3.45510 3.70513 3.68132 3.14780 3.08108 3.08108
