results/OMI_NO2_200807.asc
ncols      200
nrows      200
xllcorner       120.258
yllcorner       41.1236
cellsize     0.0166667
NODATA_Value      -999.000
[rows 87 to 115 of 166, columns 67 to 133 of 200]
2.84317 2.65104 2.71918 2.70028 2.28233 2.23740 2.22860 1.96047 1.88853 1.88853 1.93406 1.94760 1.91207 1.88701 1.85290 1.84900 1.85163 1.85453 1.85790 1.87868 1.91335 1.92160 2.31054 2.47857 2.49911 2.54795 2.60683 2.66553 2.73556 2.77114 2.77114 2.66267 2.55407 2.55407 2.55407 2.55407 2.55407 2.55407 2.56700 2.55977 2.51241 2.16056 2.37359 2.43916 2.47331 2.55687 2.57035 2.58570 2.59627 2.60641 2.61719 2.62775 2.63272 2.63677 2.64088 2.64503 2.64921 2.65214 2.69210 2.64976 2.56742 2.33439 2.23892 1.86362 1.95551 2.09418 2.23290
2.90890 2.64269 2.68036 2.67891 2.39362 2.21744 2.21012 2.05249 1.88567 1.86241 1.86624 1.93217 1.93900 1.92409 1.92280 1.92427 1.92578 1.92730 1.92885 1.94568 1.99350 2.04934 2.37362 2.85428 2.82445 2.83322 2.84629 2.86142 2.87349 2.88894 2.89600 2.83762 2.65950 2.66506 2.67071 2.67643 2.68223 2.68811 2.69361 2.68795 2.73552 2.31533 2.47412 2.70150 2.71868 2.73919 2.74091 2.74091 2.74091 2.74091 2.74091 2.74091 2.74091 2.73203 2.69594 2.65404 2.60693 2.55984 2.52929 2.49637 2.48133 2.24862 2.28061 2.32150 2.35494 2.35494 2.35494
2.90776 2.77215 2.76988 2.77196 2.60410 2.17496 2.15035 2.12973 1.95750 1.96173 1.96405 1.96644 1.96887 1.97136 1.98242 2.03827 2.10886 2.19220 2.29194 2.36704 2.36853 2.36853 2.41764 3.16356 3.00372 2.98327 2.98406 2.99438 2.99469 2.99469 2.99469 2.98276 2.71734 2.65307 2.61013 2.59519 2.57939 2.55575 2.51673 2.46793 2.38405 2.33474 2.48471 2.76847 2.77836 2.74091 2.74091 2.74091 2.74091 2.73429 2.69975 2.65826 2.59945 2.52957 2.49383 2.45675 2.41884 2.46232 2.55410 2.63473 2.68604 2.45276 2.34137 2.33409 2.35494 2.35494 2.35494
2.91668 2.89242 2.82632 2.83380 2.78911 2.21647 2.17687 2.17687 2.01416 1.97572 2.02168 2.08952 2.16919 2.26427 2.35799 2.36853 2.36853 2.36853 2.36853 2.36853 2.36853 2.36853 2.36853 2.99646 3.04867 2.89709 2.83518 2.77777 2.73056 2.71195 2.69581 2.69814 2.24617 2.11850 2.10387 2.08907 2.08785 2.07410 2.05719 2.05896 2.28902 2.29348 2.29091 2.65777 2.76511 2.70716 2.66823 2.60847 2.52538 2.43415 2.37277 2.30434 2.25624 2.26792 2.33754 2.40823 2.47492 2.47620 2.45497 2.44502 2.43936 2.51237 2.63719 2.69870 2.95725 2.97421 2.99154
2.91437 2.91437 2.88227 2.83380 2.82104 2.44417 2.26673 2.33294 2.33217 2.34130 2.37297 2.37728 2.38163 2.38598 2.39029 2.39462 2.39893 2.40327 2.40762 2.41195 2.41625 2.42057 2.43200 2.52725 2.60497 2.59944 2.69392 2.85411 3.04147 3.18137 3.33988 3.36506 2.40390 1.58921 1.57236 1.55546 1.53982 1.53668 1.53668 1.53668 1.87203 2.09969 2.20344 2.40513 2.57009 2.32247 2.14163 2.09843 2.08224 2.07403 2.14472 2.23727 2.32968 2.38870 2.38972 2.38972 2.38972 2.38972 2.38972 2.38972 2.38972 2.47489 2.74163 2.74424 3.04088 3.07991 3.07991
2.96443 2.96801 3.05948 3.17281 3.27934 3.04237 2.57612 2.57901 2.56604 2.47593 2.48240 2.48240 2.48240 2.48240 2.48240 2.48240 2.48240 2.52741 2.62730 2.75012 2.90496 3.10651 3.34997 3.40216 3.40216 3.32173 3.40144 3.40216 3.40216 3.40216 3.40216 3.40216 2.81673 1.75259 1.97312 2.15417 2.30582 2.43450 2.54524 2.64146 2.72149 2.71228 2.71020 2.71020 2.71020 2.44779 2.10389 2.19634 2.28879 2.37357 2.38972 2.38972 2.38972 2.38972 2.38972 2.38972 2.38972 2.38972 2.38972 2.38972 2.38972 2.40229 2.73379 2.74163 2.92047 3.07991 3.07991
2.98244 2.95658 3.00738 3.23505 3.20273 3.05603 2.60261 2.58470 2.58466 2.49266 2.48240 2.49826 2.58426 2.69689 2.83743 3.01761 3.25742 3.40216 3.40216 3.40216 3.40216 3.40216 3.40216 3.40216 3.40216 3.40216 3.40216 3.50579 3.60708 3.63672 3.66230 3.68465 3.62344 2.77765 2.77510 2.77510 2.77510 2.77510 2.77510 2.77510 2.77510 2.73452 2.72290 2.80489 2.89740 2.92420 2.39334 2.38972 2.38972 2.38972 2.38972 2.38972 2.38972 2.38972 2.38972 2.38972 2.38972 2.38972 2.38972 2.38972 2.38972 2.38972 2.66594 2.74163 2.82307 3.07991 3.07991
2.79457 2.79457 2.80863 3.09406 3.09723 3.03591 2.70467 2.52406 2.48535 2.36727 3.04650 3.37819 3.40216 3.40216 3.40216 3.40216 3.40216 3.40216 3.40216 3.40216 3.40216 3.40216 3.40216 3.40216 3.40216 3.40216 3.40216 3.53342 3.70784 3.70784 3.70784 3.70784 3.70784 2.91849 2.77510 2.77510 2.77510 2.77510 2.77510 2.77510 2.77510 2.78946 3.02229 3.03920 3.03920 3.03920 2.53663 2.46884 2.53996 2.59453 2.40262 2.38972 2.38972 2.38972 2.38972 2.38972 2.38972 2.38972 2.38972 2.38972 2.38972 2.38972 2.58549 2.74163 2.75254 3.06516 3.07991
2.84686 2.83007 2.81008 2.97001 2.98209 2.92649 2.66999 2.37572 2.37135 2.31565 2.69888 3.40216 3.40216 3.40216 3.40216 3.40216 3.40216 3.40216 3.40216 3.40216 3.40216 3.40216 3.40216 3.40216 3.40216 3.40216 3.40216 3.41497 3.69799 3.70784 3.70784 3.70784 3.70784 3.13783 2.77510 2.77510 2.77510 2.77510 2.77510 2.77510 2.77510 2.77510 2.96818 3.08295 3.11219 3.13781 2.92332 2.67405 2.67405 2.67405 2.51624 2.38972 2.38972 2.38972 2.38972 2.38972 2.38972 2.38972 2.38972 2.38972 2.38972 2.38972 2.50515 2.73680 2.70674 2.86256 2.92634
2.81037 2.80654 2.80583 2.88567 2.95598 2.95922 2.77474 2.19968 2.14976 2.14726 2.31871 3.40216 3.40216 3.40216 3.40216 3.40216 3.40216 3.40216 3.40216 3.40216 3.40216 3.40216 3.40216 3.40216 3.40216 3.40216 3.40216 3.40216 3.64180 3.70784 3.70784 3.70784 3.70784 3.35742 2.77510 2.77510 2.81146 2.91947 3.04656 3.16307 3.25322 3.32515 3.38717 3.37159 3.16116 3.16116 3.07872 2.67405 2.67405 2.67405 2.62653 2.38972 2.38972 2.38972 2.38972 2.38972 2.38972 2.38972 2.38972 2.38957 2.36967 2.33598 2.34175 2.67817 2.73508 2.84088 2.89983
2.80096 2.80076 2.80076 2.85780 2.97644 2.97644 2.84382 2.37615 2.14726 2.14726 2.14990 3.10598 3.40216 3.40216 3.40216 3.40216 3.40216 3.40216 3.40216 3.40216 3.40216 3.40216 3.40216 3.40216 3.40216 3.40216 3.40216 3.40624 3.63028 3.81046 3.86165 3.90787 3.94984 3.88821 3.36782 3.42993 3.46711 3.47160 3.47296 3.47296 3.47296 3.47296 3.47296 3.47216 3.17384 3.16228 3.17044 2.76087 2.70201 2.71127 2.72054 2.53127 2.47645 2.49100 2.54749 2.62006 2.68557 2.72656 2.76537 2.80434 2.86327 2.93597 3.00417 3.25018 3.29019 3.27917 3.03906
2.80076 2.80076 2.80076 2.82443 2.97644 2.97644 2.88990 2.58454 2.14726 2.14726 2.14726 2.56556 3.40216 3.40216 3.40216 3.40216 3.40216 3.40469 3.40972 3.42808 3.55748 3.68602 3.79114 3.87859 3.95275 4.01658 3.98160 3.89096 3.79345 3.77207 3.93390 4.01785 3.98872 3.96445 3.69486 3.68315 3.69242 3.70172 3.71098 3.72025 3.72951 3.73878 3.74805 3.74977 3.54750 3.48729 3.53480 3.31371 3.14215 3.18734 3.23258 3.25127 3.25418 3.28902 3.27136 3.23762 3.21110 3.20907 3.20907 3.20907 3.20907 3.20907 3.20907 3.33491 3.43962 3.43962 3.28399
2.74367 2.73575 2.72773 2.72084 2.84725 2.84743 2.82474 2.77290 2.19903 2.19457 2.19709 2.31252 3.64144 3.76966 3.86635 3.94702 4.01539 4.07253 4.12072 4.15993 4.13061 3.98898 3.86082 3.75047 3.65451 3.57052 3.54199 3.54267 3.54033 3.60983 3.74212 3.97244 3.97244 3.97244 3.84075 3.77579 3.78062 3.82032 3.86690 3.91344 3.96001 4.00651 4.05309 4.09967 3.99158 3.85672 3.85672 3.74063 3.37860 3.37108 3.34643 3.31916 3.22629 3.20907 3.20907 3.20907 3.20907 3.20907 3.20907 3.20907 3.20907 3.20907 3.20907 3.28332 3.43962 3.43962 3.36237
2.62563 2.62563 2.62563 2.62527 2.69847 2.72793 2.72133 2.79577 2.79869 2.91926 3.00018 3.06610 3.81571 4.16709 4.16182 4.04819 3.91128 3.79404 3.69257 3.60379 3.54192 3.53767 3.53767 3.53767 3.53767 3.53767 3.54042 3.54267 3.52446 3.56630 3.73702 4.11080 4.17697 4.22347 4.18469 4.11993 4.16168 4.16851 4.16851 4.16851 4.16851 4.16851 4.16851 4.16851 4.12238 3.85706 3.83570 3.80434 3.34458 3.28922 3.28856 3.28856 3.25001 3.20907 3.20907 3.20907 3.20907 3.20907 3.20907 3.20907 3.20907 3.20907 3.20907 3.24009 3.43962 3.43962 3.41440
2.54764 2.57756 2.58570 2.57996 2.62378 2.68030 2.68030 2.74453 2.90735 3.09361 3.15929 3.22734 3.46907 3.63900 3.55909 3.53767 3.53767 3.53767 3.53767 3.53767 3.51567 3.46496 3.41772 3.37403 3.33329 3.29534 3.26086 3.23046 3.20969 3.32240 3.94030 4.19338 4.36517 4.36517 4.32607 4.16851 4.16851 4.16851 4.16851 4.16851 4.16851 4.16851 4.16851 4.16851 4.16851 3.86640 3.76667 3.76667 3.46767 3.28767 3.27161 3.25012 3.22392 3.20898 3.20907 3.20907 3.20907 3.20907 3.20907 3.20907 3.20907 3.20907 3.20907 3.21100 3.42255 3.43962 3.43925
2.32893 2.43781 2.52028 2.51359 2.57709 2.79189 2.86005 2.97098 3.12574 3.44112 3.44393 3.44393 3.42598 3.45793 3.41417 3.37070 3.33026 3.29247 3.25721 3.22411 3.20552 3.20538 3.20538 3.20538 3.20538 3.20538 3.20541 3.20882 3.20913 3.23838 3.78456 4.04564 4.36517 4.36517 4.36241 4.17844 4.16851 4.16851 4.16851 4.16851 4.16851 4.16851 4.16851 4.16851 4.16851 4.01636 3.73919 3.69355 3.50914 3.18442 3.19079 3.19598 3.19598 3.20476 3.20907 3.20907 3.20907 3.20907 3.20907 3.20907 3.20907 3.20907 3.20907 3.20907 3.35870 3.43962 3.45081
2.19819 2.30210 2.47381 2.52437 2.58489 3.09272 3.12962 3.18133 3.26748 3.49732 3.55911 3.57335 3.28881 3.18069 3.20538 3.20538 3.20538 3.20538 3.20538 3.20538 3.20538 3.20538 3.20538 3.20538 3.20538 3.20538 3.20538 3.20763 3.20913 3.21270 3.57266 3.95198 4.31418 4.36517 4.36517 4.22202 4.16851 4.16851 4.16851 4.16851 4.18867 4.18480 4.15845 4.13404 4.11145 4.04410 3.56669 3.55006 3.53373 3.18084 3.17918 3.19598 3.19598 3.19937 3.20907 3.20907 3.20907 3.20907 3.20907 3.20907 3.20907 3.20907 3.20907 3.26110 3.51776 3.89743 4.08106
2.48670 2.55426 2.77496 2.80722 2.83105 3.20752 3.28405 3.28611 3.34828 3.46431 3.58047 3.58047 3.43026 3.15465 3.20538 3.20538 3.20538 3.20538 3.20538 3.20538 3.20538 3.20538 3.20538 3.20538 3.20538 3.20538 3.20538 3.20646 3.20913 3.20913 3.34455 3.95055 4.18918 4.44725 4.48894 4.40002 4.29081 4.26705 4.23930 4.21358 4.17341 4.15381 4.15373 4.15373 4.15373 4.15369 3.68986 3.55006 3.55006 3.28262 3.17016 3.19570 3.19598 3.19613 3.20642 3.20476 3.20108 3.19898 3.21355 3.24647 3.37434 3.52011 3.66597 3.75976 3.89459 4.38521 4.41479
2.61130 2.61321 2.81888 2.83268 2.83268 3.09823 3.28405 3.28405 3.33429 3.39086 3.58047 3.58047 3.55813 3.14945 3.19818 3.20538 3.20538 3.20538 3.20538 3.20538 3.20538 3.20538 3.20538 3.19466 3.14971 3.09632 3.04193 2.98748 3.36348 3.44074 3.49395 4.08812 4.27186 4.37300 4.30283 4.22908 4.12641 4.11884 4.11662 4.11441 4.11219 4.10998 4.10776 4.10555 4.10333 4.10112 3.83824 3.50194 3.47884 3.27417 3.12758 3.15382 3.17445 3.18866 3.21002 3.24158 3.33159 3.47947 3.61073 3.72369 3.74159 3.74159 3.74159 3.74159 3.76999 4.41096 4.41885
2.60556 2.59557 2.73732 2.78972 2.77753 2.92609 3.18502 3.17004 3.21020 3.25873 3.44781 3.47241 3.46425 3.14339 3.04041 3.05170 2.99864 2.94420 2.88986 2.83537 2.78096 2.72654 2.67197 2.62925 2.63421 2.65209 2.67098 2.68986 3.19155 3.45220 3.45282 3.77831 4.07079 4.12675 4.13964 4.13725 4.08270 4.08155 4.08155 4.08155 4.07082 4.02424 3.97467 3.91609 3.78982 3.65854 3.41893 2.86741 2.82226 2.82757 3.20014 3.22932 3.27314 3.36044 3.46311 3.67860 3.74159 3.74159 3.74159 3.74159 3.74159 3.74159 3.74159 3.74159 3.74159 4.25709 4.41885
2.39035 2.39035 2.47447 2.56753 2.56753 2.63309 2.95262 2.95244 3.00200 3.13415 3.18450 3.16645 3.12016 2.90260 2.59401 2.61924 2.61781 2.61781 2.62531 2.64408 2.66294 2.68182 2.70069 2.71862 2.72303 2.72303 2.72303 2.72303 2.97715 3.45282 3.45282 3.57590 4.03833 4.02099 4.01009 3.96062 3.86528 3.80336 3.74882 3.63276 3.51690 3.44165 3.37425 3.31709 3.30723 3.30723 3.30211 2.78366 2.79757 2.84585 3.18239 3.42237 3.58305 3.59538 3.59538 3.68287 3.74159 3.74159 3.74159 3.74159 3.74159 3.74183 3.74563 3.75025 3.75442 4.02920 4.25169
2.38987 2.38931 2.43555 2.56494 2.56427 2.56992 2.93021 2.94620 2.95506 3.12651 3.09936 2.99291 2.99110 2.93585 2.50808 2.62676 2.69267 2.71155 2.72292 2.72303 2.72303 2.72303 2.72303 2.72358 2.74606 2.77997 2.81385 2.84776 2.92434 3.62799 3.67919 3.71129 3.65711 3.65453 3.65580 3.57563 3.47179 3.38049 3.32066 3.30723 3.30723 3.30723 3.30723 3.30723 3.30723 3.30723 3.30723 2.97248 2.86592 3.03018 3.15550 3.48708 3.55339 3.61032 3.63927 3.69242 3.74545 3.75008 3.75427 3.75805 3.76152 3.76455 3.76529 3.76529 3.76529 3.90720 4.22470
2.54915 2.55390 2.55907 2.56236 2.56236 2.56236 2.84083 2.93844 2.91492 3.03573 3.04946 2.90372 2.86747 2.86299 2.52915 2.54941 2.74838 2.78232 2.81620 2.85008 2.88402 2.91785 2.95176 2.98506 2.99650 2.99650 2.99650 2.99650 2.99625 3.47415 3.57798 3.46549 3.38195 3.31414 3.33947 3.35563 3.34034 3.30723 3.30723 3.30723 3.30723 3.30723 3.30723 3.30723 3.30723 3.30723 3.30723 3.14888 2.73975 3.00658 3.01441 3.38014 3.47998 3.75792 3.76138 3.76447 3.76529 3.76529 3.76529 3.76529 3.76529 3.76529 3.76529 3.76529 3.76529 3.81773 4.22407
2.65079 2.65275 2.64177 2.62490 2.60813 2.59123 2.70147 2.81670 2.80462 2.88262 2.94326 2.84096 2.76198 2.73962 2.68545 2.70592 2.98993 2.99650 2.99650 2.99650 2.99650 2.99650 2.99650 2.99650 2.97598 2.92349 2.87535 2.83149 2.79154 3.01408 3.35812 3.29343 3.29407 3.29726 3.31796 3.35563 3.35159 3.30737 3.30723 3.30723 3.30723 3.30723 3.30723 3.30706 3.28624 3.24054 3.19109 3.11448 2.38258 2.53677 2.71664 2.98508 3.22133 3.72271 3.76529 3.76529 3.76529 3.76529 3.76529 3.76529 3.76529 3.76407 3.71307 3.64132 3.57592 3.51642 3.73719
2.57946 2.54342 2.51965 2.50176 2.48388 2.46601 2.51321 2.65456 2.64384 2.69972 2.82718 2.79055 2.69059 2.69059 2.69066 2.69105 2.90156 2.99650 2.99650 2.98582 2.93573 2.88647 2.84165 2.80069 2.77630 2.77588 2.77588 2.77588 2.77588 2.83473 3.35615 3.32027 3.28761 3.30300 3.29923 3.35128 3.34744 3.29952 3.27538 3.22893 3.18089 3.13034 3.07552 3.01597 2.97917 2.97857 2.97857 2.97857 2.51325 2.30073 2.70182 2.82592 3.20257 3.53533 3.76529 3.76529 3.76285 3.70749 3.63630 3.57120 3.51169 3.45599 3.43225 3.49149 3.57699 3.66269 3.93521
2.42229 2.42167 2.42167 2.42167 2.42167 2.42167 2.44251 2.64384 2.64384 2.65660 2.82586 2.82460 2.69989 2.69059 2.68773 2.65616 2.70870 2.85201 2.81017 2.77871 2.77588 2.77588 2.77588 2.77588 2.77588 2.77588 2.77588 2.78215 2.79534 2.80861 3.22325 3.30991 3.24102 3.26543 3.27168 3.21678 3.12416 3.05560 3.00593 2.99853 2.99676 2.99866 3.00056 3.00246 3.00436 3.00627 3.00817 3.01008 2.77304 2.29914 2.58480 2.79364 3.12688 3.27523 3.59323 3.52359 3.46114 3.43756 3.42875 3.45297 3.53740 3.62467 3.71634 3.74285 3.74304 3.74304 3.85045
2.42167 2.42167 2.42167 2.42167 2.42167 2.42167 2.42278 2.62788 2.66880 2.68142 2.79852 2.75717 2.62351 2.54717 2.51941 2.51244 2.51672 2.73494 2.75113 2.75617 2.76748 2.77876 2.79004 2.80134 2.81264 2.82391 2.83521 2.84266 2.84601 2.84961 3.07079 3.34175 3.29835 3.29621 3.31835 3.21910 2.98533 3.00614 3.04051 3.04051 3.04051 3.04051 3.04051 3.04051 3.05697 3.09688 3.13811 3.21425 3.26185 2.78943 2.94782 3.31708 3.08372 2.96322 3.34694 3.41392 3.49129 3.58574 3.68027 3.74179 3.74304 3.74304 3.74304 3.74304 3.74304 3.74304 3.79538
2.58265 2.59271 2.60285 2.61285 2.62315 2.63314 2.64219 2.81820 2.92121 2.92121 2.82982 2.67971 2.56437 2.51400 2.52726 2.54054 2.55406 2.70933 2.82489 2.83116 2.83116 2.83194 2.83641 2.84168 2.84738 2.85355 2.86026 2.86402 2.86402 2.86402 2.94262 3.37240 3.33914 3.28344 3.32662 3.32693 3.04931 3.06758 3.15494 3.19501 3.23515 3.27557 3.34762 3.44062 3.51721 3.57028 3.62214 3.63894 3.63894 3.23183 3.08043 3.28378 3.24818 3.11247 3.42128 3.72587 3.74304 3.74304 3.74304 3.74304 3.74304 3.74304 3.74304 3.74304 3.74304 3.74650 3.76197
2.64356 2.64356 2.64356 2.64458 2.64850 2.65258 2.65667 2.77557 2.94779 2.95290 2.90497 2.78631 2.62388 2.58782 2.58643 2.58657 2.60271 2.67560 2.84505 2.85102 2.85751 2.86337 2.86402 2.86402 2.86402 2.86402 2.86402 2.86467 2.86972 2.87558 2.88144 3.31502 3.39818 3.32232 3.57478 3.74149 3.49597 3.35146 3.45439 3.51240 3.56537 3.61793 3.63894 3.63894 3.63894 3.63894 3.63894 3.63894 3.63894 3.41090 3.08043 3.20191 3.62619 3.36200 3.36653 3.74259 3.74304 3.74304 3.74304 3.74615 3.75426 3.76245 3.77065 3.77882 3.78701 3.79173 3.79175
