results/OMI_NO2_201102.asc
ncols      200
nrows      200
xllcorner       120.258
yllcorner       41.1236
cellsize     0.0166667
NODATA_Value      -999.000
[rows 29 to 57 of 200, columns 130 to 194 of 200]
0.636803 0.665526 0.670398 0.670398 0.670398 0.692358 0.602199 0.614359 0.627535 0.675677 0.710082 0.723944 0.724888 0.724888 0.740244 0.854820 0.856798 0.848008 0.907195 0.916902 0.916902 0.904406 0.879426 0.876408 0.874123 0.885765 0.905635 0.925464 0.941735 0.944853 0.954594 0.968877 0.933059 0.892851 0.874975 0.872870 0.721332 0.611307 0.560737 0.560737 1.14836 1.56650 1.50606 1.49502 1.55142 1.70549 1.70549 1.70549 1.70549 1.70549 1.70554 1.71096 1.71830 1.72800 1.79448 2.06030 2.09039 2.08941 2.08807 2.08672 2.08537 2.08022 2.06329 2.02894 1.95106
0.672004 0.684401 0.699620 0.715857 0.733255 0.776054 0.711882 0.669900 0.669900 0.683433 0.724888 0.724888 0.724888 0.724888 0.724888 0.807718 0.857607 0.853985 0.895351 0.929015 0.923213 0.929906 0.949060 0.946267 0.943265 0.946796 0.972343 1.00172 1.03106 1.05882 1.04858 0.851809 0.874975 0.874975 0.874975 0.874975 0.789263 0.663938 0.560737 0.560737 0.611634 1.43613 1.49490 1.49490 1.49523 1.66451 1.70549 1.71040 1.72015 1.72989 1.73960 1.74360 1.74276 1.74748 1.75381 1.98400 2.07966 2.06207 2.04366 1.98441 1.90717 1.83990 1.78868 1.75146 1.73179
0.757463 0.760131 0.760131 0.760131 0.760131 0.761159 0.775446 0.669900 0.669900 0.669999 0.715485 0.725403 0.746472 0.779823 0.817250 0.857771 0.869674 0.867183 0.893165 0.942255 0.943265 0.949521 0.977084 1.00645 1.03581 1.06163 1.06544 1.06544 1.06544 1.06544 1.06544 0.920542 0.874155 0.874975 0.874975 0.874975 0.850858 0.703543 0.577951 0.560737 0.560737 1.08002 1.49490 1.49833 1.50812 1.59090 1.73875 1.74360 1.74612 1.75214 1.75818 1.76498 1.76711 1.73239 1.72521 1.81479 1.86031 1.81632 1.76810 1.75103 1.74312 1.71277 1.67784 1.64468 1.62742
0.760131 0.760131 0.760131 0.760131 0.760131 0.760131 0.797444 0.729166 0.736194 0.768107 0.825068 0.871460 0.878164 0.872621 0.862967 0.862663 0.838148 0.839179 0.920094 0.997350 1.04057 1.06366 1.06544 1.06544 1.06544 1.06544 1.06544 1.06544 1.06544 1.06544 1.06544 1.02475 0.863366 0.887941 0.893794 0.899646 0.905462 0.782042 0.650614 0.563551 0.577345 0.652723 1.47528 1.53251 1.53687 1.54597 1.73349 1.76908 1.77508 1.77761 1.79971 1.85727 1.91765 1.89476 1.93907 1.93603 1.73789 1.72840 1.69350 1.65876 1.63174 1.62717 1.62717 1.62717 1.62717
0.760131 0.776057 0.807755 0.839402 0.871142 0.903146 0.938773 0.955141 0.875940 0.890242 0.893526 0.864319 0.862658 0.879431 0.914662 0.949878 0.977388 0.972890 1.00102 1.03951 1.06544 1.06544 1.06544 1.06544 1.06544 1.06572 1.07019 1.07605 1.08190 1.08776 1.09361 1.09797 0.931796 0.907571 0.907743 0.908529 0.916660 0.867152 0.749606 0.617333 0.626504 0.636236 1.16846 1.56196 1.56627 1.56937 1.69346 1.87561 1.93836 2.00683 2.05338 2.05416 2.05367 1.98984 1.89572 1.85382 1.69196 1.62348 1.62717 1.62717 1.62717 1.62717 1.62717 1.62717 1.62717
0.915971 0.932259 0.934506 0.949745 0.968382 0.986683 1.00001 1.03563 0.908322 0.917589 0.952820 0.968968 0.990812 1.00927 1.00927 1.00927 1.00927 0.982561 0.981139 1.02655 1.06427 1.07368 1.07954 1.08539 1.09125 1.09682 1.09821 1.09821 1.09821 1.09821 1.09821 1.09837 1.03135 0.916281 0.934383 0.945686 0.953779 0.952301 0.821287 0.703741 0.671213 0.675955 0.762804 1.62192 1.72026 1.77886 1.81154 2.03516 2.05416 2.05040 2.02247 1.98056 1.93915 1.89830 1.79923 1.79735 1.76737 1.60951 1.62717 1.62717 1.62717 1.62717 1.60814 1.57150 1.53485
0.964015 0.982124 0.998495 1.00188 1.00277 1.03046 1.07078 1.11948 1.11325 1.04173 1.04173 1.03602 1.00931 1.00927 1.00816 0.990867 0.969578 0.940732 0.899753 0.917246 1.01489 1.09821 1.09821 1.09821 1.09821 1.09821 1.09821 1.09821 1.10282 1.11276 1.12270 1.13412 1.13404 0.948787 0.954979 0.954085 0.949050 0.949705 0.901657 0.819211 0.734322 0.755653 0.759249 1.40288 1.80084 1.79997 1.78563 1.87472 1.95744 1.91928 1.90531 1.90531 1.90531 1.90531 1.83168 1.79735 1.79735 1.65002 1.61051 1.57487 1.53823 1.50155 1.48395 1.48395 1.48695
1.00089 1.03202 1.07234 1.11264 1.15208 1.16472 1.16472 1.16472 1.18444 1.03916 1.01306 0.991309 0.948882 0.923905 0.907715 0.903829 0.903829 0.903769 0.879793 0.890586 0.946099 1.09792 1.09821 1.09821 1.10098 1.11060 1.11830 1.12286 1.12327 1.11837 1.11347 1.10692 1.10434 0.993795 0.971919 1.00105 1.02714 1.04668 1.02088 0.924271 0.765152 0.759249 0.759249 0.862584 1.69107 1.68185 1.65429 1.67338 1.89629 1.90531 1.90531 1.90531 1.90531 1.90531 1.85952 1.73859 1.69466 1.59654 1.46984 1.48395 1.49353 1.51299 1.53408 1.55700 1.57815
1.14580 1.16472 1.16472 1.16450 1.14688 1.12004 1.09497 1.07154 1.06109 0.985409 0.930875 0.930875 0.921418 0.903829 0.903829 0.903829 0.903829 0.903829 0.893734 0.876026 0.916429 1.06111 1.10453 1.10894 1.11121 1.10662 1.10396 1.10443 1.10296 1.06400 1.00879 0.953583 0.898441 0.874990 0.999813 1.04738 1.04738 1.04738 1.04643 0.949476 0.828027 0.759249 0.759249 0.759249 1.32806 1.65198 1.65198 1.65198 1.80134 1.90531 1.89312 1.85064 1.80662 1.76264 1.73314 1.63754 1.60453 1.57986 1.44089 1.56852 1.58728 1.59524 1.62316 1.68360 1.74983
1.15232 1.16441 1.08039 1.04120 1.03337 1.03337 1.03337 1.03337 1.03339 1.04117 0.930935 0.930875 0.930202 0.906209 0.903829 0.920936 0.971696 1.03571 1.10441 1.13234 1.01800 0.991524 1.10382 1.10443 1.09997 1.05463 0.999447 0.944190 0.890498 0.874197 0.874197 0.874197 0.874197 0.874197 0.928491 1.04469 1.04738 1.04738 1.04738 0.994444 0.887932 0.759249 0.759249 0.759249 0.863731 1.62507 1.65041 1.64177 1.66214 1.76543 1.73488 1.72807 1.70517 1.68095 1.65619 1.58278 1.53704 1.54214 1.46366 1.65492 1.78026 1.84796 1.89152 1.89437 1.87885
1.15120 1.16030 1.09888 1.03337 1.03337 1.03337 1.03337 1.03337 1.03337 1.05169 1.00492 1.01960 1.07161 1.12207 1.17068 1.22526 1.24630 1.25418 1.25694 1.23327 1.12444 0.874286 0.982265 0.934822 0.884098 0.874197 0.874197 0.874197 0.874197 0.874197 0.874197 0.874197 0.874197 0.874197 0.879890 1.01091 1.01815 1.00232 0.986508 0.954387 0.824106 0.767174 0.758200 0.745562 0.729763 1.31353 1.61688 1.60468 1.58044 1.63497 1.64498 1.62109 1.61467 1.59818 1.54325 1.48912 1.41070 1.37151 1.36964 1.65017 1.88976 1.86384 1.83656 1.80676 1.79501
1.15120 1.15506 1.15106 1.03563 1.04430 1.09233 1.14349 1.19453 1.25305 1.32452 1.37042 1.31153 1.35026 1.35465 1.25834 1.25727 1.24212 1.18875 1.13350 1.07650 0.977515 0.734540 0.806970 0.874197 0.874197 0.874197 0.874197 0.874197 0.874197 0.868454 0.855311 0.842136 0.828947 0.815765 0.803385 0.873199 0.958309 0.959058 0.958946 0.952864 0.841983 0.756887 0.701048 0.668228 0.627500 0.712626 1.49197 1.49770 1.49263 1.49016 1.52673 1.47844 1.43403 1.40091 1.39822 1.39823 1.37558 1.35216 1.33401 1.41745 1.76468 1.79501 1.79501 1.79501 1.79501
1.19049 1.21737 1.36205 1.31963 1.32510 1.34662 1.38013 1.42278 1.45805 1.47986 1.50649 1.39336 1.34843 1.29340 1.15828 1.06894 1.02888 1.02704 1.02704 1.02704 0.999049 0.838201 0.737996 0.872438 0.860780 0.847612 0.834430 0.821248 0.808066 0.800625 0.800595 0.800595 0.800595 0.800595 0.800595 0.816483 0.934243 0.935891 0.922546 0.897021 0.815421 0.660029 0.513667 0.494385 0.485982 0.477699 1.09299 1.36023 1.32100 1.30044 1.37447 1.39822 1.39903 1.39554 1.37775 1.35955 1.32956 1.29808 1.29808 1.31949 1.62644 1.79501 1.79501 1.79501 1.79501
1.32557 1.34713 1.48622 1.56563 1.45218 1.47642 1.48562 1.48566 1.46952 1.43629 1.40471 1.26768 1.14131 1.14108 1.10800 1.02704 1.02704 1.02704 1.03413 1.05003 1.06235 0.997147 0.768571 0.799220 0.800595 0.800595 0.800595 0.800595 0.800595 0.800595 0.800595 0.798492 0.790871 0.782962 0.775412 0.786271 0.881570 0.852127 0.836923 0.839860 0.833853 0.613579 0.498931 0.461846 0.456479 0.455031 0.576933 1.28273 1.30044 1.30175 1.31739 1.36770 1.34875 1.33405 1.33366 1.33366 1.33336 1.30243 1.29808 1.29808 1.44668 1.79404 1.82122 1.84338 1.86556
1.45455 1.48423 1.52879 1.70300 1.48847 1.43505 1.40187 1.36866 1.35159 1.35159 1.35159 1.31506 1.15167 1.15472 1.16963 1.08728 1.08840 1.10433 1.11313 1.11316 1.11316 1.08116 0.859169 0.789862 0.800595 0.800595 0.800595 0.799535 0.792543 0.785548 0.791923 0.816508 0.849372 0.885166 0.923495 0.943074 0.933522 0.839184 0.802936 0.785472 0.771781 0.648474 0.526590 0.455031 0.455031 0.455031 0.455031 1.01323 1.25986 1.24036 1.23634 1.31759 1.33366 1.33366 1.33366 1.33366 1.33366 1.31887 1.31416 1.32895 1.39078 1.75592 1.88160 1.88160 1.88160
1.47949 1.43964 1.39980 1.51190 1.43735 1.35159 1.35159 1.35629 1.37178 1.38770 1.40361 1.41219 1.29706 1.22720 1.22720 1.17382 1.11316 1.11316 1.11316 1.11316 1.11316 1.10725 0.965238 0.781809 0.798760 0.802732 0.823186 0.848919 0.883328 0.920555 0.942599 0.943164 0.939698 0.932823 0.925945 0.919076 0.911922 0.819406 0.770253 0.770253 0.770253 0.722753 0.561236 0.459014 0.455031 0.455031 0.455031 0.584682 1.22400 1.23582 1.23582 1.27330 1.33366 1.33548 1.34837 1.36314 1.37793 1.38640 1.35648 1.37015 1.39444 1.64194 1.88165 1.88997 1.90429
1.34097 1.34084 1.32162 1.35861 1.43144 1.40975 1.42607 1.43729 1.43771 1.43771 1.43771 1.43771 1.38361 1.22942 1.22720 1.21763 1.11621 1.11316 1.10767 1.06964 1.06163 1.10808 1.00814 0.859928 0.907252 0.939755 0.943164 0.943073 0.938591 0.931719 0.924844 0.917972 0.914566 0.914566 0.914566 0.914566 0.914566 0.868811 0.777770 0.770253 0.770253 0.768765 0.594955 0.498487 0.455031 0.455031 0.455031 0.455031 1.00134 1.23748 1.26143 1.29493 1.37267 1.38950 1.39346 1.41299 1.43647 1.46004 1.46439 1.47278 1.48231 1.57354 1.90096 1.95422 1.95422
1.22795 1.20305 1.19305 1.19866 1.35284 1.41869 1.43771 1.43771 1.43771 1.43771 1.43771 1.43771 1.42494 1.26293 1.16609 1.12265 1.03169 1.04497 1.10883 1.21495 1.29375 1.30572 1.24683 0.917388 0.921071 0.930615 0.923740 0.916959 0.914566 0.914566 0.914566 0.914566 0.914566 0.914566 0.914566 0.914566 0.914566 0.903450 0.804429 0.764011 0.759704 0.755400 0.653410 0.519178 0.455031 0.455347 0.483555 0.529997 0.719014 1.33879 1.35930 1.38192 1.42345 1.47115 1.49980 1.51096 1.51730 1.51432 1.49785 1.46921 1.45662 1.46391 1.78854 1.92974 1.86588
1.19305 1.19305 1.19305 1.19305 1.29217 1.39045 1.43771 1.43555 1.40236 1.35894 1.31559 1.27205 1.23196 1.18480 1.11380 1.18024 1.24589 1.30585 1.30601 1.30520 1.29923 1.29236 1.28549 1.01299 0.890389 0.912843 0.914566 0.914566 0.914566 0.914566 0.914566 0.914566 0.913803 0.909178 0.904014 0.898846 0.893684 0.888516 0.828056 0.748667 0.746181 0.746181 0.733127 0.590574 0.573818 0.612696 0.649832 0.685071 0.725309 1.26020 1.47116 1.47923 1.48603 1.51128 1.50057 1.48796 1.47622 1.47374 1.47350 1.44798 1.41294 1.36632 1.46092 1.69726 1.70566
1.19305 1.19305 1.19476 1.20243 1.23101 1.22714 1.24987 1.21293 1.20222 1.23976 1.32472 1.41086 1.49353 1.50582 1.28699 1.23507 1.22976 1.27750 1.28438 1.27832 1.27742 1.27742 1.27742 1.19452 0.888003 0.904101 0.914520 0.911281 0.906116 0.900952 0.895787 0.890622 0.886219 0.885679 0.885679 0.885679 0.885679 0.885679 0.872073 0.809179 0.813908 0.846263 0.883175 0.781170 0.759170 0.792140 0.819254 0.830067 0.826676 0.953904 1.45436 1.44576 1.43606 1.45689 1.47374 1.47243 1.45384 1.40966 1.36309 1.31107 1.28541 1.28541 1.31862 1.61685 1.70566
1.22081 1.22899 1.23529 1.23527 1.23474 1.16862 1.27241 1.38926 1.47599 1.52457 1.52570 1.53093 1.55120 1.57244 1.38457 1.21279 1.21243 1.23649 1.27742 1.27742 1.27742 1.28312 1.31309 1.34579 1.08765 1.00048 0.887606 0.885679 0.885679 0.885679 0.885679 0.885679 0.885679 0.885679 0.889843 0.921863 0.959017 1.00607 1.08540 1.02554 0.928443 0.944385 0.943665 0.902691 0.829931 0.801977 0.783060 0.764134 0.754422 0.754422 1.26320 1.43541 1.42774 1.39674 1.38316 1.33849 1.31047 1.30804 1.30804 1.30559 1.28572 1.28541 1.28541 1.47232 1.69730
1.23442 1.24314 1.31399 1.40065 1.48738 1.50942 1.46699 1.53153 1.55202 1.57502 1.60022 1.62043 1.62147 1.62147 1.52347 1.23788 1.22633 1.25683 1.35481 1.39220 1.42487 1.45188 1.45461 1.45461 1.34545 1.06654 0.918159 0.885679 0.885679 0.885679 0.886931 0.913928 0.951013 0.995480 1.07102 1.12073 1.16531 1.19996 1.19186 1.14864 0.959103 0.901275 0.888677 0.872021 0.782443 0.760200 0.754422 0.754422 0.754422 0.754422 0.915267 1.31814 1.28063 1.26971 1.29463 1.30804 1.30804 1.30804 1.30804 1.30804 1.28963 1.25015 1.20914 1.22769 1.43038
1.46586 1.54320 1.55853 1.56538 1.58754 1.60433 1.52031 1.60431 1.62147 1.62147 1.62448 1.65186 1.68455 1.71726 1.72882 1.47657 1.36009 1.36009 1.41176 1.45461 1.45461 1.45461 1.45461 1.45461 1.45381 1.13969 0.986875 0.902343 0.924748 0.971161 1.05138 1.10611 1.15075 1.18801 1.19002 1.19802 1.22688 1.25971 1.29633 1.31078 1.01054 0.873449 0.873449 0.873449 0.815935 0.769446 0.754422 0.754422 0.754422 0.754422 0.754422 1.15215 1.26971 1.26971 1.27723 1.30799 1.30658 1.27660 1.23558 1.19460 1.14951 1.12521 1.12299 1.11865 1.32025
1.58842 1.61317 1.64029 1.66026 1.66087 1.68148 1.66663 1.69892 1.73097 1.76365 1.79334 1.79866 1.79866 1.79866 1.79866 1.64641 1.36890 1.36009 1.37479 1.45451 1.45461 1.45394 1.41443 1.38670 1.44045 1.38310 1.19595 1.09889 1.15437 1.18976 1.19002 1.20211 1.23223 1.26568 1.30299 1.33232 1.33358 1.33358 1.33358 1.33358 1.15249 0.896060 0.873449 0.873449 0.850732 0.776808 0.755171 0.754422 0.754422 0.754422 0.754422 0.901016 1.26941 1.27997 1.29710 1.23510 1.15887 1.14775 1.14379 1.13772 1.13137 1.10959 1.11447 1.12665 1.25015
1.69671 1.76645 1.83604 1.90571 1.97541 2.02436 1.99250 1.89148 1.80146 1.79866 1.79866 1.79866 1.79866 1.79866 1.79866 1.75452 1.44801 1.30528 1.25370 1.26030 1.31492 1.41535 1.57201 1.71690 1.78030 1.79949 1.43507 1.26607 1.23768 1.27175 1.30977 1.33347 1.33358 1.33358 1.33358 1.33358 1.33358 1.33358 1.33358 1.33358 1.27829 0.976351 0.890046 0.905013 0.919280 0.862773 0.797928 0.754422 0.754422 0.764456 0.789994 0.815726 1.22930 1.33390 1.32865 1.26935 1.13199 1.13354 1.13963 1.14890 1.19024 1.25576 1.32000 1.39128 1.44402
2.02619 2.02619 2.02619 2.02619 2.02619 2.02619 2.02534 1.91504 1.83259 1.79866 1.79866 1.76921 1.70735 1.64539 1.58993 1.60702 1.53735 1.51996 1.75089 1.87209 1.78874 1.80609 1.80815 1.85165 1.91639 1.98834 1.87957 1.49118 1.33358 1.33358 1.33358 1.33358 1.33358 1.33358 1.33358 1.33396 1.34904 1.37150 1.39394 1.41639 1.43664 1.19570 0.964558 0.956974 0.956974 0.923440 0.872105 0.810169 0.835901 0.848737 0.840000 0.830009 0.984427 1.34137 1.35704 1.37956 1.25561 1.27503 1.34126 1.41447 1.44552 1.44552 1.44039 1.37731 1.20807
2.02619 2.02619 2.02619 2.02619 2.02619 2.02205 1.96224 1.83268 1.69220 1.55793 1.54114 1.60725 1.74218 1.97191 2.20143 2.35845 2.31639 2.05679 2.03650 2.08066 1.94864 2.00138 2.08017 2.10367 2.10367 2.10367 2.11953 1.62595 1.35454 1.33358 1.34020 1.36205 1.38452 1.40696 1.42942 1.45148 1.45886 1.45886 1.45886 1.45886 1.45886 1.34273 1.04439 0.990460 1.00756 1.00850 0.943497 0.836145 0.808644 0.795329 0.787976 0.797604 0.859524 1.45282 1.62696 1.70977 1.62061 1.44552 1.44511 1.41972 1.29142 1.08272 0.790797 0.595578 0.590772
2.01382 1.94371 1.86621 1.78880 1.71134 1.65308 1.72430 1.81621 1.87764 2.00376 2.18308 2.32027 2.42116 2.42746 2.41667 2.34986 2.27768 2.27459 2.30137 2.31411 2.21113 2.10367 2.10367 2.10367 2.10301 2.08711 2.06488 1.86364 1.44113 1.44245 1.45826 1.45886 1.45886 1.45886 1.45886 1.45886 1.45886 1.45959 1.47783 1.50355 1.52777 1.50946 1.17734 0.978284 0.953292 0.930937 0.921981 0.888940 0.881746 0.962677 1.06078 1.14657 1.15104 1.39695 1.72566 1.72384 1.67240 1.22454 0.926276 0.648951 0.590772 0.590772 0.590772 0.590772 0.590772
1.62881 1.68443 1.78310 1.88177 1.98351 2.15390 2.30112 2.43840 2.52142 2.47660 2.41496 2.34719 2.27856 2.21578 2.16578 2.15952 2.15952 2.26565 2.33149 2.31010 2.26790 2.05690 2.03320 2.01095 1.98941 1.98309 1.98309 2.04529 1.48028 1.45885 1.45886 1.45886 1.45886 1.45886 1.47231 1.49801 1.51146 1.47271 1.41205 1.35041 1.29548 1.26161 1.19002 0.966627 0.969477 1.01908 1.11211 1.21589 1.15104 1.15104 1.15104 1.15104 1.15104 1.15205 1.44469 1.27423 1.15161 0.890627 0.590772 0.590772 0.590772 0.590772 0.590772 0.590882 0.599588
