results/OMI_NO2_201005.asc
ncols      200
nrows      200
xllcorner       120.258
yllcorner       41.1236
cellsize     0.0166667
NODATA_Value      -999.000
[rows 87 to 115 of 166, columns 67 to 133 of 200]
6.02465 6.40683 6.68887 6.68915 6.68943 6.68971 6.68997 6.69002 6.69002 6.69002 6.69002 6.69002 6.69002 6.69002 6.69002 6.69002 0.00000 0.00000 0.00000 0.00000 0.00000 0.00000 0.00000 0.00000 0.00000 0.00000 0.00000 0.00000 0.00000 0.00000 0.00000 0.00000 0.00000 0.00000 0.00000 0.00000 0.00000 0.00000 0.00000 0.00000 0.00000 0.00000 0.00000 0.00000 0.00000 0.00000 0.00000 0.00000 6.62875 6.62875 6.62875 6.62875 6.62875 6.62875 6.62875 6.62875 6.62875 6.62875 6.62875 6.62875 6.62875 6.62875 6.62875 6.62875 6.59189 6.33221 6.03520
6.02514 6.17341 6.69002 6.69002 6.69002 6.69002 6.69002 6.69002 6.69002 6.69002 6.69002 6.69002 6.69002 6.69002 6.69002 6.69002 0.00000 0.00000 0.00000 0.00000 0.00000 0.00000 0.00000 0.00000 0.00000 0.00000 0.00000 0.00000 0.00000 0.00000 0.00000 0.00000 0.00000 0.00000 0.00000 0.00000 0.00000 0.00000 0.00000 0.00000 0.00000 0.00000 0.00000 0.00000 0.00000 0.00000 0.00000 0.00000 0.00000 6.62875 6.62875 6.62875 6.62875 6.62875 6.62875 6.62875 6.62875 6.62875 6.62875 6.62875 6.60180 6.35391 6.05690 5.75977 5.49962 5.46218 5.46218
6.02533 6.04062 6.63095 6.69002 6.69002 6.69002 6.69002 6.69002 6.69002 6.69002 6.69002 6.69002 6.69002 6.69002 6.69002 6.69002 6.69002 0.00000 0.00000 0.00000 0.00000 0.00000 0.00000 0.00000 0.00000 0.00000 0.00000 0.00000 0.00000 0.00000 0.00000 0.00000 0.00000 0.00000 0.00000 0.00000 0.00000 0.00000 0.00000 0.00000 0.00000 0.00000 0.00000 0.00000 0.00000 0.00000 0.00000 0.00000 0.00000 6.62875 6.62875 6.62875 6.62875 6.62875 6.62875 6.62875 6.61043 6.37584 6.07871 5.78158 5.51141 5.46218 5.46218 5.46218 5.46218 5.46218 5.46218
6.02533 6.02533 6.33269 6.69002 6.69002 6.69002 6.69002 6.69002 6.69002 6.69002 6.69002 6.69002 6.69002 6.69002 6.69002 6.69002 6.69002 0.00000 0.00000 0.00000 0.00000 0.00000 0.00000 0.00000 0.00000 0.00000 0.00000 0.00000 0.00000 0.00000 0.00000 0.00000 0.00000 0.00000 0.00000 0.00000 0.00000 0.00000 0.00000 0.00000 0.00000 0.00000 0.00000 0.00000 0.00000 0.00000 0.00000 0.00000 0.00000 0.00000 6.62875 6.62875 6.61732 6.39753 6.10041 5.80340 5.52459 5.46218 5.46218 5.46218 5.46218 5.46218 5.46218 5.46218 5.46218 5.46218 5.46218
6.02533 6.02533 6.17914 6.69002 6.69002 6.69002 6.69002 6.69002 6.69002 6.69002 6.69002 6.69002 6.69002 6.69002 6.69002 6.69002 6.69002 0.00000 0.00000 0.00000 0.00000 0.00000 0.00000 0.00000 0.00000 0.00000 0.00000 0.00000 0.00000 0.00000 0.00000 0.00000 0.00000 0.00000 0.00000 0.00000 0.00000 0.00000 0.00000 0.00000 0.00000 0.00000 0.00000 0.00000 0.00000 0.00000 0.00000 0.00000 0.00000 0.00000 6.21637 5.82521 5.53940 5.46218 5.46218 5.46218 5.46218 5.46218 5.46218 5.46218 5.46218 5.46218 5.46218 5.46218 5.46218 5.46218 5.46218
7.04505 7.32740 7.54306 6.86094 6.69002 6.69002 6.69002 6.69002 6.69002 6.69002 6.69002 6.69002 6.69002 6.69002 6.72482 7.04289 7.42296 0.00000 0.00000 0.00000 0.00000 0.00000 0.00000 0.00000 0.00000 0.00000 0.00000 0.00000 0.00000 0.00000 0.00000 0.00000 0.00000 0.00000 0.00000 0.00000 0.00000 0.00000 0.00000 0.00000 0.00000 0.00000 0.00000 0.00000 0.00000 0.00000 0.00000 0.00000 0.00000 0.00000 5.46218 5.46218 5.46218 5.46218 5.46218 5.46218 5.46218 5.46218 5.46218 5.46218 5.46218 5.46218 5.46218 5.46218 5.46218 5.46218 5.46218
7.56315 7.56315 7.56315 7.24315 6.69002 6.69002 6.69002 6.69002 6.69002 6.69745 6.95517 7.33524 7.71512 8.09519 8.44045 8.50244 8.50244 0.00000 0.00000 0.00000 0.00000 0.00000 0.00000 0.00000 0.00000 0.00000 0.00000 0.00000 0.00000 0.00000 0.00000 0.00000 0.00000 0.00000 0.00000 0.00000 0.00000 0.00000 0.00000 0.00000 0.00000 0.00000 0.00000 0.00000 0.00000 0.00000 0.00000 0.00000 0.00000 0.00000 0.00000 5.46218 5.46218 5.46218 5.46218 5.46218 5.46218 5.46218 5.46218 5.46218 5.46218 5.46218 5.46218 5.46218 5.46218 5.46218 5.46218
7.56315 7.56315 7.56315 7.48104 6.69037 6.86727 7.24716 7.62722 8.00765 8.38010 8.50244 8.50244 8.50244 8.50244 8.50244 8.50244 8.50244 0.00000 0.00000 0.00000 0.00000 0.00000 0.00000 0.00000 0.00000 0.00000 0.00000 0.00000 0.00000 0.00000 0.00000 0.00000 0.00000 0.00000 0.00000 0.00000 0.00000 0.00000 0.00000 0.00000 0.00000 0.00000 0.00000 0.00000 0.00000 0.00000 0.00000 0.00000 0.00000 0.00000 0.00000 5.46218 5.46218 5.46218 5.46218 5.46218 5.46218 5.46218 5.46218 5.46218 5.46218 5.46218 5.46218 5.46218 5.46218 5.46218 5.46218
7.61444 7.79794 7.98789 8.17792 8.32173 8.50226 8.50244 8.50244 8.50244 8.50244 8.50244 8.50244 8.50244 8.50244 8.50244 8.50244 8.50244 0.00000 0.00000 0.00000 0.00000 0.00000 0.00000 0.00000 0.00000 0.00000 0.00000 0.00000 0.00000 0.00000 0.00000 0.00000 0.00000 0.00000 0.00000 0.00000 0.00000 0.00000 0.00000 0.00000 0.00000 0.00000 0.00000 0.00000 0.00000 0.00000 0.00000 0.00000 0.00000 0.00000 0.00000 0.00000 5.46218 5.46218 5.46218 5.46218 5.46218 5.46218 5.46218 5.46218 5.46218 5.46218 5.46218 5.48361 5.98960 6.85542 7.56340
8.46274 8.46936 8.46936 8.46936 8.47876 8.50244 8.50244 8.50244 8.50244 8.50244 8.50244 8.50244 8.50244 8.50244 8.50244 8.50244 8.50127 0.00000 0.00000 0.00000 0.00000 0.00000 0.00000 0.00000 0.00000 0.00000 0.00000 0.00000 0.00000 0.00000 0.00000 0.00000 0.00000 0.00000 0.00000 0.00000 0.00000 0.00000 0.00000 0.00000 0.00000 0.00000 0.00000 0.00000 0.00000 0.00000 0.00000 0.00000 0.00000 0.00000 0.00000 0.00000 5.46218 5.46218 5.46218 5.46218 5.46218 5.46218 5.46218 5.47290 5.93381 6.83936 7.56298 8.02774 8.13368 8.13017 8.13017
8.46936 8.46936 8.46936 8.46936 8.47097 8.50146 8.50244 8.50244 8.50244 8.50244 8.50244 8.45768 8.32642 8.22439 8.14545 8.08243 8.03140 0.00000 0.00000 0.00000 0.00000 0.00000 0.00000 0.00000 0.00000 0.00000 0.00000 0.00000 0.00000 0.00000 0.00000 0.00000 0.00000 0.00000 0.00000 0.00000 0.00000 0.00000 0.00000 0.00000 0.00000 0.00000 0.00000 0.00000 0.00000 0.00000 0.00000 0.00000 0.00000 0.00000 0.00000 0.00000 0.00000 5.46218 5.46218 5.46548 5.88269 6.58244 7.28247 7.97151 8.21062 8.17082 8.13017 7.93216 7.49289 7.12098 6.80371
8.46936 8.46936 8.46936 8.46936 8.46936 8.47961 8.37380 8.26020 8.17342 8.10497 8.04957 8.01538 8.01384 8.01384 8.01384 8.01384 8.01384 0.00000 0.00000 0.00000 0.00000 0.00000 0.00000 0.00000 0.00000 0.00000 0.00000 0.00000 0.00000 0.00000 0.00000 0.00000 0.00000 0.00000 0.00000 0.00000 0.00000 0.00000 0.00000 0.00000 0.00000 0.00000 0.00000 0.00000 0.00000 0.00000 0.00000 0.00000 0.00000 0.00000 0.00000 0.00000 0.00000 6.25678 7.23135 7.92753 8.21062 8.21062 7.74436 6.99454 6.44322 6.04344 6.45340 6.36017 6.35864 6.35864 6.35864
8.45166 8.39640 8.34003 8.28361 8.22715 8.12242 8.01384 8.01384 8.01384 8.01384 8.01384 8.01384 8.01384 8.01384 8.01384 8.01384 8.01384 0.00000 0.00000 0.00000 0.00000 0.00000 0.00000 0.00000 0.00000 0.00000 0.00000 0.00000 0.00000 0.00000 0.00000 0.00000 0.00000 0.00000 0.00000 0.00000 0.00000 0.00000 0.00000 0.00000 0.00000 0.00000 0.00000 0.00000 0.00000 0.00000 0.00000 0.00000 0.00000 0.00000 0.00000 0.00000 0.00000 8.21062 8.21062 7.05829 5.98540 5.65761 5.51309 5.51309 5.51309 5.51309 6.03636 6.35864 6.35864 6.35864 6.35864
8.16392 8.16269 8.16269 8.16269 8.16269 8.15699 8.02165 8.01384 8.01384 8.01384 8.01384 8.01384 8.01384 8.23417 8.71220 9.19069 9.66935 0.00000 0.00000 0.00000 0.00000 0.00000 0.00000 0.00000 0.00000 0.00000 0.00000 0.00000 0.00000 0.00000 0.00000 0.00000 0.00000 0.00000 0.00000 0.00000 0.00000 0.00000 0.00000 0.00000 0.00000 0.00000 0.00000 0.00000 0.00000 0.00000 0.00000 0.00000 0.00000 0.00000 0.00000 0.00000 0.00000 0.00000 8.21062 7.29614 5.51309 5.51309 5.51309 5.51309 5.51309 5.51309 5.66174 6.35338 6.35864 6.35864 6.35864
8.15968 8.16269 8.16269 8.16269 8.16269 8.16269 8.07000 8.01384 8.13824 8.59828 9.07676 9.55525 10.0337 10.2919 10.2924 10.2924 10.2924 0.00000 0.00000 0.00000 0.00000 0.00000 0.00000 0.00000 0.00000 0.00000 0.00000 0.00000 0.00000 0.00000 0.00000 0.00000 0.00000 0.00000 0.00000 0.00000 0.00000 2.49932 2.49932 2.49932 2.49932 0.00000 0.00000 0.00000 0.00000 0.00000 0.00000 0.00000 0.00000 0.00000 0.00000 0.00000 0.00000 0.00000 8.21062 8.20947 5.77322 5.51309 5.51309 5.51309 5.51309 5.51309 5.51309 6.17809 6.35864 6.35864 6.35864
7.66923 8.16269 8.16269 8.21851 8.63297 9.11146 9.55183 9.91982 10.2739 10.2924 10.2924 10.2924 10.2924 10.2924 10.2924 10.2924 10.2924 0.00000 0.00000 0.00000 0.00000 0.00000 0.00000 0.00000 0.00000 0.00000 0.00000 0.00000 0.00000 0.00000 0.00000 2.49932 2.49932 2.49932 2.49932 2.49932 2.49932 2.49932 2.49932 2.49932 2.49932 2.49932 0.00000 0.00000 0.00000 0.00000 0.00000 0.00000 0.00000 0.00000 0.00000 0.00000 0.00000 0.00000 0.00000 8.21062 6.55046 5.51309 5.51309 5.51309 5.51309 5.51309 5.51309 5.84989 6.35864 6.35864 6.35855
7.49460 9.47602 9.95451 10.3772 10.4412 10.4412 10.4400 10.3090 10.2924 10.2924 10.2924 10.2924 10.2924 10.2924 10.2924 10.2924 10.2924 0.00000 0.00000 0.00000 0.00000 0.00000 0.00000 0.00000 0.00000 0.00000 2.49932 2.49932 2.49932 2.49932 2.49932 2.49932 2.49932 2.49932 2.49932 2.49932 2.49932 2.49932 2.49932 2.49932 2.49932 2.49932 0.00000 0.00000 0.00000 0.00000 0.00000 0.00000 0.00000 0.00000 0.00000 0.00000 0.00000 0.00000 0.00000 8.21062 7.78119 5.54116 5.51309 5.51309 5.51309 5.51309 5.51309 5.51106 6.07737 5.87376 5.62988
7.74774 10.2864 10.4412 10.4412 10.4412 10.4412 10.4412 10.3620 10.2924 10.2924 10.2924 10.2924 10.2924 10.2924 10.3147 10.5412 10.8658 0.00000 0.00000 0.00000 0.00000 0.00000 0.00000 2.49932 2.49932 2.49932 2.49932 2.49932 2.49932 2.49932 2.49932 2.49932 2.49932 2.49932 2.49932 2.49932 2.49932 2.49932 2.49932 2.49932 2.49932 2.49932 0.00000 0.00000 0.00000 0.00000 0.00000 0.00000 0.00000 0.00000 0.00000 0.00000 0.00000 0.00000 0.00000 0.00000 8.21062 6.01719 5.51309 5.49688 5.45978 5.42259 5.38542 5.36715 5.31645 5.28245 5.31359
7.62616 9.30843 10.4412 10.4412 10.4412 10.4412 10.4412 10.4159 10.2924 10.4303 10.7303 11.0996 11.5648 12.1692 12.9014 13.0595 13.0595 0.00000 0.00000 0.00000 0.00000 0.00000 0.00000 2.49932 2.49932 2.49932 2.49932 2.49932 2.49932 2.49932 2.49932 2.49932 2.49932 2.49932 2.49932 2.49932 2.49932 2.49932 2.49932 2.49932 2.49932 2.49932 2.49932 0.00000 0.00000 0.00000 0.00000 0.00000 0.00000 0.00000 0.00000 0.00000 0.00000 0.00000 0.00000 0.00000 8.14454 6.81439 5.38821 5.36724 5.36715 5.43324 5.71312 6.07617 6.43722 6.22843 6.48981
7.62616 8.20876 10.4412 10.4718 10.7068 11.0314 11.4381 11.9631 12.6358 13.0595 13.0595 13.0595 13.0595 13.0595 13.0595 13.0595 13.0595 0.00000 0.00000 0.00000 0.00000 0.00000 0.00000 2.49932 2.49932 2.49932 2.49932 2.49932 2.49932 2.49932 2.49932 2.49932 2.49932 2.49932 2.49932 2.49932 2.49932 2.49932 2.49932 2.49932 2.49932 2.49932 2.49932 0.00000 0.00000 0.00000 0.00000 0.00000 0.00000 0.00000 0.00000 0.00000 0.00000 0.00000 0.00000 0.00000 7.91874 7.81090 6.16125 6.59737 7.24002 7.87974 7.91874 7.91874 7.91874 6.77008 6.51589
7.56915 7.53589 11.3725 12.9427 13.0595 13.0595 13.0595 13.0595 13.0595 13.0595 13.0595 13.0595 13.0595 13.0595 13.0595 13.0595 13.1925 0.00000 0.00000 0.00000 0.00000 0.00000 0.00000 0.00000 2.49932 2.49932 2.49932 2.49932 2.49932 2.49932 2.49932 2.49932 2.49932 2.49932 2.49932 2.49932 2.49932 2.49932 2.49932 2.49932 2.49932 2.49932 2.49932 0.00000 0.00000 0.00000 0.00000 0.00000 0.00000 0.00000 0.00000 0.00000 0.00000 0.00000 0.00000 0.00000 0.00000 7.91874 7.91874 7.91874 7.91874 7.91874 7.91874 7.91874 7.91874 7.28665 6.51589
7.42938 7.42938 9.82563 13.0595 13.0595 13.0595 13.0595 13.0595 13.0595 13.0595 13.0595 13.1230 13.5748 14.0920 14.6092 15.1266 15.5108 0.00000 0.00000 0.00000 0.00000 0.00000 0.00000 0.00000 2.49932 2.49932 2.49932 2.49932 2.49932 2.49932 2.49932 2.49932 2.49932 2.49932 2.49932 2.49932 2.49932 2.49932 2.49932 2.49932 2.50054 2.51441 2.53171 2.57197 0.00000 0.00000 0.00000 0.00000 0.00000 0.00000 0.00000 0.00000 0.00000 0.00000 0.00000 0.00000 0.00000 7.91874 7.91874 7.91874 7.91874 7.91874 7.91874 7.91874 7.91874 7.89096 6.60679
7.42938 7.42938 7.81163 12.8737 13.0595 13.0595 13.0788 13.4599 13.9771 14.4948 15.0122 15.4658 15.5315 15.5315 15.5315 15.5315 15.5315 0.00000 0.00000 0.00000 0.00000 0.00000 0.00000 0.00000 2.49932 2.49932 2.49932 2.49932 2.49932 2.49932 2.49932 2.49932 2.49932 2.49932 2.49932 2.50788 2.52507 2.54226 2.55944 2.57663 2.59259 2.59590 2.59590 2.59590 0.00000 0.00000 0.00000 0.00000 0.00000 0.00000 0.00000 0.00000 0.00000 0.00000 0.00000 0.00000 0.00000 0.00000 7.91874 7.91874 7.91874 7.91874 7.91874 7.91874 7.91874 7.91874 7.00177
7.42938 7.42938 7.44621 11.5514 14.3797 14.8970 15.3953 15.5315 15.5315 15.5315 15.5315 15.5315 15.5315 15.5315 15.5315 15.5315 15.5315 0.00000 0.00000 0.00000 0.00000 0.00000 0.00000 0.00000 0.00000 2.49932 2.49932 2.49932 2.49932 2.50259 2.51853 2.53570 2.55290 2.57009 2.58728 2.59590 2.59590 2.59590 2.59590 2.59590 2.59590 2.59590 2.59590 2.59590 2.59590 0.00000 0.00000 0.00000 0.00000 0.00000 0.00000 0.00000 0.00000 0.00000 0.00000 0.00000 0.00000 0.00000 7.91874 7.91874 7.91874 7.91874 7.91874 7.91874 7.91874 7.91874 7.63275
7.53418 7.56785 7.58472 9.60242 15.5315 15.5315 15.5315 15.5315 15.5315 15.5315 15.5315 15.5315 15.5315 15.5315 15.5315 15.5315 15.5315 0.00000 0.00000 0.00000 0.00000 0.00000 0.00000 2.02285 2.02285 2.31603 2.54636 2.56355 2.58074 2.59465 2.59590 2.59590 2.59590 2.59590 2.59590 2.59590 2.59590 2.59590 2.59590 2.59590 2.59590 2.59590 2.59590 2.59590 2.59590 0.00000 0.00000 0.00000 0.00000 0.00000 0.00000 0.00000 0.00000 0.00000 0.00000 0.00000 0.00000 0.00000 0.00000 7.91874 7.91874 7.91874 7.87528 7.59482 7.26662 6.92084 6.69940
7.58472 7.58472 7.58472 7.62048 14.4142 15.5315 15.5315 15.5315 15.5315 15.5315 15.5315 15.5315 15.5315 15.5315 15.5315 15.5315 15.5315 0.00000 2.02285 2.02285 2.02285 2.02285 2.02285 2.02285 2.02285 2.03907 2.55808 2.59590 2.59590 2.59590 2.59590 2.59590 2.59590 2.59590 2.59590 2.59590 2.59590 2.59590 2.59590 2.59590 2.59590 2.59590 2.59590 2.59590 2.59590 0.00000 0.00000 0.00000 0.00000 0.00000 0.00000 0.00000 0.00000 0.00000 0.00000 0.00000 0.00000 0.00000 6.69704 7.13426 7.23422 6.92152 6.70265 6.69704 6.69704 6.69704 6.69704
7.58472 7.58472 7.58472 7.58472 11.3491 15.5315 15.5315 15.5315 15.5315 15.5315 15.5315 15.5315 15.5315 15.5315 15.5315 15.5315 15.5315 2.02285 2.02285 2.02285 2.02285 2.02285 2.02285 2.02285 2.02285 2.02285 2.36703 2.59590 2.59590 2.59590 2.59590 2.59590 2.59590 2.59590 2.59590 2.59590 2.59590 2.59590 2.59590 2.59590 2.59590 2.59590 2.59590 2.59590 2.59590 2.59590 0.00000 0.00000 0.00000 0.00000 0.00000 0.00000 0.00000 6.69704 6.69704 6.69704 6.69704 6.69704 6.69704 6.69704 6.69704 6.69704 6.69704 6.69704 6.69704 6.69704 6.69704
7.58472 7.58472 7.58472 7.58472 8.37543 15.4052 15.5315 15.5315 15.5315 15.5315 15.5315 15.5315 15.5315 15.5315 15.5315 15.5315 15.5315 2.02285 2.02285 2.02285 2.02285 2.02285 2.02285 2.02285 2.02285 2.02285 2.15958 2.59590 2.59590 2.59590 2.59590 2.59590 2.59590 2.59590 2.59590 2.59590 2.59590 2.59590 2.59590 2.59590 2.59590 2.59590 2.59590 2.59590 2.59590 2.59590 0.00000 0.00000 0.00000 6.69704 6.69704 6.69704 6.69704 6.69704 6.69704 6.69704 6.69704 6.69704 6.69704 6.69704 6.69704 6.69704 6.69704 6.69704 6.69704 6.69704 6.69704
7.58472 7.58472 7.58472 7.58472 7.58472 13.0950 15.5315 15.5315 15.5315 15.5315 15.5315 15.5315 15.5315 15.5315 15.5315 15.5315 15.5315 2.02285 2.02285 2.02285 2.02285 2.02285 2.02285 2.02285 2.02285 2.02285 2.02554 2.52262 2.59590 2.59590 2.59590 2.59590 2.59590 2.59590 2.59590 2.59590 2.59590 2.59590 2.59590 2.59590 2.59590 2.59590 2.59590 2.59624 2.63208 2.96431 6.69704 6.69704 6.69704 6.69704 6.69704 6.69704 6.69704 6.69704 6.69704 6.69704 6.69704 6.69704 6.69704 6.69704 6.69704 6.69704 6.69704 6.69704 6.69704 6.69704 6.69704
