results/OMI_NO2_201106.asc
ncols      200
nrows      200
xllcorner       120.258
yllcorner       41.1236
cellsize     0.0166667
NODATA_Value      -999.000
[rows 29 to 57 of 165, columns 67 to 133 of 200]
          ?*                  8*                  8*                   ?*                   3*                   2*                 =*                    ?*                >*                    9*                 <*                  :*                 2*            9*   *     2    *     <    *    <     *     ?      *    3      *     
:      *        >      :*                3*               3*                   ;*               ?*                  ?*                  9*                  3*                    2*                 ;*            ;*            =*                  <*                 8*                 :*                =*                3*                  8*     
<*                   >*    *        3     *        <       *    =     *       ;     *    3       *        ;      *     >      *        8      :*                 ;*                   8*                ;*            ;*                  ?*                ?*                   8*                   <*                3*            3*            <*              
   =*                 =*                  =*                  ?*                =*                2*                 2*                    8*                   :*                ;*                  9*      *         3      *        3     *    3     *     <     *         3     *     
2.04277 2.05471 2.08362 2.11102 2.11754 2.07668 1.97802 1.85311 1.65898 1.51518 1.43806 1.37031 1.34222 1.34222 1.48141 1.65857 1.78756 1.60815 1.54086 1.54086 1.54086 1.54086 1.54086 1.52488 1.14887 1.11038 1.11038 1.11038 1.11038 1.11038 1.11038 1.11038 1.11038 1.11038 1.11038 1.14222 1.22159 1.25614 1.11316 1.31567 1.58319 1.64061 1.64868 1.65001 1.71878 1.83738 1.97563 2.13886 2.32766 2.37348 2.49295 2.72880 2.77245 2.77362 2.77455 2.77462 2.77462 2.77462 2.60030 2.16086 2.14572 2.14572 2.14572 2.19711 2.49757 2.49980 2.49980
2.11754 2.07247 1.96886 1.78706 1.59867 1.46709 1.39578 1.34575 1.34222 1.34222 1.34222 1.34222 1.34222 1.34222 1.35967 1.64127 1.70343 1.74062 1.54086 1.54086 1.54086 1.54086 1.56028 1.61335 1.42571 1.11038 1.11038 1.11038 1.11038 1.11038 1.12752 1.20261 1.28238 1.34599 1.38708 1.39617 1.35773 1.32937 1.12564 1.23741 1.72971 1.96241 2.12307 2.31276 2.38854 2.38854 2.38854 2.38854 2.38854 2.38854 2.49737 2.77432 2.77462 2.77462 2.77462 2.77462 2.77462 2.77462 2.77350 2.24849 2.14689 2.14572 2.14572 2.14572 2.39850 2.49980 2.48250
1.54287 1.42260 1.35868 1.34222 1.34222 1.34222 1.34222 1.34222 1.34222 1.34222 1.34222 1.34222 1.34222 1.34222 1.34222 1.51967 1.65861 1.81188 1.57009 1.59592 1.64966 1.70345 1.73788 1.73849 1.69763 1.14720 1.18363 1.26342 1.34305 1.40005 1.42387 1.38969 1.35083 1.32816 1.33555 1.35845 1.38545 1.41740 1.44850 1.62262 2.14412 2.38868 2.38854 2.38854 2.38854 2.38854 2.38854 2.38854 2.38854 2.38854 2.38854 2.69532 2.77462 2.77462 2.77462 2.77462 2.77462 2.77462 2.77462 2.46830 2.15564 2.14572 2.11928 2.13611 2.28890 2.51467 2.57161
1.34222 1.34222 1.34222 1.34222 1.34222 1.34222 1.34222 1.34222 1.34222 1.34222 1.34222 1.34222 1.34222 1.34222 1.34327 1.42172 1.74645 1.88488 1.87481 1.73849 1.73946 1.77918 1.83902 1.89886 1.95766 1.71214 1.42165 1.38279 1.34410 1.33183 1.35257 1.37856 1.40920 1.44587 1.47336 1.52066 1.73771 1.93127 2.09099 2.23027 2.42382 2.47733 2.38854 2.38854 2.38854 2.38854 2.38854 2.38854 2.38854 2.38854 2.38854 2.51037 2.77460 2.77462 2.77462 2.77462 2.77462 2.77076 2.69723 2.54023 2.02192 2.39524 2.49305 2.54781 2.54927 2.72461 2.75360
1.34222 1.34222 1.34222 1.34222 1.34222 1.34222 1.34222 1.34222 1.34222 1.34222 1.34222 1.36272 1.41609 1.46987 1.52256 1.53985 1.76602 1.90419 2.07428 1.94514 2.00045 1.99590 1.96676 1.93762 1.91263 1.88252 1.38378 1.40134 1.43639 1.47039 1.47389 1.55147 1.77457 1.96152 2.11622 2.22518 2.23546 2.23546 2.23546 2.23546 2.35496 2.48914 2.38854 2.38854 2.38854 2.38854 2.38854 2.38854 2.38854 2.38854 2.38854 2.38854 2.70424 2.74302 2.64142 2.53566 2.42989 2.32796 2.29574 2.29574 1.95613 2.41182 2.61111 2.73137 2.86614 3.15297 3.51540
1.34222 1.34222 1.34222 1.34222 1.34222 1.34222 1.34222 1.35033 1.39853 1.45240 1.50615 1.54239 1.56730 1.59619 1.62505 1.65390 1.75564 1.95629 2.04464 1.97745 1.93584 1.98263 2.04029 2.10541 2.17430 2.19020 1.79074 1.58909 1.81027 1.99079 2.14070 2.23215 2.23546 2.23546 2.23546 2.23546 2.23546 2.23546 2.23546 2.23546 2.28189 2.45016 2.44516 2.38854 2.38854 2.38854 2.38854 2.38854 2.36732 2.26362 2.10503 1.94639 1.99275 2.29993 2.29574 2.29574 2.29574 2.29574 2.29574 2.29574 2.24163 2.65462 3.32873 3.36723 3.40412 3.43118 3.67630
1.34222 1.34222 1.34222 1.34355 1.38112 1.43487 1.48872 1.55039 1.58471 1.61356 1.64244 1.66835 1.68309 1.72906 1.77806 1.82805 1.87123 1.87533 1.93211 2.30740 2.19020 2.19020 2.19109 2.26389 2.36957 2.46129 2.48541 2.23618 2.23546 2.23546 2.23546 2.23546 2.23546 2.23546 2.23546 2.23546 2.23546 2.23546 2.23546 2.23546 2.23611 2.38938 2.48926 2.37118 2.31248 2.17994 2.02132 1.86273 1.72526 1.67026 1.67021 1.67021 1.67059 2.19567 2.29574 2.29574 2.29574 2.29893 2.33068 2.36917 2.40765 2.49169 3.37492 3.41392 3.41392 3.41392 3.57737
1.36392 1.41742 1.47740 1.55707 1.60213 1.63095 1.65979 1.67267 1.68455 1.73134 1.78059 1.83217 1.87399 1.88020 1.88343 1.88569 1.88577 1.88444 1.88698 2.33544 2.40648 2.47618 2.55424 2.58230 2.58230 2.58230 2.58230 2.35219 2.23546 2.23546 2.23546 2.23546 2.23546 2.23546 2.23546 2.23546 2.23546 2.23546 2.23983 2.26182 2.29610 2.38819 2.42791 1.82861 1.69635 1.67021 1.67021 1.67021 1.67021 1.67021 1.67021 1.67021 1.67021 1.90958 2.31380 2.35226 2.39074 2.42604 2.43277 2.43277 2.43277 2.43277 3.04442 3.41392 3.41392 3.41392 3.46159
1.61924 1.64836 1.67098 1.67267 1.68623 1.73356 1.78418 1.83641 1.87674 1.88218 1.88517 1.88577 1.88577 1.88577 1.88577 1.88577 1.88577 1.88568 2.16717 2.40538 2.66588 2.58230 2.58230 2.58230 2.58230 2.56787 2.49531 2.35486 2.23546 2.23546 2.23546 2.23546 2.23546 2.23709 2.25619 2.28001 2.32223 2.41898 2.51483 2.59315 2.65914 2.65895 2.55628 2.05962 1.67021 1.67021 1.67021 1.67021 1.67021 1.67021 1.67021 1.67021 1.67021 1.67293 2.32714 2.43277 2.43277 2.43277 2.43277 2.43277 2.43277 2.43277 2.65493 3.41392 3.41392 3.41392 3.41392
1.68791 1.73645 1.78844 1.84066 1.87933 1.88420 1.88577 1.88577 1.88577 1.88577 1.88577 1.88577 1.88577 1.88577 1.88577 1.88577 1.88577 1.88577 2.02738 2.26748 2.68168 2.58125 2.52186 2.43630 2.33660 2.24382 2.23546 2.23546 2.23567 2.25056 2.27438 2.29821 2.35058 2.44856 2.52971 2.60621 2.66424 2.64786 2.54190 2.43843 2.34697 2.43217 2.59229 2.32757 1.67021 1.67021 1.67021 1.67021 1.67021 1.67021 1.67021 1.67021 1.67021 1.67021 1.99050 2.43277 2.43277 2.43277 2.43277 2.43277 2.43277 2.43277 2.43375 3.24526 3.41392 3.42016 3.38636
1.88182 1.88553 1.88577 1.88577 1.88577 1.88577 1.88577 1.88577 1.88577 1.88577 1.88577 1.88577 1.88577 1.88577 1.88577 1.88577 1.88577 1.88577 1.83404 2.09452 2.29171 2.33386 2.23546 2.23546 2.24506 2.26877 2.29259 2.31644 2.38089 2.46629 2.54275 2.61922 2.66032 2.56828 2.46176 2.36759 2.28386 2.22025 2.20797 2.13121 2.02172 1.92722 2.13523 1.94441 1.69876 1.67021 1.67021 1.67021 1.67021 1.67021 1.67021 1.67021 1.67021 1.67021 1.67842 2.34429 2.43277 2.43277 2.43277 2.43277 2.43284 2.45859 2.52780 2.80184 2.80849 2.61746 2.46660
1.88577 1.88577 1.88577 1.88577 1.88577 1.88577 1.88577 1.88577 1.88577 1.88577 1.88577 1.88577 1.88577 1.88577 1.86012 1.73774 1.58737 1.41100 1.30675 1.61607 1.89450 2.25465 2.31079 2.33620 2.40274 2.47930 2.55576 2.63166 2.59556 2.48568 2.38882 2.30280 2.22978 2.21343 2.20074 2.11275 2.00068 1.87235 1.73308 1.69838 1.69838 1.69838 1.94323 1.97787 1.81324 1.67021 1.67021 1.67021 1.67021 1.67021 1.67021 1.67021 1.67021 1.67021 1.67021 2.01918 2.44515 2.50940 2.58056 2.65155 2.72253 2.76789 2.76966 2.74794 2.46890 2.45886 2.45886
1.88464 1.88577 1.88577 1.88577 1.88577 1.88577 1.88577 1.88577 1.88577 1.88577 1.87940 1.78223 1.63903 1.47200 1.31755 1.24348 1.15177 1.05998 0.968185 0.954625 1.62578 2.01962 2.52769 2.59888 2.51038 2.41062 2.32221 2.24360 2.21343 2.21343 2.19042 2.09386 1.97912 1.84751 1.71696 1.69838 1.69838 1.69838 1.69838 1.69838 1.69838 1.69838 1.78259 2.04669 1.92576 1.67805 1.67021 1.67021 1.67021 1.67021 1.67021 1.68255 1.75885 1.86428 1.97081 2.09096 2.70564 2.76966 2.76966 2.76966 2.72940 2.59350 2.46902 2.52017 2.56420 2.42722 2.39923
1.87069 1.88577 1.88577 1.88577 1.88577 1.88577 1.88577 1.82458 1.68814 1.52967 1.32482 1.18787 1.09607 1.00440 0.914216 0.885597 0.899894 0.917220 0.940974 1.00419 1.74355 2.14484 2.13336 2.21418 2.21343 2.21343 2.17694 2.07454 1.95702 1.82200 1.70577 1.69838 1.69838 1.69838 1.69838 1.69838 1.69838 1.69838 1.69838 1.69838 1.69838 1.69838 1.70010 2.02945 1.95591 1.77393 1.67938 1.74465 1.83669 1.94319 2.04984 2.14408 2.17432 2.17554 2.17554 2.14035 2.29261 2.47859 2.36663 2.26677 2.19916 2.18181 2.16082 2.18021 2.58157 2.35923 2.35923
1.85471 1.88577 1.88577 1.85860 1.73498 1.57769 1.32796 1.13221 1.04045 0.948744 0.886026 0.885913 0.900693 0.918432 0.966815 1.04130 1.11315 1.19495 1.28003 1.29261 1.57586 2.34952 1.97428 2.04844 1.93442 1.79573 1.69961 1.69838 1.69838 1.69838 1.69838 1.69838 1.69838 1.69838 1.69838 1.69838 1.69838 1.69838 1.69838 1.69838 1.69838 1.69863 1.70246 1.86318 2.09333 2.07952 2.11963 2.16094 2.17554 2.17554 2.14862 2.00984 1.88086 1.77204 1.67883 1.61394 1.62799 2.13930 2.17005 2.14906 2.12845 2.12159 2.12159 2.12159 2.45846 2.40557 2.35923
1.75994 1.58938 1.33958 1.08875 0.984878 0.900480 0.884125 0.886312 0.901500 0.931989 1.00133 1.08231 1.16163 1.25286 1.29261 1.29261 1.29261 1.29261 1.29261 1.29261 1.29617 1.69492 1.49942 1.59177 1.69838 1.69838 1.69838 1.69838 1.69838 1.69838 1.69838 1.69838 1.69838 1.69838 1.69838 1.69838 1.69839 1.70126 1.70621 1.70606 1.66947 1.62552 1.57799 1.55204 1.87936 1.99605 1.98804 1.89068 1.78034 1.68589 1.61649 1.60912 1.60912 1.60912 1.60912 1.60912 1.60912 1.86600 2.12159 2.12159 2.12159 2.12159 2.12159 2.12159 2.24843 2.52706 2.35923
1.10594 0.949768 0.884125 0.886719 0.905256 0.962206 1.03938 1.12786 1.21603 1.28912 1.29261 1.29261 1.29261 1.29261 1.29261 1.29261 1.29261 1.29261 1.29261 1.29261 1.29261 1.45343 1.61993 1.46993 1.69838 1.69838 1.69838 1.69838 1.69838 1.69838 1.69838 1.69838 1.70011 1.70501 1.70996 1.70522 1.66482 1.61826 1.56962 1.52608 1.51939 1.52731 1.53793 1.54855 1.50267 1.49245 1.53864 1.60912 1.60912 1.60912 1.60912 1.60912 1.60912 1.60912 1.60912 1.60912 1.60912 1.63416 2.08664 2.12159 2.12159 2.12159 2.12159 2.12159 2.12575 2.56040 2.36603
1.30785 1.14699 1.08920 1.17878 1.27066 1.29261 1.29261 1.29261 1.29261 1.29261 1.29261 1.29261 1.29261 1.29261 1.29261 1.29261 1.29261 1.29261 1.29261 1.29261 1.29261 1.31339 1.63949 1.45573 1.64896 1.69838 1.69838 1.69925 1.70380 1.70875 1.71372 1.70296 1.65848 1.60988 1.56122 1.52228 1.52482 1.53544 1.54606 1.55668 1.56686 1.56956 1.56956 1.56956 1.52329 1.44075 1.50358 1.59818 1.60912 1.60912 1.60912 1.60912 1.60912 1.60912 1.60912 1.60912 1.60912 1.60912 1.88534 2.12159 2.12159 2.12159 2.12159 2.12159 2.13016 2.36942 2.56939
1.80863 1.56695 1.36223 1.29261 1.29261 1.29261 1.29261 1.29261 1.29261 1.29261 1.29261 1.29261 1.29261 1.29261 1.29261 1.29261 1.29261 1.29261 1.29261 1.29261 1.29261 1.29261 1.50999 1.70787 1.68081 1.71251 1.71747 1.69839 1.65014 1.60150 1.55284 1.52344 1.53295 1.54357 1.55419 1.56480 1.56956 1.56956 1.56956 1.56956 1.56956 1.56956 1.56956 1.56956 1.56878 1.42676 1.49768 1.55439 1.60912 1.60912 1.60912 1.60912 1.60912 1.60912 1.60912 1.60912 1.60912 1.60912 1.64490 2.09349 2.11500 2.11467 2.11432 2.11397 2.10506 2.14753 2.65179
1.83281 1.69938 1.44196 1.29297 1.29261 1.29261 1.29261 1.29261 1.29261 1.29261 1.29261 1.29261 1.29261 1.29261 1.29261 1.29261 1.29261 1.29261 1.37568 1.58155 1.78819 1.99482 2.24548 2.55806 1.97926 1.60432 1.54626 1.53046 1.54108 1.55170 1.56235 1.56939 1.56956 1.56956 1.56956 1.56956 1.56956 1.56956 1.56956 1.56956 1.56956 1.56956 1.56956 1.56956 1.56956 1.48858 1.46203 1.51117 1.60635 1.60912 1.60912 1.60912 1.60912 1.60912 1.60731 1.57985 1.57380 1.57335 1.57286 1.87469 2.10028 2.10028 2.10028 2.10047 2.10192 2.10361 2.26700
1.83281 1.80027 1.53746 1.33347 1.29261 1.29261 1.29261 1.29261 1.29261 1.29261 1.29261 1.29261 1.29261 1.31900 1.50029 1.70702 1.91385 2.12057 2.24418 2.24331 2.24048 2.23019 2.07479 1.93876 1.81228 1.67383 1.56865 1.56956 1.56956 1.56956 1.56956 1.56956 1.56956 1.56956 1.56956 1.56956 1.56956 1.56956 1.56956 1.56956 1.56956 1.56956 1.56956 1.56956 1.56956 1.55453 1.42329 1.50136 1.57015 1.60813 1.57799 1.54842 1.54727 1.54678 1.54811 1.57512 1.58071 1.58071 1.58088 1.63156 2.08404 2.10513 2.20775 2.51049 2.81396 3.11427 3.35664
1.83281 1.83281 1.67584 1.40148 1.29261 1.29261 1.29261 1.29261 1.29385 1.41922 1.62595 1.83264 2.03950 2.21994 2.24520 2.24318 2.24031 2.15539 1.96259 1.80275 1.66921 1.55869 1.52981 1.54275 1.60037 1.79733 1.56956 1.56956 1.56956 1.56956 1.56956 1.56956 1.56956 1.56956 1.56956 1.56956 1.56956 1.56956 1.56956 1.56956 1.56956 1.56956 1.56956 1.56956 1.56942 1.51217 1.29325 1.33318 1.37340 1.52119 1.55094 1.57996 1.58071 1.58081 1.58249 1.58473 1.58698 1.59154 1.87083 2.28810 2.79012 3.16548 3.36789 3.42174 3.44696 3.44696 3.44652
1.83281 1.83281 1.79034 1.50300 1.36174 1.54488 1.75161 1.95843 2.16383 2.24528 2.24517 2.24305 2.21517 2.03580 1.86250 1.71899 1.59789 1.53075 1.52981 1.52981 1.52981 1.52981 1.52981 1.52994 1.57015 1.76549 1.62730 1.56956 1.56956 1.56956 1.56956 1.56956 1.56956 1.56956 1.56956 1.56956 1.56956 1.56956 1.56956 1.56956 1.53530 1.43391 1.33071 1.22743 1.12432 1.07831 1.03263 1.06797 1.28509 1.51869 1.58453 1.58677 1.58901 1.63275 2.00980 2.40846 2.75672 3.06230 3.17741 3.17741 3.20852 3.43973 3.44696 3.44696 3.44696 3.44696 3.44696
1.86983 1.90873 1.94744 1.76078 1.93939 2.24528 2.24513 2.24229 2.11509 1.92801 1.77274 1.64313 1.54422 1.52981 1.52981 1.52981 1.52981 1.52981 1.52981 1.52981 1.52981 1.52981 1.52981 1.52981 1.54912 1.64675 1.75015 1.56956 1.56956 1.56956 1.56956 1.56956 1.56956 1.56956 1.56956 1.55263 1.45880 1.35560 1.25249 1.14920 1.08017 1.07828 1.07819 1.07816 1.05133 0.999773 0.947406 0.926949 1.28167 1.49405 2.14183 2.52364 2.85811 3.12960 3.17741 3.17741 3.17741 3.17741 3.17741 3.17741 3.17741 3.34844 3.44696 3.44696 3.44696 3.44696 3.44696
1.98773 1.98773 1.98764 1.90550 1.52721 1.82469 1.69177 1.57445 1.52981 1.52981 1.52981 1.52981 1.52981 1.52981 1.52981 1.52981 1.52981 1.52981 1.52981 1.52981 1.52981 1.52981 1.52981 1.52981 1.53162 1.57517 1.80619 1.58555 1.56956 1.56956 1.56387 1.48379 1.38059 1.27734 1.17417 1.08786 1.07838 1.07828 1.07818 1.06205 1.01163 0.960050 0.908496 0.856917 0.832198 0.989907 1.34889 1.69345 2.18916 2.47291 3.04101 3.17741 3.17741 3.17741 3.17741 3.17741 3.17741 3.17741 3.17741 3.17741 3.17741 3.21717 3.44263 3.44696 3.44696 3.44696 3.44696
