results/OMI_NO2_200505.asc
ncols      200
nrows      200
xllcorner       120.258
yllcorner       41.1236
cellsize     0.0166667
NODATA_Value      -999.000
[rows 87 to 115 of 164, columns 0 to 66 of 200]
1.64382 1.66153 1.69555 1.63969 1.64353 1.67510 1.68767 1.69813 1.70820 1.79331 1.84892 1.79579 1.71629 1.71950 1.78111 1.85241 1.86168 1.87101 1.88028 1.88773 1.87702 1.66934 1.64307 1.50445 1.42965 1.42387 1.41434 1.38608 1.33322 1.27124 1.26792 1.31616 1.37691 1.37377 1.32473 1.41112 1.37371 1.37675 1.38184 1.38530 1.38833 1.39134 1.46941 1.55185 1.56092 1.54095 1.52987 1.53424 1.53865 1.54311 1.54770 1.53197 1.24905 1.23597 1.26161 1.28847 1.38478 1.43046 1.43550 1.63205 1.75833 1.84969 2.02738 2.28093 2.23243 2.61618 2.72590
1.79009 1.82665 1.85873 1.86152 1.78023 1.84994 1.88011 1.91028 1.93166 1.93308 1.92428 1.86837 1.85370 1.85490 1.84235 1.87104 1.86590 1.85002 1.83416 1.82012 1.81706 1.70407 1.57983 1.46318 1.26786 1.20339 1.20004 1.25508 1.34519 1.38785 1.38829 1.38439 1.38125 1.37572 1.27926 1.38138 1.36753 1.42123 1.46359 1.46359 1.46359 1.46359 1.49746 1.63406 1.63532 1.64510 1.60867 1.60867 1.60867 1.60712 1.59652 1.58448 1.37671 1.21556 1.21184 1.31460 1.47195 1.69247 1.73422 1.75694 1.74887 1.69542 1.77930 2.08937 2.18794 2.39814 2.72590
2.01989 2.04603 2.06504 2.06377 1.85882 1.82663 1.80716 1.78768 1.76826 1.74880 1.73347 1.71377 1.71100 1.72960 1.72873 1.73845 1.79767 1.79767 1.79266 1.75374 1.70621 1.63766 1.38814 1.39500 1.30776 1.31750 1.34004 1.33751 1.37100 1.37638 1.37638 1.37638 1.37638 1.37638 1.28805 1.37056 1.38012 1.38986 1.46359 1.46359 1.46359 1.46359 1.46446 1.60375 1.59381 1.58024 1.56322 1.55280 1.54075 1.53023 1.52870 1.48780 1.38032 1.42710 1.55868 1.56147 1.46321 1.56635 1.55587 1.59657 1.69106 1.69106 1.71201 2.00261 2.18794 2.20323 2.68466
2.06673 2.06879 2.06879 2.06879 1.89345 1.73622 1.72666 1.72666 1.72666 1.72666 1.72501 1.71660 1.69843 1.72873 1.74264 1.81260 1.72655 1.65316 1.59439 1.51409 1.43250 1.35860 1.49712 1.63839 1.52730 1.33144 1.33230 1.33456 1.35618 1.37638 1.37638 1.37638 1.37638 1.37638 1.31967 1.34209 1.37788 1.35116 1.41256 1.38631 1.36002 1.33375 1.30750 1.40089 1.46565 1.46812 1.51121 1.50878 1.43641 1.36127 1.30812 1.33080 1.38820 1.64029 1.75294 1.69367 1.38031 1.53440 1.55587 1.56331 1.68887 1.69106 1.69106 1.88934 2.16933 2.21359 2.54575
2.06879 2.06879 2.06879 2.06879 1.94368 1.77002 1.72666 1.72666 1.72666 1.72666 1.73594 1.82940 1.91356 2.04960 2.14027 2.10193 1.67763 1.38694 1.34091 1.36520 1.39835 1.42381 1.46180 1.68749 1.60036 1.42332 1.33699 1.34377 1.35254 1.38880 1.38309 1.36452 1.34570 1.32683 1.28346 1.21201 1.23635 1.21109 1.29381 1.29519 1.29519 1.29527 1.30412 1.34607 1.40683 1.34068 1.28193 1.31535 1.36997 1.42735 1.46286 1.46331 1.46331 1.53024 1.75920 1.77763 1.53474 1.56281 1.66790 1.69539 1.81182 1.85802 1.87997 2.13545 2.54530 2.64744 2.70244
1.96160 1.95529 1.94901 1.94279 1.91637 1.85582 1.78545 1.87724 1.98985 2.09580 2.18811 2.18797 2.09999 2.04265 1.99389 1.99546 1.87519 1.49231 1.50022 1.50213 1.50395 1.50576 1.50646 1.68167 1.71721 1.59987 1.40809 1.40853 1.40910 1.34592 1.31758 1.31736 1.31736 1.31736 1.31622 1.21514 1.23277 1.22561 1.30514 1.40059 1.43185 1.44143 1.34870 1.15543 1.36988 1.44169 1.51596 1.60024 1.62825 1.65415 1.68011 1.70608 1.73195 1.75808 2.00523 2.07483 1.97831 1.76104 1.84614 1.84173 1.87081 1.89734 1.89293 1.98677 2.36576 2.51996 2.51996
1.86097 1.86097 1.86429 1.94603 2.05959 2.20985 2.20462 2.22172 2.16986 2.09733 2.02711 1.99393 2.00462 2.03135 2.07160 2.07203 2.01269 1.64619 1.50693 1.50756 1.50820 1.50884 1.50947 1.56646 1.76013 1.63661 1.47989 1.40839 1.40763 1.36187 1.31300 1.31201 1.30948 1.30599 1.34236 1.33654 1.40195 1.41518 1.51961 1.59025 1.62679 1.68284 1.73589 1.57635 1.66522 1.71155 1.73572 1.78669 1.80529 1.80529 1.80529 1.80529 1.80529 1.80529 1.90402 2.09492 2.09411 1.80030 1.82857 1.82861 1.84480 1.89207 1.89207 1.89723 2.28296 2.49147 2.44214
2.04665 2.14971 2.24426 2.27133 2.24719 2.22329 2.08421 1.99956 2.00837 2.03781 2.06492 2.07131 2.06216 2.03607 2.05604 2.04615 2.01410 1.83622 1.50320 1.49691 1.48938 1.48183 1.47431 1.46973 1.67777 1.63309 1.55251 1.38413 1.38989 1.38182 1.34245 1.39666 1.44459 1.45752 1.43306 1.39457 1.43839 1.48928 1.61803 1.80374 1.80975 1.81560 1.82148 1.73906 1.68976 1.77005 1.76481 1.76737 1.80529 1.80529 1.80529 1.80529 1.80529 1.80529 1.80980 2.06016 2.09492 1.95310 1.81302 1.82964 1.84168 1.90868 1.86451 1.80257 2.02946 2.31368 2.23146
2.26398 2.19540 2.11233 2.03374 2.00124 2.05510 2.06227 2.02094 2.02366 2.02623 2.02881 2.02997 1.94314 1.87882 1.89558 1.90780 1.91766 1.92649 1.56090 1.50379 1.52135 1.54064 1.56081 1.57802 1.66286 1.75253 1.69256 1.57426 1.58577 1.60485 1.51348 1.45952 1.45183 1.48614 1.52338 1.55215 1.59105 1.62092 1.65082 1.82766 1.82785 1.82785 1.82785 1.81475 1.65489 1.77005 1.76953 1.75177 1.80270 1.80529 1.80529 1.80529 1.80529 1.81174 1.82403 1.96684 2.13824 2.13937 1.83925 1.78537 1.71845 1.78701 1.91007 2.03194 2.29465 2.60991 2.44165
1.89855 1.92708 1.97016 2.00883 2.02600 2.07100 2.10775 2.03861 2.05462 2.07069 2.08680 2.10287 2.08068 2.02956 2.04637 2.05328 2.05566 2.05912 1.88612 1.62815 1.63078 1.63399 1.67157 1.71848 1.76442 1.95160 1.80816 1.69423 1.56058 1.57966 1.57652 1.56371 1.57245 1.57245 1.57245 1.57246 1.59174 1.63409 1.63590 1.80298 1.82785 1.82785 1.82785 1.82785 1.70761 1.75212 1.77581 1.79669 1.83459 1.84389 1.85617 1.86847 1.88075 1.88659 1.88352 1.89275 1.99268 1.92883 1.84412 1.94434 2.06112 2.12167 2.15503 2.15503 2.19399 2.57179 2.50716
2.11201 2.12590 2.13961 2.15331 2.16654 2.17983 2.22596 2.16011 2.14625 2.14625 2.14625 2.14625 2.14077 2.05201 2.05859 2.06587 2.06587 2.06173 1.96278 1.71436 1.76494 1.81019 1.87703 1.94684 2.01287 1.95433 1.65455 1.61211 1.64496 1.65584 1.64644 1.57298 1.57245 1.57245 1.57245 1.57245 1.57962 1.63409 1.63409 1.75412 1.84286 1.87270 1.90256 1.93238 1.92976 1.89675 1.98612 1.99457 1.96681 1.88659 1.88533 1.87829 1.87060 1.86651 1.87519 1.88904 1.92324 1.94559 1.95741 2.08963 2.09156 2.10516 2.15503 2.15503 2.15503 2.48988 2.54516
2.17002 2.17002 2.17002 2.17002 2.17002 2.17053 2.22272 2.18395 2.14625 2.14625 2.14625 2.14625 2.14625 2.07713 1.98222 1.88557 1.77322 1.65952 1.66833 1.84982 1.98641 2.03503 2.02203 1.99632 1.97442 1.96502 1.68210 1.59864 1.62435 1.65584 1.65584 1.59228 1.57245 1.57395 1.59188 1.61378 1.63342 1.73422 1.76472 1.87000 2.01951 2.01951 2.01951 2.01951 2.01951 1.92678 1.98889 1.98555 1.98666 1.87283 1.87140 1.88460 1.89849 1.90874 1.90927 1.90927 1.91403 1.94513 1.96082 2.11388 2.18739 2.22204 2.33155 2.37970 2.42154 2.66884 2.90178
2.21107 2.21729 2.22353 2.22986 2.23623 2.24264 2.21155 2.16782 2.10407 2.10076 2.03478 1.92781 1.81420 1.65997 1.56622 1.64296 1.72189 1.79100 1.80450 1.80208 1.91179 1.90022 1.89799 1.89565 1.89343 1.89121 1.73391 1.51824 1.54180 1.61277 1.63092 1.62291 1.61341 1.63368 1.63762 1.63762 1.63675 1.76048 1.80445 1.83351 2.01951 2.00259 1.96169 1.91509 1.86167 1.82659 1.95743 1.97006 2.02153 1.99656 1.99051 2.02423 2.05991 2.09785 2.13576 2.17383 2.21179 2.27428 2.30880 2.35993 2.42519 2.42648 2.55386 2.61076 2.61188 2.70395 3.00267
2.39050 2.39050 2.39050 2.39050 2.39050 2.39026 2.19395 1.96783 1.78006 1.65514 1.61048 1.65746 1.73605 1.81027 1.76109 1.74304 1.72013 1.69807 1.69779 1.69850 1.82970 1.88137 1.90135 1.92153 1.94169 1.96187 1.95692 1.63588 1.62536 1.66296 1.67986 1.67388 1.63224 1.62799 1.62431 1.62063 1.61693 1.68152 1.73678 1.71095 1.85093 1.85946 1.87760 1.90693 1.94043 1.97759 2.20760 2.31980 2.36500 2.36688 2.28895 2.29310 2.29551 2.29551 2.29551 2.29551 2.29551 2.30402 2.33183 2.35085 2.42324 2.43381 2.51285 2.61586 2.61586 2.62181 2.97777
2.39050 2.39050 2.34073 2.23308 2.11806 1.99499 1.86602 1.71746 1.73538 1.78071 1.84887 1.85188 1.82296 1.79501 1.72226 1.70003 1.73183 1.75815 1.79184 1.79143 1.86241 1.98096 1.97704 1.97266 1.96689 1.96095 1.95503 1.70723 1.59156 1.62488 1.67372 1.68916 1.67436 1.65780 1.63311 1.60691 1.57570 1.65170 1.81074 1.81384 1.95648 2.05323 2.06462 2.06751 2.07017 2.07291 2.21755 2.41092 2.41289 2.40988 2.30295 2.29462 2.28696 2.27800 2.26928 2.26065 2.25205 2.24354 2.26285 2.26481 2.32298 2.34094 2.36207 2.51719 2.55951 2.64414 2.98441
2.12769 2.00512 1.93855 1.94118 2.00519 2.10820 2.19981 2.00353 1.96699 1.88247 1.85406 1.84011 1.82598 1.81195 1.84980 2.00900 2.05133 2.06918 2.04910 1.76813 1.77076 1.91963 1.94355 1.94734 1.95250 1.95783 1.96316 1.92677 1.73270 1.70091 1.71151 1.67954 1.61132 1.55045 1.54232 1.54046 1.54653 1.59472 1.85445 1.85810 1.90762 1.96254 1.95625 1.95007 1.94395 1.93782 1.97464 2.21827 2.21086 2.20337 2.13302 2.08894 2.08795 2.08795 2.08795 2.08795 2.09646 2.13971 2.19770 2.26492 2.35497 2.47117 2.58420 2.81226 2.98888 3.17240 3.46439
2.13640 2.24103 2.34739 2.41808 2.39463 2.33233 2.26378 1.99421 1.91703 1.83024 1.83919 1.85240 1.86595 1.87953 1.89598 2.05065 2.10692 2.13206 2.13101 1.86808 1.78696 1.84654 1.91459 1.89826 1.88200 1.84347 1.79045 1.73254 1.52811 1.44234 1.56978 1.60486 1.60868 1.57111 1.58017 1.58412 1.58412 1.58653 1.84959 1.87691 1.88055 1.90251 1.90251 1.90251 1.90251 1.90251 1.90251 2.14797 2.18856 2.18869 2.17131 2.16936 2.21639 2.26341 2.31046 2.35745 2.39603 2.40351 2.41700 2.54799 2.68291 2.86281 3.14801 3.41330 3.52708 3.52708 3.56184
2.39836 2.30953 2.21906 2.16152 2.13656 2.11165 2.08621 1.89435 1.77434 1.93763 1.99891 1.97182 1.92248 1.90253 1.88306 1.90301 1.95503 1.96401 1.94911 1.80453 1.67204 1.68342 1.76864 1.72956 1.68776 1.66419 1.65345 1.64418 1.58767 1.46360 1.57547 1.63827 1.63696 1.60006 1.58412 1.58412 1.58412 1.58412 1.78020 1.87691 1.87693 1.89944 1.90251 1.90377 1.91018 1.91714 1.92410 2.09430 2.22408 2.23092 2.23647 2.38758 2.39977 2.40100 2.41214 2.42544 2.44951 2.51670 2.58023 2.74158 2.90481 2.95934 3.33454 3.43302 3.52708 3.52708 3.52708
2.01851 2.01851 2.01851 2.01851 2.01851 2.01851 2.01851 1.91745 1.76970 1.86910 1.99891 1.95057 1.81294 1.81294 1.81294 1.81151 1.90762 1.94812 1.94814 1.87958 1.67204 1.66857 1.65804 1.64731 1.64585 1.66202 1.68138 1.69930 1.68862 1.53573 1.54689 1.64115 1.63696 1.61827 1.58412 1.58412 1.58412 1.58722 1.72208 1.89438 1.90134 1.92415 1.94086 1.94657 1.94712 1.94712 1.94712 2.02815 2.23317 2.23326 2.24130 2.35602 2.43680 2.49509 2.56039 2.62354 2.67591 2.68138 2.68138 2.69598 2.88377 2.94438 3.16796 3.43125 3.59925 3.64145 3.70122
2.01748 2.01851 2.01851 2.01608 2.01147 2.00689 2.00236 1.95893 1.77357 1.80505 2.00383 2.00165 1.83057 1.81884 1.81932 1.80057 1.88815 1.94831 1.94706 1.93040 1.66619 1.66383 1.68348 1.70333 1.71416 1.71468 1.71517 1.71564 1.70931 1.63100 1.52222 1.66068 1.66140 1.66185 1.62752 1.63281 1.63946 1.64299 1.70466 1.92152 1.92152 1.93066 1.94712 1.94712 1.94712 1.94712 1.95128 1.97395 2.25277 2.30564 2.37651 2.49240 2.70664 2.76269 2.80180 2.84096 2.88009 2.91672 2.94695 2.97694 3.12949 3.33699 3.45439 3.84358 4.31178 4.40053 4.40843
1.88975 1.88946 1.88587 1.88417 1.88417 1.88417 1.88417 1.88389 1.80065 1.79351 1.98502 2.02272 1.89648 1.83410 1.82927 1.81626 1.81974 1.92555 1.96222 1.98159 1.80352 1.72408 1.72408 1.72408 1.72442 1.72709 1.73021 1.73332 1.73579 1.71311 1.55953 1.65272 1.68607 1.68242 1.65877 1.64753 1.65605 1.66707 1.68773 1.96221 1.98234 1.99455 1.97500 1.96992 1.96672 1.97640 2.02806 2.07501 2.55729 2.81560 2.84308 2.86789 3.01624 3.02076 3.01165 3.00248 2.99325 2.98654 2.98622 2.98622 3.01774 3.34735 3.51478 3.78012 4.26308 4.46157 4.46157
1.86910 1.88417 1.88417 1.88417 1.88417 1.88417 1.88417 1.88417 1.82072 1.79351 1.91482 2.01037 1.92913 1.80630 1.81882 1.83817 1.82785 1.96829 2.00082 2.00373 1.88730 1.73387 1.74105 1.75396 1.76652 1.77680 1.78660 1.79638 1.80567 1.79598 1.71705 1.70640 1.82340 1.84738 1.86380 1.86816 1.81694 1.70411 1.69026 1.84631 1.87458 1.87171 1.88936 1.95963 2.03751 2.10103 2.11963 2.13398 2.44484 2.85816 2.85345 2.81963 2.91870 2.98622 2.98622 2.98622 2.98622 2.98622 2.98622 2.98872 2.99703 3.22308 3.54279 3.63024 4.17244 4.51519 4.52555
1.83245 1.88357 1.88417 1.88417 1.88417 1.88417 1.88411 1.87699 1.82181 1.76295 1.82280 2.01793 2.02893 1.88080 1.89058 1.90516 1.88064 1.96541 2.01041 2.00769 1.97908 1.85512 1.85000 1.83347 1.81686 1.81541 1.82796 1.84007 1.85232 1.86589 1.87575 1.76980 1.89639 1.90839 1.91827 1.90642 1.90961 1.77417 1.82419 2.00674 2.15169 2.21520 2.25919 2.27129 2.27887 2.28633 2.29378 2.30126 2.39923 2.99319 3.00038 2.98206 3.03136 3.16376 3.17231 3.18085 3.18937 3.19803 3.20660 3.21274 3.22125 3.29420 3.75893 3.78968 4.17533 4.77142 4.79060
1.75172 1.87484 1.88458 1.88661 1.88043 1.87359 1.87754 1.91201 1.92962 1.90135 1.92882 2.15666 2.18685 2.01621 1.95540 1.93883 1.90133 1.89033 1.90190 1.89302 1.90700 1.79827 1.80885 1.85070 1.89270 1.92118 1.93741 1.95399 1.97098 1.98903 2.01371 1.93809 1.98694 2.00651 2.02152 2.05134 2.08541 2.02128 2.00619 2.08364 2.20554 2.20554 2.30780 2.38924 2.38924 2.38924 2.38924 2.38924 2.38924 2.96190 3.06626 3.05360 3.04821 3.20120 3.22946 3.24276 3.25606 3.26935 3.28264 3.29581 3.30698 3.34077 3.72565 3.85724 3.98281 4.53403 4.53444
1.74977 1.85917 1.90360 1.92302 1.96383 2.00678 2.03897 2.04775 2.05167 1.97417 1.98046 1.98486 1.96355 1.89409 1.84470 1.88322 1.92023 1.94248 2.05568 2.07185 2.12926 2.06309 2.02424 2.02505 2.02505 2.02505 2.02505 2.02526 2.05998 2.11975 2.18641 2.21450 2.00829 2.06217 2.13177 2.17118 2.15123 2.09515 2.00619 2.04136 2.20831 2.20554 2.26388 2.39068 2.38924 2.38924 2.38962 2.40704 2.43359 2.83810 3.16373 3.18948 3.21838 3.27490 3.30082 3.30082 3.30210 3.32885 3.36553 3.40428 3.45453 3.48150 3.68472 3.94197 3.94302 4.27056 4.49189
1.77453 1.91097 2.06042 2.08351 2.08509 2.08509 2.08533 2.09752 2.11574 2.06429 2.06581 2.07321 2.07036 2.07630 2.07630 2.07630 2.07630 2.04929 2.12631 2.11691 2.16153 2.11753 2.02505 2.02505 2.03805 2.09435 2.15416 2.21962 2.26089 2.27728 2.29702 2.30517 2.11743 2.07399 2.08688 2.17731 2.15319 2.14009 2.00864 2.00816 2.20631 2.23449 2.26998 2.47960 2.49784 2.52444 2.55059 2.55975 2.55975 2.74302 3.23676 3.23712 3.24109 3.27225 3.35398 3.39080 3.44034 3.47400 3.49770 3.51937 3.52340 3.52340 3.58491 3.93397 3.94280 4.12359 4.48479
1.77278 1.91867 2.03449 2.13305 2.14989 2.16617 2.18160 2.18696 2.18696 2.14039 2.10637 2.10448 2.07718 2.08046 2.08514 2.09001 2.09482 2.08104 2.12226 2.15311 2.18534 2.24456 2.17877 2.24597 2.31352 2.33946 2.36222 2.37871 2.38451 2.39037 2.39793 2.41005 2.35047 2.16478 2.17460 2.25988 2.31339 2.34667 2.28374 2.27643 2.37040 2.37604 2.37604 2.53445 2.55975 2.55975 2.55975 2.55975 2.55975 2.58524 3.24283 3.30527 3.35904 3.40724 3.48422 3.51969 3.50916 3.46731 3.42557 3.38358 3.34163 3.29977 3.26698 3.56604 3.59629 3.57398 3.50954
1.67071 1.80122 1.89328 2.10834 2.10656 2.10342 2.10029 2.09715 2.09402 2.16613 2.32954 2.33558 2.31604 2.30853 2.30853 2.30853 2.30853 2.31983 2.37137 2.52393 2.59532 2.67865 2.56813 2.55416 2.55725 2.55725 2.55725 2.55730 2.56250 2.57111 2.57980 2.59636 2.60571 2.39275 2.32752 2.35232 2.46438 2.51754 2.47568 2.40016 2.40065 2.39452 2.41181 2.54529 2.63197 2.65186 2.70650 2.77584 2.86398 2.96358 3.29015 3.38147 3.39915 3.40214 3.42649 3.43629 3.44639 3.48091 3.51621 3.55212 3.58891 3.62657 3.65531 3.55547 3.59551 3.59835 3.42897
1.60137 1.71862 1.81139 2.02379 2.08346 2.08346 2.08346 2.08346 2.08346 2.11377 2.34236 2.34236 2.32716 2.31353 2.36805 2.43534 2.50558 2.56577 2.54791 2.64709 2.66024 2.70919 2.63811 2.57272 2.58134 2.58995 2.59897 2.61966 2.64043 2.65772 2.67508 2.69787 2.71839 2.65151 2.45050 2.47164 2.59427 2.72127 2.75596 2.70524 2.73594 2.87796 2.97603 3.13171 3.35332 3.44442 3.50232 3.53883 3.55038 3.54281 3.51123 3.47042 3.48251 3.58734 3.60362 3.65699 3.65699 3.65699 3.65699 3.65699 3.65699 3.65699 3.65699 3.58645 3.56044 3.59835 3.47660
