results/OMI_NO2_201105.asc
ncols      200
nrows      200
xllcorner       120.258
yllcorner       41.1236
cellsize     0.0166667
NODATA_Value      -999.000
[rows 29 to 57 of 164, columns 0 to 66 of 200]
2.98942 3.06480 3.46336 4.04262 4.04262 4.04262 4.04262 4.04262 4.04262 4.04262 4.04262 4.04262 4.04262 4.04262 4.04262 4.04262 4.04262 4.04262 4.13021 4.72911 4.68816 4.62466 4.31805 4.31930 4.32570 4.35360 4.77331 4.96379 5.12268 5.29341 5.43315 5.45636 5.46586 5.31136 5.11577 4.94091 4.78359 4.73454 4.73454 4.73454 4.73454 4.73454 4.73454 4.73454 4.73454 4.70186 4.66539 4.64442 4.27166 4.12384 4.12384 4.12384 4.12384 4.20010 4.41943 4.41268 4.38262 4.35042 4.31391 4.25480 4.20819 4.18171 4.31258 4.48839 4.69739 4.90711 5.04973
3.17934 3.17934 3.19360 3.92916 4.04262 4.04262 4.04262 4.04262 4.04262 4.04262 4.04262 4.04262 4.04262 4.04262 4.04262 4.04262 4.04262 4.04220 4.01901 4.52347 4.71964 4.72622 4.50357 4.41247 4.43293 4.45715 5.06723 5.44386 5.45197 5.30251 5.10839 4.93417 4.77875 4.73454 4.73454 4.73454 4.73454 4.73454 4.73454 4.73454 4.73454 4.73454 4.73454 4.73454 4.73454 4.72611 4.67597 4.65538 4.48103 4.12384 4.12384 4.12321 4.11539 4.10568 4.25108 4.22126 4.17613 4.25217 4.41848 4.62247 4.83382 5.02515 5.05881 5.05833 5.05802 5.05788 5.05788
3.17934 3.17934 3.17973 3.60597 4.04262 4.04262 4.04262 4.04262 4.04262 4.04262 4.04262 4.04262 4.04163 4.01451 3.97957 3.94736 3.91593 3.90906 3.93587 4.24493 4.86995 4.81676 4.68738 4.46950 4.47889 4.36789 4.40209 4.92736 4.77417 4.73454 4.73454 4.73454 4.73454 4.73454 4.73454 4.73454 4.73454 4.73454 4.73454 4.73454 4.73454 4.73454 4.73454 4.73454 4.73454 4.73454 4.69553 4.66274 4.62558 4.16121 4.04580 4.04981 4.15065 4.36529 4.60903 4.75899 4.96723 5.05591 5.05874 5.05834 5.05797 5.05788 5.05788 5.05788 5.05788 5.05788 5.05788
3.17934 3.17934 3.17934 3.24827 4.00068 4.04262 4.04262 4.04077 4.01127 3.97358 3.94060 3.90834 3.88520 3.91400 3.95263 3.98543 3.99147 3.96533 3.90657 3.87936 4.62709 4.49647 4.30429 4.08596 3.96174 3.93421 3.93708 4.56192 4.73454 4.73454 4.73454 4.73454 4.73454 4.73454 4.73454 4.73454 4.73454 4.73454 4.73454 4.73454 4.73454 4.73454 4.73454 4.73454 4.72488 4.67449 4.60489 4.55409 4.61746 4.58540 4.75463 4.99558 5.12945 5.15809 5.15824 5.07505 5.05793 5.05788 5.05788 5.05788 5.05788 5.05788 5.05788 5.05788 5.05788 5.05788 5.05788
3.23018 3.17934 3.17433 3.12540 3.63979 3.93387 3.90165 3.87151 3.89081 3.93223 3.96884 4.00473 4.01587 3.98165 3.92462 3.86348 3.82828 3.80108 3.79563 3.79563 3.99369 3.96171 3.95863 3.94422 3.93288 3.93421 3.93424 4.22979 4.73454 4.73454 4.73454 4.73454 4.73454 4.73454 4.73454 4.73454 4.73454 4.73454 4.73454 4.73391 4.70357 4.65032 4.59625 4.58836 4.67349 4.87454 5.15603 5.32959 5.21406 5.14854 5.15742 5.15826 5.15795 5.15793 5.15793 5.12097 5.05788 5.05788 5.05788 5.05788 5.05788 5.05788 5.05788 5.05788 5.05788 5.05788 5.05788
3.40366 2.92322 2.86381 2.85199 3.10905 3.94201 3.98505 4.02071 4.02949 3.99769 3.94271 3.87846 3.83095 3.80286 3.79563 3.79563 3.79563 3.79563 3.79563 3.79563 3.90533 4.01044 3.95890 3.95863 3.93046 3.93421 3.93421 3.96102 4.66833 4.73454 4.73454 4.73454 4.73454 4.73454 4.73454 4.72112 4.67696 4.62622 4.58493 4.57360 4.66227 4.86688 5.14164 5.38214 5.60044 5.89838 6.16775 6.06290 5.38037 5.16563 5.14405 5.15793 5.15793 5.15793 5.15793 5.15596 5.06977 5.05788 5.05788 5.05788 5.05788 5.05788 5.05788 5.05788 5.05788 5.05788 5.06754
3.86658 2.85450 2.85199 2.85199 2.88382 3.74956 3.96078 3.89655 3.83735 3.80488 3.79563 3.79563 3.79563 3.79563 3.79563 3.79563 3.79563 3.79563 3.79563 3.79563 3.79563 4.09376 3.96121 3.95863 3.94153 3.93364 3.93421 3.93476 4.35935 4.73454 4.73141 4.69503 4.64969 4.60562 4.58376 4.58100 4.65708 4.85911 5.11484 5.36095 5.61405 5.90912 6.17986 6.48267 6.67596 6.67707 6.67707 6.63975 5.58053 5.20618 5.14397 5.15793 5.15793 5.15793 5.15793 5.15793 5.11466 5.05788 5.05788 5.05788 5.05788 5.05788 5.06346 5.08755 5.11309 5.09830 4.99792
4.14552 3.07147 2.75917 2.65208 2.54531 3.04417 3.79563 3.79563 3.79563 3.79563 3.79563 3.79563 3.79563 3.79563 3.79563 3.79563 3.79563 3.79563 3.79563 3.79563 3.79563 4.03830 3.98136 3.95886 3.95863 3.92888 3.93038 3.92092 3.96515 4.58727 4.58628 4.60648 4.65810 4.84779 5.07740 5.32431 5.62798 5.91992 6.19190 6.49632 6.67679 6.67707 6.67707 6.67707 6.67707 6.67707 6.67707 6.67707 6.03367 5.34196 5.15731 5.14974 5.15793 5.15793 5.15793 5.15793 5.15371 5.06562 5.06049 5.08221 5.10776 5.11032 4.99251 4.84446 4.70999 4.65051 4.66501
3.73036 3.09105 2.45380 2.45380 2.45380 2.55744 3.65663 3.79563 3.79563 3.79563 3.79563 3.79563 3.79563 3.79563 3.79563 3.79563 3.79563 3.79563 3.79563 3.79563 3.79563 3.87278 4.17694 3.93950 3.92566 3.89453 3.88116 3.86871 3.83686 4.50693 5.04048 5.28169 5.63237 5.93086 6.20401 6.50992 6.67707 6.67707 6.67707 6.67707 6.67707 6.67707 6.67707 6.67707 6.67707 6.67707 6.67707 6.67707 6.55938 5.50326 5.18423 5.14140 5.15793 5.15793 5.15928 5.22912 5.33731 5.26115 4.97736 4.83077 4.66101 4.57281 4.60617 4.66089 4.74667 4.81682 4.87108
3.54823 3.50146 2.51138 2.45380 2.45380 2.45862 3.22065 3.79563 3.79563 3.79563 3.79563 3.79563 3.79563 3.79563 3.79563 3.79563 3.84918 3.99309 4.14215 4.30500 4.48132 4.60714 4.49125 4.01649 4.10903 4.28815 4.17573 4.30956 4.61132 5.06265 6.21628 6.52332 6.67707 6.67707 6.67707 6.67707 6.67707 6.67707 6.67707 6.67707 6.67707 6.67707 6.67707 6.67707 6.67707 6.67707 6.67707 6.67707 6.67707 5.89862 5.30367 5.18626 5.28751 5.35105 5.37370 5.28304 5.10997 5.03486 4.57598 4.61131 4.73786 4.82621 4.88048 4.93445 4.95608 4.95608 4.95608
3.54823 3.54823 2.83805 2.45380 2.45380 2.45380 2.67192 3.74858 3.79563 3.79563 3.79563 3.86050 4.00983 4.16390 4.32802 4.50733 4.61944 4.60764 4.60576 4.68492 4.80872 5.02046 5.25676 4.75551 4.78396 5.03086 5.20878 5.33051 5.43996 5.37179 6.45124 6.67707 6.67707 6.67707 6.67707 6.67707 6.67707 6.67707 6.67707 6.67707 6.67707 6.67707 6.67707 6.67707 6.67707 6.67707 6.67707 6.69275 6.79853 6.66840 5.71182 5.40756 5.10877 5.04235 5.08146 5.16339 5.34046 5.41367 5.13074 4.94204 4.95608 4.95608 4.95608 4.95608 4.95608 4.95608 4.95608
3.54823 3.54823 3.31222 2.45591 2.45380 2.45394 2.55920 3.61097 4.18478 4.35122 4.53313 4.63067 4.61332 4.60563 4.60184 4.63263 4.75239 4.95258 5.21129 5.38909 5.52411 5.57334 5.57334 5.55753 5.58341 5.61749 5.61721 5.47534 5.43996 5.43646 5.86846 6.67707 6.67707 6.67707 6.67707 6.67707 6.67707 6.67707 6.67707 6.67707 6.67707 6.67707 6.67707 6.67240 6.74360 6.86262 6.95034 6.87276 6.69510 6.52338 5.68802 5.64267 5.73562 5.42478 5.47736 5.52603 5.53414 5.53414 5.45808 4.96492 4.95608 4.95608 4.95608 4.95608 4.95608 4.95608 4.95608
3.54823 3.54823 3.54823 3.00707 3.13733 3.40699 3.54823 3.73236 4.60411 4.60388 4.60009 4.60334 4.69714 4.88488 5.14557 5.37213 5.51269 5.57334 5.57334 5.57334 5.57334 5.57334 5.57334 5.57334 5.57334 5.60791 5.61749 5.55940 5.43996 5.43996 5.41415 6.60976 6.67707 6.67707 6.67707 6.67707 6.67707 6.67707 6.67511 6.66100 6.69079 6.80223 6.88890 6.87492 6.72479 6.54779 6.41324 6.31818 6.05304 5.80183 5.58115 5.77880 6.04034 5.62827 5.53414 5.53414 5.53414 5.53414 5.53414 5.15865 4.95608 4.95608 4.95608 4.95608 4.95608 4.95608 4.95608
3.54823 3.54823 3.54823 3.54823 3.54823 3.54823 3.54823 3.51431 4.38593 4.81802 5.07772 5.33305 5.50010 5.57323 5.57334 5.57334 5.57334 5.57334 5.57334 5.57334 5.57334 5.57334 5.57334 5.57334 5.57334 5.58806 5.61749 5.61606 5.46783 5.43996 5.41860 6.08698 6.67707 6.67700 6.66740 6.65117 6.65082 6.72956 6.81532 6.86333 6.75335 6.57815 6.44250 6.30972 6.04230 5.79215 5.56333 5.40207 5.39238 5.39238 5.39370 5.63051 6.00736 5.81390 5.53414 5.53414 5.53414 5.53414 5.53414 5.42660 4.95800 4.95608 4.95608 4.95608 4.95608 4.95752 4.97263
3.54823 3.54823 3.54823 3.54823 3.56945 3.85756 4.37253 4.89428 5.05563 5.57222 5.57334 5.57334 5.57334 5.57334 5.57334 5.57334 5.57334 5.57334 5.57334 5.57334 5.57334 5.57334 5.57334 5.57334 5.57334 5.57392 5.61181 5.61749 5.55101 5.44508 5.46852 5.54959 6.61461 6.65347 6.74675 6.83123 6.77129 6.62048 6.48221 6.30418 6.03170 5.78242 5.55440 5.39966 5.39238 5.39238 5.39238 5.39238 5.39238 5.39238 5.39238 5.50702 5.83020 6.00017 5.57170 5.53414 5.53414 5.53414 5.53414 5.53414 5.12043 4.95639 4.96871 4.98719 5.00172 4.98533 4.96144
3.54823 3.72891 4.23693 4.75851 5.25906 5.49250 5.49933 5.49933 5.16558 5.48480 5.57334 5.57334 5.57334 5.57334 5.57334 5.57334 5.57334 5.57334 5.57334 5.57334 5.57334 5.57334 5.57334 5.57334 5.57346 5.58844 5.63300 5.68360 5.72657 5.66818 5.81361 5.88041 6.51156 6.66744 6.52411 6.30957 6.02105 5.77271 5.54560 5.39751 5.39238 5.39238 5.39238 5.39238 5.39238 5.39238 5.39238 5.39238 5.39238 5.39238 5.39238 5.40362 5.66639 6.03663 5.72396 5.53414 5.53414 5.53414 5.52710 5.50954 5.36881 5.01321 4.99242 4.95928 4.91129 4.89377 4.87008
5.14441 5.48558 5.49933 5.49933 5.49933 5.49933 5.49933 5.49933 5.47438 5.22562 5.57334 5.57334 5.57334 5.57334 5.57334 5.57334 5.57334 5.57334 5.57334 5.57334 5.57733 5.60005 5.62516 5.65759 5.71134 5.74989 5.76287 5.80743 5.79211 5.88407 5.91441 5.72047 5.48867 5.76314 5.53674 5.39577 5.39238 5.39238 5.39238 5.39238 5.39238 5.39238 5.39238 5.39238 5.39238 5.39238 5.39238 5.39238 5.39238 5.39238 5.39238 5.39238 5.54129 5.87792 5.93215 5.52308 5.52032 5.52732 5.53670 5.53293 5.52298 4.99925 4.84698 4.79291 4.72458 4.65517 4.58589
5.49933 5.49933 5.49933 5.49933 5.49933 5.49933 5.49933 5.49933 5.49933 5.11579 5.54658 5.57334 5.57334 5.57334 5.57334 5.57335 5.58658 5.61167 5.63715 5.68181 5.73306 5.76560 5.78513 5.78398 5.74258 5.67767 5.63031 5.55332 5.33231 5.07080 4.99480 4.89154 4.79455 5.31619 5.39238 5.39238 5.39238 5.39238 5.39238 5.39238 5.39238 5.39238 5.39238 5.39238 5.39238 5.39238 5.39238 5.39238 5.39238 5.39238 5.39184 5.38787 5.41819 5.69977 6.01201 5.63816 5.50408 5.47756 5.45445 5.40932 5.34221 5.06305 4.57388 4.54078 4.54078 4.54078 4.54078
5.42409 5.49933 5.49933 5.49933 5.49933 5.49933 5.49933 5.49933 5.49933 5.39371 5.30393 5.57635 5.59819 5.62331 5.65425 5.70736 5.74942 5.77955 5.80632 5.79595 5.75650 5.69022 5.63419 5.49418 5.21186 4.97759 4.75482 4.55862 4.68774 4.69055 4.78921 4.88975 4.87760 5.02356 5.39238 5.39238 5.39238 5.39238 5.39238 5.39238 5.39238 5.39238 5.39238 5.39238 5.39238 5.39238 5.39558 5.40402 5.40371 5.39369 5.35172 5.30745 5.24857 5.37206 5.72774 5.66874 5.33020 5.26087 5.19284 5.17048 5.17048 5.16313 4.63076 4.54078 4.54078 4.54078 4.54078
4.54915 5.49933 5.49933 5.49933 5.49933 5.49933 5.49933 5.40701 5.18381 4.99918 5.08673 5.72923 5.76336 5.79352 5.81779 5.80650 5.77009 5.70453 5.64082 5.51681 5.23359 4.99663 4.78523 4.65728 4.65436 4.65436 4.65436 4.57653 4.63720 4.69055 4.70207 4.87736 4.88975 4.81497 5.37913 5.39238 5.39238 5.39238 5.39238 5.39238 5.39238 5.39278 5.40475 5.41887 5.41831 5.38691 5.34027 5.28331 5.22412 5.17324 5.15490 5.14277 5.14186 5.16249 5.24024 5.58324 5.21721 5.17048 5.17048 5.17048 5.17048 5.17048 4.91596 4.54078 4.54078 4.54078 4.54078
2.79435 5.47874 5.49641 5.33538 5.12328 4.95980 4.93581 4.98532 5.10005 5.20231 5.27068 5.70136 5.78332 5.71885 5.65214 5.53767 5.25575 5.01585 4.80255 4.66087 4.65436 4.65436 4.65436 4.65436 4.65436 4.65436 4.65436 4.62787 4.57005 4.69040 4.69055 4.79901 4.88975 4.84729 5.13685 5.39238 5.39238 5.39823 5.41524 5.43186 5.41970 5.37754 5.32300 5.26049 5.20130 5.17176 5.15443 5.14262 5.14189 5.14256 5.14324 5.14334 5.14334 5.14334 5.13593 5.50464 5.35979 5.17048 5.17048 5.17048 5.17048 5.17048 5.15004 4.59916 4.54078 4.54078 4.54078
2.32018 4.37552 4.94026 5.02193 5.13348 5.22586 5.24444 5.24406 5.22076 5.15766 5.09092 5.23044 5.27856 5.03544 4.82002 4.66571 4.65436 4.65436 4.65436 4.65436 4.65436 4.65436 4.65436 4.65436 4.65436 4.65436 4.65436 4.65436 4.56434 4.65352 4.69055 4.70793 4.88035 4.87289 4.89481 5.43795 5.41096 5.36310 5.30401 5.23948 5.19160 5.17248 5.15426 5.14241 5.14200 5.14267 5.14326 5.14334 5.14334 5.14334 5.14334 5.14334 5.14334 5.14334 5.14040 5.28829 5.53612 5.18125 5.17048 5.17048 5.17048 5.17048 5.17048 4.87129 4.54078 4.55749 4.59300
3.78021 4.30527 5.24435 5.24444 5.23255 5.17196 5.10520 5.00947 4.76041 4.54419 4.35414 4.25140 4.61426 4.65436 4.65436 4.65436 4.65436 4.65436 4.65436 4.65436 4.65436 4.65436 4.65436 4.65436 4.65436 4.65436 4.65436 4.65436 4.60754 4.55550 4.63660 4.62835 4.75924 4.84871 4.82337 5.14815 5.19209 5.17321 5.15453 5.14223 5.14203 5.14270 5.14327 5.14334 5.14334 5.14334 5.14334 5.14334 5.14334 5.14334 5.14334 5.14334 5.14334 5.14334 5.14334 5.13935 5.54870 5.28999 5.17048 5.17048 5.17048 5.16247 5.12952 5.05598 4.68373 4.71688 4.74890
3.97157 3.94745 4.89652 5.03280 4.78245 4.56148 4.36955 4.21618 4.19394 4.19394 4.19394 4.19721 4.45842 4.65436 4.65436 4.65436 4.65436 4.65436 4.65436 4.65436 4.65436 4.65436 4.65436 4.65341 4.63613 4.61298 4.59288 4.59624 4.61079 4.54572 4.69308 4.72884 4.72741 4.81158 4.79419 4.88301 5.14207 5.14273 5.14329 5.14334 5.14334 5.14334 5.14334 5.14334 5.14334 5.14334 5.14334 5.14334 5.14334 5.14334 5.14334 5.14334 5.14334 5.14334 5.14334 5.13890 5.35084 5.46121 5.14083 5.10710 5.06426 4.98820 4.96995 5.01036 5.06177 5.15889 5.28037
3.86696 3.73697 3.69858 4.22429 4.19394 4.19394 4.19394 4.19394 4.19394 4.19394 4.19394 4.19394 4.27690 4.64488 4.65436 4.65436 4.65436 4.65436 4.65436 4.64796 4.62555 4.60241 4.59216 4.60129 4.62687 4.65892 4.68948 4.69920 4.71192 4.67259 4.64520 4.66527 4.66547 4.73984 4.78386 4.75581 5.12126 5.14334 5.14334 5.14334 5.14334 5.14334 5.14334 5.14334 5.14334 5.14334 5.14334 5.14334 5.14334 5.14334 5.14334 5.14334 5.14334 5.14333 5.11944 5.06420 5.02462 5.34933 5.07414 5.08766 5.16222 5.27792 5.36748 5.40720 5.41173 5.37441 5.38371
3.89383 3.84328 3.22156 4.06382 4.19394 4.19394 4.19394 4.19394 4.19394 4.19394 4.19394 4.19394 4.20589 4.52159 4.65390 4.63813 4.61498 4.59402 4.59611 4.61085 4.64153 4.67310 4.69327 4.69765 4.71003 4.72279 4.73789 4.76571 4.78717 4.79880 4.64428 4.66496 4.66697 4.68485 4.78266 4.77353 4.95472 5.14334 5.14334 5.14334 5.14334 5.14334 5.14334 5.14334 5.14334 5.14334 5.14334 5.14334 5.14334 5.14214 5.11738 5.06351 5.00732 4.91911 4.82216 4.76110 4.69847 5.03486 5.36084 5.40971 5.42354 5.43736 5.44454 5.44454 5.44454 5.40298 5.38399
4.25818 3.85909 3.49172 3.62721 4.19394 4.19394 4.19394 4.17780 4.05413 4.19394 4.19608 4.20827 4.22174 4.29006 4.60068 4.62474 4.65620 4.68547 4.69246 4.69618 4.70824 4.72136 4.73597 4.76358 4.78533 4.77661 4.68667 4.64853 4.82478 4.82478 4.71704 4.65036 4.66697 4.66697 4.74632 4.78390 4.79593 5.14297 5.14334 5.14334 5.14334 5.14334 5.14334 5.14334 5.14334 5.13401 5.11094 5.06226 5.00184 4.92707 4.83528 4.77362 4.71573 4.69068 4.71410 4.73933 4.75826 4.83560 5.42406 5.44230 5.44454 5.44454 5.44454 5.44454 5.44454 5.43148 5.38370
4.82898 3.88255 3.79565 3.09176 3.83271 3.76193 3.63537 3.53562 3.52778 4.04958 4.16404 4.11200 4.05871 4.00438 4.54249 4.69477 4.70638 4.71968 4.73418 4.76136 4.74760 4.66085 4.57529 4.48201 4.39279 4.33042 4.32706 4.33877 4.78088 4.82478 4.80044 4.63786 4.66620 4.66697 4.69044 4.78380 4.75711 5.03281 5.14334 5.14334 5.14011 5.12148 5.10082 5.05906 4.99440 4.93610 4.85279 4.78611 4.73264 4.69535 4.71528 4.74029 4.76378 4.78660 4.79339 4.79339 4.79339 4.75964 5.22610 5.42914 5.44454 5.44454 5.44454 5.44454 5.44454 5.44454 5.39877
3.90179 3.26451 2.94671 2.70471 3.08589 3.50107 3.46355 3.41922 3.37517 3.60090 4.02213 4.02397 4.03500 4.04797 4.28223 4.71647 4.63120 4.54976 4.47201 4.38643 4.32880 4.32706 4.32706 4.32706 4.32706 4.32706 4.32706 4.32706 4.58586 4.82478 4.82478 4.69536 4.65421 4.66697 4.66691 4.75250 4.81334 4.85139 5.08801 5.05114 4.99032 4.94362 4.87400 4.80061 4.75125 4.70600 4.71645 4.74125 4.76474 4.78731 4.79339 4.79339 4.79339 4.79339 4.79339 4.79339 4.79339 4.78033 4.92218 5.42803 5.44450 5.44454 5.44454 5.44454 5.44454 5.44454 5.42701
