results/OMI_NO2_201009.asc
ncols      200
nrows      200
xllcorner       120.258
yllcorner       41.1236
cellsize     0.0166667
NODATA_Value      -999.000
[rows 87 to 115 of 164, columns 0 to 65 of 200]
1.12981 1.04258 0.817857 0.696860 0.685599 0.685942 0.699722 0.733188 0.838658 0.840514 0.889669 0.963170 1.00020 1.05256 1.07866 1.09184 1.09185 1.09185 1.09185 1.09185 1.09185 1.09185 1.09185 1.09447 1.10875 1.12895 1.31626 1.32241 1.26997 1.28776 1.29409 1.35641 1.43865 1.48837 1.50677 1.52073 1.56812 1.54976 1.54383 1.54316 1.54249 1.54187 1.54174 1.54174 1.54174 1.63121 1.74741 1.73765 1.73253 1.73253 1.73253 1.73253 1.75648 1.80936 1.86227 1.91324 2.07639 2.27623 2.13344 2.13344 2.13344 2.13340 2.08209 1.98591 1.80533 1.43862
1.23022 1.22969 0.942722 0.737304 0.685599 0.685599 0.713723 0.774495 1.00955 1.12097 1.14574 1.14574 1.11536 1.09085 1.09185 1.09185 1.09185 1.09185 1.09185 1.09201 1.10195 1.11762 1.13330 1.14882 1.16272 1.17712 1.32087 1.46595 1.41215 1.41005 1.43369 1.49525 1.47652 1.47368 1.46172 1.40007 1.53970 1.54204 1.54174 1.54174 1.54174 1.54174 1.54174 1.54174 1.53923 1.54845 1.73673 1.73646 1.74309 1.79242 1.84533 1.89826 1.92722 1.92728 1.92728 1.92728 1.94736 2.30579 2.07079 1.96765 1.87151 1.77536 1.73047 1.72862 1.71543 1.37248
1.23022 1.23022 1.11925 0.867015 0.789854 0.844256 0.881545 0.895063 1.01377 1.14574 1.14574 1.14574 1.13928 1.09042 1.09185 1.09185 1.09580 1.11082 1.12652 1.14947 1.16919 1.18456 1.22738 1.29843 1.35775 1.41551 1.46976 1.47804 1.43514 1.38364 1.38196 1.40954 1.38647 1.33691 1.29929 1.27749 1.48922 1.54174 1.54173 1.53728 1.52879 1.51980 1.51028 1.50017 1.49540 1.53551 1.75255 1.88130 1.92368 1.92728 1.92728 1.92728 1.92728 1.92560 1.91532 1.90889 1.90190 2.00702 1.85769 1.72984 1.72448 1.71813 1.70597 1.65356 1.59246 1.40437
1.23022 1.23022 1.22971 1.11914 0.914088 0.879652 0.879652 0.891610 0.916199 1.13942 1.14574 1.14574 1.14643 1.11848 1.12098 1.14875 1.17517 1.20619 1.27063 1.33555 1.39333 1.45055 1.48055 1.48171 1.48171 1.48171 1.48171 1.46135 1.40341 1.27022 1.22052 1.23149 1.29699 1.29617 1.28279 1.26198 1.32319 1.51154 1.49745 1.49259 1.49259 1.51859 1.57150 1.62443 1.67478 1.68734 1.76141 1.92728 1.92728 1.93509 1.93857 1.93288 1.92797 1.92779 1.93777 1.94244 1.94399 1.95649 1.93239 1.56528 1.49349 1.41476 1.33658 1.32339 1.32339 1.32339
1.23022 1.23022 1.23022 1.20489 0.992378 0.879652 0.879652 0.885633 0.895084 1.07589 1.17420 1.20108 1.23617 1.24739 1.26896 1.37112 1.42893 1.47093 1.48042 1.48171 1.48171 1.48171 1.48171 1.47793 1.43759 1.38801 1.33846 1.30395 1.29549 1.20832 1.16276 1.13947 1.20010 1.19487 1.18905 1.18905 1.17133 1.47725 1.55456 1.60749 1.66042 1.68734 1.68734 1.68734 1.68896 1.71085 1.71112 1.93528 1.95674 1.94636 1.94068 1.94354 1.91838 1.87606 1.83006 1.78009 1.72944 1.69860 1.82296 1.41562 1.32339 1.32339 1.32339 1.32339 1.32339 1.32339
1.23022 1.23022 1.23022 1.22880 1.10623 0.901032 0.916628 0.965823 1.04588 1.14024 1.28162 1.29033 1.29090 1.29161 1.29831 1.47710 1.48171 1.48171 1.48171 1.48171 1.45908 1.40957 1.36000 1.30738 1.26338 1.22339 1.18039 1.13388 1.08673 1.08101 1.08101 1.08101 1.12485 1.18803 1.16139 1.12368 1.07841 1.24711 1.68066 1.68734 1.70113 1.73085 1.72546 1.71282 1.69957 1.66177 1.65802 1.80419 1.86562 1.81909 1.76765 1.71441 1.69840 1.69828 1.69828 1.69828 1.69828 1.69828 1.75831 1.64218 1.32339 1.32339 1.31855 1.26861 1.20780 1.14692
1.23022 1.23249 1.26334 1.31243 1.30548 1.13313 1.05091 1.04214 1.07737 1.10787 1.27788 1.30020 1.30020 1.30020 1.29133 1.41209 1.47500 1.43110 1.37334 1.28831 1.22000 1.17672 1.13032 1.08996 1.08622 1.08622 1.08622 1.08622 1.08278 1.08101 1.06875 1.03174 0.998490 1.05800 1.05438 1.05438 1.05438 1.06941 1.62130 1.73650 1.70894 1.66771 1.67281 1.68622 1.69788 1.70670 1.71052 1.70471 1.69911 1.69828 1.69828 1.69828 1.69828 1.69828 1.69828 1.69828 1.69828 1.69828 1.70332 1.77792 1.24166 1.16620 1.11021 1.09925 1.09925 1.09925
1.38385 1.39644 1.38310 1.32652 1.25959 1.13307 1.04963 1.05154 1.06880 1.11707 1.21418 1.30020 1.30005 1.26554 1.18696 1.10575 1.17942 1.12628 1.08850 1.08622 1.08622 1.08622 1.08622 1.08622 1.08622 1.08622 1.08351 1.05306 1.01389 0.972464 0.947027 0.946327 0.946327 0.998583 0.989638 0.917159 0.829476 0.734610 1.14101 1.69883 1.71421 1.71936 1.71308 1.70674 1.70048 1.69828 1.69828 1.69828 1.69828 1.69828 1.69828 1.69828 1.69828 1.69828 1.69828 1.68488 1.64050 1.59486 1.54937 1.61374 1.32883 1.09925 1.09925 1.09925 1.09925 1.12655
1.26855 1.23283 1.19715 1.18080 1.18080 1.15480 1.06471 1.05154 1.05168 1.09743 1.08086 1.08450 0.994150 0.941492 0.940374 0.884922 1.04611 1.08622 1.08622 1.08622 1.08622 1.08622 1.08622 1.06913 1.03146 0.993802 0.958799 0.951540 0.951480 0.945738 0.938785 0.918168 0.893106 0.841791 0.640781 0.602356 0.590602 0.595025 0.752293 1.59643 1.70242 1.69835 1.69828 1.69828 1.69828 1.69828 1.69828 1.69828 1.69828 1.69828 1.69828 1.69367 1.65498 1.60934 1.56366 1.53144 1.53018 1.53018 1.53018 1.54873 1.55388 1.14015 1.22693 1.30781 1.37912 1.42089
1.18080 1.18080 1.18080 1.18080 1.18080 1.17756 1.05734 0.949726 0.889974 0.893696 0.940374 0.940374 0.940374 0.940374 0.940374 0.923421 0.946190 1.08622 1.08622 1.08102 1.04757 1.00991 0.972199 0.951580 0.951540 0.940685 0.914602 0.887333 0.857699 0.826105 0.800905 0.796844 0.796844 0.796910 0.678672 0.648593 0.685783 0.718551 0.723426 1.25867 1.69828 1.69828 1.69828 1.69828 1.69828 1.69828 1.69828 1.69789 1.66942 1.62379 1.57814 1.53710 1.53018 1.53018 1.53018 1.53018 1.53013 1.51176 1.47288 1.43751 1.67705 1.47852 1.41810 1.36408 1.28924 1.21431
1.18080 1.18080 1.18080 1.18080 1.18080 1.18080 0.983094 0.847675 0.839511 0.850421 0.938815 0.940374 0.940374 0.940374 0.940374 0.940228 0.858163 1.01561 0.988307 0.955795 0.945467 0.911568 0.880461 0.850369 0.817461 0.796139 0.796844 0.796844 0.796844 0.796844 0.804269 0.838951 0.876087 0.913211 0.879839 0.723426 0.723426 0.723426 0.723426 0.913494 1.61732 1.69828 1.69828 1.69828 1.68312 1.63823 1.59263 1.54736 1.53018 1.53018 1.53018 1.53018 1.52643 1.49375 1.45670 1.42025 1.37320 1.33993 1.32177 1.27749 1.32353 1.44439 1.16550 1.14458 1.14458 1.14458
1.18080 1.18080 1.18080 1.18080 1.18080 1.18080 1.13274 0.867797 0.839511 0.839511 0.912711 0.940374 0.933337 0.904371 0.875699 0.841818 0.771396 0.798345 0.843059 0.809643 0.782380 0.792654 0.796844 0.796844 0.796844 0.796844 0.797614 0.823010 0.860201 0.897392 0.927158 0.929668 0.929668 0.929668 0.929524 0.762950 0.723426 0.723426 0.723426 0.732058 1.37227 1.65272 1.60707 1.56143 1.53097 1.53018 1.53018 1.53004 1.51191 1.47663 1.44121 1.39715 1.35256 1.32880 1.31077 1.28387 1.22633 1.16647 1.10652 1.07291 1.07414 1.41643 1.15204 1.14458 1.14458 1.14458
1.18080 1.18080 1.18080 1.18080 1.18080 1.18080 1.18080 0.963843 0.843431 0.813374 0.814720 0.835387 0.803364 0.800244 0.804016 0.819745 0.839969 0.727039 0.796834 0.796844 0.796844 0.796844 0.796844 0.808041 0.844262 0.881453 0.917873 0.929668 0.929668 0.929668 0.929668 0.929668 0.929668 0.929668 0.929668 0.851984 0.723461 0.737095 0.761599 0.786154 1.09216 1.51478 1.53018 1.52259 1.49428 1.46050 1.42148 1.37345 1.33880 1.31780 1.29998 1.29071 1.24533 1.18538 1.12548 1.07710 1.07280 1.07280 1.07280 1.07280 1.07280 1.26205 1.28096 1.14458 1.14458 1.14441
1.18080 1.18080 1.18080 1.18080 1.18117 1.18571 1.19144 1.13399 0.806682 0.762494 0.790771 0.824390 0.844112 0.856685 0.861555 0.861555 0.861555 0.780000 0.776202 0.799089 0.828377 0.865567 0.902758 0.928739 0.929668 0.929668 0.929668 0.929668 0.929668 0.929668 0.929668 0.929668 0.929668 0.934516 0.957340 0.975697 0.817703 0.810938 0.809990 0.790310 0.861272 1.36277 1.39716 1.35513 1.32745 1.30680 1.29402 1.29351 1.26422 1.20430 1.14442 1.08728 1.07280 1.07280 1.07280 1.07280 1.07280 1.07280 1.07280 1.07280 1.07280 1.09746 1.40119 1.13647 1.13079 1.12530
1.18211 1.18754 1.19327 1.21109 1.25146 1.28821 1.33438 1.40078 1.04518 0.849792 0.861555 0.861555 0.861555 0.861555 0.861555 0.861555 0.874147 0.884677 0.826884 0.921765 0.929668 0.929668 0.929668 0.929668 0.929668 0.929668 0.929668 0.929668 0.929668 0.930150 0.946803 0.971367 0.995845 1.01550 1.00698 0.971577 0.843820 0.724790 0.695530 0.679970 0.733870 1.04592 1.28633 1.29351 1.27996 1.22328 1.16334 1.10342 1.07280 1.07280 1.07280 1.07280 1.07280 1.07280 1.07280 1.07280 1.07280 1.07280 1.07194 1.06774 1.06320 1.05867 1.31456 1.17691 1.12370 1.12370
1.26370 1.29955 1.34151 1.39742 1.43903 1.48994 1.52791 1.52841 1.36452 0.869494 0.861555 0.861555 0.865157 0.891074 0.920826 0.950579 0.967719 0.967814 0.877055 0.922950 0.929668 0.929668 0.929668 0.929668 0.929668 0.929668 0.936941 0.960805 0.985309 1.00866 0.990953 0.955756 0.923800 0.890637 0.865374 0.858647 0.834294 0.669414 0.665535 0.665535 0.682600 0.920079 1.15458 1.12237 1.07600 1.07280 1.07280 1.07280 1.07280 1.07280 1.07280 1.07280 1.07280 1.07280 1.07260 1.06918 1.06465 1.06011 1.05643 1.05609 1.05609 1.05609 1.13239 1.33325 1.08588 0.963454
1.42998 1.47864 1.52491 1.52841 1.52841 1.52841 1.52841 1.52841 1.52841 1.03137 0.906377 0.937828 0.963978 0.967814 0.967814 0.967814 0.967814 0.967814 0.929549 0.886526 0.929668 0.929668 0.931095 0.950304 0.974807 0.991308 0.973611 0.940724 0.909789 0.878287 0.863974 0.858208 0.852684 0.851185 0.851185 0.851185 0.851185 0.752536 0.744769 0.801978 0.856367 0.963066 1.08885 1.06934 1.07280 1.07280 1.07280 1.07280 1.07280 1.07280 1.07280 1.07062 1.06608 1.06155 1.05721 1.05609 1.05609 1.05609 1.05609 1.05609 1.06542 1.10265 1.14285 1.09347 0.438026 0.398906
1.52841 1.52841 1.52841 1.52841 1.52841 1.52841 1.52841 1.52841 1.52841 1.39396 0.986368 0.967814 0.967814 0.967814 0.967814 0.967814 0.967814 0.967814 0.965758 0.872965 0.963647 0.966271 0.953438 0.926278 0.896063 0.870847 0.863515 0.857762 0.852578 0.851185 0.851185 0.851185 0.851185 0.857151 0.905901 0.963110 1.02032 1.01360 0.869852 0.869852 0.869852 0.907420 1.09453 1.04576 1.07280 1.07280 1.07280 1.07180 1.06753 1.06299 1.05845 1.05609 1.05609 1.05609 1.05609 1.05713 1.08386 1.12327 1.15846 1.13436 1.07728 0.982841 0.895448 0.742879 0.612756 0.707442
1.52841 1.52841 1.52841 1.52841 1.52841 1.52841 1.52841 1.52841 1.52841 1.52554 1.10959 0.967697 0.967814 0.967814 0.967814 0.970104 0.984838 0.987626 0.987796 0.899184 0.850737 0.868816 0.863067 0.857367 0.852801 0.851185 0.851185 0.851185 0.851185 0.851206 0.881383 0.938592 0.995801 1.04704 1.05550 1.05550 1.05550 1.05548 0.908053 0.869852 0.869852 0.871161 1.01070 1.09393 1.06840 1.06443 1.05989 1.05635 1.05609 1.05609 1.05609 1.06845 1.10442 1.14383 1.14773 1.10132 1.02163 0.918779 0.817754 0.849826 0.921051 0.992249 1.04318 1.02640 0.763113 0.748282
1.52841 1.52841 1.52841 1.52841 1.52841 1.52841 1.52841 1.52841 1.52841 1.52841 1.36212 0.980514 0.972295 0.972809 0.972978 0.957474 0.912534 0.874232 0.832175 0.772319 0.692935 0.851185 0.851185 0.851185 0.851185 0.851185 0.861462 0.914074 0.971283 1.02847 1.05550 1.05550 1.05550 1.05550 1.05550 1.05550 1.05550 1.05550 0.987740 0.869852 0.874393 0.885515 0.959255 1.16136 1.04965 1.05609 1.05983 1.08840 1.12501 1.15242 1.11695 1.05507 0.959960 0.850598 0.783866 0.827168 0.898419 0.969644 1.03405 1.04533 1.04533 1.04533 1.04533 1.04533 0.873873 0.748282
3.48457 3.50618 3.52780 3.54765 3.55147 0.00000 0.438718 0.438718 0.438718 0.438718 0.438718 0.438718 1.18141 1.26127 1.26127 1.26127 1.26127 1.22919 1.15620 1.15620 1.15620 1.15620 1.15620 1.15620 1.18434 1.29956 1.42087 1.54228 1.64876 1.66421 1.61599 1.66568 2.32473 2.49179 2.65870 2.76610 2.76813 2.76813 2.76813 2.76813 2.76813 2.76813 2.76813 2.76813 2.76813 2.76813 2.30581 1.65062 1.63719 1.63719 1.63719 1.63719 1.63719 1.63719 1.54064 1.57003 1.58747 1.57765 1.62706 1.69790 1.78668 1.93846 2.08706 2.18930 2.29080 2.35132
3.55147 3.55147 3.55147 3.55147 3.55147 0.00000 0.438718 0.438718 0.438718 0.438718 0.438718 0.438718 0.957963 1.26127 1.26127 1.26127 1.26127 1.26127 1.17229 1.15620 1.20182 1.32212 1.44348 1.56484 1.65806 1.66421 1.66421 1.68089 1.82229 1.98096 2.11943 2.25352 2.67382 2.76813 2.76813 2.76813 2.76813 2.76813 2.76813 2.76813 2.76813 2.76813 2.76813 2.76813 2.76813 2.76813 2.72835 1.75879 1.63719 1.63719 1.63719 1.63719 1.63170 1.60616 1.53496 1.65570 1.84917 2.00825 2.12362 2.22523 2.31926 2.35063 2.35363 2.35363 2.35363 2.35363
3.55147 3.56131 3.61394 3.68787 3.78992 0.00000 0.00000 0.438718 0.438718 0.438718 0.438718 0.438718 0.599740 1.25747 1.26127 1.26150 1.36201 1.54397 1.61099 1.58740 1.66314 1.66421 1.66421 1.66980 1.78415 1.92828 2.05819 2.16228 2.16122 2.15130 2.15130 2.16169 2.42855 2.76813 2.76813 2.76813 2.76813 2.76813 2.76813 2.76813 2.76813 2.76813 2.76813 2.76813 2.76813 2.76813 2.76813 2.18001 1.64362 1.60098 1.54747 1.49508 1.47826 1.49573 1.55481 1.90363 2.31266 2.34980 2.35363 2.35363 2.35363 2.35363 2.35363 2.34393 2.32255 2.30117
3.81369 3.93768 3.95008 3.95008 3.95008 0.00000 0.00000 0.438718 0.438718 0.438718 0.438718 0.449081 0.707858 1.50148 1.75993 1.94174 2.02328 2.02253 1.99513 1.69389 1.74934 1.88412 2.00630 2.11731 2.15130 2.15130 2.15130 2.15130 2.15130 2.15130 2.15184 2.19153 2.21167 2.74938 2.76813 2.76813 2.76813 2.76813 2.76813 2.76813 2.76813 2.76813 2.76813 2.76813 2.76292 2.70975 2.64492 2.47928 1.56414 1.50865 1.56788 1.63164 1.66545 1.68489 1.68965 1.81663 2.22687 2.35363 2.35363 2.35066 2.33169 2.31029 2.28889 2.27721 2.27719 2.27719
3.95008 3.95008 3.95008 3.95008 3.95008 0.00000 0.00000 0.00000 0.759097 1.13976 1.50370 1.85742 1.91834 1.86481 1.89221 1.95122 1.94966 1.97714 2.00891 2.06866 2.15130 2.15130 2.15130 2.15130 2.15130 2.16853 2.22990 2.29353 2.35712 2.42070 2.48387 2.50686 2.22486 2.57707 2.76813 2.76813 2.76813 2.76813 2.76813 2.76813 2.75115 2.68870 2.62396 2.58766 2.60174 2.66386 2.69391 2.68232 2.08066 1.69030 1.68965 1.68965 1.68965 1.68965 1.68965 1.69967 2.06416 2.31923 2.29802 2.27959 2.27719 2.27719 2.27719 2.27719 2.27719 2.27719
3.95008 3.95008 3.95008 3.95008 3.95008 0.00000 1.09018 1.09018 1.54861 1.67363 1.60956 1.55824 1.53971 1.64151 1.82581 2.02120 2.05111 2.05193 2.05193 2.06250 2.20067 2.26849 2.33208 2.39570 2.45929 2.50573 2.50794 2.50794 2.50794 2.50794 2.50794 2.50794 2.35801 2.31929 2.76697 2.76805 2.73259 2.66776 2.60445 2.59031 2.61671 2.68840 2.73216 2.70368 2.62990 2.55586 2.52568 2.52568 2.41255 1.77026 1.68965 1.68965 1.68481 1.66456 1.64315 1.62189 1.81012 2.21047 2.27719 2.27719 2.27719 2.27719 2.27719 2.27719 2.27719 2.27719
3.95008 3.95008 3.95008 3.95008 3.95008 1.09018 1.09018 1.09018 1.11268 1.58306 1.69386 1.76957 1.82607 1.83487 1.90527 2.08430 2.20771 2.27126 2.33496 2.39480 2.46694 2.50794 2.50794 2.50794 2.50794 2.50794 2.50794 2.50794 2.50794 2.50794 2.50794 2.50832 2.47191 2.14211 2.50009 2.59354 2.63840 2.71259 2.76656 2.71872 2.64433 2.56999 2.52602 2.52568 2.52568 2.52568 2.52568 2.52568 2.52511 2.00202 1.65433 1.63089 1.61434 1.61321 1.61321 1.61321 1.66623 2.08733 2.27719 2.27719 2.27719 2.27719 2.28726 2.34174 2.40139 2.43525
3.95008 3.95008 3.95008 3.95008 3.95008 1.20294 1.44837 1.61544 1.73761 1.84023 1.88410 1.90664 1.92693 1.94530 2.04183 2.29282 2.40856 2.40856 2.40856 2.40856 2.42386 2.50735 2.50794 2.50794 2.50794 2.50794 2.50794 2.50892 2.51575 2.52355 2.53135 2.53878 2.54061 2.26340 2.25922 2.73321 2.65883 2.58447 2.52877 2.52568 2.52568 2.52568 2.52568 2.52568 2.52568 2.52568 2.52568 2.52568 2.52568 2.33074 1.66775 1.61321 1.61321 1.61321 1.61321 1.61321 1.61321 1.89200 2.25923 2.31648 2.37454 2.36470 2.30865 2.20946 2.14008 2.13819
6.94465 3.95008 3.95008 0.00000 0.00000 1.86443 1.89739 1.92499 1.94771 1.95274 1.95492 1.95495 1.95495 1.95495 1.96003 2.22900 2.39051 2.40856 2.40856 2.40856 2.40856 2.47900 2.50794 2.50979 2.51722 2.52502 2.53282 2.53964 2.54061 2.54061 2.53774 2.49484 2.44428 2.26838 1.78042 2.45843 2.52568 2.52568 2.52568 2.52568 2.52568 2.52568 2.52568 2.52568 2.52568 2.52568 2.52568 2.52568 2.52568 2.51601 1.87906 1.61333 1.61321 1.61321 1.61321 1.62930 1.69189 1.86417 2.11425 2.16992 2.11341 2.15342 2.24059 2.32644 2.37743 2.38652
