results/OMI_NO2_201002.asc
ncols      200
nrows      200
xllcorner       120.258
yllcorner       41.1236
cellsize     0.0166667
NODATA_Value      -999.000
[rows 0 to 28 of 175, columns 130 to 194 of 200]
0.819546 0.819546 0.819546 0.819546 0.819546 0.819546 0.819546 0.819546 0.819546 0.00000 0.00000 0.00000 0.00000 0.00000 0.00000 0.00000 1.31690 1.31690 1.31690 0.996580 0.607397 0.607397 0.607397 0.630104 0.674860 0.708658 0.734950 0.663460 0.607397 0.607397 0.607397 0.607397 0.607397 0.607397 0.607397 0.607397 0.650767 0.799512 0.904305 0.977512 1.00168 1.00168 1.00168 1.02062 1.33082 1.22439 1.13924 1.08008 1.06396 1.06396 1.04359 1.00333 0.970112 0.942275 0.921169 0.918194 0.918194 0.918194 0.918194 0.918194 0.918194 0.924609 0.985774 0.648274 0.626666
0.819546 0.819546 0.819546 0.819546 0.819546 0.819546 0.819546 0.819546 0.819546 0.00000 0.00000 0.00000 1.31690 1.31690 1.31690 1.31690 1.31690 1.30858 1.26037 1.18056 0.743644 0.748285 0.766859 0.776357 0.776433 0.776433 0.776433 0.735317 0.607397 0.607397 0.607397 0.607397 0.611399 0.736019 0.861992 0.947555 0.998096 1.00168 1.00168 1.00168 1.00017 0.974904 0.947518 0.925694 0.993632 1.06036 1.02442 0.987572 0.956935 0.931134 0.918233 0.918194 0.918194 0.918194 0.918194 0.918194 0.918194 0.918194 0.918194 0.918194 0.918166 0.903598 0.911854 0.788329 0.626666
0.819546 0.819546 0.819546 0.819546 0.819546 0.819546 0.819546 0.819546 0.867195 1.31690 1.31690 1.31633 1.27954 1.23385 1.19878 1.17130 1.14923 1.13322 1.13118 1.13118 0.921093 0.776433 0.776433 0.776433 0.776433 0.776433 0.776433 0.771938 0.621770 0.646874 0.811665 0.912593 0.982644 1.00168 1.00168 1.00168 1.00168 0.989238 0.959147 0.935014 0.916230 0.920663 0.953537 0.987720 1.01245 0.922459 0.918194 0.918194 0.918194 0.918194 0.918194 0.918194 0.918194 0.918194 0.918194 0.918194 0.918194 0.913379 0.888954 0.862418 0.835921 0.823963 0.827663 0.852711 0.636675
0.819546 0.819546 0.819546 0.819546 0.868470 0.948053 1.01782 1.11602 1.19406 1.20708 1.15733 1.13789 1.13118 1.13118 1.13118 1.13118 1.13118 1.13118 1.13118 1.13118 1.07575 0.778438 0.776433 0.776433 0.776433 0.776433 0.776433 0.776433 0.699866 0.670511 0.993630 1.00168 1.00168 0.999046 0.972071 0.945293 0.923904 0.930061 0.963974 0.998172 1.03236 1.05768 1.05899 1.05899 1.05899 0.951964 0.918194 0.918194 0.918194 0.918194 0.918194 0.918194 0.918194 0.917874 0.900827 0.874292 0.847775 0.826054 0.823963 0.823963 0.823963 0.825074 0.848953 0.879850 0.762056
0.884418 1.00294 1.12024 1.20760 1.27262 1.33072 1.37744 1.38158 1.38158 1.24826 1.13118 1.13118 1.13118 1.13118 1.13118 1.13118 1.13118 1.13118 1.13118 1.13118 1.13118 0.879745 0.776433 0.776433 0.776433 0.776433 0.776433 0.776433 0.753426 0.607397 0.876127 0.956668 0.935146 0.944125 0.974412 1.00861 1.04281 1.05899 1.05899 1.05899 1.05899 1.05899 1.05899 1.05899 1.05899 1.01309 0.918194 0.918194 0.918194 0.918194 0.911560 0.886174 0.859648 0.833442 0.823963 0.823963 0.823963 0.823963 0.834826 0.867168 0.900079 0.931887 0.940903 0.934270 0.853387
1.35410 1.38158 1.38158 1.38158 1.38158 1.38158 1.38158 1.38158 1.38158 1.34456 1.13196 1.13118 1.13118 1.13118 1.13118 1.13118 1.13118 1.13118 1.13118 1.13118 1.13118 1.03637 0.776433 0.776433 0.776433 0.776433 0.776433 0.776433 0.786617 0.751412 0.808427 1.01421 1.05138 1.05899 1.05899 1.05899 1.05899 1.05899 1.05899 1.05899 1.05899 1.05899 1.05899 1.05899 1.05899 1.05706 0.934435 0.898057 0.871521 0.844995 0.825103 0.823963 0.823963 0.823963 0.826161 0.852449 0.885368 0.918287 0.940330 0.940903 0.940903 0.940903 0.946548 0.964651 0.956631
1.38158 1.38158 1.38158 1.38158 1.38158 1.38158 1.38158 1.38158 1.38158 1.38158 1.19198 1.13118 1.13118 1.13118 1.13118 1.13118 1.13118 1.13118 1.13118 1.13118 1.13118 1.13033 0.839188 0.776433 0.799244 0.850453 0.901729 0.953021 0.993901 1.01325 0.937860 1.00078 1.05899 1.05899 1.05899 1.05899 1.05899 1.05899 1.05899 1.05899 1.05899 1.05899 1.05899 1.05025 1.02420 0.997671 0.907547 0.823963 0.823963 0.823963 0.823963 0.837843 0.870657 0.903564 0.934284 0.940903 0.940903 0.941365 0.954281 0.972848 0.991373 1.00993 1.02283 1.02328 1.02003
1.38158 1.38158 1.38158 1.38158 1.38158 1.38158 1.38158 1.38158 1.38158 1.38158 1.28905 1.13118 1.13118 1.13118 1.13118 1.13118 1.13118 1.13118 1.13118 1.12931 1.03835 0.898056 0.801937 0.968705 0.997169 0.997257 1.00265 1.03634 1.07412 1.11558 1.02876 0.917438 1.05502 1.05899 1.05899 1.05899 1.05899 1.05899 1.05899 1.05723 1.03608 1.00954 0.983018 0.965227 0.964756 0.964756 0.955348 0.833663 0.855934 0.888859 0.921772 0.940798 0.940903 0.944981 0.962485 0.981027 0.999569 1.01766 1.02328 1.02328 1.02328 1.02328 1.02328 1.02328 1.02328
1.38158 1.38158 1.38158 1.38158 1.38158 1.38158 1.38158 1.38158 1.38158 1.38158 1.37164 1.14569 1.13118 1.13118 1.13118 1.12340 1.01418 0.873883 0.733643 0.595159 0.546129 0.569193 0.620877 1.05754 1.13387 1.17165 1.20399 1.20808 1.20808 1.20808 1.12101 0.937194 1.00184 1.05899 1.05899 1.05899 1.04785 1.02142 0.994901 0.970127 0.964756 0.964756 0.964756 0.964768 0.982016 1.01494 1.04785 0.994047 0.941002 0.952131 0.970665 0.989223 1.00776 1.02223 1.02328 1.02328 1.02328 1.02328 1.02328 1.02328 1.02328 1.02328 1.02328 1.02328 1.04230
1.38158 1.38158 1.38158 1.38158 1.38158 1.38158 1.38158 1.38158 1.38158 1.38158 1.38158 1.21483 0.990066 0.849768 0.709470 0.586169 0.591160 0.628939 0.666697 0.704477 0.741982 0.756697 0.756697 0.985357 1.20808 1.20808 1.20808 1.20808 1.20808 1.20808 1.17701 1.02343 0.918489 1.03134 1.00677 0.980248 0.964850 0.964756 0.964756 0.964756 0.970240 1.00021 1.03313 1.06605 1.08043 1.06964 1.05692 1.03339 1.01587 1.02328 1.02328 1.02328 1.02328 1.02328 1.02328 1.02328 1.02328 1.02328 1.02328 1.02328 1.02661 1.07633 1.14102 1.20563 1.25130
1.38158 1.38158 1.38158 1.38158 1.38158 1.38158 1.38158 1.34933 1.21629 1.07409 0.880424 0.651831 0.650907 0.688665 0.726465 0.754989 0.756697 0.756697 0.756697 0.756697 0.756697 0.756697 0.756697 0.799024 1.19621 1.20808 1.20808 1.20808 1.20808 1.20808 1.20611 1.07214 0.936532 0.940064 0.964756 0.964756 0.965037 0.985513 1.01842 1.05133 1.07514 1.06572 1.05300 1.04028 1.02884 1.02690 1.02690 1.02690 1.02428 1.02328 1.02328 1.02328 1.02328 1.02328 1.02328 1.02328 1.02328 1.04800 1.11217 1.17680 1.23814 1.25303 1.25303 1.25303 1.25303
1.38158 1.38158 1.38158 1.33084 1.17602 0.963928 0.747099 0.562605 0.478775 0.404114 0.381026 0.381101 0.688874 0.756697 0.756697 0.756697 0.756697 0.756697 0.756697 0.756697 0.756697 0.756697 0.756697 0.756697 1.04044 1.20808 1.20808 1.20808 1.20808 1.20808 1.20808 1.14536 1.02228 0.915942 1.00259 1.03659 1.06208 1.06180 1.04908 1.03636 1.02728 1.02690 1.02690 1.02690 1.02690 1.02690 1.02690 1.02690 1.02584 1.02328 1.02328 1.02328 1.02328 1.02923 1.08329 1.14794 1.21259 1.25252 1.25303 1.25303 1.25303 1.25147 1.24145 1.23016 1.21887
1.04737 0.830586 0.613716 0.447634 0.385677 0.381026 0.381026 0.381026 0.381026 0.381026 0.381026 0.381026 0.543627 0.756697 0.756697 0.756697 0.756697 0.756697 0.756697 0.756697 0.756697 0.756697 0.756697 0.756697 0.842755 1.20763 1.20808 1.20808 1.20808 1.20808 1.20808 1.19041 1.01579 1.01483 1.03408 1.03247 1.02690 1.02690 1.02690 1.02690 1.02690 1.02690 1.02690 1.02690 1.02690 1.02690 1.02690 1.02690 1.02687 1.02381 1.05443 1.11911 1.18374 1.24246 1.25303 1.25303 1.25303 1.25300 1.24653 1.23524 1.22395 1.21421 1.21294 1.21294 1.21294
0.381212 0.381026 0.381026 0.381026 0.381026 0.381026 0.381026 0.381026 0.381026 0.381026 0.381026 0.381026 0.408874 0.746134 0.756697 0.756697 0.756697 0.756697 0.756697 0.756697 0.756697 0.756697 0.756697 0.756697 0.756697 1.09555 1.20808 1.20366 1.18556 1.16648 1.14740 1.12965 0.963578 0.902019 0.988952 1.02611 1.02690 1.02690 1.02690 1.02690 1.02690 1.02690 1.02690 1.02690 1.02690 1.02690 1.03618 1.09385 1.15850 1.22161 1.25303 1.25303 1.25303 1.25303 1.25082 1.24032 1.22903 1.21777 1.21294 1.21294 1.21294 1.22226 1.24396 1.26572 1.28747
0.457798 0.381026 0.381026 0.381026 0.381026 0.381026 0.381026 0.381026 0.381026 0.381026 0.381026 0.381026 0.381026 0.628742 0.756697 0.756697 0.756697 0.756697 0.756697 0.756697 0.756697 0.756697 0.756697 0.780387 0.838174 0.987170 1.14153 1.12686 1.12588 1.12692 1.18148 1.26603 1.24051 0.884647 0.956211 1.01309 1.02690 1.02690 1.02690 1.02690 1.02690 1.02690 1.02715 1.06499 1.12964 1.19430 1.24967 1.25665 1.25665 1.25647 1.25306 1.24540 1.23411 1.22282 1.21373 1.21294 1.21449 1.23204 1.25378 1.27555 1.29730 1.30972 1.30978 1.30978 1.30978
0.596277 0.381026 0.381026 0.381026 0.381026 0.381026 0.381026 0.381026 0.381026 0.381026 0.381026 0.381026 0.381026 0.483410 0.756697 0.756697 0.756697 0.756697 0.756842 0.790018 0.848071 0.906051 0.964086 0.998416 1.02211 1.10519 1.29827 1.40024 1.48475 1.56827 1.59826 1.59826 1.57150 0.923116 0.903052 0.989362 1.02615 1.02690 1.02690 1.04025 1.10079 1.16541 1.22984 1.25665 1.25665 1.25665 1.25665 1.25368 1.24281 1.23151 1.21837 1.21294 1.22043 1.24186 1.26362 1.28538 1.30557 1.30978 1.30978 1.30978 1.30978 1.30978 1.30978 1.30978 1.30978
0.688547 0.427099 0.381026 0.381026 0.381026 0.381026 0.381026 0.381026 0.381026 0.381026 0.381026 0.381026 0.381026 0.384069 0.712490 0.799940 0.857944 0.915972 0.978484 1.06897 1.15353 1.23809 1.32264 1.40720 1.46833 1.47107 1.52639 1.59826 1.59826 1.59826 1.59826 1.59826 1.59826 1.24247 0.884647 0.956950 1.04315 1.13656 1.20123 1.25251 1.25665 1.25665 1.25665 1.25622 1.24789 1.23660 1.22531 1.21810 1.26192 1.32834 1.38358 1.29690 1.30947 1.30978 1.30978 1.30978 1.30978 1.30978 1.30978 1.30978 1.30978 1.30978 1.30978 1.30967 1.25536
0.690902 0.563213 0.381026 0.381026 0.381026 0.381026 0.381026 0.381026 0.381026 0.381026 0.386023 0.434166 0.492194 0.579468 0.905558 1.20318 1.28773 1.37229 1.45217 1.47107 1.47107 1.47107 1.47107 1.47107 1.47107 1.47107 1.47776 1.59097 1.59826 1.59826 1.59826 1.59826 1.59826 1.47919 0.884647 0.903895 1.03000 1.25269 1.25665 1.25665 1.25280 1.24168 1.23039 1.22753 1.28244 1.34883 1.41526 1.48056 1.50274 1.50274 1.50274 1.36803 1.30978 1.30978 1.30978 1.30978 1.30978 1.30978 1.30978 1.30978 1.29199 1.20018 1.10026 1.00040 0.954782
0.842291 0.842291 0.842291 0.842291 0.842291 0.842291 0.842291 0.842291 0.842291 0.604851 1.25590 2.33714 2.32178 2.31970 2.76087 2.83186 2.83186 2.83186 2.83186 2.83186 2.86356 3.00234 3.14979 3.29494 3.21610 2.97424 2.62290 2.24718 2.06522 1.48529 1.43743 1.43743 1.43743 1.43743 1.43743 1.43743 1.44719 2.08375 2.17653 2.17653 2.17653 2.17653 2.17653 2.17653 2.17653 2.17653 2.17653 2.17653 2.27487 2.35737 2.35737 2.35737 2.35737 2.35737 2.35737 2.35687 2.26016 2.09186 1.92343 1.75507 1.65568 1.65444 2.34671 2.68568 2.66925
0.842291 0.842291 0.842291 0.842291 0.842291 0.842291 0.838411 0.817395 0.794361 0.644430 0.562825 2.14542 2.30580 2.30580 2.49737 2.89155 3.03837 3.18566 3.33326 3.47659 3.35296 2.98492 2.60829 2.23379 2.08329 2.08329 2.08329 2.08329 2.08329 1.71610 1.43743 1.43743 1.43743 1.43743 1.43743 1.43743 1.43743 1.76755 2.17653 2.17653 2.17653 2.17653 2.17653 2.17653 2.17653 2.17653 2.17653 2.17653 2.20624 2.35719 2.35737 2.35217 2.23122 2.06285 1.89449 1.72662 1.64893 1.63267 1.61624 1.59982 1.58339 1.56750 1.81043 2.62260 2.62260
0.842291 0.842291 0.842062 0.827509 0.804506 0.781433 0.762287 0.760261 0.760261 0.742017 0.577772 1.55532 2.56574 2.66398 2.78925 3.52225 3.34694 2.97031 2.59353 2.22070 2.08329 2.08329 2.08329 2.08329 2.08329 2.08329 2.08329 2.08329 2.08329 1.96499 1.43750 1.43743 1.43743 1.43743 1.43743 1.43743 1.43743 1.48036 2.13790 2.17653 2.17653 2.17653 2.17653 2.17653 2.17653 2.17653 2.17653 2.16157 2.02144 1.99467 1.86384 1.68669 1.62285 1.60642 1.58996 1.57354 1.56314 1.56298 1.56298 1.56298 1.56298 1.56298 1.56341 2.41272 2.62260
0.814598 0.791555 0.768751 0.760261 0.761199 0.789524 0.824790 0.854587 0.880071 0.901938 0.978904 1.16744 2.58650 2.38826 2.13717 2.02026 2.08329 2.08329 2.08329 2.08329 2.08329 2.08329 2.08329 2.08329 2.08329 2.08329 2.08329 2.08329 2.08329 2.08329 1.56809 1.43743 1.43743 1.43743 1.43743 1.43743 1.43743 1.43743 1.85484 2.17653 2.17653 2.17653 2.17653 2.14696 1.99250 1.86030 1.77854 1.71208 1.77083 1.74933 1.56541 1.56298 1.56298 1.56298 1.56298 1.56298 1.56298 1.56298 1.56298 1.56298 1.56298 1.56298 1.56298 1.95628 2.62260
0.792378 0.827233 0.856625 0.881838 0.903239 0.909464 0.909464 0.909459 0.909105 0.908530 0.932900 1.02116 1.48985 1.80675 1.80675 1.82140 2.06543 2.08329 2.08329 2.08329 2.08329 2.08329 2.08329 2.08329 2.08329 2.08329 2.08329 2.08329 2.08329 2.08329 1.81696 1.43743 1.43743 1.43743 1.43743 1.43743 1.43743 1.43743 1.53669 2.12431 2.03607 1.95480 1.87322 1.82146 1.89449 1.94527 1.94560 1.94560 1.94560 1.92272 1.57695 1.56298 1.56298 1.56298 1.56298 1.56298 1.56298 1.56298 1.56298 1.56298 1.56298 1.56298 1.56298 1.59265 2.52926
0.909464 0.909464 0.909464 0.909463 0.909155 0.908580 0.907984 0.907435 0.907215 0.907215 0.907295 1.00129 1.14412 1.80212 1.80675 1.80675 1.93274 2.08329 2.08329 2.08329 2.08329 2.08329 2.08329 2.08329 2.08329 2.08329 2.08329 2.08329 2.08329 2.08329 2.04274 1.46049 1.43743 1.43743 1.46228 1.48060 1.36958 1.25497 1.14025 1.66278 1.94560 1.94560 1.94560 1.94560 1.94560 1.94560 1.94560 1.94560 1.94560 1.94560 1.69920 1.56298 1.56298 1.56298 1.56298 1.56298 1.56298 1.56298 1.56298 1.56298 1.56298 1.56298 1.56298 1.56298 2.10191
0.909226 0.908630 0.908056 0.907481 0.907215 0.907215 0.907215 0.907215 0.907215 0.907215 0.907215 0.956821 1.02100 1.57495 1.80675 1.80675 1.82965 2.07755 2.08329 2.08329 2.08329 2.08329 2.08329 2.08329 2.08329 2.08329 2.08329 2.08329 2.08345 2.10396 2.13857 1.76958 1.48510 1.37041 1.23084 1.09791 1.09424 1.09424 1.09424 1.30435 1.94560 1.94560 1.94560 1.94560 1.94560 1.94560 1.94560 1.94560 1.94560 1.94560 1.84429 1.56298 1.56298 1.56298 1.56298 1.56298 1.56298 1.56298 1.56298 1.56298 1.56298 1.56298 1.56298 1.54736 1.58479
0.907216 0.907215 0.907215 0.907215 0.907215 0.907215 0.907215 0.907215 0.907215 0.907215 0.907215 0.915591 1.01768 1.25077 1.91154 1.99186 2.06973 2.08787 2.08329 2.08329 2.08329 2.08329 2.08329 2.08534 2.11254 2.14713 2.18174 2.13635 1.97046 1.78293 1.58130 1.36081 1.09424 1.09424 1.09424 1.09424 1.09424 1.09424 1.09424 1.09501 1.78256 1.94560 1.94560 1.94560 1.94560 1.94560 1.94560 1.94560 1.94560 1.94560 1.94273 1.60959 1.56298 1.56298 1.56298 1.56298 1.56298 1.56298 1.56298 1.53806 1.46672 1.39429 1.32187 1.26502 1.26083
0.907215 0.907215 0.907215 0.907215 0.907215 0.907215 0.907215 0.907215 0.907215 0.912532 0.976589 1.05692 1.21153 1.30651 1.94476 2.09259 2.09259 2.09165 2.08948 2.12110 2.15570 2.19029 2.22497 2.17005 1.97633 1.77478 1.57308 1.45153 1.45031 1.45031 1.45031 1.44831 1.14116 1.09424 1.09424 1.09424 1.09424 1.09424 1.09424 1.09424 1.41086 1.94560 1.94560 1.94560 1.94560 1.94560 1.94560 1.94560 1.94560 1.94560 1.94560 1.75184 1.56298 1.56298 1.56298 1.52667 1.45424 1.38182 1.30942 1.26525 1.28758 1.31427 1.34096 1.36765 1.39434
0.907215 0.907215 0.907215 0.907215 0.907215 0.907215 0.941430 1.02149 1.10182 1.17682 1.19306 1.19306 1.22282 1.31498 1.62652 2.14657 2.16971 2.19277 2.24024 2.16965 1.96818 1.76656 1.56493 1.45080 1.45031 1.45031 1.45031 1.45031 1.45031 1.45031 1.45031 1.45031 1.27588 1.09424 1.09424 1.09424 1.09424 1.09424 1.09424 1.09424 1.11706 1.86693 1.94560 1.94560 1.94560 1.94560 1.94560 1.94560 1.94560 1.94560 1.94451 1.84622 1.44378 1.36946 1.31264 1.30324 1.32992 1.35662 1.38330 1.40665 1.40994 1.40994 1.40994 1.40994 1.40994
0.907215 0.907215 0.916533 0.986079 1.06640 1.14669 1.19283 1.19306 1.16158 1.08846 1.01492 0.941571 0.870403 1.34592 1.44635 2.07422 2.01037 1.87601 1.71643 1.45121 1.45031 1.45031 1.45031 1.45031 1.45031 1.45031 1.45031 1.45031 1.45031 1.45031 1.45031 1.45031 1.40918 1.09769 1.09424 1.09424 1.09424 1.09424 1.09424 1.09424 1.09424 1.51719 1.94560 1.94560 1.94560 1.94560 1.94131 1.88436 1.83350 1.88365 1.94743 2.05791 1.59239 1.39885 1.40994 1.40994 1.40994 1.40994 1.40994 1.40994 1.40994 1.40994 1.40994 1.40994 1.40994
