results/OMI_NO2_200812.asc
ncols      200
nrows      200
xllcorner       120.258
yllcorner       41.1236
cellsize     0.0166667
NODATA_Value      -999.000
[rows 116 to 144 of 200, columns 67 to 133 of 200]
5.12239 5.09344 5.39558 5.41909 5.39458 5.35625 5.31539 5.27194 5.25095 5.20380 5.15614 5.10845 4.84588 5.00971 5.03049 5.02343 4.99585 4.96128 5.03823 5.08483 5.17874 5.38892 5.43454 5.43454 5.46736 5.48093 5.51200 5.60150 5.67294 5.69954 5.73879 5.95384 6.63453 6.82079 6.96140 7.04708 7.24576 6.70192 6.33775 6.40628 6.45792 6.45806 6.45806 6.45806 6.45806 6.45806 6.45806 6.45806 6.45806 6.45806 5.93962 5.85385 5.85681 5.85072 6.10159 6.15281 6.28986 6.26371 6.23842 6.23659 6.23910 5.93143 5.62917 5.58768 5.55360 5.58302 5.70046
4.92468 4.91227 5.08981 5.18587 5.13821 5.09055 5.04289 4.99523 4.96471 4.96416 4.96085 4.86949 4.66965 4.83096 4.98903 4.98754 4.98110 4.93983 4.98143 5.06650 5.20856 5.44599 5.67999 5.77402 5.83861 5.88400 5.86736 5.91561 6.02471 6.15997 6.28137 6.38212 7.09378 7.16637 7.18442 7.10710 7.18974 7.13757 6.26433 6.39909 6.44482 6.45806 6.45806 6.45806 6.45806 6.45806 6.45806 6.46041 6.48048 6.50421 6.18244 5.95293 6.03886 6.06869 6.05047 6.03495 6.34201 6.36175 6.37480 6.27080 6.18542 5.98907 5.79590 5.81569 5.91374 5.96521 5.95939
4.83731 4.67253 4.70916 4.96292 4.96416 4.96416 4.92094 4.79533 4.67376 4.55838 4.45123 4.41901 4.41976 4.63781 4.94974 4.99261 5.04644 5.07887 5.14407 5.35566 5.57201 5.81926 6.02800 6.07968 6.23882 6.43813 6.55216 6.69668 6.81796 6.91534 7.01569 7.11865 7.16145 7.16145 7.18135 7.13177 7.13328 7.26795 6.52476 6.37073 6.42270 6.45806 6.45952 6.48626 6.54289 6.64348 6.74937 6.85314 6.93956 7.02370 6.93941 6.49037 6.49727 6.47007 6.34182 5.95717 6.17255 6.11157 6.00141 5.95600 5.94093 5.96908 6.09407 5.86495 5.84340 5.87085 5.89902
4.80175 4.70664 4.52934 4.67790 4.60552 4.49338 4.42095 4.41938 4.42070 4.42206 4.42343 4.42520 4.43131 4.49633 4.97528 5.38309 5.51519 5.63500 5.75664 5.98075 6.21529 6.67725 6.98536 7.23320 7.31460 7.31574 7.27928 7.16145 7.16145 7.16145 7.16145 7.16145 7.16145 7.16145 7.17305 7.20517 7.14276 7.31383 7.13076 6.55175 6.77478 6.93402 7.03997 7.11929 7.16963 7.17697 7.17886 7.18074 7.18215 7.18223 7.23334 6.71358 6.75683 6.66851 6.12084 5.65505 5.82718 5.99219 6.06421 6.02643 5.99005 6.01839 6.24102 6.17429 6.19040 6.19123 6.19123
4.39089 4.27615 4.14539 4.29274 4.42392 4.42529 4.42665 4.42814 4.47185 4.60703 4.75091 4.89868 5.04645 5.20500 5.61182 6.18865 6.41652 6.51164 6.58806 6.73334 6.87408 7.10903 7.23255 7.31574 7.31574 7.31574 7.31793 7.25950 7.31808 7.41352 7.51156 7.61363 7.71944 7.83675 7.96451 8.03827 7.41262 7.70320 7.97820 7.08598 7.11592 7.15898 7.17941 7.18130 7.18223 7.18223 7.21747 7.33502 7.44165 7.54248 7.59891 7.14712 6.90566 6.91859 6.29082 5.91320 5.89890 6.48470 6.48487 6.39436 6.19496 6.19496 6.26947 6.32686 6.19123 6.19123 6.19123
4.28962 4.32481 4.25319 4.33022 4.65626 4.80111 5.09553 5.28924 5.40275 5.40780 5.40780 5.45309 5.56627 5.69226 5.95354 6.45658 6.77503 6.79184 6.75014 6.80629 7.02477 7.25320 7.54910 7.77671 7.89283 8.00528 8.11875 8.09570 7.98473 7.99935 8.01427 8.02892 8.04294 8.04886 8.04886 8.12288 7.73780 7.76235 8.34538 7.98657 7.23535 7.14206 7.20042 7.31604 7.46151 7.60176 7.70456 7.72507 7.75643 7.79369 7.81730 7.56850 7.06195 7.06195 6.69189 6.16013 5.67448 6.40821 6.48487 6.47765 6.21522 6.20443 6.25647 6.51147 6.36762 6.41848 6.49571
4.49842 4.51213 4.48897 4.43482 4.69913 4.81394 5.21015 5.45649 5.57008 5.68796 5.83697 5.97932 6.09086 6.19278 6.30096 6.67254 7.20878 7.37014 7.48325 7.54070 7.62875 7.68602 8.00368 8.10332 8.17308 8.18732 8.20150 8.21317 8.07058 8.04886 8.04886 8.07617 8.20608 8.34583 8.48535 8.63339 8.39357 7.99310 8.54073 8.73452 7.79034 7.64985 7.80408 7.82685 7.81947 7.81717 7.81717 7.81717 7.81717 7.81717 7.81717 7.78622 7.09774 7.13664 7.16458 6.47788 5.88783 6.43959 6.84111 6.90522 6.78326 6.72943 6.76287 6.92334 6.91439 6.84887 6.86261
4.64650 4.58380 4.56573 4.49081 4.75855 5.16663 5.65441 6.22906 6.35202 6.47464 6.56658 6.61440 6.63934 6.66936 6.70076 6.91828 7.39868 7.67129 7.68529 7.69611 7.70376 7.70076 7.96647 8.11333 8.22520 8.22520 8.22520 8.26934 8.32841 8.36936 8.54414 8.73536 8.82419 8.90331 8.98384 9.19163 9.47882 8.90221 9.36799 9.71876 8.69075 7.87199 7.81440 7.81717 7.77117 7.66529 7.56200 7.46172 7.36414 7.26925 7.17700 7.08721 7.54350 7.81717 7.81717 7.25882 6.37074 6.36540 7.11180 7.14012 7.08492 6.83802 6.84968 6.89904 7.12023 6.98822 6.99991
4.80248 5.06553 5.28697 5.30282 5.33834 5.74220 6.01717 6.68017 6.71013 6.74013 6.77011 6.79742 6.80243 6.80243 6.81647 6.89602 7.25898 7.71386 7.74845 7.75181 7.75144 7.73010 7.85966 8.15491 8.49137 8.72865 8.94733 9.12198 9.19510 9.11832 9.15358 9.26744 9.49168 9.71641 9.93974 10.0264 9.94303 9.11905 8.89970 9.22229 8.75185 7.39301 7.13303 7.04941 6.99936 6.99907 6.99907 6.99907 6.99907 6.99907 6.99884 6.99122 7.27063 7.78333 7.77070 7.61353 6.60281 6.26848 7.20838 7.36802 7.43317 7.19758 7.17704 7.18589 7.45449 7.59158 7.74423
5.13987 5.35380 5.56674 5.53835 5.51486 5.79050 5.99643 6.79109 6.80243 6.80733 6.83300 6.86104 6.88909 6.91716 6.93116 6.93761 7.12322 7.59753 7.82732 7.96719 8.15955 8.33780 8.55277 9.17553 9.27610 9.32915 9.33495 9.38838 9.33626 9.31550 9.43977 9.38786 9.23628 9.08879 8.96264 8.86483 8.84600 8.56631 8.19471 8.60938 8.65849 7.53657 7.01219 6.99822 6.99907 6.99901 6.99238 6.96949 6.93356 6.89509 6.85684 6.82385 6.84548 7.52015 7.48180 7.45741 7.04349 6.92890 7.59444 8.02609 8.00332 7.82315 7.66563 7.67388 7.92680 8.56551 8.43263
5.24357 5.30697 5.59335 5.58802 5.53468 5.65462 5.99878 6.70555 6.90564 6.92879 6.93341 6.97294 7.02552 7.07809 7.13085 7.18938 7.30554 7.79100 8.64067 8.70017 8.59288 8.45770 8.32419 8.60499 8.70183 8.68046 8.61410 8.50657 8.48369 8.51973 8.79027 8.79570 8.79570 8.79570 8.80019 8.83828 8.83845 8.77877 8.19251 8.42066 8.64796 8.02858 7.00184 6.84670 6.81144 6.77301 6.74114 6.72044 6.70390 6.68976 6.67563 6.66361 6.66215 7.24306 7.43329 7.43240 7.40330 6.93041 7.27766 8.02371 7.97638 7.90685 7.77996 7.83603 7.89494 8.76409 8.77788
5.25002 5.27194 5.59983 5.67357 5.65512 5.67822 6.09602 6.71812 7.15070 7.20332 7.25385 7.27422 7.29690 7.32321 7.34936 7.36974 7.40534 7.00594 7.60976 7.79298 7.84601 7.91876 7.96319 8.13235 8.43556 8.47328 8.48369 8.48369 8.48369 8.48369 8.68753 8.79570 8.79570 8.79570 8.80385 8.88905 8.95313 9.02643 8.33522 8.27094 8.42597 8.30378 7.04909 6.70917 6.69959 6.68546 6.67133 6.66230 6.66215 6.66159 6.65857 6.66016 6.66518 7.01327 7.48107 7.50102 7.56995 7.15766 7.14818 7.88429 8.05231 8.06246 8.07593 8.07904 8.07904 8.50856 8.92748
5.35441 5.36068 5.55808 5.73680 5.71855 5.68223 6.13695 6.70888 7.32168 7.34798 7.37409 7.39311 7.39675 7.39675 7.46918 7.72387 7.98767 7.63334 7.41253 7.98921 7.98837 7.98837 7.97673 7.98994 8.41780 8.45520 8.48369 8.48411 8.51948 8.57701 8.69939 9.00292 9.05488 9.10620 9.14929 9.17003 9.18810 9.18845 8.70864 8.21759 8.22409 8.11791 7.23442 6.63544 6.66078 6.66192 6.66030 6.71208 6.77101 6.78889 6.80894 6.82439 6.83615 6.96050 7.63736 7.63736 7.65895 7.58636 7.16479 7.65166 8.06246 8.06246 8.07001 8.07904 8.07904 8.11941 8.85664
5.37077 5.44879 5.67885 6.15809 6.32579 6.44264 6.73613 6.64603 7.39675 7.39675 7.47522 7.73075 7.99394 8.25576 8.43674 8.33154 8.18733 7.78851 6.84306 7.34627 7.50813 7.98340 7.96885 8.09490 8.46519 8.68138 8.78186 8.83551 8.85145 8.84522 8.83897 9.07190 9.14528 9.14528 9.13343 9.04917 8.97842 8.87211 8.59135 7.90091 7.96149 8.02528 7.85819 6.88545 6.96326 6.89803 6.91655 6.88183 6.83971 6.83923 6.83923 6.83923 6.83923 6.83923 7.50801 7.63736 7.62078 7.62935 7.09127 7.14713 7.67679 7.62405 7.54566 7.48096 7.40064 7.33885 7.87744
6.05585 6.16210 6.17214 6.58627 6.63601 6.59449 6.70089 6.92402 7.73189 7.91492 7.95493 7.82991 7.70253 7.58074 7.46873 7.42911 7.40588 7.36917 6.56185 6.65597 7.05471 7.79968 7.83898 8.27377 8.48399 8.79245 8.81904 8.83327 8.83327 8.83327 8.81190 8.81188 8.91842 8.81244 8.72058 8.70875 8.74841 8.75385 8.66673 7.70278 7.42578 7.31619 7.39948 7.25609 7.16078 6.84562 6.83923 6.83966 6.89072 6.97760 7.06685 7.15858 7.25289 7.34990 7.22803 6.94323 6.87916 6.92992 6.82778 6.56079 7.16377 7.31381 7.30693 7.29750 7.25111 7.19451 7.29876
6.12089 6.11886 6.17367 6.46539 6.64423 6.74157 6.75302 6.87670 7.20033 7.42090 7.39767 7.37444 7.35122 7.32798 7.30475 7.29332 7.29332 7.34602 6.84785 6.34782 6.97257 7.52085 7.81118 8.08406 8.33398 8.76175 8.76635 8.69723 8.59394 8.49056 8.40865 8.40623 8.66982 8.70979 8.58320 8.34245 8.12497 7.90663 7.75754 7.32415 7.10981 7.30259 7.53345 7.82036 7.63936 7.50610 7.49151 7.59496 7.63736 7.63736 7.63736 7.63736 7.63736 7.63736 7.43280 6.86451 6.85901 6.88062 6.95497 6.51536 6.76487 7.08355 7.02916 6.98121 7.01650 7.22004 7.49666
6.46231 6.67491 6.82192 6.77769 6.69715 6.66343 6.61941 6.74895 6.94427 7.29332 7.29332 7.29332 7.30522 7.44718 7.63321 7.83023 8.03933 8.19266 7.54608 6.38785 6.71604 7.30339 7.86253 7.90748 8.25594 8.35570 8.40168 8.41150 8.39499 8.38547 8.23395 8.09739 8.13427 8.09592 8.10673 8.23953 8.38219 8.52608 8.66094 8.49937 7.84134 7.90709 7.98576 8.39582 8.03371 7.90163 7.63736 7.63736 7.63736 7.63487 7.63057 7.65441 7.68705 7.71970 7.74021 7.01922 6.94575 6.92712 6.88382 6.51684 6.39653 7.06218 7.41558 7.71653 8.00725 8.08958 8.12997
6.76379 6.76925 6.66175 6.63832 6.57755 6.57284 6.57450 6.60942 6.99839 7.55631 7.74866 7.95276 8.15404 8.19824 8.21986 8.27648 8.33359 8.39067 8.44609 6.98552 6.87801 7.02232 7.77243 7.87139 8.48133 8.77823 8.86633 8.66780 8.53643 8.52303 8.66815 8.80091 8.80910 8.79874 8.79822 8.79822 8.79822 8.79822 8.79822 8.77478 7.89204 7.86078 7.98941 8.29941 8.30473 8.11913 7.81077 7.82101 7.85362 7.88863 7.91184 7.86307 7.80212 7.74128 7.67374 7.13390 6.85927 6.87906 6.88651 6.84472 6.80615 7.57478 7.89811 7.88896 7.95093 8.10170 8.22288
6.75187 6.75187 6.70988 6.66091 6.74572 6.86693 7.02210 7.18877 7.62136 8.29674 8.35446 8.41151 8.46864 8.52592 8.64130 8.81526 9.01384 9.21263 9.33571 8.40281 7.86544 7.75889 8.36636 8.56273 8.70123 8.83064 9.01582 8.95736 8.68713 8.64189 8.59700 8.55224 8.50819 8.45857 8.39385 8.30771 8.22450 8.14440 8.06113 7.97420 7.65406 7.53590 7.65435 7.77970 8.02883 7.63042 7.39066 7.16998 7.09077 7.01209 6.94625 6.92024 6.90137 6.91626 6.96320 6.83046 6.48854 6.55433 6.66143 6.71520 6.69675 7.26606 7.80474 7.99984 8.14085 8.30865 8.30865
6.99275 7.15512 7.39059 7.52205 7.59765 7.63995 7.73433 7.82895 7.91062 8.53071 8.70047 8.89878 9.09756 9.29602 9.41484 9.39356 8.65913 8.62340 8.62039 8.48190 7.66379 6.60338 6.86900 7.38256 7.44246 7.82276 7.90093 7.92948 7.69275 7.62503 7.59641 7.56606 7.52820 7.48970 7.45391 7.43781 7.42114 7.40451 7.39418 7.38995 7.31310 7.18300 7.25033 7.33934 7.67404 7.40715 7.13059 6.86031 6.86122 6.89287 6.98324 7.16242 7.34442 7.49235 7.61688 7.68049 7.12997 7.17404 7.17438 7.14670 7.01774 7.27389 7.85900 8.06617 8.07274 8.29238 8.30865
8.15153 8.24634 8.27242 8.22062 8.18534 8.23364 8.42868 8.67689 8.93363 9.55770 9.43984 9.43984 9.43984 9.44863 9.49186 9.53931 8.60791 8.57860 8.68420 8.82577 8.23178 7.12247 6.85599 7.17367 7.15462 7.51518 7.59278 7.68975 7.57210 7.44504 7.43045 7.41613 7.41003 7.40464 7.39379 7.38962 7.38962 7.38799 7.36098 7.32531 7.27609 7.04578 7.06064 7.24321 7.56008 7.77499 7.59030 7.47236 7.63398 7.78805 7.88334 7.88997 7.88975 7.88975 7.88975 7.88975 7.36710 7.17637 7.17637 7.15388 7.07242 7.06318 7.75027 8.01554 8.08099 8.23096 8.33028
8.52760 8.64354 8.83800 9.06870 9.16844 9.24133 9.26381 9.26458 9.26664 9.69898 9.53384 9.61082 9.76723 9.97839 10.1568 10.3311 9.61017 9.23066 9.29419 9.36510 9.07549 8.14431 7.31762 7.43302 7.52386 7.51795 7.49094 7.62196 7.60142 7.40214 7.39866 7.39866 7.39866 7.39481 7.36236 7.31954 7.28386 7.27581 7.32072 7.37428 7.40898 7.25207 7.21038 7.36900 7.56488 8.06482 7.98542 7.92247 7.88975 7.88975 7.88975 7.88975 7.88975 7.88975 7.88975 7.88975 7.58901 7.19746 7.20094 7.19121 7.15590 7.02863 7.55403 7.92179 8.09609 8.15655 8.33883
9.29798 9.42098 9.46520 9.47753 9.43355 9.41995 9.55898 9.66917 9.79092 10.2075 10.7361 10.5200 10.6228 10.7104 10.7963 10.8822 10.4131 9.69283 9.75563 9.76256 9.68058 8.79897 7.62041 7.46794 7.52264 7.51123 7.47002 7.56048 7.62081 7.44725 7.36749 7.38066 7.39857 7.42055 7.46460 7.46640 7.46309 7.42895 7.37349 7.32180 7.28903 7.18767 7.07734 7.16982 7.29993 7.97083 8.01549 7.95232 7.88975 7.88975 7.88975 7.88975 7.88975 7.88975 7.88975 7.88975 7.81162 7.20554 7.18704 7.16686 7.12461 6.97880 7.28437 7.89594 8.15595 8.22783 8.47786
9.59610 9.63349 9.70035 9.75599 9.78122 9.77006 10.1359 10.2925 10.4520 10.5836 11.6218 11.0850 11.1334 11.1336 11.1336 11.1288 10.7062 9.34704 9.11497 8.89449 8.71857 8.74534 8.13024 7.44814 7.55540 7.61122 7.60261 7.65592 7.75439 7.70263 7.51851 7.46844 7.41373 7.34387 7.34630 7.38161 7.27132 7.28137 7.28516 7.28516 7.28516 7.25972 7.06459 7.10383 7.28951 7.72735 8.04076 7.97440 7.90217 7.88975 7.88975 7.88975 7.88593 7.86909 7.85144 7.84818 7.85603 7.31758 7.21649 7.24761 7.26588 7.23610 7.26342 8.01624 8.15690 8.28321 8.40535
9.61825 9.83586 10.0165 10.1160 10.1967 10.3500 10.5946 10.6703 10.6894 10.7487 11.7036 11.1305 10.7203 10.4143 10.1262 9.85752 9.76614 8.80400 8.76024 8.82709 8.89395 8.98857 9.02011 7.93139 7.86547 7.93368 7.98270 8.03187 8.17591 8.14489 7.32179 7.37396 7.46032 7.56164 7.59522 7.59206 7.32741 7.28516 7.28516 7.28516 7.28516 7.28516 7.09986 7.07890 7.24483 7.47703 8.04488 8.00277 7.92529 7.89239 7.90026 7.90810 7.91977 7.94558 7.97875 7.99872 8.00756 7.65887 7.32366 7.31866 7.27332 7.20656 7.07868 7.69060 8.06073 8.41138 8.52119
9.57230 10.1227 10.1907 10.2872 10.2872 10.3135 10.4945 10.4314 10.1669 9.97952 10.2631 10.1736 9.86154 9.93680 10.0121 10.0873 10.1625 9.48246 9.19481 9.25068 9.23392 9.32987 9.63811 8.86503 8.19237 8.15969 8.13563 8.17102 8.30369 8.44979 7.91507 7.59522 7.59522 7.60002 7.62873 7.66085 7.55758 7.41039 7.44058 7.46977 7.49946 7.52528 7.42241 7.33564 7.48940 7.73715 8.48099 8.58578 8.55362 8.51209 8.55107 8.59116 8.63154 8.67128 8.70400 8.73424 8.72431 8.54169 7.88099 7.89522 7.95136 8.03707 7.99258 8.35775 9.11792 9.38521 9.58151
9.24944 10.0948 10.0224 9.89539 9.65614 9.44679 9.39672 9.64183 9.70148 9.79667 10.1691 10.8842 10.0801 9.99992 9.96932 9.93969 9.91107 9.56887 9.20274 9.17009 9.19525 9.27148 10.0426 9.81444 9.02225 9.06445 9.21802 9.22671 9.27958 9.38866 9.13377 8.44139 8.47821 8.50914 8.50968 8.49110 8.44799 8.11233 8.07049 8.05253 8.03449 8.02070 7.98311 7.74867 7.78049 8.27619 8.80079 9.19140 9.16377 9.00647 8.97581 8.97576 8.94368 8.90473 8.87862 8.88753 8.95443 9.02672 8.28426 8.22238 8.25633 8.25163 8.18218 8.16349 9.15401 9.28148 9.58789
9.31534 9.40598 9.36505 9.45285 9.47380 9.35559 9.26949 9.39604 9.39258 9.37640 9.48623 10.2215 9.80982 9.70685 9.70691 9.70691 9.69310 9.56441 9.41051 9.31843 9.30443 9.40413 10.4679 10.7504 9.94120 9.52101 9.51688 9.48833 9.44899 9.50284 9.47274 8.52068 8.40280 8.38210 8.36453 8.36208 8.36666 8.18014 8.02390 8.02390 8.02420 8.04567 8.07996 7.90025 7.83762 8.28821 8.61160 9.24360 9.18387 9.01171 8.94925 8.97345 9.02968 9.09276 9.14305 9.16010 9.16010 9.16010 8.62195 8.26050 8.26050 8.25461 8.22965 8.10674 8.82691 9.21999 9.47461
9.62251 9.60653 9.57563 9.64830 9.42069 8.96879 9.06744 9.33226 9.50708 9.52258 9.57666 10.2170 10.1032 9.55775 9.40197 9.26974 9.24463 9.34190 9.46435 9.52507 9.51892 9.51274 10.0806 10.6743 10.3168 9.59505 9.49125 9.46634 9.30450 9.35786 9.40134 8.82441 8.37004 8.37270 8.37272 8.37272 8.37424 8.35802 8.09083 8.11994 8.16210 8.22785 8.28751 8.21484 8.10273 8.34227 8.65284 8.95362 8.95827 9.00632 9.15288 9.16010 9.16010 9.16010 9.16010 9.14305 9.03105 8.90741 8.61414 8.24178 8.23730 8.22980 8.21864 8.09639 8.40715 9.18505 9.27828
