results/OMI_NO2_2009_06-08.asc
ncols      200
nrows      200
xllcorner       120.258
yllcorner       41.1236
cellsize     0.0166667
NODATA_Value      -999.000
[rows 145 to 173 of 200, columns 67 to 133 of 200]
3.42426 3.52428 3.51215 3.51767 3.65151 4.37185 4.73333 4.88040 5.01314 5.01378 5.15155 5.31134 5.30219 5.32517 5.29994 5.26065 5.08154 5.04848 5.07030 5.06206 5.07030 5.02819 5.03344 5.12361 5.17830 5.24554 5.32670 5.41317 5.68487 5.67935 5.52339 4.45300 4.42625 4.32899 4.30442 4.08117 4.01075 4.16414 4.10198 4.08440 3.64709 2.97205 2.86109 2.83105 2.80338 2.77738 2.75338 2.74424 2.75660 2.50466 2.46880 2.50654 2.53554 2.64645 1.88917 1.86974 1.79690 1.92098 1.86710 1.88228 1.79955 1.85612 1.86733 2.74391 2.84788 2.82924 2.84939
3.47983 3.69565 3.93063 4.09776 4.36636 4.53223 4.90953 5.02338 5.21794 5.36022 5.27779 5.23757 5.21204 5.20953 5.22931 5.23216 5.13878 5.02971 5.11311 5.16730 5.25350 5.28160 5.34185 5.43693 5.47291 5.52537 5.68105 5.77658 5.77795 5.93611 5.58484 5.21082 4.76888 4.81067 4.84381 4.34023 4.05527 3.79642 3.59204 3.59462 3.37375 2.93498 2.73880 2.75155 2.75859 2.77375 2.78867 2.79383 2.79383 2.64453 2.40036 2.44578 2.46868 2.55088 2.62851 1.81571 1.76282 1.90061 1.87687 1.78998 1.68530 1.69950 1.67976 1.62579 2.80946 2.82901 2.88043
4.10922 4.16602 4.18057 4.20142 4.47213 4.72824 5.26194 5.39649 5.41288 5.42632 5.38189 5.07163 5.15439 5.20199 5.24000 5.25243 5.27352 5.34831 5.45548 5.47478 5.56464 5.57367 5.63589 5.77058 5.74020 5.72151 5.84673 6.02799 5.97358 6.07474 5.53944 5.06188 4.47787 4.34830 4.32805 4.11364 3.83885 3.55797 3.36648 3.45392 3.34989 3.29620 2.82430 2.81326 2.80393 2.80393 2.80393 2.80393 2.80613 2.81141 2.47785 2.50962 2.56308 2.55039 2.73417 1.87467 1.73337 1.83634 1.78078 1.66490 1.55199 1.58322 1.58731 1.56200 2.78662 2.88203 2.97417
4.28787 4.49737 4.67251 4.76478 4.76300 4.87868 5.05959 5.34562 5.39314 5.40854 5.42322 5.21363 5.16918 5.21514 5.26947 5.32690 5.42593 5.46061 5.79795 5.75339 5.75339 5.68686 5.68686 5.89447 5.91552 5.81693 5.64179 5.36477 5.23744 5.06371 4.79842 4.59784 4.22491 3.97420 3.96334 3.81072 3.68381 3.54984 3.37256 3.50041 3.37256 3.37283 2.94891 2.87174 2.88987 2.92809 2.96340 2.99618 3.01541 3.00410 2.81359 2.63254 2.58090 2.44037 2.61563 2.60183 1.69714 1.84177 1.81058 1.73438 1.66035 1.76152 1.76663 1.71810 2.95402 3.04950 3.07710
4.81400 4.78661 4.77815 4.78067 4.79365 4.91152 4.99973 5.45970 5.50909 5.50165 5.57837 5.57917 5.36846 5.51932 5.48625 5.40946 5.30384 5.37581 5.81469 5.79275 5.82699 5.76577 5.68276 5.45781 5.27604 5.10152 4.95628 4.88618 4.83537 4.80239 4.67451 4.40801 4.23630 3.87759 3.96657 3.88875 3.87545 3.50832 3.40378 3.56223 3.49412 3.57988 3.38260 3.00672 2.99311 2.98236 2.99773 3.01565 3.04292 3.07847 2.99901 2.65438 2.41874 2.34607 2.50903 2.63870 1.81106 2.02410 2.06130 2.05240 1.98674 2.06514 2.00779 1.85672 2.84054 2.86333 2.84947
4.81485 4.82817 4.82895 4.82172 4.82165 4.84414 4.92635 5.21374 5.41285 5.40494 5.70160 5.66512 5.30925 5.28400 5.27303 5.29234 5.17676 5.09511 5.45001 5.30903 5.16139 5.06246 4.94361 4.86473 4.80753 4.71174 4.63436 4.58317 4.61212 4.63893 4.59212 4.41695 4.33070 3.91786 3.94659 3.91832 4.02552 3.63964 3.58092 3.69603 3.56318 3.60332 3.55769 3.03452 3.04056 3.06814 3.07061 3.07061 3.07061 3.07061 3.03108 2.77106 2.58224 2.56368 2.74619 3.00339 2.99214 2.21682 2.15887 2.05322 1.91718 1.94350 1.85514 1.84666 1.95288 2.64718 2.67702
4.71532 4.78220 4.76485 4.71560 4.66088 4.60886 4.66679 4.72225 5.16334 5.15052 5.51790 5.57818 5.31685 4.98724 4.94650 4.73858 4.62337 4.53062 4.72220 4.93566 4.85482 4.81753 4.76978 4.70448 4.69641 4.66266 4.63185 4.62537 4.65520 4.67879 4.65439 4.58739 4.33208 4.13114 3.97651 3.87219 3.98970 3.71735 3.65681 3.78572 3.71473 3.71133 3.64666 3.30936 3.07444 3.06543 3.03647 3.03723 3.04224 3.05601 2.98660 3.08028 3.00922 2.86316 2.92949 2.96002 2.91466 2.06030 2.01186 1.96812 1.87499 1.91496 1.87192 1.87192 1.96261 2.68501 2.76240
4.43267 4.54973 4.50165 4.48245 4.47078 4.46526 4.51312 4.59698 4.84684 4.74719 4.78329 4.85683 4.80562 4.51030 4.51112 4.39809 4.38194 4.33997 4.28254 4.74062 4.64740 4.65520 4.62010 4.64194 4.64832 4.61972 4.56645 4.52276 4.52100 4.50772 4.46918 4.44177 4.27221 4.30426 4.11261 4.09214 4.24411 3.97698 3.78270 3.70199 3.55424 3.52242 3.50070 3.51155 3.01525 3.02090 3.11155 3.17601 3.23608 3.30311 3.26886 3.40601 3.38790 3.11105 3.13152 3.13394 3.07511 2.06091 2.01460 2.01460 1.93065 1.98107 1.94435 1.94435 1.93599 2.71531 2.80226
4.21618 4.40970 4.44218 4.44999 4.50209 4.58014 4.68352 4.85205 4.68618 4.28447 4.35186 4.66710 4.69096 4.63275 4.53320 4.37185 4.35526 4.35070 4.25546 4.71091 4.79699 4.74786 4.66494 4.59142 4.56621 4.50175 4.43177 4.39132 4.41599 4.38689 4.34301 4.35590 4.38195 4.45293 4.20806 3.94883 3.98863 3.77518 3.53744 3.59057 3.69004 3.88002 4.03507 4.04325 3.29574 3.27028 3.30113 3.31764 3.33418 3.37324 3.30795 3.42948 3.45575 3.24420 3.16883 3.16642 3.10551 2.98530 1.97486 1.97486 1.88509 1.93599 1.89312 1.90962 1.94790 2.82468 2.99111
4.39461 4.48121 4.64095 4.77648 4.87553 4.94683 4.98890 4.85346 4.75721 4.29756 4.34502 4.62652 4.83048 4.82831 4.62931 4.34227 4.40246 4.44003 4.38793 4.56657 4.63442 4.59271 4.52941 4.44952 4.43575 4.38442 4.29334 4.28992 4.28725 4.27263 4.23193 4.15488 4.00318 3.98027 3.86782 3.81713 4.06979 4.19102 4.21867 4.19873 4.11129 4.09231 4.09999 4.11653 3.80062 3.27594 3.36168 3.36168 3.36168 3.38469 3.30817 3.41112 3.43683 3.32568 3.16546 3.16546 3.12586 3.07229 1.97004 2.00128 1.95353 2.10106 2.09862 2.12980 2.13158 2.12140 3.01762
4.86255 4.80681 4.99732 4.99674 4.98719 4.98260 5.01504 5.02744 4.90718 4.64518 4.43744 4.59789 4.92659 4.94857 4.89322 4.53144 4.49929 4.49106 4.38069 4.39033 4.48769 4.41785 4.35699 4.28992 4.30547 4.28725 4.19839 4.07328 3.98733 3.80997 3.64648 3.68002 3.80082 4.18702 4.41191 4.48809 4.47437 4.42109 4.35447 4.21545 4.20284 4.20067 4.20067 4.20067 4.16094 3.35735 3.42776 3.42294 3.40548 3.40214 3.29623 3.35853 3.36412 3.38143 3.26037 3.26926 3.29169 3.27397 3.16308 2.13066 2.02412 2.12378 2.04983 2.03139 1.99550 1.97037 2.88568
5.04234 4.86428 4.99206 5.08863 5.13644 5.20469 5.24561 5.27727 5.14114 4.98496 4.59382 4.62494 4.92556 4.93086 4.90057 4.61599 4.46164 4.43278 4.33280 4.34084 4.49952 4.50213 4.40333 4.20944 4.07266 3.90604 3.65613 3.59282 3.86593 4.12712 4.36461 4.53633 4.46035 4.44732 4.44022 4.44219 4.40960 4.37422 4.35085 4.19028 4.15256 4.14832 4.14623 4.13691 4.12564 3.65136 3.26214 3.27663 3.27856 3.31360 3.25584 3.35851 3.38082 3.38337 3.38711 3.32063 3.30060 3.22075 3.15021 2.13106 1.98134 2.05604 1.96764 1.94426 1.95569 1.95684 2.74547
5.15138 5.07049 5.16528 5.31712 5.34635 5.35216 5.37115 5.37115 5.33072 5.17421 4.93636 4.78186 4.88954 4.88982 4.87160 4.70741 4.36341 4.30241 4.23281 4.15570 4.08747 4.03004 3.79091 3.68390 3.80832 4.07526 4.29001 4.50706 4.55014 4.50604 4.46129 4.48113 4.46583 4.40946 4.42675 4.38026 4.34888 4.31445 4.29972 4.16740 4.06498 4.04348 4.03386 4.03365 4.04833 3.96864 3.17843 3.30750 3.32648 3.35052 3.27152 3.39971 3.39971 3.35394 3.36073 3.25181 3.22173 3.19479 3.10544 2.01442 2.01058 2.16406 2.16353 2.20273 2.23941 2.28840 2.81258
5.23003 5.19228 5.20167 5.34463 5.39147 5.45950 5.51312 5.54510 5.56160 5.28952 5.16489 4.70744 4.79205 4.84642 4.85960 4.80788 4.25331 3.96821 3.81032 3.84390 3.87418 4.28238 4.37783 4.52569 4.62303 4.54945 4.50399 4.47991 4.48093 4.45284 4.45284 4.45538 4.45196 4.39204 4.34871 4.32647 4.30144 4.27450 4.27260 4.21912 4.03230 4.03707 4.05771 4.07880 4.06392 4.00990 3.42262 3.27899 3.34403 3.38778 3.32773 3.43976 3.50334 3.53331 3.46724 3.32765 3.24750 3.26743 3.37691 3.27286 2.21873 2.35630 2.33311 2.36000 2.38354 2.39355 2.39355
5.35293 5.33328 5.20929 5.30858 5.34074 5.35088 5.35379 5.34695 5.37212 5.24608 5.13539 4.73368 4.74192 4.80464 4.80288 4.86845 4.44802 4.18457 4.35488 4.52566 4.66064 4.70800 4.61526 4.48251 4.48093 4.43018 4.42577 4.42577 4.42855 4.40472 4.41357 4.42412 4.42427 4.41356 4.23298 4.23942 4.18151 4.17233 4.17112 4.15823 3.95295 3.85434 3.80788 3.76691 3.74618 3.73045 3.55353 3.14005 3.38603 3.38359 3.28310 3.31366 3.31167 3.22060 3.01660 2.82846 2.71570 2.71205 3.04204 3.07058 2.48549 2.48549 2.44524 2.44524 2.44560 2.44560 2.44560
5.53769 5.53057 5.27229 5.27067 5.35357 5.40369 5.43576 5.46058 5.47440 5.46552 5.23489 5.00859 4.72892 4.80633 4.82843 4.84789 4.85416 4.88400 4.66706 4.60104 4.61685 4.63744 4.70162 4.54596 4.55019 4.52742 4.50780 4.51819 4.52455 4.50473 4.50986 4.48556 4.45755 4.52958 4.29844 4.27471 4.27642 4.19519 4.12993 4.09401 3.92990 3.78493 3.73820 3.64061 3.50904 3.44671 3.47408 3.17137 3.11268 3.05375 2.97915 3.06602 3.08481 3.03250 2.99807 2.87866 2.77459 2.81900 3.00025 3.09294 3.28764 2.49019 2.49292 2.49292 2.49292 2.49292 2.47089
5.51573 5.51958 5.43525 5.37400 5.47285 5.51813 5.47346 5.47137 5.45255 5.47075 5.36274 5.19792 4.69235 4.68274 4.76792 4.85164 4.82916 4.98407 4.61559 4.57341 4.59027 4.57372 4.69617 4.63039 4.56868 4.53709 4.54771 4.55863 4.56091 4.54563 4.57130 4.53756 4.50498 4.53221 4.33090 4.14989 4.15686 4.16685 4.14755 4.09793 3.84419 3.43165 3.34463 3.31922 3.34491 3.32309 3.30510 3.09023 2.89169 2.87074 2.86152 2.99473 3.07241 3.07241 3.06072 2.90411 2.81054 2.81900 2.86565 3.10008 3.19036 2.43203 2.38019 2.32836 2.27647 2.22458 2.22830
5.58924 5.57840 5.51862 5.31098 5.34629 5.44012 5.39190 5.38998 5.36062 5.33668 5.26563 5.13095 4.97691 4.66793 4.77292 4.87406 4.85621 4.86513 4.70842 4.50900 4.53278 4.53123 4.58944 4.67060 4.54405 4.51604 4.54776 4.55052 4.54361 4.51190 4.48555 4.42267 4.40449 4.36119 4.30620 4.02813 4.07014 4.06902 4.05922 4.12684 4.10734 3.67583 3.45203 3.32485 3.32485 3.32485 3.34522 3.25049 3.03526 2.89248 2.86152 2.99473 3.07241 3.07241 3.06041 2.95319 2.81495 2.78866 2.71602 3.00915 2.87603 2.13258 2.11554 2.11554 2.10855 2.12722 2.14071
5.54735 5.53456 5.52615 5.35223 5.30881 5.39790 5.35667 5.39489 5.36698 5.39569 5.29157 5.15999 5.18997 4.56952 4.71051 4.84227 4.83728 4.79906 4.87181 4.53196 4.55902 4.54454 4.50505 4.71514 4.55293 4.49848 4.50954 4.46543 4.37979 4.33291 4.28121 4.21452 4.11776 4.02513 4.00998 3.87335 3.96459 4.21504 4.22364 4.22364 4.20464 3.75065 3.50065 3.26327 3.19049 3.20792 3.24646 3.18548 3.13130 2.85032 2.73600 2.84253 2.88932 2.85081 2.86441 2.75849 2.55770 2.64234 2.58016 2.88407 2.86637 2.96768 2.06551 2.05996 2.04996 2.08450 2.00271
5.47610 5.44297 5.42026 5.35581 5.27459 5.36962 5.44168 5.46956 5.43423 5.46741 5.38205 5.33414 5.31280 4.80034 4.66147 4.83673 4.87718 4.86435 4.86325 4.61275 4.51801 4.50642 4.46235 4.62159 4.52463 4.36071 4.31890 4.27298 4.13913 4.07164 4.00103 4.05054 4.15178 4.23565 4.27122 4.14847 4.02064 4.24514 4.28359 4.28359 4.28622 4.11778 3.70785 3.45097 3.31437 3.31051 3.32738 3.22857 3.25371 2.90490 2.61184 2.61317 2.66781 2.66781 2.72797 2.64631 2.52649 2.44227 2.38360 2.45635 2.65402 2.60185 2.33081 2.31421 2.30935 2.32229 2.20406
5.35058 5.35054 5.35683 5.35135 5.24127 5.31030 5.45940 5.46255 5.42261 5.44419 5.37132 5.35006 5.29138 5.10054 4.57140 4.74408 4.87302 4.87766 4.82422 4.77602 4.43615 4.36296 4.30560 4.33911 4.32460 4.11715 4.03816 4.05970 4.10956 4.23236 4.25344 4.26515 4.27486 4.24574 4.25163 4.20851 3.98295 4.11617 4.22977 4.22222 4.21147 4.11382 3.61503 3.37809 3.11777 3.12123 3.08734 3.00674 3.04835 2.93141 2.65671 2.68248 2.71840 2.62929 2.54917 2.36930 2.25687 2.40788 2.47479 2.53533 2.67977 2.47265 2.69950 2.04850 2.02996 2.04337 1.93041
5.19743 5.18336 5.17984 5.17158 5.03549 5.02065 5.22986 5.21751 5.17222 5.21761 5.20248 5.23881 5.24754 5.13200 4.55385 4.62044 4.76010 4.74340 4.67413 4.57594 4.19957 4.04277 3.98761 3.94433 4.13690 4.16560 4.22561 4.25163 4.19685 4.21522 4.18089 4.17881 4.17910 4.15724 4.16324 4.13050 3.93056 3.83871 3.92576 3.90262 3.87392 3.83245 3.29167 3.08836 2.73755 2.94791 2.94210 2.85524 2.84175 2.78081 2.40324 2.20219 2.28018 2.36841 2.44510 2.46872 2.51754 2.68135 2.76573 2.81108 2.85991 2.66274 2.61496 1.94584 1.94584 1.96984 1.87135
5.13222 5.12745 5.13408 5.13778 5.07260 4.88370 5.09511 5.14789 5.10092 5.14682 4.97204 4.84648 4.69363 4.31290 4.24257 4.26228 4.42678 4.51526 4.50348 4.49280 4.17217 4.08823 4.17661 4.21790 4.25925 4.26419 4.23401 4.22810 4.17142 4.17685 4.16893 4.16761 4.18808 4.21636 4.24095 4.27925 4.27032 4.07406 3.83928 3.87000 3.86747 3.86309 3.63190 3.14082 2.70909 2.75061 2.70800 2.74199 2.82952 2.91137 2.79819 2.64664 2.64992 2.69102 2.73920 2.76619 2.79708 2.84437 2.90568 2.93285 2.94791 2.79696 2.60884 1.92641 1.92641 1.95144 1.85386
5.11630 5.13279 5.15234 5.13991 5.14281 4.88347 4.90091 4.82084 4.62340 4.44290 4.33465 4.35504 4.35880 4.21820 4.20904 4.25160 4.43565 4.58440 4.55685 4.55467 4.36774 4.22067 4.21981 4.23884 4.21084 4.20025 4.17225 4.19714 4.22236 4.30806 4.36530 4.39977 4.47545 4.46586 4.42034 4.39461 4.38630 4.13406 3.89104 3.92241 3.87432 3.79303 3.60939 3.33630 3.09920 3.05730 3.09550 3.11910 3.15778 3.23109 3.21350 3.07760 2.81580 2.82207 2.82900 2.82207 2.81580 2.82138 2.89810 2.93023 2.94838 2.91195 2.62013 2.58119 1.97478 2.06398 2.04352
5.04720 5.06198 5.00644 4.88595 4.76288 4.40185 4.27445 4.27263 4.24431 4.24129 4.22310 4.26447 4.31983 4.25455 4.11440 4.14266 4.32637 4.49713 4.53261 4.54317 4.48803 4.26900 4.26426 4.28723 4.35697 4.41301 4.46483 4.52207 4.54216 4.54891 4.54891 4.53870 4.55156 4.50220 4.42470 4.34069 4.29006 4.15560 3.85009 3.61398 3.56473 3.52306 3.51509 3.50010 3.35562 3.29352 3.25059 3.24930 3.28606 3.33256 3.33222 3.23450 2.82149 2.80886 2.81714 2.80886 2.80115 2.80123 2.87584 2.94671 3.03429 3.11748 2.95194 2.92749 2.31094 2.35902 2.21990
4.74758 4.59543 4.54228 4.55002 4.54047 4.44491 4.17027 4.21093 4.17091 4.17859 4.15717 4.16615 4.18916 4.15938 3.96737 3.91668 4.09881 4.30975 4.45699 4.50960 4.58484 4.45076 4.54682 4.59129 4.65434 4.51670 4.52211 4.49735 4.48801 4.48628 4.43477 4.37083 4.33685 4.27467 4.20006 4.15484 4.11091 4.06305 3.80380 3.51729 3.52448 3.47557 3.47557 3.46804 3.35840 3.30854 3.20884 3.19790 3.18199 3.14229 3.03003 2.89104 2.78687 2.79804 2.82689 2.89093 2.99235 3.11086 3.25024 3.40341 3.24668 3.26207 3.17248 2.98794 2.96291 2.13740 1.99775
4.69792 4.60981 4.52128 4.53057 4.55251 4.56287 4.35127 4.31450 4.25902 4.23221 4.17763 4.15663 4.16580 4.11828 4.01935 3.92831 4.04342 4.27394 4.69951 4.83716 4.87130 4.75729 4.67814 4.66070 4.59629 4.51189 4.47705 4.38781 4.33089 4.32964 4.32721 4.27363 4.24185 4.15494 4.11415 4.13860 4.16696 4.17963 4.01587 3.71402 3.56829 3.52487 3.52487 3.51674 3.39959 3.30322 3.07073 2.92926 2.96971 3.00503 3.06027 3.18812 3.18379 3.24970 3.36073 3.44437 3.39328 3.39328 3.39453 3.50996 3.38019 3.35015 3.39441 3.24239 3.35180 2.64605 2.44852
4.73786 4.77611 4.74127 4.84685 4.94840 4.99977 4.84681 4.29694 4.15926 4.12178 4.15408 4.16003 4.19647 4.17667 4.15787 4.03068 4.11340 4.25145 4.61562 4.87724 4.85703 4.74813 4.45153 4.36696 4.42567 4.47533 4.53987 4.41204 4.27278 4.23802 4.21022 4.20430 4.25471 4.24084 4.21169 4.21169 4.21169 4.21169 4.15004 3.90542 3.50928 3.46305 3.39808 3.29021 3.14787 3.29219 3.25197 3.31810 3.44700 3.53734 3.61546 3.60330 3.57598 3.43825 3.43825 3.46388 3.45512 3.51266 3.57250 3.78090 3.90020 3.72452 3.76038 3.57305 3.51750 2.46371 2.27371
5.14136 5.10920 4.82286 4.78339 4.73066 4.69489 4.72413 4.29075 4.05349 4.05930 4.11457 4.13389 4.12326 4.14323 4.08049 3.96851 3.95711 3.97699 4.08652 4.50575 4.48081 4.48301 4.40239 4.38179 4.42939 4.32941 4.32002 4.25668 4.08332 4.11681 4.12649 4.09887 4.10676 4.07290 4.06893 4.06842 4.04803 3.98636 3.90210 3.47981 3.08505 3.15277 3.31759 3.42531 3.34640 3.64889 3.55432 3.45478 3.50093 3.55076 3.59384 3.58629 3.66929 3.51730 3.56830 3.64034 3.66344 3.68511 3.70286 3.76717 3.94198 3.68003 3.64296 3.44805 3.30006 3.54283 2.54381
