results/OMI_NO2_2007_06-08.asc
ncols      200
nrows      200
xllcorner       120.258
yllcorner       41.1236
cellsize     0.0166667
NODATA_Value      -999.000
[rows 112 to 139 of 165, columns 64 to 127 of 200]
6.70978 6.82101 6.80066 6.79856 6.54412 2.33417 2.26589 2.25934 2.24697 2.22326 2.23544 2.25218 2.27967 2.30999 2.35882 2.43240 2.46493 2.48870 2.56112 2.53565 2.42469 2.41758 2.45037 2.48721 2.48773 2.40742 2.35602 2.30864 2.32168 2.34237 2.32474 2.30823 2.28760 2.26694 2.28174 2.30157 2.32441 2.35717 2.36003 2.30114 2.39576 2.37289 2.38801 2.36917 2.41148 2.37032 2.35989 2.40190 2.39427 2.39673 2.39347 2.42412 2.36990 2.34363 2.40705 2.41712 2.41073 2.49916 2.49964 2.55883 2.67968 2.72436 2.88556 2.94346
6.67559 6.35834 6.13216 6.14595 6.09229 2.24353 2.25831 2.32454 2.29914 2.28081 2.31965 2.30832 2.33789 2.37075 2.37184 2.43512 2.45142 2.44845 2.50296 2.52554 2.44500 2.38256 2.43643 2.46693 2.46223 2.39173 2.33587 2.30138 2.28800 2.30462 2.30141 2.33830 2.35385 2.36306 2.40780 2.41695 2.44314 2.48853 2.52411 2.48103 2.48117 2.45207 2.45342 2.43073 2.45521 2.46230 2.45755 2.51359 2.51726 2.48919 2.47848 2.50528 2.44881 2.38227 2.40686 2.42645 2.42587 2.55899 2.60111 2.65918 2.78856 2.83899 2.93480 3.00128
6.48106 6.37344 6.31005 6.17752 6.19760 2.27719 2.30414 2.43951 2.41072 2.40385 2.42208 2.36507 2.36201 2.38175 2.37834 2.45704 2.49268 2.49492 2.52356 2.54411 2.47487 2.35274 2.39738 2.44549 2.49214 2.48168 2.44962 2.39787 2.36374 2.38997 2.40794 2.49213 2.52333 2.53034 2.60298 2.63745 2.66368 2.68589 2.69534 2.66174 2.59145 2.52497 2.48527 2.46882 2.44278 2.46331 2.49704 2.57359 2.60537 2.57167 2.57172 2.58372 2.55915 2.47738 2.51954 2.62624 2.61389 2.73553 2.76160 2.78742 2.90579 2.95613 3.02287 3.11800
7.16976 7.07791 7.09988 7.10296 7.14415 2.20824 2.22588 2.43900 2.42203 2.38790 2.43708 2.37525 2.34832 2.37075 2.34541 2.39334 2.43349 2.43029 2.46114 2.52907 2.57010 2.47636 2.46723 2.49458 2.56840 2.58942 2.58771 2.55172 2.52077 2.56243 2.57751 2.60814 2.62422 2.59384 2.61471 2.63321 2.63955 2.64693 2.65896 2.69599 2.69063 2.59104 2.59189 2.63431 2.60231 2.63023 2.65772 2.72227 2.75642 2.75014 2.74334 2.77917 2.77266 2.63197 2.62738 2.69030 2.68602 2.75697 2.79068 2.80990 2.89739 2.97297 3.02750 3.13283
7.19131 7.16869 7.14322 7.14931 7.38193 1.98558 2.01572 2.29859 2.30564 2.23963 2.29835 2.25118 2.23408 2.27812 2.26884 2.34520 2.48178 2.51666 2.55570 2.57327 2.63701 2.61310 2.60242 2.66085 2.75571 2.73786 2.71166 2.66457 2.62421 2.63818 2.62467 2.61926 2.65195 2.67274 2.72288 2.75369 2.76801 2.77522 2.81100 2.84283 2.84780 2.74012 2.66773 2.69742 2.67769 2.70271 2.76866 2.86272 2.89398 2.88195 2.81669 2.82734 2.81728 2.71824 2.67291 2.69268 2.72945 2.79689 2.83230 2.87947 2.93036 2.98629 3.01785 3.07220
7.73475 8.20315 8.56948 8.67627 9.02328 1.92001 2.03376 2.33806 2.46028 2.39048 2.37689 2.37421 2.37081 2.44099 2.48033 2.55315 2.69946 2.76137 2.78074 2.73793 2.74180 2.78833 2.75745 2.78036 2.85466 2.80865 2.72811 2.64787 2.59527 2.59593 2.61399 2.61862 2.64867 2.67447 2.74693 2.80069 2.81829 2.82586 2.85344 2.88478 2.90024 2.85829 2.72599 2.77194 2.80345 2.77375 2.83451 2.86661 2.87188 2.85897 2.80373 2.81743 2.82690 2.78596 2.71352 2.71302 2.74836 2.81739 2.89796 2.91279 2.99681 3.06366 3.16232 3.22958
8.85932 9.02653 9.14283 9.25832 9.37450 2.05755 2.10848 2.28345 2.52467 2.51600 2.52856 2.57985 2.59130 2.61366 2.61479 2.62189 2.73732 2.79727 2.79159 2.74362 2.68341 2.72056 2.65506 2.60676 2.67663 2.64575 2.60856 2.59324 2.59176 2.65249 2.68373 2.70853 2.76629 2.79109 2.85487 2.88943 2.87883 2.87865 2.90628 2.95721 2.99381 2.97122 2.80999 2.80528 2.83281 2.77992 2.81444 2.85210 2.83691 2.83660 2.86726 2.92742 2.95994 2.97454 2.94310 2.92437 2.87824 2.97259 3.11349 3.24300 3.32327 3.28512 3.26219 3.27943
8.94112 8.89749 9.10669 9.21587 9.22644 2.10255 2.45551 2.58201 2.77880 2.79786 2.68924 2.67368 2.62877 2.60554 2.58966 2.57532 2.63862 2.69375 2.67193 2.64495 2.54794 2.57916 2.58084 2.54908 2.61210 2.62738 2.61247 2.63536 2.65014 2.71293 2.75072 2.76403 2.80511 2.82722 2.86993 2.94354 2.96968 2.96457 2.96345 2.97351 2.99674 2.96970 2.83731 2.76382 2.79281 2.81874 2.83544 2.89943 2.92267 2.93994 2.93529 3.01468 3.02248 2.99606 3.00835 2.97224 2.82382 2.96813 3.02618 3.32887 3.40439 3.38641 3.36293 3.35762
8.40664 8.19449 8.23764 8.19020 8.07583 2.06824 2.51532 2.63200 2.72198 2.88395 2.70245 2.62895 2.60528 2.55431 2.51799 2.50152 2.53846 2.61798 2.63552 2.63449 2.56382 2.56375 2.60187 2.59366 2.62389 2.69311 2.67882 2.68285 2.70028 2.74292 2.81968 2.83928 2.86711 2.93313 2.93194 2.97673 2.95648 2.90662 2.88664 2.87612 2.87538 2.89979 2.85518 2.75532 2.78883 2.86511 2.88371 2.95974 2.99827 2.99648 2.94387 3.03644 3.04102 2.99305 3.00928 2.98774 2.84528 2.92656 2.97293 3.29400 3.38153 3.38099 3.34571 3.32817
8.34170 8.29710 8.56448 8.84464 8.98727 2.07964 2.49412 2.71189 2.72083 2.91242 2.73891 2.62280 2.58145 2.52615 2.48822 2.49403 2.52234 2.60282 2.64566 2.65475 2.62462 2.58942 2.63538 2.63542 2.61662 2.69916 2.70364 2.70094 2.73415 2.76075 2.80945 2.83013 2.83010 2.87067 2.82853 2.84047 2.79619 2.74404 2.70908 2.69730 2.71174 2.75285 2.81432 2.74121 2.79470 2.87046 2.89562 2.93023 2.96684 2.94925 2.91082 2.96700 2.99211 2.95234 2.97447 3.00985 2.93461 2.94635 3.06782 3.35391 3.53290 3.55516 3.48197 3.39270
10.3035 10.2903 10.5934 10.6569 10.7120 1.93237 2.17667 2.59426 2.63225 2.80805 2.75482 2.60054 2.57147 2.51085 2.50036 2.51976 2.54600 2.63235 2.67011 2.67027 2.65511 2.58372 2.60216 2.62065 2.60548 2.64658 2.66882 2.66676 2.68327 2.68814 2.70272 2.74406 2.71877 2.74181 2.73058 2.74585 2.75807 2.74054 2.74024 2.78631 2.82792 2.83770 2.87357 2.79250 2.79551 2.81500 2.85158 2.81336 2.84885 2.83876 2.78929 2.82851 2.88258 2.84940 2.87645 2.90333 2.86648 2.86954 2.97748 3.14659 3.46847 3.48469 3.41979 3.30090
11.3630 10.9688 11.0049 11.0468 11.0678 1.81228 1.93834 2.50737 2.65702 2.81379 2.91469 2.74605 2.67898 2.64964 2.63748 2.64800 2.64752 2.67987 2.69308 2.71249 2.73456 2.63655 2.62612 2.65714 2.63569 2.58650 2.57872 2.60430 2.62627 2.63500 2.59382 2.65991 2.64580 2.68430 2.72916 2.78222 2.81411 2.78947 2.75151 2.75982 2.76716 2.74250 2.74753 2.73873 2.73164 2.73256 2.81501 2.77682 2.82323 2.83604 2.76326 2.78731 2.86524 2.84604 2.88075 2.90386 2.87384 2.91928 2.90819 3.06213 3.45042 3.51505 3.54271 3.45640
12.6381 11.6445 11.7670 11.3829 10.8942 2.29882 2.42889 2.58551 2.78555 2.88588 3.03622 2.88669 2.79413 2.75079 2.70516 2.71571 2.71508 2.73044 2.73588 2.72750 2.72175 2.61271 2.57455 2.63243 2.63459 2.54737 2.49411 2.49155 2.54107 2.59669 2.57614 2.63499 2.72609 2.75244 2.77813 2.79841 2.79657 2.72228 2.68868 2.67330 2.67461 2.67581 2.67965 2.70699 2.67197 2.62854 2.63433 2.59430 2.59312 2.66644 2.64886 2.70765 2.78271 2.80611 2.79339 2.83890 2.86210 2.93626 2.88878 3.06734 3.35630 3.60040 3.67756 3.62195
12.0303 10.2706 10.0300 9.94065 9.57207 2.43851 2.62200 2.64555 2.82061 2.96877 3.03410 2.96708 2.84514 2.79202 2.77902 2.77715 2.76769 2.78483 2.80882 2.81338 2.82527 2.77733 2.72036 2.75210 2.77551 2.72756 2.69048 2.67043 2.72356 2.74587 2.70084 2.68315 2.81343 2.83434 2.82603 2.82492 2.83828 2.79436 2.75604 2.70604 2.70018 2.67737 2.63931 2.65857 2.63875 2.60006 2.61098 2.63574 2.62619 2.72626 2.75221 2.80986 2.91330 2.99736 3.00678 3.06623 3.09130 3.17923 3.21213 3.39141 3.59023 3.92758 4.00566 3.94508
11.5210 10.3644 9.75937 9.74361 9.47878 2.35846 2.45993 2.49273 2.70868 2.99120 3.03364 3.09855 2.97265 2.90315 2.89796 2.90019 2.89344 2.90012 2.92785 2.91211 2.92806 2.92636 2.84282 2.90084 2.95370 2.91866 2.90980 2.82743 2.79993 2.76221 2.76653 2.73969 2.83118 2.89324 2.85844 2.82077 2.80231 2.76361 2.70888 2.66168 2.65739 2.65842 2.63794 2.58957 2.61614 2.58930 2.62927 2.73439 2.83861 2.98021 3.06584 3.10965 3.19127 3.23948 3.19989 3.27727 3.33407 3.46856 3.48609 3.53425 3.55786 4.05718 4.17301 4.16328
11.4048 11.0423 9.66796 9.63873 9.53055 2.31480 2.43412 2.54460 2.60092 3.05751 3.09137 3.16686 3.03467 2.96853 2.95329 2.97699 2.99431 3.00346 3.03496 3.02795 3.05486 3.08707 3.02340 3.02287 3.04965 3.02114 2.98025 2.92069 2.90713 2.81366 2.82095 2.78317 2.81770 2.89041 2.85479 2.83272 2.79553 2.80361 2.76698 2.77545 2.78875 2.79398 2.81486 2.76841 2.88461 2.88311 2.88783 2.94000 3.01076 3.04601 3.13419 3.16962 3.23910 3.35469 3.30227 3.34228 3.34754 3.44919 3.41422 3.44351 3.44708 3.85935 4.15819 4.18808
10.9693 10.6493 9.67539 9.62515 9.65616 2.28109 2.37109 2.50117 2.51018 2.94432 3.08982 3.17289 3.18873 3.12115 3.06392 3.09398 3.11759 3.12246 3.16645 3.18069 3.16680 3.18515 3.14014 3.10871 3.11157 3.12142 3.04987 2.99546 2.95872 2.88338 2.86601 2.83504 2.84493 2.91721 2.93121 2.95665 2.92331 2.97308 2.91201 2.90059 2.87615 2.86372 2.86879 2.77089 2.87949 2.88123 2.88078 2.92649 3.04196 3.13117 3.23994 3.29500 3.31578 3.40377 3.37243 3.42082 3.44811 3.55998 3.51830 3.57706 3.61822 3.90278 4.31953 4.37572
9.78022 9.82195 9.77310 9.70038 9.72778 2.20645 2.34138 2.50122 2.74132 3.02689 3.28582 3.35128 3.45445 3.41783 3.25132 3.24345 3.25685 3.24857 3.26258 3.27552 3.24952 3.24686 3.21116 3.12169 3.11468 3.15447 3.13629 3.13600 3.10800 3.08826 2.95021 2.95219 2.93288 2.92714 2.93256 2.94949 2.89419 2.92318 2.87685 2.85934 2.86120 2.86917 2.89036 2.81692 2.85646 2.94935 2.97660 2.98380 3.08302 3.20200 3.29658 3.37709 3.40670 3.48684 3.48932 3.59307 3.62914 3.73247 3.70814 3.74971 3.77776 3.86191 4.34979 4.45051
10.0730 10.0537 10.0333 9.98131 9.86677 3.22778 3.30066 3.26578 3.36040 3.34160 3.50116 3.53887 3.60138 3.59205 3.44271 3.31848 3.31814 3.30691 3.31653 3.36080 3.38849 3.40796 3.42932 3.34769 3.32943 3.30393 3.29051 3.29383 3.21539 3.19909 3.01366 3.00303 3.00563 3.00526 3.00535 3.04548 3.00220 3.00670 2.97015 3.05333 3.09096 3.06866 3.06928 3.03138 2.94138 3.06018 3.12788 3.16576 3.20801 3.28415 3.35807 3.46569 3.49099 3.55371 3.57264 3.68084 3.67362 3.74798 3.72771 3.76484 3.74026 3.79640 4.13858 4.33850
10.0732 10.0432 9.97234 9.85181 9.65376 3.78428 3.82639 3.58143 3.63215 3.59589 3.60818 3.65365 3.68178 3.75346 3.69735 3.47933 3.50435 3.53060 3.52520 3.49961 3.50137 3.49648 3.50194 3.48784 3.47541 3.39359 3.41048 3.42667 3.34353 3.27195 3.14032 3.01910 2.98933 3.00045 2.94817 2.95908 2.90031 2.90018 2.89392 2.98618 3.06302 3.03633 2.99484 2.95102 2.80861 2.92951 2.96502 3.06904 3.12721 3.22603 3.33855 3.46226 3.49370 3.49948 3.52908 3.66159 3.65220 3.72431 3.70358 3.75959 3.73510 3.78762 4.00490 4.27046
9.35517 9.15759 9.04321 8.91003 8.71797 3.87135 3.84672 3.64066 3.59621 3.58782 3.57455 3.63608 3.69564 3.90672 3.85479 3.64142 3.57907 3.56603 3.55153 3.52656 3.49476 3.47097 3.44440 3.42078 3.39209 3.31728 3.30008 3.31300 3.26783 3.15830 3.08930 2.90105 2.91000 2.95453 2.94807 2.95010 2.90065 2.87930 2.84532 2.85276 3.00429 3.01852 2.98308 2.98154 2.88856 2.98248 3.08146 3.21719 3.22567 3.30286 3.40933 3.52926 3.58617 3.58712 3.57771 3.68695 3.67709 3.74629 3.82449 3.99185 4.05182 4.18231 4.37096 4.62142
8.32502 8.35415 8.35423 8.34014 8.33148 3.70991 3.68541 3.61229 3.56040 3.60454 3.56537 3.65051 3.68057 3.90587 3.88309 3.72140 3.57991 3.52287 3.50145 3.46890 3.42081 3.40220 3.38382 3.36713 3.32813 3.27355 3.22446 3.22261 3.20853 3.08876 3.06182 2.92102 2.90853 2.86455 2.83469 2.82360 2.79640 2.81403 2.81144 2.79871 2.98931 3.07346 3.02812 3.02087 2.94950 2.97061 3.15990 3.26649 3.38219 3.43666 3.55285 3.64308 3.80517 3.88190 3.96555 4.21447 4.32248 4.36024 4.37759 4.54855 4.53878 4.59784 4.68849 4.96641
8.21282 8.32768 8.33409 8.32510 8.33879 3.72356 3.74124 3.75158 3.60120 3.65373 3.60505 3.61555 3.66937 3.79719 3.90353 3.79803 3.58960 3.52407 3.46751 3.40883 3.34409 3.33022 3.33918 3.31580 3.26052 3.21179 3.16667 3.19265 3.18346 3.11224 3.02351 2.89102 2.88413 2.87354 2.89311 2.89843 2.88674 2.93014 2.95502 2.94278 3.01345 3.16130 3.11048 3.09322 3.04757 2.97911 3.38052 3.43215 3.64146 3.70701 3.82687 3.78404 3.97301 3.99205 4.07084 4.31460 4.38246 4.42921 4.39431 4.58631 4.52562 4.56644 4.57584 4.89078
8.15243 8.32301 8.31982 8.25776 8.20460 3.74327 3.74644 3.75945 3.60397 3.64561 3.61938 3.61094 3.69210 3.73131 3.86442 3.75736 3.55541 3.46707 3.38436 3.33462 3.26066 3.22382 3.23113 3.23637 3.19425 3.15406 3.09817 3.08335 3.10849 3.11502 3.03972 2.97955 2.90847 2.88866 2.89810 2.88234 2.83069 2.90237 2.94301 2.92974 2.92040 3.11732 3.08817 3.05992 3.02300 2.94459 3.32243 3.44557 3.74432 3.80691 4.01741 3.96902 4.11305 4.12088 4.30185 4.50311 4.50905 4.56467 4.49906 4.73897 4.67635 4.76132 4.81869 5.03132
7.76082 7.73842 7.81615 7.79623 7.79058 3.74220 3.73673 3.73853 3.62870 3.59932 3.58842 3.52115 3.55147 3.54086 3.67226 3.59634 3.45957 3.36989 3.27737 3.26123 3.19894 3.16739 3.18134 3.19251 3.19569 3.16554 3.14441 3.11230 3.10227 3.09923 3.01130 2.91667 2.84102 2.76244 2.77869 2.80468 2.77705 2.84862 2.90569 2.92266 2.88919 3.04491 3.08303 3.07308 3.07698 3.04893 3.24702 3.54271 3.79933 3.80584 3.99179 3.97427 4.12482 4.21592 4.43040 4.62814 4.70812 4.80884 4.69074 4.96040 4.90325 4.96616 4.99170 5.08225
7.44050 7.58130 7.79710 7.81521 7.81119 3.72705 3.66137 3.56352 3.46412 3.33856 3.33155 3.26900 3.34590 3.39708 3.48691 3.55160 3.46323 3.36353 3.32065 3.31657 3.28572 3.26197 3.24109 3.22674 3.20210 3.10736 3.05460 3.00956 3.02696 3.10004 3.09498 3.00279 2.93658 2.79528 2.79553 2.82516 2.82500 2.85430 2.92995 2.97457 2.95626 3.04111 3.20128 3.21301 3.18965 3.17077 3.11086 3.50109 3.69601 3.80296 3.96153 4.03565 4.19628 4.35365 4.47099 4.68653 4.77259 4.83474 4.69200 4.88451 4.86150 4.92503 4.93642 4.95644
7.64337 7.73686 7.88043 7.92094 7.90704 3.41352 3.39659 3.36671 3.32595 3.19787 3.20840 3.17321 3.24178 3.33356 3.35107 3.46451 3.39690 3.27889 3.19232 3.14426 3.10563 3.01987 2.98330 2.96021 2.95961 2.97453 2.95865 2.96368 2.97279 3.01905 3.05287 2.95991 2.91581 2.75617 2.73841 2.76255 2.79694 2.81212 2.91748 2.97264 2.98228 2.98105 3.15430 3.19026 3.16032 3.19291 3.08410 3.47928 3.68340 3.84360 3.91690 4.04900 4.17518 4.36318 4.49278 4.68642 4.79596 4.83453 4.74327 4.87398 4.85609 4.91628 4.96461 4.97533
7.71807 7.83346 7.96711 8.17799 8.24292 3.16096 3.16859 3.15229 3.14891 3.06343 3.06541 3.06830 3.06831 3.15197 3.18156 3.21819 3.21622 3.14764 3.07061 3.03934 3.02845 2.98805 2.94230 2.90876 2.91364 2.92197 2.88630 2.87539 2.88193 2.91203 3.01235 3.02777 2.96847 2.83420 2.77511 2.78738 2.82209 2.84246 2.90221 2.99366 3.02663 3.05137 3.13813 3.28565 3.28079 3.32921 3.24196 3.47048 3.82859 3.97717 4.05233 4.12954 4.23255 4.33493 4.50321 4.59600 4.77493 4.84699 4.77201 4.89382 4.92783 4.94608 4.97330 4.99997
