results/OMI_NO2_200804.asc
ncols      200
nrows      200
xllcorner       120.258
yllcorner       41.1236
cellsize     0.0166667
NODATA_Value      -999.000
[rows 87 to 115 of 165, columns 0 to 66 of 200]
1.25026 1.24494 1.26446 1.26711 1.20385 1.22456 1.19169 1.18732 1.19152 1.34026 1.47950 1.45890 1.36401 1.38128 1.34772 1.32862 1.32687 1.33454 1.33449 1.30394 1.31997 1.27559 1.20964 1.20764 1.22701 1.28226 1.28435 1.26644 1.26640 1.26587 1.31068 1.29084 1.26994 1.23414 1.22952 1.24466 1.25226 1.37235 1.38667 1.36747 1.36389 1.36340 1.34850 1.35225 1.36367 1.43687 1.43622 1.41683 1.34571 1.34489 1.34470 1.40485 1.48376 1.48709 1.48993 1.42316 1.35479 1.48231 1.58309 1.58656 1.58656 1.63093 1.65761 1.66603 1.58282 1.57912 1.55524
1.39460 1.36240 1.35326 1.36144 1.28116 1.26411 1.23517 1.20678 1.20565 1.22560 1.31046 1.23276 1.13329 1.15606 1.23370 1.25275 1.30538 1.30149 1.30601 1.34067 1.36281 1.26805 1.22388 1.15662 1.18052 1.20154 1.18647 1.14681 1.12229 1.11018 1.16405 1.20300 1.22239 1.23355 1.22224 1.22376 1.21952 1.29149 1.35745 1.34648 1.33637 1.32337 1.30251 1.27469 1.27105 1.32387 1.32305 1.32886 1.32981 1.33514 1.34293 1.36618 1.48840 1.48805 1.47967 1.44481 1.33856 1.41823 1.51898 1.52206 1.47908 1.44662 1.44716 1.40780 1.34539 1.32424 1.33633
1.36686 1.35826 1.33370 1.33509 1.28264 1.21644 1.20138 1.16405 1.16878 1.17259 1.17835 1.19158 1.17017 1.14207 1.26849 1.28133 1.34907 1.35793 1.35804 1.37104 1.39082 1.24925 1.17412 1.08369 1.08004 1.10591 1.11723 1.12462 1.12860 1.14744 1.18015 1.22346 1.22300 1.22287 1.21695 1.20660 1.19474 1.20582 1.29007 1.25785 1.22943 1.22426 1.22324 1.26112 1.31571 1.35441 1.35841 1.35919 1.35499 1.34830 1.34830 1.34830 1.46147 1.48866 1.48339 1.48995 1.39820 1.41342 1.38079 1.30321 1.29293 1.28985 1.34474 1.33573 1.28323 1.23460 1.25170
1.49309 1.51100 1.35985 1.35413 1.35808 1.26740 1.26169 1.20678 1.19068 1.19480 1.22933 1.23129 1.22140 1.15900 1.22315 1.28453 1.31655 1.33077 1.31374 1.29835 1.32213 1.24941 1.13720 1.10478 1.08677 1.13665 1.18999 1.17775 1.16415 1.17410 1.19033 1.19420 1.18996 1.17723 1.16965 1.16508 1.16004 1.15020 1.27953 1.30822 1.30918 1.31589 1.31760 1.32389 1.39606 1.39746 1.36272 1.35919 1.35850 1.34859 1.35049 1.37181 1.49231 1.61456 1.64932 1.58687 1.50025 1.45154 1.39586 1.27511 1.24767 1.24431 1.28137 1.31397 1.27595 1.22006 1.23320
1.50400 1.52991 1.39937 1.32970 1.31509 1.24151 1.20845 1.18231 1.16426 1.16619 1.22649 1.23167 1.24179 1.19819 1.18440 1.21527 1.22685 1.27827 1.27827 1.27871 1.30679 1.28456 1.18945 1.16361 1.15407 1.20131 1.30396 1.32225 1.30068 1.28689 1.28026 1.21332 1.17847 1.18181 1.18811 1.19497 1.20094 1.20119 1.27538 1.33527 1.31856 1.31760 1.31760 1.31302 1.37405 1.38417 1.35463 1.34806 1.37688 1.41319 1.45137 1.47390 1.48858 1.59942 1.59942 1.53630 1.48121 1.43118 1.40554 1.31669 1.24419 1.24419 1.25556 1.31448 1.29006 1.24473 1.22617
1.38785 1.45687 1.40233 1.30006 1.29894 1.27281 1.20463 1.19602 1.17558 1.18705 1.23971 1.27789 1.28428 1.25805 1.20252 1.22412 1.24791 1.33378 1.36132 1.38253 1.42043 1.44835 1.33148 1.23824 1.22145 1.19510 1.24936 1.27786 1.27175 1.25817 1.26481 1.24577 1.20274 1.20363 1.20365 1.20475 1.20484 1.20492 1.22776 1.29078 1.25275 1.22684 1.22092 1.21363 1.24630 1.35319 1.40521 1.45500 1.46995 1.46621 1.45907 1.45907 1.45907 1.57769 1.59942 1.58012 1.50020 1.43463 1.42699 1.35602 1.23308 1.21807 1.20758 1.25356 1.25083 1.20711 1.18298
1.33311 1.44844 1.44189 1.30913 1.31795 1.33260 1.26318 1.25869 1.24391 1.24433 1.25110 1.29273 1.27679 1.26227 1.30755 1.31695 1.33672 1.38388 1.41608 1.41406 1.41469 1.45633 1.35577 1.25817 1.23694 1.20180 1.23454 1.30542 1.30745 1.28047 1.27937 1.27748 1.20934 1.19794 1.18757 1.17797 1.16830 1.16660 1.17032 1.20851 1.22861 1.27260 1.31561 1.35725 1.38296 1.45921 1.47061 1.48224 1.48426 1.48412 1.47497 1.48613 1.50209 1.55811 1.57667 1.56695 1.48478 1.40299 1.38251 1.35829 1.27428 1.23919 1.25592 1.27415 1.28129 1.24545 1.24311
1.34317 1.47838 1.51509 1.40263 1.33226 1.31256 1.24929 1.19108 1.17644 1.16736 1.16855 1.22788 1.23483 1.23299 1.29181 1.30016 1.32360 1.34841 1.41124 1.40562 1.39555 1.41901 1.35408 1.28966 1.26977 1.25359 1.23603 1.32714 1.32919 1.29249 1.25440 1.24353 1.19421 1.19780 1.23127 1.26517 1.29981 1.34975 1.41347 1.50665 1.57014 1.59750 1.61633 1.64257 1.49721 1.48321 1.53696 1.55943 1.58145 1.59711 1.60471 1.60517 1.61193 1.62157 1.59421 1.61712 1.61000 1.53044 1.48619 1.46411 1.38239 1.27457 1.27457 1.27531 1.28272 1.25995 1.24529
1.28611 1.37151 1.40831 1.34790 1.26361 1.26721 1.26157 1.19189 1.19265 1.19347 1.19418 1.23060 1.26501 1.26756 1.30347 1.32320 1.33836 1.35469 1.43062 1.44505 1.45667 1.46472 1.44495 1.44210 1.43519 1.45361 1.43091 1.52607 1.55638 1.56507 1.52307 1.55895 1.55642 1.49767 1.53703 1.57821 1.63494 1.66651 1.68219 1.72192 1.75924 1.77858 1.79443 1.80250 1.67512 1.52468 1.59289 1.61233 1.64359 1.66451 1.69040 1.72315 1.74140 1.74113 1.68083 1.67265 1.67210 1.57761 1.48751 1.48495 1.41888 1.30624 1.29417 1.33368 1.39111 1.43689 1.44852
1.34455 1.43528 1.52864 1.52767 1.38793 1.38653 1.39101 1.32005 1.30180 1.31261 1.31779 1.32957 1.39048 1.39002 1.39310 1.46016 1.45762 1.48406 1.53750 1.57284 1.57162 1.56997 1.57282 1.71843 1.71272 1.70958 1.69544 1.66808 1.67590 1.68461 1.63721 1.67361 1.71847 1.64551 1.64071 1.64367 1.69226 1.71764 1.71313 1.71654 1.74568 1.75500 1.78141 1.85326 1.84640 1.61869 1.68830 1.71755 1.72878 1.73083 1.73092 1.74003 1.74070 1.74070 1.70236 1.67265 1.67265 1.63063 1.51516 1.53282 1.57254 1.56443 1.52901 1.54180 1.52963 1.51268 1.53656
1.41469 1.49505 1.58921 1.59463 1.50613 1.47681 1.47395 1.42018 1.33244 1.32011 1.31294 1.31114 1.35106 1.36397 1.36394 1.40432 1.42187 1.44116 1.47265 1.54052 1.55459 1.57281 1.58717 1.71505 1.74979 1.72740 1.73662 1.74460 1.78436 1.81949 1.77285 1.71672 1.69119 1.63213 1.60950 1.60706 1.64682 1.72439 1.75434 1.78593 1.85299 1.88639 1.88811 1.94460 1.97242 1.68613 1.66464 1.71608 1.72286 1.73067 1.73067 1.73682 1.74070 1.74128 1.74346 1.71144 1.72794 1.75188 1.70900 1.64003 1.63302 1.62170 1.51700 1.51089 1.50964 1.49617 1.52341
1.40175 1.47835 1.55426 1.55823 1.50529 1.42924 1.42560 1.42024 1.31439 1.30614 1.30614 1.30614 1.32744 1.36770 1.38715 1.45443 1.56904 1.62130 1.60657 1.63027 1.63389 1.63465 1.63503 1.71555 1.80004 1.77022 1.73982 1.74200 1.72772 1.70323 1.66887 1.61296 1.64080 1.67394 1.71937 1.74975 1.76152 1.83537 1.83815 1.83737 1.85638 1.88326 1.88617 1.92425 1.97232 1.77300 1.64996 1.70439 1.71998 1.74514 1.77983 1.81660 1.85594 1.88785 1.90023 1.84512 1.85370 1.85726 1.81897 1.62607 1.62500 1.62500 1.55489 1.50968 1.50968 1.50074 1.50423
1.39140 1.43691 1.51442 1.51981 1.51320 1.42431 1.42761 1.44891 1.39892 1.37049 1.40026 1.46322 1.51683 1.62122 1.66232 1.66934 1.74769 1.75927 1.66705 1.62944 1.61101 1.59939 1.58481 1.58788 1.66917 1.66306 1.66712 1.70044 1.77289 1.80527 1.83122 1.75398 1.73763 1.73693 1.75384 1.75571 1.75547 1.80977 1.83668 1.83668 1.84204 1.89455 1.91495 1.95920 2.06255 1.99472 1.82342 1.90922 2.00143 1.95302 1.92622 1.92269 1.93280 1.93382 1.93382 1.88768 1.85726 1.85726 1.85489 1.66588 1.62500 1.62500 1.60191 1.51494 1.51980 1.52069 1.51476
1.38284 1.40275 1.59760 1.64981 1.65093 1.59440 1.60053 1.65205 1.67297 1.60549 1.64128 1.64388 1.63187 1.66970 1.71387 1.74153 1.70947 1.66130 1.60773 1.54627 1.55091 1.57382 1.59755 1.61940 1.77582 1.79992 1.77081 1.76686 1.81146 1.83098 1.83020 1.78429 1.73525 1.74498 1.77128 1.79725 1.81684 1.87181 1.95568 1.98368 2.01997 2.07880 2.12885 2.16303 2.31040 2.28131 1.94504 1.94414 2.01260 1.98085 1.93111 1.93452 1.94754 1.95895 1.96381 1.94241 1.91399 1.92611 1.93819 1.82599 1.72616 1.74794 1.74990 1.65666 1.63522 1.63610 1.78077
1.38284 1.38636 1.71808 1.86002 1.85290 1.85654 1.79840 1.82206 1.85294 1.74454 1.74208 1.77070 1.80443 1.78675 1.85410 1.88857 1.84581 1.72310 1.74369 1.67384 1.66280 1.66162 1.66690 1.67820 1.79133 1.86626 1.85250 1.82897 1.86891 1.94746 1.97097 1.97907 1.94603 1.96931 1.98955 2.02640 2.05623 2.08855 2.19785 2.22725 2.24172 2.26073 2.25542 2.20246 2.30937 2.33784 2.09338 2.03426 2.07410 2.08786 2.00148 1.99189 1.98332 1.98348 1.99950 2.02705 2.07456 2.06673 2.05851 2.00707 1.77866 1.76186 1.76457 1.71768 1.64963 1.64963 1.73718
1.66819 1.79731 2.01419 2.19307 2.11386 2.11889 1.98581 1.98663 1.99179 1.92001 1.86496 1.91209 1.95064 1.91372 2.01014 2.01823 2.03449 1.91968 1.91012 1.86029 1.82331 1.83302 1.84376 1.85668 2.06167 2.16074 2.14006 2.03733 2.02814 2.07632 2.08820 2.09424 2.10261 2.11831 2.13716 2.17302 2.17778 2.17129 2.22818 2.24513 2.23193 2.22252 2.23487 2.14981 2.21233 2.25703 2.10074 1.98461 2.03527 2.13099 2.07777 2.04252 2.03405 2.02426 1.99071 1.95758 1.99039 2.01371 2.01471 2.01471 1.80527 1.76496 1.76496 1.75860 1.65484 1.65345 1.70520
2.09476 2.10898 2.14778 2.34401 2.23611 2.12239 1.98029 1.92175 1.90562 1.89654 2.01016 2.00989 2.01171 1.95796 1.99469 2.04516 2.07340 2.09834 2.00968 1.98968 1.89804 1.88740 1.88825 1.88891 2.02703 2.11049 2.10968 2.04717 2.03310 2.07417 2.14317 2.15528 2.15975 2.16006 2.16681 2.18434 2.20417 2.21634 2.19721 2.13953 2.13857 2.15962 2.21615 2.17043 2.26276 2.40459 2.33458 2.11817 2.06473 2.05014 2.00640 1.95424 1.95823 1.96002 1.96002 1.96002 1.97779 2.01471 2.01471 2.01471 1.88426 1.76587 1.77562 1.78757 1.79743 1.85079 1.87436
2.02658 1.99024 1.96839 2.14896 2.21255 2.10291 2.03361 1.92482 1.92731 1.94020 2.04771 2.12074 2.13800 2.08282 1.99135 2.04009 2.03173 2.09796 1.94794 1.94611 1.85927 1.81881 1.82149 1.83770 1.93504 2.11003 2.15159 2.13864 2.07645 2.09100 2.16062 2.17716 2.17301 2.15951 2.16066 2.17160 2.25365 2.29010 2.32024 2.25177 2.25636 2.23802 2.21673 2.15530 2.16392 2.37942 2.40051 2.17852 2.17736 2.07456 2.04386 1.96323 1.96002 1.96002 1.96002 1.96002 1.96237 2.00788 2.02709 2.06298 2.04290 1.82357 1.80276 1.80297 1.81851 1.87665 1.87732
1.92920 1.93982 1.93982 2.06202 2.25807 2.21316 2.16700 1.99038 1.99936 2.00241 2.03880 2.14248 2.14133 2.11424 1.94560 2.00171 2.00750 2.08699 1.98377 1.96001 1.94064 1.93016 1.97018 1.98371 2.01533 2.20879 2.23347 2.23600 2.13830 2.13302 2.16285 2.19989 2.20823 2.20573 2.18909 2.16519 2.28165 2.29715 2.26909 2.19709 2.19754 2.22432 2.25108 2.25446 2.23028 2.44391 2.46145 2.26394 2.19115 2.11384 2.05004 1.98957 1.95620 1.93904 1.93411 1.95930 1.98506 2.04924 2.07299 2.06368 2.05516 1.89028 1.80601 1.80601 1.80602 1.86517 1.87889
1.93968 1.93762 1.93493 1.97092 2.21813 2.26870 2.21172 2.05489 1.99836 1.99841 2.00201 2.13029 2.15048 2.15494 1.98667 2.01647 2.05670 2.11193 2.10456 1.99603 1.99406 1.95457 1.99354 1.99766 2.00204 2.19168 2.28531 2.29468 2.24194 2.17910 2.15676 2.13985 2.12187 2.09691 2.08817 2.11013 2.20433 2.33523 2.36201 2.33804 2.28116 2.28116 2.28116 2.26187 2.22648 2.37420 2.45098 2.34351 2.20799 2.17494 2.09630 2.04849 1.93637 1.97625 2.00544 2.00660 2.00660 2.02451 2.05522 2.05522 2.05522 1.96681 1.82058 1.80601 1.80601 1.83598 1.87950
1.92494 1.92431 1.92431 1.92431 2.14633 2.29037 2.23994 2.13939 2.01601 2.02181 2.03235 2.11594 2.20155 2.21146 2.07077 2.02147 2.05379 2.03175 2.09764 2.01981 2.02504 1.99384 2.02568 2.02949 2.02949 2.13115 2.30005 2.30156 2.28955 2.18186 2.18655 2.11397 2.16078 2.18434 2.19341 2.19501 2.21006 2.37336 2.37601 2.37055 2.30725 2.33317 2.36115 2.35589 2.26146 2.37444 2.49801 2.46419 2.28911 2.32960 2.27232 2.23412 2.01938 2.00660 2.00765 2.00945 2.01278 2.02425 2.07781 2.08894 2.09921 2.06839 1.92979 1.88079 1.89508 1.93992 2.05198
1.92431 1.92431 1.92431 1.92431 2.06380 2.29881 2.29942 2.24615 2.05841 2.06196 2.04599 2.03226 2.11521 2.07901 1.96311 1.83929 1.86776 1.86951 1.97478 2.02477 2.03373 2.02391 2.00583 2.02949 2.02949 2.05934 2.27234 2.27375 2.26084 2.28841 2.31665 2.20778 2.19944 2.19945 2.20482 2.22981 2.25064 2.41673 2.50818 2.58999 2.59026 2.63944 2.71599 2.75891 2.49953 2.44751 2.68386 2.70453 2.49715 2.48998 2.43788 2.38780 2.23870 2.16923 2.18795 2.20588 2.22224 2.23386 2.22338 2.24038 2.28297 2.32146 2.21308 2.14566 2.17195 2.17395 2.22327
1.92555 1.93973 1.95735 1.97496 2.00815 2.24560 2.24282 2.15013 1.96984 1.89495 1.88380 1.88561 1.97141 2.00213 1.96013 1.82441 1.85922 1.89545 1.94359 1.98147 2.00045 1.99461 1.96455 1.99124 1.99201 1.99515 2.13978 2.18595 2.18512 2.20596 2.26170 2.21561 2.14895 2.17172 2.22126 2.37947 2.45103 2.60860 2.84560 2.87559 2.87105 2.85833 2.90625 2.94831 2.78732 2.52884 2.78234 2.79652 2.68804 2.63669 2.61489 2.48799 2.34631 2.14669 2.14851 2.23329 2.37855 2.42253 2.45723 2.45940 2.45517 2.45329 2.34487 2.22831 2.17293 2.17293 2.19055
2.06991 2.04319 1.85033 1.81099 1.79287 2.04326 2.17016 2.14636 2.03683 1.91393 1.89411 1.87462 1.93511 2.06603 2.07138 1.90765 1.92815 1.99486 2.00591 2.01861 2.06269 2.07842 2.06903 2.09103 2.10412 2.11396 2.17249 2.21450 2.21639 2.21781 2.33029 2.41500 2.34043 2.41352 2.46450 2.60426 2.64019 2.69246 2.97613 3.02335 3.02391 3.04392 3.05971 3.06626 2.95017 2.63661 2.68257 2.66894 2.55580 2.40736 2.36772 2.43506 2.45309 2.24773 2.22514 2.25447 2.47979 2.48016 2.47747 2.45345 2.45329 2.45329 2.39706 2.27629 2.17661 2.19595 2.23172
2.12633 2.11973 1.84251 1.78697 1.75707 1.85677 2.11046 2.10188 2.04873 1.92631 1.94528 1.96500 1.98850 2.18851 2.19803 2.12855 2.11371 2.16741 2.18882 2.19231 2.22207 2.23819 2.24077 2.22592 2.24385 2.25940 2.34943 2.51129 2.58613 2.66052 2.72042 2.75667 2.63338 2.58013 2.63533 2.76962 2.86344 2.86342 3.02472 3.05440 2.99989 2.97870 2.93560 2.88419 2.81802 2.63148 2.48827 2.53896 2.54542 2.42655 2.45291 2.58122 2.55223 2.32243 2.21877 2.21877 2.42183 2.48016 2.48016 2.45926 2.47084 2.51280 2.52816 2.40024 2.39365 2.42127 2.46257
1.89766 1.89678 1.72498 1.58770 1.57248 1.61635 2.04089 2.10733 2.06950 1.98551 1.95636 1.94455 1.93808 2.05299 2.12868 2.14818 2.16600 2.20037 2.24921 2.24780 2.25725 2.27140 2.26968 2.32418 2.50187 2.55316 2.55294 2.66222 2.67156 2.67156 2.67778 2.74330 2.70098 2.56810 2.68015 2.71739 2.85539 2.85267 2.83712 2.80945 2.80733 2.82272 2.84885 2.87427 2.90041 2.78521 2.61455 2.64283 2.64283 2.50336 2.47817 2.51119 2.63265 2.41545 2.21877 2.22341 2.39024 2.62271 2.67207 2.70623 2.72045 2.72421 2.74815 2.75972 2.77482 2.71993 2.71967
1.62109 1.83829 1.79006 1.57247 1.57116 1.56872 1.92389 2.10098 2.07001 1.97407 1.93358 1.93358 1.93358 1.97409 2.10192 2.09042 2.09448 2.09328 2.16660 2.16572 2.16684 2.20763 2.20960 2.23139 2.53404 2.54433 2.54287 2.61191 2.66594 2.66406 2.66219 2.70609 2.70107 2.54976 2.63180 2.66894 2.81877 2.84328 2.86270 2.85408 2.87860 2.91029 2.96213 2.96302 2.96302 2.86709 2.70726 2.64283 2.65214 2.55957 2.47106 2.47808 2.67724 2.58593 2.50272 2.53518 2.55316 2.81976 2.81769 2.81330 2.78699 2.78698 2.78698 2.78698 2.78714 2.80837 2.90993
1.29523 1.82883 1.82590 1.60579 1.55822 1.55822 1.74771 2.06548 2.03799 1.93252 1.84520 1.82347 1.80547 1.80612 1.97689 2.02952 2.08622 2.09212 2.15003 2.18124 2.21403 2.22747 2.20432 2.20265 2.42598 2.53446 2.52882 2.52977 2.58713 2.55484 2.52401 2.51302 2.55633 2.55344 2.59907 2.72366 2.84048 2.95776 2.96339 2.93882 2.92498 2.92498 2.95592 2.94141 2.90137 2.84532 2.78132 2.67218 2.69220 2.67051 2.59387 2.58676 2.63981 2.63660 2.49703 2.48144 2.48144 2.73212 2.81769 2.81769 2.79557 2.87568 2.98401 3.08362 3.17706 3.19599 3.14327
1.10479 1.71770 1.82139 1.69426 1.55822 1.55822 1.56920 1.87512 1.91708 1.90433 1.84238 1.84887 1.86532 1.87152 1.98569 2.12561 2.19856 2.24369 2.31594 2.41319 2.41505 2.34077 2.16992 2.14905 2.22590 2.41642 2.39643 2.39522 2.48122 2.48756 2.48407 2.48077 2.63218 2.67496 2.64577 2.75006 2.80547 2.93543 2.89645 2.84806 2.78638 2.75180 2.75637 2.79889 2.84015 2.87735 2.85005 2.76738 2.66824 2.61945 2.43900 2.43036 2.44033 2.59609 2.40377 2.35774 2.35409 2.56699 2.86576 2.96464 3.05285 3.07335 3.07152 3.07152 3.08108 3.10974 3.09103
