results/OMI_NO2_201006.asc
ncols      200
nrows      200
xllcorner       120.258
yllcorner       41.1236
cellsize     0.0166667
NODATA_Value      -999.000
[rows 87 to 115 of 175, columns 67 to 133 of 200]
2.50238 2.50238 2.50238 2.50238 2.50238 2.50238 2.50238 2.50238 2.27418 2.17657 2.15326 2.15397 2.23572 2.32553 2.41477 2.43885 2.37121 2.59658 2.58899 2.70200 2.69227 2.69159 2.69159 2.69159 2.69629 2.71159 2.72849 2.76144 2.78827 2.78827 2.78827 2.78827 2.78827 2.78827 2.78827 2.78827 2.79539 2.88927 3.00526 3.07075 3.09820 3.04900 3.08280 3.11566 3.12549 3.12549 3.12549 3.12549 3.12549 3.27767 3.35769 2.95548 2.92375 2.94445 2.96582 3.00615 3.03055 3.03055 3.03055 3.03120 3.06072 3.07955 3.10477 3.10477 3.10477 3.10477 3.11575
2.50238 2.50238 2.50238 2.50238 2.49880 2.47780 2.45449 2.43450 2.38177 2.28705 2.37730 2.40759 2.33504 2.25837 2.18160 2.11500 2.10623 2.27810 2.49421 2.65998 2.71911 2.73331 2.75211 2.77265 2.78779 2.78827 2.78827 2.78827 2.78827 2.78827 2.78827 2.78827 2.78832 2.85152 2.97076 3.09004 3.20837 3.26500 3.29882 3.29595 3.27756 3.12913 3.12549 3.12549 3.12549 3.11772 3.09772 3.11338 3.13405 3.19466 3.44151 3.27302 3.03055 3.03055 3.03055 3.03055 3.03055 3.03055 3.03055 3.03055 3.04842 3.06564 3.10965 3.13462 3.15807 3.18191 3.20672
2.50220 2.48775 2.46445 2.44114 2.45340 2.53996 2.62209 2.64311 2.57814 2.23802 2.14534 2.10623 2.10623 2.10580 2.09972 2.09135 2.08227 2.10172 2.54018 2.63241 2.79426 2.78876 2.78827 2.78827 2.78827 2.78827 2.78827 2.78827 2.78827 2.81863 2.93307 3.05230 3.17298 3.25435 3.28815 3.32195 3.34953 3.35213 3.35213 3.33913 3.28887 3.15475 3.10896 3.12968 3.15036 3.17882 3.21950 3.22455 3.22455 3.22455 3.40321 3.45162 3.05384 3.03055 3.03055 3.03055 3.03055 3.03055 3.03443 3.05580 3.08427 3.13582 3.18634 3.22132 3.23949 3.25729 3.26310
2.43573 2.50174 2.55855 2.57194 2.55321 2.47752 2.40865 2.39750 2.38252 2.17494 2.08897 2.07968 2.06956 2.05914 2.05658 2.05658 2.05658 2.05658 2.37191 2.55914 2.78441 2.79131 2.78827 2.78827 2.78827 2.79768 2.89529 3.01461 3.13379 3.23883 3.27751 3.31130 3.34367 3.35213 3.35213 3.35131 3.29799 3.20751 3.10979 3.01202 3.08170 3.13528 3.22455 3.22455 3.22455 3.22455 3.22455 3.22455 3.22455 3.22455 3.28940 3.47852 3.22764 3.03055 3.03224 3.05119 3.07465 3.09812 3.12359 3.14352 3.16168 3.20500 3.23088 3.26310 3.26310 3.26310 3.26310
2.50291 2.44134 2.39764 2.37739 2.29017 2.19773 2.10519 2.01270 1.93509 1.95186 2.05658 2.05658 2.05658 2.05658 2.05658 2.05658 2.05658 2.05658 2.16822 2.56518 2.69506 2.79382 2.85357 2.97678 3.09614 3.21333 3.26686 3.30065 3.33445 3.35213 3.35213 3.32757 3.24330 3.14681 3.04908 2.95208 2.90770 2.90037 2.90034 2.90034 2.98473 3.09887 3.20852 3.22455 3.22455 3.22455 3.22455 3.22455 3.22455 3.22455 3.22490 3.43509 3.43820 3.09896 3.11865 3.13992 3.15809 3.17626 3.18852 3.18887 3.18887 3.20109 3.22208 3.25588 3.26310 3.26310 3.26310
2.18930 2.09681 2.00427 1.93184 1.92657 1.92657 1.92657 1.92657 1.92657 1.92682 2.03334 2.05658 2.05658 2.05658 2.05658 2.05658 2.05658 2.05658 2.04578 2.41244 2.49962 2.63240 3.01138 3.29000 3.32381 3.35020 3.34591 3.27706 3.18387 3.08601 2.98831 2.91511 2.90163 2.90034 2.90034 2.90034 2.90034 2.90034 2.90034 2.90034 2.91354 3.09106 3.15947 3.22455 3.22455 3.22455 3.22455 3.22758 3.23667 3.24593 3.25655 3.36730 3.54735 3.30402 3.18748 3.18887 3.18887 3.18887 3.18887 3.18887 3.18887 3.19014 3.21941 3.21584 3.22425 3.23122 3.23822
1.92657 1.92657 1.92657 1.92657 1.92657 1.92657 1.92657 1.92657 1.92657 1.92657 1.98132 2.05658 2.05658 2.05658 2.05525 2.01874 1.96658 1.91444 1.80615 1.86384 2.00839 2.59255 2.78677 3.21640 3.12308 3.02530 2.93377 2.90481 2.90034 2.90034 2.90034 2.90034 2.90034 2.90034 2.90034 2.90034 2.90034 2.90034 2.90034 2.90034 2.90034 3.02625 3.11119 3.22388 3.23379 3.24305 3.25231 3.26982 3.29016 3.31032 3.32908 3.33824 3.55510 3.49559 3.18887 3.18887 3.18887 3.18887 3.22059 3.29186 3.37570 3.46007 3.29266 3.14114 3.29298 3.29749 3.29749
1.92657 1.92657 1.92657 1.92657 1.92657 1.92657 1.92657 1.92657 1.92657 1.92657 1.93820 2.03814 1.98873 1.93658 1.86565 1.71619 1.56455 1.41631 1.35580 1.46759 1.74240 2.03523 2.29009 2.71172 2.90034 2.90034 2.90034 2.90034 2.90034 2.90034 2.90034 2.90034 2.90034 2.90034 2.90034 2.90034 2.90034 2.90034 2.90034 2.90050 2.90669 2.96382 3.12275 3.22453 3.28379 3.30396 3.32411 3.33301 3.33301 3.33301 3.33301 3.33301 3.44964 3.60006 3.36299 3.35605 3.44043 3.52477 3.57742 3.59052 3.59106 3.59106 3.50034 3.13986 3.24350 3.29749 3.29749
1.92657 1.92657 1.92657 1.92657 1.92657 1.92657 1.92657 1.92361 1.89000 1.84829 1.80609 1.75727 1.62915 1.48904 1.40310 1.48769 1.60578 1.73598 1.85638 1.88816 1.90048 1.91960 2.24647 2.42974 2.90034 2.90034 2.90034 2.90034 2.90034 2.90034 2.90034 2.90034 2.90034 2.90034 2.90034 2.90034 2.90387 2.91306 2.92231 2.93326 2.95321 2.97391 3.16047 3.24374 3.33301 3.33301 3.33301 3.33301 3.34160 3.40052 3.48052 3.56490 3.66625 3.95297 3.85382 3.59106 3.59106 3.59106 3.59106 3.59106 3.59106 3.59106 3.59102 3.22386 3.18249 3.30038 3.31481
1.92657 1.92657 1.92657 1.92657 1.90769 1.86600 1.82427 1.75879 1.63830 1.53453 1.47723 1.51995 1.66582 1.79415 1.88475 1.88816 1.88816 1.88816 1.88816 1.88816 1.89245 1.90820 2.09295 2.28092 2.76715 2.90034 2.90034 2.90034 2.90034 2.90034 2.90034 2.90034 2.90180 2.91017 2.91943 2.92880 2.94677 2.96702 2.98719 3.00552 3.00880 3.00880 3.09817 3.21051 3.37048 3.46089 3.54526 3.62963 3.70539 3.73085 3.73521 3.73521 3.73521 3.87919 3.97929 3.64300 3.59106 3.59106 3.59106 3.59106 3.59106 3.59238 3.60527 3.42848 3.18656 3.34984 3.40871
1.97123 1.88371 1.84198 1.79684 1.69590 1.60997 1.57147 1.56203 1.65185 1.74045 1.76775 1.77124 1.88009 1.88816 1.88816 1.88816 1.88816 1.88816 1.88816 1.88816 1.88816 1.90443 1.92076 2.26320 2.48555 2.90034 2.90034 2.90034 2.90063 2.90728 2.91654 2.92579 2.94001 2.96066 2.98081 3.00087 3.00880 3.00880 3.00880 3.03450 3.10626 3.21057 3.33460 3.64580 3.72039 3.73521 3.73521 3.73521 3.73521 3.73521 3.73521 3.73521 3.73521 3.77060 3.98171 3.81378 3.59106 3.59142 3.60222 3.61784 3.63348 3.65586 3.69466 3.70152 3.33426 3.42328 3.50322
1.92593 1.70207 1.67031 1.63947 1.69453 1.76349 1.76896 1.78380 1.80418 1.82687 1.85229 1.87991 1.88816 1.88816 1.88816 1.88816 1.88816 1.88816 1.88816 1.88816 1.88816 1.89641 1.90764 2.10493 2.28804 2.82388 2.91365 2.92291 2.93422 2.95429 2.97446 2.99464 3.00839 3.00880 3.01786 3.07425 3.17002 3.27618 3.38232 3.46272 3.49707 3.49891 3.49891 3.65448 3.73343 3.73527 3.73521 3.73521 3.73521 3.73521 3.73521 3.73521 3.73521 3.73521 3.91146 3.98039 3.65369 3.64957 3.68705 3.72554 3.76404 3.79445 3.79679 3.79679 3.50252 3.36424 3.50174
1.63746 1.76146 1.78575 1.80632 1.82926 1.85497 1.88195 1.88816 1.88816 1.88816 1.88816 1.88816 1.88816 1.88816 1.88816 1.88816 1.88816 1.88816 1.88816 1.88816 1.88816 1.90821 2.05793 2.18940 2.61517 2.80250 2.96811 2.98829 3.00610 3.00969 3.04920 3.12954 3.23562 3.34176 3.43882 3.48853 3.49891 3.49891 3.49891 3.49891 3.49891 3.49891 3.49891 3.56233 3.73301 3.73482 3.73521 3.73521 3.73521 3.73521 3.73745 3.74764 3.75852 3.76932 3.83801 4.09146 3.92710 3.79100 3.79679 3.79679 3.79679 3.79679 3.79679 3.79679 3.67728 3.34559 3.46377
1.66211 1.78601 1.88816 1.88816 1.88816 1.88816 1.88816 1.88816 1.88816 1.88816 1.88816 1.88816 1.88816 1.88816 1.88816 1.88816 1.88816 1.88859 1.97459 2.12490 2.27500 2.44089 2.58668 2.67900 2.67247 2.78737 3.07527 3.19502 3.30120 3.40646 3.47306 3.49883 3.49891 3.49891 3.49891 3.49891 3.49891 3.49891 3.49891 3.49891 3.49891 3.49891 3.49891 3.50055 3.70269 3.73389 3.73580 3.74424 3.75512 3.76600 3.77339 3.77104 3.76798 3.76500 3.76427 4.08868 4.12697 3.80308 3.79679 3.79679 3.79679 3.80969 3.84534 3.83731 3.81949 3.28699 3.19362
1.67307 1.70864 1.88816 1.88816 1.88816 1.88816 1.88816 1.88816 1.88816 1.88816 1.88816 1.88816 1.88816 1.88816 1.91967 2.06054 2.21079 2.36757 2.52457 2.64287 2.76430 2.88936 2.88449 2.90188 2.90698 3.20286 3.37277 3.49891 3.49891 3.49891 3.49891 3.49891 3.49891 3.49891 3.49891 3.49891 3.49891 3.49891 3.49891 3.49891 3.49891 3.49891 3.49891 3.50454 3.62869 3.76049 3.77221 3.77199 3.76894 3.76588 3.76408 3.76407 3.76407 3.76407 3.76407 3.90865 4.17649 3.96909 3.84080 3.82594 3.81107 3.78329 3.73280 3.72593 3.72593 3.42308 3.11049
1.66965 1.67508 1.83327 1.88816 1.88816 1.88816 1.88816 1.88816 1.88816 1.88816 1.89176 1.99628 2.14659 2.29690 2.46577 2.59297 2.72869 2.87293 2.84201 2.78258 2.72779 2.64987 2.61623 2.70917 2.79773 3.19151 3.27110 3.49154 3.49891 3.49891 3.49891 3.49891 3.49891 3.49891 3.49891 3.49891 3.49891 3.49891 3.49891 3.50162 3.51203 3.52291 3.53367 3.53665 3.55815 3.76129 3.76343 3.76407 3.76407 3.76407 3.76407 3.76594 3.79961 3.81153 3.79669 3.79006 4.12315 4.03533 3.72597 3.72593 3.72593 3.72593 3.72593 3.77302 3.89667 3.94736 3.59986
1.66689 1.67445 1.74365 1.88816 1.88816 1.88816 1.88816 1.93529 2.08238 2.23270 2.39399 2.54507 2.70264 2.81041 2.81219 2.75665 2.69357 2.62384 2.61622 2.61622 2.61622 2.61622 2.61622 2.66357 2.73182 3.03702 3.24785 3.40112 3.49891 3.49891 3.49891 3.49891 3.49891 3.49891 3.49891 3.49975 3.50862 3.51951 3.53039 3.53713 3.53455 3.53149 3.52856 3.52777 3.52777 3.69091 3.76231 3.78914 3.81408 3.80016 3.78529 3.76853 3.72002 3.69321 3.69321 3.69321 3.88362 4.09948 3.81242 3.79542 3.91811 4.02824 4.12737 4.18695 4.18933 4.21580 3.89857
1.66665 1.67126 1.68185 1.88118 2.01818 2.16844 2.31893 2.50466 2.66355 2.73440 2.77188 2.73059 2.65391 2.61622 2.61622 2.61622 2.61622 2.61622 2.61622 2.61622 2.61622 2.61622 2.61622 2.62278 2.72602 2.85303 3.21245 3.28870 3.49761 3.49891 3.49891 3.49895 3.50523 3.51611 3.52700 3.53637 3.53550 3.53245 3.52939 3.52777 3.52777 3.52777 3.51722 3.48882 3.53442 3.74428 4.25726 3.89844 3.69415 3.69321 3.69321 3.69321 3.69321 3.69321 3.69608 3.78752 3.93479 4.35352 4.35109 4.18813 4.18820 4.20875 4.24541 4.28206 4.31696 4.32304 4.15595
1.71622 1.82983 1.95059 2.28151 2.60240 2.66321 2.71612 2.69752 2.62583 2.61622 2.61622 2.61622 2.61622 2.61622 2.61622 2.61622 2.61622 2.61622 2.61622 2.61622 2.61622 2.61622 2.61622 2.61622 2.68697 2.75197 3.09317 3.24785 3.42793 3.51271 3.52359 3.53426 3.53646 3.53340 3.53034 3.52795 3.52777 3.52549 3.49384 3.51221 3.57160 3.63113 3.70104 3.78887 3.80272 3.81220 4.37741 4.16870 3.69321 3.69321 3.70353 3.81096 3.93050 4.03785 4.13294 4.16195 4.16195 4.41043 4.72301 4.37573 4.31140 4.32395 4.31923 4.31451 4.31035 4.30974 4.29819
2.26993 2.45175 2.61753 2.72221 2.61640 2.61622 2.61622 2.61622 2.61622 2.61622 2.61622 2.61622 2.61622 2.61622 2.61622 2.61622 2.61622 2.61622 2.61622 2.61622 2.61622 2.61622 2.61622 2.61622 2.64193 2.73941 2.93242 3.25744 3.34675 3.53436 3.53130 3.52843 3.52777 3.50918 3.49396 3.54944 3.60898 3.67054 3.76172 3.80272 3.80272 3.80272 3.80272 3.80272 3.80272 3.80272 4.15471 4.52766 3.99365 4.05639 4.14489 4.16195 4.16195 4.18419 4.34394 4.52729 4.71089 4.93954 5.15571 4.78432 4.31090 4.30974 4.30974 4.30974 4.30974 4.30974 4.30974
2.78896 2.78896 2.78174 2.76734 2.65172 2.61622 2.61622 2.61622 2.61622 2.61622 2.61622 2.61622 2.61622 2.61622 2.61622 2.61622 2.61622 2.61622 2.61622 2.61622 2.61622 2.62048 2.63064 2.64085 2.66330 2.81998 2.97273 3.25289 3.26668 3.43874 3.52732 3.58675 3.64611 3.72418 3.79880 3.80272 3.80272 3.80272 3.80272 3.80272 3.80272 3.80272 3.82990 3.96392 4.09474 4.21221 4.37261 4.82396 4.42260 4.16486 4.28637 4.46970 4.65304 4.84355 4.96657 5.06897 5.17110 5.21515 5.16616 5.10040 4.35794 4.30974 4.30974 4.30974 4.29757 4.22267 4.16865
2.78896 2.78896 2.78850 2.76931 2.71294 2.61622 2.61622 2.61622 2.61622 2.61622 2.61622 2.61622 2.61622 2.61622 2.61622 2.61622 2.61622 2.61744 2.62632 2.63651 2.64808 2.69835 2.76324 2.82904 2.96132 3.04168 2.89243 3.26915 3.43491 3.61542 3.80272 3.80272 3.80272 3.80272 3.80272 3.80272 3.80272 3.80272 3.83572 3.97233 4.10225 4.21901 4.30653 4.31509 4.31509 4.31509 4.38362 4.94216 5.11895 4.78604 4.93439 5.03678 5.13918 5.21217 5.21515 5.21515 5.21515 5.21515 5.19724 5.14082 4.61444 4.17847 4.13501 4.09146 4.06011 4.09147 4.10203
2.78896 2.78896 2.78896 2.77760 2.76277 2.62773 2.61622 2.61622 2.61622 2.61622 2.61622 2.61622 2.61622 2.61624 2.62199 2.63219 2.64239 2.67115 2.73577 2.82417 3.00730 3.15935 3.29137 3.42246 3.47432 3.43451 2.84343 3.14778 3.54384 3.55234 3.77248 3.80272 3.80272 3.80272 3.84207 3.98068 4.10972 4.22569 4.30893 4.31509 4.31509 4.31509 4.34280 4.50762 4.69103 4.87513 5.05368 5.33362 5.76756 5.32590 5.21515 5.21515 5.21515 5.21515 5.21495 5.16570 5.09436 5.05025 5.00663 4.91005 4.81534 4.11389 4.10203 4.10203 4.10203 4.10203 4.09897
2.78896 2.78896 2.78896 2.78618 2.76752 2.68445 2.61622 2.61622 2.61622 2.61622 2.61832 2.62787 2.63807 2.65238 2.70872 2.84840 3.04369 3.22079 3.35442 3.46282 3.47528 3.47578 3.47578 3.47578 3.47578 3.47578 3.06402 2.87926 3.52174 3.54795 3.71063 3.98897 4.11714 4.23241 4.31086 4.31509 4.31509 4.31509 4.32016 4.45011 4.63338 4.81679 5.00640 5.12561 5.22797 5.32957 5.36829 5.38249 5.84173 5.60026 5.18440 5.10697 5.06012 5.01662 4.97327 4.97901 5.00685 5.00744 5.00744 4.98131 4.93706 4.38072 4.09703 4.08343 4.06967 4.05592 4.04523
2.78896 2.78896 2.78896 2.78896 2.77349 2.74506 2.61714 2.62355 2.63375 2.64395 2.70052 2.88293 3.07918 3.27190 3.41695 3.47415 3.47574 3.47578 3.47578 3.47578 3.47578 3.47578 3.47578 3.47578 3.47578 3.47578 3.38923 3.08771 3.68044 4.02506 4.11954 4.30313 4.31509 4.31509 4.31509 4.39308 4.57581 4.75921 4.95022 5.09345 5.19581 5.29824 5.36652 5.36829 5.36829 5.38179 5.46696 5.49635 5.48372 5.21910 4.96784 5.00406 5.00744 5.00744 5.00744 5.00744 5.00744 5.00743 5.00003 4.98449 4.90890 4.70224 4.04461 4.04447 4.01072 3.92370 3.83601
2.78896 2.78896 2.78896 2.79219 2.79544 2.79081 2.76704 2.91785 3.11469 3.31160 3.45996 3.47517 3.47578 3.47578 3.47578 3.47578 3.47578 3.47578 3.47578 3.47578 3.47578 3.47578 3.44423 3.35854 3.57223 3.97522 4.05139 3.61761 3.68003 4.10498 4.11132 4.24916 4.51823 4.70157 4.88672 5.06072 5.16365 5.26605 5.35557 5.36829 5.36921 5.43209 5.49461 5.49860 5.50174 5.49147 5.40962 5.38342 5.32213 5.02298 5.00157 5.00744 5.00744 5.00709 4.99748 4.98372 4.96997 4.95623 4.94988 4.94988 4.90341 4.80970 4.05303 3.76466 3.66062 3.57847 3.49702
2.79785 2.80158 2.74317 2.69909 2.67265 3.37379 3.54371 3.47571 3.47578 3.47578 3.47578 3.47578 3.47578 3.47578 3.47578 3.47578 3.47578 3.47578 3.44973 3.36479 3.28649 3.21654 3.17388 3.17286 3.29135 4.04583 4.05354 3.82637 3.53133 4.02452 4.11160 4.25168 5.11458 5.23389 5.33451 5.36829 5.39686 5.48204 5.49757 5.50076 5.50311 5.44342 5.38409 5.38342 5.38342 5.38342 5.38342 5.38342 5.38342 5.10798 5.05223 4.98117 4.96742 4.95401 4.94988 4.94988 4.94679 4.89926 4.83725 4.77523 4.72081 4.54611 4.13324 3.43189 3.40050 3.40050 3.40050
2.61540 2.59501 2.63676 2.66096 2.66096 3.12745 3.58254 3.48573 3.47578 3.47578 3.47578 3.47578 3.47578 3.47578 3.45461 3.37106 3.29211 3.22159 3.17490 3.17286 3.17286 3.17286 3.17286 3.17286 3.17306 3.79105 4.05519 4.03548 3.68588 4.07964 4.49098 4.49755 5.14234 5.49650 5.49978 5.50305 5.47762 5.39571 5.38342 5.38342 5.38342 5.38342 5.38342 5.38342 5.38342 5.39098 5.45772 5.53693 5.61621 5.54956 5.32957 4.97497 4.94988 4.91847 4.85645 4.79441 4.73599 4.72413 4.72704 4.72995 4.73169 4.49477 4.32508 3.50999 3.40050 3.40050 3.40050
2.66045 2.66096 2.66096 2.66096 2.66096 2.76668 3.57389 3.52740 3.47578 3.47578 3.45911 3.37735 3.29772 3.22664 3.17631 3.17286 3.17286 3.17286 3.17286 3.17286 3.17290 3.17346 3.17420 3.17508 3.25259 3.63792 4.41721 4.56287 4.34693 4.36389 4.74389 4.63543 4.71528 5.38245 5.38342 5.38342 5.38342 5.38342 5.38342 5.38342 5.38342 5.39323 5.46258 5.54171 5.62107 5.69264 5.70522 5.70522 5.70522 5.67283 5.28804 4.98963 4.75170 4.72323 4.72614 4.72905 4.73146 4.73170 4.73170 4.73170 4.73170 4.66598 4.34174 3.89886 3.36939 3.34107 3.31253
