results/OMI_NO2_2007_06-08.asc
ncols      200
nrows      200
xllcorner       120.258
yllcorner       41.1236
cellsize     0.0166667
NODATA_Value      -999.000
[rows 0 to 27 of 165, columns 0 to 63 of 200]
1.71460 1.70854 1.69013 1.74022 1.92054 1.80804 1.60618 1.60010 1.59278 1.58893 1.58825 1.57200 1.55447 1.56435 1.54085 1.52964 1.46126 1.50079 1.47495 1.52926 1.56985 1.62760 1.70994 1.81823 1.86068 2.00206 1.99758 1.97405 2.05099 2.07942 2.08046 1.97806 1.95991 1.98938 1.98509 1.96975 1.92741 1.70448 1.65382 1.65030 1.63473 1.60066 1.60645 1.62521 1.59311 1.54576 1.53325 1.57438 1.61031 1.53315 1.47567 1.47306 1.41649 1.48105 1.58147 1.65387 1.71331 1.75152 1.74711 1.72742 1.75281 1.75271 1.74630 1.83180
1.69723 1.75430 1.68730 1.67209 1.70053 1.75540 1.57273 1.57428 1.58294 1.58977 1.59450 1.54104 1.52406 1.53674 1.53197 1.56542 1.53368 1.58447 1.59409 1.64548 1.67270 1.66363 1.66619 1.70242 1.71236 1.78647 1.93064 1.90915 1.97544 2.00540 2.00088 1.92530 1.85368 1.86891 1.87475 1.87604 1.87176 1.75801 1.63802 1.65962 1.66650 1.66142 1.67392 1.69052 1.71104 1.66746 1.64486 1.66020 1.69262 1.71947 1.75721 1.78891 1.79672 1.77873 1.76880 1.72606 1.71493 1.71207 1.67561 1.66098 1.67083 1.69133 1.75799 1.80153
1.85430 1.88969 1.85883 1.87351 1.81178 1.93763 1.67247 1.60707 1.58517 1.60065 1.60754 1.55934 1.52245 1.55273 1.59421 1.64992 1.60883 1.61749 1.59122 1.60874 1.62509 1.63161 1.62839 1.66640 1.68351 1.70966 1.83758 1.82955 1.86305 1.92271 1.95658 1.93488 1.86799 1.89775 1.89810 1.89359 1.88204 1.84949 1.71784 1.79732 1.80462 1.79576 1.78548 1.79448 1.83889 1.85931 1.89220 1.93308 1.91670 1.86570 1.79516 1.76202 1.73788 1.69164 1.69475 1.68923 1.69959 1.75424 1.71760 1.73660 1.71804 1.71334 1.75072 1.79454
1.93427 1.94858 1.90641 1.86383 1.67713 1.76781 1.61925 1.55969 1.55697 1.59713 1.60467 1.59390 1.54333 1.57245 1.57424 1.60847 1.56945 1.56487 1.54308 1.55578 1.57177 1.59982 1.60770 1.63911 1.65629 1.65943 1.76140 1.78484 1.80717 1.86402 1.92111 1.91854 1.82674 1.82610 1.82651 1.82214 1.81679 1.80648 1.70244 1.73295 1.78331 1.82093 1.83017 1.86353 1.85533 1.80140 1.73414 1.71692 1.70806 1.70337 1.68948 1.71155 1.73273 1.72191 1.74639 1.76424 1.77610 1.80680 1.76843 1.75850 1.73066 1.71634 1.72915 1.79410
1.84194 1.82804 1.79422 1.72359 1.60118 1.64746 1.58785 1.53056 1.50579 1.55760 1.56530 1.55671 1.48854 1.48983 1.48894 1.53493 1.49460 1.46269 1.42678 1.46687 1.50850 1.52718 1.53949 1.54600 1.57303 1.59125 1.62563 1.67801 1.67629 1.70591 1.78110 1.83869 1.82521 1.80145 1.80498 1.80011 1.79831 1.77449 1.75093 1.80567 1.83440 1.78730 1.75317 1.75422 1.72989 1.70213 1.73418 1.76092 1.78847 1.82003 1.78763 1.80860 1.82112 1.77537 1.77531 1.78042 1.77555 1.78944 1.77588 1.75242 1.72714 1.69416 1.69479 1.74547
1.71480 1.69915 1.64209 1.60420 1.50172 1.50887 1.47639 1.43032 1.39539 1.45427 1.47695 1.47078 1.43256 1.38668 1.40682 1.42811 1.39871 1.40673 1.38746 1.42090 1.47800 1.50397 1.51939 1.48454 1.50772 1.56256 1.59478 1.70096 1.70290 1.71233 1.78661 1.82816 1.81080 1.72181 1.70085 1.67348 1.65035 1.61148 1.59444 1.62668 1.66048 1.65381 1.67406 1.70487 1.71635 1.71240 1.76156 1.79946 1.82817 1.85810 1.81195 1.81668 1.82315 1.76694 1.76007 1.76573 1.76533 1.75764 1.73905 1.70252 1.68359 1.73174 1.73212 1.76171
1.72931 1.72596 1.61421 1.61276 1.53044 1.48984 1.54380 1.51193 1.45626 1.46674 1.49909 1.49553 1.47855 1.39121 1.43648 1.45399 1.43566 1.43174 1.39361 1.42413 1.46178 1.51416 1.55307 1.52421 1.51918 1.54538 1.56263 1.60155 1.57414 1.57235 1.64230 1.66147 1.67728 1.59652 1.59638 1.60019 1.60586 1.59504 1.58411 1.62873 1.68787 1.70695 1.71700 1.74538 1.72032 1.71334 1.75519 1.79131 1.81544 1.82611 1.80595 1.78959 1.78735 1.74247 1.71395 1.70428 1.70221 1.69875 1.68333 1.65900 1.64179 1.68712 1.71169 1.71118
1.64379 1.68728 1.58546 1.58256 1.49689 1.42993 1.46438 1.44410 1.39050 1.38074 1.44486 1.44917 1.44248 1.33354 1.34942 1.40401 1.41631 1.43595 1.42620 1.44682 1.44554 1.48888 1.50663 1.51219 1.54241 1.52944 1.54051 1.56604 1.53658 1.53849 1.60106 1.64562 1.69763 1.57989 1.56610 1.58537 1.61137 1.62561 1.61351 1.61609 1.65036 1.67045 1.66259 1.68759 1.66695 1.64223 1.67375 1.74063 1.76929 1.77875 1.76667 1.75653 1.75814 1.72785 1.68565 1.68788 1.68823 1.69463 1.68509 1.66476 1.63532 1.63581 1.67176 1.65532
1.62586 1.59391 1.49475 1.45497 1.39835 1.36036 1.38482 1.39393 1.35178 1.31966 1.36931 1.39218 1.38491 1.32931 1.32437 1.38830 1.37255 1.37538 1.35283 1.35393 1.37457 1.40661 1.44722 1.47125 1.48555 1.49773 1.53460 1.54356 1.48774 1.48150 1.51752 1.60160 1.65861 1.61613 1.59191 1.59103 1.59541 1.59880 1.58553 1.58411 1.60886 1.65732 1.65450 1.65627 1.64472 1.60400 1.60407 1.69501 1.71848 1.74997 1.74048 1.74221 1.72624 1.70343 1.65266 1.65718 1.66005 1.67179 1.67382 1.62749 1.59179 1.57747 1.61228 1.60159
1.46270 1.43995 1.37156 1.31340 1.23727 1.22744 1.21771 1.26631 1.24492 1.22690 1.28683 1.34077 1.32831 1.28756 1.26793 1.31310 1.34868 1.36860 1.37729 1.37031 1.39591 1.40663 1.45531 1.50421 1.49451 1.52041 1.56680 1.59138 1.56568 1.53090 1.56601 1.63293 1.65861 1.64097 1.57459 1.57048 1.57656 1.58591 1.57968 1.56203 1.55634 1.58088 1.56901 1.55105 1.54900 1.51738 1.50769 1.58705 1.65710 1.69484 1.69398 1.72118 1.71223 1.70639 1.68371 1.66818 1.67098 1.65484 1.64087 1.61877 1.55802 1.55878 1.60402 1.64366
1.27406 1.26194 1.21892 1.16920 1.10477 1.14832 1.15529 1.25788 1.25510 1.23619 1.25873 1.27972 1.27979 1.26207 1.28334 1.29436 1.37036 1.38499 1.39441 1.38829 1.40366 1.41998 1.45324 1.53966 1.55857 1.59351 1.65680 1.67552 1.66460 1.55397 1.57245 1.58997 1.61646 1.63667 1.56563 1.57059 1.57698 1.58495 1.58237 1.55883 1.52276 1.53683 1.54880 1.54583 1.55468 1.54228 1.51357 1.57264 1.69318 1.74526 1.73246 1.73455 1.75042 1.70904 1.67799 1.63652 1.61759 1.60590 1.61335 1.63173 1.59348 1.58021 1.59688 1.67005
1.23836 1.23253 1.19413 1.17111 1.14036 1.14968 1.17140 1.25316 1.26924 1.25136 1.24710 1.27452 1.27942 1.26642 1.29640 1.31141 1.38635 1.42818 1.43999 1.45327 1.48421 1.51101 1.55161 1.65131 1.66875 1.65023 1.68386 1.69676 1.71436 1.61575 1.61010 1.61873 1.63575 1.65943 1.56590 1.58939 1.57563 1.57730 1.56098 1.53984 1.51982 1.51901 1.52370 1.52939 1.55358 1.56499 1.52264 1.56528 1.64259 1.72396 1.69466 1.68093 1.73632 1.66061 1.67138 1.68046 1.67178 1.65651 1.65200 1.65476 1.63454 1.60915 1.62215 1.67873
1.32759 1.33299 1.31692 1.28024 1.22444 1.18545 1.21448 1.26151 1.30985 1.29615 1.29926 1.34154 1.35025 1.34908 1.36622 1.39147 1.43113 1.50345 1.51178 1.52402 1.53296 1.53939 1.54719 1.61816 1.67633 1.68445 1.68394 1.67609 1.67642 1.60206 1.52477 1.52067 1.52769 1.53995 1.51788 1.54450 1.53107 1.53631 1.53741 1.53219 1.56853 1.54978 1.56461 1.55674 1.58032 1.59717 1.57790 1.60607 1.63654 1.74318 1.76211 1.77835 1.84863 1.83927 1.83095 1.70501 1.67359 1.65124 1.64648 1.64082 1.66898 1.62482 1.64087 1.65912
1.30451 1.29094 1.27603 1.26396 1.23823 1.19621 1.19925 1.20777 1.24564 1.22860 1.25591 1.29248 1.32371 1.33113 1.34412 1.37911 1.38913 1.44406 1.46200 1.46100 1.48336 1.48839 1.49548 1.53236 1.63875 1.65401 1.64742 1.61016 1.59198 1.56819 1.47525 1.47898 1.48342 1.51312 1.50891 1.57372 1.59204 1.60376 1.62531 1.60677 1.66472 1.67163 1.70131 1.68499 1.69051 1.70576 1.68660 1.67810 1.69419 1.78289 1.81525 1.82276 1.83058 1.87031 1.81994 1.74412 1.68493 1.65192 1.65303 1.65373 1.70040 1.67251 1.68179 1.69287
1.19923 1.20636 1.20111 1.19660 1.19774 1.18181 1.16693 1.19030 1.24504 1.26609 1.29370 1.33349 1.37868 1.37849 1.38599 1.39786 1.44249 1.50443 1.55334 1.54239 1.54735 1.53696 1.52938 1.55058 1.62218 1.66890 1.64214 1.56855 1.54949 1.57628 1.53542 1.54149 1.52997 1.56554 1.54722 1.67015 1.72525 1.72823 1.73794 1.69666 1.71749 1.72173 1.71337 1.69464 1.66806 1.69371 1.67724 1.67834 1.68298 1.71130 1.78459 1.78367 1.81155 1.90427 1.87584 1.82564 1.73078 1.70435 1.71296 1.70253 1.72302 1.69951 1.66533 1.67140
1.12193 1.16884 1.16305 1.16789 1.19323 1.20655 1.21419 1.22677 1.27565 1.30885 1.33087 1.36976 1.43399 1.45117 1.45882 1.41904 1.44902 1.45306 1.50753 1.52323 1.54268 1.55248 1.53918 1.54268 1.57889 1.64060 1.65022 1.56437 1.53890 1.55763 1.54741 1.51780 1.50197 1.54232 1.53430 1.59344 1.69599 1.67693 1.68345 1.65942 1.68075 1.68338 1.67898 1.68844 1.63753 1.65415 1.66550 1.66398 1.67647 1.70377 1.79230 1.82684 1.85300 1.92477 1.93331 1.86953 1.73520 1.69818 1.69914 1.68858 1.70156 1.69840 1.68518 1.70236
1.15929 1.22859 1.25999 1.29151 1.32253 1.31260 1.33240 1.33154 1.35400 1.39247 1.39996 1.40977 1.42501 1.42705 1.42843 1.39781 1.41974 1.45530 1.49348 1.52065 1.53465 1.53268 1.53026 1.52327 1.54267 1.60058 1.62044 1.53679 1.51027 1.51368 1.52423 1.49613 1.47287 1.49493 1.50695 1.51140 1.69560 1.69886 1.71505 1.69297 1.71049 1.72331 1.74142 1.77135 1.73732 1.74619 1.76410 1.76473 1.76197 1.76706 1.80100 1.85147 1.85957 1.91712 1.97525 1.92290 1.80829 1.74329 1.75848 1.76183 1.78799 1.78237 1.78090 1.77473
1.26872 1.32019 1.34158 1.35169 1.35481 1.35043 1.34574 1.38066 1.34370 1.37998 1.37933 1.38247 1.40864 1.41236 1.43444 1.42152 1.40456 1.41747 1.42868 1.48381 1.49408 1.48329 1.47221 1.46847 1.48404 1.52106 1.56989 1.52811 1.48066 1.47253 1.46861 1.48737 1.47062 1.53459 1.57059 1.56585 1.74424 1.77267 1.79918 1.78479 1.80097 1.80562 1.80457 1.81301 1.78656 1.73767 1.74029 1.72556 1.72270 1.72332 1.74087 1.80906 1.85377 1.90385 1.98152 1.95368 1.85213 1.75829 1.79900 1.80500 1.80648 1.78347 1.73838 1.70404
1.29092 1.33307 1.36260 1.35947 1.36009 1.36527 1.34813 1.37760 1.35274 1.39090 1.40367 1.40110 1.42385 1.42694 1.43620 1.43034 1.39484 1.38815 1.38045 1.41392 1.45901 1.45184 1.44816 1.44848 1.45461 1.48731 1.49714 1.50683 1.48099 1.49075 1.49042 1.54530 1.55182 1.59807 1.62456 1.61634 1.68956 1.75047 1.75652 1.75307 1.78169 1.80079 1.80790 1.79637 1.79887 1.76522 1.77644 1.77167 1.79748 1.78834 1.81293 1.85001 1.89828 1.92775 2.00347 2.00346 1.96779 1.80408 1.79775 1.78150 1.78488 1.78331 1.75629 1.73637
1.29967 1.31200 1.36268 1.34305 1.34190 1.34944 1.34394 1.37728 1.39525 1.40729 1.43838 1.44292 1.44393 1.41149 1.38753 1.38296 1.36680 1.36654 1.36269 1.37147 1.45383 1.46174 1.45522 1.46980 1.49165 1.54195 1.55282 1.62358 1.61013 1.63253 1.61323 1.65223 1.66708 1.67800 1.67548 1.65380 1.64880 1.76454 1.78187 1.81022 1.84326 1.88277 1.89688 1.88462 1.87306 1.86043 1.85592 1.84588 1.85980 1.85471 1.85384 1.85488 1.87532 1.87114 1.91449 1.90663 1.89104 1.81514 1.81464 1.82200 1.81974 1.81975 1.79454 1.77527
1.29292 1.28937 1.42677 1.46032 1.49348 1.51551 1.48479 1.48053 1.52004 1.50421 1.56278 1.58309 1.57517 1.50121 1.45495 1.44501 1.45015 1.43585 1.43593 1.44809 1.52803 1.58801 1.58868 1.59474 1.63625 1.69513 1.67341 1.67673 1.66037 1.63982 1.62658 1.64384 1.69397 1.70590 1.74157 1.73882 1.71917 1.84727 1.86153 1.86832 1.87468 1.88191 1.88454 1.86551 1.81332 1.79104 1.76628 1.74127 1.72052 1.75157 1.75743 1.79046 1.76731 1.76927 1.81724 1.86605 1.85536 1.82639 1.79429 1.81078 1.80670 1.80665 1.77935 1.75948
1.47618 1.52660 1.63499 1.64918 1.65618 1.66785 1.63882 1.61065 1.61875 1.57894 1.62423 1.63667 1.61509 1.55412 1.48020 1.47554 1.50950 1.50439 1.50910 1.51275 1.51905 1.58970 1.58351 1.57607 1.57775 1.65486 1.65932 1.68775 1.72487 1.70267 1.71853 1.72132 1.78504 1.78482 1.80053 1.79893 1.76203 1.79501 1.83151 1.82419 1.82097 1.82155 1.83830 1.84064 1.79180 1.78014 1.78513 1.77914 1.75672 1.78058 1.78462 1.82635 1.80696 1.78453 1.79642 1.85427 1.84485 1.83549 1.80074 1.77678 1.77496 1.76196 1.74546 1.73123
1.57657 1.60984 1.66615 1.70034 1.68425 1.68452 1.65875 1.61358 1.59367 1.56563 1.60795 1.64058 1.64775 1.61318 1.53120 1.48535 1.48570 1.47967 1.48113 1.49192 1.49202 1.55992 1.59603 1.61070 1.60571 1.67798 1.72459 1.75948 1.80913 1.79092 1.78549 1.80843 1.83133 1.85279 1.86751 1.88843 1.83724 1.82980 1.87988 1.87551 1.86470 1.86684 1.88947 1.89729 1.87004 1.83472 1.84135 1.81772 1.79573 1.79290 1.80828 1.82842 1.81640 1.77300 1.76007 1.79356 1.80140 1.78919 1.77200 1.72597 1.72539 1.69257 1.66929 1.66865
1.65746 1.58952 1.62250 1.69112 1.65235 1.64008 1.62269 1.58156 1.55638 1.54493 1.59787 1.62438 1.64423 1.62552 1.58271 1.53381 1.55387 1.56049 1.56534 1.57297 1.58435 1.63481 1.72859 1.74554 1.74576 1.77033 1.83724 1.85630 1.88062 1.88839 1.86465 1.88459 1.85415 1.88289 1.89425 1.92874 1.87853 1.83685 1.89514 1.90092 1.88430 1.87568 1.87929 1.87681 1.85416 1.78213 1.75334 1.75484 1.73423 1.72369 1.73574 1.75497 1.78321 1.75856 1.71480 1.71763 1.75184 1.72104 1.71224 1.67470 1.67573 1.66728 1.65894 1.65253
1.74698 1.58933 1.58820 1.63538 1.58403 1.57512 1.56383 1.53498 1.52852 1.52750 1.63401 1.69901 1.73108 1.73137 1.70899 1.64433 1.65071 1.65262 1.65482 1.66806 1.70288 1.71046 1.75376 1.77861 1.76577 1.77630 1.86951 1.88796 1.88570 1.90115 1.84033 1.84310 1.81119 1.84531 1.88185 1.92723 1.89802 1.83422 1.83592 1.82668 1.79586 1.75841 1.73419 1.72257 1.72887 1.72738 1.71978 1.75893 1.77983 1.77742 1.77256 1.78322 1.79715 1.75056 1.69142 1.66810 1.71821 1.73136 1.73528 1.69644 1.68742 1.68311 1.66585 1.65386
1.64657 1.56897 1.57950 1.63154 1.57886 1.56850 1.56622 1.54497 1.52638 1.51834 1.58744 1.68939 1.73120 1.76827 1.77739 1.74491 1.71590 1.70608 1.68879 1.69347 1.71876 1.74826 1.76750 1.80956 1.77775 1.77323 1.83843 1.92471 1.95454 1.93348 1.81626 1.81398 1.79261 1.81783 1.81278 1.84417 1.82727 1.75006 1.72671 1.76129 1.76855 1.76025 1.76079 1.75958 1.76663 1.76222 1.75317 1.76351 1.74069 1.71935 1.68655 1.70718 1.72062 1.72500 1.70543 1.66717 1.69401 1.70587 1.70888 1.67499 1.66359 1.64934 1.63140 1.61049
1.68260 1.63209 1.59014 1.61418 1.60285 1.55583 1.56996 1.57596 1.58103 1.59906 1.65366 1.76803 1.80618 1.84372 1.82651 1.79282 1.77089 1.77716 1.74640 1.73307 1.72706 1.76479 1.78474 1.84023 1.84171 1.85661 1.87581 1.93836 1.93481 1.92605 1.77925 1.72909 1.69233 1.67190 1.68060 1.72029 1.75073 1.75294 1.73539 1.76815 1.77380 1.75369 1.72340 1.71004 1.72084 1.72794 1.75459 1.77974 1.76017 1.77567 1.75761 1.78580 1.81599 1.79972 1.76320 1.72676 1.72407 1.71150 1.71507 1.68376 1.66699 1.64947 1.64197 1.60804
1.66597 1.67925 1.62544 1.65341 1.68716 1.61375 1.62211 1.62263 1.62343 1.60972 1.61026 1.68535 1.70176 1.71944 1.72022 1.70186 1.67714 1.69418 1.68718 1.69935 1.73143 1.78801 1.81912 1.81315 1.79441 1.78633 1.79216 1.81912 1.80099 1.81116 1.75226 1.66620 1.66761 1.66047 1.69082 1.70569 1.74399 1.76160 1.73761 1.73943 1.73799 1.74565 1.72445 1.72079 1.74005 1.73622 1.75419 1.77364 1.77735 1.78040 1.77624 1.79189 1.80973 1.78414 1.72023 1.69178 1.67245 1.65635 1.67863 1.67216 1.68020 1.65504 1.67344 1.64693
