results/OMI_NO2_200505.asc
ncols      200
nrows      200
xllcorner       120.258
yllcorner       41.1236
cellsize     0.0166667
NODATA_Value      -999.000
[rows 116 to 144 of 164, columns 67 to 133 of 200]
3.09461 3.16138 3.21797 3.35735 3.44302 3.39469 3.43418 3.38597 3.38597 3.38563 3.14452 3.08691 3.08691 3.08691 3.08691 3.08691 3.08691 3.08691 3.08691 3.08691 3.18012 3.20632 3.20742 3.23414 2.94922 2.94922 2.86768 2.76457 2.76534 2.79479 2.79324 2.77939 2.75888 2.61586 2.63169 2.65818 2.68473 2.69686 2.69686 2.69698 2.68598 2.53014 2.52719 2.52771 2.47977 2.40843 2.42384 2.48389 2.54821 2.57371 2.60274 2.63175 2.65848 2.69408 2.74646 2.75967 2.66771 2.64834 2.94267 3.97646 3.97780 3.98259 3.99191 4.08538 4.51293 4.56907 4.50518
3.29312 3.14871 3.04333 3.00902 3.18858 3.19111 3.37048 3.38597 3.38597 3.38597 3.26983 3.08691 3.08691 3.08691 3.08691 3.08691 3.08691 3.08691 3.08691 3.08691 3.14996 3.20632 3.20632 3.28360 2.97777 2.94922 2.93328 2.75570 2.73377 2.75235 2.78193 2.80881 2.83589 2.72998 2.70086 2.70138 2.70191 2.70243 2.70296 2.70336 2.70339 2.58253 2.54863 2.56221 2.57422 2.57351 2.59576 2.64363 2.76044 2.78023 2.79678 2.81308 2.82959 2.84720 2.91574 2.93806 2.90393 2.85838 2.89285 3.92786 4.27108 4.33667 4.39997 4.47220 5.02233 5.06730 5.01194
3.20470 3.01501 2.97465 2.97472 3.16155 3.18784 3.30836 3.38597 3.38597 3.38597 3.37081 3.10216 3.08691 3.08691 3.08691 3.07931 3.05577 3.03180 3.00771 2.98377 2.99267 3.05509 3.02847 3.04602 2.95666 2.91147 2.95659 2.92745 2.92676 2.96540 2.89608 2.90353 2.91332 2.83623 2.78070 2.78457 2.78452 2.77729 2.76990 2.76246 2.75506 2.73817 2.72008 2.71871 2.71730 2.81356 2.85414 2.86507 3.12090 3.13495 3.13917 3.14333 3.14754 3.14923 3.18946 3.24744 3.26512 3.28713 3.74395 4.39089 4.59511 4.59763 4.59767 4.59767 5.01070 5.15490 5.11899
3.25647 3.09538 2.97465 2.97509 3.09600 3.15061 3.18460 3.30669 3.28566 3.27131 3.27052 3.08943 2.95414 2.95363 2.95327 2.96045 2.98350 3.00728 3.03095 3.04126 3.05261 3.12540 3.17219 3.23788 3.20530 3.19264 3.19264 3.15356 2.99539 2.97736 2.90274 2.85274 2.83555 2.76499 2.65286 2.64158 2.63423 2.63406 2.63406 2.63406 2.63406 2.63154 2.60686 2.60661 2.60661 2.77027 2.89816 2.89816 3.09746 3.16424 3.15989 3.15557 3.15937 3.17174 3.46762 4.03636 4.46315 4.81834 4.87502 4.89178 4.64934 4.59767 4.59767 4.59767 4.88564 5.15490 5.15174
3.45910 3.49356 3.37289 3.39131 3.35782 3.24210 3.27671 3.45271 3.48868 3.50401 3.50564 3.45715 3.22657 3.22796 3.22920 3.21869 3.20121 3.18605 3.21316 3.26886 3.32274 3.26894 3.23436 3.21876 3.12897 3.05202 3.04581 3.04240 2.92127 2.87451 2.85587 2.78431 2.78430 2.76468 2.63406 2.63406 2.63406 2.63406 2.63406 2.63406 2.63406 2.63406 2.61314 2.60661 2.60661 2.69271 2.89195 2.88758 3.02400 3.17007 3.28183 3.73476 4.17760 4.58359 4.75495 4.82375 4.85956 4.86198 4.87496 4.87952 4.79155 4.59767 4.59767 4.59767 4.76756 5.15490 5.15490
3.58129 3.75038 3.68296 3.60089 3.59403 3.41687 3.41204 3.45271 3.51442 3.51442 3.51442 3.50829 3.27837 3.18331 3.18504 3.22276 3.26736 3.30955 3.30948 3.29423 3.28499 3.22325 3.16599 3.16599 3.12025 3.05431 3.04239 3.04239 2.99335 2.87451 2.87451 2.80446 2.78430 2.78418 2.64815 2.63406 2.63406 2.63406 2.63406 2.63406 2.63406 2.63250 2.61604 2.59683 2.59959 2.62955 2.92208 3.27932 3.81125 4.41919 4.73432 4.76085 4.76152 4.76222 4.76290 4.78824 4.86888 4.86956 4.88153 4.88639 4.91112 4.63704 4.61108 4.61178 4.67007 5.15490 5.15490
3.54433 3.72452 3.75533 3.61012 3.60357 3.46121 3.41361 3.41844 3.49079 3.48664 3.50363 3.55776 3.46653 3.26372 3.28848 3.28903 3.28958 3.29013 3.29067 3.29122 3.29177 3.26061 3.17396 3.17451 3.14585 3.07916 3.05255 3.05310 3.05251 2.91061 2.88686 2.85610 2.79774 2.79829 2.70461 2.66201 2.66278 2.66228 2.65881 2.65520 2.65703 2.66849 2.67939 2.82412 3.30597 3.75685 4.36968 4.54974 4.55781 4.77811 4.78445 4.78445 4.78445 4.78445 4.78445 4.78451 4.86960 4.88756 4.88705 4.89252 4.91301 4.77667 4.61907 4.62100 4.62306 5.09476 5.15447
3.48539 3.69028 3.78467 3.69923 3.64978 3.58319 3.52329 3.55952 3.59409 3.64903 3.68030 3.68057 3.66739 3.32993 3.30289 3.30289 3.30289 3.30289 3.30289 3.30289 3.30289 3.29824 3.18686 3.18399 3.17227 3.10185 3.06039 3.06039 3.06039 2.98775 2.89251 2.89067 2.81159 2.80126 2.73543 2.65818 2.65839 2.66866 2.68212 2.72757 3.12912 3.59429 4.02600 4.28964 4.29719 4.30138 4.42851 4.52870 4.52328 4.69674 4.74714 4.74173 4.73775 4.73877 4.74020 4.74159 4.78400 4.84618 4.84612 4.85898 4.86321 4.87110 4.59429 4.58075 4.57196 4.86899 5.00571
3.53721 3.67315 3.85433 3.85185 3.78703 3.79974 3.69953 3.70078 3.67147 3.68452 3.68228 3.68057 3.68057 3.47760 3.30289 3.30289 3.30289 3.30289 3.30289 3.30289 3.30289 3.30289 3.21226 3.18399 3.18374 3.11978 3.06277 3.06039 3.06039 3.04560 2.89328 2.88391 2.84385 2.81202 2.79867 2.71399 2.94471 3.42764 3.87617 4.26895 4.35644 4.36063 4.36481 4.35743 4.34720 4.35185 4.40193 4.49095 4.49685 4.60115 4.70850 4.70966 4.71180 4.71062 4.70918 4.70770 4.70995 4.79470 4.80456 4.81446 4.82036 4.84915 4.67248 4.55158 4.53135 4.68254 4.87507
3.58934 3.64755 3.91497 3.92349 3.87899 3.86057 3.72104 3.70755 3.68076 3.68924 3.68596 3.68057 3.68057 3.62445 3.30367 3.30289 3.30289 3.30289 3.30289 3.30340 3.30824 3.31405 3.25915 3.20673 3.21255 3.16991 3.08500 3.04155 3.01764 3.01200 2.99315 2.99046 3.07391 3.42345 3.87170 4.17765 4.40214 4.41161 4.44035 4.47608 4.51113 4.54554 4.57967 4.59236 4.48184 4.49233 4.51147 4.60042 4.60576 4.62835 4.73978 4.74078 4.73956 4.73706 4.73454 4.73205 4.74145 4.78937 4.78678 4.77440 4.77270 4.78225 4.73241 4.38372 4.34645 4.44625 4.77123
3.64309 3.64314 3.84711 3.91557 3.89956 3.85927 3.76456 3.70755 3.68857 3.69374 3.69967 3.69813 3.70313 3.70819 3.44027 3.35379 3.36881 3.38388 3.39892 3.41346 3.42366 3.43228 3.38954 3.28011 3.26083 3.23016 3.18750 3.18085 3.23875 3.34935 3.68020 4.37012 4.71181 4.73378 4.73367 4.68063 4.68735 4.71543 4.72396 4.72525 4.72654 4.72782 4.72882 4.72889 4.58143 4.55338 4.55338 4.58000 4.58756 4.57786 4.70809 4.71106 4.72124 4.74998 4.77911 4.80967 4.82982 4.81770 4.74616 4.73437 4.72085 4.72594 4.76272 4.46171 4.34476 4.36555 4.76701
3.63268 3.62916 3.74927 3.93516 3.93871 3.89531 3.86129 3.81719 3.82180 3.82133 3.84368 3.86235 3.87689 3.88818 3.78724 3.55826 3.56191 3.56556 3.55340 3.52583 3.49847 3.48249 3.48812 3.36749 3.37275 3.35865 3.29309 3.40599 3.44938 3.59488 3.77327 4.89596 4.91275 4.89674 4.83355 4.77481 4.72889 4.72889 4.72889 4.72889 4.72889 4.72889 4.72889 4.72889 4.63770 4.55338 4.55338 4.57126 4.59611 4.61715 4.74228 4.80746 4.82934 4.83114 4.82314 4.81215 4.79962 4.79245 4.74118 4.72001 4.71945 4.71718 4.75704 4.64757 4.34476 4.34476 4.69205
3.61433 3.61094 3.66395 4.00952 4.02386 3.99995 3.95906 3.87882 3.87537 3.88576 3.90928 3.91666 3.92812 3.92812 3.90995 3.57058 3.51326 3.48386 3.47762 3.48678 3.49574 3.49396 3.48604 3.36666 3.32951 3.32936 3.27539 3.44920 3.51898 3.60354 3.63214 4.47591 4.91275 4.91275 4.85144 4.79832 4.72889 4.72889 4.72889 4.72889 4.72889 4.72889 4.72889 4.72889 4.70110 4.58826 4.61738 4.65679 4.70522 4.70862 4.75709 4.81750 4.80499 4.79401 4.79307 4.79511 4.79714 4.79926 4.78045 4.73097 4.73303 4.73288 4.75987 4.78065 4.43846 4.36818 4.60822
3.59571 3.58516 3.58719 3.92815 4.02301 4.02028 3.96461 3.89642 3.87530 3.87651 3.89583 3.81674 3.70815 3.58990 3.48668 3.46075 3.47031 3.47865 3.48012 3.48158 3.48303 3.48449 3.48595 3.41212 3.34069 3.34215 3.30449 3.38052 3.53600 3.59062 3.64958 3.89511 4.93252 4.93165 4.90535 4.84497 4.78266 4.78478 4.78682 4.78886 4.79674 4.82589 4.85709 4.88919 4.91581 4.76885 4.74942 4.74448 4.76324 4.75506 4.77425 4.87732 4.87936 4.88141 4.88290 4.88290 4.88290 4.88290 4.88236 4.82054 4.81050 4.80946 4.82183 4.86347 4.70824 4.44953 4.58506
3.61376 3.58955 3.58989 3.80479 4.03885 4.05486 4.02236 3.90092 3.78025 3.69612 3.55896 3.52191 3.51492 3.52022 3.52215 3.52361 3.52507 3.52555 3.52555 3.52555 3.52555 3.52555 3.52555 3.48745 3.37738 3.37738 3.35328 3.32985 3.56565 3.58742 3.67403 3.67403 4.62194 4.94999 4.94837 4.87888 4.82943 4.85020 4.87936 4.90921 4.93541 4.94037 4.94303 4.93647 4.92402 4.81374 4.72603 4.72523 4.75213 4.76660 4.76846 4.90173 4.91039 4.91719 4.92393 4.93070 4.93941 4.94933 4.95927 4.93668 4.90672 4.91606 4.91193 4.94263 4.91989 4.49255 4.50128
3.68241 3.65017 3.64406 3.70613 3.88460 3.83095 3.75957 3.68295 3.63502 3.64757 3.60280 3.49368 3.47299 3.52555 3.52555 3.52555 3.52555 3.52555 3.52555 3.52555 3.52555 3.52555 3.52555 3.52055 3.38165 3.37738 3.36826 3.31232 3.49904 3.56711 3.66406 3.67403 4.03602 4.97822 5.00795 4.99967 4.95147 4.94005 4.94294 4.94123 4.92907 4.91647 4.90415 4.90019 4.90012 4.85856 4.72447 4.72439 4.76825 4.85000 4.84404 4.91291 4.93602 4.92752 4.91892 4.91036 4.89991 4.88816 4.87779 4.87087 4.80558 4.80274 4.80954 4.83924 4.86494 4.64348 4.43271
3.52982 3.39981 3.34717 3.42288 3.71113 3.75455 3.71678 3.58697 3.43202 3.37761 3.34487 3.25782 3.27970 3.52378 3.52555 3.52555 3.52555 3.52555 3.52555 3.52555 3.52555 3.52555 3.52555 3.52552 3.40969 3.36676 3.36004 3.30019 3.40034 3.56399 3.63143 3.66791 3.68328 4.82460 5.11645 5.11802 4.96342 4.91477 4.89957 4.89262 4.89430 4.88808 4.86229 4.83568 4.80911 4.78091 4.74342 4.75314 4.77374 4.89518 4.90821 4.93003 5.03908 5.05477 5.07053 5.08624 5.10198 5.11769 5.13209 5.13092 5.08384 5.07229 5.08099 5.12924 5.14587 5.03860 4.51898
3.24948 3.22690 3.19508 3.15509 3.44626 3.53318 3.55049 3.51810 3.38575 3.34773 3.34773 3.28552 3.25262 3.45069 3.51206 3.50544 3.49882 3.49218 3.48554 3.47891 3.47359 3.47037 3.46717 3.46403 3.38997 3.31834 3.31879 3.30473 3.36677 3.67767 3.74353 3.80923 3.82640 4.34501 5.23355 5.21313 5.10157 5.00217 4.99477 4.98247 4.96983 4.96588 4.98300 5.00132 5.01970 5.03867 5.09226 5.13543 5.11442 5.01585 5.04203 5.04694 5.18839 5.18839 5.18839 5.18248 5.15812 5.13246 5.11154 5.10677 5.09719 5.04307 4.96176 4.90501 4.92993 4.93224 4.62294
3.14935 3.14655 3.13172 3.11697 3.31791 3.44340 3.47778 3.46423 3.35962 3.31731 3.31451 3.28057 3.21302 3.32085 3.47642 3.47531 3.47422 3.47311 3.47200 3.47089 3.46848 3.46280 3.45529 3.44776 3.46170 3.54959 3.58841 3.65191 3.71796 3.93555 3.92111 3.89116 3.85451 3.84193 5.12449 5.30441 5.27052 5.09480 5.09317 5.09317 5.09317 5.09317 5.09317 5.09317 5.09317 5.09317 5.10944 5.15211 5.15159 5.00570 5.04203 5.01177 5.15798 5.13425 5.11249 5.10631 5.11311 5.05565 4.97530 4.88584 4.82361 4.84008 4.84546 4.85702 4.91675 4.93224 4.84661
3.10530 3.09652 3.08361 3.08797 3.17370 3.31343 3.36983 3.37485 3.34637 3.27461 3.27060 3.26275 3.17466 3.19814 3.42994 3.43113 3.43113 3.43042 3.42758 3.42459 3.43654 3.47707 3.51999 3.56293 3.59843 3.77595 3.80455 3.82192 3.85355 3.80973 3.76599 3.79041 3.79569 3.79569 4.49324 5.30441 5.30441 5.13915 5.09317 5.09317 5.09317 5.09317 5.09317 5.09317 5.09317 5.09317 5.09444 5.14411 5.12208 4.97191 4.96720 4.95022 5.06746 5.09217 5.01274 4.92349 4.83972 4.82149 4.82149 4.82149 4.82149 4.82998 4.84546 4.84563 4.89604 4.93224 4.93123
3.11998 3.11800 3.05760 3.05548 3.08488 3.28722 3.31871 3.35741 3.36848 3.27963 3.26510 3.26510 3.20184 3.17489 3.38932 3.46879 3.49026 3.52937 3.57219 3.61511 3.64313 3.64370 3.64370 3.64370 3.64370 3.76910 3.81665 3.81602 3.84802 3.83577 3.76299 3.77932 3.79198 3.79140 3.87123 5.20786 5.29916 5.20380 5.06979 5.06830 5.06688 5.06546 5.06401 5.05935 5.03312 5.00280 4.97534 5.00140 5.03400 4.94417 4.86061 4.77736 4.74049 4.78162 4.78024 4.77898 4.77765 4.77639 4.77513 4.77383 4.77255 4.77192 4.79185 4.79267 4.81191 4.86912 4.86952
3.12406 3.12501 3.07649 3.06158 3.06241 3.26507 3.29865 3.34401 3.32811 3.26552 3.16680 3.14102 3.16695 3.28813 3.42658 3.61090 3.62887 3.62982 3.62925 3.62867 3.62810 3.62753 3.62696 3.62639 3.62581 3.70422 3.79510 3.79510 3.81869 3.83112 3.75760 3.75329 3.77694 3.77694 3.77694 4.62326 5.28800 5.25003 5.04469 5.02817 5.00446 4.97557 4.94898 4.93733 4.94903 4.96427 4.91682 4.83595 4.77526 4.65578 4.58515 4.61941 4.64111 4.76534 4.76392 4.76247 4.76100 4.75955 4.75810 4.75368 4.73364 4.71130 4.70142 4.69062 4.67084 4.79707 4.84757
3.13294 3.10703 3.05067 2.99879 2.97611 3.09595 3.16757 3.20249 3.22348 3.24370 3.12913 3.14441 3.17121 3.33482 3.37676 3.62431 3.62495 3.62495 3.62495 3.62495 3.62495 3.62495 3.62495 3.62495 3.62495 3.66315 3.79510 3.79510 3.80950 3.83148 3.78562 3.74498 3.77558 3.77694 3.77694 3.94816 5.23189 5.22422 5.02607 4.93736 4.94822 4.96648 4.95953 4.86830 4.77043 4.67307 4.63543 4.64073 4.69794 4.70205 4.57724 4.60216 4.58108 4.71360 4.69170 4.66904 4.64636 4.62373 4.60106 4.58136 4.57729 4.57550 4.57643 4.59552 4.59411 4.69106 4.83372
2.97383 2.97383 2.96450 2.93569 2.94223 3.04599 3.23243 3.27535 3.34450 3.36947 3.25215 3.18551 3.18982 3.31358 3.36897 3.56729 3.62495 3.62495 3.62495 3.62495 3.62495 3.62495 3.62495 3.62495 3.62495 3.62971 3.78906 3.79510 3.80332 3.84610 3.82662 3.75749 3.77631 3.77675 3.76897 3.76664 4.71787 5.21940 5.12115 4.93815 4.83595 4.72585 4.63759 4.62170 4.61150 4.61173 4.61615 4.62054 4.57329 4.50549 4.37920 4.35523 4.33417 4.57586 4.63921 4.64763 4.65787 4.66809 4.67835 4.68765 4.68966 4.69000 4.68780 4.71478 4.75450 4.79703 5.00161
2.98925 3.00823 3.05422 3.04137 3.07791 3.12732 3.33923 3.34152 3.36726 3.38340 3.35072 3.19460 3.19449 3.25715 3.36897 3.48074 3.62517 3.63206 3.64211 3.65211 3.66213 3.67216 3.68217 3.69221 3.70220 3.71320 3.87137 3.95407 3.97585 3.96409 3.89783 3.79036 3.77157 3.73471 3.73012 3.72066 3.98122 4.90543 4.74411 4.60993 4.57645 4.59061 4.60585 4.62108 4.63569 4.63984 4.63984 4.63984 4.56103 4.42235 4.39010 4.40845 4.41700 4.62357 4.76664 4.75784 4.74763 4.73769 4.72611 4.70566 4.69083 4.67886 4.67359 4.70034 4.74354 4.67097 4.72264
3.14504 3.17859 3.18203 3.12893 3.10978 3.10999 3.30917 3.34862 3.36275 3.40327 3.44210 3.33077 3.30765 3.34020 3.52232 3.58530 3.85652 3.87756 3.89501 3.91186 3.92828 3.94434 3.96003 3.97535 3.98754 3.99139 4.08648 4.19601 4.19637 4.06762 3.97427 3.89296 3.85874 3.71786 3.73420 3.75054 3.76689 4.58661 4.81381 4.72816 4.63984 4.63984 4.63984 4.63984 4.63981 4.63109 4.61582 4.60107 4.57345 4.37567 4.35685 4.37294 4.38899 4.50112 4.71651 4.70510 4.69176 4.67950 4.67357 4.67555 4.62590 4.55372 4.47712 4.41859 4.54019 4.56369 4.63585
3.19282 3.19525 3.19769 3.16190 3.12102 3.12125 3.39100 3.60056 3.62315 3.66576 3.70038 3.69204 3.58041 3.56123 3.67533 3.72549 3.94327 3.99795 3.99781 3.99781 3.99639 3.98744 3.97746 3.96854 3.96148 3.96008 4.01027 4.18191 4.17379 4.08242 3.94236 3.89482 3.97072 3.80786 3.78533 3.78533 3.78533 4.10712 4.82344 4.72498 4.62004 4.58459 4.57086 4.55757 4.54471 4.53912 4.53912 4.53912 4.53912 4.39852 4.34416 4.34236 4.36368 4.38442 4.67353 4.67768 4.65681 4.58591 4.50954 4.43525 4.41411 4.41411 4.41411 4.41411 4.47735 4.53286 4.51148
3.28946 3.30517 3.32052 3.31198 3.23972 3.25354 3.40354 3.69315 3.69315 3.70654 3.73496 3.77651 3.63577 3.58669 3.62289 3.69214 3.77906 3.86833 3.82097 3.91542 3.94052 3.93840 3.93736 3.93523 3.93390 3.93390 3.94002 4.14891 4.15711 4.12754 3.94590 3.88902 3.96023 3.85841 3.78180 3.78075 3.77997 3.78190 4.57578 4.66238 4.62558 4.56603 4.56959 4.57306 4.57658 4.58020 4.58289 4.57494 4.56376 4.47392 4.35531 4.35594 4.40647 4.35135 4.56154 4.53386 4.48700 4.48911 4.48906 4.45757 4.41935 4.38241 4.34661 4.31179 4.28666 4.40003 4.40926
3.37043 3.37043 3.37043 3.36937 3.26577 3.25756 3.29127 3.68670 3.68518 3.66276 3.67555 3.69897 3.62739 3.50799 3.48009 3.53356 3.55647 3.74301 3.74852 3.83286 3.93519 3.93526 3.93533 3.93539 3.93546 3.93553 3.93560 4.09690 4.15922 4.15921 3.97148 3.91101 3.93138 3.91162 3.78298 3.78114 3.78114 3.78114 4.16253 4.78072 4.79139 4.70053 4.69222 4.68153 4.66670 4.65238 4.64376 4.64702 4.65368 4.59843 4.34117 4.24819 4.22583 4.21267 4.39952 4.46364 4.38375 4.34559 4.30827 4.29330 4.28498 4.27666 4.26828 4.26600 4.27148 4.36020 4.42484
