results/OMI_NO2_201006.asc
ncols      200
nrows      200
xllcorner       120.258
yllcorner       41.1236
cellsize     0.0166667
NODATA_Value      -999.000
[rows 29 to 57 of 175, columns 0 to 66 of 200]
2.49228 2.54034 2.50505 2.18097 2.48745 2.75731 2.75731 2.75731 2.75731 2.75731 2.75731 3.37974 3.65441 3.65441 3.59073 3.46079 3.33090 3.16418 2.96799 2.85694 2.72989 2.67551 2.59608 2.34004 2.23327 2.19846 2.54870 2.70407 2.73946 2.69641 2.63414 2.51728 2.45493 2.43897 2.27686 2.01837 2.01442 1.99095 1.95864 1.68060 1.66160 1.66160 1.66160 1.66160 1.66160 1.66160 1.66160 1.66160 1.66160 1.66160 1.66160 1.66160 1.68419 1.97671 1.98771 1.98771 1.98643 1.97652 2.11931 2.24312 2.36016 2.38508 2.58860 2.57180 2.55799 2.52409 2.51182
2.39661 2.54034 2.54034 2.28872 2.28505 2.75731 2.75731 2.75731 2.75731 2.75114 2.65233 2.73787 3.28955 3.12731 2.97170 2.87120 2.74652 2.68013 2.69050 2.69093 2.69093 2.69093 2.68186 2.37643 2.77534 2.65350 2.65504 2.54759 2.43808 2.41590 2.40563 2.39417 2.37653 2.40296 2.39566 2.03232 2.01442 2.00830 1.97284 1.79753 1.66160 1.66160 1.66160 1.66160 1.66160 1.66160 1.66160 1.66160 1.66160 1.66160 1.66160 1.66160 1.66159 1.87509 1.97004 1.95851 1.95299 1.97018 2.01011 2.10013 2.16262 2.25566 2.38815 2.49606 2.49651 2.51928 2.52459
2.32273 2.51850 2.54034 2.42549 2.17880 2.62791 2.61092 2.48104 2.35109 2.25191 2.31159 2.40704 2.71017 2.68524 2.69093 2.69093 2.69093 2.69093 2.69093 2.69093 2.69093 2.69093 2.69093 2.54934 2.70866 2.57071 2.47614 2.38850 2.35745 2.33826 2.32083 2.31607 2.31607 2.35793 2.41696 2.18327 2.01442 2.01442 1.98431 1.92667 1.66331 1.66160 1.66160 1.66160 1.66160 1.66160 1.66160 1.66160 1.66160 1.65904 1.64581 1.63140 1.61784 1.72099 1.98139 2.01038 2.06649 2.12427 2.18241 2.27021 2.33308 2.32793 2.32098 2.52268 2.52358 2.49008 2.44094
2.31717 2.40475 2.42773 2.33522 1.86807 1.96068 2.29698 2.39236 2.48769 2.55840 2.56298 2.56298 2.59507 2.69093 2.69093 2.69093 2.69093 2.69093 2.69093 2.69093 2.69093 2.69093 2.69093 2.66083 2.42850 2.39709 2.38963 2.37039 2.31607 2.31607 2.31607 2.31607 2.31607 2.32352 2.41431 2.33652 2.01442 2.01442 2.00190 1.97260 1.74818 1.66160 1.66160 1.66160 1.66160 1.66143 1.65211 1.63771 1.62329 1.61990 1.64307 1.68983 1.77096 1.86060 2.17713 2.27187 2.28666 2.29076 2.29076 2.29318 2.29865 2.25068 2.14429 2.26220 2.28191 2.26625 2.26625
2.21385 2.23341 2.25611 2.31262 2.13926 2.07449 2.55821 2.56298 2.56298 2.56298 2.56298 2.56298 2.56410 2.66738 2.69093 2.69093 2.69093 2.69093 2.69093 2.69093 2.69093 2.69093 2.69093 2.69093 2.38678 2.38678 2.38839 2.38984 2.33216 2.31607 2.31607 2.31607 2.31607 2.31607 2.37959 2.41632 2.09178 2.01442 2.01403 1.97807 1.87902 1.66160 1.65785 1.64400 1.62960 1.61731 1.63749 1.70063 1.79912 1.89774 1.98066 2.04103 2.06632 2.06661 2.18113 2.24026 2.18185 2.13291 2.08372 2.03968 2.06864 2.09112 2.04573 2.10103 2.26625 2.26625 2.26625
2.21407 2.40666 2.38733 2.36382 2.27840 2.00149 2.38647 2.56298 2.56298 2.56298 2.56298 2.56298 2.56298 2.60581 2.69093 2.69093 2.69093 2.69093 2.69093 2.69093 2.69093 2.69093 2.69093 2.69093 2.38678 2.38678 2.38699 2.38968 2.36728 2.31607 2.31607 2.31607 2.31607 2.31607 2.34045 2.41696 2.25911 2.01442 2.01384 1.98397 1.94388 1.66179 1.64115 1.72024 1.82667 1.93192 2.01385 2.05781 2.06661 2.06661 2.06661 2.06661 2.06661 2.06661 2.05975 2.00283 2.01040 2.03242 2.03242 2.03242 2.04267 2.08790 2.06584 2.03358 2.23635 2.26625 2.26625
2.13732 2.33700 2.36550 2.34485 2.34322 2.05261 2.17400 2.56298 2.56298 2.56298 2.56298 2.56298 2.56298 2.56697 2.67827 2.69093 2.69093 2.69093 2.69093 2.69093 2.69093 2.69856 2.76655 2.84759 2.38678 2.38678 2.38678 2.38850 2.38976 2.32964 2.31607 2.31607 2.31607 2.31472 2.29387 2.33818 2.28162 1.98792 1.95903 1.97130 2.11012 2.08681 2.03829 2.06588 2.06661 2.06661 2.06661 2.06661 2.06661 2.06661 2.06661 2.06661 2.06661 2.06661 2.06661 2.01966 2.00184 2.02864 2.03242 2.03242 2.03242 2.07200 2.08311 2.02175 2.09438 2.17984 2.13986
2.13572 2.23813 2.37096 2.35057 2.34485 2.18816 2.02062 2.52908 2.56298 2.56298 2.56298 2.56298 2.56298 2.56298 2.61738 2.69093 2.69093 2.71385 2.79239 2.87342 2.95446 3.01091 2.91604 2.79454 2.38678 2.38678 2.38678 2.38706 2.38881 2.34090 2.26716 2.23809 2.20186 2.16337 2.13968 2.17223 2.22973 2.10848 2.04862 2.05627 2.18110 2.24428 2.07325 2.06661 2.06661 2.06661 2.06661 2.06661 2.06661 2.06661 2.06661 2.06661 2.06661 2.06661 2.06661 2.04477 2.00171 2.01758 2.03242 2.03395 2.06835 2.12948 2.21931 2.03378 1.87445 2.06135 2.04639
2.13572 2.14927 2.35941 2.36177 2.34485 2.30427 2.00168 2.31567 2.56298 2.56298 2.56298 2.56298 2.56312 2.59382 2.65952 2.89174 2.98025 2.99492 2.87731 2.75574 2.63425 2.52962 2.51597 2.51597 2.35923 2.31681 2.27441 2.23193 2.21595 2.21739 2.15452 2.13850 2.15318 2.17239 2.16892 2.12365 2.27742 2.23259 2.05627 2.05627 2.09619 2.25848 2.13964 2.06661 2.06661 2.06661 2.06661 2.06661 2.06661 2.06661 2.06661 2.06661 2.06661 2.06661 2.06661 2.06569 2.02723 2.07926 2.14283 2.18957 2.20665 2.21105 2.19802 2.12539 1.97015 2.27396 2.47151
2.13572 2.13572 2.27248 2.37038 2.34742 2.34485 2.09398 2.11671 2.56711 2.61104 2.66507 2.71907 2.76078 2.66236 2.50407 2.53574 2.59549 2.51739 2.51597 2.51597 2.51597 2.51597 2.51597 2.51597 2.17746 2.16732 2.16286 2.16406 2.17078 2.22149 2.15289 2.06132 2.00245 1.94263 1.91088 1.91085 2.15698 2.28235 2.09304 2.05627 2.05627 2.21345 2.22025 2.06663 2.06661 2.06661 2.06661 2.06661 2.06661 2.06661 2.06661 2.06661 2.07191 2.12982 2.20131 2.27283 2.25789 2.23027 2.23909 2.22501 2.28827 2.38721 2.47714 2.54040 2.78587 2.75095 2.67255
2.13572 2.13572 2.17303 2.37000 2.36588 2.38403 2.30289 2.13370 2.67735 2.65252 2.49431 2.33599 2.18994 2.15337 2.15337 2.19794 2.51418 2.51597 2.51597 2.51597 2.51597 2.51597 2.51597 2.51597 2.13722 2.06066 1.97669 1.88696 1.79737 1.87147 1.94418 1.91503 1.91085 1.91085 1.91085 1.91085 2.01135 2.28344 2.18712 2.05627 2.05627 2.12848 2.25852 2.10899 2.06661 2.06661 2.06661 2.06661 2.06661 2.09883 2.17024 2.24173 2.33305 2.41309 2.47676 2.55812 2.67573 2.64708 2.67773 2.63153 2.66453 2.66453 2.66453 2.64457 2.80060 2.89146 2.84248
2.14769 2.17818 2.20891 2.41074 2.48078 2.39306 2.27976 1.83832 1.92129 2.15337 2.15337 2.15337 2.15337 2.15337 2.15337 2.15337 2.38226 2.51597 2.51597 2.51597 2.51597 2.51597 2.51597 2.51597 1.74397 1.74230 1.74230 1.74230 1.74230 1.77244 1.94154 1.93008 1.91085 1.91085 1.91085 1.91085 1.91571 2.23905 2.26456 2.06066 2.05627 2.06147 2.24058 2.18958 2.06661 2.07609 2.13919 2.24184 2.37477 2.47132 2.53243 2.64474 2.77384 2.87337 2.97040 3.04597 3.05277 2.88729 2.86306 2.75470 2.77765 2.82387 2.87402 2.87268 2.85222 3.10351 2.98061
2.27904 2.28968 2.27210 2.24310 2.15347 2.14764 2.16485 1.97202 1.89831 2.15258 2.15337 2.15337 2.15337 2.15337 2.15337 2.15337 2.22483 2.51597 2.51597 2.51597 2.51597 2.51597 2.51597 2.51597 1.74230 1.74230 1.74230 1.74230 1.74230 1.74230 1.87892 1.94375 1.91417 1.91085 1.91085 1.91085 1.91085 2.08815 2.28344 2.13719 2.05627 2.05650 2.23987 2.45842 2.42424 2.51854 2.59644 2.71417 2.81813 2.91850 3.01302 3.05277 3.05277 3.05277 3.05277 3.05277 3.05277 3.05208 3.05277 2.97767 2.89513 2.89513 2.89513 2.89407 2.84089 3.05771 3.02671
2.29740 2.29287 2.31638 2.33662 2.25313 2.23675 2.22525 2.14114 1.88237 2.07784 2.15337 2.15337 2.15337 2.15337 2.15337 2.15337 2.15388 2.42446 2.51597 2.51597 2.51597 2.51597 2.51597 2.51597 1.74230 1.74230 1.74230 1.74230 1.74230 1.74230 1.77988 1.94315 1.92869 1.91085 1.91085 1.91085 1.91085 1.94465 2.26259 2.29252 2.43215 2.55077 2.63617 2.77361 2.81677 2.96242 3.04269 3.05277 3.05277 3.05277 3.05277 3.05277 3.05277 3.05277 3.05277 3.05277 3.05277 3.05277 3.05277 3.03355 2.89574 2.89513 2.89513 2.89513 2.86895 2.90967 3.11241
2.33923 2.33923 2.33923 2.33923 2.29439 2.23996 2.22830 2.22126 1.92243 1.97432 2.15337 2.15337 2.15337 2.15337 2.15337 2.15337 2.15337 2.25468 2.51597 2.51597 2.51688 2.52269 2.52922 2.53575 1.74230 1.74230 1.74230 1.74230 1.74230 1.74230 1.74230 1.88668 1.93431 1.88917 1.87156 1.88794 1.92028 1.97224 2.30415 2.45507 2.65223 2.68796 2.69055 2.76605 2.83070 3.04935 3.05277 3.05277 3.05277 3.05277 3.05277 3.05277 3.05277 3.05277 3.05277 3.05277 3.05277 3.05277 3.05277 3.05277 2.94013 2.89513 2.89502 2.83975 2.73548 2.57921 2.82297
2.33923 2.33923 2.33923 2.33923 2.33255 2.24399 2.23456 2.22525 2.05626 1.89618 2.14293 2.15337 2.15337 2.15337 2.15337 2.15337 2.15495 2.16478 2.47610 2.53785 2.56571 2.68794 2.82131 2.96310 1.74230 1.74230 1.74230 1.73289 1.70840 1.68371 1.65899 1.68500 1.85148 1.91032 2.01996 2.05513 2.07496 2.10029 2.27988 2.49508 2.59562 2.69056 2.69056 2.71961 2.80171 2.97342 3.05277 3.05277 3.05277 3.05277 3.05277 3.05277 3.05277 3.05277 3.05277 3.05277 3.05277 3.05277 3.05277 3.03775 2.90481 2.68042 2.57650 2.48951 2.43465 2.35790 2.46011
2.33923 2.33923 2.33923 2.33923 2.33923 2.27950 2.23955 2.22652 2.17456 1.88237 2.04557 2.15344 2.15630 2.16065 2.16500 2.17566 2.30030 2.49875 2.76785 3.14591 3.42202 3.57615 3.69900 3.80115 1.68566 1.66090 1.63625 1.62096 1.63281 1.65596 1.68080 1.70574 1.89978 2.04429 2.23711 2.32715 2.41677 2.49025 2.49508 2.49508 2.52022 2.68915 2.69056 2.69092 2.78396 2.86849 3.05277 3.05277 3.05277 3.05277 3.05277 3.05277 3.05277 3.05277 3.05277 3.05157 2.99812 2.91656 2.83501 2.75311 2.69062 2.41503 2.38572 2.38149 2.31808 2.25131 2.13590
2.33923 2.33923 2.33923 2.33923 2.33923 2.32154 2.24011 2.23172 2.22784 1.96707 1.95879 2.17380 2.30561 2.50580 2.80568 3.12790 3.31446 3.41969 3.52579 3.80890 3.82671 3.82671 3.82671 3.82671 1.64004 1.66403 1.68890 1.72568 1.81911 1.92142 2.03404 2.16083 2.31769 2.42854 2.46632 2.49508 2.49508 2.49508 2.49508 2.49508 2.49508 2.63751 2.69056 2.69056 2.73786 2.80266 3.01365 3.05277 3.05277 3.05277 3.05277 3.05277 3.03080 2.95213 2.87063 2.78075 2.67999 2.59660 2.53973 2.41474 2.29604 2.22346 2.12477 2.05052 2.04996 2.04996 2.02749
2.33923 2.33923 2.33923 2.32563 2.26776 2.20651 2.07061 2.02708 2.31591 2.39702 2.51901 3.19518 3.41191 3.50582 3.53989 3.53989 3.53989 3.53989 3.53989 3.68270 3.82671 3.82671 3.82671 3.82671 1.91202 2.02458 2.15006 2.27190 2.28866 2.28866 2.28866 2.28866 2.28866 2.40110 2.43493 2.49274 2.49508 2.49508 2.49508 2.49508 2.49508 2.56067 2.69056 2.69056 2.69680 2.79633 2.90970 3.05277 3.04916 2.98774 2.89951 2.78364 2.65741 2.58538 2.49756 2.33668 2.25712 2.18449 2.07467 2.04996 2.04996 2.04996 2.04996 2.04996 2.04996 2.04996 2.04559
2.25680 2.19553 2.13428 2.08734 2.11469 2.34008 2.50828 2.73045 2.98318 3.07336 3.09717 3.32931 3.53989 3.53989 3.53989 3.53989 3.53989 3.53989 3.53989 3.56939 3.82214 3.82671 3.82671 3.82671 2.28866 2.28866 2.28866 2.28866 2.28866 2.28866 2.28866 2.28866 2.28866 2.33485 2.36153 2.32273 2.46670 2.49508 2.49508 2.49508 2.49508 2.49989 2.67453 2.69056 2.69056 2.71554 2.65531 2.76801 2.64933 2.57383 2.44222 2.31987 2.22667 2.13250 2.05153 2.04996 2.04996 2.04996 2.04996 2.04996 2.04996 2.04996 2.04996 2.04996 2.04996 2.04996 2.04996
2.08079 2.11782 2.17119 2.22396 2.26087 2.68613 2.75427 2.84441 2.90660 3.06636 3.10427 3.19072 3.53989 3.53989 3.53989 3.53989 3.53989 3.53989 3.53989 3.53989 3.71360 3.82671 3.82671 3.82671 2.28866 2.28866 2.28866 2.28866 2.28866 2.28866 2.23240 2.11949 2.02267 1.94012 2.06789 2.11278 2.33722 2.49508 2.49508 2.49508 2.50405 2.52774 2.51016 2.36097 2.19405 2.05749 2.26566 2.30575 2.19588 2.07972 2.04996 2.04996 2.04996 2.04996 2.04996 2.04996 2.04996 2.04996 2.04996 2.04996 2.03862 1.96191 1.88337 1.81319 1.97821 2.04996 2.04996
2.24241 2.25896 2.25906 2.25906 2.25906 2.51300 2.75580 2.80337 2.85604 3.02748 3.08317 3.12382 3.45235 3.53989 3.53989 3.53989 3.53989 3.53989 3.53989 3.53989 3.59074 3.82671 3.82671 3.82534 2.29452 2.28866 2.25366 2.14106 2.04129 1.95512 1.91188 1.91177 1.91177 1.91177 1.98224 2.10637 2.22559 2.55306 2.55713 2.50749 2.44055 2.34055 2.22362 1.87606 1.80036 1.77020 2.13411 2.21596 2.05018 2.04996 2.04996 2.04996 2.04996 2.04996 2.04996 2.04996 2.04218 1.96902 1.88972 1.81886 1.76270 1.75491 1.75491 1.75491 1.84532 2.04996 2.07857
2.25906 2.25906 2.25906 2.25906 2.25906 2.31158 2.74678 2.76392 2.85272 2.93815 3.06779 3.11931 3.29061 3.53989 3.53989 3.53989 3.53989 3.53989 3.53989 3.53507 3.50999 3.67554 3.71398 3.68207 2.08646 1.97169 1.91440 1.91177 1.91177 1.91177 1.91906 1.95602 1.99611 2.03623 2.07781 2.23439 2.24417 2.25582 2.27694 2.21217 2.15575 2.11758 2.11509 1.86392 1.76976 1.76976 1.93334 2.25231 2.09798 2.04996 2.04996 2.04996 2.04504 1.97627 1.89611 1.82460 1.76553 1.75491 1.75491 1.75491 1.75491 1.75491 1.75984 1.81592 1.89105 2.25623 2.37222
2.25906 2.25906 2.25906 2.25906 2.25906 2.25906 2.61138 2.75580 2.81827 2.86373 3.05133 3.09802 3.15758 3.53320 3.53989 3.52848 3.50125 3.47392 3.44659 3.43269 3.46442 3.57255 3.77714 3.71667 1.92673 1.91744 1.95315 1.99321 2.03333 2.07342 2.10623 2.10399 2.08584 2.06005 2.03368 2.06106 2.06722 1.97449 2.11363 2.11509 2.11509 2.11509 2.11509 2.00180 1.76976 1.76976 1.77965 2.20502 2.17925 1.98357 1.90254 1.83037 1.76888 1.75491 1.75491 1.75491 1.75491 1.75491 1.75491 1.78586 1.85529 1.92480 1.99343 2.02532 2.04366 2.22315 2.45963
2.25906 2.25906 2.25906 2.25906 2.25906 2.25906 2.41315 2.75580 2.77572 2.85582 2.96922 3.06382 3.08588 3.33295 3.43785 3.43998 3.47561 3.47922 3.42277 3.34899 3.23538 3.10674 3.15813 3.18887 2.14289 2.12105 2.10924 2.09909 2.07797 2.05161 2.02525 2.00429 1.99608 1.99551 1.99551 1.99584 2.00817 1.98580 2.04144 2.11509 2.11509 2.11509 2.11509 2.10300 1.79203 1.72192 1.65561 1.80536 1.93313 1.76986 1.75491 1.75491 1.75491 1.75491 1.75491 1.76396 1.82512 1.89464 1.96894 2.09497 2.20678 2.31597 2.41750 2.49637 2.16588 2.14349 2.49120
2.25906 2.25906 2.25906 2.25906 2.25906 2.25906 2.26629 2.72880 2.81484 2.92304 2.97751 3.00724 3.04690 3.11540 3.33878 3.24428 3.11496 3.02319 3.02141 3.02141 3.02141 3.02141 3.07763 3.18887 2.15457 2.09694 2.01696 2.00075 1.99551 1.99551 1.99551 1.99551 1.99551 1.99551 1.99551 1.99551 2.00219 2.00959 1.97791 2.11509 2.11491 2.07165 2.00083 1.93646 1.69573 1.53074 1.53074 1.57170 1.91026 1.83341 1.75491 1.75510 1.79497 1.87191 2.02360 2.18116 2.29447 2.39872 2.49477 2.52722 2.53657 2.54079 2.54176 2.54176 2.34423 2.12232 2.33337
2.25906 2.25906 2.26560 2.29956 2.33655 2.37353 2.40712 2.64251 2.78236 2.76421 2.82794 2.72490 2.59582 2.50538 2.97614 3.02141 3.02141 3.02141 3.02141 3.02141 3.02141 3.02141 3.02688 3.17329 2.01742 2.09909 2.00402 1.99551 1.99551 1.99551 1.99551 1.99551 1.99551 1.99551 1.99551 1.99551 1.99611 2.01850 2.01185 1.95229 1.88251 1.85836 1.85836 1.85836 1.79933 1.53074 1.53074 1.53074 1.81655 2.07423 2.10130 2.25204 2.37717 2.47117 2.51069 2.53134 2.53924 2.54156 2.54176 2.54176 2.54176 2.54176 2.54176 2.54176 2.49272 2.12464 2.17511
2.34319 2.38018 2.41022 2.41492 2.42263 2.40748 2.38912 2.37190 2.35448 2.33455 2.53528 2.55996 2.54615 2.40901 2.74078 3.02141 3.02141 3.02141 3.02141 3.02141 3.02141 3.02141 3.02141 3.09440 1.63530 2.10233 2.04180 1.99551 1.99551 1.99551 1.99551 1.99551 1.99551 2.00300 2.03071 2.05953 2.08837 2.10090 2.09723 1.95475 1.85836 1.85836 1.85836 1.85925 1.86713 1.81456 1.96883 2.12826 2.36729 2.59608 2.53466 2.53268 2.54062 2.54176 2.54176 2.54176 2.54176 2.54176 2.54176 2.54176 2.54176 2.54176 2.54176 2.54439 2.60676 2.39793 2.37510
2.39736 2.37878 2.36061 2.34039 2.31409 2.31066 2.31066 2.31066 2.31066 2.31066 2.43597 2.55900 2.56202 2.45229 2.52819 3.02141 3.02141 3.02141 3.02141 3.02141 3.02141 3.02141 3.02141 3.03411 0.968898 2.09606 2.08883 1.99739 1.99551 1.99945 2.02500 2.05382 2.08265 2.10394 2.10505 2.10505 2.10505 2.10454 2.09840 2.06273 1.88441 1.89813 1.96231 2.04604 2.13906 2.25647 2.37928 2.40633 2.40074 2.55043 2.56967 2.54176 2.54176 2.54176 2.54176 2.54176 2.54176 2.54176 2.54176 2.54301 2.59971 2.69237 2.79395 2.90199 2.93518 2.80117 2.50923
