results/OMI_NO2_201003.asc
ncols      200
nrows      200
xllcorner       120.258
yllcorner       41.1236
cellsize     0.0166667
NODATA_Value      -999.000
[rows 87 to 115 of 200, columns 67 to 133 of 200]
8.62930 8.62930 8.62930 5.78892 3.77916 3.76501 3.73589 3.73589 3.73589 3.73589 3.73589 3.64493 3.51155 4.41649 5.32900 6.24038 6.85825 6.87579 6.87579 7.02912 7.40953 7.83636 8.31867 8.85687 9.05905 9.05905 9.14226 9.71119 9.50159 9.39026 9.25203 9.02421 8.93437 8.84470 8.78556 8.78424 8.78424 8.78424 8.78477 8.79417 8.80673 8.27092 6.84929 6.94794 7.03129 6.71721 7.06344 8.23538 9.57907 10.0886 10.1114 10.0649 8.38532 8.21529 9.06793 10.1084 10.1093 10.3488 10.8071 11.3209 11.9084 12.5710 12.9585 12.9655 12.9655 12.9655 12.9655
8.62930 8.62930 8.62930 7.84710 3.79677 3.77795 3.73927 3.75215 4.54142 5.75760 6.97379 8.18946 7.31354 6.87579 6.95819 7.31225 7.72689 8.19480 8.72505 9.05789 9.05905 9.05905 9.05905 9.05905 9.15343 9.72203 10.4456 9.96266 9.27971 9.02711 9.06645 8.95680 8.78424 8.78424 8.78655 8.79815 8.81071 8.82355 8.83530 8.83846 8.92202 9.86799 9.01380 9.35798 9.77939 9.56727 8.67989 8.84877 10.1032 10.1114 10.1114 10.1154 9.32149 8.66631 9.17589 11.8869 12.6041 12.9323 12.9507 12.9646 12.9655 12.9655 12.9655 12.9655 12.9655 12.9810 13.1097
8.62930 8.62930 8.62930 8.62906 5.80553 6.01891 7.21129 8.39224 8.81814 8.87685 9.41952 10.1564 9.75549 8.58837 9.02946 9.05905 9.05905 9.05905 9.05905 9.09137 9.56668 10.2644 11.1010 12.1148 13.1323 13.2900 13.3293 11.6875 9.41996 9.16217 9.12076 9.27057 8.81469 8.82725 8.83749 8.83846 9.12104 10.2397 11.4125 12.5859 13.6757 13.9025 12.8067 10.6520 10.3018 10.0357 8.79235 8.85300 10.2475 11.1236 11.5567 12.0249 11.9318 9.88425 9.86770 11.7642 12.9655 12.9655 12.9655 12.9655 12.9655 12.9655 13.0443 13.1953 13.3465 13.4821 13.5046
8.62521 8.62095 8.61572 8.61123 8.67450 9.30057 10.0071 10.7999 11.7895 12.8593 13.0642 13.0642 12.8593 9.22364 9.06178 9.41699 10.0957 10.9140 11.8879 12.9925 13.3136 13.3530 13.3718 13.3718 13.3718 13.3718 13.3718 13.2405 9.65678 9.28746 9.12076 9.41368 9.58109 10.6114 11.7842 12.9576 13.8475 13.9025 13.9025 13.9025 13.9025 13.9025 13.8956 11.1617 10.5796 10.0821 10.0321 10.0691 10.7216 12.2181 12.2319 12.2457 12.2547 10.6214 9.88481 10.5352 12.9655 12.9655 12.9917 13.1300 13.2811 13.4323 13.5046 13.5046 13.5046 13.5035 13.4782
8.60185 8.57682 8.55080 8.52505 8.57052 12.5344 13.1291 13.0806 13.0642 13.0642 13.5596 15.0982 17.0842 13.8531 12.7897 13.3372 13.3690 13.3718 13.3718 13.3718 13.3718 13.3718 13.3718 13.3718 13.3718 13.3718 13.3718 13.4165 11.6814 11.0506 12.4053 13.6111 15.0052 13.9025 13.9025 13.9025 13.9025 13.9025 13.9025 13.9025 13.9025 13.9025 13.9025 12.6172 10.6520 10.2761 10.0852 10.0947 10.1551 12.0733 12.2549 12.2549 12.2549 11.6051 9.88942 10.3093 12.9295 13.3669 13.4918 13.5046 13.5046 13.4958 13.4621 13.4270 13.3919 13.3579 13.3481
8.49193 8.49142 8.49142 8.49142 8.49142 10.4826 13.2279 14.0979 19.0194 22.3769 25.2053 25.2540 25.2540 20.8039 13.3718 13.3718 13.3718 13.3718 13.3718 13.3718 13.3718 13.3718 13.3718 13.5000 14.6773 16.0869 17.4959 18.8608 18.0171 13.3563 13.8566 14.1848 15.3903 13.9114 13.9025 13.9025 13.9025 13.9025 13.9025 13.9025 13.9025 13.9025 13.9006 13.8519 11.0575 10.5757 10.0878 10.0773 10.0770 11.2122 12.3200 12.9534 13.8761 14.9185 13.5213 13.5046 13.5041 13.4812 13.4461 13.4110 13.3758 13.3495 13.3481 13.3481 13.3481 13.3481 13.3481
8.49226 8.53295 8.59546 8.65795 8.72046 9.20944 13.4925 13.7239 23.5338 25.2540 25.2540 25.2540 25.2540 25.1900 14.2875 13.3718 13.3718 13.3718 13.3718 13.6259 14.9232 16.3322 17.7418 19.0232 19.2550 19.2550 19.2550 19.2350 19.2550 14.4062 13.5026 14.1842 14.5842 15.0338 13.9025 13.9025 13.9025 13.9010 13.8916 13.8810 13.8703 13.8597 13.8510 13.8502 12.4027 10.6619 10.3912 10.6677 11.2618 12.4398 16.3568 16.6590 16.7107 16.9819 15.6031 13.3949 13.3603 13.3481 13.3481 13.3481 13.3481 13.3481 13.3481 13.3481 13.3481 13.3481 13.3425
8.75781 8.77963 8.77963 8.77963 8.77963 8.77963 11.7951 13.5614 17.9721 25.2540 25.2540 25.2540 25.2540 25.2540 17.4517 13.7936 15.1679 16.5775 17.9872 19.1426 19.2550 19.2550 18.8650 17.3629 16.0322 14.9121 13.9558 16.0641 19.2550 16.5615 13.3441 13.9875 14.1837 15.9097 13.8818 13.8711 13.8605 13.8513 13.8502 13.8502 13.8502 13.8546 14.4846 15.7014 16.9956 13.7318 13.6562 12.8136 12.9237 13.1478 16.3847 17.6788 17.9348 17.9651 17.6472 13.5178 13.3481 13.3481 13.3481 13.3481 13.3481 13.3481 13.3464 13.3358 13.3229 13.3103 13.3034
8.77963 8.77963 8.77963 8.77963 8.77963 8.77963 9.88262 13.5586 14.5068 25.1701 25.2540 26.5224 29.3381 32.1562 31.2775 19.2739 19.2550 19.0988 17.7248 16.3354 15.1673 14.1756 13.4958 13.4484 13.4484 13.4484 13.4484 14.0533 17.8274 16.1476 13.3135 13.6167 14.1967 15.7537 14.3405 13.8502 13.8502 13.9424 14.8621 16.1456 17.6904 19.5600 20.4539 20.4603 20.7566 17.5825 14.8071 14.0003 13.8129 13.8151 15.2544 17.9651 17.9651 17.9651 17.9651 15.1080 13.3481 13.3481 13.3480 13.3408 13.3283 13.3158 13.3048 13.3033 13.3033 13.2907 12.9198
8.77963 8.77963 8.77963 8.77963 8.77963 8.77963 8.84463 13.4303 15.8483 26.4127 35.4661 37.0169 36.9117 32.6589 27.8675 16.9610 14.4031 13.5886 13.4484 13.4484 13.4484 13.4484 13.4467 12.9758 12.2160 11.5551 10.9901 10.5085 12.4323 13.3125 13.4352 13.5309 14.2725 14.5002 17.0497 16.6220 18.2620 20.0807 20.4539 20.5056 20.8964 21.3490 21.8018 22.2481 22.4043 21.9447 15.6717 14.8524 13.8151 13.8151 14.0147 17.7704 17.9651 17.9651 17.9651 17.0120 13.3337 13.3212 13.3087 13.3033 13.2776 12.8737 12.3952 11.9696 11.5886 11.2477 11.1347
8.77963 8.77963 8.77853 8.71640 8.61911 8.52191 8.42529 11.8550 18.6799 19.8486 25.1258 22.2786 20.0848 19.4278 19.4278 16.5859 13.4484 13.4484 13.1562 12.3867 11.7238 11.1432 10.6262 10.4316 10.4611 10.4835 10.4849 10.4849 11.3603 13.3682 13.3947 13.5129 13.9360 14.3537 17.4939 20.5937 21.0361 21.4890 21.9415 22.3425 22.4043 22.4043 22.4043 22.4043 22.4043 22.4043 18.1695 15.3018 14.0815 13.8151 13.8151 16.1867 17.9562 17.9436 17.9311 17.8550 13.7324 12.3543 11.9333 11.5558 11.2306 11.1516 11.1405 11.1270 11.1135 11.1047 11.1046
8.61483 8.51762 8.42148 8.38115 8.34962 8.31452 8.27943 8.38266 12.9386 13.6772 18.7370 19.4278 19.4278 19.0768 17.0615 14.9006 12.3034 11.4799 10.4569 10.4778 10.4849 10.4849 10.4849 10.4849 10.4849 10.4849 10.4849 10.4849 10.5652 13.1295 13.3687 14.1907 15.6019 15.2010 16.6443 22.3940 22.4043 22.4043 22.4043 22.4043 22.4043 22.4043 22.4043 22.4043 22.4043 22.4043 21.6679 15.5310 14.7511 13.8031 13.8031 14.6214 16.4006 15.7601 15.1856 14.7061 13.3028 11.1528 10.9066 11.0120 11.1193 11.1069 11.1046 11.1046 11.0277 10.4421 9.76352
8.32834 8.29324 8.25813 8.22829 8.22471 8.22471 8.22471 8.22471 10.7479 13.0467 13.7564 13.4074 12.4933 11.8957 11.6700 11.6656 11.7445 11.7084 10.5481 10.4849 10.4849 10.4849 10.4849 10.4849 10.4849 10.4849 10.5086 11.1978 12.1891 15.1016 18.2856 18.9585 19.0456 16.7927 15.6819 21.2463 22.4043 22.4043 22.4043 22.4043 22.4043 22.4043 22.4043 22.4043 22.4043 22.4170 22.5710 18.0508 15.6147 14.3685 14.2401 14.2571 14.5648 14.5960 14.0466 13.3179 12.5502 9.41251 8.95999 10.0110 10.8086 10.1309 9.45209 8.77324 8.17127 8.07805 8.07805
8.22471 8.22471 8.22471 8.13404 7.77956 7.44953 7.33138 7.69170 8.31946 11.6211 11.8497 11.6661 11.6656 11.6656 11.6656 11.6656 11.6979 11.7898 11.0954 10.4849 10.4849 10.4849 10.5642 11.3779 12.3704 13.3626 14.3311 14.6344 14.6344 15.2551 18.8997 18.9083 19.0382 18.2182 15.6540 18.4867 22.4043 22.4043 22.4043 22.4043 22.4126 22.5563 22.7489 22.9412 23.1338 23.3133 23.3521 22.2121 16.0130 15.0343 13.4635 12.7805 12.3062 11.9006 11.7289 11.7049 11.3845 9.30544 7.38670 7.03311 8.06810 8.07805 8.07805 8.07805 8.07805 8.07805 8.07805
7.31618 7.03308 6.82680 7.18067 7.76558 8.29126 8.65169 8.67242 8.67795 10.6694 11.8825 11.7196 11.6656 11.6656 11.6656 11.6656 11.6666 11.7757 11.7721 11.5703 12.5505 13.5431 14.4555 14.6344 14.6344 14.6348 14.6389 14.6440 14.6491 14.6543 17.7996 18.9008 18.9887 19.0412 16.2562 16.4011 22.5328 22.7344 22.9269 23.1191 23.3037 23.3521 23.3521 23.3521 23.3521 22.3803 20.2035 18.4036 14.0266 12.0670 11.5024 11.3523 10.9958 10.8380 10.4303 10.0415 9.95012 9.45000 6.55344 6.53638 7.58371 8.07805 8.07805 8.04680 7.83365 7.61611 7.51223
7.58014 8.12723 8.58174 8.67242 8.67242 8.67242 8.67242 8.67242 8.67242 9.31276 11.8768 11.8060 11.6656 11.6656 11.8973 12.6694 13.4628 14.3213 15.0400 14.8074 14.6344 14.6377 14.6428 14.6479 14.6527 14.6578 14.6587 14.6587 14.6587 14.6587 16.0674 18.9336 19.0364 19.3843 18.1338 16.2067 21.3197 23.3521 23.3521 23.3521 23.2971 21.6231 19.5737 17.8841 16.4649 15.7005 15.6913 15.3689 14.0222 10.7607 10.1223 9.68696 9.66208 9.86511 9.95012 9.95012 9.95012 9.95012 7.42881 6.38582 6.62189 7.38896 7.25051 7.22061 7.32259 7.44126 7.47240
7.91255 8.67242 8.67242 8.67242 8.67242 8.67242 8.67242 8.67242 8.67242 8.70436 11.4305 13.0241 13.6238 14.4016 14.9632 14.9852 14.9868 15.0102 15.1191 15.0303 14.6569 14.6587 14.6587 14.6587 14.6587 14.6587 14.6735 14.7158 14.7572 14.7813 14.9699 18.8214 19.0512 19.4339 19.3500 16.3164 18.5086 22.0206 18.9819 17.3912 16.0750 15.6913 15.6628 15.1509 14.4647 13.7785 13.0926 12.7288 12.7285 10.5732 9.78131 9.67070 9.66208 9.69419 9.63866 9.39200 9.16306 8.94915 7.88316 6.01608 6.13359 7.24289 7.47121 7.47240 7.51158 7.58796 7.66429
7.24104 8.48113 8.67242 8.67242 8.67242 8.67242 8.79667 9.05619 9.31561 9.57503 11.5612 15.2030 15.0865 14.9940 14.9981 15.0022 15.0046 15.0046 15.1020 15.1288 14.7790 14.6662 14.7054 14.7374 14.7569 14.7760 14.7804 14.7573 14.7351 14.7301 14.7301 17.0445 18.9960 19.2128 19.5008 17.5884 16.5142 21.6269 15.5961 14.9328 14.2466 13.5604 12.9024 12.7285 12.7285 12.7285 12.7285 12.7285 12.7285 11.9790 9.78955 9.64388 8.69320 8.54019 8.74355 8.81634 8.91969 9.02289 9.07293 6.63521 6.39001 7.00119 7.74676 7.82310 7.86432 8.00245 7.96880
7.22985 7.91831 8.80821 9.06763 9.32716 9.58658 9.72198 9.72406 9.72681 9.72956 9.87788 14.5904 15.1870 15.0051 15.0046 15.0046 15.0054 14.9637 14.9398 14.8805 14.7720 14.7633 14.7432 14.7301 14.7301 14.7301 14.7301 14.7301 14.7301 14.7301 14.7301 15.4728 18.9960 19.0313 19.7163 19.7539 14.4887 17.4338 14.0530 12.7285 12.7285 12.7285 12.7285 12.7285 12.7285 12.7285 12.7285 12.7285 12.7285 12.7285 10.4180 9.80176 8.91042 8.73936 9.01935 9.23981 9.30342 9.36707 9.43046 8.04848 6.61186 6.77444 7.71921 7.61126 7.50457 7.29244 7.21537
7.79542 8.20753 9.71931 9.72574 9.72849 9.73124 9.73386 9.73452 9.73452 9.73452 9.74071 12.4017 15.2373 15.0958 15.0025 14.9421 14.8730 14.8544 14.8478 14.7331 14.7301 14.7301 14.7301 14.7301 14.7301 14.7301 14.7301 14.7301 14.7301 14.7305 14.9818 15.4512 19.5541 21.2005 21.9181 22.1020 15.5940 14.5822 16.4549 12.7285 12.7285 12.7285 12.7285 12.7285 12.7285 12.7285 12.7285 12.7285 12.7290 12.8225 12.1373 10.6392 10.0444 9.26357 9.31950 9.45643 9.45664 9.46506 9.60465 9.49651 7.17299 7.24859 7.22766 7.22030 7.23904 7.25860 7.27816
8.42613 8.11359 9.31730 9.73452 9.73452 9.73452 9.73610 9.75644 9.78863 9.76951 9.43665 9.59946 14.8588 14.9395 14.8578 14.8578 14.8578 14.8578 14.8578 14.7704 14.7301 14.7301 14.7301 14.7301 14.7301 14.7406 15.0631 15.5306 15.9978 16.4649 16.6810 16.6810 18.4728 21.5972 21.7249 22.1020 19.3371 13.2663 18.2820 13.2564 12.7285 12.7285 12.7285 12.7285 12.8111 12.9731 13.1352 13.2974 13.4588 13.5276 13.5245 11.3607 10.8418 9.37253 9.36190 9.66885 9.88583 10.0577 10.0961 9.90859 8.01814 7.30580 7.31512 7.30183 7.30264 7.30264 7.30264
8.91472 8.12104 8.72304 9.79425 9.82699 9.85252 9.61226 9.18303 8.68505 8.19804 8.12733 8.17045 12.4627 14.9807 14.8659 14.8578 14.8578 14.8578 14.8578 14.8174 14.7301 14.7650 15.1449 15.6123 16.0796 16.5363 16.6810 16.6810 16.6807 16.6563 16.6167 16.5771 16.8114 21.3931 21.5992 22.0300 21.9955 14.2309 16.0464 15.4569 12.9617 13.1238 13.2860 13.4479 13.5276 13.5276 13.5276 13.5276 13.5259 13.5189 13.5114 12.4904 10.9164 10.2068 9.90419 9.71195 9.50605 9.20056 8.89757 8.77982 8.40411 7.34081 7.34053 7.30812 7.30264 7.30264 7.30246
8.36129 8.24506 8.18645 9.26394 8.85191 8.31959 8.12733 8.12733 8.12733 8.12733 8.12733 8.12733 9.59845 14.9821 14.9117 14.8578 14.8578 14.9316 15.3543 15.8189 16.1706 16.5934 16.6810 16.6810 16.6653 16.6260 16.5864 16.5468 16.5076 16.4924 16.4924 16.4924 16.4924 19.4699 21.6171 21.9711 22.4859 18.4123 14.8780 19.3133 13.6511 13.5276 13.5276 13.5276 13.5238 13.5164 13.5090 13.5016 13.4958 13.4954 13.3198 12.6979 10.1437 9.27549 8.65692 8.62479 8.77267 8.77982 8.77982 8.77982 8.77436 7.56062 7.33176 7.30297 7.26994 7.26779 7.29709
7.39202 7.11507 7.04656 7.88652 8.12733 8.12733 8.12733 8.12733 8.12733 8.12733 8.12733 8.12733 8.22647 13.5753 15.5409 15.9032 16.3706 16.7641 16.8088 16.8003 16.6895 16.5957 16.5561 16.5165 16.4927 16.4924 16.4924 16.4924 16.4924 16.4999 16.5404 16.5848 16.6136 17.7075 21.7799 21.8398 22.7075 21.9463 14.0026 18.9471 15.3220 13.5140 13.5065 13.4991 13.4954 13.4936 13.1429 12.5321 11.9217 11.3104 10.8761 10.8584 9.97524 8.93745 8.56455 8.61608 8.71770 8.76973 8.75792 8.74609 8.73427 8.09007 7.31255 7.35322 7.36240 7.39474 7.39714
8.08012 8.12653 8.12733 8.12733 8.12733 8.12733 8.12733 8.12733 8.12733 8.34953 9.06895 9.80626 10.5533 13.2403 16.9335 16.8001 16.7327 16.6931 16.6536 16.6225 16.5936 16.4924 16.4924 16.4924 16.4950 16.5299 16.5683 16.5854 16.6008 16.6086 16.5835 16.5541 16.5410 16.5622 20.7818 21.6620 22.3650 22.6841 16.9842 16.3578 18.1121 13.4477 12.9482 12.3378 11.7268 11.1184 10.8584 10.8584 10.8584 10.8584 10.8584 10.8267 10.3613 8.53203 8.13761 8.56873 8.59785 8.71969 8.73366 8.77616 8.81948 8.76409 7.47289 7.37120 7.29772 7.23402 7.18457
8.12668 8.12669 8.12708 8.12733 8.12733 8.37638 9.10176 9.83907 10.5771 11.0922 11.1288 11.1616 11.1944 11.3495 16.1955 16.6995 16.6202 16.6202 16.6202 16.6204 16.6462 16.5622 16.5573 16.5726 16.5854 16.5659 16.5428 16.5410 16.5410 16.5410 16.5410 16.5410 16.5410 16.5410 18.6394 21.6620 21.9662 22.4185 19.4040 12.9816 17.1482 11.6999 10.8584 10.8584 10.8584 10.8584 10.8408 10.4634 9.99210 9.57492 9.20287 8.88727 8.81826 8.24458 7.69075 8.38711 8.63752 8.80160 8.80499 8.75634 8.70687 8.65734 7.73067 7.18351 7.20180 7.32180 7.48576
8.12668 8.40318 9.13466 9.87248 10.6092 11.1057 11.1489 11.1817 11.2145 11.2473 11.2614 11.2614 11.2614 11.2490 13.9552 16.7386 16.6464 16.6572 16.6697 16.6820 16.6686 16.6033 16.5410 16.5410 16.5410 16.5410 16.5410 16.5410 16.5410 16.5410 16.5410 16.5410 16.5410 16.2214 15.7096 18.7606 17.6513 17.6120 17.6517 12.3824 14.6913 13.5279 10.5078 10.0314 9.60987 9.23396 8.90737 8.81826 8.81826 8.81826 8.81826 8.81826 8.81008 8.71889 7.86846 8.05315 8.63885 8.62579 8.62252 8.62252 8.62230 8.71988 8.57345 7.59322 7.72305 7.73422 7.72819
10.6437 11.1292 11.1684 11.2017 11.2346 11.2598 11.2614 11.2614 11.2614 11.2614 11.2446 11.2178 11.1916 11.1659 11.6234 16.4816 16.6381 16.6592 16.6592 16.6592 16.6592 16.6453 16.5421 16.5410 16.5410 16.5410 16.5410 16.5410 16.5410 16.0734 15.1700 14.2665 13.3627 12.7785 12.7672 15.2276 16.6279 16.6166 16.2097 13.2601 10.5422 11.7228 8.95521 8.81826 8.81826 8.81826 8.81826 8.81139 8.78726 8.76232 8.73730 8.71237 8.69560 8.69513 8.16819 7.76703 8.47025 8.65999 8.80458 8.96068 9.11707 9.17567 9.02053 7.85382 7.66294 7.63160 7.60194
11.2526 11.2607 11.2607 11.2612 11.2581 11.2311 11.2026 11.1766 11.1507 11.1248 11.1153 11.1164 11.1164 11.1164 11.0914 14.6677 16.6160 16.6592 16.6592 16.6592 16.6592 16.6592 16.5720 16.5410 16.5240 15.9138 15.0100 14.1065 13.2030 12.7672 12.7672 12.7672 12.7739 12.7908 12.8083 13.2045 13.3802 13.2491 13.9092 13.7200 9.49122 11.5965 9.85833 8.78894 8.76400 8.73901 8.71406 8.69596 8.69513 8.69513 8.69513 8.69409 8.68622 8.67711 8.57014 7.77327 8.21429 9.16472 8.90579 8.53769 8.17153 7.80506 7.59387 7.59760 7.60292 7.59322 7.38506
