results/OMI_NO2_200610.asc
ncols      200
nrows      200
xllcorner       120.258
yllcorner       41.1236
cellsize     0.0166667
NODATA_Value      -999.000
[rows 60 to 89 of 200, columns 132 to 197 of 200]
2.46229 2.42067 2.21444 2.14678 2.24089 2.22808 2.20192 2.16861 2.14719 2.12598 2.10660 2.10301 2.10301 2.03621 1.97885 1.97520 1.93010 1.89675 1.81770 1.80662 1.77189 1.79836 1.98510 1.98592 1.98592 1.98557 1.98553 1.98194 2.01758 2.08719 2.28666 2.34244 2.37466 2.38183 2.25859 2.19359 2.21748 2.33227 2.46146 2.57361 2.67944 2.78411 2.84097 3.09801 3.12995 3.07662 3.10908 3.16206 3.21427 3.23571 3.23900 3.23847 3.21897 3.18754 3.21995 3.25156 3.32205 3.35347 3.34089 2.98442 2.96411 2.95552 2.96769 2.94848 2.51646 2.88472
2.33168 2.39146 2.10577 2.04413 2.08557 2.10787 2.08872 2.08498 2.08303 2.09035 2.11858 2.14743 2.17613 2.17877 2.07320 2.00759 1.92463 1.87167 1.82586 1.77565 1.76727 1.75065 1.93668 2.01295 2.05284 2.08545 2.10406 2.06627 2.04603 2.14416 2.45127 2.46261 2.45922 2.46302 2.39545 2.29402 2.26578 2.32354 2.44435 2.46453 2.56044 2.94506 3.06466 3.28410 3.28431 3.19048 3.13327 3.10307 3.07086 3.03938 3.01347 2.99055 2.98038 2.98038 3.00206 3.07257 3.25935 3.27636 3.36735 3.09817 2.95972 2.96696 2.97702 3.06389 2.64233 2.83100
2.24696 2.33198 2.07138 1.96923 1.98012 2.06499 2.09472 2.12446 2.15423 2.17402 2.16955 2.16396 2.15831 2.15268 2.05654 1.98000 1.93192 1.83853 1.84575 1.79857 1.82588 1.80872 1.91651 2.01880 1.99932 1.99270 2.00691 2.00770 2.02408 2.10527 2.42472 2.60899 2.65610 2.69606 2.72399 2.57119 2.51421 2.53701 2.62680 2.65359 2.66748 2.95502 3.09500 3.08073 3.07181 3.02836 2.98038 2.98038 2.98038 2.98038 2.98038 2.97729 2.96320 2.94779 2.93264 3.00426 3.16015 3.21513 3.40243 3.28440 2.99890 3.00087 3.00000 3.04185 2.86239 2.64893
2.13071 2.28453 2.18565 2.00748 2.00114 2.11056 2.10743 2.10180 2.09622 2.09166 2.09128 2.09062 2.08423 2.08120 2.04240 1.99789 2.09111 1.99425 1.93544 1.84359 1.83919 1.81074 1.87682 2.20011 2.25519 2.30873 2.35543 2.36336 2.36723 2.40052 2.54565 2.80662 2.81914 2.82609 2.85421 2.76083 2.67016 2.64967 2.67252 2.65665 2.64010 2.77007 3.07829 3.07471 3.10214 3.09324 3.01645 3.01560 3.00380 2.99099 2.98164 2.98350 2.99939 3.01662 3.03524 3.08120 3.17539 3.23564 3.39009 3.43480 3.06737 3.04499 3.05051 3.05607 3.14029 2.63395
2.17211 2.26866 2.34770 2.03016 1.99554 2.06169 2.09253 2.08887 2.08614 2.08617 2.08620 2.08680 2.08368 2.06929 2.04283 1.94892 1.98490 1.92826 1.79968 1.77223 1.86495 1.91809 1.94971 2.34232 2.41281 2.40443 2.39090 2.40113 2.45083 2.45592 2.58624 2.84003 2.99443 3.02385 3.03208 2.98221 2.80352 2.71354 2.72348 2.71527 2.68565 2.74519 3.12110 3.15869 3.17244 3.16601 3.08549 3.07729 3.09537 3.11446 3.13008 3.13759 3.14206 3.14652 3.14930 3.15404 3.20715 3.31975 3.37850 3.52760 3.29018 3.11744 3.11744 3.11723 3.19442 2.82656
2.15731 2.18478 2.34869 2.10114 2.00969 2.02283 2.06743 2.05546 2.04254 2.02612 2.00155 1.97487 1.95848 1.95069 1.94776 1.89581 1.88327 1.92904 1.76395 1.69744 1.74115 1.81499 1.86600 2.12858 2.37082 2.37846 2.40296 2.42947 2.51772 2.54161 2.62534 2.74277 3.00645 3.01410 3.01289 3.01167 2.83208 2.72614 2.70462 2.70462 2.67249 2.78119 3.03688 3.21026 3.23613 3.25061 3.19417 3.14933 3.14933 3.14933 3.14933 3.14966 3.15221 3.15518 3.15606 3.15561 3.18997 3.25521 3.26300 3.41540 3.29258 3.05300 3.03781 3.02283 3.02018 2.96714
2.13398 2.14308 2.26425 2.15063 1.94208 1.91557 1.99565 1.99045 1.98430 1.97241 1.96770 1.96685 1.96552 1.96310 1.94651 1.91324 1.82560 1.81791 1.69878 1.60487 1.65405 1.78655 1.87633 2.02956 2.43993 2.46949 2.46991 2.46991 2.52047 2.53727 2.59314 2.66766 2.90069 3.01156 3.01156 3.00787 2.89103 2.76384 2.70921 2.71785 2.71197 2.77913 2.92498 3.23957 3.25159 3.25322 3.22404 3.15058 3.15357 3.15653 3.15573 3.15023 3.12874 3.08329 3.03943 2.99578 2.95496 2.91720 2.94768 3.06246 3.14431 3.02828 3.01008 2.99570 2.97206 2.98523
2.22344 2.25147 2.30314 2.36247 2.06425 2.02033 1.99741 1.99120 1.98584 1.98515 1.96575 1.93927 1.91234 1.88587 1.87703 1.87703 1.81143 1.80158 1.76287 1.68495 1.71170 1.86838 1.92078 1.98020 2.38660 2.46991 2.46991 2.46991 2.50450 2.53727 2.56714 2.62164 2.69566 2.89753 2.85475 2.81087 2.79545 2.76783 2.69611 2.69501 2.68291 2.70720 2.76872 3.13929 3.18211 3.17157 3.14614 3.01096 2.95740 2.90902 2.86405 2.82259 2.79415 2.78872 2.78112 2.76458 2.75234 2.73585 2.67470 2.68688 2.89383 2.81938 2.68559 2.65407 2.63381 2.63826
2.23243 2.24300 2.22671 2.27877 2.11351 2.06179 1.96064 1.93056 1.90047 1.87213 1.86351 1.86038 1.85720 1.85395 1.85073 1.84751 1.81295 1.75600 1.72942 1.69061 1.66490 1.76062 1.83300 1.89398 2.17652 2.39822 2.38136 2.36060 2.35554 2.37613 2.35297 2.34362 2.35527 2.54433 2.64553 2.65207 2.66976 2.67806 2.65529 2.60924 2.58320 2.61373 2.72626 2.84365 2.85839 2.80464 2.74760 2.68505 2.65315 2.64403 2.63588 2.62862 2.62138 2.61415 2.60961 2.61489 2.61597 2.60975 2.46296 2.43080 2.63057 2.74461 2.58679 2.59182 2.60754 2.63089
2.14196 2.15697 2.13270 2.11256 2.00145 1.87539 1.80842 1.79270 1.79268 1.79260 1.79251 1.79243 1.79236 1.79235 1.79330 1.79937 1.80316 1.72745 1.70902 1.70301 1.66545 1.71195 1.82987 1.88285 2.03798 2.33753 2.36075 2.36171 2.36880 2.44442 2.46815 2.47378 2.47821 2.54405 2.75873 2.77839 2.78665 2.78543 2.76806 2.68675 2.60824 2.59126 2.69558 2.70731 2.73136 2.69842 2.66309 2.64439 2.61539 2.61597 2.61597 2.61597 2.61597 2.61597 2.61523 2.60841 2.60011 2.57922 2.44725 2.39260 2.52558 2.82853 2.69149 2.66000 2.66108 2.65342
2.04574 2.04782 2.06531 2.06513 2.06387 1.91944 1.88641 1.84687 1.85353 1.86028 1.86705 1.87380 1.88059 1.88735 1.89302 1.88549 1.86029 1.78810 1.74040 1.76713 1.71440 1.69838 1.83489 1.88884 1.99061 2.28528 2.38443 2.38248 2.37973 2.43067 2.44653 2.45449 2.46878 2.50872 2.71946 2.82403 2.84513 2.85596 2.83784 2.77658 2.65446 2.57078 2.64861 2.69264 2.74258 2.72264 2.65646 2.63519 2.57817 2.57210 2.56558 2.55313 2.53875 2.51416 2.48574 2.46532 2.44639 2.42986 2.34018 2.30877 2.43365 2.80396 2.75721 2.63017 2.67808 2.75280
2.12443 2.13402 2.15223 2.14883 2.15146 2.01741 1.97281 1.89633 1.89388 1.89328 1.88703 1.86578 1.83053 1.79496 1.75951 1.73779 1.75249 1.77170 1.76140 1.84813 1.85432 1.85706 1.91962 1.98241 2.03600 2.25765 2.41527 2.44238 2.48462 2.51259 2.52753 2.54428 2.55889 2.56509 2.63814 2.81589 2.78867 2.77169 2.75486 2.71328 2.59537 2.50641 2.52628 2.58792 2.63053 2.63699 2.59285 2.56178 2.49434 2.46359 2.44380 2.42990 2.41799 2.41627 2.41907 2.42000 2.42092 2.42183 2.38948 2.25831 2.45952 2.84271 3.07557 2.96806 2.99395 2.99423
2.08925 2.07886 2.11081 2.09706 2.06711 2.05633 1.96161 1.87051 1.80954 1.79415 1.79200 1.80478 1.83154 1.85541 1.87754 1.89518 1.89610 1.90474 1.92194 1.97394 2.06331 2.06155 2.12203 2.19975 2.27072 2.41109 2.59176 2.63369 2.60265 2.57523 2.53659 2.51702 2.49342 2.49016 2.51289 2.70136 2.77302 2.77677 2.77861 2.76190 2.67485 2.57533 2.53068 2.57970 2.58581 2.59279 2.54299 2.48311 2.44775 2.42419 2.42419 2.42419 2.42419 2.42419 2.42462 2.44134 2.46692 2.49610 2.51386 2.37588 2.54360 2.79764 3.09085 2.99695 2.97696 2.98340
1.96654 1.95377 1.97460 1.95379 1.91020 1.98490 1.93993 1.93375 1.90148 1.90532 1.90138 1.89870 1.91837 1.95365 1.98922 2.02117 2.05031 2.07942 2.08241 2.10262 2.23572 2.21765 2.20171 2.25355 2.38030 2.43372 2.59825 2.63844 2.56126 2.55344 2.52762 2.52758 2.52160 2.52090 2.52519 2.60888 2.79027 2.78921 2.77047 2.72874 2.66367 2.51993 2.42872 2.49401 2.51693 2.55181 2.53988 2.49955 2.46566 2.42419 2.42928 2.45288 2.47879 2.50255 2.51717 2.51013 2.47313 2.42976 2.38824 2.13180 2.10015 2.32158 2.73916 2.88904 2.96745 2.96745
1.84334 1.82478 1.85894 1.87968 1.86314 1.93555 2.00400 1.94406 1.94304 1.98647 2.01844 2.04913 2.05768 2.06135 2.07095 2.08301 2.09510 2.10150 2.10089 2.09493 2.23064 2.24029 2.16326 2.18150 2.25528 2.32728 2.52504 2.61873 2.57706 2.55609 2.53170 2.52758 2.52266 2.50485 2.48349 2.48522 2.63470 2.66216 2.64913 2.64405 2.63298 2.53157 2.44914 2.47599 2.50754 2.54845 2.54463 2.50480 2.52438 2.47423 2.45474 2.41690 2.37748 2.34248 2.32573 2.31485 2.32460 2.33798 2.34496 2.18883 2.02757 2.22759 2.58876 2.75456 2.83672 2.81549
1.78543 1.76547 1.77554 1.80364 1.79675 1.80866 1.92669 1.84889 1.95760 2.06091 2.07301 2.08510 2.09708 2.10152 2.10260 2.10411 2.10352 2.10226 2.10103 2.09469 2.16724 2.25332 2.18519 2.16687 2.22979 2.35017 2.49303 2.61417 2.60808 2.54698 2.51052 2.49150 2.50002 2.52051 2.55373 2.54338 2.50894 2.67382 2.67407 2.67008 2.64999 2.57651 2.46813 2.43160 2.42493 2.43566 2.37668 2.31379 2.36377 2.32004 2.30178 2.30208 2.30266 2.30173 2.29222 2.28066 2.26905 2.25744 2.24583 2.17362 1.87448 2.01265 2.33918 2.54139 2.64119 2.67019
1.72914 1.74089 1.75094 1.79937 1.80116 1.81474 1.97616 1.93492 1.96463 2.13849 2.14032 2.14163 2.14074 2.13947 2.13715 2.13440 2.13374 2.13374 2.13374 2.13094 2.13991 2.27902 2.25813 2.16826 2.20607 2.30027 2.37577 2.49613 2.57809 2.55654 2.57692 2.58162 2.57567 2.54857 2.53155 2.50836 2.38089 2.50797 2.51319 2.47059 2.43514 2.38413 2.27644 2.21925 2.23986 2.26622 2.24112 2.19122 2.23274 2.27422 2.23975 2.24029 2.24054 2.24054 2.24054 2.24054 2.24054 2.25622 2.30854 2.36213 2.10947 2.11887 2.27198 2.52600 2.60250 2.65473
1.75079 1.76280 1.77489 1.83478 1.85178 1.85948 1.94671 1.98888 1.92382 2.07670 2.11249 2.10588 2.10146 2.09740 2.09335 2.08930 2.08523 2.08119 2.07971 2.07861 2.08511 2.15593 2.19382 2.11302 2.16073 2.27428 2.38432 2.48024 2.52864 2.46155 2.41729 2.36508 2.33468 2.29258 2.25782 2.23010 2.16910 2.14729 2.30555 2.29165 2.28882 2.29812 2.24103 2.23972 2.35195 2.32573 2.34831 2.21997 2.22386 2.35048 2.35053 2.39662 2.44195 2.48665 2.53638 2.58897 2.65163 2.71803 2.75264 2.78453 2.60336 2.45179 2.17963 2.43739 2.53171 2.61714
1.77745 1.75074 1.74670 1.77603 1.78967 1.79234 1.82179 1.97214 1.87060 1.95448 2.07294 2.07294 2.07294 2.07645 2.08637 2.08665 2.08520 2.08192 2.07570 2.05966 2.09511 2.16586 2.24713 2.22974 2.17475 2.22792 2.33082 2.24756 2.27639 2.27729 2.23653 2.25298 2.23171 2.20251 2.18557 2.17281 2.17246 2.08348 2.30906 2.39207 2.41935 2.42183 2.38530 2.49097 2.67849 2.70718 2.81787 2.71753 2.69855 2.77309 2.71897 2.72495 2.76598 2.80847 2.84623 2.88136 2.90455 2.90765 2.91006 2.91243 2.76753 2.57736 2.21073 2.37032 2.46726 2.48874
1.75996 1.69556 1.69322 1.71296 1.75014 1.75382 1.76613 1.93010 1.88533 1.88033 2.06273 2.06491 2.05653 2.03355 2.00377 1.98363 1.97978 1.99485 2.01099 2.04283 2.06728 2.13082 2.19032 2.20392 2.12010 2.17054 2.20423 2.09292 2.05554 2.10203 2.07936 2.15668 2.22103 2.24710 2.27400 2.30973 2.33026 2.27801 2.31000 2.49382 2.49638 2.49665 2.48540 2.63693 2.87586 2.91362 2.96451 2.94367 2.84380 2.90146 2.97449 2.92750 2.92799 2.92801 2.92801 2.92801 2.92801 2.92801 2.91005 2.87252 2.77452 2.45308 2.18076 2.20034 2.35748 2.39250
1.74885 1.68924 1.68502 1.69496 1.75348 1.75302 1.76301 1.84379 1.87484 1.77164 1.88754 1.93838 1.93587 1.97045 2.01378 2.05527 2.07627 2.08181 2.10242 2.12121 2.13635 2.18405 2.25487 2.31547 2.27080 2.26094 2.22432 2.10348 2.07190 2.16674 2.21260 2.29695 2.37658 2.37281 2.36150 2.36150 2.36150 2.35509 2.23882 2.47493 2.51185 2.50544 2.49146 2.61256 2.98601 3.14843 3.14663 3.15863 2.97556 2.94019 2.99748 2.92801 2.92801 2.92457 2.89282 2.85579 2.82088 2.81168 2.83181 2.87186 2.90300 2.59628 2.45046 2.29608 2.31805 2.31448
1.75705 1.71408 1.71050 1.71446 1.76910 1.77675 1.78635 1.79584 1.86646 1.80176 1.92901 2.11257 2.16114 2.18406 2.19877 2.21584 2.23462 2.24460 2.23654 2.22418 2.21503 2.21570 2.26673 2.32650 2.29129 2.32303 2.40095 2.25741 2.16124 2.19621 2.24609 2.27258 2.37658 2.37606 2.36187 2.36150 2.35581 2.33932 2.24262 2.29090 2.44764 2.44173 2.46841 2.55152 3.00316 3.16530 3.14877 3.18551 3.04111 2.94558 2.98829 2.87841 2.87332 2.87846 2.91443 2.95740 2.99963 3.00821 3.00090 2.99288 2.98139 2.71458 2.49943 2.19298 2.25186 2.24630
1.78791 1.70737 1.69985 1.70423 1.74137 1.78081 1.81447 1.85027 1.94857 2.04290 2.14446 2.26079 2.25912 2.24675 2.23440 2.22204 2.21461 2.21455 2.21442 2.19885 2.17255 2.14018 2.15056 2.20827 2.22674 2.32239 2.43465 2.31271 2.17701 2.16015 2.23758 2.23607 2.34198 2.32364 2.29762 2.25408 2.21161 2.17999 2.16347 2.17321 2.42758 2.45638 2.46458 2.51508 2.90912 3.19640 3.27966 3.32759 3.30834 3.18736 3.20250 2.99922 2.94208 2.93323 2.92074 2.90711 2.88682 2.87189 2.85889 2.84593 2.83585 2.67623 2.36983 2.15434 2.11329 2.09876
1.80769 1.76269 1.76192 1.81633 1.86973 1.91407 1.91396 1.88917 1.92410 1.99441 2.08213 2.18225 2.20167 2.20095 2.19921 2.17907 2.15205 2.12505 2.09817 2.08676 2.08603 2.08325 2.09387 2.16320 2.20958 2.24463 2.38652 2.34017 2.15882 2.07290 2.10657 2.09434 2.15665 2.16645 2.16026 2.17036 2.17068 2.17132 2.17196 2.17644 2.32557 2.50478 2.51645 2.56704 2.86510 3.29566 3.38691 3.32861 3.30071 3.21887 3.15652 3.01547 2.85814 2.84838 2.83878 2.83027 2.82895 2.82895 2.82895 2.82883 2.81078 2.68105 2.31973 2.11416 2.12215 2.13147
1.97605 1.94144 1.87977 1.88678 1.89822 1.93873 1.92558 1.83889 1.84943 1.92794 2.02914 2.11570 2.15569 2.13366 2.11263 2.11000 2.11424 2.11850 2.12271 2.12695 2.13121 2.13475 2.12732 2.15898 2.14290 2.11948 2.21963 2.27021 2.08351 1.95920 1.96844 2.02735 2.09677 2.16823 2.18634 2.21264 2.20907 2.21586 2.22329 2.22753 2.23912 2.50216 2.54330 2.58763 2.70321 3.28424 3.26214 3.18993 3.14508 3.13523 3.09311 3.05462 2.81655 2.77052 2.72765 2.68446 2.63523 2.57218 2.51743 2.46174 2.41202 2.35483 2.01519 1.87205 2.08525 2.14945
1.99528 1.98557 1.91362 1.88548 1.88910 1.95089 1.95460 1.87649 1.83491 1.89491 1.94584 2.05068 2.13790 2.14914 2.14914 2.14914 2.14890 2.14566 2.14688 2.15062 2.15436 2.15872 2.15934 2.12457 2.06873 2.05653 2.09686 2.16385 2.03011 1.96340 1.98012 2.02171 2.05235 2.18310 2.18531 2.23004 2.26268 2.28459 2.30656 2.32395 2.33345 2.50555 2.65180 2.63981 2.68675 3.10929 3.10723 3.02547 2.93345 2.88382 2.80291 2.73557 2.51678 2.45267 2.44060 2.42001 2.40579 2.40274 2.39312 2.38565 2.38649 2.38676 2.10315 1.86287 2.02833 2.13218
2.00686 2.01777 1.95675 1.87990 1.84508 1.85851 1.85333 1.81944 1.78957 1.83123 1.86728 1.96691 2.06183 2.09102 2.09256 2.09488 2.11055 2.13392 2.15287 2.16219 2.15475 2.14662 2.11687 2.06027 1.97805 1.96115 1.95605 2.03460 1.99567 2.00333 2.10368 2.06627 2.06800 2.33147 2.35572 2.37529 2.36530 2.35061 2.33650 2.32769 2.32798 2.35328 2.63420 2.64869 2.68010 2.79158 2.88334 2.82786 2.76376 2.75095 2.70057 2.63371 2.51499 2.39037 2.38382 2.38507 2.38537 2.38537 2.38537 2.38537 2.38537 2.38608 2.18344 1.94079 1.96422 2.13352
1.98815 2.03825 1.98446 1.89119 1.88188 1.91299 1.94365 1.92631 1.86576 1.84691 1.82843 1.94124 2.08948 2.16963 2.18958 2.20359 2.18111 2.13528 2.08965 2.05683 2.03310 2.00385 1.98143 1.98264 1.93620 1.91829 1.92076 1.97557 1.98074 2.00848 2.07751 2.04868 2.06440 2.26542 2.30408 2.31673 2.32851 2.32851 2.32851 2.32851 2.32852 2.32963 2.51131 2.64932 2.66543 2.74410 2.85933 2.74569 2.66781 2.63623 2.63241 2.59747 2.54970 2.40414 2.38537 2.38537 2.38543 2.38714 2.38960 2.39208 2.39199 2.37848 2.23267 1.98544 1.88848 2.07438
2.01653 2.11126 2.07807 1.98656 1.93787 1.90083 1.92049 1.91286 1.83067 1.81748 1.86946 1.96501 2.00756 1.99777 1.96747 1.91653 1.88839 1.87816 1.86808 1.85789 1.86656 1.88075 1.89865 1.95885 1.94450 1.90184 1.91065 1.95872 1.95671 1.97167 2.01939 2.04474 2.02781 2.19176 2.29946 2.30997 2.32851 2.32851 2.32851 2.33316 2.35288 2.38152 2.44784 2.72338 2.73264 2.74838 2.76316 2.72607 2.66614 2.63763 2.63539 2.61499 2.57992 2.43737 2.37596 2.35773 2.34085 2.32654 2.31204 2.29790 2.28598 2.28720 2.23194 1.98288 1.86936 2.04069
2.02897 2.07240 2.05003 2.00515 2.00300 1.86537 1.91334 1.92853 1.87303 1.85428 1.85828 1.93913 1.84175 1.77243 1.84183 1.84816 1.86593 1.88385 1.90176 1.91520 1.91597 1.91597 1.93111 1.99835 2.05476 2.02974 2.05355 2.05472 1.98106 1.95643 1.99921 2.05229 2.04361 2.14908 2.32071 2.34673 2.40652 2.43681 2.47747 2.51634 2.54018 2.48746 2.46952 2.65094 2.76290 2.78050 2.80539 2.80304 2.71231 2.65279 2.62489 2.59649 2.54083 2.44351 2.37922 2.38755 2.39930 2.40763 2.41565 2.42449 2.43463 2.44325 2.44693 2.16130 2.07977 2.10199
