results/OMI_NO2_200508.asc
ncols      200
nrows      200
xllcorner       120.258
yllcorner       41.1236
cellsize     0.0166667
NODATA_Value      -999.000
[rows 87 to 115 of 181, columns 132 to 197 of 200]
0.987854 0.984779 0.986609 0.988474 0.990335 0.957660 0.934419 1.11504 1.14812 1.52637 1.54061 1.53239 1.44286 1.45216 1.44625 1.46673 1.65216 1.69209 1.72991 1.76544 1.80016 1.82297 1.84152 1.84221 1.83855 1.83180 1.82359 1.83297 1.73783 1.69649 1.60818 1.53166 1.55288 1.57518 1.55559 1.44669 1.40593 1.37595 1.34116 1.30524 1.28222 1.28179 1.28179 1.28179 1.28179 1.28179 1.28179 1.28179 1.28179 1.29135 1.21563 1.00093 1.24074 1.24818 1.26978 1.26587 1.24168 1.25380 1.25886 1.25504 1.25252 1.25246 1.25246 1.25952 1.27243 1.29084
1.02433 1.03181 1.03479 1.03778 1.03844 1.02535 0.994200 1.12390 1.24981 1.56661 1.78447 1.82737 1.84712 1.85597 1.88499 1.78016 1.92684 1.98840 1.98378 1.95927 1.93250 1.90572 1.88125 1.87669 1.87669 1.87669 1.87669 1.87669 1.79430 1.69938 1.64766 1.49304 1.46918 1.44179 1.41375 1.26889 1.25290 1.27309 1.28179 1.28179 1.28179 1.28179 1.28179 1.28179 1.28179 1.28179 1.27813 1.26229 1.24550 1.23377 1.19673 0.965849 1.06243 1.21009 1.31985 1.32757 1.28940 1.29705 1.31844 1.36572 1.41482 1.46391 1.51300 1.55508 1.59127 1.62195
1.06504 1.07398 1.10406 1.13452 1.16772 1.20251 1.23731 1.30310 1.50638 1.59700 1.95273 1.95300 1.95379 1.89013 1.93205 1.75702 1.78888 1.90111 1.87897 1.87669 1.87669 1.87669 1.87669 1.87669 1.87669 1.86773 1.78431 1.67773 1.53558 1.30867 1.22533 1.36594 1.35984 1.37290 1.38397 1.31481 1.25290 1.26642 1.28179 1.28179 1.28022 1.26612 1.24933 1.23255 1.21574 1.19949 1.18890 1.18925 1.18852 1.18895 1.23629 1.12393 1.12184 1.33956 1.53657 1.58027 1.58726 1.59607 1.62379 1.62559 1.62559 1.62559 1.62559 1.62559 1.62559 1.62559
1.20782 1.22594 1.22371 1.22108 1.21858 1.24992 1.27418 1.27418 1.44028 1.50786 1.85442 1.92013 1.89420 1.81687 1.81977 1.73160 1.67441 1.86240 1.87669 1.87669 1.87486 1.80832 1.70362 1.59077 1.46892 1.34959 1.32726 1.32726 1.32700 1.22190 1.21198 1.31694 1.35004 1.37086 1.38139 1.36272 1.21969 1.20974 1.22391 1.20986 1.19739 1.19742 1.20008 1.20040 1.20235 1.21172 1.21958 1.22865 1.23977 1.25092 1.32763 1.41806 1.29643 1.51320 1.62150 1.68216 1.67564 1.62635 1.62559 1.62559 1.62559 1.62559 1.62559 1.62559 1.62559 1.62559
1.16491 1.16491 1.16491 1.16491 1.16491 1.20819 1.29547 1.33644 1.40089 1.41136 1.58583 1.85724 1.85508 1.82521 1.79612 1.78849 1.62019 1.63856 1.61821 1.49853 1.37156 1.32726 1.32726 1.32726 1.32726 1.32726 1.32726 1.32726 1.32573 1.23269 1.17937 1.20095 1.35710 1.37555 1.39792 1.40836 1.21625 1.16961 1.21772 1.22755 1.23521 1.24285 1.25060 1.26066 1.26910 1.26961 1.26961 1.26961 1.26961 1.26961 1.30740 1.39748 1.33250 1.48393 1.56067 1.68216 1.68216 1.64328 1.62559 1.62559 1.62559 1.62559 1.62559 1.62559 1.62559 1.62559
1.16491 1.16497 1.18471 1.21984 1.25496 1.31483 1.43990 1.43990 1.43968 1.40284 1.41635 1.80956 1.75184 1.61262 1.42336 1.34623 1.09554 1.13133 1.32726 1.32726 1.32480 1.30652 1.28546 1.26600 1.24947 1.23306 1.21667 1.20029 1.18541 1.14767 1.09850 1.11286 1.35143 1.44138 1.46808 1.47175 1.37544 1.24144 1.26241 1.26961 1.26961 1.26961 1.26961 1.26961 1.26961 1.26961 1.26961 1.26961 1.26057 1.22129 1.18820 1.24098 1.26811 1.40639 1.49501 1.63543 1.64112 1.61605 1.56468 1.55469 1.54460 1.53439 1.52400 1.51358 1.50303 1.49239
1.25653 1.29158 1.30696 1.30696 1.30696 1.30988 1.43541 1.43990 1.43990 1.42136 1.39614 1.39625 1.39550 1.32587 1.23040 1.22326 1.09231 0.992041 1.18704 1.20867 1.19471 1.19659 1.20124 1.20433 1.21195 1.22877 1.24453 1.25801 1.27124 1.27039 1.19305 1.20141 1.31211 1.48400 1.46861 1.44792 1.42201 1.20816 1.22099 1.24189 1.23713 1.23230 1.22746 1.21453 1.16600 1.10948 1.04842 0.982009 0.924852 0.913421 0.905506 0.995808 1.10159 1.18486 1.28742 1.39967 1.48845 1.48810 1.43055 1.42057 1.42057 1.42098 1.42355 1.42873 1.44466 1.46513
1.30696 1.30696 1.30828 1.32185 1.33797 1.34427 1.45109 1.48738 1.48665 1.48346 1.44250 1.40251 1.39062 1.37459 1.33070 1.20481 1.14813 1.01234 1.10565 1.18202 1.19412 1.20605 1.21784 1.22948 1.23468 1.23212 1.23569 1.24354 1.25141 1.25930 1.15228 1.12997 1.13718 1.36846 1.37167 1.33823 1.32846 1.18178 1.12339 1.11795 1.06251 1.00300 0.938704 0.881884 0.876004 0.876004 0.876004 0.876004 0.876004 0.876004 0.876004 0.938207 1.05433 1.13696 1.28570 1.33112 1.49381 1.49940 1.47192 1.44102 1.46132 1.48520 1.50787 1.52851 1.53080 1.53080
1.32599 1.32404 1.32046 1.30307 1.28255 1.27294 1.34552 1.42730 1.46131 1.49854 1.50512 1.42438 1.38804 1.37756 1.35921 1.17558 1.06379 1.10648 1.13107 1.22924 1.23012 1.23069 1.23706 1.24495 1.25283 1.26056 1.26307 1.26307 1.26307 1.26307 1.17104 1.11492 1.11492 1.27704 1.34283 1.27486 1.20592 1.08038 0.870845 0.875685 0.876004 0.876004 0.876004 0.876004 0.876004 0.876004 0.876004 0.876004 0.876004 0.877734 0.908407 0.972756 1.13083 1.27134 1.46048 1.53177 1.56157 1.58378 1.57804 1.45401 1.39522 1.34131 1.27024 1.18854 1.10682 1.02500
1.29502 1.26535 1.28194 1.30610 1.33071 1.34579 1.42453 1.60481 1.59359 1.58054 1.55392 1.40128 1.30314 1.30314 1.30314 1.20351 1.03704 1.08509 1.12619 1.22051 1.25425 1.26156 1.26307 1.26307 1.26307 1.26307 1.26307 1.26307 1.26307 1.26307 1.21044 1.11492 1.11492 1.14227 1.19344 1.17282 1.10972 1.10224 0.879606 0.872854 0.876004 0.876004 0.876004 0.876098 0.899234 0.940289 0.981297 1.02236 1.06341 1.10123 1.11071 1.12153 1.16581 1.23648 1.34606 1.37088 1.30193 1.21379 1.17349 1.02340 0.888736 0.860970 0.850180 0.850180 0.850180 0.850180
1.31335 1.35674 1.34941 1.33170 1.31421 1.31191 1.33815 1.55821 1.55821 1.55821 1.55821 1.47215 1.30319 1.30640 1.31782 1.28711 1.10060 1.10045 1.15569 1.19917 1.26307 1.26307 1.26307 1.26307 1.26307 1.26307 1.26307 1.26307 1.26307 1.26307 1.25150 1.11625 1.11492 1.11946 1.19152 1.18627 1.12247 1.10945 0.969653 0.920307 0.972013 1.00958 1.04598 1.08226 1.09548 1.09083 1.09413 1.10546 1.11227 1.12046 1.15682 1.18972 1.15420 1.15892 1.26265 1.39290 1.36919 1.10305 1.10256 1.06181 0.850180 0.850180 0.850180 0.850180 0.850180 0.850180
1.25062 1.36367 1.36592 1.36592 1.36592 1.36592 1.36597 1.53455 1.55821 1.53744 1.47901 1.43696 1.36254 1.35218 1.35257 1.34909 1.15496 1.08519 1.14701 1.16107 1.25850 1.26307 1.26307 1.26307 1.26307 1.26307 1.26307 1.26307 1.26307 1.26307 1.26307 1.14191 1.11778 1.12263 1.14958 1.13191 1.04552 0.966739 0.982438 1.09403 1.16790 1.20152 1.24300 1.28654 1.32865 1.36962 1.40237 1.42718 1.45524 1.48261 1.48899 1.48899 1.46245 1.39100 1.43506 1.56227 1.55168 1.14502 1.10256 1.10256 0.915813 0.850180 0.850180 0.850180 0.850180 0.850180
1.25489 1.32037 1.36592 1.36592 1.36592 1.34864 1.30455 1.35792 1.35794 1.31950 1.31873 1.31985 1.38270 1.35257 1.35257 1.35257 1.23374 1.08513 1.12488 1.15569 1.22691 1.26307 1.26307 1.26307 1.26981 1.29305 1.31708 1.33170 1.33324 1.33412 1.33503 1.23318 1.14890 1.13792 1.06977 0.968547 1.01561 1.31525 1.34197 1.37662 1.47521 1.48579 1.48899 1.48899 1.48899 1.48899 1.48899 1.48899 1.48899 1.48899 1.48899 1.48899 1.48718 1.39351 1.41406 1.53988 1.56256 1.28849 1.10263 1.10298 1.02199 0.837578 0.833188 0.828631 0.823906 0.818996
1.26806 1.25337 1.30253 1.25814 1.21376 1.18664 1.18631 1.23923 1.31873 1.31873 1.31873 1.31873 1.34317 1.35257 1.35257 1.35257 1.31021 1.13491 1.15586 1.22059 1.26513 1.34373 1.34576 1.34710 1.34100 1.31566 1.28769 1.26895 1.25650 1.24263 1.22878 1.16485 1.03854 1.03123 1.02377 0.919592 0.959032 1.37086 1.38810 1.40129 1.47769 1.49262 1.50502 1.51804 1.53130 1.54484 1.55867 1.57278 1.58720 1.60193 1.61698 1.63237 1.64810 1.58941 1.58112 1.63439 1.64897 1.48365 1.11571 1.11228 1.10330 0.776787 0.738560 0.738560 0.738560 0.738560
1.16928 1.10721 1.17802 1.18631 1.18631 1.18631 1.18572 1.19968 1.28290 1.27768 1.27435 1.27101 1.25997 1.33576 1.34757 1.35023 1.32173 1.24489 1.16922 1.18585 1.16888 1.29270 1.30647 1.29500 1.28333 1.27143 1.25930 1.25320 1.27096 1.29964 1.33584 1.36223 1.28676 1.32529 1.35139 1.25447 1.23327 1.57375 1.73958 1.75167 1.72849 1.74114 1.74159 1.74159 1.74159 1.74159 1.74159 1.74159 1.74159 1.74159 1.74159 1.74159 1.74159 1.70071 1.62413 1.66031 1.66039 1.60226 1.15036 1.11228 1.11228 0.943738 0.738560 0.738560 0.738560 0.738560
1.11150 1.08008 1.07634 1.11420 1.11170 1.10920 1.10729 1.12074 1.23987 1.24367 1.23657 1.19137 1.14535 1.21015 1.24419 1.21911 1.22082 1.22955 1.19325 1.16206 1.11343 1.21253 1.32599 1.34031 1.35415 1.37757 1.40522 1.42876 1.44452 1.45236 1.45236 1.45236 1.45236 1.45236 1.45236 1.37655 1.28987 1.48531 1.80344 1.79974 1.75263 1.74159 1.74159 1.74159 1.74159 1.74159 1.74159 1.74159 1.74159 1.74159 1.74159 1.74159 1.74159 1.72953 1.60274 1.61859 1.61378 1.60034 1.22708 1.21705 1.28093 1.28414 0.775785 0.822689 0.874564 0.929438
1.07566 1.06394 0.996839 1.03786 1.02634 1.00377 0.969608 0.938741 0.942757 0.962340 1.08229 1.09983 1.11963 1.15915 1.28392 1.28604 1.28604 1.29209 1.23332 1.21154 1.16558 1.24756 1.41600 1.43191 1.44708 1.45236 1.45236 1.45236 1.45236 1.45236 1.45236 1.45236 1.45236 1.45236 1.45236 1.42739 1.28987 1.33885 1.80244 1.79974 1.77277 1.74159 1.74159 1.74159 1.74159 1.74159 1.74159 1.73819 1.72516 1.71151 1.69788 1.68425 1.67063 1.67589 1.64194 1.68644 1.76822 1.82688 1.65175 1.61934 1.67869 1.72688 1.45549 1.30880 1.32959 1.34742
0.995881 0.986597 0.926846 0.930440 0.931419 0.940372 0.957746 0.974870 1.00230 1.01626 1.13914 1.15531 1.15531 1.15531 1.25019 1.28604 1.28822 1.30378 1.28425 1.27762 1.20974 1.26858 1.40447 1.45236 1.45236 1.45236 1.45236 1.45236 1.45236 1.45236 1.45236 1.45236 1.45236 1.45236 1.45236 1.45236 1.31575 1.29010 1.70267 1.79993 1.79471 1.74116 1.72805 1.71443 1.70267 1.70617 1.71327 1.72435 1.74670 1.78385 1.85313 1.92042 1.96590 1.99069 1.87729 1.76228 1.93133 1.92295 1.82918 1.71607 1.79527 1.79527 1.69027 1.34968 1.34968 1.34968
0.805222 0.761158 0.851081 1.01923 1.01401 1.01485 1.01570 1.01593 1.01593 1.01593 1.09846 1.15531 1.16087 1.18678 1.24742 1.33549 1.34871 1.35039 1.33457 1.29530 1.23277 1.25972 1.33486 1.45236 1.45236 1.45236 1.45236 1.45236 1.45236 1.45236 1.45236 1.45236 1.45236 1.45236 1.45236 1.45217 1.35094 1.26954 1.51430 1.72641 1.69971 1.75395 1.80640 1.81561 1.81504 1.79400 1.78412 1.77416 1.76427 1.73997 1.68343 1.63298 1.60870 1.58676 1.56494 1.49157 1.72642 1.78957 1.78224 1.66266 1.79527 1.79527 1.79082 1.41931 1.34968 1.34968
0.771058 0.751670 0.765936 1.01628 1.01609 1.01593 1.01593 1.01593 1.02123 1.04314 1.11483 1.24343 1.26560 1.26742 1.26819 1.33936 1.35039 1.35039 1.35001 1.29530 1.27979 1.22797 1.27863 1.44565 1.45236 1.45236 1.45236 1.45236 1.43639 1.40383 1.36453 1.31070 1.26104 1.21473 1.17140 1.13074 1.13942 1.26702 1.34157 1.54677 1.44929 1.46605 1.53424 1.54332 1.56000 1.57572 1.57572 1.57572 1.57572 1.57572 1.57572 1.57572 1.57572 1.57572 1.57572 1.50589 1.62699 1.78957 1.78957 1.67332 1.76944 1.79527 1.79527 1.61993 1.34968 1.34968
0.782160 0.751774 0.751670 0.935764 1.02523 1.04413 1.06725 1.09035 1.10816 1.10936 1.12273 1.26693 1.26742 1.26742 1.26742 1.30494 1.35039 1.35039 1.35315 1.30742 1.27581 1.17415 1.20076 1.27823 1.30850 1.26155 1.21319 1.16788 1.13947 1.12704 1.11885 1.11293 1.09840 1.08362 1.06884 1.05405 1.04005 1.14849 1.16430 1.34686 1.40130 1.46777 1.56779 1.57572 1.57572 1.57572 1.57556 1.57238 1.56818 1.56411 1.56017 1.55632 1.55257 1.54894 1.54540 1.50430 1.50289 1.77304 1.78957 1.72050 1.70300 1.79527 1.79527 1.76444 1.36212 1.34968
0.792907 0.787990 0.803978 0.915110 1.11601 1.10936 1.10936 1.10936 1.10936 1.10936 1.10964 1.24402 1.28601 1.29448 1.30297 1.31711 1.39956 1.41132 1.41976 1.18974 1.08741 1.05736 1.13938 1.16516 1.12045 1.10401 1.08923 1.07444 1.05966 1.04487 1.03004 1.01294 0.995806 0.979538 0.974034 0.959154 0.943791 0.997350 1.03751 1.18484 1.31644 1.43811 1.49127 1.52638 1.52340 1.52051 1.51779 1.51706 1.51706 1.51706 1.51706 1.51706 1.51706 1.51706 1.51706 1.50458 1.45645 1.68863 1.78957 1.76287 1.64791 1.79524 1.79527 1.79527 1.53915 1.34968
0.878015 0.870330 0.861339 0.879029 1.13866 1.15198 1.15826 1.16529 1.17233 1.17936 1.18611 1.27557 1.35815 1.35893 1.38521 1.42444 1.51668 1.59426 1.63707 1.48361 1.16201 1.12219 1.06703 1.08705 1.00113 0.978937 0.962248 0.945249 0.928186 0.911216 0.893582 0.885303 0.885763 0.885894 0.926019 0.930296 0.930296 0.959566 1.05016 1.13524 1.26643 1.40794 1.44861 1.51706 1.51706 1.51706 1.51706 1.51706 1.51706 1.51706 1.51706 1.51706 1.51706 1.51706 1.51706 1.52020 1.46480 1.59905 1.84115 1.86848 1.75245 1.79792 1.81104 1.82205 1.74213 1.34842
0.835288 0.858518 0.933984 0.939097 1.11624 1.22067 1.22335 1.23070 1.24337 1.27749 1.31593 1.37682 1.44699 1.47522 1.47524 1.46233 1.47129 1.54614 1.54381 1.49822 1.06920 1.05849 0.957139 0.925280 0.900272 0.884094 0.884759 0.885424 0.885778 0.885778 0.885778 0.885778 0.885778 0.885778 0.914475 0.930296 0.930296 0.932753 1.04205 1.07332 1.26890 1.34141 1.42872 1.50475 1.51706 1.51706 1.51706 1.51706 1.51706 1.51706 1.51793 1.56977 1.73550 1.90176 2.06216 1.92545 1.55880 1.55752 1.92976 1.91888 1.80105 1.69696 1.65711 1.61112 1.56360 1.00542
0.808938 0.874427 0.995653 1.03199 1.13179 1.35261 1.38696 1.41692 1.44268 1.43688 1.42714 1.41898 1.43952 1.44010 1.44010 1.44010 1.44010 1.51847 1.54381 1.54386 1.17279 1.06032 1.00222 0.928320 0.919244 0.885778 0.885778 0.885778 0.885778 0.885778 0.885778 0.885778 0.885778 0.885778 0.902825 0.930296 0.930296 0.930296 1.00380 1.05016 1.23413 1.27800 1.42363 1.47285 1.51721 1.52628 1.54134 1.57962 1.73864 1.88601 2.01769 2.08478 2.05803 2.03185 2.00728 1.95827 1.47751 1.42941 1.68072 1.78212 1.72612 1.46533 1.45913 1.45913 1.45913 1.22284
0.903000 1.00763 1.14017 1.24944 1.28144 1.27671 1.28728 1.28773 1.28453 1.28121 1.38945 1.41656 1.43427 1.44010 1.44010 1.44752 1.51163 1.58142 1.54682 1.54776 1.32441 1.06266 1.05126 0.931011 0.928609 0.892394 0.885778 0.885778 0.885778 0.885778 0.885778 0.885778 0.885778 0.885778 0.891173 0.930287 0.930296 0.930296 0.966689 1.05429 1.19049 1.28703 1.40223 1.48565 1.62001 1.75196 1.85979 1.95731 1.98851 2.03713 2.08763 2.13815 2.18783 2.23320 2.27830 2.31505 2.10026 1.89702 2.05850 2.23724 2.18881 1.46731 1.45913 1.45913 1.45913 1.42707
1.08784 1.11757 1.16849 1.27094 1.27094 1.25557 1.24799 1.25533 1.25533 1.25533 1.34878 1.42543 1.50279 1.59080 1.66672 1.73518 1.74697 1.74365 1.56978 1.54798 1.47211 1.06328 1.06266 0.962120 0.928609 0.907334 0.885778 0.885778 0.885778 0.885778 0.885778 0.885939 0.889185 0.894096 0.904153 0.957354 0.996127 1.03808 1.08573 1.13637 1.33065 1.71921 1.92271 2.18676 2.26042 2.31107 2.36136 2.39356 2.40484 2.40490 2.40490 2.40490 2.40490 2.40490 2.40490 2.40490 2.34399 1.94727 1.97918 2.23694 2.23724 1.66021 1.45913 1.45913 1.45913 1.45913
1.08784 1.10044 1.14581 1.25329 1.27094 1.26505 1.24376 1.26364 1.31778 1.37849 1.51437 1.71345 1.72854 1.74697 1.74697 1.74697 1.74697 1.74697 1.65087 1.54798 1.54741 1.13627 1.06266 1.00698 0.933190 0.945204 0.931980 0.958708 0.990750 1.02935 1.07037 1.11408 1.15711 1.20037 1.23352 1.30893 1.42519 1.59575 1.75103 1.89817 2.00924 2.34876 2.39903 2.41430 2.40490 2.40490 2.40490 2.40490 2.40490 2.40490 2.40490 2.40490 2.40771 2.41855 2.43005 2.44178 2.45376 2.14645 1.98447 2.20669 2.23724 1.89436 1.45913 1.45913 1.45913 1.45913
1.08784 1.08831 1.14072 1.22014 1.31744 1.36071 1.39885 1.47754 1.50082 1.50082 1.53765 1.72343 1.72373 1.74549 1.74693 1.74391 1.72601 1.70165 1.66007 1.45952 1.42968 1.35911 1.38883 1.41527 1.25606 1.26630 1.24189 1.25571 1.27790 1.29769 1.31747 1.33726 1.39773 1.56517 1.72173 1.87669 2.03174 2.09400 2.15699 2.21753 2.23848 2.46893 2.55524 2.54304 2.51532 2.52887 2.54273 2.55690 2.57138 2.58623 2.60140 2.61692 2.62877 2.62939 2.62939 2.62939 2.62939 2.51081 2.09060 2.15796 2.23724 2.09358 1.45913 1.45913 1.45913 1.45913
