results/OMI_NO2_200712.asc
ncols      200
nrows      200
xllcorner       120.258
yllcorner       41.1236
cellsize     0.0166667
NODATA_Value      -999.000
[rows 0 to 28 of 164, columns 64 to 127 of 200]
0.544017 0.544017 0.544017 0.575621 0.777247 0.00000 0.00000 0.00000 0.00000 0.00000 0.00000 0.00000 0.00000 0.00000 0.00000 0.00000 0.00000 0.00000 0.00000 0.00000 0.00000 0.00000 1.05476 1.05476 1.05476 1.05476 1.05476 1.05476 1.05476 1.05476 1.05476 1.05476 1.05476 1.05476 1.05476 1.05476 1.05476 1.05476 1.05476 1.05476 1.05476 1.05476 0.00000 0.00000 0.00000 0.00000 0.00000 0.00000 0.00000 0.00000 0.00000 0.00000 0.00000 0.00000 0.00000 0.00000 0.00000 0.00000 0.00000 0.00000 0.00000 0.00000 0.00000 0.00000
0.544017 0.544017 0.544017 0.549287 0.720828 0.00000 0.00000 0.00000 0.00000 0.00000 0.00000 0.00000 0.00000 0.00000 0.00000 0.00000 0.00000 0.00000 0.00000 0.00000 0.00000 0.00000 1.05476 1.05476 1.05476 1.05476 1.05476 1.05476 1.05476 1.05476 1.05476 1.05476 1.05476 1.05476 1.05476 1.05476 1.05476 1.05476 1.05476 1.05476 1.05476 1.05476 0.00000 0.00000 0.00000 0.00000 0.00000 0.00000 0.00000 0.00000 0.00000 0.00000 0.00000 0.00000 0.00000 0.00000 0.00000 0.00000 0.00000 1.01331 1.01331 0.00000 0.00000 0.00000
0.544017 0.544017 0.544017 0.544017 0.624245 0.00000 0.00000 0.00000 0.00000 0.00000 0.00000 0.00000 0.00000 0.00000 0.00000 0.00000 0.00000 0.00000 0.00000 0.00000 0.00000 0.00000 0.00000 1.05476 1.05476 1.05476 1.05476 1.05476 1.05476 1.05476 1.05476 1.05476 1.05476 1.05476 1.05476 1.05476 1.05476 1.05476 1.05476 1.05476 1.05476 1.05476 1.05476 0.00000 0.00000 0.00000 0.00000 0.168925 0.168925 0.168925 0.00000 0.00000 0.00000 1.01331 1.01331 1.01331 1.01331 1.01331 1.01331 1.01331 1.01331 0.00000 0.00000 0.00000
0.542330 0.520978 0.493989 0.467014 0.462931 0.464865 0.00000 0.00000 0.00000 0.00000 0.00000 0.00000 0.00000 0.00000 0.00000 0.00000 0.00000 0.00000 0.00000 0.00000 0.00000 0.00000 0.00000 1.05476 1.05476 1.05476 1.05476 1.05476 1.05476 1.05476 1.05476 1.05476 1.05476 1.05476 1.05476 1.05476 1.05476 1.05476 1.05476 1.05476 1.05476 1.05476 1.02118 0.168925 0.168925 0.168925 0.181609 0.274361 0.363081 0.530168 1.01331 1.01331 1.01331 1.01331 1.01331 1.01331 1.01331 1.01331 1.01331 1.01331 1.01331 1.01331 0.00000 0.00000
0.419874 0.420984 0.431104 0.443270 0.458145 0.464865 0.00000 0.00000 0.00000 0.00000 0.00000 0.00000 0.00000 0.00000 0.00000 0.00000 0.00000 0.00000 0.00000 0.00000 0.00000 0.00000 0.00000 1.05476 1.05476 1.05476 1.05476 1.05476 1.05476 1.05476 1.05476 1.05476 1.05476 1.05476 1.05476 1.05476 1.05476 1.05476 0.972699 0.840422 0.730322 0.609769 0.475731 0.455774 0.508112 0.551441 0.585186 0.591115 0.591115 0.599577 0.960136 1.01331 1.01331 1.01331 1.01331 1.01331 1.01331 1.01331 1.01331 1.01331 1.01331 1.01331 0.00000 0.00000
0.464865 0.464865 0.464865 0.464865 0.464865 0.464865 0.00000 0.00000 0.00000 0.00000 0.00000 0.00000 0.00000 0.00000 0.00000 0.00000 0.00000 0.00000 0.00000 0.00000 0.00000 0.00000 0.00000 0.00000 1.05476 1.05476 1.05476 1.05476 1.05476 1.05476 1.05476 1.05476 1.05476 1.02406 0.856328 0.689338 0.565605 0.470367 0.406346 0.359662 0.324673 0.322678 0.325308 0.562254 0.591115 0.591115 0.591115 0.591115 0.591115 0.591115 0.752665 1.01331 1.01331 1.01331 1.01331 1.01331 1.01331 1.01331 1.01331 1.01331 1.01331 1.01331 0.00000 0.00000
0.464865 0.464865 0.464865 0.464865 0.464865 0.464865 0.464865 0.00000 0.00000 0.00000 0.00000 0.00000 0.00000 0.00000 0.00000 0.00000 0.00000 0.00000 0.00000 0.00000 0.00000 0.00000 0.00000 0.00000 1.05476 1.05476 1.05476 1.05436 0.996175 0.810963 0.640351 0.516660 0.422765 0.352409 0.322880 0.322678 0.322678 0.322678 0.322678 0.322678 0.322678 0.322678 0.322678 0.467151 0.591115 0.591115 0.591115 0.591115 0.591115 0.591115 0.623210 1.00777 1.01331 1.01331 1.01331 1.01331 1.01331 1.01331 1.01331 1.01331 1.01331 1.01331 1.01331 0.00000
0.464865 0.464865 0.464865 0.464865 0.464865 0.464865 0.464865 0.00000 0.00000 0.00000 0.00000 0.00000 0.00000 0.00000 0.00000 0.00000 0.00000 0.00000 0.00000 0.00000 0.00000 0.00000 0.00000 0.00000 0.00000 0.724086 0.607481 0.514543 0.422475 0.322678 0.322678 0.322678 0.322678 0.322678 0.322678 0.322678 0.322678 0.322678 0.322678 0.322678 0.322678 0.322678 0.322678 0.369364 0.591088 0.591115 0.591115 0.591115 0.591115 0.591115 0.591115 0.826542 1.01331 1.01331 1.01331 1.01331 1.01331 1.01331 1.01331 1.01331 0.921409 0.788835 0.398963 0.0897675
0.464865 0.464865 0.464865 0.464865 0.464865 0.464865 0.464865 0.464865 0.00000 0.00000 0.00000 0.00000 0.00000 0.00000 0.00000 0.00000 0.00000 0.00000 0.00000 0.00000 0.00000 0.00000 0.00000 0.00000 0.00000 0.476431 0.476431 0.476431 0.476431 0.340266 0.322678 0.322678 0.322678 0.322678 0.322678 0.322678 0.322678 0.322678 0.322678 0.322678 0.322678 0.322678 0.322678 0.322678 0.540112 0.591115 0.591115 0.591115 0.591115 0.591115 0.591115 0.664832 1.01331 1.01331 1.01331 0.958081 0.817593 0.713990 0.636369 0.575840 0.551537 0.551537 0.445568 0.0897675
0.464865 0.464865 0.464865 0.464865 0.464865 0.464865 0.464865 0.464865 0.00000 0.00000 0.00000 0.00000 0.00000 0.00000 0.00000 0.00000 0.00000 0.00000 0.00000 0.00000 0.00000 0.00000 0.00000 0.00000 0.00000 0.476431 0.476431 0.476431 0.476431 0.393333 0.322678 0.322678 0.322678 0.322678 0.322678 0.322678 0.322678 0.322678 0.322678 0.322678 0.322678 0.322678 0.322678 0.322678 0.442267 0.591115 0.591115 0.591115 0.591115 0.591115 0.591021 0.592249 0.724851 0.653622 0.589517 0.552740 0.543099 0.486849 0.423018 0.359186 0.295436 0.231564 0.167338 0.0937331
0.464865 0.464865 0.464865 0.464865 0.441725 0.387763 0.333676 0.267579 0.00000 0.00000 0.00000 0.00000 0.00000 0.00000 0.00000 0.00000 0.00000 0.00000 0.00000 0.00000 0.00000 0.00000 0.00000 0.00000 0.00000 0.00000 0.476431 0.476431 0.476431 0.467620 0.329368 0.322678 0.322678 0.322678 0.322678 0.322678 0.322678 0.322678 0.322678 0.322678 0.322678 0.322678 0.322678 0.322678 0.348314 0.587382 0.590639 0.589804 0.588970 0.588135 0.561388 0.497768 0.417590 0.334404 0.270613 0.206822 0.151429 0.143929 0.143929 0.143929 0.143929 0.143929 0.143929 0.117517
0.344775 0.290625 0.236601 0.182388 0.151472 0.151315 0.151315 0.151315 0.151315 0.00000 0.00000 0.00000 0.00000 0.00000 0.00000 0.00000 0.00000 0.00000 0.00000 0.00000 0.00000 0.00000 0.00000 0.00000 0.00000 0.00000 0.476431 0.476431 0.476431 0.476431 0.370992 0.322678 0.322678 0.322678 0.322678 0.322678 0.322678 0.322678 0.322678 0.322678 0.322678 0.322493 0.321705 0.319980 0.296471 0.418125 0.409236 0.345364 0.281614 0.217783 0.179956 0.179671 0.176991 0.145136 0.143929 0.143929 0.143929 0.143929 0.143929 0.143929 0.143929 0.143929 0.143929 0.134483
0.151315 0.151315 0.151315 0.151315 0.151315 0.151315 0.151315 0.151315 0.151315 0.00000 0.00000 0.00000 0.00000 0.00000 0.00000 0.00000 0.00000 0.00000 0.00000 0.00000 0.00000 0.00000 0.00000 0.00000 0.00000 0.00000 0.476431 0.476431 0.476431 0.476431 0.445260 0.323879 0.322678 0.322678 0.322678 0.322678 0.322649 0.319257 0.291895 0.259121 0.226308 0.193700 0.161695 0.130625 0.121322 0.141910 0.179671 0.179671 0.179671 0.179671 0.179671 0.179671 0.179671 0.157417 0.143929 0.143929 0.143929 0.143929 0.143929 0.145495 0.169150 0.197944 0.224167 0.248560
0.151315 0.151315 0.151315 0.151315 0.151315 0.151315 0.151315 0.151315 0.151315 0.00000 0.00000 0.00000 0.00000 0.00000 0.00000 0.00000 0.00000 0.00000 0.00000 0.00000 0.00000 0.00000 0.00000 0.00000 0.00000 0.00000 0.00000 0.476431 0.476431 0.476431 0.476431 0.345930 0.287310 0.254506 0.221712 0.188939 0.156174 0.126734 0.121322 0.121322 0.121322 0.121322 0.121322 0.121322 0.121322 0.123644 0.176660 0.179671 0.179671 0.181521 0.204741 0.231775 0.256547 0.272950 0.271184 0.291447 0.310282 0.327783 0.343978 0.358505 0.361993 0.361993 0.361993 0.361993
0.151315 0.151315 0.151315 0.151315 0.151315 0.151315 0.151315 0.151315 0.151315 0.151315 0.00000 0.00000 0.00000 0.00000 0.00000 0.00000 0.00000 0.00000 0.00000 0.00000 0.00000 0.00000 0.00000 0.00000 0.00000 0.00000 0.00000 0.491946 0.442120 0.546314 0.622398 0.537860 0.121330 0.121322 0.121322 0.121322 0.121322 0.121322 0.121322 0.121322 0.121322 0.121322 0.121322 0.121322 0.121322 0.121322 0.171121 0.353177 0.369386 0.382915 0.385821 0.385821 0.385821 0.385821 0.367108 0.361993 0.361993 0.361993 0.361993 0.361993 0.361993 0.361993 0.361993 0.363201
0.151315 0.151315 0.151315 0.151315 0.151315 0.151315 0.151315 0.151315 0.151315 0.151315 0.00000 0.00000 0.00000 0.00000 0.00000 0.00000 0.00000 0.00000 0.00000 0.00000 0.00000 0.00000 0.00000 1.38361 1.38361 1.38361 1.38361 1.38361 0.814208 0.732499 0.732499 0.731583 0.229708 0.121322 0.121322 0.121322 0.121322 0.121322 0.121322 0.121322 0.121322 0.121322 0.121322 0.121322 0.121322 0.121322 0.136431 0.353992 0.385821 0.385821 0.385821 0.385821 0.385821 0.385821 0.377095 0.361993 0.361993 0.361993 0.362525 0.366448 0.370985 0.375514 0.380045 0.383372
0.151315 0.151315 0.151315 0.151315 0.151315 0.151315 0.151315 0.151315 0.151315 0.151315 0.151315 0.00000 0.00000 0.00000 0.00000 0.00000 0.00000 0.00000 1.38361 1.38361 1.38361 1.38361 1.38361 1.38361 1.38361 1.38361 1.38361 1.38361 1.00613 0.732499 0.732499 0.732499 0.488538 0.121322 0.121322 0.121322 0.121322 0.121322 0.121322 0.121322 0.121322 0.121322 0.121322 0.121322 0.121322 0.121322 0.121789 0.293548 0.385821 0.385821 0.385821 0.385821 0.385821 0.387742 0.457511 0.397422 0.374402 0.378933 0.382936 0.383562 0.389188 0.400029 0.412175 0.425885
0.151315 0.151315 0.151315 0.151315 0.151315 0.151315 0.151315 0.150547 0.146049 0.141060 0.132984 0.00000 0.00000 0.00000 1.38361 1.38361 1.38361 1.38361 1.38361 1.38361 1.38361 1.38361 1.38361 1.38361 1.38361 1.38361 1.38361 1.38361 1.30104 0.741912 0.732499 0.732499 0.707496 0.162149 0.121322 0.121322 0.121322 0.121322 0.121322 0.121322 0.121322 0.121322 0.121322 0.121322 0.121322 0.121322 0.121322 0.202857 0.385821 0.418487 0.520662 0.625144 0.729674 0.835805 0.901557 0.656660 0.417425 0.431818 0.448233 0.467141 0.476261 0.476261 0.476261 0.476261
0.151315 0.151027 0.147123 0.142137 0.137142 0.132150 0.127163 0.122939 0.122442 0.122442 0.312599 1.38361 1.38361 1.38361 1.38361 1.38361 1.38361 1.38361 1.38361 1.38361 1.38361 1.38361 1.38361 1.38361 1.38361 1.38361 1.38361 1.38361 1.38361 0.860975 0.732499 0.732499 0.732499 0.396888 0.121322 0.121322 0.121322 0.121322 0.121322 0.121322 0.121322 0.121322 0.121322 0.121322 0.133067 0.260607 0.417257 0.597950 0.839487 0.957324 1.00811 1.06273 1.12520 1.18915 1.20025 1.10977 0.483936 0.476261 0.476261 0.476261 0.476261 0.476261 0.476261 0.476261
0.128237 0.123528 0.122442 0.122442 0.122442 0.122442 0.122442 0.122442 0.122442 0.122442 0.500123 1.31379 1.38361 1.38361 1.38361 1.38361 1.38361 1.38361 1.38361 1.38361 1.38361 1.38361 1.38361 1.38361 1.38361 1.38361 1.38361 1.38361 1.38361 1.08202 0.732499 0.732499 0.732499 0.651115 0.127006 0.121322 0.121322 0.121322 0.121322 0.121322 0.197269 0.365708 0.570449 0.816519 1.10219 1.27883 1.45375 1.59889 1.31520 1.20025 1.20025 1.20025 1.20025 1.20025 1.20025 1.20025 0.695268 0.476261 0.476261 0.476261 0.476261 0.476261 0.476261 0.475907
0.122442 0.122442 0.122442 0.122442 0.122442 0.122442 0.122442 0.122442 0.122442 0.122442 0.176982 1.00924 1.38361 1.38361 1.38361 1.38361 1.38361 1.38361 1.38361 1.38361 1.38361 1.38361 1.38361 1.38361 1.38361 1.38361 1.38361 1.38361 1.38361 1.35983 0.761755 0.732499 0.732499 0.732499 0.305494 0.151738 0.323759 0.548875 0.826175 1.17527 1.48867 1.60238 1.60238 1.60238 1.60238 1.60238 1.60238 1.60238 1.44240 1.20025 1.20025 1.20025 1.20025 1.20081 1.21568 1.23833 1.02838 0.402473 0.376618 0.347337 0.313393 0.273920 0.227650 0.173878
0.122442 0.122442 0.124086 0.138296 0.153482 0.167173 0.179501 0.190712 0.200937 0.210284 0.218875 0.584695 1.02644 1.00470 0.984431 1.03034 1.38361 1.38361 1.38361 1.38361 1.38361 1.38361 1.38361 1.38361 1.38361 1.38361 1.38361 1.38361 1.38361 1.38361 1.00199 0.826439 0.712636 0.568437 0.600864 1.57514 1.60238 1.60238 1.60238 1.60238 1.60238 1.60238 1.60238 1.60238 1.60238 1.60238 1.60238 1.60238 1.59088 1.36414 1.40511 1.45412 1.51238 1.57986 1.60238 1.60238 1.59326 0.360160 0.154402 0.154402 0.154402 0.154402 0.154402 0.154402
0.262837 0.267756 0.271973 0.272682 0.272682 0.272682 0.272682 0.272682 0.272682 0.272682 0.272682 0.342035 0.848180 0.903265 0.903265 0.911820 1.35526 1.38361 1.38361 1.38361 1.38361 1.38361 1.38361 1.38361 1.38361 1.38361 1.34755 1.10318 0.825969 0.548261 0.271417 0.148801 0.148801 0.148801 0.155923 1.38184 1.60238 1.60238 1.60238 1.60238 1.60238 1.60238 1.60238 1.60238 1.60238 1.60238 1.60238 1.60238 1.60238 1.60238 1.60238 1.60238 1.60238 1.60238 1.60238 1.60238 1.60238 0.954409 0.154402 0.154402 0.154402 0.154402 0.154402 0.154402
0.272682 0.272682 0.272682 0.272682 0.272682 0.272682 0.272682 0.272682 0.272682 0.272682 0.272682 0.272682 0.654453 0.903265 0.903265 0.903265 1.18707 1.38361 1.38361 1.38361 1.38361 1.38361 1.25556 0.978180 0.700883 0.423298 0.182017 0.148801 0.148801 0.148801 0.148801 0.148801 0.148801 0.148801 0.148801 0.776578 1.60238 1.60238 1.60238 1.60238 1.60238 1.60238 1.60238 1.60238 1.60238 1.60238 1.60238 1.60238 1.60238 1.60238 1.60238 1.60238 1.60238 1.60238 1.60238 1.60238 1.60238 1.49401 0.176213 0.154402 0.154402 0.154402 0.00000 0.00000
0.272682 0.272682 0.272682 0.272682 0.272682 0.272682 0.272682 0.272682 0.272682 0.272682 0.272637 0.269559 0.410126 0.900261 0.903265 0.903265 1.05545 1.36002 1.13072 0.853135 0.575673 0.298336 0.149048 0.148801 0.148801 0.148801 0.148801 0.148801 0.148801 0.148801 0.148801 0.148801 0.148801 0.148801 0.148801 0.233237 1.53306 1.60238 1.60238 1.60238 1.60238 1.60238 1.60238 1.60238 1.60238 1.60238 1.60238 1.60238 1.60238 1.60238 1.60238 1.60238 1.60238 1.60238 1.60238 1.60238 1.60238 1.60238 0.00000 0.00000 0.00000 0.00000 0.00000 0.00000
0.272682 0.272682 0.272682 0.272682 0.272682 0.270658 0.265786 0.260858 0.255071 0.249438 0.244422 0.242861 0.245979 0.714714 0.714216 0.575547 0.438530 0.196835 0.148801 0.148801 0.148801 0.148801 0.148801 0.148801 0.148801 0.148801 0.148801 0.148801 0.148801 0.148801 0.148801 0.148801 0.148801 0.148801 0.148801 0.148801 1.00493 1.60238 1.60238 1.60238 1.60238 1.60238 1.60238 1.60238 1.60238 1.60238 1.60238 1.60238 1.60238 1.60238 1.60238 1.60238 1.60238 0.00000 0.00000 0.00000 0.00000 0.00000 0.00000 0.00000 0.00000 0.00000 0.00000 0.00000
0.264723 0.258716 0.253307 0.248415 0.243966 0.241383 0.241020 0.240704 0.240608 0.240608 0.240608 0.240732 0.244259 0.257821 0.285862 0.285862 0.284833 0.163632 0.148801 0.148801 0.148801 0.148801 0.148801 0.148801 0.148801 0.148801 0.148801 0.148801 0.148801 0.148801 0.148801 0.148801 0.148801 0.148801 0.148801 0.148801 0.395690 1.59918 1.60238 1.60238 1.60238 1.60238 1.60238 1.60238 1.58804 1.47627 1.32855 1.15309 1.06781 1.06781 1.06781 0.00000 0.00000 0.00000 0.00000 0.00000 0.00000 0.00000 0.00000 0.00000 0.00000 0.00000 0.00000 0.00000
0.240608 0.240608 0.240608 0.240608 0.240608 0.240608 0.240608 0.240608 0.240608 0.240608 0.240608 0.240608 0.242932 0.246472 0.285166 0.285862 0.285862 0.212707 0.148801 0.148801 0.148801 0.148801 0.148801 0.148801 0.148801 0.148801 0.148801 0.148801 0.148801 0.148801 0.148801 0.148801 0.148801 0.148801 0.148801 0.148801 0.148801 1.23335 1.58290 1.50236 1.40706 1.30012 1.17938 1.07486 1.06781 1.06781 1.06781 1.06781 1.06781 1.06781 1.06781 1.06781 0.00000 0.00000 0.00000 0.00000 0.00000 0.00000 0.00000 0.00000 0.00000 0.00000 0.00000 0.00000
0.240608 0.240608 0.240608 0.240608 0.240608 0.240608 0.240608 0.240608 0.240318 0.239603 0.238885 0.238165 0.238102 0.238624 0.268228 0.277888 0.276809 0.239964 0.148801 0.148801 0.148801 0.148801 0.148801 0.148801 0.148801 0.148801 0.148801 0.148801 0.148801 0.148801 0.148801 0.148801 0.148801 0.299280 0.453346 0.667840 0.845412 1.05124 1.09663 1.06781 1.06781 1.06781 1.06781 1.06781 1.06781 1.06781 1.06781 1.06781 1.06781 1.06781 1.06781 1.06781 0.00000 0.00000 0.00000 0.00000 0.00000 0.00000 0.00000 0.00000 0.00000 0.00000 0.00000 0.00000
