results/OMI_NO2_200805.asc
ncols      200
nrows      200
xllcorner       120.258
yllcorner       41.1236
cellsize     0.0166667
NODATA_Value      -999.000
[rows 29 to 57 of 200, columns 0 to 66 of 200]
0.960265 0.942309 0.952106 0.966110 0.975717 1.00676 1.02158 1.03052 1.04751 1.07399 1.15284 1.11997 1.04884 1.05443 1.03660 0.996472 0.973570 0.995302 1.01522 1.09315 1.23853 1.23091 1.15263 1.13864 1.12341 1.10769 1.10471 1.10133 1.09648 1.08957 1.10455 1.12167 1.15167 1.15405 1.15357 1.18287 1.19608 1.19836 1.22489 1.23487 1.23808 1.25798 1.13220 1.08526 1.04482 1.02859 1.02767 1.02673 0.968892 0.934764 0.952042 1.01669 1.07196 1.12885 1.60343 1.65125 1.67083 1.67568 1.66653 1.65901 1.65627 1.65667 1.65340 1.65624 1.66399 1.64032 1.76192
1.05538 1.03344 1.01788 1.02248 1.02957 1.06316 1.10271 1.12858 1.14649 1.15543 1.17792 1.20565 1.07090 1.06764 1.05833 1.02241 0.980133 0.990228 1.00722 1.03510 1.18620 1.16638 1.08864 1.05257 1.04661 1.04252 1.03971 1.03941 1.03916 1.03698 1.05825 1.08759 1.14103 1.15173 1.16285 1.17890 1.18673 1.17771 1.17880 1.18939 1.18201 1.19502 1.13132 1.06772 1.04707 1.01990 1.01990 1.03662 1.06306 1.05461 1.11725 1.18238 1.20781 1.22149 1.52042 1.72176 1.70909 1.74420 1.71416 1.71294 1.70592 1.69544 1.68944 1.68941 1.68941 1.65936 1.71362
1.11298 1.10568 1.08369 1.11135 1.13272 1.13969 1.11940 1.11567 1.11195 1.10826 1.10366 1.14350 1.06321 1.03830 1.05135 1.02965 0.972305 0.955646 0.963907 0.987344 1.09287 1.10598 1.08188 1.01792 1.02177 1.02562 1.02837 1.03427 1.04404 1.05171 1.07246 1.12181 1.17109 1.17738 1.16622 1.15628 1.14900 1.14695 1.14863 1.17850 1.17981 1.18468 1.17107 1.09016 1.11177 1.12533 1.16866 1.19957 1.18930 1.20797 1.22472 1.26071 1.25722 1.22275 1.32089 1.67550 1.66657 1.70652 1.69555 1.69096 1.68098 1.67101 1.66121 1.67141 1.69973 1.71979 1.73934
1.23856 1.20577 1.16119 1.14357 1.14357 1.14107 1.09188 1.09161 1.09444 1.09724 1.10151 1.13369 1.12845 1.05271 1.03666 1.02350 0.978645 0.944545 0.962003 0.988081 1.07734 1.11798 1.12747 1.05961 1.05430 1.06493 1.07580 1.07851 1.07405 1.05720 1.03463 1.06682 1.08751 1.12237 1.11928 1.11623 1.10949 1.09876 1.08804 1.09863 1.09943 1.08870 1.08849 1.12204 1.16536 1.13860 1.11787 1.11845 1.12814 1.18537 1.22688 1.20190 1.13926 1.15365 1.18000 1.66452 1.76774 1.77963 1.70396 1.73224 1.77081 1.81320 1.85655 1.87987 1.88513 1.88653 1.83317
1.26344 1.19928 1.16895 1.15749 1.16056 1.16567 1.13568 1.11996 1.11996 1.11996 1.11996 1.11996 1.11792 1.04234 1.03417 1.04295 1.04723 1.03114 1.08058 1.11265 1.09516 1.21037 1.18978 1.14201 1.07384 1.06323 1.05084 1.04001 1.03293 1.02386 0.968927 0.982258 0.987203 1.03519 1.02462 1.00711 0.993212 0.983342 0.973485 0.973030 0.987781 0.980996 0.981709 1.07868 1.24412 1.23771 1.21814 1.24108 1.25824 1.29727 1.37288 1.38342 1.31341 1.29736 1.32233 1.65818 1.91486 1.96920 1.88432 1.84406 1.79159 1.73392 1.67361 1.61211 1.54888 1.48234 1.35624
1.19037 1.16354 1.14498 1.17060 1.17233 1.17253 1.15319 1.12809 1.13282 1.13765 1.14258 1.15069 1.18904 1.18069 1.18733 1.22794 1.22639 1.17312 1.14827 1.14222 1.12549 1.19674 1.14592 1.12428 1.00716 0.992589 0.985629 0.978471 0.970198 0.958232 0.884803 0.853147 0.836683 0.863035 0.886370 0.888680 0.891792 0.894901 0.898014 0.901816 0.944507 0.968582 0.989792 1.11025 1.30598 1.34879 1.32967 1.31629 1.31700 1.33797 1.44990 1.48944 1.48131 1.45375 1.47053 1.54931 1.65211 1.62302 1.47208 1.39101 1.39101 1.39060 1.37599 1.35435 1.33273 1.31292 1.28394
1.22071 1.21305 1.17958 1.20249 1.21896 1.22543 1.21967 1.17580 1.20210 1.25976 1.32180 1.38079 1.40894 1.39567 1.32155 1.34030 1.36201 1.33766 1.30970 1.28069 1.29777 1.19976 1.03535 1.02984 0.957483 0.905633 0.905633 0.905633 0.905633 0.907752 0.876999 0.864689 0.856414 0.876088 0.909981 0.919619 0.928621 0.941252 0.955345 0.969271 1.02084 1.05547 1.05547 1.10451 1.26673 1.40269 1.40468 1.41278 1.44683 1.46669 1.54528 1.59161 1.58815 1.49660 1.48484 1.48484 1.48899 1.53521 1.48275 1.35907 1.33745 1.31621 1.31129 1.31532 1.31935 1.32343 1.32448
1.35205 1.37796 1.31821 1.33952 1.37087 1.42832 1.49140 1.44776 1.45494 1.44062 1.42255 1.40636 1.39423 1.38624 1.46451 1.45215 1.44932 1.41909 1.34994 1.30686 1.28370 1.27561 1.07174 1.02984 1.01373 0.923930 0.937476 0.953007 0.976794 0.999642 0.980922 0.947120 0.932954 0.937389 0.960942 0.974275 1.02234 1.07558 0.990309 0.980023 1.01870 1.10709 1.13539 1.18160 1.37426 1.50363 1.50797 1.49080 1.48975 1.48981 1.52219 1.59622 1.59620 1.53761 1.47838 1.45738 1.43571 1.45610 1.45378 1.41313 1.40920 1.41324 1.41813 1.42726 1.43657 1.44469 1.44200
1.45260 1.52053 1.46140 1.45632 1.47595 1.46582 1.44865 1.39688 1.37493 1.37667 1.37633 1.37451 1.36916 1.36564 1.42780 1.42844 1.42536 1.41604 1.34479 1.31165 1.27982 1.33664 1.17614 1.11063 1.12967 1.04742 1.02476 1.03261 1.05122 1.11345 1.16680 1.14929 1.19170 1.22110 1.27553 1.34245 1.37441 1.39796 1.19412 1.11022 1.13357 1.22284 1.25571 1.26384 1.38366 1.47138 1.53919 1.50466 1.48963 1.48963 1.49057 1.56863 1.55194 1.51777 1.40640 1.40266 1.40046 1.42653 1.45484 1.45464 1.42958 1.43093 1.42932 1.42154 1.41358 1.40682 1.40601
1.40810 1.54596 1.50802 1.43734 1.43906 1.43934 1.43897 1.40481 1.34631 1.34310 1.34197 1.34083 1.33969 1.33850 1.37234 1.42403 1.42998 1.43820 1.40730 1.34626 1.30649 1.34588 1.37100 1.30698 1.36168 1.38109 1.36343 1.42383 1.46735 1.47373 1.48116 1.40467 1.41652 1.39513 1.42064 1.46119 1.48019 1.50113 1.40991 1.18543 1.18849 1.22660 1.26707 1.26707 1.33372 1.43551 1.53416 1.49915 1.46170 1.44673 1.43075 1.47275 1.48590 1.47542 1.39784 1.35670 1.35561 1.38217 1.44306 1.44390 1.39023 1.38798 1.38711 1.39367 1.40131 1.40895 1.42300
1.42620 1.55129 1.55817 1.43890 1.43100 1.42933 1.42933 1.41792 1.33203 1.32981 1.32588 1.32180 1.31772 1.31371 1.31928 1.43403 1.44602 1.44602 1.43530 1.35888 1.43237 1.65576 1.73049 1.59238 1.57729 1.58192 1.50785 1.52583 1.55465 1.58349 1.60908 1.54431 1.52157 1.51171 1.51142 1.53443 1.54790 1.55196 1.54182 1.23626 1.23171 1.25294 1.33210 1.34263 1.36922 1.50495 1.52985 1.52469 1.48892 1.46268 1.44398 1.43649 1.43592 1.40239 1.38242 1.41624 1.40135 1.36624 1.29062 1.28448 1.33994 1.36420 1.38491 1.40890 1.43969 1.47573 1.50536
1.43596 1.51943 1.56162 1.46632 1.42705 1.42182 1.41637 1.41188 1.32584 1.31022 1.31097 1.32100 1.33289 1.34375 1.35015 1.40277 1.44075 1.43951 1.43775 1.38035 1.33162 1.60709 1.69033 1.64769 1.60215 1.61283 1.59884 1.59236 1.61094 1.63190 1.64926 1.65939 1.66672 1.64542 1.61560 1.62629 1.64643 1.65245 1.65868 1.45183 1.32160 1.30782 1.35730 1.36572 1.34844 1.41675 1.41641 1.42647 1.35808 1.31275 1.27934 1.25008 1.25016 1.22781 1.20553 1.22467 1.22448 1.23403 1.18897 1.22438 1.37246 1.47950 1.50336 1.51646 1.52167 1.52167 1.52167
1.42450 1.46968 1.54597 1.49033 1.41372 1.41035 1.40060 1.39424 1.35184 1.32819 1.33735 1.33867 1.33799 1.33773 1.33709 1.35649 1.39780 1.39564 1.39594 1.38530 1.35723 1.55183 1.68423 1.71650 1.65072 1.65661 1.66268 1.62750 1.62004 1.61132 1.60283 1.59617 1.60477 1.62245 1.66217 1.66410 1.68176 1.68606 1.67885 1.55379 1.28752 1.24049 1.24928 1.26706 1.23155 1.22547 1.22386 1.22553 1.20805 1.16167 1.15203 1.15203 1.17149 1.19190 1.21225 1.25849 1.32543 1.35269 1.32027 1.33450 1.39827 1.52149 1.52167 1.52167 1.52167 1.51737 1.50744
1.39691 1.42031 1.53973 1.53355 1.42728 1.43621 1.43488 1.41940 1.39174 1.33688 1.33106 1.32396 1.31483 1.30810 1.30235 1.30578 1.38546 1.37947 1.36396 1.34271 1.27943 1.33939 1.59608 1.70252 1.67726 1.63493 1.63493 1.61256 1.60016 1.60016 1.60016 1.60016 1.61225 1.61243 1.64979 1.64411 1.62441 1.59104 1.58135 1.56905 1.25126 1.18721 1.16980 1.08229 1.07662 1.09346 1.13371 1.14529 1.18311 1.15418 1.20011 1.22512 1.26181 1.30416 1.32065 1.33401 1.38112 1.38540 1.35139 1.32695 1.36649 1.49108 1.50963 1.49968 1.48974 1.48411 1.48408
1.37559 1.43622 1.52280 1.53682 1.44041 1.39830 1.37831 1.34824 1.32963 1.25522 1.25462 1.25704 1.26150 1.26356 1.26441 1.26040 1.27988 1.25644 1.24731 1.23920 1.22479 1.20085 1.48680 1.64840 1.70773 1.63778 1.63493 1.62626 1.59161 1.58247 1.57334 1.56526 1.56682 1.57139 1.61385 1.62947 1.62354 1.57331 1.55819 1.54296 1.31313 1.16931 1.15814 1.09083 1.04967 1.03804 1.07475 1.09052 1.14794 1.17847 1.27743 1.29408 1.29581 1.32483 1.32487 1.32391 1.35239 1.37323 1.35454 1.27640 1.32067 1.42952 1.50615 1.50728 1.50839 1.50905 1.50749
1.40743 1.44015 1.42009 1.40352 1.35265 1.32849 1.34397 1.34403 1.34290 1.28343 1.26941 1.26403 1.25623 1.24540 1.23341 1.22640 1.23404 1.23894 1.22369 1.22428 1.22750 1.21143 1.38126 1.59339 1.69253 1.63576 1.60422 1.60103 1.57669 1.57503 1.58011 1.58412 1.58978 1.58806 1.57827 1.56967 1.55518 1.52114 1.49940 1.48118 1.36034 1.11057 1.08086 1.05692 1.01023 1.01824 1.06067 1.10100 1.13958 1.19353 1.23294 1.28066 1.28066 1.30188 1.30516 1.29612 1.29755 1.32894 1.33028 1.25097 1.28724 1.39127 1.50986 1.51383 1.52890 1.54499 1.56325
1.41928 1.41776 1.41146 1.39679 1.38154 1.33919 1.37670 1.36090 1.33623 1.28605 1.24922 1.24452 1.24216 1.24263 1.24520 1.24779 1.25124 1.28987 1.25608 1.23994 1.21935 1.18841 1.22678 1.47564 1.60840 1.64321 1.65685 1.65269 1.63648 1.60484 1.58761 1.57042 1.55730 1.56575 1.53883 1.50491 1.49276 1.46452 1.43165 1.43992 1.43552 1.14431 1.10474 1.10135 1.02696 1.02197 1.04770 1.07636 1.13265 1.17559 1.18890 1.26445 1.25094 1.25185 1.28213 1.28587 1.29008 1.33277 1.36226 1.32055 1.31547 1.42559 1.55948 1.60987 1.61182 1.61326 1.62456
1.40430 1.40229 1.40339 1.38508 1.37221 1.29887 1.30871 1.30057 1.29036 1.28515 1.27279 1.27279 1.27725 1.27866 1.27479 1.27085 1.26699 1.28428 1.19621 1.15141 1.15141 1.15014 1.12482 1.38040 1.55332 1.59951 1.64138 1.60900 1.59321 1.54720 1.52944 1.51392 1.49840 1.49699 1.49946 1.47539 1.49193 1.49988 1.46490 1.46028 1.45842 1.24253 1.10809 1.09364 1.03535 0.994809 1.00472 1.05984 1.11286 1.15365 1.11155 1.16423 1.20391 1.23628 1.34389 1.39491 1.44463 1.47511 1.40763 1.38918 1.39252 1.48438 1.59467 1.71841 1.73656 1.75298 1.76962
1.37741 1.35706 1.34639 1.33612 1.33118 1.29623 1.27422 1.30521 1.28443 1.27738 1.25806 1.25380 1.24540 1.24012 1.24126 1.24306 1.24486 1.25750 1.24933 1.15088 1.14981 1.14864 1.12296 1.26089 1.44925 1.52817 1.55452 1.51296 1.48876 1.47352 1.47601 1.48344 1.49161 1.49899 1.49913 1.46464 1.46168 1.45289 1.42143 1.39466 1.38780 1.27291 1.03652 1.04473 1.05709 1.03195 1.05911 1.10460 1.13821 1.21340 1.22100 1.25090 1.36048 1.38381 1.47220 1.50843 1.51595 1.51901 1.46794 1.43314 1.41380 1.48194 1.56904 1.76526 1.78314 1.79646 1.79971
1.32371 1.32149 1.34232 1.36641 1.37979 1.38907 1.32794 1.36821 1.27680 1.24561 1.23430 1.23182 1.23273 1.23361 1.23338 1.23250 1.23161 1.23148 1.26581 1.15352 1.11924 1.09684 1.07067 1.06339 1.28549 1.43104 1.46785 1.50645 1.49296 1.50157 1.50320 1.51046 1.51700 1.52166 1.52463 1.50724 1.46207 1.45522 1.45446 1.43302 1.45333 1.46424 1.23848 1.24827 1.27294 1.23376 1.25220 1.25265 1.26845 1.33707 1.37802 1.33924 1.42346 1.44107 1.47832 1.53864 1.53343 1.53345 1.51549 1.45302 1.44250 1.48989 1.59584 1.73439 1.80076 1.80076 1.80076
1.45633 1.42954 1.43839 1.43481 1.42181 1.42162 1.34962 1.35915 1.32033 1.24205 1.23635 1.22956 1.22970 1.23376 1.23916 1.23673 1.21927 1.19771 1.19912 1.13732 1.04251 1.04154 1.03606 0.974876 1.20842 1.44104 1.53736 1.61795 1.58204 1.58734 1.58379 1.58176 1.58176 1.58127 1.57633 1.56604 1.53924 1.54150 1.56967 1.58890 1.61706 1.63552 1.44770 1.34037 1.34451 1.35303 1.37558 1.36935 1.34611 1.36102 1.40469 1.38295 1.39120 1.43335 1.44929 1.55074 1.56781 1.57819 1.56836 1.51120 1.46300 1.46693 1.58343 1.66208 1.80308 1.81929 1.83785
1.55348 1.43863 1.43863 1.43775 1.42824 1.42694 1.39450 1.33921 1.36942 1.25468 1.25279 1.23748 1.21597 1.19054 1.17000 1.15932 1.16370 1.17184 1.17761 1.15662 1.03243 1.00739 1.00292 0.980612 1.11423 1.34565 1.55733 1.60842 1.60849 1.58875 1.58682 1.59359 1.62002 1.64723 1.66791 1.68273 1.65045 1.60747 1.60248 1.60836 1.63522 1.65510 1.58456 1.40814 1.38366 1.38398 1.38891 1.39050 1.36322 1.35756 1.38994 1.37704 1.41339 1.47658 1.48029 1.55653 1.58597 1.58739 1.58726 1.55496 1.48259 1.48164 1.59476 1.65683 1.86999 1.88710 1.88826
1.62534 1.44903 1.44887 1.45159 1.44996 1.44359 1.44224 1.37124 1.37448 1.26117 1.20221 1.18273 1.19054 1.19871 1.19662 1.18958 1.18033 1.17005 1.16338 1.14421 1.05960 0.992812 0.990769 0.985059 0.996398 1.23694 1.55567 1.60577 1.69377 1.66553 1.68659 1.69098 1.68792 1.68416 1.67854 1.67643 1.65869 1.63957 1.64620 1.66302 1.68296 1.68276 1.67497 1.45802 1.42874 1.41816 1.40371 1.38864 1.34001 1.33227 1.35417 1.38239 1.41046 1.49048 1.50655 1.54815 1.61151 1.62092 1.63777 1.63634 1.59379 1.54952 1.60363 1.67641 1.82051 1.91032 1.91241
1.64452 1.52819 1.50451 1.52209 1.55409 1.52428 1.52179 1.43267 1.35531 1.29008 1.20010 1.18357 1.17011 1.15972 1.15336 1.14989 1.14865 1.14868 1.14921 1.13963 1.10150 1.01535 1.02278 1.05185 1.05649 1.32942 1.63009 1.76921 1.76007 1.70577 1.68742 1.68102 1.67996 1.69602 1.71099 1.72453 1.72048 1.69884 1.68040 1.68725 1.70697 1.70725 1.68734 1.50622 1.39222 1.37377 1.37905 1.38054 1.35754 1.34121 1.34245 1.37983 1.38314 1.47131 1.52752 1.56199 1.66766 1.67496 1.67457 1.66695 1.63349 1.54619 1.56566 1.69748 1.73907 1.88032 1.87134
1.62957 1.60164 1.53771 1.51888 1.52802 1.51150 1.50313 1.43454 1.32729 1.27920 1.16501 1.15467 1.15584 1.15585 1.15585 1.15317 1.14479 1.14404 1.14353 1.13873 1.12998 1.17645 1.18623 1.20362 1.20740 1.31368 1.53023 1.75150 1.74421 1.71531 1.70843 1.72834 1.73891 1.74588 1.75238 1.75465 1.75454 1.72450 1.66581 1.64874 1.63762 1.65192 1.65626 1.57332 1.40553 1.37871 1.37817 1.38381 1.38213 1.36472 1.37278 1.40275 1.43310 1.54051 1.65434 1.66601 1.65928 1.64946 1.62994 1.60908 1.55377 1.53991 1.55157 1.70883 1.72995 1.87688 1.87523
1.53437 1.56558 1.50521 1.49052 1.47684 1.47666 1.45529 1.42616 1.32787 1.28652 1.19620 1.15416 1.15556 1.15506 1.15457 1.15679 1.16469 1.16251 1.15659 1.15046 1.12953 1.16186 1.21185 1.21654 1.21665 1.23678 1.45196 1.71296 1.76245 1.74520 1.76543 1.77518 1.78644 1.77858 1.76121 1.71440 1.68643 1.66487 1.63661 1.62817 1.64054 1.67260 1.69040 1.69204 1.47090 1.44595 1.44726 1.45268 1.44678 1.40721 1.40552 1.40490 1.44069 1.46622 1.60153 1.61431 1.60116 1.58656 1.58102 1.57665 1.55189 1.54556 1.55788 1.66044 1.74956 1.80471 1.83545
1.49473 1.48509 1.45754 1.43535 1.43037 1.42304 1.37686 1.33159 1.20894 1.13507 1.11383 1.17890 1.18189 1.18373 1.18111 1.17761 1.17414 1.17309 1.17551 1.17798 1.17050 1.17533 1.22748 1.24187 1.23852 1.23095 1.43471 1.69044 1.81794 1.78616 1.76444 1.76023 1.74804 1.75738 1.76358 1.72491 1.69382 1.67845 1.69281 1.73109 1.73123 1.74079 1.75144 1.74725 1.56500 1.45194 1.41903 1.41188 1.40570 1.39906 1.38701 1.36750 1.37694 1.37532 1.48379 1.56579 1.56248 1.56160 1.56289 1.57328 1.57708 1.54543 1.55923 1.55689 1.63799 1.62401 1.68730
1.43578 1.31687 1.27605 1.20143 1.14850 1.15218 1.20999 1.20994 1.16551 1.11589 1.11339 1.19059 1.19718 1.19161 1.19074 1.19074 1.18768 1.18039 1.17252 1.16587 1.15614 1.14132 1.19703 1.24291 1.25216 1.25928 1.39516 1.62307 1.74599 1.74503 1.73349 1.75029 1.75305 1.76049 1.76187 1.73975 1.68905 1.67764 1.67275 1.71669 1.69827 1.67995 1.71200 1.70671 1.61586 1.44936 1.42390 1.42226 1.34043 1.31776 1.30600 1.30587 1.31465 1.35196 1.39232 1.54727 1.58895 1.58294 1.55708 1.51110 1.46678 1.40564 1.42967 1.42106 1.56270 1.57995 1.67047
1.32524 1.18462 1.14455 1.12545 1.12531 1.12592 1.19938 1.20005 1.16903 1.10512 1.09646 1.15951 1.19932 1.19690 1.19529 1.19497 1.19791 1.20565 1.21533 1.22384 1.23112 1.22271 1.24930 1.30196 1.32542 1.32959 1.38709 1.61834 1.74695 1.75791 1.73439 1.73996 1.75117 1.75518 1.75676 1.73468 1.64836 1.62279 1.59791 1.63126 1.65494 1.66755 1.73304 1.76081 1.73816 1.48337 1.43470 1.42140 1.34273 1.30358 1.29651 1.28896 1.28550 1.32263 1.32176 1.38391 1.46090 1.43132 1.42028 1.42153 1.42447 1.41278 1.43226 1.43310 1.49469 1.52592 1.55300
