results/OMI_NO2_200711.asc
ncols      200
nrows      200
xllcorner       120.258
yllcorner       41.1236
cellsize     0.0166667
NODATA_Value      -999.000
[rows 116 to 144 of 200, columns 0 to 66 of 200]
2.11038 2.04527 1.98434 1.92102 1.60183 1.55712 1.85073 1.75285 1.73049 2.02156 2.12060 2.09747 2.13112 2.15850 2.16734 2.17717 2.17924 2.19787 2.22096 2.26735 2.40671 2.50049 2.62403 2.59728 2.58808 2.60172 2.78191 3.09557 3.17886 3.26691 3.25178 3.23720 3.23687 3.41445 3.50139 3.53051 3.59569 3.64167 3.68718 3.66442 3.72433 3.97172 3.72929 3.71733 3.69562 3.81163 3.51731 3.35811 3.33542 3.32956 3.38887 3.47510 3.46591 3.76982 3.98768 4.11456 4.23674 4.35668 4.41539 4.23074 4.28666 4.36076 4.44951 4.47506 4.56197 4.33653 4.24603
1.73444 1.68261 1.68707 1.71076 1.58772 1.54303 1.66225 1.75939 1.77377 2.12906 2.23659 2.19613 2.21279 2.24578 2.28211 2.33501 2.40040 2.48553 2.57138 2.66803 2.75804 2.77009 2.78952 2.84750 2.77547 2.78687 2.91580 3.25130 3.18603 3.32949 3.32949 3.33399 3.34683 3.58965 3.87173 3.87872 3.92333 3.93179 3.88974 3.80905 3.70371 3.91814 3.65341 3.65800 3.68781 3.75019 3.72821 3.41849 3.54493 3.66925 3.80538 3.92199 4.03378 4.35787 4.66558 4.65797 4.61446 4.56745 4.52189 4.38261 4.22665 4.19089 4.19190 4.21257 4.23912 4.55884 4.90583
1.80225 1.86803 1.88565 1.88565 1.79840 1.64910 1.67791 1.76636 1.77242 2.26485 2.48961 2.46551 2.48911 2.55156 2.62621 2.71936 2.77373 2.77392 2.77392 2.77392 2.81912 2.83577 2.83577 2.91700 2.80704 2.82124 2.89813 3.21922 3.28367 3.43358 3.48765 3.55020 3.32666 3.33264 3.64024 3.56264 3.51390 3.52168 3.52745 3.53753 3.52547 3.71841 3.86498 3.83514 3.84163 3.88205 4.11132 4.06355 4.03040 3.99595 3.97678 3.94941 3.91652 3.96212 4.26793 4.23497 4.23126 4.23126 4.23134 4.19050 4.03686 4.03963 4.16174 4.32929 4.30832 4.48729 4.92047
1.88565 1.88565 1.88565 1.88785 1.89813 1.68693 1.69965 1.83791 1.83900 2.25138 2.65503 2.70343 2.74731 2.78220 2.80926 2.84360 2.88614 2.91523 2.94486 2.97521 3.01879 3.08020 3.14325 3.26316 3.02234 2.98901 2.95956 3.10344 3.24221 3.12160 3.18609 3.28630 3.07729 3.05639 3.52158 3.65130 3.74719 3.81962 3.78564 3.74477 3.72232 3.77747 3.91963 3.92614 3.94700 3.94700 4.00498 3.81910 3.80386 3.80386 3.81272 3.82393 3.82393 3.82698 4.19751 4.23182 4.23234 4.23286 4.23330 4.23004 4.04699 4.03826 4.05861 4.28783 4.24247 4.23876 4.61708
1.92331 1.95826 1.99704 2.03691 2.04561 1.80598 1.72976 1.85993 2.05898 2.35097 2.83051 2.95440 3.13116 3.17329 3.21811 3.26511 3.33539 3.38656 3.41308 3.42853 3.45565 3.45710 3.43958 3.40643 2.93784 2.90241 2.96787 3.01133 3.33806 3.24296 3.56829 3.74517 3.68898 3.48383 3.71763 3.77817 3.68453 3.65442 3.68125 3.68125 3.68457 3.73425 3.90681 3.89865 3.94700 3.94700 3.98319 3.86659 3.80386 3.80386 3.80739 3.82446 3.82493 3.82539 4.08719 4.23336 4.23336 4.22980 4.18378 4.12729 3.93840 3.83955 3.83486 4.07766 4.31330 4.40303 4.34906
2.04561 2.04561 2.04561 2.04561 2.04561 1.92427 1.81990 1.87857 2.24915 2.35886 3.16916 3.22398 3.55948 3.53799 3.49483 3.45650 3.44717 3.43561 3.43407 3.47745 3.51192 3.53162 3.54853 3.59577 3.43400 3.51980 3.56292 3.57709 3.63967 3.45536 3.65961 3.64219 3.60496 3.23883 3.39255 3.62781 3.62781 3.63169 3.67924 3.68125 3.68125 3.71218 3.84433 3.89178 3.93896 3.94700 3.94712 3.92489 3.80744 3.80534 3.80580 3.82386 3.81185 3.77787 3.90052 4.11444 4.08847 4.11218 4.20422 4.35417 4.42442 4.49149 4.61897 4.69894 4.95708 4.98182 4.68584
2.04561 2.04561 2.04561 2.04561 2.04561 2.04561 2.04561 2.04561 2.30190 2.43400 3.19150 3.32490 3.35848 3.43117 3.48513 3.53727 3.58119 3.63864 3.70518 3.73570 3.76279 3.78383 3.75661 3.76231 3.59734 3.59244 3.56593 3.47876 3.37574 3.26079 3.26791 3.43102 3.55485 3.26888 3.29428 3.62781 3.62781 3.62781 3.66021 3.68758 3.71315 3.74722 3.86890 4.04871 4.08391 4.15573 4.19157 4.17011 4.00038 3.95416 3.92628 3.92701 3.99419 4.07526 4.19652 4.69605 4.81840 4.89159 4.93272 4.92172 4.87176 4.83608 4.83613 4.84075 5.04972 5.13376 4.86512
2.04965 2.07708 2.10826 2.13708 2.12037 2.08792 2.06473 2.12388 2.27055 2.47419 3.09472 3.71332 3.67789 3.73518 3.76229 3.78961 3.81596 3.82398 3.82398 3.82079 3.74769 3.65145 3.65689 3.63482 3.47788 3.30093 3.29661 3.29215 3.26675 3.31889 3.24109 3.57888 3.69126 3.57051 3.47221 3.83854 3.87946 3.89438 3.94572 3.97815 3.96360 3.94542 3.92458 4.06644 3.96128 3.94256 3.88666 3.88847 3.88136 3.90436 3.95818 4.02274 4.09580 4.13896 4.19801 4.63726 4.74298 4.75092 4.75381 4.76086 4.78457 5.03030 4.98677 4.60596 4.56799 4.67421 4.51202
2.07403 2.06468 2.13035 2.25825 2.43338 2.66450 2.93863 3.12699 3.26383 3.51474 3.91245 4.47245 3.89659 3.83005 3.83291 3.83994 3.77119 3.69766 3.62846 3.53924 3.45255 3.39086 3.39452 3.56118 3.57949 3.41156 3.50026 3.51704 3.52956 3.59438 3.67437 4.07586 4.18056 4.24247 3.96162 3.86959 3.86213 3.90367 3.91040 3.63240 3.51828 3.50075 3.53960 3.73400 3.82725 3.95938 4.05095 4.10685 4.21964 4.31449 4.41309 4.49046 4.55301 4.59700 4.61428 4.60730 4.57297 4.56750 4.56748 4.56694 4.56235 4.61323 4.57087 4.35415 4.21040 4.40566 4.40283
2.96575 3.20447 3.33519 3.36868 3.39563 3.39023 3.34703 3.30524 3.22842 3.40503 3.71117 4.98732 4.41597 4.04432 3.91963 3.83512 3.75055 3.65841 3.57215 3.51434 3.51215 3.51215 3.51294 3.70833 3.74401 3.57580 3.61204 3.61429 3.61429 3.62786 3.71198 4.00399 4.28446 4.40872 4.12602 3.98862 3.85266 3.93231 4.02084 4.00403 3.87729 3.92796 3.96721 4.11489 4.42950 4.61126 4.79901 4.93769 4.94162 4.76907 4.56407 4.55712 4.56574 4.58025 4.57486 4.55824 4.53000 4.52461 4.51922 4.51436 4.51355 4.59317 4.54502 4.44715 4.21087 4.26770 4.32153
3.13427 3.10122 3.09178 3.09178 3.09178 3.09178 3.08936 3.01480 2.89549 2.88425 3.10969 4.15488 4.25771 3.73403 3.60883 3.53006 3.51215 3.49839 3.47378 3.44957 3.42590 3.40252 3.37958 3.45408 3.55210 3.45280 3.41008 3.52145 3.60341 3.68822 3.94173 4.12753 4.61117 4.65457 4.63753 4.63222 4.38446 4.38134 4.40033 4.47372 4.23147 4.31732 4.45758 4.66160 5.30759 5.38689 5.21877 5.19530 5.12682 4.89400 4.51371 4.51371 4.51609 4.54674 4.54763 4.54540 4.51392 4.51444 4.52333 4.53411 4.54490 4.64200 4.58772 4.56281 4.23396 4.22901 4.31704
3.09178 3.09178 3.07627 2.98160 2.88372 2.78021 2.66410 2.60591 2.56713 2.51623 2.76641 3.20875 3.61884 3.34338 3.28925 3.25953 3.23889 3.22981 3.22981 3.22981 3.22981 3.23008 3.23743 3.31165 3.58175 3.69466 3.91521 4.10221 4.16677 4.22822 4.32314 4.36942 4.81062 4.96769 4.89995 4.95822 4.77856 4.90736 5.04617 5.12532 4.97161 4.75532 4.75532 4.75600 5.17471 5.38970 5.29483 5.19530 5.19530 4.96506 4.57111 4.51371 4.51371 4.53771 4.55789 4.56870 4.55231 4.55528 4.55718 4.55718 4.55718 4.57290 4.65865 4.55760 4.29548 4.18752 4.19559
2.76867 2.49645 2.41007 2.37519 2.34763 2.32979 2.32942 2.32698 2.32942 2.30492 2.45739 2.78451 3.46156 3.37225 3.23383 3.22981 3.23014 3.23080 3.23609 3.29202 3.39080 3.53999 3.72974 3.86709 4.14785 4.34955 4.43847 4.33450 4.38701 4.44397 4.55543 4.71578 5.08785 5.47097 5.44481 5.44222 5.29744 5.20642 5.20642 5.20642 5.17081 4.77091 4.75532 4.75532 4.94315 5.38970 5.36964 5.19845 5.19530 4.96803 4.76907 4.53528 4.54603 4.56597 4.59125 4.59048 4.56573 4.54148 4.53338 4.52527 4.48038 4.38354 4.47028 4.28355 4.07713 3.83982 3.84927
2.55181 2.33153 2.24103 2.21788 2.19541 2.17372 2.15261 2.13972 2.31761 2.31465 2.38049 2.59812 3.43558 3.45909 3.27551 3.37135 3.55652 3.76063 3.97675 4.13134 4.26416 4.38824 4.46067 4.52730 4.65241 4.92166 4.96240 4.68172 4.64705 4.69498 4.78961 5.01414 5.13977 5.68935 5.65173 5.51235 5.37999 5.20642 5.20642 5.20642 5.20642 4.92159 4.75532 4.75532 4.75303 5.27405 5.29022 5.12836 5.03899 4.87531 4.67954 4.29660 4.25249 4.42528 4.54510 4.47059 4.36564 4.24578 4.16194 4.08881 4.05257 4.07249 4.27631 4.21465 4.21103 3.97001 4.00984
2.34278 2.27521 2.13344 2.13344 2.13329 2.13278 2.13225 2.13334 2.26386 2.34358 2.50693 2.91909 3.91425 4.15280 4.32126 4.42939 4.45904 4.52586 4.59241 4.65947 4.70140 4.70203 4.70203 4.70581 4.71316 5.01973 5.16008 5.03724 4.85376 4.87322 4.87640 5.05412 4.98011 5.41252 5.49468 5.30485 5.18225 4.90687 4.86764 4.82974 4.80093 4.68567 4.39526 4.38495 4.38830 4.68874 4.92172 4.86881 4.74160 4.73198 4.44892 4.05200 3.91182 4.02192 4.19328 4.23256 4.26432 4.26742 4.29705 4.29814 4.30234 4.32973 4.54441 4.69393 4.60151 4.49945 4.51016
2.34124 2.34459 2.16622 2.14759 2.15304 2.17118 2.20389 2.23503 2.32531 2.45044 2.65481 2.99833 3.97550 4.08358 4.06739 4.50440 4.70203 4.70203 4.70246 4.70813 4.71361 4.71586 4.72284 4.74417 4.76386 4.97124 5.24724 5.18785 4.84020 4.83485 4.83038 4.95345 4.52079 4.72252 5.02849 4.94499 4.85802 4.86559 4.78275 4.68557 4.57658 4.48273 4.51513 4.52056 4.50991 4.61895 5.04066 5.05659 4.89593 4.83461 4.48449 3.96724 3.72667 3.80744 4.12077 4.17378 4.16309 4.13572 4.11367 4.11216 4.10813 4.08397 4.10421 4.54165 4.51444 4.55611 4.59853
2.39497 2.42592 2.34700 2.25588 2.26964 2.27117 2.26107 2.25498 2.26975 2.49324 2.67619 3.02319 3.74708 4.12029 3.97139 4.19210 4.66958 4.64281 4.64508 4.65825 4.67969 4.70432 4.72427 4.72606 4.72606 4.75031 5.16134 5.18357 4.86445 4.79153 4.79153 4.87361 4.62438 4.50132 4.91778 4.83968 4.51284 4.45296 4.44127 4.39981 4.36347 4.33128 4.32206 4.33826 4.30488 4.28020 4.60238 4.66127 4.57968 4.55041 4.45787 4.10442 3.70551 3.72669 4.03746 4.12602 4.17196 4.20104 4.22932 4.26707 4.30583 4.34526 4.38523 4.90294 4.90247 4.94145 5.00235
2.87328 2.86264 2.82786 2.61377 2.61386 2.61989 2.62358 2.62362 2.62362 2.79391 2.91119 3.25670 3.61819 4.30277 3.96627 4.03379 4.65592 4.69377 4.71801 4.72606 4.72606 4.73060 4.76591 4.80777 4.85055 4.89411 5.22687 5.47085 5.29242 5.08134 4.98897 4.88554 4.78343 4.36496 4.72850 4.82565 4.22889 4.11769 4.11989 4.11482 4.10127 4.08637 4.10156 4.19956 4.33757 4.49397 4.74638 4.85073 4.87958 4.66570 4.64364 4.54754 4.06525 4.01077 4.26885 4.41518 4.44850 4.44525 4.43090 4.43090 4.43255 4.47260 4.52921 4.93921 5.13489 5.13010 5.13528
2.86808 2.86808 2.86808 2.70454 2.62362 2.62392 2.62879 2.63521 2.64162 2.74712 2.88680 3.16756 3.46868 4.24731 4.14945 4.23489 4.87033 5.09902 5.14759 5.19769 5.22256 5.19140 5.12209 5.04826 4.98164 4.92947 4.87794 5.06921 4.88856 4.50720 4.49064 4.49311 4.58822 4.18795 4.36458 4.65322 4.33011 4.06858 4.13215 4.16600 4.30340 4.47481 4.61667 4.76341 4.82508 4.82508 4.87372 4.92640 4.90760 4.73899 4.66157 4.65877 4.29654 4.01648 4.16880 4.39365 4.44981 4.49274 4.53320 4.58850 4.64344 4.65991 4.65991 4.87319 5.19334 5.14962 5.16952
2.86586 2.86491 2.86397 2.80426 2.63835 2.64363 2.64433 2.64349 2.64265 2.67269 2.87672 3.02250 3.30706 3.81670 4.11386 3.95870 4.43493 4.91962 4.78119 4.72338 4.70380 4.72310 4.66308 4.56873 4.47772 4.38095 4.35827 4.68267 4.80029 4.49344 4.45334 4.49050 4.63383 4.36948 4.37749 4.86008 4.79659 4.43234 4.59974 4.72628 4.75874 4.75874 4.75874 4.76376 4.82278 4.82508 4.83431 4.94705 4.90764 4.83686 4.66157 4.66157 4.52094 4.05953 4.16942 4.54813 4.64535 4.67752 4.66608 4.67031 4.68650 4.70270 4.71888 4.81582 5.36037 5.30384 5.34030
2.85726 2.85726 2.85810 2.88008 2.72285 2.71172 2.73858 2.76622 2.79466 2.82393 2.65180 2.63187 2.90193 3.19087 3.81666 3.62321 3.98149 4.58591 4.70086 4.60363 4.49761 4.39884 4.37037 4.38162 4.43662 4.49871 4.55934 4.77430 5.10005 4.92706 4.70433 4.74937 4.83056 4.89082 4.77795 5.21144 5.37905 4.80570 4.74395 4.75874 4.75874 4.75874 4.75874 4.75874 4.79961 4.82508 4.82508 4.92391 4.92541 4.97069 4.83790 4.89097 4.94952 4.46301 4.42963 4.71481 4.76686 4.74349 4.77456 4.81419 4.85830 4.89909 4.93367 4.96052 5.47211 5.43729 5.41761
3.06856 3.10660 3.14494 3.15665 3.03335 2.87675 2.87675 2.87675 2.87805 2.88041 2.72067 2.59754 2.82648 3.00722 3.65953 3.65859 3.81233 4.14201 4.43589 4.49787 4.55876 4.61903 4.67931 4.73242 4.74023 4.74023 4.77075 4.86962 5.27029 5.33541 5.05720 5.15750 5.24468 5.35556 4.96512 5.13253 5.46510 5.05809 4.83078 4.88974 4.92139 4.95369 4.98627 5.01931 5.06687 5.20910 5.29997 5.45141 5.62648 5.66037 5.58076 5.49696 5.55152 5.26032 4.97961 5.02256 5.06108 4.97627 4.97724 4.95099 4.93998 4.92983 4.92581 4.92457 5.16241 5.10804 4.88317
3.15974 3.16329 3.16680 3.17019 3.14891 2.88770 2.86528 2.85599 2.86117 2.90118 2.85897 2.69455 2.92256 3.29306 3.61083 3.78759 4.09900 4.52045 4.74778 4.74023 4.74023 4.74151 4.79527 4.84904 4.89265 4.94712 5.05342 5.13085 5.37219 5.55764 5.11689 5.02930 5.01056 5.14093 5.63290 5.68107 6.15921 5.88612 5.36674 5.18535 5.18437 5.18676 5.19014 5.21979 5.27756 5.54860 5.66978 5.74253 5.93001 5.89757 5.87271 5.64895 5.65870 5.61434 5.11679 5.10682 5.09794 4.98822 4.78481 4.58289 4.38538 4.18603 3.98026 3.76435 3.86790 4.17955 4.21230
3.09500 3.11433 3.08713 3.04621 3.06189 2.94989 2.93413 3.04037 3.14028 3.21208 3.29925 3.12443 3.18684 3.52239 3.71995 3.91627 4.04884 4.44314 4.72137 4.78558 4.84398 4.90046 4.95962 5.06020 5.16947 5.26821 5.29029 5.29029 5.33714 5.58099 5.33855 5.11994 5.11994 5.17045 5.79311 5.84470 6.17175 6.19609 5.63082 5.30012 5.34011 5.39400 5.45282 5.49579 5.51064 5.62118 5.82415 5.83610 5.95799 5.97534 5.93644 5.72843 5.61466 5.58716 4.75117 4.24609 4.03555 3.80442 3.63998 3.62895 3.62254 3.62254 3.62254 3.62254 3.71017 4.15910 4.20743
3.00978 3.33156 3.45548 3.59579 3.69423 3.73246 3.54323 3.55077 3.54844 3.54013 3.53279 3.34127 3.23675 3.51532 3.69236 4.05671 4.20388 4.73359 4.95206 5.06821 5.15661 5.24890 5.29029 5.29029 5.29029 5.29029 5.27864 5.24880 5.21924 5.39929 5.36619 4.98300 4.95831 4.92853 5.35396 5.49082 5.58514 5.86354 5.72854 5.59864 5.52848 5.54532 5.55630 5.56562 5.59228 5.62143 5.89140 5.96977 5.98094 5.91452 5.72067 5.54545 5.22338 5.45558 4.80422 3.79362 3.79362 3.79319 3.66029 3.63318 3.62254 3.62254 3.62254 3.62272 3.65634 4.20119 4.33157
3.10142 3.82220 3.82220 3.82220 3.82220 3.82220 3.59469 3.53172 3.53251 3.58051 3.65614 3.62554 3.48664 3.70772 3.85813 4.23902 4.32682 4.81902 5.00384 5.22561 5.09422 5.06698 5.04019 5.01379 4.98980 4.96887 4.95796 4.96168 4.95575 5.04052 5.21389 4.84996 4.84822 4.91586 5.22867 5.57814 5.47986 5.92182 5.88015 5.73822 5.55898 5.52080 5.48447 5.46979 5.45360 5.44019 5.55625 5.65355 5.60696 5.50199 5.42423 5.33903 5.01672 5.32229 5.33395 3.81132 3.79362 3.79362 3.71715 3.63764 3.65682 3.71109 3.76555 3.81983 3.84275 4.20810 4.39436
2.85580 3.71234 3.82684 3.85898 3.89607 3.93385 3.90201 3.92309 4.03721 4.10319 4.14069 4.15999 3.84012 3.94677 4.25606 4.54825 4.69135 4.80038 4.79029 5.05822 4.97135 4.97627 4.97977 4.97324 4.96249 4.95128 4.94729 4.99895 5.06691 5.09801 5.32942 5.23391 5.19205 5.22730 5.31987 5.70911 5.42005 5.51781 5.47619 5.39337 5.26864 5.31233 5.35471 5.36939 5.36939 5.36939 5.39185 5.62023 5.62737 5.52155 5.49043 5.34946 5.15758 5.17446 5.47538 4.26251 3.83022 3.88468 3.91915 3.83857 3.84600 3.84275 3.88135 3.99598 4.11277 4.46561 4.88532
3.23232 3.78196 4.28296 4.28840 4.28840 4.28840 4.28806 4.27799 4.27716 4.27716 4.27716 4.27716 4.00786 3.91695 4.26603 4.49463 4.72546 4.80295 4.89448 5.12970 5.09702 4.91831 4.90756 4.91386 4.92218 4.92800 4.92719 4.90187 4.88749 4.91309 5.08613 5.27659 5.42416 5.44093 5.45547 5.74002 5.54738 5.56787 5.64930 5.56236 5.37982 5.36939 5.36939 5.36939 5.36939 5.36939 5.36939 5.53280 5.62737 5.56155 5.50351 5.40933 5.33156 5.11600 5.60546 5.03508 4.01367 3.89548 3.85154 3.93763 4.07962 4.16414 4.24035 4.24565 4.26154 4.41337 4.85831
3.47074 3.43693 4.28822 4.28840 4.28840 4.28840 4.28840 4.28204 4.27716 4.27716 4.27716 4.27717 4.13045 3.99399 4.28913 4.57140 4.91895 4.93448 5.02235 5.01511 5.19095 4.81928 4.86858 4.91129 4.95397 4.99667 5.03907 5.05560 5.05560 5.07692 5.20162 5.35000 5.50169 5.55365 5.57823 5.75161 5.80444 5.60055 5.67848 5.57812 5.41803 5.36939 5.36939 5.36939 5.36939 5.36939 5.36939 5.42336 5.66135 5.68036 5.62625 5.64462 5.51526 5.24977 5.57103 5.55915 4.07218 3.77878 3.74833 3.98647 4.33428 4.40519 4.47585 4.54561 4.60710 4.64239 5.01629
