results/OMI_NO2_200710.asc
ncols      200
nrows      200
xllcorner       120.258
yllcorner       41.1236
cellsize     0.0166667
NODATA_Value      -999.000
[rows 0 to 29 of 175, columns 132 to 197 of 200]
0.918818 1.00716 0.991666 0.922161 0.945113 0.910306 0.876024 0.862684 0.854656 0.840739 0.852536 0.883197 0.859566 0.869697 0.851035 0.849011 0.904880 1.02084 1.01695 1.10645 1.18347 1.20249 1.20902 1.20102 1.23167 1.18669 1.15570 1.15570 1.15570 1.18138 1.20442 1.16654 0.934568 0.833600 0.879664 0.984648 1.02316 0.918780 0.891049 0.891491 0.889641 0.874559 0.907570 0.923891 0.922626 1.02342 1.13075 1.29121 1.42812 1.56422 1.61918 1.79674 1.81134 1.81157 1.81090 1.87639 2.12582 2.12257 2.02547 1.93440 1.38348 1.33451 1.52381 1.52821 1.36179 1.28521
0.816575 0.822151 0.849223 0.808622 0.810676 0.817862 0.848735 0.886685 0.921176 0.956667 0.965731 0.954138 0.909306 0.928368 1.01754 1.11160 1.24688 1.34201 1.30067 1.20902 1.20902 1.20902 1.20902 1.20811 1.21601 1.20748 1.15808 1.16823 1.17881 1.19403 1.24771 1.23904 1.20272 0.932145 0.949720 1.01170 1.03760 0.954556 0.841470 0.824865 0.891071 1.00702 1.16989 1.35702 1.46232 1.49812 1.51634 1.52314 1.52314 1.56041 1.60348 1.70408 1.69990 1.68538 1.63611 1.63593 1.78129 1.92493 1.92600 1.92608 1.67961 1.40000 1.46366 1.61928 1.49836 1.30510
0.757106 0.764598 0.844865 0.868554 0.904350 0.967171 0.964252 0.946158 0.929055 0.933718 1.01940 1.11639 1.21296 1.23254 1.25337 1.24594 1.26092 1.33259 1.34609 1.21365 1.21123 1.22143 1.23215 1.24248 1.25026 1.27995 1.21676 1.21647 1.21647 1.21647 1.24809 1.27041 1.25122 0.980986 0.884486 0.921468 1.04335 1.07640 1.15286 1.29000 1.35052 1.38622 1.41912 1.51985 1.51787 1.51779 1.50171 1.46474 1.43604 1.42059 1.44324 1.50713 1.57041 1.63928 1.64020 1.63510 1.70916 1.83862 1.92433 1.92608 1.87810 1.41102 1.40191 1.60588 1.55898 1.38970
0.816795 0.877222 0.906037 0.897845 0.866202 0.881099 0.939748 1.04255 1.16615 1.27227 1.31305 1.33931 1.33756 1.28263 1.28329 1.28708 1.30540 1.37775 1.45395 1.31473 1.25040 1.24707 1.24313 1.23925 1.22589 1.25441 1.23291 1.22378 1.22678 1.22978 1.24013 1.31168 1.33902 1.26472 1.09343 1.20800 1.33700 1.38116 1.40248 1.50793 1.52259 1.52821 1.51702 1.59374 1.59139 1.57817 1.49959 1.37445 1.36478 1.35578 1.35813 1.36848 1.42220 1.43929 1.45032 1.43190 1.44213 1.49376 1.69339 1.72146 1.70545 1.39375 1.22300 1.27727 1.31005 1.17912
0.820493 0.925446 0.947292 0.992447 1.07804 1.22737 1.30263 1.32379 1.32304 1.33709 1.35828 1.37915 1.39904 1.37616 1.38060 1.37416 1.35066 1.37545 1.45366 1.37164 1.22643 1.23205 1.23960 1.24714 1.24755 1.30587 1.33570 1.37101 1.43607 1.52168 1.62085 1.68822 1.71281 1.76338 1.64022 1.60198 1.59010 1.57050 1.55812 1.60437 1.60103 1.52750 1.47535 1.52883 1.55232 1.54450 1.51828 1.35209 1.35401 1.35629 1.29191 1.26493 1.23336 1.24572 1.29394 1.29832 1.28938 1.34659 1.47902 1.56554 1.57149 1.49414 1.19988 1.23134 1.39316 1.29229
0.917876 1.20907 1.30657 1.31123 1.30543 1.33561 1.37843 1.40326 1.42730 1.43441 1.43483 1.43530 1.43577 1.40678 1.38032 1.38052 1.35906 1.36169 1.43716 1.44355 1.23906 1.22455 1.25317 1.30666 1.36785 1.60746 1.80563 1.91323 1.97436 2.01485 2.03559 2.02971 1.99846 2.04361 2.02794 1.84368 1.79110 1.76401 1.72592 1.57848 1.56990 1.55545 1.46850 1.49918 1.52946 1.52664 1.51802 1.35439 1.30342 1.28353 1.22529 1.16179 1.11732 1.09324 1.13106 1.15898 1.17974 1.31187 1.38938 1.52793 1.51657 1.49720 1.24675 1.18636 1.26077 1.26051
1.04385 1.37974 1.44068 1.42869 1.37456 1.36014 1.38330 1.37952 1.37377 1.36798 1.37237 1.38551 1.39894 1.38579 1.33446 1.33766 1.33288 1.33686 1.48835 1.62064 1.56003 1.58012 1.65030 1.69583 1.73167 1.87421 2.09658 2.27148 2.27896 2.28178 2.28797 2.29412 2.24754 2.24167 2.31568 2.09304 1.95224 1.92441 1.84969 1.70624 1.63004 1.62282 1.51980 1.44838 1.35075 1.33572 1.32614 1.21954 1.12507 1.13005 1.12942 1.08388 1.07716 1.05734 1.08065 1.10698 1.11950 1.18755 1.28187 1.40763 1.42970 1.42970 1.31713 1.13599 1.15621 1.24827
0.991740 1.24728 1.39567 1.33630 1.30066 1.26899 1.30894 1.33031 1.35074 1.37231 1.38330 1.38519 1.39034 1.41577 1.47519 1.51225 1.55924 1.65880 1.84254 1.98817 1.96521 1.83751 1.82723 1.81502 1.80300 1.84857 2.14025 2.29491 2.34212 2.34212 2.34212 2.34212 2.31900 2.27422 2.30872 2.25643 2.00130 1.95328 1.77999 1.69369 1.52710 1.53289 1.49496 1.41611 1.32899 1.34035 1.35598 1.32460 1.18166 1.17244 1.15613 1.07418 1.04941 1.02949 1.03949 1.08655 1.11358 1.14391 1.26975 1.35189 1.42604 1.42454 1.40815 1.12533 1.09771 1.18700
0.934565 1.08629 1.42152 1.40883 1.40777 1.36111 1.37588 1.40324 1.41670 1.44733 1.49228 1.53850 1.58257 1.61502 1.66858 1.64942 1.65961 1.68568 1.78905 1.96052 1.96940 1.82450 1.79543 1.79543 1.79543 1.80989 2.08113 2.23882 2.34212 2.34235 2.34773 2.35547 2.36248 2.30824 2.30910 2.39413 2.09948 1.95689 1.82892 1.77037 1.57008 1.59359 1.61673 1.52155 1.40993 1.36088 1.33838 1.31642 1.12000 1.13579 1.15204 1.10313 1.07661 1.04276 1.04006 1.07428 1.09097 1.10572 1.21634 1.28092 1.39423 1.39134 1.38926 1.22672 1.09115 1.12928
1.07324 1.07819 1.39764 1.50998 1.48880 1.47796 1.50115 1.56052 1.59264 1.61497 1.62697 1.64005 1.65237 1.65612 1.71486 1.65966 1.64870 1.64306 1.71909 1.89415 1.95654 1.88283 1.79543 1.79537 1.79373 1.79136 1.99659 2.20233 2.38035 2.38908 2.39167 2.39167 2.38234 2.33424 2.29495 2.36852 2.34861 2.04922 1.98057 1.79214 1.57962 1.49215 1.49015 1.42309 1.30767 1.26607 1.26507 1.26154 1.13349 1.11187 1.15221 1.12367 1.09020 1.07327 1.07061 1.06311 1.05843 1.08640 1.15389 1.24849 1.36572 1.38926 1.38926 1.34663 1.09241 1.09393
1.22685 1.13814 1.33190 1.69032 1.65154 1.63618 1.59965 1.64433 1.65918 1.66369 1.66454 1.65796 1.64673 1.63566 1.66584 1.67207 1.63554 1.63543 1.64535 1.77378 1.84815 1.80543 1.80465 1.81354 1.82310 1.83350 1.96319 2.28763 2.24835 2.23535 2.24162 2.24779 2.26165 2.27791 2.20706 2.18358 2.30936 1.92889 1.76721 1.57760 1.48665 1.34537 1.40408 1.38420 1.26020 1.18628 1.18100 1.17356 1.13430 1.10592 1.17016 1.16750 1.11966 1.11394 1.10822 1.11553 1.11012 1.15009 1.20665 1.34612 1.37687 1.41189 1.41442 1.41689 1.20536 1.11387
1.41182 1.26904 1.30169 1.62315 1.63226 1.62398 1.62705 1.65049 1.65211 1.64636 1.64235 1.64472 1.63708 1.60366 1.57830 1.63226 1.51026 1.47449 1.47213 1.60813 1.79577 1.80994 1.87374 1.90839 1.93009 1.95415 2.04040 2.39350 2.30399 2.21607 2.17078 2.11508 2.06612 1.99708 1.86887 1.76510 1.77492 1.64609 1.48686 1.42295 1.37718 1.23041 1.28894 1.30984 1.25658 1.15392 1.15754 1.16177 1.15952 1.11435 1.18718 1.18969 1.17670 1.17542 1.18802 1.18820 1.17398 1.18743 1.21797 1.33721 1.39311 1.42192 1.44008 1.49307 1.45266 1.29917
1.37284 1.28236 1.24302 1.41576 1.65527 1.61840 1.59734 1.59483 1.61741 1.57584 1.53266 1.48949 1.46200 1.46156 1.46207 1.57537 1.49390 1.48245 1.49142 1.58973 1.83902 1.94049 2.01846 2.14630 2.17155 2.17501 2.13415 2.10362 1.92288 1.69722 1.65017 1.60701 1.55699 1.52235 1.50559 1.44101 1.43487 1.47314 1.31150 1.26920 1.21639 1.22516 1.26966 1.32095 1.30450 1.16485 1.15121 1.15121 1.15121 1.10329 1.14374 1.17125 1.15879 1.14964 1.17021 1.16515 1.15073 1.13773 1.16477 1.26510 1.44965 1.52492 1.58457 1.58739 1.59230 1.33637
1.38130 1.35793 1.24168 1.30230 1.45207 1.43031 1.39804 1.42232 1.51886 1.52968 1.53959 1.54981 1.56035 1.57119 1.58124 1.68765 1.71676 1.69825 1.72539 1.77060 1.96864 2.05646 1.95661 1.94601 1.83545 1.74755 1.70726 1.66922 1.62690 1.40400 1.39166 1.38727 1.38431 1.38149 1.37866 1.34018 1.31429 1.34179 1.30102 1.20402 1.15299 1.15646 1.17357 1.24135 1.24538 1.17762 1.15108 1.14542 1.13976 1.10220 1.09591 1.14012 1.13538 1.12875 1.14973 1.17717 1.23410 1.21307 1.30270 1.39909 1.55539 1.60202 1.60202 1.60202 1.60202 1.46570
1.46987 1.47605 1.34472 1.39898 1.40292 1.56200 1.56747 1.59616 1.73073 1.77286 1.78053 1.79603 1.82739 1.85961 1.89171 1.84585 1.72550 1.67922 1.66398 1.64038 1.55044 1.56901 1.54892 1.49020 1.50382 1.49867 1.49796 1.50498 1.54483 1.37281 1.34186 1.34189 1.34204 1.34221 1.34238 1.33397 1.28811 1.29319 1.33851 1.21099 1.15839 1.14191 1.14497 1.17413 1.20295 1.17208 1.12200 1.12200 1.12200 1.10650 1.06824 1.14868 1.20204 1.25683 1.34149 1.40681 1.41263 1.34522 1.32103 1.37674 1.50606 1.60398 1.62930 1.66415 1.70139 1.71549
1.55030 1.55030 1.46391 1.44330 1.44959 1.55859 1.65513 1.68827 1.82352 1.93931 1.94757 1.93797 1.90991 1.87504 1.84136 1.79166 1.64428 1.63233 1.63445 1.64605 1.60461 1.56342 1.56122 1.47937 1.50797 1.50984 1.50826 1.50603 1.52606 1.42183 1.34317 1.34329 1.34331 1.34242 1.33991 1.33741 1.29953 1.28222 1.30532 1.28050 1.17049 1.14048 1.13854 1.13043 1.19705 1.19630 1.13035 1.12794 1.16603 1.22252 1.23706 1.36124 1.39225 1.38512 1.39098 1.41932 1.43055 1.42399 1.36403 1.42162 1.56752 1.79577 1.82568 1.83043 1.83471 1.83887
1.59768 1.61416 1.60937 1.54927 1.63038 1.53251 1.70580 1.69689 1.72683 1.83244 1.81316 1.80220 1.80284 1.81878 1.83622 1.85459 1.71054 1.66963 1.64040 1.64221 1.64878 1.57260 1.56805 1.50457 1.49319 1.50097 1.50097 1.49907 1.50458 1.46369 1.33506 1.33267 1.33034 1.32883 1.32880 1.32880 1.31676 1.27207 1.27763 1.33374 1.19167 1.13361 1.13287 1.09145 1.17939 1.28261 1.30156 1.31276 1.33456 1.34119 1.31848 1.36398 1.43302 1.45727 1.49040 1.56364 1.59448 1.61272 1.52936 1.50179 1.57761 1.75725 1.84009 1.84009 1.84009 1.84009
1.67773 1.68676 1.69574 1.55819 1.53297 1.43956 1.56284 1.62364 1.63931 1.80608 1.84516 1.86365 1.87158 1.86193 1.85380 1.85186 1.74929 1.70019 1.66798 1.66279 1.66279 1.59811 1.57637 1.52577 1.45921 1.47112 1.45873 1.44822 1.44250 1.45595 1.32432 1.31877 1.31144 1.30217 1.29290 1.28363 1.27468 1.23174 1.22564 1.27500 1.24014 1.13640 1.17631 1.22690 1.28933 1.41481 1.40033 1.30532 1.30863 1.31877 1.34501 1.43849 1.57677 1.57470 1.56473 1.59391 1.60589 1.60589 1.57674 1.50442 1.54006 1.69518 1.85163 1.85435 1.85712 1.86277
1.49148 1.79708 1.80893 1.81668 1.82929 1.84994 1.87446 2.20254 2.30809 2.31576 2.30045 2.28765 2.22574 2.21236 2.23009 2.34460 2.41763 2.42421 2.03854 2.06379 1.98075 1.90327 1.91410 1.91436 1.91315 1.91196 1.91091 1.90108 1.87853 1.85301 1.82771 1.80550 1.59041 1.43267 1.39967 1.31074 1.26262 1.13274 1.10536 1.05361 1.01745 1.06343 1.21848 1.50631 1.51767 1.54271 1.57644 1.62668 1.63481 1.65390 1.69593 1.73932 1.76229 1.75876 1.69232 1.64615 1.51839 1.39088 1.40824 1.36872 1.37712 1.38191 1.36998 1.37319 1.37642 1.37965
1.36008 1.76838 1.84120 1.85544 1.86996 1.88125 1.88880 2.01678 2.25237 2.25842 2.25561 2.25050 2.26782 2.28720 2.34782 2.49199 2.58650 2.65447 2.42362 2.13679 2.02738 1.85104 1.82110 1.79995 1.78016 1.76033 1.74054 1.73170 1.73170 1.73170 1.73170 1.73187 1.69265 1.39974 1.39539 1.30723 1.27855 1.12769 1.07691 1.05470 0.976749 0.997672 1.10805 1.36870 1.53106 1.58307 1.65804 1.77771 1.80511 1.80951 1.78623 1.76221 1.73492 1.67451 1.62904 1.55664 1.49055 1.28365 1.26909 1.30904 1.33555 1.39955 1.39714 1.39712 1.39717 1.39990
1.35651 1.79506 1.94939 1.95800 1.96194 1.96194 1.96194 1.96790 2.26554 2.31061 2.31577 2.30473 2.31486 2.32048 2.38893 2.50399 2.56613 2.64897 2.54407 2.05902 1.94877 1.74734 1.73170 1.73170 1.73170 1.73170 1.73170 1.73170 1.73170 1.73580 1.74512 1.77560 1.79936 1.55032 1.45776 1.41692 1.36923 1.20481 1.12749 1.12429 1.07386 1.12282 1.19181 1.36805 1.67265 1.69399 1.68316 1.74039 1.71682 1.69706 1.67487 1.64001 1.58648 1.51495 1.47314 1.47296 1.46763 1.33481 1.26458 1.29993 1.32268 1.41102 1.41434 1.41824 1.42309 1.42494
1.25107 1.70124 1.94457 1.96195 1.96294 1.96466 1.96637 1.96809 2.13587 2.32768 2.32608 2.30131 2.27610 2.26127 2.28803 2.37570 2.45032 2.60994 2.57710 2.14036 1.94752 1.80101 1.73328 1.74142 1.75027 1.75912 1.78193 1.82364 1.86546 1.90319 1.94412 1.99691 2.02566 1.86653 1.65647 1.68729 1.59476 1.47572 1.31975 1.24062 1.21879 1.18221 1.19645 1.28546 1.51680 1.64736 1.59278 1.61536 1.60142 1.55664 1.52480 1.50566 1.50520 1.49849 1.47604 1.50712 1.52147 1.48648 1.33313 1.33575 1.36917 1.45801 1.44908 1.40546 1.41725 1.43834
1.21711 1.52535 1.88671 1.96816 1.96887 1.96122 1.94191 1.92190 1.92257 2.23431 2.22727 2.21169 2.19348 2.20581 2.23606 2.33793 2.40054 2.49591 2.43948 2.21365 2.02888 1.93154 1.82852 1.86197 1.89593 1.95969 2.02346 2.06841 2.11180 2.15327 2.18624 2.18622 2.15579 1.99462 1.77994 1.79969 1.71661 1.58017 1.40480 1.24362 1.23044 1.15785 1.18351 1.20973 1.34929 1.55410 1.51714 1.49283 1.55920 1.57947 1.60058 1.62255 1.64543 1.66284 1.62709 1.63384 1.63153 1.62172 1.44161 1.40473 1.41771 1.53001 1.56740 1.48004 1.48170 1.47456
1.19612 1.35522 1.79590 1.89226 1.86837 1.84574 1.83588 1.82611 1.82127 2.04549 2.16644 2.11994 2.05618 2.01534 1.97978 2.02419 2.10899 2.22732 2.32145 2.33531 2.30209 2.29338 2.10448 2.12810 2.16858 2.17920 2.17585 2.17222 2.13234 2.06804 2.00376 1.93950 1.90614 1.87892 1.82310 1.86864 1.84319 1.70839 1.51752 1.38964 1.34390 1.28849 1.25695 1.26161 1.29460 1.49929 1.62604 1.60500 1.67204 1.66888 1.66153 1.65345 1.64541 1.63703 1.61060 1.62161 1.65017 1.66414 1.57919 1.42635 1.44385 1.57640 1.60014 1.51853 1.57599 1.64733
1.17994 1.24078 1.68396 1.78294 1.74547 1.69876 1.65255 1.60635 1.56011 1.57985 1.90248 1.90508 1.91993 1.95374 2.02590 2.17188 2.40331 2.53052 2.69682 2.65106 2.55521 2.46964 2.27346 2.19462 2.16092 2.11010 2.05926 2.00870 1.99578 2.00926 2.02363 2.03872 2.04996 2.05034 1.92481 1.93755 1.90393 1.78173 1.60871 1.48444 1.36636 1.32853 1.25513 1.22409 1.22537 1.29025 1.53581 1.51454 1.55687 1.55150 1.54334 1.53399 1.52444 1.51442 1.51757 1.61318 1.64538 1.64796 1.62262 1.56221 1.64071 1.82042 1.87999 1.78527 1.76995 1.78799
1.20312 1.26179 1.40241 1.49583 1.52054 1.52385 1.52748 1.54100 1.58662 1.66341 2.02908 2.22685 2.28449 2.32050 2.34706 2.39642 2.56268 2.64384 2.73549 2.67322 2.49898 2.36946 2.23177 2.09263 2.08148 2.09074 2.10143 2.11483 2.12835 2.13755 2.12777 2.11942 2.11157 2.10387 2.05126 2.02807 2.03181 1.85995 1.71598 1.58991 1.44239 1.40551 1.32557 1.29656 1.29595 1.31272 1.49796 1.59173 1.47438 1.43682 1.43322 1.43967 1.44699 1.42771 1.40493 1.44659 1.49042 1.55434 1.58593 1.66995 1.72316 1.83251 1.93111 1.83637 1.72188 1.70870
1.21181 1.26813 1.37266 1.58776 1.72096 1.80121 1.87743 1.94314 1.97390 1.96009 2.05499 2.34717 2.32540 2.29729 2.41719 2.45992 2.64699 2.67517 2.59534 2.50410 2.43663 2.39434 2.37237 2.28567 2.26270 2.26318 2.24435 2.22272 2.20181 2.18577 2.18748 2.18773 2.18773 2.18773 2.17444 2.07426 2.11302 1.95618 1.82292 1.64069 1.52495 1.43761 1.34442 1.28315 1.27353 1.28573 1.36793 1.61425 1.54780 1.44096 1.41812 1.38710 1.36127 1.37341 1.38997 1.43209 1.53754 1.62871 1.66523 1.76415 1.82407 1.88951 1.90135 1.83337 1.69611 1.69387
1.14048 1.18381 1.40271 1.69188 1.76222 1.77288 1.75955 1.74833 1.73767 1.73821 1.74444 2.06389 2.06293 1.99129 2.03834 2.05865 2.37000 2.50207 2.50339 2.50520 2.41219 2.34072 2.27458 2.19559 2.20564 2.18855 2.18773 2.18773 2.18773 2.18773 2.18773 2.18773 2.18638 2.17429 2.15785 2.05227 2.02367 1.90791 1.76478 1.58236 1.49988 1.45013 1.40046 1.35228 1.32719 1.29376 1.27517 1.43651 1.48692 1.37929 1.38745 1.40345 1.41582 1.43805 1.48106 1.52606 1.65689 1.73285 1.77796 1.80974 1.86250 1.90611 1.91627 1.84988 1.71989 1.69311
1.04497 1.05499 1.22621 1.58594 1.71675 1.76688 1.76858 1.76717 1.76317 1.75911 1.75505 1.79763 1.86720 1.86703 1.91952 2.02180 2.22723 2.41275 2.36623 2.31751 2.21438 2.16422 2.14870 2.12907 2.17643 2.18769 2.17934 2.16498 2.15061 2.13516 2.11580 2.09607 2.07772 2.06857 2.02695 1.93416 1.79744 1.71696 1.52961 1.32104 1.24911 1.39116 1.35361 1.23242 1.17912 1.20122 1.23608 1.33676 1.57749 1.47366 1.48190 1.53263 1.57363 1.59425 1.59384 1.59205 1.64552 1.72967 1.77909 1.78007 1.82953 1.85929 1.88014 1.80382 1.73158 1.70644
1.03851 1.03851 1.13112 1.48318 1.70377 1.74850 1.75487 1.75223 1.74993 1.73716 1.72346 1.71778 1.81197 1.81798 1.81611 1.93063 2.02295 2.24992 2.27095 2.26790 2.20890 2.14964 2.08271 2.07389 2.07357 2.09347 2.08209 2.07674 2.05230 1.99454 1.94006 1.88603 1.83536 1.78840 1.77831 1.77697 1.64649 1.61076 1.41619 1.21776 1.12232 1.23888 1.36081 1.30847 1.26899 1.28011 1.32031 1.37425 1.63727 1.68905 1.57322 1.55220 1.54271 1.53338 1.52415 1.51505 1.51536 1.60414 1.64412 1.64909 1.69278 1.73438 1.77534 1.70846 1.64277 1.63626
