results/OMI_NO2_201012.asc
ncols      200
nrows      200
xllcorner       120.258
yllcorner       41.1236
cellsize     0.0166667
NODATA_Value      -999.000
[rows 112 to 139 of 200, columns 65 to 129 of 200]
1.02888 0.904956 0.904956 0.904956 0.904956 0.904956 0.906256 0.941475 0.991524 1.04009 0.910334 0.926303 1.02250 1.03071 1.03465 1.08654 1.16281 1.07949 0.781867 0.619130 0.182406 0.224282 0.232385 0.232385 0.232385 0.232385 0.232385 0.232385 0.232385 0.232385 0.239005 0.260859 0.288035 0.322150 0.366194 0.423394 0.444604 0.00000 0.00000 0.00000 0.00000 0.00000 0.00000 0.00000 0.00000 0.00000 0.00000 0.00000 0.00000 0.00000 0.00000 0.00000 0.526529 0.526529 0.526529 0.526529 0.526529 0.526529 0.526529 0.526529 0.526529 0.526529 0.526529 0.526529 0.526529
1.06561 0.938749 0.962146 1.01221 1.06225 1.11229 1.16102 1.17587 1.17587 1.17587 1.06706 0.981887 1.08576 1.27288 1.28465 1.16773 1.05592 0.955876 0.629737 0.613751 0.250304 0.195868 0.232385 0.232385 0.234000 0.251228 0.276176 0.307142 0.346607 0.398723 0.443419 0.444604 0.444604 0.444604 0.444604 0.444604 0.444604 0.00000 0.00000 0.00000 0.00000 0.00000 0.00000 0.00000 0.00000 0.00000 0.00000 0.00000 0.00000 0.526529 0.526529 0.526529 0.526529 0.526529 0.526529 0.526529 0.526529 0.526529 0.526529 0.526529 0.526529 0.526529 0.526529 0.526529 0.526529
1.29404 1.25585 1.17587 1.17587 1.17587 1.17587 1.17514 1.15849 1.13547 1.11244 1.06199 0.975699 0.924287 0.990383 0.958101 0.958101 0.958101 0.958101 0.741051 0.628530 0.456097 0.204238 0.321698 0.375434 0.431882 0.444604 0.444604 0.444604 0.444604 0.444604 0.444604 0.444604 0.444604 0.444604 0.444604 0.444604 0.444604 0.444604 0.00000 0.00000 0.00000 0.00000 0.00000 0.00000 0.00000 0.00000 0.00000 0.00000 0.00000 0.526529 0.526529 0.526529 0.526529 0.526529 0.526529 0.526529 0.526529 0.526529 0.526529 0.526529 0.526529 0.526529 0.526529 0.526529 0.526529
1.33692 1.31792 1.17609 1.15748 1.13445 1.11142 1.07919 1.00023 0.927492 0.865099 0.826796 0.825540 0.825540 0.911364 0.986639 1.01905 1.05143 1.08382 1.02636 0.789594 0.751905 0.259158 0.331414 0.444604 0.444604 0.444604 0.444604 0.444604 0.444604 0.444604 0.444604 0.444604 0.470598 0.537044 0.603901 0.670833 0.737691 0.795275 0.00000 0.00000 0.00000 0.00000 0.00000 0.00000 0.00000 0.00000 0.00000 0.00000 0.00000 0.526529 0.526529 0.526529 0.526529 0.526529 0.526529 0.526529 0.526529 0.526529 0.526529 0.526529 0.526529 0.526529 0.526529 0.526529 0.526529
1.29532 1.27142 1.12984 1.02616 0.949517 0.884077 0.833195 0.825540 0.833453 0.857309 0.881627 0.905918 0.930197 0.990983 1.13394 1.13394 1.13394 1.13394 1.13125 0.829638 0.789630 0.447764 0.265414 0.441966 0.444604 0.444604 0.452432 0.510413 0.577246 0.644053 0.710948 0.777805 0.818706 0.819156 0.819156 0.819156 0.819156 0.819156 0.00000 0.00000 0.00000 0.00000 0.00000 0.00000 0.00000 0.00000 0.00000 0.00000 0.00000 0.00000 0.526529 0.526529 0.526529 0.526529 0.526529 0.526529 0.526529 0.526529 0.526529 0.526529 0.526529 0.526529 0.526529 0.526529 0.526529
1.12000 1.03701 0.924728 0.843383 0.867674 0.891992 0.916297 0.940575 0.956967 0.957416 0.957416 0.957416 0.957416 0.957959 1.09886 1.13394 1.13394 1.13394 1.13394 0.954105 0.789705 0.660235 0.302310 0.487081 0.684317 0.751212 0.810241 0.819156 0.819156 0.819156 0.819156 0.819156 0.819156 0.819156 0.819156 0.819156 0.819156 0.819156 0.819156 0.00000 0.00000 0.00000 0.00000 0.00000 0.00000 0.00000 0.00000 0.00000 0.00000 0.00000 0.526529 0.526529 0.526529 0.526529 0.526529 0.526529 0.526529 0.526529 0.526529 0.526529 0.526529 0.526529 0.526529 0.526529 0.526529
0.707050 0.619503 0.558082 0.934615 0.957416 0.957416 0.957416 0.957416 0.957416 0.957416 0.957416 0.957416 0.957416 0.957416 1.02009 1.12731 1.08723 1.04248 0.997807 0.935821 0.905101 0.901924 0.474092 0.491831 0.819156 0.819156 0.819156 0.819156 0.819156 0.819156 0.819156 0.819156 0.819156 0.819156 0.819156 0.819156 0.819156 0.819156 0.819156 0.00000 0.00000 0.00000 0.00000 0.00000 0.00000 0.00000 0.00000 0.00000 0.00000 0.00000 0.00000 0.526529 0.526529 0.526529 0.526529 0.526529 0.526529 0.526529 0.526529 0.526529 0.526529 0.526529 0.526529 0.00000 0.00000
0.521798 0.516783 0.515496 0.788507 0.957416 0.957416 0.957416 0.957416 0.957416 0.957416 0.941700 0.908159 0.874637 0.841096 0.812614 0.887841 0.891412 0.891412 0.891412 0.891412 0.912183 0.977853 0.820418 0.666038 0.818850 0.819156 0.819156 0.819156 0.819156 0.819156 0.819156 0.819156 0.819156 0.819156 0.819156 0.819156 0.819156 0.819156 0.819156 0.819156 0.00000 0.00000 0.00000 0.00000 0.00000 0.00000 0.00000 0.00000 0.00000 0.00000 0.00000 0.526529 0.526529 0.526529 0.526529 0.526529 0.526529 0.526529 0.526529 0.00000 0.00000 0.00000 0.00000 0.00000 0.00000
0.521798 0.519133 0.515496 0.624112 0.954833 0.927494 0.893935 0.860431 0.826872 0.793349 0.775523 0.775523 0.775523 0.775523 0.804532 0.880857 0.891412 0.926393 1.01705 1.12888 1.27891 1.34469 1.26986 0.819156 0.819156 0.819156 0.819156 0.819156 0.819156 0.819156 0.819156 0.819156 0.819156 0.819156 0.819156 0.819156 0.819156 0.819156 0.819156 0.819156 0.00000 0.00000 0.00000 0.00000 0.00000 0.00000 0.00000 0.00000 0.00000 0.00000 0.00000 0.00000 0.526529 0.526529 0.526529 0.526529 0.00000 0.00000 0.00000 0.00000 0.00000 0.00000 0.00000 0.00000 0.00000
0.494059 0.470672 0.406102 0.372867 0.723699 0.775523 0.775523 0.775523 0.775523 0.775659 0.807469 0.863273 0.918942 0.987026 1.07974 1.15284 1.22167 1.30984 1.31009 1.31009 1.31275 1.34392 1.30534 0.871179 0.819156 0.819156 0.819156 0.819156 0.819156 0.819156 0.819156 0.819156 0.819156 0.819156 0.819156 0.819156 0.819156 0.819156 0.819156 0.819156 0.00000 0.00000 0.00000 0.00000 0.00000 0.00000 0.00000 0.00000 0.00000 0.00000 0.00000 0.00000 0.00000 0.00000 0.00000 0.00000 0.00000 0.00000 0.00000 0.00000 0.00000 0.00000 0.00000 0.00000 0.00000
0.402900 0.402900 0.356169 0.333603 0.555159 0.775998 0.810452 0.866188 0.921992 0.980489 1.05638 1.13395 1.22451 1.30922 1.31725 1.31725 1.31192 1.21257 1.04941 0.886348 0.723339 0.584194 0.469647 0.585531 0.819156 0.819156 0.819156 0.819156 0.819156 0.819156 0.819156 0.819156 0.819156 0.819156 0.819156 0.828233 0.886886 0.943057 0.858546 1.03970 1.18967 0.00000 0.00000 0.00000 0.00000 0.00000 0.00000 0.00000 0.00000 0.00000 0.00000 0.00000 0.00000 0.00000 0.00000 0.00000 0.00000 0.00000 0.00000 0.00000 0.00000 0.00000 0.00000 0.00000 0.00000
0.402900 0.403804 0.419950 0.427227 0.542027 0.978291 1.03408 1.10809 1.19422 1.29042 1.31725 1.30276 1.20677 1.09812 0.989349 0.880638 0.707721 0.426742 0.426742 0.426742 0.426742 0.437967 0.461343 0.490606 0.818084 0.819156 0.819156 0.819156 0.819156 0.819748 0.861061 0.927086 0.993149 1.03202 0.916118 0.808811 0.702601 0.621970 0.604140 0.840753 1.18967 0.00000 0.00000 0.00000 0.00000 0.00000 0.00000 0.00000 0.00000 0.00000 0.00000 0.00000 0.00000 0.00000 0.00000 0.00000 0.00000 0.00000 0.00000 0.00000 0.00000 0.00000 0.00000 0.00000 0.00000
0.555242 0.610120 0.636522 0.609871 0.647005 1.12474 1.26984 1.16137 1.05266 0.944004 0.835234 0.741069 0.728349 0.728349 0.728349 0.728349 0.725926 0.478763 0.426742 0.426742 0.426742 0.427692 0.458939 0.461343 0.707048 0.901262 0.967324 1.03339 1.09941 1.11002 0.937016 0.791791 0.686223 0.614024 0.604140 0.604140 0.604140 0.604140 0.604140 0.656200 1.18515 0.00000 0.00000 0.00000 0.00000 0.00000 0.00000 0.00000 0.00000 0.00000 0.00000 0.00000 0.00000 0.00000 0.00000 0.00000 0.00000 0.00000 0.00000 0.00000 0.00000 0.00000 0.0204165 0.0204165 0.00000
0.712424 0.795964 0.903005 0.906709 0.920231 0.891678 0.728584 0.728349 0.728349 0.728349 0.728349 0.728349 0.728349 0.728349 0.728349 0.728349 0.728349 0.616685 0.426782 0.427930 0.429579 0.431226 0.521522 0.621591 0.788950 1.10162 0.907730 0.770929 0.670612 0.608506 0.604140 0.604140 0.604140 0.604140 0.604140 0.604140 0.604140 0.604140 0.604140 0.604140 0.946273 1.18967 0.00000 0.00000 0.00000 0.00000 0.00000 0.00000 0.00000 0.00000 0.00000 0.00000 0.00000 0.00000 0.00000 0.00000 0.00000 0.00000 0.0204165 0.0204165 0.0204165 0.0204165 0.0204165 0.0204165 0.00000
1.14789 1.17935 1.17935 1.15330 1.04076 1.01603 0.736557 0.728349 0.728349 0.728349 0.728349 0.728349 0.728349 0.728569 0.729594 0.730692 0.731791 0.716697 0.449102 0.435658 0.435658 0.412126 0.412485 0.501940 0.470980 0.599511 0.604140 0.604140 0.604140 0.604140 0.604140 0.604140 0.604140 0.604140 0.604140 0.604140 0.604140 0.604140 0.604140 0.604140 0.720096 1.18967 0.00000 0.00000 0.00000 0.00000 0.00000 0.00000 0.00000 0.00000 0.00000 0.00000 0.00000 0.0204165 0.0204165 0.0204165 0.0204165 0.0204165 0.0204165 0.0204165 0.0204165 0.0204165 0.0204165 0.0204165 0.0204165
1.17935 1.17935 1.17935 1.17935 1.06622 1.04076 0.812155 0.728350 0.728947 0.730046 0.731144 0.732242 0.733341 0.734219 0.734293 0.734293 0.733435 0.676835 0.458551 0.334484 0.308217 0.296642 0.296980 0.417147 0.437271 0.536453 0.604140 0.604140 0.604140 0.604140 0.604140 0.604140 0.604140 0.604140 0.604140 0.604140 0.604140 0.604140 0.604140 0.604140 0.609518 1.04902 0.00000 0.00000 0.00000 0.00000 0.00000 0.00000 0.00000 0.0204165 0.0204165 0.0204165 0.0204165 0.0204165 0.0204165 0.0204165 0.0204165 0.0204165 0.0204165 0.0204165 0.0204165 0.0204165 0.0204165 0.0204165 0.0204165
1.17935 1.17935 1.18336 1.22558 1.17880 1.04563 0.933270 0.733792 0.734293 0.734293 0.734293 0.734293 0.734293 0.709460 0.648507 0.587405 0.507511 0.371041 0.357536 0.296642 0.296642 0.296642 0.296642 0.366000 0.437271 0.478965 0.604140 0.604140 0.604140 0.604140 0.604140 0.604140 0.604140 0.604140 0.604140 0.604140 0.604140 0.604140 0.604140 0.604140 0.604140 0.798036 1.18967 0.00000 0.00000 0.0204165 0.0204165 0.0204165 0.0204165 0.0204165 0.0204165 0.0204165 0.0204165 0.0204165 0.0204165 0.0204165 0.0204165 0.0204165 0.0204165 0.0204165 0.0204165 0.0204165 0.0204165 0.0204165 0.0204165
1.34177 1.39342 1.44106 1.45049 1.41419 1.05643 1.04459 0.757487 0.734293 0.706458 0.645257 0.584031 0.522904 0.486511 0.486213 0.486213 0.486213 0.399519 0.369313 0.316124 0.323327 0.417946 0.515861 0.632414 0.851888 0.939060 0.641241 0.604140 0.604140 0.604140 0.604140 0.604140 0.604140 0.604140 0.604140 0.604140 0.604140 0.604140 0.605790 0.654490 0.724933 0.864803 0.979103 0.0204165 0.0204165 0.0204165 0.0204165 0.0204165 0.0204165 0.0204165 0.0204165 0.0204165 0.0204165 0.0204165 0.0204165 0.0204165 0.0204165 0.0204165 0.0204165 0.0204165 0.0204165 0.0204165 0.0204165 0.0204165 0.0204165
1.45049 1.45049 1.45049 1.45049 1.45049 1.12200 0.911283 0.668480 0.519531 0.486288 0.486213 0.486213 0.486213 0.486213 0.487542 0.551118 0.649192 0.688390 0.638539 0.724458 0.824833 0.828211 0.828211 0.828211 0.935237 0.968839 0.789896 0.604140 0.604140 0.604140 0.604140 0.604140 0.604140 0.627351 0.696316 0.766538 0.838560 0.940503 1.05146 1.11525 1.15728 1.17377 0.971716 0.0208074 0.0204165 0.0204165 0.0204165 0.0204165 0.0204165 0.0204165 0.0204165 0.0204165 0.0204165 0.0204165 0.0204165 0.0204165 0.0204165 0.0204165 0.0204165 0.0204165 0.0204165 0.0204165 0.0204165 0.0204165 0.0204165
1.45035 1.39888 1.30704 1.21539 1.12348 0.945223 0.677555 0.633880 0.486290 0.503170 0.592793 0.690814 0.788782 0.886750 0.983495 1.01778 1.01778 1.01668 0.799254 0.769272 0.821619 0.828211 0.828211 0.828211 0.883769 0.968839 0.909443 0.610032 0.667960 0.738182 0.808364 0.878508 0.953470 1.03686 1.08042 1.12277 1.16326 1.17377 1.17377 1.17377 1.17377 1.17377 1.12783 0.337745 0.0204165 0.0204165 0.0204165 0.0204165 0.0204165 0.0204165 0.0204165 0.0204165 0.0204165 0.0204165 0.0204165 0.0204165 0.0204165 0.0204165 0.0204165 0.0204165 0.0204165 0.0204165 0.0204165 0.0204165 0.0204165
1.11879 1.07838 1.07838 1.07838 1.04839 0.971193 0.619960 0.572615 0.840724 1.00949 1.01778 1.01778 1.01778 1.01778 1.01778 1.01778 1.01778 1.01778 0.894257 0.767989 0.795182 0.828211 0.823682 0.812823 0.811315 1.11803 1.17923 1.03198 1.00583 1.04559 1.08790 1.13029 1.16789 1.17377 1.17377 1.17377 1.17377 1.17377 1.17377 1.17377 1.17377 1.17377 1.17309 0.752267 0.0204165 0.0204165 0.0204165 0.0204165 0.0204165 0.0204165 0.0204165 0.0204165 0.0204165 0.0204165 0.0204165 0.0204165 0.0204165 0.0204165 0.0204165 0.0204165 0.0204165 0.0204165 0.0204165 0.0204165 0.0204165
0.965802 0.911166 0.864292 0.823556 0.801377 0.801155 0.643308 0.533941 0.738492 1.01778 1.01778 1.01778 1.01778 1.01778 1.01778 1.01778 1.01719 1.00873 0.980446 0.754196 0.741163 0.774714 0.769204 0.769163 0.778844 1.11396 1.29640 1.25066 1.17118 1.17377 1.17377 1.17377 1.17377 1.17377 1.17377 1.17377 1.17377 1.17377 1.17377 1.17377 1.17377 1.17377 1.17377 1.05142 0.0439768 0.0204165 0.0204165 0.0204165 0.0204165 0.0204165 0.0204165 0.0204165 0.0204165 0.0204165 0.0204165 0.0204165 0.0204165 0.0204165 0.0204165 0.0204165 0.0204165 0.0204165 0.00000 0.00000 0.00000
0.838784 0.801155 0.801155 0.801155 0.801155 0.801155 0.742421 0.533941 0.570740 1.00617 1.01778 1.01472 1.00417 0.993265 0.982365 0.971471 0.961173 0.958734 0.958734 0.805632 0.734029 0.789434 0.839894 0.868136 0.886662 1.02678 1.34859 1.33222 1.17473 1.17377 1.17377 1.17377 1.17377 1.17377 1.17377 1.17377 1.17377 1.17377 1.17377 1.17377 1.17377 1.17377 1.17377 1.16248 0.451716 0.0204165 0.0204165 0.0204165 0.0204165 0.0204165 0.0204165 0.0204165 0.0204165 0.0204165 0.0204165 0.0204165 0.0204165 0.00000 0.00000 0.00000 0.00000 0.00000 0.00000 0.00000 0.00000
0.997519 0.801155 0.801155 0.801155 0.801155 0.801573 0.836159 0.581343 0.504866 0.823543 0.966906 0.959070 0.958734 0.958734 0.958734 0.958734 0.958166 0.956303 0.954389 0.920323 0.806653 0.823511 0.887087 0.887087 0.887087 0.896363 1.31126 1.34859 1.22881 1.17377 1.17377 1.17377 1.17377 1.17377 1.17377 1.17377 1.17377 1.17377 1.17377 1.17377 1.17377 1.17377 1.17377 1.17377 0.862336 0.0204165 0.0204165 0.0204165 0.0204165 0.0204165 0.0204165 0.0204165 0.0204165 0.00000 0.00000 0.00000 0.00000 0.00000 0.00000 0.00000 0.00000 0.00000 0.00000 0.00000 0.00000
1.12463 0.866108 0.907242 0.964148 1.02099 1.07754 1.09940 0.799611 0.474893 0.625113 0.958734 0.958734 0.958096 0.956213 0.954300 0.952386 0.951039 0.950988 0.950988 0.950988 0.835786 0.806561 0.871043 0.878276 0.811119 0.733212 0.921280 1.03898 1.03121 1.17377 1.17377 1.17377 1.17377 1.17377 1.17377 1.17377 1.17377 1.17377 1.17377 1.17377 1.17377 1.17377 1.14211 1.05918 0.948909 0.0813344 0.0204165 0.0204165 0.0204165 0.00000 0.00000 0.00000 0.00000 0.00000 0.00000 0.00000 0.00000 0.00000 0.00000 0.00000 0.00000 0.00000 0.00000 0.00000 0.00000
1.35803 1.22722 1.09940 1.09940 1.09940 1.09940 1.09940 1.02504 0.478551 0.482482 0.914826 0.952297 0.951019 0.950988 0.950988 0.950988 0.950988 0.950988 0.920298 0.842812 0.726332 0.608408 0.548319 0.476178 0.465513 0.465513 0.563674 0.927014 0.938201 1.16344 1.17377 1.17377 1.17377 1.17377 1.17377 1.17377 1.16424 1.09201 1.00834 0.925235 0.879656 0.851172 0.858835 0.960658 1.03694 1.03707 0.00000 0.00000 0.00000 0.00000 0.00000 0.00000 0.00000 0.00000 0.00000 0.00000 0.00000 0.00000 0.00000 0.00000 0.00000 0.00000 0.00000 0.00000 0.00000
1.36667 1.33573 1.10228 1.09940 1.09861 1.09670 1.09479 1.09288 0.626913 0.467148 0.742453 0.950988 0.947489 0.888553 0.810688 0.732781 0.654959 0.577010 0.529878 0.529414 0.528545 0.493418 0.489072 0.467030 0.465513 0.465513 0.466112 0.857013 0.927014 1.07015 1.17348 1.12480 1.04112 0.957493 0.873911 0.792693 0.753178 0.796862 0.873394 0.982528 1.03707 1.03707 1.03707 1.03707 1.03707 1.03707 0.00000 0.00000 0.00000 0.00000 0.00000 0.00000 0.00000 0.00000 0.00000 0.00000 0.00000 0.00000 0.00000 0.00000 0.00000 0.00000 0.00000 0.00000 0.00000
1.36601 1.36457 1.19576 1.09279 1.09167 1.09166 1.09166 1.10175 0.902939 0.501247 0.581110 0.622750 0.548427 0.529414 0.529414 0.529414 0.529414 0.529414 0.529414 0.529414 0.529414 0.507347 0.490156 0.477288 0.465513 0.493056 0.626262 0.809329 0.748968 0.723306 0.739719 0.709585 0.749471 0.808704 0.890015 1.00159 1.03707 1.03707 1.03707 1.03707 1.03707 1.03707 1.03707 1.03707 1.03707 1.03707 1.03707 0.00000 0.00000 0.00000 0.00000 0.00000 0.00000 0.00000 0.00000 0.00000 0.00000 0.00000 0.00000 0.00000 0.00000 0.00000 0.00000 0.00000 5.02994
