results/OMI_NO2_201104.asc
ncols      200
nrows      200
xllcorner       120.258
yllcorner       41.1236
cellsize     0.0166667
NODATA_Value      -999.000
[rows 29 to 57 of 199, columns 0 to 63 of 200]
0.00000 0.290545 0.290545 0.290545 0.290545 0.290545 0.290545 0.290545 0.290545 0.290545 0.290545 0.290545 0.375139 0.548012 0.720534 0.893056 1.06593 1.16728 1.16807 1.16807 1.16807 1.10003 0.602511 0.602511 0.559954 0.539229 0.539229 0.539229 0.536382 0.526720 0.513507 0.494724 0.476577 0.475947 0.475947 0.475947 0.475947 0.475947 0.475947 0.475947 0.475947 0.384992 0.304563 0.304563 0.304563 0.304563 0.304563 0.300609 0.275192 0.237084 0.181041 0.133589 0.152084 0.199308 0.246790 0.294273 0.341755 0.383887 0.390394 0.390394 0.392651 0.888124 0.969178 0.969178
0.00000 0.290545 0.290545 0.290545 0.290545 0.290545 0.290984 0.389706 0.562403 0.734750 0.907623 1.08023 1.16807 1.16807 1.16807 1.16807 1.16807 1.16807 1.16807 1.16807 1.16807 1.16807 0.699527 0.602511 0.592855 0.527763 0.512946 0.493901 0.476401 0.475947 0.475947 0.475947 0.475947 0.475947 0.475947 0.475947 0.475947 0.475947 0.475947 0.475947 0.475947 0.464036 0.310137 0.303857 0.285202 0.251181 0.204043 0.178913 0.219088 0.266570 0.314052 0.361560 0.390111 0.390394 0.390394 0.390394 0.390394 0.390394 0.390394 0.390394 0.390394 0.669192 0.969178 0.969178
0.00000 0.290545 0.402420 0.576619 0.749317 0.922015 1.09401 1.16807 1.16807 1.16807 1.16807 1.16807 1.16807 1.16807 1.16807 1.16807 1.16807 1.16807 1.16807 1.16807 1.08523 0.905932 0.642344 0.592494 0.602511 0.475947 0.475947 0.475947 0.475947 0.475947 0.475947 0.475947 0.475947 0.475947 0.475947 0.475947 0.475947 0.475947 0.475947 0.475947 0.475947 0.475947 0.293388 0.255961 0.286376 0.333832 0.379077 0.390394 0.390394 0.390394 0.390394 0.390394 0.390394 0.390394 0.390394 0.390394 0.390394 0.390394 0.390394 0.390394 0.390394 0.454362 0.962868 0.969178
0.00000 0.00000 1.16807 1.16807 1.16807 1.16807 1.16807 1.16807 1.16807 1.16807 1.16807 1.16807 1.16807 1.16807 1.16807 1.16807 1.10031 0.918529 0.790568 0.698434 0.650489 0.649449 0.620800 0.182160 0.00000 0.475947 0.475947 0.475947 0.475947 0.475947 0.475947 0.475947 0.475947 0.475947 0.475947 0.475947 0.475947 0.475947 0.475947 0.475947 0.475947 0.00000 0.390394 0.390394 0.390394 0.390394 0.390394 0.390394 0.390394 0.390394 0.390394 0.390394 0.390394 0.390394 0.390394 0.390394 0.390394 0.390394 0.390394 0.390394 0.390394 0.390394 0.805771 0.969178
0.00000 0.00000 1.16807 1.16807 1.16807 1.16807 1.16807 1.16807 1.16807 1.16807 1.16807 1.16807 1.11391 0.931604 0.799759 0.705192 0.651663 0.649449 0.649449 0.649449 0.649449 0.649449 0.649449 0.436158 0.00000 0.00000 0.475947 0.475947 0.475947 0.475947 0.475947 0.475947 0.475947 0.475947 0.475947 0.475947 0.475947 0.00000 0.00000 0.00000 0.00000 0.00000 0.00000 0.390394 0.390394 0.390394 0.390394 0.390394 0.390394 0.390394 0.390394 0.390394 0.390394 0.390394 0.390394 0.390394 0.390394 0.390394 0.390394 0.390394 0.390394 0.390394 0.584595 0.969178
0.00000 0.00000 0.00000 1.16807 1.16807 1.16807 1.16807 1.16807 1.12655 0.945056 0.809120 0.712079 0.653421 0.649449 0.649449 0.649449 0.649449 0.649449 0.649449 0.649449 0.649449 0.649449 0.649449 0.557956 0.130825 0.00000 0.475947 0.475947 0.475947 0.475947 0.475947 0.475947 0.475947 0.00000 0.00000 0.00000 0.00000 0.00000 0.00000 0.00000 0.00000 0.00000 0.00000 0.390394 0.390394 0.390394 0.390394 0.390394 0.390394 0.390394 0.390394 0.390394 0.390394 0.390394 0.390394 0.390394 0.390394 0.390394 0.390394 0.390394 0.390394 0.390394 0.406197 0.926405
0.00000 0.00000 0.00000 1.16807 1.13747 0.959034 0.818838 0.719168 0.655589 0.649449 0.649449 0.649449 0.649449 0.649449 0.649449 0.649449 0.649449 0.649449 0.649449 0.649449 0.632160 0.544060 0.448216 0.346802 0.140106 0.00000 0.00000 0.475947 0.475947 0.475947 0.00000 0.00000 0.00000 0.00000 0.00000 0.00000 0.00000 0.00000 0.00000 0.00000 0.00000 0.00000 0.00000 0.390394 0.390394 0.390394 0.390394 0.390394 0.390394 0.390394 0.390394 0.390394 0.390394 0.390394 0.390394 0.390394 0.390394 0.390394 0.390394 0.390394 0.390394 0.390394 0.390394 0.749489
0.130825 0.130825 0.130825 0.137495 0.618340 0.649449 0.649449 0.649449 0.649449 0.649449 0.649449 0.649449 0.649449 0.649449 0.649449 0.626852 0.535683 0.440034 0.344287 0.248443 0.170034 0.162437 0.162437 0.162437 0.151823 0.130825 0.00000 0.00000 0.00000 0.00000 0.00000 0.00000 0.00000 0.00000 0.00000 0.00000 0.00000 0.00000 0.00000 0.00000 0.00000 0.00000 0.00000 0.00000 0.390394 0.390394 0.390394 0.390394 0.390394 0.390394 0.390394 0.390394 0.390394 0.390394 0.390394 0.390394 0.390394 0.390394 0.390394 0.390394 0.390394 0.00000 0.00000 0.00000
0.130825 0.130825 0.130825 0.130825 0.457873 0.649449 0.649449 0.649449 0.649449 0.649449 0.620764 0.527501 0.431755 0.335911 0.240308 0.167112 0.162437 0.162437 0.162437 0.162437 0.162437 0.162437 0.162437 0.162437 0.160259 0.131670 0.00000 0.00000 0.00000 0.00000 0.00000 0.00000 0.00000 0.00000 0.00000 0.00000 0.00000 0.00000 0.00000 0.00000 0.00000 0.00000 0.00000 0.00000 0.390394 0.390394 0.390394 0.390394 0.390394 0.390394 0.390394 0.390394 0.390394 0.390394 0.390394 0.390394 0.00000 0.00000 0.00000 0.00000 0.00000 0.00000 0.00000 0.00000
0.130825 0.130825 0.130825 0.130825 0.211643 0.607222 0.519222 0.423476 0.327729 0.231982 0.164872 0.162437 0.162437 0.162437 0.162437 0.162437 0.162437 0.162437 0.162437 0.162437 0.162437 0.162437 0.162437 0.164858 0.177365 0.191768 0.237494 0.00000 0.00000 0.00000 0.00000 0.00000 0.00000 0.00000 0.00000 0.00000 0.00000 0.00000 0.00000 0.00000 0.00000 0.00000 0.00000 0.00000 0.390394 0.390394 0.390394 0.390394 0.390394 0.390394 0.390394 0.00000 0.00000 0.00000 0.00000 0.00000 0.00000 0.00000 0.00000 0.00000 0.00000 0.00000 0.00000 0.00000
0.130825 0.130825 0.130825 0.130825 0.130825 0.155992 0.162437 0.162437 0.162437 0.162437 0.162437 0.162437 0.162437 0.162437 0.162437 0.162437 0.162437 0.162437 0.162437 0.164218 0.176208 0.189845 0.203462 0.214656 0.215771 0.220157 0.237494 0.00000 0.00000 0.00000 0.00000 0.00000 0.00000 0.00000 0.00000 0.00000 0.00000 0.00000 0.00000 0.00000 0.00000 0.00000 0.00000 0.00000 0.00000 0.00000 0.00000 0.00000 0.00000 0.00000 0.420104 0.420104 0.420104 0.420104 0.00000 0.00000 0.00000 0.00000 0.00000 0.00000 0.00000 0.00000 0.00000 0.00000
0.130825 0.130825 0.130825 0.130825 0.130825 0.144046 0.162437 0.162437 0.162437 0.162437 0.162437 0.162437 0.162437 0.162437 0.162437 0.163679 0.175066 0.188699 0.202310 0.214150 0.215771 0.215771 0.215771 0.215771 0.215771 0.216043 0.233721 0.237494 0.00000 0.00000 0.00000 0.00000 0.00000 0.00000 0.00000 0.00000 0.00000 0.00000 0.00000 0.00000 0.00000 0.00000 0.00000 0.00000 0.00000 0.00000 0.420104 0.420104 0.420104 0.420105 0.420104 0.420104 0.420104 0.420104 0.00000 0.00000 0.00000 0.00000 0.00000 0.00000 0.00000 0.00000 0.00000 0.00000
0.130825 0.130825 0.130825 0.130825 0.130825 0.131165 0.160087 0.162437 0.162437 0.162437 0.162437 0.163242 0.173920 0.187541 0.201163 0.213547 0.215771 0.215771 0.215771 0.215771 0.215771 0.215771 0.215771 0.215771 0.215771 0.215771 0.224007 0.237494 0.00000 0.00000 0.00000 0.00000 0.00000 0.00000 0.00000 0.00000 0.00000 0.00000 0.00000 0.00000 0.00000 0.00000 0.420104 0.420104 0.420104 0.420104 0.420104 0.420104 0.420104 0.420104 0.420104 0.420104 0.420104 0.420104 0.420104 0.00000 0.00000 0.00000 0.00000 0.00000 0.00000 0.00000 0.00000 0.00000
0.130825 0.130825 0.130825 0.130825 0.130825 0.130825 0.151033 0.162885 0.172778 0.186395 0.200021 0.212832 0.215771 0.215771 0.215771 0.215771 0.215771 0.215771 0.215771 0.215771 0.215771 0.215771 0.215771 0.215866 0.217623 0.220445 0.226350 0.237494 0.00000 0.00000 0.00000 0.00000 0.00000 0.00000 0.00000 0.00000 0.00000 0.00000 0.420104 0.420104 0.420104 0.420104 0.420104 0.420104 0.420104 0.420104 0.420104 0.420104 0.420104 0.420104 0.420104 0.420104 0.420104 0.420104 0.420104 0.00000 0.00000 0.00000 0.00000 0.00000 0.00000 0.00000 0.00000 0.00000
0.130825 0.130825 0.130825 0.131252 0.149215 0.176437 0.202873 0.212218 0.215771 0.215771 0.215771 0.215771 0.215771 0.215771 0.215771 0.215771 0.215771 0.215771 0.215924 0.217820 0.220694 0.224349 0.229181 0.235480 0.237494 0.237494 0.237494 0.237494 0.237494 0.00000 0.00000 0.00000 0.00000 0.00000 0.420104 0.420104 0.420104 0.420104 0.420104 0.420104 0.420104 0.420104 0.420104 0.420104 0.420104 0.420104 0.420104 0.420104 0.420104 0.420104 0.420104 0.420104 0.420104 0.420104 0.420105 0.00000 0.00000 0.00000 0.497239 0.497239 0.497238 0.497238 0.497239 0.497238
0.143128 0.174143 0.201408 0.228214 0.237494 0.237494 0.237494 0.219980 0.215771 0.215771 0.215771 0.215771 0.215771 0.215994 0.218024 0.220946 0.224683 0.229616 0.235891 0.237494 0.237494 0.237494 0.237494 0.237494 0.237494 0.237494 0.237494 0.237494 0.237494 0.00000 0.420105 0.420104 0.420104 0.420105 0.420104 0.420104 0.420104 0.420104 0.420104 0.420104 0.420104 0.420104 0.420104 0.420104 0.420104 0.420104 0.420104 0.420104 0.420104 0.420104 0.420104 0.420104 0.420104 0.422763 0.433393 0.473843 0.497239 0.497238 0.497238 0.497238 0.497238 0.497238 0.497238 0.497238
0.237494 0.237494 0.237494 0.237494 0.237494 0.237494 0.237494 0.228033 0.216077 0.218230 0.221203 0.225017 0.230076 0.236253 0.237494 0.237494 0.237494 0.237494 0.237494 0.237494 0.237494 0.237494 0.237494 0.237494 0.237494 0.237494 0.234163 0.194349 0.143319 0.356117 0.420104 0.420104 0.420104 0.420104 0.420104 0.420104 0.420104 0.420104 0.420104 0.420104 0.420104 0.420104 0.420104 0.420104 0.420104 0.420104 0.420104 0.420125 0.427057 0.437137 0.444706 0.450575 0.455270 0.458415 0.458671 0.468115 0.497238 0.497238 0.497238 0.497238 0.497238 0.497238 0.497238 0.497238
0.00000 0.237494 0.237494 0.237494 0.237494 0.237494 0.237494 0.237239 0.236575 0.237494 0.237494 0.237494 0.237494 0.237494 0.237494 0.237494 0.237494 0.237494 0.237494 0.237494 0.237494 0.237494 0.235546 0.198634 0.148866 0.0991174 0.0526802 0.0427071 0.0427071 0.208782 0.420104 0.420104 0.420104 0.420104 0.420104 0.420104 0.420104 0.420104 0.420104 0.420104 0.420104 0.420104 0.421685 0.447008 0.472592 0.491806 0.506739 0.518712 0.472744 0.458671 0.458671 0.458671 0.458671 0.458671 0.458986 0.460408 0.491957 0.497238 0.497238 0.497238 0.497238 0.497238 0.497238 0.497238
0.00000 0.237494 0.237494 0.237494 0.237494 0.237494 0.237494 0.237494 0.237494 0.237494 0.237494 0.237494 0.237494 0.237494 0.237494 0.237494 0.237494 0.237494 0.236520 0.202919 0.153151 0.103403 0.0555436 0.0427071 0.0427071 0.0427071 0.0427071 0.0427071 0.0427071 0.0624887 0.397831 0.420104 0.420104 0.420104 0.420104 0.420104 0.420104 0.425680 0.454293 0.477941 0.495925 0.510029 0.520970 0.523535 0.523535 0.523535 0.523535 0.523535 0.497739 0.458671 0.459017 0.459746 0.460474 0.461205 0.461619 0.461620 0.474031 0.497238 0.497238 0.497238 0.497238 0.497238 0.497238 0.497238
0.00000 0.00000 0.237494 0.237494 0.237494 0.237494 0.237494 0.237494 0.237494 0.237494 0.237494 0.237494 0.237494 0.237494 0.237202 0.207204 0.157436 0.107649 0.0588550 0.0427071 0.0427071 0.0427071 0.0427071 0.0427071 0.0427071 0.0427071 0.0427071 0.0427071 0.0427071 0.0427071 0.249020 0.420104 0.431777 0.460972 0.482982 0.499799 0.513124 0.522485 0.523535 0.523535 0.523535 0.523535 0.523535 0.523535 0.523535 0.523535 0.523911 0.524640 0.521828 0.463987 0.461620 0.461620 0.461620 0.461620 0.461620 0.461620 0.463527 0.495691 0.497238 0.497238 0.497238 0.497238 0.497238 0.497238
0.00000 0.00000 0.237494 0.237494 0.237494 0.237494 0.237494 0.237494 0.237494 0.237494 0.237494 0.211470 0.161683 0.111934 0.0624585 0.0427071 0.0427071 0.0427071 0.0427071 0.0427071 0.0427071 0.0427071 0.0427071 0.0427071 0.0427071 0.0427071 0.0427071 0.0494258 0.0607485 0.129447 0.304563 0.512637 0.523322 0.523535 0.523535 0.523535 0.523535 0.523535 0.523535 0.523535 0.523535 0.523536 0.523942 0.524671 0.525401 0.526130 0.526484 0.526484 0.526484 0.485816 0.461620 0.461620 0.461620 0.461620 0.461620 0.461620 0.461620 0.478455 0.497238 0.497238 0.497238 0.497238 0.497238 0.497238
0.00000 0.00000 0.00000 0.237494 0.237494 0.237494 0.237494 0.215639 0.165988 0.116200 0.0664711 0.0427071 0.0427071 0.0427071 0.0427071 0.0427071 0.0427071 0.0427071 0.0427071 0.0427071 0.0427071 0.0427233 0.0504769 0.0615236 0.0696421 0.0758913 0.0808411 0.0831022 0.0831042 0.0994164 0.326025 0.458117 0.523535 0.523535 0.523535 0.523535 0.523535 0.523538 0.523973 0.524702 0.525432 0.526160 0.526484 0.526484 0.526484 0.526484 0.526484 0.526484 0.526484 0.510810 0.461620 0.461620 0.461620 0.461620 0.461620 0.461620 0.461620 0.465679 0.497224 0.497238 0.497238 0.497238 0.532410 0.625371
0.00000 0.00000 0.00000 0.237494 0.171940 0.120505 0.0707369 0.0427851 0.0427071 0.0427071 0.0427071 0.0427071 0.0427071 0.0427071 0.0427071 0.0427071 0.0428282 0.0515243 0.0622657 0.0702105 0.0763360 0.0811940 0.0831042 0.0831042 0.0831042 0.0831042 0.0831042 0.0831042 0.0831042 0.0831042 0.244162 0.373859 0.523478 0.523542 0.524004 0.524733 0.525463 0.526189 0.526484 0.526484 0.526484 0.526484 0.526484 0.526484 0.526484 0.526484 0.526484 0.526484 0.526484 0.526283 0.471131 0.461620 0.461620 0.461620 0.461620 0.461620 0.463501 0.498317 0.619406 0.758332 0.852157 0.945982 1.00469 1.00550
0.00000 0.00000 0.00000 0.00000 0.0427071 0.0427071 0.0427071 0.0427071 0.0427071 0.0427071 0.0427071 0.0430451 0.0525296 0.0629994 0.0707670 0.0767697 0.0815150 0.0831042 0.0831042 0.0831042 0.0831042 0.0831042 0.0831042 0.0831042 0.0831042 0.0831042 0.0831042 0.0831042 0.0831042 0.0832990 0.166212 0.388282 0.504332 0.526216 0.526484 0.526484 0.526484 0.526484 0.526484 0.526484 0.526484 0.526484 0.526484 0.526484 0.526484 0.526484 0.526484 0.526484 0.526484 0.526484 0.495927 0.473056 0.517834 0.564772 0.611659 0.658623 0.703680 0.715751 0.772882 1.00550 1.00550 1.00550 1.00550 1.00550
0.00000 0.00000 0.00000 0.00000 0.0427071 0.0427071 0.0427160 0.0431411 0.0436378 0.0440032 0.0471937 0.0813438 0.0831042 0.0831042 0.0831042 0.0831042 0.0831042 0.0831042 0.0831042 0.0831042 0.0831042 0.0831042 0.0831042 0.0831042 0.0831042 0.0831172 0.100755 0.133888 0.167021 0.199958 0.213942 0.428393 0.484102 0.526484 0.526484 0.526484 0.526484 0.526484 0.526484 0.526484 0.526484 0.526484 0.526484 0.526484 0.526484 0.526484 0.521744 0.510113 0.495583 0.476937 0.486184 0.711555 0.715751 0.715751 0.715751 0.715751 0.715751 0.719465 0.736356 0.953684 1.00550 1.00550 1.00550 1.00550
0.00000 0.0464042 0.0464042 0.0464042 0.0464042 0.0445186 0.0444861 0.0445557 0.0445557 0.0445557 0.0445557 0.0717877 0.0831042 0.0831042 0.0831042 0.0831042 0.0831042 0.0831042 0.0831042 0.0831042 0.0831042 0.0831042 0.0981574 0.131243 0.164371 0.197491 0.212986 0.212986 0.212986 0.212986 0.212986 0.331123 0.465306 0.517906 0.526484 0.526484 0.526484 0.526484 0.526484 0.526484 0.526222 0.518950 0.506657 0.491198 0.471192 0.444272 0.426002 0.426002 0.426002 0.426002 0.426002 0.665499 0.715751 0.720004 0.734954 0.750423 0.765893 0.777643 0.778382 0.845363 1.00550 1.00550 1.00550 1.00550
0.0464042 0.0464042 0.0464042 0.0464042 0.0464042 0.0455456 0.0445557 0.0445557 0.0445557 0.0445557 0.0445557 0.0565746 0.0831042 0.0831042 0.0831042 0.0831042 0.0831042 0.0831042 0.0957416 0.128602 0.161734 0.194867 0.212947 0.212986 0.212986 0.212986 0.212986 0.212986 0.212986 0.212986 0.212986 0.237227 0.460413 0.491073 0.526484 0.525305 0.515997 0.502991 0.486510 0.464990 0.436605 0.426002 0.426002 0.426002 0.426002 0.426002 0.426002 0.426002 0.426002 0.435673 0.465936 0.620703 0.766657 0.777856 0.778382 0.778382 0.778382 0.778382 0.778382 0.785962 0.985856 1.00550 1.00550 1.00550
0.0464042 0.0464042 0.0464042 0.0464042 0.0464042 0.0463811 0.0447137 0.0445557 0.0445557 0.0445557 0.0445557 0.0451917 0.0792554 0.0831042 0.0935337 0.125952 0.159085 0.192217 0.212713 0.212986 0.212986 0.212986 0.212986 0.212986 0.212986 0.212986 0.212986 0.212986 0.212986 0.212986 0.226869 0.283284 0.404562 0.396265 0.451554 0.430770 0.426002 0.426002 0.426002 0.426002 0.426002 0.426002 0.426002 0.426002 0.426002 0.436913 0.467464 0.498416 0.529318 0.550574 0.551263 0.561172 0.768548 0.778382 0.778382 0.778382 0.778382 0.778382 0.778382 0.778382 0.871916 1.00550 1.00550 1.00550
0.0464042 0.0464042 0.0464042 0.0464042 0.0464042 0.0464042 0.0453570 0.0445557 0.0445557 0.0445557 0.0529850 0.0847540 0.138005 0.189568 0.212271 0.212986 0.212986 0.212986 0.212986 0.212986 0.212986 0.212986 0.212986 0.212986 0.212986 0.230635 0.288413 0.347668 0.407044 0.466360 0.511707 0.514694 0.477140 0.302470 0.368906 0.426002 0.426002 0.426002 0.426002 0.426002 0.426002 0.438240 0.468992 0.499931 0.530833 0.550863 0.551263 0.551263 0.551263 0.551263 0.551263 0.551263 0.713724 0.778382 0.778382 0.778382 0.778382 0.778382 0.778382 0.778382 0.797195 1.00293 1.00550 1.00550
