results/OMI_NO2_200503.asc
ncols      200
nrows      200
xllcorner       120.258
yllcorner       41.1236
cellsize     0.0166667
NODATA_Value      -999.000
[rows 87 to 115 of 196, columns 0 to 65 of 200]
1.19451 1.19244 1.19791 1.20561 1.20821 1.20798 1.20685 1.20573 1.20656 1.21265 1.22900 1.24026 1.14680 0.869097 0.874324 0.916106 0.967314 0.971344 0.964674 0.900684 0.843114 0.856654 0.854318 0.793611 0.797607 0.803083 0.806582 0.810250 0.811586 0.807634 0.808242 0.849773 0.845702 0.820347 0.835632 0.815622 0.805282 0.797212 0.789402 0.781224 0.766330 0.724512 0.537938 0.480735 0.410090 0.591173 0.625520 0.618760 0.611739 0.604491 0.600518 0.585702 0.596813 0.684590 0.778743 0.740680 0.729395 0.720317 0.713588 0.708750 0.701407 0.695673 0.695673 0.695673 0.969945 1.40181
1.24748 1.22762 1.23757 1.25125 1.26432 1.28021 1.29741 1.31495 1.33288 1.34846 1.35474 1.34444 1.35239 0.936713 0.903324 0.930273 0.971490 0.960583 0.960913 0.933832 0.857072 0.864942 0.912873 0.822529 0.812835 0.809036 0.804714 0.800388 0.798219 0.795121 0.789163 0.820882 0.826508 0.790125 0.794345 0.778580 0.753188 0.733158 0.713109 0.693446 0.685320 0.680585 0.497680 0.412630 0.361624 0.449001 0.596498 0.606129 0.614478 0.614259 0.610900 0.580963 0.518804 0.597710 0.740202 0.715212 0.706006 0.695696 0.695534 0.689881 0.681583 0.673572 0.673504 0.692883 0.775677 1.10405
1.40125 1.35187 1.35552 1.35576 1.35576 1.35576 1.35576 1.35576 1.35714 1.37000 1.39427 1.41064 1.44160 1.17852 1.04497 1.07608 1.05303 0.988985 0.987606 0.995691 0.896837 0.872725 0.920057 0.869600 0.793556 0.787639 0.781684 0.775732 0.766621 0.756081 0.746071 0.744671 0.746719 0.715158 0.700150 0.682204 0.673830 0.672398 0.670922 0.670255 0.670255 0.670255 0.552373 0.409538 0.396873 0.372887 0.578025 0.577679 0.571191 0.581571 0.607448 0.627800 0.586503 0.654762 0.696770 0.665966 0.674353 0.694032 0.713262 0.737112 0.763648 0.790166 0.809527 0.810459 0.810459 0.811502
1.43787 1.39153 1.35845 1.37642 1.40267 1.42817 1.45437 1.48137 1.50777 1.52270 1.53511 1.54463 1.53704 1.42195 1.08452 1.07703 1.07591 0.983987 0.975262 0.997679 0.932950 0.851410 0.868428 0.865531 0.745146 0.729362 0.712129 0.689994 0.670341 0.652770 0.630854 0.619246 0.637821 0.621202 0.609420 0.597862 0.581287 0.566995 0.552467 0.537649 0.530663 0.538321 0.546978 0.506129 0.499333 0.451372 0.543455 0.637673 0.667175 0.688252 0.624989 0.631885 0.616775 0.730818 0.829743 0.837558 0.810459 0.810459 0.810459 0.810811 0.812898 0.815524 0.823750 0.834832 0.846472 0.856963
1.57766 1.60027 1.51626 1.52363 1.52220 1.52290 1.53396 1.54848 1.56219 1.56971 1.56561 1.55879 1.52103 1.53122 1.09996 1.07513 1.05071 0.958595 0.918654 0.930511 0.930795 0.747094 0.753171 0.780413 0.676672 0.538639 0.516044 0.498021 0.480707 0.467633 0.462184 0.462454 0.485874 0.492641 0.487189 0.487524 0.482244 0.505860 0.539010 0.574475 0.585113 0.573403 0.557610 0.499395 0.465169 0.499314 0.588439 0.764057 0.791302 0.815253 0.736787 0.704597 0.686000 0.777273 0.864402 0.871566 0.816836 0.823482 0.834721 0.845992 0.854936 0.863311 0.865857 0.865857 0.869797 0.882308
1.66514 1.67860 1.57268 1.54733 1.56307 1.57775 1.58386 1.59304 1.60421 1.62236 1.64263 1.66414 1.66043 1.70846 1.35520 1.20052 1.12928 1.05692 0.991809 1.00773 1.05282 0.789729 0.679963 0.721299 0.700553 0.481971 0.469327 0.469418 0.470643 0.471817 0.470717 0.469190 0.482501 0.517597 0.544389 0.585213 0.592120 0.580948 0.569931 0.570004 0.588735 0.615827 0.640818 0.615942 0.539035 0.540073 0.598634 0.769575 0.832934 0.856503 0.821098 0.756574 0.769385 0.843382 0.928890 0.941790 0.878471 0.865857 0.866887 0.877418 0.890232 0.903053 0.915882 0.934055 0.954765 0.978069
1.72993 1.84797 1.80198 1.68525 1.69733 1.71012 1.72095 1.72484 1.72784 1.72934 1.73011 1.73011 1.71565 1.73027 1.58415 1.26720 1.22908 1.14030 1.05428 1.03783 1.05961 0.918973 0.676898 0.720844 0.729220 0.571758 0.474314 0.472741 0.472149 0.491359 0.518089 0.544933 0.561704 0.576258 0.557246 0.546646 0.599559 0.633472 0.652255 0.655619 0.655619 0.655619 0.655619 0.646941 0.553117 0.563512 0.611976 0.781624 1.02216 1.04683 1.04630 0.869731 0.876033 0.855635 0.947852 0.950393 0.942367 0.952575 0.975476 0.988877 1.00144 1.01105 1.01514 1.01388 1.00065 0.973729
1.76019 1.93958 1.93939 1.74936 1.72824 1.72980 1.73097 1.72920 1.73411 1.74864 1.76325 1.77793 1.77614 1.72880 1.70877 1.29679 1.26698 1.17265 1.09600 1.04951 1.05594 1.03179 0.681630 0.679742 0.685444 0.658890 0.514934 0.541128 0.555514 0.544868 0.529979 0.519765 0.526118 0.561240 0.580094 0.577191 0.622215 0.656578 0.666008 0.678047 0.690905 0.704653 0.719606 0.744300 0.666819 0.690366 0.735270 0.924060 1.09267 1.14947 1.16105 1.01126 0.981700 0.950235 1.00561 1.02913 1.01897 1.01110 1.00500 0.998685 0.987495 0.972371 0.961855 0.951937 0.946779 0.946769
1.68971 1.94101 1.94042 1.81489 1.72624 1.73960 1.73685 1.72978 1.71624 1.69384 1.67197 1.65064 1.62898 1.59171 1.64138 1.33697 1.29290 1.20464 1.12701 1.03715 1.03251 1.06758 0.760138 0.700570 0.741048 0.728560 0.575168 0.517438 0.523041 0.532868 0.543285 0.550730 0.553804 0.582292 0.616432 0.626257 0.647861 0.720552 0.734562 0.766389 0.815859 0.866516 0.915323 0.941828 0.914016 0.911689 0.929375 1.03290 1.14353 1.23589 1.23589 1.12571 0.994451 0.958246 0.941562 0.978808 0.979618 0.975800 0.963662 0.953791 0.947064 0.946769 0.946720 0.946283 0.945766 0.945412
1.55128 1.72184 1.73237 1.70075 1.64407 1.62359 1.61819 1.61819 1.61819 1.61819 1.61819 1.61885 1.62033 1.59678 1.61979 1.44356 1.26340 1.21472 1.12374 1.08071 1.07138 1.07694 0.869937 0.657384 0.679229 0.656658 0.604579 0.554768 0.567872 0.579947 0.592574 0.606236 0.626767 0.650797 0.726441 0.760994 0.791903 0.910739 0.975976 1.00634 0.999056 0.991171 0.985741 0.985488 0.962950 0.934878 0.931783 0.930663 1.02459 1.11440 1.11504 1.09065 0.974103 0.967836 0.918519 0.975174 0.975778 0.969134 0.944873 0.946259 0.951036 0.955840 0.960693 0.965931 0.971251 0.976409
1.39668 1.53372 1.65364 1.65364 1.62883 1.61805 1.61331 1.60949 1.60961 1.60973 1.60989 1.60934 1.60827 1.59789 1.60042 1.58314 1.29008 1.27909 1.16237 1.10947 1.06394 1.04711 0.920111 0.640654 0.644594 0.678434 0.707087 0.670437 0.676345 0.698040 0.729571 0.759659 0.769128 0.770723 0.814311 0.808126 0.787937 0.819413 0.893359 0.983273 0.985488 0.985475 0.969593 0.941520 0.911802 0.864510 0.861135 0.861330 0.939560 0.992100 1.02172 1.00206 0.971475 1.00240 0.999219 1.00425 0.996410 1.00219 0.982905 0.977883 0.977911 0.977911 0.977398 0.964602 0.947157 0.925144
1.39716 1.45347 1.63327 1.62560 1.61161 1.59876 1.60376 1.60804 1.60813 1.61483 1.62571 1.63650 1.64567 1.63567 1.61128 1.66751 1.30362 1.25752 1.18529 1.16901 1.11998 1.13962 1.09926 0.801481 0.764200 0.775344 0.757173 0.739440 0.760242 0.755607 0.742227 0.730204 0.727475 0.727226 0.755218 0.783108 0.780178 0.785137 0.843783 0.880288 0.880516 0.862379 0.856666 0.857567 0.844674 0.777995 0.776287 0.814575 0.895552 1.00953 1.11300 1.14919 1.18197 1.19147 1.17035 1.09462 1.01202 1.00444 0.974015 0.936874 0.917501 0.891254 0.865988 0.851159 0.840533 0.834874
1.40788 1.38440 1.59330 1.60805 1.60806 1.61396 1.62485 1.63568 1.64480 1.63337 1.59724 1.55430 1.50725 1.45267 1.37216 1.34048 1.02254 0.839935 0.859103 0.967446 0.864344 0.801252 0.773053 0.737406 0.678088 0.666357 0.658410 0.662822 0.716455 0.718591 0.718591 0.720493 0.726631 0.723317 0.719122 0.691600 0.678693 0.671957 0.711625 0.762831 0.843816 0.875567 0.906137 0.938381 0.971254 0.988694 1.00839 1.00883 1.01126 1.10086 1.14201 1.12675 1.10794 1.09021 1.06230 0.994792 0.865450 0.830666 0.814312 0.793604 0.783560 0.780899 0.781488 0.784559 0.787582 0.790602
1.44120 1.40231 1.46475 1.47046 1.43964 1.40226 1.35871 1.30966 1.26229 1.23027 1.20314 1.17785 1.15851 1.14559 1.14476 1.15033 1.01412 0.701239 0.696089 0.820722 0.774473 0.706125 0.705213 0.697999 0.682596 0.666491 0.671959 0.677590 0.724373 0.747377 0.745485 0.741880 0.743007 0.757365 0.769796 0.690408 0.682867 0.673663 0.809904 0.948707 1.01771 1.02344 1.02344 1.02344 1.02344 1.01480 1.00378 0.985394 0.967039 0.997201 1.02971 0.969238 0.954150 0.949063 0.939616 0.898901 0.818993 0.781073 0.776915 0.782187 0.786305 0.788787 0.788438 0.786203 0.803005 0.833275
1.55428 1.40291 1.26433 1.23220 1.22265 1.21386 1.19897 1.17915 1.15983 1.14158 1.13851 1.14097 1.13347 1.12578 1.11932 1.11419 1.12543 0.647755 0.653478 0.759165 0.838961 0.737205 0.743629 0.752952 0.753140 0.758115 0.759379 0.767957 0.767178 0.771777 0.786262 0.797274 0.798696 0.795789 0.796270 0.714272 0.672491 0.669994 0.745125 0.956624 0.993767 1.01199 0.994878 0.978445 0.962621 0.939226 0.918770 0.930769 0.943463 0.965135 1.01454 0.919114 0.915173 0.914935 0.914616 0.898071 0.845427 0.764049 0.752105 0.769794 0.810822 0.844140 0.879279 0.915086 0.931095 0.931630
1.54979 1.38477 1.23834 1.19449 1.18474 1.17505 1.17463 1.17218 1.16517 1.16114 1.16464 1.16724 1.18042 1.19420 1.20574 1.21549 1.26189 0.876030 0.733667 0.771858 0.918566 0.819682 0.786007 0.789228 0.743958 0.729084 0.804754 0.816274 0.819678 0.794452 0.796773 0.795558 0.795558 0.795558 0.795558 0.753445 0.671855 0.670298 0.669550 0.875770 0.891750 0.937294 0.947312 0.955285 0.960036 0.961852 0.949303 0.945927 0.942326 0.938557 0.995367 0.883730 0.883839 0.885227 0.893294 0.911369 0.935809 0.868594 0.898574 0.936641 0.941092 0.931475 0.932019 0.932558 0.932619 0.932619
1.74340 1.44896 1.31025 1.24327 1.25781 1.28022 1.28085 1.20824 1.22255 1.23408 1.23485 1.23485 1.23485 1.23485 1.23300 1.22810 1.25389 1.08394 0.807152 0.827160 0.948476 0.796860 0.638149 0.580881 0.558920 0.559758 0.791252 0.813873 0.818661 0.804796 0.794737 0.791685 0.788627 0.785691 0.782873 0.770574 0.669949 0.667399 0.663796 0.790073 0.886306 0.941903 0.948485 0.948989 0.952999 0.956565 0.935942 0.934705 0.934705 0.934807 0.961745 0.958965 0.958380 1.01566 1.07118 1.10247 1.09541 1.00438 0.948242 0.937747 0.941137 0.926364 0.922998 0.920829 0.918684 0.916533
1.99160 1.62108 1.54837 1.38240 1.34966 1.34966 1.34966 1.26148 1.23485 1.24034 1.25549 1.26665 1.27712 1.28713 1.29683 1.29225 1.26269 1.18948 0.695498 0.638207 0.696694 0.740721 0.575789 0.572314 0.570419 0.540576 0.699124 0.820801 0.814770 0.801669 0.768912 0.765219 0.764154 0.771041 0.778379 0.794384 0.740435 0.727888 0.728005 0.782441 0.951596 0.954045 0.957551 0.957551 0.957551 0.959235 0.948551 0.954459 0.978636 1.00306 1.03068 1.12232 1.05225 1.12452 1.12185 1.10587 1.09123 1.03053 0.930962 0.918961 0.923183 0.921929 0.915049 0.915063 0.915063 0.915063
2.16309 1.70545 1.61133 1.41566 1.37348 1.39253 1.41129 1.38061 1.30589 1.31018 1.30579 1.30554 1.27764 1.21644 1.15533 1.10635 1.09532 1.15149 0.720575 0.630381 0.658473 0.796075 0.599780 0.557203 0.554239 0.535408 0.571251 0.776668 0.793671 0.811591 0.805947 0.819170 0.841849 0.856567 0.870844 0.877235 0.836637 0.769994 0.766179 0.749622 0.940742 0.968677 0.983778 1.00132 1.02951 1.05632 1.06941 1.08174 1.10169 1.12100 1.13016 1.15199 1.06096 1.13150 1.11766 1.07010 1.06388 1.04563 0.939561 0.923173 0.919644 0.929111 0.917194 0.918190 0.922951 0.928250
2.18963 1.79855 1.58999 1.45144 1.42352 1.42905 1.42505 1.41645 1.26048 1.18871 1.12694 1.07359 1.05332 1.06693 1.08468 1.13907 1.20098 1.24598 1.00952 0.740224 0.749813 0.823525 0.728401 0.614487 0.635324 0.666057 0.691810 0.889192 0.995232 1.01110 0.998991 0.963369 0.965501 0.967729 0.969861 0.971993 0.966577 0.883826 0.887960 0.879721 1.01847 1.13031 1.17294 1.20571 1.21545 1.22495 1.19784 1.11614 1.11195 1.10807 1.10722 1.10915 1.09230 1.10918 1.16234 1.11500 1.11241 1.09821 1.02183 0.982561 0.996746 1.00816 1.00105 0.999599 1.00412 1.00541
1.77082 1.74735 1.44160 1.38547 1.28280 1.24783 1.18193 1.12818 1.05966 1.03975 1.06029 1.07370 1.08044 1.09337 1.10752 1.17178 1.32149 1.32744 1.25722 0.800290 0.818489 0.874708 0.896768 0.773490 0.787346 0.788743 0.784791 0.844083 1.02820 1.02829 1.02751 0.979331 0.976967 0.979322 0.981719 0.991086 1.00588 0.995962 1.03690 1.08521 1.15233 1.18700 1.19686 1.21722 1.21713 1.21713 1.20799 1.10730 1.10722 1.10706 1.10533 1.10319 1.13699 1.16910 1.28029 1.24682 1.22723 1.22168 1.18067 1.08406 1.07903 1.06275 1.04161 1.01411 1.01286 1.01467
1.37648 1.73856 1.28013 1.17504 1.05657 1.14947 1.17793 1.19389 1.18269 1.09815 1.11118 1.12594 1.14138 1.14874 1.15450 1.18459 1.37399 1.39125 1.44789 0.942277 0.895609 0.908121 0.976169 0.840473 0.822445 0.820643 0.814825 0.770966 0.940882 0.985435 0.973084 1.00728 1.07764 1.14148 1.21268 1.28235 1.34285 1.34563 1.28488 1.27816 1.25934 1.20790 1.18582 1.21412 1.21649 1.21462 1.21272 1.11550 1.09798 1.09032 1.06498 1.03850 1.01785 1.11039 1.27077 1.26933 1.21049 1.19839 1.20621 1.08748 1.09040 1.10733 1.11311 1.07025 1.04641 1.03373
0.973976 1.63158 1.36168 1.27738 1.20515 1.22759 1.27317 1.30488 1.33805 1.24846 1.22191 1.23844 1.25429 1.26074 1.26077 1.24999 1.37479 1.39048 1.40139 1.04250 0.870752 0.878932 0.939798 0.857306 0.772538 0.801100 0.837260 0.877514 1.00674 1.23258 1.30300 1.33870 1.36386 1.37787 1.38369 1.38369 1.38369 1.38041 1.28970 1.29268 1.28155 1.25922 1.17882 1.19361 1.20595 1.18859 1.16521 1.06947 1.00306 0.980740 0.974101 0.969234 0.964566 1.01202 1.15861 1.23724 1.18637 1.18353 1.24122 1.15531 1.08668 1.07676 1.04749 1.02095 1.02874 1.04305
0.559985 1.97488 1.63362 1.42321 1.41293 1.35890 1.36598 1.32750 1.29347 1.25715 1.23088 1.21979 1.20902 1.20606 1.20625 1.20625 1.30128 1.36486 1.36697 1.20574 0.809059 0.832611 0.854092 0.905908 1.03641 1.09529 1.10530 1.12228 1.13269 1.33952 1.37069 1.37069 1.37786 1.38508 1.39842 1.41512 1.43255 1.45081 1.38892 1.36382 1.34228 1.30007 1.15096 1.12209 1.11336 1.10026 1.09332 1.03643 0.960279 0.957057 0.957057 0.957057 0.957057 0.962816 1.10184 1.22542 1.17659 1.14194 1.14735 1.11828 1.01119 1.00546 1.00459 1.00242 1.06083 1.07419
0.404236 2.21682 2.10297 1.41546 1.33546 1.17572 1.22092 1.22363 1.22363 1.22322 1.20774 1.20625 1.20668 1.20789 1.19373 1.17766 1.21887 1.29679 1.28378 1.28098 0.789536 0.856263 0.878407 0.937521 1.00034 1.04887 1.03999 1.06302 1.14056 1.26768 1.40592 1.42465 1.45834 1.50470 1.52456 1.53750 1.53060 1.52050 1.46264 1.35741 1.30125 1.21464 1.12252 1.05669 1.06804 1.07099 1.07099 1.04771 0.955547 0.947723 0.948395 0.983772 1.02251 1.06810 1.22476 1.25303 1.14433 1.08245 1.09434 1.12578 1.03904 1.05400 1.07557 1.08868 1.12673 1.17497
0.565759 1.50773 2.17569 1.46264 1.31251 1.20198 1.20362 1.22660 1.21903 1.21000 1.18755 1.15906 1.14363 1.12774 1.12557 1.13079 1.16946 1.31153 1.31915 1.32897 0.935318 0.827911 0.829145 0.882332 0.940478 1.07368 1.10082 1.13502 1.24907 1.31734 1.55679 1.58950 1.60758 1.54534 1.48479 1.45033 1.43572 1.42428 1.41030 1.30601 1.29949 1.20033 1.16496 1.05577 1.05694 1.05796 1.06297 1.10179 1.04595 1.10470 1.16712 1.19423 1.21854 1.23706 1.23045 1.34898 1.18473 1.05138 1.03835 1.06129 1.10153 1.13320 1.13857 1.13648 1.13916 1.19003
0.575559 0.911657 2.36984 1.66828 1.31429 1.25225 1.19182 1.18709 1.17555 1.17741 1.17325 1.13847 1.15633 1.17545 1.18726 1.18210 1.16617 1.25828 1.26131 1.28191 1.09864 0.821601 0.864520 0.943409 1.02277 1.14576 1.18686 1.19834 1.28584 1.34461 1.50522 1.59923 1.58743 1.50678 1.40441 1.40405 1.40368 1.40330 1.40074 1.32528 1.30639 1.23725 1.21072 1.13780 1.16471 1.24053 1.29511 1.30167 1.24006 1.21955 1.21014 1.20031 1.19049 1.18446 1.18275 1.26035 1.21328 1.06285 1.03253 1.07907 1.13956 1.23073 1.19123 1.16808 1.16123 1.18138
0.877799 0.873037 2.30452 2.11580 1.44711 1.39272 1.24538 1.27476 1.25594 1.27477 1.28567 1.23833 1.20380 1.19198 1.19260 1.20476 1.21744 1.28565 1.31708 1.31746 1.28605 0.803537 0.867973 0.912863 1.04482 1.13504 1.19734 1.18883 1.24126 1.30010 1.37005 1.56786 1.55053 1.52285 1.35560 1.32783 1.30322 1.27783 1.26946 1.35210 1.47861 1.50089 1.46648 1.35961 1.26604 1.27651 1.27364 1.27139 1.22439 1.18439 1.18439 1.18439 1.18451 1.20021 1.22760 1.28019 1.41626 1.23688 1.15943 1.17563 1.21420 1.28131 1.23498 1.16665 1.18040 1.19665
0.948688 0.932780 1.86447 2.46638 1.60832 1.46407 1.35204 1.31950 1.26366 1.25623 1.25642 1.25513 1.23237 1.24083 1.24393 1.24706 1.25021 1.29254 1.32993 1.28980 1.27036 0.909088 0.944685 0.957106 1.09031 1.13317 1.22210 1.20394 1.20026 1.19751 1.22201 1.37050 1.41858 1.41298 1.31333 1.28788 1.32744 1.37116 1.40650 1.45217 1.58081 1.57602 1.47617 1.41239 1.25684 1.25974 1.27139 1.27486 1.26962 1.23970 1.26905 1.29989 1.33509 1.37160 1.39826 1.41950 1.50967 1.33952 1.16498 1.18096 1.27313 1.34564 1.39939 1.27639 1.26317 1.24547
