results/OMI_NO2_200904.asc
ncols      200
nrows      200
xllcorner       120.258
yllcorner       41.1236
cellsize     0.0166667
NODATA_Value      -999.000
[rows 87 to 115 of 165, columns 0 to 66 of 200]
4.06261 4.06261 4.06261 4.08354 4.42083 4.56102 4.66058 4.74919 4.76317 4.76317 4.76317 4.76317 4.78599 5.51012 5.65701 5.42038 1.09830 1.15668 1.25851 1.25851 1.25851 1.25851 1.25983 1.27434 1.29220 1.31007 1.32757 1.51706 1.66457 1.66457 1.66457 1.69345 1.69705 1.65189 1.61504 1.40890 1.40951 1.41275 1.41723 1.42169 1.42614 1.43060 1.43464 1.47306 1.53925 1.54119 1.66062 1.79079 1.87473 1.88967 1.90124 2.02022 2.13314 2.03759 2.00891 2.01149 2.05184 2.09618 2.14054 2.18482 2.22042 2.23162 2.23162 2.23162 2.23162 2.23162 2.23162
4.16133 4.23625 4.31092 4.37429 4.57382 4.76317 4.76723 4.79269 4.82898 4.88889 4.95049 5.01197 5.06135 5.39280 5.79343 5.79301 1.09830 1.10022 1.24308 1.27760 1.29548 1.31335 1.32988 1.33325 1.33325 1.33325 1.34214 1.42114 1.67380 1.67804 1.68203 1.68858 1.70888 1.65864 1.67624 1.48184 1.43394 1.46091 1.53067 1.60055 1.66714 1.73315 1.79903 1.82730 1.82711 1.79075 1.71920 1.88884 1.94813 2.00151 2.02951 2.06438 2.24282 2.22447 2.17032 2.22820 2.22399 2.21605 2.21605 2.21605 2.21780 2.23162 2.23162 2.23162 2.23533 2.24635 2.25756
4.40663 4.50799 4.60832 4.70675 4.77408 4.95166 5.01703 5.05309 5.07830 5.07990 5.07990 5.07990 5.07990 5.15686 5.79087 5.79343 1.14859 1.17093 1.25790 1.33325 1.33325 1.33767 1.36160 1.38787 1.41412 1.43762 1.43971 1.42330 1.58164 1.61562 1.59878 1.59065 1.64961 1.62191 1.68821 1.69889 1.79492 1.83521 1.83153 1.82767 1.82711 1.82711 1.82711 1.82711 1.82711 1.82671 1.85640 1.95770 2.06285 2.15539 2.21331 2.26481 2.41354 2.43126 2.25015 2.24599 2.23613 2.21605 2.21605 2.22044 2.23159 2.25661 2.26959 2.28079 2.28830 2.28847 2.26730
4.71258 4.85204 4.87677 4.89917 4.90312 4.99428 5.07990 5.07990 5.07990 5.07990 5.07990 5.07990 5.07990 5.07990 5.56596 5.79343 1.19360 1.21921 1.25948 1.40095 1.42259 1.42761 1.41309 1.39629 1.37944 1.36538 1.36384 1.36384 1.45106 1.58981 1.58981 1.58979 1.63277 1.62141 1.65664 1.68237 1.82365 1.82711 1.82711 1.82711 1.82711 1.82711 1.82842 1.86895 1.93168 1.99983 2.07936 2.12622 2.19420 2.26758 2.27077 2.27077 2.35098 2.44665 2.31169 2.26466 2.27703 2.25856 2.26603 2.27286 2.27558 2.28625 2.26956 2.23377 2.23046 2.23754 2.26649
4.72774 4.89611 4.90312 4.90312 4.90312 4.92361 5.07816 5.07990 5.07990 5.07990 5.07990 5.07990 5.07990 5.07990 5.28302 5.79343 1.29896 1.27881 1.25776 1.31542 1.36384 1.36384 1.36384 1.36384 1.36384 1.36384 1.36384 1.36384 1.37783 1.58930 1.60792 1.61519 1.65857 1.69550 1.68682 1.73443 1.83950 1.87945 1.88733 1.94019 2.00323 2.07082 2.14174 2.16367 2.16156 2.15943 2.15733 2.15547 2.15454 2.28653 2.31829 2.33197 2.36317 2.51893 2.46396 2.34612 2.34777 2.33278 2.33431 2.50700 2.58990 2.49859 2.39796 2.44151 2.42991 2.37654 2.32227
4.71767 4.83829 4.90312 4.90312 4.90312 4.90312 5.01498 5.07990 5.07990 5.07990 5.07990 5.07990 5.07990 5.07990 5.10038 5.80575 1.57757 1.48207 1.49772 1.52388 1.60208 1.61592 1.62844 1.64099 1.65237 1.66011 1.66733 1.67461 1.67846 1.81566 1.72865 1.60226 1.61389 1.66592 1.65765 1.76883 1.87479 2.01244 2.06705 2.07409 2.07409 2.07409 2.07409 2.07409 2.10206 2.16687 2.23196 2.28769 2.29515 2.43814 2.34544 2.34570 2.34912 2.51915 2.60648 2.45169 2.44773 2.44311 2.39001 2.54189 2.69683 2.60202 2.37018 2.31587 2.28422 2.28406 2.28406
4.71767 4.77041 4.90312 4.90312 4.90312 4.90312 4.93866 5.07990 5.07990 5.07990 5.08326 5.14270 5.22221 5.30168 5.38072 5.84832 1.95450 1.64832 1.64832 1.64832 1.68269 1.69340 1.68810 1.68280 1.67871 1.67842 1.67842 1.67842 1.67842 1.72773 1.77770 1.56227 1.54713 1.59917 1.63336 1.93902 1.96842 2.06828 2.07409 2.09723 2.16150 2.22652 2.29152 2.35658 2.39364 2.39385 2.39751 2.40162 2.32946 2.41609 2.37414 2.32248 2.28278 2.39204 2.59899 2.51081 2.47646 2.45038 2.36119 2.36635 2.51841 2.50488 2.29142 2.28782 2.30684 2.32749 2.34815
4.71767 4.72026 4.88530 4.90312 4.90312 4.90312 4.90984 5.10913 5.23632 5.31580 5.39198 5.41201 5.41201 5.41201 5.41201 5.55912 2.13338 1.67396 1.64832 1.64832 1.65563 1.67841 1.67842 1.67842 1.67842 1.67799 1.66282 1.64049 1.61817 1.59600 1.73980 1.51322 1.51292 1.57299 1.60706 1.92322 2.14097 2.26267 2.35115 2.39303 2.39631 2.40207 2.40785 2.41362 2.41940 2.42511 2.43157 2.46244 2.45768 2.34740 2.26870 2.19807 2.19586 2.20809 2.50196 2.42189 2.29039 2.26218 2.25406 2.26109 2.54075 2.56314 2.41021 2.37447 2.37610 2.37610 2.37610
4.71767 4.71767 4.83238 4.97142 5.03103 5.09065 5.14298 5.20290 5.41201 5.41377 5.46924 5.54823 5.61565 5.68066 5.74563 5.79568 2.15222 1.81769 1.64832 1.64832 1.64832 1.67071 1.65889 1.63656 1.61425 1.59235 1.58519 1.58519 1.58519 1.60338 1.78287 1.69364 1.71952 1.82724 1.91778 2.09360 2.37519 2.38249 2.41819 2.42397 2.42664 2.42233 2.41948 2.44550 2.48068 2.51583 2.54667 2.55097 2.54609 2.37589 2.26781 2.08862 2.02268 1.97112 2.22771 2.29862 2.15811 2.09577 2.04539 2.27253 2.55087 2.60231 2.47952 2.37610 2.37610 2.37610 2.37610
4.85613 4.91578 4.99758 5.13286 5.10047 5.10713 5.11529 5.15829 5.66166 5.79594 5.80546 5.79146 5.78917 5.78917 5.78917 5.78917 2.15222 2.00207 1.61900 1.59110 1.56319 1.55643 1.58519 1.58519 1.59185 1.66545 1.75638 1.84731 1.94049 2.06344 2.15821 2.12333 2.04661 2.14217 2.25762 2.26031 2.42542 2.33036 2.39543 2.42848 2.46429 2.50381 2.54182 2.55097 2.55097 2.55097 2.55097 2.55097 2.55097 2.29082 2.09653 1.93866 1.85463 1.80829 1.88123 2.10568 2.05735 2.02196 2.02196 2.15506 2.48277 2.60231 2.52114 2.32097 2.27089 2.22082 2.17079
5.21544 5.33426 5.44791 5.30677 5.26645 5.25581 5.24435 5.24069 5.46379 5.78917 5.78917 5.78917 5.78917 5.78917 5.78917 5.78917 2.03217 1.99848 1.58078 1.53276 1.60371 1.71758 1.82532 1.93921 2.09482 2.19011 2.27360 2.36401 2.45891 2.47688 2.44563 2.34391 2.12427 2.11974 2.17613 2.18862 2.34815 2.37388 2.47853 2.55097 2.55097 2.55097 2.55097 2.55097 2.55097 2.55093 2.50154 2.41417 2.33297 2.18563 1.90371 1.83580 1.75931 1.75931 1.77026 2.08528 2.08697 2.01180 1.96961 1.94801 2.26171 2.39324 2.33063 2.12220 2.12204 2.12227 2.12293
5.66580 5.65409 5.64779 5.46130 5.24069 5.24069 5.24069 5.24069 5.27192 5.76122 5.78917 5.78917 5.78917 5.78917 5.78917 5.78917 2.20639 2.35796 2.21695 2.20982 2.36590 2.48679 2.52194 2.48362 2.45777 2.42738 2.39940 2.37352 2.34956 2.33397 2.33347 2.32282 2.14527 2.18544 2.29112 2.32392 2.36609 2.45106 2.45103 2.55213 2.55249 2.54723 2.48406 2.40992 2.34011 2.27470 2.25090 2.26128 2.27178 2.27282 2.03227 1.94868 1.82154 1.76939 1.72472 1.90467 1.99918 1.88932 1.87738 1.87977 2.10729 2.29731 2.27809 2.24322 2.23190 2.21854 2.20452
5.64778 5.64778 5.64778 5.60504 5.24497 5.24069 5.24069 5.24069 5.24069 5.52776 5.78917 5.78917 5.78917 5.78917 5.78917 5.78917 2.64381 2.63365 2.62343 2.61316 2.56191 2.44203 2.39249 2.25608 2.24071 2.23461 2.22851 2.22891 2.26543 2.30749 2.34956 2.37905 2.39656 2.42402 2.58935 2.69528 2.71158 2.84163 2.72706 2.73976 2.67224 2.59207 2.57586 2.57586 2.57586 2.57586 2.57586 2.57160 2.55371 2.53482 2.24257 1.98699 1.77324 1.63667 1.63667 1.75928 2.00287 1.93921 1.87899 1.86432 1.92898 2.17611 2.18813 2.22867 2.34008 2.46532 2.59064
5.64778 5.64778 5.64778 5.64778 5.35006 5.24069 5.24069 5.24069 5.24069 5.30827 5.78530 5.78917 5.78917 5.78995 5.85427 5.95867 2.44650 2.44650 2.44650 2.44650 2.43334 2.26942 2.26441 2.21158 2.21085 2.25900 2.30716 2.34881 2.35432 2.35432 2.35432 2.35432 2.44357 2.53408 2.64781 2.81232 2.81810 2.73232 2.45402 2.50947 2.57586 2.57586 2.57251 2.55520 2.53629 2.51741 2.49850 2.48388 2.48285 2.50510 2.40815 2.16709 2.07733 1.86691 1.92114 1.94276 1.89726 1.84891 1.88368 1.89678 1.95554 2.35263 2.52091 2.64123 2.68589 2.68589 2.69032
5.64778 5.64778 5.64778 5.64778 5.49789 5.24069 5.24069 5.24069 5.24069 5.24426 5.67290 5.97749 6.08197 6.18563 6.22580 6.22580 2.44650 2.44650 2.44650 2.44650 2.44650 2.31562 2.26441 2.27700 2.35309 2.35432 2.35432 2.35432 2.35433 2.35741 2.36320 2.36898 2.39664 2.55468 2.60214 2.82287 2.82287 2.81920 2.48219 2.42882 2.51771 2.49998 2.48442 2.49451 2.55944 2.63097 2.70251 2.77401 2.84554 2.89097 2.73483 2.39387 2.15031 1.85618 1.75445 1.71951 1.72040 1.81131 2.10050 2.25457 2.32183 2.46464 2.67312 2.73115 2.80956 2.86137 2.90872
5.64778 5.64778 5.64778 5.64778 5.62837 5.26738 5.31765 5.39605 5.47438 5.54914 5.72802 6.22580 6.22580 6.25604 6.33506 6.47284 2.44650 2.44650 2.44650 2.44650 2.44650 2.38125 2.26441 2.26441 2.32776 2.35844 2.36422 2.37001 2.37579 2.37850 2.37850 2.37850 2.37630 2.48580 2.51402 2.73835 2.73359 2.71113 2.53735 2.49355 2.65487 2.75838 2.82992 2.88918 2.86096 2.80701 2.74651 2.68265 2.61877 2.55878 2.52532 2.27143 2.07154 1.95399 1.88719 1.99940 2.09711 2.10360 2.20295 2.32141 2.32078 2.35423 2.86270 2.88494 2.91609 2.91757 2.91757
5.64778 5.66498 5.73882 5.81722 5.89555 5.70353 5.57774 5.62342 5.71486 5.81395 5.92482 6.52912 6.83219 6.96828 7.05548 7.08394 2.44650 2.44650 2.44650 2.44650 2.44723 2.45068 2.29017 2.28531 2.31352 2.37849 2.37850 2.37816 2.36095 2.33435 2.30781 2.28123 2.24087 2.26372 2.34493 2.47629 2.50428 2.46703 2.51095 2.81935 2.83111 2.70926 2.65062 2.58740 2.55832 2.54843 2.54509 2.54509 2.54509 2.54509 2.54509 2.31843 2.31070 2.40373 2.12391 2.11432 2.11371 2.10298 2.12524 2.31819 2.31985 2.31985 2.67138 2.88443 2.90910 2.91775 2.91999
5.90964 5.97081 5.93571 5.87945 5.83082 5.81421 6.06650 6.18621 6.26013 6.32646 6.36182 6.59223 7.08394 7.08394 7.08394 7.08394 2.44805 2.45679 2.46643 2.47608 2.48499 2.48679 2.36378 2.28081 2.24776 2.29490 2.28247 2.22387 2.18082 2.14899 2.11916 2.09114 2.07709 2.09151 2.25653 2.40221 2.55789 2.58717 2.60247 2.88750 2.93201 2.56187 2.54509 2.54509 2.54509 2.54509 2.54509 2.54509 2.54509 2.54480 2.54401 2.38276 2.26855 2.40386 2.21753 2.11296 2.11296 2.10700 2.10104 2.26515 2.32010 2.32247 2.44875 2.89271 2.91272 2.93134 2.93193
5.69957 5.70929 5.76681 5.84108 5.90741 5.96106 6.32249 6.36185 6.36185 6.36185 6.36185 6.37833 7.00172 7.08394 7.08394 7.08394 2.48589 2.48679 2.47707 2.43527 2.39093 2.30855 2.17531 2.03788 2.00533 2.02171 2.07877 2.08214 2.09352 2.10560 2.11850 2.13230 2.14525 2.14727 2.25588 2.39104 2.58126 2.56918 2.56077 2.72267 2.93993 2.66235 2.54509 2.54509 2.54507 2.54763 2.55888 2.57067 2.58246 2.59458 2.60712 2.52703 2.34374 2.41906 2.42262 2.20966 2.22157 2.23173 2.23161 2.32824 2.46962 2.47703 2.48408 2.95054 3.04560 3.00335 3.02514
5.95002 5.95818 5.95818 5.95818 5.95818 5.95818 6.18093 6.36185 6.36185 6.36185 6.36185 6.36185 6.67146 7.08394 7.08394 7.08394 2.35758 2.32628 2.31265 2.33101 2.35189 2.18003 2.09388 2.06283 2.08589 2.11779 2.24830 2.28094 2.29351 2.30604 2.31789 2.32080 2.32125 2.32169 2.36102 2.53842 2.92177 2.94790 2.96301 3.00907 3.36936 3.22425 2.92935 2.94110 2.95295 2.96219 2.96273 2.96273 2.96273 2.96273 2.95937 2.90651 2.52829 2.49270 2.57335 2.41581 2.39671 2.39448 2.37850 2.36119 2.53309 2.55284 2.57448 2.82782 3.16858 3.02261 3.02374
5.95541 5.95818 5.95818 5.95818 5.95818 5.95818 6.03425 6.36185 6.36185 6.36185 6.36185 6.36185 6.41064 7.05535 7.08394 7.08394 2.92018 2.83168 2.83168 2.83168 2.83168 2.71717 2.42218 2.42218 2.42218 2.42218 2.45068 2.47241 2.46033 2.44825 2.43701 2.43465 2.43465 2.43465 2.43465 2.58988 2.97566 3.10763 3.14332 3.17903 3.41920 3.42803 2.99244 2.96273 2.96273 2.96058 2.93105 2.89317 2.85529 2.81745 2.78298 2.77669 2.48101 2.41069 2.48218 2.46674 2.39533 2.43874 2.40357 2.37375 2.57239 2.62509 2.62737 2.65279 3.13758 3.00161 2.95059
5.86944 5.95818 5.95818 5.95818 5.95818 5.95818 5.95822 6.29137 6.36185 6.36185 6.36185 6.36185 6.36387 6.95410 7.66561 8.02388 3.35454 2.83168 2.83168 2.83168 2.83168 2.83021 2.46644 2.42218 2.42218 2.42218 2.42299 2.43407 2.43465 2.43465 2.43465 2.43465 2.44785 2.48321 2.51891 2.63597 3.01321 3.21529 3.21529 3.21529 3.34198 3.41592 3.06604 2.85857 2.82071 2.78501 2.77666 2.77591 2.77484 2.77378 2.77271 2.77165 2.56249 2.41822 2.46103 2.61605 2.73947 2.79146 2.81288 2.64725 2.62066 2.58569 2.55993 2.54144 2.88084 2.99020 2.86919
5.62388 5.95818 5.95818 5.95818 5.95818 5.95818 5.95818 6.14459 6.37352 6.57549 6.84431 7.11304 7.37992 7.71168 8.57808 8.57923 3.93356 2.84995 2.83168 2.83168 2.83168 2.83168 2.59696 2.42218 2.42218 2.42218 2.42218 2.42982 2.45422 2.48992 2.52562 2.56132 2.58379 2.58415 2.58415 2.59749 2.87851 3.13965 3.09424 3.04876 3.01860 3.26920 3.09715 2.77398 2.77292 2.77185 2.77082 2.78861 2.84408 2.89072 2.92831 2.96590 2.88003 2.62617 2.62617 2.69328 2.80877 2.81173 2.78598 2.61328 2.55405 2.57710 2.64546 2.71461 2.80569 2.76657 2.66433
5.36846 5.93516 5.95818 5.95818 5.98745 6.21825 6.48706 6.79949 7.41268 7.51410 7.69837 7.94936 8.24671 8.52761 9.24058 9.96543 4.10867 3.15943 2.83168 2.83168 2.83168 2.83168 2.75755 2.42413 2.45501 2.49967 2.54426 2.58563 2.58441 2.58415 2.58415 2.58314 2.58071 2.57828 2.57584 2.57212 2.58844 2.97654 2.97113 2.96446 2.95777 3.19429 3.20821 2.91535 2.94641 2.99661 3.03453 3.05406 3.03618 3.02710 3.02710 3.02710 3.00552 2.63279 2.62617 2.63133 2.67604 2.81387 2.88290 2.87476 2.82011 2.84467 2.83960 2.83960 2.83960 2.80229 2.66433
5.28397 5.99095 6.53326 6.80208 7.04162 7.11712 7.39112 7.73101 8.27852 8.81072 9.14650 9.37429 9.54563 9.67048 9.94592 10.9113 4.11000 3.69333 2.83168 2.83704 2.88674 2.94617 3.00563 2.67841 2.60905 2.60905 2.60837 2.60549 2.58545 2.57627 2.56917 2.56106 2.55437 2.54769 2.54101 2.53565 2.52998 2.88744 2.95466 2.95466 2.95466 3.06694 3.22767 3.10373 3.04003 3.02742 3.02710 3.02710 3.02710 3.02710 3.02710 3.02710 3.04763 2.80156 2.79742 2.87651 2.93325 3.02874 3.05453 3.04217 2.85951 2.84957 2.83960 2.83913 2.82270 2.79242 2.60890
5.55923 6.24307 7.52216 7.86654 8.29971 8.73071 8.92540 9.05384 9.31727 9.67635 9.67635 9.67635 9.67635 9.67635 9.68172 10.6528 4.25692 4.10580 3.14370 3.07101 3.08085 3.08049 3.07710 2.84402 2.59736 2.58609 2.57538 2.56686 2.55443 2.53720 2.53519 2.53519 2.53519 2.53519 2.53519 2.53519 2.53504 2.78602 2.93391 2.91119 2.88843 2.87440 3.19833 3.10536 3.02712 3.02710 3.02710 3.02710 3.07262 3.16490 3.25690 3.34918 3.42065 3.16896 2.96779 2.96751 2.96268 2.96890 3.05246 3.03412 2.87315 2.78377 2.74664 2.72144 2.71344 2.71276 2.63060
6.76981 7.10333 8.81606 9.14736 9.18258 9.18258 9.18258 9.18258 9.20179 9.65062 9.67635 9.67635 9.67635 9.67635 9.67635 10.0759 4.61085 4.10453 3.56748 2.96400 2.83423 2.71834 2.61658 2.52631 2.54703 2.55512 2.56286 2.57052 2.57638 2.55103 2.53538 2.52275 2.51020 2.49747 2.47041 2.50969 2.54698 2.66196 2.86082 2.86039 2.85995 2.85951 3.09831 3.13483 3.11226 3.18611 3.27779 3.36970 3.41581 3.41545 3.41508 3.41471 3.41434 3.27614 2.94023 2.91408 2.88795 2.83311 2.91881 2.92425 2.85890 2.72248 2.69176 2.65726 2.65974 2.67237 2.69343
7.36266 7.36266 8.26669 9.18258 9.18258 9.18258 9.18258 9.18258 9.18258 9.46995 9.67635 9.67635 9.67635 9.67635 9.67635 9.71388 2.92312 2.78032 2.63493 2.28483 2.25841 2.24690 2.23576 2.22451 2.25846 2.26202 2.24473 2.22775 2.21217 2.22738 2.24550 2.22656 2.20761 2.18907 2.18314 2.34633 2.61269 2.65022 2.85396 2.84836 2.81193 2.77063 2.81602 3.37422 3.50076 3.41364 3.41364 3.41364 3.41336 3.39425 3.36358 3.33287 3.30220 3.25182 2.84037 2.83174 2.82186 2.80396 2.80209 2.87310 2.88156 2.64005 2.64890 2.77999 2.85862 2.92735 3.00599
7.36266 7.36266 7.55983 9.14296 9.18258 9.18258 9.18258 9.18258 9.18258 9.29751 9.67635 9.67635 9.67635 9.67635 9.67635 9.67635 2.25184 2.36706 2.42561 2.24872 2.14553 2.14553 2.14553 2.14553 2.16662 2.20921 2.20296 2.17980 2.15785 2.13902 2.17733 2.18314 2.18314 2.18314 2.18314 2.24535 2.56334 2.52272 2.70575 2.68605 2.68115 2.68115 2.68133 3.11983 3.54399 3.36767 3.33576 3.30508 3.27467 3.26309 3.25531 3.23575 3.21605 3.19637 2.84479 2.74119 2.78362 2.84846 2.84593 2.89087 2.87007 2.64847 2.51654 3.04530 3.13861 3.15783 3.17544
