results/OMI_NO2_201104.asc
ncols      200
nrows      200
xllcorner       120.258
yllcorner       41.1236
cellsize     0.0166667
NODATA_Value      -999.000
[rows 116 to 144 of 199, columns 0 to 63 of 200]
2.20533 2.11457 2.02385 1.93517 1.90738 1.90738 1.90738 1.90738 1.90738 1.90738 1.90738 1.90738 1.90738 1.90738 1.90557 1.86637 1.86385 1.26892 0.542438 0.542438 0.542438 0.542438 0.542438 0.542438 0.542438 0.542438 0.542438 0.542438 0.542438 0.542438 0.542438 0.542438 0.500339 0.354089 0.352858 0.249283 0.173742 0.199855 0.226761 0.253667 0.280504 0.301233 0.302613 0.302613 0.302613 0.302613 0.302613 0.302613 0.302613 0.302613 0.302613 0.302613 0.302613 0.302613 0.302928 0.241932 0.163278 0.163278 0.163278 0.00000 0.0121364 0.0121364 0.0121364 0.0121364
1.90738 1.90738 1.90738 1.90738 1.90738 1.90738 1.90738 1.90738 1.90738 1.90738 1.90738 1.90738 1.90738 1.90738 1.90738 1.88157 1.86385 1.66823 0.542438 0.542438 0.542438 0.542438 0.542438 0.542438 0.542438 0.542438 0.542438 0.542438 0.542438 0.542438 0.542438 0.537646 0.519291 0.364368 0.322121 0.306952 0.301863 0.302613 0.302613 0.302613 0.302613 0.302613 0.302613 0.302613 0.302613 0.302613 0.302613 0.302613 0.302613 0.302613 0.302739 0.314516 0.338741 0.372224 0.420450 0.441949 0.00000 0.00000 0.00000 0.00000 0.0121364 0.0121364 0.0121364 0.0121364
1.90738 1.90738 1.90738 1.90738 1.90738 1.90738 1.90738 1.90738 1.90738 1.90738 1.90738 1.90738 1.90738 1.90738 1.90738 1.89851 1.82663 1.70583 0.722056 0.542438 0.542438 0.542438 0.542438 0.542438 0.542438 0.542438 0.538544 0.520652 0.501455 0.482296 0.463100 0.448743 0.447920 0.393292 0.305599 0.305599 0.303246 0.302613 0.302613 0.302613 0.302613 0.302613 0.302613 0.302613 0.302613 0.302613 0.302634 0.313061 0.336786 0.369487 0.416892 0.441949 0.441949 0.441949 0.441949 0.441949 0.441949 0.00000 0.00000 0.00000 0.0121364 0.0121364 0.0121364 0.0121364
1.90738 1.90738 1.90738 1.90738 1.90738 1.90738 1.90738 1.90738 1.90738 1.90738 1.89841 1.80286 1.68575 1.56858 1.45148 1.33423 1.21896 1.20852 0.965773 0.542438 0.542438 0.539366 0.521994 0.502797 0.483639 0.464470 0.449177 0.447920 0.447920 0.447920 0.447920 0.447920 0.447920 0.447806 0.321448 0.305599 0.304381 0.302613 0.302613 0.302613 0.302613 0.302613 0.302613 0.311634 0.334895 0.366792 0.413162 0.441949 0.441949 0.441949 0.441949 0.441949 0.441949 0.441949 0.441949 0.441949 0.441949 0.00000 0.00000 0.864413 0.864413 0.348810 0.289793 0.355276
1.77992 1.90738 1.90738 1.90738 1.90738 1.85037 1.73327 1.61609 1.49899 1.38175 1.27369 1.25206 1.25206 1.25206 1.25206 1.25206 1.23280 1.19897 1.12401 0.484981 0.465822 0.449707 0.447920 0.447920 0.447920 0.447920 0.447920 0.447920 0.447920 0.447920 0.447920 0.447920 0.447920 0.447920 0.372113 0.305599 0.305420 0.302724 0.302613 0.310318 0.333034 0.364165 0.409280 0.441949 0.441949 0.441949 0.441949 0.441949 0.441949 0.441949 0.441949 0.441949 0.441949 0.441949 0.441949 0.441949 0.460529 0.864413 0.864413 0.864413 0.841620 0.731297 0.450547 0.444474
1.35442 1.66360 1.54650 1.42939 1.31222 1.25206 1.25206 1.25206 1.25206 1.25206 1.25206 1.25218 1.25494 1.25879 1.26265 1.26650 1.26240 1.16472 1.16126 0.671464 0.447920 0.447920 0.447920 0.447920 0.447920 0.447920 0.447920 0.447920 0.447920 0.447920 0.447920 0.447920 0.447920 0.447920 0.441303 0.320149 0.334801 0.363134 0.405453 0.441671 0.441949 0.441949 0.441949 0.441949 0.441949 0.441949 0.441949 0.441949 0.441949 0.441949 0.441949 0.441949 0.441949 0.441949 0.441949 0.00000 0.458548 0.781149 0.732226 0.688813 0.663210 0.661480 0.513889 0.445032
0.741569 1.24802 1.25206 1.25206 1.25206 1.25206 1.25206 1.25402 1.25787 1.26172 1.26558 1.26931 1.27040 1.27040 1.27040 1.27040 1.27040 1.19949 1.16126 0.951664 0.447920 0.447920 0.447920 0.447920 0.447920 0.447920 0.447920 0.447920 0.447920 0.447920 0.447920 0.447920 0.447920 0.447920 0.447920 0.447920 0.447920 0.446380 0.441949 0.441949 0.441949 0.441949 0.441949 0.441949 0.441949 0.441949 0.441949 0.441949 0.441949 0.441949 0.00000 0.00000 0.00000 0.458548 0.458548 0.458548 0.458548 0.576586 0.661480 0.661480 0.661480 0.661480 0.613910 0.513231
0.629511 1.15055 1.25320 1.25694 1.26080 1.26465 1.26850 1.27040 1.27040 1.27040 1.27040 1.27040 1.27040 1.27040 1.27040 1.27040 1.27040 1.24179 1.16126 1.12198 0.462326 0.447920 0.447920 0.447920 0.447920 0.447920 0.447920 0.447920 0.447920 0.447920 0.447920 0.447920 0.447920 0.447920 0.447920 0.447920 0.447920 0.447886 0.442727 0.441949 0.441949 0.441949 0.441949 0.441949 0.441949 0.00000 0.00000 0.00000 0.00000 0.458548 0.458548 0.458548 0.458548 0.458548 0.458548 0.458548 0.458548 0.483355 0.658180 0.661480 0.661480 0.661480 0.661480 0.661480
0.652841 0.977298 1.27030 1.27040 1.27040 1.27040 1.27040 1.27040 1.27040 1.27040 1.27040 1.27040 1.27040 1.27040 1.27040 1.27040 1.27040 1.26973 1.17557 1.16126 0.747504 0.447920 0.447920 0.447920 0.447920 0.447920 0.447920 0.447920 0.447920 0.447920 0.447920 0.447920 0.447920 0.447920 0.455002 0.513992 0.583707 0.653388 0.677878 0.441949 0.00000 0.00000 0.00000 0.00000 0.00000 0.00000 0.458548 0.458548 0.458548 0.458548 0.458548 0.458548 0.458548 0.458548 0.458548 0.458548 0.458548 0.458548 0.619340 0.661480 0.661480 0.661480 0.661480 0.661480
0.666193 0.711776 1.25399 1.27040 1.27040 1.27040 1.27040 1.27040 1.27040 1.27040 1.27040 1.27040 1.27040 1.27040 1.27040 1.27040 1.27040 1.27040 1.21716 1.16287 1.00949 0.447920 0.447920 0.447920 0.447920 0.447920 0.447920 0.447920 0.447920 0.453008 0.509495 0.579169 0.648782 0.718497 0.781097 0.791684 0.791684 0.791684 0.791684 0.791684 0.00000 0.00000 0.458548 0.458548 0.458548 0.458548 0.458548 0.458548 0.458548 0.458548 0.458548 0.458548 0.458548 0.458548 0.458548 0.458548 0.458548 0.458548 0.547157 0.661480 0.661480 0.661480 0.661480 0.661480
0.666193 0.666193 1.12853 1.27040 1.27040 1.27040 1.27040 1.27040 1.27040 1.27040 1.27040 1.27040 1.27040 1.27044 1.27938 1.29524 1.31107 1.32692 1.33061 1.24910 1.22869 0.506965 0.447920 0.447920 0.451461 0.504951 0.574563 0.644278 0.713925 0.778484 0.791684 0.791684 0.791684 0.791684 0.791684 0.791684 0.791684 0.791684 0.791252 0.664142 0.458548 0.458548 0.458548 0.458548 0.458548 0.458548 0.458548 0.458548 0.458548 0.458548 0.458548 0.458548 0.458548 0.458548 0.458548 0.458548 0.458548 0.458548 0.462924 0.649828 0.661480 0.661480 0.661480 0.643119
0.666193 0.666193 0.910421 1.27040 1.27040 1.27040 1.27040 1.27040 1.27411 1.28917 1.30501 1.32083 1.33671 1.35252 1.35941 1.35941 1.35941 1.35941 1.35941 1.28272 1.27649 0.951439 0.639741 0.709319 0.775528 0.791684 0.791684 0.791684 0.791684 0.791684 0.791684 0.791684 0.791684 0.791684 0.791684 0.791684 0.791684 0.678658 0.635175 0.589845 0.458548 0.458548 0.458548 0.458548 0.458548 0.458548 0.458548 0.458548 0.458548 0.458548 0.458548 0.458548 0.458548 0.458548 0.458548 0.458548 0.458548 0.458548 0.458548 0.538397 0.501427 0.438146 0.374931 0.335548
0.666193 0.666193 0.674235 1.24328 1.29896 1.31479 1.33064 1.34650 1.35862 1.35941 1.35941 1.35941 1.35941 1.35941 1.35941 1.35018 1.33263 1.31507 1.29752 1.32638 1.42216 1.31385 0.791684 0.791684 0.791684 0.791684 0.791684 0.791684 0.791684 0.791684 0.791684 0.791684 0.791684 0.791684 0.791684 0.791684 0.791684 0.686427 0.625116 0.622304 0.478763 0.458548 0.458548 0.458548 0.458548 0.458548 0.458548 0.458548 0.458548 0.458548 0.458548 0.458548 0.458548 0.458548 0.458548 0.458548 0.458548 0.458548 0.458548 0.424303 0.355337 0.403872 0.452556 0.495705
0.666193 0.666193 0.666193 1.14122 1.35941 1.35941 1.35941 1.35941 1.35941 1.35941 1.35394 1.33677 1.31921 1.30166 1.28410 1.27578 1.27578 1.27578 1.27578 1.27904 1.40967 1.41653 0.890362 0.791684 0.791684 0.791684 0.791684 0.791684 0.791684 0.791684 0.791684 0.791684 0.791684 0.791684 0.791684 0.791684 0.791684 0.773600 0.630126 0.625116 0.555835 0.458548 0.458548 0.458548 0.458548 0.458548 0.458548 0.458548 0.458548 0.458548 0.458548 0.458548 0.458548 0.458548 0.458548 0.458548 0.477841 0.568563 0.665936 0.763175 0.540964 0.502374 0.502374 0.502374
0.666193 0.666193 0.666193 0.854845 1.35910 1.35672 1.34091 1.32335 1.30581 1.28824 1.27617 1.27578 1.27578 1.27578 1.27578 1.27578 1.27578 1.27578 1.27578 1.27578 1.35626 1.42216 1.16943 0.791684 0.791684 0.791684 0.791684 0.791684 0.791684 0.791684 0.791684 0.791684 0.791684 0.791684 0.791684 0.791684 0.791684 0.791684 0.675363 0.625116 0.605969 0.458548 0.458548 0.458548 0.458548 0.458548 0.458548 0.458548 0.458548 0.458548 0.458548 0.458548 0.460637 0.527364 0.624737 0.722111 0.800156 0.806807 0.806807 0.806807 0.632846 0.502374 0.502374 0.502374
0.664411 0.637457 0.602348 0.567256 1.20410 1.27752 1.27578 1.27578 1.27578 1.27578 1.27578 1.27578 1.27578 1.27578 1.27578 1.27578 1.27578 1.27578 1.27578 1.27578 1.29972 1.42195 1.34745 0.791684 0.791684 0.791684 0.791684 0.791684 0.791684 0.791684 0.791684 0.791684 0.791684 0.791684 0.791684 0.791684 0.791684 0.790921 0.736103 0.593290 0.571627 0.481867 0.458548 0.458548 0.458548 0.458548 0.458548 0.458548 0.458548 0.488463 0.583538 0.680911 0.776195 0.806807 0.806807 0.806807 0.806807 0.806807 0.806807 0.806807 0.772235 0.507828 0.502374 0.502374
0.507303 0.498929 0.498929 0.498929 0.963996 1.27578 1.27578 1.27578 1.27578 1.27578 1.27578 1.27578 1.27578 1.27578 1.27578 1.27578 1.27578 1.27578 1.27578 1.27578 1.27578 1.38930 1.42234 0.965919 0.791684 0.791684 0.791684 0.791684 0.791684 0.791684 0.791684 0.791684 0.791332 0.766541 0.726879 0.687257 0.647614 0.608755 0.596017 0.543885 0.527282 0.507595 0.458548 0.458548 0.458548 0.464886 0.542304 0.639678 0.737086 0.804509 0.806807 0.806807 0.806807 0.806807 0.806807 0.806807 0.806807 0.806807 0.806807 0.806807 0.806807 0.566951 0.502374 0.502374
0.498929 0.498929 0.498929 0.498929 0.616943 1.26809 1.27578 1.27578 1.27578 1.27578 1.27578 1.27578 1.27578 1.27578 1.27578 1.27578 1.27578 1.29243 1.34886 1.40712 1.46531 1.58041 1.72745 1.43636 0.791684 0.791684 0.791684 0.791587 0.768987 0.729384 0.689742 0.650099 0.610829 0.596017 0.596017 0.596017 0.596017 0.596017 0.596017 0.577507 0.527541 0.524209 0.503226 0.598478 0.695852 0.786887 0.806807 0.806807 0.806807 0.806807 0.806807 0.806807 0.806807 0.806807 0.806807 0.806807 0.806807 0.806807 0.806807 0.806807 0.806807 0.675483 0.502374 0.502374
0.498929 0.498929 0.498929 0.498929 0.498929 1.13756 1.27578 1.27578 1.27578 1.27578 1.27578 1.27963 1.32608 1.38430 1.44246 1.50066 1.55888 1.60043 1.60216 1.60216 1.60216 1.60932 1.74157 1.66767 0.737556 0.692246 0.652637 0.613040 0.596017 0.596017 0.596017 0.596017 0.596017 0.596017 0.596017 0.596017 0.596017 0.596017 0.596017 0.596017 0.614186 0.674022 0.756169 0.806807 0.806807 0.806807 0.806807 0.806807 0.806807 0.806807 0.806807 0.806807 0.806807 0.806807 0.806807 0.806807 0.806807 0.806807 0.806807 0.806807 0.806807 0.784322 0.504194 0.472192
0.00000 0.498929 0.498929 0.498929 0.498929 0.887239 1.30326 1.36146 1.41962 1.47784 1.53607 1.58596 1.57344 1.60216 1.60216 1.60216 1.60216 1.60216 1.64075 1.77678 1.95342 2.18686 1.87493 1.65070 0.983453 0.596017 0.596017 0.596017 0.596017 0.596017 0.596017 0.596017 0.596017 0.596017 0.596017 0.596017 0.596017 0.596017 0.596017 0.596017 0.634902 0.701412 0.720340 0.806807 0.806807 0.806807 0.806807 0.806807 0.806807 0.806807 0.806807 0.806807 0.806807 0.806807 0.806807 0.806807 0.785165 0.732055 0.692348 0.662111 0.638286 0.623393 0.521857 0.462700
0.00000 0.498929 0.498929 0.498929 0.498929 0.564186 1.56698 1.60216 1.54890 1.45092 1.37284 1.31129 1.35564 1.62135 1.74180 1.90836 2.12635 2.42412 2.69638 2.70539 2.70539 2.70539 2.30859 1.65070 1.37330 0.596017 0.596017 0.596017 0.596017 0.596017 0.596017 0.596017 0.596017 0.596017 0.596017 0.596017 0.596017 0.596017 0.596017 0.596017 0.596017 0.687508 0.702321 0.788872 0.806807 0.806807 0.806807 0.806807 0.806807 0.806807 0.806807 0.779861 0.727559 0.688978 0.659479 0.636182 0.622939 0.622569 0.622569 0.631090 0.700510 0.781794 0.833607 0.721663
0.00000 0.00000 0.498929 0.498929 0.508588 0.542598 1.16032 1.32802 1.29949 1.34589 1.41390 1.49366 1.58961 2.36921 2.70539 2.70539 2.70539 2.70539 2.70539 2.70539 2.70539 2.70539 2.70118 1.73888 1.60762 0.638391 0.596017 0.596017 0.596017 0.596017 0.596017 0.596017 0.596017 0.596017 0.596017 0.596017 0.596017 0.596017 0.596017 0.596017 0.596017 0.645628 0.701412 0.740761 0.806807 0.806807 0.774103 0.723177 0.685697 0.656921 0.634142 0.622671 0.622569 0.622569 0.622569 0.622627 0.666047 0.747332 0.828675 0.901467 0.913391 0.913391 0.913391 0.764200
0.684198 0.684198 0.602650 0.579308 0.597043 0.610356 0.925381 1.56514 1.66808 1.69480 1.69480 1.69480 1.69480 1.93362 2.70539 2.70539 2.70539 2.70539 2.70539 2.70539 2.70539 2.70539 2.70539 2.03714 1.65070 1.08354 0.596017 0.596017 0.596017 0.596017 0.596017 0.596017 0.596017 0.596017 0.596017 0.596017 0.596017 0.596017 0.596017 0.596017 0.596017 0.681087 0.831060 0.906810 0.654981 0.632123 0.622569 0.622569 0.622569 0.622569 0.622569 0.622569 0.637750 0.712899 0.794212 0.875468 0.913391 0.913391 0.913391 0.913391 0.913391 0.913391 0.913391 0.835763
0.684198 0.684198 0.678715 0.669952 0.684198 0.684198 0.695054 1.62794 1.69480 1.69480 1.69480 1.69480 1.69480 1.70993 2.54055 2.70539 2.70539 2.70539 2.70539 2.70539 2.70539 2.70539 2.70539 2.52045 1.65943 1.43407 0.596017 0.596017 0.596017 0.596017 0.596017 0.596017 0.596017 0.596017 0.596017 0.596017 0.666781 0.837171 1.00832 1.17947 1.35061 1.43745 1.26074 1.12213 0.730801 0.622569 0.622569 0.622569 0.623994 0.678436 0.759750 0.841092 0.907225 0.913391 0.913391 0.913391 0.913391 0.913391 0.913391 0.913391 0.913391 0.913391 0.913391 0.901174
0.684198 0.684198 0.684198 0.684198 0.684198 0.684198 0.684198 1.37435 1.69480 1.69480 1.69480 1.69480 1.69480 1.69480 2.03076 2.70539 2.70539 2.70539 2.70539 2.70539 2.70247 2.67265 2.63636 2.59998 1.75634 1.54346 0.692987 0.596017 0.596017 0.596017 0.596017 0.654160 0.822867 0.993846 1.16510 1.33639 1.43669 1.43745 1.43745 1.43745 1.43745 1.43745 1.42039 1.13832 0.920486 0.646271 0.725287 0.806630 0.886519 0.913391 0.913391 0.913391 0.913391 0.913391 0.913391 0.913391 0.913391 0.913391 0.913391 0.913391 0.913391 0.913391 0.913391 0.913391
0.684198 0.684198 0.684198 0.684198 0.684198 0.684198 0.684198 0.958013 1.69434 1.69480 1.69480 1.69480 1.69480 1.69480 1.74114 2.62852 2.65096 2.61458 2.57829 2.54196 2.50861 2.50212 2.50212 2.50212 2.04895 1.54907 1.14944 0.808394 0.979710 1.15086 1.32184 1.43492 1.43745 1.43745 1.43745 1.43745 1.43745 1.43745 1.43745 1.43745 1.43745 1.43745 1.43745 1.32242 1.32293 0.929207 0.913391 0.913391 0.913391 0.913391 0.913391 0.913391 0.913391 0.913391 0.913391 0.913391 0.913391 0.913391 0.913391 0.913391 0.913391 0.913391 0.913391 0.913391
0.684198 0.684198 0.684198 0.684198 0.684198 0.684198 0.684198 0.684198 1.57812 1.69155 1.67488 1.65669 1.63853 1.62038 1.60279 2.05539 2.50212 2.50212 2.50212 2.50212 2.50212 2.50383 2.51215 2.51882 2.50240 1.95576 1.88390 1.43745 1.43745 1.43745 1.43745 1.43745 1.43745 1.43745 1.43745 1.43745 1.43745 1.43745 1.43745 1.43745 1.43745 1.43745 1.43745 1.43454 1.41361 1.09109 0.913391 0.913391 0.913391 0.913391 0.913391 0.913391 0.913391 0.913391 0.913391 0.913391 0.913391 0.913391 0.913391 0.917581 0.944221 0.974195 1.00417 1.03414
0.684198 0.684198 0.684198 0.684171 0.675809 0.664154 0.655429 0.648636 1.07911 1.59462 1.59316 1.63257 1.78470 2.00087 2.32108 2.50212 2.50272 2.51027 2.51747 2.52276 2.52683 2.52960 2.52990 2.52990 2.52990 2.22553 1.96676 1.53415 1.43745 1.43745 1.43745 1.43745 1.43745 1.43745 1.43745 1.43745 1.43745 1.43745 1.43745 1.43745 1.43551 1.30674 1.16021 1.05938 1.17053 1.28074 0.913391 0.913391 0.913391 0.913391 0.913391 0.913391 0.913391 0.913391 0.919370 0.947311 0.977269 1.00726 1.03722 1.06300 1.06632 1.06632 1.06096 0.974671
0.660079 0.652283 0.646140 0.641182 0.639279 0.639279 0.639279 0.638597 0.727149 1.90173 2.20611 2.49080 2.50825 2.51602 2.52167 2.52598 2.52921 2.52990 2.52990 2.52990 2.52990 2.52990 2.52990 2.52990 2.52990 2.44011 1.97057 1.76568 1.43745 1.43745 1.43745 1.43745 1.43745 1.43745 1.43745 1.43745 1.43745 1.34309 1.18443 1.07662 0.999034 0.974569 0.974569 0.974569 1.00213 1.36827 0.974560 0.913391 0.913391 0.921481 0.950400 0.980343 1.01033 1.04029 1.06429 1.06632 1.06632 1.06632 1.06632 1.02169 0.908970 0.795515 0.687421 0.660255
