results/OMI_NO2_200701.asc
ncols      200
nrows      200
xllcorner       120.258
yllcorner       41.1236
cellsize     0.0166667
NODATA_Value      -999.000
[rows 0 to 28 of 165, columns 0 to 63 of 200]
0.290695 0.283254 0.274336 0.232641 0.219250 0.211701 0.205039 0.199157 0.195738 0.210272 0.207057 0.202916 0.106168 0.105333 0.130896 0.154255 0.174276 0.191601 0.206454 0.210776 0.213013 0.234719 0.235311 0.235311 0.235311 0.321516 0.687005 0.564849 0.480383 0.451332 0.384517 0.345938 0.337372 0.336133 0.336133 0.336133 0.343955 0.386333 0.388837 0.391466 0.393798 0.395879 0.397509 0.397719 0.396841 0.314622 0.305018 0.307790 0.315348 0.430910 0.432596 0.432596 0.434913 0.537567 0.649370 0.854048 1.16366 1.16786 1.17128 1.17399 1.14292 1.07159 0.894921 0.772086
0.240539 0.239348 0.239348 0.203808 0.188789 0.188789 0.188789 0.188795 0.194735 0.218629 0.237159 0.247084 0.223215 0.209814 0.210776 0.210776 0.210776 0.210776 0.210776 0.217323 0.244861 0.256876 0.235311 0.235311 0.233460 0.239476 0.482508 0.454632 0.388370 0.387182 0.376960 0.336160 0.336133 0.336133 0.337589 0.348288 0.351882 0.385079 0.397719 0.397719 0.397719 0.397719 0.397719 0.397719 0.397719 0.354416 0.302955 0.307790 0.307790 0.383154 0.495329 0.704884 0.818795 0.819284 0.809761 0.813457 0.913042 0.864106 0.802626 0.753181 0.722646 0.688954 0.587891 0.545933
0.239348 0.239348 0.239348 0.217965 0.188789 0.188789 0.193104 0.234031 0.241307 0.258525 0.288289 0.298613 0.288687 0.210776 0.210776 0.212319 0.234823 0.263948 0.293083 0.315640 0.312432 0.294152 0.224709 0.220873 0.219006 0.218958 0.343392 0.436628 0.395074 0.387182 0.387182 0.344304 0.336133 0.336133 0.336186 0.352759 0.355426 0.366608 0.397719 0.397719 0.397719 0.397719 0.397719 0.398413 0.416637 0.467075 0.418873 0.426472 0.447824 0.504056 0.571303 0.570917 0.697191 0.692000 0.679850 0.668929 0.696369 0.715944 0.735995 0.755159 0.773080 0.789142 0.738134 0.664453
0.239348 0.239425 0.247692 0.255663 0.216098 0.225999 0.236323 0.275320 0.288694 0.290490 0.325570 0.326946 0.336537 0.268123 0.283035 0.310516 0.310847 0.302036 0.294388 0.287678 0.284483 0.284483 0.244013 0.218958 0.218958 0.218958 0.270140 0.434004 0.409630 0.387182 0.387182 0.361199 0.336133 0.336133 0.336133 0.346104 0.358228 0.360690 0.401683 0.456348 0.517325 0.578362 0.639365 0.699651 0.742463 0.744543 0.595441 0.484993 0.456563 0.461431 0.542437 0.567687 0.658784 0.709143 0.724623 0.739343 0.769172 0.827942 0.828125 0.828125 0.822971 0.806453 0.771170 0.667059
0.305139 0.318827 0.324316 0.324316 0.264721 0.252515 0.252515 0.266344 0.292259 0.308584 0.356544 0.395463 0.406784 0.347518 0.293211 0.286713 0.284483 0.284483 0.284483 0.284483 0.284483 0.284483 0.273722 0.219045 0.218958 0.218958 0.238002 0.405221 0.460195 0.396516 0.399344 0.396394 0.351265 0.375971 0.436487 0.495826 0.531520 0.577164 0.661836 0.744543 0.744543 0.744543 0.744543 0.744577 0.737474 0.716769 0.635301 0.497281 0.449170 0.447397 0.597287 0.660264 0.670754 0.730963 0.728866 0.726871 0.730865 0.759769 0.752204 0.742025 0.735320 0.735019 0.732645 0.665746
0.324316 0.324316 0.324316 0.324316 0.284303 0.269824 0.291668 0.314186 0.349989 0.352584 0.369068 0.406784 0.406784 0.369947 0.284492 0.284483 0.284483 0.284483 0.284483 0.286780 0.302568 0.319592 0.335609 0.325561 0.333127 0.351254 0.368577 0.499467 0.610200 0.548688 0.565547 0.609882 0.577346 0.569531 0.556427 0.544370 0.603442 0.595821 0.595589 0.667797 0.664023 0.650321 0.638127 0.627152 0.620201 0.619984 0.614286 0.491774 0.429621 0.427974 0.508193 0.647438 0.656353 0.713062 0.735180 0.735761 0.731473 0.732144 0.735019 0.735019 0.735019 0.735019 0.735019 0.703804
0.324316 0.337399 0.366482 0.395596 0.397569 0.332353 0.332353 0.332353 0.344426 0.352584 0.354792 0.404772 0.416924 0.425368 0.346576 0.348038 0.367654 0.381533 0.394613 0.405184 0.406980 0.407346 0.416050 0.436182 0.455304 0.480434 0.507903 0.516040 0.659103 0.631652 0.577178 0.573177 0.546605 0.513179 0.513590 0.514351 0.570684 0.598032 0.612021 0.623956 0.619984 0.619984 0.619984 0.619984 0.619984 0.620185 0.626317 0.555094 0.470103 0.461404 0.490031 0.665897 0.671298 0.682680 0.729926 0.729974 0.729974 0.730345 0.734868 0.735019 0.728643 0.715653 0.702668 0.683999
0.414682 0.430735 0.430767 0.430767 0.432121 0.375796 0.392319 0.411796 0.432767 0.450367 0.468909 0.542357 0.572800 0.579769 0.532164 0.497243 0.475790 0.449684 0.472109 0.494002 0.515433 0.536330 0.549657 0.550912 0.559851 0.560342 0.557970 0.538508 0.579895 0.628982 0.552923 0.553165 0.562864 0.542754 0.555032 0.568678 0.599717 0.640197 0.632097 0.630735 0.620247 0.625396 0.634319 0.643238 0.652157 0.660875 0.663661 0.632762 0.516316 0.486009 0.489523 0.609057 0.668675 0.668675 0.715348 0.729974 0.725493 0.714202 0.703564 0.693813 0.694955 0.702791 0.710637 0.718699
0.486480 0.506334 0.528535 0.553625 0.576187 0.562036 0.560598 0.569313 0.573112 0.554289 0.544235 0.572677 0.626662 0.648291 0.655988 0.609537 0.625226 0.557345 0.553091 0.550317 0.547665 0.545120 0.542352 0.536416 0.534671 0.547153 0.547153 0.542802 0.540124 0.660704 0.612413 0.607718 0.610374 0.586462 0.572883 0.572883 0.576243 0.656562 0.654429 0.663348 0.664291 0.663661 0.663661 0.663661 0.663661 0.663661 0.663661 0.663245 0.552226 0.487867 0.486781 0.549178 0.663966 0.648272 0.658379 0.709289 0.719076 0.737623 0.761358 0.790858 0.809573 0.837791 0.869012 0.901981
0.578257 0.578353 0.582945 0.589152 0.594531 0.588558 0.577773 0.586672 0.582296 0.599689 0.667181 0.687896 0.716598 0.718820 0.720098 0.641324 0.609989 0.557259 0.538888 0.536528 0.532124 0.527726 0.523639 0.525377 0.535506 0.568078 0.585581 0.595752 0.565287 0.653239 0.654913 0.610374 0.610374 0.599959 0.572883 0.572883 0.572883 0.638787 0.675498 0.675774 0.673178 0.663661 0.663661 0.663661 0.663661 0.663661 0.663661 0.671208 0.613159 0.532214 0.514997 0.540015 0.692341 0.726977 0.742758 0.821009 0.844345 0.857363 0.869841 0.907561 0.928217 0.937861 0.948484 0.959115
0.603763 0.599588 0.590812 0.581858 0.573825 0.564404 0.548085 0.559651 0.558618 0.559423 0.677619 0.690459 0.714826 0.724666 0.724666 0.679209 0.598818 0.566066 0.524831 0.526678 0.537078 0.547579 0.558089 0.566003 0.566471 0.576301 0.597073 0.597073 0.575118 0.602070 0.681459 0.610657 0.610374 0.609875 0.576463 0.572883 0.572883 0.608139 0.674193 0.686920 0.706936 0.717611 0.718623 0.700545 0.681535 0.647953 0.611600 0.590506 0.597325 0.650226 0.602512 0.609666 0.705971 0.777870 0.793337 0.842841 0.919949 0.929178 0.938296 0.964011 0.999697 1.00237 1.00237 1.00125
0.558784 0.551380 0.545562 0.539164 0.532112 0.526118 0.523774 0.540485 0.551110 0.552652 0.625887 0.682426 0.687729 0.711398 0.704565 0.697040 0.612679 0.609428 0.560195 0.570546 0.568483 0.566471 0.566471 0.566471 0.566471 0.566836 0.592360 0.597073 0.585018 0.563810 0.681261 0.637488 0.642877 0.662908 0.662027 0.665464 0.680711 0.677313 0.760988 0.722674 0.684406 0.631038 0.583936 0.567460 0.552838 0.548976 0.548976 0.570629 0.613082 0.691042 0.646669 0.661996 0.748185 0.882480 0.889959 0.895224 0.981554 1.00047 1.00548 1.00758 1.05277 1.04199 1.02846 1.01640
0.537744 0.540508 0.543115 0.545568 0.547884 0.550080 0.547013 0.549156 0.557887 0.552022 0.566810 0.654584 0.653970 0.694112 0.698924 0.702182 0.670111 0.651377 0.604450 0.594166 0.581656 0.566471 0.566471 0.564841 0.560010 0.554944 0.560763 0.574097 0.565379 0.522152 0.591055 0.704982 0.736565 0.707762 0.669263 0.603343 0.573877 0.569100 0.570941 0.567768 0.557225 0.555412 0.552504 0.558734 0.569448 0.581712 0.595744 0.609818 0.660509 0.704135 0.698051 0.667891 0.747762 0.905551 0.919275 0.912021 0.941529 0.980226 0.962545 0.950260 0.978823 1.00287 1.00287 1.00287
0.551510 0.551510 0.551510 0.551510 0.549451 0.540876 0.530889 0.521755 0.538093 0.538564 0.538473 0.628617 0.658844 0.688552 0.708195 0.708722 0.693366 0.647384 0.610343 0.574394 0.569729 0.542088 0.541404 0.544354 0.554593 0.570478 0.583708 0.631337 0.649863 0.609596 0.524270 0.477810 0.626703 0.620599 0.596962 0.554659 0.543872 0.541487 0.550941 0.564748 0.581303 0.575738 0.581634 0.604515 0.604685 0.604685 0.604685 0.604685 0.643505 0.663187 0.727129 0.660075 0.704190 0.819164 0.874109 0.864145 0.858401 0.936651 0.945134 0.945134 0.956153 1.00287 0.999536 0.988908
0.540659 0.534909 0.527630 0.520418 0.514870 0.514489 0.514634 0.522115 0.557199 0.590269 0.617230 0.666813 0.736197 0.721175 0.635391 0.622146 0.612525 0.577911 0.577186 0.631982 0.639874 0.624407 0.611958 0.611587 0.608586 0.601199 0.597315 0.610512 0.628002 0.582278 0.493542 0.408715 0.519674 0.532655 0.529968 0.543889 0.559130 0.550615 0.542096 0.537741 0.560740 0.563668 0.565813 0.602325 0.603453 0.599617 0.595700 0.591785 0.607469 0.645563 0.709241 0.633793 0.635150 0.731287 0.844167 0.834536 0.830756 0.866349 0.905939 0.899270 0.885603 0.902624 0.896873 0.886880
0.518703 0.541267 0.562389 0.587705 0.612420 0.633609 0.651824 0.664775 0.661388 0.645462 0.636172 0.637746 0.714163 0.714426 0.587737 0.578860 0.579256 0.568198 0.553018 0.599508 0.605283 0.597964 0.568445 0.564711 0.569126 0.566876 0.574892 0.591890 0.558517 0.524584 0.461907 0.387309 0.436150 0.510333 0.503275 0.504464 0.537262 0.537471 0.537471 0.537471 0.549107 0.556511 0.553248 0.570200 0.585575 0.585495 0.585495 0.585495 0.586801 0.641432 0.669478 0.670378 0.611697 0.700694 0.810011 0.813099 0.825947 0.843589 0.857887 0.847301 0.844558 0.847068 0.850294 0.834269
0.638454 0.640594 0.645585 0.647372 0.647372 0.651469 0.665715 0.680405 0.688533 0.668109 0.680901 0.691353 0.717641 0.706248 0.622650 0.563891 0.561916 0.556607 0.535551 0.560731 0.583773 0.582440 0.567304 0.572637 0.597125 0.619005 0.625633 0.620537 0.568977 0.516902 0.457870 0.379263 0.353352 0.484625 0.490258 0.500495 0.527447 0.537471 0.537471 0.537471 0.538460 0.547442 0.547677 0.552244 0.585100 0.585495 0.585495 0.585495 0.585495 0.623217 0.645231 0.698640 0.627447 0.704236 0.806707 0.836340 0.822358 0.808033 0.786335 0.765857 0.752247 0.747499 0.766468 0.767666
0.686756 0.682639 0.697346 0.712045 0.726636 0.736884 0.737006 0.736659 0.736305 0.696929 0.691295 0.687912 0.694265 0.692289 0.650853 0.555690 0.555595 0.555595 0.535076 0.552646 0.605721 0.615139 0.614474 0.587449 0.581188 0.579116 0.569573 0.564356 0.554180 0.480332 0.444056 0.391035 0.329165 0.436662 0.470731 0.500495 0.513892 0.537471 0.537471 0.537471 0.537471 0.544468 0.546985 0.534386 0.538640 0.533166 0.535898 0.541753 0.562841 0.608328 0.626464 0.635799 0.598910 0.587548 0.657468 0.766433 0.761400 0.758247 0.741000 0.710993 0.693582 0.676534 0.664382 0.648686
0.787674 0.736925 0.736577 0.736229 0.736006 0.736002 0.733673 0.727456 0.721490 0.692092 0.672994 0.672367 0.672857 0.691912 0.680284 0.553598 0.553177 0.563595 0.562915 0.546276 0.578725 0.578858 0.573501 0.551715 0.548261 0.553943 0.554967 0.554967 0.554967 0.511094 0.457040 0.415613 0.344015 0.390313 0.461716 0.481937 0.468352 0.474679 0.451756 0.426889 0.418623 0.430854 0.459807 0.479514 0.520766 0.606999 0.639873 0.669534 0.683147 0.682601 0.596886 0.605231 0.627598 0.616417 0.707962 0.698133 0.659837 0.645942 0.644634 0.635543 0.629781 0.629781 0.630796 0.636761
0.818354 0.737191 0.738619 0.729746 0.722466 0.717704 0.715097 0.716133 0.717269 0.704891 0.676468 0.680256 0.693514 0.721714 0.732639 0.642015 0.590454 0.598818 0.600497 0.559744 0.540652 0.553433 0.548394 0.548216 0.548216 0.551081 0.554896 0.549753 0.541691 0.525837 0.448318 0.400093 0.334550 0.293811 0.324638 0.353652 0.387322 0.427912 0.468038 0.500860 0.524744 0.560358 0.599493 0.631562 0.665840 0.766124 0.822440 0.856879 0.889752 0.921374 0.867062 0.819871 0.829770 0.797752 0.750955 0.708263 0.643415 0.643158 0.643725 0.642289 0.637964 0.651533 0.666580 0.683814
0.866368 0.769048 0.751288 0.735113 0.719152 0.719152 0.719152 0.720417 0.733090 0.746433 0.719295 0.732860 0.738164 0.746404 0.759403 0.706954 0.593165 0.588257 0.585174 0.563905 0.521962 0.538095 0.532295 0.526638 0.521191 0.515100 0.509899 0.507079 0.507655 0.508478 0.468532 0.411949 0.375713 0.356336 0.458216 0.495901 0.545282 0.600987 0.738772 0.806307 0.851852 0.868882 0.854469 0.833495 0.834908 0.864669 0.935629 0.928314 0.921154 0.914245 0.882547 0.781796 0.778334 0.776471 0.721795 0.728412 0.653689 0.663690 0.678559 0.694150 0.685183 0.678915 0.678915 0.681473
0.915138 0.848771 0.795053 0.793155 0.769828 0.785377 0.803237 0.821551 0.828146 0.831881 0.797227 0.782950 0.768639 0.750322 0.746220 0.725673 0.594927 0.586258 0.582810 0.573021 0.545228 0.525541 0.525157 0.524859 0.525467 0.527291 0.531893 0.536030 0.537848 0.539429 0.531455 0.454647 0.431537 0.374461 0.496182 0.575016 0.686318 0.708539 0.836227 0.839399 0.835876 0.832352 0.827193 0.792609 0.791058 0.793327 0.881218 0.892449 0.893973 0.895719 0.897464 0.799812 0.783375 0.784196 0.767421 0.776950 0.748002 0.705885 0.708905 0.712020 0.710511 0.696688 0.700290 0.709336
0.945711 0.935823 0.853878 0.872900 0.847876 0.823558 0.820281 0.815112 0.809205 0.766001 0.713601 0.682021 0.689759 0.701588 0.723343 0.732987 0.649737 0.615432 0.618905 0.621205 0.596359 0.549842 0.544739 0.546641 0.548399 0.552527 0.558592 0.564577 0.569204 0.571157 0.568184 0.532322 0.529187 0.458508 0.501458 0.603714 0.663982 0.687507 0.781725 0.829528 0.829528 0.829528 0.829528 0.805705 0.793824 0.795277 0.842911 0.900570 0.900790 0.900790 0.900790 0.840010 0.783487 0.783899 0.784288 0.784288 0.804838 0.736640 0.736815 0.741414 0.744536 0.721994 0.712452 0.702504
0.947818 0.929127 0.875089 0.871766 0.861700 0.825418 0.826145 0.826146 0.825903 0.791867 0.744918 0.740465 0.735749 0.727142 0.717589 0.768774 0.722605 0.634896 0.634332 0.632779 0.621935 0.598324 0.569697 0.575910 0.580825 0.581142 0.574149 0.565728 0.556656 0.550529 0.548724 0.540302 0.528701 0.481493 0.451227 0.585738 0.643745 0.684710 0.729366 0.829528 0.829528 0.829528 0.829528 0.822721 0.798199 0.798188 0.805860 0.897240 0.900790 0.900790 0.900790 0.883650 0.783908 0.783597 0.782758 0.777930 0.811656 0.722677 0.708140 0.696453 0.687617 0.684080 0.677160 0.677553
0.892843 0.890450 0.891842 0.886493 0.880260 0.823010 0.805540 0.799388 0.788726 0.773601 0.709117 0.703436 0.695915 0.687581 0.683400 0.720587 0.751741 0.626652 0.621250 0.621461 0.628851 0.648398 0.580794 0.568648 0.562466 0.558799 0.560395 0.562621 0.564959 0.567425 0.571801 0.576828 0.562643 0.559005 0.466196 0.598347 0.674651 0.672179 0.671532 0.795169 0.806166 0.829528 0.829528 0.829528 0.804215 0.798188 0.798994 0.861841 0.907360 0.906661 0.904154 0.905931 0.827934 0.813306 0.767243 0.755131 0.777148 0.744428 0.689347 0.689347 0.689308 0.678589 0.654899 0.638897
0.875083 0.860765 0.852660 0.844324 0.836675 0.806987 0.761853 0.746579 0.736547 0.728898 0.681299 0.670718 0.671449 0.676724 0.676719 0.680411 0.746882 0.662984 0.632253 0.630508 0.628764 0.655683 0.605165 0.581352 0.579930 0.574094 0.568567 0.574275 0.573411 0.572564 0.571724 0.570897 0.548236 0.555157 0.486525 0.514571 0.636437 0.636449 0.638489 0.721200 0.776835 0.838034 0.848836 0.851413 0.837789 0.819006 0.817948 0.829729 0.910789 0.923254 0.938781 0.950458 0.893688 0.827447 0.790346 0.725101 0.704327 0.704923 0.604992 0.585716 0.563686 0.551719 0.554979 0.561423
0.815845 0.820822 0.814292 0.770436 0.756327 0.744859 0.718117 0.724557 0.732645 0.739823 0.706116 0.679642 0.679642 0.679642 0.669776 0.644614 0.691362 0.681094 0.601671 0.578900 0.556190 0.545640 0.541399 0.537784 0.523922 0.512556 0.523386 0.569988 0.569988 0.569988 0.570650 0.575894 0.561957 0.579570 0.542282 0.507473 0.670027 0.696841 0.698448 0.716473 0.791751 0.823623 0.839812 0.836843 0.843365 0.824589 0.831130 0.837281 0.898009 0.905235 0.881427 0.857620 0.823440 0.711408 0.683619 0.599593 0.558648 0.572244 0.516698 0.511474 0.513434 0.512152 0.510307 0.522911
0.786831 0.816162 0.814141 0.764116 0.740613 0.740613 0.740613 0.740613 0.740613 0.740613 0.723877 0.676291 0.670956 0.660755 0.626612 0.575191 0.572931 0.601814 0.522923 0.506895 0.495365 0.488427 0.499238 0.510854 0.520203 0.525552 0.530930 0.584412 0.606124 0.613178 0.622004 0.619428 0.585638 0.539585 0.507336 0.488383 0.606721 0.676278 0.675258 0.675336 0.768848 0.803731 0.830060 0.817597 0.797344 0.762312 0.739791 0.728997 0.751718 0.801511 0.802772 0.804038 0.805298 0.731613 0.708140 0.635593 0.574476 0.579724 0.565256 0.533890 0.522049 0.513377 0.506305 0.512059
0.778547 0.835904 0.835891 0.810998 0.758734 0.759572 0.760431 0.760606 0.759422 0.752413 0.716794 0.623037 0.590559 0.561998 0.542844 0.517943 0.504781 0.559369 0.539617 0.529094 0.531319 0.533522 0.551930 0.580963 0.600775 0.590585 0.574159 0.575741 0.600309 0.573003 0.542985 0.520882 0.509077 0.389329 0.422664 0.456070 0.517731 0.645881 0.634116 0.621910 0.652451 0.698191 0.748763 0.756932 0.764477 0.767605 0.750677 0.750582 0.751076 0.802415 0.812366 0.817260 0.824967 0.785622 0.722060 0.679022 0.580760 0.559723 0.556507 0.503739 0.503152 0.503152 0.503152 0.504203
