results/OMI_NO2_2007_06-08.asc
ncols      200
nrows      200
xllcorner       120.258
yllcorner       41.1236
cellsize     0.0166667
NODATA_Value      -999.000
[rows 28 to 55 of 165, columns 0 to 63 of 200]
1.65945 1.69855 1.65420 1.66344 1.68904 1.59945 1.55997 1.54937 1.55119 1.54783 1.54841 1.63972 1.68824 1.72077 1.73160 1.74786 1.76518 1.79751 1.80482 1.77707 1.77242 1.79254 1.83067 1.83390 1.82855 1.81475 1.81873 1.84121 1.82728 1.83733 1.84864 1.75934 1.72591 1.69227 1.69161 1.66857 1.70049 1.75794 1.74084 1.72446 1.70040 1.69523 1.69050 1.68696 1.70821 1.71896 1.76046 1.77545 1.79204 1.77522 1.76977 1.74608 1.77770 1.78856 1.75570 1.75155 1.71499 1.68003 1.70101 1.69940 1.73079 1.70021 1.70657 1.69953
1.69275 1.71571 1.66983 1.65281 1.66749 1.62143 1.55341 1.55562 1.54873 1.54275 1.54758 1.61608 1.70952 1.77271 1.79479 1.79256 1.79839 1.77704 1.79467 1.79289 1.80385 1.81097 1.84021 1.82712 1.79972 1.79580 1.79225 1.81756 1.81351 1.80263 1.80789 1.74749 1.64891 1.66263 1.67576 1.66016 1.69172 1.73912 1.74565 1.73934 1.71107 1.72955 1.71972 1.72932 1.75620 1.75652 1.78727 1.78403 1.80205 1.81174 1.81038 1.78019 1.80119 1.81745 1.81684 1.79747 1.79347 1.73878 1.74999 1.76097 1.76976 1.73229 1.72269 1.69791
1.70311 1.69552 1.66037 1.61126 1.63253 1.61322 1.52619 1.50372 1.53357 1.55406 1.59274 1.66665 1.75008 1.79256 1.80003 1.78498 1.78173 1.74232 1.75851 1.73873 1.73337 1.74928 1.77712 1.79364 1.74253 1.75001 1.75029 1.76195 1.78212 1.76314 1.76987 1.77562 1.63144 1.65396 1.72343 1.73053 1.74362 1.80789 1.82970 1.82346 1.77942 1.78421 1.75860 1.75790 1.77696 1.77868 1.81452 1.80535 1.82334 1.84722 1.80910 1.79223 1.81203 1.85047 1.87936 1.83431 1.83652 1.77745 1.75685 1.76638 1.79353 1.78795 1.78719 1.76566
1.69303 1.66475 1.61847 1.51254 1.58292 1.65144 1.65410 1.64480 1.65216 1.61750 1.61968 1.63256 1.66329 1.69794 1.71517 1.70909 1.67979 1.65471 1.67608 1.68263 1.68079 1.70465 1.70883 1.70062 1.67871 1.70409 1.72315 1.74621 1.79720 1.76478 1.78116 1.81648 1.71443 1.70292 1.79030 1.83489 1.83029 1.83894 1.88446 1.85670 1.81122 1.81171 1.79217 1.80835 1.84216 1.85411 1.91240 1.88968 1.87468 1.90446 1.86342 1.79713 1.79466 1.82602 1.85861 1.86195 1.88737 1.88237 1.84201 1.83488 1.86296 1.84268 1.83079 1.81143
1.71543 1.78929 1.84277 1.71102 1.74272 1.72549 1.69068 1.65441 1.66236 1.64060 1.63615 1.64665 1.66413 1.68622 1.71098 1.70877 1.67885 1.65153 1.64145 1.67098 1.69185 1.73297 1.72822 1.71435 1.68807 1.70542 1.71443 1.75590 1.83066 1.78567 1.76089 1.75708 1.71304 1.73661 1.77822 1.82954 1.81529 1.78191 1.83116 1.81567 1.76851 1.76646 1.74846 1.75368 1.78143 1.78502 1.85540 1.87745 1.85548 1.84837 1.83063 1.81437 1.84732 1.88000 1.92798 1.97615 1.95224 1.92559 1.87491 1.84774 1.87271 1.88250 1.88632 1.85853
1.67093 1.76161 1.88726 1.71658 1.70764 1.70537 1.70002 1.66505 1.65192 1.62921 1.60005 1.61241 1.61788 1.62714 1.66059 1.68027 1.68103 1.64974 1.62885 1.65959 1.67786 1.72580 1.73415 1.72716 1.69646 1.68984 1.65112 1.68449 1.70196 1.69012 1.67716 1.69922 1.68358 1.71410 1.74690 1.83289 1.84879 1.81357 1.83284 1.82910 1.78580 1.78399 1.78683 1.80030 1.83878 1.83210 1.85354 1.87947 1.86437 1.87994 1.87842 1.88298 1.88402 1.89043 1.90784 1.96021 1.97889 1.97077 1.96866 1.95519 1.95678 1.97462 1.98864 1.93256
1.74068 1.67879 1.87292 1.73101 1.68375 1.64874 1.65619 1.62597 1.59800 1.60889 1.58625 1.62427 1.63869 1.66096 1.67024 1.68604 1.67299 1.62019 1.61875 1.66891 1.67892 1.70342 1.68488 1.63431 1.57780 1.55189 1.54190 1.61063 1.64154 1.65091 1.67636 1.70064 1.68716 1.69415 1.70994 1.76915 1.76884 1.75600 1.74596 1.76912 1.72854 1.70546 1.68838 1.68890 1.69304 1.69741 1.70767 1.76934 1.78240 1.80799 1.80272 1.80151 1.79598 1.83043 1.87968 1.94902 2.01474 1.99485 1.97936 1.99163 1.97572 1.96374 1.97492 1.94401
1.87913 1.77007 1.92116 1.86541 1.77683 1.74806 1.80762 1.80464 1.78701 1.79263 1.72760 1.71305 1.67718 1.66665 1.63945 1.66787 1.66282 1.63565 1.60670 1.63891 1.62018 1.59659 1.60596 1.58082 1.55271 1.52929 1.49833 1.53959 1.58480 1.57970 1.61956 1.65267 1.64608 1.64210 1.65112 1.71335 1.72746 1.70082 1.67136 1.68650 1.63282 1.62494 1.62142 1.65124 1.67663 1.68938 1.69713 1.74560 1.78468 1.81348 1.84165 1.85908 1.85525 1.88432 1.91964 1.95660 2.04889 1.98577 1.95215 1.93648 1.96289 1.96453 1.98070 1.97092
1.85103 1.82634 1.89873 1.97590 1.83163 1.79764 1.80599 1.79380 1.74520 1.73795 1.70689 1.67208 1.63080 1.64112 1.61115 1.60508 1.58686 1.53879 1.47482 1.51629 1.52580 1.52937 1.53998 1.51144 1.49367 1.49765 1.46515 1.49186 1.54185 1.54192 1.57998 1.62072 1.64441 1.65000 1.66194 1.70349 1.72439 1.66196 1.65720 1.68162 1.64806 1.63634 1.62090 1.63560 1.67256 1.70065 1.72446 1.77482 1.85543 1.87054 1.89700 1.90170 1.89576 1.90880 1.92511 1.90695 2.01464 2.00144 1.94297 1.91719 1.92536 1.90797 1.91442 1.90715
1.69584 1.78550 1.80411 1.86005 1.79414 1.75168 1.77636 1.79343 1.77003 1.76130 1.74625 1.69233 1.61145 1.57841 1.51981 1.50270 1.51561 1.51600 1.48247 1.51615 1.55422 1.57470 1.59034 1.57915 1.55824 1.57810 1.54558 1.55712 1.58770 1.59064 1.59770 1.62272 1.65318 1.68303 1.69369 1.72488 1.77704 1.69470 1.68582 1.70015 1.69929 1.70643 1.71151 1.74139 1.78799 1.79041 1.79424 1.80414 1.84881 1.87153 1.89168 1.89019 1.88966 1.88548 1.89581 1.85310 1.94011 1.95621 1.93122 1.88594 1.89978 1.88740 1.90160 1.89598
1.52630 1.58692 1.67710 1.68492 1.77276 1.72211 1.74345 1.74290 1.69392 1.65860 1.61422 1.57261 1.52922 1.51440 1.48900 1.49400 1.48445 1.48976 1.46938 1.52275 1.56065 1.58958 1.59888 1.60635 1.56503 1.59425 1.58098 1.58368 1.55692 1.54273 1.56113 1.59714 1.64171 1.68858 1.70224 1.72489 1.80644 1.77877 1.77678 1.81047 1.80934 1.79559 1.78715 1.78980 1.81492 1.83818 1.84546 1.85999 1.87213 1.92207 1.93634 1.95814 1.96305 1.95086 1.96554 1.94029 1.94958 1.95978 1.98132 1.87206 1.88294 1.87766 1.89209 1.87588
1.55281 1.52803 1.67638 1.67463 1.72479 1.63015 1.59503 1.59923 1.59002 1.58979 1.57664 1.54988 1.51324 1.48676 1.47037 1.47969 1.47159 1.48218 1.47616 1.51298 1.53242 1.57690 1.59706 1.61213 1.57878 1.59632 1.57606 1.57240 1.55731 1.52133 1.55008 1.59397 1.63422 1.70720 1.73984 1.77377 1.86892 1.86603 1.83340 1.85107 1.86528 1.86326 1.85914 1.85778 1.88013 1.92357 1.92364 1.93447 1.93384 1.96091 1.96282 2.00396 2.01349 2.01594 2.03078 2.00074 1.97065 1.91673 1.96384 1.86166 1.86310 1.85145 1.86671 1.85254
1.61011 1.48903 1.52988 1.55527 1.53245 1.51260 1.53977 1.56603 1.58896 1.58914 1.58655 1.57288 1.54263 1.52367 1.51307 1.51037 1.50918 1.50581 1.50067 1.52123 1.54469 1.60341 1.62121 1.63145 1.62133 1.63414 1.62944 1.63631 1.60670 1.56491 1.59958 1.63030 1.65335 1.73784 1.80990 1.83447 1.88382 1.94627 1.90328 1.91671 1.93350 1.94312 1.92383 1.90747 1.92134 1.95915 1.97495 1.98690 2.00199 2.02340 2.04877 2.09308 2.11119 2.09844 2.08763 2.05359 2.04447 1.97447 2.01193 1.94160 1.87078 1.88524 1.88385 1.88680
1.49169 1.44916 1.45230 1.54172 1.55093 1.53181 1.56152 1.57520 1.60230 1.61615 1.60987 1.59367 1.54484 1.52018 1.49957 1.48577 1.49712 1.49973 1.50476 1.52224 1.55969 1.60855 1.63005 1.61568 1.62218 1.62380 1.61535 1.62310 1.61058 1.56944 1.57839 1.60592 1.60537 1.66217 1.78893 1.81566 1.84346 1.96415 1.94593 1.95569 1.97077 2.01047 1.99992 1.99022 2.01112 2.05133 2.07396 2.08258 2.08750 2.07861 2.10874 2.13726 2.18115 2.16818 2.16640 2.13177 2.13955 2.01996 2.01634 2.00665 1.91333 1.94885 1.98394 2.02708
1.53429 1.55237 1.49348 1.57111 1.65624 1.64802 1.66796 1.67954 1.69126 1.68622 1.66745 1.65724 1.60083 1.60320 1.59713 1.56770 1.57981 1.58465 1.57110 1.57242 1.58367 1.62121 1.65704 1.64614 1.65236 1.67917 1.66120 1.66586 1.67506 1.64549 1.63763 1.67072 1.65343 1.67988 1.78750 1.84495 1.86506 1.94550 1.97251 1.97304 1.98325 2.05229 2.06355 2.05026 2.03645 2.05266 2.06275 2.07195 2.06340 2.05471 2.07821 2.10378 2.14293 2.13164 2.12657 2.10291 2.11956 2.02747 2.02598 2.03498 2.01552 1.99453 2.04897 2.07710
1.61453 1.65680 1.58099 1.58826 1.69909 1.70418 1.70480 1.72120 1.72690 1.72911 1.72094 1.72956 1.68709 1.67124 1.66060 1.62994 1.60765 1.61336 1.59384 1.59779 1.61073 1.68460 1.74006 1.74707 1.72628 1.75189 1.73749 1.73336 1.73603 1.71941 1.71773 1.72345 1.72266 1.73691 1.80640 1.88987 1.86896 1.90580 1.99012 1.98662 1.98390 2.04837 2.08551 2.07739 2.04181 2.05270 2.06423 2.06747 2.05618 2.04651 2.05578 2.08797 2.11641 2.11815 2.12619 2.11687 2.11972 2.05544 2.01853 2.02843 2.03237 1.96398 2.01513 2.02168
1.70263 1.73076 1.69484 1.65790 1.68900 1.80364 1.78808 1.79202 1.80956 1.79334 1.77440 1.77713 1.74599 1.71800 1.71855 1.72643 1.71454 1.75506 1.73239 1.70879 1.68688 1.73992 1.75369 1.76992 1.76112 1.79473 1.78791 1.78302 1.76838 1.74883 1.74675 1.70265 1.70831 1.71387 1.74782 1.85801 1.84762 1.88141 2.00319 2.04700 2.03816 2.08343 2.13288 2.12078 2.05789 2.06330 2.04663 2.04926 2.03815 2.02982 2.03340 2.07369 2.09831 2.11032 2.12830 2.11858 2.14313 2.11277 2.04127 2.03839 2.04802 2.01199 2.04794 2.07537
1.58393 1.66437 1.72438 1.70081 1.67644 1.79289 1.77345 1.77578 1.81729 1.82193 1.78618 1.80332 1.80174 1.76207 1.74602 1.75648 1.72450 1.74556 1.72897 1.71376 1.70325 1.72872 1.72472 1.72878 1.71318 1.73145 1.71924 1.72187 1.71673 1.70890 1.70032 1.71440 1.71880 1.72519 1.73339 1.86316 1.87988 1.88449 1.98512 2.06743 2.05924 2.07493 2.15723 2.15441 2.08966 2.08988 2.07217 2.07249 2.06909 2.06241 2.05764 2.08128 2.10821 2.11203 2.11522 2.09545 2.10787 2.10451 2.06607 2.06030 2.06280 2.04438 2.05452 2.06722
1.59825 1.67344 1.74077 1.79459 1.76190 1.78011 1.81477 1.82910 1.88716 1.93257 1.87924 1.89077 1.89597 1.82627 1.78480 1.80277 1.73570 1.73508 1.72157 1.71043 1.69987 1.72252 1.73362 1.74272 1.73942 1.74275 1.70435 1.70094 1.71445 1.71888 1.73045 1.73875 1.74961 1.75309 1.74643 1.84010 1.88589 1.90329 1.98736 2.04680 2.04704 2.05803 2.12105 2.14728 2.08895 2.08444 2.05707 2.04699 2.03483 2.02499 2.00770 1.99583 2.01209 2.01698 2.04085 2.04523 2.06412 2.06506 2.05532 2.04714 2.06626 2.04839 2.06961 2.09136
1.58828 1.73198 1.77125 1.86045 1.81723 1.82101 1.98010 1.97168 1.98091 1.99876 1.92914 1.91699 1.91723 1.86672 1.78403 1.80120 1.75247 1.74456 1.72314 1.72295 1.70649 1.70608 1.70793 1.68818 1.70218 1.71561 1.70245 1.71093 1.72746 1.73031 1.74015 1.73443 1.75577 1.76538 1.76993 1.80376 1.84712 1.86632 1.93700 1.99570 2.00068 2.01661 2.05369 2.10498 2.08006 2.07798 2.04524 2.02723 2.01777 2.00610 1.99525 2.00203 2.00629 2.03250 2.05636 2.05797 2.07891 2.08684 2.08590 2.08107 2.12943 2.10006 2.09334 2.08711
1.55374 1.74304 1.80493 1.96186 1.86068 1.79847 1.91500 1.90808 1.88840 1.89754 1.85978 1.83127 1.82684 1.81157 1.73753 1.75405 1.72398 1.69805 1.67071 1.65819 1.63897 1.64879 1.66598 1.64648 1.66379 1.68695 1.69719 1.70087 1.72291 1.74291 1.75847 1.75316 1.76241 1.75758 1.77239 1.78371 1.81865 1.83654 1.88706 1.97076 2.00542 2.03570 2.06626 2.17790 2.17468 2.15893 2.13067 2.13213 2.14206 2.15045 2.13770 2.15186 2.15509 2.18164 2.21399 2.19537 2.22676 2.22368 2.18767 2.14681 2.16021 2.14711 2.13241 2.15264
1.63228 1.77104 1.82591 1.99449 1.94987 1.88231 1.88427 1.93047 1.89689 1.90901 1.89252 1.89252 1.87224 1.85368 1.73900 1.74128 1.72187 1.68614 1.68856 1.67955 1.67655 1.66697 1.67682 1.67070 1.66747 1.68768 1.68169 1.69406 1.69262 1.71400 1.72386 1.72471 1.71776 1.72461 1.74729 1.76370 1.77921 1.81314 1.84817 1.93476 1.97941 1.99853 2.02985 2.13464 2.16988 2.17909 2.13749 2.13490 2.11864 2.09672 2.06547 2.09252 2.10578 2.10553 2.14451 2.07338 2.09609 2.07581 2.08984 2.08178 2.10295 2.14806 2.14499 2.14530
1.77175 1.76697 1.84946 1.96293 1.97243 1.88191 1.84016 1.90755 1.87802 1.87388 1.87391 1.88883 1.86573 1.85099 1.76049 1.75100 1.73830 1.68834 1.70562 1.68703 1.68898 1.66929 1.66950 1.67150 1.65189 1.66244 1.63393 1.69406 1.70407 1.72492 1.73904 1.75063 1.74700 1.75296 1.75693 1.78814 1.79011 1.82596 1.85033 1.94363 1.99829 2.02556 2.03665 2.09303 2.13444 2.12358 2.04798 2.04299 2.03907 2.02912 1.99326 2.00223 2.00942 1.97692 2.04389 2.00370 2.03657 2.04441 2.05309 2.05286 2.04517 2.09375 2.11686 2.11540
1.67666 1.70158 1.78079 1.88069 1.93582 1.91653 1.90003 1.86237 1.88975 1.89829 1.91184 1.93555 1.90713 1.90263 1.82953 1.78007 1.76192 1.71806 1.72302 1.71516 1.70291 1.69851 1.70660 1.73077 1.68656 1.69468 1.66048 1.70231 1.72671 1.73557 1.75484 1.76204 1.76410 1.76171 1.76649 1.81206 1.82669 1.86707 1.86416 1.94062 1.96502 1.97107 1.97736 1.97972 2.03855 2.05862 1.98063 1.97747 1.96724 1.94908 1.91823 1.95556 1.97607 1.96577 2.00602 1.99097 2.00691 2.03229 2.04309 2.08381 2.05963 2.09181 2.11944 2.09611
1.48693 1.59401 1.70284 1.83761 1.84060 1.89104 1.88813 1.78993 1.82332 1.82817 1.84187 1.87034 1.84418 1.84094 1.80032 1.76280 1.74409 1.73069 1.72571 1.74596 1.74618 1.73139 1.73680 1.75990 1.73983 1.73519 1.72748 1.74693 1.79722 1.80606 1.82415 1.82314 1.83515 1.83380 1.82564 1.84285 1.84889 1.87276 1.86459 1.90362 1.93872 1.93476 1.95306 1.92061 1.96443 1.99491 1.92003 1.94623 1.95916 1.95288 1.92116 1.94688 1.94674 1.96870 2.00078 2.02156 2.03893 2.04445 2.03310 2.10735 2.07075 2.09734 2.13454 2.10156
1.50451 1.54461 1.67777 1.79271 1.75392 1.87759 1.86260 1.80778 1.75975 1.80917 1.81475 1.83555 1.81326 1.80006 1.77395 1.74714 1.73593 1.74677 1.75923 1.80520 1.81507 1.79607 1.79028 1.79888 1.79179 1.76324 1.74968 1.74343 1.78791 1.80510 1.81455 1.80867 1.80385 1.80247 1.75992 1.75728 1.78425 1.80501 1.80989 1.82269 1.86036 1.83544 1.83881 1.81319 1.86449 1.93286 1.86977 1.89786 1.90823 1.90925 1.89163 1.92664 1.90898 1.92580 1.94545 1.95678 1.98940 1.98761 1.99675 2.04607 2.06153 2.09213 2.10946 2.09919
1.40087 1.53309 1.59498 1.73202 1.71367 1.80021 1.84177 1.80416 1.71723 1.78063 1.77163 1.79456 1.78799 1.78978 1.77167 1.76204 1.73962 1.74710 1.74960 1.80220 1.80928 1.79713 1.77801 1.77486 1.77760 1.74737 1.73642 1.73184 1.73953 1.74886 1.73712 1.72386 1.71685 1.73529 1.69816 1.70880 1.70713 1.71952 1.73144 1.75453 1.80959 1.79050 1.82271 1.78631 1.80958 1.91475 1.88754 1.92273 1.92850 1.90300 1.87738 1.89302 1.87814 1.87920 1.89787 1.89625 1.94424 1.93028 1.93707 1.97891 2.01959 2.06395 2.03269 2.02266
1.36874 1.47909 1.50502 1.60543 1.61796 1.67052 1.75140 1.73603 1.71720 1.76237 1.77831 1.79406 1.79065 1.78832 1.78250 1.77945 1.73477 1.73627 1.73626 1.75703 1.75760 1.76191 1.74000 1.74792 1.75556 1.71977 1.70125 1.68754 1.66400 1.63697 1.63427 1.63768 1.61651 1.64388 1.60977 1.62892 1.64270 1.67136 1.70661 1.75318 1.84147 1.80810 1.83218 1.78869 1.77245 1.91934 1.90621 1.93987 1.93423 1.92335 1.90465 1.90246 1.87880 1.86211 1.88288 1.88586 1.95051 1.96472 1.97122 1.99069 2.03037 2.12649 2.09618 2.09482
