results/OMI_NO2_2006_06-08.asc
ncols      200
nrows      200
xllcorner       120.258
yllcorner       41.1236
cellsize     0.0166667
NODATA_Value      -999.000
[rows 116 to 144 of 164, columns 67 to 133 of 200]
4.37468 4.41759 4.26786 4.27206 4.29910 4.34687 4.45732 4.60290 4.57108 4.71287 4.69546 4.63255 4.60274 4.73512 4.79987 4.79823 4.91259 5.12490 5.15684 5.15952 5.21237 5.14630 5.08591 5.12920 5.11792 5.10275 5.14862 5.32397 5.31100 5.46399 5.86175 6.02755 6.50591 6.36957 6.08135 6.25072 6.43929 6.57817 6.62082 6.63664 6.83558 6.88345 6.85020 6.87630 7.08351 7.71155 8.07122 2.03330 2.15075 2.15475 2.15859 2.16867 2.17645 2.19038 2.21312 2.19873 2.17241 2.20118 2.24463 2.23323 2.24275 2.34596 2.50398 2.55352 2.61616 2.65247 2.73582
4.46879 4.59862 4.51549 4.40458 4.40640 4.39821 4.47816 4.69778 4.75293 4.69196 4.72498 4.77504 4.80711 4.91999 4.88175 4.76393 4.77872 4.93184 4.99080 4.99158 5.05270 4.99421 5.01105 5.05859 5.09060 5.09938 5.07589 5.26841 5.29954 5.47106 5.82837 6.26257 6.93498 7.17721 6.47457 6.49914 6.51640 6.58812 6.56723 6.60007 6.76220 6.93164 6.89241 6.90683 6.95688 7.51312 7.70075 2.24570 2.31383 2.33453 2.33515 2.35813 2.38122 2.40836 2.45320 2.47533 2.45266 2.47622 2.55827 2.56830 2.52099 2.55869 2.71879 2.83853 2.86003 2.82416 2.78042
4.30629 4.51401 4.52154 4.37774 4.38896 4.44008 4.49541 4.59725 4.68325 4.56642 4.67411 4.66660 4.66426 4.82832 4.80855 4.72336 4.82447 4.97919 5.04526 5.15611 5.19332 5.16609 5.19544 5.25024 5.33781 5.38191 5.42241 5.63967 5.83922 5.94047 6.06537 6.33393 6.95672 7.42110 7.03921 6.78773 6.81860 6.91990 6.86643 6.90573 6.98454 6.94418 6.88051 6.93749 7.00228 7.51963 7.85988 2.30553 2.41186 2.49918 2.56202 2.63139 2.67823 2.69622 2.72989 2.73740 2.67012 2.61735 2.65744 2.66491 2.55594 2.51362 2.55471 2.71679 2.75798 2.76007 2.72894
4.24136 4.46283 4.52526 4.31674 4.29345 4.30698 4.39539 4.47597 4.66344 4.62440 4.70457 4.74747 4.69673 4.87817 4.92969 4.91766 5.05923 5.29012 5.39184 5.61092 5.67232 5.70724 5.76644 5.84815 5.90326 5.82347 5.74944 5.74659 5.92441 5.99165 5.93615 6.23728 6.95413 8.36838 8.06050 6.93538 6.95369 7.05774 7.04117 7.09331 7.22178 7.28830 7.31281 7.41154 7.40484 7.56292 7.93044 2.50006 2.65469 2.70971 2.74307 2.74534 2.76656 2.76457 2.78369 2.78075 2.68496 2.54609 2.54622 2.56754 2.52114 2.48767 2.51242 2.70283 2.81012 2.81052 2.78044
4.32341 4.18066 4.33743 4.38243 4.41260 4.41026 4.52746 4.53717 4.67407 4.71154 4.61928 4.79725 4.67349 4.91257 4.96187 4.95553 5.14428 5.27493 5.42237 5.57486 5.56013 5.57666 5.56407 5.59687 5.69596 5.64861 5.55990 5.58456 5.69382 5.72305 5.71878 5.97765 6.62187 8.02126 8.67415 7.35219 7.21807 7.32175 7.28886 7.31552 7.42571 7.45172 7.42370 7.59853 7.79248 8.04532 8.77368 2.51849 2.63809 2.73663 2.81750 2.82480 2.81320 2.78571 2.77310 2.77000 2.73377 2.60216 2.57267 2.62143 2.59000 2.51610 2.49846 2.62678 2.81401 2.82219 2.80124
4.30691 4.33057 4.47088 4.48051 4.50117 4.49363 4.53545 4.54142 4.62790 4.78144 4.72867 5.13242 5.04402 5.16373 5.14614 4.98785 5.16591 5.19071 5.30317 5.45808 5.52824 5.54880 5.53864 5.56687 5.65070 5.68335 5.62227 5.75209 5.89639 6.16872 6.05131 6.16406 6.49076 7.85635 8.85622 8.02039 7.40278 7.58059 7.70610 7.87676 8.16374 8.48041 8.83896 8.95222 8.97515 9.02885 9.40062 2.58278 2.71415 2.84790 2.85816 2.82434 2.79472 2.78975 2.79163 2.79226 2.76906 2.68159 2.63349 2.66667 2.66757 2.59201 2.58291 2.63476 2.85203 2.91283 2.91807
4.18732 4.28254 4.41655 4.42240 4.47211 4.49476 4.53292 4.59537 4.67819 4.85332 4.87826 5.03214 5.13613 5.16442 5.15424 4.99419 5.13533 5.20760 5.25614 5.43238 5.55390 5.63755 5.70099 5.75116 5.84417 5.95981 5.65627 5.66379 5.62668 5.81808 5.83385 5.86246 6.13319 7.00460 8.00783 7.87793 8.46247 8.78724 8.91656 8.99172 9.04490 9.08459 9.25559 9.35205 9.40058 9.32797 5.49234 2.69995 2.80131 2.95050 3.00662 3.00359 2.91874 2.92509 2.93799 2.95181 2.95688 2.86975 2.78203 2.75008 2.71256 2.68754 2.68153 2.67966 2.86427 3.01089 3.02414
4.27324 4.31649 4.41623 4.46034 4.51969 4.53071 4.52182 4.59976 4.66771 4.78375 4.90362 4.85779 5.32266 5.33082 5.36537 5.24483 5.38499 5.54008 5.53433 5.70774 5.82242 5.94188 5.94587 5.94813 5.96657 5.99958 5.78791 5.72366 5.73014 5.88289 5.85298 6.02814 6.18921 6.74992 7.85232 8.01524 8.44128 9.11740 9.15287 9.19072 9.18859 5.51838 5.55073 5.57417 5.58650 5.13920 5.13050 2.90912 2.89797 3.02610 3.11433 3.11688 3.02900 2.99035 2.98801 2.98585 2.98363 2.88914 2.76922 2.73719 2.68107 2.70834 2.74347 2.70423 2.79273 2.99013 3.06720
4.40427 4.41453 4.46866 4.45642 4.50045 4.51257 4.49399 4.57501 4.67475 4.78637 4.95818 5.01549 5.34459 5.36536 5.36738 5.25684 5.26967 5.47140 5.42532 5.63649 5.64289 5.74547 5.71943 5.65454 5.64882 5.66714 5.57464 5.55921 5.52384 5.55258 5.73052 6.22722 6.51642 7.20304 7.34088 6.82954 6.71206 5.43560 5.39121 5.30285 5.48088 5.48319 5.45985 5.52905 5.51556 5.12082 4.91522 2.96032 2.77592 2.91849 3.07372 3.07802 3.03110 2.93765 2.93008 2.93990 2.94487 2.88170 2.76371 2.69427 2.61458 2.62973 2.68164 2.71492 2.80211 3.00117 3.17404
4.38475 4.39019 4.45181 4.43340 4.47146 4.53596 4.56881 4.64121 4.75974 4.85225 5.01759 5.12679 5.18525 5.54232 5.39635 5.26691 5.24358 5.38930 5.30422 5.37943 5.45278 5.62570 5.72273 5.70248 5.72648 5.78654 5.87330 6.14266 6.36755 6.47862 6.71484 6.99839 7.01970 7.53307 7.60036 6.95124 6.86636 6.93826 5.44549 5.37393 5.54344 5.51180 5.39908 4.96651 4.75373 4.39726 4.18146 3.03182 2.80569 2.90772 3.09654 3.14512 3.14958 3.02555 2.97011 2.97032 2.99673 2.98470 2.90559 2.78912 2.77985 2.78717 2.81888 2.87121 2.93443 3.10474 3.30938
4.49936 4.55396 4.62462 4.71929 4.69439 4.72465 4.71762 4.70852 4.76727 4.81293 4.89749 5.09860 5.07163 5.56070 5.41115 5.14662 5.06748 5.12171 5.28294 5.37661 5.63423 5.89286 6.26239 6.48833 6.60949 6.73888 6.80087 7.00826 7.22617 7.18778 7.18517 7.45078 7.49877 7.73758 8.08239 7.55498 7.10074 7.15247 5.48431 5.37052 5.56727 5.59620 5.58014 5.10245 4.98999 4.83141 4.50958 3.28935 3.06943 3.00287 3.17177 3.23398 3.24815 3.16435 3.06270 3.07618 3.09083 3.09223 2.99836 2.83174 2.87260 2.93292 3.00608 3.06715 3.09952 3.13609 3.19876
4.55062 4.62897 4.60160 4.71415 4.68946 4.76995 4.75363 4.73868 4.80415 4.82284 4.90522 5.11896 5.18143 5.44973 5.53847 4.97183 4.94227 5.29566 6.19837 6.13190 6.70356 6.76277 6.90404 7.08025 7.05437 7.06891 7.02357 7.04892 7.35679 7.25096 7.14107 7.30633 7.35586 7.36480 7.80118 7.70459 6.93819 7.15349 5.39694 5.41265 5.57534 5.61069 5.66408 5.30883 5.12835 4.99433 4.49324 3.14046 3.00949 2.87605 3.07612 3.22427 3.22527 3.20311 3.06694 3.10429 3.18839 3.26939 3.23734 3.08135 3.01163 2.99850 2.99188 3.03546 3.02971 3.03341 3.03135
4.50372 4.54949 4.53667 4.71658 4.77902 4.84630 4.87211 4.85328 4.93834 4.97601 5.02973 5.20716 5.26764 5.27503 5.48902 5.71273 6.04782 6.09076 6.41332 6.43288 6.82805 6.95066 6.94050 7.20921 7.16151 7.07290 6.99126 6.90405 7.15421 7.15063 7.11653 7.49644 7.75374 7.70831 7.84357 7.93154 7.27787 7.40249 7.18595 5.73890 5.73883 5.73762 5.59069 5.26003 5.09549 5.05308 4.55186 3.13086 3.12363 2.90147 3.13674 3.35139 3.39554 3.64746 3.52700 3.42132 3.42997 3.43800 3.38221 3.24788 3.12271 3.14346 3.09575 3.13905 3.14040 3.11197 3.15593
4.59594 4.52648 4.52456 4.62536 4.77632 4.83908 4.95423 4.93877 4.90166 4.85497 4.75219 4.85564 4.95911 5.00684 5.25533 5.40399 5.98091 6.05050 6.19213 6.58654 6.50361 6.66427 6.64836 6.74922 6.88075 6.88623 6.88333 6.88018 7.05848 7.10591 7.02335 7.40558 7.71062 7.63903 7.76852 8.03727 7.66876 7.32677 7.25371 5.80244 5.80596 5.75068 5.54465 5.05948 4.76175 4.72635 4.43443 4.05535 4.07634 3.42720 3.56206 3.70789 3.78961 3.98573 3.93254 3.68857 3.64509 3.64584 3.63270 3.53753 3.38997 3.37446 3.26734 3.30660 3.32019 3.26309 3.31176
4.52731 4.52247 4.47245 4.46463 4.68213 4.59555 4.52690 4.49227 4.47151 4.57644 4.58119 4.81660 4.96614 5.02783 5.16109 5.36573 5.95493 6.07687 6.07934 6.61507 6.55510 6.81235 6.92940 6.87173 7.03367 6.99875 6.91306 6.90486 7.04073 7.24059 7.21458 7.47525 7.96728 8.01261 8.13895 8.28267 8.23522 5.73999 5.67637 5.53903 5.56000 5.48965 5.31372 4.91521 4.54420 4.38297 4.19150 4.20237 4.19848 3.62103 3.52967 3.66153 3.81390 3.87111 4.04197 3.75574 3.65459 3.67001 3.70146 3.67024 3.55025 3.51707 3.37724 3.32325 3.27643 3.21215 3.27297
4.51384 4.47847 4.40598 4.40162 4.40464 4.38267 4.36893 4.40529 4.40819 4.47905 4.53529 4.64727 4.84992 5.01721 5.10755 5.57416 5.74706 6.09327 6.11562 6.41009 6.47085 6.63962 6.70448 6.66825 6.84428 7.02052 6.99044 7.08305 7.23761 7.52241 7.48845 7.56070 7.92834 7.99039 7.91187 7.82306 7.57150 7.50344 7.58690 7.49277 7.53835 7.52859 7.52831 7.34406 6.95748 6.88749 6.82774 4.07564 4.07316 3.69184 3.35509 3.49723 3.68709 3.74055 3.93584 3.81363 3.65186 3.64235 3.62917 3.56524 3.45916 3.37996 3.28507 3.24811 3.17707 3.11414 3.17714
4.40879 4.45536 4.42698 4.43866 4.39346 4.46502 4.41444 4.43664 4.46749 4.58336 4.70126 4.78404 4.98789 5.08232 5.10693 5.34086 5.39328 5.84527 5.84848 5.91575 6.21386 6.65428 6.90767 7.01687 7.03545 7.19045 7.10074 7.09405 7.07322 7.20501 7.05243 6.85138 6.84567 6.87168 6.85994 6.85978 6.83033 7.05422 7.30126 7.26944 7.27108 7.25993 7.24040 7.09308 6.92806 6.97147 7.03503 4.19410 4.16941 3.93884 3.42035 3.47401 3.60108 3.69902 3.77863 3.85946 3.68541 3.65419 3.64818 3.57612 3.51391 3.42138 3.38239 3.35273 3.30881 3.29566 3.29567
4.37763 4.51737 4.50849 4.50643 4.49209 4.56078 4.58192 4.68058 4.69632 4.72533 4.80192 4.84784 5.00232 5.07595 4.93296 5.04098 5.33138 5.62253 5.77714 5.78564 6.06454 6.52975 6.83020 6.83737 6.73174 6.74396 6.48994 6.20937 5.89879 5.81247 5.90339 6.00172 6.20383 6.52580 6.62097 6.62045 6.63107 6.74539 7.13135 7.18784 7.24252 7.31562 7.33527 7.25857 7.25537 7.30834 7.32938 4.07334 4.04932 3.99755 3.50064 3.47814 3.57087 3.64812 3.63733 3.82141 3.63635 3.53934 3.55057 3.56573 3.59658 3.58639 3.55253 3.46625 3.34974 3.27652 3.26854
4.41384 4.66326 4.70103 4.70674 4.67115 4.60208 4.75085 4.78603 4.83985 4.89824 5.00506 5.01341 5.02780 5.06263 4.90372 4.93186 5.24377 5.37987 5.71889 5.73346 5.68084 5.73814 5.92454 5.74996 5.54490 5.50035 5.42400 5.45908 5.49074 5.58480 5.74763 5.86191 6.02467 6.35762 6.59538 6.57596 6.55810 6.65909 7.11376 7.24115 7.22617 7.24676 7.19699 7.01652 7.11282 7.21317 7.27636 3.96165 3.91492 3.90272 3.61458 3.48320 3.46719 3.53631 3.59162 3.79027 3.81933 3.68198 3.66271 3.61917 3.56758 3.51958 3.48383 3.37952 3.23178 3.18534 3.19784
4.63656 4.84200 4.88334 4.92289 4.92767 4.77896 5.06271 5.06098 5.06047 5.07964 5.11441 5.13471 5.15753 5.11589 5.06184 4.97139 5.18976 5.28347 5.15092 5.16137 5.08675 5.18847 5.44671 5.46802 5.51422 5.48107 5.42525 5.48378 5.53138 5.60762 5.78832 5.89116 6.02635 6.28696 6.75864 6.81058 6.76759 6.64782 6.92472 7.21646 7.19246 7.29315 7.38513 7.24434 7.40203 7.47164 7.51123 4.08626 3.99652 3.98593 3.83869 3.70217 3.72100 3.75888 3.72308 3.74652 3.80706 3.62681 3.58075 3.56542 3.55436 3.55440 3.50928 3.44282 3.31175 3.23107 3.23416
4.85453 5.01548 5.11141 5.10994 5.02236 4.88752 5.05964 5.18946 5.17961 5.15600 5.13878 5.14113 5.18455 5.12377 5.13680 4.99722 5.13562 5.35731 4.91088 5.02963 5.00626 5.08279 5.33988 5.38784 5.47047 5.44465 5.44075 5.47162 5.53236 5.60130 5.71054 5.96320 6.10991 6.19651 6.88218 6.94207 6.88352 6.66960 6.75256 7.01483 6.93438 7.15121 7.26075 7.10094 7.29147 7.43463 7.65609 4.46588 4.43134 4.49029 4.30366 3.89605 3.75330 3.68059 3.68986 3.67613 3.75948 3.69809 3.57945 3.56623 3.54324 3.52986 3.46202 3.44371 3.39178 3.27602 3.27791
4.97395 5.08044 5.15379 5.22479 5.12101 5.04986 4.98589 5.04878 5.16502 5.19795 5.26380 5.29148 5.37660 5.34068 5.17932 5.08343 5.04471 5.26273 5.13629 4.94159 5.01564 5.04352 5.30165 5.39693 5.47183 5.54609 5.54913 5.55464 5.64654 5.68041 5.70071 6.01602 6.10372 6.10727 6.66188 6.88659 6.79501 6.60498 6.52315 6.74686 6.79468 7.02941 7.43724 7.36388 7.56465 7.58467 7.77091 4.63928 4.39888 4.28341 4.13598 3.75584 3.62404 3.53008 3.56146 3.56910 3.60915 3.69727 3.57324 3.55842 3.52705 3.47718 3.43921 3.43602 3.44624 3.35255 3.35168
4.98891 5.19858 5.27934 5.38646 5.34888 5.31394 5.20716 5.17539 5.34018 5.35487 5.38073 5.35608 5.38478 5.33574 5.11753 4.98218 4.72673 4.75978 4.79095 4.83563 5.01450 5.04976 5.27806 5.36577 5.45623 5.54742 5.56300 5.52027 5.57175 5.64877 5.59221 5.91701 6.00172 6.00753 6.33663 6.78603 6.75066 6.70355 6.65709 6.89986 6.99955 7.08173 7.64375 7.57658 7.75118 7.76116 8.05940 3.77124 3.88378 3.88189 3.87371 3.67069 3.53899 3.48779 3.48691 3.54867 3.54479 3.65592 3.61100 3.59837 3.59510 3.54068 3.52257 3.45514 3.39010 3.23658 3.12987
5.23899 5.47856 5.53482 5.59990 5.57490 5.46824 5.35576 5.29483 5.39252 5.36125 5.36911 5.31540 5.24756 5.13045 4.69073 4.52299 4.38819 4.45243 4.62176 4.78356 5.05518 5.09233 5.19638 5.29200 5.34847 5.43848 5.44667 5.42467 5.48367 5.51938 5.43159 5.77048 5.99857 6.06793 6.30182 7.06675 7.25414 7.32585 7.15862 7.06403 6.60284 6.66450 7.01137 5.40348 5.73442 5.72036 6.12204 3.41342 3.90427 3.91860 3.92501 3.76708 3.65604 3.61610 3.56667 3.65405 3.63001 3.64275 3.64481 3.56681 3.49200 3.36727 3.26086 3.19972 3.17235 3.11064 3.01202
5.34641 5.47793 5.61092 5.60145 5.55545 5.46181 5.35740 5.17493 5.04907 4.97753 4.90944 4.88766 4.91188 4.91307 4.79434 4.64106 4.58585 4.48678 4.60876 4.79480 5.02741 5.08527 5.13500 5.25356 5.42230 5.59478 5.71666 5.77242 5.89955 6.02051 5.97919 6.15248 6.25639 6.39322 6.47405 7.02053 7.24052 7.20719 7.12960 7.10637 6.47138 6.55137 6.76030 5.60072 6.03283 5.80902 6.26824 3.28977 4.02110 4.05455 4.05708 3.88550 3.66943 3.54947 3.42887 3.45033 3.39608 3.32309 3.36424 3.25577 3.17493 3.12341 3.07752 3.17879 3.19912 3.16910 3.00388
5.37815 5.43192 5.62348 5.56827 5.45962 5.30795 5.12859 5.01706 4.91426 4.91498 4.96446 4.99441 5.03781 5.06209 4.98025 4.66376 4.65477 4.46262 4.63790 4.82075 4.99945 5.19152 5.36429 5.66297 5.87082 5.96146 6.06893 6.01392 5.99179 5.94351 5.88311 5.94813 6.06063 6.14629 6.33373 6.62233 7.07867 7.07776 7.07682 7.08786 6.61944 6.28671 6.40322 4.95984 5.33443 5.03877 5.27076 3.16849 3.71499 3.76005 3.72814 3.61401 3.41590 3.35369 3.25051 3.17425 3.10996 3.09168 3.18575 3.20594 3.13807 3.08522 3.00614 3.04258 3.07109 3.07839 3.00023
5.23269 5.24383 5.35014 5.39920 5.38995 5.39118 5.23632 5.12787 5.10155 5.08859 5.11954 5.12225 5.14376 5.15921 5.21536 5.06006 5.11588 5.06126 5.14009 5.17426 5.05502 5.32613 5.42168 5.73713 5.83713 5.87294 5.99217 5.96134 5.97259 5.91759 5.85637 5.88912 6.05518 6.07364 6.30366 6.40855 6.94605 6.96852 6.96631 6.80872 6.54933 5.85099 5.86009 5.87742 4.61284 4.33021 4.26309 3.06600 3.55070 3.76730 3.75988 3.68248 3.43306 3.39061 3.32902 3.20248 3.16038 3.11643 3.13761 3.19013 3.04679 3.04160 2.97434 3.00074 3.08943 3.09324 3.04303
5.20146 5.29611 5.49362 5.67759 5.62875 5.62951 5.44158 5.24448 5.20850 5.12498 5.17693 5.29812 5.44031 5.57146 5.68360 5.56025 5.39233 5.34717 5.21222 5.32966 5.18386 5.28494 5.38925 5.54686 5.78855 5.86201 5.97600 5.97666 5.99433 5.99181 5.89493 5.92119 6.06808 6.11271 6.33006 6.43559 6.74472 6.75595 6.67921 6.54208 6.30374 5.48020 5.52061 5.48262 4.26097 3.90878 3.89895 3.13443 3.57561 3.88902 3.90713 3.82348 3.54264 3.40137 3.30694 3.21505 3.13059 3.06731 3.04474 3.10926 3.03473 2.99956 2.93973 2.91173 2.99623 3.01819 3.00150
5.35073 5.41739 5.54919 5.75133 5.68017 5.62680 5.59156 5.42378 5.52735 5.61634 5.70726 5.73485 5.72250 5.74540 5.76121 5.71388 5.47704 5.43393 5.25706 5.33678 5.36034 5.21302 5.43626 5.41449 5.80983 5.86768 5.96095 5.98691 6.00816 6.04565 5.95956 5.98441 6.10057 6.17850 6.27675 6.44117 6.66477 6.88853 6.97743 7.11559 7.05993 7.28094 3.58435 3.46184 3.90985 3.63178 3.63999 3.10374 3.36149 3.65130 3.70509 3.59031 3.38632 3.20346 3.11386 3.07221 2.97651 2.92444 2.90380 2.88145 2.88500 2.81767 2.79042 2.76324 2.82521 2.88682 2.89072
