results/OMI_NO2_200908.asc
ncols      200
nrows      200
xllcorner       120.258
yllcorner       41.1236
cellsize     0.0166667
NODATA_Value      -999.000
[rows 116 to 144 of 200, columns 0 to 66 of 200]
1.24018 1.24018 1.24018 1.50838 1.74757 1.74193 1.74965 1.76573 1.78147 1.78650 1.78650 1.78656 1.81847 1.92084 1.75979 1.78561 1.81503 1.76170 1.90796 1.99552 2.07631 2.15722 2.19852 2.19852 2.19852 2.20120 2.24452 2.30451 2.36898 2.43858 2.52133 2.53462 2.53869 2.46874 2.39750 2.26999 2.22696 2.31545 2.31545 2.30346 2.18951 2.14897 2.17202 2.19990 2.22253 2.24669 2.28476 2.31256 2.33071 2.34884 2.35697 2.35904 2.37169 2.34300 2.41436 2.35299 2.35955 2.35955 2.35955 2.35495 2.30069 2.29848 2.50701 2.73562 2.85515 2.98667 3.04337
1.26508 1.28517 1.30528 1.35883 1.76764 1.78650 1.78650 1.78790 1.82232 1.87068 1.91910 1.96742 1.98900 2.03032 1.87985 1.75997 1.73660 1.89811 2.15779 2.19852 2.20020 2.24058 2.30025 2.36456 2.43368 2.50453 2.52229 2.50598 2.49827 2.51089 2.52390 2.55873 2.51737 2.36546 2.30925 2.29577 2.15030 2.33854 2.36607 2.39255 2.33729 2.29257 2.30682 2.32109 2.33925 2.35491 2.35697 2.36424 2.37809 2.39112 2.40339 2.41342 2.41466 2.36926 2.46975 2.35955 2.35955 2.35955 2.36149 2.38350 2.40854 2.46684 2.56432 2.94221 2.95595 3.10488 3.17763
1.36442 1.33598 1.33598 1.34142 1.66236 1.87965 1.92805 1.97503 1.98900 1.98157 1.95251 1.92206 1.89161 1.88370 1.88472 1.70554 1.73134 1.81773 2.26509 2.42880 2.50080 2.51056 2.48711 2.46368 2.45006 2.46154 2.47479 2.50377 2.52420 2.52428 2.52428 2.53754 2.51446 2.40156 2.37704 2.41682 2.27870 2.37660 2.36389 2.31938 2.30995 2.37433 2.35859 2.37086 2.38431 2.39698 2.40894 2.41466 2.41466 2.41466 2.41466 2.41466 2.41466 2.40927 2.43019 2.41753 2.42770 2.46209 2.49456 2.50696 2.51580 2.56052 2.59904 2.92844 3.08639 3.30439 3.51874
1.53919 1.46363 1.52408 1.57913 1.65120 1.97284 1.94681 1.91636 1.88594 1.86292 1.86154 1.84111 1.80025 1.76292 1.77994 1.87652 1.95999 1.98875 2.32134 2.43909 2.40327 2.42445 2.46060 2.49674 2.52303 2.52428 2.52306 2.50169 2.47323 2.44477 2.41629 2.39146 2.42778 2.34947 2.25419 2.30093 2.19366 2.15122 2.24089 2.18348 2.12593 2.19604 2.40917 2.41466 2.41466 2.41466 2.41466 2.41466 2.41643 2.45058 2.50040 2.56825 2.64594 2.72723 2.71971 2.59548 2.50770 2.50851 2.53663 2.57803 2.62173 2.70424 2.73568 2.87120 3.16033 3.24034 3.63438
1.90657 1.56748 1.52926 1.49120 1.45315 1.73915 1.84976 1.80960 1.77113 1.73657 1.71946 1.72311 1.74365 1.76422 1.81297 1.93211 2.07107 2.10003 2.25571 2.56271 2.52050 2.52358 2.50369 2.47522 2.44679 2.41828 2.39108 2.38398 2.35205 2.28969 2.22748 2.16507 2.17337 2.21276 2.08355 2.13518 2.09258 1.89817 2.00889 2.00800 2.00800 2.06776 2.33043 2.44858 2.49571 2.54713 2.60124 2.67354 2.75503 2.79684 2.82073 2.82761 2.82761 2.82761 2.80600 2.71379 2.60273 2.65270 2.68344 2.70089 2.72199 2.77709 2.87742 2.98748 3.46032 3.60836 3.96070
1.79774 1.48081 1.39876 1.37067 1.35652 1.45601 1.73681 1.75625 1.77681 1.79637 1.80123 1.80123 1.80159 1.82092 1.85753 1.94802 2.18634 2.18780 2.16566 2.49553 2.42041 2.39255 2.38398 2.38027 2.33125 2.26885 2.20647 2.14406 2.11359 2.10321 2.02269 1.92940 1.84613 1.91687 1.88551 1.90188 1.98526 1.90365 2.02926 2.11142 2.15533 2.21302 2.47971 2.74327 2.77038 2.79506 2.81935 2.82761 2.82761 2.82761 2.83014 2.86279 2.90419 2.94942 2.99443 2.90403 2.81015 2.82199 2.91713 3.02422 3.12546 3.19476 3.27069 3.26976 3.41161 3.65436 3.87770
1.57403 1.45923 1.40488 1.42955 1.44369 1.44376 1.73179 1.80123 1.80123 1.81507 1.84516 1.87527 1.89705 1.89095 1.87407 1.88019 1.98714 2.06606 2.06777 2.25038 2.34097 2.24805 2.18565 2.12698 2.11359 2.08389 1.99224 1.89893 1.80541 1.72249 1.70948 1.70948 1.70948 1.81294 1.91013 1.85320 1.95486 2.01704 2.12390 2.27916 2.30386 2.32855 2.45134 2.78648 2.82761 2.82761 2.82761 2.84534 2.88661 2.92851 2.99108 3.04623 3.09282 3.15907 3.25230 3.30552 3.27031 3.21935 3.23133 3.20020 3.11816 3.03546 2.97379 2.92124 2.94857 3.46743 3.83371
1.53375 1.52436 1.44507 1.44376 1.44376 1.44376 1.58733 1.86474 1.87853 1.87794 1.86111 1.84425 1.83540 1.83540 1.83540 1.83383 1.86779 2.00381 1.97762 1.86739 2.17313 2.05532 1.96181 1.86850 1.77494 1.71138 1.70948 1.70948 1.70947 1.70892 1.70800 1.70714 1.70634 1.72268 1.86719 1.85164 1.94944 2.08262 2.15729 2.36122 2.36285 2.36285 2.39837 2.66551 2.86904 2.92445 3.00076 3.07071 3.12089 3.21634 3.30308 3.36699 3.43078 3.47109 3.46698 3.39472 3.24787 3.00430 2.91363 2.86201 2.86127 2.86127 2.86471 2.90455 2.90610 3.21092 3.79193
1.53375 1.53375 1.46371 1.42326 1.40302 1.38279 1.37015 1.78310 1.83540 1.83540 1.83536 1.82311 1.80128 1.77943 1.75761 1.74463 1.76521 1.95269 2.02612 2.01178 1.90240 1.71163 1.70948 1.70948 1.70899 1.70805 1.70719 1.70639 1.70564 1.70533 1.71171 1.73139 1.75406 1.77684 1.89010 1.97349 2.02412 2.13759 2.19050 2.31472 2.40363 2.47414 2.54623 2.77667 3.15521 3.25752 3.33299 3.39707 3.45738 3.47172 3.44437 3.36303 3.28029 3.19762 3.11965 3.10167 3.05518 2.92696 2.86127 2.86127 2.86127 2.86090 2.85067 2.94840 3.10258 3.29293 3.84585
1.46338 1.43809 1.39024 1.34725 1.34725 1.34725 1.34643 1.56742 1.79719 1.77535 1.75357 1.74399 1.74831 1.77639 1.80811 1.83984 1.88131 1.98836 2.11580 2.10469 1.94537 1.74621 1.70644 1.70569 1.70916 1.72681 1.74570 1.76518 1.78754 1.81038 1.82678 1.82988 1.83000 1.83000 1.85259 1.95233 1.94962 2.21109 2.36081 2.50602 2.72805 2.81133 2.89326 3.02501 3.36277 3.46835 3.40663 3.32392 3.24121 3.15847 3.10307 3.10167 3.10167 3.10167 3.10167 3.10167 3.07909 2.98704 2.84787 2.82982 2.81177 2.79408 2.78626 2.85976 3.17645 3.13336 3.50576
1.41312 1.41312 1.40730 1.32558 1.29649 1.27028 1.24492 1.27074 1.72839 1.78240 1.81410 1.84583 1.87323 1.87685 1.88134 1.89701 1.91664 1.96294 2.04871 2.03162 1.95115 1.79603 1.77996 1.79913 1.81728 1.82242 1.82627 1.82961 1.83000 1.82996 1.80694 1.76456 1.72221 1.67987 1.63776 1.82510 2.01880 2.40614 2.63895 2.74760 2.99897 3.01622 3.05787 3.11137 3.27290 3.12268 3.10167 3.10167 3.10167 3.10167 3.10167 3.10167 3.06840 2.96612 2.85727 2.74774 2.64074 2.65825 2.77660 2.78538 2.78534 2.75596 2.70085 2.64625 2.90480 3.00009 3.21945
1.34354 1.31081 1.28118 1.25062 1.25298 1.29086 1.32890 1.36698 1.68401 1.87897 1.89323 1.90941 1.92560 1.93495 1.93211 1.91810 1.90355 1.90523 1.94374 1.96225 1.94929 1.81739 1.82264 1.82920 1.83000 1.80980 1.76742 1.72512 1.68273 1.64041 1.62111 1.64638 1.72178 1.79854 1.87547 2.00747 2.24105 2.43150 2.74418 2.85013 3.06672 3.19616 3.19891 3.19891 3.28904 3.13959 3.08003 3.01075 2.91007 2.81223 2.71240 2.61048 2.53746 2.52200 2.51674 2.51674 2.51674 2.56231 2.68979 2.66898 2.61741 2.59958 2.60747 2.61339 2.70102 2.92973 3.02660
1.30403 1.35164 1.39917 1.42591 1.39756 1.41211 1.43153 1.44792 1.52117 1.91653 1.90907 1.89453 1.87999 1.87227 1.87227 1.87227 1.87409 1.88612 1.92366 1.97565 1.95951 1.82715 1.71247 1.68559 1.64327 1.62111 1.62184 1.67010 1.74706 1.82385 1.90061 1.95230 1.95605 1.99515 2.04699 2.09868 2.33863 2.44795 2.81071 2.91402 2.98601 3.11918 3.04636 2.94639 2.87825 2.79285 2.59479 2.54927 2.53538 2.52288 2.51674 2.51674 2.51674 2.51586 2.48346 2.43524 2.38794 2.35427 2.52836 2.54696 2.48666 2.50213 2.56242 2.62422 2.73676 3.18009 3.23171
1.48853 1.51280 1.53709 1.56074 1.45571 1.42482 1.40737 1.39296 1.39150 1.73263 1.87227 1.87227 1.87343 1.87722 1.88112 1.89820 1.94570 1.99312 1.78674 1.78636 1.76831 1.73178 1.62426 1.69544 1.77217 1.84919 1.92519 1.95369 1.96389 2.01209 2.06388 2.11562 2.16508 2.17769 2.17769 2.17769 2.25337 2.41289 2.64817 2.79367 2.59018 2.66837 2.64676 2.63388 2.62139 2.69775 2.52406 2.51674 2.51674 2.51674 2.50252 2.45560 2.40738 2.36250 2.34526 2.34309 2.36189 2.45685 2.44941 2.64630 2.78860 2.83377 2.84227 2.87710 2.91381 3.13970 3.38359
1.59103 1.59103 1.59103 1.59103 1.47698 1.39150 1.39150 1.39150 1.39150 1.51770 1.88672 1.93213 1.98175 2.02877 2.07570 2.10943 2.11091 2.11091 1.86222 1.76380 1.82000 1.84308 1.94081 1.94880 1.97726 2.02902 2.08076 2.13255 2.17413 2.17769 2.17769 2.17769 2.16754 2.13620 2.10419 2.07222 2.04125 2.24288 2.42399 2.68366 2.55583 2.52826 2.60194 2.60183 2.60183 2.65345 2.59300 2.47595 2.42550 2.37012 2.33356 2.33065 2.39450 2.50099 2.61126 2.72228 2.81135 2.81942 2.77613 2.85158 2.93122 2.96793 2.99609 2.99796 2.99796 3.03002 3.38252
1.59103 1.59103 1.59103 1.59103 1.55390 1.39406 1.43603 1.49235 1.54862 1.60494 2.02166 2.11091 2.11091 2.11091 2.11974 2.14338 2.16726 2.19112 2.11442 1.80925 1.86471 1.86017 1.90530 2.08112 2.17764 2.17769 2.17769 2.16926 2.13847 2.10643 2.07449 2.04244 2.02061 2.01869 2.01917 2.06378 2.11388 2.25957 2.43914 2.59072 2.57570 2.43670 2.60183 2.57830 2.52130 2.47037 2.48884 2.33534 2.43622 2.55220 2.66369 2.77406 2.81905 2.82540 2.85529 2.88742 2.91953 2.95125 2.93714 2.91846 2.99485 2.99796 2.99796 2.99796 2.99825 3.06714 3.40629
1.59116 1.63061 1.70095 1.77135 1.84169 1.69192 1.66008 1.66008 1.66008 1.66012 1.84844 2.14786 2.17173 2.19560 2.21063 2.21054 2.20677 2.20205 2.19654 1.84535 1.83178 1.84827 1.85021 1.97371 2.10869 2.07672 2.04473 2.02071 2.01106 1.99953 1.99264 2.03128 2.08136 2.13267 2.18229 2.18771 2.18771 2.19310 2.41640 2.55549 2.52852 2.32148 2.39725 2.39199 2.39770 2.40353 2.70943 2.84781 2.81922 2.83841 2.87052 2.90263 2.93474 2.96052 2.96271 2.96271 2.96271 2.96271 2.96271 2.90959 2.97330 3.07950 3.22864 3.37759 3.52619 3.60639 3.66032
1.89581 1.92676 1.92676 1.92676 1.92676 1.79876 1.68115 1.70982 1.73845 1.76707 1.78868 2.16765 2.20587 2.20115 2.19642 2.19201 2.19106 2.19494 2.22400 2.05645 1.80800 1.71757 1.68911 1.75059 1.96236 1.97868 1.96839 1.99917 2.05771 2.11934 2.17625 2.18771 2.18771 2.20249 2.24792 2.29430 2.34062 2.38694 2.44726 2.45693 2.40983 2.31836 2.30962 2.40386 2.39997 2.37064 2.45414 2.92180 2.94980 2.96271 2.96271 2.96271 2.96271 2.96271 2.96271 2.97038 3.03919 3.16834 3.35755 3.49862 3.58819 3.61952 3.61952 3.61952 3.63865 3.68874 3.74359
1.95151 1.92998 1.95982 1.99565 2.03142 2.03599 1.78445 1.77844 1.77295 1.76728 1.76161 1.97595 2.19226 2.21657 2.25172 2.28959 2.32905 2.36052 2.35849 2.30512 1.84789 1.66495 1.65338 1.70962 1.94377 2.10765 2.16801 2.18771 2.20027 2.24499 2.29133 2.33774 2.38405 2.41559 2.41634 2.41527 2.41411 2.41294 2.41211 2.42679 2.45807 2.34447 2.17690 2.29155 2.26140 2.25676 2.25676 2.75390 2.95928 2.96729 3.00454 3.08074 3.16322 3.28604 3.47463 3.65626 3.77690 3.83726 3.83751 3.82876 3.68863 3.67450 3.71976 3.77773 3.81578 3.81714 3.81811
2.26987 2.07075 2.07668 2.07356 2.06649 2.05940 1.83437 1.75647 1.76785 1.79010 1.81425 1.87183 2.33061 2.35363 2.34569 2.33774 2.33127 2.33066 2.33066 2.35557 2.08853 1.87115 1.85801 1.89872 2.04779 2.28390 2.33476 2.38119 2.41495 2.41655 2.41605 2.41489 2.41372 2.41256 2.41160 2.41109 2.38273 2.33735 2.29211 2.26288 2.34369 2.25767 2.12917 2.23171 2.29377 2.33799 2.41629 2.73753 3.25687 3.39918 3.54947 3.66279 3.76978 3.83663 3.83751 3.83751 3.83757 3.86472 3.91708 3.97351 3.93603 3.85204 3.87144 3.94545 4.01867 4.09175 4.16483
2.70261 2.05887 2.05097 2.06156 2.10546 2.15521 2.05634 1.84136 1.84471 1.83478 1.82509 1.82207 2.14124 2.33066 2.33066 2.34540 2.41431 2.48827 2.55433 2.55421 2.40639 2.22619 2.07864 2.11455 2.16061 2.35243 2.41567 2.41451 2.41334 2.41217 2.41151 2.40662 2.36783 2.32245 2.27716 2.23231 2.21538 2.21437 2.20163 2.19001 2.24767 2.32265 2.29011 2.49904 2.66797 2.73529 2.84269 2.97474 3.66241 3.83541 3.83751 3.83751 3.83751 3.84708 3.89442 3.94904 4.00586 4.00549 3.96958 3.93355 3.94917 4.24124 4.20448 4.20399 4.20387 4.20278 4.19390
3.00293 2.31156 2.26032 2.30501 2.30594 2.30594 2.28400 1.84343 1.82207 1.82207 1.82207 1.83445 2.03091 2.46862 2.50341 2.50757 2.45750 2.40247 2.35527 2.34933 2.35000 2.37768 2.07922 1.96451 1.89895 2.24831 2.41151 2.39721 2.35290 2.30758 2.26222 2.22162 2.20457 2.18909 2.17441 2.16856 2.20155 2.23900 2.28601 2.33619 2.38277 2.48184 2.49821 2.72522 3.04975 3.12782 3.13156 3.13156 3.49258 3.82309 3.87246 3.92179 3.94848 3.96063 3.92892 3.89293 3.85884 3.85123 3.85104 3.85086 3.85242 4.20564 4.20536 4.17858 4.16819 4.15889 4.15738
3.06745 2.67703 2.30594 2.30594 2.30594 2.30594 2.30594 1.97794 1.91048 2.00958 2.07313 2.12097 2.08558 2.26059 2.34933 2.34933 2.34933 2.32816 2.24051 2.14805 2.05559 1.99676 1.90064 1.77271 1.73303 1.94655 2.21550 2.19280 2.17709 2.16304 2.15580 2.18711 2.23256 2.28274 2.33295 2.37544 2.38063 2.39267 2.39014 2.38261 2.37657 2.45302 2.83871 2.93323 3.09606 3.13156 3.13390 3.12807 3.23640 3.85262 3.88827 3.85604 3.85123 3.85114 3.85094 3.85083 3.85009 3.84274 3.83382 3.82492 3.81598 4.00909 4.19899 4.15738 4.15738 4.15738 4.15738
3.13020 2.96924 2.35192 2.30594 2.32125 2.38244 2.43704 2.35592 2.04291 2.02021 2.02021 2.02021 2.02021 2.06726 2.22219 2.12976 2.03726 1.96584 1.95993 1.92714 1.87954 1.83847 1.80977 1.63044 1.62707 1.70380 2.10557 2.22931 2.27947 2.32961 2.37393 2.39144 2.41830 2.44404 2.44570 2.43818 2.43055 2.41102 2.40603 2.40603 2.40603 2.40863 2.68764 2.85083 2.97483 3.05920 3.04226 3.02787 3.01552 3.60638 3.84603 3.85083 3.84735 3.83850 3.82960 3.82069 3.81253 3.81098 3.81098 3.81098 3.81098 3.86892 4.22006 4.16025 4.17235 4.18366 4.19520
4.12812 2.97309 2.55760 2.39166 2.43052 2.43265 2.43265 2.42935 2.06033 1.96743 1.87474 1.78231 1.68985 1.63294 1.89409 1.91810 1.87048 1.82282 1.77626 1.76141 1.76141 1.76141 1.79468 1.78944 1.85271 1.90410 2.19469 2.43468 2.46725 2.49413 2.50124 2.48284 2.44849 2.41521 2.40603 2.40603 2.40363 2.38924 2.37316 2.35711 2.34107 2.32934 2.41703 2.72451 2.83288 2.99458 2.98596 2.98551 2.98394 3.29425 3.79837 3.81646 3.81104 3.81098 3.81098 3.81098 3.81098 3.81098 3.81270 3.90242 4.02667 4.11876 4.18279 4.23944 4.30934 4.30860 4.30860
4.12812 3.61777 2.85251 2.43978 2.42847 2.34377 2.22804 2.11237 1.80884 1.63187 1.62357 1.57996 1.53230 1.48468 1.56213 1.76141 1.76141 1.76141 1.76141 1.76221 1.77722 1.79746 1.83430 1.91380 1.99660 2.00975 2.09476 2.43967 2.45506 2.42067 2.40603 2.40422 2.39036 2.37431 2.35825 2.34221 2.32853 2.32338 2.29236 2.25333 2.21137 2.16650 2.17389 2.54858 2.74263 2.92717 2.97893 2.97686 2.97629 3.00640 3.71809 3.81096 3.81230 3.89148 4.02634 4.16514 4.29173 4.38470 4.47384 4.47511 4.44187 4.44074 4.26391 4.14989 4.30860 4.30860 4.31976
4.12812 4.10545 2.85249 2.19029 1.97810 1.94723 1.92911 1.87104 1.75572 1.47578 1.43631 1.43229 1.43229 1.43229 1.44863 1.75769 1.80994 1.83021 1.85046 1.86992 1.87517 1.87517 1.86550 1.86024 1.91237 1.88207 1.85392 2.23458 2.37537 2.35937 2.34334 2.32909 2.32689 2.31615 2.27978 2.23983 2.19682 2.15529 2.14792 2.14699 2.14485 2.14270 2.14055 2.35219 2.69225 2.85625 2.97784 3.06916 3.21292 3.37057 3.95070 4.41453 4.55408 4.56938 4.52622 4.47833 4.44271 4.44074 4.44074 4.44074 4.44074 4.44074 4.38012 4.12661 4.36633 4.41786 4.38959
4.12812 4.12812 3.26921 2.17235 1.80016 1.74064 1.69920 1.69775 1.69128 1.48438 1.47305 1.49330 1.51357 1.53383 1.54593 1.70633 1.87517 1.87517 1.86902 1.82665 1.77834 1.72930 1.67891 1.68023 1.74646 1.78557 1.76680 1.97482 2.30159 2.30504 2.26690 2.22600 2.18193 2.14913 2.14785 2.14629 2.14414 2.14199 2.13984 2.13863 2.13862 2.14607 2.16131 2.25367 2.65191 3.30344 3.82731 3.90828 3.91703 3.87038 3.93421 4.44578 4.44371 4.44074 4.44074 4.44074 4.44074 4.44074 4.44074 4.45271 4.48374 4.51210 4.53585 4.04139 3.74031 3.53213 3.26922
4.12812 4.12812 3.87292 2.43162 1.69266 1.57756 1.53500 1.49569 1.46343 1.49672 1.54605 1.54605 1.54605 1.54605 1.54931 1.64203 1.79386 1.72880 1.66805 1.64351 1.62491 1.60704 1.60224 1.60721 1.64907 1.79595 1.83714 1.88366 2.07525 2.14792 2.14755 2.14558 2.14343 2.14128 2.13921 2.14344 2.15825 2.17424 2.18934 2.17800 2.15681 2.12536 2.08521 2.05505 2.40555 3.19501 3.70880 3.76240 3.71593 3.71101 3.71101 4.24068 4.43723 4.44074 4.44057 4.43782 4.45939 4.48776 4.48349 4.37472 4.23258 4.08333 3.92798 3.55877 3.05668 3.03742 3.02156
