results/OMI_NO2_200802.asc
ncols      200
nrows      200
xllcorner       120.258
yllcorner       41.1236
cellsize     0.0166667
NODATA_Value      -999.000
[rows 145 to 173 of 200, columns 0 to 65 of 200]
2.82372 2.81300 2.80293 2.79305 2.78276 2.77293 2.76333 2.75350 2.52674 2.26343 1.94259 1.90414 1.94289 1.84646 1.71637 1.75318 1.76032 1.50456 1.50420 1.49671 1.45846 1.46647 1.51148 1.64158 1.66518 1.68969 1.71323 1.72985 1.73265 1.73265 1.73781 1.99657 2.01153 2.01153 2.01153 2.01153 2.01153 1.83849 2.01925 1.98519 1.97025 2.00171 1.94158 1.89206 1.85289 1.86957 2.10663 2.25869 2.54460 2.55403 2.53062 2.51625 2.50318 2.49027 2.52425 3.02374 2.60461 2.57802 2.55723 2.62582 2.67595 2.72926 2.74954 2.82209 2.82415 2.89535
2.50760 2.50760 2.50760 2.50523 2.48457 2.46000 2.43545 2.41106 2.32895 2.02292 1.83653 1.70084 1.78941 1.91576 1.66588 1.69863 1.79768 1.57145 1.54212 1.66320 1.78015 1.89659 1.97025 1.95779 1.71900 1.72057 1.72991 1.72182 1.67278 1.62547 1.67826 1.85566 1.87199 1.84280 1.72318 1.66929 1.61892 1.49832 1.54033 1.58460 1.58703 1.68921 1.70447 1.71046 1.71461 1.70047 1.76749 1.93460 2.07152 2.16154 2.16131 2.20721 2.25949 2.31395 2.39775 2.79998 2.67544 2.48487 2.52295 2.53184 2.53184 2.53184 2.59514 2.83717 2.77511 3.06701
2.43096 2.40639 2.38184 2.35990 2.36621 2.38290 2.39058 2.18439 2.17394 1.90738 1.86034 1.64207 1.65756 1.84333 1.70583 1.73521 1.95180 2.02018 2.00297 2.02929 2.06631 2.08536 2.10133 2.09528 1.85038 1.69020 1.63496 1.60295 1.59210 1.54631 1.53877 1.66792 1.63769 1.61841 1.55623 1.55327 1.57074 1.58073 1.53407 1.74711 1.82260 1.87370 1.63119 1.58576 1.58576 1.58576 1.60977 1.89060 2.01034 2.31350 2.41141 2.46555 2.51662 2.56875 2.58150 2.80739 2.99121 2.53184 2.53184 2.53184 2.50974 2.43827 2.37709 2.56248 2.54905 2.80732
2.36697 2.38372 2.40240 2.42298 2.43053 2.43053 2.43053 2.14547 2.06519 2.02652 2.04454 1.93192 1.92857 2.21988 2.28680 2.07240 2.23284 2.26443 2.12067 2.11158 2.12269 2.05602 1.99248 1.93987 1.88059 1.69451 1.70138 1.70325 1.67081 1.50484 1.50451 1.61461 1.69008 1.70779 1.67507 1.67241 1.72700 1.77937 1.69496 1.91593 1.95259 1.94790 1.72481 1.65756 1.71703 1.78594 1.84289 2.06645 2.24133 2.50891 2.58150 2.58306 2.58922 2.59569 2.60215 2.66432 3.14246 2.51010 2.39952 2.33671 2.29529 2.31870 2.36298 2.61286 2.73111 2.93008
2.44197 2.44936 2.45634 2.42042 2.36126 2.30771 2.32919 2.25572 2.27432 2.39542 2.46609 2.39522 2.14587 2.24673 2.43611 2.16005 2.20756 2.19843 2.03843 1.90440 1.93408 1.95279 1.95279 1.95279 1.95280 1.75125 1.70325 1.70495 1.71982 1.57432 1.55000 1.60327 1.78920 1.84159 1.86180 1.85944 1.86461 1.86510 1.80858 1.89508 2.12637 2.20996 2.11737 1.88822 1.89807 1.90291 1.90830 2.00300 2.28022 2.40774 2.62061 2.62552 2.61496 2.57548 2.53624 2.49877 2.64993 2.52945 2.60734 2.66369 2.72224 2.76868 2.83464 2.94546 3.08313 3.09853
2.35534 2.31774 2.33940 2.45767 2.59703 2.73650 2.80898 2.67645 2.47633 2.47633 2.47633 2.47633 2.20851 2.09305 2.25382 2.06336 1.94316 2.02317 2.00088 1.88055 1.91488 1.95279 1.95279 1.95609 1.97244 1.89209 1.74233 1.73431 1.73508 1.67431 1.59434 1.65182 1.89503 1.94598 1.97886 1.99056 2.06769 2.14133 2.13018 2.01188 2.32632 2.34627 2.31690 1.93404 1.91935 1.89910 1.87909 1.86404 2.12052 2.13437 2.36060 2.35020 2.32794 2.32677 2.32677 2.32677 2.46640 2.54279 2.82169 2.88985 2.95798 3.00483 3.00631 2.97420 3.09181 3.09181
2.15001 2.74334 2.80898 2.80898 2.80898 2.80898 2.80898 2.76372 2.47484 2.41198 2.32313 2.24155 2.08961 1.91552 2.05986 2.11496 1.92382 2.02317 2.02317 1.91539 1.88956 1.93466 1.92439 1.91149 1.89594 1.90541 1.74740 1.77880 1.80522 1.79809 1.68251 1.73008 1.95369 2.13863 2.12406 2.01678 1.97426 1.94001 1.93274 1.96505 2.11585 2.19740 2.17378 1.87245 1.77665 1.77665 1.77665 1.77918 1.94306 2.05388 2.20432 2.32677 2.32677 2.33106 2.37724 2.43404 2.53696 2.78359 2.99269 3.00631 3.00631 3.00631 3.03573 3.11855 3.30471 3.40150
1.58699 2.80898 2.80898 2.80898 2.80898 2.76028 2.63853 2.52739 2.21925 2.17012 2.17122 2.17230 2.17107 1.96878 2.01671 2.08037 1.93710 1.93599 1.92930 1.87202 1.79407 1.88685 1.93673 1.98258 2.01433 2.00873 1.91443 1.86135 1.89210 1.91314 1.75978 1.69658 1.77398 1.97863 2.00171 1.95250 1.93274 1.93274 1.93274 1.95468 1.95074 2.14328 2.16595 2.05195 1.88673 1.93647 1.98907 2.04147 2.05388 2.05487 2.13312 2.42125 2.47920 2.53116 2.54108 2.54039 2.53971 2.82300 2.94957 3.17774 3.29258 3.40603 3.41753 3.25932 3.21615 3.14110
1.20688 2.59873 2.86645 2.61986 2.50784 2.44559 2.44469 2.47554 2.36242 2.32530 2.37386 2.43647 2.51118 2.42246 2.26425 2.11238 2.05653 1.91983 1.98374 2.02468 1.97051 2.04992 2.00849 1.97241 1.99838 2.02696 2.01265 1.89562 1.89957 1.90425 1.84433 1.73733 1.78855 1.96817 2.07279 2.00630 1.92918 1.96523 2.00808 2.05807 2.07929 2.36331 2.46585 2.38105 2.06582 2.03602 2.06289 2.13106 2.23001 2.32930 2.39148 2.63486 2.75139 2.80147 2.92177 3.06032 3.15177 3.44691 3.66651 3.75293 3.71122 3.31818 3.23562 3.26233 3.40987 3.41811
1.20533 1.98051 3.02025 2.75391 2.67347 2.74389 2.81867 2.85903 2.78104 2.70908 2.73397 2.75179 2.76327 2.76090 2.50495 2.39222 2.39991 2.31448 2.37617 2.44904 2.41291 2.41411 2.35189 2.16384 2.16384 2.16384 2.16435 2.05659 2.02409 2.03464 2.03528 1.86009 1.88916 2.09130 2.35869 2.34171 2.15116 2.15402 2.15053 2.16457 2.19442 2.28214 2.42778 2.46893 2.83233 2.88057 2.95395 2.98607 2.98733 3.00692 3.07206 3.12221 3.30597 3.32214 3.27584 3.21585 3.19853 3.25822 3.62983 3.69479 3.69431 3.46098 3.28263 3.27914 3.38848 3.39032
1.40423 1.57802 3.37663 3.31684 2.86855 2.87678 2.88431 2.88766 2.88766 2.88779 2.89373 2.92566 2.96293 3.00759 2.96061 2.81336 2.66277 2.63714 2.55534 2.55950 2.53168 2.42052 2.43221 2.15915 2.15672 2.16426 2.17126 2.12067 2.00876 2.00572 2.00270 1.99967 1.99838 2.11854 2.33681 2.46819 2.19495 2.23111 2.27637 2.33239 2.39039 2.33980 2.55365 2.56329 2.94534 3.02978 3.12722 3.23641 3.34565 3.43526 3.40513 3.00920 3.17786 3.19853 3.19950 3.23774 3.29695 3.35863 3.62247 3.72846 3.67976 3.58768 3.23461 3.21943 3.28220 3.42706
1.59166 1.76675 2.77360 3.40527 2.99242 2.89554 2.91728 2.96158 3.00244 3.05203 3.11970 3.16550 3.20344 3.23089 3.21472 3.01717 2.74405 2.74886 2.63514 2.60993 2.62132 2.50588 2.45770 2.24705 2.15729 2.15729 2.15729 2.15500 2.01618 1.99838 1.99976 2.02706 2.06410 2.16132 2.39061 2.68433 2.42936 2.39700 2.43238 2.43946 2.44498 2.40355 2.65507 2.83238 3.19546 3.48326 3.44402 3.44417 3.48466 3.56016 3.63935 3.32528 3.37335 3.55211 3.62438 3.64943 3.67431 3.73185 3.79172 3.88683 3.61907 3.61907 3.29014 3.14518 3.03874 3.18379
1.85533 1.96826 2.25242 3.53412 3.38134 3.10773 3.15787 3.19168 3.22554 3.24749 3.24792 3.24792 3.24792 3.24792 3.24792 3.11360 2.84054 2.75424 2.77994 2.65096 2.65157 2.58460 2.47317 2.34824 2.15729 2.15729 2.16116 2.19274 2.15218 2.11304 2.16720 2.20566 2.25739 2.31652 2.48606 2.72444 2.59833 2.50762 2.63863 2.77263 2.90668 2.95368 2.92826 3.17729 3.38554 3.88021 3.89582 3.99581 4.10504 4.18603 4.27105 4.03684 3.72274 4.01700 4.09324 4.16922 4.20921 4.11108 3.97914 3.84023 3.28652 3.06954 2.84857 2.66284 2.65143 2.84716
2.22885 2.34073 2.38574 3.32099 3.70840 3.30473 3.24792 3.24792 3.24792 3.24792 3.24792 3.24794 3.25452 3.26660 3.27867 3.25081 2.97577 2.77335 2.87520 2.65519 2.65157 2.64045 2.49617 2.50639 2.27918 2.32413 2.37643 2.40430 2.43644 2.34374 2.37461 2.39855 2.40660 2.49866 2.70439 2.99876 3.28953 3.06339 3.08048 3.09456 3.10865 3.24003 3.30759 3.72971 3.93732 4.68572 4.75804 4.81485 4.83486 4.83486 4.83486 4.64735 3.75127 3.80198 3.76341 3.61915 3.43824 3.33522 3.26469 3.20765 3.08437 2.88126 2.86635 2.65906 2.65141 2.79940
2.43677 2.38688 2.39370 2.80398 3.73927 3.50836 3.24792 3.24792 3.25114 3.26277 3.27484 3.28691 3.29239 3.29239 3.29239 3.29239 3.11851 2.80487 2.96190 2.93565 2.83840 2.90266 2.85255 2.77762 2.56032 2.48933 2.52286 2.55373 2.59102 2.58848 2.69085 2.82038 2.94294 2.98043 3.04595 3.18739 3.48520 3.11752 3.11680 3.11680 3.11680 3.14827 3.51559 3.82302 4.19881 4.74969 4.93313 4.83561 4.83486 4.83486 4.83194 4.02084 3.29046 3.16157 3.24337 3.20140 3.20023 3.20010 3.20010 3.20010 3.19570 2.95253 3.00015 2.91790 2.91225 3.05281
2.55375 2.46841 2.45709 2.46535 3.61584 3.76949 3.34758 3.33612 3.34655 3.34856 3.33715 3.28651 3.23529 3.18626 3.19508 3.30506 3.36486 3.43657 3.64069 3.59645 2.98132 3.01888 3.01573 2.92650 2.85639 2.70915 2.76893 2.82814 2.85594 2.89107 2.99224 2.99224 2.99224 2.99069 2.98425 3.14377 3.31208 3.18432 3.12328 3.12395 3.12461 3.12528 3.41681 3.63221 4.16072 4.57516 4.94570 4.69557 4.48902 4.33174 4.19072 3.86943 3.26810 3.03090 3.21725 3.25798 3.27411 3.35408 3.46776 3.58130 3.69441 3.59303 3.39275 3.30466 3.04905 2.95575
2.61170 2.55345 2.48749 2.48749 3.08953 3.71493 3.40695 3.18227 3.13418 3.08807 3.11363 3.26522 3.42037 3.57526 3.67687 3.67913 3.68972 3.59581 3.67705 4.07781 3.48586 3.50454 3.64117 3.23866 3.15103 2.86914 2.85757 2.85757 2.85757 2.85779 2.96079 2.96964 2.95603 2.94395 2.94208 3.05604 3.14443 3.28145 3.17919 3.20543 3.23170 3.25801 3.45482 3.80204 4.17050 4.21523 4.53124 4.53301 4.40004 4.41916 4.43875 4.41658 3.70939 3.30238 3.48479 3.74969 3.84667 3.87974 3.87911 3.87866 3.87865 3.85971 3.50176 3.47132 3.13177 2.99104
2.47201 2.33510 2.27929 2.24622 2.29696 3.34849 3.43046 3.27857 3.42758 3.58266 3.67800 3.67913 3.67916 3.73742 3.91287 4.13096 4.34000 4.30094 4.21784 4.53885 4.21891 3.74406 3.75345 3.50503 3.23243 3.03660 2.95596 2.96549 2.97476 2.98430 3.05937 3.16017 3.18302 3.20607 3.22906 3.31641 3.50923 3.58937 3.54041 3.56367 3.58697 3.61175 3.69663 4.18778 4.44750 4.38555 4.65824 4.56684 4.25651 4.17328 4.14118 4.11062 3.69580 3.46644 3.48665 3.86876 3.87865 3.87865 3.86199 3.79596 3.72609 3.65783 3.41016 3.20868 2.99527 2.82392
2.42511 2.18291 2.31275 2.48200 2.64051 3.42166 3.84692 3.55041 3.66008 3.74783 3.97757 4.22007 4.46505 4.65930 4.71083 4.70936 4.70585 4.67989 4.34386 4.62025 4.88382 4.13085 4.11852 4.04242 3.53356 3.38563 3.15070 3.15053 3.15053 3.15053 3.15799 3.27870 3.28520 3.28530 3.29750 3.32396 3.56588 3.58137 3.63587 3.66061 3.63663 3.61134 3.56318 3.81663 3.94735 3.94802 4.13073 4.28088 4.23221 4.09413 4.09413 4.08121 3.82176 3.36521 3.26929 3.47667 3.55204 3.49451 3.45182 3.44911 3.44498 3.43000 3.40147 3.14871 3.09131 2.82992
3.12672 2.89184 2.96465 3.00256 3.02261 3.29098 4.19311 4.30650 4.39632 4.68590 4.67459 4.65158 4.62660 4.59558 4.58697 4.58697 4.58697 4.58697 4.40690 4.42663 4.96977 4.40380 4.06552 4.06376 3.66025 3.48662 3.16472 3.15053 3.15053 3.15137 3.16656 3.26704 3.34356 3.38988 3.44077 3.50969 3.52470 3.44767 3.31737 3.39133 3.40912 3.44147 3.47203 3.66018 3.92270 4.06128 3.98867 4.07399 3.98545 3.72181 3.63633 3.57936 3.56206 3.15788 3.07331 3.16803 3.44911 3.44911 3.44911 3.44911 3.47898 3.53745 3.61265 3.46300 3.41498 3.20204
3.46796 2.90511 2.82255 3.42091 3.68755 3.81962 4.43337 4.62579 4.41992 4.58697 4.58697 4.58697 4.58028 4.50822 4.42276 4.33607 4.47599 4.55803 4.51216 4.27976 4.88164 4.75067 4.06376 4.06376 3.87536 3.50428 3.28913 3.22780 3.28170 3.33693 3.38063 3.47312 3.67361 3.72125 3.75016 3.75292 3.65192 3.43252 3.28269 3.49598 3.50396 3.49824 3.49433 3.47679 3.48084 3.58882 3.57605 3.77433 3.77433 3.66854 3.57245 3.57245 3.57245 3.29978 3.10297 3.15244 3.55462 3.69900 3.77945 3.84528 3.90320 3.91112 3.92319 3.89377 3.58113 3.41356
3.86710 3.53084 3.25576 3.62305 3.85615 3.85615 4.12670 4.61613 4.41101 4.37623 4.32116 4.24117 4.16162 4.13688 4.12598 4.11940 4.27460 4.54239 4.54239 4.34920 4.77801 5.07603 4.44224 4.32965 4.40293 3.92641 3.75947 3.48283 3.51926 3.55570 3.59025 3.59325 3.72655 3.79985 3.83009 3.82882 3.77251 3.39367 3.17480 3.22975 3.26972 3.23453 3.20035 3.18419 3.35647 3.51257 3.60458 3.75169 3.77433 3.75265 3.57635 3.57245 3.57245 3.55489 3.52523 3.46236 3.64508 3.90583 3.93198 3.97680 3.99428 3.98907 3.97244 3.97244 3.68756 3.55346
4.31469 4.03518 3.29694 3.35020 3.69762 3.63483 3.57755 4.17237 4.24062 4.11614 4.17499 4.16769 4.16845 4.17052 4.17886 4.18949 4.22386 4.64251 4.72893 4.82603 5.25633 5.86201 5.36747 4.59219 4.62858 4.22197 3.86610 3.54139 3.48987 3.44348 3.39848 3.35993 3.41360 3.53614 3.49302 3.47514 3.47663 3.29692 3.13702 3.03873 3.21342 3.22353 3.23372 3.24391 3.34208 3.58093 3.75831 3.84113 3.94926 3.96475 3.80592 3.67980 3.64133 3.63654 3.64032 3.60110 3.63388 3.99496 3.97745 3.92809 4.11795 4.33118 4.29935 4.28336 4.11319 3.74811
3.83039 3.63467 3.06071 3.00638 3.43792 3.54746 3.54424 3.90193 4.24746 4.15485 4.14702 4.13783 4.11488 4.10450 4.12640 4.14799 4.16912 4.43373 4.52692 4.40804 4.38266 4.55520 4.72486 3.63456 3.39477 3.19668 2.81101 2.87940 2.87405 2.84307 2.81288 2.78337 2.76013 2.92855 2.93673 2.92746 2.92799 3.10174 2.95102 3.24599 3.47663 3.46244 3.43177 3.40021 3.38081 3.64942 3.66675 3.68503 3.62599 3.55704 3.48851 3.39250 3.40071 3.37666 3.35108 3.27601 3.29807 3.54883 3.63736 3.62141 3.72070 4.03502 3.97430 3.82623 3.70490 3.33901
3.16111 3.13717 2.84818 2.65863 2.99753 3.25127 3.24859 3.32382 3.92932 3.93043 3.89804 3.92126 3.63438 3.52240 3.43524 3.32002 3.24428 3.23556 3.30919 3.27115 3.27421 3.24446 3.51498 3.15444 2.82291 2.81646 2.56577 2.55374 2.60715 2.60503 2.61659 2.62867 2.64054 2.74320 2.82340 2.81463 2.80600 2.98821 2.85276 3.04429 3.19722 3.17695 3.13154 3.08633 3.04132 3.19997 3.31633 3.47767 3.36179 3.38000 3.43533 3.41418 3.52032 3.66523 3.78865 3.71765 3.50932 3.50827 3.55739 3.47847 3.39462 3.62279 3.54588 3.57495 3.61215 3.53589
2.89952 2.87890 2.76180 2.55318 2.70317 3.04472 3.12341 3.16632 3.61413 3.84314 3.54187 3.31135 3.16414 3.07698 3.08274 3.04322 3.03976 3.05123 3.26562 3.33219 3.41407 3.41293 3.48870 3.51676 2.90948 2.88101 2.62461 2.48488 2.58253 2.59739 2.59811 2.59811 2.59811 2.62129 2.77798 2.77963 2.77963 2.88727 2.84669 2.87837 2.98058 3.02133 3.02562 3.07404 3.13183 3.29351 3.54782 3.78049 3.86032 3.94440 3.98985 3.98029 3.87777 3.84657 3.84136 3.72593 3.32452 3.23949 3.23264 3.23311 3.23831 3.47241 3.57337 3.75857 3.72977 3.67497
2.70009 2.74530 2.79430 2.69595 2.83095 3.19195 3.34402 3.35510 3.51951 3.99084 3.86919 3.50163 3.46383 3.36171 3.40107 3.40653 3.41190 3.44241 3.57729 3.67634 3.67725 3.75838 3.41376 3.64082 3.13488 2.97283 2.77908 2.50867 2.58188 2.59811 2.59811 2.59811 2.59779 2.57478 2.66583 2.68229 2.63377 2.64235 2.77778 2.88574 3.14300 3.25673 3.33977 3.37300 3.45509 3.57909 4.03798 4.14344 4.03834 3.96104 3.96772 3.91817 3.70846 3.58992 3.49002 3.45233 3.22310 3.16316 3.19688 3.24518 3.24518 3.38341 3.57005 3.67263 3.31510 3.24079
3.06472 3.10862 3.10412 3.17732 3.15156 3.51535 3.70662 3.74504 3.76853 4.23802 4.30168 3.86431 3.72763 3.51050 3.51036 3.49386 3.45832 3.46848 3.52391 3.69450 3.70873 3.87678 3.47080 3.67714 3.44287 2.97708 2.84576 2.60101 2.54870 2.56669 2.50934 2.44694 2.38649 2.34951 2.38558 2.49425 2.49289 2.50998 2.71125 2.97000 3.35885 3.44970 3.73154 3.86668 3.94403 4.01470 4.18131 4.16972 3.97057 3.72433 3.61136 3.54884 3.50238 3.45233 3.45233 3.45233 3.31548 3.15966 3.11875 3.13405 3.08251 3.08347 3.31859 3.39207 3.32774 3.27362
3.13669 3.10974 3.12755 3.40333 3.33724 3.60934 3.73991 3.77601 3.77601 4.01521 4.34792 4.06812 3.77453 3.57119 3.55107 3.56994 3.53281 3.54473 3.55421 3.70052 3.72881 3.80749 3.66856 3.61430 3.59692 2.91941 2.72795 2.48673 2.25127 2.29409 2.29544 2.30875 2.32216 2.33526 2.34575 2.55019 2.66258 2.75377 3.03038 3.37115 3.93613 4.11246 4.32974 4.51336 4.43961 4.34833 4.03890 3.73811 3.70687 3.56810 3.54837 3.54837 3.54081 3.45563 3.45233 3.45233 3.18795 2.88829 2.93386 3.03801 3.12427 3.17335 3.45091 3.48515 3.50979 3.28258
