results/OMI_NO2_200809.asc
ncols      200
nrows      200
xllcorner       120.258
yllcorner       41.1236
cellsize     0.0166667
NODATA_Value      -999.000
[rows 0 to 28 of 175, columns 66 to 131 of 200]
1.39092 1.03775 1.02838 1.02838 1.03315 1.19200 1.21237 1.20989 0.924935 0.657071 0.657071 0.657071 0.657071 0.657071 0.623395 0.512473 0.597604 0.665540 0.711493 0.733757 0.721156 0.725826 0.659376 0.257767 0.295923 0.323058 0.343281 0.357227 0.311991 0.235691 0.235691 0.235691 0.235691 0.235691 0.235691 0.235691 0.235691 0.235691 0.239657 0.463167 1.09804 1.89203 1.89203 1.89203 1.86761 1.78999 1.71844 1.63334 1.44115 1.37737 1.37621 1.37621 1.37621 1.37621 1.36186 1.19430 1.18977 1.18977 1.17833 1.11767 1.06832 0.874606 0.831964 0.799394 0.756412 0.756412
1.41933 1.18959 1.02838 1.02823 1.00264 1.00227 0.991068 0.947047 0.845499 0.657071 0.670966 0.696402 0.754124 0.819553 0.862491 0.743598 0.733958 0.733958 0.732981 0.722159 0.706565 0.670640 0.658962 0.445853 0.358941 0.358897 0.360862 0.367122 0.366287 0.300798 0.312384 0.324240 0.335047 0.418418 0.633068 0.800167 0.978236 1.10712 1.20395 1.24056 1.43570 1.90069 1.81776 1.76620 1.73525 1.72492 1.72777 1.70950 1.62652 1.56772 1.57336 1.57883 1.58442 1.58763 1.54949 1.48648 1.41905 1.37403 1.34231 1.34490 1.35176 1.27265 1.13612 1.12201 1.00971 0.950387
1.20853 1.03337 0.888529 0.823184 0.832781 0.828290 0.818159 0.812855 0.797182 0.717019 0.757917 0.788693 0.801353 0.798318 0.790170 0.711514 0.671258 0.663697 0.657223 0.655424 0.654807 0.637262 0.623495 0.588358 0.485272 0.495748 0.504893 0.512105 0.483773 0.470532 0.471699 0.546816 0.644524 0.898117 1.43277 1.44595 1.44443 1.44086 1.42930 1.40223 1.40515 1.59332 1.69848 1.78481 1.78481 1.78481 1.78481 1.78467 1.72583 1.63931 1.58051 1.53547 1.48236 1.44606 1.43101 1.38537 1.28790 1.24013 1.19629 1.15550 1.11758 1.07533 0.953411 1.03351 1.00349 0.986512
0.777821 0.777797 0.774555 0.725833 0.777603 0.793338 0.809438 0.828596 0.845331 0.791943 0.764938 0.753130 0.742273 0.732316 0.727005 0.701933 0.661825 0.663933 0.666344 0.668696 0.670952 0.669345 0.656901 0.657719 0.575474 0.552766 0.556039 0.598392 0.639800 0.695878 0.793537 0.811470 0.810655 0.884844 1.25452 1.27694 1.27556 1.26859 1.25855 1.25942 1.26248 1.39086 1.56010 1.72280 1.70475 1.65781 1.61003 1.54201 1.45322 1.32574 1.22564 1.19034 1.14709 1.11216 1.08651 1.07940 1.00888 0.969793 0.968749 0.981829 0.995505 1.00992 0.971646 0.948479 0.934011 0.884104
0.780584 0.785683 0.805631 0.799021 0.824216 0.851225 0.847632 0.854147 0.854750 0.821441 0.732475 0.733519 0.734529 0.735460 0.735685 0.729568 0.675012 0.680367 0.680398 0.680398 0.681045 0.682828 0.667124 0.682492 0.696048 0.677965 0.708785 0.725302 0.782619 0.794285 0.889938 0.945763 0.982103 1.03137 1.23895 1.30555 1.30863 1.31176 1.31484 1.31540 1.30161 1.27597 1.30534 1.38424 1.38096 1.29013 1.23578 1.22893 1.22802 1.18591 1.07749 1.07097 1.06733 1.05781 1.06080 1.07220 1.06681 1.01236 1.01990 0.987560 0.951642 0.926143 0.906729 0.885212 0.945682 0.909507
0.877671 0.887471 0.878515 0.868080 0.833190 0.845193 0.840509 0.861190 0.859299 0.884139 0.735703 0.735685 0.735685 0.735685 0.735685 0.735090 0.708203 0.702545 0.696509 0.696275 0.698985 0.700581 0.705162 0.740488 0.792955 0.757356 0.778838 0.816242 0.904604 0.956807 0.985431 1.02258 1.02218 1.02716 1.19545 1.29236 1.27569 1.25987 1.24536 1.23286 1.22895 1.22539 1.24386 1.31027 1.36170 1.30934 1.22893 1.22893 1.22893 1.20990 1.12435 1.08648 1.09694 1.09690 1.10145 1.06285 1.00485 0.938433 0.920408 0.929074 0.941698 0.946956 0.946956 0.904401 0.941514 0.909819
0.847560 0.830758 0.822845 0.816418 0.776643 0.798854 0.790958 0.797830 0.816140 0.850124 0.752392 0.714373 0.703170 0.692440 0.682164 0.678810 0.685210 0.697203 0.711497 0.719093 0.723136 0.732218 0.748007 0.754222 0.812464 0.832869 0.868410 0.871553 0.911377 0.956449 0.966458 1.01275 1.01140 1.00803 1.09777 1.22940 1.22895 1.22895 1.22895 1.22895 1.22895 1.22806 1.22909 1.28283 1.35796 1.35165 1.21830 1.17998 1.14396 1.10511 1.05465 1.09244 1.03676 0.983840 0.932895 0.926309 0.938617 0.944063 0.954326 0.962322 0.969916 0.977154 0.984046 0.948947 0.915711 0.918294
0.787022 0.786828 0.786828 0.786587 0.756034 0.785650 0.786499 0.787425 0.813663 0.831087 0.749464 0.675332 0.687747 0.704310 0.720624 0.730634 0.732422 0.733804 0.744690 0.748412 0.748558 0.743844 0.732238 0.728985 0.749416 0.780468 0.831315 0.855280 0.910903 0.985040 1.01404 1.00878 1.00227 1.00227 1.04629 1.22263 1.22895 1.22895 1.22895 1.22895 1.22895 1.22895 1.21000 1.23050 1.24659 1.23971 1.12130 1.07630 1.02745 0.985397 0.916716 0.916506 0.953787 0.963266 0.961417 0.968510 0.975701 0.982093 0.986595 0.987512 0.987512 0.987415 0.984513 0.975864 0.889314 0.927553
0.786828 0.786828 0.786828 0.786826 0.765768 0.776198 0.786499 0.790456 0.817944 0.844930 0.852832 0.730183 0.728807 0.727609 0.738318 0.747189 0.747451 0.735397 0.726202 0.722887 0.722887 0.722915 0.725698 0.730520 0.738415 0.798095 0.830025 0.871595 0.914826 0.974010 1.01582 1.01549 1.00341 1.00474 1.02817 1.18047 1.21752 1.21558 1.20252 1.17332 1.14413 1.11496 1.09076 1.11123 1.10554 1.10642 1.01862 0.914436 0.929949 0.938686 0.937671 0.911293 0.960795 0.959555 0.952645 0.947601 0.946260 0.943116 0.939101 0.936600 0.931423 0.926419 0.923983 0.922701 0.864805 0.869117
0.786422 0.784181 0.781222 0.780070 0.780797 0.801530 0.828732 0.833450 0.833514 0.854397 0.888749 0.782617 0.779715 0.784558 0.777696 0.772300 0.774667 0.769191 0.771727 0.779573 0.788079 0.796883 0.802060 0.804702 0.809095 0.840487 0.875908 0.934227 0.969420 1.02608 1.10729 1.11689 1.10058 1.09484 1.08020 1.06918 1.09002 1.06478 1.04965 1.04952 1.03783 1.01082 0.990902 0.976738 0.997619 1.00918 1.00136 0.907253 0.900973 0.897069 0.893168 0.857898 0.878663 0.884706 0.876645 0.860764 0.853656 0.848256 0.847397 0.855037 0.860593 0.865537 0.870404 0.875267 0.863316 0.801578
0.778364 0.782234 0.786613 0.789402 0.790394 0.870721 0.899731 0.914256 0.925836 0.944380 0.960783 0.887548 0.823898 0.827595 0.835652 0.844106 0.852966 0.849800 0.834562 0.829199 0.826219 0.823236 0.820247 0.816588 0.810913 0.808097 0.860143 0.879931 0.922763 0.971206 1.07717 1.05206 1.01551 0.975830 0.957774 0.944496 1.00587 0.991858 0.974052 0.956222 0.950128 0.959281 0.957929 0.948833 0.947955 0.942781 0.937568 0.873009 0.845146 0.843981 0.843801 0.840083 0.828676 0.873718 0.883949 0.884412 0.891659 0.902102 0.909922 0.913086 0.917163 0.918383 0.906923 0.890086 0.873052 0.782600
0.788811 0.789558 0.800734 0.815259 0.829296 0.889724 0.924895 0.915123 0.907817 0.903443 0.934292 0.933861 0.847808 0.849628 0.845976 0.842306 0.838652 0.830250 0.794632 0.758170 0.755083 0.752013 0.748949 0.746551 0.746382 0.749946 0.785695 0.797254 0.840198 0.878525 0.922144 0.942124 0.958513 0.949669 0.933338 0.896934 0.955902 0.952464 0.951950 0.951433 0.950918 0.950404 0.949890 0.983606 1.00270 1.01173 1.00826 0.975991 0.915449 0.924725 0.932902 0.934130 0.896880 0.932510 0.940334 0.935658 0.926570 0.925017 0.909398 0.890471 0.874634 0.857537 0.872296 0.900772 0.926882 0.905959
0.826274 0.825724 0.807982 0.786399 0.763897 0.776859 0.829625 0.816515 0.800468 0.795784 0.862368 0.889535 0.836422 0.829827 0.829827 0.829827 0.829827 0.829488 0.800459 0.743904 0.751393 0.759420 0.767138 0.774079 0.781221 0.785059 0.775461 0.778654 0.823556 0.904099 0.941919 0.946785 0.913767 0.896334 0.894375 0.877467 0.940074 0.967127 0.976807 0.984648 0.992030 0.999397 1.00679 1.03604 1.06085 1.06045 1.05166 1.04032 0.937232 0.934130 0.934130 0.934130 0.918457 0.905001 0.920174 0.900933 0.869858 0.851070 0.854687 0.870798 0.896857 0.940295 0.941760 0.934857 0.930315 0.923184
0.713629 0.702001 0.697472 0.693057 0.694363 0.713571 0.802789 0.822642 0.829739 0.836825 0.872990 0.937757 0.886269 0.833763 0.845420 0.857724 0.870534 0.883872 0.869459 0.800026 0.785996 0.782273 0.778037 0.774729 0.770627 0.765328 0.830122 0.924304 0.960728 0.828542 0.884990 0.933753 0.944809 0.955286 0.955536 0.953540 0.976170 1.01278 1.01048 1.01001 1.01001 1.01001 1.01001 1.02303 1.06105 1.06045 1.05695 1.04704 0.968664 0.930236 0.909273 0.886233 0.862718 0.804459 0.859262 0.878923 0.883725 0.886121 0.886098 0.873617 0.866050 0.900732 0.894071 0.882566 0.871374 0.860555
0.714363 0.721455 0.728547 0.735498 0.737730 0.738464 0.813593 0.845527 0.848188 0.850967 0.855189 0.932471 0.943519 0.909084 0.906322 0.904349 0.901658 0.898615 0.876845 0.804848 0.767102 0.762785 0.772795 0.802776 0.833653 0.865629 0.889102 0.990910 0.991594 0.910474 0.891012 0.942200 0.937657 0.924716 0.939277 0.955231 0.950871 1.01001 1.01001 1.01001 1.01001 1.01001 1.01001 1.01190 1.05987 1.05614 1.03489 1.00036 0.935184 0.843454 0.841031 0.846844 0.838923 0.816175 0.844889 0.865206 0.851555 0.829886 0.821113 0.815348 0.809624 0.828018 0.853911 0.853911 0.853911 0.855977
0.739329 0.738087 0.741916 0.746490 0.750913 0.755195 0.803583 0.858715 0.860400 0.860400 0.860109 0.896547 0.943857 0.915663 0.895547 0.895736 0.896486 0.893705 0.885556 0.850631 0.822134 0.855464 0.875654 0.875876 0.875876 0.871513 0.859532 0.926194 0.949399 0.930783 0.829441 0.898041 0.918056 0.918056 0.923471 0.955633 0.937720 1.01001 1.01001 1.01001 1.01001 1.00580 0.986463 0.961666 0.963662 0.946234 0.934983 0.916103 0.880213 0.761670 0.765783 0.759559 0.746675 0.741426 0.763394 0.814045 0.814173 0.805383 0.800695 0.800145 0.800403 0.805692 0.852452 0.860632 0.865474 0.868123
0.779422 0.762152 0.762903 0.762903 0.762903 0.763240 0.795031 0.850128 0.852115 0.848085 0.844218 0.849457 0.936487 0.935398 0.894394 0.909390 0.948379 0.991769 1.03230 0.975635 0.875430 0.863911 0.851216 0.839074 0.827431 0.819958 0.819407 0.845484 0.939346 0.935582 0.862981 0.881384 0.917040 0.916949 0.916857 0.945509 0.926059 0.961836 0.941816 0.913431 0.885128 0.853770 0.835265 0.822664 0.820334 0.820342 0.812441 0.804938 0.744306 0.675229 0.662440 0.711658 0.713071 0.714466 0.728923 0.781758 0.815717 0.823438 0.807592 0.813299 0.818284 0.820092 0.845971 0.870417 0.868700 0.867009
0.824252 0.783910 0.789812 0.795098 0.800034 0.804667 0.805638 0.828365 0.829969 0.826887 0.822440 0.822422 0.909887 1.00736 1.02568 1.04905 1.04286 1.01977 0.997233 0.938757 0.834565 0.812108 0.811781 0.807394 0.801830 0.796246 0.790671 0.785261 0.880477 0.887848 0.862826 0.781141 0.864387 0.871807 0.844023 0.819367 0.806528 0.807796 0.821084 0.812957 0.806684 0.808461 0.812158 0.814871 0.828175 0.853248 0.855186 0.856471 0.791761 0.730254 0.673004 0.735163 0.755694 0.768083 0.782003 0.823153 0.873986 0.871499 0.832850 0.821905 0.819334 0.816788 0.819507 0.863522 0.866228 0.864644
0.660693 0.672706 0.685328 0.692248 0.698926 0.705755 0.889788 1.08477 1.13187 1.17532 1.11958 1.08996 1.08109 1.07222 1.06335 1.05682 1.05728 1.05906 1.06323 1.06783 1.07260 1.14118 1.18759 1.26742 1.29591 1.24261 1.17432 1.15690 1.26114 1.23659 1.20449 1.17521 1.14824 1.12970 1.11899 1.10959 1.02577 0.973405 0.945092 0.943846 0.940035 0.936147 0.906993 0.892859 0.888971 0.845901 0.834199 0.914297 1.05355 1.04835 1.00230 0.977263 0.958322 0.944980 0.977940 1.01600 1.04662 1.06826 1.05712 1.04484 1.04338 1.04338 1.14438 1.31104 1.31143 1.40548
0.677698 0.693746 0.698479 0.698479 0.698479 0.698300 0.765431 1.02191 1.10778 1.15949 1.11282 1.06536 1.06282 1.06448 1.06862 1.07364 1.07772 1.08061 1.08093 1.07817 1.04224 1.01872 1.06299 1.04124 1.14066 1.11512 1.08724 1.05975 1.12455 1.13497 1.12863 1.12863 1.12863 1.12698 1.11259 1.10812 1.05152 0.973645 0.925395 0.922750 0.922674 0.922674 0.911558 0.877065 0.870469 0.840742 0.801008 0.784491 0.952714 0.952774 0.965128 0.984565 1.01639 1.04879 1.04981 1.04435 1.04338 1.04433 1.07113 1.10968 1.14822 1.18673 1.22444 1.43351 1.42090 1.43734
0.681636 0.693472 0.684578 0.675699 0.666801 0.658094 0.655322 0.897143 1.07685 1.13754 1.18520 1.09057 1.07695 1.08018 1.08093 1.08057 1.05226 1.00665 0.961000 0.918129 0.905595 0.899857 0.982876 1.00040 1.03093 1.04518 1.04514 1.04221 1.10530 1.15905 1.11625 1.11187 1.10750 1.10382 1.09803 1.09373 1.08199 0.981086 0.932039 0.935488 0.952776 0.972183 0.988386 0.851228 0.833466 0.825962 0.808126 0.831083 0.988669 1.10983 1.09974 1.05439 1.04348 1.05201 1.08835 1.12688 1.16533 1.20291 1.21456 1.21452 1.21448 1.21444 1.21375 1.35099 1.44115 1.42849
0.655806 0.653417 0.653313 0.653313 0.653313 0.653313 0.664083 0.805944 1.07186 1.13770 1.25267 1.12082 1.05644 1.00499 0.953331 0.902059 0.875048 0.863305 0.851533 0.839822 0.830943 0.824971 0.871684 0.958762 0.990716 1.04482 1.06356 1.07588 1.08853 1.15403 1.00762 0.998649 0.989182 0.983249 0.984056 0.987041 0.974824 0.888117 0.934890 0.990886 0.993398 0.993765 1.02530 0.993797 0.968329 1.01177 0.980916 0.929411 0.946234 1.12915 1.17321 1.16276 1.18131 1.21077 1.21130 1.20967 1.20803 1.20640 1.20764 1.21195 1.22310 1.23613 1.25015 1.31606 1.52648 1.58017
0.715330 0.718573 0.729031 0.769209 0.814919 0.860884 0.895547 0.919020 1.24367 1.27896 1.20820 0.916106 0.763862 0.740008 0.734270 0.728590 0.729195 0.750326 0.775019 0.799685 0.824379 0.849058 0.869194 0.970004 0.976851 1.02062 1.03476 1.03986 1.04624 1.09057 1.00200 0.968385 0.967418 0.953364 0.933532 0.920003 0.918769 0.898274 0.902867 1.06982 1.11709 1.16054 1.17131 1.14605 1.01016 1.00565 0.987431 0.947340 0.929973 1.21095 1.29458 1.24370 1.26416 1.28366 1.29907 1.31492 1.33113 1.34773 1.36172 1.37253 1.37117 1.36008 1.34392 1.31090 1.46998 1.52496
0.880580 0.897478 0.931544 0.936509 0.937828 0.954572 0.974564 0.992760 1.10950 1.15632 1.15220 0.947630 0.819870 0.789728 0.814380 0.839073 0.861115 0.864651 0.865876 0.871629 0.877789 0.883954 0.890122 0.963652 1.02955 1.06494 1.10636 1.11872 1.10730 1.08686 1.02241 0.918002 0.907929 0.907929 0.910077 0.917708 0.929014 0.928383 0.985555 1.12913 1.13471 1.12916 1.12871 1.12875 1.02204 0.981268 0.983294 0.967544 0.941936 1.08177 1.35559 1.32773 1.34370 1.36900 1.36551 1.35448 1.34346 1.33276 1.31882 1.28795 1.25823 1.23624 1.22433 1.22968 1.32130 1.45160
0.987516 0.948784 0.968349 0.986149 0.998875 0.997940 0.991507 0.984949 1.05243 1.13722 1.17200 1.02113 0.945839 0.875540 0.881498 0.887667 0.893835 0.900003 0.905086 0.906825 0.908489 0.910263 0.912160 0.946481 1.07513 1.05431 1.07209 1.04974 1.02509 1.01284 1.00554 0.893663 0.884305 0.883390 0.880359 0.872865 0.872532 0.870977 0.897009 1.05755 1.13635 1.14039 1.14417 1.14796 1.10368 1.00621 1.00666 0.999188 0.962478 0.989547 1.31758 1.32189 1.27919 1.31212 1.30297 1.28320 1.26173 1.24519 1.23243 1.23688 1.24304 1.23745 1.22539 1.22028 1.22846 1.39898
1.08762 1.04248 1.01204 1.00688 1.00594 1.00323 0.993078 0.982753 1.00348 1.05181 1.07784 0.985090 0.983211 0.925426 0.906418 0.908056 0.909801 0.911666 0.913469 0.913804 0.912113 0.888862 0.859039 0.829215 0.948314 0.982563 1.00955 1.03861 1.02163 0.978032 0.987559 0.916356 0.878357 0.890641 0.902915 0.915201 0.921509 0.911700 0.911537 1.01718 1.14569 1.15553 1.15632 1.16362 1.16952 1.04626 1.04106 1.04624 1.02288 1.01447 1.14941 1.28663 1.20981 1.25457 1.24080 1.24408 1.24856 1.23792 1.22227 1.21363 1.20926 1.21535 1.22292 1.22300 1.22300 1.34768
1.15881 1.10123 1.00174 0.989312 0.978043 0.969167 0.968290 0.968290 0.974566 1.00757 1.06095 1.02143 0.979011 0.969965 0.913804 0.913804 0.913601 0.895380 0.865556 0.835743 0.807611 0.801048 0.801140 0.807464 0.889858 0.999475 0.995401 1.02108 1.00973 0.940680 0.933469 0.940540 0.933552 0.933544 0.933544 0.933544 0.933748 0.929579 0.931332 0.985785 1.13071 1.19669 1.20466 1.20612 1.20612 1.12747 1.05879 1.04646 1.01074 0.965343 0.966817 1.23050 1.18936 1.22503 1.22030 1.20736 1.20274 1.20876 1.21939 1.22300 1.22300 1.25044 1.30857 1.36673 1.42490 1.52026
1.08209 1.08136 0.985098 0.968995 0.972846 0.981156 0.990033 0.999353 1.00982 1.06260 1.09510 1.07686 0.965387 0.989519 0.873747 0.842272 0.812662 0.801048 0.799806 0.790606 0.784361 0.778429 0.772709 0.763404 0.761462 0.906122 0.920803 0.965108 0.984707 0.942440 0.923777 0.928130 0.954026 0.959997 0.970712 0.981415 0.991921 0.991894 0.972137 0.972132 1.09421 1.20168 1.21016 1.20208 1.18508 1.15036 1.02596 1.02387 1.02125 0.942208 0.922194 1.08733 1.16854 1.18921 1.23387 1.24415 1.25171 1.30362 1.36634 1.42943 1.49285 1.52785 1.53083 1.53378 1.53676 1.54052
1.12920 1.16115 1.13802 1.09235 1.03317 1.02984 1.02984 1.02984 1.02984 1.06074 1.05404 1.04709 0.863475 0.868756 0.793376 0.749415 0.743946 0.737400 0.731700 0.735050 0.739889 0.744631 0.749342 0.752389 0.751920 0.844497 0.905676 0.916335 0.957736 0.932376 0.891005 0.891012 0.941828 0.968276 0.966976 0.966842 0.969789 0.973973 0.964491 1.01554 1.20837 1.29551 1.24097 1.23266 1.23448 1.22786 1.10433 1.04698 1.02747 0.970303 0.955810 1.02558 1.30867 1.33552 1.44429 1.50774 1.56587 1.58230 1.59497 1.60790 1.62113 1.63462 1.64844 1.66246 1.67025 1.67413
