results/OMI_NO2_201007.asc
ncols      200
nrows      200
xllcorner       120.258
yllcorner       41.1236
cellsize     0.0166667
NODATA_Value      -999.000
[rows 29 to 57 of 200, columns 67 to 133 of 200]
1.72847 1.72847 1.72847 1.76088 1.87566 1.53621 1.44022 1.44684 1.45478 1.46464 1.49122 1.51368 1.56506 1.60933 1.65434 2.14309 2.20434 2.23690 2.28612 2.28612 2.28612 2.28612 2.28612 2.28612 2.45329 3.00228 3.51702 3.55124 3.55568 3.71947 4.30203 4.24642 4.18861 4.13333 4.11899 4.11899 4.11899 4.11899 4.11899 4.11899 4.11899 4.11899 4.11899 4.11899 4.11572 2.97776 2.84579 2.84579 2.86288 3.83215 4.20737 4.35417 4.49164 4.61047 4.61919 4.65280 4.87138 5.11787 5.37647 5.62067 5.72213 5.82103 5.88631 5.88787 5.88787 5.88787 5.88787
1.72847 1.72847 1.72647 1.71701 1.83607 1.68740 1.52404 1.56339 1.60131 1.63351 1.64405 1.63998 1.63920 1.63920 1.63920 1.90562 2.19413 2.21570 2.27448 2.28612 2.28612 2.28612 2.28612 2.28642 2.29089 2.88547 3.35609 3.52604 3.48268 3.44082 3.96854 4.11899 4.11899 4.11899 4.11899 4.11899 4.11899 4.11899 4.11899 4.11899 4.11899 4.11899 4.11824 4.03506 3.87879 3.29357 3.00344 3.06907 3.10486 3.55477 4.57890 4.61648 4.79085 5.03752 5.28556 5.56298 5.68980 5.78871 5.87524 5.88787 5.88787 5.88787 5.88787 5.88787 5.88787 5.88787 5.88787
1.69036 1.65567 1.62571 1.61998 1.75873 1.92167 1.67211 1.64411 1.64411 1.64411 1.64437 1.65044 1.63920 1.63920 1.63920 1.66207 2.14914 2.20483 2.24220 2.28612 2.29435 2.35557 2.43322 2.49884 2.54607 2.96349 3.41883 3.41134 3.41134 3.41134 3.65051 4.11899 4.11899 4.11899 4.11899 4.11899 4.11899 4.11674 4.02318 3.86526 3.68230 3.46768 3.21369 3.09673 3.09673 3.09673 3.10022 3.10500 3.18389 3.42740 4.89329 5.47098 5.65748 5.75638 5.85365 5.88787 5.88787 5.88787 5.88787 5.88787 5.88787 5.88787 5.88787 5.88707 5.86029 5.82115 5.78199
1.61043 1.62897 1.64317 1.64506 1.65836 1.95541 1.78715 1.69871 1.72233 1.74630 1.77003 1.76436 1.64030 1.63920 1.63920 1.64255 1.96833 2.32128 2.39285 2.57706 2.64221 2.61398 2.57062 2.54765 2.54763 2.61059 3.38372 3.46673 3.60413 3.76032 3.95374 4.11899 4.11428 4.01131 3.85158 3.66613 3.44883 3.19427 3.09673 3.09673 3.09673 3.09673 3.09673 3.09673 3.12148 3.41197 3.76997 3.84303 4.11828 4.30186 5.01071 6.11800 5.92394 5.88787 5.88787 5.88787 5.88787 5.88787 5.88787 5.88663 5.85845 5.81944 5.78028 5.74184 5.72958 5.72958 5.72958
1.67129 1.70127 1.73125 1.76125 1.79123 1.99677 2.02249 1.79786 1.77878 1.77878 1.78068 1.81522 1.77431 1.79674 1.86647 1.93988 1.99081 2.54482 2.51619 2.47518 2.54763 2.54763 2.54994 2.60490 2.68984 2.78646 3.60355 4.11061 3.99923 3.83755 3.64996 3.42971 3.17634 3.09673 3.09673 3.09673 3.09673 3.09673 3.09673 3.09673 3.09673 3.25400 3.61508 3.97718 4.43404 4.77423 5.04313 4.91001 4.60281 4.60281 4.62173 5.90716 6.03384 5.88787 5.88787 5.88620 5.85684 5.81770 5.77855 5.74063 5.72958 5.72958 5.72958 5.72958 5.72958 5.72958 5.72958
1.81340 1.81340 1.81340 1.81340 1.81340 1.86746 2.12646 1.92138 1.91431 1.97310 2.03476 2.05175 2.02286 1.95663 1.95663 1.95663 1.95663 2.29559 2.58772 2.49302 2.70822 2.81966 2.92996 2.93307 2.88996 2.84683 2.93106 3.16040 3.09673 3.09673 3.09673 3.09673 3.09673 3.09673 3.09673 3.09673 3.09673 3.14095 3.45665 3.81837 4.21495 4.65558 4.92525 5.19405 5.34306 5.34344 5.34344 5.29412 4.63737 4.60281 4.60281 5.19761 6.08540 5.84392 5.77685 5.73935 5.72958 5.72958 5.72958 5.72958 5.72958 5.72958 5.72958 5.72958 5.72958 5.72958 5.48191
1.81340 1.81340 1.81340 1.81340 1.81340 1.81340 2.05755 2.13443 2.06508 2.05175 2.05175 2.05175 2.04863 1.96300 1.97721 2.03637 2.10718 2.25926 3.08680 2.97209 2.83394 2.80720 2.76594 2.75523 2.75523 2.75523 2.75573 3.02075 3.09673 3.09673 3.09673 3.09673 3.09673 3.09725 3.29809 3.65981 4.02236 4.49229 4.80746 5.07627 5.31069 5.34344 5.34344 5.34344 5.34344 5.34344 5.34344 5.33275 4.82204 4.52921 4.49008 4.49084 5.79798 5.86477 5.72958 5.72958 5.72958 5.72958 5.72958 5.72958 5.72958 5.72958 5.62480 5.06381 4.32898 3.41198 2.81519
1.81340 1.81340 1.81340 1.81340 1.81340 1.81340 1.92684 2.13478 2.10083 2.05257 2.08374 2.13482 2.19261 2.21619 2.24046 2.21896 2.18641 2.11164 2.86050 3.22896 2.77776 2.75523 2.75523 2.75523 2.75523 2.75523 2.75523 2.87387 3.09673 3.09673 3.16570 3.50125 3.86323 4.27790 4.68958 4.95848 5.22680 5.34344 5.34344 5.34344 5.34344 5.34344 5.34344 5.33755 5.22023 5.08804 4.98074 4.89691 4.83529 4.45478 4.44452 4.44452 5.10932 5.95624 5.75051 5.72958 5.72958 5.72958 5.70576 5.27065 4.58366 3.73037 2.89072 2.82925 2.85280 2.87255 2.87471
1.81340 1.81340 1.81340 1.81340 1.81340 1.81287 1.81626 2.09592 2.09704 2.20367 2.22563 2.21098 2.19343 2.18385 2.07222 2.07222 2.07222 2.07222 2.21006 3.23484 2.95916 2.75523 2.75523 2.75523 2.75523 2.75523 2.75909 2.94071 3.68086 4.07140 4.54537 4.84060 5.10949 5.32505 5.34344 5.34344 5.34344 5.34344 5.34344 5.34094 5.23348 5.09861 4.98944 4.90200 4.87985 4.87985 4.87985 4.87985 4.87985 4.60538 4.44452 4.44452 4.50701 5.84085 5.85418 5.46418 4.82088 4.02754 3.08369 2.82149 2.84507 2.86792 2.87471 2.87471 2.87471 2.87471 2.87471
1.81340 1.81228 1.80621 1.79632 1.78044 1.76476 1.74835 1.86065 1.96432 2.07211 2.20465 2.20465 2.20465 2.20441 2.10460 2.07222 2.07222 2.07222 2.07222 2.88347 3.21970 2.77345 2.75523 2.82149 3.05473 3.29605 3.58429 3.83934 4.55259 5.25563 5.34344 5.34344 5.34344 5.34344 5.34344 5.34289 5.24707 5.10943 4.99828 4.90780 4.87985 4.87985 4.87985 4.87985 4.87985 4.87985 4.87985 4.87985 4.87985 4.79955 4.44539 4.40213 4.14979 4.23673 3.77394 2.90998 2.83730 2.86090 2.87462 2.87471 2.87471 2.87471 2.87471 2.87471 2.87471 2.87471 2.87471
1.77218 1.75728 1.74280 1.72644 1.71469 1.70152 1.69717 1.73636 1.97082 1.98463 2.17451 2.16453 2.15040 2.13628 2.10891 2.07222 2.07222 2.07222 2.07222 2.23350 3.51126 3.46295 3.44045 3.75274 3.93996 4.11922 4.24754 4.25303 4.44947 5.34344 5.34344 5.34344 5.26095 5.12040 5.00728 4.91434 4.87985 4.87985 4.87985 4.87985 4.87985 4.87985 4.87985 4.87985 4.87985 4.87985 4.87985 4.87768 4.74040 4.48450 3.74429 3.55494 4.10656 4.70024 5.19998 4.02616 2.87471 2.87471 2.87471 2.87471 2.87471 2.87471 2.87471 2.89404 2.93453 2.97500 3.01546
1.71726 1.70413 1.69717 1.69295 1.68356 1.67414 1.66472 1.65531 1.84864 1.92000 2.04073 2.12549 2.12549 2.12549 2.12206 2.07298 2.07222 2.07222 2.07222 2.07222 3.80584 4.47755 4.21896 4.25303 4.25303 4.25303 4.25303 4.25303 4.24494 4.94418 5.01644 4.92168 4.87985 4.87985 4.87985 4.87985 4.87985 4.87985 4.87985 4.87985 4.87985 4.87985 4.87985 4.87985 4.82812 4.60363 4.31476 4.08707 4.49974 5.09384 5.49601 5.25668 5.25668 5.25668 5.25668 5.06293 2.97285 2.87471 2.87471 2.89581 2.93630 2.97678 3.01725 3.03842 3.03842 3.03842 3.03842
1.66845 1.65902 1.64962 1.64441 1.64440 1.64440 1.64440 1.64440 1.73549 1.92000 1.95736 2.12549 2.12549 2.12549 2.12549 2.09429 2.07222 2.07222 2.07222 2.07222 2.47245 4.51258 4.36033 4.25303 4.24475 4.22274 4.14931 4.02994 3.92481 4.21640 4.87985 4.87985 4.87985 4.87985 4.87985 4.87985 4.87985 4.87985 4.87985 4.87985 4.87273 4.71227 4.44985 4.13806 4.25739 4.83415 5.42792 5.88090 5.90968 5.90968 5.90670 5.36514 5.25668 5.25668 5.25677 5.27955 3.97684 2.97855 3.01902 3.03842 3.03842 3.03842 3.03842 3.03842 3.03842 3.03842 3.03842
1.64440 1.64440 1.64440 1.64440 1.64440 1.64440 1.64440 1.64440 1.65005 1.89426 1.92019 2.07391 2.12549 2.12549 2.12549 2.11364 2.07222 2.07222 2.07222 2.07222 2.07222 3.75908 4.24522 3.93103 3.83032 3.72812 3.67462 3.67462 3.67462 3.74851 4.83748 4.87985 4.87985 4.87985 4.87985 4.87985 4.87985 4.80836 4.57223 4.27546 4.10301 4.57485 5.16832 5.74359 5.90968 5.90968 5.90968 5.90968 5.90968 5.90968 5.91046 5.74949 5.32184 5.36233 5.40271 5.42039 5.15528 3.09487 3.03842 3.03842 3.03842 3.03842 3.03842 3.03842 3.03842 3.03842 3.03842
1.64440 1.64440 1.64440 1.64440 1.64440 1.64440 1.64440 1.64440 1.64440 1.78871 1.92000 1.98097 2.12549 2.12549 2.12549 2.12436 1.94597 1.53125 1.12215 0.713249 0.304350 0.727123 3.50531 3.57670 3.66707 3.67462 3.67462 3.67462 3.67462 3.67462 4.38457 4.87985 4.87985 4.86469 4.68362 4.41436 4.11467 4.32133 4.90893 5.50282 5.89952 5.90968 5.90968 5.90968 5.90968 5.90968 5.90968 6.04259 6.37261 6.82597 7.48708 7.72049 5.53365 5.42039 5.42039 5.42039 5.42039 3.96429 3.03842 3.03842 3.03842 3.03842 3.03842 3.03842 3.03842 3.02593 3.00184
1.64440 1.64440 1.64440 1.64440 1.64440 1.64440 1.64440 1.64440 1.64382 1.64654 1.83317 1.74989 1.83283 1.66616 1.46140 1.25746 0.653878 0.0589295 0.0589295 0.0589295 0.0589295 0.0589295 2.65788 3.55975 3.63127 3.67462 3.67462 3.67462 3.67462 3.67462 3.81660 4.54002 4.23502 4.13437 4.64969 5.24343 5.79500 5.90968 5.90968 5.90968 5.90968 5.90968 5.90968 6.01975 6.34057 6.78153 7.42192 7.86668 7.86668 7.86668 7.86668 7.86668 6.24629 5.42039 5.42039 5.42039 5.42039 5.07262 3.06509 3.03842 3.03842 3.03257 3.00957 2.98547 2.96138 2.94978 2.94978
1.64440 1.64440 1.64440 1.64440 1.64168 1.60206 1.54669 1.47041 1.39180 1.34535 1.19518 1.03922 1.07049 1.11884 1.11884 1.11884 0.975199 0.0589295 0.0589295 0.0589295 0.0589295 0.0589295 0.837010 3.52107 3.58236 3.67075 3.64412 3.41819 3.12121 2.81923 2.95160 4.65605 5.57793 5.90862 5.90968 5.90968 5.90968 5.90968 5.90968 5.99943 6.30966 6.73824 7.35675 7.86277 7.86668 7.86668 7.86668 7.86668 7.86668 7.86668 7.86668 7.86668 7.49422 5.46333 5.42039 5.42039 5.42039 5.45028 3.99571 2.99321 2.96911 2.95088 2.94978 2.94978 2.94978 2.94978 2.94978
1.63793 1.59177 1.51938 1.44019 1.36371 1.32412 1.30029 1.29737 1.29737 1.29737 1.21502 1.03486 1.01776 1.01373 0.945158 0.875285 0.803083 0.222402 0.0589295 0.0589295 0.0589295 0.0589295 0.0589295 2.44938 2.65585 2.76573 2.82212 3.16942 3.56519 3.91076 3.95943 4.67454 5.90968 5.90968 5.90968 5.98171 6.27939 6.69588 7.29426 7.85264 7.86668 7.86668 7.86668 7.86668 7.86668 7.86668 7.86668 7.86668 7.86668 7.86668 7.86668 7.86668 7.86668 6.03101 5.62366 6.11286 6.60322 7.06435 6.38142 2.96244 2.94978 2.94978 2.94978 2.94978 2.94978 2.94978 2.94889
1.33720 1.30417 1.29737 1.29737 1.29737 1.29737 1.28955 1.24709 1.20053 1.15397 1.10328 0.826028 0.774482 0.748275 0.728275 0.728275 0.728275 0.510307 0.0589295 0.0589295 0.0589295 0.0589295 0.0589295 0.0589295 0.0589295 2.94952 3.95947 3.95943 3.95943 3.95943 3.95943 4.08127 6.17194 6.65534 7.23376 7.83407 7.86668 7.86668 7.86668 7.86668 7.86668 7.86668 7.86668 7.86668 7.86668 7.86668 7.86668 7.86668 7.86668 7.86668 7.97574 8.82071 9.80181 9.71438 7.17780 7.16817 7.16817 7.16817 7.16817 4.17666 2.94978 2.94978 2.94878 2.94512 2.94011 2.93301 2.92580
1.29669 1.26604 1.21951 1.17296 1.12637 1.07984 1.04107 1.03699 1.03699 1.03699 1.03699 0.903893 0.774482 0.766755 0.728275 0.728275 0.728275 0.683843 0.0673105 0.0589295 0.0589295 0.0589295 0.0589295 0.0589295 0.0589295 1.13180 3.94742 3.95952 3.96011 4.03313 4.42869 5.05289 7.20365 7.86668 7.86668 7.86668 7.86668 7.86668 7.86668 7.86668 7.86668 7.86668 7.86668 7.86668 7.86668 7.86668 7.86738 8.38996 9.37151 10.3531 11.2255 11.3622 11.3622 11.3622 7.89094 7.16817 7.16817 7.16817 7.36166 6.81408 2.93985 2.93263 2.92570 2.92545 2.92545 2.92545 2.92545
1.05292 1.03699 1.03699 1.03699 1.03699 1.03699 1.03699 1.03699 1.03699 1.03699 1.03699 1.00668 0.777632 0.774473 0.740871 0.728275 0.728275 0.728275 0.330765 0.0589295 0.0589295 0.0589295 0.0589295 0.0887368 0.353016 0.644278 3.35442 5.71142 6.73507 7.78020 7.86668 7.86668 7.86668 7.86668 7.86668 7.86668 7.86668 7.86668 7.86668 7.86668 7.86668 7.86668 7.86668 8.04041 8.94121 9.92241 10.9036 11.3622 11.3622 11.3622 11.3622 11.3622 11.3622 11.3622 9.72674 8.03726 8.92566 10.1928 11.3371 11.3622 4.94188 2.92545 2.92545 2.92545 2.92545 2.92545 2.92545
1.03699 1.03699 1.03699 1.03699 1.03699 1.03699 1.03699 1.03699 1.03699 1.03699 1.03699 1.03699 0.853207 0.774482 0.761513 0.728275 0.728275 0.728275 0.575279 0.0661321 0.337536 0.702791 1.02722 1.31398 1.53203 1.55708 2.54526 6.50426 7.86668 7.86668 7.86668 7.86668 7.86668 7.86668 7.86668 7.86668 7.86668 7.86668 7.86668 7.87856 8.51056 9.49211 10.4737 11.2815 11.3622 11.3622 11.3622 11.3622 11.3622 11.3622 11.3622 11.3622 11.3622 11.3622 11.3622 11.3622 11.3622 11.3622 11.3622 11.3622 8.94135 2.92545 2.92545 2.92545 2.92545 2.92545 2.92545
1.05261 1.03699 1.03699 1.03699 1.03699 1.03699 1.03699 1.03699 1.03699 1.03699 1.03699 1.03699 0.962177 0.762811 0.757033 0.799193 0.941413 1.13202 1.30744 1.51366 1.55708 1.55708 1.55708 1.55708 1.55708 1.55708 1.55708 4.64528 7.86668 7.86668 7.86668 7.86668 7.86668 7.86668 7.86668 7.86668 8.11906 9.06180 10.0430 11.0127 11.3622 11.3622 11.3622 11.3622 11.3622 11.3622 11.3622 11.3622 11.3622 11.3622 11.3622 11.3622 11.3622 11.3622 11.3622 11.3622 11.3622 11.3622 11.3622 11.3622 11.3411 4.52659 2.92545 2.92545 2.93316 2.99503 3.06732
1.18189 1.03699 1.03699 1.03699 1.03699 1.03699 1.03699 1.03704 1.04543 1.06481 1.16075 1.31056 1.46619 1.30326 1.43043 1.47151 1.47735 1.47735 1.47735 1.51367 1.55708 1.55708 1.55708 1.55708 1.55708 1.55708 1.55708 2.67390 6.88584 7.86668 7.86668 7.86668 7.90478 8.63115 9.61270 10.5943 11.3231 11.3622 11.3622 11.3622 11.3622 11.3622 11.3622 11.3622 11.3622 11.3622 11.3622 11.3622 11.3622 11.3622 11.3622 11.3622 11.3622 11.3622 11.3622 11.3622 11.3622 11.3622 11.3622 11.3622 11.3558 8.04537 3.04398 3.11627 3.18085 3.19133 3.19133
1.33378 1.03699 1.03699 1.03752 1.04824 1.11533 1.24803 1.41065 1.56246 1.66811 1.68387 1.67199 1.66492 1.59137 1.47735 1.49651 1.58902 1.68876 1.78850 1.85073 1.55708 1.55708 1.55708 1.55708 1.55708 1.55708 1.55708 1.55708 4.92962 8.21309 9.18240 10.1636 11.1070 11.3622 11.3622 11.3622 11.3622 11.3622 11.3622 11.3622 11.3622 11.3622 11.3622 11.3622 11.3622 11.3622 11.3622 11.3622 11.3622 11.3622 11.3622 11.3622 11.3622 11.3622 11.3622 11.3622 11.3622 11.1185 10.1094 9.04442 7.98632 7.51710 3.82229 3.19133 3.19133 3.19133 3.19133
1.51062 1.25422 1.33864 1.51268 1.65707 1.70196 1.68664 1.67424 1.66556 1.66656 1.71381 1.78027 1.84672 1.90865 1.95063 2.03051 2.03768 2.03768 2.03768 2.03621 1.66342 1.55708 1.55708 1.55708 1.55708 1.55708 1.55708 1.55708 3.39240 10.3816 11.3622 11.3622 11.3622 11.3622 11.3622 11.3622 11.3622 11.3622 11.3622 11.3622 11.3622 11.3622 11.3622 11.3622 11.3622 11.3622 11.3622 11.3622 11.3622 11.3622 11.3622 11.3622 11.3622 11.3311 10.5725 9.50760 8.44228 7.62147 7.56566 7.56566 7.56566 7.56566 5.83649 3.19133 3.19133 3.19133 3.19133
2.31652 1.98029 1.68951 1.67659 1.69146 1.75490 1.82136 1.88785 1.95434 2.01897 2.03825 2.03825 2.03825 2.03825 2.03791 2.03768 2.03768 2.03768 2.03768 2.03768 1.87322 1.55708 1.55708 1.55708 1.55708 1.55708 1.55708 1.55708 1.55708 7.29393 11.3622 11.3622 11.2373 9.87698 8.61746 10.4262 11.3622 11.3622 11.3622 11.3622 11.3622 11.3622 11.3622 11.3622 11.3622 11.3622 11.3622 11.3622 11.3622 11.3622 11.0160 9.97054 8.90596 7.87201 7.56566 7.56566 7.56566 7.56566 7.56566 7.56566 7.56566 7.56566 7.44754 3.64202 3.19133 3.19133 3.19133
2.05305 1.89459 1.92769 1.99544 2.03757 2.03825 2.03825 2.03825 2.03825 2.03825 2.03825 2.03825 2.03825 2.03825 2.03813 2.03768 2.03768 2.03768 2.03768 2.03768 2.00118 1.55995 1.55708 1.55708 1.55708 1.55708 1.55708 1.55478 1.50471 4.53114 7.73687 7.00094 6.44978 6.34183 6.34183 7.99616 11.3622 11.3622 11.3622 11.3622 11.3622 11.3622 11.3622 11.3622 11.3622 11.3622 11.2889 10.4340 9.36903 8.30409 7.58540 7.56566 7.56566 7.56566 7.56566 7.56566 7.56566 7.56566 7.56566 7.56566 7.56566 7.56566 7.56566 5.58588 3.19133 3.19133 3.17740
1.89523 1.79778 1.97775 2.03825 2.03825 2.03825 2.03825 2.03825 2.03825 2.03825 2.03825 2.03825 2.03825 2.03825 2.03824 2.03778 2.03768 2.03768 2.03768 2.03768 2.03768 1.73903 1.55600 1.52352 1.47173 1.41289 1.34657 1.32144 1.32144 1.34148 5.78525 6.34183 6.34183 6.34183 6.34183 6.64106 11.2441 11.3622 11.3622 11.3622 11.3622 11.3622 11.3622 10.8949 9.83183 8.76727 7.77561 7.56566 7.56566 7.56566 7.56566 7.56566 7.56566 7.56566 7.56566 7.56566 7.56566 7.56566 7.56566 7.56566 7.56566 7.39757 6.55679 5.70673 2.76012 2.45519 2.36604
