results/OMI_NO2_200704.asc
ncols      200
nrows      200
xllcorner       120.258
yllcorner       41.1236
cellsize     0.0166667
NODATA_Value      -999.000
[rows 90 to 119 of 165, columns 66 to 131 of 200]
1.30632 1.32329 1.41951 1.45151 1.47014 1.45162 1.44727 1.43189 1.45678 1.58848 1.65750 1.75410 1.79964 1.79964 1.79150 1.79575 1.79647 1.78860 1.78074 1.78074 1.78074 1.78074 1.77946 1.75328 1.71702 1.68078 1.64413 1.54030 1.58279 1.66826 1.51231 1.42752 1.41854 1.67681 1.80720 1.81090 1.87822 1.84588 1.89832 1.88964 1.86367 1.88642 1.85726 1.82418 1.79096 1.75735 1.74366 1.76698 1.76066 1.77626 1.90467 1.90662 1.79470 1.77857 1.80831 1.85045 1.93689 1.94428 1.88320 1.83190 1.85943 1.94362 1.91020 1.96534 2.08282 2.08232
1.26518 1.32748 1.34139 1.39331 1.39165 1.39578 1.40563 1.41774 1.41945 1.56932 1.63265 1.71057 1.79964 1.79964 1.79805 1.79137 1.79647 1.79463 1.76408 1.71714 1.66635 1.61373 1.56033 1.53213 1.51403 1.49540 1.47543 1.48888 1.57690 1.69075 1.61389 1.49015 1.46192 1.60399 1.93073 1.90112 1.78468 1.69462 1.71072 1.71869 1.69757 1.73917 1.76915 1.78415 1.80884 1.83352 1.85452 1.85706 1.83849 1.83291 1.92524 2.03275 1.94180 1.83360 1.82508 1.82505 1.84689 1.89922 1.89286 1.82219 1.85114 2.00144 2.02316 1.99255 2.03508 2.02511
1.16942 1.26506 1.26668 1.35989 1.38515 1.39470 1.39792 1.41486 1.41396 1.51487 1.59146 1.64609 1.75901 1.73515 1.68463 1.61823 1.57693 1.51911 1.46679 1.45611 1.45499 1.45429 1.45295 1.46183 1.48935 1.51842 1.55298 1.60906 1.87806 2.00211 1.88568 1.75148 1.70579 1.75000 1.73411 1.73274 1.70805 1.61660 1.63216 1.72418 1.75066 1.79031 1.87593 1.88805 1.89163 1.91100 1.92952 1.94754 1.94973 1.93659 1.93694 2.07046 2.01281 1.85465 1.84871 1.82815 1.87591 1.98502 2.01164 1.96614 1.93391 1.99985 2.07835 2.06268 2.08676 2.12625
1.22836 1.30953 1.38138 1.51575 1.64554 1.61875 1.68647 1.77430 1.83515 1.74384 1.35844 1.38768 1.43784 1.41951 1.39426 1.40427 1.46059 1.45867 1.45062 1.49455 1.52075 1.54829 1.58706 1.67545 1.75357 1.83138 1.90572 1.96539 2.19756 2.27611 2.16987 2.00523 1.86730 1.81801 1.78925 1.76974 1.78752 1.69456 1.69174 1.77111 1.79044 1.79586 1.86543 1.89372 1.89472 1.87823 1.88941 1.94878 2.01859 2.14112 2.22268 2.17185 2.13918 2.04742 2.03735 2.06261 2.07661 2.08029 2.08532 2.08747 2.03541 2.08073 2.20133 2.21775 2.21074 2.28478
1.77112 1.78633 1.90997 1.91665 2.05991 1.88985 1.83893 1.77613 1.72111 1.67085 1.15888 1.18462 1.28816 1.34738 1.34407 1.34096 1.39597 1.45032 1.50418 1.71732 1.83719 1.91875 1.99163 2.00369 2.00369 2.00369 2.00369 2.00369 2.12242 2.27271 2.23836 2.02086 1.86361 1.78948 1.79249 1.77015 1.76883 1.71612 1.67407 1.73151 1.79847 1.82258 1.91033 2.01107 2.06145 2.11065 2.13743 2.15695 2.25884 2.40938 2.49695 2.48079 2.35184 2.26619 2.20697 2.22196 2.24078 2.26892 2.25665 2.29047 2.21373 2.21254 2.35224 2.39792 2.41754 2.46433
1.90947 1.72376 1.78318 1.75853 1.82567 1.74912 1.70413 1.69146 1.67154 1.67235 1.31460 1.14605 1.27298 1.38252 1.40240 1.43075 1.53296 1.76369 1.78076 1.87828 2.00369 2.00369 2.00369 2.00369 2.00369 2.00369 2.00369 2.00369 2.05717 2.27271 2.27163 2.06773 1.96567 1.85826 1.85901 1.85457 1.91703 1.97748 1.90978 1.96446 1.99932 2.01708 2.00775 2.11676 2.17582 2.22699 2.27945 2.29637 2.34702 2.50571 2.56775 2.60357 2.47140 2.44171 2.40819 2.43570 2.46398 2.47782 2.45044 2.44326 2.38945 2.30554 2.36637 2.46598 2.46244 2.47492
1.76756 1.64867 1.67970 1.77392 1.78721 1.79093 1.72708 1.73220 1.70988 1.72266 1.55410 1.22218 1.31606 1.46455 1.50428 1.51342 1.51615 1.74800 1.78663 1.80694 2.00121 2.00369 2.00369 2.00369 2.00369 2.00369 2.00369 2.00369 2.00795 2.23786 2.20981 2.01339 1.91075 1.98522 2.13791 2.16528 2.17207 2.17224 2.05449 2.04472 2.06002 2.07728 2.10011 2.21067 2.31723 2.35254 2.38467 2.41763 2.45471 2.69034 2.77106 2.75132 2.61359 2.53841 2.57839 2.54780 2.54292 2.54238 2.52634 2.47805 2.47192 2.31207 2.29873 2.43530 2.44126 2.43309
1.81127 1.77204 1.68932 1.81649 1.83484 1.87362 1.78467 1.78612 1.76395 1.77261 1.74986 1.27815 1.30586 1.44810 1.51343 1.51343 1.51343 1.64920 1.78663 1.78663 1.94054 2.00369 2.00369 2.00369 2.00369 1.99580 1.97366 1.95664 1.94072 2.08859 2.16805 2.06074 1.85511 2.09108 2.21541 2.26299 2.24765 2.27504 2.21884 2.16256 2.19691 2.21713 2.24783 2.30607 2.48177 2.46154 2.44052 2.41934 2.39829 2.50599 2.63910 2.66453 2.62751 2.45250 2.63126 2.54842 2.54331 2.54238 2.54229 2.48994 2.48914 2.39766 2.32545 2.36518 2.37199 2.38422
1.87276 1.86547 1.72232 1.78409 1.85603 1.88846 1.83108 1.83282 1.81016 1.79564 1.79564 1.41201 1.27235 1.39861 1.51343 1.51343 1.51343 1.54908 1.78524 1.78663 1.86158 2.00076 1.98419 1.96663 1.95033 1.94152 1.94599 1.95181 1.95822 2.06115 2.20884 2.23700 1.92573 2.10951 2.25129 2.34898 2.31717 2.31053 2.29197 2.27083 2.24978 2.21656 2.18999 2.17246 2.32443 2.37966 2.37655 2.36943 2.36183 2.41646 2.62166 2.66922 2.66922 2.48039 2.59030 2.57452 2.56224 2.57520 2.59063 2.58257 2.56460 2.56076 2.40610 2.42721 2.48108 2.52896
1.86174 1.84793 1.73928 1.69497 1.89251 1.89679 1.86326 1.83414 1.82019 1.79590 1.79984 1.58787 1.28629 1.35389 1.52971 1.55074 1.55649 1.56827 1.77832 1.83439 1.83960 2.01448 2.02723 2.03365 2.04014 2.06329 2.09767 2.12723 2.15619 2.19925 2.28776 2.26330 2.01487 2.03437 2.23257 2.34784 2.29390 2.18944 2.18658 2.18582 2.18506 2.17937 2.16412 2.15105 2.20907 2.34956 2.34405 2.34319 2.34234 2.35440 2.60984 2.67364 2.69100 2.61130 2.57832 2.70239 2.65774 2.67903 2.70131 2.72150 2.69060 2.72796 2.61446 2.58364 2.62101 2.64491
1.75410 1.75398 1.71158 1.60166 1.73506 1.80716 1.90439 2.08238 2.17856 2.24385 2.34024 2.32327 1.36537 1.39089 1.58352 1.65203 1.65943 1.66113 1.73460 1.85461 1.85699 2.00310 2.11130 2.14131 2.17121 2.18398 2.17033 2.15022 2.13010 2.11311 2.22397 2.23391 2.09600 1.92858 2.18203 2.27739 2.33117 2.17516 2.17368 2.16583 2.15801 2.16922 2.16784 2.19188 2.22492 2.46128 2.51494 2.55775 2.60193 2.63315 2.79395 2.73442 2.65679 2.62166 2.64854 2.84718 2.75811 2.79774 2.84503 2.89267 2.90138 2.89680 2.86436 2.71723 2.75335 2.77684
1.91313 2.05787 2.15222 2.09578 2.20590 2.45759 2.49328 2.68206 2.70365 2.67276 2.66900 2.65050 1.66980 1.43949 1.54760 1.67977 1.70957 1.74615 1.79823 2.03387 2.08499 2.10130 2.17814 2.16376 2.14261 2.12195 2.11544 2.11544 2.11544 2.11544 2.19824 2.23914 2.21872 1.94474 2.15371 2.31954 2.46894 2.35684 2.32724 2.35174 2.37351 2.37488 2.37802 2.37945 2.38914 2.50060 2.60457 2.60906 2.61586 2.62813 2.70934 2.70520 2.62032 2.67304 2.75531 2.96794 3.01103 3.01786 3.04988 3.07928 3.07468 3.00550 3.00418 2.79642 2.75631 2.79419
2.40782 2.50699 2.50993 2.40495 2.30874 2.48298 2.55353 2.68448 2.72855 2.65653 2.63361 2.67243 2.12893 1.53416 1.61848 1.91510 1.98469 2.03866 2.08471 2.08542 2.04936 2.02792 2.07192 2.11544 2.11544 2.11544 2.11544 2.11544 2.11544 2.11544 2.16637 2.23914 2.23939 2.13004 2.17681 2.39767 2.50080 2.49694 2.40119 2.43244 2.46747 2.50446 2.51760 2.44128 2.44978 2.53368 2.78823 2.79604 2.81167 2.86317 2.91446 2.93302 2.80748 2.80895 2.82178 2.92511 3.07339 3.08533 3.08515 3.11384 3.15830 3.14782 3.16721 3.09673 2.97926 3.01226
2.38559 2.51235 2.55237 2.54586 2.41167 2.52161 2.70845 2.79400 2.86464 2.91272 2.91174 2.96027 2.78058 1.81460 1.85792 2.08050 2.12841 2.10697 2.09261 2.06759 2.01741 2.01751 2.03204 2.11497 2.11544 2.11544 2.11544 2.11544 2.11544 2.11544 2.13664 2.23914 2.24069 2.20356 2.26601 2.54859 2.60869 2.79640 2.61331 2.61445 2.61529 2.65762 2.75505 2.78854 2.86165 2.98619 2.94880 2.96006 2.99863 3.00128 3.00128 3.00122 2.83502 2.80320 2.79593 2.83487 3.23456 3.30257 3.34390 3.35972 3.35972 3.33883 3.27964 3.26756 3.00097 2.97398
2.39757 2.42334 2.44302 2.41699 2.61098 2.71725 2.96675 3.10392 3.23029 3.27607 3.23282 3.25492 3.27161 2.12828 1.96411 2.04320 2.09223 2.09223 2.09223 2.09017 2.02130 2.01751 2.01751 2.08922 2.11544 2.11544 2.11544 2.11544 2.11615 2.17582 2.37660 2.75862 3.00990 3.22347 3.26200 3.12446 2.63756 2.85155 2.85642 2.88335 2.98734 3.08627 3.13634 3.16127 3.13003 3.13426 3.09343 2.99564 2.98772 2.97985 2.97195 2.96401 2.84775 2.76167 2.76167 2.78554 3.17389 3.37150 3.35972 3.35972 3.35972 3.35951 3.29308 3.29069 3.12505 3.00424
2.35170 2.42052 2.70105 2.76430 2.90499 3.11548 3.25821 3.40444 3.45517 3.43469 3.34405 3.32230 3.32230 2.57693 1.96647 1.99475 2.09223 2.09223 2.09223 2.09223 2.04576 2.01751 2.01751 2.04894 2.14810 2.33329 2.54147 2.74935 2.95649 3.10484 3.11319 3.28748 3.39475 3.48385 3.46299 3.56051 3.04713 3.11579 3.28288 3.18190 3.22526 3.22604 3.21817 3.20994 3.11986 3.09715 3.08763 2.96900 2.95400 2.95400 2.95400 2.95400 2.90295 2.76167 2.76167 2.76925 2.97256 3.38007 3.36245 3.38039 3.40163 3.42291 3.41772 3.40717 3.38326 3.10744
2.50529 2.49917 2.72711 2.78543 2.79406 3.03206 3.03818 3.18949 3.25510 3.25516 3.19900 3.15039 3.14136 2.81995 1.86642 1.86337 1.95955 2.09863 2.11332 2.14385 2.28915 2.45007 2.68741 2.92235 3.21623 3.26814 3.28462 3.30137 3.35471 3.46722 3.58242 3.70215 3.79404 3.87272 3.86887 3.83984 3.43239 3.08331 3.26111 3.19636 3.18685 3.18428 3.18885 3.20783 3.18357 3.14848 3.16852 3.12017 3.06986 3.08967 3.10987 3.13033 3.14637 2.98703 3.04001 3.12409 3.26730 4.00984 3.86136 3.75500 3.78815 3.82204 3.85624 3.80417 3.85147 3.58679
2.39986 2.39020 2.50639 2.67040 2.67093 2.83498 2.91959 3.01445 3.19706 3.29509 3.29486 3.25749 3.28453 3.28723 2.01842 1.96980 2.17571 2.72062 2.99663 3.17426 3.20407 3.19552 3.26750 3.26893 3.39296 3.55232 3.65811 3.76394 3.83236 3.87906 3.94287 4.00616 4.06643 4.06063 4.16237 4.01562 3.85783 3.21005 3.35919 3.56068 3.57236 3.59819 3.61862 3.61989 3.60355 3.47897 3.45198 3.41184 3.25226 3.22846 3.22784 3.23270 3.23948 3.54747 3.76828 3.81056 3.78512 4.15387 4.22730 3.88732 3.89869 3.90961 3.90891 3.90517 3.87322 3.67850
2.46043 2.39701 2.42926 2.69505 2.71309 2.80003 2.99034 3.02394 3.27003 3.47016 3.49000 3.50341 3.56739 3.63123 2.79736 2.28255 2.35616 3.10910 3.29507 3.30986 3.40256 3.48145 3.68867 3.79945 3.81401 3.88215 3.93748 3.99246 4.04740 4.06454 4.06396 4.06396 4.06396 4.06396 4.30607 4.21710 4.14587 3.43147 3.25563 3.52694 3.49725 3.47380 3.45032 3.42687 3.41132 3.34516 3.33500 3.36614 3.31665 3.32977 3.37053 3.40567 3.43903 3.60900 3.94755 3.97377 3.97164 3.96535 4.48434 3.79422 3.70777 3.64019 3.57300 3.55885 3.62805 3.62696
2.54714 2.41770 2.40955 2.59572 2.67479 2.68986 2.95304 3.01262 3.19270 3.57262 3.59584 3.73407 3.78003 3.78344 3.33017 2.37000 2.45371 3.08432 3.70113 3.84280 3.90648 3.91210 3.70272 3.82158 3.91527 4.03530 4.06396 4.06396 4.06396 4.06396 4.06396 4.06396 4.06396 4.06396 4.20021 4.19562 4.01197 3.61711 3.12581 3.30230 3.41429 3.40228 3.39260 3.40925 3.43080 3.47369 3.56350 3.59584 3.55981 3.46912 3.49306 3.51543 3.52941 3.56353 3.98712 3.98209 3.98109 3.82372 4.46040 3.76132 3.54755 3.54755 3.55415 3.57670 3.65729 3.70463
2.52857 2.45502 2.45924 2.59605 2.83172 2.86015 3.01139 3.12460 3.16035 3.52748 3.58762 3.71881 3.89753 4.01250 4.05515 2.89449 2.90589 3.16316 4.10637 4.21005 4.30688 4.38387 3.97084 3.97915 3.97915 4.00189 4.06396 4.06396 4.06396 4.06396 4.06396 4.06396 4.06396 4.06396 4.10195 4.36376 4.12989 4.13997 3.41154 3.47871 3.48096 3.49443 3.52565 3.53050 3.53516 3.55180 3.62833 3.65639 3.66145 3.54779 3.52079 3.51119 3.50998 3.50998 3.85766 3.98109 3.99195 3.94820 4.25916 4.15082 3.65083 3.67422 3.69104 3.69179 3.71441 3.77291
2.73065 2.68470 2.58398 2.59738 2.85691 2.87929 2.93742 3.17729 3.28078 3.68845 3.98523 4.09217 4.21194 4.17258 4.18231 3.31434 2.99284 3.08439 4.21446 4.39016 4.39016 4.39016 4.13828 3.95044 3.97915 3.97955 4.05160 4.06396 4.06396 4.06396 4.06396 4.07151 4.15148 4.20096 4.24353 4.70161 4.16014 4.06313 3.71604 3.56916 3.57035 3.55727 3.57435 3.59068 3.59407 3.58346 3.60301 3.63388 3.63222 3.57396 3.51882 3.54353 3.56858 3.59363 3.82991 4.14186 4.16108 4.15685 4.10891 4.51726 3.74782 3.69179 3.69179 3.69179 3.69219 3.76056
2.73520 2.78868 2.70667 2.77116 2.97806 3.10775 3.17370 3.39874 3.40739 3.51167 3.84455 3.91724 4.14909 4.22205 4.24185 3.75959 3.02417 3.02496 3.79797 4.39016 4.39016 4.39016 4.33324 3.89413 3.97915 3.97915 4.01726 4.06122 4.07503 4.11088 4.22795 4.40097 4.48790 4.54397 4.11925 4.40728 4.24498 4.09149 3.95174 3.63514 3.63406 3.58964 3.57313 3.56273 3.56919 3.59394 3.62381 3.71316 3.74091 3.75451 3.66245 3.66024 3.66024 3.66024 3.73535 4.16140 4.16140 4.16140 4.02817 4.55327 3.91858 3.69154 3.68706 3.68093 3.67480 3.70325
2.83337 2.86046 2.92611 3.05684 3.08548 3.16157 3.18310 3.36137 3.55729 3.64425 4.14877 4.19184 4.33558 4.40386 4.41815 4.29786 3.17466 3.18150 3.50204 4.38730 4.39016 4.40690 4.50950 4.19076 4.27938 4.44150 4.61550 4.87078 5.01916 5.12929 5.17514 5.17891 5.19297 5.20385 4.30054 4.35223 4.55121 4.28606 4.33763 3.66449 3.61811 3.63319 3.66900 3.69406 3.71047 3.71083 3.71083 3.75549 3.78248 3.78248 3.70047 3.66024 3.66024 3.66024 3.66066 4.08806 4.16140 4.12960 4.00488 4.14087 4.17299 3.68176 3.64271 3.60737 3.57291 3.52846
2.92167 2.98606 3.01547 3.28924 3.35540 3.51326 3.58747 3.64897 3.93626 3.95986 4.26090 4.42207 4.50501 4.62617 4.64677 4.66750 3.88122 3.80709 4.02649 4.88021 5.14485 5.37060 5.54121 5.54441 5.17489 5.09034 5.09034 5.14485 5.19775 5.21241 5.23448 5.26262 5.31582 5.41976 4.96817 4.69595 5.13738 4.54038 4.53940 3.99453 3.64868 3.65862 3.71080 3.71083 3.71083 3.71083 3.71083 3.72662 3.78340 3.78559 3.75513 3.66776 3.66982 3.66715 3.66221 3.64609 3.57819 3.56109 3.58142 3.48423 4.00318 3.60234 3.46598 3.43768 3.41062 3.39840
3.18656 3.32843 3.41003 3.62293 3.73737 3.80410 3.87482 3.89348 4.19256 4.30049 4.33523 4.54595 4.61069 4.79324 4.84113 4.89710 4.72194 4.61917 4.82225 5.61535 5.97626 5.99548 5.94857 5.83192 5.22938 4.98426 4.99691 5.28478 5.53530 5.63736 5.73523 5.82314 5.87569 5.87690 5.63115 4.93797 5.16386 4.68132 4.53977 4.35659 3.65349 3.65386 3.70619 3.72041 3.72261 3.72482 3.72702 3.72925 3.78749 3.79385 3.78623 3.68787 3.68451 3.70315 3.72404 3.71122 3.61965 3.57532 3.53146 3.35655 3.70857 3.66700 3.49088 3.54431 3.59652 3.64878
3.48392 3.52362 3.57797 3.66786 3.90296 3.93335 4.02742 4.03097 4.19013 4.45064 4.48139 4.66042 4.84734 5.34518 5.57483 5.75970 5.73783 5.16879 5.10927 5.38035 5.71481 5.59332 5.45993 5.36264 5.16264 5.05433 5.09515 5.51424 5.82460 5.87690 5.87152 5.81527 5.74831 5.68350 5.59475 4.70044 4.70524 4.64356 4.55803 4.55807 3.85084 3.66838 3.69656 3.73052 3.73348 3.74013 3.76071 3.78778 3.81899 3.84793 3.86861 3.81850 3.71975 3.67447 3.63020 3.59253 3.46433 3.47159 3.48387 3.45834 3.49139 3.84520 3.68879 3.68288 3.68288 3.67993
3.62250 3.61288 3.66246 3.66493 3.91630 3.98965 4.09904 4.17626 4.27504 4.76014 4.94579 5.09779 5.36145 5.57652 5.61699 5.52159 5.38808 4.77874 4.60989 4.66996 5.03071 5.13702 5.18936 5.20894 5.23172 5.16101 5.00584 5.14183 5.33372 5.41899 5.36845 5.35849 5.35849 5.35849 5.35849 4.78129 4.52627 4.62371 4.55946 4.55974 4.21768 3.69600 3.72983 3.81179 3.83636 3.85681 3.86327 3.86684 3.88719 3.92044 3.94319 3.98032 3.82548 3.98108 3.60336 3.60599 3.52369 3.48588 3.48588 3.48795 3.36141 3.76295 3.61620 3.52876 3.49092 3.45604
3.65658 3.67301 3.75059 3.81348 3.98408 4.22493 4.41854 4.61129 4.72615 4.95099 4.91627 4.80823 4.85727 4.96450 5.08696 5.07228 5.12139 4.87133 4.73252 4.86566 4.82573 4.97316 4.94551 4.94497 4.94591 4.97879 4.84187 4.88880 5.13929 5.34627 5.35849 5.35849 5.35849 5.35849 5.35849 5.04824 4.43018 4.46352 4.29765 4.18485 4.07337 3.82278 3.82983 4.06689 4.30158 4.51344 4.71812 4.92085 5.10607 5.29108 5.46653 5.59323 5.36865 5.24041 3.80413 3.63573 3.60403 3.54537 3.56018 3.57297 3.47138 3.50757 3.54288 3.44915 3.44915 3.44915
3.63426 3.76248 4.02784 4.17601 4.29726 4.67813 4.75211 4.58803 4.52521 4.53157 4.65955 4.71256 4.82987 5.15825 5.57155 5.64205 5.71204 5.56550 5.08944 5.08944 4.80469 4.90749 4.94497 4.94497 4.94497 4.96940 4.90189 4.82948 5.08181 5.26339 5.35765 5.30878 5.23264 5.15767 5.10072 4.97921 4.53949 4.84569 5.01777 5.17013 5.35377 5.42635 5.46425 5.52171 5.56581 5.57758 5.58904 5.59400 5.60507 5.62016 5.64175 5.65455 5.57528 5.32095 4.38870 3.69478 3.68333 3.57539 3.57468 3.57468 3.56685 3.41795 3.58186 3.46220 3.44922 3.45919
