results/OMI_NO2_201011.asc
ncols      200
nrows      200
xllcorner       120.258
yllcorner       41.1236
cellsize     0.0166667
NODATA_Value      -999.000
[rows 58 to 86 of 165, columns 67 to 133 of 200]
3.06759 3.01046 2.95160 2.89498 2.87965 2.87489 2.78269 2.67096 2.57315 2.48672 2.43400 2.42768 2.39158 2.35002 2.30850 2.26696 2.24750 2.24750 2.43375 2.54333 2.70106 2.90641 2.90641 2.90641 2.90641 2.90517 2.84685 2.75804 2.66227 2.52245 2.43739 2.36356 2.31098 2.30875 2.30875 2.30875 2.30875 2.30875 2.30875 2.30875 2.30888 2.31149 2.10883 1.80056 1.85199 1.90074 1.90720 1.94087 1.99356 2.15960 2.84257 2.82613 2.83585 2.83585 2.83548 2.80306 2.74975 2.70446 2.77573 2.92184 3.08023 3.21669 3.23434 3.32294 4.17246 4.19210 4.11969
2.93230 2.92033 2.90836 2.89636 2.88455 2.84926 2.77503 2.70628 2.64290 2.99459 3.83096 3.87388 4.52749 4.25521 4.25521 4.25504 4.24650 4.23291 4.21949 4.20694 4.20420 4.20420 3.87233 3.42434 3.39164 3.33299 3.28673 3.24051 3.19914 3.19239 3.19239 3.19239 3.19239 2.99818 2.82432 2.82432 2.82432 2.82432 2.82432 2.82432 2.82432 2.82432 2.81333 2.74722 2.67353 2.52644 2.36266 2.29691 2.24306 2.29216 2.34460 2.34532 2.35308 2.43413 2.54394 2.98633 3.66534 3.64997 3.67712 3.82660 3.99113 4.15573 4.32033 4.40966 4.40981 4.40981 4.41606
2.80463 2.73355 2.66801 2.60751 2.55140 2.51923 2.51888 2.51888 2.51888 2.54812 3.64165 3.79993 4.36190 4.24208 4.22220 4.20894 4.20420 4.20420 4.20420 4.20387 4.16254 4.09330 4.01384 3.33175 3.22165 3.19281 3.19239 3.19239 3.19239 3.19239 3.19239 3.19239 3.19239 3.16306 2.82791 2.82432 2.82432 2.82432 2.82385 2.77913 2.70544 2.61037 2.43022 2.35342 2.28855 2.28583 2.34333 2.34532 2.38143 2.48356 2.59970 2.73188 2.87040 2.89888 2.87750 2.88169 3.87476 4.25698 4.39469 4.40981 4.40981 4.40981 4.40981 4.40981 4.40981 4.40981 4.40981
2.51888 2.51888 2.51888 2.51888 2.51888 2.51888 2.51888 2.51888 2.51735 2.51213 3.07863 3.77807 4.04389 4.37013 4.20420 4.19814 4.14053 4.07116 4.00177 3.93276 3.90457 3.90457 3.90457 3.57412 3.22459 3.20305 3.19239 3.19239 3.19239 3.19239 3.19239 3.19239 3.19239 3.19303 2.94057 2.80726 2.73741 2.66341 2.51519 2.41272 2.34585 2.29766 2.34148 2.35057 2.42697 2.53570 2.65891 2.79988 2.89764 2.89363 2.86103 2.82468 2.78833 2.75216 2.73718 2.73718 3.29554 4.43490 4.40981 4.40981 4.40981 4.40981 4.40981 4.42294 4.60699 4.87354 5.20638
2.51888 2.51888 2.51888 2.51888 2.51806 2.51283 2.49463 2.47008 2.44708 2.42773 2.53994 3.72389 3.76116 4.36622 3.97965 3.91628 3.90457 3.90457 3.90457 3.90457 3.90457 3.90457 3.90457 3.88038 3.27611 3.21736 3.19239 3.19239 3.19239 3.19239 3.19239 3.18941 3.11899 3.02073 2.82644 2.47853 2.40604 2.33819 2.33910 2.37568 2.47589 2.59102 2.72202 2.86323 2.89904 2.88093 2.84454 2.80822 2.77189 2.74092 2.73718 2.73718 2.73718 2.73718 2.73718 2.73718 2.81048 4.22416 4.40981 4.40989 4.52906 4.78318 5.08418 5.49427 5.68774 5.78817 5.81938
2.51855 2.51306 2.49246 2.46790 2.44419 2.42481 2.41851 2.48453 2.64040 2.79679 2.95304 3.35530 3.62461 4.08088 3.94223 3.90457 3.90457 3.90457 3.90457 3.90457 3.90457 3.90457 3.90457 3.90457 3.53500 3.22459 3.19947 3.19239 3.15986 3.06329 2.97827 2.84689 2.72117 2.62551 2.56454 2.43960 2.52759 2.64974 2.78916 2.89579 2.89533 2.86445 2.82810 2.79176 2.75539 2.73718 2.73718 2.73718 2.73718 2.73718 2.73718 2.73718 2.73718 2.73718 2.73718 2.73718 2.77599 3.89124 4.98482 5.36180 5.65240 5.75205 5.80050 5.77102 5.72561 5.69198 5.68844
2.44151 2.42245 2.41917 2.51163 2.66802 2.82434 2.98067 3.07097 3.07149 3.07149 3.07149 3.13957 3.62408 3.81423 4.30916 3.90457 3.90457 3.90457 3.90457 3.90457 3.90457 3.90457 3.90457 3.90457 3.85948 3.18177 3.04084 2.98368 2.82152 2.71992 2.58857 2.41929 2.31003 2.21439 2.13247 2.46524 2.88416 2.84799 2.81164 2.77528 2.74266 2.73718 2.73718 2.73718 2.73718 2.73718 2.73718 2.73718 2.73718 2.73718 2.73718 2.73718 2.74136 2.87506 3.10469 3.40309 3.74953 4.07530 5.89692 5.76904 5.72387 5.69132 5.68844 5.68844 5.68839 5.68213 5.67156
2.69561 2.85196 3.00757 3.07149 3.07149 3.07149 3.07149 3.07149 3.16172 3.41701 3.67651 3.93430 4.77911 5.35419 6.10086 3.90457 3.90457 3.90457 3.90457 3.90457 3.90457 3.90457 3.90968 4.17690 4.69864 3.28851 2.64928 2.38948 2.27871 2.18686 2.11775 2.11427 2.21487 2.35647 2.49813 2.60849 2.72168 2.73718 2.73718 2.73718 2.73718 2.73718 2.73718 2.73718 2.73718 2.73718 2.73718 2.73718 2.73718 2.79356 2.99890 3.25939 3.62347 3.81333 3.93654 4.18090 4.26432 4.31749 5.38941 5.68844 5.68579 5.67567 5.66510 5.65454 5.64402 5.63972 5.60723
3.07149 3.07149 3.09634 3.31487 3.57407 3.83328 4.09264 4.35170 4.52210 4.53319 4.54146 4.54972 4.81285 5.49307 6.12388 4.35233 3.90457 3.90457 3.90457 4.08883 4.58142 5.25269 5.56582 5.06425 4.45244 2.94899 2.12556 2.13232 2.26015 2.40182 2.54348 2.68110 2.72222 2.72222 2.72222 2.72222 2.66172 2.73718 2.73718 2.73718 2.73718 2.73718 2.73718 2.73718 2.73718 2.74802 2.90238 3.13848 3.45130 3.77351 3.85153 3.91878 3.94236 3.94236 3.96152 4.30086 4.32127 4.32127 4.65974 5.72442 5.64017 5.63281 5.53691 5.40019 5.17988 4.96267 4.79190
3.99006 4.24941 4.48387 4.52990 4.53817 4.54644 4.55470 4.56297 4.56997 4.57078 4.57078 4.57078 4.57861 5.37671 5.68614 5.72406 4.46874 5.01913 5.15003 4.85155 4.29522 3.87910 3.76056 3.86973 4.15085 4.10894 2.81325 2.70846 2.72222 2.72222 2.72222 2.72222 2.72222 2.72222 2.72222 2.72222 2.66363 2.73718 2.73718 2.73718 2.73718 2.73718 2.81479 3.02954 3.29973 3.66759 3.82161 3.88985 3.93990 3.94236 3.94236 3.94236 3.94236 3.94236 3.94236 4.17757 4.32127 4.36082 4.43770 5.22287 4.98218 4.79017 4.68773 4.62232 4.61232 4.61232 4.61232
4.55141 4.55968 4.56785 4.57078 4.57078 4.57078 4.57078 4.57078 4.57078 4.57078 4.57078 4.59981 4.77755 5.48090 6.10790 7.04084 4.15091 3.80411 3.76607 3.95834 4.24166 4.52486 4.80819 4.98235 4.98443 4.98443 3.62123 2.73293 2.72222 2.72222 2.72222 2.72222 2.72222 2.72222 2.72222 2.72222 2.70854 2.67742 2.75780 2.93035 3.17328 3.50208 3.79009 3.85997 3.92532 3.94236 3.94236 3.94236 3.94236 3.94236 3.94236 3.94236 3.95052 4.01580 4.05036 4.12106 4.36727 4.34306 4.28833 4.51311 4.62042 4.61232 4.61232 4.61232 4.61232 4.61232 4.61232
4.57078 4.57078 4.57078 4.57078 4.57078 4.57078 4.57078 4.58252 4.73629 5.07807 5.65759 6.34511 6.86275 6.96445 5.46715 6.10404 5.06785 4.61555 4.89337 4.98443 4.98443 4.98443 4.98443 4.98443 4.98443 4.98443 4.50802 2.92283 2.72222 2.72222 2.72222 2.72222 2.72222 2.72222 2.72232 2.79759 2.95356 3.12614 3.70618 3.83009 3.89835 3.94163 3.94236 3.94236 3.94236 3.94236 3.94236 3.94217 3.97075 4.07710 4.16987 4.10610 4.03883 4.02104 4.02104 4.02104 4.21044 4.28556 4.28556 4.28958 4.65859 4.61232 4.61232 4.61232 4.61232 4.61258 4.64557
4.54715 4.57078 4.57078 4.57295 4.69877 5.07884 5.65672 6.37964 6.95639 7.24242 7.34219 7.71522 8.10435 8.49317 6.68614 6.15369 6.66527 4.98443 4.98443 4.98443 4.98443 4.98443 4.98443 4.98443 4.98443 4.98443 4.98443 3.50438 2.72586 2.72222 2.72222 2.74717 2.88284 3.05308 3.27466 3.42591 3.47142 3.47634 3.88231 3.94236 3.94236 3.94236 3.94182 3.92794 4.00015 4.09859 4.18245 4.25551 4.31384 4.31646 4.31646 4.23789 4.02104 4.02104 4.02104 4.02104 4.09336 4.28556 4.28556 4.28556 4.50217 4.61232 4.62875 4.68593 4.73490 4.64461 4.47195
4.54073 5.07943 5.65611 6.39770 7.04585 7.24242 7.39996 7.78715 8.17613 8.56494 8.85432 8.86994 8.86994 8.86994 7.88455 6.03865 6.89827 5.03815 4.98443 4.98443 4.98443 4.98443 4.98443 4.98443 4.98443 4.98443 4.98443 4.39240 2.96230 2.97575 3.16852 3.38738 3.45152 3.51001 3.71320 3.97762 4.29474 4.67732 4.17260 3.93126 4.02792 4.11646 4.19393 4.28513 4.31646 4.31646 4.31646 4.31646 4.31646 4.31646 4.31646 4.31425 4.05693 4.02104 4.02104 4.02104 4.02104 4.24077 4.28741 4.30829 4.34475 4.59853 4.46078 4.26144 4.07944 4.04654 4.04654
5.64889 7.03835 7.46978 7.85876 8.24758 8.63672 8.86799 8.86994 8.86994 8.86994 8.86994 8.87606 8.91696 8.96339 8.97287 6.48720 6.69046 6.05520 4.98443 4.98443 4.98443 4.98443 4.98443 4.98443 4.98443 4.98443 4.98443 4.98004 3.64226 3.52370 3.78627 4.07092 4.40350 4.70590 4.70011 4.62687 4.57002 4.52298 4.43046 4.31116 4.31646 4.31646 4.31646 4.31646 4.31646 4.31646 4.31646 4.31646 4.31646 4.31646 4.31646 4.31646 4.16685 4.02104 4.02104 4.03643 4.10268 4.29808 3.96626 3.77072 3.59271 3.82801 4.04654 4.04338 4.01988 3.99271 3.96559
6.50235 7.55954 8.86994 8.86994 8.86994 8.87031 8.89904 8.94544 8.99186 9.03825 9.08468 9.12471 9.12378 9.11460 9.10543 7.58607 6.25358 6.98990 4.98443 4.98443 4.98443 4.98443 4.98443 4.98443 4.98443 5.23101 5.85321 6.67845 6.22867 4.86426 4.89204 4.90533 4.87219 4.51848 4.52313 4.52847 4.52847 4.52847 4.52590 4.34142 4.31646 4.31646 4.31646 4.31646 4.31646 4.31646 4.31646 4.31646 4.31646 4.31646 4.31646 4.32096 4.33248 4.31999 4.56653 4.76829 4.91224 4.90314 3.70330 3.48826 3.34400 3.28419 3.90559 3.92518 3.92186 3.96094 4.02534
6.92470 7.05973 8.85477 9.02031 9.06673 9.11276 9.12740 9.11838 9.10920 9.10002 9.09084 9.08190 9.07915 9.07915 9.07915 8.81222 6.27914 7.05538 5.19444 4.98443 5.00513 5.40915 6.08660 6.99496 8.28052 9.18883 9.19635 9.22832 9.16444 5.27765 4.96048 4.96409 4.96409 4.63491 4.52847 4.52847 4.52847 4.52847 4.52847 4.42627 4.31646 4.31646 4.31646 4.31646 4.31646 4.31646 4.31646 4.31656 4.34893 4.56079 4.79249 4.98882 5.12920 4.98858 4.90865 4.71861 4.51538 4.33195 3.61822 2.99249 3.00604 3.06096 3.60949 3.97752 3.96364 3.91078 3.83283
7.10881 7.10432 8.10679 9.10379 9.09461 9.08543 9.07931 9.07915 9.07915 9.07915 9.07915 9.07915 9.07915 9.07915 9.07915 9.07915 7.16598 6.98054 7.78487 7.34889 8.72710 9.18883 9.20534 9.23915 9.27298 9.30682 9.33313 9.33498 9.33498 6.83421 4.96409 4.96409 4.96409 4.79979 4.52847 4.52847 4.52847 4.52847 4.52847 4.50849 4.32090 4.31646 4.31646 4.31646 4.33031 4.52833 4.76387 4.96675 5.12155 5.15409 5.05377 4.82847 4.62448 4.37145 4.10949 4.08663 4.10997 4.11482 4.02259 3.05689 3.01325 2.96033 3.10952 3.79107 3.80797 3.80797 3.80797
7.03684 7.07207 7.28126 9.04823 9.07915 9.07915 9.07915 9.07915 9.07915 9.07915 9.07915 9.07915 8.87810 8.29367 7.77408 7.31983 7.02980 8.01727 10.5231 9.25001 9.28384 9.31766 9.33498 9.33498 9.33498 9.33498 9.33498 9.33498 9.33498 9.08449 5.18761 4.96409 4.96409 4.95662 4.56163 4.52847 4.52847 4.52847 4.52847 4.52847 4.39120 4.49533 4.73476 4.94099 5.11132 5.13767 4.94843 4.73263 4.53787 4.36098 4.26428 4.24656 4.23285 4.21732 4.07475 4.06895 4.04748 4.04467 4.04467 3.36110 2.95085 2.95085 2.96461 3.54498 3.80797 3.80797 3.80797
6.84384 7.07207 7.07207 8.29073 9.07915 9.07915 9.07915 9.07915 8.77820 8.19389 7.68763 7.24425 6.96682 6.99972 7.27908 7.59581 7.90799 7.83960 9.54912 9.75575 9.33498 9.33498 9.33498 9.33498 9.33498 9.33498 9.33498 9.33498 9.33498 9.33498 6.56518 4.96409 4.96409 4.96409 4.69624 4.52847 4.52884 4.66511 4.89253 5.08899 5.21646 5.07160 4.84691 4.64123 4.45499 4.29613 4.23079 4.19071 4.18274 4.17463 4.16649 4.17543 4.18121 4.18121 4.09818 4.04467 4.04467 4.04467 4.04467 3.83277 2.95151 2.95085 2.95085 3.19682 3.80485 3.80797 3.80797
6.61972 7.07207 7.07207 7.53964 8.66684 8.09710 7.60285 7.17002 6.95790 7.03511 7.33765 7.65412 7.97098 8.24570 8.28281 8.28281 8.28281 7.95896 8.48382 10.7003 9.33498 9.33498 9.33498 9.33498 9.33498 9.33498 9.33498 9.33498 9.33498 9.33498 8.86905 5.10160 4.96409 5.10205 5.27925 5.06555 5.23402 5.15267 4.92531 4.72022 4.53445 4.25515 4.15804 4.14073 4.13258 4.12461 4.14928 4.18121 4.18121 4.18121 4.18121 4.18121 4.18121 4.18121 4.14997 4.04467 4.04467 4.04467 4.04467 4.04467 3.21217 2.95198 2.98632 3.09096 3.68435 3.85831 3.88660
6.50443 7.07328 7.17689 7.08704 6.95758 7.08149 7.39597 7.71269 8.02942 8.26849 8.28281 8.28281 8.28281 8.28281 8.28709 8.45163 8.69789 8.84210 9.07298 12.2644 9.33498 9.33498 9.33498 9.33498 9.33498 9.33498 9.33498 9.33498 9.33498 9.59187 10.2104 8.18168 7.36083 5.99854 5.20587 4.71700 4.43540 4.30005 4.27177 4.33053 4.39111 4.33289 4.17198 4.18121 4.18121 4.18121 4.18121 4.18121 4.18121 4.18121 4.18121 4.18121 4.18121 4.18121 4.18094 4.06549 4.04467 4.04467 4.05987 4.10425 3.74600 3.15359 3.19147 3.21321 3.52939 3.92228 3.92373
6.30309 6.85058 7.45454 7.77127 8.08787 8.28082 8.28281 8.28281 8.28281 8.35942 8.60030 8.84684 9.09297 9.33923 9.58163 9.65384 9.62948 9.60495 9.39243 11.3451 10.8740 9.33498 9.33498 9.33498 9.33498 9.48276 10.1045 10.5642 10.5204 9.74954 8.94000 7.78003 5.73355 5.13313 4.22190 4.26554 4.39944 4.53391 4.62276 4.62480 4.62480 4.59809 4.20098 4.18121 4.18121 4.18121 4.18121 4.18121 4.18121 4.18121 4.18121 4.18121 4.18121 4.18121 4.18425 4.15686 4.06735 4.02002 3.95734 3.86559 3.83189 3.29197 3.21297 3.19324 3.31011 3.96559 4.12051
7.47833 7.76471 8.28053 8.30172 8.50270 8.74911 8.99537 9.24177 9.48818 9.65489 9.63893 9.61437 9.58984 9.56530 9.54077 9.52559 9.52540 9.52540 9.33745 9.95918 12.7226 9.40013 9.98910 10.4795 10.1132 9.44901 8.45798 7.44017 6.78630 6.50509 6.39056 6.44494 5.88533 5.61162 4.74462 4.56481 4.62097 4.62480 4.62480 4.62480 4.62480 4.62480 4.35546 4.18121 4.18121 4.18121 4.18121 4.18121 4.18121 4.18121 4.18121 4.20125 4.19008 4.14270 4.09221 3.99347 3.84288 3.84055 3.82621 3.80600 3.78579 3.47519 3.12943 3.13682 3.21954 4.25596 5.08532
8.09723 8.33818 9.19760 9.61780 9.64860 9.62428 9.59928 9.57474 9.55019 9.52860 9.52540 9.52540 9.52540 9.52540 9.52540 9.52540 9.52540 9.52901 9.66666 9.70720 11.6366 8.94452 7.82650 6.97003 6.50729 6.29763 6.33101 6.49898 6.66714 6.81678 6.84075 6.84075 6.64661 5.67723 5.22410 4.56243 4.59946 4.62480 4.62480 4.62480 4.62480 4.62480 4.53640 4.18176 4.18121 4.18121 4.18121 4.18687 4.17620 4.12887 4.08134 4.01394 3.97767 3.97274 3.95345 3.93325 3.81580 3.75685 3.75097 3.78240 3.84441 3.85612 3.36021 3.38628 3.37376 4.15793 5.39347
8.89904 8.98509 9.06793 9.53526 9.52540 9.52540 9.52540 9.52540 9.52540 9.52540 9.52540 9.52540 9.52540 9.52540 9.62659 9.81732 9.89015 9.68997 9.43373 8.62694 7.95330 7.03593 6.38486 6.55295 6.72104 6.83697 6.84075 6.84075 6.84075 6.84075 6.84075 6.84075 6.84075 6.01266 5.62409 4.64622 4.57552 4.62480 4.62480 4.62480 4.62480 4.62480 4.62480 4.27443 4.16235 4.11492 4.06750 4.01443 3.97742 3.96436 3.94422 3.92392 3.90372 3.88843 3.88570 3.91093 3.91378 3.90736 3.96462 3.99047 3.98577 3.98577 3.60954 3.36372 3.36372 3.59075 5.03922
9.18216 9.18216 8.90826 9.49711 9.52540 9.52540 9.52540 9.52540 9.52540 9.52540 9.59069 9.78124 9.95355 10.1069 10.1796 10.1789 9.78389 8.74767 8.77284 8.76128 7.94605 8.44371 6.84075 6.84075 6.84075 6.84075 6.84075 6.84075 6.84075 6.84075 6.84075 6.84075 6.84075 6.57349 5.66704 5.08893 4.56245 4.61385 4.62480 4.62480 4.59515 4.54465 4.49718 4.28085 3.97380 3.95506 3.93484 3.91463 3.89467 3.87823 3.86316 3.89965 3.93767 3.97556 4.01526 4.02817 4.02701 3.98889 3.98577 3.98577 3.98577 3.98577 3.87629 3.36494 3.36372 3.36372 4.44949
9.18216 9.18216 9.04066 9.23774 9.52540 9.52540 9.52540 9.73226 9.92013 10.0775 10.1763 10.1789 10.1826 10.2089 10.2392 10.2694 10.2940 9.02467 8.83223 8.83223 8.31211 8.62036 6.96659 6.84075 6.84075 6.84075 6.84075 6.84075 6.84075 6.84075 6.84075 6.84075 6.84075 6.84075 5.94344 5.54953 4.55367 4.49584 4.48330 4.43593 4.40773 4.38778 4.36469 4.32396 3.90580 3.83478 3.85044 3.88843 3.92639 3.97365 4.02669 4.02817 4.02817 4.02817 4.02817 4.02817 4.02817 4.00370 3.98577 3.98577 3.98577 3.98577 3.98577 3.52363 3.36389 3.45151 4.10554
9.18216 9.18216 9.17550 8.97572 9.52360 9.52250 9.52139 9.97578 10.1858 10.2144 10.2446 10.2748 10.3013 10.3051 10.3051 10.3051 10.3051 9.55893 8.85266 8.91182 8.84750 8.42153 7.97620 6.84075 6.84075 6.84075 6.84075 6.84075 6.84075 6.84075 6.84075 6.84075 6.76216 6.38524 5.69336 4.76276 4.41849 4.32305 4.35581 4.31893 4.26168 4.24853 4.35300 4.46871 4.21871 4.00588 4.02817 4.02817 4.02817 4.02817 4.02817 4.02817 4.02817 4.02817 4.02817 4.02817 4.02817 4.01968 3.98577 3.98577 3.98577 4.01615 4.16268 4.07045 3.84087 3.90102 3.93272
