results/OMI_NO2_200810.asc
ncols      200
nrows      200
xllcorner       120.258
yllcorner       41.1236
cellsize     0.0166667
NODATA_Value      -999.000
[rows 0 to 28 of 200, columns 0 to 65 of 200]
0.547586 0.547226 0.546898 0.546601 0.546327 0.545361 0.463952 0.492295 0.643473 0.767795 0.866946 0.956505 0.984525 1.04759 1.13407 1.13470 1.17553 1.20029 1.32159 1.36441 1.31323 1.13977 1.08582 1.05019 1.04945 0.913758 0.913899 0.913899 0.913899 0.913899 0.910002 0.901174 0.892822 0.884945 0.865298 0.860556 1.45871 1.56307 1.82612 1.97728 1.89929 1.75907 1.79941 1.78559 1.73309 1.71821 1.79979 1.81375 1.73470 1.73522 1.73892 1.71736 1.68835 1.66196 1.40232 1.27748 1.27748 1.29060 1.33251 1.41396 1.51054 1.58579 1.63409 1.63423 1.62567 1.61786
0.527875 0.512528 0.504764 0.536864 0.683197 0.807346 0.841163 0.897620 0.946948 0.982471 1.00756 1.01419 1.00366 0.969947 0.988284 1.00475 1.04150 1.09079 1.18476 1.28923 1.28044 1.16576 1.10392 1.03729 1.07775 0.942715 0.897849 0.889688 0.881979 0.874689 0.870643 0.870624 0.870624 0.870624 0.870261 0.850526 1.29062 1.66078 1.85683 2.01198 1.91975 1.67497 1.63045 1.59678 1.55503 1.51304 1.52562 1.65380 1.60003 1.54999 1.52569 1.51827 1.52300 1.54041 1.47526 1.41976 1.50625 1.56837 1.60344 1.61333 1.60813 1.60338 1.59898 1.59494 1.59355 1.59355
0.737334 0.796754 0.886509 0.959134 0.998856 1.02641 1.01041 0.964714 0.951406 0.938412 0.927546 0.916935 0.911349 0.910740 0.938998 0.962382 1.02112 1.05879 1.11572 1.26690 1.26298 1.21169 1.07945 1.01781 0.998847 0.967986 0.865133 0.863716 0.862355 0.861021 0.859626 0.884287 0.931990 0.976450 1.01626 1.01393 1.11661 1.45233 1.47408 1.60010 1.60602 1.43051 1.38056 1.36694 1.36400 1.36400 1.37221 1.51085 1.57382 1.53091 1.54381 1.56080 1.57290 1.57552 1.61006 1.61762 1.59547 1.59355 1.59355 1.59355 1.59355 1.59355 1.59355 1.59343 1.58753 1.57840
1.04417 0.870193 0.871540 0.949804 1.00476 0.991246 0.967371 0.903828 0.882841 0.881944 0.881027 0.880193 0.879341 0.878453 0.892747 0.911579 0.958439 0.980910 1.00619 1.10176 1.14581 1.14413 1.02763 0.981026 0.924682 0.956701 0.829155 0.843272 0.875405 0.904889 0.930709 0.932665 0.916814 0.902067 0.889893 0.887335 0.884214 1.21349 1.26619 1.39318 1.50448 1.41808 1.36471 1.34609 1.32747 1.31245 1.32002 1.52687 1.64583 1.62957 1.62306 1.62340 1.62340 1.62340 1.62340 1.61227 1.60446 1.59355 1.59355 1.59263 1.58489 1.57574 1.56661 1.55334 1.54156 1.53303
1.05204 0.852039 0.827218 0.846316 0.967905 0.968059 0.965944 0.909998 0.870915 0.869244 0.866993 0.864742 0.862491 0.860240 0.865315 0.896717 0.920602 0.962634 0.981650 1.05138 1.12768 1.11497 1.05526 0.974619 0.944407 0.971000 0.945644 0.894708 0.891360 0.888429 0.889322 0.893003 0.895482 0.896871 0.897539 0.895974 0.883475 1.07361 1.26001 1.35596 1.46317 1.40894 1.32257 1.32316 1.32501 1.32501 1.32501 1.47173 1.63568 1.65282 1.62340 1.62340 1.62340 1.62340 1.62340 1.61775 1.57830 1.57309 1.56360 1.54902 1.53910 1.53057 1.51765 1.48349 1.45071 1.41232
1.09162 0.899197 0.827218 0.830934 0.921813 0.960472 0.957772 0.915643 0.866504 0.861141 0.862120 0.863129 0.865770 0.869621 0.873520 0.910465 0.919561 0.978800 0.985902 0.950627 1.06459 1.07854 1.06680 1.01152 0.976720 0.994897 1.02357 0.912115 0.912931 0.916206 0.922983 0.925609 0.922175 0.914137 0.895477 0.876127 0.847788 0.911542 1.23723 1.32721 1.40648 1.42195 1.32504 1.32501 1.32501 1.32501 1.32501 1.38608 1.57969 1.66535 1.63890 1.63284 1.62975 1.62668 1.62228 1.62050 1.56359 1.57556 1.57676 1.58069 1.58679 1.53965 1.46099 1.45810 1.45910 1.46751
1.13167 0.956409 0.814904 0.811911 0.852381 0.953652 0.955878 0.958041 0.932224 0.918034 0.920380 0.922663 0.923674 0.923674 0.923875 0.950927 0.967634 1.01392 1.04003 0.968885 1.00029 1.00966 1.00856 1.01646 1.02709 1.08751 1.11521 0.994368 0.936303 0.915209 0.886373 0.861094 0.843278 0.831360 0.830386 0.829773 0.828896 0.826588 1.15589 1.32371 1.37245 1.42152 1.43670 1.44999 1.45607 1.46214 1.46842 1.48136 1.67604 1.79134 1.77742 1.73189 1.72336 1.71483 1.70771 1.70694 1.69386 1.65535 1.67384 1.66252 1.65185 1.63737 1.52955 1.52401 1.52401 1.51925
1.11784 1.03009 0.864662 0.839721 0.846722 0.946133 0.968879 0.970976 0.955585 0.931762 0.939999 0.951456 0.963993 0.976940 0.971803 0.953304 0.945839 0.957537 1.03376 1.04156 1.05626 1.05802 1.05313 1.04251 1.00111 1.00623 1.02761 0.963441 0.823817 0.822046 0.822046 0.822046 0.822046 0.822556 0.825560 0.828979 0.832518 0.829907 1.03214 1.28612 1.34532 1.41615 1.45848 1.49057 1.49744 1.50432 1.52126 1.54485 1.67098 1.85744 1.90617 1.72430 1.71121 1.71919 1.72947 1.75436 1.78554 1.62751 1.64530 1.64834 1.64543 1.62314 1.51738 1.40066 1.33058 1.26533
1.21659 1.17507 0.967444 0.890974 0.901777 0.964182 1.05210 1.06560 1.07075 1.02858 1.01347 0.997169 0.998462 0.999723 1.02070 1.05981 1.07287 1.08688 1.10665 1.09006 1.01054 1.00010 0.992054 0.984212 0.966543 0.957361 1.00587 1.00013 0.847631 0.826899 0.830365 0.833943 0.837645 0.840858 0.841234 0.841234 0.841234 0.839291 0.903734 1.24960 1.33829 1.43691 1.48110 1.54826 1.57129 1.59569 1.61118 1.64660 1.73713 2.03348 2.05171 1.96162 1.87278 1.89595 1.91715 1.91812 1.89331 1.66588 1.50735 1.49744 1.44717 1.41695 1.38990 1.32106 1.34135 1.36370
1.26669 1.25584 1.07457 0.963171 0.969804 0.990107 1.10668 1.11306 1.11444 1.05456 1.07387 1.10319 1.11419 1.12535 1.13597 1.13713 1.10403 1.09226 1.07132 1.04770 0.992918 0.983230 0.981857 0.986442 0.988979 0.970950 1.00744 1.03759 0.947202 0.841234 0.841234 0.841234 0.841234 0.841260 0.842877 0.848482 0.854300 0.860225 0.865609 1.19326 1.41540 1.55883 1.62948 1.77345 1.85249 1.93418 2.01478 2.05471 2.05544 2.22488 2.22753 2.14170 1.90410 1.87985 1.84179 1.79335 1.76920 1.55350 1.45712 1.48282 1.48288 1.48300 1.48300 1.41295 1.37370 1.37370
1.34617 1.29077 1.13167 1.00187 0.983413 0.934688 1.06339 1.19098 1.20338 1.16476 1.14588 1.13664 1.12729 1.11796 1.10915 1.10725 1.09122 1.08183 1.07827 1.04819 1.03148 1.01664 1.01984 1.02156 1.02175 1.00266 0.999160 1.05099 1.02951 0.855947 0.851343 0.864075 0.880174 0.896983 0.915501 0.931520 0.948525 0.968764 1.00988 1.23206 1.63239 1.84434 1.96271 2.04360 2.05544 2.05608 2.08425 2.12179 2.13749 2.17091 2.12137 1.97474 1.75131 1.62300 1.61171 1.61171 1.61171 1.57958 1.42815 1.49062 1.48300 1.48300 1.48280 1.45463 1.35224 1.33822
1.36008 1.00330 0.985823 0.908144 0.979559 0.984710 0.994493 1.19879 1.19155 1.15086 1.11109 1.11105 1.11006 1.10750 1.10491 1.10233 1.09029 1.07326 1.07312 1.05431 1.04958 1.02371 1.02240 1.02847 1.04052 1.04658 1.03826 1.09660 1.13350 1.02127 0.959914 0.969194 0.975008 1.00444 1.04937 1.09355 1.14243 1.19182 1.20921 1.24802 1.70261 1.83818 1.96386 2.03334 2.08415 2.09813 2.08032 2.05342 2.05232 2.05231 2.03120 1.89522 1.82064 1.60462 1.56835 1.53199 1.49738 1.46438 1.28444 1.40566 1.45494 1.43971 1.43284 1.44279 1.38246 1.36438
1.82807 1.10056 1.05802 0.947480 0.980095 0.985975 0.941179 1.09584 1.17013 1.15296 1.10174 1.09916 1.09757 1.09755 1.09755 1.09752 1.09442 1.07199 1.07133 1.06375 1.03731 1.08944 1.13383 1.15606 1.17697 1.20205 1.16021 1.16656 1.21766 1.16884 1.09600 1.14825 1.20103 1.22688 1.23422 1.26561 1.28740 1.32368 1.36447 1.40463 1.68608 1.78038 1.95002 1.98762 2.05232 2.05232 2.05232 2.05107 2.01129 1.95617 1.89495 1.77160 1.64853 1.47006 1.41421 1.39649 1.37818 1.36037 1.27848 1.29723 1.46558 1.47792 1.48571 1.48588 1.45747 1.36032
1.93121 1.33585 1.05006 0.993415 0.941581 0.971830 0.953250 0.971227 1.15990 1.15916 1.09920 1.09642 1.09606 1.09568 1.09530 1.09493 1.09485 1.07205 1.08044 1.10129 1.09433 1.15450 1.24996 1.26998 1.28599 1.29398 1.25787 1.18439 1.21020 1.21258 1.25255 1.27212 1.29511 1.32444 1.35338 1.40526 1.43333 1.43083 1.42553 1.42025 1.53886 1.71828 1.85968 1.83329 1.96970 1.91653 1.86576 1.81836 1.80506 1.80728 1.81431 1.79757 1.60480 1.48594 1.35128 1.37147 1.39258 1.41312 1.40492 1.26164 1.46905 1.49970 1.51127 1.52363 1.53491 1.42200
2.01210 1.73118 1.03518 1.02307 0.889095 0.951304 0.947605 0.887705 1.11699 1.16447 1.11112 1.09437 1.08990 1.08469 1.09326 1.11067 1.12787 1.13354 1.14549 1.15398 1.14661 1.15538 1.27262 1.25270 1.23159 1.23894 1.24198 1.16153 1.16834 1.21489 1.25858 1.30355 1.30492 1.30394 1.30394 1.31213 1.33947 1.32771 1.31135 1.29581 1.29670 1.50959 1.52736 1.56519 1.78485 1.82411 1.83219 1.84507 1.85796 1.86042 1.83019 1.78143 1.59979 1.44246 1.42215 1.41971 1.42419 1.42884 1.42887 1.28358 1.44030 1.55207 1.53811 1.53823 1.54470 1.51223
0.886150 1.54539 1.07264 0.914919 0.811179 0.846103 0.857141 0.831736 0.911935 1.06522 1.04553 1.03752 1.05760 1.08363 1.11740 1.14971 1.19445 1.23182 1.25070 1.27599 1.29799 1.35119 1.45018 1.33966 1.25739 1.26172 1.26943 1.23287 1.17377 1.21008 1.25261 1.29700 1.28830 1.27491 1.26210 1.24984 1.25604 1.25757 1.25757 1.25757 1.25757 1.44052 1.51017 1.58507 1.74963 1.85755 1.82450 1.78924 1.75644 1.73363 1.71960 1.65692 1.56172 1.40762 1.37557 1.35037 1.33492 1.31991 1.30888 1.31640 1.35495 1.60376 1.63112 1.70203 1.76403 1.80950
0.171699 1.15900 1.16730 0.853652 0.818539 0.775849 0.850765 0.879224 0.885502 1.17579 1.23626 1.23293 1.28238 1.32545 1.33617 1.33766 1.32373 1.30594 1.27406 1.27175 1.27271 1.34719 1.43598 1.43405 1.28374 1.27417 1.26793 1.25254 1.15685 1.15390 1.18324 1.21525 1.23478 1.23478 1.23478 1.23478 1.24117 1.25860 1.26687 1.27652 1.28619 1.37406 1.51375 1.52669 1.55983 1.65601 1.60596 1.54794 1.49172 1.43721 1.39428 1.39000 1.37614 1.37635 1.33164 1.31543 1.31473 1.31914 1.31070 1.31365 1.34062 1.61743 1.74653 1.76685 1.75709 1.75701
0.171699 0.718235 1.34350 1.00230 0.963742 0.952920 1.28989 1.43390 1.47095 1.45918 1.42966 1.31700 1.29939 1.28706 1.28933 1.28940 1.28945 1.28973 1.27766 1.27436 1.27454 1.30912 1.41364 1.42936 1.26778 1.21008 1.20494 1.20453 1.15796 1.11410 1.14481 1.18292 1.22037 1.22220 1.22735 1.21993 1.21070 1.20863 1.18555 1.16021 1.13678 1.12705 1.29656 1.30827 1.29358 1.39945 1.39000 1.38593 1.37260 1.36163 1.36180 1.35133 1.33575 1.34651 1.28045 1.26107 1.24446 1.23201 1.23100 1.23131 1.26279 1.44715 1.67463 1.71227 1.68128 1.64948
0.171699 0.432404 1.60201 1.51328 1.32469 1.36656 1.52189 1.55855 1.52897 1.41148 1.39633 1.30206 1.28405 1.28326 1.28009 1.28164 1.29110 1.30162 1.30327 1.30673 1.31667 1.31936 1.42171 1.43027 1.28996 1.19757 1.19728 1.18686 1.16383 1.07468 1.07816 1.10539 1.13663 1.13511 1.11710 1.10979 1.09672 1.06978 1.04168 1.01011 0.971050 0.955406 1.10304 1.20467 1.20504 1.30654 1.31114 1.30124 1.29873 1.29428 1.27997 1.27524 1.27538 1.28456 1.28237 1.24495 1.23227 1.24782 1.26965 1.29231 1.34939 1.50828 1.54088 1.54116 1.58562 1.59949
1.39258 1.47159 1.53661 1.65297 1.32584 1.28120 1.34823 1.45437 1.42098 1.40943 1.39237 1.33388 1.30390 1.31441 1.32494 1.33388 1.33496 1.33496 1.33019 1.31722 1.31060 1.30387 1.34733 1.38558 1.25973 1.11803 1.07976 1.06531 1.05435 1.03392 1.02256 1.04624 1.05964 1.02562 0.989147 0.953403 0.929021 0.941809 0.952613 0.965771 0.987640 1.01076 1.11328 1.21516 1.16010 1.22930 1.27524 1.27524 1.27524 1.27524 1.27524 1.28328 1.30538 1.33193 1.38275 1.34640 1.35958 1.36026 1.36398 1.36820 1.39768 1.48483 1.72943 1.61228 1.71793 1.74613
1.42257 1.35170 1.27484 1.46701 1.31560 1.22476 1.24112 1.41316 1.43418 1.44790 1.44759 1.34545 1.27947 1.27167 1.26399 1.25664 1.24948 1.24243 1.23487 1.21699 1.21498 1.21010 1.20651 1.27018 1.16044 1.02801 0.963237 0.946459 0.930029 0.917064 0.912389 0.946040 0.996736 0.959382 0.964850 0.984063 1.00123 0.999748 0.999765 1.00421 1.00832 1.01134 1.05298 1.24093 1.17990 1.21865 1.29553 1.31830 1.34194 1.36650 1.39199 1.40861 1.40886 1.43830 1.55857 1.48323 1.38687 1.40654 1.44331 1.47945 1.51661 1.61805 1.87737 1.70755 1.67709 1.67143
1.20805 1.20805 1.20805 1.29867 1.44729 1.30728 1.27775 1.36625 1.41700 1.40836 1.40476 1.28985 1.21417 1.21417 1.21417 1.21417 1.21373 1.20563 1.19163 1.17157 1.15815 1.14470 1.13599 1.17666 1.13740 1.01276 0.997017 1.02214 1.04288 1.06305 1.06426 1.06308 1.09611 1.08946 1.05534 1.06041 1.06346 1.06649 1.06954 1.07173 1.07389 1.07955 1.09733 1.28440 1.36367 1.35872 1.40886 1.40886 1.40886 1.45087 1.55338 1.65640 1.75796 1.82064 1.81521 1.69665 1.34163 1.48624 1.52990 1.50058 1.46533 1.47878 1.57417 1.58057 1.47694 1.55941
1.21828 1.22337 1.22846 1.18766 1.47181 1.36870 1.26423 1.29199 1.40407 1.40281 1.39789 1.32200 1.22009 1.20406 1.19067 1.17753 1.16425 1.15233 1.13825 1.13161 1.11895 1.09614 1.07877 1.08063 1.06637 1.00249 1.05823 1.08475 1.08613 1.08739 1.08565 1.07882 1.10028 1.13644 1.07537 1.07605 1.08182 1.08777 1.09390 1.10021 1.10429 1.10436 1.10462 1.21973 1.41918 1.40869 1.56030 1.67267 1.77305 1.82138 1.80819 1.79453 1.78229 1.77993 1.77605 1.78460 1.31607 1.27837 1.38190 1.37944 1.38297 1.40890 1.43391 1.66632 1.48017 1.51459
1.30435 1.30435 1.30435 1.30341 1.36228 1.47604 1.31458 1.26055 1.34107 1.34596 1.33569 1.28872 1.17700 1.12507 1.09662 1.06892 1.04275 1.02761 1.02230 1.03375 1.06339 1.07139 1.07679 1.07840 1.06776 1.00717 1.01860 1.08847 1.08847 1.08966 1.09517 1.09303 1.10535 1.15475 1.13390 1.10436 1.10436 1.10436 1.10436 1.10436 1.10619 1.15988 1.23712 1.38595 1.73079 1.72972 1.77144 1.79790 1.79033 1.78762 1.78060 1.77358 1.76656 1.75989 1.75881 1.76393 1.49297 1.19675 1.36720 1.40290 1.42057 1.42938 1.48505 1.60797 1.47232 1.43010
1.30435 1.30435 1.30435 1.30435 1.22358 1.50483 1.34434 1.22137 1.20422 1.21310 1.18583 1.14833 1.05972 1.01972 1.02728 1.03487 1.04236 1.04561 1.04676 1.04927 1.08090 1.08296 1.08311 1.08323 1.08053 1.03367 1.00323 1.10792 1.11865 1.12415 1.12473 1.12082 1.11460 1.14514 1.17059 1.10748 1.11298 1.17532 1.25770 1.34986 1.43787 1.46794 1.47394 1.50594 1.66363 1.74395 1.72725 1.77464 1.76409 1.75875 1.75875 1.76832 1.78618 1.80389 1.81727 1.82997 1.79615 1.25963 1.32086 1.43119 1.41253 1.40543 1.47971 1.62315 1.55748 1.45007
1.29910 1.26324 1.22556 1.19394 1.15361 1.20048 1.25317 1.15357 1.10988 1.17243 1.18014 1.18499 1.12127 1.05090 1.05190 1.05306 1.05420 1.05447 1.05455 1.05695 1.08618 1.09835 1.10266 1.10711 1.10829 1.07439 1.02652 1.08341 1.12818 1.12818 1.13007 1.14084 1.15527 1.25034 1.39420 1.44177 1.50890 1.53169 1.53187 1.51989 1.50604 1.49738 1.48875 1.49184 1.55428 1.77562 1.73848 1.84512 1.85148 1.85255 1.85378 1.84358 1.82371 1.80474 1.79082 1.79341 1.82334 1.44446 1.19889 1.39387 1.40543 1.40543 1.43364 1.58800 1.64088 1.66754
1.09883 1.09156 1.08899 1.08654 1.08174 1.07829 1.26430 1.16733 1.13935 1.22113 1.25803 1.28679 1.18509 1.06820 1.05778 1.06137 1.06506 1.06887 1.07271 1.07395 1.09200 1.10950 1.10944 1.10416 1.09560 1.07534 1.07522 1.09689 1.19982 1.19691 1.19006 1.17272 1.36482 1.58141 1.58851 1.57759 1.49978 1.49129 1.48279 1.47509 1.46027 1.44582 1.45436 1.46427 1.52190 1.63433 1.71086 1.78238 1.79012 1.79012 1.79012 1.79012 1.79012 1.79012 1.79012 1.79012 1.81577 1.71439 1.19133 1.31022 1.40734 1.44769 1.50559 1.71601 1.87696 1.92372
1.04819 1.04819 1.04819 1.06336 1.10880 1.13860 1.31749 1.34407 1.23384 1.27406 1.33299 1.34241 1.27969 1.12776 1.08291 1.08231 1.07531 1.06732 1.05931 1.05131 1.05231 1.07086 1.06293 1.06022 1.05774 1.03925 1.07744 1.06733 1.16793 1.18524 1.19556 1.21209 1.25906 1.63238 1.61767 1.62468 1.48489 1.47925 1.49004 1.49962 1.52418 1.54994 1.54969 1.54827 1.58317 1.57413 1.67292 1.74332 1.77433 1.76939 1.76449 1.75960 1.75481 1.75005 1.74534 1.74066 1.73603 1.68591 1.34755 1.34392 1.56659 1.58030 1.57807 1.65688 1.78418 1.76373
1.12880 1.17503 1.22125 1.25232 1.25314 1.25275 1.25664 1.42083 1.30975 1.26754 1.33519 1.32783 1.29620 1.13897 1.04821 1.03543 1.03443 1.03443 1.03443 1.03443 1.03301 1.05254 1.03885 1.02403 1.01541 1.02134 1.05836 1.12386 1.15645 1.19824 1.19766 1.19974 1.20434 1.48172 1.68189 1.68125 1.62031 1.52581 1.52217 1.52022 1.51844 1.51664 1.51488 1.51004 1.52513 1.50775 1.51702 1.65318 1.67057 1.67057 1.67057 1.67057 1.65625 1.59337 1.52648 1.45998 1.41272 1.44967 1.42827 1.40766 1.50613 1.52284 1.49551 1.50497 1.60468 1.66809
