results/OMI_NO2_200803.asc
ncols      200
nrows      200
xllcorner       120.258
yllcorner       41.1236
cellsize     0.0166667
NODATA_Value      -999.000
[rows 116 to 144 of 200, columns 67 to 133 of 200]
5.08026 6.64969 9.50250 10.4350 10.5151 10.5959 10.6780 10.6937 8.91711 8.77623 7.50814 7.42286 7.46143 7.50067 7.40872 7.18552 6.31306 6.06768 6.25734 6.48571 6.70351 7.05140 7.11613 7.12276 7.13023 7.13758 7.14476 7.15220 6.29467 3.91600 3.89073 3.89814 3.90533 3.91270 3.96574 3.81817 3.51020 3.51676 3.52002 3.52002 3.82909 4.11176 4.10175 4.50873 4.86109 4.90149 4.84563 4.81629 4.67199 4.70505 4.75945 4.81574 5.03055 4.85628 5.01531 5.08071 5.09575 5.09575 5.09594 4.95095 3.61215 3.60950 3.61065 3.61572 3.97758 3.93129 3.34394
7.84843 6.79421 12.0038 13.4061 13.6268 13.6268 13.6268 13.6268 11.9342 10.4136 9.13921 8.16822 8.07891 8.03298 8.18369 8.51489 8.30215 7.59513 7.59525 7.59525 7.59525 7.64862 7.50207 7.22934 7.10144 6.49966 5.80843 5.05961 4.29376 3.98506 3.94590 3.94590 3.94590 3.94748 3.99648 4.04510 3.61858 3.63012 3.65956 3.72103 3.88477 4.17746 4.25800 4.53845 5.18584 5.28826 5.33590 5.36587 5.22083 5.11064 5.11064 5.11064 5.24719 5.06199 5.11846 5.11946 5.12047 5.12060 5.11595 5.10989 3.91743 3.60805 3.60105 3.59412 3.57449 3.56133 3.23128
8.10104 6.80683 10.0981 13.0046 13.6268 13.4330 12.7699 11.6759 10.3907 8.07668 7.79414 8.89093 8.98251 9.02902 9.02902 9.02902 8.94485 7.64191 7.59525 7.59525 7.48651 6.82420 6.15035 5.12739 4.50246 4.48678 4.52522 4.56377 4.56679 4.20847 4.15142 4.18363 4.21659 4.24808 4.25971 4.33685 4.19630 4.25901 4.38853 4.48497 4.53624 4.68062 4.73556 4.77075 5.50840 5.53655 5.52499 5.41152 5.30954 5.11064 5.11064 5.10800 5.14992 5.11712 5.10092 5.09442 5.08793 5.08232 5.08130 5.08093 4.34353 3.58810 3.58771 3.58729 3.60153 3.63522 3.40375
7.50886 6.29203 6.04443 10.1617 10.0512 9.29396 8.85783 8.69684 8.69684 8.10112 7.64697 8.76992 9.02902 9.02902 9.02902 9.03502 8.97312 7.34540 6.16481 5.31909 4.54091 4.46670 4.79692 4.77133 4.80048 4.80222 4.80222 4.80222 4.80222 4.48714 4.37996 4.45114 4.60594 4.77644 4.95085 4.70968 4.55132 4.54271 4.54132 4.55585 4.57919 4.69898 4.79983 4.85380 5.36205 5.51011 5.47741 5.39793 5.36406 5.08464 5.07052 5.06666 5.06636 5.11447 5.07761 5.07771 5.07771 5.07771 5.07771 5.07771 4.77595 3.65641 3.71296 3.80309 3.87996 3.89459 3.82514
5.40832 4.89775 4.02520 6.71293 8.62298 8.69684 8.70160 8.72333 8.74664 8.65854 7.75719 8.35897 9.11674 8.49815 7.64962 6.69155 5.71918 5.18942 4.52965 4.52965 4.52965 4.52965 4.72179 4.85855 4.94921 5.08626 5.25235 5.42964 5.61652 5.52223 5.15585 5.29304 5.31770 5.33386 5.35530 5.15637 4.80258 4.82592 4.84664 4.82920 4.79688 4.81382 4.89254 4.89809 5.08844 5.33140 5.33140 5.34174 5.35883 5.13954 5.06599 5.06599 5.07572 5.16114 5.08196 5.14005 5.16072 5.23182 5.32036 5.41800 5.49432 4.21205 4.08608 4.09446 4.09446 4.07803 4.06424
4.89290 4.94833 4.27509 5.28204 8.63987 8.88452 8.90305 8.90459 8.87109 8.26706 6.81085 5.76075 5.77301 5.56769 5.58282 5.59792 5.61302 5.52233 4.80546 4.96281 5.14108 5.33286 5.56047 6.20852 6.09476 6.11647 6.11517 6.10470 6.09042 6.03967 5.35947 5.44089 5.46846 5.43468 5.39705 5.33142 4.75086 4.69488 4.66495 4.65887 4.65887 4.66599 4.81393 4.83687 4.95347 5.33140 5.33140 5.33303 5.35797 5.28696 5.22777 5.24528 5.25309 5.32905 5.32852 5.44481 5.52964 5.56488 5.58276 5.59149 5.59149 4.70623 4.10506 4.09446 4.09446 4.06899 4.00240
5.30173 5.31296 4.78128 4.54410 7.84699 8.40550 7.54712 6.58686 5.55717 5.27918 5.19874 4.68711 5.22671 5.29300 5.12247 4.96442 4.81667 4.72808 5.28605 5.74261 5.74253 5.74031 5.73718 6.15153 6.09637 6.08304 6.06995 6.06473 6.06473 6.06473 5.45655 5.17997 5.24593 5.24201 5.24201 5.24201 4.84374 4.65887 4.65887 4.65887 4.65887 4.65887 4.77355 4.82025 4.86268 5.29298 5.33140 5.33140 5.35031 5.36024 5.34355 5.42524 5.52003 5.58475 5.58168 5.59062 5.59149 5.58479 5.55535 5.49728 5.43550 4.92715 3.96130 3.87945 3.83690 3.81360 3.78753
5.44282 5.60472 5.61043 5.48899 5.49644 5.24307 5.09029 4.92113 4.76352 4.61799 4.48083 4.14783 4.26973 4.65816 4.63474 4.61168 4.58873 4.56536 4.73825 5.41814 5.37114 5.32248 5.27514 5.64461 6.40199 6.42218 6.44275 6.46453 6.48544 6.50666 6.13813 5.39301 5.54044 5.57806 5.59175 5.60574 5.37922 4.92199 4.93135 4.94136 4.95082 4.96039 5.04668 5.16255 5.19832 5.59363 5.86367 5.96204 6.06278 6.16188 5.95574 5.91609 5.89707 5.87757 5.65585 5.25331 5.19155 5.13650 5.10418 5.10050 5.10050 5.01663 3.89119 3.81898 3.81362 3.81362 3.80908
5.47444 5.40143 5.18886 4.64093 4.50951 3.86072 3.84911 3.83304 3.81709 3.80130 3.78669 3.73994 3.61640 4.04805 4.05847 4.05638 4.05071 4.03852 4.03238 4.60418 4.68388 4.68388 4.68388 4.83394 6.96366 6.98969 6.98969 6.98969 6.98969 6.98969 6.95559 5.72893 5.71517 5.81744 5.81744 5.81744 5.79463 5.08108 4.99588 4.94472 4.89341 4.84229 4.84864 5.11176 5.18687 5.46222 5.75468 5.72678 5.70969 5.70998 5.58947 5.50324 5.47667 5.44704 5.38843 5.48670 5.51315 5.53965 5.56650 5.59364 5.62118 5.64516 4.68950 4.34183 4.32108 4.33782 4.37384
4.88651 4.81925 4.78983 4.42188 4.35483 4.08232 3.78348 3.78348 3.78373 3.78679 3.78971 3.79147 3.64140 3.88999 4.03227 4.02128 4.01387 4.01367 4.01367 4.35300 4.68388 4.68388 4.68388 4.68388 6.47144 6.98969 6.98969 6.98969 6.96790 6.41945 6.13224 5.34548 4.88584 4.93136 4.85442 4.76666 4.67999 4.27066 4.08065 4.13932 4.21166 4.39409 4.59130 4.99957 5.17887 4.98888 5.21450 5.21464 5.21464 5.23248 5.21494 5.15092 5.15092 5.15092 5.15079 5.70091 5.76085 5.75373 5.74649 5.73877 5.73103 5.72724 5.13455 4.39812 4.33033 4.32738 4.32676
5.04526 4.85052 4.78986 4.54529 4.36022 4.33741 3.83993 3.79919 3.80070 3.79940 3.79823 3.79823 3.72985 3.70218 4.01367 4.01367 4.01367 4.01367 4.01367 4.11854 4.63528 4.59916 4.56304 4.52689 5.54287 6.48132 6.40457 6.32783 6.27273 5.58616 5.11910 4.89600 4.31018 4.31975 4.29716 4.27296 4.26754 4.30876 4.53901 4.70743 4.86114 4.90437 4.90437 5.06144 5.22380 5.19473 5.17047 5.21202 5.21376 5.22485 5.21835 5.12937 5.11898 5.11218 5.10599 5.49957 5.72090 5.72027 5.71976 5.71972 5.71972 5.71972 5.49087 4.41157 4.45103 4.49035 4.56628
5.29465 4.89224 4.81377 4.68243 4.37104 4.36925 4.12944 3.79823 3.79823 3.79823 3.78978 3.76060 3.73024 3.53456 3.85965 3.85557 3.82542 3.79532 3.76519 3.74624 4.25333 4.36198 4.36198 4.36198 4.86987 6.27043 6.26129 6.09469 5.88516 5.37278 4.63762 4.56729 3.96861 3.95534 4.45738 4.68091 4.87413 5.01405 5.17717 5.22420 5.25808 5.29219 5.32984 5.43942 5.67571 5.68374 5.38695 5.24902 5.25469 5.25327 5.19162 5.12666 5.10286 5.10286 5.10286 5.35136 5.72557 5.74175 5.75875 5.77734 5.86837 6.00549 6.13699 5.03080 4.83847 4.61431 4.61013
5.40135 5.03356 4.88841 4.89109 4.54249 4.58525 4.50958 3.61888 3.58269 3.55259 3.53095 3.52998 3.52998 3.45817 3.57799 3.74542 3.74542 3.75114 3.77213 3.79390 4.09182 4.35494 4.26352 4.17765 4.20609 5.70671 5.64324 5.65106 5.71619 5.72452 5.04137 5.22655 4.98906 4.82411 5.07111 5.22379 5.22897 5.23701 5.32663 5.39473 5.40276 5.41079 5.41512 5.41925 5.68541 5.70569 5.60483 5.25490 5.25490 5.25490 5.21337 5.16850 5.15558 5.16390 5.17245 5.30090 5.97290 6.08821 6.21369 6.32817 6.36229 6.34915 6.34089 5.50492 4.87861 4.68395 4.61074
5.88064 5.78449 5.34210 5.27538 4.95762 4.85134 4.81643 3.89612 3.60816 3.62993 3.65173 3.67353 3.69533 3.71438 3.65532 4.00397 4.05582 4.10210 4.13302 4.16311 4.16060 3.99642 3.99628 3.99633 4.00638 5.39740 5.85474 6.07052 6.29581 6.51357 5.69593 5.40202 5.18278 4.88373 4.94507 5.26714 5.27348 5.27348 5.30612 5.41512 5.41512 5.41512 5.41512 5.41512 5.60405 5.70569 5.70543 5.35828 5.25490 5.25490 5.23648 5.18714 5.20003 5.29495 5.40383 5.50997 6.32131 6.35334 6.34213 6.34076 6.34076 6.31500 6.18998 5.67464 4.83899 4.74848 4.54081
5.85795 5.84454 5.37338 5.16987 5.03662 4.78485 4.55423 3.95521 3.80176 3.82644 3.85642 3.88668 3.91666 3.94690 3.86638 4.14295 4.19477 4.19477 4.19477 4.19775 4.22441 4.10730 4.11076 4.26260 4.41522 5.32406 6.14383 6.01132 5.86454 5.73086 5.25857 4.95192 4.95191 4.91047 4.93106 5.18642 5.27348 5.27348 5.27416 5.39816 5.41512 5.41512 5.41512 5.41512 5.51845 5.70569 5.70569 5.56190 5.25631 5.32699 5.43533 5.45589 5.42552 5.30753 5.17050 5.03300 5.39958 5.47582 5.30697 5.13145 4.94851 4.79491 4.77834 4.77834 4.77834 4.77730 4.80531
6.11662 5.95900 5.56474 4.94179 4.78005 4.76463 4.82078 4.66323 4.54040 4.57210 4.59813 4.62425 4.65028 4.67640 4.68940 4.70374 4.97039 5.00623 4.97517 4.94586 5.02067 5.00642 4.97329 4.94301 4.91271 4.99337 5.68165 5.69161 5.69161 5.69161 5.46337 5.27306 5.65586 5.99164 6.28242 5.61988 5.27348 5.27348 5.27348 5.34991 5.41512 5.41370 5.39917 5.38152 5.38460 5.25910 5.23593 5.23734 4.79969 4.59401 4.43834 4.26449 4.22571 4.23117 4.23711 4.24802 4.40245 4.47647 4.45409 4.42817 4.40253 4.37725 4.69513 5.40289 6.05017 6.64722 6.95688
6.12899 6.17260 6.22048 5.56962 5.30723 5.23222 5.22321 5.12868 4.83285 4.83285 4.83285 4.83285 4.83421 4.84183 4.86046 4.75044 4.74876 4.82349 4.95094 5.07432 5.08284 5.06454 4.91404 4.91271 4.91271 4.88707 5.58369 6.00551 6.42013 6.80282 7.08425 6.56574 6.59554 6.60870 6.58992 6.38706 5.43821 5.53984 5.55596 5.60183 5.74424 5.77881 5.91823 6.06235 6.28398 5.95160 5.92447 6.07650 5.59756 4.85587 4.85587 4.83294 4.76101 4.76101 4.76101 4.76101 4.59570 4.09196 4.10400 4.11083 4.11766 5.09316 6.82649 6.83302 6.83569 6.83365 6.82505
6.23848 6.23848 6.23848 5.92649 5.34230 5.25553 5.22405 5.22164 4.86911 4.84252 4.85804 4.87707 4.89473 4.90614 4.90654 4.91919 5.07473 5.08284 5.08284 5.08284 5.08284 5.08284 4.95878 5.18882 5.61371 6.01108 6.87077 7.14645 7.12877 7.11121 7.09359 7.07742 7.14897 7.10555 7.02448 7.01419 6.03505 5.89309 5.99269 6.13503 6.32059 6.52827 6.65541 6.78276 6.83301 6.52351 6.10854 6.10845 6.05853 4.95308 4.84934 4.85503 4.78175 4.75956 4.76439 4.76922 4.75960 4.12822 4.11552 4.11281 4.10994 4.20202 6.61568 6.80192 6.80155 6.80155 6.80177
6.23902 6.24191 6.24507 6.22728 5.48786 5.29240 5.24520 5.26158 5.03221 4.90303 4.90654 4.90654 4.90654 4.90654 4.92402 4.96949 5.10954 5.21548 5.25512 5.51098 5.92602 6.31349 6.61274 6.66134 6.66134 6.66134 6.96013 7.09088 7.20674 7.32803 7.44671 7.56433 7.61303 7.38732 7.16078 7.35365 7.16985 6.49546 6.67617 6.81129 6.88053 6.85533 6.85880 6.86224 6.86570 6.78616 6.35216 6.55553 6.68448 6.15071 5.62353 5.81003 5.18887 4.76171 4.76171 4.76171 4.76171 4.24523 4.09723 4.10114 4.10114 4.10114 5.63670 6.80384 6.80854 6.82774 6.88902
6.25650 6.25678 6.25678 6.25678 5.87821 5.38139 5.38922 5.47141 5.40002 5.10166 5.14757 5.19345 5.23929 5.28504 5.31364 5.52889 5.96954 6.34062 6.66740 6.81021 6.81021 6.81021 6.81926 6.79020 6.94625 7.10229 7.40230 7.70183 7.65514 7.66885 7.68926 7.83743 8.02540 8.20636 8.08201 8.15158 8.24638 7.13189 6.94888 6.99533 7.15590 7.28146 7.47844 7.68745 7.90958 8.10756 7.63474 7.55132 7.48868 7.27955 5.90387 5.85079 5.57978 4.76171 4.76171 4.76171 4.76171 4.40042 4.09233 4.10235 4.10753 4.11797 4.55663 6.90392 6.99017 7.03519 7.03790
6.61389 6.71389 6.81381 6.91381 6.96296 6.16931 6.02171 6.00311 5.96943 5.33851 5.35962 5.58604 6.06443 6.50841 6.91994 7.14704 7.18779 7.13927 7.13617 7.25680 7.38347 7.50370 7.59989 7.62074 7.62256 7.62256 7.68989 7.90402 7.95210 8.14511 8.39997 8.53865 8.63737 8.75987 8.70044 8.75145 8.94873 8.58706 8.03011 8.20660 8.21510 8.14763 8.13213 8.13213 8.13213 8.13213 7.82185 7.55132 7.52527 7.41202 6.47844 5.85079 5.84793 4.88397 4.76171 4.76210 4.76726 4.58140 4.14214 4.22880 4.29894 4.36342 4.37689 6.30331 7.03790 7.07472 7.22405
7.06043 7.04394 7.02745 7.01100 6.99454 6.43220 6.19568 6.49312 6.54036 6.08813 6.23145 7.40582 7.40017 7.38485 7.42815 7.53024 7.62649 7.68387 7.61295 7.62254 7.62254 7.62254 7.62254 7.64185 7.78452 7.94919 8.18132 8.73653 8.81169 9.07980 9.28103 9.47329 9.67294 9.80716 9.74627 9.56994 9.56994 9.48419 8.26025 8.21510 8.21510 8.17618 8.13213 8.13213 8.13213 8.13213 7.98678 7.55132 7.55068 7.42437 7.17409 5.86219 5.85509 5.23402 4.80091 4.90939 5.12903 5.32489 4.78146 4.95188 5.20256 5.43247 5.66700 6.63779 8.54205 8.70315 8.23452
7.10627 7.14859 7.19091 7.23323 7.27583 7.20365 6.46344 6.96841 6.98564 6.71766 6.33162 7.53178 7.92629 8.22691 8.29756 8.32401 8.35046 8.37697 8.22080 8.17564 8.29019 8.52331 8.86987 9.28169 9.58771 9.88342 10.1461 10.0797 9.85365 9.80981 9.80981 9.80981 9.80981 9.80916 9.75723 9.45285 9.32586 9.23511 8.63669 8.21438 8.21510 8.20450 8.13235 8.13213 8.13213 8.13669 8.16522 7.80903 7.91305 7.94679 8.00040 7.17831 7.06807 7.02414 6.24673 6.33847 6.34683 6.34353 5.69582 5.80621 6.34843 6.34559 6.34274 6.35293 8.40242 8.69050 8.21687
8.27608 8.23479 8.18524 8.13584 8.08627 8.03686 7.34133 7.58981 7.63436 7.55621 6.94715 7.48617 8.32064 8.65177 8.67219 8.68881 8.79396 9.03932 9.43407 9.64738 10.0062 10.2331 10.3221 10.3332 10.3332 10.3332 10.3332 10.1253 9.95426 9.80972 9.76637 9.68680 9.60724 9.52833 9.49816 9.36353 9.22234 9.26754 9.15750 8.39095 8.45363 8.50865 8.49849 8.53572 8.59110 8.64687 8.66093 8.52598 8.31495 8.07681 7.82701 7.72496 7.52638 7.52610 6.50889 6.33931 6.33931 6.33931 5.84889 5.51636 6.26637 6.29092 6.29431 6.29799 7.27666 8.29544 8.06682
7.95863 8.01189 8.01189 8.01189 8.01189 8.01189 7.81270 7.42176 7.63436 7.64406 7.17021 7.17258 8.44443 8.96741 9.31475 9.49484 9.58597 9.53853 9.72288 10.0042 9.91468 9.85383 9.79395 9.73437 9.67585 9.61785 9.53116 9.22473 8.86028 8.65497 8.60143 8.57979 8.63786 9.75571 9.80314 9.76182 9.63367 9.63848 9.63848 8.98689 8.94475 9.21922 9.15310 8.62508 8.45682 8.26231 8.06875 7.93650 7.89544 7.88224 7.78405 7.78388 7.57983 7.52563 6.88432 6.32671 6.32244 6.31826 6.03779 5.44585 5.98517 6.25161 6.24396 6.23605 6.36794 8.14199 8.13509
7.90403 8.01189 8.01189 8.01466 8.09592 8.21318 8.32739 7.89906 7.81646 7.34017 7.20377 7.06712 7.84045 8.45659 8.69239 8.69279 8.69279 8.69279 8.71018 9.17618 9.15962 9.14148 9.09936 9.01973 8.93969 8.85967 8.80852 8.71106 8.38481 8.64752 8.64803 8.56011 8.45516 9.31008 9.59412 9.73382 10.2451 10.6646 10.9235 10.9609 10.4677 10.3195 9.85250 8.05030 8.03149 8.04570 8.05982 8.06553 8.01553 7.88228 7.38341 7.12213 6.85341 6.52907 6.35662 6.24405 6.24391 6.24391 6.18634 5.39737 5.65270 6.19485 6.19485 6.19485 6.19485 7.46419 8.21983
7.90511 8.35627 8.53807 8.65262 8.68848 8.68848 8.68848 8.53270 8.77512 7.81163 7.70219 7.16276 7.25572 8.25466 8.52332 8.57684 8.55869 8.54053 8.51205 8.78097 8.90115 8.84011 8.80220 8.80176 8.80176 8.80177 8.76545 8.69966 8.29314 8.59521 8.73473 8.89470 9.08103 10.0624 10.7764 10.7516 10.8634 11.1267 10.9465 10.7582 9.98490 10.0564 10.0366 8.33743 7.74820 7.54364 7.35087 7.16880 6.95041 6.88224 6.66548 6.51103 6.50779 6.32268 6.29611 6.25466 6.24391 6.24391 6.24391 5.53413 5.42751 6.16540 6.20465 6.27514 6.35411 6.78723 8.34195
7.95785 8.38215 8.72084 8.73924 8.75766 8.77608 8.79448 8.79102 9.15591 8.11591 7.91662 7.10860 7.01128 7.78701 8.30834 8.46285 8.40525 8.34765 8.30968 8.45659 8.82053 8.82743 8.75575 8.66409 8.57246 8.62109 9.22082 9.34780 9.00688 9.18010 9.32952 9.29878 9.26348 9.57822 10.4571 10.2973 10.1524 10.3336 10.0986 9.82528 9.13284 8.46500 8.27147 7.63364 6.94031 6.94031 6.94031 6.94031 6.90939 6.88224 6.76426 6.51103 6.51103 6.41615 6.29611 6.27243 6.24391 6.24391 6.24516 5.77636 5.50547 6.09037 6.38029 6.31820 6.24766 6.22610 7.79961
8.10783 8.26238 8.86152 8.90876 8.95638 9.00394 9.05151 9.09796 9.27740 8.46848 7.96945 7.43691 7.07143 7.28441 7.99405 8.31726 8.33959 8.30665 8.21248 8.12789 8.44882 8.43796 8.42339 8.42339 8.42339 8.43220 9.25309 9.33308 9.06306 8.91681 9.02738 8.73231 8.42518 8.31266 9.23608 9.03306 8.85771 8.93504 9.05610 9.05679 8.98388 8.11563 8.21707 8.08947 6.95642 6.94031 6.94031 6.94031 6.92643 6.88224 6.85834 6.51549 6.51103 6.49984 6.30914 6.31991 6.35404 6.42213 6.43549 6.06579 5.40371 5.56524 6.01550 5.85615 5.70298 5.55692 6.14128
