results/OMI_NO2_2010_06-08.asc
ncols      200
nrows      200
xllcorner       120.258
yllcorner       41.1236
cellsize     0.0166667
NODATA_Value      -999.000
[rows 29 to 57 of 175, columns 0 to 66 of 200]
2.45468 2.45420 2.43913 2.25130 2.43696 2.58325 2.58624 2.64069 2.71380 2.78680 2.82070 3.14337 3.28078 3.33346 3.36771 2.76888 2.72242 2.63052 2.45557 2.38597 2.28319 2.10737 2.07206 1.78994 1.88105 2.01386 2.22619 2.28999 2.34526 2.33737 2.25920 2.18414 2.17457 2.15508 2.06151 1.89809 1.92429 1.88333 1.89411 1.75296 1.72940 1.74273 1.74273 1.74273 1.74273 1.74504 1.75229 1.74926 1.72325 1.65783 1.61239 1.56837 1.55538 1.81128 1.92077 1.92468 1.95043 1.94602 2.00706 2.03504 2.08575 2.09683 2.18728 2.17982 2.17368 2.17392 2.12532
2.35750 2.42609 2.43261 2.32666 2.45198 2.77451 2.85690 2.87883 2.87883 2.87650 2.80536 2.88255 3.13952 3.14074 3.20663 2.43999 2.33379 2.29794 2.22803 2.17827 2.12131 1.94944 1.94685 1.71039 1.59164 2.03234 2.17247 2.06030 2.12578 2.14512 2.11933 2.11265 2.12348 2.14177 2.12228 1.88430 1.89968 1.86321 1.84452 1.75028 1.67734 1.68845 1.69478 1.69387 1.66186 1.62475 1.58222 1.55090 1.53914 1.53914 1.54935 1.52288 1.49288 1.60470 1.78953 1.80381 1.93208 1.93781 1.95112 1.95845 1.92210 1.89659 1.88411 1.86353 1.80706 1.89112 1.92208
2.37181 2.51171 2.56306 2.52727 2.48715 2.84453 2.85107 2.80294 2.75687 2.72992 2.74336 2.80777 2.95299 2.91572 2.96021 2.91804 2.07168 2.01574 2.06632 2.17827 2.12131 1.94944 1.94944 1.90899 1.57497 1.89580 2.06364 1.93131 2.06590 2.09852 2.06987 2.06658 2.08142 2.10836 2.08120 1.92648 1.85765 1.83445 1.82235 1.80478 1.62905 1.60713 1.55982 1.52095 1.51788 1.51788 1.51750 1.52152 1.50169 1.50336 1.49829 1.46013 1.44032 1.48552 1.68631 1.74590 1.89732 1.89499 1.88160 1.88134 1.87715 1.87396 1.87049 1.86107 1.91048 1.95503 1.92154
2.49542 2.54652 2.57042 2.54423 2.37539 2.70198 2.86024 2.90375 2.91952 2.89451 2.80215 2.80870 2.79268 2.85957 2.96194 2.96945 1.83852 1.83852 1.84588 1.96677 1.90918 1.68514 1.62494 1.77855 1.73978 1.99642 2.11105 2.00498 2.00815 2.06010 2.03958 2.03570 2.03501 2.04085 2.03757 1.95222 1.80705 1.72424 1.66807 1.61732 1.52769 1.51193 1.50825 1.49557 1.48273 1.47022 1.45418 1.46184 1.43164 1.41965 1.45481 1.44804 1.49486 1.54379 1.66622 1.62207 1.79645 1.88307 1.88307 1.88428 1.86990 1.83534 1.78034 1.71001 1.70311 1.70220 1.65690
2.49695 2.49120 2.50221 2.50275 2.36993 2.42622 2.69350 2.65583 2.64458 2.62356 2.60266 2.64458 2.64167 2.70228 2.78055 2.80402 2.81646 2.04544 1.95710 1.92482 1.85753 1.64873 1.64761 1.92221 2.02984 2.11086 2.14287 2.09782 2.06414 2.08231 2.12092 2.12129 2.10777 2.09046 2.06021 2.02713 1.89598 1.78787 1.78734 1.76877 1.70061 1.57838 1.56854 1.55721 1.54372 1.52832 1.53880 1.58759 1.62245 1.66337 1.70319 1.66835 1.67841 1.67972 1.73202 1.68726 1.71687 1.90658 1.77956 1.74840 1.73305 1.63236 1.55555 1.44131 1.54189 1.59476 1.57842
2.42150 2.43632 2.36853 2.34702 2.30431 2.21843 2.53531 2.62068 2.61620 2.57608 2.53449 2.55263 2.53537 2.56862 2.67365 2.66414 2.64534 1.98823 1.94538 1.89065 1.89656 1.77802 1.77802 2.03203 1.85798 1.99018 2.03440 2.01460 1.99283 1.97023 1.97930 1.94830 1.94128 1.94125 1.90219 1.90677 1.87023 1.69597 1.69616 1.68261 1.64838 1.50752 1.51052 1.55666 1.61734 1.65032 1.68813 1.73338 1.68297 1.71248 1.75007 1.67972 1.71721 1.80665 1.88105 1.91472 1.90442 1.98627 1.73329 1.64814 1.63353 1.60756 1.54317 1.40823 1.56173 1.63937 1.62265
2.27764 2.36083 2.34693 2.33715 2.33410 2.18609 2.39127 2.53305 2.50683 2.45792 2.41577 2.43597 2.40767 2.44077 2.61469 2.67019 2.73728 2.79050 1.93418 1.87131 1.88124 1.81084 1.83350 2.09308 1.75221 1.93352 1.99018 1.93705 2.03387 1.92217 1.88107 1.88269 1.88026 1.87734 1.81642 1.84021 1.87229 1.67994 1.67330 1.68619 1.75727 1.73473 1.71402 1.72919 1.72958 1.70551 1.70551 1.72958 1.68069 1.80269 1.93053 1.97269 2.00631 1.98938 1.97109 1.92298 1.84715 1.87731 1.81492 1.59170 1.59170 1.63851 1.60480 1.45443 1.54562 1.64120 1.59178
2.26027 2.30239 2.32812 2.29238 2.26015 2.15177 2.13902 2.42259 2.41905 2.39773 2.39850 2.48204 2.51640 2.58881 2.66899 2.71202 2.71853 2.73469 2.07110 2.06083 2.06978 2.10891 2.06938 2.20228 1.99018 2.12238 2.16015 2.03446 2.04440 1.96060 1.88854 1.85025 1.81434 1.77574 1.69846 1.72697 1.85025 1.75960 1.72767 1.73175 1.79832 1.82101 1.73017 1.72958 1.75265 1.81515 1.89136 1.96463 1.98358 1.97661 1.99647 1.95754 1.94458 1.94017 1.93658 1.92533 1.86015 1.84512 1.91160 1.61691 1.60967 1.69459 1.71438 1.41634 1.38078 1.51939 1.50084
2.18419 2.12615 2.18822 2.17525 2.15793 2.13884 2.05077 2.34999 2.54031 2.54486 2.52519 2.60656 2.60918 2.67005 2.70096 2.81024 2.84559 2.86156 2.87750 1.89055 1.84910 1.84663 1.84693 2.03162 1.96350 2.04134 2.02712 1.82987 1.68747 1.79071 1.78201 1.74697 1.75668 1.76850 1.71331 1.68983 1.84159 1.82579 1.73175 1.73180 1.77158 1.95133 1.94503 1.96673 2.00541 1.99472 1.98039 1.96987 1.93000 1.93461 1.96271 1.93625 1.92176 1.91762 1.91762 1.91723 1.88040 1.84692 1.91097 1.80430 1.60341 1.68101 1.70158 1.39672 1.29876 1.48419 1.58053
2.09231 2.04355 2.11964 2.22348 2.23978 2.26464 2.13815 2.33214 2.60839 2.58438 2.56894 2.67593 2.69057 2.70230 2.62781 2.64270 2.67150 2.63393 2.70924 1.75763 1.74628 1.77198 1.86389 2.03334 1.68722 1.77551 1.83710 1.67512 1.51662 1.67028 1.75746 1.62825 1.58853 1.55641 1.50248 1.50256 1.66898 1.88909 1.88778 1.94418 1.99618 2.07813 2.05535 1.96259 1.95237 1.93567 1.94010 1.94661 1.93161 1.93956 1.96633 1.94810 1.95099 1.98585 2.02556 2.06530 2.05659 1.98989 1.98282 2.00792 1.63735 1.78328 1.87548 1.61727 1.69243 1.75307 1.71387
2.23256 2.19747 2.24086 2.35397 2.36503 2.37330 2.30369 2.33788 2.89834 2.81990 2.70229 2.74353 2.70056 2.64952 2.64309 2.65649 2.81066 2.81000 2.92713 1.74202 1.74202 1.70764 1.86389 2.03334 1.65499 1.59757 1.53459 1.32741 1.11634 1.17961 1.52880 1.46407 1.43896 1.54323 1.62689 1.72190 1.83814 2.03717 2.02111 1.95088 1.92701 1.95024 1.99017 1.92107 1.92051 1.90953 1.92025 1.93713 1.92439 1.95488 1.98806 2.02380 2.06927 2.13992 2.17109 2.21210 2.27323 2.21351 2.18706 2.20004 1.92594 1.91659 1.97892 1.73186 1.69923 1.82336 1.80990
2.20727 2.17055 2.15552 2.26705 2.33169 2.28565 2.20070 1.98741 2.29342 2.36434 2.35805 2.43955 2.45638 2.43955 2.45638 2.47350 2.59280 2.64567 2.75946 2.46179 1.91522 1.88023 2.09415 2.44089 1.52459 1.52315 1.52315 1.55055 1.40141 1.32149 1.62237 1.62846 1.61267 1.82492 1.82349 1.80793 1.79403 1.99559 2.05757 1.94691 1.94455 1.95483 2.03937 2.01514 1.97211 1.96973 1.99892 2.05571 2.08430 2.15442 2.19742 2.25562 2.32332 2.37755 2.43145 2.47343 2.47721 2.37589 2.29087 2.22430 2.09383 2.00350 2.09975 1.87380 1.77880 1.99157 1.98905
2.25783 2.23515 2.15472 2.13362 2.11065 2.11059 2.09666 1.98649 2.15948 2.31683 2.35479 2.43880 2.44859 2.42431 2.43191 2.44258 2.56630 2.72342 2.88314 2.61247 2.01286 1.95706 2.04098 2.49289 1.35880 1.35880 1.35880 1.40141 1.28210 1.21138 1.37242 1.57259 1.51776 1.67364 1.75742 1.75600 1.75596 1.85637 2.03494 1.96849 1.92543 1.93248 2.01535 2.14315 2.17704 2.17085 2.20435 2.29079 2.26264 2.35170 2.45513 2.47721 2.47721 2.47721 2.47721 2.46906 2.43458 2.39773 2.37787 2.28546 2.11919 2.14259 2.13574 1.88164 1.81684 1.95985 2.00694
2.16043 2.14088 2.14572 2.15410 2.10847 2.12762 2.10262 2.05181 2.03051 2.24333 2.30523 2.37036 2.39220 2.39155 2.41737 2.44590 2.51710 2.64371 2.79568 2.55042 2.55873 1.95009 1.96681 2.48196 1.25859 1.30257 1.30257 1.33921 1.25222 1.19962 1.21967 1.43954 1.48367 1.51025 1.74454 1.74852 1.75019 1.76970 1.96803 2.03357 2.14209 2.25603 2.33167 2.43477 2.49910 2.42190 2.40785 2.45932 2.36041 2.41367 2.47721 2.47103 2.43772 2.40126 2.36481 2.33497 2.32827 2.32339 2.36727 2.37072 2.12362 2.21236 2.13340 1.89144 1.88508 1.94423 2.11734
2.20720 2.20720 2.20469 2.20137 2.15179 2.11456 2.08956 2.06913 1.96996 2.18472 2.31758 2.35353 2.35473 2.34648 2.35528 2.37496 2.42039 2.47393 2.67768 2.47087 2.50591 2.07023 2.07350 2.38164 1.25859 1.30257 1.30257 1.33984 1.25533 1.20748 1.20989 1.30134 1.49949 1.46422 1.65213 1.77763 1.84397 1.91518 2.12465 2.26001 2.35427 2.38869 2.38799 2.42604 2.50682 2.52015 2.41255 2.45498 2.31953 2.33807 2.36795 2.33737 2.33039 2.32553 2.32012 2.31605 2.31518 2.31446 2.38641 2.38712 2.07367 2.18277 2.07021 1.80101 1.74888 1.65587 1.87756
2.18070 2.17113 2.16083 2.12915 2.07059 2.05299 2.13442 2.12052 2.08174 2.14469 2.39273 2.39818 2.35577 2.34684 2.35606 2.37740 2.41335 2.41772 2.61191 2.41020 2.48341 2.54377 2.19740 2.47804 1.26615 1.31108 1.31272 1.34327 1.24200 1.15781 1.16280 1.32097 1.63440 1.74638 1.82311 2.02759 2.03751 2.05017 2.14163 2.29848 2.36398 2.42960 2.43230 2.44513 2.49599 2.52924 2.33729 2.31167 2.16879 2.16287 2.23100 2.22504 2.22305 2.22221 2.22201 2.22201 2.22201 2.22201 2.31431 2.33833 1.99072 1.94951 1.87712 1.51794 1.48627 1.55478 1.79289
2.14236 2.11764 2.09316 2.02998 2.00238 1.97188 2.13678 2.12165 2.13509 2.06177 2.38156 2.43550 2.38819 2.37942 2.39254 2.42256 2.52120 2.61459 2.73956 2.70641 2.94030 3.14595 2.87727 3.22260 1.19060 1.22796 1.26277 1.43777 1.53996 1.65277 1.74893 1.78855 1.87000 1.90662 1.90981 2.10728 2.19452 2.22881 2.23052 2.26372 2.28432 2.37742 2.35620 2.33371 2.40623 2.46350 2.38939 2.34510 2.22312 2.22226 2.31431 2.31431 2.31431 2.31431 2.31431 2.31365 2.28395 2.08457 2.17876 2.17276 1.92571 1.92151 2.03728 1.97325 2.04250 2.06350 2.03160
2.16865 2.16867 2.16896 2.11711 2.08021 2.05943 2.15546 2.20729 2.25374 2.13703 2.50288 2.63954 2.63743 2.72244 2.88655 3.07824 3.10533 3.20349 3.28797 3.26938 3.30152 3.48046 3.48231 3.29325 1.56959 1.68145 1.75178 1.77615 1.83666 1.88782 1.94413 1.99904 2.07034 2.07639 2.06391 2.06472 2.19402 2.16181 2.13053 2.13964 2.17601 2.30465 2.34176 2.32798 2.37751 2.42804 2.45069 2.36047 2.36047 2.36047 2.38816 2.38816 2.37498 2.32777 2.27888 2.22674 2.20123 2.09095 2.18052 2.16348 2.13951 2.15355 2.10851 2.04072 2.00068 2.00068 1.99018
2.06664 2.06560 2.06436 2.01588 1.99385 1.94721 1.92174 2.05670 2.25406 2.31162 2.54717 3.12077 3.22861 3.31192 3.35279 3.33177 3.20391 3.20391 3.18159 3.04296 3.16530 3.27776 3.29325 3.29348 1.87011 1.94570 2.02412 2.10028 2.08891 2.08838 2.08498 2.06448 2.09784 2.18495 2.19345 2.17299 2.13292 2.12855 2.12508 2.15618 2.17977 2.28200 2.38037 2.36175 2.36636 2.44426 2.45601 2.40908 2.38600 2.34915 2.29613 2.23346 2.19892 2.19512 2.17812 2.11271 2.07147 1.98874 1.95730 1.95112 1.97691 2.06114 2.06085 2.06793 2.00726 2.00869 2.02687
1.97862 1.94796 1.91734 1.86348 1.88940 2.03006 2.17657 2.50399 2.77262 2.86602 2.92745 3.30403 3.36463 3.41551 3.40855 3.41469 3.31458 3.36412 3.40885 3.16510 3.29258 3.29597 3.29708 3.29796 2.06394 2.08753 2.08374 2.07990 2.08408 2.14096 2.18922 2.23951 2.25804 2.27893 2.21353 2.15453 2.08830 2.07954 2.07890 2.11359 2.12724 2.21912 2.33372 2.33405 2.37536 2.39267 2.30237 2.30333 2.20487 2.19756 2.15307 2.10738 2.05320 1.99669 1.94811 1.95652 1.95652 1.93136 1.95823 1.96472 1.94349 2.05636 2.06890 2.09134 2.08203 2.08154 2.08416
1.88751 1.91248 1.90463 1.89634 1.94286 2.37009 2.42567 2.55015 2.75232 2.83640 2.85767 3.13816 3.36670 3.45167 3.50344 3.52188 3.38084 3.38186 3.36979 3.11959 3.19855 3.24997 3.24997 3.24997 2.03430 2.13975 2.19269 2.23575 2.26964 2.27024 2.24528 2.21142 2.17384 2.14185 2.16202 2.11650 2.07764 2.06524 2.06474 2.12254 2.13108 2.19966 2.18894 2.05542 1.96341 1.86243 1.92636 1.96273 2.01448 1.95228 1.93575 1.93575 1.93575 1.93575 1.93579 1.94763 1.95741 1.93309 1.96223 1.98003 1.96827 2.03740 2.07103 2.06445 2.08506 2.08726 2.08530
2.00483 2.02559 1.94093 1.92375 1.93716 2.21335 2.43961 2.50134 2.75723 2.92774 3.00913 3.12647 3.41745 3.49410 3.49273 3.48800 3.37200 3.35718 3.32868 3.18030 3.20742 3.33327 3.33327 3.33254 2.16581 2.26059 2.24353 2.19056 2.16397 2.12742 2.10964 2.13168 2.13479 2.13820 2.17114 2.14153 2.13122 2.12826 2.11025 2.13104 2.08552 2.02807 1.92768 1.72157 1.69754 1.66376 1.84774 1.89958 1.89319 1.93575 1.93577 1.93621 1.93679 1.93737 1.93808 1.95925 1.97693 1.95501 1.95337 1.93763 1.98280 2.03299 2.13637 2.11630 2.06372 2.09913 2.10421
2.01825 2.03253 1.95595 1.98049 2.02088 2.14306 2.60858 2.68827 2.83432 2.96060 3.02490 3.06251 3.30940 3.42745 3.40011 3.36399 3.26977 3.26850 3.26850 3.15394 3.15635 3.25422 3.28620 3.28115 2.01083 2.11019 2.08446 2.08466 2.11376 2.11744 2.12457 2.17086 2.19933 2.22735 2.24309 2.25711 2.18928 2.02735 1.94633 1.95354 1.92345 1.91868 1.88750 1.72539 1.68106 1.66350 1.71874 1.87867 1.83824 1.92325 1.92387 1.92893 1.94527 1.94729 1.96350 1.95980 1.94762 2.02798 1.97225 1.97225 2.02339 2.02588 2.16030 2.19112 2.18305 2.24388 2.27036
2.12731 2.16882 2.14535 2.17736 2.19545 2.21068 2.62325 2.74438 2.78651 2.91463 3.00148 3.00861 3.11822 3.37551 3.37965 3.37829 3.27918 3.27849 3.27601 3.16438 3.18173 3.23580 3.32973 3.24138 1.96362 2.09450 2.16275 2.19327 2.24013 2.26461 2.26749 2.26059 2.22803 2.19248 2.17269 2.18062 2.09186 1.96610 1.85942 1.86929 1.86929 1.88610 1.88092 1.78254 1.67213 1.65057 1.64424 1.85787 1.85972 1.91465 1.95483 1.97530 1.99122 2.00848 2.05919 2.00848 1.98543 2.04470 1.99157 2.00808 2.07064 2.10467 2.22435 2.31039 2.25049 2.15954 2.09906
2.30456 2.31611 2.28472 2.30219 2.30219 2.29369 2.46387 2.72909 2.71739 2.83657 2.97637 3.06692 3.17797 3.32596 3.38333 3.38296 3.29928 3.29515 3.21620 2.99565 2.87251 2.74158 2.70929 2.71633 2.11235 2.18066 2.26008 2.23345 2.21480 2.18245 2.17101 2.16404 2.16130 2.16111 2.16111 2.16122 2.11680 2.04672 1.87793 1.87164 1.87303 1.88760 1.89841 1.83328 1.68728 1.65625 1.66349 1.79171 1.89875 1.89740 1.98543 1.98543 1.98543 1.98543 2.02798 1.99384 2.01238 2.08915 2.08963 2.14360 2.17444 2.19074 2.21304 2.19522 1.99116 1.92810 2.01418
2.24121 2.25435 2.20854 2.21389 2.23331 2.25827 2.33602 2.80631 2.96046 3.07014 3.18737 3.21391 3.22309 3.09295 3.13486 3.01342 2.72233 2.61509 2.60270 2.60270 2.60270 2.60329 2.64415 2.71389 2.12124 2.13562 2.09943 2.09259 2.10936 2.10936 2.10936 2.10936 2.10945 2.11114 2.11339 2.10424 2.07561 1.97305 1.82200 1.87309 1.89371 1.89304 1.90267 1.86769 1.79073 1.69868 1.69902 1.72136 1.90603 1.87238 1.97658 1.98553 2.00728 2.04925 2.15176 2.19105 2.22375 2.21754 2.28425 2.29343 2.28075 2.26793 2.26845 2.23104 2.09868 1.95506 1.99094
2.25240 2.30368 2.33242 2.42425 2.49148 2.52091 2.55591 2.78816 2.95749 2.89151 2.99353 2.93755 2.85364 2.61315 2.80078 2.80503 2.59726 2.59727 2.60877 2.62803 2.64453 2.65845 2.66379 2.72619 2.08465 2.13639 2.10948 2.12117 2.13610 2.13705 2.13808 2.13200 2.09811 2.05556 2.00562 1.96910 1.96958 1.93898 1.88422 1.83970 1.92831 1.93867 1.94944 1.92503 1.85014 1.69902 1.69902 1.69902 1.85491 2.00284 2.11466 2.22542 2.27022 2.29465 2.24276 2.30319 2.32239 2.26654 2.32778 2.32778 2.32778 2.31532 2.30042 2.26881 2.15874 1.86278 1.90263
2.45204 2.48443 2.46587 2.48551 2.51600 2.53950 2.55795 2.54536 2.55596 2.55158 2.72085 2.81322 2.82301 2.60482 2.69851 2.82987 2.64135 2.65605 2.66015 2.65565 2.65054 2.64470 2.67154 2.70776 1.89530 2.13478 2.11369 2.12361 2.10731 2.06585 2.01754 1.97317 1.96932 1.96681 1.93061 1.88642 1.84366 1.82687 1.89500 1.86458 1.93829 1.94287 1.95703 1.95993 1.89928 1.88735 1.98106 2.07602 2.21081 2.33236 2.29068 2.24695 2.27714 2.29976 2.25136 2.30944 2.32396 2.26634 2.31478 2.29281 2.26747 2.23958 2.23895 2.26448 2.24582 2.07094 2.08226
2.50138 2.50839 2.47211 2.47420 2.48358 2.47428 2.48404 2.48395 2.46882 2.49994 2.60252 2.75761 2.77392 2.59895 2.61821 2.89820 2.74814 2.74365 2.74130 2.74130 2.74130 2.74130 2.77131 2.77948 1.52915 2.03367 1.96399 1.93388 1.96932 1.96929 1.93970 1.89540 1.85119 1.80944 1.79985 1.79853 1.79976 1.81704 1.86711 1.88912 1.91496 1.97382 2.03168 2.07938 2.11057 2.16133 2.22143 2.23495 2.23216 2.30700 2.31662 2.26430 2.27776 2.29970 2.23596 2.24837 2.23765 2.13339 2.19035 2.20338 2.24691 2.30708 2.36393 2.44689 2.42814 2.25656 2.12258
