results/OMI_NO2_201008.asc
ncols      200
nrows      200
xllcorner       120.258
yllcorner       41.1236
cellsize     0.0166667
NODATA_Value      -999.000
[rows 145 to 173 of 175, columns 67 to 133 of 200]
3.95066 3.95066 3.95066 3.95066 3.95066 3.95066 3.95066 3.95066 3.95066 3.95066 3.96124 4.77524 5.10888 5.15979 5.15531 5.12196 5.20484 5.30388 5.42619 5.56144 5.46820 5.46202 5.46202 5.46202 5.46202 5.46202 5.46202 5.46202 5.46202 5.49697 5.49270 5.54000 5.69313 5.83835 5.91571 5.93660 5.93660 5.92741 4.31201 4.02372 4.02372 4.02372 3.91547 3.81847 3.73817 3.47728 3.46157 3.41401 3.36291 3.12668 2.70973 2.70617 2.70617 2.70617 2.70617 2.70617 2.70617 2.70617 2.70617 2.70617 2.70617 2.70617 2.70617 2.92078 3.29820 3.26071 3.22237
3.95066 3.95066 3.95066 3.95066 3.95066 3.95066 3.95066 3.95066 3.95066 3.95066 3.95066 4.40166 5.21534 5.32568 5.42937 5.56210 5.57845 5.57845 5.57845 5.57845 5.50890 5.46202 5.46202 5.46202 5.46716 5.53418 5.61922 5.70419 5.78912 5.83916 5.84783 5.93506 5.93660 5.93660 5.93660 5.93660 5.93660 5.93660 5.10334 4.01185 3.96757 3.92148 3.80826 3.57402 3.52292 3.38374 3.26974 3.26708 3.26708 3.24992 2.74167 2.70617 2.70617 2.70617 2.70617 2.70617 2.70617 2.70617 2.70617 2.71961 2.84260 2.97397 3.08961 3.19840 3.16204 3.14396 3.16910
3.95066 3.95066 3.95066 3.95066 3.95066 3.95066 3.95066 3.96664 4.22549 4.56647 4.90745 5.26512 5.85508 5.63080 5.57845 5.57845 5.57845 5.57845 5.57845 5.57752 5.58974 5.57115 5.65612 5.74112 5.82094 5.83885 5.83885 5.83885 5.83885 5.83885 5.83885 5.90814 5.93660 5.93660 5.93660 5.93451 5.89967 5.85356 5.61205 3.86752 3.77063 3.73237 3.70029 3.46193 3.42993 3.41105 3.26977 3.26708 3.26708 3.26708 2.92851 2.70617 2.70617 2.70617 2.70617 2.78684 2.92516 3.04652 3.15399 3.24670 3.28550 3.31064 3.33578 3.36092 3.34096 3.29241 3.31830
3.95066 3.95066 3.95066 3.95300 4.16117 4.50215 4.84312 5.16812 5.25011 5.25011 5.25011 5.25229 5.64481 5.76673 5.57720 5.57360 5.64869 5.77113 5.89344 6.01686 6.10269 5.89105 5.83885 5.83885 5.83885 5.83885 5.83885 5.83885 5.83885 5.83885 5.83885 5.87217 5.91860 5.87273 5.76178 5.46309 5.18487 4.91770 4.72916 4.11074 3.70307 3.70307 3.70307 3.57554 3.42993 3.42993 3.32269 3.26708 3.26708 3.26708 3.15795 2.87382 3.00139 3.11395 3.22794 3.29640 3.32155 3.34667 3.37183 3.39227 3.39538 3.41505 3.44094 3.46684 3.47850 3.35913 3.30684
4.09763 4.43782 4.77880 5.11744 5.25011 5.25011 5.25011 5.25011 5.25011 5.29385 5.46717 5.66811 5.82443 6.18728 5.97352 6.05773 6.10506 6.10506 6.10506 6.10506 6.10506 5.99673 5.83885 5.83885 5.83885 5.83885 5.83885 5.83885 5.83383 5.79427 5.69537 5.40402 5.19744 4.93575 4.73388 4.72160 4.72160 4.72160 4.72160 4.53490 3.70389 3.70307 3.70307 3.67092 3.43099 3.43329 3.47270 3.45182 3.54038 3.62339 3.68301 3.37517 3.35756 3.38270 3.39416 3.39416 3.39416 3.40705 3.43294 3.45884 3.48352 3.48847 3.47041 3.44727 3.42411 3.17956 3.06846
5.24933 5.25011 5.25011 5.25011 5.28498 5.45391 5.63565 5.87268 6.22131 6.52958 6.70797 6.85901 6.75093 6.43693 6.34605 6.10506 6.10506 6.10506 6.10506 6.10506 6.10506 6.09047 5.85074 5.83885 5.83880 5.81349 5.72539 5.43794 5.13000 4.85627 4.64212 4.62385 4.68313 4.72160 4.72160 4.72160 4.72160 4.72160 4.72160 4.72160 3.94161 3.70357 3.70519 3.70815 3.71689 3.79616 3.81896 3.73000 3.70810 3.70916 3.70916 3.54683 3.39416 3.40030 3.42495 3.45083 3.47675 3.48792 3.46895 3.44581 3.42263 3.40079 3.39566 3.39566 3.39566 3.28761 3.06846
5.44028 5.62239 5.80575 6.09462 6.41148 6.59464 6.76460 6.87956 6.88273 6.88273 6.88273 6.88273 6.88273 6.38502 6.56610 6.12815 6.10506 6.10506 6.10506 6.10506 6.10506 6.09581 5.85713 5.47520 5.16251 4.87443 4.64947 4.62385 4.62385 4.62385 4.62385 4.62385 4.64717 4.72160 4.72160 4.72160 4.72165 4.72284 4.72704 4.73456 4.38722 3.73062 3.73653 3.74111 3.77448 3.83130 3.83130 3.79032 3.70916 3.71103 3.73194 3.70918 3.46905 3.48603 3.46750 3.44434 3.42117 3.39986 3.39566 3.39566 3.39566 3.39566 3.39566 3.39566 3.39566 3.38743 3.09177
6.48137 6.65134 6.81962 6.88273 6.88273 6.88273 6.88273 6.88273 6.88273 6.88273 6.88273 6.88273 6.88273 6.55368 6.51039 6.29797 6.10506 6.10397 6.04777 5.77880 5.46593 5.16202 4.86659 4.62385 4.62385 4.62385 4.62385 4.62385 4.62385 4.62385 4.62385 4.62385 4.62486 4.71523 4.73524 4.74278 4.75027 4.75662 4.75996 4.75997 4.73604 3.83494 3.74144 3.74144 3.74484 3.82581 3.82386 3.80740 3.77353 3.79659 3.78104 3.75785 3.48538 3.39902 3.39566 3.39566 3.39566 3.39566 3.39566 3.39566 3.39566 3.39566 3.39566 3.39566 3.39566 3.39566 3.20677
6.79069 6.88273 6.88273 6.88273 6.88273 6.88273 6.88273 6.88273 6.88273 6.88273 6.88273 6.88273 6.88273 6.82333 6.30515 6.23362 5.51123 5.19132 4.93415 4.89006 4.89006 4.89006 4.88996 4.67199 4.62385 4.62385 4.62385 4.62430 4.63405 4.64750 4.66097 4.67441 4.68725 4.72594 4.75997 4.75997 4.75997 4.75997 4.75997 4.72373 4.64622 4.12296 3.71970 3.72545 3.71082 3.74486 3.75368 3.73055 3.71912 3.71327 3.71066 3.71066 3.57528 3.39566 3.39566 3.39566 3.39566 3.39566 3.39566 3.39566 3.39566 3.39566 3.39518 3.38140 3.36165 3.34190 3.29067
6.20229 6.88273 6.88273 6.88273 6.88273 6.88273 6.88273 6.88273 6.88273 6.88273 6.88506 6.99892 7.17411 7.34916 6.92318 5.30712 4.98242 4.89006 4.89006 4.89006 4.89006 4.89006 4.89082 4.79795 4.64767 4.66113 4.67459 4.68758 4.69130 4.69130 4.69130 4.69130 4.69130 4.70099 4.75979 4.72901 4.65151 4.58178 4.51910 4.47849 4.46663 4.33974 3.63188 3.63923 3.61605 3.61445 3.68479 3.68479 3.68638 3.70938 3.71066 3.71066 3.68370 3.40121 3.39566 3.39566 3.39566 3.39566 3.38874 3.36927 3.34952 3.32976 3.31514 3.38136 3.47589 3.57051 3.67813
5.53955 6.88207 6.88273 6.88273 6.88273 6.88273 6.88273 6.96596 7.14094 7.31605 7.48877 7.55010 7.55010 7.55010 7.31112 5.91100 5.12629 4.89161 4.90121 4.97260 5.10793 5.24334 5.37801 5.42748 4.72062 4.69130 4.69130 4.69130 4.69130 4.69130 4.69130 4.66650 4.59326 4.52644 4.51057 4.48347 4.47149 4.44093 4.32085 4.19679 4.07650 3.98011 3.68832 3.58972 3.59493 3.59493 3.66720 3.68479 3.68479 3.69955 3.71066 3.71066 3.71066 3.48622 3.37688 3.35713 3.33739 3.34449 3.42330 3.51767 3.61224 3.70677 3.81143 3.90539 4.01637 4.13419 4.23399
5.23768 6.52111 6.88273 6.93672 7.10783 7.28295 7.45807 7.55004 7.55010 7.55010 7.55010 7.55010 7.55161 7.56466 7.57245 6.81083 5.57620 5.39015 5.42164 5.48570 5.48570 5.48570 5.48570 5.48570 4.98413 4.69130 4.69130 4.67076 4.59831 4.53097 4.47079 4.43187 4.42141 4.39515 4.30105 4.20534 4.08467 3.98342 3.97184 3.97184 3.97184 3.97184 3.86080 3.57218 3.59493 3.59493 3.63210 3.68479 3.68476 3.67720 3.67949 3.66020 3.65620 3.58847 3.55935 3.65392 3.74845 3.81621 3.83662 3.90835 4.00159 4.11953 4.21810 4.27643 4.29317 4.26518 4.22401
5.42968 6.22515 7.42497 7.54610 7.55010 7.55010 7.55010 7.55123 7.56361 7.57883 7.62909 7.79879 7.97704 8.14401 8.30077 7.90389 6.46410 5.81677 5.48570 5.48570 5.48570 5.48570 5.48570 5.45878 5.16949 4.53556 4.47488 4.43352 4.42624 4.40369 4.29179 4.16069 4.03795 3.93235 3.92062 3.97030 3.97184 3.97184 3.97184 3.97184 3.97184 3.97184 3.97013 3.62311 3.58819 3.55963 3.53512 3.63903 3.65003 3.66670 3.70981 3.74298 3.75256 3.75505 3.83638 3.91267 3.99140 4.10496 4.20207 4.26056 4.29233 4.26254 4.22145 4.18025 4.13998 4.12682 4.12682
5.90505 5.96772 7.44525 7.56257 7.57779 7.59305 7.68818 7.86718 8.03486 8.19962 8.32946 8.33946 8.33946 8.33946 8.33946 8.18960 7.13080 5.99125 5.55268 5.46440 5.35236 5.24215 5.14352 5.07236 5.06415 4.51441 4.30486 4.17297 4.04625 3.93679 3.91690 3.91690 3.91690 3.91690 3.91690 3.95391 3.97184 3.97184 3.97184 3.97177 3.95704 3.93560 3.92890 3.74198 3.52263 3.55633 3.57977 3.67477 3.72669 3.72669 3.75895 3.85527 3.92856 4.03512 4.16580 4.24354 4.28721 4.25995 4.21882 4.17765 4.13796 4.12682 4.12682 4.12682 4.12682 4.12682 4.12682
5.94695 5.97625 7.10626 7.92434 8.08919 8.25474 8.33946 8.33946 8.33946 8.33946 8.33946 8.33946 8.33946 8.33946 8.33946 8.33938 7.69685 6.20662 5.33363 5.07483 5.06679 5.05485 4.95338 4.82157 4.69133 4.29466 3.91690 3.91690 3.91690 3.91690 3.91690 3.91690 3.91690 3.91690 3.91690 3.92988 3.95305 3.94754 3.94216 3.93683 3.94618 3.96221 3.96351 3.93767 3.57289 3.58452 3.61759 3.73694 3.90734 4.00060 4.10740 4.17452 4.22350 4.20415 4.17694 4.17509 4.13612 4.12682 4.12682 4.12682 4.12682 4.12682 4.12682 4.12682 4.12682 4.12682 4.12682
6.72026 7.30281 7.55053 8.33841 8.33946 8.33946 8.33946 8.33946 8.33946 8.33946 8.33946 8.33946 8.33946 8.33946 8.33946 8.33946 7.99052 6.88473 5.38702 4.85497 4.70282 4.58281 4.55243 4.55243 4.55243 4.50330 3.93463 3.91690 3.91690 3.91690 3.91689 3.88155 3.81246 3.74337 3.67430 3.61608 3.93306 3.96351 3.96351 3.96351 3.96351 3.96351 3.96408 3.96583 3.71569 3.80768 3.96613 4.03399 4.19338 4.21345 4.17252 4.12689 4.08123 4.07359 4.07409 4.12112 4.12682 4.12682 4.12682 4.12682 4.12682 4.12682 4.12682 4.12682 4.12682 4.12685 4.14303
6.42649 7.38768 7.38768 8.12055 8.33946 8.33946 8.33946 8.33946 8.33946 8.33946 8.33946 8.33946 8.33946 8.33950 8.39168 8.48973 8.51366 7.76770 5.18741 4.64397 4.55243 4.55243 4.55243 4.55243 4.55243 4.55223 4.10780 3.82174 3.75267 3.68359 3.61450 3.58077 3.58077 3.58077 3.58077 3.58077 3.80157 3.96351 3.96399 3.96571 3.96749 3.96946 4.00887 4.07555 4.05854 3.88757 4.05621 4.01505 4.03173 4.08576 4.08576 4.08543 4.07473 4.07359 4.07359 4.10244 4.12682 4.12682 4.12682 4.12682 4.12682 4.13335 4.16150 4.19134 4.22119 4.25094 4.23557
5.89074 7.38768 7.38768 7.73984 8.33946 8.33946 8.33946 8.33946 8.33946 8.33946 8.37418 8.47117 8.56931 8.66762 8.71363 8.71363 8.71363 8.16555 6.33432 4.79266 4.55770 4.52238 4.51617 4.57882 4.64331 4.70776 4.46880 3.58077 3.58077 3.58077 3.58077 3.58077 3.58077 3.58077 3.58117 3.58285 3.66566 3.96915 3.98476 4.04755 4.11045 4.14340 4.13193 4.09194 4.05701 3.74013 3.95509 3.97202 3.98331 4.08397 4.08576 4.08576 4.07978 4.07359 4.07359 4.08325 4.12799 4.15010 4.17995 4.20979 4.23348 4.21116 4.16016 4.10752 4.05482 3.98735 3.84911
5.63181 7.02210 7.38768 7.42206 8.27646 8.33946 8.36030 8.45257 8.55075 8.64897 8.71239 8.71363 8.71363 8.71363 8.71363 8.71710 8.81570 8.59208 7.40040 5.01601 4.70977 4.72532 4.79599 4.79753 4.79753 4.79753 4.79133 3.74919 3.58077 3.58077 3.58110 3.58274 3.58451 3.58629 3.58950 3.63679 3.70122 4.05916 4.13069 4.09468 4.05846 4.05206 4.05206 4.05206 4.05206 3.89748 3.83023 3.97202 3.97202 4.05114 4.08576 4.08576 4.09678 4.11573 4.14516 4.14347 4.16379 4.13744 4.08477 4.03210 3.98559 3.95966 3.84111 3.71193 3.59275 3.48848 3.48416
5.46940 6.36414 7.39819 7.48219 8.12483 8.63037 8.70772 8.71363 8.71363 8.71363 8.71550 8.80667 8.94727 9.10916 9.40557 9.72247 9.94414 10.0625 8.46720 6.27347 5.03499 4.79896 4.79753 4.79753 4.79753 4.79753 4.79780 4.22250 3.58440 3.58618 3.58762 3.60991 3.67367 3.71021 3.73514 3.71467 3.67735 3.85356 4.05206 4.05206 4.05206 4.05206 4.05206 4.05206 4.05206 4.03967 3.72104 3.97621 4.01485 4.08713 4.12333 4.07133 4.00730 3.91818 3.83162 3.78132 3.87195 3.95527 3.83304 3.70132 3.58039 3.48013 3.47987 3.49077 3.54783 3.63703 3.72645
5.38410 6.03927 7.74276 7.76185 7.92650 8.71330 8.79778 8.93839 9.07910 9.27876 9.59443 9.82331 10.0031 10.1617 10.1855 10.1855 10.1855 10.1855 9.08901 7.47183 5.26376 4.86462 4.79774 4.79927 4.80105 4.80283 4.80434 4.69020 3.66669 3.68493 3.71167 3.71625 3.67917 3.66932 3.66932 3.66932 3.66932 3.71611 4.04977 4.05206 4.05206 4.05206 4.05206 4.07151 4.10978 4.08751 3.82162 3.84739 3.85446 3.77425 3.78814 3.79288 3.79288 3.76254 3.62723 3.49418 3.39204 3.47069 3.47553 3.49026 3.55353 3.64295 3.73226 3.82070 3.85346 3.85346 3.85346
5.33821 5.95725 7.47791 8.11839 8.25972 9.23641 9.70249 9.88209 10.0620 10.1823 10.1855 10.1855 10.1855 10.1855 10.1855 10.1855 10.1855 10.1855 9.76928 8.31236 5.81153 4.98996 4.80429 4.80453 4.83568 4.87641 4.90312 4.92468 4.05970 3.66932 3.66932 3.66932 3.66932 3.66932 3.66932 3.66932 3.66932 3.66932 3.96053 4.07473 4.04253 4.00577 3.96901 3.91283 3.83782 3.82330 3.76707 3.52076 3.74326 3.70959 3.60824 3.49819 3.36509 3.26133 3.26701 3.29080 3.36162 3.59795 3.73807 3.82549 3.85346 3.85346 3.85346 3.85346 3.85346 3.85346 3.85346
5.68356 6.24149 7.33260 8.72443 8.81896 9.35171 10.1855 10.1855 10.1855 10.1855 10.1855 10.1855 10.1855 10.1855 10.1855 10.1855 10.1855 10.1855 10.1813 8.62103 7.04405 5.15920 4.88761 4.90456 4.90011 4.88609 4.88609 4.88609 4.52542 3.66932 3.66932 3.66932 3.66932 3.66932 3.68926 3.74089 3.79291 3.84499 3.88969 3.82782 3.82330 3.82330 3.82330 3.82330 3.82330 3.79659 3.68874 3.27991 3.28488 3.20874 3.21174 3.26015 3.33088 3.42025 3.52052 3.63209 3.65562 3.73165 3.85346 3.85346 3.85346 3.85346 3.85346 3.85346 3.85346 3.85346 3.85346
5.94631 6.19412 6.90377 8.82764 8.85554 8.90581 10.1006 10.1855 10.1855 10.1855 10.1855 10.1855 10.1855 10.1855 10.1855 10.1855 10.1855 10.2639 10.4513 9.75138 8.68120 5.27183 4.87749 4.88609 4.88609 4.88609 4.88609 4.88609 4.87063 3.80772 3.71807 3.77013 3.82219 3.87426 3.90636 3.90679 3.90679 3.90679 3.90199 3.82621 3.82330 3.80142 3.69611 3.58268 3.46902 3.38295 3.37850 3.25525 3.16643 3.37651 3.46579 3.58782 3.61914 3.61914 3.61940 3.65027 3.65562 3.66720 3.84691 3.85346 3.85346 3.85346 3.85346 3.85346 3.85001 3.82549 3.79743
6.20319 6.32019 7.20019 8.36245 8.85554 8.85554 9.62071 10.1855 10.1855 10.1855 10.1855 10.1855 10.1855 10.2355 10.4167 10.6047 10.7927 10.9023 10.9030 10.6828 9.08260 6.68999 4.92027 4.88479 4.88949 4.86241 4.73802 4.60751 4.47731 4.12986 3.90679 3.90679 3.90679 3.90679 3.90679 3.90679 3.90679 3.88928 3.78692 3.61842 3.47657 3.38498 3.37800 3.37879 3.37391 3.36599 3.35638 3.34610 3.35106 3.56673 3.56951 3.58815 3.61914 3.61914 3.61914 3.63460 3.65562 3.65562 3.78748 3.85326 3.83610 3.80803 3.77998 3.75347 3.77919 3.84867 3.92175
6.25784 6.41972 6.94689 7.80788 8.85554 8.85554 9.09054 10.1845 10.1855 10.2135 10.3821 10.5701 10.7581 10.8961 10.9030 10.9030 10.9030 10.9030 10.9032 11.0144 9.60889 8.16810 4.82946 4.52555 4.43632 4.33319 4.32725 4.32725 4.32725 4.27443 3.91009 3.90679 3.90679 3.89317 3.79438 3.68081 3.56734 3.47146 3.46098 3.43737 3.37388 3.36642 3.35700 3.34689 3.34434 3.34434 3.34434 3.34434 3.32974 3.49306 3.56951 3.57165 3.61646 3.61914 3.61914 3.61321 3.61857 3.59273 3.63795 3.81861 3.88078 3.95386 4.02685 4.09838 4.12345 4.14819 4.15348
6.02505 6.41972 6.64642 7.38018 8.80590 8.86781 9.01763 10.2397 10.7236 10.8836 10.9030 10.9030 10.9030 10.9030 10.9992 11.2266 11.4729 11.5449 11.5630 11.3874 9.72677 8.13782 5.13017 4.19206 4.32144 4.32725 4.32725 4.32725 4.32725 4.31693 3.91721 3.68832 3.57470 3.47489 3.46051 3.46161 3.46047 3.45804 3.45444 3.44821 3.35337 3.34434 3.34434 3.34434 3.34434 3.34434 3.34434 3.34434 3.34147 3.38965 3.56650 3.51650 3.51768 3.55944 3.58287 3.61698 3.69942 3.78612 3.85259 4.10465 4.12434 4.15024 4.17354 4.11206 4.02318 3.91198 3.82031
5.82589 6.38848 6.51321 7.45558 8.73947 9.53484 9.57308 10.0758 10.9030 10.9848 11.2091 11.4706 11.7080 11.7575 11.6181 11.2755 10.9539 10.8839 10.8839 10.8839 10.6905 8.22012 6.73137 4.25181 4.26957 4.31992 4.22958 4.11606 4.00267 3.89937 3.74082 3.46114 3.46017 3.45773 3.45465 3.45024 3.44870 3.44870 3.44870 3.44870 3.38949 3.34434 3.34434 3.34434 3.34434 3.34434 3.31539 3.21784 3.13711 3.08505 3.33433 3.42290 3.56635 3.80410 3.80446 3.80446 3.81549 3.88844 3.92680 4.05533 4.06035 3.94802 3.83845 3.83223 3.86562 3.90279 3.94440
6.08198 6.57172 6.85024 7.39297 8.33863 9.73093 9.87237 10.1077 11.8593 11.8471 11.5061 11.1623 10.9006 10.8839 10.8839 10.8839 10.8839 10.8839 10.8839 10.8839 10.8839 8.89769 8.01220 4.58124 3.81507 3.90165 3.88066 3.88121 3.89322 3.91474 3.92710 3.49340 3.44870 3.44870 3.44870 3.44870 3.44870 3.44870 3.44870 3.44870 3.42745 3.34100 3.27589 3.21337 3.14383 3.05223 2.98937 3.05328 3.07990 3.09293 3.31536 3.54334 3.55249 3.81258 3.88384 3.90490 3.86415 3.71339 3.53312 3.57416 3.86817 3.90567 3.94738 3.96519 3.96519 3.96519 3.96519
