results/OMI_NO2_2005_06-08.asc
ncols      200
nrows      200
xllcorner       120.258
yllcorner       41.1236
cellsize     0.0166667
NODATA_Value      -999.000
[rows 0 to 28 of 165, columns 67 to 133 of 200]
1.19177 1.25619 1.27197 1.34524 1.38074 1.36901 1.33436 1.39644 1.41298 1.39888 1.40638 1.35935 1.34780 1.34353 1.38027 1.28967 1.26906 1.26876 1.22173 1.18182 1.22358 1.21450 1.20490 1.17038 1.18447 1.19612 1.20092 1.21015 1.18226 1.13362 1.04083 0.964263 0.893806 0.887021 1.08718 1.14887 1.25302 1.36275 1.35822 1.38569 1.24443 1.28217 1.33193 1.45497 1.56637 1.63215 1.71869 1.73201 1.69551 1.66857 1.61438 1.59393 1.65096 1.73410 1.80831 1.86526 1.85630 1.83958 1.78605 1.82271 1.81514 1.81844 1.73956 1.60979 1.64159 1.58035 1.57084
1.24026 1.32898 1.34933 1.38483 1.41072 1.40303 1.34037 1.36667 1.40214 1.39572 1.42747 1.37891 1.37136 1.32106 1.38804 1.32191 1.26885 1.26165 1.23944 1.20962 1.25731 1.24339 1.21228 1.16098 1.15523 1.13775 1.11188 1.13192 1.11025 1.08134 1.04873 1.01361 1.02793 1.01810 1.18815 1.26345 1.32913 1.45355 1.45559 1.54136 1.50225 1.54127 1.54888 1.56245 1.57538 1.60341 1.64372 1.67758 1.69881 1.71192 1.72538 1.69851 1.68110 1.74568 1.80446 1.86052 1.88613 1.86725 1.84190 1.81705 1.73814 1.71292 1.63773 1.54412 1.56757 1.53668 1.55581
1.27255 1.30050 1.34668 1.37100 1.39937 1.40116 1.33231 1.34081 1.39071 1.41706 1.42666 1.39445 1.37038 1.31573 1.36590 1.36362 1.28676 1.27764 1.25666 1.22461 1.22537 1.18202 1.14944 1.08567 1.07448 1.07386 1.08236 1.13760 1.14688 1.16268 1.14668 1.14174 1.17358 1.21581 1.25773 1.37593 1.43860 1.56153 1.55750 1.63387 1.59940 1.62945 1.63527 1.66521 1.62281 1.68718 1.73244 1.76777 1.78940 1.77093 1.77405 1.75976 1.75858 1.81517 1.89791 1.88124 1.93218 1.88311 1.81586 1.78804 1.69336 1.67593 1.64874 1.53506 1.55382 1.53089 1.57283
1.29585 1.29320 1.34253 1.35572 1.38052 1.39158 1.34153 1.35015 1.38224 1.40410 1.41651 1.41703 1.38533 1.35899 1.34181 1.39116 1.30401 1.27337 1.26731 1.24574 1.23711 1.21082 1.21037 1.16494 1.17329 1.19187 1.19235 1.25041 1.26738 1.27902 1.23100 1.21357 1.23329 1.28395 1.27484 1.38949 1.46544 1.61786 1.59258 1.67489 1.64429 1.67527 1.66899 1.68434 1.67002 1.67931 1.74273 1.78110 1.79843 1.79729 1.78102 1.78180 1.77046 1.79809 1.86697 1.81729 1.85269 1.84459 1.76793 1.76972 1.66075 1.61132 1.61025 1.50804 1.52351 1.52735 1.64499
1.28352 1.27921 1.31506 1.34311 1.37264 1.38681 1.34141 1.36009 1.37391 1.42062 1.45397 1.40826 1.33798 1.30945 1.30714 1.35881 1.30775 1.28389 1.28414 1.28316 1.28990 1.26691 1.27306 1.24250 1.25468 1.27369 1.26487 1.30094 1.33374 1.32629 1.28950 1.26576 1.29573 1.35047 1.37745 1.42523 1.52674 1.65831 1.63167 1.68339 1.66118 1.69485 1.69822 1.72638 1.74671 1.74014 1.82027 1.85887 1.86732 1.86764 1.83052 1.83469 1.80580 1.80290 1.88139 1.87985 1.86569 1.88299 1.79399 1.81484 1.68240 1.64804 1.64935 1.59009 1.57943 1.57841 1.64156
1.27775 1.31551 1.29281 1.31723 1.32325 1.31248 1.26896 1.29786 1.29342 1.32482 1.36046 1.32906 1.25538 1.20009 1.19668 1.24641 1.27662 1.25640 1.26141 1.25716 1.26668 1.25281 1.24959 1.23099 1.22387 1.22678 1.22525 1.25121 1.29556 1.31064 1.36468 1.34430 1.41649 1.43345 1.48140 1.44320 1.55512 1.66451 1.64865 1.69093 1.69422 1.75805 1.79018 1.81095 1.81915 1.80294 1.83369 1.86239 1.86323 1.85566 1.82613 1.81594 1.79421 1.79823 1.89371 1.94665 1.85904 1.91333 1.79061 1.81701 1.71969 1.65160 1.64096 1.59775 1.55321 1.53576 1.57543
1.27178 1.34780 1.31494 1.36563 1.34722 1.31097 1.29300 1.31820 1.31186 1.28276 1.28215 1.29700 1.25597 1.22836 1.24089 1.29861 1.32879 1.33538 1.32353 1.30118 1.28798 1.24302 1.22261 1.18979 1.18422 1.18988 1.20815 1.22332 1.27749 1.28695 1.33034 1.33631 1.38760 1.41251 1.46889 1.46868 1.53773 1.68139 1.69463 1.72346 1.74728 1.78666 1.79597 1.79073 1.77652 1.77143 1.77167 1.81059 1.82801 1.83780 1.85416 1.80596 1.78595 1.75102 1.83090 1.90493 1.81467 1.88958 1.78916 1.78394 1.71693 1.65532 1.63047 1.60027 1.58949 1.54713 1.62179
1.28341 1.34809 1.34657 1.35843 1.31901 1.28380 1.28943 1.33544 1.35819 1.35570 1.34887 1.37534 1.33924 1.30485 1.27299 1.28836 1.28246 1.35011 1.36545 1.32631 1.31748 1.30151 1.28872 1.29778 1.30007 1.29996 1.30282 1.30952 1.36590 1.34942 1.35928 1.41100 1.44949 1.50778 1.57687 1.60748 1.60107 1.69728 1.66416 1.64977 1.67873 1.72199 1.73182 1.75195 1.75265 1.76899 1.75885 1.80468 1.80941 1.80479 1.82905 1.77402 1.78453 1.75331 1.84212 1.92281 1.81601 1.79848 1.73393 1.78089 1.72609 1.63067 1.61643 1.60009 1.59449 1.54526 1.61405
1.23854 1.29731 1.32568 1.32098 1.26742 1.26839 1.29020 1.33097 1.33586 1.31797 1.28993 1.29430 1.27458 1.24985 1.19976 1.20615 1.21802 1.31061 1.36805 1.30439 1.28845 1.25902 1.26300 1.29863 1.30540 1.32228 1.33898 1.36168 1.43604 1.45519 1.48404 1.53930 1.55047 1.59105 1.63006 1.67663 1.62818 1.66386 1.64692 1.64862 1.67417 1.71459 1.70399 1.71994 1.70908 1.71916 1.72650 1.74121 1.79437 1.79046 1.82322 1.76178 1.71241 1.67258 1.74030 1.83979 1.63154 1.58862 1.59261 1.69860 1.62868 1.53862 1.53038 1.52022 1.53718 1.52899 1.60831
1.31448 1.34692 1.35085 1.33976 1.28116 1.26261 1.27872 1.30660 1.30365 1.27713 1.25303 1.26367 1.25819 1.25516 1.20067 1.17826 1.19732 1.23740 1.34341 1.28164 1.24501 1.19251 1.22346 1.26745 1.30344 1.36727 1.41810 1.46184 1.51584 1.51377 1.49970 1.48752 1.51249 1.53431 1.63596 1.67238 1.63699 1.64677 1.64378 1.65146 1.69608 1.73208 1.71907 1.72824 1.69252 1.68261 1.65259 1.63841 1.68308 1.68787 1.69718 1.67139 1.65834 1.63837 1.65518 1.68696 1.52240 1.40448 1.41579 1.52015 1.51220 1.53251 1.57960 1.56410 1.58281 1.58743 1.66168
1.37896 1.37860 1.35268 1.32992 1.30025 1.29017 1.29668 1.31411 1.31360 1.28774 1.28050 1.29814 1.27645 1.28279 1.23875 1.19842 1.22985 1.24641 1.37235 1.35390 1.31950 1.31013 1.37139 1.45612 1.48927 1.51034 1.52762 1.54200 1.56994 1.53368 1.52425 1.48264 1.50735 1.50210 1.63852 1.67149 1.62174 1.57312 1.53878 1.55089 1.59589 1.59576 1.57931 1.58504 1.56489 1.55375 1.53529 1.53489 1.57295 1.61300 1.63496 1.60774 1.58499 1.56526 1.53977 1.53941 1.44726 1.31853 1.31991 1.44421 1.47875 1.47503 1.53074 1.53845 1.55519 1.55389 1.60561
1.35020 1.32607 1.30735 1.31166 1.28805 1.27439 1.28032 1.30039 1.31021 1.29399 1.28830 1.31086 1.30609 1.33840 1.33782 1.29344 1.31844 1.36223 1.48564 1.48292 1.43363 1.40157 1.40758 1.48702 1.52467 1.53876 1.55669 1.54054 1.55493 1.50699 1.49855 1.46395 1.47504 1.47824 1.60141 1.67916 1.63445 1.57802 1.53351 1.53682 1.60490 1.60589 1.59370 1.60476 1.59444 1.59450 1.57747 1.55833 1.57885 1.59750 1.60941 1.58782 1.60862 1.60695 1.60916 1.59381 1.54167 1.35592 1.29514 1.40083 1.44135 1.42774 1.47401 1.49323 1.44891 1.46135 1.52824
1.32319 1.30157 1.26825 1.26913 1.26163 1.24290 1.25908 1.28405 1.30508 1.32186 1.33832 1.35818 1.34769 1.36253 1.38357 1.39589 1.34388 1.32224 1.40439 1.40480 1.35908 1.38567 1.39574 1.42879 1.47129 1.48363 1.51993 1.51220 1.52887 1.50608 1.49204 1.48419 1.48274 1.48898 1.53597 1.60995 1.56183 1.53082 1.48975 1.49509 1.54875 1.54582 1.56339 1.56516 1.54002 1.54533 1.53385 1.51179 1.52783 1.53427 1.55427 1.53597 1.58072 1.54075 1.56139 1.55048 1.52235 1.36356 1.22475 1.30851 1.33077 1.35647 1.39375 1.44239 1.45477 1.46858 1.54007
1.33445 1.32648 1.27832 1.26685 1.29185 1.27498 1.30147 1.30731 1.30086 1.29237 1.28352 1.28518 1.28501 1.31579 1.31029 1.32577 1.28054 1.23329 1.30239 1.32049 1.28368 1.31846 1.35373 1.37892 1.44119 1.47892 1.55388 1.55722 1.57498 1.53331 1.51151 1.49568 1.47738 1.47273 1.51434 1.59122 1.54274 1.46076 1.40171 1.40595 1.46790 1.46215 1.46560 1.49199 1.45554 1.47475 1.46539 1.43826 1.45550 1.49088 1.51225 1.50465 1.56001 1.51400 1.54389 1.55712 1.52216 1.45629 1.30152 1.34762 1.32615 1.39443 1.43097 1.48726 1.50436 1.50240 1.55573
1.28571 1.30652 1.31562 1.27832 1.28230 1.25669 1.29095 1.30606 1.30651 1.30746 1.28002 1.27116 1.26289 1.27087 1.28555 1.30057 1.28886 1.23801 1.30752 1.35744 1.37289 1.41754 1.47645 1.49163 1.52600 1.55709 1.60584 1.59917 1.59213 1.54744 1.51290 1.49356 1.47979 1.45988 1.49171 1.53445 1.50342 1.37483 1.30195 1.31704 1.39265 1.40890 1.42211 1.43554 1.41969 1.42209 1.42908 1.40344 1.41859 1.45682 1.49761 1.50767 1.55377 1.53201 1.54869 1.58310 1.58027 1.59784 1.32572 1.37436 1.34471 1.39659 1.41606 1.48013 1.51609 1.52744 1.56733
1.25074 1.25978 1.22776 1.17992 1.22153 1.22692 1.27396 1.28587 1.28233 1.27691 1.27608 1.28048 1.29285 1.29873 1.34884 1.35817 1.40910 1.34624 1.35448 1.40639 1.41775 1.42673 1.49806 1.51689 1.53130 1.58693 1.61790 1.60517 1.60877 1.56597 1.52220 1.51310 1.53034 1.47203 1.48811 1.49103 1.46149 1.33943 1.32024 1.34653 1.45433 1.49826 1.51878 1.48636 1.47963 1.46557 1.46957 1.42392 1.43875 1.46354 1.47910 1.50425 1.58081 1.56396 1.52895 1.53535 1.56196 1.58559 1.35810 1.37624 1.35137 1.37790 1.40626 1.46304 1.49389 1.52925 1.60170
1.24586 1.24756 1.22144 1.18492 1.21770 1.21918 1.26522 1.26655 1.27334 1.29102 1.30101 1.30862 1.30915 1.28907 1.33091 1.31736 1.38375 1.32317 1.33453 1.34479 1.38795 1.42077 1.49537 1.53053 1.54045 1.54436 1.57531 1.56185 1.55315 1.48518 1.42953 1.41217 1.44849 1.42993 1.44920 1.46034 1.45650 1.39560 1.39979 1.43112 1.52257 1.54213 1.58524 1.52674 1.51843 1.52091 1.53897 1.52932 1.53121 1.58317 1.59601 1.60461 1.66575 1.62961 1.58345 1.60308 1.67308 1.74432 1.56612 1.50488 1.52023 1.53232 1.53695 1.53066 1.51080 1.54959 1.61228
1.28001 1.25466 1.25702 1.24466 1.28904 1.31222 1.34516 1.35338 1.35450 1.36693 1.36849 1.36952 1.36977 1.37606 1.40866 1.42352 1.48671 1.45453 1.44072 1.42095 1.49063 1.51949 1.56586 1.58511 1.56552 1.52561 1.51460 1.50285 1.52043 1.48856 1.44665 1.43383 1.47221 1.50036 1.49020 1.50208 1.46766 1.43319 1.44014 1.42786 1.53249 1.54118 1.61021 1.61470 1.62137 1.66398 1.66135 1.62045 1.60722 1.64600 1.66041 1.69150 1.71573 1.60222 1.55740 1.50722 1.53473 1.63145 1.51121 1.40998 1.42780 1.46237 1.46158 1.46619 1.43520 1.47809 1.53866
1.26210 1.25873 1.22828 1.20648 1.25276 1.26250 1.28329 1.30554 1.30972 1.32805 1.33471 1.34534 1.36255 1.38940 1.40380 1.41660 1.45834 1.39850 1.35711 1.32059 1.34626 1.39125 1.42612 1.46515 1.48677 1.47500 1.47162 1.45969 1.47628 1.47409 1.47949 1.48446 1.52614 1.55018 1.54018 1.55127 1.53495 1.48644 1.52121 1.52363 1.62997 1.64424 1.70505 1.70132 1.70284 1.71545 1.69112 1.65223 1.62424 1.65711 1.69213 1.71494 1.71854 1.61809 1.59230 1.51189 1.49188 1.62002 1.53360 1.45228 1.45158 1.49845 1.50657 1.51633 1.47956 1.49066 1.54482
1.25387 1.22461 1.19029 1.18787 1.26354 1.26198 1.30223 1.31348 1.34280 1.36684 1.36837 1.36784 1.35775 1.35040 1.33905 1.33258 1.37217 1.32173 1.27694 1.29653 1.30547 1.36688 1.43690 1.46794 1.50519 1.51346 1.53316 1.49738 1.51986 1.51446 1.52274 1.53873 1.55643 1.55456 1.53603 1.54247 1.53922 1.53365 1.58316 1.58075 1.61625 1.65369 1.66563 1.65181 1.63608 1.71521 1.70472 1.67763 1.62854 1.68236 1.71905 1.71785 1.72768 1.64181 1.63863 1.52860 1.53660 1.64068 1.56587 1.50804 1.45843 1.54522 1.54277 1.55885 1.52173 1.50996 1.55626
1.29361 1.22546 1.19215 1.18017 1.25351 1.25451 1.31086 1.32141 1.31369 1.30679 1.29969 1.29204 1.28991 1.31309 1.31048 1.29204 1.30780 1.24102 1.20460 1.28197 1.28223 1.29379 1.35875 1.42694 1.46735 1.48931 1.53219 1.46528 1.48542 1.47535 1.45769 1.48976 1.52730 1.56376 1.53334 1.51341 1.52229 1.51243 1.55432 1.55205 1.55489 1.56297 1.56982 1.54902 1.55815 1.64404 1.70038 1.65181 1.60005 1.65939 1.68474 1.65759 1.68536 1.59073 1.60930 1.52365 1.53605 1.62331 1.57051 1.53729 1.45940 1.53096 1.56556 1.60132 1.54420 1.53787 1.58297
1.33910 1.23246 1.23512 1.17830 1.28110 1.25562 1.27107 1.30494 1.30890 1.29795 1.30132 1.30373 1.30137 1.31726 1.31816 1.30186 1.32271 1.28759 1.25692 1.27903 1.29732 1.28277 1.31511 1.39783 1.43690 1.44329 1.48549 1.41714 1.44702 1.46040 1.45101 1.51542 1.54450 1.54744 1.49363 1.45764 1.45143 1.43346 1.48732 1.48966 1.47768 1.48688 1.52031 1.50968 1.53021 1.56924 1.67637 1.62709 1.61078 1.66571 1.68618 1.68465 1.71056 1.62122 1.63956 1.59877 1.57098 1.60937 1.55069 1.55294 1.44170 1.50690 1.56623 1.63030 1.59546 1.59483 1.62064
1.33681 1.19748 1.23302 1.19552 1.28679 1.31217 1.32791 1.33180 1.34331 1.31227 1.31824 1.31979 1.34501 1.37894 1.36804 1.32815 1.34896 1.32332 1.30704 1.27072 1.25055 1.24885 1.27346 1.33993 1.43275 1.46789 1.51879 1.47292 1.47656 1.47984 1.44235 1.52440 1.51848 1.50066 1.42624 1.40253 1.35575 1.34146 1.40423 1.43179 1.41985 1.42143 1.46347 1.44359 1.44538 1.44901 1.54262 1.59309 1.59043 1.62851 1.64456 1.60921 1.60461 1.53605 1.52180 1.47130 1.45979 1.51713 1.52132 1.62586 1.56426 1.57078 1.62810 1.68652 1.64382 1.59842 1.59364
1.35544 1.24179 1.29691 1.26010 1.27333 1.32257 1.30136 1.30660 1.33136 1.31021 1.31614 1.31614 1.33810 1.37256 1.34972 1.30465 1.32964 1.30406 1.29078 1.28768 1.27846 1.27141 1.30230 1.36625 1.46828 1.47545 1.48001 1.44536 1.43997 1.44103 1.41919 1.49994 1.49467 1.47722 1.37603 1.39981 1.34854 1.34213 1.42691 1.43404 1.41873 1.40011 1.37507 1.38485 1.38577 1.39283 1.41523 1.54467 1.55632 1.60314 1.62315 1.59593 1.59476 1.56914 1.56205 1.51608 1.53047 1.55510 1.54133 1.69166 1.61194 1.53743 1.59017 1.63247 1.62278 1.59982 1.59410
1.34275 1.25008 1.30368 1.31312 1.32309 1.35675 1.34834 1.36056 1.35875 1.28281 1.28000 1.30465 1.32584 1.36076 1.34488 1.30629 1.32653 1.29496 1.28294 1.27410 1.25890 1.23587 1.21708 1.27659 1.36048 1.42800 1.44458 1.43833 1.42955 1.45284 1.42571 1.52107 1.50747 1.48896 1.37799 1.41239 1.35148 1.32285 1.41053 1.38429 1.38171 1.38320 1.36311 1.39747 1.39542 1.39045 1.39995 1.53264 1.58854 1.64541 1.63530 1.53609 1.51969 1.44954 1.44719 1.40973 1.45101 1.44544 1.45019 1.66984 1.64752 1.57645 1.58355 1.58820 1.60995 1.60498 1.59494
1.34779 1.24762 1.31352 1.30777 1.32080 1.29223 1.30256 1.32342 1.33488 1.28610 1.27470 1.30120 1.32060 1.35188 1.32799 1.27877 1.26256 1.23570 1.22325 1.24191 1.25194 1.19962 1.19088 1.22081 1.28744 1.36890 1.39524 1.40148 1.41805 1.46889 1.44957 1.53889 1.49322 1.45908 1.33352 1.38212 1.34488 1.32499 1.43636 1.39392 1.39776 1.39892 1.35036 1.37809 1.36914 1.35006 1.32313 1.38138 1.52439 1.57960 1.56081 1.48398 1.52108 1.42253 1.45821 1.41844 1.46252 1.46349 1.48659 1.65233 1.67797 1.60233 1.57055 1.59170 1.62552 1.63175 1.64502
1.26425 1.18384 1.26409 1.27111 1.32157 1.26417 1.28562 1.29331 1.31990 1.29406 1.27296 1.30156 1.30977 1.34662 1.33680 1.32116 1.32186 1.32074 1.34641 1.36474 1.36280 1.22230 1.18227 1.19369 1.26454 1.35623 1.38514 1.37291 1.36313 1.39286 1.37011 1.46285 1.41682 1.37434 1.26516 1.33161 1.34673 1.37967 1.43927 1.40094 1.37422 1.37287 1.34261 1.37079 1.38290 1.36031 1.32723 1.37242 1.51934 1.62053 1.64003 1.58068 1.59397 1.53492 1.56585 1.47397 1.47650 1.47886 1.52772 1.65901 1.76773 1.70517 1.62533 1.63938 1.63854 1.64515 1.65610
1.27581 1.22942 1.27517 1.28638 1.37137 1.31542 1.32427 1.33669 1.37773 1.36331 1.32387 1.35558 1.36813 1.39003 1.38023 1.38888 1.42537 1.45575 1.48918 1.46617 1.47985 1.39167 1.25022 1.20690 1.25717 1.31552 1.36890 1.36665 1.38094 1.42567 1.44002 1.49059 1.46950 1.43460 1.33822 1.38899 1.41291 1.41516 1.45236 1.44197 1.37072 1.39269 1.35872 1.36500 1.42763 1.41642 1.38008 1.42371 1.50867 1.62576 1.65894 1.59514 1.59719 1.56323 1.61483 1.57016 1.54323 1.56440 1.59392 1.68122 1.82534 1.79665 1.69879 1.70608 1.73742 1.72016 1.74835
1.38337 1.35335 1.41326 1.40299 1.44260 1.42102 1.38517 1.35537 1.38439 1.37542 1.37135 1.42924 1.49412 1.54476 1.57771 1.60151 1.61682 1.61538 1.60429 1.57590 1.52787 1.48567 1.29622 1.25601 1.25459 1.31597 1.36683 1.42891 1.47509 1.51042 1.51883 1.54547 1.50982 1.46180 1.38398 1.41559 1.45952 1.44987 1.46588 1.46443 1.39898 1.42587 1.39774 1.42120 1.42577 1.43011 1.41363 1.45838 1.47821 1.62454 1.69430 1.64203 1.64853 1.63676 1.65210 1.63576 1.61877 1.66221 1.72336 1.82774 2.04471 2.06458 2.00993 1.97648 1.96484 1.93122 1.88855
