results/OMI_NO2_200612.asc
ncols      200
nrows      200
xllcorner       120.258
yllcorner       41.1236
cellsize     0.0166667
NODATA_Value      -999.000
[rows 87 to 115 of 175, columns 67 to 133 of 200]
3.34591 3.34591 3.34591 3.34591 3.38082 3.66042 3.84372 3.96647 4.02432 4.11870 4.23693 4.33227 4.35229 4.36755 4.35903 4.30055 4.25174 4.21063 4.48066 4.72334 3.98629 3.50424 3.86565 4.08974 4.12336 4.12427 3.93014 4.25576 4.34115 4.34115 4.54314 4.60907 4.60907 4.60907 4.60067 4.56530 4.52793 4.49053 4.46762 4.46736 4.36064 3.81902 3.70533 4.17620 4.80288 5.17826 5.09483 5.22257 5.22715 5.22722 5.22788 5.27650 5.36341 5.49164 5.63105 5.77509 5.92441 6.06615 6.78002 8.01768 8.01124 8.51272 8.81140 8.80168 9.13624 9.47063 9.70421
3.34930 3.41432 3.50414 3.59448 3.71701 4.04264 4.37030 4.32180 4.27475 4.17423 4.12958 4.08334 4.04665 4.01606 4.02010 4.05809 4.08473 4.10576 4.28106 4.71622 4.49334 3.61158 3.79874 4.17687 4.17687 4.17687 3.97936 4.10402 4.34115 4.34115 4.42064 4.57313 4.53575 4.49837 4.46937 4.46736 4.46736 4.46543 4.38440 4.28130 4.15987 3.92287 3.86484 3.99793 5.04266 5.83413 5.51979 5.51924 5.65183 5.79854 5.94985 6.04347 6.09200 6.09896 6.09896 6.09896 6.09896 6.09896 6.10484 7.80187 8.05839 8.43455 9.30366 9.52295 9.89739 10.2528 10.4284
3.74460 3.74693 3.72192 3.70498 3.69201 3.67444 3.98099 4.00749 4.06188 4.04423 4.08045 4.11344 4.13472 4.15106 4.15222 4.15222 4.15005 4.03829 3.88966 4.21122 3.98997 3.68416 3.64469 4.16660 4.17687 4.17687 4.06341 3.95676 4.31887 4.32032 4.31432 4.44414 4.46736 4.41266 4.29675 4.20189 4.12545 4.09643 4.07291 4.06355 4.05028 3.95182 3.85649 3.82548 5.01929 6.42061 6.35605 6.08930 6.09896 6.09896 6.09896 6.09896 6.09896 6.09896 6.09896 6.09896 6.10231 6.12893 6.16150 7.08077 8.77564 9.01244 10.0570 10.5442 10.9337 11.7506 12.1097
3.63361 3.66372 3.69649 3.72801 3.75689 3.75260 4.04194 4.15616 4.16154 4.18880 4.15222 4.15222 4.14848 4.03077 3.84936 3.65564 3.45116 3.37548 3.37548 3.79887 3.91114 3.79546 3.60863 4.00843 4.16652 4.15860 4.12055 3.90190 4.15508 4.17455 4.07054 4.02507 4.01361 3.96885 3.97089 3.96279 3.94549 3.89405 3.90760 3.94071 3.97376 3.95495 3.94686 4.01999 4.53176 6.19989 6.61902 6.10100 6.09896 6.10085 6.13669 6.19875 6.26089 6.32075 6.37970 6.43869 6.49440 6.52670 6.55317 6.62531 8.78942 9.92247 10.8618 11.7630 11.9083 12.3703 12.4725
3.74452 3.81299 3.82222 3.82222 3.82222 3.80372 3.92739 4.15616 4.15085 4.07109 3.84117 3.64697 3.44379 3.37548 3.37548 3.37548 3.37548 3.37548 3.37548 3.66098 3.90465 3.87675 3.61630 3.79155 4.04306 3.94679 3.88591 3.54163 3.45161 3.76299 3.76970 3.78144 3.87964 3.90023 3.93299 3.96611 3.99920 4.03216 4.04581 4.04581 4.04581 4.01840 3.95306 4.07010 4.22896 5.97537 6.71385 6.60723 6.67553 6.76029 6.80903 6.83076 6.85262 6.87709 6.90269 6.92850 6.95435 6.98057 7.00693 7.08468 8.58757 11.5258 12.1819 12.6445 12.3602 12.2850 12.6195
3.57051 3.81101 3.82222 3.82222 3.81548 3.68934 3.51082 3.64055 3.44102 3.42263 3.38787 3.37548 3.37548 3.37548 3.37548 3.37541 3.38233 3.39771 3.41256 3.49275 3.60384 3.51023 3.37231 3.28948 3.65314 3.67105 3.66260 3.45075 3.06702 3.51106 3.55991 3.57294 3.63830 3.68685 3.64630 3.60050 3.58013 3.61636 3.65385 3.68992 3.72449 3.76783 4.18240 4.24534 4.29199 5.13344 6.02379 7.37298 7.42344 7.42189 7.42189 7.42189 7.42189 7.42189 7.42725 7.50892 7.61757 7.72689 7.83627 7.89193 8.10485 11.4851 12.5505 12.8747 12.4506 12.4520 12.6711
3.52257 3.86565 3.98745 4.15888 4.35204 4.57274 3.62862 3.68946 3.71586 3.74541 3.82645 3.78872 3.81267 3.83369 3.82572 3.75900 3.68729 3.61059 3.52274 3.43439 3.03585 3.00629 3.09316 3.04740 3.32326 3.42891 3.43824 3.42147 2.98056 3.18627 3.40502 3.45961 3.52127 3.65014 3.72209 3.79741 3.85132 3.85357 3.85357 3.85357 3.85357 3.85282 4.09758 4.21869 4.27992 4.63081 5.80443 7.03576 7.42764 7.42189 7.44305 7.54421 7.65354 7.76291 7.86691 7.89457 7.89500 7.82753 7.70511 7.57630 7.49431 9.28830 12.1248 12.4930 12.6632 12.7585 12.7733
5.49159 6.41428 6.73640 6.74820 6.74820 6.70717 4.20573 3.72263 3.64140 3.57990 3.76595 3.83572 3.66159 3.58709 3.52164 3.48964 3.45669 3.42392 3.41463 3.42270 3.06556 3.01312 3.04648 3.25267 3.34498 3.40977 3.44621 3.48740 3.39812 3.43903 3.76726 3.76726 3.76726 3.82113 3.85357 3.85357 3.85357 3.85319 3.85052 3.84746 3.84440 3.84210 3.97120 4.22038 4.24945 4.31000 5.62631 6.59296 7.71733 7.79892 7.88709 7.85217 7.73232 7.60496 7.44098 7.15059 6.84548 6.63060 6.48925 6.35390 6.22920 6.52173 10.0842 11.1648 12.6582 12.7800 12.7800
5.62109 5.83368 6.26502 6.16932 6.08032 5.99178 4.63997 3.63191 3.66133 3.67652 3.71686 3.89161 3.48289 3.45991 3.45488 3.46051 3.46688 3.50483 3.54992 3.59418 3.35683 3.23649 3.27771 3.46510 3.52827 3.57214 3.57214 3.57214 3.55172 3.36775 3.70574 3.76726 3.76726 3.78726 3.85187 3.84809 3.84503 3.84235 3.84196 3.84196 3.84196 3.83118 3.84923 4.21485 4.30029 4.43089 5.28201 6.18845 7.66321 7.04592 6.74736 6.50590 6.36840 6.23822 6.13575 6.12641 6.12655 6.12655 6.12655 6.12655 6.12655 6.24240 8.32665 10.7250 11.9705 11.9596 11.6263
5.30824 5.57707 6.07523 5.99373 5.77223 5.72256 5.19167 3.69107 3.65517 3.63815 3.63878 3.94179 3.67555 3.61765 3.66007 3.70672 3.75268 3.76694 3.76694 3.76694 3.58359 3.30520 3.30520 3.37454 3.52246 3.56411 3.57214 3.57214 3.58348 3.40640 3.60763 3.93445 4.05781 4.18389 3.93488 3.84196 3.83591 3.81313 3.81633 3.83064 3.83892 3.88757 3.95169 4.28708 4.48596 4.70967 5.07434 5.32040 6.51433 6.27111 6.12638 6.12655 6.12655 6.12655 6.12655 6.12655 6.12655 6.12655 6.12655 6.12676 6.16862 6.31603 6.88867 9.82265 10.8056 11.6286 11.7838
6.70898 6.90558 6.46161 6.23719 5.74313 5.76007 5.72750 3.91564 3.81991 3.86285 3.90083 4.06322 4.00346 3.76694 3.76694 3.76694 3.76694 3.76694 3.76694 3.76694 3.70239 3.30520 3.30520 3.30779 3.50103 3.54753 3.59633 3.71050 3.84079 3.85574 3.82249 4.21287 4.19187 4.16754 4.07459 3.87312 3.94130 4.02953 4.09297 4.14657 4.20894 4.26583 4.34385 4.61376 4.98708 5.01760 4.90853 5.37330 5.95571 6.56992 6.12655 6.12655 6.12655 6.15483 6.26012 6.38894 6.51974 6.65167 6.78381 6.91553 7.00565 7.07301 7.37751 9.38762 10.8240 11.9150 11.9889
6.98409 7.02473 6.86328 6.54570 6.09431 5.94385 5.94379 4.61566 3.90493 3.90493 3.90493 3.93947 4.17792 3.78100 3.76694 3.76694 3.76694 3.76694 3.76580 3.72128 3.65689 3.21676 3.13153 3.15982 3.31811 3.49804 3.77639 4.03483 3.94750 3.92807 4.09487 4.49264 4.54430 4.65565 4.71776 4.30846 4.25182 4.32463 4.40644 4.49293 4.58451 4.64282 4.64342 4.69404 5.13174 5.15021 4.94665 5.44461 5.87023 7.02303 6.68119 6.77604 6.87581 6.94906 6.94591 6.92003 6.89222 6.86355 6.83530 6.80719 6.77932 6.75177 6.93529 7.48865 9.80639 10.8654 11.0500
7.22805 7.23219 7.22448 6.61941 6.38355 5.94379 5.94379 5.20858 3.92268 3.90493 3.90493 3.88234 4.06757 3.75045 3.55077 3.50327 3.59997 3.73402 3.86156 4.08567 4.40060 4.36354 4.44730 4.67979 4.94256 4.96544 4.96255 4.05579 4.20709 4.29261 4.83249 4.93500 4.88685 4.92586 5.04228 4.90801 4.63740 4.65835 4.73069 4.81340 4.98815 5.19838 5.40845 5.61833 6.05705 6.30563 6.12262 6.14578 6.05520 6.37580 6.40413 6.22086 6.22233 6.22233 6.22233 6.22233 6.22233 6.22241 6.22866 6.23592 6.24087 6.24582 6.36115 6.49733 8.36481 9.83214 10.3892
7.23219 7.23219 7.23219 6.85135 6.49750 5.89401 5.69885 5.39558 4.13720 4.17801 4.26200 4.37048 4.65633 4.86192 4.85452 4.99123 5.08531 5.16852 5.38865 5.58895 5.70281 5.58186 5.38244 5.44729 5.45750 5.22727 5.21542 4.51013 4.40373 4.49586 5.02628 5.57808 5.66015 5.72523 5.96963 6.18647 5.71562 5.85016 5.98805 6.11543 6.15072 6.15072 6.15072 6.15072 6.27505 6.41378 6.31128 6.02400 6.16400 6.08442 6.59589 6.22233 6.22233 6.22331 6.22946 6.23441 6.23936 6.24424 6.24294 6.24063 6.24063 6.24063 6.27644 6.49538 7.12372 9.54278 10.6457
6.59620 6.38058 6.23382 6.03783 5.55035 5.32457 5.02109 5.02109 5.00486 4.92900 4.91452 4.92028 5.03999 5.23833 5.30886 5.59908 5.80923 5.99700 6.04873 6.05243 6.05591 5.95573 5.48365 5.52453 5.56597 5.46798 5.65526 5.50338 5.22608 5.31751 5.62589 6.72053 6.86766 7.03077 7.03816 7.03816 6.56154 6.15072 6.15072 6.15072 6.15089 6.15337 6.15657 6.15977 6.20570 6.42260 6.44830 6.04516 6.17299 6.07334 6.52946 6.25578 6.23785 6.24182 6.24063 6.24063 6.24063 6.24093 6.30517 6.42036 6.53981 6.66419 6.79335 7.16454 7.35323 9.63530 11.4550
6.64342 5.96301 5.96099 5.95870 5.59991 5.48633 5.05592 5.01248 5.08142 5.19221 5.37499 5.59388 5.71057 5.78712 5.93036 6.08110 6.10055 6.12098 6.16155 6.20756 6.26472 6.34159 5.81768 5.80300 5.83583 5.85283 5.74166 6.01491 5.42392 5.46468 5.50199 6.75442 6.93875 7.00066 7.03816 7.03816 6.94945 6.17055 6.15591 6.15911 6.16214 6.16285 6.16285 6.16285 6.16654 6.44280 6.59826 6.42978 6.42943 6.36112 6.43991 6.52860 6.40140 6.52020 6.64372 6.77206 6.90561 7.04440 7.10533 7.10533 7.10533 7.10533 7.10533 7.25921 7.39653 8.30035 11.0336
6.84774 6.13779 5.94571 5.91014 5.67044 5.59527 5.57829 5.72791 5.90473 5.86873 5.82609 5.83734 5.85674 5.92152 6.02114 6.31777 6.38441 6.44871 6.49075 6.52723 6.55268 6.55355 6.09919 5.90552 5.90552 5.90552 5.72495 6.12524 5.40718 5.46468 5.46468 6.27027 6.93336 6.88213 6.65348 6.38499 6.13940 6.11752 6.16285 6.16446 6.17755 6.24925 6.36452 6.48022 6.59320 6.79733 6.91746 6.81972 6.37231 6.91798 7.06404 7.39869 7.10532 7.10533 7.10533 7.10533 7.10533 7.10533 7.10533 7.10533 7.10533 7.10533 7.10527 7.18503 7.54918 7.72190 10.6460
6.65902 6.15486 5.48456 5.40283 5.39859 5.87242 6.00660 6.01230 6.04791 6.08519 6.05221 6.10202 6.16606 6.22728 6.29267 6.49627 6.55355 6.55355 6.55355 6.55355 6.55355 6.55355 6.25307 5.90552 5.90552 5.90552 5.81637 5.91202 5.64713 5.44401 5.29260 5.42641 6.22550 6.09395 6.05653 6.05929 6.07735 6.18330 6.39458 6.51006 6.61362 6.65851 6.65989 6.66083 6.62730 6.53983 6.57745 6.43370 6.33629 6.83721 7.13755 7.31718 7.15967 7.10533 7.10533 7.10533 7.11386 7.24343 7.45214 7.67631 7.89880 8.12117 8.34383 8.55337 8.57086 8.55995 9.69211
6.29461 6.23161 5.53488 5.47981 5.53114 5.82111 6.21858 6.27619 6.30378 6.30302 6.19855 6.16834 6.16417 6.16147 6.22105 6.31047 6.46038 6.53466 6.55355 6.55355 6.55355 6.55355 6.42837 5.98486 6.06251 6.14023 6.11105 5.83323 5.88413 4.88937 4.87545 4.94202 6.01593 6.28412 6.35810 6.41770 6.51633 6.54609 6.62850 6.64806 6.51874 6.36927 6.22766 6.09375 5.99264 5.98711 6.19253 6.21210 6.27337 6.59207 7.30014 7.50545 7.92079 7.96950 8.19523 8.42024 8.63416 8.72713 8.74070 8.73936 8.73987 8.74038 8.74089 8.74140 8.63494 8.57845 8.68334
6.43907 6.49552 6.03878 5.69555 5.70711 5.74902 6.20449 6.23473 6.23473 6.23502 6.17227 6.11776 6.11105 6.11105 6.15124 6.24293 6.54927 6.75163 6.92368 7.02982 7.17843 7.34942 7.41027 6.52682 6.36069 6.27670 6.23964 6.19424 6.96539 5.62769 5.83807 6.08108 6.66942 6.93808 6.83517 6.62197 6.49759 6.37920 6.29587 6.27485 6.28027 6.30017 6.30510 6.32689 6.38286 6.44030 6.92085 7.35775 7.51914 7.82172 8.79506 8.58939 8.78464 8.75897 8.75601 8.75411 8.75453 8.75504 8.75550 8.75555 8.75555 8.77989 8.90836 9.19992 9.45632 9.64281 9.93495
6.56522 6.56522 6.41104 5.73157 5.70711 5.70711 6.03049 6.26306 6.34401 6.42807 6.51931 6.57469 6.71184 6.85700 7.01192 7.15097 7.37021 7.63218 7.87216 7.83475 7.73094 7.49667 7.35164 7.19259 7.20293 7.26812 7.41813 7.54522 8.35322 7.61431 6.99064 6.82862 6.89643 7.18356 6.93808 6.67967 6.62105 6.63836 6.66591 6.78752 6.83451 6.87333 6.92869 6.96651 6.96767 6.96767 7.26926 7.96365 7.96177 8.06350 8.64745 8.58176 8.63582 8.80586 8.75555 8.75555 8.75740 8.85528 9.13946 9.45079 9.78212 10.1079 10.3176 10.3235 10.3154 10.1270 10.1195
6.61614 6.67817 6.72623 6.21495 5.98935 6.05166 6.26122 6.77985 6.77588 6.76159 7.25914 7.31433 7.35817 7.48779 7.61801 7.66273 7.57963 7.62033 7.63250 7.49182 7.40190 7.47697 7.55957 7.63751 7.69884 7.70089 7.70211 7.70475 7.83797 7.41942 6.21928 6.23808 6.28012 6.92142 6.99088 6.86863 6.84328 6.85317 6.85317 6.89770 6.96767 6.96767 6.96767 6.96762 6.96532 6.96185 6.99325 7.90866 7.95072 7.99465 8.37453 8.58149 8.61713 9.02987 9.38783 9.71647 10.0642 10.3109 10.3235 10.3235 10.3235 10.2845 10.1239 10.0720 10.0271 9.85460 9.76155
7.22319 7.36289 7.50347 7.21517 6.12618 6.12452 6.18246 6.82219 7.06885 7.19863 7.67231 8.03523 7.68964 7.31844 6.98872 6.84350 6.81368 7.21683 7.54012 7.61579 7.66307 7.66415 7.66678 7.67165 7.70497 7.74939 7.79002 7.82917 7.87642 7.92228 6.42147 6.42161 6.42161 6.86294 7.10632 6.99713 6.85676 6.85317 6.85317 6.85667 6.95739 6.96254 6.95908 6.95566 6.95449 6.95449 6.95449 7.63570 7.96446 8.03461 8.75659 9.35389 9.70536 10.3914 10.7550 10.1016 9.87193 9.69551 9.65160 9.61760 9.58540 9.58527 9.68205 9.68641 9.68641 9.61755 9.51156
7.65230 7.76308 7.87740 7.94778 6.92738 6.72399 6.80063 7.15628 7.36163 7.09787 6.55063 6.77266 6.72527 6.78316 6.84258 6.90927 7.01176 7.22142 7.62820 7.74775 7.80126 7.84556 7.88471 7.92165 7.93015 7.93015 7.93015 7.93015 7.93015 8.10085 6.68553 6.42161 6.42161 6.63141 7.10632 7.05554 6.90013 6.89689 6.93496 6.97302 6.97425 6.95449 6.95507 6.96896 6.98050 6.98046 7.01053 7.80318 8.83588 9.17373 10.4852 10.9470 11.2428 11.2018 10.8765 9.40652 9.55394 9.67866 9.68641 9.68641 9.68641 9.68641 9.68641 9.68641 9.68641 9.66966 9.54661
8.30878 8.33354 8.37352 8.51086 8.05919 7.24208 7.36637 7.30821 6.67737 6.72119 6.21794 6.72449 6.94316 6.96297 6.97747 6.99198 7.19981 7.34082 7.79452 7.93015 7.93015 7.93015 7.93015 7.93015 7.93015 7.93015 7.93015 7.93015 7.93015 7.97828 7.24944 6.42161 6.42338 6.46806 7.12625 7.19457 7.06512 6.99317 7.00317 7.02258 7.02830 7.18563 7.60055 7.97481 8.32077 8.64892 8.92906 8.96653 9.71673 9.84401 10.4385 11.0921 11.4859 11.4952 11.4095 10.1563 9.68641 9.68641 9.68641 9.68641 9.69838 9.73610 9.81039 9.93123 10.0534 10.1755 10.0518
8.64008 8.78210 8.90969 8.92463 8.79541 7.55756 7.48042 7.58529 7.12966 6.93992 6.65975 6.62699 6.93873 6.96420 6.96088 6.95737 7.07024 7.22381 7.62581 7.93015 7.93015 7.93015 7.93015 7.93015 7.93015 7.93015 7.93015 7.93015 7.93015 7.94766 7.74245 6.50505 6.53657 6.54935 6.98706 7.16837 7.16166 7.66142 8.08696 8.40765 8.70516 8.78361 8.70158 8.70226 8.74065 8.77839 8.81557 8.84219 9.32530 9.42724 9.80741 11.0847 11.3982 11.5087 11.5035 10.8394 9.86757 9.92290 9.99039 10.1072 10.2174 10.3018 10.3497 10.3509 10.3509 10.3509 10.1834
8.76395 8.72381 8.68837 8.68351 8.70080 8.27514 7.64526 7.67040 7.41892 6.84291 6.81339 6.39150 6.79974 6.85703 6.85703 6.85703 6.87797 7.13977 7.33550 7.93015 7.93015 7.93015 7.93015 7.93051 7.94559 7.97513 8.02606 8.07832 8.11102 8.17642 8.19262 6.40396 6.30849 6.28504 6.43027 6.87165 6.94451 7.85218 8.29090 8.30239 8.31975 8.37932 8.43041 8.43706 8.40942 8.39443 8.39056 8.44805 8.80916 9.23835 9.44748 10.9152 11.4688 11.8444 11.8516 11.6256 10.3299 10.3392 10.3961 10.4034 10.4055 10.4076 10.4097 10.4118 10.4053 10.3334 9.98992
8.71961 8.75832 8.79491 8.80208 8.80208 8.75802 7.71530 7.67048 7.66099 6.94123 6.83902 6.50679 6.74933 6.85542 6.87134 6.89163 6.91201 7.14145 7.25699 8.00701 8.08207 8.10489 8.06369 7.98437 7.99943 7.77901 7.90940 8.04417 8.15614 8.21751 8.09780 6.28658 5.68951 5.69494 5.78055 6.31643 6.43138 7.05998 7.94320 7.96131 8.01668 8.11322 8.19201 8.28164 8.37769 8.46199 8.53580 8.55227 8.63008 9.14445 9.14849 10.1382 11.3356 12.0090 12.0566 11.8804 10.9869 10.4202 10.4202 10.4201 10.3700 10.0948 9.79630 9.51380 9.25395 9.05937 9.03714
8.78287 8.80208 8.80208 8.80208 8.80165 8.80584 8.13558 7.66371 7.66159 7.23898 6.82774 6.76421 6.72873 7.02986 7.06141 7.06141 7.06141 7.15354 7.03444 7.52030 7.94318 8.14540 8.41508 8.72935 8.88675 8.21272 8.00159 7.95410 7.94442 7.93045 7.91806 6.84808 6.03986 6.14246 6.24141 6.64620 6.93146 7.21270 8.30946 8.53586 8.57688 8.57688 8.56989 8.55227 8.55227 8.55227 8.55227 8.57330 8.61576 9.14530 9.29270 9.79513 11.0632 12.0056 12.0660 11.9997 11.0747 9.83703 9.55306 9.28365 9.06835 9.03751 9.03751 9.03751 9.03773 9.14030 9.38626
