results/OMI_NO2_200701.asc
ncols      200
nrows      200
xllcorner       120.258
yllcorner       41.1236
cellsize     0.0166667
NODATA_Value      -999.000
[rows 87 to 115 of 165, columns 128 to 191 of 200]
1.10442 1.09125 1.03579 1.00711 0.999081 0.941250 0.940404 0.934198 0.934071 0.935491 0.937984 0.909188 0.887074 0.885219 0.875256 0.826541 0.868994 0.925714 0.969852 1.01886 1.33137 1.43737 1.42895 1.55974 1.66070 2.13809 3.26710 3.29539 3.49931 3.52498 3.51747 3.51091 3.50737 3.50008 3.37141 3.19297 2.97202 2.74265 2.50493 2.25234 2.06687 2.08886 1.99486 1.91634 1.83945 1.67845 1.66750 1.64765 1.12655 1.08222 1.04802 1.02336 1.03398 1.09423 1.11254 1.10886 1.12167 1.18639 1.51048 1.87910 1.95277 2.05150 2.15478 2.68151
1.09203 1.10382 1.06595 1.03345 1.03693 0.984629 0.979226 0.987207 1.00127 1.00628 0.999869 0.975588 0.927206 0.928073 0.936559 0.925109 0.953116 1.04501 1.08017 1.13141 1.36676 1.62187 1.60627 1.69885 1.81998 1.89615 3.27889 3.29867 3.16493 3.08169 2.89190 2.68423 2.45645 2.23857 2.18562 2.17060 2.15803 2.12200 2.09129 2.05284 1.98899 1.94713 1.90122 1.82031 1.80972 1.70055 1.69255 1.69706 1.21336 1.09224 1.11834 1.14531 1.17392 1.24541 1.32994 1.41949 1.51565 1.63791 1.86168 2.27974 2.30722 2.32999 2.34240 2.62059
1.24098 1.21340 1.18174 1.16906 1.17912 1.14365 1.11283 1.09514 1.07217 1.06438 1.06660 1.06533 1.01401 1.01247 1.01247 1.00724 0.980278 1.08102 1.09941 1.14367 1.24926 1.62316 1.55609 1.57377 1.63156 1.74645 1.85097 1.93078 1.96161 2.18629 2.19904 2.19679 2.18920 2.18122 2.14883 2.07681 2.02503 1.92308 1.89354 1.89783 1.89857 1.87949 1.95101 1.86193 1.87871 1.94672 1.89173 1.91491 1.57829 1.26970 1.27328 1.31262 1.35890 1.48488 1.65596 1.69897 1.76522 1.83219 1.97408 2.33202 2.43550 2.42965 2.43834 2.59764
1.15663 1.09158 1.06857 1.11735 1.09855 1.07030 1.07148 1.07486 1.06808 1.06757 1.06757 1.06757 1.02607 1.01247 1.01186 1.00527 0.954343 0.996981 1.00260 1.01411 1.05572 1.54007 1.53860 1.55470 1.63684 1.74998 1.76916 1.88662 1.90821 2.05322 2.16201 2.12949 2.10074 2.07072 2.05970 2.04021 2.04951 2.03649 2.00652 2.00447 1.85879 1.94434 2.01363 1.99112 1.95337 2.01689 1.92786 1.95226 1.79614 1.36797 1.40715 1.41061 1.41332 1.44024 1.67567 1.82491 1.96298 1.99517 2.04854 2.37827 2.62865 2.57573 2.60408 2.65880
1.05086 1.00643 0.997187 1.04482 1.08139 1.08098 1.05855 1.07508 1.07070 1.06498 1.05785 1.04747 1.01074 0.973238 0.960041 0.943573 0.894916 0.889775 0.981646 1.02119 1.14413 1.61801 1.78197 1.77288 1.77781 1.83132 1.85954 1.97061 2.11418 2.15977 2.17709 2.17469 2.16772 2.15403 2.14137 2.10603 2.08447 2.07655 2.00662 2.00229 1.85093 1.91236 1.97854 2.02347 1.99453 2.07600 2.08845 2.06043 2.03947 1.44615 1.46200 1.49495 1.55492 1.60663 1.78130 2.00350 2.26007 2.45609 2.60790 2.57647 2.79819 2.72310 2.70281 2.71516
1.03049 1.01252 0.992567 1.00875 1.07876 1.10272 1.08939 1.11110 1.10386 1.03318 1.02286 1.00451 0.975630 0.917972 0.904697 0.901560 0.899836 0.891450 1.13413 1.15956 1.22986 1.59644 1.91441 1.85638 1.89232 1.90561 1.98383 1.99094 2.14581 2.14634 2.14463 2.14301 2.14697 2.15780 2.16866 2.16550 2.15509 2.14939 2.00980 2.00202 1.95645 1.96131 2.16224 2.21511 2.13290 2.15974 2.23566 2.24427 2.34948 1.89284 1.86373 1.92475 1.98964 2.18193 2.40409 2.76501 2.97094 3.05479 3.04943 2.97398 2.89077 2.89889 2.77428 2.73373
1.10642 1.12542 1.10840 1.12932 1.22721 1.23920 1.17318 1.10699 1.08443 0.977665 0.951080 0.951080 0.950716 0.905261 0.901560 0.901560 0.901560 0.855168 1.11732 1.14887 1.22817 1.46728 2.01918 1.95742 1.96528 1.90670 1.97657 1.99461 2.13085 2.18980 2.18980 2.19249 2.20336 2.21502 2.22502 2.23671 2.25834 2.31527 2.28217 2.25778 2.22956 2.09479 2.29441 2.29543 2.39278 2.43651 2.50360 2.57321 2.67776 2.50415 2.44124 2.59506 2.71291 2.72414 2.71518 2.82710 2.91646 3.00386 2.99869 3.04436 2.71164 2.64207 2.49363 2.49310
1.19322 1.17342 1.11792 1.09010 1.11447 1.15071 1.13736 1.02553 1.04546 1.00018 0.949994 0.948585 0.947402 0.915251 0.900641 0.901768 0.902362 0.890226 1.03816 1.13242 1.20726 1.28417 1.90339 1.91389 1.89168 1.87511 1.91712 1.97277 2.04120 2.18097 2.19015 2.19772 2.22796 2.27134 2.31992 2.36696 2.37269 2.37791 2.33284 2.23657 2.22153 2.04608 2.13575 2.24139 2.31246 2.49143 2.65999 2.83936 3.05019 2.98845 2.73024 2.71553 2.70081 2.68683 2.68337 2.72542 2.86941 2.99407 3.00428 3.02279 2.91251 2.65111 2.58407 2.61638
1.11162 1.07055 1.04643 1.02547 1.03355 1.11002 1.11229 1.01922 1.01236 1.00197 0.925414 0.917110 0.913832 0.894747 0.867277 0.860599 0.855237 0.850295 0.911659 1.04125 1.07624 1.13389 1.54637 1.68359 1.67531 1.76851 1.81489 1.88886 1.92727 2.14746 2.21745 2.27164 2.28976 2.28943 2.28535 2.27615 2.28044 2.28591 2.27593 2.17556 2.15423 2.10613 2.23514 2.58038 2.71371 2.86592 2.85785 2.87373 2.95222 2.99151 2.67597 2.66620 2.65643 2.64665 2.63687 2.62714 2.75873 2.89006 2.98270 3.03473 3.19461 2.81111 2.72019 2.62995
1.06795 1.00950 1.00136 0.989548 0.989760 1.04321 1.04372 0.965818 0.908192 0.905308 0.854726 0.837143 0.836279 0.829640 0.799675 0.801197 0.801786 0.801786 0.825075 0.995032 1.00507 1.09695 1.34751 1.64892 1.65953 1.81313 1.94065 2.06374 2.12083 2.21452 2.27844 2.26918 2.26528 2.26528 2.26528 2.26528 2.27279 2.33298 2.47164 2.52813 2.59620 2.59329 2.51869 2.72254 2.78190 2.74934 2.70688 2.74981 2.80417 2.93282 2.60602 2.56443 2.56144 2.55919 2.57232 2.59150 2.71389 3.02241 3.13229 3.14256 3.27821 3.05135 2.83159 2.73059
1.08652 1.05750 1.06731 1.08846 1.11455 1.11454 1.06070 1.06356 0.911158 0.899279 0.876485 0.832810 0.832810 0.832810 0.806331 0.801786 0.801786 0.801842 0.803325 0.994354 1.03492 1.14477 1.32653 1.83650 1.85076 1.90930 1.98895 2.02908 2.09759 2.12299 2.24322 2.23354 2.22403 2.23977 2.35575 2.47616 2.59312 2.69922 2.71592 2.70048 2.66032 2.63301 2.49217 2.57501 2.70932 2.69084 2.63008 2.67050 2.71736 2.86801 2.67394 2.57537 2.60469 2.63324 2.64645 2.65818 2.69320 3.03614 3.27237 3.30296 3.39587 3.42269 2.97675 2.96831
1.24822 1.22118 1.18488 1.19380 1.20140 1.20131 1.10522 1.09604 0.952023 0.899279 0.897521 0.837538 0.834068 0.841490 0.817050 0.791340 0.778675 0.773727 0.780915 1.02262 1.18385 1.24974 1.34053 1.81637 1.84666 1.86342 1.95008 1.97418 1.97458 2.00000 2.12466 2.14899 2.15592 2.60306 2.68564 2.71308 2.74051 2.76363 2.76802 2.75693 2.68476 2.66640 2.51200 2.52014 2.71649 2.72798 2.68559 2.72237 2.79562 2.95348 2.87687 2.68833 2.70319 2.71676 2.73164 2.75341 2.76060 2.92828 3.25517 3.29196 3.20632 3.23410 3.01560 3.18893
1.25270 1.24553 1.21010 1.20881 1.20300 1.20451 1.14383 1.10637 1.02726 0.914105 0.894100 0.858429 0.837310 0.830681 0.846852 0.857426 0.892214 0.917721 0.927891 1.01849 1.19932 1.21251 1.31248 1.68107 1.83369 1.82938 1.92096 1.98293 1.93580 2.02754 2.12779 2.24042 2.26823 2.50846 2.75294 2.75423 2.75446 2.76465 2.77241 2.77254 2.74986 2.71387 2.59982 2.54709 2.68509 2.77806 2.80737 2.76297 2.83446 2.94331 3.01894 2.77910 2.83635 2.89477 2.95184 2.98498 2.91600 2.84523 3.16106 3.24203 3.28039 3.54831 3.63259 3.76423
1.28111 1.27895 1.24400 1.23178 1.22224 1.19961 1.13982 1.03426 0.986076 0.881340 0.903135 0.934841 0.950211 0.973689 0.971741 0.929706 0.928885 0.928885 0.928885 0.952533 1.18707 1.19984 1.28866 1.55423 1.84312 1.89603 1.97523 2.08305 2.06897 2.10883 2.14170 2.27618 2.27809 2.31267 2.73450 2.74572 2.72430 2.70843 2.70146 2.69733 2.69221 2.68188 2.63402 2.54551 2.62048 2.80636 3.07098 3.03602 3.10530 3.25664 3.66595 3.40301 3.32019 3.21312 3.09992 2.99386 2.99390 3.04718 3.36792 3.81042 3.89156 4.03641 4.04176 4.05557
1.24069 1.21806 1.17997 1.12988 1.11271 1.12228 1.15106 1.08948 1.11831 1.03740 1.00567 1.00567 0.979565 0.974284 0.974284 0.939016 0.933434 0.949123 0.965445 0.986757 1.22311 1.32229 1.39168 1.62898 2.06822 2.09686 2.03692 2.08549 2.06864 2.03640 2.08407 2.18567 2.22189 2.21746 2.47909 2.67904 2.71093 2.74391 2.80605 2.81354 2.79427 2.75870 2.75522 2.58465 2.58578 2.79663 3.17804 3.28640 3.21870 3.14264 3.69712 3.44808 3.32771 3.37175 3.42482 3.47788 3.53060 3.55153 3.60946 4.14335 4.20038 4.20038 4.16623 4.14446
1.16664 1.17686 1.19674 1.22588 1.26135 1.28306 1.29337 1.21691 1.17727 1.13144 1.07454 1.09557 1.09638 1.09387 1.12431 1.12243 1.11275 1.12213 1.13127 1.13771 1.30283 1.48247 1.49199 1.59887 2.07739 2.14934 2.14422 2.22225 2.06925 1.99846 2.05775 2.12558 2.22819 2.22916 2.29244 2.65674 2.63190 2.60156 2.69033 2.71100 2.70542 2.68227 2.71686 2.57656 2.51098 2.49997 2.69423 2.86911 2.71825 2.82489 3.37250 3.60900 3.54253 3.55153 3.55298 3.55737 3.56183 3.56630 3.57076 3.96698 4.22435 4.15014 4.03085 3.87166
1.30196 1.33723 1.36250 1.35852 1.35652 1.40515 1.43311 1.41016 1.34753 1.34431 1.27625 1.28902 1.30978 1.26543 1.27262 1.26091 1.21214 1.22198 1.23197 1.23694 1.32794 1.57164 1.59780 1.59482 1.98670 2.11510 2.12687 2.20786 2.12181 2.01973 2.07142 2.14510 2.14197 2.13044 2.11862 2.42286 2.56665 2.56665 2.63541 2.70560 2.68388 2.55686 2.43864 2.22987 2.06848 2.12453 2.35128 2.87964 2.90100 2.99225 3.27985 3.74784 3.59500 3.59947 3.60248 3.60658 3.61417 3.66013 3.73182 3.83728 3.87913 3.85957 3.87568 3.84411
1.38350 1.37995 1.36900 1.36199 1.34431 1.39455 1.43687 1.44087 1.50443 1.49830 1.41443 1.40938 1.40812 1.34113 1.31465 1.31347 1.24188 1.23761 1.23761 1.23761 1.25226 1.55005 1.61614 1.57649 1.93571 2.15555 2.19744 2.22802 2.17797 2.02683 1.99030 2.09475 2.10807 2.11081 2.11121 2.21672 2.55925 2.46599 2.37853 2.34229 2.23533 2.22627 2.21719 2.22772 2.17415 2.20841 2.36110 2.84121 2.97896 3.05304 3.19074 3.84885 3.70784 3.72408 3.78146 3.83505 3.88520 3.89693 3.88082 3.84460 3.93293 3.92231 3.89213 3.99159
1.28239 1.32023 1.32726 1.32677 1.30907 1.32812 1.41165 1.40813 1.47701 1.49313 1.43126 1.40812 1.40812 1.37618 1.31465 1.31490 1.26750 1.27869 1.34124 1.40389 1.48159 1.77994 1.75882 1.66252 1.80834 2.08710 2.06390 2.08048 2.08472 1.94570 1.94060 1.99441 2.04809 2.04562 2.03852 2.03195 2.05639 2.04415 2.05634 2.19403 2.23428 2.26286 2.26607 2.32880 2.38783 2.37776 2.36606 2.66748 2.96848 2.99904 3.12021 3.77217 3.85400 3.84787 3.82778 3.79893 3.76509 3.73099 3.70873 3.71467 3.84725 3.88431 3.89655 3.93139
1.25849 1.31835 1.31392 1.30990 1.30254 1.29370 1.39541 1.40644 1.45122 1.49313 1.46561 1.43573 1.46068 1.51969 1.52860 1.59571 1.61466 1.59905 1.61660 1.63281 1.63787 1.64526 1.59043 1.46867 1.46432 1.88838 1.89119 1.90585 1.98321 1.88255 1.88129 1.89437 2.01255 2.04654 2.08705 2.12755 2.16414 2.20026 2.23615 2.34906 2.39885 2.40915 2.30238 2.23644 2.29351 2.30296 2.34947 2.52753 3.08227 3.10590 3.17825 3.53862 3.80624 3.70042 3.70474 3.72919 3.76734 3.80569 3.83428 3.85468 3.95979 4.08917 4.08355 4.10622
1.28983 1.37753 1.41204 1.42227 1.42842 1.40715 1.48055 1.53562 1.59927 1.73017 1.76725 1.71061 1.74384 1.75810 1.74979 1.74644 1.73830 1.65145 1.65145 1.65145 1.65145 1.64457 1.61802 1.49598 1.40681 1.80536 1.89142 1.89476 2.02628 2.01822 2.01580 2.07377 2.18865 2.26888 2.28180 2.29109 2.29407 2.29407 2.29444 2.37033 2.47188 2.49702 2.48552 2.42010 2.56038 2.65148 2.68164 2.64843 2.99803 3.09878 3.20781 3.48293 3.95962 3.93096 3.94465 3.94662 3.93889 3.91547 3.88731 3.85937 3.83207 4.04210 3.90744 3.99060
1.29666 1.40030 1.45368 1.47193 1.53967 1.57720 1.64300 1.78333 1.79946 1.88157 1.89852 1.79075 1.78659 1.78926 1.78266 1.75447 1.75444 1.66327 1.65145 1.65141 1.64828 1.64273 1.60856 1.54469 1.47733 1.80504 2.02998 2.05609 2.17137 2.27680 2.15728 2.19148 2.23297 2.37276 2.41959 2.46056 2.50241 2.54518 2.61785 2.73526 2.96184 3.02988 3.04744 2.86514 2.87919 2.88805 2.92212 2.95581 2.99617 3.15786 3.19671 3.29055 3.56092 3.51172 3.49312 3.47524 3.45444 3.44448 3.43860 3.43271 3.42932 3.63463 3.54345 3.72329
1.27431 1.44245 1.69482 1.76256 1.76448 1.75935 1.70073 1.81269 1.83677 1.89149 1.92039 1.84311 1.78741 1.78185 1.77620 1.74217 1.73011 1.66139 1.61903 1.62880 1.67604 1.72720 1.75768 1.78767 1.68381 1.91871 2.26217 2.30630 2.38682 2.58444 2.62085 2.69648 2.73475 2.86833 2.95868 3.04001 3.12655 3.21474 3.27910 3.34942 3.16659 3.20017 3.25005 3.11994 3.06151 3.03222 3.03574 3.03620 3.00794 3.21732 3.23708 3.31772 3.53144 3.49566 3.43673 3.43101 3.42931 3.42931 3.43033 3.43943 3.45034 3.57123 3.69280 3.69294
1.40519 1.50117 1.69572 1.81227 1.83212 1.84101 1.76569 1.79693 1.82896 1.84904 1.89566 1.85372 1.75971 1.77932 1.81150 1.84649 1.91374 1.97522 2.02830 2.10619 2.14854 2.18926 2.21570 2.21672 2.10005 2.13083 2.70992 2.72692 2.72675 2.88809 2.90120 2.91552 2.90294 2.97722 3.34664 3.46017 3.51122 3.56369 3.60938 3.61446 3.40146 3.30925 3.30925 3.21468 3.07775 3.05541 3.03620 3.03386 2.97004 3.18738 3.20150 3.32083 3.50211 3.54709 3.50976 3.52059 3.53150 3.54234 3.55220 3.55393 3.58750 3.67874 4.04410 3.70058
1.62310 1.67563 1.73757 1.84349 1.82443 1.82607 1.79689 1.76318 1.82064 1.81690 2.09526 2.13633 2.07700 2.20787 2.26353 2.29786 2.26777 2.26712 2.26712 2.26712 2.26712 2.26712 2.26217 2.23255 2.18011 2.03482 2.58585 2.68844 2.66918 2.77905 2.87749 2.93725 2.99716 3.03788 3.41311 3.61034 3.61523 3.62573 3.63924 3.65270 3.53015 3.36853 3.38077 3.36205 3.14923 3.14075 3.10449 3.10418 3.10037 3.17285 3.28698 3.36915 3.53541 3.59506 3.58229 3.58489 3.61478 3.71197 3.81254 3.91294 3.97996 4.00173 4.18010 3.85720
1.68747 1.69378 1.67320 1.79936 1.77851 1.76365 1.74798 1.69162 1.81320 1.87355 2.19202 2.32236 2.21528 2.27836 2.30191 2.30191 2.27773 2.26712 2.26712 2.26202 2.24644 2.22241 2.19790 2.13956 2.10055 1.95295 2.36343 2.61385 2.63428 2.85307 2.98995 3.01356 3.12913 3.14084 3.31183 3.68974 3.74236 3.74355 3.74174 3.72878 3.65547 3.37491 3.35580 3.34399 3.16179 3.13168 3.14868 3.13894 3.15497 3.18625 3.36513 3.42369 3.60738 3.79032 3.87287 3.99394 4.06460 4.07697 4.09445 4.11817 4.14961 4.18740 4.29865 4.31747
1.55556 1.67425 1.60016 1.70945 1.83003 1.88282 1.94466 1.92834 1.93553 1.96518 2.12194 2.32299 2.26136 2.23364 2.31294 2.32224 2.28584 2.17106 2.13521 2.10288 2.07149 2.04674 2.02250 2.01395 2.01780 1.93180 2.13767 2.54927 2.57350 2.70076 2.94503 2.95439 3.15239 3.16532 3.17356 3.58223 3.69861 3.67933 3.66010 3.64908 3.62811 3.33109 3.27936 3.25798 3.22290 3.24631 3.32194 3.31247 3.32109 3.33822 3.60252 3.69192 3.90004 4.13946 4.05751 4.19919 4.25555 4.30754 4.35116 4.39080 4.42922 4.46166 4.48721 4.67913
1.51362 1.67582 1.83571 1.86178 1.98290 1.94076 1.93074 1.89633 1.81883 1.85440 1.88649 2.17184 2.13444 2.10067 2.19403 2.17347 2.15130 1.98478 1.96012 1.95073 1.94891 1.94891 1.94891 1.96773 2.00479 1.97355 1.96093 2.53570 2.56828 2.62167 2.89450 2.92888 3.03201 3.06059 3.01845 3.19714 3.52177 3.50987 3.48646 3.46594 3.46308 3.27302 3.17163 3.17163 3.19112 3.33648 3.46981 3.52402 3.61992 3.65746 3.88620 4.01038 4.15277 4.41824 4.35407 4.50900 4.52295 4.53293 4.54915 4.56432 4.57289 4.58103 4.59632 4.78665
1.47586 1.56888 1.63473 1.61112 1.70171 1.70596 1.68868 1.67655 1.62445 1.66624 1.65741 1.92556 1.96803 1.95957 2.04456 2.04825 2.04473 1.95931 1.91036 1.94891 1.94891 1.94891 1.94891 1.95618 2.03131 2.05592 1.97161 2.46293 2.51600 2.38992 2.57591 2.69071 2.77486 2.91390 2.91926 2.95265 3.42030 3.50606 3.52624 3.54701 3.56778 3.50128 3.41456 3.53561 3.67274 3.91098 4.09539 4.15051 4.17074 4.23998 4.32992 4.45992 4.53963 4.84119 4.88738 5.01885 5.09474 5.13073 5.16046 5.18411 5.20346 5.22308 5.23390 5.35832
