results/OMI_NO2_2011_06-08.asc
ncols      200
nrows      200
xllcorner       120.258
yllcorner       41.1236
cellsize     0.0166667
NODATA_Value      -999.000
[rows 87 to 115 of 175, columns 67 to 133 of 200]
2.22357 2.22213 2.19245 2.12820 2.09414 2.00963 2.05736 2.13486 2.21860 2.25615 2.26736 2.26327 2.27472 2.37123 2.38569 2.38808 2.26468 2.21344 2.31791 2.63319 2.60532 2.50612 2.46355 2.44416 2.42700 2.33733 2.30983 2.33850 2.31409 2.39366 2.49147 2.57260 2.61032 2.66738 2.69675 2.73883 2.77261 2.77760 2.83629 2.65857 2.60968 2.72084 2.69311 2.69271 2.69271 2.57700 2.49875 2.53812 2.49432 2.76474 2.76706 3.03540 3.32193 3.29367 3.30266 3.31270 3.32208 3.19074 3.30081 3.28551 3.20490 3.18158 2.97374 2.71324 2.66994 2.94535 3.00127
2.03664 1.99242 1.93443 1.92997 2.00204 1.92832 2.03005 2.06337 2.25801 2.22156 2.20507 2.15342 2.15336 2.13781 2.11622 2.16641 2.19045 2.15342 2.14000 2.33632 2.41646 2.39929 2.38207 2.30263 2.35080 2.36136 2.42598 2.55328 2.60151 2.67268 2.70877 2.73612 2.76025 2.78395 2.77582 2.77477 2.75617 2.70718 2.65323 2.60132 2.49135 2.64255 2.70967 2.74889 2.78812 2.72963 2.67134 2.63479 2.55928 2.79694 2.83096 2.92061 3.34606 3.40044 3.43575 3.44817 3.44835 3.32910 3.34800 3.44182 3.33470 3.42991 3.37630 3.06359 2.89748 3.13936 3.26697
1.90593 1.91139 1.90969 1.91775 1.94256 1.90655 1.99419 1.99204 2.10289 2.12151 2.12277 2.08573 2.10603 2.11266 2.10384 2.16026 2.25219 2.21708 2.19470 2.21208 2.32863 2.41283 2.49704 2.55384 2.67965 2.69497 2.70726 2.76131 2.70810 2.70218 2.67233 2.65277 2.62469 2.65490 2.65490 2.69062 2.68638 2.65623 2.60516 2.52189 2.54049 2.65602 2.76646 2.76646 2.76641 2.56739 2.57717 2.50509 2.46166 2.75856 2.76488 2.80513 3.11722 3.20868 3.16814 3.20006 3.28323 3.26976 3.36717 3.41454 3.23496 3.23753 3.20414 2.95749 3.00103 3.20511 3.40236
1.90782 1.90644 1.90256 1.90748 1.95325 1.92458 2.01198 2.01198 2.07720 2.15910 2.18509 2.21498 2.25258 2.29881 2.30065 2.31360 2.31331 2.40893 2.46712 2.57310 2.68101 2.73263 2.73867 2.73712 2.75511 2.67170 2.63832 2.63248 2.63966 2.64239 2.65485 2.65907 2.65170 2.68517 2.68255 2.70847 2.70558 2.67946 2.66149 2.56421 2.61557 2.59981 2.73763 2.70837 2.67170 2.48703 2.52061 2.62829 2.60413 2.82730 2.72254 2.90709 3.20867 3.57017 3.52595 3.58272 3.59700 3.48572 3.45631 3.37913 3.30794 3.34933 3.36448 3.10157 3.15038 3.18467 3.53495
1.89959 1.92526 1.92545 1.93062 1.98227 1.98878 2.08803 2.11789 2.19634 2.31392 2.33946 2.33943 2.33962 2.35716 2.35840 2.35885 2.35522 2.47352 2.64934 2.68658 2.69252 2.73568 2.65317 2.61057 2.69619 2.63091 2.62965 2.64605 2.69760 2.66151 2.67421 2.67319 2.66953 2.70328 2.68350 2.66190 2.60742 2.54856 2.49637 2.37877 2.47260 2.53406 2.59544 2.58052 2.55951 2.40987 2.45765 2.57477 2.67551 2.93648 2.83097 3.10480 3.36989 3.58406 3.54150 3.50211 3.46486 3.36916 3.36471 3.28579 3.42267 3.42616 3.42882 3.22321 3.11270 3.15770 3.56305
1.88921 1.93352 1.94941 1.97698 2.05630 2.07834 2.14376 2.14370 2.18901 2.22614 2.29469 2.30115 2.32259 2.36127 2.40026 2.44062 2.38273 2.37749 2.43495 2.51161 2.51014 2.60384 2.57079 2.55278 2.63351 2.57204 2.58078 2.59425 2.64356 2.58353 2.57413 2.52843 2.46951 2.45060 2.41013 2.43948 2.43605 2.47639 2.50742 2.49558 2.44194 2.52123 2.54476 2.52189 2.54748 2.46317 2.54753 2.57654 2.74083 2.93338 2.79089 2.87730 3.25679 3.30648 3.39031 3.38857 3.38857 3.36276 3.37115 3.27323 3.35368 3.44066 3.41875 3.29079 3.12573 3.17539 3.46801
1.98235 2.02397 1.98630 1.98850 2.04063 2.07803 2.14386 2.16201 2.22924 2.24288 2.38856 2.41644 2.41532 2.40930 2.40719 2.43044 2.36206 2.35331 2.33237 2.49824 2.50488 2.56220 2.61176 2.59080 2.68330 2.60489 2.57778 2.57610 2.58594 2.46190 2.43604 2.45344 2.46159 2.50960 2.55835 2.61432 2.59078 2.62359 2.63914 2.63991 2.59602 2.71598 2.71510 2.59784 2.56704 2.48981 2.52222 2.49704 2.70060 2.84939 2.72311 2.75988 3.10629 3.15582 3.30457 3.34260 3.34198 3.30457 3.29853 3.20297 3.19416 3.43364 3.39340 3.28116 3.08676 3.07066 3.17187
1.98073 2.02182 1.98409 2.00586 2.08668 2.14141 2.21215 2.23358 2.23443 2.19576 2.28261 2.29884 2.34007 2.33617 2.33618 2.37352 2.31320 2.30191 2.23871 2.38288 2.41925 2.40037 2.47391 2.45572 2.58556 2.53907 2.53590 2.58503 2.65982 2.59367 2.55479 2.56548 2.57166 2.61092 2.62431 2.63931 2.62222 2.61795 2.56652 2.51401 2.44146 2.56420 2.62010 2.57729 2.52264 2.41463 2.46037 2.45697 2.64428 2.89765 2.80013 2.86386 3.06147 3.24211 3.27378 3.41248 3.41606 3.41606 3.41606 3.32072 3.23615 3.52994 3.44658 3.30142 3.16715 3.09910 3.08052
1.98494 2.09143 2.07000 2.09470 2.16824 2.19394 2.17889 2.16450 2.15678 2.10992 2.15923 2.22849 2.28511 2.26891 2.23685 2.25007 2.17919 2.17113 2.14862 2.21881 2.33102 2.36641 2.40577 2.48321 2.65144 2.63993 2.67286 2.70929 2.75018 2.69118 2.61547 2.62324 2.63492 2.62654 2.57779 2.50405 2.41581 2.46348 2.46898 2.47451 2.44119 2.46438 2.61080 2.61910 2.54557 2.45399 2.54179 2.55387 2.65081 3.11010 3.06455 3.12320 3.08899 3.24028 3.25508 3.43716 3.44438 3.43362 3.46054 3.31586 3.19143 3.37723 3.35005 3.15461 3.06002 3.01620 3.00837
2.12803 2.14887 2.12496 2.11663 2.16471 2.19443 2.16014 2.16066 2.17615 2.15920 2.16398 2.12478 2.14224 2.12740 2.12725 2.17403 2.13914 2.15840 2.16258 2.15832 2.31232 2.37121 2.40047 2.55004 2.72756 2.70374 2.69213 2.74278 2.78198 2.73550 2.61203 2.51528 2.43649 2.45056 2.47236 2.46105 2.44582 2.48051 2.48051 2.48065 2.46582 2.42724 2.62696 2.62839 2.55194 2.43833 2.51692 2.52309 2.52260 2.96725 2.98257 3.00351 2.92485 2.90758 3.01973 3.09967 3.16695 3.05669 3.09737 2.98725 2.90103 2.96882 3.20811 3.19742 3.19751 3.16166 3.08945
2.08463 2.13553 2.13234 2.15214 2.23674 2.27801 2.25762 2.26389 2.25596 2.24590 2.24497 2.14859 2.19662 2.16964 2.17055 2.21127 2.18882 2.19953 2.21676 2.17044 2.26548 2.41671 2.40126 2.55651 2.72123 2.71373 2.67925 2.67714 2.67270 2.60488 2.57360 2.48044 2.46356 2.49446 2.51257 2.49612 2.48572 2.53516 2.55443 2.57350 2.58947 2.54033 2.61455 2.75076 2.73511 2.64327 2.80826 2.80268 2.82535 2.84867 2.76878 2.69892 2.49849 2.49269 2.77642 2.85062 3.06086 2.95919 2.96597 2.96342 2.96806 3.09467 3.36602 3.28594 3.03138 3.02264 3.00304
2.13088 2.21773 2.24357 2.24655 2.30671 2.30415 2.28469 2.28469 2.28493 2.28580 2.28671 2.21726 2.23324 2.21031 2.21340 2.22179 2.20731 2.21921 2.25057 2.20875 2.18326 2.43040 2.40034 2.45855 2.60295 2.56246 2.52219 2.55641 2.59897 2.53861 2.51935 2.42717 2.42107 2.46972 2.50257 2.50050 2.53174 2.58009 2.62788 2.67975 2.73169 2.75353 2.79572 3.02039 2.95723 2.67451 2.65146 2.39882 2.38166 2.45818 2.47378 2.68333 2.67783 2.76879 2.89616 2.73669 2.99893 3.11613 3.23790 3.29706 3.29450 3.39471 3.44708 3.48545 3.06040 3.06122 3.08219
2.13862 2.19059 2.19877 2.17790 2.24612 2.25544 2.23489 2.23580 2.23647 2.23701 2.25689 2.24737 2.20438 2.20961 2.21471 2.20791 2.17602 2.17090 2.14863 2.08587 2.06198 2.38578 2.42405 2.42512 2.52649 2.50111 2.44730 2.44045 2.42313 2.39905 2.42868 2.40888 2.45042 2.54984 2.61504 2.66525 2.72355 2.79528 2.79984 2.80707 2.81666 2.82029 2.75796 2.93098 2.96960 2.74529 2.55209 2.47645 2.68763 2.88099 2.89711 3.07268 2.94610 2.97999 3.05526 3.07356 3.12124 3.44248 3.49902 3.46154 3.41266 3.46928 3.49623 3.67027 3.25357 3.17762 3.21975
2.08985 2.13735 2.17236 2.18113 2.24938 2.26110 2.24889 2.25846 2.26803 2.27709 2.29549 2.28627 2.20467 2.16769 2.12513 2.09402 2.02697 2.04235 2.02309 1.96676 1.94647 2.19367 2.35271 2.33255 2.43636 2.44364 2.42720 2.40300 2.36482 2.27914 2.25577 2.43907 2.77239 2.79943 2.80233 2.81300 2.82235 2.86145 2.87194 2.87465 2.86024 2.81290 2.71570 2.92090 3.20500 3.22210 2.85466 2.63744 2.76697 2.93011 2.88835 3.07649 2.89655 2.91591 2.98071 3.11524 2.99152 3.29954 3.46347 3.47665 3.52203 3.62118 3.60837 3.71846 3.55918 3.28136 3.30314
2.02855 2.08542 2.17380 2.19840 2.23966 2.26648 2.24017 2.23264 2.22367 2.21277 2.18956 2.15412 2.10538 2.02750 2.01259 1.99093 1.93249 1.93371 1.92693 1.88215 1.85240 2.08482 2.32485 2.33812 2.39783 2.39410 2.29269 2.28216 2.28216 2.22527 2.25044 2.32105 2.78192 2.83770 2.84369 2.83957 2.80050 2.75191 2.70330 2.66961 2.70987 2.85329 2.90304 3.02467 3.43039 3.49675 3.33910 2.87396 3.01498 3.12127 3.04747 3.21722 3.04215 3.02459 3.04029 3.17929 3.26335 3.38841 3.71320 3.69221 3.68116 3.68212 3.63472 3.73198 3.80606 3.43760 3.43579
2.07542 2.11771 2.15525 2.19269 2.17546 2.13301 2.05206 2.00345 1.96343 2.00048 2.05234 2.06374 2.12165 1.89485 1.84827 1.84827 1.84111 1.82651 1.87314 1.80169 1.78706 1.92526 2.16298 2.28076 2.28968 2.39310 2.28630 2.29531 2.30431 2.28674 2.30742 2.33546 2.58194 2.76517 2.71656 2.67521 2.75960 2.91072 3.04155 3.15084 3.17182 3.18661 3.14720 3.14227 3.48756 3.62883 3.67031 3.04580 3.19914 3.18219 3.07604 3.21251 3.18469 3.23180 3.24566 3.35225 3.59715 3.41817 3.76106 3.77666 3.78172 3.83489 3.80672 3.84173 3.87252 3.67891 3.45813
2.14822 2.11594 2.09370 2.11327 2.09659 2.10109 2.07312 2.08373 2.08779 2.13025 2.15661 2.11807 2.14060 1.95935 1.80820 1.78401 1.76736 1.76681 1.83156 1.79070 1.77280 1.90594 2.08364 2.28382 2.31942 2.43746 2.35389 2.28686 2.19502 2.13427 2.12715 2.13681 2.31827 2.89762 3.03418 3.16481 3.23394 3.24709 3.25622 3.26233 3.18959 3.14603 3.10570 3.14678 3.25747 3.61703 3.73095 3.21693 3.28663 3.15168 3.07455 3.16553 3.24409 3.23350 3.25094 3.35678 3.53085 3.47382 3.65993 3.72383 3.70981 3.74409 3.69826 3.76703 3.80133 4.21002 4.29905
2.09679 2.07781 2.09713 2.14482 2.16846 2.16842 2.15505 2.13078 2.10582 2.11568 2.05629 2.03164 2.06660 1.99968 1.81821 1.80008 1.80753 1.78670 1.84680 1.82375 1.76174 1.89700 2.02117 2.17479 2.23272 2.26623 2.25023 2.23047 2.20695 2.40535 2.64531 2.81609 2.93804 3.24530 3.32862 3.32987 3.32987 3.33001 3.33079 3.33120 3.24617 3.24111 3.19070 3.23184 3.18139 3.58509 3.73741 3.43343 3.20347 3.14042 3.16012 3.25954 3.24325 3.29764 3.29764 3.38917 3.37459 3.54288 3.57999 3.75185 3.77271 3.85917 3.89117 4.00452 4.04987 4.48177 4.77262
2.19145 2.15123 2.11279 2.09358 2.13017 2.10061 2.08446 2.07976 2.07579 2.11337 2.07760 2.07711 2.08817 2.04960 1.91772 1.85197 1.81415 1.77933 1.82306 1.79481 1.72710 1.83977 1.91787 1.98749 2.06302 2.14003 2.20873 2.63381 2.85154 2.90840 2.93548 2.91877 2.93356 3.10561 3.31027 3.31057 3.30599 3.30017 3.29372 3.28763 3.22832 3.21950 3.24627 3.31119 3.27015 3.50390 3.80675 3.54657 3.08022 2.97912 3.04068 3.10783 3.00571 3.22342 3.21062 3.26487 3.20993 3.44904 3.68944 3.82417 4.00382 3.98771 3.92731 3.92610 3.92537 3.96579 4.24961
2.14400 2.07086 2.01930 1.98782 2.06732 2.07533 2.07533 2.08241 2.09420 2.14542 2.11606 2.12786 2.12913 2.08120 2.01631 1.85884 1.81849 1.78698 1.84301 1.81662 1.82753 1.98477 2.10467 2.23956 2.21250 2.21654 2.20941 2.55771 2.85756 2.88926 2.93007 2.92465 2.93524 2.96587 3.23285 3.23532 3.25402 3.27470 3.29540 3.31607 3.27968 3.29884 3.24926 3.20609 2.99506 2.87419 3.20994 3.03920 3.08169 2.98504 3.03777 3.06888 2.88102 3.14351 3.18538 3.30163 3.30506 3.37177 3.76649 3.73406 3.97016 3.98392 3.95316 3.98694 4.02168 4.08074 4.27442
2.20258 2.14055 2.06552 2.02670 2.09094 2.16697 2.18007 2.17786 2.17795 2.21807 2.17164 2.17938 2.17987 2.14701 2.16072 1.99291 1.95331 1.97621 2.04068 2.01873 2.10026 2.13201 2.21170 2.25765 2.25620 2.22919 2.21255 2.42020 2.89771 2.92993 2.95484 2.96041 3.00532 3.02079 3.21894 3.28068 3.28152 3.25772 3.15441 3.02787 2.84657 2.64219 2.51942 2.57948 2.44604 2.45517 2.83476 2.81900 2.80998 2.62547 2.67566 2.79659 2.83072 3.05946 3.25126 3.31698 3.27692 3.23320 3.66945 3.68831 3.93295 4.05334 4.05789 4.10690 4.08722 4.07926 4.08400
2.23169 2.17244 2.08968 2.01968 2.04138 2.18605 2.18800 2.21922 2.22042 2.27517 2.26176 2.29527 2.32954 2.33728 2.35934 2.23540 2.11083 2.09008 2.12015 2.11454 2.14292 2.22707 2.29428 2.31338 2.37821 2.32301 2.33614 2.49393 2.85471 3.13259 3.13573 3.09709 3.11326 3.02234 2.99796 3.00402 2.85464 2.69288 2.68448 2.69611 2.68833 2.63798 2.62046 2.68668 2.53938 2.55706 2.99168 2.94138 2.89613 2.87613 2.96558 2.96499 2.96479 3.03036 3.31584 3.46113 3.46478 3.49874 3.73097 3.86565 3.93937 4.06276 4.00405 3.99352 4.01129 4.01602 4.01190
2.19307 2.17397 2.03540 1.90284 1.90723 2.02107 2.08201 2.17526 2.21321 2.28685 2.28527 2.30353 2.32452 2.32659 2.32833 2.28901 2.10637 2.07635 2.13217 2.12378 2.20753 2.39497 2.48676 2.42061 2.53846 2.50202 2.48799 2.56712 2.65692 3.08486 2.95442 2.74229 2.57259 2.52407 2.54253 2.76159 2.78764 2.77474 2.85134 2.86292 2.84529 2.79883 2.92807 3.29380 3.20471 3.34798 3.57408 3.28522 2.93637 2.79610 2.86870 3.02186 3.20604 3.39421 3.55212 3.61243 3.47934 3.39594 3.52162 3.72695 3.84493 4.04127 4.11806 4.15484 4.20033 4.26013 4.24595
2.23999 2.22959 2.10479 2.03854 2.09189 2.16072 2.28475 2.35137 2.37215 2.41212 2.37109 2.38485 2.38500 2.38500 2.38472 2.42430 2.33210 2.34445 2.50730 2.55860 2.51719 2.64955 2.69212 2.53786 2.55354 2.57026 2.53626 2.60056 2.22852 2.47821 2.63147 2.55609 2.56872 2.58134 2.60183 2.83028 2.95691 2.94286 3.16184 3.33326 3.45143 3.43925 3.44736 3.60546 3.50575 3.63946 3.55940 3.76354 3.59417 3.52621 3.67494 3.81781 3.83182 3.79685 3.66048 3.57384 3.53096 3.51625 3.68595 3.72882 4.02195 4.05649 4.19190 4.18674 4.23834 4.26595 4.19911
2.20664 2.24270 2.20967 2.14858 2.21210 2.21766 2.33048 2.37607 2.38500 2.42259 2.38355 2.39840 2.45179 2.51852 2.52106 2.64130 2.53762 2.43532 2.52343 2.53397 2.53406 2.66841 2.79944 2.70951 2.60255 2.68724 2.64702 2.70410 2.48242 2.20192 2.62078 2.72229 2.76323 2.80652 2.99417 3.20510 3.52960 3.47014 3.60340 3.60340 3.60690 3.47507 3.58001 3.90678 4.00006 4.24620 4.27959 4.54099 4.29190 3.90940 3.90910 4.07278 4.19064 4.24419 4.17714 3.74646 3.64041 3.58544 3.67665 3.58610 3.95755 3.94326 4.13589 4.15903 4.22258 4.25756 4.18224
2.38417 2.38623 2.35851 2.22203 2.25185 2.26621 2.34436 2.44638 2.47222 2.53559 2.53581 2.62759 2.64009 2.57929 2.51249 2.57807 2.48055 2.41011 2.49985 2.51083 2.49787 2.58108 2.76370 2.77439 2.70423 2.75729 2.71394 2.91661 3.03032 2.71827 3.07380 3.16830 3.30453 3.42027 3.43981 3.45632 3.74816 3.72676 3.86852 4.00421 4.20086 4.28582 4.42382 4.53647 4.52414 4.64982 4.59590 4.80506 4.96978 4.54378 4.34701 4.43721 4.43721 4.36775 4.34573 3.81196 3.57452 3.54750 3.63844 3.55102 3.84321 3.99593 4.11863 4.24808 4.31553 4.36778 4.30932
2.40472 2.40366 2.40261 2.29577 2.29468 2.40590 2.49638 2.73156 2.73744 2.73744 2.67536 2.73337 2.74433 2.69146 2.62510 2.67883 2.58649 2.58182 2.67192 2.73411 2.73338 2.75968 2.79690 2.79487 2.75072 2.76980 3.04836 3.46665 3.77114 3.53277 3.42173 3.73347 3.66172 3.57273 3.63758 3.77388 4.06072 4.23939 4.52435 4.69247 4.85927 4.91704 5.03896 5.29120 5.22495 5.25388 5.03717 5.08369 5.23516 4.76490 4.43555 4.50034 4.50314 4.42886 4.43197 4.14945 3.61686 3.66967 3.77132 3.68488 3.79375 4.12058 4.15862 4.34321 4.41113 4.44677 4.36812
2.45035 2.52524 2.60004 2.62253 2.49244 2.54405 2.52733 2.68044 2.74431 2.75466 2.69370 2.71858 2.74644 2.73713 2.72275 2.82727 2.76943 2.74269 2.75100 2.76372 2.71334 2.73822 2.82930 2.97335 3.45565 3.74650 3.72531 3.78404 4.01677 3.99195 3.75107 3.96954 4.01565 3.83960 3.98918 4.04309 4.14633 4.65091 5.01720 5.01324 4.99514 4.84414 4.96439 5.11698 4.98637 5.01017 4.72057 4.78185 4.94899 4.85996 4.49207 4.49368 4.54525 4.51325 4.55736 4.65543 3.70034 3.67931 3.78312 3.68861 3.78939 4.00605 4.14772 4.33684 4.52892 4.55749 4.54454
2.69502 2.69033 2.66075 2.62111 2.44364 2.38817 2.40031 2.58064 2.86369 2.89310 2.86555 2.89399 2.89846 2.87059 2.82088 2.86946 2.86826 2.83803 2.93391 3.00395 3.09162 3.18850 3.22896 3.30653 3.63563 4.06394 4.01626 4.01977 4.27697 4.32592 4.20986 4.28615 4.45494 4.27713 4.20995 4.20995 4.20999 4.72036 5.15755 5.13802 5.25388 5.11698 5.26840 5.45929 5.37104 5.44764 5.24337 5.28890 5.30133 5.31984 5.13107 4.99798 5.07832 4.82595 4.83007 5.05357 3.99266 3.77028 3.84623 3.88487 4.12061 4.28295 4.40539 4.31858 4.46393 4.49407 4.47373
