results/OMI_NO2_201106.asc
ncols      200
nrows      200
xllcorner       120.258
yllcorner       41.1236
cellsize     0.0166667
NODATA_Value      -999.000
[rows 58 to 86 of 165, columns 67 to 133 of 200]
1.29713 1.29713 1.29713 1.29713 1.29713 1.29713 1.29713 1.75930 2.09606 2.07310 2.05006 2.02707 2.00192 1.94869 1.88029 1.79830 1.69180 1.67244 1.86245 1.74537 1.64202 1.57708 1.56886 1.56886 1.56886 1.56886 1.56886 1.56886 1.56886 1.56886 1.56886 1.56886 1.56886 1.56886 1.56979 1.70957 1.73509 1.73509 1.73509 1.86460 2.18550 1.99771 2.01289 2.07536 2.15838 2.26900 2.42260 2.50042 2.48009 2.30266 2.09157 1.88074 1.68588 1.64616 1.64616 1.64616 1.64616 1.64616 1.64616 1.64616 1.64616 2.98113 2.72960 2.19706 2.19613 2.19613 2.19613
1.29713 1.29713 1.29713 1.29600 1.27351 1.24283 1.21215 1.29857 1.97248 1.97491 1.91098 1.82707 1.68925 1.60330 1.47575 1.33499 1.23982 1.19173 1.49553 1.56886 1.56886 1.56886 1.56886 1.56886 1.56886 1.56886 1.56886 1.56886 1.56886 1.56886 1.56886 1.56886 1.56886 1.56886 1.56886 1.63790 1.73509 1.73510 1.73549 1.73991 2.21655 2.35267 2.49284 2.50042 2.47497 2.29181 2.08089 1.86980 1.67956 1.64616 1.64616 1.64616 1.64616 1.64616 1.64616 1.64616 1.64616 1.64616 1.64616 1.64616 1.64616 1.82485 2.19613 2.19613 2.19613 2.19613 2.19613
1.26371 1.23303 1.20235 1.17281 1.16462 1.16462 1.16462 1.13948 1.41649 1.58371 1.46012 1.32765 1.24585 1.17629 1.16145 1.16145 1.16145 1.16829 1.33946 1.56886 1.56886 1.56886 1.56886 1.56886 1.56886 1.56886 1.56886 1.56886 1.56886 1.56886 1.56886 1.56886 1.56886 1.56899 1.56952 1.57748 1.72591 1.73737 1.73752 1.73752 1.95392 2.25408 2.07004 1.85904 1.67366 1.64616 1.64616 1.64616 1.64616 1.64616 1.64616 1.64616 1.64616 1.64616 1.64616 1.64616 1.64616 1.64616 1.64616 1.64616 1.64616 1.65402 2.13170 2.19613 2.19613 2.19613 2.19613
1.16462 1.16462 1.16351 1.11850 1.05079 0.983312 0.946789 0.955698 1.04046 1.17790 1.16145 1.16145 1.16145 1.16145 1.16145 1.16145 1.16145 1.16148 1.20151 1.54542 1.56886 1.56886 1.56886 1.56886 1.56886 1.56886 1.56886 1.56886 1.56887 1.56922 1.56977 1.57032 1.57086 1.57127 1.57129 1.57129 1.65091 1.70748 1.70391 1.70037 1.72289 1.87374 1.64616 1.64616 1.64616 1.64616 1.64616 1.64616 1.64616 1.64616 1.64616 1.64616 1.64616 1.64616 1.64616 1.64616 1.64616 1.64616 1.64616 1.64616 1.64616 1.64616 1.90440 2.19613 2.19613 2.19613 2.19613
1.02911 0.961405 0.915827 0.944417 0.995959 1.04721 1.06754 1.06754 1.06754 1.12651 1.16145 1.16145 1.16145 1.16145 1.16145 1.16145 1.16145 1.16145 1.17350 1.40522 1.56886 1.56886 1.56886 1.56886 1.56897 1.56948 1.57002 1.57057 1.57111 1.57129 1.57129 1.57129 1.57880 1.59363 1.60553 1.61749 1.64924 1.74927 1.75057 1.75057 1.75057 1.84347 1.72707 1.64616 1.64616 1.64616 1.64616 1.64616 1.64616 1.64616 1.64616 1.64616 1.64616 1.64616 1.64616 1.64616 1.64616 1.64616 1.64616 1.64616 1.64616 1.64616 1.68834 2.17763 2.27022 2.39559 2.52100
0.985302 1.03686 1.06731 1.06754 1.06754 1.06754 1.06754 1.06754 1.06754 1.08523 1.16134 1.16145 1.16145 1.16145 1.16145 1.16145 1.16145 1.16145 1.16294 1.24911 1.56842 1.56973 1.57027 1.57082 1.57126 1.57129 1.57129 1.57177 1.60776 1.62866 1.64064 1.65257 1.65699 1.65415 1.65415 1.65415 1.65415 1.71921 1.75057 1.75057 1.75057 1.78157 1.84304 1.64616 1.64616 1.64616 1.64616 1.64616 1.64616 1.64616 1.64616 1.64616 1.64616 1.64616 1.64616 1.64616 1.64616 1.64616 1.64616 1.64793 1.73616 1.87294 2.00952 2.35604 2.72045 2.72045 2.72045
1.06754 1.06754 1.06754 1.06754 1.06754 1.06754 1.06754 1.06754 1.06754 1.06754 1.13756 1.16145 1.16145 1.16145 1.16145 1.16935 1.24719 1.34140 1.43564 1.54672 1.57815 1.57129 1.57129 1.58255 1.64016 1.66378 1.67567 1.68721 1.66313 1.65415 1.65415 1.65415 1.65415 1.65415 1.65415 1.65415 1.65415 1.67743 1.75057 1.75057 1.75057 1.75103 1.87154 1.66908 1.64616 1.64616 1.64616 1.64616 1.64616 1.64616 1.64616 1.64616 1.64616 1.64616 1.64616 1.64892 1.74225 1.87908 1.96973 1.91685 1.81220 1.70566 1.62352 1.65093 2.59443 2.72045 2.72045
1.06754 1.06754 1.06754 1.06754 1.06754 1.06754 1.06754 1.06754 1.06754 1.06754 1.09611 1.18657 1.27732 1.37156 1.46581 1.55212 1.56857 1.56857 1.56857 1.61959 1.69013 1.69883 1.71078 1.71151 1.66580 1.65415 1.65415 1.65415 1.65415 1.65415 1.65415 1.65415 1.65415 1.65415 1.65415 1.65415 1.65415 1.65422 1.73200 1.75057 1.75057 1.75057 1.80809 1.79712 1.64616 1.64616 1.64616 1.64616 1.64616 1.64616 1.64616 1.65036 1.74834 1.87829 1.87408 1.83153 1.74390 1.65330 1.59608 1.59223 1.59223 1.59223 1.59223 1.59223 2.09826 2.72045 2.72045
1.06754 1.06754 1.06754 1.06754 1.06754 1.06754 1.06766 1.11933 1.21357 1.30782 1.40280 1.55147 1.56857 1.56857 1.57354 1.64623 1.75315 1.83507 1.90964 1.91004 1.71804 1.65679 1.65415 1.65415 1.65415 1.65415 1.65415 1.65415 1.65415 1.65415 1.65415 1.65415 1.65415 1.65415 1.65415 1.65415 1.65415 1.65415 1.69027 1.75057 1.75057 1.77545 1.83379 2.04438 1.64616 1.64616 1.64616 1.65197 1.75454 1.82173 1.78834 1.76084 1.68602 1.61046 1.59223 1.59223 1.59223 1.59223 1.59223 1.59223 1.59223 1.59223 1.59223 1.59223 1.73946 2.71595 2.72045
1.06754 1.06754 1.07397 1.14949 1.24374 1.33795 1.43211 1.47466 1.47466 1.47466 1.49249 1.61981 1.79344 1.88726 1.96047 1.91656 1.83576 1.80874 1.80874 1.80874 1.75140 1.66721 1.65415 1.65415 1.65415 1.65415 1.65415 1.65415 1.65415 1.65415 1.65415 1.65415 1.65415 1.65415 1.65415 1.65415 1.65970 1.70126 1.75209 1.88536 1.94180 1.96500 1.96500 2.11470 1.91941 1.73677 1.71839 1.70137 1.63634 1.59274 1.59223 1.59223 1.59223 1.59223 1.59223 1.59223 1.59223 1.59223 1.59223 1.59223 1.59223 1.59223 1.59223 1.59223 1.59707 2.33611 2.72045
1.27387 1.36811 1.45593 1.47466 1.47466 1.47466 1.51521 1.60867 1.71961 1.88288 2.08231 2.16457 1.87103 1.80874 1.80874 1.80874 1.80874 1.80874 1.80874 1.80874 1.80390 1.68533 1.65454 1.65415 1.65415 1.65415 1.65415 1.65415 1.65415 1.65415 1.65415 1.65415 1.67557 1.72354 1.77159 1.81962 1.86210 1.86858 1.86858 1.92104 2.01855 2.09182 2.16506 2.20505 1.88865 1.59223 1.59223 1.59223 1.59223 1.59223 1.59223 1.59223 1.59223 1.59223 1.59223 1.59223 1.59223 1.59223 1.59223 1.59223 1.59223 1.59223 1.59223 1.59223 1.59223 1.87967 2.72045
1.47466 1.47869 1.54400 1.64273 1.76063 1.92279 2.07847 2.14977 2.22104 2.26107 2.26118 2.26118 2.01776 1.80874 1.80874 1.80874 1.80874 1.80874 1.80874 1.80874 1.80874 1.72868 1.66255 1.65415 1.65415 1.65415 1.65415 1.65816 1.69776 1.74580 1.79387 1.84188 1.86851 1.86858 1.86858 1.87561 1.96755 2.08562 2.20363 2.30802 2.27494 2.27323 2.27323 2.27288 2.03719 1.62555 1.59223 1.59223 1.59223 1.59223 1.59223 1.59223 1.59223 1.59223 1.59223 1.59223 1.59223 1.59223 1.59223 1.59223 1.59223 1.59223 1.58221 1.50040 1.41879 1.37287 1.77081
1.80477 1.95979 2.06392 2.13536 2.20665 2.25866 2.26118 2.26118 2.26118 2.26118 2.26118 2.26118 2.20964 1.81663 1.80874 1.80874 1.80874 1.80874 1.80874 1.80874 1.80874 1.78621 1.67434 1.67237 1.72004 1.76807 1.81611 1.86015 1.86858 1.86858 1.86858 1.88272 1.97388 2.09189 2.20992 2.32095 2.34702 2.34702 2.34702 2.34702 2.29961 2.27323 2.27323 2.27323 2.15814 1.80350 1.59223 1.59223 1.59223 1.59223 1.59223 1.59223 1.59223 1.59223 1.59223 1.59223 1.59223 1.59213 1.53650 1.44859 1.37570 1.31416 1.26616 1.24725 1.22344 1.19958 1.28588
2.15999 2.25341 2.26118 2.26118 2.26118 2.26118 2.26118 2.26118 2.26118 2.26118 2.26118 2.26118 2.26118 1.96489 1.80874 1.80874 1.80874 1.80874 1.80783 1.77687 1.73133 1.68583 1.58543 1.82220 1.86858 1.86858 1.87072 1.89442 1.98010 2.09819 2.21620 2.32013 2.34702 2.34702 2.34702 2.34702 2.34702 2.34702 2.34702 2.34702 2.33151 2.27323 2.27323 2.27323 2.25660 1.96139 1.59253 1.59223 1.59223 1.59223 1.59223 1.59223 1.59223 1.56941 1.48067 1.40243 1.33681 1.28110 1.25826 1.24603 1.22218 1.19980 1.18826 1.19038 1.20917 1.23178 1.32932
2.17703 2.26118 2.26118 2.26118 2.26118 2.26118 2.26118 2.26118 2.26118 2.26118 2.26118 2.26118 2.26118 2.16467 1.80256 1.76219 1.71665 1.67115 1.62651 1.61193 1.61193 1.61193 1.58348 1.73151 1.98641 2.10448 2.22034 2.31467 2.34702 2.34702 2.34702 2.34702 2.34702 2.34702 2.34702 2.34702 2.34702 2.34702 2.34702 2.34702 2.34702 2.28964 2.27323 2.27323 2.27323 2.10655 1.71536 1.59223 1.58833 1.51518 1.43106 1.36096 1.30167 1.26110 1.25822 1.24481 1.22098 1.20598 1.19714 1.20165 1.22269 1.24560 1.25007 1.25007 1.25007 1.25007 1.25007
1.95963 2.23036 2.26118 2.26118 2.26118 2.26118 2.26118 2.26118 2.26118 2.26118 2.24494 2.19993 2.15439 2.10887 1.72041 1.61193 1.61193 1.61142 1.58789 1.55747 1.58473 1.65476 1.72767 1.99084 2.33654 2.34702 2.34702 2.34702 2.34702 2.34702 2.34702 2.34702 2.34702 2.34702 2.34702 2.34702 2.34702 2.34702 2.34702 2.34702 2.34702 2.32154 2.27323 2.27323 2.24719 2.11020 1.67302 1.32348 1.27145 1.25826 1.25809 1.24359 1.22367 1.21546 1.20699 1.21424 1.23791 1.25007 1.25007 1.25007 1.25007 1.25007 1.25007 1.25007 1.25007 1.25007 1.25007
1.49164 2.00657 2.26118 2.26118 2.26118 2.26053 2.23079 2.18525 2.13971 2.09419 2.06490 2.06437 2.06437 2.05389 1.84963 1.54893 1.56889 1.63847 1.71899 1.80934 1.85411 1.85411 1.85411 1.93598 2.22922 2.34702 2.34702 2.34702 2.34702 2.34702 2.34702 2.34702 2.34702 2.34702 2.34702 2.34702 2.34702 2.34702 2.34702 2.34419 2.28481 2.20215 2.05633 1.96726 1.91204 1.91042 1.67782 1.26867 1.23279 1.22592 1.21804 1.22840 1.24859 1.25007 1.25007 1.25007 1.25007 1.25007 1.25007 1.25007 1.25007 1.25007 1.25007 1.25007 1.25007 1.25007 1.25007
1.39398 1.77455 2.21611 2.17057 2.12501 2.08014 2.06437 2.06437 2.06437 2.03593 1.96081 1.89810 1.83338 1.75589 1.70714 1.77735 1.85390 1.85411 1.85411 1.85411 1.85411 1.85411 1.85411 1.86923 2.09399 2.34702 2.34702 2.34702 2.34702 2.34702 2.34702 2.34702 2.34702 2.34702 2.34702 2.32537 2.24711 2.16581 2.08458 2.00615 1.98424 1.98424 1.94819 1.86910 1.77198 1.67325 1.62302 1.48526 1.25007 1.25007 1.25007 1.25007 1.25007 1.25007 1.25007 1.25007 1.25007 1.25007 1.25007 1.25007 1.25007 1.25007 1.25007 1.25007 1.25007 1.25007 1.25007
1.64689 1.63736 2.00050 2.06437 2.06366 2.01120 1.93940 1.88035 1.82439 1.75972 1.71924 1.67954 1.65136 1.65023 1.65023 1.74219 1.85411 1.85411 1.85411 1.85411 1.85411 1.85411 1.85411 1.85411 1.96784 2.28642 2.34702 2.34702 2.34702 2.34702 2.34550 2.29061 2.20935 2.12808 2.04682 1.98718 1.98424 1.98424 1.98090 1.88403 1.74233 1.60062 1.46794 1.47830 1.47989 1.47989 1.49161 1.70576 1.25122 1.25007 1.25007 1.25007 1.25007 1.25007 1.25007 1.25007 1.25007 1.25007 1.25007 1.25007 1.25007 1.25007 1.25007 1.25007 1.25007 1.25531 1.42838
1.70061 1.66944 1.71769 1.86358 1.81449 1.76700 1.72733 1.68761 1.65408 1.65023 1.65023 1.65023 1.65023 1.65023 1.65023 1.66275 1.84422 1.85411 1.85411 1.85411 1.85411 1.85411 1.85411 1.85411 1.89668 2.15569 2.32939 2.25284 2.17158 2.09035 2.01058 1.98424 1.98424 1.98424 1.96406 1.85463 1.71303 1.57135 1.43295 1.38821 1.38821 1.38821 1.38821 1.44471 1.47989 1.47989 1.47989 1.64981 1.38858 1.25007 1.25007 1.25007 1.25007 1.25007 1.25007 1.25007 1.25007 1.25007 1.25007 1.25007 1.25007 1.33428 1.58258 1.83532 2.08770 2.33507 2.40379
1.70014 1.62431 1.53010 1.69566 1.65849 1.65023 1.65023 1.65023 1.65023 1.65023 1.65023 1.65023 1.65023 1.65023 1.65023 1.65023 1.76743 1.85411 1.85411 1.85411 1.85411 1.85411 1.88716 1.95362 2.02039 2.22675 2.00752 1.98424 1.98424 1.98280 1.93208 1.82532 1.68370 1.54197 1.42052 1.38821 1.38821 1.38821 1.38821 1.38821 1.38821 1.38821 1.38821 1.40524 1.47979 1.47989 1.47989 1.52668 1.62000 1.25007 1.25007 1.25007 1.25007 1.25007 1.25007 1.25007 1.27325 1.48452 1.73713 1.98963 2.24213 2.41054 2.40260 2.36901 2.33084 2.20218 2.07009
1.56406 1.54437 1.46337 1.59402 1.65023 1.65023 1.65023 1.65023 1.65023 1.65023 1.65023 1.65023 1.65023 1.65023 1.65023 1.65023 1.67968 1.85594 1.90864 1.97507 2.04152 2.10793 2.14129 2.14129 2.14129 2.20589 2.03579 1.79570 1.65432 1.51411 1.42317 1.38821 1.38821 1.38821 1.38821 1.38821 1.38821 1.38821 1.38821 1.38821 1.38821 1.38821 1.38821 1.38821 1.45723 1.47989 1.47989 1.47989 1.70914 1.29507 1.25007 1.25031 1.38634 1.63895 1.89157 2.14395 2.37351 2.41474 2.40133 2.36756 2.28218 2.12942 2.01152 1.92812 1.85906 1.84034 1.84034
1.54983 1.54983 1.52719 1.55878 1.65023 1.65023 1.65023 1.65023 1.65023 1.65023 1.65023 1.65023 1.65023 1.66401 1.72625 1.79264 1.85910 2.06457 2.14129 2.14129 2.14129 2.14177 2.14280 2.12158 2.05690 1.98078 1.70883 1.38899 1.38821 1.38821 1.38821 1.38821 1.38821 1.38821 1.38821 1.38821 1.38821 1.38821 1.38821 1.38821 1.38821 1.38821 1.38821 1.38821 1.41762 1.47989 1.47989 1.47984 1.58002 1.77937 2.04600 2.29839 2.41474 2.41474 2.39999 2.35017 2.20328 2.06462 1.95889 1.88351 1.84107 1.84034 1.84034 1.84034 1.84034 1.84034 1.84034
1.87839 1.99367 1.99534 1.74889 1.65023 1.65023 1.65023 1.65023 1.65023 1.68130 1.74773 1.81415 1.88055 1.93325 1.93741 1.93741 1.93745 1.99134 2.14313 2.12610 2.06263 1.99631 1.92944 1.88482 1.88365 1.88365 1.78322 1.46633 1.38821 1.38821 1.38821 1.38821 1.38821 1.38821 1.38821 1.38821 1.38821 1.38821 1.38821 1.38821 1.38821 1.38821 1.38821 1.38805 1.38893 1.46782 1.47885 1.47860 1.48799 1.87599 2.39592 2.28293 2.13192 2.00659 1.91140 1.84964 1.84034 1.84034 1.84034 1.84034 1.84034 1.84034 1.84034 1.84034 1.84034 1.84034 1.84034
2.06290 2.06290 2.06290 1.83980 1.66740 1.70276 1.76918 1.83566 1.90203 1.93738 1.93741 1.93741 1.93760 1.93856 1.93958 1.93282 1.89037 1.84316 1.91177 1.88603 1.88365 1.88365 1.88365 1.88365 1.88365 1.88365 1.85042 1.60156 1.38821 1.38821 1.38821 1.38821 1.38821 1.38821 1.38821 1.38821 1.38821 1.38821 1.38817 1.38791 1.38762 1.38732 1.38703 1.38690 1.38690 1.42884 1.47211 1.47742 1.48529 1.50989 1.76379 1.84034 1.84034 1.84034 1.84034 1.84034 1.84034 1.84034 1.84034 1.84034 1.84034 1.84034 1.84034 1.84034 1.84034 1.84034 1.84034
2.04644 1.92243 1.77896 1.58091 1.68467 1.93741 1.93741 1.93741 1.93786 1.93889 1.93992 1.93762 1.90002 1.85225 1.80441 1.76445 1.76005 1.76005 1.80743 1.88365 1.88365 1.88365 1.88365 1.88365 1.88365 1.88365 1.88365 1.74401 1.41512 1.38821 1.38821 1.38821 1.38821 1.38821 1.38806 1.38777 1.38748 1.38719 1.38693 1.38690 1.38690 1.38694 1.40140 1.42637 1.45134 1.47818 1.51987 1.52335 1.52335 1.50952 1.58000 1.84034 1.84034 1.84034 1.84034 1.84034 1.84034 1.84034 1.84034 1.84034 1.84034 1.84034 1.84034 1.84034 1.84034 1.84034 1.84034
1.48352 1.46412 1.46412 1.45985 1.46234 1.93101 1.94025 1.94053 1.90953 1.86172 1.81388 1.76941 1.76005 1.76005 1.76005 1.76005 1.76005 1.76005 1.76383 1.87302 1.88365 1.88365 1.88365 1.88365 1.88365 1.88365 1.88365 1.82047 1.54113 1.38818 1.38793 1.38763 1.38734 1.38705 1.38690 1.38690 1.38690 1.39107 1.41605 1.44104 1.46605 1.49096 1.50150 1.50150 1.50150 1.50150 1.51453 1.52335 1.52335 1.52335 1.47223 1.80736 1.84034 1.84034 1.84034 1.84034 1.84034 1.84034 1.84034 1.84034 1.84034 1.84034 1.84034 1.84034 1.85009 1.90013 1.95457
1.41255 1.36708 1.32968 1.29923 1.32834 1.69942 1.82336 1.77625 1.76005 1.76005 1.76005 1.76005 1.76005 1.76005 1.76005 1.76005 1.76005 1.76005 1.76005 1.82257 1.88365 1.88365 1.88365 1.88365 1.88365 1.86199 1.78911 1.69307 1.38220 1.38616 1.38690 1.38690 1.38690 1.40191 1.43066 1.45575 1.48073 1.50152 1.50154 1.50150 1.50150 1.50150 1.50150 1.50150 1.50150 1.50150 1.50522 1.52329 1.52335 1.52335 1.49398 1.65821 1.84034 1.84034 1.84034 1.84034 1.84034 1.84034 1.84034 1.84157 1.87915 1.93359 1.98800 2.04252 2.08716 2.09088 2.08801
1.27649 1.22980 1.18204 1.13419 1.12330 1.36432 1.76005 1.76005 1.76005 1.76005 1.76005 1.76005 1.76005 1.76005 1.76005 1.76005 1.76005 1.76005 1.76005 1.77160 1.87985 1.84052 1.76229 1.66886 1.55542 1.46393 1.46121 1.46121 1.32602 1.38400 1.44524 1.47044 1.49541 1.50539 1.50161 1.50150 1.50150 1.50150 1.50150 1.50150 1.50150 1.50150 1.50150 1.50150 1.50150 1.50150 1.50150 1.51762 1.52335 1.52335 1.52043 1.50667 1.83844 1.84034 1.84034 1.85903 1.91264 1.96708 2.02152 2.07470 2.09155 2.09077 2.08785 2.08873 2.10374 2.12070 2.13986
