results/OMI_NO2_200911.asc
ncols      200
nrows      200
xllcorner       120.258
yllcorner       41.1236
cellsize     0.0166667
NODATA_Value      -999.000
[rows 87 to 115 of 175, columns 0 to 66 of 200]
7.91719 7.95329 8.02030 8.15629 8.43711 8.67391 9.13668 9.30964 9.64056 9.08195 7.14474 7.14474 7.14474 7.14474 7.14474 7.14474 7.14474 7.14505 7.25127 8.82567 8.28222 7.33949 7.33949 7.33949 1.86322 2.43777 2.55305 2.58086 2.58086 2.58086 2.58086 2.58086 2.58086 2.58086 2.58086 2.09091 1.98443 2.00392 2.02736 2.10901 2.23283 2.37419 2.52412 2.55705 2.55705 2.55705 2.55705 2.55705 2.58419 2.73137 2.88130 2.97816 2.99820 2.96905 2.90320 2.93450 2.99219 3.03010 2.94208 2.86960 2.96726 3.67310 3.69007 3.69007 3.69007 3.69007 3.69007
8.34976 8.60383 8.82689 8.98106 8.98615 8.98615 9.11251 9.29668 9.48561 9.66529 7.67113 7.14474 7.14474 7.20067 7.35887 7.51922 7.67957 7.83954 7.90876 8.71811 9.32943 7.33949 7.33949 7.33949 1.90642 2.55042 2.58086 2.58086 2.58086 2.58086 2.58086 2.58086 2.58086 2.58086 2.64934 2.49483 2.23652 2.38779 2.54886 2.55705 2.55705 2.55705 2.56014 2.63690 2.74390 2.88111 3.01121 3.12947 3.21986 3.23060 3.23060 3.20907 3.18331 3.21440 3.06246 3.08289 3.12674 3.12898 3.08746 2.89265 2.89265 3.42197 3.69007 3.69007 3.69007 3.69928 3.80945
8.93174 8.98615 8.98615 8.98615 8.98615 8.98615 9.00718 9.28779 9.35302 9.80191 9.12703 7.64293 7.80328 7.90716 7.90695 7.90455 7.90215 7.89974 7.89834 8.09194 9.82669 8.17149 7.85442 8.04905 1.85250 2.31839 2.58086 2.58086 2.58086 2.58107 2.68182 2.89003 3.13992 3.44542 3.67116 3.57600 2.53420 2.62413 2.93641 3.18505 3.32095 3.00621 3.11903 3.18428 3.22519 3.23060 3.23060 3.24820 3.29514 3.34255 3.38992 3.43015 3.32844 3.30784 3.19844 3.09317 3.11430 3.12898 3.12898 2.93552 2.90327 3.20413 3.96994 4.13168 4.30830 4.48589 4.49037
8.71521 8.98615 8.98615 8.99546 9.09901 9.22723 9.35551 9.69213 9.89868 10.1347 10.2256 8.17087 7.90032 7.89847 7.94463 8.03332 8.12196 8.21066 8.29940 8.39513 9.98915 10.2573 8.74611 8.85059 1.85250 1.97451 2.70811 2.93183 3.19072 3.50754 3.67427 3.72166 4.00074 4.27036 4.50202 4.70344 4.03831 3.79911 3.86442 3.93554 3.97967 3.34870 3.23140 3.26308 3.31045 3.35788 3.40525 3.43504 3.43549 3.43549 3.43549 3.43549 3.38546 3.30784 3.28719 3.09782 3.10618 3.37307 3.50853 3.52738 3.50869 3.53461 4.35345 4.46389 4.41763 4.37390 4.36323
8.56166 9.32018 9.45453 9.57348 9.59685 9.59493 9.59301 9.68530 9.91442 10.0420 10.4246 9.48999 8.26552 8.35421 8.39661 8.40522 8.44463 8.49244 8.54821 8.58778 9.39227 11.5625 8.96432 8.85059 2.63335 3.12721 3.85422 4.17132 4.41669 4.62918 4.81477 4.95693 4.97438 5.00135 5.06412 5.12724 4.81796 3.95008 3.95183 4.03179 4.08638 3.76478 3.41980 3.43549 3.43549 3.43549 3.43549 3.43549 3.43549 3.43549 3.43481 3.42869 3.41949 3.30487 3.28485 3.14386 3.06446 3.66335 3.82191 3.74919 3.44291 3.39447 3.80285 4.40098 4.49156 4.58250 4.67344
8.59400 9.32709 9.59193 9.66989 9.80766 9.94606 10.0844 10.2247 10.2971 10.2982 10.5650 10.5423 8.54496 8.48221 8.53622 8.58466 8.58832 8.58832 8.58832 8.58832 8.64749 11.3594 10.2317 8.85059 5.14919 5.37026 5.31440 4.97457 4.97438 4.99097 5.05164 5.11475 5.17781 5.21389 5.21280 5.20737 5.19725 4.08556 3.93261 4.08813 4.19610 4.09804 3.43866 3.43549 3.43549 3.43501 3.42921 3.42189 3.41458 3.40728 3.40064 3.39945 3.39945 3.34411 3.27898 3.21712 3.00755 3.25425 3.66846 3.69363 3.56258 3.57881 3.73591 4.68529 4.75742 4.79900 4.84055
8.94465 9.48330 10.2810 10.3396 10.3396 10.3396 10.3396 10.3408 10.3710 10.4339 10.4319 10.4537 9.00941 8.58832 8.58832 8.58832 8.58832 8.58832 8.58832 8.58832 8.58832 10.0250 11.2120 8.85059 5.44279 5.44279 5.44279 5.15492 5.16521 5.21168 5.21203 5.20634 5.20058 5.19483 5.19035 5.19003 5.19003 4.51827 3.93204 3.97916 4.19552 4.19033 3.60174 3.41510 3.40779 3.40095 3.39945 3.39945 3.39945 3.39945 3.39945 3.39945 3.39945 3.39446 3.18352 3.12460 3.01678 3.14532 3.91485 3.97319 3.89863 3.88496 3.92651 4.54334 4.73076 4.53300 4.33532
9.21429 9.36789 10.2579 10.3396 10.3696 10.4498 10.4324 10.0155 9.43846 8.72305 8.30230 8.52161 8.58832 8.58832 8.58832 8.58832 8.58832 8.58832 8.58832 8.58832 8.58832 8.78913 10.7421 8.91106 5.41252 5.44279 5.43826 5.33959 5.19955 5.19380 5.19009 5.19003 5.19003 5.19003 5.19003 5.19003 5.19003 5.03983 3.93047 3.90485 4.09954 4.16006 3.85300 3.39945 3.39945 3.39945 3.39945 3.39945 3.39945 3.39945 3.39945 3.38468 3.27581 3.14484 2.92111 2.75351 2.85881 3.10821 3.58271 3.90818 3.97629 4.12633 4.19111 4.20520 4.08774 4.08774 4.08774
9.18890 9.39941 10.0293 10.1637 9.64163 8.99360 8.40675 8.35188 8.35185 8.30855 8.30017 8.38854 8.58832 8.58832 8.58832 8.58832 8.49798 8.07685 7.62516 7.17348 6.72176 6.50647 8.04250 8.60041 5.00143 5.41082 5.40671 5.40399 5.21188 5.19003 5.19003 5.19003 5.19003 5.19003 5.19003 5.19003 5.19003 5.19003 4.22682 3.89600 3.98853 4.16006 4.10735 3.41930 3.39945 3.39945 3.38941 3.35924 3.25256 3.12161 2.99074 2.86247 2.76689 2.69256 2.62321 2.58338 2.80562 3.19340 3.49522 4.14366 4.14366 4.20949 4.24070 4.24068 4.11753 4.08774 4.08774
8.55545 7.94480 7.49851 8.34889 8.35188 8.35188 8.35188 8.35188 8.35188 8.32747 8.30017 8.27888 8.16003 7.73271 7.28103 6.82935 6.49533 6.72205 7.07366 7.48738 7.98098 8.43416 8.46899 8.54873 4.26585 5.40671 5.40671 5.40671 5.29389 5.19003 5.19003 5.19003 5.19003 5.19003 5.19003 5.19003 5.19003 5.19003 4.72147 3.89600 3.88361 4.02222 3.94178 3.47248 3.22912 3.09819 2.97734 2.87218 2.78289 2.70672 2.65104 2.64482 2.68739 2.73690 2.78345 2.72925 2.85889 3.09889 3.32586 4.03646 4.14366 4.17497 4.24070 4.24070 4.17982 4.08774 4.08774
6.89832 6.91360 7.10003 8.05054 8.35188 8.35188 8.34769 8.12943 7.79067 7.44601 7.06185 6.75372 6.76880 6.98602 7.38358 7.85642 8.36861 8.48916 8.57041 8.65558 8.74080 8.82597 8.91090 8.94665 3.33463 5.32025 5.40671 5.40671 5.39271 5.20014 5.19003 5.19003 5.19003 5.19003 5.18700 5.09175 4.95356 4.81521 4.65497 3.49709 3.27715 3.30114 3.32081 3.11055 2.79911 2.72108 2.67852 2.66842 2.70354 2.75305 2.79130 2.79385 2.79385 2.79385 2.79385 2.78027 2.75576 2.94675 3.29800 3.70843 4.14366 4.14651 4.23463 4.24070 4.23362 4.12188 4.20680
6.89832 6.89832 6.94603 7.19475 7.53240 7.19364 6.85908 6.84787 7.10188 7.38676 7.66141 8.00111 8.18814 8.59832 8.70748 8.79265 8.87787 8.94268 8.94665 8.94665 8.94665 8.94665 8.94665 8.94665 3.23881 4.83234 5.40671 5.40671 5.40671 5.21574 5.00797 4.86977 4.73142 4.59323 4.45798 4.41497 4.37733 4.24082 4.09911 3.37136 2.87263 2.82281 2.98566 2.95050 2.73657 2.76922 2.79385 2.79385 2.79385 2.79385 2.79385 2.79385 2.79385 2.79411 2.80247 2.81465 2.75400 2.93302 3.20493 3.46809 4.14031 4.14799 4.28057 4.41521 4.51231 4.49460 4.44156
6.20995 5.97978 5.90027 6.32213 7.26505 7.62888 7.98790 8.21406 8.23077 8.24726 8.30339 8.42917 8.44300 8.68695 8.94665 8.94665 8.94665 8.94665 8.94665 8.94665 8.94665 8.94665 8.94665 8.94665 3.23881 3.92291 4.80053 4.59336 4.38584 4.27353 4.41261 4.41497 4.39515 4.26914 4.12746 3.98573 3.82826 3.65923 3.59255 3.42268 2.85643 2.92610 3.01898 3.05173 2.89623 2.79385 2.79385 2.79385 2.79396 2.80152 2.81369 2.82585 2.83805 2.84994 2.85376 2.85376 2.83159 2.83659 3.06874 3.48072 4.14163 4.46655 4.52100 4.61715 4.64229 4.64045 4.51484
5.82163 5.82511 5.83877 7.04552 7.86129 8.27085 8.28249 8.28292 8.28292 8.28292 8.29102 8.50268 8.63789 8.79568 8.94630 8.94665 8.94665 8.94665 8.94665 8.94665 8.94665 8.94665 8.94665 8.94665 3.23881 3.24202 4.16272 4.24412 4.24412 4.24412 4.19481 4.01411 3.86386 3.70625 3.64279 3.59357 3.58603 3.66419 3.67639 3.67639 3.09850 2.94390 2.97442 3.05174 2.99577 2.81274 2.82490 2.83709 2.84914 2.85376 2.85376 2.85376 2.85376 2.85376 2.85376 2.85376 2.85376 2.91771 3.25106 3.56606 3.97169 4.55730 4.53696 4.54030 4.47071 4.39821 4.24764
5.87581 5.87982 5.87982 6.46755 7.52510 8.28274 8.28292 8.31455 8.43742 8.56611 8.69467 8.86034 8.91720 8.91720 8.93490 8.94665 8.94665 8.94665 8.94665 8.94665 8.94665 8.94665 8.94665 8.94665 3.23881 3.23881 3.89739 4.24412 4.24412 4.16835 3.86033 3.64132 3.61361 3.67123 3.67639 3.67639 3.67639 3.67639 3.67639 3.67639 3.37863 2.97399 2.98693 3.09134 3.11022 2.88535 2.85376 2.85376 2.85376 2.85376 2.85376 2.85376 2.85376 2.85376 2.85694 2.88713 2.91145 2.96058 3.21377 3.42152 3.63409 4.23244 4.29106 4.47941 4.66358 4.80376 4.65447
5.87982 5.87982 5.87982 5.99375 7.43222 8.33004 8.65436 8.75138 8.75712 8.75712 8.75712 8.80197 8.91720 8.91720 8.92252 8.94665 8.94665 8.94665 8.94665 8.97630 9.32401 9.75776 10.1919 10.6259 3.23897 3.43889 3.98096 4.72334 4.91494 4.86202 3.87293 3.71133 3.67639 3.67639 3.67639 3.67639 3.67639 3.67639 3.67639 3.67639 3.62034 2.91166 2.77037 2.71191 2.72408 2.97241 2.85376 2.85376 2.85376 2.85090 2.83328 2.84197 2.86557 2.88918 2.90858 2.88982 2.87388 2.86077 3.07455 3.52331 3.85117 4.43163 4.84352 4.86372 4.94170 4.94170 4.92019
5.93512 6.03168 6.12810 6.21740 7.21801 8.19650 8.75712 8.75712 8.75712 8.75712 8.75712 8.75921 8.90159 8.91720 8.92039 9.19480 9.66156 10.0955 10.5293 10.9338 11.0201 11.0201 11.0201 11.0201 4.64767 4.82805 4.82805 5.00971 5.03874 5.03874 4.18218 3.78775 3.67639 3.67639 3.67639 3.67639 3.62870 3.45411 3.28978 3.14201 3.02534 2.72667 2.56072 2.56594 2.61173 2.83017 2.79554 2.79611 2.81968 2.84614 2.88718 2.89211 2.87692 2.87902 2.98737 3.12453 3.26490 3.40296 3.45549 3.72624 3.93468 4.23854 4.84528 4.84530 4.92595 4.94170 4.94170
6.23547 6.23547 6.23547 6.23547 6.60682 7.87626 8.71244 8.75712 8.75712 8.75712 8.88111 9.16973 9.54725 9.90842 10.1946 10.4951 11.0201 11.0201 11.0201 11.0201 11.0522 11.4633 11.9830 12.5030 4.82805 4.82805 4.82805 4.94698 5.03874 5.03874 4.72822 3.85358 3.61747 3.42252 3.26149 3.11659 3.01600 3.01017 2.98870 2.93197 2.87484 2.72137 2.35266 2.31779 2.39693 2.57856 2.89040 2.89518 2.87999 2.91245 3.03535 3.17035 3.31066 3.43354 3.45139 3.45139 3.45139 3.45139 3.45146 3.56527 3.84451 4.07061 4.71816 4.84528 4.89178 4.94170 4.94170
6.23547 6.23547 6.23547 6.23547 6.24817 7.63535 8.69276 9.39462 9.68407 9.97338 10.1387 10.1394 10.1693 10.2995 10.2995 10.4735 11.6352 12.3041 12.8235 13.3432 13.8311 13.9397 13.9397 13.9397 4.82805 4.82805 4.82805 4.85058 4.73456 4.29934 3.93795 3.19110 2.98666 2.95405 2.89689 2.83973 2.78258 2.72542 2.68974 2.69672 2.73706 2.78132 2.47436 2.42876 2.43674 2.57447 3.04871 3.21630 3.35641 3.44914 3.45139 3.45139 3.45139 3.45139 3.45139 3.45139 3.45139 3.51021 3.64778 3.77869 4.23055 4.61552 4.84528 4.84528 4.85748 4.91207 4.86672
6.24130 6.35404 6.50628 6.65859 6.81097 7.71552 9.06386 10.1394 10.1394 10.1572 10.2972 10.4601 10.6233 11.5204 12.0622 12.2459 12.8724 13.9397 13.9397 13.9397 13.9397 13.9397 13.9397 13.9397 4.14843 3.50729 3.05097 2.71050 3.14583 3.22694 3.13168 2.89552 2.59218 2.68323 2.68926 2.69247 2.72822 2.77246 2.81670 2.85104 2.84078 2.82001 2.60281 2.36863 2.36240 2.85792 3.20247 3.45211 3.45139 3.45139 3.45139 3.45139 3.50137 3.63746 3.78669 3.95028 4.12959 4.23567 4.23587 4.23190 4.28894 4.56047 4.78353 4.74427 4.69910 4.75997 4.80286
6.89903 6.97814 7.04305 7.10783 7.22246 7.54576 9.13803 10.4533 10.8572 11.0024 11.0256 11.0256 11.0256 11.5833 12.2862 12.3941 12.5789 13.8571 13.9397 13.9397 13.9397 13.9397 13.9397 13.9397 2.58668 2.58668 2.58668 2.58668 2.72442 2.93940 2.93940 2.93611 2.61913 2.68307 2.80786 2.84787 2.84328 2.82177 2.79937 2.77939 2.77112 2.76949 2.73591 2.37085 2.36015 2.60239 3.01995 3.49319 3.62700 3.77542 3.93768 4.11599 4.23440 4.23587 4.23587 4.23587 4.23587 4.23587 4.23587 4.23587 4.11969 4.36285 4.65749 4.72868 4.74452 4.81500 5.06511
7.43669 7.58413 7.70656 7.82878 7.90116 7.90176 9.04588 10.2479 11.0256 11.0256 11.0417 11.1394 11.2486 11.4838 12.6334 12.6480 12.6480 13.2708 13.9397 13.9397 13.9397 13.9397 13.9397 13.9397 2.58668 2.58668 2.58668 2.58668 2.59648 2.91903 2.93940 2.93940 2.75670 2.57354 2.79682 2.77972 2.77037 2.76949 2.76949 2.76949 2.76949 2.76949 2.76949 2.54662 2.52733 2.64021 3.38104 3.96176 4.23587 4.23587 4.23587 4.23587 4.23587 4.23587 4.23587 4.23587 4.23587 4.24137 4.40922 4.61179 4.77620 4.78859 4.93751 4.67152 4.69710 4.77381 5.30972
7.90176 7.90176 7.90176 7.90176 7.90176 7.90176 8.36483 9.83150 11.1728 11.3233 11.4164 11.4277 11.4277 11.4277 12.3157 12.6480 12.6480 12.7824 13.9258 13.9397 13.9397 13.9397 13.9421 14.1163 2.58668 2.58668 2.58668 2.58668 2.57995 2.80221 2.91101 2.89900 2.86749 2.48999 2.67884 2.76949 2.76949 2.76949 2.76949 2.76949 2.76949 2.76949 2.76949 2.77189 2.80233 2.84081 3.30151 3.78685 4.23893 4.23587 4.23587 4.23587 4.23516 4.19780 4.26879 4.46014 4.65127 4.83606 4.82503 4.76260 4.71163 4.44430 4.86130 4.37586 4.05871 3.86328 4.49880
7.90176 7.90176 7.90176 7.93605 8.01757 8.09939 8.20698 9.83733 10.9476 11.4277 11.4277 11.4277 11.4277 11.4277 11.8707 12.6480 12.6480 12.6480 13.5325 14.3316 14.6109 14.8900 15.1667 15.2717 2.57688 2.55886 2.54085 2.52285 2.51155 2.61687 2.88921 2.88921 2.88921 2.63735 2.54199 2.76946 2.76949 2.76949 2.76949 2.77511 2.80950 2.84798 2.88642 2.92249 2.93049 2.93049 3.04869 3.69172 4.11524 4.09442 4.12082 4.30837 4.50023 4.72893 4.82362 4.77259 4.71190 4.49042 4.21954 3.93056 3.59884 3.38505 3.94554 4.14289 3.84831 3.84831 4.17675
7.99185 8.07367 8.15552 8.20305 8.20335 8.20335 8.20335 9.06353 10.4100 11.4277 11.4277 11.4277 11.4277 11.4701 11.7010 12.9963 13.2389 13.4250 13.8615 15.2717 15.2717 15.2717 15.2717 15.2717 2.61299 2.51140 2.51140 2.51140 2.51140 2.51179 2.84661 2.88921 2.88921 2.83234 2.47337 2.72106 2.81660 2.85512 2.89357 2.92642 2.90845 2.81619 2.75488 2.81800 3.06509 3.10962 3.19365 3.95983 4.46376 4.68056 4.82877 4.78259 4.69045 4.42287 4.13147 3.82990 3.49938 3.40657 3.40657 3.40657 3.40657 3.40657 3.55773 4.28996 3.89661 3.84831 3.89183
8.20335 8.20335 8.20335 8.20335 8.20335 8.20335 8.20335 8.41501 10.0658 11.4221 11.7898 11.9759 12.1622 12.3058 12.3157 13.0890 13.5360 13.5360 13.5121 14.7470 15.1839 15.1269 15.0540 14.9570 3.19862 2.51140 2.51140 2.51140 2.51140 2.51140 2.72930 2.91586 2.97972 3.04383 2.77193 2.75533 2.86076 2.80188 2.74738 2.69685 2.66639 2.69288 2.71285 2.88106 3.54511 3.76629 3.91865 4.14194 4.54907 4.38141 4.04109 3.72474 3.43439 3.40657 3.40657 3.40657 3.40657 3.40657 3.40657 3.40657 3.40657 3.40657 3.37315 4.08026 4.08338 3.84831 3.84831
8.20335 8.20335 8.20335 8.20336 8.20598 8.21129 8.21727 8.22406 10.0631 11.7681 12.3157 12.3157 12.3183 12.4576 12.6744 13.0046 12.9310 12.7066 12.4994 13.0378 14.8976 14.8976 14.8976 14.8976 4.23102 2.52656 2.51184 2.56887 2.66503 2.76115 2.89660 3.11114 3.00451 2.90683 2.73875 2.44351 2.66885 2.69709 2.70190 2.82014 2.98645 3.15264 3.30017 3.29801 3.59481 3.74858 3.66000 3.60053 3.56211 3.50398 3.40657 3.40657 3.40657 3.40657 3.40657 3.40657 3.40657 3.40657 3.40657 3.40657 3.40657 3.40657 3.40657 3.69303 4.28762 4.02689 4.16485
8.20918 8.21489 8.22135 8.22870 8.38881 8.84494 9.38495 10.0763 11.1577 11.8521 12.9728 13.1997 13.4136 13.4907 13.4907 13.4835 12.6301 12.4941 12.5465 12.6357 14.5202 14.8976 14.8976 14.8976 4.67749 3.12376 2.75360 2.56303 2.37298 2.21210 2.07651 2.60663 2.75069 2.75069 2.75069 2.48476 2.63741 3.12044 3.28092 3.30230 3.22357 3.12456 3.01999 2.93617 3.04940 3.56162 3.56162 3.56162 3.56162 3.52066 3.40635 3.40657 3.40657 3.40657 3.40657 3.40657 3.40657 3.40657 3.40657 3.40657 3.40657 3.40657 3.40657 3.49179 4.72712 4.58238 4.44503
8.66013 9.16685 9.90703 10.9482 11.8308 12.1644 12.4891 12.7591 12.7873 12.7873 13.3292 13.4907 13.4907 13.4933 13.5229 13.5596 13.1713 12.6816 12.6843 12.6843 13.4081 14.8976 14.8976 14.8976 2.65160 2.42690 2.03532 2.03526 2.03526 2.03526 2.03526 2.35181 2.68070 2.62906 2.58324 2.46310 2.23966 3.05988 3.01092 2.92411 2.90489 2.90489 2.90489 2.90489 2.90800 3.45734 3.56162 3.56162 3.56162 3.56055 3.38238 3.40657 3.40657 3.40657 3.40657 3.40657 3.40657 3.40657 3.40657 3.40657 3.40656 3.40125 3.43185 3.49581 4.38826 4.97266 4.76718
