results/OMI_NO2_2009_06-08.asc
ncols      200
nrows      200
xllcorner       120.258
yllcorner       41.1236
cellsize     0.0166667
NODATA_Value      -999.000
[rows 0 to 28 of 200, columns 0 to 66 of 200]
0.780803 0.843656 0.931711 0.936842 0.962651 0.983488 1.05630 1.00159 1.04924 1.07280 1.09654 1.09401 0.893763 0.835536 0.861475 0.937885 0.978969 0.979763 0.985143 0.990604 0.976457 0.975212 1.00078 1.04288 1.09845 1.11881 1.13934 0.807925 0.806248 0.818830 1.23603 1.18936 1.16582 1.26731 1.44172 1.48235 1.42571 1.42664 1.41472 1.41373 1.40978 1.34845 1.53652 1.61371 1.54749 1.42896 1.40521 1.37860 1.41770 1.28948 1.24572 1.21256 1.19059 1.18619 1.17449 1.16248 1.12760 1.08767 1.05674 0.852085 0.874159 0.900159 0.907784 1.00129 1.02304 1.08141 1.14233
0.764036 0.877644 0.958756 0.934979 0.930557 0.918764 0.966561 0.942114 1.03414 1.09242 1.17265 1.18222 1.10833 0.988133 1.01346 1.01399 1.08020 1.09483 1.10357 1.11012 1.10706 1.09291 1.09234 1.08167 1.07978 1.05460 1.02449 1.18889 1.08921 1.16545 1.21279 1.21094 1.20793 1.20873 1.46101 1.50953 1.53074 1.43797 1.40752 1.40940 1.39855 1.35750 1.34780 1.36677 1.32400 1.22856 1.23611 1.20866 1.22318 1.20014 1.16571 1.15638 1.12853 1.08899 1.06006 1.03669 1.02851 1.02394 1.00618 0.925564 0.957251 1.02924 1.07517 1.11039 1.11360 1.12234 1.14342
0.762560 0.857454 0.891568 0.891315 0.909753 0.927057 0.975723 0.957837 1.02071 1.06772 1.14498 1.17334 1.18417 1.10197 1.10668 1.08069 1.09419 1.09953 1.09953 1.08525 1.05671 1.01626 1.00431 1.02447 1.06291 1.09749 1.12071 1.15103 1.10551 1.15462 1.24707 1.28540 1.30794 1.32633 1.44209 1.54934 1.53645 1.50453 1.38409 1.36740 1.35160 1.30201 1.24582 1.25902 1.27554 1.20486 1.20507 1.18077 1.15887 1.13966 1.07209 1.04823 1.03778 1.03047 1.00060 0.958809 0.919419 0.885990 0.864712 0.912435 1.05142 1.10373 1.12501 1.14989 1.11663 1.12088 1.12856
0.993142 0.982557 0.982058 0.965845 0.970216 0.988896 1.02613 1.02671 1.06754 1.12450 1.17106 1.21531 1.21505 1.15081 1.11393 1.09967 1.04132 1.02619 0.997909 0.989606 1.01247 1.04846 1.07427 1.10716 1.12691 1.15503 1.17265 1.26151 1.22413 1.26331 1.30836 1.37415 1.40076 1.42087 1.45919 1.63327 1.52468 1.56288 1.37592 1.35346 1.33078 1.28960 1.23984 1.17316 1.17841 1.13007 1.12799 1.09473 1.07838 1.04198 0.976395 0.925362 0.885880 0.851426 0.843665 0.853088 0.869574 0.880869 0.888353 0.910365 1.02540 1.09363 1.12365 1.14562 1.14701 1.15979 1.19742
0.996182 1.02336 1.04565 1.05128 1.06145 1.06152 1.07434 1.05830 1.06829 1.11755 1.14891 1.20608 1.17347 1.11117 1.01650 1.00284 1.00869 1.04551 1.07215 1.09394 1.12131 1.17005 1.17507 1.20874 1.22386 1.25035 1.23110 1.28514 1.24422 1.27685 1.28559 1.34527 1.33827 1.33445 1.38026 1.53642 1.51950 1.54691 1.40577 1.30309 1.25446 1.23519 1.23805 1.09283 1.05702 0.964317 0.960299 0.913576 0.887206 0.873310 0.857726 0.856150 0.873321 0.882069 0.887304 0.890935 0.888316 0.884671 0.882569 0.886908 0.982551 1.08307 1.15818 1.22532 1.24891 1.27236 1.29027
1.07111 1.09449 1.13534 1.12189 1.12911 1.14930 1.17805 1.16997 1.18939 1.19814 1.19504 1.14742 1.12531 1.13445 1.11007 1.12629 1.16383 1.18218 1.19754 1.20263 1.21207 1.25113 1.23127 1.27077 1.30082 1.35089 1.34953 1.36546 1.31100 1.32919 1.29051 1.32022 1.33435 1.28602 1.31068 1.33916 1.48102 1.46075 1.44899 1.27142 1.21823 1.16042 1.12816 0.950638 0.884981 0.833773 0.912465 0.911442 0.907816 0.918211 0.900171 0.886793 0.883864 0.883458 0.883472 0.889494 0.903570 0.921510 0.952965 1.00199 1.06776 1.18175 1.26805 1.29979 1.31152 1.31442 1.30753
1.05196 1.11210 1.32480 1.29492 1.27687 1.27343 1.29395 1.26878 1.29263 1.24803 1.25169 1.21545 1.26008 1.28612 1.27701 1.24766 1.24558 1.22806 1.26916 1.28928 1.31044 1.35087 1.35449 1.38123 1.38564 1.40675 1.36842 1.36011 1.29968 1.30285 1.27130 1.26853 1.31811 1.27618 1.32150 1.31244 1.43590 1.41458 1.38516 1.21085 1.10395 1.04270 1.03432 1.00602 0.941862 0.891714 0.911697 0.899254 0.889840 0.889398 0.899860 0.897895 0.913521 0.931863 0.957693 1.00092 1.03965 1.07124 1.09156 1.09810 1.11964 1.18519 1.29360 1.28845 1.30424 1.30219 1.29423
1.01682 1.09197 1.32967 1.29909 1.27708 1.27898 1.31759 1.32322 1.38326 1.40205 1.35255 1.34518 1.34513 1.34217 1.33920 1.30264 1.32673 1.33716 1.34472 1.34953 1.35146 1.36537 1.33545 1.34195 1.35023 1.31826 1.29008 1.27808 1.21755 1.21845 1.20204 1.17663 1.24638 1.23453 1.28982 1.29632 1.30358 1.29112 1.23342 1.17145 1.05133 1.00898 1.00274 0.993091 0.934512 0.879547 0.915443 0.893086 0.897340 0.902622 0.948758 0.979758 1.03079 1.06577 1.09215 1.10413 1.10571 1.10800 1.10601 1.11207 1.13733 1.17212 1.28522 1.28910 1.34227 1.37223 1.39511
1.00278 1.00441 1.26216 1.30635 1.33344 1.37444 1.44776 1.42822 1.43856 1.43288 1.33494 1.38449 1.40685 1.43016 1.42419 1.40828 1.38884 1.37667 1.33673 1.30912 1.29284 1.30418 1.27756 1.29406 1.28923 1.26351 1.23799 1.26642 1.23569 1.26026 1.26370 1.24710 1.30752 1.30779 1.31802 1.30248 1.27847 1.29777 1.18348 1.14685 1.03438 1.02955 1.00968 1.01373 1.01859 0.931573 1.00096 0.995316 1.02454 1.03173 1.07220 1.11472 1.11530 1.12105 1.12722 1.13663 1.15245 1.16419 1.16028 1.17123 1.20215 1.21071 1.33823 1.37818 1.36448 1.36664 1.37119
1.42395 1.53240 1.56225 1.45375 1.41412 1.40712 1.42633 1.38363 1.39550 1.39694 1.37160 1.39695 1.49599 1.50107 1.46868 1.44834 1.40011 1.35223 1.31280 1.24832 1.24540 1.25924 1.25710 1.28312 1.28940 1.27944 1.26925 1.30110 1.26415 1.28040 1.27569 1.24307 1.27722 1.26263 1.26644 1.24491 1.20159 1.21058 1.13585 1.09877 1.08705 1.09674 1.09022 1.07086 1.05655 1.00927 1.04859 1.04873 1.04637 1.04972 1.06165 1.14876 1.16743 1.17954 1.18921 1.20418 1.22160 1.23985 1.24357 1.25433 1.26523 1.24004 1.34314 1.37544 1.33112 1.36868 1.38109
1.65021 1.64198 1.65634 1.55347 1.41002 1.40581 1.47423 1.44452 1.46472 1.45541 1.44506 1.33193 1.52099 1.49226 1.46328 1.43406 1.37688 1.31796 1.28520 1.26191 1.24719 1.27460 1.28900 1.31787 1.32344 1.29828 1.27047 1.27705 1.23801 1.24857 1.22752 1.19059 1.16319 1.17916 1.19693 1.18461 1.15997 1.17963 1.18557 1.15269 1.14223 1.01341 1.00543 1.01521 1.02229 1.02730 1.03505 1.07530 1.07828 1.08147 1.10254 1.16568 1.20869 1.23152 1.25232 1.26563 1.26805 1.26716 1.25431 1.25413 1.26584 1.25360 1.29297 1.39905 1.33870 1.35520 1.36712
1.72460 1.73687 1.78659 1.68519 1.48047 1.44077 1.48988 1.39831 1.42476 1.42476 1.42476 1.38544 1.41838 1.45950 1.44386 1.40219 1.36851 1.32734 1.30743 1.31404 1.27268 1.26040 1.24297 1.20416 1.18832 1.15670 1.13698 1.14217 1.12191 1.12469 1.11645 1.12314 1.07864 1.09924 1.09984 1.08961 1.06808 1.07712 1.09444 1.08757 1.09863 1.01503 1.01027 1.04301 1.04978 1.06606 1.08081 1.14284 1.17490 1.20362 1.22529 1.23746 1.25335 1.25476 1.25719 1.25770 1.25675 1.25619 1.24700 1.24780 1.25092 1.24231 1.24273 1.34573 1.32095 1.32054 1.33220
1.56595 1.48739 1.53426 1.48141 1.33239 1.27643 1.34823 1.27539 1.25204 1.22878 1.20997 1.19011 1.14182 1.39641 1.48968 1.49486 1.44536 1.38612 1.31050 1.28708 1.22573 1.19649 1.19044 1.17409 1.18834 1.17371 1.15805 1.15576 1.13766 1.10657 1.07511 1.08428 1.05798 1.02823 1.05898 1.05933 1.05664 1.07299 1.07755 1.09930 1.12956 1.10215 1.05568 1.12574 1.13472 1.14456 1.16802 1.21792 1.24798 1.23681 1.22606 1.21499 1.21197 1.26431 1.25352 1.24855 1.24677 1.24677 1.23536 1.22480 1.21336 1.19546 1.16723 1.20884 1.28461 1.23998 1.25793
1.69835 1.61765 1.66232 1.58143 1.35842 1.26261 1.27301 1.19837 1.20372 1.20965 1.20939 1.21033 1.18088 1.32741 1.45864 1.45752 1.35604 1.30325 1.23799 1.25779 1.25804 1.20386 1.19668 1.17312 1.16387 1.14179 1.12534 1.13172 1.13310 1.12101 1.09474 1.10274 1.09718 1.03926 1.08482 1.10573 1.11275 1.13814 1.14381 1.15070 1.15926 1.13558 1.09859 1.13070 1.14800 1.14776 1.13411 1.16239 1.18689 1.20041 1.20011 1.20009 1.19705 1.25060 1.24074 1.22400 1.20804 1.19251 1.16686 1.14857 1.13828 1.13049 1.12507 1.11897 1.27987 1.20052 1.18282
1.46867 1.40841 1.42022 1.41327 1.30608 1.24023 1.26573 1.26195 1.25039 1.23622 1.21980 1.20265 1.18697 1.15920 1.28818 1.34140 1.29243 1.28838 1.23721 1.21011 1.22364 1.15209 1.13284 1.12753 1.13332 1.12462 1.11646 1.11868 1.11709 1.11069 1.07867 1.08836 1.09076 1.09536 1.12448 1.13875 1.13356 1.14555 1.15624 1.17518 1.15060 1.12828 1.10083 1.08300 1.10901 1.10770 1.10594 1.13358 1.16099 1.19662 1.18807 1.17365 1.15691 1.16617 1.17805 1.15118 1.12483 1.10940 1.09342 1.08652 1.09011 1.08621 1.07234 1.05945 1.17581 1.23971 1.17971
1.26584 1.26131 1.29480 1.31683 1.24376 1.17659 1.16351 1.15512 1.14912 1.14235 1.14028 1.14561 1.15617 1.14050 1.23824 1.31119 1.30718 1.26392 1.19712 1.17564 1.19904 1.17145 1.12280 1.11782 1.12125 1.11725 1.12123 1.12807 1.12958 1.11994 1.07205 1.07803 1.09614 1.14940 1.15139 1.16544 1.18669 1.19694 1.19674 1.18503 1.16370 1.11102 1.10040 1.07403 1.12063 1.11407 1.10425 1.08889 1.10559 1.11973 1.11758 1.10228 1.08676 1.06781 1.11682 1.10267 1.08137 1.08641 1.07819 1.07630 1.08169 1.08176 1.07825 1.08243 1.12946 1.28832 1.23012
1.17079 1.17441 1.17723 1.19615 1.14806 1.13359 1.15106 1.16211 1.17393 1.18946 1.20903 1.21437 1.20230 1.18880 1.13843 1.19608 1.25374 1.21303 1.15727 1.18114 1.20672 1.22805 1.14616 1.13593 1.12911 1.11469 1.12122 1.14081 1.16329 1.20612 1.21962 1.27252 1.31881 1.35292 1.27593 1.19071 1.17870 1.17563 1.17198 1.16661 1.17245 1.11401 1.07441 1.03396 1.02389 1.04226 1.03008 1.02916 1.03510 1.01651 1.06505 1.06505 1.06544 1.06143 1.06687 1.07707 1.05283 1.05916 1.06572 1.08372 1.11268 1.12746 1.12555 1.13232 1.14919 1.17192 1.22381
1.14964 1.21156 1.23464 1.27169 1.24368 1.25286 1.22732 1.21098 1.19482 1.17600 1.15532 1.14908 1.15600 1.16244 1.14017 1.15532 1.23408 1.24160 1.17281 1.16396 1.20319 1.21990 1.17709 1.15385 1.17746 1.23325 1.27035 1.27956 1.30678 1.31976 1.32815 1.32186 1.32917 1.33972 1.27578 1.18659 1.16661 1.17185 1.16907 1.16546 1.17861 1.14178 1.03935 1.03416 0.953480 1.00874 1.00817 1.01120 1.01245 1.00258 1.04386 1.05512 1.05300 1.06743 1.06125 1.10595 1.10556 1.13971 1.14736 1.15537 1.13528 1.10766 1.09991 1.11856 1.13719 1.18613 1.33930
1.24349 1.24039 1.19208 1.17217 1.12890 1.14624 1.15487 1.15900 1.16543 1.17136 1.17646 1.17748 1.17748 1.17748 1.17624 1.15075 1.20774 1.28344 1.23295 1.22679 1.31976 1.38555 1.37345 1.33115 1.34942 1.38306 1.39317 1.38140 1.35868 1.34962 1.34909 1.31594 1.35500 1.37389 1.34359 1.26865 1.20726 1.21641 1.22528 1.22987 1.24004 1.21108 1.10269 1.05180 0.990020 0.995766 1.01512 1.02491 1.05751 1.09942 1.11341 1.20955 1.26464 1.29963 1.21762 1.13413 1.10779 1.10841 1.13391 1.14864 1.19155 1.23448 1.25815 1.26757 1.27795 1.29489 1.37519
1.19484 1.19727 1.10607 1.11846 1.11501 1.14459 1.16631 1.16046 1.16109 1.16173 1.16277 1.17201 1.18488 1.20529 1.25198 1.28114 1.35018 1.44021 1.42221 1.39802 1.44581 1.51144 1.49709 1.41471 1.36338 1.35495 1.34332 1.35173 1.33661 1.33996 1.34964 1.30755 1.36588 1.37735 1.36735 1.32979 1.21883 1.21308 1.21299 1.21109 1.21798 1.21765 1.16634 1.08502 1.08541 1.05052 1.15682 1.23125 1.28271 1.33787 1.27721 1.30692 1.31811 1.32491 1.26987 1.12986 1.21539 1.25662 1.27310 1.26681 1.28146 1.27451 1.26774 1.25023 1.23767 1.23388 1.26521
1.18404 1.25972 1.14378 1.13177 1.12256 1.13277 1.17934 1.17891 1.19683 1.22410 1.26701 1.30458 1.33440 1.35637 1.35275 1.33460 1.40429 1.47026 1.49573 1.49313 1.44167 1.48197 1.45150 1.35494 1.28474 1.29100 1.30217 1.32082 1.32677 1.33922 1.35104 1.33398 1.36752 1.36982 1.36686 1.36845 1.25270 1.24139 1.26891 1.27339 1.32921 1.36675 1.40091 1.30042 1.30614 1.32907 1.40519 1.43165 1.45196 1.48555 1.41234 1.33912 1.33200 1.33194 1.32954 1.12940 1.20534 1.25564 1.27666 1.25181 1.25260 1.23774 1.23538 1.23904 1.24213 1.25018 1.25830
1.16627 1.29115 1.23297 1.20206 1.23609 1.26981 1.28453 1.29522 1.31410 1.32789 1.33718 1.35929 1.37026 1.39088 1.41544 1.42000 1.48147 1.54979 1.55348 1.57014 1.40198 1.43632 1.45291 1.40019 1.35330 1.34944 1.35148 1.35528 1.35022 1.34918 1.35224 1.34091 1.36381 1.38288 1.37912 1.38241 1.43195 1.40505 1.45008 1.45051 1.49372 1.48759 1.48893 1.40843 1.36582 1.43396 1.47895 1.53826 1.55158 1.55167 1.52977 1.37471 1.33494 1.32952 1.32949 1.20216 1.12277 1.21132 1.23290 1.21714 1.22560 1.24237 1.24629 1.24933 1.24944 1.25154 1.24799
1.34538 1.43165 1.42537 1.33360 1.35166 1.39284 1.41007 1.40042 1.41355 1.43086 1.44477 1.44768 1.45353 1.45889 1.45526 1.42820 1.43189 1.50555 1.50694 1.54568 1.45213 1.38678 1.44131 1.41369 1.37585 1.34855 1.34867 1.35448 1.34982 1.35163 1.35891 1.35156 1.36788 1.41272 1.44884 1.47913 1.53132 1.48589 1.46428 1.44053 1.47024 1.49900 1.53174 1.52773 1.46194 1.48523 1.48996 1.53363 1.53840 1.53840 1.53840 1.44889 1.35082 1.32402 1.32199 1.30474 1.11731 1.23257 1.27521 1.24285 1.24389 1.24002 1.23525 1.22994 1.22641 1.21519 1.20879
1.47805 1.47512 1.58940 1.53360 1.51196 1.50636 1.49363 1.46007 1.45615 1.46108 1.45389 1.44686 1.43471 1.42300 1.40980 1.39462 1.39812 1.46408 1.52382 1.55991 1.55417 1.36653 1.42025 1.41742 1.38311 1.37000 1.36840 1.37905 1.38195 1.40461 1.43794 1.45440 1.49210 1.47140 1.45302 1.44061 1.46679 1.50962 1.49932 1.52214 1.55767 1.56556 1.56732 1.56317 1.49602 1.45660 1.47732 1.48834 1.52781 1.53087 1.53774 1.52792 1.42648 1.36426 1.36325 1.36157 1.18989 1.21099 1.28102 1.24504 1.24102 1.22373 1.20928 1.21027 1.22725 1.27896 1.32406
1.60946 1.54179 1.67801 1.70883 1.55683 1.55362 1.54302 1.49839 1.48729 1.47995 1.47749 1.47523 1.46786 1.45358 1.44230 1.41758 1.41414 1.41925 1.49348 1.53997 1.57476 1.39347 1.39350 1.41212 1.39384 1.42343 1.44171 1.47001 1.45582 1.44339 1.42573 1.41304 1.43620 1.45839 1.48799 1.51178 1.54398 1.61025 1.54452 1.54840 1.55453 1.53936 1.51888 1.49721 1.46611 1.45693 1.50704 1.51532 1.56990 1.57060 1.56800 1.56508 1.46924 1.37137 1.35948 1.35491 1.26198 1.13361 1.21523 1.19579 1.22019 1.25904 1.31289 1.33582 1.35259 1.36050 1.34720
1.50921 1.50336 1.58546 1.80637 1.56240 1.54686 1.54350 1.50543 1.50044 1.49915 1.48910 1.47808 1.45924 1.43007 1.41506 1.41231 1.41322 1.41350 1.50777 1.56500 1.58812 1.47061 1.33909 1.42432 1.41927 1.45868 1.41970 1.40305 1.41260 1.43060 1.45551 1.48285 1.51257 1.53468 1.53920 1.54102 1.54871 1.59922 1.56488 1.50900 1.49554 1.49348 1.50022 1.50324 1.50036 1.48711 1.51329 1.55441 1.56102 1.55886 1.55697 1.53824 1.47046 1.30825 1.23951 1.19974 1.20021 1.13635 1.32545 1.39868 1.42170 1.38474 1.36622 1.35117 1.32596 1.30265 1.29109
1.44906 1.47383 1.49030 1.70010 1.59538 1.51465 1.50117 1.46377 1.43352 1.42367 1.42385 1.42521 1.41366 1.40604 1.38703 1.35334 1.33081 1.32155 1.37074 1.48735 1.44437 1.42916 1.31971 1.34740 1.36445 1.45203 1.49820 1.51310 1.54142 1.55581 1.55829 1.55911 1.55538 1.52499 1.51996 1.51106 1.50992 1.51852 1.57443 1.49310 1.51077 1.52154 1.53231 1.54306 1.54575 1.52766 1.51175 1.53405 1.49669 1.41969 1.31668 1.28567 1.30469 1.29235 1.29977 1.31273 1.29177 1.31375 1.30359 1.29504 1.29274 1.28219 1.27922 1.27806 1.28075 1.28483 1.29165
1.46249 1.48432 1.48375 1.58933 1.61734 1.46009 1.46009 1.45213 1.43165 1.42564 1.40063 1.37173 1.32598 1.30147 1.30060 1.28555 1.28164 1.27817 1.29574 1.36349 1.38256 1.36119 1.38079 1.38661 1.43172 1.48949 1.54615 1.52085 1.53454 1.52464 1.51866 1.50865 1.51308 1.51989 1.52056 1.52071 1.54066 1.53821 1.61282 1.53665 1.54234 1.53180 1.51515 1.49831 1.47528 1.45300 1.42875 1.40051 1.29024 1.33638 1.41873 1.46534 1.45411 1.42849 1.32969 1.24611 1.24727 1.28217 1.29344 1.27665 1.26652 1.26395 1.27101 1.28015 1.28991 1.31784 1.34432
1.47913 1.47686 1.48574 1.51787 1.68309 1.46496 1.40970 1.38443 1.31867 1.30985 1.33522 1.34137 1.31613 1.30479 1.29192 1.29321 1.29745 1.29882 1.31198 1.33329 1.38136 1.35363 1.35431 1.38711 1.45120 1.46475 1.52077 1.50556 1.50724 1.50007 1.50041 1.50387 1.52682 1.55368 1.55201 1.54801 1.55563 1.54826 1.55650 1.49951 1.43940 1.43778 1.42465 1.43042 1.48525 1.55388 1.67408 1.73716 1.56765 1.48106 1.46889 1.45819 1.44759 1.46371 1.36695 1.29229 1.25400 1.26065 1.30503 1.30201 1.28141 1.30606 1.33830 1.36389 1.38782 1.40694 1.41260
