results/OMI_NO2_200810.asc
ncols      200
nrows      200
xllcorner       120.258
yllcorner       41.1236
cellsize     0.0166667
NODATA_Value      -999.000
[rows 87 to 115 of 200, columns 132 to 197 of 200]
1.87235 1.97771 2.00503 2.03764 2.09364 2.15053 2.22828 2.32580 2.33503 2.25859 1.99350 1.93438 1.91549 1.90100 1.89182 1.88626 1.89425 1.90068 1.97407 2.06413 2.05161 1.98950 1.79268 1.66181 1.67901 1.62890 1.58675 1.58675 1.58051 1.70498 1.73348 1.72765 1.75572 1.87012 1.99032 2.11455 2.18236 2.18250 2.18250 2.18250 2.19564 2.23389 2.26924 2.19678 2.20549 2.19489 2.17493 1.98087 1.98357 1.98572 2.20375 2.31847 2.31847 2.31847 2.31847 2.31847 2.31847 2.31847 1.77231 1.33646 1.37627 1.42744 1.69499 2.00746 2.29321 2.81344
2.15105 2.35026 2.41545 2.47889 2.53029 2.57153 2.59748 2.59736 2.52212 2.51024 2.17107 2.01610 1.95949 1.95966 1.96249 1.96627 1.97004 1.97382 2.01606 2.14109 2.14066 2.06087 1.95844 1.67441 1.65941 1.62489 1.53665 1.52116 1.52294 1.68125 1.96329 2.08780 2.17826 2.18250 2.18250 2.18864 2.22384 2.26273 2.30163 2.34055 2.36633 2.36696 2.36696 2.28921 2.20348 2.20549 2.20549 2.04569 1.98255 1.98621 2.12357 2.31875 2.35462 2.41705 2.48341 2.55524 2.68192 2.85031 2.93908 2.10384 2.22040 2.33915 2.55034 2.91434 2.91434 2.92182
2.32892 2.58007 2.63557 2.64981 2.64750 2.63206 2.61448 2.61617 2.47736 2.45513 2.23917 2.05378 1.97538 1.97899 1.97993 1.97993 1.97993 1.97983 1.97939 2.11661 2.10491 2.04747 1.97046 1.63913 1.59538 1.62177 1.57564 1.60521 1.63955 1.70935 2.15500 2.21375 2.25265 2.29157 2.33046 2.36325 2.36696 2.36696 2.36696 2.36696 2.36696 2.36696 2.36696 2.33153 2.22023 2.20549 2.20549 2.14546 2.13190 2.19737 2.37438 2.93595 3.07036 3.16677 3.28335 3.48216 3.63579 3.75503 3.83021 2.93048 2.43928 2.50341 2.61238 3.23252 3.33661 3.43691
2.37177 2.48988 2.61945 2.59422 2.55833 2.53635 2.51595 2.51731 2.42327 2.37930 2.30831 2.06028 1.99367 1.96549 1.95305 1.94060 1.92815 1.91581 1.91108 2.03608 2.06689 2.07063 2.01599 1.85633 1.77228 1.83689 1.85102 1.89338 1.93340 1.78789 2.13322 2.36696 2.36714 2.37454 2.38592 2.39725 2.40870 2.42027 2.43195 2.44394 2.45828 2.48354 2.50293 2.48989 2.46378 2.44416 2.45477 2.46558 2.56098 2.98689 3.19411 3.50575 3.61829 3.73074 3.82856 3.88055 3.93073 3.98079 4.03087 3.80751 2.80404 2.80681 2.80676 3.23891 3.29524 3.36988
2.17179 2.23826 2.48192 2.47651 2.47623 2.47623 2.47623 2.48464 2.47594 2.39267 2.38189 2.04988 1.97292 1.92049 1.92294 1.92536 1.92784 1.94680 1.99640 2.14457 2.26943 2.29269 2.29025 2.24597 2.28061 2.32529 2.32786 2.26934 2.27832 2.04978 2.15327 2.67667 2.70522 2.72501 2.73075 2.70714 2.68176 2.65624 2.63074 2.59723 2.55564 2.50218 2.45546 2.43925 2.61551 2.66849 2.66578 2.73931 2.89809 3.38354 3.89696 3.96837 4.01848 4.06862 4.11335 4.12053 4.12053 4.12053 4.07348 3.97645 2.97489 2.66334 2.63148 2.78008 3.01136 3.12097
2.07404 2.23377 2.44863 2.57292 2.58553 2.59827 2.61113 2.62181 2.64654 2.51186 2.50693 2.23528 2.12997 2.06793 2.10228 2.14749 2.18879 2.17446 2.11824 2.12307 2.17208 2.12467 2.13003 2.15726 2.33519 2.40720 2.38845 2.29575 2.26487 2.09215 1.94621 2.42333 2.57461 2.53131 2.48725 2.47191 2.45842 2.44492 2.43151 2.42617 2.42617 2.42617 2.42617 2.46134 2.64676 2.93830 3.06718 3.11102 3.12879 3.52999 4.10425 4.12053 4.12053 4.08176 3.98597 3.89807 3.81785 3.74428 3.70688 3.70681 3.36326 2.61809 2.61809 2.67139 3.01136 3.01660
2.04849 2.25894 2.38244 2.63263 2.63151 2.61834 2.60195 2.58552 2.58646 2.45553 2.38456 2.31478 2.23984 2.15255 2.08475 2.02819 1.97400 1.95894 1.95696 1.97048 2.08947 2.07113 2.05283 2.05472 2.11528 2.27329 2.19923 2.08878 2.07599 2.00472 1.69717 1.95595 2.43544 2.42682 2.42617 2.42617 2.42617 2.42644 2.42913 2.45270 2.52840 2.60664 2.68491 2.72808 2.75461 3.06353 3.11619 3.11728 3.10120 3.27586 3.72890 3.82477 3.75067 3.70741 3.70681 3.70681 3.70681 3.70681 3.70681 3.70681 3.68686 2.75475 2.61809 2.61824 2.94223 3.01136
1.99432 2.12853 2.23738 2.49404 2.51729 2.48834 2.46643 2.46299 2.43056 2.38283 2.25364 2.17261 2.00240 1.98124 1.91451 1.89798 1.88149 1.86593 1.85138 1.84536 1.98270 1.99362 1.98979 1.97419 1.95890 2.15247 2.14097 1.94806 1.94332 1.94332 1.67235 1.71534 2.29937 2.43107 2.43432 2.44773 2.51740 2.59535 2.67100 2.72561 2.72822 2.72822 2.72822 2.73457 2.76822 3.06367 3.04852 2.93012 2.90507 2.97904 3.36980 3.70681 3.70681 3.70681 3.70681 3.70681 3.70681 3.70681 3.70681 3.70681 3.70681 3.25073 2.61475 2.60319 2.76092 2.91797
1.91510 1.95006 2.09542 2.19945 2.31195 2.26241 2.20743 2.11040 2.04798 2.05090 1.99487 1.96245 1.81496 1.81001 1.84414 1.84451 1.84451 1.83419 1.81190 1.78955 1.86522 1.88295 1.86198 1.85972 1.86205 1.98899 2.11575 1.98944 1.95840 1.96713 1.82972 1.66093 2.08546 2.57976 2.65479 2.71962 2.72822 2.72822 2.73025 2.75886 2.79573 2.83252 2.86938 2.89985 2.90298 3.05491 3.15553 2.90422 2.90422 2.90544 3.18740 3.66785 3.70681 3.70681 3.70681 3.69999 3.66320 3.62489 3.58856 3.55684 3.53222 3.45348 2.65388 2.61849 2.71455 2.89423
1.76590 1.74270 1.90669 1.93698 1.96236 1.93216 1.90085 1.89314 1.89314 1.92520 1.93077 1.92329 1.87914 1.77707 1.77345 1.75819 1.73588 1.72385 1.72383 1.72383 1.78798 1.86206 1.86918 1.87638 1.88707 1.92573 2.15433 2.08448 1.99052 2.01303 1.99800 1.71601 1.91360 2.60443 2.74947 2.78633 2.82315 2.85997 2.89479 2.90298 2.90298 2.90298 2.90298 2.90298 2.90298 2.94620 3.26396 2.94095 2.89986 2.84515 3.00084 3.40283 3.56265 3.54802 3.53478 3.48325 3.44781 3.41193 3.33694 3.25263 3.16654 3.08341 2.69686 2.39507 2.61180 2.81831
1.60594 1.60253 1.69593 1.83890 1.87394 1.90011 1.90295 1.91630 1.93120 1.95632 2.00254 1.99669 1.99302 1.83215 1.72222 1.73796 1.74332 1.75058 1.75784 1.76507 1.80451 1.89837 1.89847 1.89847 1.90316 1.92583 2.12064 2.19638 2.04157 2.05509 2.07936 1.87280 1.90646 2.48602 2.90969 2.90298 2.90298 2.90298 2.90298 2.90298 2.90298 2.90298 2.87706 2.82060 2.77008 2.72764 2.89789 2.71945 2.54930 2.57753 2.78410 3.18825 3.29529 3.25266 3.17735 3.12044 3.06987 3.02319 3.00180 2.98101 2.96018 2.93939 2.88773 2.58905 2.97373 3.69953
1.63170 1.63449 1.65794 1.87831 1.92336 1.98921 2.00131 2.00288 2.00288 2.00288 2.04279 2.02011 2.01847 1.93294 1.79120 1.78871 1.79145 1.79145 1.79145 1.79145 1.79978 1.97685 2.09064 2.20384 2.31692 2.06003 2.08333 2.29080 2.17815 2.17854 2.21204 2.14184 2.03803 2.33498 2.86454 2.89469 2.84717 2.80145 2.76018 2.72374 2.68903 2.65583 2.66053 2.72750 2.79266 2.85273 2.84880 2.84847 2.65828 2.65653 2.67641 2.99948 3.06028 3.00278 2.96524 2.94440 2.92361 2.93827 3.13043 3.34135 3.54088 3.72809 3.86188 3.59307 3.47060 4.00671
1.68559 1.69458 1.69496 1.82327 1.94034 1.98918 2.00079 1.99916 1.99752 1.99588 2.02271 2.02096 2.01378 1.98964 1.84220 1.77998 1.81403 1.90575 2.00763 2.10941 2.22126 2.40779 2.45907 2.48242 2.50297 2.32937 2.11580 2.36524 2.34372 2.29430 2.33720 2.35841 2.17499 2.20272 2.48134 2.67361 2.67112 2.72005 2.77789 2.83290 2.88792 2.94295 2.98128 2.98264 2.98264 2.98264 2.94483 2.82267 2.61710 2.50073 2.47444 2.72686 2.87716 3.10974 3.32178 3.52235 3.71107 3.85614 3.86467 3.85583 3.84700 3.84023 3.83979 3.74772 3.42830 3.78276
1.69422 1.69275 1.69127 1.71284 1.93484 1.95469 1.99431 1.99431 1.99046 1.98191 1.98456 2.01166 2.05887 2.14281 2.15305 2.15041 2.25615 2.28720 2.30824 2.32922 2.33816 2.43847 2.51337 2.52437 2.53969 2.52396 2.15636 2.25867 2.38568 2.51092 2.56113 2.56274 2.39834 2.25135 2.40176 2.91027 2.97157 2.98264 2.98264 2.98264 2.98264 2.98433 2.97980 2.93743 2.88998 2.84248 2.79993 2.66806 2.74038 2.74934 2.90008 3.38794 3.78468 3.86500 3.85670 3.84787 3.84054 3.83979 3.83979 3.83979 3.83979 3.83979 3.83979 3.83954 3.51899 3.61715
1.69077 1.68719 1.68249 1.67478 1.83026 1.90238 1.95090 1.99414 2.08909 2.18944 2.30166 2.43012 2.45540 2.48775 2.45883 2.33028 2.28249 2.27555 2.27817 2.29559 2.31283 2.39183 2.50296 2.50780 2.50780 2.50793 2.24239 2.11227 2.34776 2.47771 2.58112 2.58486 2.50214 2.33532 2.33552 2.78533 2.98859 2.98928 2.98951 2.95311 2.90563 2.85646 2.79865 2.78976 2.81392 2.83535 2.85986 3.10083 3.35240 3.23470 3.22593 3.35028 3.74508 3.82188 3.83979 3.83979 3.83979 3.83979 3.83979 3.83979 3.83979 3.83979 3.83979 3.83979 3.70497 3.47712
1.64629 1.62880 1.64183 1.65717 1.73116 2.18471 2.33721 2.45238 2.49106 2.52913 2.55395 2.47982 2.35089 2.31079 2.27165 2.17756 2.22530 2.32578 2.33974 2.33984 2.34064 2.37249 2.51628 2.52019 2.52410 2.52787 2.43075 2.09943 2.28283 2.43250 2.58000 2.62382 2.63641 2.44907 2.26708 2.62596 2.93324 2.86720 2.82610 2.83816 2.85903 2.87754 2.87854 2.85181 2.80189 2.75201 2.70455 2.73102 3.19053 3.21757 3.21798 3.22887 3.66033 3.79642 3.83979 3.83979 3.83979 3.83979 3.83981 3.84642 3.85826 3.87012 3.88763 3.94814 4.00790 3.77730
1.59894 1.62327 1.73768 1.76336 1.78443 2.36239 2.63430 2.54831 2.54471 2.54124 2.53973 2.49859 2.32644 2.33297 2.35079 2.27886 2.22062 2.34892 2.35243 2.35595 2.35867 2.36083 2.52009 2.52892 2.53162 2.55065 2.57127 2.24408 2.27532 2.50874 2.67327 2.73324 2.78663 2.72202 2.58997 2.73017 2.89584 2.90239 2.86402 2.81451 2.76461 2.71481 2.69277 2.69277 2.69277 2.69277 2.69277 2.69141 3.01954 3.21719 3.21798 3.21798 3.46108 3.78418 3.86524 3.87992 3.90089 3.98234 4.09438 4.24180 4.39118 4.51794 4.63079 4.70094 4.76644 4.78936
1.72163 1.69163 1.81589 1.81075 1.80921 2.05259 2.62855 2.56917 2.56578 2.58254 2.58932 2.58006 2.36721 2.30816 2.29646 2.25722 2.18743 2.33519 2.35363 2.36118 2.38018 2.39929 2.55212 2.62490 2.64398 2.64673 2.64673 2.47591 2.29038 2.63364 2.88167 3.02700 3.04386 2.95781 2.72388 2.54350 2.71394 2.73095 2.69277 2.69277 2.69277 2.69277 2.69277 2.69277 2.69277 2.69258 2.69108 2.68931 2.80264 3.24194 3.30528 3.37079 3.52138 4.19295 4.50043 4.77694 4.93677 5.01188 5.03000 4.99167 4.94953 4.93973 4.95017 4.96100 4.97184 4.96705
1.73196 1.63419 1.78033 1.79628 1.85762 1.92786 2.64046 2.60301 2.53377 2.52181 2.51837 2.51837 2.39186 2.27871 2.25858 2.23304 2.22615 2.32609 2.43156 2.44311 2.44319 2.44319 2.54538 2.64692 2.71679 2.85666 2.99661 3.10290 2.77178 2.75314 2.84526 2.90576 2.88561 2.89309 2.69127 2.49804 2.72214 2.78091 2.69385 2.69173 2.68566 2.67715 2.68120 2.69144 2.70204 2.71302 2.72529 2.73805 2.75933 3.57281 3.81539 3.81561 3.81560 4.36272 4.71205 5.00239 4.96851 4.95848 4.96931 4.98015 4.99032 4.98333 4.89686 4.78301 4.67978 4.61119
1.74971 1.72444 1.87502 1.97803 1.97562 1.97371 2.33830 2.64279 2.52190 2.49546 2.47192 2.44837 2.37142 2.18295 2.16246 2.16246 2.23826 2.29865 2.45392 2.47728 2.56481 2.68955 2.88603 3.19361 3.24555 3.22723 3.20878 3.19087 2.91213 2.65559 2.76146 2.90549 2.95072 2.94616 2.80354 2.59886 2.62944 2.78486 2.77252 2.74069 2.75895 2.78018 2.78674 2.78605 2.78537 2.78475 2.78465 2.78465 2.78465 3.22080 3.77807 3.74861 3.71820 3.95324 4.51736 4.95249 4.98724 4.96943 4.90262 4.78954 4.70548 4.64515 4.64508 4.67217 4.69656 4.70069
1.81077 1.79360 1.87444 1.96718 1.94212 1.91600 1.95526 2.57255 2.43063 2.39520 2.39520 2.40003 2.43039 2.27165 2.26400 2.33718 2.44618 2.54534 2.82689 2.94922 2.97104 2.95573 2.96080 3.18562 3.18681 3.20262 3.23515 3.27131 3.20571 2.81031 2.81086 3.01060 3.05245 3.07547 3.02189 2.88345 2.69890 2.82400 2.87317 2.78496 2.78465 2.78465 2.78465 2.78465 2.78662 2.79121 2.76829 2.73783 2.70734 2.77935 3.73202 3.81670 3.86849 3.96461 4.28248 4.47943 4.72716 4.68646 4.66961 4.69501 4.70069 4.70069 4.70069 4.70069 4.70069 4.70069
1.80617 1.71263 1.72370 1.83796 1.83685 1.84613 1.88478 2.41081 2.61230 2.54925 2.60458 2.70324 2.77664 2.71974 2.69345 2.73711 2.75951 2.74093 2.82109 2.94711 2.95786 2.97377 3.00525 3.26984 3.33484 3.33927 3.32743 3.31185 3.29541 2.94734 2.82809 3.05582 3.20776 3.26101 3.30012 3.10052 2.81988 2.67567 2.69784 2.63756 2.60078 2.59681 2.57102 2.53308 2.49367 2.45744 2.51568 2.66250 2.81788 2.98070 3.38362 3.48511 3.50567 3.48991 3.71061 3.91069 4.55486 4.70069 4.70069 4.70069 4.70069 4.70069 4.70069 4.70069 4.70069 4.70069
1.84485 1.75628 1.79609 1.99288 2.03249 2.05699 2.09958 2.32367 2.93345 2.84577 2.89581 2.92835 2.95820 2.89792 2.69230 2.64378 2.63902 2.62537 2.64767 2.84292 2.85198 2.85628 2.84624 2.98024 3.10591 3.16906 3.23224 3.29543 3.35866 3.23133 2.90098 2.97402 3.14264 3.13631 3.13334 2.99978 2.80751 2.60143 2.60138 2.59340 2.45513 2.45027 2.57841 2.73827 2.90733 3.07887 3.16548 3.14380 3.11516 3.08822 3.17046 3.38083 3.46813 3.49091 3.61309 3.82484 4.36709 4.70069 4.70069 4.70069 4.70069 4.70069 4.70045 4.69905 4.69749 4.69634
2.04811 1.93390 1.98265 2.06860 2.14975 2.20425 2.21767 2.22417 2.77389 2.85124 2.86553 2.86133 2.85712 2.85032 2.67728 2.59717 2.61533 2.62575 2.62551 2.85611 2.95965 3.01704 3.07446 3.23197 3.39266 3.39266 3.39266 3.39261 3.39056 3.35898 2.97404 2.89054 3.11241 3.12097 3.12274 3.07687 2.92372 2.77157 2.87874 2.99334 3.02262 3.15505 3.17004 3.15215 3.12305 3.09504 3.06894 3.06298 3.06298 3.06298 3.07843 3.37136 3.42492 3.49091 3.52168 3.79415 4.11935 4.69778 4.69622 4.69466 4.73545 4.85070 4.96739 5.08560 5.23449 5.40790
2.42803 2.31655 2.18761 2.15232 2.12118 2.17987 2.19233 2.18910 2.44185 2.86550 2.85295 2.87663 2.89644 2.93054 2.85276 2.71880 2.73440 2.76281 2.76425 2.97765 3.14197 3.14443 3.14646 3.19616 3.38632 3.38329 3.38026 3.37729 3.37630 3.37669 3.13902 2.88054 3.11631 3.34040 3.52142 3.71116 3.71912 3.51761 3.34551 3.34043 3.22723 3.10118 3.07342 3.06298 3.06298 3.06298 3.06298 3.06298 3.06298 3.07038 3.08526 3.32596 3.43990 3.55548 3.58002 3.75047 3.94426 5.03969 5.17934 5.29749 5.39307 5.44943 5.50509 5.56065 5.58637 5.59673
2.50369 2.30142 2.15126 2.15506 2.16400 2.20716 2.25963 2.22501 2.24286 2.80851 3.05866 3.12482 3.15825 3.17747 3.11649 2.91917 2.87374 2.88397 2.87640 2.94093 3.23424 3.23255 3.23027 3.23359 3.37176 3.37630 3.37630 3.36223 3.31054 3.25823 3.25498 3.56849 3.79501 4.06854 4.07425 4.07793 3.92448 3.69658 3.40119 3.39233 3.33541 3.07904 3.06579 3.08453 3.14466 3.21305 3.28161 3.35025 3.41878 3.49397 3.57086 3.60827 3.57517 3.66598 3.72844 3.80242 3.95960 5.05671 5.49346 5.55734 5.60611 5.61972 5.63267 5.64561 5.58410 5.50071
2.70005 2.38584 2.23206 2.19943 2.18957 2.17734 2.24201 2.26283 2.27317 2.63364 3.08916 3.19253 3.20594 3.22549 3.23868 3.04022 2.96461 2.97455 2.95669 2.86323 3.16415 3.23739 3.25282 3.21519 3.27325 3.25394 3.21426 3.23928 3.30714 3.37579 3.44735 3.91738 3.93441 4.08853 4.11296 4.13111 4.11503 3.94979 3.65458 3.66278 3.71964 3.58775 3.53532 3.59069 3.62132 3.64452 3.66772 3.69092 3.71397 3.72318 3.72318 3.71581 3.62988 3.70009 3.86351 3.95846 4.18396 4.79547 5.65552 5.60054 5.45895 5.35014 5.30929 5.27199 5.31716 5.38251
2.82687 2.48666 2.30516 2.17135 2.17691 2.17929 2.23497 2.29110 2.31062 2.45776 3.02289 3.27085 3.29495 3.29495 3.29507 3.16700 3.02191 3.03498 3.02886 2.86698 2.97360 3.10915 3.08883 3.14123 3.28168 3.41687 3.47294 3.47826 3.48481 3.50279 3.54840 3.84477 4.17438 4.12970 4.46917 4.55143 4.55670 4.34808 4.09829 3.95374 3.98752 3.93116 3.70978 3.72209 3.72318 3.72318 3.72318 3.72530 3.74968 3.81249 3.89069 3.96888 3.96998 3.91265 3.88000 3.70455 3.64244 3.97484 5.11172 5.18086 5.29803 5.38601 5.39536 5.39818 5.39818 5.39818
2.77605 2.57338 2.36807 2.21197 2.23123 2.25368 2.28593 2.37513 2.37641 2.39772 2.88970 3.28341 3.39035 3.40557 3.36291 3.22281 2.95325 2.86595 2.89004 2.88673 2.92336 3.30303 3.34698 3.38089 3.47187 3.64090 3.69685 3.75424 3.80616 3.84661 3.85571 3.91985 4.44365 4.33229 4.45750 4.62873 4.64099 4.52965 4.34462 4.10459 4.22069 4.21968 4.02027 3.97067 4.01818 4.09238 4.19393 4.29391 4.36512 4.29314 4.07940 3.86431 3.62196 3.44679 3.44936 3.59424 3.73645 4.11943 5.00878 5.39818 5.39818 5.39818 5.39818 5.39818 5.39818 5.39818
