results/OMI_NO2_201009.asc
ncols      200
nrows      200
xllcorner       120.258
yllcorner       41.1236
cellsize     0.0166667
NODATA_Value      -999.000
[rows 29 to 57 of 164, columns 0 to 65 of 200]
0.897663 0.897663 0.897663 0.897663 0.897663 0.897663 0.897206 0.885547 0.869057 0.852472 0.828573 0.810293 0.795228 0.826152 0.887511 0.955078 1.01914 1.06159 1.12246 1.06514 0.996560 1.03541 1.09005 1.04947 1.01502 1.10517 0.953430 0.915768 0.915768 0.915768 0.924514 0.942844 0.959926 0.975848 0.990741 1.01278 1.05310 1.09419 1.07074 1.07365 1.10478 1.10572 1.10572 1.10572 1.11073 1.14436 1.13585 1.12462 1.13272 1.11407 1.13240 1.18740 1.24249 1.21389 0.952857 0.956886 0.975181 0.964383 0.848694 0.675046 0.549388 0.549388 0.549388 0.549388 0.559487 0.624921
0.889344 0.897663 0.897663 0.892473 0.876352 0.856734 0.824206 0.802826 0.799341 0.842736 0.907257 0.974118 1.03601 1.06229 1.06264 1.06264 1.06264 1.06202 1.08926 1.08544 1.00291 0.961689 1.00927 1.00416 1.00444 1.05027 1.07986 0.964052 0.979702 0.994350 1.00196 1.00551 1.03955 1.08054 1.12157 1.15124 1.15258 1.15258 1.11977 1.07101 1.09050 1.11363 1.13206 1.14934 1.15740 1.13739 1.07460 1.11459 1.19545 1.29795 1.34499 1.36035 1.37562 1.38096 1.13703 1.02253 1.02253 1.01994 0.850140 0.781972 0.553165 0.609423 0.683250 0.757020 0.820776 0.829996
0.823906 0.867151 0.850657 0.798370 0.814648 0.860660 0.927424 0.992600 1.04549 1.06183 1.06264 1.06264 1.06264 1.06264 1.05928 1.05213 1.04498 1.03845 1.03917 1.10797 1.01553 0.988946 1.02311 1.05591 1.06221 1.06558 1.16218 1.01028 1.02586 1.06695 1.10801 1.14555 1.15258 1.15258 1.15258 1.15103 1.12627 1.13663 1.15021 1.09272 1.11591 1.14154 1.13920 1.17969 1.23967 1.29997 1.30661 1.29531 1.31998 1.37339 1.39322 1.39322 1.39322 1.39322 1.29827 1.03091 1.02292 1.06709 1.03940 1.02250 0.887956 0.904086 0.962787 1.02142 1.08012 1.13787
0.700638 0.837860 0.858666 0.832224 1.01189 1.06127 1.06264 1.06264 1.06264 1.06264 1.06165 1.05532 1.04816 1.04102 1.03542 1.02235 1.00735 0.992356 0.977350 1.01881 0.987746 1.01536 1.02936 1.07106 1.07527 1.10938 1.19807 1.21001 1.15258 1.15258 1.15258 1.13581 1.10096 1.11269 1.12933 1.14406 1.17911 1.17551 1.14289 1.14000 1.21330 1.29944 1.36125 1.37781 1.37781 1.37781 1.36495 1.30492 1.30764 1.34981 1.39322 1.39322 1.39322 1.39055 1.36885 1.21184 1.29322 1.33494 1.31846 1.16746 1.16814 1.15799 1.15799 1.15799 1.16312 1.20019
0.751934 0.898495 0.929654 0.911639 0.938468 1.06264 1.06261 1.05850 1.05135 1.04175 1.02195 1.00614 0.991152 0.976131 0.962962 0.961019 0.961019 0.961019 0.961019 0.975605 1.03365 1.00586 1.06834 1.11840 1.19197 1.19451 1.19993 1.25488 1.07579 1.08846 1.10359 1.13298 1.16633 1.13707 1.10459 1.08351 1.09720 1.11938 1.16388 1.22798 1.34806 1.36283 1.37781 1.37781 1.37781 1.37781 1.37781 1.32439 1.30473 1.32713 1.38702 1.39892 1.40110 1.40597 1.41574 1.34477 1.36618 1.36794 1.36794 1.22109 1.18413 1.20835 1.24884 1.28340 1.30722 1.26149
0.781716 0.845286 0.929654 0.927648 0.858495 1.01659 1.00795 0.989940 0.974935 0.962390 0.961019 0.961019 0.961019 0.961019 0.961019 0.961019 0.961019 0.967801 0.986439 1.00686 1.11601 1.05822 1.10710 1.10780 1.18164 1.23519 1.27049 1.27803 1.15762 1.09769 1.06739 1.03935 1.05434 1.10107 1.14829 1.18670 1.19025 1.19025 1.19025 1.19068 1.32438 1.35157 1.37753 1.37783 1.38259 1.39115 1.39536 1.37615 1.32604 1.33493 1.38342 1.41896 1.41896 1.41896 1.41896 1.39955 1.34833 1.42474 1.46048 1.42086 1.32514 1.27143 1.21167 1.16860 1.13339 1.12734
0.754489 0.768386 0.832919 0.805836 0.765568 0.862073 0.961019 0.961019 0.961019 0.961019 0.961019 0.961019 0.961019 0.962652 0.977941 0.997595 1.01907 1.03301 1.02969 1.02531 1.06742 1.11939 1.13811 1.17769 1.20526 1.21376 1.18466 1.16780 1.12182 1.08548 1.13269 1.17796 1.19025 1.19025 1.19025 1.19025 1.19025 1.19025 1.18941 1.17922 1.23995 1.31148 1.37547 1.41178 1.40889 1.40222 1.39988 1.39950 1.33842 1.32685 1.35718 1.41626 1.43746 1.46866 1.49685 1.52502 1.47694 1.47385 1.41476 1.35442 1.16140 1.13824 1.12682 1.12288 1.11833 1.11378
0.679651 0.737947 0.769045 0.787388 0.786263 0.765921 0.958828 0.961019 0.961019 0.961019 0.969751 0.988691 1.00933 1.02822 1.02769 1.02331 1.01804 1.03956 1.07062 1.10258 1.13054 1.01471 1.02565 1.08567 1.08593 1.20344 1.27137 1.31859 1.32331 1.20171 1.19025 1.19025 1.19025 1.18779 1.17596 1.16317 1.15040 1.13762 1.12479 1.11625 1.12466 1.25788 1.30412 1.39988 1.39988 1.39988 1.39988 1.39917 1.36876 1.42999 1.47787 1.49599 1.53550 1.52741 1.50742 1.48650 1.41943 1.27325 1.28889 1.27981 1.18064 1.12123 1.10436 1.10188 1.10188 1.10188
0.647093 0.730389 0.748445 0.787365 0.787388 0.754871 0.897830 0.980110 0.999810 1.01831 1.02569 1.02266 1.02431 1.04883 1.08072 1.11267 1.14552 1.15187 1.15187 1.15187 1.15173 1.05515 0.982081 1.03900 1.04228 1.18954 1.34547 1.34466 1.33218 1.23512 1.15991 1.14712 1.13435 1.12402 1.12298 1.11846 1.11171 1.10494 1.09908 1.09827 1.09827 1.20754 1.25973 1.39026 1.39996 1.39012 1.38175 1.39271 1.44295 1.72977 1.74715 1.53065 1.46404 1.43913 1.42907 1.42000 1.41093 1.25092 1.25294 1.25294 1.22057 1.11668 1.10930 1.10172 1.07513 1.02932
0.645298 0.699227 0.738032 0.787498 0.813299 0.824525 0.839782 1.03446 1.03418 1.05883 1.09079 1.12140 1.14731 1.15187 1.15187 1.15187 1.15187 1.14875 1.13680 1.12431 1.11195 1.08087 0.950989 0.993790 1.01692 1.01944 1.28176 1.28549 1.27733 1.24104 1.12499 1.12061 1.11393 1.10716 1.10052 1.09827 1.09827 1.09827 1.09827 1.11157 1.10704 1.13940 1.25608 1.35811 1.44914 1.47556 1.48502 1.45960 1.42957 1.55478 1.68146 1.53579 1.41722 1.40620 1.40620 1.40620 1.40620 1.34169 1.23340 1.25294 1.23511 1.07373 1.00617 0.947496 0.926299 0.924009
0.659862 0.692132 0.839812 0.902364 0.945601 1.00783 0.972547 1.09533 1.14572 1.15187 1.15187 1.15187 1.15187 1.15144 1.14233 1.12984 1.11735 1.10797 1.10712 1.10665 1.10618 1.10571 0.982716 0.957572 0.962942 0.962896 1.12715 1.27662 1.27054 1.25216 1.14412 1.09834 1.09827 1.09827 1.10352 1.13036 1.12484 1.11016 1.11338 1.10312 1.11379 1.15478 1.30596 1.31475 1.42328 1.39337 1.37803 1.37795 1.37795 1.40881 1.66551 1.62722 1.43707 1.40620 1.40620 1.40620 1.40501 1.39835 1.19951 1.08734 1.04335 0.962528 0.875533 0.901408 0.915473 0.915473
0.706469 0.767469 1.05362 1.16384 1.16756 1.17682 1.13536 1.06969 1.15187 1.15187 1.14766 1.13538 1.12286 1.11048 1.10662 1.10615 1.10568 1.10521 1.10505 1.10505 1.10505 1.10505 1.04473 0.949689 0.944896 0.915745 0.911974 1.19134 1.25267 1.25068 1.21710 1.14977 1.14408 1.14284 1.14278 1.11933 1.14510 1.18449 1.20351 1.20415 1.19965 1.18045 1.19021 1.21017 1.34211 1.37795 1.37795 1.37795 1.37795 1.37795 1.56726 1.67164 1.49637 1.39285 1.36656 1.34411 1.32286 1.30670 1.21551 1.00576 0.994687 0.980039 0.860031 0.873836 0.871193 0.827137
1.03141 1.06159 1.13491 1.24071 1.19917 1.17682 1.17549 1.02889 1.12019 1.11507 1.10631 1.10564 1.10519 1.10505 1.10505 1.10505 1.10505 1.10505 1.10505 1.10505 1.09686 1.06291 1.02361 0.869230 0.862797 0.866043 0.866204 1.02668 1.20266 1.14118 1.15626 1.14507 1.18273 1.21012 1.23067 1.23604 1.21381 1.18865 1.16544 1.16073 1.16073 1.16073 1.16933 1.21006 1.27723 1.37795 1.37795 1.37409 1.35919 1.34061 1.37854 1.58940 1.48839 1.32638 1.29634 1.29634 1.29634 1.29634 1.29336 1.05889 0.942196 0.930224 0.851154 0.837447 0.960418 1.05577
1.06159 1.06159 1.06623 1.21715 1.19199 1.12918 1.11106 1.04188 1.04166 1.10505 1.10505 1.10505 1.10505 1.10505 1.10505 1.10505 1.10415 1.07842 1.04403 1.01249 0.989530 0.987960 0.988132 0.906068 0.824886 0.746475 0.680552 0.646374 0.956998 1.02725 1.06330 1.20636 1.22202 1.19687 1.17180 1.16073 1.16073 1.16073 1.16073 1.16073 1.16073 1.16073 1.17857 1.24455 1.28990 1.32267 1.29808 1.27951 1.27196 1.26810 1.26809 1.49298 1.55556 1.36581 1.29665 1.28122 1.25578 1.27263 1.29106 1.22024 1.09439 1.14563 1.12952 1.06828 1.11788 1.14124
1.02443 0.986952 0.949512 1.06659 1.15185 1.11425 1.10660 1.10231 0.984288 1.10414 1.10505 1.10505 1.10505 1.09363 1.05879 1.02604 0.996651 0.988039 0.988211 0.983960 0.953867 0.917142 0.880346 0.822541 0.720416 0.609196 0.585269 0.586305 0.794149 0.994405 0.975466 1.06521 1.15735 1.16073 1.16073 1.16073 1.16199 1.18680 1.22044 1.25414 1.28779 1.32116 1.33093 1.33207 1.33830 1.29246 1.26809 1.26809 1.26809 1.26809 1.26809 1.36661 1.44278 1.35264 1.34874 1.36521 1.40893 1.40945 1.40838 1.40174 1.26138 1.18850 1.15605 1.12387 1.15697 1.21640
0.928306 0.928306 0.928306 0.968646 1.15070 1.13106 1.10660 1.10660 1.01675 1.06213 1.07413 1.04010 1.00897 0.988822 0.988110 0.975561 0.944443 0.907663 0.870888 0.838490 0.831982 0.831982 0.831982 0.831972 0.754901 0.698006 0.624819 0.642679 0.676808 0.909959 0.959450 1.00811 1.16663 1.22868 1.26234 1.29603 1.32842 1.33732 1.33362 1.32539 1.31719 1.30928 1.30713 1.30839 1.33102 1.31657 1.26790 1.26397 1.26427 1.26494 1.28560 1.30261 1.26856 1.32634 1.53741 1.39219 1.36250 1.33359 1.30489 1.27615 1.19173 1.06909 1.06445 1.12240 1.16533 1.21267
0.928306 0.928306 0.928306 0.928306 1.10619 1.14912 1.08553 1.03319 0.974324 0.891401 0.983203 0.964970 0.934976 0.898185 0.861571 0.837491 0.831982 0.831982 0.831982 0.831982 0.834651 0.854907 0.880084 0.907551 0.881384 0.806030 0.670884 0.689130 0.722804 0.893147 1.07842 1.10811 1.26614 1.33721 1.33573 1.32811 1.31988 1.31166 1.30714 1.30713 1.30713 1.30713 1.29374 1.27127 1.28983 1.30825 1.29071 1.31739 1.34870 1.37677 1.36633 1.34082 1.28394 1.22044 1.39077 1.27551 1.25059 1.25059 1.25059 1.25059 1.24268 1.10252 1.06445 1.08856 1.18886 1.23488
0.928306 0.928306 0.919013 0.852077 0.880432 0.959187 0.954873 1.00082 1.03082 0.973966 0.871572 0.838698 0.831982 0.831982 0.831982 0.831982 0.832006 0.844358 0.868603 0.895009 0.920306 0.927236 0.935783 0.944465 0.947246 0.860281 0.818481 0.823209 0.823209 0.855604 1.06500 1.10117 1.17386 1.29741 1.30772 1.30713 1.30713 1.30447 1.26406 1.24283 1.24657 1.27746 1.32500 1.38041 1.41777 1.41081 1.36040 1.30593 1.28039 1.25781 1.25428 1.25428 1.25011 1.18793 1.26829 1.36417 1.25059 1.25059 1.25059 1.24947 1.23693 1.15114 1.12282 1.14237 1.22684 1.24953
0.815265 0.762904 0.792295 0.874144 0.939684 1.07299 1.08011 1.04580 1.03640 1.00977 0.887817 0.831982 0.831982 0.836012 0.857578 0.882985 0.914213 0.936470 0.945135 0.953822 0.962483 0.968165 0.968284 0.968284 0.968284 0.905971 0.851997 0.829857 0.877405 0.917236 1.04838 1.08145 1.09963 1.23776 1.23362 1.21574 1.23584 1.27616 1.34674 1.40422 1.43905 1.44724 1.44762 1.44763 1.44721 1.33280 1.30356 1.25504 1.25428 1.25428 1.25428 1.25428 1.25428 1.21443 1.18751 1.40907 1.24596 1.22780 1.21322 1.19974 1.19772 1.18552 1.12068 1.14697 1.19101 1.24782
0.961364 0.995906 0.985393 0.955607 0.939033 1.00369 1.04951 1.03865 1.03640 1.03681 0.962023 0.880272 0.910488 0.943325 0.954492 0.963174 0.968254 0.968284 0.968284 0.968284 0.968284 0.968284 0.968284 0.971242 0.998921 1.01233 0.980071 0.970188 0.965031 0.963603 0.996438 1.11178 1.17891 1.22767 1.36467 1.42814 1.44749 1.44848 1.44908 1.44852 1.44760 1.44669 1.44636 1.44636 1.44636 1.38546 1.30921 1.27053 1.25428 1.25428 1.25432 1.25497 1.25230 1.23051 1.15857 1.27984 1.27535 1.19873 1.19873 1.19873 1.19873 1.19873 1.13432 1.16630 1.19253 1.28464
0.938105 0.938986 0.938986 0.938986 0.938986 0.957662 1.06019 1.10054 1.14889 1.20649 1.16973 1.01573 0.968284 0.968284 0.968284 0.968284 0.968284 0.968284 0.968284 0.968284 0.984396 1.01759 1.05080 1.08104 1.08606 1.08437 1.01519 0.991467 1.10078 1.20106 1.29329 1.38749 1.39945 1.39192 1.41013 1.44881 1.44790 1.44698 1.44637 1.44636 1.44636 1.44636 1.44636 1.44636 1.44636 1.43286 1.30046 1.27557 1.25596 1.24586 1.23332 1.22018 1.21033 1.20983 1.16144 1.16594 1.35855 1.19873 1.20225 1.22036 1.22405 1.22500 1.21380 1.20589 1.28638 1.41693
0.920739 0.938986 0.940625 0.976560 1.03261 1.09842 1.22188 1.24218 1.24090 1.24085 1.23475 1.07451 0.968569 0.968284 0.968284 0.968284 0.973253 1.00306 1.03628 1.06941 1.08540 1.08393 1.08491 1.09779 1.10974 1.12267 1.11961 1.12378 1.29364 1.35848 1.35794 1.34838 1.40192 1.39922 1.37925 1.44500 1.44636 1.44636 1.44636 1.44636 1.44208 1.43185 1.42158 1.41131 1.40100 1.38538 1.27912 1.22102 1.21194 1.20983 1.20983 1.20983 1.20983 1.20983 1.18479 1.19004 1.37614 1.24904 1.26393 1.31619 1.38084 1.44502 1.49874 1.45099 1.48687 1.53331
0.975539 1.06775 1.13742 1.15915 1.15915 1.15915 1.19328 1.24227 1.24133 1.24085 1.24085 1.15046 0.998226 0.988559 1.02175 1.05452 1.08133 1.08325 1.09410 1.11565 1.12824 1.14120 1.15171 1.15031 1.15038 1.15038 1.14879 1.12341 1.14641 1.25027 1.20790 1.19361 1.36386 1.39860 1.38352 1.41349 1.42926 1.41899 1.40873 1.39847 1.39248 1.38873 1.37581 1.36246 1.34915 1.34340 1.30391 1.20625 1.20822 1.20983 1.20963 1.20188 1.19276 1.16359 1.11237 1.25323 1.24802 1.34589 1.51094 1.53903 1.56591 1.59172 1.61753 1.61934 1.59102 1.60775
1.18310 1.16423 1.15915 1.15915 1.15915 1.15915 1.16208 1.23724 1.24191 1.24988 1.28749 1.29864 1.15149 1.08548 1.11002 1.13375 1.14677 1.15975 1.16038 1.15038 1.15038 1.15038 1.15038 1.14890 1.11777 1.07805 1.04163 1.00623 1.00272 1.16515 1.18357 1.17330 1.23612 1.35956 1.34571 1.33414 1.39244 1.39127 1.38016 1.36682 1.35346 1.34384 1.34340 1.34340 1.34340 1.34725 1.36632 1.23536 1.20553 1.15432 1.09040 1.03605 0.983650 0.973027 1.00692 1.12736 1.30045 1.35727 1.63977 1.64951 1.64951 1.64951 1.64951 1.64951 1.58726 1.60755
1.18310 1.17483 1.15915 1.15915 1.15915 1.16100 1.20745 1.29835 1.35657 1.35509 1.32513 1.29499 1.15217 1.16121 1.16231 1.15048 1.15038 1.15038 1.15038 1.15038 1.13572 1.09513 1.05731 1.02368 1.01565 1.02280 1.03094 1.03483 1.03294 1.07524 1.13905 1.13905 1.14163 1.31911 1.33677 1.30334 1.34496 1.34565 1.34340 1.34340 1.34344 1.36595 1.39274 1.39036 1.35710 1.29537 1.21365 1.07959 0.984203 1.01346 1.04867 1.08298 1.11635 1.12826 1.12826 1.13511 1.33538 1.35475 1.54401 1.64951 1.64951 1.64951 1.64979 1.67028 1.67265 1.64531
1.29505 1.18306 1.18403 1.23629 1.28674 1.31142 1.28106 1.24881 1.25306 1.20901 1.19029 1.17707 1.13793 1.08688 1.15038 1.15038 1.14724 1.11288 1.07359 1.03898 1.02400 1.03161 1.03976 1.04789 1.05500 1.05599 1.05599 1.05579 1.04321 1.04270 1.13170 1.15826 1.17485 1.27388 1.30952 1.28868 1.30607 1.39205 1.41841 1.40426 1.35151 1.26777 1.16891 1.07861 1.01933 0.983762 0.950532 0.950505 1.12202 1.12575 1.12826 1.12826 1.12826 1.12826 1.12826 1.12826 1.24340 1.35483 1.42408 1.66108 1.69810 1.73628 1.77414 1.79182 1.79646 1.70958
1.54747 1.33322 1.29807 1.22638 1.16229 1.11339 1.08363 1.06188 1.14401 1.16593 1.17636 1.17672 1.17624 1.04594 1.08926 1.06302 1.03879 1.04042 1.04855 1.05530 1.05599 1.05599 1.05599 1.05599 1.05599 1.05599 1.05639 1.06793 1.07711 1.08683 1.14342 1.19821 1.20027 1.20948 1.32854 1.22048 1.25088 1.21214 1.09035 1.01248 0.972818 0.936151 0.914443 0.917856 0.922069 0.924472 0.924484 0.924484 1.07437 1.12432 1.12809 1.12826 1.12826 1.12826 1.13121 1.14183 1.20315 1.44689 1.48395 1.74617 1.79902 1.79902 1.79902 1.79902 1.79902 1.76084
1.31995 1.21296 1.19750 1.07500 1.06082 1.06082 1.06082 1.06082 1.10432 1.16027 1.13741 1.11281 1.08366 1.01888 1.01760 1.05599 1.05599 1.05599 1.05599 1.05599 1.05599 1.05599 1.05599 1.06105 1.07725 1.09385 1.11006 1.11570 1.11683 1.10786 1.10907 1.10889 1.00768 0.899177 0.902622 0.876617 0.862641 0.904093 0.912290 0.916492 0.920690 0.924143 0.924484 0.924484 0.924484 0.924484 0.924484 0.924484 0.998436 1.13008 1.13893 1.14654 1.17764 1.22215 1.26374 1.29762 1.30268 1.44679 1.52349 1.62728 1.79902 1.79989 1.81335 1.84068 1.87412 1.90549
1.30168 1.25777 1.19926 1.12682 1.06369 1.07598 1.05798 1.02173 0.995445 1.05101 1.05835 1.07856 1.07856 1.07210 0.981206 1.05599 1.05599 1.05599 1.05599 1.05696 1.06998 1.08659 1.10318 1.11655 1.12028 1.12318 1.10330 1.04558 0.979507 0.913028 0.859526 0.768316 0.722800 0.722800 0.731497 0.868575 0.831715 0.907056 0.924474 0.924484 0.924484 0.924484 0.924484 0.925786 0.932257 0.939258 0.946248 0.953253 0.981642 1.20144 1.25100 1.28925 1.30268 1.30268 1.30268 1.30268 1.30268 1.35336 1.52881 1.55109 1.87535 1.89224 1.84150 1.76537 1.67671 1.58978
