results/OMI_NO2_201010.asc
ncols      200
nrows      200
xllcorner       120.258
yllcorner       41.1236
cellsize     0.0166667
NODATA_Value      -999.000
[rows 112 to 139 of 166, columns 0 to 61 of 200]
20.3962 23.2549 26.5336 26.6717 26.6743 26.4271 25.1989 0.00000 0.00000 0.787466 0.797229 1.02184 1.08621 1.13749 1.18929 1.21582 1.21598 1.21598 1.21598 1.21598 1.21598 1.26287 1.29604 1.29981 1.36052 1.44043 1.52031 1.59958 1.63012 1.63021 1.79706 2.14361 2.36124 2.62903 2.59115 2.90977 3.22662 3.22662 3.22662 3.22662 3.22662 3.22662 3.22662 3.21516 3.13871 3.05222 2.96558 2.88067 2.85222 2.92411 2.95040 2.77538 2.74469 2.63065 2.51182 2.39439 2.35423 2.35793 2.35582 2.37776 2.45951 2.52323
20.1115 21.2634 24.9313 23.3245 21.3668 19.4844 19.3202 0.00000 0.00000 0.787466 0.787466 1.07684 1.21213 1.21213 1.21213 1.21483 1.21598 1.21598 1.21598 1.22876 1.32146 1.43136 1.53483 1.61098 1.63473 1.65329 1.67453 1.69834 1.75503 1.83811 2.07183 2.79981 2.81053 2.81053 2.69858 2.67897 3.21438 3.22662 3.22662 3.19603 3.11048 3.02399 2.93739 2.86236 2.85222 2.85222 2.85222 2.85222 2.85222 2.85315 2.84254 2.46788 2.37770 2.52188 2.69180 2.86180 3.02886 2.99319 2.54820 2.42269 2.32657 2.25285
14.5588 14.1565 17.9426 19.3202 19.3202 19.3202 19.3202 0.00000 0.00000 0.00000 0.787466 0.875201 1.20926 1.21213 1.21213 1.24550 1.34079 1.44734 1.55480 1.66925 1.71449 1.74951 1.73546 1.74129 1.78736 1.84232 1.89596 1.94923 1.96970 1.96970 1.96970 2.65309 2.81053 2.81053 2.77686 2.69796 3.01428 2.99580 2.90920 2.85330 2.85222 2.85222 2.85222 2.85222 2.85222 2.85222 2.85222 2.85222 2.92445 3.13355 3.21560 3.02972 3.06477 3.08558 3.05027 2.98947 2.92931 2.88443 2.46208 2.35282 2.33183 2.35872
16.0852 14.4451 15.9311 19.3202 19.3202 19.3202 19.2951 0.00000 0.00000 0.00000 0.787466 0.904004 1.38996 1.54230 1.56679 1.55529 1.70464 1.81779 1.86700 1.88029 1.89428 1.94684 1.96575 1.93908 1.96958 1.96970 1.96970 1.96970 1.96970 1.96970 1.97737 2.46691 3.03567 3.16052 3.28448 3.18656 3.06817 2.85222 2.85222 2.85222 2.85222 2.85222 2.85222 2.85451 2.98963 3.20212 3.41443 3.62683 3.76691 3.77012 3.77820 3.33843 2.95140 2.91254 2.90876 2.93053 2.95166 2.95794 2.76770 2.43739 2.37630 2.36872
17.1636 15.6098 14.0697 18.8087 18.6284 18.2171 17.7290 0.0864320 0.0864320 0.0864320 0.0864320 1.16774 1.23120 1.28345 1.28234 1.28234 1.54095 1.93085 1.97854 2.01691 2.04209 2.04383 2.04383 1.98785 1.96970 1.96970 1.98970 2.13450 2.30090 2.46743 2.62616 2.70678 3.30772 3.33314 3.33314 3.26418 3.14231 2.89708 2.85222 2.87553 3.05801 3.27050 3.48272 3.69283 3.77012 3.77012 3.78060 3.79374 3.79777 3.80195 3.78756 3.52756 2.97029 2.95794 2.95794 2.95794 2.95794 2.95794 2.93304 2.46218 2.37491 2.35503
16.2854 15.1854 10.6936 14.6136 17.6534 17.6534 17.6534 0.0864320 0.0864320 0.0864320 0.0864320 0.636558 1.10653 1.31770 1.41510 1.48534 1.60543 2.04350 2.04383 2.04383 2.04383 2.04383 2.08187 2.21617 2.33197 2.49840 2.64484 2.66651 2.66651 2.66651 2.66651 2.66651 3.11776 3.33314 3.33314 3.36881 3.41867 3.50159 3.55111 3.74020 3.77012 3.76957 3.75204 3.75239 3.75648 3.76065 3.75420 3.74526 3.74526 3.74526 3.74526 3.71955 3.13495 2.95794 2.95794 2.94754 2.90342 2.85678 2.81013 2.44823 2.20313 2.33420
15.8892 15.8826 11.7466 12.2152 17.6534 17.6534 17.6534 0.0864320 0.0864320 0.239072 0.656609 0.969213 1.47275 1.54113 1.55448 1.55448 1.55448 1.92235 2.10577 2.27064 2.43710 2.60357 2.73192 2.73983 2.67634 2.66651 2.66651 2.66651 2.66651 2.66651 2.66651 2.75169 3.11106 3.68458 3.82833 3.93056 4.00363 4.01954 3.72552 3.71104 3.71515 3.71983 3.74143 3.74526 3.74526 3.74526 3.74526 3.74526 3.74526 3.74526 3.74526 3.71645 3.36735 2.84212 2.79487 2.75866 2.75610 2.75610 2.75610 2.79539 2.67809 3.10729
16.5232 17.0603 15.7441 13.3513 17.1193 17.6534 17.6534 0.867470 1.09502 1.22293 1.22867 1.22867 1.41894 1.52941 1.62006 1.74789 1.87274 2.23379 2.73910 2.74063 2.74063 2.74063 2.74063 2.74063 2.70807 2.66651 2.66795 2.78650 2.97828 3.17006 3.36176 3.46828 3.46954 3.79432 3.69207 3.57450 3.81489 3.99018 3.84682 3.74526 3.74526 3.74526 3.74526 3.74526 3.74526 3.74526 3.74226 3.69738 3.63899 3.58079 3.52236 3.49296 3.45129 2.86996 2.75610 2.80116 3.03891 3.29818 3.55781 3.68333 3.35472 3.17568
19.2118 19.3615 18.8851 12.5526 12.5155 0.00000 0.00000 1.22867 1.22867 1.22867 1.22867 1.22867 1.28452 1.52541 1.90008 2.07708 2.07708 2.12457 2.72795 2.74063 2.74063 2.74063 2.74978 2.89560 3.08338 3.20908 3.39529 3.45889 3.34805 3.22286 3.11028 3.02907 2.97735 3.12788 3.31886 3.32995 3.65474 4.00205 3.97395 3.74526 3.74526 3.74526 3.73303 3.67830 3.62000 3.56169 3.50636 3.49296 3.49296 3.49296 3.49296 3.49296 3.49296 3.40533 3.44691 3.65837 3.63047 3.56505 3.49963 3.43413 3.15569 2.88843
19.3099 19.3979 19.3979 15.0383 12.5155 0.00000 0.00000 1.22867 1.22867 1.22867 1.22867 1.22867 1.22867 1.46314 1.66391 2.07704 2.07708 2.07708 2.53332 2.93073 3.12235 3.31413 3.43022 3.33997 3.21882 3.07528 2.95255 2.88289 2.90518 2.94529 2.98546 3.00670 3.00671 3.04432 3.32572 3.32995 3.45631 3.95034 4.02921 3.73215 3.60097 3.54262 3.49657 3.49296 3.49296 3.49296 3.49296 3.49296 3.49296 3.49296 3.49296 3.47670 3.40044 3.44027 3.53487 3.41614 3.40053 3.47505 3.64127 3.80782 3.94066 3.47846
17.1974 19.3563 19.3315 17.5252 12.5155 12.5155 0.00000 1.22867 1.22867 1.22867 1.22867 1.22867 1.22867 1.34370 1.57060 2.16191 2.38973 2.53404 2.85758 3.15256 3.04973 2.95633 2.90967 2.89092 2.76206 2.63646 2.97092 3.00567 3.00671 3.00671 3.00671 3.00671 3.00671 3.00659 3.23816 3.30865 3.29969 3.77881 3.95439 3.77810 3.49296 3.49296 3.49296 3.49296 3.49296 3.49296 3.49296 3.45577 3.37410 3.29229 3.21055 3.14494 3.13942 3.15723 3.58271 3.79412 3.95839 4.04830 4.04631 4.04412 4.04304 3.67819
15.7597 19.2631 19.2631 18.9947 12.8035 12.5155 0.00000 1.22867 1.22867 1.22867 1.22867 1.22914 1.23024 1.23938 2.22247 2.48619 2.68158 2.68165 2.69143 2.89620 2.80771 2.66080 2.51388 2.38556 2.36751 2.36751 2.80645 3.00671 3.00671 3.00591 2.99339 2.97699 2.96058 2.94430 3.06169 3.27498 3.27498 3.55311 3.90466 3.94515 3.51865 3.49296 3.48989 3.42950 3.34769 3.26595 3.18415 3.13953 3.13942 3.14991 3.25480 3.41484 3.57461 3.71686 3.92339 4.04212 4.04304 4.04304 4.04304 4.04304 4.04304 3.91750
15.4337 18.5226 19.2631 19.2631 15.6759 12.5155 0.00000 1.23072 1.23182 1.23292 1.23402 1.23465 1.23466 1.23466 1.85837 2.34821 2.60341 2.47852 2.33155 2.33214 2.36751 2.36751 2.36751 2.36751 2.36751 2.36546 2.51102 2.97390 2.95749 2.94188 2.93800 2.93800 2.93800 2.93800 2.94676 3.25161 3.27498 3.36507 3.86072 3.88177 3.51714 3.23958 3.16085 3.13942 3.13942 3.19225 3.34384 3.50382 3.66381 3.81316 3.86825 3.86825 3.86825 3.86825 3.86864 4.01799 4.04304 4.04304 4.04621 4.06963 4.09666 4.12358
15.4917 16.7966 19.2631 19.2631 17.9118 12.5155 13.8645 1.23466 1.23466 1.23466 1.23466 1.23466 1.18662 0.919687 0.778984 1.70449 1.93666 2.13953 2.13953 2.20221 2.36751 2.36362 2.34800 2.33160 2.31519 2.30085 2.29957 2.81821 2.93800 2.93800 2.93800 2.93800 2.93800 2.93800 2.94825 3.18225 3.33876 3.36705 3.86781 3.73151 3.56755 3.28785 3.43304 3.59286 3.75279 3.86000 3.86825 3.86825 3.86825 3.86825 3.86825 3.86825 3.86825 3.86825 3.87944 3.94844 4.10526 4.13254 4.15634 4.15991 4.15991 4.15991
16.7386 15.6138 19.1325 19.7592 20.1042 17.6883 18.2614 1.23466 1.22468 1.01098 0.717153 0.423327 0.177315 0.150426 0.150426 1.21166 1.70334 2.13045 2.11692 2.10338 2.28973 2.29959 2.29880 2.29880 2.29880 2.29880 2.29880 2.53991 2.93800 2.93800 2.95382 2.98899 3.02424 3.05948 3.08448 3.19072 3.51212 3.67981 4.12161 4.42622 4.27676 3.96016 3.86825 3.86825 3.86825 3.86825 3.86825 3.86825 3.86825 3.86860 3.88999 3.92371 3.95746 3.99125 4.01378 3.99922 4.10186 4.15991 4.17570 4.29526 4.43365 4.57201
21.3689 17.6853 20.0305 21.5995 21.5995 20.4674 19.3090 0.514511 0.230659 0.150426 0.150426 0.150426 0.150426 0.176884 0.228765 0.611624 1.40386 1.87538 2.07082 2.07082 2.19713 2.29880 2.29880 2.29880 2.29880 2.29911 2.32108 2.37479 2.97433 3.06600 3.10766 3.29323 3.53322 3.76964 4.02120 4.27335 4.58443 4.69432 4.71744 4.71470 4.39276 4.16747 3.86825 3.86825 3.86825 3.87204 3.90112 3.93484 3.96855 4.00200 4.01435 4.01435 4.01435 4.01435 4.01435 4.01435 4.07918 4.51342 4.63595 4.65198 4.64761 4.64325
25.2513 18.4962 18.7236 21.5995 21.5995 21.1945 19.3940 0.150426 0.150426 0.179691 0.231109 0.272778 0.307282 0.324334 0.324404 0.324965 1.22026 1.58849 2.07082 2.07082 2.11489 2.30057 2.32760 2.36286 2.39807 2.45580 2.67659 2.93072 3.50127 4.05773 4.29397 4.41929 4.47136 4.52343 4.55601 4.55648 4.62269 4.71744 4.71744 4.71744 4.54201 4.34237 3.94866 3.94596 3.97968 4.00964 4.01435 4.01435 4.01435 4.01435 4.01435 4.01435 4.01435 4.01435 4.01378 4.00913 3.93527 4.57192 4.63751 4.63587 4.71271 4.94121
27.6723 19.6284 18.1300 20.4579 20.5471 19.7772 19.1544 0.274681 0.308858 0.324404 0.324404 0.324404 0.324404 0.324404 0.324404 0.324404 0.817878 1.38867 2.02390 2.14355 2.24567 2.64140 2.94569 3.20573 3.46171 3.68144 3.72553 3.79065 3.92774 4.49912 4.55371 4.55648 4.55648 4.55648 4.55648 4.55648 4.56687 4.73632 4.79419 4.84677 4.86686 4.57089 4.25702 4.01435 4.01435 4.01435 4.01435 4.01435 4.01435 4.01435 4.01269 4.00737 4.00191 3.99645 3.99156 3.99076 3.98510 4.31534 5.14160 5.32992 5.44086 5.40032
27.1318 21.5972 15.5609 15.9104 17.5045 17.5045 18.3208 0.324404 0.324404 0.324404 0.324404 0.324404 0.324404 0.355318 0.534440 0.781980 1.09151 2.06852 2.67642 3.21512 3.36187 3.54002 3.71935 3.76595 3.84503 3.92412 3.99667 4.01061 4.01061 4.35506 4.55648 4.55648 4.55705 4.59063 4.64319 4.69574 4.74830 4.88142 4.93762 4.93762 4.93762 4.69177 4.47809 4.01609 4.01435 4.01432 4.01106 4.00560 4.00015 3.99468 3.99089 3.99076 3.98910 3.92101 3.73998 3.55617 3.37536 3.40204 5.25087 5.32311 5.32311 5.32311
26.3573 24.3702 16.1871 15.2710 17.3143 17.5045 17.7369 0.324404 0.324612 0.431943 0.701572 0.943910 1.15454 1.32608 1.40958 1.41587 1.49725 2.62075 2.90581 3.41727 3.49162 3.58946 3.97577 4.01061 4.01061 4.01061 4.01061 4.01061 4.01363 4.16156 4.65281 4.70567 4.75766 4.77666 4.77666 4.77666 4.77666 4.82028 4.93762 4.93762 4.93762 4.84205 4.55810 4.14328 3.99838 3.99295 3.99076 3.99076 3.94356 3.76834 3.58461 3.40054 3.21839 3.10258 3.09971 3.09971 3.09971 3.10764 4.55601 5.32311 5.32311 5.32052
23.7517 22.2217 17.6985 15.2007 16.3413 17.5045 17.5045 1.10444 1.30372 1.41095 1.41587 1.41587 1.41587 1.41587 1.41587 1.42456 1.49248 2.29858 3.04139 3.45175 3.64386 3.64386 3.90657 4.01061 4.01792 4.06462 4.11720 4.16975 4.21929 4.23079 4.64535 4.77666 4.77666 4.77666 4.77666 4.77666 4.77666 4.77320 4.88937 4.88169 4.85508 4.82994 4.58468 4.31550 3.79188 3.61288 3.42915 3.24500 3.10864 3.09971 3.09971 3.09971 3.09971 3.09971 3.09971 3.09971 3.09971 3.08646 3.48573 5.20454 5.16254 5.11396
19.7095 19.7095 18.9373 15.7491 15.4863 17.4918 17.3424 1.41587 1.41587 1.41587 1.41587 1.41683 1.46772 1.54680 1.62586 1.69631 1.70748 1.98434 2.96441 3.22408 3.65467 3.69501 3.87341 4.17968 4.22493 4.23079 4.23079 4.23079 4.23079 4.23079 4.40750 4.77666 4.77666 4.76837 4.74236 4.71576 4.68916 4.66737 4.72154 4.63886 4.35646 4.26403 3.98274 3.66338 3.15360 3.09971 3.09971 3.09971 3.09971 3.09971 3.09971 3.09971 3.09971 3.06944 3.00568 2.94184 2.87798 2.82748 2.84638 4.56025 5.10212 5.09838
19.7097 19.7106 19.5529 16.6461 14.7792 16.0498 16.6279 1.41587 1.44395 1.52210 1.60116 1.67928 1.70748 1.70748 1.70748 1.70748 1.70664 1.71205 2.66791 3.08159 3.69324 3.82000 3.84316 4.21788 4.23079 4.23079 4.23079 4.23079 4.23079 4.21811 4.19855 4.64265 4.68417 4.66193 4.55602 4.32143 4.10066 3.89397 3.66349 3.27829 3.22796 3.64523 3.91500 3.65827 3.35867 3.09971 3.09971 3.09971 3.09681 3.04861 2.98472 2.92091 2.85715 2.82348 2.82348 2.82348 2.82348 2.82348 2.82624 3.56368 4.94155 4.87868
19.3473 19.1590 19.0096 17.6703 14.7526 15.1140 16.6279 1.65551 1.70652 1.70748 1.70748 1.70748 1.70653 1.70378 1.70101 1.69823 1.69628 1.69622 2.19594 3.03340 3.39072 3.82000 3.82000 4.08147 4.23043 4.21313 4.18653 4.15993 4.12159 3.94045 3.73194 3.75862 3.82786 3.64795 3.54332 3.52957 3.51926 3.51172 3.51135 3.29407 3.22204 3.39960 3.93518 3.75405 3.53002 3.02601 2.96383 2.89999 2.83903 2.82348 2.82348 2.82348 2.82348 2.82348 2.82348 2.82348 2.82348 2.81993 2.75410 2.71458 4.38730 4.59676
18.9425 18.9425 18.9651 18.6308 15.8653 14.5746 16.3371 1.70748 1.70641 1.70364 1.70087 1.69809 1.69626 1.69622 1.69622 1.69622 1.69622 1.69622 1.82441 2.83318 3.11889 3.76683 3.78061 3.84126 3.87160 3.66299 3.47806 3.30686 3.15500 3.11763 3.19218 3.31922 3.52018 3.51244 3.51135 3.51135 3.51135 3.51135 3.51135 3.40410 3.15718 2.96729 3.29157 3.02917 2.60005 2.75473 2.82348 2.82348 2.82348 2.82348 2.82348 2.82348 2.82348 2.80699 2.72541 2.63716 2.54891 2.46425 2.44177 2.45901 3.47704 4.77460
19.1736 19.2385 19.2498 19.1550 17.1173 14.0457 14.7485 1.69794 1.69624 1.69622 1.69622 1.69622 1.69622 1.69622 1.69622 1.69622 1.70904 1.82174 1.93179 2.67336 2.85792 3.21514 3.43446 3.35977 3.12752 3.11389 3.16055 3.26183 3.36326 3.46088 3.48776 3.48776 3.50152 3.51135 3.51135 3.51135 3.41205 3.20800 3.00403 2.78766 2.38688 2.36754 2.63332 2.86686 2.63142 2.65688 2.82348 2.82348 2.82348 2.78469 2.69667 2.60838 2.52017 2.44841 2.44177 2.44268 2.46127 2.50976 2.56110 2.61039 3.42698 5.62185
19.0192 19.0081 19.0285 19.0491 18.1961 14.9709 14.1675 1.69622 1.69622 1.69622 1.69622 1.69622 1.70188 1.78866 1.89279 1.99678 2.08806 2.07954 2.07338 2.28861 2.60127 2.72864 3.35364 3.44916 3.41596 3.43291 3.48768 3.48776 3.48776 3.48776 3.48776 3.48460 3.35345 3.16929 2.96541 2.76144 2.65685 2.65685 2.65685 2.65685 2.48036 2.36754 2.46569 2.86706 2.74405 2.51681 2.64254 2.57964 2.49143 2.44192 2.44177 2.44713 2.48910 2.54038 2.59169 2.64206 2.67477 2.67754 2.67754 2.67754 3.14385 4.88993
19.0646 19.0633 18.8817 18.5834 18.1757 16.2517 14.0151 1.67191 1.65947 1.74968 1.85344 1.95769 2.05616 2.07338 2.07338 2.07338 2.07338 2.07338 2.08039 2.19746 2.77002 2.87905 3.53148 3.70679 3.65048 3.48776 3.48776 3.47408 3.31113 3.10725 2.90311 2.70239 2.63326 2.65025 2.65685 2.65685 2.65685 2.65685 2.65685 2.65685 2.57989 2.26894 2.16676 2.42076 2.35157 2.20411 2.32623 2.47664 2.51974 2.57106 2.62226 2.66825 2.67754 2.67754 2.67754 2.67754 2.67754 2.67754 2.67754 2.67754 2.80004 3.92914
