results/OMI_NO2_200702.asc
ncols      200
nrows      200
xllcorner       120.258
yllcorner       41.1236
cellsize     0.0166667
NODATA_Value      -999.000
[rows 0 to 28 of 165, columns 0 to 64 of 200]
0.342849 0.577983 0.624160 0.637384 0.892275 1.05815 1.12764 1.17956 1.18177 1.18122 1.17557 1.16916 1.13932 1.11779 1.11711 1.13004 1.26617 1.39072 1.42382 1.33935 1.26154 1.26154 1.38186 1.72441 1.72819 1.72819 1.90540 2.24142 2.16252 2.07102 1.99267 1.88051 1.76555 1.68554 1.61485 1.59077 1.59077 1.50913 1.40957 1.39090 1.42726 1.26030 0.691323 0.755169 0.634893 0.598677 0.624632 0.622512 0.618649 0.609056 0.607619 0.613214 0.602065 0.600838 0.574258 0.583618 0.594653 0.606656 0.605619 0.633326 0.794587 0.904713 0.988225 1.06607 1.14348
0.306803 0.749892 0.801230 0.743682 0.909060 1.18177 1.17791 1.17130 1.16523 1.16004 1.15904 1.15904 1.14832 1.11711 1.11711 1.11711 1.20187 1.34593 1.42382 1.39342 1.26154 1.26154 1.30252 1.66257 1.72637 1.69188 1.71082 1.95711 1.86436 1.79075 1.72354 1.69374 1.70179 1.70994 1.71804 1.72929 1.76480 1.74932 1.63852 1.62009 1.56675 1.51083 0.948270 0.936440 0.861966 0.818737 0.842195 0.860097 0.843621 0.837862 0.835664 0.844497 0.837275 0.879918 0.921067 0.958127 1.00080 1.09114 1.16378 1.21595 1.35315 1.42845 1.43250 1.43250 1.43250
0.303199 0.570871 0.829356 0.764837 0.792519 1.14756 1.15904 1.15904 1.16002 1.16783 1.17708 1.18639 1.19528 1.17214 1.17229 1.18126 1.20785 1.39454 1.53621 1.54062 1.39586 1.35317 1.33456 1.45717 1.65646 1.59763 1.54091 1.68159 1.68677 1.67307 1.65717 1.64531 1.66042 1.66228 1.64458 1.62431 1.58723 1.54838 1.40992 1.36157 1.36131 1.37707 1.05112 0.913115 0.938507 0.914123 0.966017 1.07463 1.12444 1.16616 1.20450 1.23304 1.15473 1.09526 1.10599 1.10773 1.10097 1.14173 1.18925 1.18071 1.23731 1.32606 1.33393 1.31369 1.30470
1.20539 1.12175 1.32788 1.24508 1.21234 1.40852 1.49456 1.47911 1.46205 1.44396 1.51604 1.52170 1.52316 1.51366 1.48939 1.48518 1.46923 1.55577 1.57943 1.54819 1.45971 1.37900 1.34819 1.27206 1.37472 1.42001 1.42001 1.52613 1.57688 1.57220 1.56634 1.55771 1.52828 1.51166 1.51103 1.51143 1.51539 1.51928 1.46126 1.37977 1.37298 1.32880 1.28057 1.27654 1.25203 1.14721 1.13595 1.16379 1.18921 1.18780 1.18575 1.18360 1.14837 1.04163 1.03463 1.03339 1.03339 1.05207 1.10975 1.11279 1.11730 1.20321 1.22960 1.21652 1.20524
1.38933 1.19891 1.34572 1.30963 1.21064 1.27968 1.42391 1.42262 1.42262 1.42262 1.48875 1.52556 1.50674 1.48883 1.44497 1.42837 1.43353 1.46306 1.46074 1.41730 1.39195 1.31847 1.30571 1.25988 1.22814 1.34876 1.34192 1.40355 1.51903 1.52296 1.52683 1.52826 1.53186 1.53573 1.54033 1.54380 1.54380 1.54380 1.52374 1.39473 1.36386 1.35485 1.27538 1.25994 1.18435 1.10792 1.09119 1.10264 1.16269 1.16405 1.16400 1.16400 1.15425 1.05898 1.02970 1.02047 1.01119 1.00438 1.02228 1.03908 1.03522 1.11104 1.18621 1.20420 1.22434
1.32401 1.11317 1.18843 1.28231 1.18119 1.18850 1.41177 1.41396 1.40005 1.38684 1.39180 1.46066 1.46297 1.47368 1.47401 1.46402 1.46647 1.44589 1.39355 1.34415 1.32566 1.22155 1.19809 1.19192 1.07308 1.36423 1.36768 1.39448 1.54668 1.54668 1.54668 1.54538 1.54380 1.54025 1.52778 1.51553 1.50392 1.49293 1.48590 1.40761 1.36036 1.37601 1.34712 1.30498 1.24403 1.14667 1.09949 1.09949 1.13881 1.16216 1.15815 1.14902 1.13895 1.06222 0.994260 0.994063 0.988262 0.979779 0.973829 1.04134 1.07912 1.14720 1.25238 1.28523 1.29256
1.28273 1.14338 1.11573 1.28339 1.20150 1.17351 1.31350 1.36232 1.36233 1.36964 1.37954 1.45239 1.46309 1.44988 1.43584 1.39638 1.38364 1.40514 1.42379 1.40104 1.43023 1.33455 1.24121 1.23319 0.980023 1.35520 1.36280 1.36319 1.52456 1.52156 1.49752 1.47463 1.45284 1.48356 1.48573 1.49156 1.51048 1.53100 1.55302 1.52787 1.41918 1.41050 1.41812 1.31316 1.26968 1.15741 1.10803 1.10408 1.11042 1.16333 1.16393 1.16789 1.16256 1.12401 1.04546 1.04607 1.07576 1.11388 1.15375 1.25734 1.31631 1.31631 1.34302 1.39023 1.39023
1.28273 1.18430 1.08155 1.23564 1.24186 1.21489 1.29920 1.39463 1.39108 1.38164 1.36983 1.39758 1.46522 1.45699 1.44354 1.45138 1.51648 1.52068 1.52068 1.46489 1.45187 1.41149 1.24124 1.24017 1.02683 1.21793 1.31670 1.30131 1.38372 1.42798 1.41815 1.41701 1.42255 1.45963 1.48934 1.49209 1.48177 1.47114 1.46057 1.44671 1.32271 1.28470 1.28827 1.23824 1.19870 1.11008 1.14188 1.14598 1.14746 1.19910 1.22534 1.23111 1.25870 1.27137 1.22144 1.18860 1.19301 1.19404 1.19452 1.22122 1.32038 1.32811 1.34183 1.41471 1.41009
1.28273 1.24314 1.10064 1.21967 1.33325 1.23772 1.23984 1.38218 1.37176 1.36812 1.35556 1.34641 1.41287 1.41618 1.41486 1.40957 1.48729 1.49025 1.48067 1.43217 1.37136 1.34715 1.16927 1.11665 1.01042 0.970544 1.19352 1.19244 1.24757 1.34386 1.36222 1.37374 1.37852 1.39230 1.43842 1.44292 1.44728 1.45164 1.45596 1.45938 1.39391 1.32696 1.33863 1.34267 1.28910 1.22926 1.21247 1.24667 1.25585 1.29290 1.37451 1.39464 1.40078 1.37402 1.29311 1.19759 1.18839 1.19082 1.19392 1.20071 1.25644 1.23767 1.18384 1.18454 1.16587
1.33984 1.34611 1.14354 1.14466 1.32539 1.21864 1.17773 1.26685 1.26983 1.24945 1.24046 1.25960 1.29170 1.32199 1.31300 1.29983 1.31774 1.34699 1.33265 1.31459 1.27556 1.27145 1.18363 1.09600 1.07394 0.849346 1.30497 1.31482 1.33824 1.46994 1.46943 1.46861 1.46771 1.46683 1.50459 1.51383 1.51067 1.50989 1.50773 1.48946 1.44812 1.33100 1.30933 1.31582 1.35146 1.30300 1.26650 1.31798 1.31423 1.25695 1.30116 1.31515 1.31120 1.30465 1.22429 1.19601 1.21866 1.21438 1.09452 1.05679 1.05595 1.09863 1.10140 1.13125 1.17485
1.39278 1.24791 1.10344 1.03582 1.16607 1.15235 1.09871 1.15333 1.24627 1.23841 1.24387 1.26780 1.29648 1.30088 1.29643 1.30088 1.30864 1.38066 1.39583 1.41188 1.33335 1.32636 1.30020 1.14281 1.13024 0.805363 1.23772 1.30689 1.30727 1.44533 1.46088 1.46269 1.46447 1.46612 1.48376 1.51480 1.51479 1.44488 1.42343 1.41706 1.41381 1.33213 1.31343 1.32492 1.38165 1.37889 1.27623 1.31614 1.31024 1.23852 1.25705 1.31602 1.34809 1.36901 1.32519 1.31484 1.28916 1.28530 1.08559 1.05402 1.06251 1.10702 1.11815 1.12311 1.18979
1.34795 1.22893 1.10504 1.02906 1.11731 1.22764 1.15309 1.16611 1.32781 1.31812 1.32387 1.33207 1.36614 1.35334 1.34990 1.36116 1.37357 1.43083 1.50024 1.48822 1.35384 1.30034 1.28969 1.12087 1.06914 0.832596 1.01584 1.20742 1.22326 1.41865 1.47266 1.46976 1.46613 1.46252 1.46015 1.49642 1.49662 1.42862 1.39408 1.39313 1.39313 1.35721 1.32239 1.32748 1.34874 1.39303 1.31040 1.36487 1.39006 1.37860 1.41271 1.42700 1.39567 1.39018 1.35109 1.31564 1.29476 1.29074 1.18672 1.05328 1.06290 1.11012 1.15601 1.16304 1.21541
1.38599 1.34166 1.21759 1.09021 1.11968 1.29987 1.23170 1.19422 1.30920 1.32867 1.31260 1.31098 1.33481 1.34140 1.32231 1.30930 1.28816 1.26969 1.31248 1.30334 1.24832 1.20073 1.21350 1.13579 1.06947 0.972174 0.965952 1.21921 1.22216 1.36760 1.44427 1.44339 1.44339 1.44339 1.44339 1.46719 1.48821 1.46589 1.39176 1.39101 1.39027 1.38283 1.32011 1.34510 1.38708 1.48527 1.49543 1.54681 1.58614 1.55713 1.50096 1.46244 1.39230 1.39461 1.37346 1.32005 1.30881 1.29510 1.28181 1.07085 1.06244 1.11046 1.15582 1.16356 1.17431
1.45029 1.44189 1.28192 1.13054 1.12299 1.27891 1.30449 1.22518 1.28615 1.34270 1.29775 1.30300 1.31138 1.33674 1.31443 1.31247 1.32404 1.33142 1.38322 1.43528 1.41514 1.32680 1.35091 1.33136 1.22883 1.16785 1.01145 1.29002 1.30781 1.38132 1.44339 1.44323 1.43438 1.42046 1.40655 1.40356 1.48345 1.48424 1.41417 1.42385 1.45635 1.49327 1.49529 1.50966 1.54851 1.60689 1.61767 1.56572 1.62782 1.59669 1.51090 1.50864 1.41170 1.39475 1.39016 1.32145 1.31969 1.29844 1.29854 1.16345 1.06214 1.09620 1.13481 1.16356 1.13879
1.45205 1.45205 1.31764 1.27871 1.27871 1.36493 1.47607 1.34935 1.35781 1.44906 1.34453 1.33561 1.33207 1.36478 1.36680 1.35097 1.35217 1.37358 1.40177 1.42876 1.42784 1.32718 1.32539 1.33562 1.23574 1.20802 0.950611 1.25701 1.29023 1.31011 1.39606 1.38230 1.37727 1.37808 1.38527 1.41430 1.56113 1.63509 1.66119 1.63412 1.67506 1.71060 1.69326 1.64384 1.66313 1.68624 1.79671 1.72311 1.72600 1.60677 1.52293 1.50611 1.46047 1.39713 1.39801 1.33818 1.32384 1.30805 1.29908 1.26434 1.06375 1.07764 1.11719 1.15786 1.14872
1.49239 1.55761 1.51987 1.47180 1.51241 1.54999 1.67072 1.50593 1.44670 1.44995 1.33367 1.32490 1.32719 1.35771 1.40815 1.41384 1.42929 1.42964 1.42964 1.43181 1.43879 1.37096 1.33731 1.34806 1.28257 1.21552 0.983558 1.18124 1.32037 1.33174 1.47910 1.49946 1.50999 1.52026 1.54964 1.60236 1.79847 1.91241 1.91635 1.79500 1.77835 1.77741 1.79049 1.73677 1.75886 1.79787 1.87763 1.81273 1.75225 1.65061 1.53563 1.48883 1.48262 1.38316 1.37246 1.28523 1.20737 1.20108 1.17997 1.18076 0.991145 0.910204 0.947326 0.970236 1.02638
1.79761 1.77474 1.71867 1.57093 1.55871 1.55682 1.64616 1.58846 1.46006 1.50401 1.45725 1.45635 1.50592 1.53600 1.53516 1.52917 1.52946 1.53827 1.53573 1.52515 1.50125 1.43749 1.35050 1.35817 1.34349 1.24870 1.08967 1.11016 1.32191 1.33993 1.45747 1.56718 1.62051 1.67394 1.70036 1.71261 1.81020 1.97264 2.01173 1.98428 1.96643 2.04591 2.11304 2.08777 2.04047 1.88643 1.86678 1.76743 1.66461 1.62822 1.49078 1.53748 1.55056 1.50505 1.45517 1.38246 1.22049 1.20531 1.21063 1.19433 1.10427 1.02099 1.07938 1.13994 1.20896
1.78811 1.78539 1.78986 1.76513 1.78363 1.82051 1.93675 1.99545 1.81760 1.86825 1.80753 1.68012 1.68385 1.68267 1.67749 1.66560 1.61900 1.60866 1.60999 1.61425 1.60373 1.58689 1.52629 1.53986 1.57008 1.47244 1.35654 1.14499 1.49577 1.59894 1.70352 1.85381 1.85381 1.84471 1.84422 1.89985 1.98114 2.19214 2.30359 2.31015 2.11913 2.09085 2.07160 2.03207 1.90437 1.76185 1.72674 1.72052 1.63180 1.62760 1.51809 1.55735 1.54949 1.52139 1.39462 1.34082 1.10140 1.07789 1.07374 1.10204 1.11129 1.11017 1.11209 1.12841 1.17682
1.92387 1.93302 2.00432 2.09345 2.19022 2.26659 2.27562 2.29536 2.01884 1.91555 1.93246 1.73050 1.71575 1.71199 1.71218 1.71555 1.67474 1.66138 1.66138 1.66138 1.65645 1.63467 1.63594 1.65709 1.72177 1.74195 1.70054 1.24977 1.66100 1.80488 1.87344 1.81188 1.86548 1.93342 1.99518 1.99901 1.99861 2.09096 2.22636 2.22896 2.11932 2.04548 2.04487 2.04466 1.89022 1.75234 1.66628 1.66673 1.60277 1.54759 1.50378 1.42246 1.42256 1.35337 1.27911 1.29945 1.10334 1.06078 1.06366 1.10609 1.10948 1.13058 1.15957 1.15611 1.16711
2.16754 2.25817 2.27263 2.27226 2.26313 2.25027 2.23741 2.25714 2.08698 1.87643 1.92232 1.76787 1.71199 1.72109 1.73971 1.76376 1.77121 1.75540 1.77794 1.81154 1.85290 1.85368 1.87297 1.89912 1.94558 2.06709 1.99617 1.61425 2.01387 2.24220 2.28788 2.06384 1.99688 1.99648 1.99575 1.99565 1.99565 2.02875 2.18561 2.22736 2.18522 2.01095 1.98700 1.96445 1.85972 1.71152 1.59417 1.57085 1.53810 1.40829 1.34931 1.22044 1.21905 1.21824 1.22917 1.31342 1.18034 1.09597 1.12571 1.18843 1.24021 1.24948 1.25360 1.20200 1.15212
2.25559 2.24272 2.22986 2.21736 2.21362 2.21362 2.21362 2.23237 2.15751 1.93031 1.90860 1.90091 1.90370 1.91505 1.91505 1.92335 1.96945 1.93471 1.97776 2.04219 2.10569 2.14487 2.12248 2.18090 2.23358 2.36424 2.39564 2.08281 2.11607 2.35391 2.29560 2.14944 1.99565 1.99565 1.99565 2.00163 2.01795 2.03475 2.13927 2.11420 2.10311 1.98148 1.91548 1.88919 1.83818 1.61066 1.41256 1.37061 1.37059 1.29233 1.30020 1.26773 1.24825 1.27447 1.30137 1.38472 1.34370 1.16761 1.16700 1.18693 1.23934 1.25016 1.24037 1.17888 1.04281
2.21362 2.21362 2.21362 2.21362 2.21362 2.21362 2.21362 2.21698 2.23068 2.00622 1.87736 1.92090 1.94710 2.00889 2.07618 2.14171 2.25042 2.31516 2.30950 2.29281 2.20974 2.13014 2.24080 2.33721 2.33737 2.35248 2.42385 2.19366 1.95536 2.38777 2.29947 2.26602 2.03024 2.04670 2.06316 2.07363 2.07381 2.07381 2.10715 2.05465 2.00210 1.88443 1.70305 1.64916 1.59863 1.48512 1.36603 1.33998 1.36974 1.30767 1.21330 1.17692 1.20303 1.23079 1.23811 1.27084 1.34041 1.12247 1.12731 1.10091 1.11246 1.09394 1.07899 1.07820 1.00193
2.21298 2.19421 2.16798 2.15620 2.17626 2.20132 2.24352 2.26457 2.19842 2.08536 2.11750 2.24329 2.27533 2.27856 2.27856 2.27599 2.23750 2.21643 2.08256 2.02436 2.01904 2.01904 2.10506 2.33737 2.33737 2.33836 2.41653 2.27798 1.83264 2.30944 2.28070 2.24463 1.99752 1.94936 1.93809 1.92702 1.91612 1.88560 1.82911 1.74989 1.66125 1.64329 1.54558 1.52192 1.51689 1.46929 1.34204 1.23973 1.20943 1.19395 1.11189 1.11127 1.16319 1.23916 1.23888 1.21709 1.25227 1.07808 1.03431 1.03103 1.04987 1.07815 1.07837 1.08759 1.06853
2.22752 2.28434 2.31487 2.31808 2.30072 2.28914 2.26084 2.25109 2.20491 2.08139 2.11787 2.29353 2.24746 2.14534 2.03549 1.93529 1.87821 2.02394 2.04073 2.02851 2.03681 2.05440 2.07877 2.34745 2.43158 2.45172 2.47979 2.33079 1.86884 2.02183 2.09302 2.03785 1.89910 1.78495 1.73431 1.68016 1.61878 1.57665 1.56197 1.54363 1.46729 1.44529 1.36403 1.27158 1.23261 1.19611 1.15129 1.12050 1.13650 1.18224 1.09202 1.06866 1.06232 1.10502 1.08234 1.07256 1.09560 1.08509 1.04704 1.07122 1.09886 1.13728 1.15404 1.16045 1.18459
2.26004 2.22635 2.23046 2.28364 2.29930 2.30437 2.30892 2.31341 2.29862 2.09345 1.96056 2.04484 1.99174 1.97879 1.98485 1.99073 1.99799 2.07014 2.21853 2.21019 2.22341 2.21813 2.20207 2.27491 2.43852 2.42191 2.40526 2.30859 1.96039 1.81379 1.85797 1.72681 1.62319 1.46003 1.45064 1.44431 1.44347 1.44286 1.42012 1.38929 1.31964 1.25364 1.22733 1.23712 1.26741 1.28330 1.24769 1.23391 1.25606 1.27324 1.15876 1.09470 1.03029 1.07460 1.10789 1.13018 1.15415 1.20845 1.16309 1.16447 1.16626 1.16819 1.17026 1.17222 1.17920
2.21561 2.21845 2.21952 2.33229 2.33766 2.26997 2.17757 2.08761 2.00327 1.89861 1.80899 1.87445 1.94147 1.92658 1.92016 1.91386 1.90640 1.89794 2.03626 2.04320 2.02989 2.02082 1.98848 1.95529 2.10896 2.10771 2.09913 2.12056 1.83059 1.54789 1.60175 1.53640 1.50293 1.47234 1.46003 1.42926 1.39768 1.34738 1.32248 1.31676 1.30004 1.26241 1.28242 1.35708 1.44023 1.45870 1.43336 1.37885 1.36532 1.36406 1.24083 1.19495 1.15443 1.16471 1.20054 1.20190 1.19986 1.21108 1.17754 1.17831 1.17835 1.17835 1.17835 1.17811 1.14929
2.21723 2.16240 1.96405 1.95738 1.91608 1.88506 1.87606 1.87098 1.87426 1.83990 1.74968 1.75100 1.87332 1.86425 1.86330 1.86330 1.85039 1.81274 1.82953 1.86568 1.81418 1.77328 1.76485 1.77817 1.87156 2.02210 2.01144 1.97378 1.72095 1.40015 1.37254 1.41254 1.40549 1.40542 1.40290 1.38653 1.37040 1.37241 1.37265 1.36330 1.35408 1.30235 1.28220 1.28942 1.39881 1.42357 1.44171 1.42545 1.42022 1.42054 1.31603 1.25372 1.21805 1.14693 1.18913 1.19144 1.19110 1.19152 1.16706 1.16254 1.12674 1.07366 1.02300 0.974733 0.952473
1.89542 1.85512 1.76570 1.79349 1.87643 1.88010 1.88378 1.88585 1.88586 1.87990 1.77072 1.71136 1.78478 1.76483 1.64718 1.61151 1.58652 1.58025 1.58803 1.71228 1.74229 1.76070 1.75601 1.73822 1.72465 1.88548 1.89134 1.87180 1.78626 1.37176 1.28148 1.26300 1.28525 1.28939 1.31391 1.31263 1.31263 1.31263 1.31363 1.31919 1.32529 1.33107 1.36164 1.38042 1.45603 1.50548 1.50468 1.45944 1.41865 1.41539 1.34656 1.25896 1.22707 1.15055 1.15616 1.15616 1.13222 1.09162 0.994621 0.969900 0.952976 0.949549 0.932403 0.915168 0.898845
1.86654 1.87104 1.82106 1.76962 1.88586 1.88586 1.88586 1.88586 1.88586 1.81518 1.68390 1.60821 1.64563 1.71805 1.59146 1.60332 1.62092 1.63453 1.64530 1.70166 1.74474 1.73984 1.75111 1.77417 1.79180 1.79999 1.77253 1.74006 1.69248 1.38916 1.26238 1.20365 1.25454 1.26737 1.31667 1.32377 1.32987 1.33598 1.34108 1.34163 1.34163 1.34293 1.37819 1.38142 1.40632 1.51287 1.51632 1.48247 1.41642 1.39783 1.36316 1.23742 1.16364 1.13766 1.09197 1.06216 1.01922 1.01170 0.937124 0.911622 0.903738 0.891525 0.906253 0.928531 0.950801
