results/OMI_NO2_200903.asc
ncols      200
nrows      200
xllcorner       120.258
yllcorner       41.1236
cellsize     0.0166667
NODATA_Value      -999.000
[rows 58 to 86 of 164, columns 64 to 127 of 200]
0.104292 0.0904787 0.0904787 0.0904787 0.0914567 0.0976583 0.103880 0.109383 0.114290 0.121066 0.119775 0.327792 0.505013 0.503370 0.501981 0.481177 0.430142 0.430142 0.439787 0.489658 0.489706 0.489706 0.530902 0.603652 0.660689 0.716328 1.39596 1.51869 1.54510 1.57577 1.60974 1.62727 1.60188 1.58534 1.58886 1.61791 1.58944 1.65440 1.72858 1.77851 1.77851 1.77851 1.77873 1.77867 1.76218 1.73980 1.71738 1.68847 1.61075 1.52437 1.43809 1.36936 1.50342 1.64847 1.36922 1.34315 1.39783 1.57585 1.59688 1.65446 1.69788 1.61702 1.73117 1.77982
0.122426 0.102286 0.107968 0.113020 0.117123 0.122215 0.129555 0.137948 0.147630 0.152364 0.151640 0.174970 0.495608 0.503343 0.503329 0.499532 0.438983 0.430142 0.430142 0.477084 0.489706 0.489706 0.492258 0.624457 0.703045 0.715038 1.10080 1.68961 1.67989 1.66089 1.64250 1.64687 1.66573 1.66583 1.67091 1.69938 1.62728 1.63509 1.70836 1.76999 1.77292 1.75085 1.72826 1.69781 1.61934 1.53322 1.45949 1.40448 1.41526 1.43653 1.45868 1.48134 1.50330 1.62370 1.45385 1.30583 1.26747 1.55596 1.59603 1.64404 1.52543 1.40467 1.80245 1.88867
0.172844 0.123279 0.130768 0.139343 0.149015 0.152364 0.152364 0.152364 0.152364 0.152364 0.152364 0.141092 0.395880 0.503343 0.503343 0.501334 0.462627 0.430142 0.430060 0.483138 0.580233 0.652177 0.737693 0.815644 0.881200 0.814451 0.805066 1.60447 1.66583 1.66583 1.66583 1.66583 1.66583 1.66487 1.65643 1.67263 1.62689 1.60363 1.64180 1.66758 1.64172 1.57690 1.50831 1.44561 1.45070 1.47129 1.47820 1.47606 1.47393 1.47196 1.47049 1.46907 1.45977 1.55084 1.58279 1.28348 1.21944 1.30224 1.48796 1.51977 1.51435 1.47207 1.70592 1.98805
0.261002 0.157651 0.152364 0.152364 0.152364 0.152364 0.152364 0.152364 0.152364 0.152364 0.152364 0.149322 0.228499 0.503193 0.503352 0.541408 0.617269 0.607925 0.713754 0.788866 0.819024 0.821800 0.821800 0.823247 0.899813 0.886841 0.772445 1.27903 1.66583 1.66315 1.65349 1.64347 1.63344 1.60941 1.59129 1.60561 1.47649 1.38090 1.33689 1.34733 1.44470 1.44887 1.44872 1.44872 1.44872 1.44886 1.44951 1.45022 1.44526 1.45177 1.46197 1.47287 1.46964 1.42852 1.59334 1.36627 1.23682 1.13945 1.46935 1.49483 1.53892 1.46501 1.45228 1.85683
0.270910 0.196653 0.152364 0.152364 0.152364 0.152364 0.152364 0.152364 0.152364 0.151525 0.147227 0.158655 0.281154 0.795187 1.02651 1.15265 1.15552 0.888644 0.821800 0.821800 0.821800 0.821800 0.821800 0.821800 0.861668 0.901808 0.789254 0.820442 1.61156 1.67186 1.68627 1.69521 1.61398 1.48763 1.35795 1.20678 1.13536 1.13771 1.16788 1.31447 1.39907 1.44882 1.44944 1.44839 1.43117 1.42735 1.43648 1.44623 1.46316 1.46717 1.46717 1.46717 1.46717 1.37242 1.54616 1.50255 1.20757 1.14275 1.29346 1.31042 1.27825 1.24029 1.24815 1.60199
0.270910 0.241629 0.152364 0.152273 0.149207 0.144250 0.138584 0.138717 0.230103 0.365544 0.502226 0.616340 0.729605 1.10758 1.15552 1.15552 1.15552 1.00503 0.821800 0.821800 0.820793 0.805406 0.789087 0.800888 0.823194 0.938543 0.913460 0.757315 1.40728 1.53489 1.37347 1.21951 1.16119 1.16119 1.16119 1.16119 1.15953 1.10005 1.16052 1.26847 1.34456 1.40568 1.41185 1.42239 1.45198 1.46717 1.46717 1.46395 1.45346 1.44272 1.43191 1.42119 1.41038 1.34185 1.40055 1.55282 1.26113 1.12504 0.982580 0.979888 1.11414 1.34352 1.38489 1.47829
0.229325 0.209662 0.136304 0.120352 0.199646 0.335538 0.471276 0.599431 0.629048 0.629048 0.629048 0.629048 0.643349 1.03082 1.14979 1.15552 1.14870 1.04850 0.843020 0.871849 0.900451 0.953436 1.01516 1.02643 1.02643 0.939288 0.826737 0.679933 0.745513 1.15928 1.16119 1.16119 1.16119 1.16125 1.16211 1.16324 1.16437 1.09228 1.17424 1.26360 1.41688 1.45790 1.45377 1.44298 1.43224 1.42146 1.41069 1.40316 1.40288 1.40288 1.38555 1.37304 1.36432 1.32029 1.20932 1.40783 1.27348 1.15777 1.07816 1.05618 1.06679 1.36347 1.43386 1.36834
0.202709 0.292689 0.405670 0.575399 0.629048 0.629048 0.629048 0.630235 0.664937 0.725155 0.803228 0.878114 0.869841 0.782383 0.799619 0.787692 0.728740 0.713643 0.872292 1.02643 1.02643 1.02643 1.02643 1.02643 1.02643 1.01715 0.840432 0.763193 0.643019 1.04850 1.16199 1.16312 1.16425 1.16533 1.17489 1.21086 1.25285 1.22726 1.22497 1.28584 1.37757 1.38632 1.40288 1.40288 1.40288 1.39883 1.36059 1.33509 1.32485 1.31373 1.31772 1.25419 1.15861 1.04980 0.863585 1.02658 1.18684 1.18684 1.13154 1.05618 1.05916 1.25753 1.47139 1.42247
0.508411 0.508996 0.519252 0.649851 0.707776 0.777119 0.798606 0.795481 0.735682 0.666333 0.610428 0.575540 0.573810 0.573810 0.589809 0.710542 0.713643 0.713643 0.766394 1.02643 1.02643 1.02643 1.02643 1.02643 1.02643 1.02641 0.888980 0.759438 0.651406 0.813429 1.16976 1.19359 1.23332 1.27838 1.31537 1.31726 1.31726 1.28599 1.17468 1.28235 1.33595 1.35015 1.32429 1.28334 1.26284 1.24794 1.26759 1.21728 1.11798 1.00404 0.872103 0.820232 0.795970 0.773252 0.764725 0.814195 1.24949 1.27728 1.28651 1.15808 1.09878 1.04293 1.24312 1.33633
0.573257 0.551152 0.547669 0.635232 0.633570 0.585347 0.573810 0.573810 0.573810 0.573810 0.573810 0.572043 0.562762 0.553052 0.543693 0.636788 0.672206 0.664582 0.657627 0.846088 0.879021 0.865478 0.835604 0.772842 0.710843 0.645127 0.611036 0.560020 0.546011 0.533366 0.998337 1.11584 1.10857 1.10143 1.09434 1.08737 1.08048 1.07268 0.983344 0.946450 0.908001 1.01611 1.07785 1.07977 0.974637 0.863307 0.751443 0.707889 0.699154 0.694507 0.699680 0.705419 0.709207 0.699086 0.744131 0.774119 1.13073 1.26342 1.17188 1.01764 0.950371 0.957605 1.20277 1.27410
0.462960 0.397742 0.393951 0.403450 0.429576 0.424106 0.418814 0.413665 0.408652 0.403771 0.398992 0.395123 0.394765 0.394765 0.394765 0.430415 0.544322 0.543509 0.523119 0.567235 0.613351 0.579598 0.551977 0.537579 0.537579 0.528367 0.526474 0.512745 0.501118 0.489426 0.687664 1.05448 1.05436 1.05354 1.05260 1.05167 1.05953 1.08963 1.07429 0.985737 0.744651 0.770028 0.697860 0.765603 0.773756 0.779528 0.785311 0.789267 0.788158 0.773368 0.754845 0.725686 0.656470 0.598298 0.569778 0.575883 0.687543 1.13527 1.13537 1.08662 0.994416 0.994416 1.09355 1.28247
0.432377 0.365341 0.363296 0.364264 0.392539 0.394765 0.394765 0.394765 0.394765 0.394765 0.394765 0.394765 0.395381 0.404115 0.399556 0.370393 0.437043 0.433084 0.417173 0.450355 0.563614 0.564470 0.562700 0.538245 0.537579 0.530978 0.526474 0.524497 0.502544 0.493193 0.490527 0.976628 1.02464 1.01655 1.01766 0.966101 0.823868 0.653997 0.557410 0.583352 0.451865 0.537798 0.661131 0.746699 0.788751 0.775270 0.756253 0.714106 0.651601 0.591748 0.539598 0.500031 0.495275 0.495275 0.500765 0.565412 0.571316 1.02399 1.15413 1.15698 1.00203 0.991499 0.964092 1.19598
0.334290 0.388642 0.363296 0.363296 0.380290 0.394765 0.394765 0.400203 0.413633 0.422233 0.416608 0.393190 0.362932 0.330620 0.305440 0.299975 0.343158 0.415531 0.415531 0.421449 0.534356 0.564470 0.564470 0.547441 0.536667 0.531011 0.508177 0.484782 0.459387 0.441366 0.418231 0.629326 0.806890 0.667605 0.503694 0.400573 0.399989 0.399989 0.427060 0.583679 0.517797 0.432084 0.617701 0.609983 0.643308 0.584985 0.532619 0.504739 0.495390 0.495275 0.495728 0.501564 0.509044 0.516488 0.523932 0.594717 0.614710 0.823084 1.20400 1.21548 1.10552 1.04695 0.987578 1.11881
0.218746 0.417830 0.367146 0.372097 0.389314 0.436899 0.429649 0.409220 0.369894 0.335760 0.309912 0.299975 0.299975 0.299975 0.299975 0.299975 0.302215 0.404481 0.415531 0.415476 0.475719 0.536251 0.517749 0.489559 0.442831 0.426449 0.413172 0.413172 0.413256 0.413194 0.404798 0.399989 0.399989 0.399989 0.399989 0.399989 0.399939 0.381862 0.342064 0.463890 0.436515 0.283914 0.415502 0.457317 0.487091 0.501271 0.508728 0.516172 0.523630 0.531096 0.538087 0.539690 0.539690 0.542118 0.550454 0.606314 0.648306 0.689679 1.17938 1.24548 1.19397 1.05549 1.02532 0.999866
0.163024 0.381170 0.378254 0.346830 0.303491 0.332063 0.315557 0.300147 0.299975 0.299975 0.299975 0.299975 0.299975 0.299975 0.300486 0.305623 0.311857 0.375957 0.433347 0.437816 0.453353 0.467890 0.466229 0.465258 0.425374 0.421501 0.414147 0.413172 0.413172 0.413172 0.410726 0.400016 0.399989 0.384807 0.339639 0.292426 0.249993 0.225244 0.212205 0.312753 0.362461 0.291648 0.325487 0.478428 0.505015 0.539690 0.539690 0.539690 0.539835 0.545561 0.554176 0.562791 0.571402 0.577593 0.577860 0.607835 0.659932 0.662465 0.957092 1.24548 1.24183 1.07220 1.05465 0.982904
0.140002 0.171273 0.260128 0.215578 0.213683 0.260238 0.299975 0.299975 0.299975 0.302954 0.309195 0.315429 0.321660 0.327898 0.333622 0.334727 0.334727 0.344842 0.438302 0.441128 0.441285 0.468286 0.466229 0.466229 0.442463 0.421501 0.416121 0.413172 0.413172 0.402792 0.361175 0.299772 0.249063 0.223422 0.215428 0.208250 0.201776 0.196706 0.196087 0.255247 0.356316 0.338787 0.252676 0.474100 0.490601 0.545168 0.557898 0.566501 0.574978 0.578659 0.580907 0.583166 0.586055 0.596463 0.609658 0.635439 0.695035 0.708010 0.745582 1.16345 1.17616 1.05185 0.966711 0.968604
0.0919569 0.0919569 0.211752 0.214908 0.221863 0.241468 0.318453 0.325233 0.331471 0.334727 0.334727 0.334727 0.334727 0.334727 0.334727 0.334727 0.334727 0.334727 0.405331 0.441890 0.443082 0.458460 0.471429 0.472851 0.466570 0.421837 0.382062 0.345071 0.307289 0.281072 0.280627 0.270986 0.243129 0.236644 0.215319 0.216538 0.217759 0.219007 0.220261 0.238450 0.385302 0.367477 0.310072 0.482941 0.587300 0.622012 0.652808 0.665421 0.682241 0.698934 0.714347 0.730590 0.746684 0.748251 0.741435 0.734973 0.663964 0.676925 0.701303 0.926595 1.10784 1.13645 1.00528 1.01901
0.118993 0.122576 0.174571 0.276153 0.277770 0.279575 0.337753 0.355541 0.356963 0.358400 0.359822 0.361244 0.362677 0.364118 0.365540 0.366962 0.368388 0.369821 0.393855 0.471957 0.472012 0.480466 0.454752 0.402944 0.358908 0.304347 0.303805 0.320831 0.320831 0.320831 0.320831 0.320669 0.282226 0.274156 0.242253 0.233663 0.213752 0.186538 0.159325 0.132123 0.252047 0.271490 0.274032 0.363135 0.581208 0.595514 0.661259 0.658970 0.651983 0.644970 0.638009 0.631423 0.641794 0.665100 0.697456 0.767265 0.738572 0.754939 0.811786 0.879823 1.18300 1.18668 0.976363 0.935309
0.184545 0.184545 0.184545 0.291611 0.303416 0.303416 0.331539 0.371762 0.371762 0.371762 0.371762 0.371762 0.371762 0.371762 0.371762 0.371762 0.367677 0.364718 0.350470 0.433981 0.447336 0.424154 0.347594 0.301035 0.301035 0.301035 0.301119 0.319030 0.320831 0.320831 0.320831 0.315456 0.266989 0.204024 0.163653 0.125610 0.119093 0.120068 0.121122 0.122262 0.170032 0.200538 0.200788 0.219624 0.513376 0.549288 0.597847 0.619157 0.633928 0.661899 0.697551 0.755225 0.832675 0.916835 1.02269 1.06305 0.933224 0.826809 0.826809 0.826809 1.07988 1.17738 1.06300 0.935306
0.184545 0.184545 0.184545 0.239447 0.303786 0.303416 0.306725 0.368705 0.371762 0.371762 0.370438 0.361400 0.351246 0.348216 0.336306 0.304611 0.273418 0.243884 0.231458 0.307157 0.416877 0.416877 0.396983 0.301547 0.301035 0.301035 0.301035 0.302200 0.274705 0.242341 0.212990 0.187043 0.186561 0.141456 0.138206 0.126227 0.123872 0.123872 0.123872 0.123872 0.150666 0.200538 0.200538 0.209789 0.412003 0.584856 0.639794 0.750492 0.819794 0.901578 0.992106 1.05817 1.06305 1.06305 1.05793 1.04681 0.965513 0.797885 0.789495 0.781140 0.873413 1.14489 1.16766 1.16855
0.184545 0.184545 0.184545 0.186092 0.295400 0.297811 0.287813 0.318888 0.332822 0.328778 0.320615 0.302662 0.281645 0.250854 0.231582 0.231458 0.231458 0.231458 0.231458 0.236150 0.401882 0.416877 0.416497 0.309462 0.261756 0.238845 0.214138 0.196335 0.197163 0.201627 0.201883 0.201883 0.201883 0.172141 0.139656 0.133316 0.123872 0.123872 0.123872 0.123872 0.131723 0.214793 0.236205 0.261877 0.376864 0.737285 0.783383 0.998015 1.05825 1.04716 1.03596 1.02484 1.01364 1.00251 0.996425 0.996418 0.991971 0.912986 1.13532 1.26929 1.35394 1.60732 1.69961 1.66458
0.173543 0.166619 0.159312 0.152989 0.205177 0.262730 0.266527 0.264250 0.289752 0.258084 0.233045 0.231458 0.231458 0.231458 0.231458 0.231458 0.231458 0.231477 0.241022 0.258565 0.340477 0.363334 0.342847 0.295720 0.206875 0.206875 0.206875 0.206012 0.201883 0.201883 0.201883 0.201883 0.201883 0.197477 0.142369 0.139457 0.127749 0.137872 0.159156 0.183898 0.207745 0.291845 0.323541 0.345250 0.383244 0.746300 0.808895 0.875836 0.996452 0.996418 0.996418 0.996418 1.15888 1.46724 1.68157 1.84541 1.97235 1.77539 1.71772 1.68245 1.54742 1.60493 1.70200 1.68264
0.135775 0.144817 0.144578 0.144286 0.150836 0.214216 0.193614 0.190222 0.223882 0.231458 0.231458 0.231458 0.234861 0.251153 0.268687 0.286211 0.303745 0.321269 0.329248 0.329248 0.330956 0.343859 0.344162 0.340270 0.217362 0.206875 0.206875 0.206797 0.202149 0.201883 0.201883 0.201883 0.202157 0.212824 0.209325 0.236953 0.246139 0.225268 0.241254 0.261170 0.284912 0.335989 0.363246 0.363246 0.370271 0.591951 0.795723 0.933254 1.45146 1.74967 1.94397 2.07615 2.09939 2.04181 2.03765 2.03765 2.03765 1.84453 1.71879 1.72488 1.59038 1.56805 1.70864 1.73235
0.113981 0.144009 0.144009 0.144009 0.144009 0.175057 0.190399 0.199340 0.232631 0.278808 0.296342 0.313866 0.328007 0.329248 0.329248 0.329248 0.329248 0.329248 0.329248 0.329248 0.329248 0.339683 0.344162 0.344162 0.268350 0.206875 0.207079 0.208665 0.206770 0.217487 0.235618 0.258048 0.284133 0.291268 0.291268 0.291268 0.290647 0.291107 0.291268 0.291268 0.291268 0.317571 0.558984 0.862820 1.12424 1.47931 1.79059 1.83746 1.98361 2.06044 2.03765 2.03765 2.03765 2.03765 2.03765 2.03765 2.03765 2.03516 2.03683 1.99941 1.85273 1.69560 1.79630 1.92398
0.0921242 0.148124 0.151812 0.155528 0.159226 0.183687 0.271152 0.276672 0.284919 0.350995 0.354248 0.356739 0.359217 0.361695 0.364160 0.366631 0.369103 0.371600 0.374072 0.376543 0.379015 0.381972 0.385193 0.387066 0.370395 0.272411 0.289193 0.309031 0.312029 0.291268 0.291268 0.291268 0.291268 0.291268 0.291268 0.291268 0.291268 0.291268 0.291242 0.279974 0.466148 1.93285 1.67264 1.61614 1.56652 1.59968 1.72579 1.73942 1.79130 2.05145 2.05309 2.05460 2.05610 2.05760 2.05911 2.02815 1.96214 1.90020 1.79936 1.71734 1.64962 1.46326 1.44751 1.73368
0.0701091 0.235750 0.241057 0.241057 0.241057 0.241057 0.308409 0.312002 0.312002 0.367232 0.393947 0.393947 0.393947 0.393947 0.393947 0.393947 0.393947 0.393947 0.393947 0.393947 0.393947 0.401219 0.413152 0.427556 0.445363 0.362346 0.332828 0.332828 0.324677 0.291268 0.291268 0.291268 0.291268 0.291268 0.290044 0.273922 0.253405 0.232896 0.212414 0.230898 0.297835 1.52110 1.57077 1.51253 1.51253 1.51926 1.71021 1.75382 1.75382 1.98438 2.06586 2.03997 1.97233 1.89360 1.77648 1.69171 1.63720 1.58743 1.57264 1.57264 1.57264 1.47619 1.42667 1.61216
0.0661666 0.211086 0.241057 0.241057 0.241057 0.241057 0.288751 0.312422 0.312002 0.336219 0.393947 0.393947 0.393947 0.393947 0.393947 0.393947 0.393947 0.398114 0.415843 0.438308 0.466322 0.485488 0.470845 0.453348 0.453348 0.415743 0.332976 0.332828 0.331496 0.292258 0.287057 0.267870 0.247361 0.226844 0.207551 0.208990 0.268895 0.328476 0.376044 0.402425 0.402972 0.958522 1.61177 1.51253 1.51253 1.51253 1.61978 1.73800 1.69678 1.74921 1.75356 1.66724 1.61392 1.57525 1.57264 1.57264 1.57264 1.57375 1.58002 1.58685 1.59369 1.56052 1.46144 1.51358
0.0661666 0.176715 0.241057 0.241057 0.241057 0.241057 0.249717 0.319302 0.323360 0.369862 0.402948 0.393947 0.393947 0.395898 0.411460 0.432934 0.459553 0.484054 0.485571 0.485571 0.485571 0.485571 0.484368 0.455373 0.453348 0.446946 0.339683 0.313194 0.299516 0.238983 0.204494 0.203172 0.203172 0.203172 0.203172 0.288132 0.402972 0.402972 0.402972 0.402972 0.402972 0.456857 1.60182 1.50334 1.46760 1.47200 1.51037 1.72290 1.79834 1.81643 1.59173 1.57367 1.57987 1.58671 1.59354 1.60044 1.60727 1.61299 1.61363 1.61359 1.60485 1.52090 1.52652 1.61325
0.0661666 0.128559 0.241697 0.297525 0.388584 0.479545 0.570604 0.606745 0.556557 0.559202 0.486210 0.427817 0.453133 0.480910 0.485571 0.485571 0.485571 0.485571 0.485571 0.485571 0.485571 0.483873 0.476935 0.433770 0.382655 0.350527 0.298613 0.274097 0.274097 0.241713 0.203172 0.203172 0.203172 0.203172 0.203172 0.206095 0.381734 0.402972 0.402972 0.405480 0.424223 0.455098 1.25678 1.54025 1.58506 1.59116 1.54637 1.65929 1.84819 1.85622 1.72015 1.61294 1.61363 1.61363 1.61363 1.58774 1.47623 1.36818 1.24748 1.10530 0.966781 0.952048 1.33526 1.65142
