results/OMI_NO2_201102.asc
ncols      200
nrows      200
xllcorner       120.258
yllcorner       41.1236
cellsize     0.0166667
NODATA_Value      -999.000
[rows 0 to 28 of 200, columns 130 to 194 of 200]
0.360735 0.215886 0.174247 0.168661 0.168360 0.151366 0.0832541 0.108500 0.110065 0.110065 0.110065 0.122289 0.329695 0.524334 0.660159 0.723129 0.686823 0.687504 0.776849 0.983185 0.994985 0.992181 0.992181 0.992181 0.995486 1.14443 1.16123 1.16123 1.16123 1.24826 1.58666 2.02259 2.35435 2.45324 2.45995 2.45995 2.45995 2.45995 2.49091 3.22590 3.89507 4.25898 4.39949 5.09184 4.85745 4.66066 4.61469 4.61469 4.52440 4.33002 4.15444 3.99540 3.86644 3.78732 3.64433 3.42449 3.17599 2.96434 2.86475 2.36307 1.66459 0.737690 0.737690 0.737690 0.737690
0.321974 0.274483 0.168360 0.168360 0.168360 0.167951 0.0976905 0.0961002 0.274256 0.487296 0.612761 0.663799 0.651002 0.629316 0.612927 0.601869 0.601550 0.601619 0.683900 0.859956 0.992181 0.992181 0.992181 0.992181 0.992181 1.07594 1.21911 1.77368 2.04824 2.22055 2.24962 2.30016 2.45995 2.45995 2.45995 2.45995 2.45995 2.45966 2.43099 3.34994 3.68719 3.85341 3.81837 4.35997 4.43461 4.24889 4.08091 3.92863 3.77884 3.64359 3.48182 3.26616 3.04683 2.88921 2.79033 2.75797 2.76244 2.77349 2.80416 2.75291 1.91723 1.11672 0.737690 0.737690 0.737690
0.321974 0.319798 0.192711 0.168267 0.201352 0.290938 0.384700 0.512629 0.623903 0.609354 0.602226 0.601544 0.601557 0.601633 0.601719 0.601805 0.601885 0.601901 0.634493 0.746022 0.990770 0.992181 0.992181 0.992181 0.992181 1.01669 1.16638 2.10744 2.24976 2.24976 2.24976 2.25018 2.41256 2.45995 2.43560 2.39174 2.35270 2.31795 2.30497 2.74018 3.45630 3.83103 3.87071 3.79632 3.63485 3.50672 3.31705 3.12289 2.96704 2.86204 2.78559 2.75576 2.75863 2.76726 2.78300 2.78747 2.78747 2.78747 2.78747 2.86578 2.18703 1.73863 0.737690 0.737690 0.737690
0.315194 0.314292 0.324575 0.419827 0.459961 0.465585 0.476981 0.510480 0.588083 0.601647 0.601733 0.601819 0.601892 0.601901 0.601901 0.601901 0.601901 0.601901 0.602815 0.695166 0.911270 0.992181 0.992181 0.985507 0.955457 0.925698 0.986465 1.50694 2.24976 2.24976 2.23920 2.20908 2.23650 2.32109 2.30497 2.31288 2.32939 2.34590 2.34842 2.36610 3.34224 3.39956 3.18930 3.05673 2.94171 2.83739 2.79009 2.75683 2.75483 2.76322 2.77512 2.78737 2.78747 2.78747 2.78747 2.78747 2.78747 2.78747 2.78747 2.81274 2.57187 1.93957 1.12366 0.737690 0.737690
0.356371 0.371517 0.384813 0.464943 0.473474 0.473545 0.473616 0.500016 0.551504 0.601901 0.601901 0.601901 0.601901 0.601901 0.601901 0.601901 0.601901 0.601587 0.592548 0.621265 0.731110 0.883141 0.858900 0.840699 0.839178 0.839178 0.865275 0.924556 2.04084 2.15456 2.13519 2.14698 2.16568 2.31598 2.32831 2.30939 2.28185 2.21702 2.12330 2.04942 2.55880 2.87589 2.77576 2.74869 2.76419 2.75945 2.76832 2.78422 2.78747 2.78747 2.78747 2.78747 2.78747 2.78747 2.78747 2.78416 2.77022 2.75709 2.74459 2.73211 2.77588 1.99120 1.79679 0.737690 0.738361
0.381994 0.382066 0.382137 0.424687 0.473745 0.473745 0.473745 0.485751 0.519597 0.600798 0.601901 0.601901 0.597612 0.585189 0.573348 0.562278 0.551882 0.542340 0.539445 0.542952 0.612011 0.812132 0.836761 0.811740 0.781181 0.750610 0.731931 0.802924 1.43853 2.14839 2.13673 2.11346 2.08380 2.08108 2.10007 2.02808 1.96192 1.92884 1.93027 1.93066 2.05504 2.80907 2.76367 2.76006 2.79514 2.78887 2.78747 2.78747 2.78747 2.78747 2.78350 2.76919 2.75440 2.74107 2.72858 2.71940 2.72088 2.72154 2.72154 2.72154 2.75415 2.35034 2.01468 1.13805 0.805035
0.382255 0.382255 0.382255 0.387156 0.467745 0.473745 0.473915 0.477456 0.513963 0.555311 0.556083 0.546068 0.539622 0.539445 0.539445 0.539445 0.539445 0.539445 0.539031 0.522092 0.534304 0.636256 0.735423 0.738660 0.720388 0.696727 0.670320 0.686557 0.763619 1.83951 1.92138 1.85753 1.80030 1.79836 1.91843 1.93159 1.92611 1.92560 1.93520 1.94584 1.96379 2.62265 2.81795 2.77068 2.77808 2.79395 2.76826 2.75342 2.73861 2.72506 2.71654 2.71837 2.72068 2.72154 2.72154 2.72162 2.72432 2.72833 2.73234 2.73635 2.74014 2.69497 1.96665 1.93373 0.848198
0.395687 0.383188 0.386622 0.390192 0.440505 0.488824 0.492224 0.493076 0.513335 0.533094 0.539445 0.539445 0.539445 0.539445 0.539445 0.527594 0.502147 0.476682 0.452094 0.453520 0.472768 0.579599 0.627095 0.594247 0.585017 0.574995 0.565703 0.578167 0.640640 1.15602 1.78379 1.78379 1.78188 1.79356 1.86679 1.94044 1.95626 1.96636 1.96636 1.96636 1.96636 2.26281 2.80878 2.72584 2.70603 2.72479 2.71598 2.71812 2.72047 2.72154 2.72154 2.72237 2.72613 2.73013 2.73415 2.73808 2.74169 2.75448 2.77155 2.80813 2.85419 2.89726 2.24001 2.12642 1.16885
0.446370 0.401448 0.401586 0.401586 0.408740 0.489118 0.493076 0.493076 0.499065 0.530143 0.538666 0.532325 0.507110 0.474302 0.454780 0.453234 0.465310 0.477378 0.489004 0.491131 0.491686 0.534742 0.568104 0.554681 0.549653 0.549565 0.549565 0.550170 0.621400 0.701736 1.63795 1.78816 1.80128 1.82735 1.85201 1.95973 1.96636 1.96636 1.96636 1.96636 1.96636 1.98098 2.69761 2.73407 2.70344 2.71766 2.72937 2.72392 2.72793 2.73194 2.73595 2.74202 2.75545 2.77008 2.78833 2.82290 2.86894 2.89267 2.90490 2.90217 2.89033 2.90184 2.59304 2.03607 1.93426
0.479255 0.405810 0.401586 0.401586 0.401586 0.452679 0.493076 0.489349 0.466322 0.462915 0.455783 0.453740 0.465558 0.484986 0.491126 0.491157 0.491837 0.492774 0.493711 0.494643 0.495024 0.503091 0.549124 0.549565 0.549565 0.549565 0.549565 0.549565 0.588162 0.657430 1.18357 1.82348 1.82348 1.82348 1.84023 1.91042 1.96636 1.96708 1.96967 1.97235 1.97503 1.97677 2.40588 2.76681 2.70158 2.69999 2.73773 2.75641 2.77046 2.78666 2.80532 2.83463 2.86953 2.90167 2.90971 2.90857 2.89444 2.89511 2.90414 2.90414 2.90414 2.90414 2.87354 2.06612 2.19573
0.483611 0.435790 0.401302 0.400255 0.390072 0.398416 0.467626 0.470033 0.489851 0.493680 0.483226 0.491198 0.491988 0.492925 0.493861 0.494767 0.495024 0.495024 0.495024 0.495024 0.495024 0.495024 0.529974 0.552306 0.549565 0.549565 0.549398 0.546344 0.551440 0.619612 0.725644 1.68173 1.82348 1.82374 1.83238 1.85984 1.97139 1.97671 1.97630 1.97438 1.97239 1.96977 2.06430 2.75807 2.74801 2.77989 2.82052 2.83521 2.86876 2.90265 2.91860 2.91494 2.90081 2.89038 2.90274 2.90414 2.90414 2.90414 2.90414 2.90414 2.90414 2.90414 2.90414 2.40937 2.08446
0.456104 0.408022 0.412144 0.413420 0.423635 0.424882 0.471374 0.501610 0.502464 0.502450 0.485497 0.492753 0.495024 0.495024 0.495024 0.495024 0.495024 0.495024 0.495024 0.495024 0.495024 0.493506 0.501835 0.540684 0.535785 0.531684 0.527752 0.526706 0.526706 0.582626 0.667436 1.19550 1.82823 1.82964 1.82878 1.84385 1.92192 1.96699 1.96294 1.96032 1.96429 1.99095 2.02127 2.62781 2.91248 2.95551 2.98235 2.92546 2.90715 2.89304 2.89684 2.90414 2.90414 2.90414 2.90414 2.90414 2.90414 2.90414 2.89556 2.77177 2.60138 2.41780 2.22291 2.02102 1.98479
0.317890 0.318257 0.397812 0.425202 0.426108 0.427045 0.438971 0.504369 0.505349 0.505349 0.493222 0.489233 0.495024 0.495024 0.495024 0.494633 0.491182 0.487083 0.482982 0.478883 0.474782 0.472204 0.472764 0.514048 0.527474 0.526718 0.527747 0.529418 0.531090 0.558240 0.626294 0.746135 1.68328 1.81495 1.81084 1.81752 1.86255 1.99916 2.03058 2.06182 2.09022 2.09701 2.10211 2.36563 2.96599 2.95811 2.95011 2.92939 2.90420 2.90414 2.90414 2.90414 2.90414 2.89185 2.76136 2.59304 2.41220 2.21638 2.01953 1.96677 1.96374 1.96374 1.96374 1.96446 1.97112
0.319596 0.320533 0.356321 0.428811 0.428842 0.428842 0.428842 0.479114 0.505349 0.505349 0.505587 0.500800 0.487659 0.480621 0.476524 0.472812 0.472165 0.472165 0.472165 0.472165 0.472165 0.472165 0.472850 0.491529 0.532468 0.531963 0.530181 0.531483 0.545961 0.563848 0.589647 0.674375 1.21136 1.86790 1.90340 1.93902 1.95917 2.05283 2.10177 2.09706 2.06651 2.04972 2.03342 2.04930 2.85187 2.96014 2.96345 2.95493 2.88858 2.75075 2.58187 2.40260 2.21008 2.01744 1.97329 1.96737 1.96377 1.96374 1.96374 1.96660 1.97345 1.98032 1.98719 1.99334 1.99466
0.322180 0.322180 0.323942 0.417294 0.429408 0.436007 0.444677 0.469481 0.550417 0.564449 0.572308 0.552447 0.498383 0.472165 0.472165 0.472165 0.472165 0.472165 0.472565 0.474148 0.475820 0.474404 0.463339 0.449691 0.504459 0.590271 0.607745 0.627251 0.660009 0.695517 0.721804 0.810227 0.947178 1.83326 1.95807 1.95725 1.93022 1.94130 2.04062 2.03316 2.04749 2.04780 2.04780 2.04780 2.43131 2.62714 2.45539 2.26627 2.03669 1.97981 1.97388 1.96796 1.96387 1.96374 1.96420 1.96969 1.97657 1.98344 1.99032 1.99502 2.01280 2.03389 2.04617 2.05827 2.07148
0.328496 0.333727 0.339316 0.405461 0.478347 0.480547 0.480547 0.480547 0.545466 0.572355 0.572355 0.561612 0.528479 0.472165 0.472348 0.473783 0.484718 0.490862 0.477681 0.462004 0.444764 0.430316 0.426830 0.428351 0.489647 0.687112 0.741877 0.771560 0.774816 0.774816 0.773324 0.773469 0.926248 1.36775 1.89984 1.88420 1.89473 1.89957 2.01126 2.04780 2.04780 2.04780 2.04780 2.04780 2.04678 2.04136 2.04144 2.03774 2.01443 1.96409 1.96605 1.97282 1.97969 1.98656 1.99416 2.01471 2.03949 2.05528 2.06733 2.07871 2.07311 2.07477 2.10440 2.13476 2.16365
0.350141 0.352552 0.352552 0.364558 0.477615 0.480547 0.480547 0.480547 0.501868 0.572355 0.572383 0.571527 0.592549 0.516098 0.492144 0.477177 0.449662 0.426857 0.426830 0.428991 0.433379 0.437763 0.442149 0.445020 0.475836 0.709455 0.774816 0.774816 0.774816 0.774816 0.774807 0.768480 0.862563 0.948837 1.78907 1.89957 1.89957 1.89957 1.94245 2.04780 2.04710 2.04197 2.03604 2.03013 2.02522 2.02469 2.02572 2.02866 2.02577 1.97638 2.01649 2.04177 2.06378 2.07644 2.08730 2.08018 2.06745 2.06618 2.09067 2.12103 2.15128 2.17098 2.17144 2.17144 2.17144
0.335991 0.352552 0.352552 0.352552 0.436021 0.480430 0.480152 0.479642 0.461223 0.492936 0.472035 0.424503 0.473798 0.467721 0.426882 0.429700 0.434086 0.438472 0.442858 0.445082 0.445082 0.445082 0.445082 0.445082 0.445082 0.602292 0.768898 0.774816 0.774816 0.774816 0.776139 0.776450 0.808965 0.936303 1.36918 1.89957 1.89997 1.90625 1.91500 2.01318 2.02550 2.02447 2.02227 2.01967 2.01716 2.01568 2.01623 2.08454 2.12585 2.11682 2.07967 2.07424 2.06431 2.06388 2.07702 2.10731 2.13764 2.16556 2.17144 2.17144 2.17144 2.17144 2.17144 2.17144 2.17144
0.322596 0.351272 0.351816 0.356499 0.387452 0.400695 0.356868 0.308393 0.276704 0.297342 0.368831 0.373033 0.420385 0.516678 0.444833 0.445082 0.445082 0.445082 0.445082 0.445082 0.445082 0.445082 0.445082 0.445082 0.445551 0.503660 0.736654 0.784386 0.787581 0.790780 0.792652 0.792313 0.788935 0.917633 0.971921 1.81908 1.92876 1.92999 1.92748 1.95890 2.01735 2.01636 2.01732 2.01926 2.02657 2.03423 2.04161 2.11573 2.18141 2.17426 2.05224 2.09356 2.12393 2.15412 2.17135 2.17144 2.17144 2.17144 2.17144 2.17144 2.17144 2.17144 2.17144 2.17274 2.17754
0.340448 0.360134 0.348991 0.332599 0.309168 0.275624 0.269658 0.274392 0.279874 0.285606 0.371110 0.391377 0.393272 0.518920 0.468721 0.445082 0.445082 0.445082 0.445093 0.447297 0.451135 0.454969 0.458807 0.462641 0.466010 0.466939 0.663070 0.792303 0.792664 0.795867 0.804037 0.812263 0.821346 0.890613 0.977034 1.41518 1.92379 1.92326 1.92453 1.92935 2.01772 2.03648 2.04386 2.05067 2.05201 2.05201 2.05222 2.08397 2.22664 2.25824 2.19890 2.16813 2.17144 2.17144 2.17144 2.17144 2.17144 2.17144 2.17144 2.17242 2.17706 2.18205 2.18704 2.19073 2.19092
0.415751 0.395130 0.306168 0.311161 0.316641 0.307719 0.291104 0.291852 0.291852 0.291852 0.325573 0.391377 0.391377 0.463787 0.493607 0.453375 0.457209 0.461047 0.464872 0.466500 0.466500 0.466500 0.466500 0.466500 0.466500 0.468704 0.558281 0.785243 0.818575 0.821573 0.819233 0.812129 0.806836 0.832287 0.973513 1.00166 1.84332 1.94471 1.95210 1.95766 1.99868 2.05201 2.05205 2.05724 2.08475 2.11512 2.14527 2.15974 2.25151 2.28914 2.26850 2.15353 2.17144 2.17144 2.17144 2.17214 2.17657 2.18157 2.18656 2.19057 2.19092 2.19092 2.19040 2.18792 2.18525
0.427314 0.429793 0.357568 0.327736 0.327736 0.326121 0.293984 0.291852 0.290187 0.287234 0.285516 0.355210 0.362030 0.374016 0.470905 0.466965 0.466500 0.466500 0.466500 0.466500 0.466500 0.467516 0.475906 0.485778 0.495883 0.507871 0.524404 0.727915 0.793033 0.786693 0.781096 0.785471 0.793749 0.841175 0.964820 1.02394 1.47004 1.95799 1.95799 1.95843 1.98107 2.09441 2.13172 2.15688 2.15974 2.15974 2.15974 2.15974 2.19936 2.28914 2.28914 2.18489 2.17533 2.18108 2.18607 2.19037 2.19092 2.19092 2.18938 2.18673 2.18406 2.18139 2.17924 2.16779 2.15136
0.436112 0.436021 0.403313 0.323344 0.319030 0.315074 0.294122 0.278830 0.277828 0.277828 0.277828 0.309152 0.357448 0.357448 0.443220 0.468792 0.466500 0.466780 0.473788 0.482138 0.488739 0.507494 0.519018 0.528279 0.536844 0.542415 0.550293 0.663155 0.788260 0.802489 0.809517 0.811271 0.811271 0.835953 0.907046 1.02394 1.04835 1.90155 2.02400 2.05393 2.06572 2.11306 2.15974 2.15974 2.15974 2.15974 2.15974 2.16001 2.16564 2.28396 2.30328 2.26708 2.17698 2.19057 2.18821 2.18555 2.18287 2.18021 2.16623 2.14093 2.14541 2.18348 2.22472 2.27792 2.28462
0.412516 0.406444 0.398126 0.321987 0.306535 0.306535 0.302014 0.277929 0.277828 0.277828 0.277828 0.279903 0.349061 0.357623 0.408745 0.472877 0.486313 0.506808 0.519483 0.529998 0.541614 0.542481 0.555311 0.600962 0.648247 0.695531 0.735004 0.740101 0.778080 0.811271 0.811271 0.811271 0.811271 0.818913 0.862617 1.01008 1.02394 1.53730 2.06572 2.06572 2.06572 2.07318 2.15598 2.15988 2.16341 2.16840 2.17339 2.17811 2.17922 2.24031 2.29531 2.28512 2.15926 2.16490 2.13934 2.11977 2.14614 2.18492 2.24140 2.31744 2.32854 2.24579 2.15726 2.07336 2.04605
0.400382 0.400382 0.400052 0.362522 0.306535 0.306535 0.306535 0.285345 0.280051 0.292786 0.305982 0.328185 0.408678 0.512413 0.538136 0.544748 0.543446 0.542481 0.561549 0.608597 0.655901 0.703166 0.737621 0.739254 0.739254 0.739254 0.739254 0.739254 0.749902 0.809091 0.811271 0.811271 0.811271 0.815926 0.886387 0.987891 1.02394 1.05784 1.97784 2.06567 2.05130 2.02564 2.09711 2.17776 2.17910 2.17272 2.16286 2.15302 2.14364 2.15180 2.19943 2.16013 2.07671 2.18627 2.27484 2.34607 2.35143 2.28487 2.19714 2.10852 2.05060 2.04472 2.04472 2.04472 2.04472
0.400382 0.400382 0.400382 0.399706 0.334593 0.341269 0.355419 0.364045 0.394224 0.414796 0.433253 0.442580 0.449587 0.547126 0.581321 0.623667 0.666077 0.710800 0.739018 0.739254 0.739254 0.739254 0.739254 0.739254 0.739254 0.739254 0.739254 0.739520 0.761055 0.838636 0.894890 0.926672 0.958471 0.985598 1.02084 1.06361 1.01015 0.972090 1.47737 1.97991 1.96754 1.95908 1.97631 2.14725 2.14148 2.13885 2.13929 2.11468 2.07475 2.03449 1.99216 1.96527 1.97444 2.24041 2.23692 2.14835 2.06752 2.04547 2.04472 2.04472 2.04472 2.04472 2.04472 2.04472 2.04472
0.434059 0.445905 0.458411 0.464015 0.430836 0.388648 0.391777 0.397416 0.439272 0.445418 0.478361 0.525642 0.572926 0.676216 0.751628 0.749869 0.743181 0.739455 0.739254 0.739254 0.739254 0.739254 0.747479 0.778017 0.809798 0.841579 0.873378 0.904911 0.916902 0.935166 0.988744 0.988919 0.983793 0.959888 0.938816 0.973265 0.890543 0.859403 0.887850 1.85169 1.92956 1.92902 1.92584 2.02951 2.06248 2.02220 1.98234 1.96751 1.96751 1.95795 1.89763 1.82231 1.74849 1.83467 2.03693 2.04472 2.04472 2.04472 2.04472 2.04472 2.04472 2.04472 2.04551 2.05489 2.06658
0.481034 0.499683 0.517660 0.536344 0.523567 0.405154 0.440169 0.487453 0.557298 0.626704 0.641029 0.641029 0.641029 0.649711 0.746983 0.751623 0.745423 0.761324 0.796723 0.828522 0.860303 0.892102 0.915658 0.916902 0.916902 0.916902 0.916902 0.916902 0.914669 0.896295 0.923725 0.914041 0.887779 0.876445 0.885968 0.917419 0.873056 0.820033 0.803692 1.33745 1.83959 1.79931 1.76306 1.79746 1.96716 1.96716 1.92936 1.85830 1.78451 1.72024 1.70575 1.70301 1.70271 1.72894 1.99820 2.04472 2.04472 2.04472 2.04517 2.05382 2.06552 2.07721 2.08812 2.09044 2.09044
0.541189 0.544458 0.571566 0.603558 0.643894 0.636536 0.595206 0.595206 0.599663 0.640085 0.641029 0.644049 0.656891 0.671292 0.756041 0.830131 0.847234 0.865249 0.916902 0.916902 0.916902 0.916902 0.916902 0.916902 0.916378 0.898891 0.873248 0.847589 0.827735 0.841775 0.895203 0.964837 0.996513 1.03192 1.02589 0.946624 0.777127 0.609058 0.562583 0.615405 1.67222 1.75692 1.74357 1.68078 1.76082 1.74424 1.70827 1.70549 1.70549 1.70549 1.70549 1.70408 1.70271 1.70271 1.87421 2.05086 2.06445 2.07614 2.08739 2.09044 2.09044 2.08999 2.08867 2.08732 2.08597
