results/OMI_NO2_200810.asc
ncols      200
nrows      200
xllcorner       120.258
yllcorner       41.1236
cellsize     0.0166667
NODATA_Value      -999.000
[rows 58 to 86 of 200, columns 66 to 131 of 200]
1.76229 1.73644 1.71034 1.75421 1.81423 1.80357 1.72061 1.67358 1.60419 1.64865 1.61171 1.54432 1.50756 1.50498 1.50698 1.51827 1.53188 1.56236 1.57810 1.59677 1.70163 1.70664 1.70634 1.70398 1.63057 1.61314 1.64736 1.58619 1.57582 1.70727 1.76386 1.81066 1.85549 1.89565 1.93406 1.96384 1.96643 1.96974 1.98040 1.99131 1.99737 1.99877 1.99736 1.98665 2.31368 2.51593 2.52174 2.59768 2.60373 2.69944 2.51747 2.43164 2.43185 2.45407 2.57921 2.79056 2.77718 2.72671 2.67612 2.62786 2.61701 2.61483 2.57859 2.60119 2.44702 2.25559
1.67669 1.67483 1.67483 1.68705 1.72001 1.70463 1.59194 1.53010 1.49007 1.58544 1.64424 1.63233 1.58610 1.58529 1.58529 1.58529 1.58519 1.56504 1.59627 1.59493 1.65905 1.71152 1.71758 1.73048 1.70530 1.66547 1.68823 1.70327 1.58537 1.78794 1.84104 1.92673 1.97027 1.98105 1.99196 2.00287 2.01227 2.01127 2.00202 1.99097 1.96421 1.93388 1.90117 1.87194 1.93554 2.10534 2.05550 2.23553 2.24478 2.46648 2.38691 2.24973 2.20680 2.17830 2.23554 2.53000 2.61598 2.60717 2.56584 2.51785 2.46652 2.41789 2.38183 2.43253 2.21797 2.06176
1.56148 1.54494 1.52890 1.52445 1.60610 1.68089 1.65710 1.59134 1.53651 1.60072 1.65389 1.66039 1.59760 1.57930 1.57694 1.57679 1.58287 1.54542 1.60840 1.62679 1.65488 1.76358 1.77860 1.78703 1.78048 1.73611 1.77773 1.86164 1.77998 1.85949 1.91146 1.97757 2.01561 2.01577 2.00627 1.99601 1.96470 1.92985 1.89718 1.86703 1.85537 1.85068 1.84287 1.83413 1.82594 1.98314 1.98622 2.11654 2.04046 2.23213 2.34148 2.25338 2.25065 2.22285 2.14104 2.33642 2.41952 2.34567 2.30434 2.26961 2.23665 2.22366 2.27337 2.38053 2.43885 2.21016
1.57732 1.57732 1.57732 1.57732 1.60877 1.67557 1.72242 1.66436 1.62177 1.68955 1.76666 1.79803 1.69170 1.59351 1.60382 1.62325 1.63870 1.61689 1.63249 1.69796 1.72724 1.79570 1.84477 1.87964 1.91118 1.85835 1.88061 1.93996 1.87681 1.82856 1.92941 1.93040 1.94231 1.92584 1.89315 1.86126 1.84650 1.84699 1.84757 1.84813 1.84872 1.85071 1.85779 1.85859 1.85380 1.92758 2.00885 2.17717 2.17914 2.20116 2.31825 2.20551 2.06591 2.01691 1.89185 1.94317 2.18989 2.19606 2.24681 2.30465 2.35967 2.39856 2.40600 2.42125 2.54864 2.31035
1.59681 1.62523 1.65366 1.68208 1.71606 1.80646 1.85029 1.78121 1.72302 1.72496 1.80028 1.85774 1.83089 1.65882 1.67205 1.69571 1.73087 1.74652 1.71713 1.84884 1.88410 1.90218 1.89659 1.89572 1.89498 1.87084 1.83057 1.88867 1.87187 1.71586 1.81843 1.77019 1.83168 1.86385 1.86588 1.86465 1.85970 1.84189 1.81932 1.79722 1.78128 1.78047 1.78340 1.79521 1.81006 1.82404 1.98988 2.10536 2.15214 2.06324 2.06032 2.06191 1.96840 1.93822 1.91396 1.93634 2.28283 2.37833 2.39368 2.40552 2.41984 2.43180 2.43924 2.44186 2.54416 2.39517
1.67763 1.67176 1.66001 1.60249 1.53585 1.51203 1.50689 1.53173 1.70051 1.64114 1.74222 1.79240 1.81387 1.67031 1.63654 1.63280 1.61745 1.60662 1.65890 1.85140 1.88489 1.87171 1.83949 1.80100 1.77402 1.74508 1.78801 1.90730 1.99575 1.89539 1.81450 1.67947 1.75092 1.75389 1.75030 1.73467 1.73932 1.75880 1.79254 1.82490 1.83754 1.83406 1.82619 1.81227 1.79997 1.79367 1.91975 2.05684 2.18268 2.11636 2.04817 2.08121 2.05387 2.12559 2.17890 2.12438 2.30684 2.43211 2.43940 2.44180 2.42238 2.38752 2.35264 2.31777 2.33252 2.33850
1.46336 1.40509 1.35813 1.35832 1.36763 1.39243 1.45703 1.49344 1.64505 1.65370 1.76868 1.82605 1.84367 1.75713 1.63083 1.63697 1.62534 1.59048 1.58386 1.74209 1.82529 1.79984 1.78025 1.75615 1.71906 1.68523 1.67467 1.71459 1.78725 1.75268 1.73564 1.61902 1.69599 1.78441 1.85358 1.88377 1.89117 1.88997 1.87791 1.86208 1.85969 1.85907 1.86088 1.86706 1.87335 1.87902 1.93299 2.12786 2.35341 2.33152 2.25570 2.24915 2.25242 2.22398 2.33701 2.25702 2.23134 2.34442 2.30971 2.27492 2.25946 2.25946 2.25946 2.26633 2.28866 2.42330
1.36915 1.37840 1.37957 1.36286 1.36042 1.36121 1.41624 1.47668 1.51877 1.66368 1.76739 1.83494 1.84573 1.82105 1.62117 1.58665 1.56179 1.52965 1.48226 1.46731 1.58424 1.57444 1.58288 1.58101 1.58101 1.58115 1.59242 1.65931 1.79676 1.82261 1.82347 1.77080 1.83184 1.98347 1.95504 1.93103 1.92394 1.91686 1.91033 1.90906 1.90814 1.90186 1.89473 1.88839 1.88385 1.88008 1.88411 2.09984 2.40899 2.46898 2.29640 2.20264 2.17449 2.09304 2.15476 2.14417 2.07908 2.22613 2.28660 2.30465 2.32323 2.34334 2.36848 2.38611 2.39230 2.51403
1.30572 1.30557 1.30774 1.32385 1.32688 1.32688 1.34784 1.39984 1.42486 1.57665 1.66752 1.75791 1.71095 1.65042 1.44107 1.32603 1.29918 1.29686 1.29903 1.30818 1.47481 1.57334 1.59439 1.61929 1.63784 1.65625 1.66833 1.70538 1.80904 1.86428 1.83594 1.80066 1.74390 1.95453 1.94514 1.90791 1.90141 1.89428 1.88715 1.88015 1.87599 1.87779 1.88056 1.89839 1.92749 1.96055 1.99476 2.06863 2.26213 2.36913 2.20930 2.13059 2.12753 2.13586 2.12353 2.24434 2.18096 2.25183 2.38393 2.38956 2.39727 2.41562 2.42854 2.43235 2.43506 2.47095
1.33754 1.35492 1.36692 1.37534 1.38410 1.39298 1.40250 1.36549 1.41488 1.47459 1.60088 1.63001 1.51059 1.48932 1.43629 1.31012 1.32110 1.33207 1.34442 1.37539 1.44940 1.62566 1.65215 1.67146 1.67013 1.66837 1.66697 1.68123 1.74767 1.85554 1.82016 1.79854 1.70516 1.84307 1.92567 1.87929 1.87396 1.87660 1.87926 1.89625 1.92865 1.96195 1.99652 2.01370 2.01703 2.02226 2.02994 2.04159 2.18028 2.43011 2.39092 2.26064 2.18806 2.14534 2.03465 2.08458 2.10137 2.15137 2.33894 2.34339 2.29908 2.24294 2.18837 2.14243 2.09602 2.06854
1.41109 1.40079 1.39679 1.39679 1.39679 1.38241 1.35036 1.29181 1.28935 1.28018 1.43724 1.47823 1.42160 1.34130 1.33493 1.37096 1.38506 1.39596 1.40421 1.41170 1.41329 1.57264 1.62659 1.61089 1.62522 1.65974 1.65704 1.65545 1.70112 1.79220 1.78790 1.77333 1.71529 1.74360 1.92535 1.92156 1.93008 1.96332 1.99804 2.02166 2.02952 2.03741 2.04554 2.05391 2.06239 2.06535 2.06429 2.06366 2.09763 2.26221 2.21393 2.00637 1.89866 1.83870 1.78701 1.70658 1.77856 1.85646 1.95846 2.06679 2.06663 2.06158 2.05362 2.04564 2.03837 2.03454
1.39679 1.38828 1.35715 1.31440 1.25278 1.20480 1.17192 1.12896 1.08254 1.11616 1.22868 1.37317 1.42194 1.36284 1.37237 1.38900 1.40095 1.39893 1.38545 1.36257 1.34181 1.38024 1.52393 1.54047 1.56393 1.66122 1.66488 1.66434 1.68801 1.75706 1.80119 1.79489 1.80062 1.76188 2.02323 2.07914 2.04011 2.04610 2.05387 2.05527 2.05467 2.06713 2.08215 2.09223 2.06568 2.02891 1.98327 1.91051 1.77094 1.79447 1.84563 1.76465 1.64988 1.57396 1.57280 1.49052 1.59396 1.69560 1.76822 1.99888 1.99199 1.98676 1.99112 2.00261 2.01442 2.02793
1.21371 1.16488 1.13421 1.11603 1.11904 1.12271 1.13266 1.14555 1.12242 1.18507 1.23627 1.49092 1.52918 1.44128 1.41742 1.40667 1.41096 1.39126 1.38478 1.37546 1.31552 1.31675 1.45926 1.52833 1.54708 1.62138 1.67513 1.68372 1.70601 1.79294 1.83283 1.80353 1.77816 1.80837 1.97446 2.12948 2.10856 2.09347 2.09845 2.08429 2.03799 1.95187 1.84555 1.74764 1.68906 1.64292 1.61522 1.61372 1.61331 1.59127 1.75667 1.75356 1.65484 1.58194 1.57315 1.56082 1.50743 1.60347 1.71287 1.91747 2.01463 2.02839 2.03552 2.04349 2.07084 2.09905
1.19473 1.19544 1.20360 1.21369 1.22378 1.23822 1.25355 1.26647 1.25733 1.27435 1.30888 1.47554 1.54799 1.44411 1.37234 1.39553 1.42637 1.43804 1.44354 1.44548 1.34015 1.33639 1.38215 1.51390 1.51966 1.57297 1.66610 1.65679 1.63198 1.65832 1.66911 1.70578 1.78390 1.81128 1.87431 2.05776 1.94255 1.79885 1.70555 1.63562 1.59631 1.58234 1.59455 1.60811 1.62079 1.63073 1.63150 1.63150 1.63152 1.59271 1.72110 1.76928 1.71375 1.64627 1.59549 1.60926 1.53284 1.60853 1.74982 1.87960 2.10524 2.13346 2.16167 2.18192 2.18279 2.18279
1.22546 1.24128 1.25561 1.26865 1.28247 1.29129 1.29731 1.28559 1.26108 1.20406 1.26739 1.34216 1.55039 1.51215 1.42949 1.42787 1.42590 1.42002 1.38878 1.34636 1.20767 1.13604 1.10772 1.25770 1.31670 1.38386 1.46064 1.48021 1.47629 1.50770 1.57962 1.62827 1.72408 1.73248 1.75085 1.65226 1.62043 1.58990 1.59004 1.60247 1.61513 1.62751 1.63150 1.63154 1.63299 1.63511 1.63912 1.65191 1.66580 1.65779 1.71208 1.78646 1.77627 1.75468 1.69946 1.71934 1.71946 1.69577 1.82649 1.90888 2.14532 2.18279 2.18279 2.18279 2.18129 2.15629
1.31491 1.33653 1.35391 1.34840 1.32493 1.30237 1.27467 1.26525 1.26525 1.23141 1.26583 1.26697 1.43491 1.40744 1.26431 1.18162 1.14394 1.14027 1.11557 1.10043 1.05419 1.01723 1.01723 1.09479 1.28258 1.35501 1.44940 1.51168 1.49476 1.47202 1.50348 1.53639 1.65561 1.69666 1.72821 1.69657 1.63709 1.63909 1.63121 1.63313 1.63525 1.63738 1.63960 1.64888 1.66135 1.67313 1.68303 1.68332 1.67169 1.65172 1.74106 1.91735 1.95210 1.91710 1.85177 1.79070 1.79070 1.69461 1.76565 1.88540 2.01809 2.13651 2.10352 2.07431 2.06884 2.09610
1.35806 1.31968 1.28141 1.26525 1.26144 1.24299 1.22481 1.20662 1.18841 1.12669 0.996948 1.05087 1.14694 1.25373 1.14460 1.08186 1.06812 1.08985 1.11832 1.14299 1.14161 1.10257 1.09725 1.08174 1.22475 1.26515 1.32599 1.40873 1.42560 1.42248 1.46137 1.51235 1.61862 1.72046 1.75329 1.77583 1.67023 1.66576 1.64281 1.63734 1.64110 1.64545 1.64853 1.63384 1.61225 1.59082 1.56968 1.54955 1.53981 1.53335 1.62974 1.82918 1.84476 1.82439 1.78348 1.68576 1.68203 1.65349 1.63512 1.69002 1.81526 2.11393 2.15233 2.15766 2.13459 2.10236
1.19434 1.17605 1.15789 1.13970 1.12533 1.12560 1.12560 1.12560 1.12362 1.11579 0.965313 1.01308 1.03173 1.25957 1.15970 1.10777 1.08770 1.12892 1.19545 1.15229 1.10414 0.988034 0.972236 0.968877 1.04915 1.22676 1.30755 1.40165 1.43077 1.42899 1.43445 1.49877 1.60837 1.72377 1.74917 1.73336 1.59775 1.56310 1.54360 1.52614 1.51313 1.49951 1.48697 1.48450 1.48450 1.48450 1.48450 1.48450 1.48450 1.48761 1.55448 1.77572 1.84592 1.86201 1.84304 1.79049 1.75111 1.72185 1.67054 1.76562 1.77627 1.95270 2.00776 2.00491 1.99461 1.97434
1.12555 1.12560 1.12560 1.12560 1.12465 1.11783 1.11061 1.10718 1.10641 1.11116 1.04048 0.996728 1.04847 1.17186 1.14169 1.02948 0.951639 0.907751 1.03609 1.04425 1.04059 0.981407 0.984953 1.00338 1.01968 1.22906 1.30329 1.39198 1.38306 1.37904 1.37904 1.43405 1.55596 1.69921 1.74277 1.74204 1.60718 1.52407 1.52065 1.50313 1.50676 1.51068 1.51933 1.55083 1.58014 1.60187 1.62334 1.64874 1.67548 1.70276 1.73981 1.86424 1.90195 1.86366 1.80310 1.63055 1.59274 1.59217 1.58745 1.66913 1.70913 1.82806 1.98291 1.97556 1.98063 1.99395
1.12531 1.12239 1.11965 1.11690 1.11511 1.11918 1.12366 1.12433 1.12433 1.11985 1.09817 0.945530 1.01467 1.01074 1.00419 0.940806 0.901033 0.890139 0.994069 1.07149 1.07547 1.04945 1.02061 1.00466 1.00121 1.12890 1.33123 1.41533 1.49344 1.52989 1.56940 1.58641 1.59551 1.78586 1.91354 1.93811 1.81319 1.72230 1.72654 1.72502 1.73626 1.76694 1.79540 1.80548 1.81881 1.83943 1.86218 1.88235 1.89674 1.87143 1.82492 1.80476 1.77749 1.77880 1.77818 1.65525 1.60019 1.58912 1.58186 1.59156 1.68331 1.79003 1.97896 2.01294 2.00267 1.99422
1.12186 1.12433 1.12433 1.12433 1.12422 1.11834 1.10926 1.10018 1.08948 1.07835 1.07181 0.964821 0.966572 0.993453 1.01852 0.942774 0.920771 0.892238 0.903496 1.02873 1.02873 1.02873 1.03051 1.05231 1.07949 1.12133 1.40409 1.53004 1.67249 1.68549 1.70369 1.72355 1.65480 1.83156 2.03213 2.15437 2.02268 1.91378 1.88505 1.89798 1.89738 1.90313 1.90862 1.91326 1.92059 1.90819 1.87003 1.83061 1.79564 1.79466 1.80122 1.79796 1.85202 1.85331 1.85428 1.79627 1.67885 1.68725 1.68857 1.68322 1.64863 1.68606 1.76183 1.85325 1.82218 1.79109
1.09833 1.11684 1.10775 1.09867 1.08720 1.07726 1.07077 1.06464 1.06009 1.06153 1.08278 1.07757 0.981965 0.979680 0.984447 0.943785 0.896586 0.872410 0.882645 1.04685 1.09964 1.12519 1.15164 1.16773 1.19683 1.23007 1.42156 1.69036 1.86864 1.98656 2.02683 2.05143 1.96422 1.97137 1.98931 2.23475 2.17247 2.05380 2.02146 2.00463 2.00556 2.00858 1.97628 1.93578 1.89324 1.87097 1.87096 1.87580 1.88701 1.89693 1.89117 1.87217 1.87488 1.86361 1.83779 1.79852 1.69479 1.65349 1.62473 1.59576 1.50191 1.52135 1.56308 1.74585 1.75767 1.75767
1.06185 1.07617 1.06974 1.06367 1.06062 1.06538 1.08141 1.11757 1.15865 1.20168 1.21830 1.21779 1.05299 0.999164 1.01376 1.02832 0.993722 0.995991 1.03234 1.16207 1.31414 1.35602 1.39859 1.42733 1.42803 1.42803 1.45560 1.74463 1.83872 1.98891 1.97717 1.96560 1.92262 1.83758 1.86432 2.18086 2.22737 2.06287 2.01991 1.94867 1.90796 1.87564 1.87641 1.88766 1.89889 1.91014 1.91259 1.89756 1.87607 1.84616 1.80292 1.76809 1.73897 1.65364 1.64001 1.61135 1.56853 1.54341 1.54341 1.54341 1.49049 1.48611 1.55420 1.67334 1.76628 1.77228
1.05078 1.06622 1.08128 1.11621 1.15645 1.19366 1.21751 1.20787 1.17099 1.11681 1.06466 1.01421 1.02330 1.05682 1.03023 1.05333 1.14702 1.15118 1.15237 1.21390 1.42516 1.40627 1.35980 1.31078 1.25916 1.21561 1.18142 1.41796 1.71374 1.91025 1.96047 1.95424 1.94809 1.80552 1.84910 1.97348 2.14691 1.93664 1.91308 1.90443 1.90367 1.92169 1.92556 1.90723 1.88732 1.86582 1.82790 1.80311 1.77937 1.76512 1.77810 1.78794 1.78653 1.67082 1.64617 1.65782 1.65100 1.61525 1.62200 1.63007 1.62760 1.48623 1.47757 1.49263 1.61292 1.58581
1.15607 1.10839 1.16856 1.14368 1.09456 1.04529 0.997740 0.957407 0.940548 0.940737 0.940737 0.941138 0.954534 1.07539 1.03873 1.03788 1.10811 1.10600 1.05507 1.07000 1.12613 1.14830 1.17023 1.19215 1.21207 1.21565 1.20839 1.24964 1.63442 1.78619 1.94458 1.89944 1.83598 1.70346 1.64241 1.76356 2.11127 2.09538 2.08313 2.05699 2.01632 2.00735 1.96573 1.93320 1.90349 1.87655 1.87615 1.87583 1.86524 1.84999 1.83506 1.82031 1.83583 1.78599 1.66306 1.67112 1.66774 1.60742 1.60514 1.61053 1.62935 1.47745 1.45279 1.45492 1.57591 1.62173
1.08915 0.908347 0.966194 0.942421 0.940737 0.940737 0.940737 0.940870 0.943164 0.945894 0.932465 0.909785 0.884786 0.949634 0.945442 0.916503 0.964756 1.03429 1.02757 1.07147 1.13746 1.21349 1.20623 1.19898 1.19372 1.19348 1.19348 1.19674 1.40563 1.59115 1.72333 1.73685 1.73994 1.72956 1.59402 1.70587 2.04932 2.10917 2.04679 1.97069 1.89241 1.83675 1.82281 1.80820 1.79227 1.77638 1.75733 1.73617 1.73354 1.73742 1.74327 1.75098 1.78687 1.86494 1.61571 1.63750 1.64960 1.63777 1.67461 1.68649 1.68641 1.57324 1.39462 1.42183 1.46394 1.55277
0.965028 0.844332 0.919675 0.940746 0.935612 0.914198 0.891903 0.869435 0.844847 0.819824 0.810917 0.810917 0.810697 0.845135 0.936391 0.911819 0.919683 1.04308 1.03135 1.05247 1.08560 1.18642 1.19612 1.19253 1.19664 1.20266 1.20860 1.21150 1.23028 1.42147 1.57219 1.65818 1.60866 1.54509 1.39097 1.41030 1.58471 1.73463 1.71278 1.70606 1.69716 1.68156 1.68982 1.69486 1.69976 1.70537 1.71726 1.73271 1.73746 1.74084 1.74510 1.74801 1.74209 1.86350 1.66128 1.58878 1.60148 1.59530 1.61132 1.62641 1.63305 1.58659 1.36919 1.32707 1.32847 1.46451
1.01252 0.936764 0.854130 0.828997 0.811793 0.810917 0.810917 0.810917 0.810597 0.809874 0.809150 0.806401 0.786798 0.764352 0.858572 0.835034 0.826996 0.947936 0.994297 1.04884 1.09941 1.17636 1.23032 1.20583 1.19563 1.19549 1.17726 1.14651 1.11576 1.19070 1.31988 1.35035 1.31076 1.29709 1.26587 1.30887 1.46649 1.69791 1.71356 1.72524 1.74636 1.72558 1.72735 1.73375 1.73579 1.74054 1.74370 1.74645 1.75415 1.76857 1.78025 1.79158 1.78226 1.84501 1.77681 1.57260 1.58797 1.59181 1.58572 1.62641 1.62740 1.63277 1.48289 1.34382 1.38574 1.47850
1.11117 1.05247 0.888782 0.811681 0.810482 0.809758 0.809034 0.804364 0.782988 0.760057 0.737126 0.716221 0.712361 0.711039 0.764132 0.822216 0.836299 0.908199 1.01556 1.03411 1.09185 1.12309 1.17653 1.13024 1.08796 1.06700 1.08796 1.12976 1.17161 1.23648 1.39189 1.41231 1.39970 1.39970 1.37729 1.32312 1.48472 1.68761 1.73428 1.73515 1.73494 1.70962 1.68526 1.72822 1.74043 1.75033 1.76195 1.77357 1.78152 1.78158 1.78332 1.79130 1.79706 1.82650 1.92207 1.65165 1.60448 1.62466 1.63525 1.67000 1.69729 1.70718 1.59945 1.42383 1.43006 1.45321
