results/OMI_NO2_201012.asc
ncols      200
nrows      200
xllcorner       120.258
yllcorner       41.1236
cellsize     0.0166667
NODATA_Value      -999.000
[rows 28 to 55 of 200, columns 65 to 129 of 200]
6.35596 6.17221 6.16650 6.16650 6.16650 6.16650 6.16650 6.16650 5.35104 5.03831 5.23600 5.46128 5.71987 5.86501 5.84279 2.33854 1.27405 1.23782 1.23498 1.11041 0.904140 0.914094 0.914201 0.788105 0.756509 0.646417 0.624531 0.624531 0.624531 0.624531 0.624531 0.624531 0.624531 0.624531 0.624531 0.624531 0.624531 0.624531 0.624531 0.624598 0.639917 0.642740 0.598273 0.509543 0.542951 0.576387 0.595332 0.615325 0.421091 0.228488 0.228488 0.228488 0.228488 0.228488 0.228488 0.225713 0.213478 0.197662 0.177504 0.149004 0.112175 0.112175 0.112175 0.112175 0.112175
6.37483 6.24408 6.16650 6.16650 6.22619 6.55892 6.98099 7.48858 7.71790 5.90517 5.86497 5.92265 5.99678 6.07109 6.14454 4.68466 1.23498 1.23498 1.23498 1.23239 0.945465 0.914201 0.914201 0.852952 0.756933 0.702741 0.624531 0.624531 0.624531 0.624531 0.624531 0.624531 0.624531 0.624531 0.624531 0.624531 0.624531 0.624531 0.642701 0.719209 0.808652 0.899310 0.942897 0.668556 0.633754 0.633754 0.632313 0.617066 0.565961 0.229012 0.223274 0.209851 0.193085 0.171574 0.142939 0.114136 0.112175 0.112175 0.112175 0.112175 0.112175 0.112175 0.112175 0.112175 0.112175
6.52355 6.90599 7.12645 7.66572 8.20311 8.25943 8.26300 8.37135 8.52772 6.87694 6.13508 6.15131 6.15131 6.15131 6.15131 6.06001 1.92526 1.23498 1.23498 1.23498 1.05373 0.914201 0.914201 0.911300 0.771387 0.751067 0.632952 0.624531 0.624531 0.624531 0.624531 0.624531 0.624531 0.625036 0.647585 0.713334 0.794457 0.875596 0.938547 0.943159 0.944738 0.960797 0.961200 0.816766 0.634021 0.643684 0.659162 0.674291 0.700106 0.356974 0.112245 0.112175 0.112175 0.112175 0.112175 0.112175 0.112175 0.112175 0.112175 0.112175 0.112175 0.112175 0.112175 0.112175 0.112175
7.50706 8.76522 8.38279 8.33799 8.49479 8.65153 8.80472 8.85316 8.85316 8.37170 6.18685 6.15131 6.15131 6.15131 6.15131 6.15131 4.32746 1.23498 1.23498 1.23498 1.19482 0.919179 0.914201 0.914201 0.829560 0.756933 0.683834 0.624531 0.624531 0.630911 0.661958 0.708954 0.788604 0.869208 0.927780 0.943159 0.943159 0.943159 0.943159 0.944887 0.963932 1.00999 1.06184 1.08678 0.756841 0.730071 0.730071 0.734153 0.752638 0.620621 0.112175 0.112175 0.112175 0.112175 0.112175 0.112175 0.112175 0.112175 0.112175 0.112175 0.112175 0.112175 0.112175 0.112175 0.577809
6.47880 9.12395 9.11893 8.85316 8.85316 8.85316 8.85316 8.85316 8.85316 8.85316 6.94475 6.15131 6.15131 6.15131 6.15131 6.15131 5.94279 1.61504 1.23498 1.23498 1.23498 0.995118 0.914201 0.914201 0.898758 0.753761 0.710130 0.711935 0.782727 0.857442 0.907553 0.941659 0.943159 0.943159 0.945531 0.965529 0.989043 1.01255 1.03608 1.05786 1.06234 1.08540 1.16667 1.16667 0.955962 0.730071 0.730071 0.730097 0.747188 0.745973 0.228093 0.112175 0.112175 0.112175 0.112175 0.112175 0.112175 0.112175 0.112175 0.177940 0.577809 0.577809 0.577809 0.577809 0.577809
6.25185 8.48462 9.35270 8.91836 8.80138 8.22081 7.59332 7.05479 6.58756 7.84369 8.32396 6.17737 6.15131 6.15131 6.15131 6.15131 6.15131 3.94644 1.23498 1.23498 1.22345 0.995401 0.736360 0.654831 0.600883 0.672650 0.758749 0.893049 0.943159 0.946318 0.967079 0.990605 1.01414 1.03766 1.05880 1.06234 1.06234 1.06234 1.06234 1.06234 1.06234 1.06293 1.14965 1.16667 1.13976 0.755459 0.730071 0.730071 0.737105 0.752638 0.538866 0.112175 0.112175 0.112175 0.112175 0.286332 0.575181 0.577809 0.577809 0.577809 0.577809 0.577809 0.577809 0.577809 0.577809
5.75323 6.08567 7.15491 6.53749 5.98194 5.91025 5.91025 5.91025 5.91025 6.65559 8.85316 6.90100 6.15131 6.15131 6.15131 6.15131 6.02636 5.21978 1.01132 0.762451 0.669190 0.695305 0.651063 0.685027 0.719052 0.759577 0.864496 0.922697 1.03922 1.05961 1.06234 1.06234 1.06234 1.06234 1.06234 1.06234 1.06234 1.06234 1.06234 1.06234 1.06234 1.06234 1.10560 1.16667 1.16667 0.937787 0.730071 0.730071 0.732069 0.817283 0.898516 0.358028 0.550632 0.577809 0.577809 0.577809 0.577809 0.577809 0.577809 0.577809 0.577809 0.577809 0.577809 0.577809 0.577809
4.69483 4.72165 6.04904 6.22724 5.92687 5.91025 5.91025 5.91025 5.91025 5.96870 8.55997 8.27224 5.91523 5.45278 5.06413 4.72260 4.48975 4.43010 1.99556 0.794235 0.852161 0.863153 0.820813 0.813192 0.832654 0.834704 0.910533 0.935223 1.04205 1.06234 1.06234 1.06234 1.06234 1.06234 1.06234 1.06234 1.06234 1.06234 1.06234 1.06234 1.06234 1.06234 1.07083 1.16471 1.16667 1.11692 0.804985 0.821684 0.847540 0.778878 0.664639 0.615736 0.577809 0.577809 0.577809 0.577809 0.577809 0.577809 0.577809 0.577809 0.577809 0.577809 0.577809 0.577809 0.577809
4.69483 4.69483 5.34371 6.24743 6.05358 5.91025 5.91025 5.88449 5.52844 5.11645 5.65609 5.96682 4.82955 4.46536 3.96385 3.12299 2.14704 1.08461 0.863153 0.863153 0.863153 0.863153 0.859982 0.835200 0.834704 0.834704 0.867887 0.934725 0.988154 1.06234 1.06234 1.06234 1.06234 1.06234 1.06234 1.06234 1.06234 1.06234 1.06234 1.06234 1.06234 1.05835 1.01030 0.992518 0.936756 0.869367 0.794007 0.739272 0.739272 0.726447 0.653024 0.642375 0.577809 0.577809 0.577809 0.577809 0.577809 0.577809 0.577809 0.577809 0.577809 0.577809 0.577809 0.577809 0.577809
4.69483 4.69483 4.79620 6.08851 5.67968 5.00332 4.65478 4.36398 4.29397 4.29397 4.12332 4.16674 2.72058 1.26612 0.863153 0.863153 0.863153 0.863153 0.863153 0.863153 0.863153 0.863153 0.863153 0.842530 0.834704 0.834704 0.836364 0.923627 0.941053 1.05503 1.06234 1.06234 1.06234 1.06234 1.06234 1.06234 1.06234 1.05232 1.00707 0.946864 0.886644 0.830401 0.818244 0.823888 0.841207 0.841207 0.833249 0.742808 0.739272 0.739272 0.676510 0.652523 0.600755 0.577809 0.577809 0.577809 0.577809 0.577809 0.577809 0.577809 0.577809 0.577809 0.577809 0.577809 0.577809
5.05656 5.36868 5.72763 5.07061 4.62009 4.39011 4.05692 3.21848 2.22658 1.06707 0.397366 0.540169 0.583750 0.795378 0.863153 0.863153 0.863153 0.863153 0.863153 0.863153 0.863153 0.863153 0.863153 0.853946 0.834704 0.834704 0.834704 0.882644 0.934725 1.00694 1.06234 1.06234 1.06161 1.03816 1.00081 0.943584 0.883375 0.833174 0.818263 0.818244 0.818244 0.818244 0.818252 0.820373 0.839283 0.841207 0.841207 0.789033 0.739272 0.739272 0.712815 0.652564 0.633899 0.577809 0.577809 0.577809 0.577809 0.577809 0.577809 0.577809 0.577809 0.577809 0.577809 0.577809 0.577809
6.06517 6.06517 5.92570 4.73305 2.83009 1.62897 0.432037 0.397304 0.397304 0.397304 0.397304 0.463954 0.583750 0.656786 0.862594 0.863153 0.863153 0.863153 0.863153 0.863153 0.863153 0.863153 0.863153 0.862949 0.837786 0.834704 0.834704 0.843016 0.928648 0.932880 0.988979 0.940324 0.880840 0.844126 0.821249 0.818244 0.818244 0.818280 0.820356 0.823607 0.826852 0.830105 0.833341 0.834722 0.837600 0.841207 0.841207 0.830822 0.741035 0.739272 0.738318 0.663359 0.650933 0.586710 0.577809 0.577809 0.577809 0.577809 0.577809 0.577809 0.577809 0.577809 0.577625 0.553993 0.513912
4.13827 2.74714 1.29163 1.10578 0.880653 0.830526 0.468486 0.397304 0.406418 0.424435 0.442461 0.471333 0.581734 0.583750 0.801064 0.863153 0.863153 0.863153 0.863153 0.863153 0.863153 0.863153 0.863153 0.863463 0.852768 0.838509 0.838018 0.832173 0.818686 0.799865 0.813437 0.818244 0.818326 0.820592 0.823843 0.827089 0.830339 0.833552 0.834722 0.834722 0.834722 0.834722 0.834722 0.834722 0.835375 0.841148 0.841207 0.841207 0.784173 0.739272 0.739272 0.698707 0.652564 0.623551 0.577809 0.577809 0.577809 0.577809 0.568268 0.530121 0.490040 0.449940 0.410045 0.393613 0.393613
1.10578 1.10578 1.11052 1.13532 1.04032 0.887876 0.728796 0.489099 0.498011 0.498011 0.498011 0.498011 0.550688 0.583750 0.664496 0.862986 0.863153 0.863153 0.863153 0.865249 0.868684 0.868009 0.867373 0.865793 0.833476 0.787988 0.761283 0.740302 0.745757 0.768064 0.787475 0.830573 0.833743 0.834722 0.834722 0.834722 0.834722 0.834722 0.834722 0.834722 0.834722 0.834722 0.834722 0.834722 0.834722 0.839070 0.841207 0.841207 0.828040 0.739851 0.739272 0.732352 0.655226 0.647023 0.549122 0.506249 0.466168 0.426087 0.395547 0.393613 0.393613 0.393613 0.393613 0.393613 0.393613
1.20528 1.23230 1.25460 1.25684 1.25046 0.960475 0.914492 0.527363 0.498011 0.498011 0.498011 0.498011 0.519205 0.583750 0.583750 0.801341 0.829254 0.803416 0.798743 0.864449 0.850472 0.816263 0.780924 0.746251 0.734756 0.743699 0.750972 0.754078 0.754884 0.773299 0.779093 0.826668 0.834722 0.834722 0.834722 0.834722 0.834722 0.834722 0.834722 0.834722 0.834722 0.834722 0.834722 0.834722 0.834722 0.836519 0.841207 0.841207 0.840211 0.790133 0.832652 0.942098 0.889791 0.862821 0.606861 0.393613 0.393613 0.393613 0.393613 0.393613 0.393613 0.394044 0.498461 0.641556 0.748092
1.25684 1.25684 1.25684 1.25684 1.25684 1.07579 0.932842 0.697077 0.498011 0.498011 0.498086 0.503239 0.502936 0.560934 0.558986 0.613818 0.765031 0.744915 0.718441 0.742788 0.735874 0.734756 0.734756 0.734756 0.734756 0.741395 0.754884 0.754884 0.754884 0.763124 0.778712 0.803216 0.834722 0.834722 0.834722 0.834722 0.834722 0.834722 0.834722 0.834722 0.834722 0.834722 0.834722 0.834722 0.834935 0.858094 0.929366 1.00414 1.09169 1.19844 1.37111 1.37119 1.19966 0.882402 0.795128 0.393613 0.402377 0.535453 0.668795 0.768733 0.846568 0.908784 0.932343 0.932343 0.932343
1.25684 1.25684 1.25684 1.25684 1.25684 1.22515 0.944436 0.917138 0.509594 0.499680 0.498028 0.492660 0.492409 0.520614 0.547701 0.547701 0.653045 0.672045 0.672045 0.688917 0.734756 0.734756 0.734756 0.734756 0.734756 0.734920 0.752770 0.754884 0.754884 0.755370 0.776294 0.782033 0.832067 0.834722 0.834722 0.834722 0.834722 0.834722 0.834722 0.834722 0.841321 0.880116 0.925392 0.976683 1.03483 1.05928 1.11449 1.18128 1.18128 1.18128 1.29481 1.37374 1.38752 1.03272 1.01291 0.895787 0.919181 0.932343 0.932343 0.932343 0.932343 0.932343 0.932343 0.932343 0.932343
1.25684 1.25684 1.25850 1.28385 1.25384 1.19903 1.06273 0.993011 0.651072 0.492409 0.492409 0.492409 0.492409 0.501425 0.547701 0.547701 0.587958 0.672045 0.672045 0.672568 0.723687 0.734756 0.734756 0.734756 0.734756 0.734756 0.745701 0.754884 0.754884 0.754884 0.766603 0.778712 0.811556 0.834722 0.834722 0.834774 0.856772 0.902928 0.952004 1.00685 1.05711 1.05945 1.05928 1.05928 1.05928 1.05928 1.07817 1.21206 1.23264 1.25002 1.29442 1.42058 1.42113 1.25816 1.07863 1.02469 0.932343 0.932343 0.932343 0.932343 0.932343 0.932343 0.932343 0.932343 0.932343
1.27978 1.22101 1.17252 1.11639 1.09631 1.09631 1.07341 0.986504 0.863562 0.492409 0.492409 0.492409 0.492409 0.492430 0.535959 0.547701 0.547767 0.650136 0.672045 0.672045 0.693882 0.734756 0.734756 0.734756 0.734756 0.734756 0.737197 0.754584 0.754884 0.754884 0.757048 0.782804 0.839254 0.926249 0.980238 1.03877 1.06535 1.06053 1.05928 1.05928 1.05928 1.06459 1.08218 1.10282 1.12697 1.15547 1.18000 1.26179 1.27788 1.27788 1.27799 1.38132 1.42113 1.40401 1.09609 1.07064 0.938957 0.932343 0.932343 0.932343 0.932343 0.932343 0.932343 0.932343 0.932343
1.09642 1.09631 1.09631 1.09631 1.09631 1.09631 1.09631 1.01019 0.985572 0.583024 0.492409 0.493848 0.501135 0.509730 0.532808 0.547701 0.547701 0.591914 0.672045 0.672045 0.673883 0.728312 0.734756 0.734756 0.734756 0.734756 0.734756 0.786091 0.884273 0.982068 1.07955 1.10294 1.06919 1.06293 1.05933 1.05928 1.06566 1.08361 1.10452 1.12892 1.15790 1.18059 1.18128 1.18128 1.18128 1.18128 1.18128 1.22732 1.27788 1.27788 1.27788 1.31228 1.42113 1.42113 1.20227 1.07863 1.00067 0.932343 0.932343 0.932343 0.932343 0.951006 1.13456 1.32408 1.48208
1.09631 1.09631 1.09631 1.09631 1.09631 1.09755 1.13129 1.13199 1.07764 0.888338 0.536735 0.546768 0.547701 0.547701 0.547701 0.547701 0.547701 0.548115 0.652907 0.672045 0.672045 0.699112 0.736550 0.817446 0.947808 1.07820 1.20862 1.25174 1.17099 1.16721 1.16374 1.15345 1.08686 1.10749 1.13094 1.16025 1.18104 1.18128 1.18128 1.18128 1.18128 1.18128 1.18128 1.18128 1.18128 1.18128 1.18128 1.18728 1.27420 1.27788 1.27788 1.27858 1.38904 1.42113 1.35738 1.08060 1.05634 1.04874 1.25322 1.42275 1.56547 1.67808 1.69840 1.69840 1.69840
1.11285 1.16301 1.22073 1.28700 1.36397 1.45162 1.48121 1.47804 1.23344 1.18333 0.598731 0.547701 0.547701 0.547701 0.547701 0.547701 0.547701 0.547701 0.605331 0.748921 0.831962 0.927550 1.23587 1.29624 1.29180 1.28677 1.28173 1.27783 1.21609 1.23633 1.26305 1.27897 1.21015 1.18364 1.18156 1.18128 1.18128 1.18128 1.18128 1.18128 1.18128 1.18128 1.18128 1.18128 1.18128 1.18128 1.18128 1.18128 1.24770 1.27788 1.27788 1.27193 1.27500 1.55489 1.67312 1.57828 1.65950 1.70552 1.69840 1.69840 1.69840 1.69840 1.69840 1.69840 1.69840
1.47994 1.48121 1.48121 1.48121 1.48121 1.48121 1.48121 1.48121 1.33411 1.20611 0.859325 0.547701 0.547701 0.547701 0.584435 0.694853 0.805588 0.916382 1.01665 1.03745 1.03564 1.03187 1.16191 1.27960 1.27900 1.27900 1.27900 1.27900 1.27900 1.27900 1.27900 1.27900 1.25187 1.18368 1.18253 1.18128 1.18128 1.18128 1.18128 1.18128 1.18128 1.18128 1.18128 1.18128 1.18128 1.18128 1.18128 1.18128 1.22635 1.32048 1.34865 1.37823 1.44803 1.82883 1.89763 1.84982 1.73290 1.71988 1.69840 1.69840 1.70553 1.72201 1.74097 1.76304 1.78904
1.48121 1.48121 1.48121 1.48121 1.48121 1.48121 1.48121 1.48121 1.45912 1.21690 1.12635 0.736350 0.850272 0.961025 1.03504 1.03536 1.03536 1.03536 1.03536 1.03130 1.02436 1.02436 1.05381 1.27619 1.27900 1.27900 1.27900 1.27900 1.27900 1.27900 1.27900 1.27900 1.27699 1.19464 1.18350 1.18135 1.18128 1.18128 1.18128 1.18128 1.18128 1.18128 1.18128 1.19308 1.31160 1.36623 1.40006 1.42867 1.44843 1.45385 1.45466 1.45466 1.45466 1.61256 1.89826 1.91652 1.78970 1.78609 1.77209 1.79587 1.81206 1.81206 1.81206 1.81206 1.81206
1.48121 1.48121 1.48121 1.48121 1.48121 1.47579 1.34946 1.14991 0.934244 0.868549 0.876344 0.992740 1.03536 1.03536 1.03536 1.03536 1.03536 1.03536 1.03536 1.03518 1.02560 1.02436 1.02436 1.18266 1.27900 1.27900 1.27900 1.27900 1.27900 1.27900 1.27900 1.27900 1.27900 1.23813 1.18368 1.18218 1.18128 1.18128 1.18128 1.23898 1.39145 1.46768 1.49199 1.50731 1.45943 1.44919 1.44919 1.44919 1.44919 1.45180 1.45388 1.45298 1.45197 1.46638 2.01414 2.11091 1.99759 1.86381 1.83549 1.81206 1.81206 1.81206 1.81206 1.81206 1.81206
1.48121 1.46647 1.31754 1.12299 0.908317 0.692443 0.582455 0.565649 0.565571 0.609808 0.863153 0.919050 1.03536 1.03536 1.03536 1.03536 1.03536 1.03536 1.03536 1.03536 1.03038 1.02436 1.02436 1.07161 1.27900 1.27900 1.27900 1.27900 1.27900 1.27900 1.27900 1.27900 1.27900 1.27104 1.18927 1.24368 1.45246 1.55430 1.57740 1.56380 1.48546 1.44919 1.44919 1.44919 1.44919 1.44919 1.44919 1.44919 1.44919 1.44919 1.44919 1.44919 1.44919 1.44919 1.70065 2.11091 2.09224 1.87193 1.85665 1.81241 1.81206 1.81206 1.81206 1.81206 1.81206
0.882378 0.671635 0.588634 0.566744 0.565571 0.565571 0.565571 0.565571 0.565571 0.565571 0.778641 0.865193 1.01181 1.03536 1.03536 1.03536 1.03536 1.03536 1.03536 1.03536 1.03506 1.02540 1.02436 1.02436 1.20920 1.27900 1.27900 1.27900 1.27900 1.27900 1.27712 1.27491 1.27372 1.27074 1.30638 1.27088 1.44615 1.45534 1.44919 1.44919 1.44919 1.44919 1.44919 1.44919 1.44919 1.44919 1.44919 1.44919 1.44919 1.44919 1.44919 1.44919 1.44919 1.44919 1.47726 2.05684 2.11091 1.95602 1.86381 1.82674 1.81206 1.81206 1.81206 1.81206 1.81556
0.565571 0.565571 0.565571 0.565571 0.565571 0.565571 0.565571 0.565571 0.565571 0.565571 0.649946 0.865040 0.946061 1.03536 1.03536 1.03536 1.03536 1.03536 1.03536 1.03536 1.03536 1.03002 1.02436 1.02436 1.09210 1.27900 1.27599 1.27460 1.27335 1.27180 1.24105 1.12548 1.00386 0.883845 0.937453 1.11769 1.23413 1.44919 1.44919 1.44919 1.44919 1.44919 1.44919 1.44919 1.44919 1.44919 1.44919 1.44919 1.44919 1.44919 1.44919 1.44919 1.44919 1.44919 1.44919 1.73525 2.11091 2.05880 1.86381 1.84822 1.86021 2.01589 2.21754 2.48632 2.85514
