results/OMI_NO2_200804.asc
ncols      200
nrows      200
xllcorner       120.258
yllcorner       41.1236
cellsize     0.0166667
NODATA_Value      -999.000
[rows 0 to 28 of 165, columns 67 to 133 of 200]
0.967626 0.973753 1.06755 1.10637 1.12757 1.11971 1.11017 1.12869 1.15553 1.18449 1.22059 1.27680 1.33125 1.38928 1.45047 1.52852 1.52983 1.53027 1.66816 1.74252 1.82431 1.89550 1.92504 1.96702 2.03039 2.10312 2.10138 2.10091 2.10975 2.13111 2.16562 2.27206 2.30202 2.32902 2.33961 2.34792 2.38768 2.47725 2.55560 2.30100 2.23614 2.30121 2.29361 2.27926 2.27634 2.27634 2.28675 2.50230 2.41476 2.40313 2.40139 2.37369 2.25336 1.89477 1.86172 1.75610 1.72048 1.60003 1.90201 2.14128 2.14128 2.14128 1.88231 1.70069 1.62896 1.52549 1.51680
0.947782 0.941372 0.990770 1.04995 1.13571 1.19564 1.28165 1.33850 1.38320 1.43332 1.46917 1.47497 1.48217 1.50576 1.52962 1.56753 1.62683 1.67308 1.78731 1.91388 1.94964 2.03838 2.05496 2.07739 2.16904 2.29260 2.31168 2.32241 2.31160 2.29056 2.31200 2.34305 2.37947 2.39716 2.36758 2.33896 2.29223 2.25478 2.39831 2.21577 2.17637 2.24758 2.29113 2.28503 2.26580 2.24123 2.21750 2.29714 2.32178 2.22601 2.19912 2.19257 2.18326 1.80750 1.78763 1.72855 1.71188 1.72527 1.71636 2.10409 2.05123 1.95017 1.82656 1.54798 1.52099 1.52233 1.48149
0.973199 1.09540 1.20934 1.31742 1.40226 1.46056 1.47396 1.48443 1.49467 1.59412 1.65356 1.69440 1.73124 1.77255 1.80815 1.80016 1.85035 1.85175 1.87145 2.04329 2.03949 2.10136 2.09141 2.07336 2.11227 2.20138 2.20325 2.18029 2.19333 2.27138 2.34355 2.42648 2.42939 2.27732 2.25214 2.25514 2.25808 2.25862 2.34936 2.28560 2.14555 2.16958 2.21035 2.19270 2.17081 2.17247 2.18030 2.19888 2.34625 2.23244 2.22877 2.22672 2.20824 2.02430 1.93193 1.89946 1.84084 1.80345 1.67684 1.87843 1.85555 1.81635 1.74762 1.56940 1.51840 1.51840 1.51840
1.25787 1.28867 1.33771 1.39647 1.42638 1.49363 1.52597 1.55078 1.57475 1.69359 1.74457 1.74231 1.74000 1.73669 1.75577 1.72723 1.74058 1.75680 1.75262 1.86731 1.90881 1.92180 1.92433 1.91334 1.98117 2.23308 2.34616 2.38479 2.39999 2.36217 2.34465 2.40709 2.42757 2.39881 2.31696 2.28698 2.25625 2.19141 2.11803 2.12283 2.09763 2.11377 2.17631 2.17965 2.17947 2.18086 2.18104 2.18104 2.25798 2.23977 2.19205 2.18466 2.16367 2.04668 1.84378 1.82408 1.71657 1.68323 1.61857 1.67244 1.80433 1.81221 1.78524 1.74242 1.64633 1.66946 1.69140
1.29275 1.28791 1.34510 1.38149 1.40552 1.53309 1.59817 1.59747 1.59583 1.65013 1.74406 1.74253 1.74103 1.74074 1.75595 1.75210 1.72894 1.76400 1.75697 1.81103 1.90058 1.93953 2.03914 2.08934 2.14706 2.34227 2.37750 2.37107 2.36720 2.35219 2.31809 2.31903 2.30637 2.28718 2.17614 2.15820 2.14976 2.13637 2.04893 2.04904 2.05041 2.02358 2.07127 2.10006 2.18848 2.18063 2.17573 2.16828 2.17120 2.25433 2.16102 2.18828 2.16838 2.09955 1.84195 1.78134 1.75798 1.74514 1.72426 1.67064 1.86047 1.86016 1.82720 1.82392 1.76072 1.74278 1.74723
1.30057 1.32475 1.35626 1.39767 1.39494 1.44122 1.58186 1.58642 1.58748 1.60075 1.73662 1.73031 1.72099 1.71194 1.71366 1.72465 1.70321 1.77305 1.86131 1.93202 2.06157 2.05829 2.04649 2.03819 2.02323 2.15032 2.24748 2.22206 2.18462 2.15201 2.13588 2.14194 2.16802 2.16699 2.12818 2.05637 2.05484 2.05383 2.00351 1.96954 2.00536 1.97143 2.01966 2.03440 2.14120 2.13139 2.12820 2.15125 2.18430 2.25715 2.13731 2.07092 2.05006 2.03136 1.86977 1.76437 1.74133 1.69720 1.69172 1.66506 1.80731 1.88863 1.86824 1.84968 1.83299 1.75767 1.75392
1.28173 1.36481 1.36024 1.41488 1.40323 1.41343 1.55415 1.58607 1.57727 1.57051 1.68733 1.72412 1.72924 1.73630 1.78151 1.86199 1.89876 1.96172 1.95822 1.93430 1.97240 1.94615 1.92609 1.91296 1.90354 1.97656 2.06053 2.06216 2.05701 2.08147 2.08960 2.09814 2.14804 2.15239 2.15835 2.04354 2.02927 2.02633 2.00137 1.93755 1.97112 1.94140 1.97270 2.02748 2.13724 2.21669 2.23439 2.22044 2.19781 2.16418 2.01573 1.90088 1.87447 1.83261 1.79866 1.76241 1.72416 1.68188 1.67664 1.71142 1.82852 1.88239 1.87279 1.84407 1.85721 1.77960 1.76411
1.21641 1.40557 1.42455 1.48019 1.52382 1.53352 1.52279 1.59188 1.57458 1.57334 1.68013 1.81517 1.86828 1.91534 1.91433 1.91659 1.90827 1.90172 1.89692 1.89525 1.91755 1.92616 1.88877 1.90873 1.90773 1.95737 2.01440 2.06332 2.06370 2.09736 2.10546 2.10546 2.14478 2.14810 2.13929 2.03842 1.95383 1.93478 1.91783 1.84812 1.86673 1.87373 1.86672 1.89897 1.90614 1.95975 1.96303 1.96302 1.96302 1.96302 1.90699 1.72086 1.71484 1.70620 1.78718 1.99290 1.95584 2.02207 2.09964 2.14852 2.14906 1.93527 1.89686 1.86009 1.85845 1.85124 1.78817
1.28122 1.43632 1.50813 1.50273 1.54582 1.52997 1.50735 1.62694 1.69661 1.74644 1.79028 1.89041 1.87753 1.86855 1.86500 1.87448 1.90059 1.89888 1.91013 1.90429 1.90106 1.95790 1.89212 1.91612 1.92416 1.95535 2.02291 2.09052 2.09421 2.11616 2.15153 2.15924 2.07734 1.97656 1.96638 1.91198 1.80593 1.80985 1.82920 1.80140 1.76848 1.80994 1.75884 1.81688 1.82047 1.92960 1.95474 1.96260 1.98119 2.05729 2.12330 2.05341 2.07868 2.14552 2.15265 2.27126 2.18500 2.14328 2.15595 2.15940 2.16051 2.04201 1.92353 1.91924 1.93396 2.02744 1.92387
1.27432 1.32566 1.46493 1.43767 1.49657 1.59625 1.61708 1.60024 1.69198 1.70711 1.70092 1.84505 1.86175 1.85827 1.85556 1.85890 1.90787 1.91597 1.94047 1.94176 1.94322 1.97903 1.95315 1.94074 1.95055 1.95453 2.03839 2.09669 2.11159 2.11305 2.13937 2.13398 2.12177 2.00214 2.04111 2.03338 1.92283 1.83386 1.83386 1.82144 1.75984 1.80452 1.76151 1.84027 1.92248 2.07419 2.20168 2.28904 2.34069 2.32533 2.30343 2.22155 2.16604 2.17182 2.19276 2.26744 2.31225 2.18786 2.21252 2.22491 2.24017 2.26067 2.11628 2.20934 2.31148 2.36383 2.22375
1.25845 1.27853 1.38402 1.35175 1.35109 1.58312 1.58025 1.53966 1.65486 1.70705 1.70548 1.83836 1.91905 1.92164 1.92474 1.92786 1.97029 1.99049 2.01917 2.02388 2.02240 2.03316 2.08193 2.02558 2.02922 2.05971 2.09472 2.07027 2.07106 2.10145 2.16534 2.22597 2.23620 2.07328 2.05146 2.01497 1.92576 1.74590 1.71002 1.68248 1.66896 1.72215 1.85442 2.15112 2.17093 2.19209 2.27097 2.27224 2.25297 2.24938 2.24938 2.23581 2.17942 2.18629 2.23173 2.24650 2.38287 2.28314 2.31123 2.39469 2.47339 2.55696 2.41194 2.35771 2.38824 2.39567 2.41921
1.27301 1.25675 1.30615 1.32624 1.33217 1.52420 1.66352 1.66979 1.63236 1.72216 1.71777 1.78929 1.93530 1.93341 1.93151 1.92961 1.94995 1.98401 2.00484 2.03042 2.06235 2.08097 2.17458 2.13170 2.14461 2.18279 2.22513 2.23059 2.13899 2.11676 2.09720 2.10604 2.08031 1.93788 1.84092 1.83140 1.77372 1.66418 1.58601 1.57273 1.56520 1.63086 1.71159 2.05742 2.17244 2.19446 2.22272 2.23671 2.24942 2.25760 2.27183 2.28599 2.24988 2.24313 2.33859 2.39851 2.63503 2.70169 2.57986 2.60109 2.61058 2.64468 2.61272 2.47731 2.52180 2.54455 2.53653
1.32222 1.34617 1.34498 1.38450 1.36567 1.38874 1.66355 1.68187 1.62756 1.70175 1.72435 1.73268 1.90358 1.91215 1.93527 1.97069 2.01130 2.09448 2.10595 2.08526 2.07527 2.09704 2.16566 2.19123 2.15535 2.13288 2.11173 2.08633 1.97848 1.94899 1.94521 1.96991 1.98848 1.93720 1.81357 1.79726 1.74871 1.67241 1.48167 1.46355 1.46584 1.53989 1.68017 1.90615 2.22236 2.23221 2.24622 2.26397 2.30072 2.30742 2.35939 2.43889 2.49689 2.55807 2.60599 2.61079 2.72469 2.84873 2.71649 2.69367 2.71136 2.71580 2.74438 2.55460 2.55047 2.56146 2.56075
1.40812 1.40196 1.37871 1.38935 1.39152 1.38658 1.58588 1.73598 1.70626 1.72005 1.82554 1.85632 1.95290 2.02580 2.03101 2.02498 2.02588 2.09165 2.14959 2.14994 2.18937 2.22087 2.21523 2.13192 2.06914 2.05759 2.05430 2.05312 2.05813 2.00775 2.01973 2.03296 2.00337 1.95979 1.73153 1.72523 1.71609 1.66352 1.54195 1.46236 1.46316 1.52552 1.66168 1.77079 2.26430 2.27961 2.31451 2.39649 2.48876 2.57007 2.60756 2.61810 2.63795 2.67301 2.70714 2.73165 2.72716 2.89950 2.84772 2.70119 2.70911 2.71137 2.73399 2.62347 2.52749 2.53370 2.53054
1.39834 1.39441 1.38375 1.36563 1.40707 1.40385 1.44198 1.72104 1.72722 1.72430 1.86427 1.92339 1.95506 2.05795 2.10656 2.15432 2.19028 2.21711 2.22333 2.16838 2.14166 2.13660 2.15706 2.09897 2.06445 2.04705 2.04092 2.03686 2.09046 2.02232 2.01197 2.00978 1.94847 1.93799 1.76652 1.71342 1.71258 1.68264 1.65919 1.50459 1.51389 1.54496 1.66536 1.83125 2.29762 2.54115 2.58728 2.58633 2.62132 2.68288 2.68350 2.68350 2.68350 2.68918 2.70356 2.74146 2.68779 2.87386 2.88294 2.72463 2.64248 2.62626 2.66738 2.71797 2.63841 2.71697 2.76306
1.39893 1.41110 1.41441 1.38830 1.41507 1.42092 1.43503 1.64482 1.77234 1.77660 1.90766 2.03672 2.05769 2.17857 2.15745 2.13678 2.12112 2.12078 2.15674 2.13139 2.10399 2.10013 2.12821 2.10109 2.05290 2.03374 2.03445 2.04037 2.08425 2.08308 2.04347 2.04940 2.02475 1.98779 1.85409 1.69675 1.69244 1.68513 1.70287 1.59410 1.69005 1.77275 1.91140 2.04812 2.23662 2.60299 2.60299 2.60299 2.60598 2.67863 2.68350 2.68693 2.68417 2.67766 2.68658 2.71340 2.68902 2.84188 2.98110 2.97867 2.81861 2.83926 2.85138 2.87540 2.77964 2.75276 2.75106
1.38547 1.36880 1.36410 1.34105 1.38141 1.46516 1.51648 1.57568 1.94718 1.98195 1.97445 1.99118 1.98782 2.09427 2.12596 2.13186 2.13636 2.14005 2.17385 2.17434 2.13929 2.14500 2.16264 2.18779 2.13262 2.10916 2.09847 2.09852 2.11372 2.16505 2.07542 2.07090 2.06274 2.00692 1.95432 1.64076 1.51173 1.36149 1.23287 1.33354 1.82253 1.82442 1.88655 2.01268 2.08592 2.57677 2.62270 2.62243 2.62203 2.66940 2.70194 2.69883 2.71931 2.74918 2.80393 2.94023 3.00231 2.99804 3.13090 3.13265 2.94705 2.84515 2.84607 2.90224 2.94581 2.86736 2.75774
1.41302 1.42473 1.43550 1.41653 1.42567 1.40451 1.44828 1.43439 1.76119 1.92330 1.90953 1.94567 1.97462 2.04644 2.14812 2.14283 2.13893 2.13582 2.15076 2.16479 2.12095 2.11791 2.11925 2.14938 2.11006 2.07699 2.04075 2.03755 2.07823 2.14492 2.12233 2.10930 2.01822 1.85963 1.68838 1.29675 1.25841 1.26178 1.25829 1.30284 1.74901 1.93044 2.00020 2.14840 2.21326 2.51160 2.63178 2.63223 2.65511 2.69328 2.77432 2.79314 2.79629 2.79399 2.79612 2.93819 3.01117 3.00164 3.21395 3.22007 3.14775 2.90462 2.90150 2.92109 3.03865 2.91015 2.85321
1.39452 1.39263 1.38424 1.37070 1.33140 1.31363 1.36157 1.37419 1.46590 1.83421 1.82662 1.85896 1.90772 1.94318 2.11351 2.12113 2.12877 2.13642 2.15064 2.18581 2.16205 2.14450 2.14068 2.13184 2.10938 2.04473 1.98555 1.93251 1.91518 1.88821 1.83165 1.78293 1.77206 1.75312 1.67745 1.44840 1.31368 1.32293 1.31740 1.35122 1.53617 2.04192 2.07505 2.22426 2.17913 2.34047 2.60134 2.59637 2.66241 2.71929 2.77991 2.79307 2.79117 2.78548 2.77969 2.84854 2.99416 2.99507 3.13434 3.18214 3.17711 2.97049 2.90093 2.90493 2.99729 2.92484 2.87210
1.29986 1.28900 1.28123 1.26663 1.33849 1.38629 1.36945 1.42145 1.43941 1.75569 1.89908 1.90164 1.96561 1.97563 2.18839 2.19966 2.20067 2.19251 2.16891 2.17414 2.13399 2.07055 2.04882 2.04285 2.02523 1.88189 1.74402 1.59344 1.62149 1.70356 1.80479 1.89862 1.91431 1.92388 1.86235 1.71768 1.45483 1.44570 1.47755 1.52539 1.60343 2.07250 2.21578 2.31046 2.27620 2.26547 2.46113 2.52748 2.59561 2.73844 2.77146 2.81373 2.81640 2.81775 2.81173 2.82457 3.00442 3.03359 3.09524 3.16731 3.15895 3.06900 2.86856 2.86719 2.92305 2.96355 2.85939
1.25057 1.23918 1.23913 1.24588 1.30748 1.42237 1.38505 1.44767 1.44875 1.54441 1.89305 1.88378 1.92238 1.94612 2.13424 2.17420 2.14541 2.12581 2.12186 2.13460 2.10421 1.92578 1.81072 1.69676 1.67715 1.70232 1.69640 1.66006 1.69273 1.76480 1.87160 1.87103 1.88538 1.86641 1.83883 1.84798 1.61280 1.67147 1.69092 1.67153 1.70990 1.88267 2.26292 2.33107 2.35776 2.31850 2.40216 2.55492 2.55997 2.74835 2.75075 2.80802 2.80315 2.79654 2.79921 2.79693 2.93247 3.02229 3.03717 3.16255 3.16806 3.16857 2.93417 2.88813 2.89383 3.00894 2.88005
1.28125 1.26020 1.26021 1.26330 1.29394 1.40386 1.38589 1.38991 1.38394 1.36492 1.65779 1.75787 1.75867 1.80755 1.95192 2.08818 2.07061 1.97747 1.86357 1.76252 1.71494 1.65707 1.64286 1.64217 1.65130 1.69484 1.70488 1.70441 1.70975 1.78381 1.90266 1.82079 1.89302 1.90247 1.91649 2.04779 1.82547 1.75941 1.75941 1.72076 1.70964 1.73978 2.16762 2.28789 2.36163 2.30724 2.30417 2.52233 2.53162 2.66255 2.74080 2.78340 2.80020 2.80233 2.80266 2.80266 2.85929 3.03237 3.03435 3.14525 3.16928 3.15785 3.02988 2.85177 2.83270 2.91806 2.87078
1.32680 1.30026 1.28915 1.26447 1.24033 1.30579 1.27085 1.23274 1.26987 1.26341 1.36321 1.70002 1.67995 1.67324 1.64259 1.78763 1.69116 1.67696 1.68213 1.68278 1.74429 1.72283 1.69287 1.70186 1.71051 1.77400 1.78897 1.79068 1.75969 1.83826 1.91079 1.81822 1.83335 1.82419 1.79966 1.85064 1.80097 1.71860 1.69557 1.65064 1.61722 1.71127 1.90351 2.23493 2.31323 2.26240 2.28085 2.43587 2.53942 2.60590 2.74677 2.76252 2.80266 2.80266 2.80233 2.79161 2.77690 2.95416 2.96863 3.02005 3.06723 3.05421 3.03121 2.83202 2.78737 2.84171 2.88914
1.23067 1.19617 1.18546 1.19377 1.20167 1.27987 1.29491 1.25707 1.22240 1.22246 1.23377 1.38648 1.29221 1.27198 1.34866 1.63379 1.68212 1.66987 1.64669 1.62303 1.67522 1.68127 1.59424 1.56937 1.54464 1.55242 1.54277 1.52004 1.46747 1.48464 1.55882 1.58976 1.54058 1.56676 1.54322 1.53980 1.66126 1.65719 1.65138 1.63952 1.59433 1.64738 1.71550 2.13507 2.27203 2.28468 2.27187 2.33806 2.53649 2.53759 2.71084 2.70152 2.73225 2.72228 2.70893 2.69345 2.66639 2.79216 2.94729 2.99288 3.13074 3.16123 3.19124 3.09318 2.95585 2.95773 2.96933
1.20680 1.22978 1.21325 1.21332 1.21338 1.25363 1.27653 1.24455 1.22734 1.23111 1.24570 1.25634 1.25632 1.24952 1.33751 1.39317 1.38472 1.37111 1.36982 1.36871 1.40785 1.49635 1.41977 1.41219 1.40851 1.41611 1.44692 1.43805 1.40985 1.41089 1.44146 1.54502 1.44865 1.51128 1.51157 1.51080 1.61797 1.67374 1.68557 1.69730 1.66274 1.66545 1.76387 1.96744 2.30487 2.39080 2.40371 2.49145 2.59099 2.60592 2.77448 2.85153 2.87893 2.90470 2.89498 2.89911 2.92364 2.98345 3.28443 3.30889 3.40807 3.39641 3.37160 3.31266 3.04436 2.89634 2.77420
1.14526 1.18637 1.15445 1.13456 1.11638 1.12979 1.21129 1.20554 1.22362 1.22284 1.23890 1.28107 1.31368 1.33630 1.32194 1.33678 1.34388 1.33973 1.33497 1.33022 1.33016 1.44510 1.39208 1.35655 1.33775 1.31618 1.33888 1.31600 1.31755 1.33521 1.39958 1.66743 1.60243 1.61044 1.63755 1.65369 1.70959 1.82862 1.83651 1.86342 1.89083 1.92052 2.04781 2.17185 2.64248 2.70869 2.71913 2.76257 2.75644 2.73647 2.79557 2.88541 2.89520 2.95951 2.95994 2.95620 2.93447 2.91981 3.12247 3.23041 3.25290 3.17593 3.03687 2.87415 2.69000 2.57947 2.56391
1.02906 1.11180 1.11842 1.12508 1.13165 1.13562 1.23162 1.25175 1.29332 1.33452 1.35167 1.35735 1.35384 1.34707 1.31198 1.29444 1.30050 1.30133 1.30119 1.29946 1.28253 1.35400 1.35921 1.31912 1.32607 1.33737 1.37790 1.40093 1.40242 1.41359 1.51306 1.71682 1.76361 1.68537 1.73381 1.77850 1.82649 2.01249 2.08227 2.12228 2.13399 2.08170 2.07017 2.15067 2.38733 2.68081 2.75200 2.88962 2.90959 2.89010 2.90622 2.91845 2.91354 2.96301 2.97647 2.97449 2.96000 2.83657 2.82567 2.94720 2.82276 2.77775 2.78016 2.78492 2.72363 2.59968 2.60090
1.05369 1.11636 1.17267 1.19762 1.22858 1.25824 1.30822 1.31279 1.30731 1.32297 1.32125 1.32249 1.32350 1.32395 1.31101 1.26168 1.25794 1.23610 1.22083 1.20725 1.20888 1.25807 1.34055 1.33836 1.34098 1.34109 1.34723 1.37110 1.37955 1.40979 1.55375 1.73904 1.97331 1.91933 1.98791 2.01653 2.05223 2.14602 2.14500 2.10066 2.03642 1.98420 2.00409 2.12225 2.21629 2.74881 2.83808 2.99437 3.04344 3.01877 2.98638 2.96843 2.95415 2.85366 2.74869 2.59221 2.46580 2.47033 2.50759 2.81715 2.82658 2.78419 2.77884 2.77446 2.73189 2.64492 2.66548
1.22944 1.26313 1.27818 1.26174 1.26300 1.26368 1.29035 1.32170 1.31068 1.32332 1.33056 1.34122 1.35285 1.36338 1.35968 1.32017 1.28535 1.22500 1.21655 1.21845 1.22036 1.23117 1.34445 1.33449 1.33705 1.34618 1.36485 1.43118 1.45902 1.50515 1.69918 1.78004 2.09379 2.12621 2.17393 2.22380 2.24452 2.22473 1.98822 1.97399 1.97343 2.06581 2.12982 2.17346 2.23752 2.52247 2.79175 2.90082 2.97967 2.87891 2.69591 2.52896 2.36814 2.34374 2.45489 2.46443 2.46224 2.45945 2.48110 2.66743 2.82984 2.78265 2.76907 2.76911 2.75875 2.70433 2.65335
