results/OMI_NO2_2006_06-08.asc
ncols      200
nrows      200
xllcorner       120.258
yllcorner       41.1236
cellsize     0.0166667
NODATA_Value      -999.000
[rows 87 to 115 of 164, columns 0 to 66 of 200]
2.36492 2.36329 2.38541 2.39288 2.39410 2.40062 2.39285 2.37674 2.37976 2.48121 2.57963 2.65941 2.75986 2.89253 2.88491 3.01798 2.95142 2.99613 3.08509 3.25821 3.25717 3.25136 3.23521 3.23484 3.20453 3.10052 3.00155 3.01406 2.98968 2.89056 2.72559 2.69253 2.69362 2.72010 2.84616 2.85287 2.72826 2.71926 3.03411 3.14982 3.20534 3.12305 3.03003 3.03357 2.96516 2.96357 2.95987 2.98205 2.91279 2.65464 2.62855 2.67948 2.72272 2.82892 2.91315 2.94109 3.03786 3.05479 3.08656 3.15397 3.17857 3.25428 3.23791 3.20930 2.96681 2.94130 2.96136
2.47202 2.48920 2.51113 2.48154 2.45553 2.42425 2.41455 2.43075 2.43407 2.48825 2.67885 2.66979 2.65201 2.80084 2.77301 2.91614 2.90390 2.92124 3.00366 3.18196 3.26410 3.25574 3.23458 3.25418 3.22636 3.17388 3.01871 3.04667 3.05396 3.05684 2.91418 2.82441 2.86547 2.89672 2.98509 3.13650 2.96452 2.89190 3.08210 3.25708 3.31414 3.28870 3.10881 3.08785 3.05773 3.01763 2.99141 3.00016 2.98910 2.71176 2.65679 2.76278 2.91929 3.09237 3.21284 3.15192 3.22372 3.23005 3.21781 3.25744 3.23186 3.31799 3.32794 3.30175 3.17639 3.11957 3.13819
2.56562 2.53436 2.53333 2.49937 2.46715 2.43112 2.39248 2.36392 2.35895 2.45854 2.60444 2.66773 2.61081 2.71855 2.72852 2.87779 2.92270 2.90890 2.98278 3.10311 3.26521 3.25898 3.24663 3.27320 3.25420 3.28043 3.21742 3.17349 3.15829 3.14609 3.02078 3.07162 3.16001 3.12139 3.08182 3.44945 3.34423 3.19057 3.18395 3.40118 3.48660 3.46701 3.30104 3.18402 3.18491 3.09198 3.08796 3.14059 3.16710 3.00214 2.89631 2.95340 3.01570 3.15132 3.21879 3.16886 3.22140 3.29188 3.33783 3.35146 3.30292 3.33203 3.31931 3.25639 3.23763 3.12476 3.17360
2.42585 2.38940 2.37254 2.35139 2.34928 2.34802 2.35289 2.36447 2.37354 2.42006 2.55942 2.75926 2.71576 2.77550 2.82310 2.87202 2.89022 2.89039 2.99296 3.13900 3.28803 3.28860 3.28797 3.30350 3.26942 3.29013 3.25956 3.12869 3.15168 3.16169 3.11714 3.09593 3.17735 3.10854 3.00918 3.28149 3.29517 3.18202 3.09960 3.25938 3.41056 3.43584 3.37619 3.14568 3.12517 3.15124 3.16357 3.16490 3.14683 3.04303 2.88808 2.99517 3.09102 3.16968 3.26160 3.23154 3.26945 3.31784 3.42703 3.41485 3.38452 3.40074 3.40238 3.38595 3.39340 3.30875 3.34621
2.46749 2.48798 2.50049 2.50260 2.51917 2.52826 2.54854 2.55829 2.51439 2.53822 2.63957 2.87791 2.91267 2.88716 2.96483 3.04327 3.16310 3.20970 3.24752 3.33768 3.36053 3.33299 3.35620 3.35290 3.32215 3.36913 3.38872 3.16827 3.13108 3.13452 3.12579 3.04947 3.18508 3.23194 3.17003 3.24604 3.29621 3.22669 3.11998 3.19663 3.42606 3.44909 3.41866 3.20129 3.08940 3.07121 3.08583 3.04940 3.08475 3.03594 2.92905 2.99535 3.08520 3.07651 3.14633 3.08338 3.10951 3.16069 3.31970 3.34957 3.31780 3.33152 3.38572 3.43183 3.38285 3.40608 3.32912
2.56506 2.60035 2.64426 2.70663 2.77361 2.83914 2.90352 2.93162 2.88526 2.92634 2.99317 3.21749 3.39803 3.40643 3.27572 3.26518 3.33526 3.32509 3.34699 3.40315 3.49843 3.48504 3.50630 3.48559 3.41270 3.43753 3.44804 3.26342 3.21413 3.23868 3.23925 3.19434 3.24849 3.33898 3.21199 3.23495 3.30484 3.24853 3.12001 3.07655 3.31727 3.42713 3.42252 3.26946 3.05971 3.00651 3.00788 2.95865 2.97802 2.93949 2.89012 2.90765 3.02873 2.95386 3.13728 3.08943 3.17520 3.24070 3.46138 3.54284 3.53316 3.52884 3.54705 3.57552 3.54409 3.59423 3.37987
2.92793 2.99100 3.03960 3.04054 3.04574 3.08216 3.15165 3.19508 3.19562 3.20245 3.16634 3.30995 3.55743 3.52954 3.42129 3.40235 3.44843 3.44568 3.45026 3.48154 3.54712 3.54125 3.52604 3.49218 3.42334 3.44650 3.42265 3.30642 3.18388 3.21598 3.24571 3.27182 3.27591 3.36977 3.22270 3.18429 3.23752 3.22223 3.10922 2.99154 3.07632 3.25826 3.17440 3.09824 3.00921 2.90537 2.82043 2.82115 2.87410 2.87337 2.90059 2.90313 3.01865 2.99562 3.24747 3.23645 3.31427 3.27644 3.48636 3.55769 3.53745 3.47630 3.46664 3.46587 3.47162 3.46403 3.29588
3.04634 3.11204 3.19190 3.25844 3.35004 3.38544 3.39487 3.36819 3.32806 3.26780 3.20983 3.30938 3.57859 3.61818 3.53535 3.41018 3.43640 3.46422 3.45698 3.44966 3.51967 3.53169 3.50356 3.48492 3.41457 3.40675 3.38004 3.33111 3.21691 3.28128 3.29838 3.32001 3.20899 3.30904 3.21504 3.12015 3.07983 3.04871 2.91586 2.77888 2.82420 3.14226 3.04690 2.99083 2.96244 2.88412 2.81122 2.89532 2.94454 2.99336 3.03737 3.00320 3.08163 3.06235 3.28727 3.33729 3.34342 3.29012 3.40953 3.53541 3.51752 3.45298 3.43442 3.45352 3.43984 3.43223 3.37967
3.21090 3.21348 3.27194 3.30665 3.30793 3.27900 3.29541 3.30107 3.32124 3.24521 3.17844 3.25086 3.46003 3.61780 3.63354 3.42936 3.51177 3.45389 3.39923 3.37003 3.42718 3.44888 3.42026 3.41085 3.32201 3.27537 3.21873 3.20380 3.13366 3.17050 3.19721 3.19288 3.10141 3.09225 3.03360 2.92244 2.95137 3.01964 3.01136 2.96470 2.95268 3.08201 2.95237 2.90859 2.90499 2.85466 2.75042 2.80141 2.87897 2.97203 3.01202 2.98703 2.97632 2.94829 3.03579 3.18636 3.17062 3.10389 3.15547 3.38509 3.37967 3.33352 3.41976 3.48642 3.48860 3.56620 3.57162
3.05166 3.16484 3.25134 3.38365 3.42166 3.43178 3.44642 3.44865 3.45524 3.42842 3.39386 3.48176 3.49968 3.69829 3.76626 3.49563 3.51249 3.47345 3.41607 3.44801 3.53113 3.58482 3.56215 3.49568 3.34997 3.29107 3.18593 3.11054 3.03202 3.01630 3.04136 3.05785 3.08281 3.11780 3.19798 3.17831 3.13863 3.18167 3.14745 3.07541 3.02709 3.06217 3.08542 2.91450 2.92104 2.86184 2.73111 2.76352 2.87633 2.91922 2.92888 2.89032 2.85223 2.84124 2.91679 3.12161 3.12825 3.08640 3.12548 3.38639 3.45336 3.42824 3.51703 3.69686 3.76305 3.90572 3.92230
3.11097 3.28750 3.34712 3.49832 3.52537 3.53991 3.57548 3.56560 3.55704 3.55928 3.48447 3.55448 3.55432 3.67804 3.79615 3.53973 3.47642 3.43905 3.37830 3.46575 3.50069 3.50132 3.44707 3.37330 3.17231 3.10337 3.04184 3.01743 3.02720 3.09941 3.24135 3.33846 3.36829 3.35473 3.36594 3.29283 3.17446 3.25209 3.22802 3.19410 3.16320 3.14981 3.27809 3.05197 3.03903 3.00536 2.88849 2.86873 2.93354 3.00326 3.05392 3.07721 3.05120 3.05355 3.11238 3.30462 3.39284 3.24734 3.20817 3.25904 3.58654 3.57912 3.61819 3.88176 3.92413 4.03511 4.12691
3.23360 3.50154 3.54667 3.64827 3.67414 3.63385 3.62814 3.59408 3.55804 3.57424 3.52986 3.58409 3.59943 3.62782 3.78316 3.64139 3.52307 3.43913 3.32760 3.31621 3.27792 3.26207 3.29278 3.29088 3.21440 3.22529 3.18568 3.24909 3.25448 3.30651 3.36897 3.42468 3.42828 3.42180 3.38434 3.36369 3.16706 3.27520 3.28870 3.28611 3.29358 3.25646 3.32840 3.27711 3.16233 3.18015 3.08313 3.07100 3.12274 3.17405 3.18858 3.16260 3.09197 3.00097 3.01422 3.10691 3.28696 3.22803 3.26032 3.30847 3.62332 3.70465 3.70459 3.91447 3.91430 4.02315 4.13935
3.14611 3.49410 3.56125 3.58906 3.63779 3.57995 3.56564 3.51737 3.47820 3.54291 3.56414 3.66761 3.72291 3.73870 3.67850 3.47349 3.21108 3.10124 3.08325 3.07179 3.21625 3.35004 3.47698 3.57277 3.51538 3.40403 3.31895 3.31085 3.31339 3.36989 3.43029 3.48778 3.48299 3.48997 3.39426 3.38833 3.23782 3.27335 3.36778 3.38081 3.41171 3.36621 3.38782 3.52942 3.27960 3.24407 3.17909 3.16005 3.13943 3.16903 3.19900 3.25139 3.24002 3.19132 3.23281 3.27515 3.45576 3.43229 3.41052 3.41311 3.58822 3.88373 3.85503 4.03717 4.13539 4.27442 4.34424
2.85128 3.26192 3.41045 3.38730 3.50758 3.49155 3.52541 3.54831 3.54665 3.58338 3.49256 3.48118 3.44772 3.46935 3.52547 3.51024 3.33671 3.25662 3.39030 3.47826 3.55571 3.56506 3.61411 3.64596 3.59205 3.43175 3.37591 3.32487 3.32366 3.38436 3.41243 3.46071 3.45649 3.45944 3.36958 3.38593 3.39401 3.36236 3.50121 3.48666 3.48064 3.39404 3.36080 3.45043 3.28894 3.21612 3.22078 3.24661 3.26262 3.29062 3.33054 3.37554 3.36901 3.27490 3.25815 3.27426 3.38069 3.44372 3.37845 3.37359 3.37816 3.74008 3.74536 3.86791 4.15377 4.52682 4.67978
2.84230 3.23235 3.53324 3.56299 3.60976 3.56896 3.51360 3.44908 3.41321 3.48563 3.52728 3.61610 3.70897 3.79743 3.90361 3.82169 3.67117 3.48135 3.45663 3.50741 3.55573 3.58964 3.60264 3.61154 3.54349 3.39429 3.29851 3.27348 3.28977 3.34467 3.38158 3.41883 3.45419 3.46735 3.42186 3.39339 3.47669 3.40481 3.48967 3.45924 3.48881 3.41286 3.37491 3.38455 3.41952 3.35656 3.42616 3.45743 3.43972 3.42441 3.43503 3.45257 3.43850 3.34761 3.27497 3.27724 3.32423 3.43570 3.41373 3.45444 3.45578 3.81405 3.98195 4.06220 4.32693 4.61969 4.60592
2.99281 3.14936 3.47337 3.49721 3.54312 3.58495 3.63465 3.65897 3.68660 3.78911 3.80895 3.87208 3.90340 3.91583 3.98818 3.95051 3.87637 3.68114 3.63890 3.67466 3.64285 3.63307 3.55019 3.53804 3.46704 3.35901 3.21605 3.25342 3.31358 3.37548 3.42940 3.43700 3.45534 3.41972 3.36907 3.27321 3.35280 3.38078 3.41034 3.46690 3.47369 3.38535 3.29790 3.30786 3.40389 3.44352 3.48561 3.50237 3.48040 3.40338 3.36052 3.35334 3.33816 3.31227 3.20013 3.22998 3.30115 3.43436 3.45220 3.53171 3.49585 3.78863 4.09883 4.15754 4.43755 4.81471 4.83419
3.44641 3.57561 3.76049 3.87026 3.90492 3.82131 3.84746 3.88087 3.90604 3.97644 4.02899 4.14457 4.21957 4.20924 4.27857 4.24113 4.13150 3.85434 3.74484 3.71407 3.64230 3.61767 3.48166 3.49220 3.42815 3.38792 3.29688 3.29942 3.34543 3.37060 3.39196 3.34399 3.35556 3.39398 3.40656 3.37037 3.42215 3.46912 3.41392 3.52663 3.45969 3.39126 3.31517 3.26111 3.30659 3.37997 3.43149 3.46335 3.46412 3.40062 3.34135 3.34717 3.33029 3.36695 3.22346 3.23880 3.29972 3.40114 3.44821 3.51685 3.49677 3.67938 4.11709 4.23397 4.39708 4.74298 4.67229
3.75618 3.83935 3.94332 4.03198 4.07287 4.02830 4.06472 4.10262 4.15519 4.23918 4.27759 4.33853 4.35038 4.27590 4.27544 4.24238 4.09105 3.87306 3.74303 3.69824 3.69040 3.64288 3.53727 3.47842 3.41738 3.37505 3.27882 3.24512 3.28591 3.37561 3.43332 3.42295 3.43484 3.42190 3.35687 3.30976 3.30072 3.38001 3.40132 3.57438 3.46302 3.40135 3.31315 3.23173 3.27733 3.36506 3.47353 3.50441 3.45273 3.40474 3.31345 3.38825 3.36711 3.38785 3.30367 3.26518 3.39450 3.49668 3.58575 3.65046 3.66125 3.79603 4.01679 4.05293 4.14918 4.45506 4.38814
4.00129 4.00070 4.08901 4.20879 4.25090 4.16689 4.13664 4.15660 4.21503 4.28412 4.30077 4.34328 4.20130 4.08978 4.11360 4.15550 4.03973 3.90254 3.69054 3.56623 3.53105 3.47517 3.44690 3.31415 3.29536 3.29052 3.33337 3.28702 3.25552 3.28623 3.24115 3.20151 3.21462 3.27579 3.24800 3.22125 3.20647 3.30644 3.37226 3.56752 3.54449 3.54740 3.43116 3.23857 3.23935 3.24099 3.34385 3.34558 3.31123 3.28207 3.21986 3.27577 3.31051 3.33526 3.35578 3.33618 3.52077 3.62445 3.69392 3.75207 3.72891 3.82177 3.95476 4.06191 4.15462 4.46524 4.43036
4.08504 4.07062 4.17173 4.43231 4.47873 4.46254 4.39954 4.37281 4.37351 4.36109 4.35416 4.35097 4.20690 3.98208 3.95682 3.94918 3.80764 3.75566 3.71596 3.67700 3.63870 3.52765 3.45291 3.28088 3.28498 3.25482 3.25232 3.19484 3.19783 3.25983 3.28487 3.27332 3.27583 3.38026 3.39304 3.35628 3.36766 3.45541 3.52961 3.62536 3.61425 3.51812 3.40385 3.11627 3.06855 3.06560 3.20928 3.24670 3.23378 3.24649 3.25825 3.30727 3.38463 3.38946 3.44809 3.35666 3.46269 3.62456 3.66593 3.80712 3.81461 3.97814 4.14762 4.34509 4.46550 4.73746 4.67096
4.31694 4.26844 4.30283 4.47963 4.55973 4.50947 4.37602 4.28070 4.28377 4.24948 4.20265 4.18149 4.10755 3.85347 3.87587 3.86497 3.76644 3.65296 3.59575 3.58044 3.43096 3.26386 3.12902 3.08241 3.14615 3.23257 3.26003 3.25752 3.28947 3.36215 3.43443 3.44257 3.46755 3.52185 3.53471 3.41035 3.37067 3.35441 3.34747 3.37893 3.45127 3.33887 3.30519 3.07607 2.95210 3.04825 3.15896 3.25165 3.22361 3.22795 3.26274 3.32115 3.41921 3.46382 3.49973 3.47503 3.51048 3.72152 3.81555 4.03753 4.05657 4.18736 4.33262 4.48538 4.57015 4.83243 4.77390
4.20732 4.08171 4.17024 4.25933 4.43315 4.38440 4.29979 4.12636 4.14881 4.15423 4.12667 4.09577 4.07102 3.74842 3.74623 3.75799 3.65674 3.55430 3.48553 3.42857 3.30229 3.19273 3.09894 3.08649 3.12048 3.33511 3.41524 3.46582 3.42540 3.43965 3.49463 3.45249 3.45389 3.46024 3.46088 3.37847 3.35909 3.35188 3.30967 3.32818 3.44855 3.36186 3.32730 3.14016 2.95838 3.02627 3.12220 3.28050 3.30950 3.32414 3.33889 3.40761 3.44474 3.55908 3.61028 3.70813 3.78508 3.97935 4.04102 4.13217 4.14213 4.16098 4.26361 4.33845 4.43792 4.62096 4.61880
4.32178 4.12214 4.11139 4.14311 4.35327 4.32468 4.28748 4.05343 4.03873 4.03263 3.99640 3.98627 4.00652 3.68671 3.61505 3.58935 3.50076 3.40723 3.35915 3.29925 3.25412 3.06705 3.03737 3.04511 3.13403 3.37916 3.48624 3.54983 3.53408 3.53653 3.49521 3.39653 3.41988 3.42177 3.40969 3.36263 3.30001 3.29100 3.24320 3.24361 3.33857 3.31051 3.25279 3.12655 2.95378 3.00282 3.11378 3.22041 3.34236 3.39688 3.46258 3.60175 3.67327 3.80345 3.83690 3.85918 3.90110 4.01535 4.10216 4.11638 4.17137 4.14063 4.25687 4.33713 4.51748 4.61124 4.59796
4.44765 4.15560 4.08603 4.11114 4.23085 4.24315 4.25898 4.16226 4.06589 4.06437 3.96030 3.89405 3.91600 3.67734 3.53647 3.51604 3.45054 3.40604 3.40068 3.37048 3.38662 3.26265 3.24809 3.23734 3.27149 3.45199 3.55443 3.54474 3.54698 3.53277 3.53230 3.39945 3.40009 3.38852 3.36645 3.33097 3.22420 3.20065 3.16389 3.13937 3.15896 3.15733 3.11604 3.08281 2.99406 2.98953 3.16781 3.27815 3.51070 3.54987 3.53390 3.56853 3.62834 3.71180 3.78460 3.78938 3.87189 3.96690 4.11708 4.14649 4.22939 4.18837 4.20303 4.21144 4.34716 4.36369 4.41996
4.55936 4.33821 4.25120 4.26265 4.28635 4.12721 4.09543 4.04873 3.82492 3.79273 3.72277 3.70017 3.73432 3.67868 3.51975 3.53508 3.52889 3.49074 3.47751 3.42994 3.44253 3.38073 3.23873 3.24352 3.22641 3.33740 3.53539 3.54999 3.53814 3.51483 3.51173 3.39408 3.31870 3.31305 3.30027 3.26327 3.16144 3.11259 3.07564 3.06717 3.04112 3.10142 3.09927 3.10850 3.13682 2.98399 3.20200 3.30342 3.47591 3.58281 3.58975 3.64274 3.74685 3.81288 3.93377 3.93664 3.96826 4.01788 4.09567 4.07269 4.07965 4.07474 4.00910 4.02092 4.12631 4.24161 4.30431
4.63141 4.48102 4.33026 4.29248 4.28119 4.06106 3.94487 3.97071 3.82056 3.78105 3.73356 3.70141 3.71307 3.67753 3.53489 3.52246 3.54851 3.53808 3.52619 3.51223 3.46455 3.46280 3.27727 3.26908 3.23109 3.26350 3.45479 3.46650 3.41513 3.36914 3.35589 3.30567 3.21673 3.21364 3.19588 3.15772 3.09223 3.02601 3.00751 3.00369 2.96046 3.06397 3.05455 3.06424 3.04044 3.08381 3.30482 3.50026 3.60004 3.77574 3.83946 3.86055 3.92261 3.97512 4.06935 4.05820 4.06672 4.02715 3.94780 3.98156 4.03088 4.08745 4.03431 4.12659 4.17318 4.36584 4.35058
4.78970 4.75251 4.59680 4.46995 4.37487 4.24459 3.88146 3.85073 3.73711 3.59507 3.56891 3.58418 3.64412 3.65560 3.63843 3.61681 3.62105 3.60189 3.56119 3.53112 3.42310 3.44925 3.28292 3.21898 3.19500 3.20484 3.29682 3.34090 3.26283 3.20024 3.16232 3.14043 3.04391 3.04060 3.02445 3.00396 2.97305 2.92425 2.87375 2.80294 2.71930 2.81632 2.90803 3.02490 3.08828 3.24391 3.41716 3.67921 3.71359 3.81794 3.90091 3.92318 3.93534 3.89614 3.95309 3.98317 4.01453 4.03930 3.95998 4.07352 4.13569 4.18295 4.10283 4.11946 4.08288 4.31316 4.41436
4.84148 4.82241 4.66567 4.56595 4.37335 4.32618 3.81642 3.76777 3.76447 3.68806 3.68280 3.69883 3.73045 3.72088 3.71697 3.64262 3.65616 3.60879 3.56313 3.56762 3.44109 3.41388 3.31545 3.15797 3.10754 3.03865 3.10741 3.17010 3.11646 3.09315 3.09991 3.06613 2.96801 2.88422 2.83572 2.76553 2.73789 2.76048 2.79681 2.82934 2.88252 3.06885 3.24712 3.31683 3.36723 3.45022 3.51053 3.81918 3.84613 3.90598 4.03615 4.06483 4.07675 4.03776 4.03779 4.06982 4.08608 4.06869 3.96748 4.05610 4.09302 4.14616 4.19114 4.44378 4.49008 4.61727 4.73199
4.72247 4.68472 4.61999 4.59275 4.39939 4.36057 4.03577 3.85785 3.87204 3.79607 3.74308 3.76805 3.80894 3.80726 3.83175 3.71076 3.68444 3.61326 3.52582 3.46055 3.29779 3.19714 3.20239 3.10800 3.04385 3.01982 3.02289 3.05732 2.99340 2.91951 2.87028 2.86821 2.87408 2.84461 2.92969 2.98755 3.02826 3.09398 3.09504 3.09294 3.10375 3.18895 3.40237 3.45539 3.50169 3.56966 3.60723 3.82178 3.93925 3.92778 4.02571 4.05123 4.02937 3.97647 3.92593 3.96471 3.98391 3.94259 3.85296 3.90581 3.95281 3.97981 4.04974 4.33476 4.37438 4.36986 4.51208
