results/OMI_NO2_200605.asc
ncols      200
nrows      200
xllcorner       120.258
yllcorner       41.1236
cellsize     0.0166667
NODATA_Value      -999.000
[rows 116 to 144 of 200, columns 67 to 133 of 200]
2.01517 2.15433 2.22706 2.25355 2.28900 2.37628 2.46900 2.60773 2.64459 2.66180 2.81799 2.94931 2.94856 2.94597 2.94339 2.94080 2.93822 2.93586 2.93547 2.93547 2.93965 2.98063 3.00186 2.83199 2.85891 2.77106 2.83915 2.73292 2.42528 2.42093 2.44079 2.46063 2.47481 2.47182 2.43576 2.45221 2.48567 2.50738 2.50834 2.50781 2.55196 2.57415 2.65276 2.84618 2.95265 3.02136 3.13570 3.17135 3.13181 3.00888 3.01436 3.00196 2.98014 2.95766 2.93439 2.91064 2.92273 3.06699 3.05524 3.05112 3.01196 2.88945 2.83864 2.81278 2.76440 2.73430 2.72876
2.22084 2.25710 2.27105 2.25483 2.23935 2.27263 2.39415 2.51225 2.61471 2.62052 2.73962 2.92097 2.93547 2.93693 2.96755 3.01095 3.06101 3.11410 3.16341 3.21419 3.26165 3.26391 3.25523 3.04939 2.93329 2.73140 2.79882 2.81420 2.55428 2.47748 2.49381 2.53802 2.59646 2.66783 2.70008 2.68725 2.72354 2.76134 2.80075 2.84038 2.89484 2.94778 2.99363 3.18626 3.23787 3.23992 3.29280 3.33423 3.27695 2.86261 2.85901 2.85396 2.85397 2.85397 2.85157 2.83170 2.80116 2.92525 2.93902 2.91087 2.89880 2.83672 2.78259 2.77419 2.75812 2.71007 2.70552
2.16982 2.17765 2.20821 2.20213 2.19607 2.21823 2.30326 2.42004 2.60363 2.64111 2.74445 2.96443 3.10560 3.15424 3.16814 3.16803 3.16237 3.15562 3.15290 3.15001 3.15464 3.13978 3.11350 3.06431 3.09099 2.99236 2.94626 3.00712 2.94378 2.93207 3.02309 3.06716 3.09940 3.11464 3.09199 2.95106 2.94251 2.94251 2.94251 2.94251 2.95784 2.99655 2.99655 3.12612 3.16159 3.16647 3.20151 3.29846 3.29883 2.90503 2.82450 2.80567 2.77651 2.74536 2.71661 2.70533 2.70456 2.77259 2.88893 2.87948 2.86647 2.85816 2.80263 2.82658 2.85038 2.83252 2.84490
2.23148 2.20560 2.07382 2.05132 2.03026 2.01632 2.05779 2.20036 2.70204 2.77507 2.82459 3.00800 3.20431 3.21419 3.21994 3.22559 3.23126 3.22284 3.19881 3.17543 3.14452 3.12820 3.09413 3.05692 3.10923 3.14566 2.98004 2.97471 2.95483 3.07886 3.09719 3.09674 3.09674 3.09674 3.09674 3.00691 2.94251 2.94251 2.94251 2.94251 2.94598 2.99619 2.99655 3.07201 3.17043 3.19364 3.15812 3.19875 3.18281 2.88212 2.66274 2.66540 2.69572 2.68044 2.66314 2.64587 2.62873 2.62490 2.79650 2.80228 2.79441 2.93372 2.93489 2.90777 2.90195 2.88122 2.85591
2.18673 2.20874 2.12682 2.11360 2.12554 2.13760 2.27111 2.43510 2.70740 2.86501 2.86966 3.01257 3.20145 3.24570 3.21488 3.18154 3.12076 3.06562 3.02966 2.99536 2.96259 2.93374 2.91515 2.89691 2.94015 3.13164 2.91313 2.92400 2.93079 3.00110 3.09674 3.09674 3.09674 3.09674 3.09674 3.06974 2.94267 2.94251 2.94251 2.95296 2.97629 3.04459 3.07711 3.11884 3.25417 3.22777 3.11173 3.02885 3.05177 2.90318 2.55794 2.55135 2.59228 2.59754 2.59754 2.60287 2.64437 2.69259 2.76532 2.76907 2.76533 2.83339 2.95491 2.90076 2.90076 2.89745 2.85533
2.28811 2.30397 2.25174 2.19989 2.23266 2.26999 2.36091 2.49453 2.58183 2.82686 2.82362 2.84734 2.92387 3.00442 2.97022 2.93959 2.93116 2.92698 2.90967 2.89144 2.87320 2.85626 2.85273 2.85273 2.85293 3.05651 2.99695 2.91510 2.93214 2.94231 3.09601 3.09674 3.09674 3.09674 3.10887 3.13227 3.03765 3.02484 3.05036 3.06762 3.05333 3.07391 3.10326 3.11587 3.20619 3.24069 3.24551 3.06647 2.99312 2.97252 2.54046 2.56013 2.63477 2.71453 2.76278 2.80567 2.81244 2.81244 2.80476 2.76542 2.76532 2.77063 2.97584 2.90078 2.90031 2.89927 2.86677
2.16842 2.32679 2.42325 2.36790 2.37112 2.36198 2.34052 2.44885 2.39935 2.64108 2.68814 2.69466 2.74502 2.90328 2.90421 2.88596 2.86773 2.85367 2.85273 2.85273 2.85273 2.85273 2.85273 2.85273 2.85273 2.94510 3.08872 2.89581 2.93090 2.94214 3.09648 3.17001 3.20204 3.23413 3.25406 3.26136 3.20350 3.11468 3.12373 3.13071 3.15626 3.18265 3.18055 3.17938 3.20672 3.23679 3.23904 3.13974 3.07718 3.09560 2.80075 2.71889 2.72188 2.77239 2.77361 2.77239 2.77124 2.77005 2.76885 2.73194 2.71936 2.71941 2.89003 2.96239 3.02309 3.08808 3.13724
2.25327 2.31322 2.43035 2.26566 2.20965 2.16511 2.13740 2.20359 2.22264 2.39720 2.66368 2.71433 2.78271 2.87711 2.89263 2.89461 2.89660 2.89860 2.90059 2.90258 2.90459 2.90658 2.90857 2.91053 2.87458 2.80283 2.98184 2.86664 3.10199 3.12340 3.19946 3.33569 3.34516 3.34779 3.35031 3.35430 3.36406 3.22751 3.21503 3.21503 3.21503 3.20670 3.17462 3.22444 3.28393 3.38517 3.43223 3.38196 3.22670 3.16913 2.95979 2.73373 2.74263 2.78137 2.81090 2.83755 2.86884 2.89906 2.92836 2.94120 2.94135 2.96756 3.04557 3.27552 3.35149 3.32913 3.30788
2.05199 2.02729 2.18298 2.09460 2.06438 2.07578 2.09086 2.13362 2.27055 2.33485 2.62136 2.72167 2.74470 2.88865 2.91606 2.91664 2.91664 2.90354 2.85942 2.80032 2.72405 2.65028 2.57912 2.51743 2.49276 2.50392 2.63802 2.80024 3.03442 3.15953 3.20590 3.39175 3.39201 3.39426 3.39649 3.39842 3.39870 3.31759 3.28239 3.33061 3.37885 3.42617 3.40043 3.39412 3.39188 3.43900 3.44719 3.44629 3.28846 3.22777 3.16736 2.88362 2.91963 2.95257 3.01717 3.02169 3.02169 3.02165 3.01810 2.99728 2.93747 2.91191 2.89967 3.13095 3.30266 3.30563 3.31798
1.99085 2.00261 2.17303 2.17070 2.12285 2.12653 2.12987 2.13985 2.27324 2.30225 2.58829 2.74140 2.71481 2.81362 2.81632 2.76248 2.70168 2.65340 2.63145 2.62456 2.63580 2.64542 2.64995 2.64613 2.63240 2.62320 2.62969 2.64843 2.75627 2.98974 3.17109 3.32073 3.39057 3.38743 3.38046 3.37334 3.36790 3.37412 3.44399 3.44455 3.44455 3.44455 3.40269 3.38450 3.38450 3.41426 3.51906 3.56104 3.46361 3.35107 3.31547 2.98981 2.96999 2.96873 3.00230 2.99604 2.97370 2.95134 2.93254 2.92981 2.91219 2.90639 2.91944 3.07749 3.32626 3.35636 3.34915
1.96263 1.95594 2.04688 2.15558 2.29737 2.33407 2.36748 2.39420 2.48319 2.58019 2.49904 2.54552 2.53746 2.57250 2.60315 2.60186 2.58202 2.55697 2.53132 2.50570 2.48480 2.47681 2.47429 2.47312 2.47758 2.46904 2.45569 2.44803 2.47490 2.75450 3.01830 3.17790 3.36634 3.36204 3.36162 3.36162 3.36162 3.36162 3.42132 3.44455 3.44455 3.44455 3.41638 3.38450 3.38450 3.39473 3.48922 3.57080 3.58161 3.37318 3.31376 3.09206 2.99072 3.00535 2.99076 2.93836 2.95363 2.97604 2.99902 3.02200 3.03314 3.00773 3.01752 3.06419 3.25393 3.37391 3.40217
1.99705 2.02397 2.12124 2.32262 2.53688 2.59920 2.65466 2.70998 2.76232 2.68645 2.38370 2.22109 2.26996 2.30683 2.40524 2.41761 2.41838 2.43257 2.44903 2.45980 2.45825 2.44537 2.43202 2.41866 2.40537 2.39747 2.39286 2.37663 2.40808 2.61159 2.89158 3.08915 3.34538 3.36162 3.36162 3.36162 3.36162 3.36162 3.38744 3.44455 3.44455 3.44455 3.44304 3.44984 3.50497 3.55999 3.67243 3.81633 3.83656 3.51223 3.40633 3.28447 3.08836 3.11579 3.13776 3.07531 3.07098 3.07152 3.07164 3.07417 3.07763 3.09931 3.13819 3.16295 3.28211 3.43994 3.43994
2.31009 2.35770 2.39818 2.64769 2.81395 2.87657 2.87524 2.84872 2.81276 2.69449 2.46578 2.14649 2.24292 2.26525 2.40539 2.41893 2.43336 2.42170 2.40834 2.40068 2.40009 2.39609 2.39148 2.38688 2.38237 2.38085 2.38085 2.37070 2.38168 2.48926 2.77755 3.07837 3.24963 3.36162 3.36162 3.36162 3.36162 3.37719 3.43175 3.55935 3.62372 3.67924 3.72786 3.69721 3.72406 3.75565 3.81876 3.91868 3.95172 3.77856 3.52091 3.47576 3.15301 3.16144 3.16234 3.12554 3.07920 3.08266 3.08600 3.08693 3.08693 3.11198 3.15935 3.15935 3.21820 3.41787 3.43994
2.63960 2.65680 2.65548 2.63006 2.67687 2.74955 2.71484 2.70551 2.71065 2.69612 2.57233 2.24013 2.31151 2.34737 2.38888 2.37833 2.39795 2.39470 2.39010 2.38550 2.38145 2.38085 2.38085 2.38085 2.38085 2.38085 2.38085 2.38055 2.35100 2.41121 2.68550 3.00968 3.16759 3.43422 3.49020 3.55408 3.61927 3.66890 3.68083 3.74317 3.81561 3.84632 3.86866 3.86267 3.87097 3.87502 3.89051 3.96917 4.00874 3.98163 3.59647 3.57202 3.28614 3.23734 3.24287 3.24050 3.16328 3.16213 3.16521 3.16822 3.17119 3.17618 3.24385 3.25266 3.28717 3.45095 3.50354
2.57864 2.53092 2.51620 2.52310 2.56265 2.73777 2.78275 2.83406 2.88052 2.91560 2.83413 2.52890 2.41630 2.43261 2.44097 2.38509 2.37571 2.36587 2.36483 2.36378 2.36273 2.36167 2.36062 2.35957 2.35853 2.35748 2.35643 2.36310 2.35251 2.43745 2.68424 3.11964 3.34989 3.63944 3.68245 3.69719 3.71820 3.73925 3.76010 3.77835 3.85193 3.85336 3.85336 3.92226 3.97656 3.97733 3.98103 4.04393 4.10363 4.11052 3.82778 3.67225 3.47042 3.35062 3.35464 3.35780 3.30531 3.26888 3.27240 3.27789 3.28337 3.28899 3.33776 3.37973 3.39287 3.44560 3.32779
2.78584 2.78844 2.83697 2.88168 2.92676 3.13483 3.15958 3.15962 3.16295 3.16837 3.11357 2.85098 2.60859 2.61497 2.55490 2.37848 2.36494 2.34725 2.34722 2.34722 2.34737 2.35064 2.36068 2.38825 2.41707 2.44593 2.47476 2.49590 2.47371 2.49171 2.63892 3.11262 3.40735 3.60673 3.78182 3.79231 3.79529 3.79826 3.80124 3.80421 3.85551 3.86946 3.85824 3.88824 3.95908 3.94709 3.93228 3.94966 4.00495 4.00400 3.86516 3.53645 3.45263 3.39152 3.42047 3.42328 3.40979 3.32814 3.32968 3.32974 3.32974 3.32380 3.30711 3.34207 3.30836 3.34472 3.72364
2.97485 2.96842 2.96808 2.96831 2.97235 3.10140 3.17470 3.18008 3.18217 3.18217 3.17058 2.94071 2.64318 2.59725 2.57626 2.38395 2.34411 2.32912 2.34326 2.36476 2.38614 2.40434 2.41584 2.40977 2.40393 2.40969 2.41795 2.43022 2.47645 2.61758 2.76741 3.12157 3.38262 3.46219 3.70539 3.68732 3.66973 3.65660 3.64451 3.63242 3.64824 3.70510 3.70510 3.71929 3.83706 3.84708 3.85674 3.87852 3.94873 3.97331 3.97062 3.59003 3.52091 3.38052 3.43090 3.43076 3.42365 3.33738 3.28035 3.24637 3.21240 3.18438 3.17933 3.23696 3.24233 3.26687 3.61997
2.99529 2.99962 3.00337 3.01157 3.01595 3.05843 3.10584 3.09522 3.07448 3.05327 3.03205 2.90521 2.52541 2.53900 2.57182 2.43412 2.37491 2.39821 2.39995 2.41445 2.44020 2.46938 2.49857 2.52998 2.56902 2.59740 2.62337 2.64528 2.66531 2.80762 2.94190 3.20746 3.48906 3.58393 3.61800 3.62398 3.63078 3.64338 3.65668 3.66954 3.68233 3.75280 3.77310 3.78271 3.88163 3.89436 3.89436 3.89459 3.94557 3.97629 3.96899 3.69368 3.52567 3.39955 3.37398 3.31189 3.25695 3.21930 3.22949 3.21738 3.20291 3.18707 3.17134 3.18409 3.22920 3.23319 3.45509
3.02385 3.00947 2.98528 2.96836 2.95195 2.94017 2.95576 2.94455 2.94247 2.94066 2.93887 2.92442 2.71789 2.71503 2.76892 2.68316 2.59145 2.59405 2.59069 2.60434 2.61779 2.63012 2.64859 2.69181 2.73025 2.76920 2.80976 2.85209 2.88451 2.97535 3.05585 3.21733 3.62211 3.66850 3.69499 3.70658 3.71680 3.71859 3.71859 3.71859 3.71859 3.74890 3.78484 3.78484 3.85697 3.88401 3.78683 3.66599 3.57261 3.48845 3.32853 3.26952 3.37070 3.24681 3.19059 3.17220 3.15330 3.13467 3.14763 3.14803 3.14647 3.14650 3.15320 3.16692 3.15359 3.11847 3.19106
2.89871 2.89703 2.89356 2.89097 2.89141 2.89181 2.92069 2.92456 2.92437 2.92439 2.93821 2.96368 2.86705 2.78821 2.86065 2.80420 2.68308 2.70720 2.74144 2.75812 2.80080 2.84271 2.87859 2.88254 2.88710 2.89308 2.89906 2.90504 2.90799 2.95886 3.03927 3.17843 3.56162 3.66097 3.71859 3.71859 3.71859 3.71859 3.71859 3.71859 3.70462 3.60587 3.54249 3.41486 3.33110 3.27072 3.20672 3.14229 3.06664 3.02590 2.97815 2.93161 3.06021 3.17421 3.09900 3.11548 3.11548 3.11706 3.14116 3.17018 3.18191 3.19362 3.19865 3.19865 3.14040 3.09236 3.12384
2.90026 2.89957 2.89775 2.89064 2.89057 2.89869 2.94429 2.98329 3.00899 3.03463 3.04647 3.05321 3.03100 2.86621 2.96216 2.99869 2.91366 3.08142 3.02663 2.88370 2.88891 2.89489 2.90087 2.90657 2.90799 2.90799 2.90799 2.90799 2.90799 2.92566 3.03826 3.09829 3.38899 3.64415 3.71804 3.70116 3.59340 3.46767 3.33439 3.19127 3.05851 3.03350 3.04462 2.97757 2.89742 2.89037 2.82525 2.78363 2.76897 2.83460 2.86866 2.86919 2.95731 3.17748 3.11947 3.14778 3.15982 3.17026 3.17378 3.20177 3.20348 3.20377 3.20407 3.20436 3.18856 3.09902 3.10848
2.90245 2.92556 2.95123 2.97143 2.99462 3.01386 3.04295 3.08441 3.10620 3.13670 3.17316 3.20411 3.21732 3.01271 3.04852 3.06593 2.92594 3.04342 3.09657 2.93612 2.92523 2.92724 2.92926 2.93127 2.93328 2.93529 2.93732 2.93934 2.94135 2.94338 3.05958 3.09371 3.26855 3.32006 3.18372 3.09038 3.07154 3.06639 3.00752 2.90874 2.80981 2.71101 2.66188 2.70732 2.71021 2.77813 2.78091 2.78091 2.78203 2.83351 2.89907 2.91911 2.94570 3.18344 3.19508 3.18005 3.18005 3.18038 3.18125 3.20033 3.21401 3.21471 3.20717 3.19533 3.18349 3.09215 3.05351
3.04754 3.08341 3.10540 3.13175 3.15716 3.19397 3.22198 3.27472 3.29576 3.30651 3.30901 3.31188 3.31546 3.16284 3.10673 3.13040 3.01283 3.02664 3.14955 3.04749 2.97307 2.97307 2.97307 2.97307 2.97624 2.98685 2.99504 3.00262 3.01018 3.01775 3.10734 3.16128 3.16786 3.20619 2.94709 2.88388 2.78573 2.68802 2.64610 2.64875 2.65157 2.65442 2.65749 2.72664 2.74644 2.80362 2.81797 2.81313 2.80695 2.80980 2.86303 2.86224 2.84253 3.02495 3.16483 3.17691 3.16504 3.15287 3.14015 3.13250 3.14558 3.13316 3.12884 3.12884 3.13054 3.10984 3.06272
3.10224 3.21226 3.23847 3.23506 3.26906 3.28025 3.28026 3.30890 3.31633 3.31776 3.31917 3.31994 3.31994 3.24055 3.09127 3.13044 3.05147 2.97856 3.16742 3.15965 3.05333 3.07397 3.09463 3.11531 3.13281 3.14287 3.15535 3.16839 3.17951 3.18969 3.21678 3.23874 3.18754 3.21768 2.73049 2.61494 2.58623 2.56849 2.54107 2.51249 2.47917 2.44160 2.40405 2.44938 2.54454 2.58407 2.62300 2.61616 2.59627 2.57714 2.63376 2.66360 2.64734 2.73447 3.00743 3.09773 3.09785 3.09785 3.09785 3.10064 3.13099 3.15664 3.17865 3.20067 3.22099 3.22356 3.13026
3.10372 3.16619 3.24339 3.25458 3.28397 3.32810 3.33969 3.37051 3.39632 3.40584 3.41541 3.42574 3.43634 3.43527 3.22340 3.32866 3.30948 3.19546 3.32199 3.39827 3.27090 3.24855 3.24615 3.24201 3.23669 3.23137 3.22421 3.20419 3.18360 3.16398 3.15138 3.17583 3.16864 3.18364 2.77665 2.53971 2.53005 2.53996 2.42113 2.33629 2.32340 2.30326 2.28300 2.27644 2.44334 2.45563 2.49308 2.47966 2.47936 2.48069 2.54292 2.63536 2.66276 2.68183 2.99500 3.12886 3.16102 3.18571 3.21769 3.24676 3.27608 3.30362 3.33270 3.36366 3.39370 3.42364 3.39334
3.27490 3.28195 3.37730 3.37345 3.36938 3.40878 3.40976 3.41730 3.44087 3.43645 3.43338 3.45061 3.48515 3.51977 3.27522 3.30847 3.33289 3.17567 3.22232 3.37055 3.29215 3.21247 3.20879 3.19516 3.17793 3.16102 3.15519 3.16619 3.17908 3.19146 3.20376 3.24736 3.25212 3.27615 3.02070 2.59436 2.53961 2.53703 2.49121 2.36260 2.36885 2.38602 2.40269 2.41925 2.55335 2.64508 2.72726 2.74141 2.75527 2.76775 2.78999 2.86346 2.88976 2.90117 3.06759 3.25144 3.33746 3.36841 3.39256 3.41673 3.44106 3.47489 3.47800 3.47696 3.47680 3.47235 3.44417
3.15717 3.12734 3.22399 3.26005 3.26314 3.28921 3.32981 3.37123 3.44846 3.48920 3.52790 3.54553 3.54553 3.55046 3.39551 3.25893 3.32228 3.19155 3.15612 3.32951 3.31331 3.18630 3.18074 3.18868 3.20066 3.21195 3.25398 3.35698 3.45499 3.55085 3.74334 3.88758 4.01803 4.03708 3.36530 2.74378 2.66746 2.65797 2.65612 2.52992 2.51568 2.51568 2.51568 2.51568 2.55564 2.69821 2.75917 2.77028 2.77040 2.78554 2.81672 2.90963 3.01013 3.05583 3.13750 3.37236 3.45914 3.46015 3.46015 3.46015 3.45951 3.45822 3.45615 3.44492 3.43369 3.42690 3.42684
3.20487 3.15947 3.24099 3.35283 3.39051 3.43178 3.50256 3.50556 3.53904 3.56126 3.57607 3.59085 3.60562 3.61546 3.56665 3.26757 3.30763 3.18557 3.09281 3.23899 3.45970 3.47689 3.55742 3.65125 3.74040 3.82705 3.88002 3.87789 3.87789 3.87789 3.93767 3.99669 4.06465 4.05141 3.67505 2.86697 2.69028 2.65797 2.65797 2.58096 2.51568 2.51598 2.52218 2.53064 2.53917 2.70408 2.82947 2.92379 2.99058 3.04228 3.07955 3.10136 3.14244 3.15125 3.15514 3.33949 3.43956 3.44532 3.43394 3.42257 3.41182 3.41031 3.42502 3.42556 3.42542 3.42526 3.42511
3.36749 3.36091 3.35467 3.45123 3.46729 3.48206 3.52634 3.56192 3.59488 3.61293 3.60980 3.60422 3.59676 3.68427 3.79924 3.65791 3.83258 3.72648 3.66839 3.83671 4.13354 4.14167 3.93504 3.88533 3.88802 3.89070 3.89339 3.89608 3.89879 3.90148 3.94164 3.99877 4.09619 4.09746 3.94646 3.09030 2.77393 2.73058 2.74016 2.72500 2.63180 2.66933 2.73287 2.79466 2.85641 2.98511 3.10994 3.09576 3.09559 3.09542 3.09525 3.09462 3.11036 3.12515 3.11594 3.21259 3.35479 3.39492 3.40376 3.40376 3.40376 3.40376 3.40710 3.40199 3.39018 3.38144 3.38467
