results/OMI_NO2_200905.asc
ncols      200
nrows      200
xllcorner       120.258
yllcorner       41.1236
cellsize     0.0166667
NODATA_Value      -999.000
[rows 112 to 139 of 170, columns 0 to 62 of 200]
1.32562 1.31671 1.33595 1.33915 1.33915 1.33915 1.33915 1.84441 1.87551 1.95972 2.06941 2.23056 2.21031 2.18004 2.18004 2.18004 2.18004 2.18004 2.18004 2.18004 2.18004 2.18004 2.18004 2.15570 2.25403 2.35623 2.33236 2.39261 2.46251 2.55062 2.67196 2.79490 2.85536 2.85536 2.85536 2.85536 2.85536 2.85536 2.84651 2.95123 2.95844 2.93711 2.89409 2.78236 2.52960 2.48620 2.46202 2.63789 2.70382 2.70151 2.70151 2.70151 2.70151 2.70151 2.70151 2.70197 2.71557 2.73310 2.74599 2.76466 2.77202 2.78305 2.86341
3.13391 3.13391 3.13595 3.15932 3.19359 3.14882 3.30156 3.63168 3.66389 3.67594 3.67594 3.67594 3.67594 3.67594 3.67594 3.67594 3.67594 3.67594 3.67637 3.68728 3.70274 3.71817 3.73134 3.73295 3.99075 4.31230 4.30592 4.30592 4.30592 4.30592 4.30592 4.59036 4.59783 4.27917 3.41697 3.20144 3.13528 3.08031 2.99897 2.98775 2.57233 2.45043 2.48181 2.51873 2.57711 2.85620 2.82612 2.66091 2.66091 2.66091 2.66091 2.66091 2.66087 2.64759 2.56980 2.73895 2.96494 2.86162 3.27193 3.67991 3.63875 3.63875 3.63875
3.23702 3.27373 3.30684 3.31865 3.31953 3.30010 3.12308 3.67194 3.67594 3.67594 3.67594 3.67594 3.67594 3.67594 3.67594 3.68257 3.69797 3.71341 3.72842 3.73295 3.73295 3.73295 3.73295 3.73295 3.80767 4.31566 4.30592 4.30592 4.30592 4.30592 4.30592 4.67051 4.67709 4.67745 3.86542 3.02924 2.98069 2.93950 2.93258 2.94228 2.77722 2.61268 2.61965 2.61965 2.61965 2.73262 2.90071 2.68794 2.66019 2.63915 2.54988 2.45140 2.36287 2.29370 2.27241 2.31446 2.80110 2.81499 2.93937 3.70602 3.63875 3.63875 3.63875
3.30534 3.31953 3.31953 3.31953 3.31953 3.31953 3.12894 3.51508 3.67594 3.67594 3.67594 3.67889 3.69321 3.70865 3.72409 3.73291 3.73295 3.73295 3.73295 3.73295 3.73295 3.73295 3.73295 3.73295 3.73295 4.17098 4.30837 4.30592 4.30592 4.30592 4.30592 4.67745 4.67478 4.60729 4.10857 3.17776 2.95414 2.99529 3.00841 3.00841 2.96654 2.62326 2.61965 2.61965 2.61784 2.60313 2.76757 2.58012 2.34766 2.28534 2.27241 2.27241 2.27241 2.27241 2.27241 2.27241 2.63447 2.81499 2.81777 3.50875 3.65178 3.64523 3.65581
3.29105 3.31911 3.31953 3.31953 3.31953 3.31953 3.23246 3.28075 3.68845 3.70389 3.71934 3.73183 3.73295 3.73295 3.73295 3.73295 3.73295 3.73295 3.73295 3.73295 3.73295 3.73295 3.73295 3.73295 3.73295 3.94280 4.31324 4.30592 4.30592 4.30592 4.30592 4.36182 4.22987 4.16871 4.13282 3.48851 3.00858 3.00841 3.00841 3.00841 3.00468 2.68236 2.50050 2.42355 2.35449 2.30851 2.42615 2.52146 2.28176 2.27241 2.27241 2.27241 2.27241 2.27241 2.27241 2.27241 2.49729 2.83189 2.87641 3.23391 3.59975 3.49681 3.47175
3.28673 3.30872 3.31953 3.31953 3.32728 3.34273 3.35215 3.14641 3.70734 3.73295 3.73295 3.73295 3.73295 3.73295 3.73295 3.73295 3.73295 3.73295 3.73295 3.73295 3.73295 3.73295 3.78564 3.90519 4.00581 4.13269 4.12190 4.30561 4.30592 4.30592 4.30592 4.14865 4.14865 4.14865 4.14865 3.81253 3.10113 2.94933 2.84990 2.75863 2.67799 2.50696 2.30278 2.30278 2.30278 2.30278 2.32682 2.53619 2.38645 2.27241 2.27241 2.32884 2.51652 2.74385 2.97272 3.20168 3.36590 3.25833 3.30323 3.38559 3.60654 3.44210 3.44147
3.25413 3.14096 3.35341 3.36885 3.37654 3.37654 3.37654 3.21414 3.50575 3.73295 3.73295 3.73295 3.73295 3.73295 3.73295 3.73295 3.74006 3.84371 3.95051 4.05123 4.15187 4.25246 4.30049 4.28155 4.28155 4.28155 4.09441 4.20217 4.30592 4.32342 4.38631 4.14865 4.14865 4.14865 4.14865 4.05621 3.15945 2.62723 2.62675 2.62675 2.62675 2.60928 2.31474 2.30278 2.30278 2.30278 2.33139 2.65416 2.90104 2.96882 3.19743 3.36970 3.43070 3.48367 3.53566 3.58756 3.61033 3.48475 3.36800 3.36800 3.55330 3.48918 3.44147
2.74186 2.73232 3.23018 3.37654 3.37654 3.37654 3.37654 3.31762 3.27068 3.73295 3.73295 3.77432 3.89497 3.99595 4.09654 4.19716 4.29079 4.28773 4.28155 4.28155 4.28155 4.28155 4.28155 4.28155 4.28155 4.28349 4.22222 4.16191 4.49651 4.54422 4.54653 4.14865 4.14865 4.14865 4.14865 4.14865 3.61023 2.70137 2.62675 2.62675 2.62675 2.63755 2.58329 2.68872 2.87939 3.07014 3.23221 3.36014 3.67099 3.58855 3.52578 3.57779 3.60992 3.61033 3.61033 3.61033 3.61033 3.57632 3.36892 3.36800 3.44589 3.54347 3.39370
2.73232 2.73232 2.94216 3.37654 3.37654 3.37543 3.30575 3.27316 3.57875 4.14698 4.24260 4.30180 4.28179 4.28155 4.28155 4.28155 4.28155 4.28155 4.28155 4.28155 4.28155 4.28169 4.29487 4.31661 4.33834 4.35813 4.35296 4.14903 4.53474 4.54653 4.54653 4.14865 4.14865 4.14865 4.14865 4.14901 3.93417 3.04373 2.87320 3.02114 3.16894 3.30608 3.31075 3.28231 3.39445 3.57228 3.76593 3.90024 4.03704 3.94206 3.61033 3.61033 3.61033 3.61033 3.61033 3.61033 3.62491 3.69551 3.62248 3.67298 3.77385 3.80534 3.41636
2.72258 2.64234 2.63655 3.18694 3.27197 3.27246 3.34153 3.37332 3.89782 4.36876 4.28155 4.28155 4.28155 4.28155 4.28155 4.28155 4.28155 4.28155 4.28855 4.30986 4.33161 4.35320 4.36175 4.36175 4.36175 4.36175 4.36175 4.22347 4.35687 4.54653 4.54653 4.15411 4.15810 4.16210 4.16609 4.16972 4.16694 3.63422 3.36639 3.34521 3.43732 3.59523 3.78744 3.87729 3.95214 3.96807 3.96807 3.96807 3.99843 4.05920 3.68612 3.61048 3.63254 3.71681 3.82663 3.93660 4.03191 4.07119 3.98072 3.82888 3.82888 3.81725 3.58335
2.63678 2.71634 2.72910 3.00707 3.37332 3.37332 3.37332 3.37332 3.50436 4.43106 4.28155 4.28155 4.28155 4.28155 4.28419 4.30313 4.32486 4.34660 4.36134 4.36175 4.36175 4.36175 4.36175 4.36175 4.36175 4.36175 4.36175 4.30801 4.20825 4.54653 4.54653 4.17038 4.17038 4.17038 4.17038 4.17192 4.30640 4.18161 3.92306 3.91316 4.01482 4.05064 4.05064 4.00303 3.96807 3.96807 3.96807 3.96924 3.99661 4.15676 4.10290 3.95774 4.04555 4.07122 4.07122 4.07122 4.07122 4.07122 4.06062 3.84146 3.82888 3.82175 3.75174
2.72910 2.72910 2.72910 2.76027 3.33213 3.37332 3.37332 3.37332 3.37332 4.19547 4.31741 4.29640 4.31812 4.33987 4.35896 4.36175 4.36175 4.36175 4.36175 4.36175 4.36175 4.36175 4.36175 4.36175 4.36175 4.36175 4.36175 4.35882 4.15395 4.50867 4.54653 4.17038 4.24273 4.47627 4.83938 5.22544 5.47842 5.51319 4.53552 4.05543 4.05064 4.05064 4.05064 4.03604 4.00660 4.09222 4.18386 4.27422 4.33970 4.39449 4.43100 4.09869 4.07122 4.07122 4.07122 4.07122 4.07122 4.07122 4.07122 3.95617 3.97053 4.06856 4.19368
2.72910 2.72910 2.72910 2.72910 3.07528 3.37332 3.37332 3.38160 3.40317 3.84614 4.45966 4.36175 4.36175 4.36175 4.36175 4.36175 4.36175 4.36175 4.36175 4.36175 4.36175 4.36175 4.36175 4.36175 4.36175 4.36017 4.39049 4.52962 4.65134 4.75624 4.54653 5.10765 5.42285 5.57683 5.60118 5.60118 5.60118 5.60118 4.90735 4.20846 4.10279 4.19253 4.28416 4.37225 4.35822 4.35214 4.35214 4.35214 4.35214 4.35789 4.44161 4.25777 4.07122 4.07122 4.08074 4.12481 4.15527 4.18191 4.20860 4.22924 4.24189 4.23173 4.37980
2.72910 2.72910 2.72910 2.75429 2.98869 3.41708 3.43989 3.45336 3.45352 3.51453 4.49363 4.36424 4.36175 4.36175 4.36175 4.36175 4.36175 4.36175 4.36175 4.36175 4.35855 4.44819 4.59399 4.73995 4.88576 5.03323 5.14879 5.15546 5.18979 5.24485 4.54653 5.60118 5.60118 5.60118 5.60118 5.60118 5.60118 5.60118 5.38789 4.63737 4.43292 4.43471 4.43471 4.43471 4.39370 4.35214 4.35214 4.35214 4.35214 4.35545 4.43303 4.45703 4.16265 4.18335 4.20056 4.18457 4.18608 4.19155 4.19702 4.20030 4.23306 4.23895 4.25676
2.84187 3.02870 3.21562 3.37748 3.39905 3.43396 3.45352 3.45352 3.45352 3.45352 4.17234 4.41519 4.36175 4.36175 4.36074 4.37976 4.51256 4.65836 4.80432 4.95013 5.09921 5.15546 5.15546 5.15546 5.15546 5.15546 5.15546 5.15546 5.16433 5.57631 5.79662 5.60118 5.60118 5.60118 5.60118 5.60118 5.60118 5.60118 5.60118 4.89951 4.47437 4.43471 4.43471 4.43471 4.43099 4.35883 4.38013 4.40232 4.42457 4.44350 4.42196 4.41689 4.22418 4.19051 4.19598 4.20001 4.20021 4.20021 4.20021 4.20021 4.21839 4.23895 4.23895
3.39905 3.39905 3.39905 3.39905 3.39905 3.40974 3.45349 3.45352 3.45352 3.48222 3.87360 4.57807 4.72281 4.86869 5.01551 5.14245 5.15546 5.15546 5.15546 5.15546 5.15546 5.15546 5.15546 5.15546 5.15546 5.26269 5.48975 5.71680 5.93530 6.24909 6.80459 5.60118 5.60118 5.60118 5.60118 5.60118 5.60118 5.60118 5.60154 5.26572 4.68129 4.58165 4.65622 4.73081 4.79763 4.52495 4.42752 4.34596 4.26347 4.17912 4.13343 4.18564 4.20021 4.20021 4.20021 4.20021 4.20021 4.20021 4.20021 4.23117 4.33277 4.44670 4.52632
3.39905 3.39905 3.39905 3.39967 3.44986 3.56050 3.72446 3.86102 3.98404 4.07839 4.11228 4.69617 5.13469 5.15546 5.15546 5.15546 5.15546 5.15546 5.15546 5.15546 5.15546 5.20589 5.42036 5.64750 5.87464 5.99446 5.99454 5.99454 5.99454 6.05690 6.68375 5.60118 5.60118 5.61121 5.67051 5.73646 5.80237 5.86825 5.93384 5.92227 5.15435 4.82364 4.81065 4.75810 4.69110 4.45256 4.13538 4.14883 4.15575 4.15575 4.15575 4.16745 4.20021 4.20021 4.20021 4.24889 4.34411 4.42314 4.50223 4.55019 4.53158 4.55819 4.56968
3.59432 3.71733 3.84030 3.96273 4.03562 4.04797 4.06469 4.10244 4.10244 4.10244 4.10244 4.45712 4.99981 5.15546 5.15546 5.15546 5.15546 5.17023 5.35105 5.57810 5.80524 5.98187 5.99454 5.99454 5.99454 5.99454 5.99454 5.99454 5.99454 5.99454 6.44490 5.83194 5.89789 5.95378 5.96039 5.96039 5.96039 5.96039 5.96039 5.94400 5.31004 4.79166 4.58740 4.58756 4.60109 4.56577 4.16470 4.15575 4.15575 4.15575 4.15660 4.22474 4.35110 4.43769 4.51674 4.54713 4.53095 4.53095 4.53095 4.53095 4.53095 4.54341 4.56968
4.04797 4.04797 4.04797 4.04797 4.04797 4.04797 4.04840 4.09444 4.10244 4.10244 4.10244 4.22545 4.84755 5.15579 5.28166 5.50880 5.73585 5.94822 5.99454 5.99454 5.99454 5.99454 5.99454 5.99454 5.99454 5.99454 5.99454 5.99454 5.99454 5.99454 6.20307 5.96039 5.96039 5.96039 5.96039 5.95273 5.91991 5.91369 5.91866 5.95085 5.75676 4.88466 4.60114 4.60114 4.60114 4.60114 4.29474 4.24382 4.32880 4.40783 4.48607 4.49705 4.50383 4.53095 4.53095 4.53095 4.53095 4.53095 4.53095 4.53095 4.53095 4.53179 4.56467
4.04797 4.04797 4.04797 4.04797 4.04797 4.04797 4.04797 4.07061 4.10244 4.10244 4.16630 4.38652 5.14304 5.84759 5.99454 5.99454 5.99454 5.99454 5.99454 5.99454 5.99454 5.99454 5.99454 5.99454 5.99454 5.99454 5.99454 5.99454 6.00067 6.11330 6.44959 5.95808 5.92945 5.91236 5.91694 5.93511 5.98959 6.00317 6.00317 6.00317 6.00317 5.13275 4.68981 4.70703 4.78882 4.86776 4.78959 4.49247 4.48648 4.48648 4.48648 4.48648 4.48795 4.52731 4.53095 4.53095 4.53095 4.53632 4.58665 4.64108 4.69171 4.74235 4.59165
4.04797 4.04797 4.04797 4.04797 4.04797 4.04797 4.05078 4.08205 4.49363 4.77128 4.93448 4.94153 5.23564 5.80046 5.99454 5.99454 5.99454 5.99454 5.99454 5.99454 5.99454 5.99454 5.99454 6.02983 6.22760 6.54890 6.87152 7.19371 7.51037 7.72008 7.75135 5.92452 5.97445 6.00317 6.00317 6.00317 6.00317 6.00317 5.95415 5.66140 5.27071 4.98898 5.09775 4.93454 4.93187 4.93187 4.91566 4.51067 4.48648 4.48648 4.48648 4.48648 4.48767 4.54890 4.62132 4.67198 4.72260 4.76787 4.75376 4.67195 4.58648 4.50098 4.38880
4.04797 4.04797 4.04797 4.06517 4.10051 4.13585 4.16837 4.17472 4.57890 4.94153 4.94153 4.94153 5.01018 5.64209 5.99450 5.99454 5.99454 5.99718 6.09199 6.37076 6.69344 7.01577 7.33832 7.62558 7.75014 7.75135 7.75135 7.75135 7.75135 7.75135 7.75135 6.00317 6.00317 6.00317 5.94243 5.63533 5.24939 4.97142 4.77733 4.69041 4.68549 4.68808 5.02626 4.94403 4.93187 4.93187 4.93187 4.65362 4.50649 4.55714 4.60775 4.65838 4.70792 4.72470 4.75686 4.68830 4.60280 4.51729 4.44628 4.43882 4.43882 4.43882 4.43882
4.08588 4.12123 4.15657 4.17472 4.17472 4.17472 4.17472 4.17472 4.25552 4.92512 4.94153 4.94153 4.93177 5.47702 6.36081 6.83780 7.16014 7.48018 7.70768 7.75135 7.75135 7.75135 7.75135 7.75135 7.75135 7.75135 7.75135 7.75135 7.80717 7.95952 8.11364 5.60886 5.22863 4.95637 4.76872 4.68868 4.68549 4.68549 4.68549 4.68549 4.68549 4.68549 4.85674 5.04764 5.02083 5.08700 5.15323 5.07813 4.71996 4.71996 4.72111 4.86230 5.09982 5.33752 4.84262 4.43882 4.43882 4.43882 4.43882 4.43882 4.43882 4.43882 4.43943
4.17472 4.17472 4.17472 4.17472 4.17472 4.17472 4.17472 4.15483 4.08832 4.49831 4.69144 4.60960 4.53754 5.08953 6.82041 7.75135 7.75135 7.75135 7.75135 7.75135 7.75135 7.75135 7.75135 7.75135 7.77461 7.91317 8.06729 8.22146 8.31982 8.32153 8.32153 4.68733 4.68549 4.68549 4.68549 4.68549 4.68573 4.69091 4.69800 4.70510 4.71219 4.71928 4.74417 5.34438 5.25230 5.25191 5.25191 5.32133 5.08236 5.26499 5.50163 5.59804 5.59804 5.59804 5.35650 4.43894 4.43882 4.43882 4.43995 4.46394 4.52460 4.58592 4.64661
4.17472 4.17416 4.14049 4.06665 3.98482 3.90299 3.82114 3.75918 3.74385 3.89645 4.51020 4.51066 4.51066 4.58801 6.16905 7.72868 7.75135 7.75135 7.75135 7.75135 7.75614 7.86675 8.02099 8.17511 8.30596 8.32153 8.32153 8.32153 8.32153 8.32153 8.32153 4.68725 4.69403 4.70112 4.70821 4.71530 4.72215 4.72406 4.72406 4.72406 4.72406 4.72406 4.72406 5.16355 5.53998 5.72458 5.96210 6.12498 5.83773 5.59804 5.59804 5.59804 5.59804 5.59804 5.59991 4.73579 4.53673 4.59807 4.65825 4.69555 4.69632 4.69632 4.69632
3.88131 3.80003 3.75185 3.74385 3.74385 3.74385 3.74385 3.74385 3.74385 3.74385 4.32325 4.51066 4.51066 4.51066 5.52005 7.27959 7.75135 7.82063 7.97463 8.12875 8.27808 8.32153 8.32153 8.32153 8.32153 8.32153 8.32153 8.32153 8.32153 8.32153 8.32153 4.72378 4.72406 4.72406 4.72406 4.72406 4.72406 4.72406 4.72406 4.72911 4.92723 5.22424 5.52136 5.86874 6.26523 6.12999 6.12999 6.12999 6.02791 5.59808 5.60222 5.64680 5.70814 5.76955 5.82899 5.45889 4.69632 4.69632 4.69632 4.69632 4.69632 4.69632 4.69632
3.74385 3.74385 3.74385 3.74385 3.74385 3.74385 3.74385 3.74385 3.74385 3.74385 3.98363 4.51066 4.51066 4.54285 5.13213 7.00103 8.23646 8.32136 8.32153 8.32153 8.32153 8.32153 8.32153 8.32153 8.32153 8.32153 8.32153 8.32153 8.32153 8.32153 8.32153 4.72406 4.72406 4.72406 4.72406 4.72406 4.83887 5.13369 5.43081 5.72277 5.82166 5.82166 5.82166 5.82220 6.22165 6.15007 6.13883 6.19100 6.25220 5.86988 5.83881 5.85554 5.85554 5.85554 5.85554 5.83444 4.82302 4.69632 4.69632 4.69632 4.69364 4.63078 4.56470
3.74385 3.74385 3.74385 3.74385 3.74385 3.74385 3.74385 3.74385 3.74385 3.74219 3.72134 4.61592 4.94941 5.07126 5.10395 6.56882 8.23890 8.32153 8.32153 8.32153 8.32153 8.32153 8.32153 8.32153 8.32153 8.32153 8.35332 8.59777 8.81708 9.02905 9.24125 4.72406 4.77302 5.04314 5.34026 5.63727 5.81947 5.82166 5.82166 5.82166 5.82166 5.81540 5.78171 5.83862 6.18215 6.50062 6.37837 6.38749 6.38749 6.13407 5.85554 5.85554 5.85554 5.85554 5.85554 5.85554 5.26417 4.62332 4.59901 4.57467 4.55312 4.60094 4.71907
