results/OMI_NO2_200712.asc
ncols      200
nrows      200
xllcorner       120.258
yllcorner       41.1236
cellsize     0.0166667
NODATA_Value      -999.000
[rows 58 to 86 of 164, columns 128 to 191 of 200]
2.73780 2.73780 2.73780 2.73780 2.73780 2.73780 2.73780 2.73780 3.05151 3.21756 3.00794 2.76623 2.53759 2.31976 2.08184 2.07457 1.55162 0.817612 0.817612 0.817612 0.817612 0.817612 0.817612 0.817612 0.817612 0.817612 0.817612 0.817612 0.817612 0.860761 1.21769 1.21769 1.21769 1.21769 1.21769 1.21769 3.79139 4.65674 4.65674 4.65674 4.65674 3.28052 2.79036 2.79036 2.79036 2.79036 2.79036 2.79036 2.79036 2.79036 2.62679 2.44742 2.44363 2.44363 2.44363 2.46117 2.48419 2.06225 2.08579 2.10724 2.12146 2.13569 2.14993 2.16419
2.73780 2.73780 2.73780 2.73780 2.73734 2.69111 2.61477 2.53833 2.44548 2.12748 2.07993 1.99616 1.90428 1.70870 1.57014 1.44755 1.38698 0.817612 0.817612 0.817612 0.817612 0.817612 0.817612 0.817612 0.817612 0.817612 0.817612 0.817612 0.817612 0.817612 1.08035 1.21769 1.21769 1.21769 1.21769 1.21769 2.78831 4.65674 4.65674 4.65674 4.65674 4.25146 2.80950 2.79036 2.79036 2.79036 2.78770 2.65987 2.46701 2.27438 2.07142 1.84813 1.75346 1.66616 1.57859 1.47377 1.34547 1.95468 2.26787 2.26908 2.26908 2.26908 2.26908 2.26908
2.71851 2.64530 2.56893 2.49259 2.37326 2.25121 2.15944 2.06739 1.97562 1.65034 1.51596 1.50779 1.50779 1.37875 1.28643 1.28643 1.41077 0.924413 0.817612 0.817612 0.817612 0.817612 0.817612 0.817612 0.817612 0.817612 0.817612 0.817612 0.817612 0.817612 0.914835 1.21769 1.21769 1.21769 1.21769 1.21769 1.81605 3.81874 3.43303 3.04776 2.66117 2.27501 1.51009 1.19841 1.00308 0.813798 0.632578 0.571148 0.601633 0.656823 0.710513 0.969888 1.05926 1.05485 1.05051 1.04626 1.04206 1.46970 2.02623 2.01375 2.00148 1.98941 1.97755 1.96589
2.12639 2.03126 1.93938 1.84755 1.79903 1.79903 1.79903 1.79903 1.79903 1.68454 1.50779 1.50779 1.50779 1.43296 1.28643 1.28667 1.31140 1.26080 0.848525 0.856874 0.865003 0.872736 0.880217 0.887554 0.894097 0.891390 0.885165 0.878766 0.871877 0.864647 0.867002 1.24207 1.29807 1.30815 1.31963 1.33059 1.33094 0.763164 0.737825 0.749475 0.760590 0.556577 0.431170 0.569851 0.578662 0.616676 0.657968 0.699238 0.718209 0.718209 0.718209 0.791901 0.976203 0.976203 0.976203 0.976203 0.976203 1.10361 1.84468 1.84468 1.84468 1.84468 1.84468 1.84468
1.75228 1.74639 1.74047 1.73458 1.72867 1.72278 1.71687 1.71097 1.70507 1.68644 1.41916 1.39612 1.39023 1.37028 1.30758 1.33983 1.37439 1.45698 0.951720 0.941748 0.931011 0.919379 0.906763 0.893079 0.878705 0.874722 0.874722 0.877184 0.882875 0.888577 0.894281 1.07959 1.33191 1.33191 1.33191 1.33191 1.33191 0.921292 0.775044 0.775044 0.775044 0.649869 0.394826 0.603147 0.714916 0.718209 0.718209 0.718209 0.718209 0.718209 0.718209 0.718690 0.942776 0.976203 0.976203 0.976203 0.976203 0.976203 1.72454 1.84468 1.84468 1.84468 1.84468 1.84468
1.65092 1.66763 1.66763 1.66763 1.68079 1.72243 1.76715 1.81430 1.86410 1.91677 1.77324 1.67551 1.72695 1.78139 1.72603 1.71823 1.71823 1.71575 1.02234 0.874722 0.874722 0.874722 0.876082 0.881509 0.887214 0.892915 0.898619 0.901859 0.901872 0.901872 0.901872 0.946542 1.33174 1.35323 1.51713 1.66969 1.47740 1.07925 0.775044 0.775044 0.775044 0.739295 0.395358 0.474194 0.717237 0.718209 0.718209 0.718209 0.718209 0.718209 0.718209 0.718209 0.850441 0.976203 0.976203 0.976203 0.976203 0.976203 1.47749 1.84544 1.90729 2.00672 2.10640 2.20594
1.81154 2.03238 2.09536 2.16175 2.20989 2.21134 2.21134 2.21134 2.21134 2.21134 2.14533 1.82365 1.82302 1.82302 1.75251 1.71823 1.71823 1.71862 1.35989 0.885851 0.891552 0.897257 0.901598 0.901872 0.901872 0.901872 0.902160 0.979762 1.10444 1.21312 1.30894 1.39404 1.85275 2.06252 2.00757 1.94211 1.68467 1.31360 0.815820 0.775044 0.775044 0.775044 0.449653 0.394826 0.644746 0.718209 0.718209 0.718209 0.718209 0.718209 0.718209 0.718209 0.743379 0.970531 0.978327 1.04655 1.14613 1.24572 1.59940 2.31253 2.35043 2.35124 2.39781 2.47980
1.85082 2.21134 2.21134 2.21134 2.21134 2.21134 2.21134 2.21134 2.21134 2.21134 2.21134 1.91614 1.82311 1.82573 1.78454 1.72854 1.73234 1.73576 1.62899 0.901872 0.935012 1.05931 1.17365 1.27414 1.36297 1.44227 1.51322 1.54235 1.54235 1.53997 1.52669 1.51381 1.62157 1.83929 1.83148 1.83148 1.78319 1.33691 0.979368 0.775044 0.775044 0.775044 0.539727 0.394826 0.488836 0.718080 0.718209 0.718209 0.718209 0.717624 0.690216 0.652211 0.618597 1.08392 1.45055 1.48195 1.48195 1.48195 1.51894 2.41232 2.53192 2.63632 2.67891 2.65425
1.63449 2.18161 2.21134 2.21134 2.20907 2.15240 2.07802 2.00969 2.09812 2.12188 2.05586 1.93120 1.83994 1.84100 1.81249 1.71246 1.69783 1.68318 1.66854 1.50791 1.53910 1.54235 1.54235 1.54235 1.54235 1.53827 1.52436 1.51179 1.50081 1.49252 1.49157 1.49157 1.50271 1.80605 1.83148 1.83148 1.83148 1.47468 1.13404 0.784312 0.775044 0.775044 0.629763 0.394826 0.394761 0.631544 0.655695 0.621707 0.591380 0.564594 0.555696 0.558118 0.565624 0.825848 1.58089 1.62886 1.69374 1.77642 1.86998 2.22873 2.23296 2.18825 2.14359 2.12354
1.39464 1.73000 1.86371 1.80565 1.71540 1.65266 1.60319 1.55212 1.64560 1.87785 1.86321 1.84660 1.77262 1.75285 1.74643 1.64951 1.64251 1.64251 1.64251 1.59439 1.54235 1.53616 1.52208 1.50981 1.49908 1.49194 1.49157 1.49157 1.49157 1.49157 1.49157 1.49157 1.49157 1.66636 1.83148 1.83148 1.83148 1.65632 1.26605 0.866643 0.760505 0.716646 0.628560 0.322138 0.305056 0.398082 0.614221 0.624630 0.635588 0.647112 0.659377 0.642129 0.561954 0.468865 1.87681 2.14822 2.14296 2.13130 2.04002 1.95111 1.89848 1.83815 1.78234 1.73074
1.09470 1.20447 1.55745 1.50227 1.48405 1.47306 1.46207 1.45267 1.47919 1.80985 1.81385 1.81385 1.77760 1.74730 1.74730 1.67419 1.64247 1.62955 1.60893 1.57994 1.49758 1.49163 1.49197 1.49886 1.50808 1.51740 1.52665 1.53584 1.54504 1.55441 1.56363 1.57282 1.58202 1.64546 1.97671 1.94087 1.83660 1.70770 1.23236 1.13958 1.02907 1.04757 1.06539 0.281694 0.179877 0.174727 0.503007 0.558268 0.486665 0.382416 0.255222 0.249131 0.366250 0.470632 1.25058 1.99100 1.54753 1.49438 1.48342 1.50984 1.61905 1.61905 1.61905 1.61905
0.879959 0.872569 1.39083 1.44177 1.43932 1.43681 1.43425 1.43162 1.42892 1.71767 1.84780 1.85150 1.84340 1.77518 1.77722 1.75183 1.76783 1.76570 1.77502 1.78421 1.73465 1.72758 1.73646 1.73875 1.73875 1.73875 1.73875 1.73875 1.73875 1.73875 1.73517 1.71981 1.70354 1.68728 1.69051 1.63854 1.63783 1.63783 1.35845 1.24268 1.20972 1.19440 1.19440 0.491229 0.229322 0.350471 0.496292 0.566660 0.634567 0.709742 0.775349 0.792925 0.792925 0.792925 0.912682 2.00657 1.61457 1.48342 1.48342 1.48345 1.60522 1.61905 1.61905 1.61905
0.517944 0.517944 1.06652 1.38656 1.38656 1.38656 1.38656 1.38656 1.38656 1.55907 1.89763 1.89763 1.89763 1.82447 1.79781 1.77906 1.81387 1.81387 1.81387 1.81387 1.78138 1.73875 1.73875 1.73875 1.73875 1.73725 1.72363 1.70736 1.69110 1.67484 1.66216 1.66124 1.66124 1.66124 1.65211 1.63783 1.63783 1.61224 1.45161 1.33336 1.36739 1.41393 1.44905 1.17075 0.792925 0.792925 0.792925 0.792925 0.792925 0.792925 0.792925 0.792925 0.792925 0.792925 0.792925 1.64099 1.79930 1.48342 1.48342 1.48342 1.57186 1.61905 1.61905 1.64367
0.510103 0.517944 0.732447 1.38656 1.38656 1.38656 1.38656 1.38656 1.38656 1.42532 1.89327 1.89763 1.89763 1.86504 1.79781 1.79761 1.82055 1.81387 1.81387 1.81387 1.80643 1.72836 1.71119 1.69492 1.67865 1.66389 1.66124 1.66124 1.66124 1.66124 1.65206 1.59783 1.53761 1.47740 1.41611 1.33482 1.27365 1.25567 1.30046 1.51943 1.54738 1.50149 1.49191 1.35358 0.792925 0.792925 0.792925 0.792925 0.792925 0.792925 0.792925 0.792925 0.792925 0.792925 0.792925 1.15547 1.97789 1.48979 1.52335 1.62003 1.74540 1.86742 1.94029 1.98863
0.469850 0.517944 0.517944 1.27933 1.38656 1.38656 1.38656 1.38656 1.38656 1.38656 1.74252 1.89763 1.89763 1.89577 1.80762 1.79781 1.83769 1.79012 1.77386 1.75759 1.74163 1.68125 1.66124 1.66020 1.61999 1.55974 1.49956 1.43934 1.37913 1.31891 1.26792 1.26193 1.26331 1.28330 1.30911 1.32104 1.33705 1.34624 1.34624 1.50364 1.56146 1.53260 1.49191 1.48262 0.829412 0.792925 0.792925 0.792925 0.792925 0.792925 0.792925 0.792925 0.792925 0.802472 0.826749 0.866037 2.19025 2.06107 1.97722 1.97767 1.97835 1.97418 1.87105 1.76566
0.452362 0.517826 0.517944 1.01533 1.38656 1.38656 1.38656 1.38656 1.38458 1.37468 1.54872 1.92368 2.06729 2.26409 2.02990 1.66036 1.75929 1.71496 1.60526 1.49250 1.37946 1.31210 1.34111 1.28189 1.26193 1.26193 1.26193 1.26193 1.26514 1.28773 1.31354 1.33936 1.36381 1.36964 1.36964 1.36505 1.34624 1.34624 1.34624 1.42960 1.56146 1.55677 1.49439 1.49191 0.985706 0.792925 0.792925 0.792925 0.800601 0.824506 0.848950 0.873383 0.897827 0.912712 0.912868 0.912868 1.73034 2.30329 1.88884 1.74758 1.62762 1.57886 1.56928 1.56079
0.446093 0.492525 0.493310 0.630302 1.34579 1.33797 1.32842 1.35217 1.39852 1.46302 1.62482 2.83034 2.42066 1.96962 1.37068 0.616233 0.586202 0.986480 1.01447 1.01447 1.01447 1.03032 1.25534 1.26193 1.26773 1.29213 1.31796 1.34379 1.36639 1.36964 1.36964 1.36964 1.36964 1.36964 1.36964 1.36964 1.35102 1.34624 1.34624 1.36073 1.55628 1.56146 1.52201 1.49791 1.18061 0.846695 0.871128 0.895572 0.912341 0.912868 0.912868 0.912868 0.912868 0.912868 0.900029 0.842098 0.954486 1.94590 1.53038 1.52344 1.52610 1.54265 1.58730 1.63662
0.371511 0.379971 0.387991 0.352529 1.23897 1.32013 1.16765 0.958240 0.732575 0.506622 0.281391 0.217221 0.236205 0.236205 0.236205 0.205334 0.222700 0.912773 1.01431 1.01447 1.02360 1.04911 1.24580 1.34821 1.36823 1.36964 1.36964 1.36964 1.36964 1.36964 1.36951 1.36894 1.36834 1.35966 1.33965 1.32046 1.29347 1.26327 1.24989 1.24880 1.37721 1.56610 1.62161 1.60016 1.45440 1.05454 1.06209 1.06967 1.07727 1.08482 1.09112 1.04455 0.979517 0.924266 0.874028 0.831390 0.787838 1.72839 1.96888 2.00152 2.07531 2.12946 2.13180 2.13180
0.284305 0.238526 0.127342 0.125601 0.160672 0.180903 0.181747 0.183223 0.184634 0.185989 0.187288 0.204990 0.239243 0.239587 0.239911 0.226423 0.208704 0.733546 1.03059 1.09561 1.11170 1.11143 1.19316 1.33638 1.31717 1.29876 1.28109 1.26421 1.24801 1.23245 1.21762 1.20372 1.19038 1.18620 1.22313 1.27169 1.32218 1.23066 1.23468 1.23581 1.29696 1.51322 1.63534 1.60239 1.57445 1.17401 1.16455 1.15605 1.11193 1.05785 0.797953 0.707228 0.645666 0.578256 0.525087 0.522484 0.522484 1.05185 2.13180 2.13180 2.13180 2.13180 2.13180 2.13180
0.223725 0.223917 0.187870 0.183941 0.187436 0.203248 0.203776 0.203776 0.203776 0.203776 0.203776 0.207629 0.242811 0.242864 0.242864 0.242328 0.217921 0.546403 0.968048 1.10610 1.10610 1.06514 0.993667 1.17370 1.18256 1.18256 1.18256 1.18256 1.18314 1.21188 1.25940 1.31136 1.36852 1.42619 1.43776 1.43776 1.43776 1.30552 1.23581 1.23581 1.24425 1.42723 1.60013 1.55891 1.47139 0.993811 0.787129 0.710787 0.703356 0.703356 0.601193 0.522484 0.522484 0.522484 0.522484 0.522484 0.522484 0.558372 1.99286 2.13180 2.13180 2.13180 2.13180 2.13180
0.225838 0.225838 0.205973 0.187561 0.187561 0.200251 0.203776 0.203776 0.203776 0.203776 0.203776 0.203776 0.232871 0.242864 0.242864 0.242864 0.226683 0.383466 0.887885 1.08374 1.10610 1.09881 0.987195 1.11330 1.20109 1.24735 1.29823 1.35128 1.39616 1.40130 1.41453 1.43776 1.43776 1.43779 1.44258 1.45127 1.46070 1.41258 1.23738 1.23779 1.22485 1.19166 1.39050 1.37630 1.34215 0.993817 0.703356 0.703356 0.703356 0.703356 0.689322 0.530685 0.522484 0.522484 0.522484 0.522484 0.522484 0.522484 1.39625 2.13180 2.13180 2.17364 2.37944 2.60126
0.198242 0.192988 0.188133 0.187561 0.187561 0.194868 0.203776 0.203776 0.203776 0.203776 0.203776 0.203776 0.218933 0.242864 0.242864 0.242864 0.238669 0.239074 0.866774 1.01156 1.15995 1.20546 1.12902 1.19349 1.36050 1.34725 1.33452 1.32541 1.32747 1.33075 1.36910 1.47780 1.48963 1.50257 1.50833 1.50826 1.49567 1.47057 1.18421 1.09309 1.06120 1.06096 1.21712 1.34215 1.34215 1.14413 0.703356 0.703356 0.703356 0.703356 0.703356 0.593138 0.522484 0.522484 0.522484 0.522484 0.526293 0.545415 0.843869 2.83325 3.06248 3.24280 3.25949 3.25949
0.187561 0.187561 0.187561 0.187561 0.187561 0.188623 0.203299 0.203776 0.203776 0.203776 0.203776 0.203776 0.213656 0.299666 0.332232 0.369749 0.401254 0.392283 0.920842 1.13251 1.27789 1.31077 1.26699 1.21624 1.33468 1.34046 1.34465 1.34799 1.34817 1.34817 1.35260 1.49836 1.49166 1.46580 1.43463 1.39650 1.37745 1.37745 1.21612 1.06096 1.06096 1.06096 1.13842 1.34215 1.34215 1.29194 0.705861 0.703356 0.703356 0.703356 0.703356 0.687244 0.549364 0.564323 0.585055 0.605786 0.622709 0.624308 0.624308 2.62595 3.20889 3.20187 3.30412 3.60503
0.187561 0.187561 0.187561 0.187561 0.188754 0.200541 0.220024 0.231423 0.240914 0.250411 0.267733 0.291938 0.309144 0.438765 0.471557 0.508188 0.547609 0.593363 1.01460 1.38805 1.49359 1.53431 1.49963 1.32718 1.33884 1.34817 1.34817 1.34592 1.32352 1.29329 1.25864 1.31841 1.37745 1.37745 1.37745 1.37745 1.37745 1.37745 1.35167 1.07042 1.06096 1.06096 1.07694 1.33854 1.34215 1.34215 0.808522 0.732330 0.761025 0.779918 0.796598 0.808332 0.677654 0.606092 0.603078 0.600208 0.597471 0.608730 0.729323 1.60500 2.98450 3.07390 3.07523 3.41505
0.234826 0.249082 0.263318 0.277574 0.290617 0.296623 0.305811 0.304247 0.336704 0.386867 0.429871 0.469349 0.508795 0.615713 0.713502 0.716724 0.716724 0.717235 0.953852 1.45572 1.47161 1.53407 1.53431 1.35019 1.30618 1.28768 1.25219 1.21497 1.20753 1.20753 1.20753 1.25222 1.37745 1.37745 1.37745 1.37745 1.37745 1.37431 1.35539 1.10941 0.994683 0.969521 0.959744 1.07226 1.09117 1.07709 0.865957 0.770099 0.766192 0.768382 0.771137 0.773892 0.755734 0.627843 0.697135 0.842273 0.987360 1.11845 1.11885 1.15953 2.76067 2.82348 2.75761 2.78188
0.293384 0.307212 0.318614 0.324530 0.329050 0.330983 0.326265 0.542746 0.583963 0.583963 0.583963 0.583963 0.583933 0.607287 0.714794 0.713695 0.712573 0.711472 0.766699 1.36014 1.35491 1.39369 1.36292 1.17419 1.07214 0.995236 0.965598 0.936416 0.903497 0.869270 0.834266 0.796335 0.676938 0.597167 0.517854 0.433180 0.345741 0.417445 0.573325 0.646196 0.429394 0.458658 0.465333 0.536619 0.608565 0.608565 0.708524 0.822282 0.822282 0.822282 0.822167 0.803375 0.773113 0.919966 1.04731 1.01871 0.991894 0.967228 0.959853 0.959853 1.89698 2.62461 2.62683 2.62803
0.308012 0.305201 0.302353 0.301244 0.300130 0.299023 0.297904 0.455719 0.563891 0.562787 0.561668 0.560566 0.559475 0.559219 0.672653 0.691913 0.691913 0.691913 0.696637 0.966150 1.05542 1.05542 1.05542 0.971184 0.789760 0.671578 0.535585 0.532451 0.532451 0.532451 0.532451 0.532451 0.433765 0.530848 0.686325 0.803736 0.894522 0.922140 0.922140 0.921958 0.547970 0.465333 0.465333 0.495285 0.593727 0.563366 0.575105 0.723562 0.699918 0.678137 0.658035 0.649935 0.649935 0.702372 0.956696 0.959853 0.959853 0.959853 0.959853 0.959853 1.27497 2.60068 2.62683 2.62683
0.290942 0.290942 0.290942 0.290942 0.290942 0.290942 0.290942 0.355559 0.559152 0.559152 0.559152 0.559152 0.559152 0.559152 0.629390 0.691913 0.691913 0.691913 0.691913 0.844554 1.05542 1.05542 1.05542 1.04700 0.780806 0.731006 0.532451 0.559106 0.655637 0.740360 0.811743 0.860316 0.877987 0.922140 0.922140 0.922140 0.922140 0.922140 0.922140 0.922140 0.728775 0.465333 0.465333 0.428523 0.441746 0.450007 0.450141 0.634193 0.649935 0.649935 0.649935 0.649935 0.649935 0.649935 0.867260 0.959853 0.959853 0.959853 0.959853 0.959853 0.959853 2.27018 2.62683 2.62683
0.337842 0.349650 0.360942 0.371693 0.365531 0.290942 0.290942 0.292552 0.527888 0.559152 0.559152 0.559152 0.559152 0.559152 0.586043 0.691913 0.691913 0.691913 0.691913 0.755494 1.05542 1.05542 1.06145 1.10050 0.916026 0.868212 0.784309 0.782956 0.757656 0.729216 0.700819 0.684313 0.696789 0.916862 0.922140 0.922140 0.922140 0.922140 0.922140 0.922140 0.892889 0.482247 0.465333 0.462776 0.422863 0.450007 0.450007 0.594754 0.649935 0.649935 0.649935 0.649935 0.649935 0.649935 0.717089 0.958935 0.959853 0.959853 0.959853 0.976660 1.19891 1.77564 1.84499 1.53225
