results/OMI_NO2_200801.asc
ncols      200
nrows      200
xllcorner       120.258
yllcorner       41.1236
cellsize     0.0166667
NODATA_Value      -999.000
[rows 150 to 179 of 181, columns 0 to 65 of 200]
2.11986 1.91499 1.96232 1.95572 1.92985 1.94283 2.10729 2.29857 2.32529 2.34677 2.44570 2.61223 2.56326 2.62473 2.68068 2.68193 2.68141 2.77528 3.35877 3.49050 3.78938 4.10836 4.13214 4.18081 4.18863 4.27737 4.42522 4.41849 4.41849 4.35852 3.81855 3.72013 3.72559 3.73113 3.73593 3.69840 3.62309 3.55145 3.61995 3.58190 3.52476 3.55240 3.89172 3.89478 3.86345 3.73571 3.07337 2.88039 2.76671 2.72836 2.68037 2.65789 2.64705 2.61660 2.80418 3.00795 3.12345 3.19076 3.17739 2.94893 2.93757 2.90346 2.85700 2.85430 2.93307 3.37707
2.92448 2.60063 2.57571 2.57359 2.42418 2.45220 2.52424 2.76776 2.79227 2.80965 2.81008 3.02295 2.94397 2.90570 2.89975 2.91665 2.93580 2.96093 3.49259 3.64519 4.06143 4.32831 4.44563 4.48859 4.50958 4.53283 4.41689 4.39802 4.38093 4.23305 3.81285 3.57208 3.49677 3.42472 3.35674 3.32409 3.32328 3.32246 3.41769 3.49340 3.48043 3.40526 3.56161 3.56317 3.49782 3.50391 3.12902 2.80967 2.58722 2.55297 2.51720 2.47845 2.47893 2.47545 2.60438 2.97439 3.03119 3.20146 3.20077 3.02339 2.95769 2.92579 2.87654 2.88131 2.88417 3.29980
3.75761 3.59196 3.29557 3.32113 3.06637 3.01724 3.00095 3.14945 3.15523 3.14079 3.13950 3.30094 3.36844 3.31108 3.31108 3.31108 3.31108 3.30474 3.60035 3.89489 4.17419 4.45496 4.75308 4.72231 4.56761 4.35923 3.89923 3.60795 3.45957 3.39271 3.34689 3.31374 3.31294 3.31454 3.33609 3.36316 3.37848 3.31340 3.27602 3.36378 3.36684 3.38206 3.48591 3.63442 3.60471 3.56913 3.31388 2.69229 2.46787 2.45543 2.45543 2.44159 2.45831 2.46019 2.48077 2.94599 2.95202 3.15875 3.17645 3.13374 3.12646 3.15040 3.08946 3.20037 3.26582 3.55516
4.06255 4.07644 3.35814 3.29289 3.09773 2.95906 2.95906 3.06792 3.13950 3.13950 3.13950 3.20585 3.40373 3.30823 3.30436 3.30217 3.29999 3.29767 3.43356 3.94365 3.98728 3.88030 3.99494 3.83057 3.81113 3.82656 3.67210 3.52883 3.54774 3.56717 3.53854 3.48880 3.47039 3.41569 3.32504 3.23704 3.16321 3.14229 3.13205 3.28025 3.40399 3.38427 3.37769 3.48100 3.48411 3.48026 3.37382 2.78321 2.49763 2.42032 2.41647 2.40523 2.40124 2.41494 2.41494 2.82050 2.92105 3.08934 3.24034 3.30152 3.41674 3.44911 3.27364 3.31198 3.30465 3.40422
4.05786 4.13156 3.45153 3.22944 3.17866 2.96057 2.96404 3.02352 3.15010 3.15318 3.15627 3.16174 3.41274 3.41114 3.45041 3.46971 3.48600 3.50224 3.46432 4.00584 4.05293 3.74489 3.87687 3.91337 3.87294 3.83479 3.69465 3.50828 3.46957 3.41712 3.34813 3.25398 3.18150 3.15047 3.14034 3.13021 3.12011 3.11699 3.12160 3.14728 3.32377 3.33361 3.33361 3.40477 3.45209 3.45209 3.43842 2.89115 2.55751 2.40755 2.40755 2.41428 2.43778 2.49976 2.54225 2.88102 3.16902 3.26042 3.26136 3.23106 3.28229 3.27592 3.23044 3.36432 3.39375 3.41402
4.07062 4.12589 3.80736 3.24865 3.25262 3.02183 2.98132 3.00032 3.33397 3.43013 3.51885 3.50872 3.62962 3.67116 3.52917 3.52619 3.52360 3.51986 3.49584 3.88760 4.08291 3.87722 3.73524 3.75274 3.72844 3.71378 3.60550 3.35176 3.26908 3.22294 3.20807 3.16455 3.13220 3.12983 3.12983 3.12983 3.12983 3.12983 3.12745 3.11720 3.24039 3.29095 3.27784 3.29064 3.36672 3.35343 3.34859 3.04945 2.63719 2.50724 2.57262 2.66347 2.68186 2.72625 2.78687 3.02618 3.37761 3.39875 3.20424 3.19422 3.24998 3.30557 3.39449 3.75154 3.93414 3.99401
4.10117 4.12434 4.15540 3.42842 3.47628 3.39128 3.31293 3.39421 3.66442 3.76462 3.77462 3.65149 3.49502 3.72839 3.61647 3.62394 3.63598 3.64925 3.63139 3.79045 4.11862 4.03878 3.67762 3.64083 3.50071 3.44144 3.42265 3.20625 3.14715 3.11388 3.07609 3.07436 3.10683 3.08417 3.07080 3.05743 3.04406 3.03071 2.94439 2.81336 2.85852 2.95016 2.99813 3.06139 3.24253 3.37543 3.49017 3.62260 3.39240 3.11070 2.99359 2.99480 2.97135 2.92433 3.01100 3.11446 3.59616 3.64487 3.53063 3.44035 3.50872 3.54879 3.49839 3.67133 3.66196 3.57402
4.03186 4.26786 4.34072 4.13067 3.94705 3.88867 3.53815 3.53613 3.67243 3.83296 3.82996 3.81552 3.47602 3.55551 3.47181 3.52743 3.70171 3.72411 3.67505 3.57979 3.90704 3.79292 3.49545 3.46915 3.25410 3.04800 3.00748 2.82880 2.74870 2.73275 2.72557 2.76278 2.92178 2.90559 2.90580 2.92145 2.94862 3.01325 3.06685 2.96026 3.07017 3.43452 3.50933 3.56060 3.64974 3.71953 3.71953 3.74934 3.60414 3.25186 3.06992 3.11688 3.16113 3.10729 3.21511 3.26831 3.73947 3.75943 3.61030 3.24115 3.20551 3.24751 3.25061 3.39928 3.47614 3.48530
3.19511 3.85815 4.00794 4.05757 3.78446 3.80671 3.51493 3.48106 3.55019 3.81235 3.83422 3.85608 3.67803 3.61746 3.51228 3.33101 3.44413 3.31093 3.24238 3.19458 3.53429 3.59725 3.48676 3.44749 3.34762 2.99596 3.00672 2.88431 2.73896 2.74051 2.75040 2.75978 2.99223 3.10408 3.21299 3.28177 3.34016 3.35412 3.35489 3.14541 3.11937 3.47665 3.56307 3.54373 3.50358 3.56230 3.51115 3.46165 3.41718 3.07785 3.23839 3.27519 3.25748 3.17079 3.13171 3.20767 3.56717 3.73524 3.71848 3.27980 3.24494 3.31194 3.32046 3.38719 3.47335 3.45315
2.75875 4.04689 4.32438 4.61865 4.30810 4.19566 3.94814 3.73084 3.70284 3.88160 3.87013 3.76892 3.61552 3.33609 3.23878 3.04314 3.24921 3.26936 3.26217 3.28647 3.54582 3.72639 3.70486 3.53792 3.60640 3.14149 3.13715 3.04269 2.75399 2.74197 2.74277 2.74464 2.90498 3.12681 3.30006 3.30006 3.30006 3.29264 3.24430 3.05200 2.92947 3.07080 3.20308 3.16213 3.14925 3.21522 3.21160 3.17604 3.24179 3.11800 3.13134 3.28167 3.28167 3.25824 3.15764 3.24889 3.50714 3.77699 3.75847 3.38699 3.18552 3.22710 3.27765 3.32127 3.47566 3.46729
1.89105 3.75257 3.85841 4.29320 4.17415 3.90652 3.69591 3.39117 3.31770 3.39632 3.44052 3.43229 3.43229 3.25122 3.21888 3.00372 3.12383 3.21057 3.22037 3.26449 3.46648 3.77036 3.76354 3.60206 3.65169 3.28420 3.15665 3.13449 2.75157 2.71884 2.70700 2.69636 2.74204 2.90610 3.07506 3.04687 3.00598 2.97377 2.97630 2.91720 2.80696 2.87621 3.12812 3.15067 3.16973 3.14448 3.07382 3.06451 3.12391 3.08449 3.00881 3.20377 3.19271 3.18106 3.07486 3.06700 3.21857 3.54212 3.51659 3.37886 3.05356 3.09381 3.23705 3.20667 3.34804 3.37990
1.55838 3.53114 3.76239 4.19663 4.11179 3.69471 3.47825 3.23248 3.19825 3.31172 3.52146 3.56639 3.61135 3.55504 3.49257 3.23323 3.11021 3.23254 3.22093 3.21785 3.31687 3.65760 3.66049 3.57992 3.54269 3.33575 3.04746 3.04241 2.73274 2.64266 2.63658 2.63831 2.64678 2.75623 2.87578 2.95788 2.96081 2.96308 2.96534 2.94692 2.77830 2.80035 3.03840 3.07866 3.06940 3.06301 2.97877 2.97261 3.00627 3.04076 2.93554 3.04725 3.08586 3.06302 3.00254 2.92344 2.99124 3.39161 3.36133 3.31150 3.04449 3.09839 3.40695 3.46734 3.66000 3.73452
1.50872 2.85078 3.43644 3.78158 4.01842 3.89239 3.71233 3.54605 3.44125 3.43598 3.65435 3.64910 3.63036 3.56551 3.37703 3.28701 2.97456 3.13763 3.13758 3.14194 3.25779 3.56176 3.67168 3.66326 3.55107 3.37101 2.99084 2.95818 2.74043 2.56324 2.54224 2.54545 2.54916 2.63061 2.72592 2.90297 2.90387 2.90387 2.90387 2.90387 2.74773 2.75339 2.91663 3.06590 3.06850 3.08022 3.03699 3.00858 2.99445 3.07879 2.92586 2.88162 2.98347 2.97513 2.97246 3.03021 3.14373 3.64250 3.79474 3.80721 3.58086 3.51780 3.73614 3.82089 3.69301 3.53728
1.86052 2.62627 3.59534 3.74448 3.98252 3.90030 3.62747 3.49734 3.29264 3.24697 3.38895 3.42764 3.40291 3.42642 3.46808 3.51374 3.20930 3.35288 3.41288 3.44322 3.51028 3.57476 3.59231 3.59231 3.50055 3.42453 3.00131 2.98697 2.82949 2.57001 2.55523 2.55391 2.55973 2.59958 2.63353 2.78030 2.81169 2.80936 2.80710 2.80487 2.85747 2.93999 3.05964 3.39018 3.41383 3.36615 3.26480 3.11202 2.98535 2.89093 2.72409 2.88758 3.25484 3.25716 3.25963 3.28238 3.30719 3.56754 3.75297 3.71246 3.55021 3.40252 3.50740 3.62148 3.59652 3.49538
1.95175 2.22773 3.50889 3.64743 3.98754 3.93082 3.64988 3.53966 3.37428 3.38134 3.57862 3.81127 3.89202 3.95377 4.00056 3.93109 3.43984 3.35187 3.38129 3.36988 3.38683 3.44083 3.46740 3.47851 3.44806 3.36363 3.07166 3.01615 2.97501 2.63240 2.63559 2.64624 2.65279 2.66381 2.67363 2.75290 2.86003 2.86003 2.85679 2.84399 2.85923 2.91460 2.92949 3.09839 3.06975 3.04054 3.04026 2.96208 2.92471 2.86051 2.72989 2.78381 3.19935 3.25533 3.23220 3.20586 3.18643 3.27627 3.53658 3.59308 3.62787 3.54486 3.68692 4.00083 4.02377 3.78121
1.98792 2.10550 3.48930 3.79479 4.17208 4.33562 4.25090 4.04716 3.87627 3.73558 3.76871 3.97592 3.96632 3.95666 3.94707 3.92058 3.52077 3.21757 3.25119 3.28821 3.34636 3.46083 3.50513 3.52532 3.53226 3.37731 3.19641 3.11452 3.10452 2.75396 2.69404 2.68635 2.68668 2.68676 2.69142 2.66663 2.76451 2.73447 2.70922 2.69358 2.71937 2.88857 2.93869 3.01537 3.10701 3.11244 3.11832 3.08826 3.05296 2.99686 2.87658 2.81256 3.12424 3.20193 3.26907 3.35831 3.46520 3.59632 4.00435 4.03996 4.06126 3.91135 3.90597 4.20100 4.24056 4.05390
2.78433 2.86848 3.70851 4.31087 4.40891 4.44675 4.39192 4.05834 3.90863 3.62516 3.63272 3.85076 3.89600 3.90637 3.93463 3.96429 3.79804 3.43293 3.36297 3.35949 3.35623 3.48529 3.51797 3.52934 3.52971 3.42301 3.24232 3.09650 3.08241 2.90210 2.77362 2.78548 2.81654 2.84802 2.89747 2.85571 2.82550 2.80648 2.80799 2.80948 2.80997 2.95918 3.01544 3.06383 3.22540 3.23037 3.23282 3.21541 3.12432 3.12445 2.99833 3.19979 3.50503 3.79452 3.81868 3.81868 3.82777 3.83559 4.15893 4.18803 4.18803 4.07802 4.03032 4.29832 4.46523 4.35182
3.04752 3.06992 3.44060 4.11867 4.15001 4.18991 4.15329 3.93137 3.97033 3.71567 3.66645 3.83499 3.96885 3.99280 3.99850 3.99739 3.92118 3.48962 3.32762 3.32717 3.32537 3.46914 3.54803 3.56547 3.56523 3.57977 3.38265 3.20292 3.21234 3.14142 2.95112 2.92318 2.91508 2.90778 2.91374 2.86864 2.81107 2.75357 2.74090 2.73154 2.72807 2.82207 2.90278 2.95548 3.11431 3.18235 3.19383 3.20533 3.36140 3.42196 3.20656 3.38140 3.54422 3.85213 3.89427 3.90931 3.92704 3.96049 4.28153 4.45639 4.53940 4.55460 4.35223 4.47409 4.65862 4.59285
c!X{<ws%cUmzbcqht|c cqtt c%m9 r0[c5q,t/cc3z:ccu=qcmv2ccuqc cs{<.c5Im9u'c Hp|rscc{ cc$p6vcpspsccuic6cpwc7mtc$Dp9s!kc5 c7{t*eI>8c>Om.eq:Mc5p8s0~c +cpfc ctV{c@mpFcvwDp3c*c#z%w<c0ms Lcopu6ccscc uSv tcJmwc6Uc!z:c!cFtVtctmurc2w;ucctclc0s3tc|pJv-ccuc&ac?T{'p75c;m)s?c mw.u$ c7c?r2CI"hc.mpcPwGvcctccuqc&m8q4bc:pPzc Jc_ss:cm"{Ncp t c}c ?r$ c6c#3z<r">c=m)vcc7tccttcmwcwzycc vc\cH{0 v'c.)p*v(c<c1zncct+u8c3=m:"{$2c3pphcDctIcZmOqcwZtxcc-p<[c2c,r'kuc mzcwwEcc|wtUckm.u6^c/w=-s5 cca{cmcFq4u|cGm^sGc^cwccstmcKm<zcp:q;<c/dc:u c=c{mzc\p&t!c48c#r1fcc{ uclmr}cOw>t:cXc9zIwcm2.p*"c1Uw)er'c!cw cc stvc m qc w.Tt dc/1c<Bu5zc<mIu cPw {cc{cctqcmzRcc zcc7t25p0c5m)Mw>Gcfwucc17s"nc4c9p6${LcwWtJc{cyu%ccqf{fcHmw>crv~s8c)*c>u'MI=cmv c wrzc cu3c>Zc-ez#u-Tc'<m8Dzcvtc:c{zc m{cQwBvccsdcZcwvc$m<tc68c4w.cNc-{ rc>m,qz4c-u6vtcfctccq'wc^ur&ccuczc{ sc(-m<q6c;tv1cjc {Ijcm+bq;c6h{"v3+c$cu cc{q|cWm {c(r_rccmv@cirv2crzc$\c9u!c62c+m.\t6cpu+kc>c*{*c-mc4m}{cvNCt]c3r^qcJcvccmuc&rt3cc3u9c47c(m+*t?c vs?c=r4w#c2sc;gt?I""c2uvc$r\{9cc]twcm<w+cfprccxtgcc|qu$Dc*m%Uq c:/c3q ccw%t<c8um"u,'c$w pccGt[cUcI0pErcwmucc~t6ccwX{cm3s+ c0w t$c9c7p(I7Nc4m%Zz-{c(p5{iccwaccu{cTmlzcprcoctucimfrc6pt5c)c!u-c8c/vs'u?c?m*zc6`c>u3?c"ct+qc{XmVzG`cNqOpwcActLcScQzIvvcqsIcc(u2%c&c9t9w0c1m!xp/c-q=z1qc#crIcgm zc8qr^c!c{cbct{s4cEmwc4q{,cWc{6u(c. m&/p7c:Vp,p/c=Nc5u,wc3c>s1ucKmntVcl cKto8cc[ pDw[c#m3pc]pvcc%uc$cbuzc p3eu5c'c&2w? c%c0t5 qcm wcwpcc?ulI cm-tucw'uc c{.cZcopzPcm5v'c,Hw <p"c7c*z#u:tc8Pm,t0$c*dp;s>ccrc `cuUsqzocx+mXuacVjcosccr pcmz~cw{cOchu+ccWtzt cZp)tcc"r c-cvrcym:smc pqccurIccCmtc p5vccu<9c*!c=M{'0q4c6m$z6[c4wp({3c%c3zwcm<s cp  scgic~{jcEcCzLuc@m1zqc crcc c w'{c0m
qrcbKcfzcc~cYOvM!{cms~cc%{c Rcms@s>cmrcvwcacrc">c6r7Ht#c!vsacc^rccF{hqc-mqxcwwCacvcezI  c(mwcAw {cJc/rkcZc_vPoqtcjEmxyvvcpwHcHcdpv c>mpgcvpUHzIcnc rXcPc#z3tc m`qe5c cvcc{zc>m%wcprrccjuc1ctss!cXp.wc3c{SccF#zQi{rc Tm p4Bc<qq>ccqIcmzX!cI0qbu|caczZchc-s!u6c5fm&t8c=}qZ{c c}uUwWc7mqcqFq2(ccre=cJ0cLqvscmwcc$pacnc=rs0cemucpqc cz ccpU{TcFpb{rcvc0p=1c?cuucmwfcpzCmcEc{rpIKc mw8(c/w<q1.c"^c/s2c'c;8t skcmxq~IcT]wp:ccStr(c mzn9cBnwDzHccpcdcpzc2mmtccqccpwcm$zc]~wGQtUcycds +cc'Zq%ucw=pPcGcpNc'crF;pBcqYmvqQcp.Wz33c!Lc{Ic mzcp0t:c?Bc }usczcEsv5c5mrc$p"p jceZcdzRDwTc^mr0cwp<chcZvXccfss*cmpcct@qcNcP]pi]rm$c m$s<"c(DvNtMc\c{cUct-tbcvAvT@cmdc?tc9c?G{Nv`cmscwtcc rGI'c8m p`cwawYwc`cwccq#r5c.mzuw4cAQwZbz@1cY cK2v>rcm{cwizc$cvKcWcDuY{@<cvmzzJcc zz!cc{rbc/mVvcw(pcc]qf|cic{{1,c vr{\cctccVptrcmW{c v&sc c}w\jIzcNmVqcvt<`c<cv ccLcytlz|}cBm_pMbcQ$vGu@cVQcChpD.qRcOmYpFc@]vjKtbchcsc)c#p2ucymgrXccucc\tw cSmirfcv-{>ccscctz cvv ccw c"c{>pcm|zGXc_9vscc{ Ic-Nm)q6cutz cfHcbzducvcmpdoq c@1mnz~c|tmvejcp c}4wtpcm z:&c+d{wccir%c0cGztc)m/tcScusqc c,z2qcgsKsc rkvccqccmrlc\rBr1c>Rcq~cBcHmVqcr<qcr6q1c0nc*\{I cp*r ca rjvvcic~wciTcvom}r`%cvFt cr4Lw=#c 'c mvAcv&ucXr{cc{&cTckmmspc/vq6ccat)ctcmtcwuc!cqccqMq$~c:)mU{fc}~vAPtc-cz IcDm#t6cv7u94c4c5{`ccqBqAcomgqnc v /p c c4r,z7c.)m1K{cwxw}czc^{cRGc{wcgmHuZcycz9c*c~p{cmzs cpJtMscZcRzchc{ptCcpvcc;zDcamces^u_cmu c.qv)ccEvI)c m=v.c4tq v/c  c vpcc=s*z<Fc7m'={*c!pq ccstnc<m4vLTc%q,r$cc>uOcyc{{%c:muXc cwc[vcC{_wIHcJm^8pVXcp{q+ccv(cDca{&pcqwtRcTctlc!c{sscm{vTcqzcac,$z7*I+ c.wm)cz1rc1p<q<~c)c*tccXweucm=rc!pOtPc,NcLt rccmKqycZp'<s4cAcpcpc?rKHpMcC^moAzScycs-vTcM(cLt{Fcm wcwGv?0c?Jc w cx(c\H{@uXckw0qccRzuccw{YcdmwwGcwpc Tc..qJIcmpc wtcJcucc@vYu3cmKrQcwJuh cc/rwMcDmluCcwB tPScv.c`s}cicFzfvzcE\mFXzhccQr,c^cbsu$c8 m v (cl%pb`{RcQYcRT{Ycyc3sucRwr7ccwc.c
5u8cz%bz!c2c>v8jI&Jc"sscMrtctcdq,cc7m{!hc%?r:v-Oc1r8ur-c>cm/r >c q |t`cprTt Occ&zc>c+m$sFcGwY=sccJc^s_cIccYbm_(wEcCwPpc}`rtt`cu:cg qx clcx mvqbc rGvcjcXqcc,m+s4c/v8er'kc#r.uv~ccrIcw{hcrAr7c%c:z=t2`c6m*v?9cwAt c ctcc vWz cm w+lc=Xc7qgcyco zmGu}Hc~,mnv~c~]wi toHc|\cuaqlcxvcbvgurMcpwy{xlchckpqc /c*qt9c `mEuc>w*{"c0rc%{4I$.c muc wp4cc1uccq1 u%c)m9q2]c6p*u/Occrw c<msPcp u`c "c\pNc <c/~r|vkqcmrmzZcqc|uectjcf{lttctpmf{rcqqi{|1cmNce{zcgcw3zvu cqvc cwc>c(&{- r0c, m<4w$c qu cgcwIpc mpc-q7lv52c*0c ws$c6c)v+pv:cm z c:p pvc2c s3q 8cm czNc?>qtc ccoWzzIcekcus~Cpicjm~qFaclcbs~cl|cxvyzichmqueccLpvz ccpc :cLuq>c9p#8q Kc+c)p48c cr:z:cmzpciwvdc;c,\v?!I*(c.m%Bq6c:v/=uc{cX{c c v q<c mLw c $vpicc ut cmwcv wc`cl;vpbcdPcpgsuqfcfxmp)vOcdcmuqc`c Ws t cRm{{ cqwt.c9/c:`p>c+@c3nz:E{ 'c/wwcPcqccu pc"sm5w)c-p+v'Gc:c0vZIcmLt Scp pc ctfc c(p vc=mhwc7wucLc)s Krcmqc <wauoc cnPsyEc`c p s
qcmescwmvccSqccqucm.vc"crcn cz9qyrscxmntGcPpMwcpc[vcYc5srcpt&c&c>s, ccZs 7qhctmRtrKcWCprQccvIcmvc>q{cczcc,u{uckmu c!qCsclctr^cm7tcq}tc cuc cvu`Gc mvmrNci]casec@AcXw@uvcqmz/cq&v`c$crc}cz:u5cp s 7cf[c|whcKxcDrrcYmS{cpvccRrYIcmucvpsc^cw?cctr@cmmqcp{\cctsRcm{cww=c c {cPcuMvpqczm\2uz c[cuccqscmu/cvr3c1c0fpc2cp ucw~cK`vB_r:cfcuccqr c mYq*c3vrPccpIcwmzcvzcc_sccrqLcmvrcOvrccLzrZ{cJmrcv 3tw-cl=cx rQcL.cCzqcm{LcUcvcScqt!c.m/t cpq qfc~cEUwNc{cBzwcp~sccUp cFczs|c mrFcwu*c&crIcm8{c wwqc5cvccqNvUOcLm]t>Yc>Sw{c^czs chmcbs}cHMwL7rGcc{DcrcwN{lcm {=cTc"+t#0ccwrqqCc~m\]tWc wuccs|ccJqdzc@pE{cc v*cGcvvcm2zcvsSccq!Ic~m*uYcZFvBwY6cc7 q!c6c!ks#6u>dcmqcsups~+cycRsAq[cmv}cIuxuccjrFc6c:q2g{8c!mnqIKcq<cpip^7cVcs^qcmuIcauQwcctccwzc%uns ccw cIcsvcmu_cuO$rD8cNcK{kIs#c3m#{/yc/u"{,nc:csacBcjqtskcvjmY.tKcVuawc@cpwc`msMcu w;c7cvucbchCvkKqIcUemOscc'ucchtzcsm4qcrq.cc}qccm ric(rPuKc:ctc[cBmZKrBcyswsf&c/r%q8c)Hc;u8*I1'c6q,ns_c \rr ZcgccwbOcEc^mKsncptcArscBc m q'jc6vq#scar`plcGZcANzOccm pHcpwc^cH{czcGm{cCwPpcrBzcpcsc cO mOrPcHrqufcmcww c-?c9Dm<Jz$-c$w6p(Uc,Ur?v#c>c z Inc`Npqvsc}4rHs_cYcuscmWw?cprc$sc=Dsccc QrypwcC3mTt|4c]czdccptLcm=vcw{5ccrocWc7p|z.cIwLRvKcRcB>uPc|@cgr|Vw`cJm p+c& w0tccr7WI#c&m:s1Fc7w-3uccYpxci)cescwCcNOmKwq,cp!p czcsw@cm8+{=c 'p Ctu)cqcr rSwcM/cAzHhp^Dcmtc'c{2ccupcmqc"qfuEcWc\wT|cGcRluoqp{cgYq={>c c14p<c%"cutcmtcqs<c) c!&u!I<c9mqc 0qps~cwcMqtC7c]cw tcmwc]q0u1,c7cRr]r sci&meszcAxpT]vZcQc[sA?c[cM,wJzZcmuuc^pcRWuNcVc@_zYIvK2cFmVzzcsw| vwcc Vqlc<c&.q9{$c^w@rc;cqLc c%wv}cm6w)c/w"s-c cqXI cjmouEjcSwsccuqcMc|{z!c/m$&w kc{w+zvhcmHcgtjq~cC*mRzJcLwYtD(cPc^qG_cOBcXr\zHcEmTwWcxc}w{cfc 0rq c-m-r/~c$Bv?v7ccqc/c(r s cgvaunc ct"c:c5w3u-Jc4bm/uscv w~cz cG\vAIXcmEwc<ww9cc(w%c>1c8vwc mstjacowc^ug czchsjksc@(mU/pRc~wmYwb+cw=c}z|ck4cqw
c mw. cRc/ucc2qs>c:m&z0rc*>w5zvs:c c~u c?c u1pcvzccrcacnzNqMcAmapzkcbwuc bc uQI=c9m!t3c1 w7-t5Pc,:c%5z;yc)c={>{(c(fm;2u'c'w?eu>c){c?"z;-w/Pc25m%s7c:jv*4s+cc s cc{q2cmv*c<c6'v$c,c0Fw quc mw7c,u4sccuc"c8p tcuH}tVcCdcv^u|cec p sz*c ]m msc=u#[t'Dc4c<q!I/c-m?w,c+u22z;c*c'q8c(c>z<p*c,m>r0c3Dt$"p c;c)lqqcmu<cu { Vcc (uc>c/v'q/c)Mm u"$c c6u<jc%cju{cm0wcvzccU{XcDcoR{i&rhcaCu sccxvcc+{"%t8vc5m r2c0v6w>c-c#?s5YI+c+dm;u*hc*Lu?/z:pc-c!r*c4c!fw!t<c?hmsc ur;c c upcmt rc<u t dc,[c  v/c6c6u>Ft:cm zc"cvccuJz]c[mBwF c|~r}YtsUcdcuxcc 1mt^cr0q.c9c%-q! c3Qc#:m&r/c.q<r-Rc,r"q8c+c>\w=I/c1-q%c{5c8xr53w*c qcq/ccm %q c p z cr vc>c(m&{/Kc6&q(p+c$rwcfcjwcc_mv cq'tc[cCm{Qfc~-cdm~={gTcaipqIcr(v ,czc,v/7c<nc(m"u5c4xr<v"c0c;w9c.<c<Sm;r,c-p9r0jc2 r:br$c9dc(q)I;cpzc rqc cz vcMmLw?c;p&yv+fc)c+p8ccpuc1m~w<ccv=ccxtq[PcQm] wZcwwg\szcdkczccTtVzc w<r/c<c4`p/{c6Xc p+Ev2c1m"{/jc.]w>{=0c.c!s"sI36c5m'v:&c<w-wccC{ Ec c Wq kz c Dmq cptc=c*q!:pcmzcpucGcNzcPcpGtuczmQwpcQcFvQcyca[wzqfcamqcp@q c8c rc?<c/{*]q8Dc6p"5u!c2|c?sv(yc/Pc=w7v/c0m$'v3c5p+w-c=c1q Icm p c p {c +cucc zq?c;m/wcqAzckc.u6vMccmpcpOz ccrIcQcZ'uURwzNctm}wChcdcbrcwct c{
{PMcEVcP4sSEqC\cBpmQw c} vkw`"cvczgqecocxsthcfvssvc cQs<ccs u cmI{?ec<v(h{#c4oc<q#dI.c-m:>s,c,v:p?Tc/c? r&c4c#{*t:c=/m+ u cv pTcc {)r c m vu }c Lv [rxc  c~qecscaza^qv cvdmcis\cuc{!um cs cdtcwncmm{vicgvr;ptcbc{ csca{ uc vs cczv/c:c"Lv$w2Qc0jm=t-c,v>r9qc+c"s8.I.rc/m)Gp3}c5|v#Kt-c;c3w-ccBt w c)m vc$v  zrcc t'z 8c mva cbuv tvEcfJci pchecUs|HphmcgmtntLcecj{{cbhcvur cmEuc>ur =c c ucyc(v/r8jc5u':{ c.c#9v>c*c< s<4t*ec*m;r-+c.u(v%"c3c8=w,-I:c<m+}r cu`pcc {Vcc{owcm@qc trccq{cmrc-t qc gct c cGt q scmw3ccw scc?s ugcwms? c< v qs$Wc3c?_{8c-gc>z=Y{)Xc(u9r8c)c$w<c-Cc:*z"q2c4m&q8c:v%p'c cwIcNmt,cYut c*c rc4c!{(p<4c>mtc u zc c{{,ccmUw ctt"cc vhc$csrUs c m  r/cc/s%c:?c&hm w2 c/s9p+c*Er' t:Ec'c6t8uc(c8m<0s,Fc-r!r!c3Wc&@p&Pc9vc*m-p>c?p s9cr q}ccXr(Ichwqc!r*@t0Mc*c9{)c4Zc&m(t>2c3wsgcrr7c c
Ncrv cmSw>c;v+ p)c9c4gq)I=c Hmtu ?cvz icec`bsbcAvc^wqBv_ckmr*cvsccytvcmwc"v;u%oc>pc {cc ~tpEsm*crmj sVc@UcMmsVgcFAcPtQrDcBmQtr}`cyuc{fcm cT!tYc~cdtsvz\cjvq*c8.c?u8c'sc7z03phcIm{c!Tv3p9;c.c;bt.Ic mqaclTv`zPcM cVw)ccxtOp c]m*w&cBv tc(c2v3s,$c5m.8tcHv`u cfcb'pf.cu cn]scq{c|3mkdpScwcztficmHc(uv w  cmmBtAcs u| rc dc1v%c*c6pw!c tr0ccHwccOc$z!wBcm^{$c.5{&{[c Fcp| Ioc{\mRqRlc]D{+wCc>czccfwucmwOc#z: q$c`cwz c mp qicmuzwuf-cqc`G{wclcymq-s`crip:ccDuPctcu9m Awc7kq>9wcor<pc(cHt%c9cm`vcr wacc:vc$c m;:w.Cc:vrnc rdr`cBrcXsJXIcawZs;cdruMccrc,cm4w1c;jw -u ,c6rs/cb!cump5sf ce wt{{`Zc rqc2c3pccKm\uuccpos*,c/Ycvc cmwcpMrc"rpkccqccmphcrqcc;s'9cc m6tgdcs)pfQwI7cSrSudccNvIcqzcr\q0Rc,c$={-wpc m uUcop qccwOcNcpu 7c9m*scfcEzn5cbc Su-q'cmpXcwpcxcHzWccqvCc/wBqIccQz!ccrswcm8q%oc2p'p@ccjDzyIzcEGmDH{^%c(pc{ckczccsuc'm# p9Bc Rwtr c cls `p7c m zc>Wp-@{!c*c-&ucc\vhub`c m#'s cjcqyccE{stc mEpQ8cLwZqXcM c_pAc^crrMc wpccw}c"c0r p>c m|patcmwiv_#cTcv*IRcmvvc\wqcc-{?xc3c."q+zcmzc?Zw)t"c1,c>p3{zccmvcS7vitw<c c?s'cncUvvUcmNwcHcpvb cqcy)swpptct1mjr@cIuF qH*cc{ccrq(c$ur2c1\c3a{c:ctqe w~cMmJzcuu,ccszIlcm%p'<c-u*v.*c7c9t c3.c8{8t#Fcmmw cMuucVcjruuc-mqcu;rcc^pWcrcqjret5cm86 5.94771 5.85813 5.80491 5.69719 5.70832 5.70837 5.70119 5.44987
4.19681 4.22184 4.24506 4.24674 4.21752 4.08619 3.53310 3.50179 3.51037 3.56239 3.78638 3.75860 3.74220 3.86204 4.21802 4.14521 4.33953 4.33548 4.23208 4.25018 4.24396 4.31989 4.40033 4.60440 4.57108 4.55423 4.52208 4.49314 4.61236 4.75188 5.75627 5.87173 6.02580 6.28092 6.38059 6.42146 6.57242 6.68956 6.60965 6.26787 6.27281 6.36237 6.44091 6.83286 7.03815 7.05585 7.02212 7.00798 7.03732 7.08017 6.29988 5.95528 6.06066 6.06844 6.07343 6.09093 6.11785 6.06959 6.07763 6.05024 6.02420 5.86971 5.87418 5.92147 5.99692 5.89618
4.38466 4.40090 4.41590 4.42986 4.48689 4.36381 3.99303 3.73815 3.73035 3.69014 3.90718 4.01063 4.03867 4.06193 4.32101 4.25009 4.56500 4.65922 4.64377 4.67513 4.61757 4.44895 4.53378 4.80545 4.89156 4.94022 5.02696 5.18842 5.33729 5.39557 6.17452 6.40159 6.42268 6.62404 6.76088 6.81883 6.95321 7.18662 7.21444 7.04901 6.77057 6.75519 6.76204 6.90830 7.22064 7.21632 7.24318 7.17920 7.17460 7.17156 6.68140 5.88908 6.10930 6.13706 6.15594 6.16198 6.15856 6.12872 6.04989 6.14494 6.17968 6.08736 6.09830 6.10947 6.09229 6.01940
4.74983 4.86243 4.97338 5.03578 5.03289 4.73844 4.35846 3.82568 3.82880 3.83041 3.97002 4.11123 4.15385 4.22608 4.53913 4.61835 5.18198 5.22306 5.19432 5.10333 5.16251 4.88678 5.01605 5.26902 5.40426 5.35599 5.35292 5.41867 5.50944 5.61569 6.18156 6.75639 6.90528 7.05135 7.23967 7.29691 7.24926 7.39841 7.46393 7.19297 6.82359 6.81951 6.82149 6.80374 7.20360 7.19610 7.19610 7.14194 7.05698 6.95487 6.66381 5.89534 6.06431 6.14309 6.18355 6.26133 6.32674 6.38469 6.31958 6.32039 6.28221 6.17028 6.08909 6.08397 6.07765 6.06980
5.07085 4.99496 4.92941 4.92074 4.92074 4.79793 4.54234 3.91613 3.88201 3.94847 4.08369 4.39569 4.42761 4.43092 4.63038 4.80792 5.30698 5.59514 5.63678 5.48993 5.51915 5.32605 5.24225 5.46212 5.80031 5.85827 5.91969 6.04779 6.25466 6.40539 6.72330 7.54602 7.63906 7.58919 7.54876 7.67481 7.56176 7.45099 7.40611 6.82922 6.42119 6.16418 6.13867 6.09310 6.06178 5.87796 5.76054 5.61431 5.52012 5.52012 5.49840 5.60519 6.05668 6.44844 6.48223 6.47822 6.48010 6.48705 6.42253 6.36528 6.32476 6.22425 6.08994 6.08643 6.08411 6.08406
4.92074 4.92074 4.92074 4.93155 5.00894 5.05603 4.82144 4.46795 4.11107 4.12615 4.15344 4.48612 4.54125 4.56833 4.67094 4.91161 5.27544 5.68478 5.77038 5.97314 6.07957 6.08616 5.76307 5.91132 6.29382 6.24405 6.11520 6.15829 6.26785 6.35664 6.37354 6.70931 6.55020 6.35714 5.99606 5.98005 5.99381 6.14750 6.40841 6.19660 6.03755 5.69451 5.71089 5.73004 5.72404 5.60551 5.62570 5.65826 5.46821 5.42352 5.40298 5.51221 5.97795 6.48087 6.49433 6.48351 6.48002 6.47842 6.47094 6.37325 6.35091 6.34044 6.19801 6.23082 6.26654 6.32309
