results/OMI_NO2_200612.asc
ncols      200
nrows      200
xllcorner       120.258
yllcorner       41.1236
cellsize     0.0166667
NODATA_Value      -999.000
[rows 58 to 86 of 175, columns 0 to 66 of 200]
8.58130 8.59196 8.60263 8.60657 8.01125 8.03760 9.09033 8.87494 8.73804 8.37877 7.76777 6.76711 7.10231 7.64772 8.19390 8.58868 8.82845 8.83026 8.83557 8.83557 8.83557 8.83557 8.83585 8.84360 6.10609 5.56515 5.43263 5.37641 4.50332 3.99335 3.93169 3.48391 3.37773 3.28776 3.19882 3.15444 3.13565 3.11666 3.09374 3.09003 3.13316 3.18480 3.24549 2.49096 2.30734 2.34747 2.53945 3.10281 2.87098 2.81760 2.80593 2.80048 2.88803 3.15225 3.11890 3.22829 3.25401 3.25331 3.25331 3.25331 3.25331 3.25331 3.30776 3.70586 3.69265 3.53129 3.32458
8.61000 8.60223 8.56663 8.52855 8.22847 7.54222 8.14452 8.52031 8.44017 8.32557 7.87807 7.27123 7.26305 7.65225 8.35252 8.46659 8.96709 8.83557 8.83572 8.84029 8.85478 8.87173 8.88840 8.89759 6.31263 5.63404 5.18320 5.18320 4.85256 3.87027 3.83091 3.27174 3.09946 3.09560 3.09088 3.11116 3.16127 3.21414 3.27575 3.32978 3.25704 3.14243 2.98770 2.50156 2.15194 2.26706 2.33809 2.93102 3.06765 2.96813 3.10918 3.23356 3.26493 3.30854 3.37599 3.25331 3.25331 3.25331 3.25331 3.24144 3.15811 3.00680 2.85240 3.01520 2.98983 2.96007 3.00650
8.38141 8.35115 8.35186 8.32030 8.27480 7.64751 7.42086 8.36888 8.39242 8.41816 8.20347 7.84996 7.30504 7.68689 8.15880 8.15765 8.43006 8.86670 8.90455 9.04581 9.19965 9.35789 9.52483 9.70134 5.86579 6.26255 5.22571 5.18320 5.16360 3.96715 3.78434 3.43256 3.01840 2.95889 2.89364 2.76179 2.59012 2.39881 2.21041 2.02562 1.92971 1.87280 1.83824 1.82552 2.03084 2.27514 2.55609 3.03767 3.42017 3.10713 3.00578 2.98544 3.14154 3.26493 3.43265 3.28989 3.19937 3.02650 2.86748 2.72909 2.65335 2.65030 2.66649 2.83638 3.04702 3.01683 3.19191
8.43679 8.40104 8.36200 8.35781 8.35781 8.06555 7.43938 8.21333 8.41636 8.33545 8.01657 7.81134 6.84561 7.41929 7.84605 8.47145 8.50763 9.64663 9.80695 9.82611 9.82611 9.82643 10.0744 10.5677 5.77312 6.17328 4.74089 4.24678 3.57004 2.74770 2.16861 2.02211 1.81283 1.75955 1.71407 1.68702 1.66570 1.65547 1.64691 1.64450 1.71587 1.83172 1.94757 2.07808 2.30899 2.42937 2.68132 2.87908 3.20780 3.09757 2.88950 2.91521 3.06440 3.25937 3.18434 2.74706 2.64155 2.65091 2.66710 2.68330 2.70354 2.76178 2.82910 2.95430 3.42179 3.49289 3.87282
8.36990 8.34322 8.25563 8.11593 7.96911 7.79952 7.05647 7.04429 7.76885 7.80513 7.93011 8.38834 7.83031 7.95238 8.17818 8.78026 8.61181 9.46711 9.89887 10.3207 10.8593 11.5027 11.8611 11.8980 5.68441 5.08920 3.27856 3.00025 2.26549 2.12178 1.77768 1.77129 1.68078 1.64368 1.64368 1.64377 1.70580 1.83611 1.98457 2.13771 2.22119 2.25953 2.29944 2.31898 2.43116 2.59337 2.86786 2.94914 3.30630 3.27134 2.82888 2.69217 2.67949 3.01634 3.02317 2.84623 2.72942 2.80210 2.87165 2.94543 3.01853 3.03506 3.03506 3.03506 3.40838 3.48492 3.77079
7.58882 7.52485 7.55691 7.75786 8.24538 8.76651 8.92003 8.38072 8.14921 8.21631 8.21631 8.41497 8.22475 7.82562 8.21879 8.58681 8.78100 9.69624 11.8607 11.9269 11.9269 11.9269 11.9269 11.9269 5.62151 5.50552 3.51217 3.03990 2.45343 2.18844 1.85889 1.78603 1.83643 1.88537 2.04019 2.20047 2.29835 2.30340 2.27098 2.25000 2.25359 2.25852 2.26258 2.26029 2.29836 2.55698 2.75586 2.76395 2.85187 2.96221 2.80040 2.67369 2.69021 3.03149 3.08004 3.04176 3.03502 3.03506 3.03506 3.03506 3.03506 3.03506 3.03506 3.05940 3.32616 3.64121 3.84084
8.42720 8.88429 9.27393 9.49462 9.42823 9.34789 9.23177 8.46232 7.81116 7.88042 7.85357 7.93739 8.33159 7.64464 8.38460 8.50906 8.54000 8.89575 11.6486 11.9269 11.9285 11.9473 11.9704 11.9940 5.62151 5.62151 4.15441 3.09296 2.77266 2.41679 2.41154 2.40436 2.44198 2.23213 2.18752 2.19249 2.19815 2.21702 2.24778 2.26369 2.25685 2.24370 2.21040 2.19434 2.18105 2.36104 2.62191 2.86089 2.80270 2.86270 2.85182 2.70109 2.69655 2.92910 3.08023 3.06542 3.03105 3.01345 2.99496 3.00278 3.02897 3.05401 3.07841 3.07953 3.12770 3.49331 3.46248
8.86448 8.81655 8.79083 8.81639 8.84842 8.88044 8.90967 8.53883 7.92606 8.04034 8.28680 8.46677 8.64498 8.03519 8.41138 8.48631 8.60018 8.52142 10.7906 12.0191 12.0408 12.0454 12.0454 12.0454 5.63033 6.36038 5.86829 4.33621 3.39326 2.61070 2.52806 2.37402 2.41121 2.35723 2.26880 2.26137 2.26899 2.29586 2.29930 2.28194 2.26525 2.24462 2.23175 2.20980 2.18786 2.27938 2.54773 2.78254 2.78223 2.84837 2.86270 2.76278 2.69628 2.82041 2.73847 2.73864 2.73295 2.76498 2.80388 2.81974 2.81869 2.81869 2.81869 2.81869 2.81872 3.14111 3.19669
8.90507 8.91510 8.91510 8.91510 8.91463 8.83550 8.69506 8.49388 7.72487 7.61486 7.60045 7.46236 7.60217 7.83447 8.27051 8.54262 8.62481 8.44263 9.80967 11.9938 12.0454 12.0454 11.0630 9.28638 6.56202 7.88869 7.56275 5.03384 3.92876 2.90978 2.63880 2.43933 2.39255 2.37909 2.38660 2.37155 2.33740 2.27942 2.23361 2.21167 2.18973 2.17734 2.17729 2.17729 2.17729 2.23457 2.50958 2.72123 2.81777 2.80623 2.85065 2.88871 2.78021 2.83583 2.92146 2.85821 2.84205 2.81869 2.81869 2.81869 2.81869 2.81869 2.81858 2.83325 2.93282 3.26349 3.62749
8.56820 8.41992 8.26662 8.10879 7.94648 7.87835 7.90142 7.91220 7.52073 7.22181 7.41968 7.41140 7.43949 7.63929 7.88133 8.27462 8.25532 8.38533 8.53675 8.55830 7.21890 4.38737 2.57967 2.68480 4.56951 7.25465 6.78496 4.84038 3.68831 2.78915 2.44224 2.41067 2.36817 2.31022 2.24297 2.21355 2.19161 2.17754 2.18816 2.21367 2.24376 2.28962 2.33908 2.39110 2.44582 2.50765 2.65868 2.93972 3.03210 3.14147 3.35862 3.42911 3.23554 3.01375 3.02003 2.85821 2.85666 2.82241 2.84465 2.91992 3.04248 3.16714 3.29275 3.40707 3.44482 3.54893 3.97253
7.73068 7.73011 7.73895 7.74775 7.75662 7.76320 7.74892 7.74696 7.66921 7.08759 7.13539 7.24416 7.26887 7.44403 7.29821 6.74241 5.67126 3.98191 2.00754 2.42389 2.82713 2.85123 2.87141 2.87367 0.221281 3.89310 5.32955 4.59311 3.55341 2.80454 2.33912 2.27318 2.33724 2.38423 2.44873 2.51284 2.58855 2.66954 2.73825 2.78662 2.83012 2.85041 2.86861 2.93438 3.06449 3.18451 3.29617 3.71718 3.57038 3.65147 3.72657 3.74979 3.69477 3.32597 3.22253 3.05702 3.17411 3.28080 3.37673 3.43547 3.44551 3.46658 3.48779 3.51028 3.50703 3.46948 3.80831
7.73756 7.74756 7.75374 7.76119 7.76876 7.77415 7.78214 7.84421 7.92084 7.55944 7.20846 6.03331 5.00318 4.16076 3.68431 3.85395 3.89911 3.68653 2.07134 2.38063 2.76577 2.87367 2.87367 2.87367 0.228801 1.36447 4.14522 3.89827 3.57272 3.08033 2.92230 2.96397 2.93666 2.92422 2.92422 2.91605 2.91380 2.91380 2.91380 2.95300 3.06330 3.17492 3.28661 3.35046 3.35081 3.35081 3.35081 3.57811 3.67375 3.67566 3.83080 4.02799 4.16417 3.99560 3.87711 3.45122 3.45099 3.47720 3.54018 3.59177 3.56746 3.52840 3.49121 3.45460 3.43462 3.43462 3.64797
7.84674 7.84896 7.84662 7.89004 7.95978 8.03532 8.09141 7.99734 7.87385 7.64548 7.28701 3.99950 3.32762 3.47898 3.75725 3.87682 3.95083 4.00390 2.51394 2.28081 2.55297 2.87367 2.87367 2.87367 0.225537 0.344953 2.89193 3.86138 3.86138 3.42406 2.97233 2.96846 2.95255 2.92422 2.92422 2.95183 3.05356 3.16521 3.27687 3.34941 3.35353 3.38440 3.44117 3.54157 3.64151 3.74404 3.91902 4.15849 4.42065 4.03261 4.32861 4.43164 4.50771 4.51172 4.18623 3.78283 3.66266 3.62824 3.54585 3.43819 3.43462 3.43462 3.43462 3.43462 3.43462 3.43462 3.50961
7.93854 8.02155 8.09291 8.02564 7.90152 7.77376 7.66296 7.65390 7.66249 7.67122 7.70466 6.15357 3.53615 3.68186 3.99013 4.28756 4.40258 4.41552 3.48480 2.30227 2.41250 2.84229 2.87367 2.87293 0.211265 0.280301 1.40362 3.83561 3.86138 3.65864 3.04448 2.99668 3.11486 3.17507 3.31580 3.43388 3.46622 3.52529 3.62627 3.72610 3.82331 3.91734 4.06664 4.18368 4.30823 4.43916 4.52335 4.57150 4.95093 4.50088 4.62585 4.77375 4.71411 4.58427 4.09080 3.68896 3.50111 3.50111 3.50054 3.44730 3.43462 3.43462 3.42808 3.42342 3.46562 3.51775 3.58010
7.86424 7.85393 7.74055 7.71871 7.74312 7.79494 7.84705 7.89362 7.93723 7.98079 7.99960 7.82399 4.12311 3.79379 4.01205 4.27809 4.42626 4.42641 4.10274 2.20692 2.20993 2.28647 2.30983 2.02766 0.211265 0.231246 0.422469 3.20250 4.10200 4.30167 3.75397 3.68428 3.76384 3.77351 3.78298 3.84463 3.90168 4.00574 4.11868 4.24816 4.42995 4.59141 4.64695 4.69531 4.75762 4.85146 4.82726 4.74457 4.81610 4.51417 4.18282 4.37139 4.44483 4.44483 4.27272 3.87212 3.81214 3.89424 3.97275 4.01127 4.03709 4.11219 4.19870 4.24915 4.21141 4.16267 4.16908
7.41715 7.88406 7.92767 7.97130 7.99915 7.99960 7.99960 7.99960 7.99960 7.99960 7.99960 7.99960 5.95512 3.78064 3.93522 4.15369 4.45595 4.50637 4.52610 2.23728 1.66782 1.68405 1.88831 1.88849 0.211265 0.211265 0.284494 2.11062 4.73540 4.73540 4.56400 4.12590 4.13658 4.08710 3.99549 4.04678 4.16476 4.71537 4.77055 4.80995 4.81457 4.83371 4.76382 4.68400 4.59651 4.48420 4.43777 4.44723 4.48490 4.61792 4.25622 4.51797 4.73450 4.81595 4.83150 4.39858 4.25868 4.19009 4.13120 4.08169 3.96881 3.92270 3.88266 3.86959 3.86959 3.86965 3.91216
7.23406 7.98464 7.99960 7.99960 7.99960 7.99960 7.99960 7.99960 7.99951 7.99082 7.97789 7.99225 7.60068 3.93253 3.97632 4.22652 4.83471 5.01724 5.08800 3.65050 1.69158 1.76297 1.90641 1.88849 0.211265 0.211265 0.237523 0.548450 4.18401 4.78076 4.81156 4.43370 4.26438 4.28587 4.25329 4.23839 4.23488 4.61392 4.71228 4.75559 4.81488 4.85582 4.97739 5.10825 5.21578 5.27441 5.32878 5.36154 4.34233 4.39803 4.39006 4.44706 4.60573 4.62992 4.64007 4.35854 3.94439 3.94439 3.94439 3.94439 3.90042 3.87538 3.89086 3.84784 3.79876 3.75195 3.69664
7.12416 7.94121 8.12543 8.16469 8.19631 8.22122 8.24621 8.27116 8.29621 8.32969 8.36761 8.37820 8.37820 5.90087 4.29290 4.49831 4.98268 5.41529 5.53490 5.01664 2.07108 2.22211 2.19577 1.88849 1.81184 2.18893 2.49333 2.13256 3.30908 4.87015 5.03450 4.98834 4.67295 4.75625 4.80259 4.83824 4.83964 4.99840 5.37391 5.32860 5.26648 5.20575 5.14640 5.08850 5.04835 5.04684 5.05221 5.07132 4.49881 4.22044 4.35027 4.34481 4.55804 4.64016 4.64016 4.58320 4.03346 3.98304 3.95144 3.88200 3.81106 3.72263 3.66487 3.65001 3.62000 3.58856 3.55712
7.60518 7.89665 8.39919 8.38493 8.37820 8.37820 8.37820 8.37645 8.37149 8.36901 8.37851 8.39353 8.42195 7.68958 4.25170 4.57383 4.88366 5.64454 5.49268 5.45018 2.87148 2.39337 2.40322 2.40322 2.78852 2.78852 2.78852 2.56067 2.10904 4.57749 5.78200 5.51867 4.88144 4.75151 4.69848 4.64062 4.63847 4.64316 5.00884 5.04684 5.04684 5.04684 5.05101 5.06961 5.08939 5.10918 5.12359 5.12427 4.83342 4.16548 4.34988 4.34851 4.52940 4.68637 4.61556 4.52813 4.09415 3.71039 3.67728 3.66927 3.63957 3.61460 3.62379 3.71507 3.84790 3.98907 4.13801
7.68800 7.46027 8.29166 8.32324 8.32188 8.32053 8.32684 8.33825 8.27199 8.18069 8.10049 8.02353 7.93710 7.85534 4.98949 4.14524 4.42698 5.23895 5.37424 5.43853 4.43358 2.28781 2.40322 2.40322 2.70550 2.53443 2.39366 2.27626 1.78015 3.27541 5.03406 5.16159 4.86149 4.66430 4.66430 4.64344 4.63847 4.63847 4.84127 5.06879 5.08766 5.10746 5.12306 5.12427 5.12127 5.11174 5.12289 5.15295 5.14370 4.13341 4.25351 4.20442 4.19416 4.25901 4.29551 4.30810 4.20627 3.74186 3.72465 3.75460 3.80632 3.93208 4.22163 4.23832 4.23832 4.23832 4.23832
7.82743 7.28932 8.03497 8.13227 8.04086 7.95447 7.87936 7.81361 7.81545 7.83899 7.84453 7.84084 7.83002 7.83701 6.77602 4.16008 4.67942 5.33027 6.02123 6.09102 5.71040 1.92811 2.40322 2.40322 2.18584 2.18548 2.18548 2.18548 2.01422 2.10485 4.73450 5.16266 5.02472 4.67841 4.66634 4.67028 4.67402 4.68825 4.73228 5.10355 5.09263 5.10614 5.13589 5.16678 5.19011 5.13162 5.03464 4.92373 4.81832 4.03596 3.79646 3.86732 3.80314 3.98238 4.35194 4.33525 4.34491 4.04519 3.85310 3.85312 3.85312 3.86371 4.20338 4.23832 4.23832 4.21790 4.12609
7.84476 7.52177 7.45484 7.74198 7.75725 7.77097 7.76957 7.76642 7.82165 7.88860 7.95573 8.02643 8.10421 8.16436 8.12283 4.92005 4.79165 5.08691 6.02181 6.02181 5.86125 3.23210 2.40322 2.40322 2.18548 2.18548 2.18548 2.18548 2.18465 1.77230 3.70628 5.08775 5.01606 4.77076 4.69462 4.68587 4.67180 4.69435 4.72262 5.05351 5.19897 5.09724 4.98275 4.85086 4.72480 4.67918 4.64839 4.60936 4.53017 4.06851 3.39666 3.52972 3.55508 3.73181 4.29185 4.36920 4.36920 4.26718 3.86081 3.85312 3.85312 3.83255 3.93902 4.02403 3.92612 3.84864 3.84322
7.94544 7.80004 7.42743 7.78812 7.93037 8.00835 8.08633 8.15653 8.16832 8.16832 8.16832 8.16832 8.16832 8.16832 8.16832 6.64345 4.61617 4.87949 5.83505 6.02181 6.01183 4.39798 2.25082 2.40322 2.12975 2.09163 2.05671 2.02462 1.99500 1.82328 2.21902 4.73486 4.84275 4.78553 4.78189 4.81649 4.88426 4.96773 5.05106 5.04269 4.65045 4.61203 4.58192 4.56794 4.52527 4.48264 4.44253 4.41096 4.41871 4.32563 3.35822 3.52925 3.55948 3.64968 4.09528 4.36920 4.36920 4.33783 3.91204 3.72944 3.67409 3.63910 3.71755 4.09876 4.15095 4.19970 4.24901
8.15178 8.36801 7.67917 7.92165 8.16832 8.16832 8.16832 8.16832 8.16832 8.16832 8.16832 8.16832 8.16208 8.14577 8.12928 7.91170 4.59188 4.68998 5.24199 5.85470 5.81716 5.26255 2.28987 2.40785 1.95395 1.97690 2.20408 2.45028 2.65760 2.82979 2.63698 4.25013 4.91942 4.92473 5.02266 5.13212 5.12060 5.09071 5.09369 5.09143 4.64085 4.49303 4.45073 4.40215 4.39060 4.37685 4.36041 4.34396 4.34660 4.37900 3.64808 3.57809 3.72985 3.77030 3.97984 4.43751 4.35372 4.28155 4.13332 3.82946 3.82946 3.82946 3.82991 4.13063 4.26807 4.26566 4.34224
8.18791 8.45790 7.80029 7.74802 8.14598 8.13340 8.11458 8.09061 8.05572 8.02044 7.98515 7.94985 7.92082 7.90188 7.88307 7.87250 5.88681 4.40885 4.63819 5.56968 5.64351 5.39551 4.17890 3.42021 2.82033 2.94666 2.91867 2.89962 2.94867 3.00311 2.85702 3.52200 5.12859 5.11155 5.02782 5.08682 5.08818 5.09283 5.10020 5.12873 4.94429 4.34236 4.34181 4.36808 4.39660 4.42539 4.45445 4.48413 4.49327 4.45552 3.84704 3.17838 3.17240 3.05171 3.19390 3.76911 3.85805 3.90438 4.26439 3.89795 3.81017 3.82575 3.90451 4.12527 4.60128 4.70321 4.69667
8.34958 8.34884 7.82249 7.45494 7.79571 7.90076 7.88419 7.87287 7.87250 7.87250 7.87250 7.87250 7.87261 7.90553 7.97341 8.05423 7.65284 4.39471 4.65188 5.45310 5.79499 5.70854 4.79592 3.47934 2.87349 3.00628 3.26933 3.49105 3.62064 3.74360 3.84456 3.47267 4.85913 4.86909 4.64001 4.90677 5.09248 5.11262 5.16556 5.21512 5.18206 4.46403 4.31364 4.31364 4.31364 4.30284 4.21330 4.10817 4.00292 3.91276 3.71690 2.83612 2.95881 2.97699 3.05396 3.50998 3.79335 3.82974 4.31488 4.21248 4.02591 4.07453 4.05593 4.06544 4.51006 4.57607 4.49525
8.36476 8.31205 7.97268 7.39655 7.59522 7.88852 7.88912 7.88973 7.89033 7.91115 7.97757 8.06471 8.16495 8.17660 8.11861 8.05182 7.97196 5.63950 4.63920 5.10072 5.78482 5.78482 5.26439 3.86148 4.10946 4.07336 3.98149 3.92082 3.93589 3.95591 3.97615 3.75832 4.24383 5.02258 4.68977 4.84851 5.24834 5.23888 5.21662 5.21662 5.21662 4.77981 4.22186 4.11666 4.01145 3.91709 3.90138 3.90155 3.90610 3.94001 3.98822 3.12310 3.13329 3.30737 3.34861 3.40049 4.03202 4.05541 4.36483 4.47546 4.10726 4.10634 4.21008 4.32179 4.33211 4.14192 4.11752
8.34993 8.34481 8.19660 7.44272 7.44401 7.88005 7.96367 8.05392 8.15363 8.19650 8.14012 8.06633 7.98403 7.95431 7.95431 7.95909 8.02205 7.36384 5.01192 5.52376 6.87929 7.38309 7.40288 7.30341 3.74934 3.84619 3.95383 4.03911 4.04385 4.04385 4.04385 4.01201 3.67191 5.02990 4.72987 4.66734 5.23985 5.24217 5.11505 4.98101 4.84999 4.62998 3.97298 3.91901 3.95564 4.00606 4.05648 4.10921 4.21850 4.32816 4.42557 3.91317 3.52762 3.66253 3.70534 3.57549 3.86956 3.95846 4.18819 4.65557 4.68957 4.58289 4.58621 4.58621 4.51354 4.11343 4.11752
8.35290 8.36869 8.34791 7.80137 7.69496 8.13137 8.33969 8.33619 8.32809 8.35884 8.43985 8.58798 8.78561 8.98722 9.19329 9.39784 9.52779 9.55348 6.96251 6.50502 7.55844 8.44371 8.33002 8.67680 4.04385 4.04385 4.04385 4.04385 4.04385 4.04385 4.04385 4.04385 3.75130 4.56014 4.71306 4.48971 4.74714 4.79488 4.75304 4.78869 4.85114 4.90844 4.40710 4.17679 4.27717 4.37208 4.48870 4.64345 4.72583 4.77645 4.82287 4.54984 3.75009 3.85459 3.88996 3.85787 4.00614 4.23273 4.31303 4.75236 4.68740 4.36760 4.32607 4.28250 4.18938 3.82853 3.68839
