results/OMI_NO2_201006.asc
ncols      200
nrows      200
xllcorner       120.258
yllcorner       41.1236
cellsize     0.0166667
NODATA_Value      -999.000
[rows 145 to 173 of 175, columns 0 to 66 of 200]
9.23221 9.23221 9.23250 11.5303 12.1480 12.1480 12.1480 12.1017 11.8960 13.2378 13.9014 13.9014 13.9014 13.9014 13.9014 13.9014 13.9632 13.9477 13.8734 13.8152 13.8670 13.9347 14.0890 13.8454 3.93151 3.92558 3.90082 3.87470 3.84858 3.82245 3.79713 3.78653 3.82864 3.91727 3.94538 3.93537 3.87214 3.56845 3.30466 2.82936 2.80487 2.97492 3.15807 3.58480 3.58480 3.58480 3.58480 3.58480 3.58480 3.58480 3.58480 3.58480 3.58480 3.58480 3.58480 3.58480 3.58480 3.58480 3.58480 3.46344 2.94855 3.25995 3.97221 4.68211 4.92538 4.87485 4.79730
9.23221 9.23221 9.23221 10.2413 12.1480 12.1480 12.1480 12.1480 11.9411 12.5104 13.8937 13.8446 13.7490 13.6746 13.6008 13.5490 13.6234 13.8176 14.0701 14.2063 13.9127 13.5564 13.1714 12.4788 3.81120 3.79105 3.78731 3.77039 3.78610 3.76584 3.75867 3.75586 3.70913 3.63007 3.60433 3.60433 3.60433 3.54572 3.27385 2.99596 2.80487 2.88102 3.06858 3.49282 3.58480 3.58480 3.58480 3.58480 3.58480 3.58480 3.58480 3.58480 3.58480 3.58480 3.58480 3.58480 3.58480 3.58480 3.58480 3.58247 3.12145 3.22186 4.00797 4.34348 4.63208 4.60316 4.60125
9.23221 9.23221 9.23221 9.28374 11.8197 12.2581 12.5094 12.8965 12.9738 12.8458 13.3478 13.3398 13.5797 13.8328 14.0850 14.2811 14.0227 13.6666 13.3101 13.0539 13.0428 13.0428 13.0428 12.7100 3.78132 3.59373 3.58894 3.60676 3.59180 3.60433 3.60433 3.60433 3.60433 3.60433 3.60433 3.60433 3.60433 3.60433 3.35059 3.18750 2.80515 2.80939 3.04531 3.29182 3.58480 3.58480 3.58480 3.58480 3.58480 3.58480 3.58480 3.58480 3.58480 3.58480 3.58480 3.59176 3.61707 3.63056 3.67732 3.72204 3.80694 4.01763 4.19558 4.37925 4.57916 4.60125 4.60125
9.33928 9.69503 10.0771 10.4670 12.2884 14.2549 14.5068 14.6599 14.7920 14.0156 14.1661 14.3207 14.1328 13.7765 13.4203 13.0985 13.0428 13.0428 13.0428 13.0428 13.0428 13.0428 13.0428 12.9414 4.28140 3.69428 3.60433 3.60433 3.60433 3.60433 3.60433 3.60433 3.60433 3.60433 3.60433 3.60433 3.60433 3.60433 3.48598 3.27352 2.91091 2.80487 2.95579 3.12751 3.58383 3.58480 3.58480 3.58480 3.58480 3.58480 3.57322 3.48476 3.43806 3.46333 3.51015 3.54990 3.57139 3.60452 3.60452 3.54966 3.42313 3.41563 3.79342 4.36982 4.49236 4.60125 4.60125
10.7780 11.4775 11.5988 11.7575 12.2052 15.0489 15.4356 15.6513 15.5576 14.3527 13.6530 13.1771 13.0428 13.0428 13.0428 13.0428 13.0428 13.0428 13.0428 13.0428 13.0428 13.0428 13.0428 13.0428 4.31874 3.92098 3.60433 3.60433 3.60433 3.60433 3.60433 3.60433 3.60433 3.60433 3.60433 3.60433 3.60433 3.60433 3.59491 3.29999 3.10289 2.80487 2.86181 3.06765 3.44909 3.51548 3.39243 3.29516 3.26027 3.29627 3.35449 3.48967 3.58309 3.58979 3.44457 3.28407 3.13981 3.00944 2.89112 2.81419 2.81146 2.82060 3.22053 4.26465 4.40328 4.59922 4.60125
10.6795 12.2811 12.5350 12.7419 12.7744 14.2982 14.9608 14.6043 14.3686 13.9300 13.1988 13.0662 13.0428 13.0428 13.0428 13.0428 13.0428 13.0428 13.0428 13.0428 13.0428 13.0428 13.0428 13.0428 4.38967 4.19492 3.60783 3.60433 3.60433 3.60433 3.60433 3.60433 3.60433 3.60433 3.60433 3.60433 3.60433 3.60433 3.60433 3.43259 3.30326 2.92651 2.93288 2.77245 2.83636 3.19819 3.36805 3.51204 3.49871 3.34197 3.19203 3.05671 2.93404 2.83082 2.81145 2.81145 2.81145 2.81145 2.81145 2.81145 2.81145 2.81629 2.89708 4.09502 4.37503 4.53622 4.60125
11.1032 12.4373 12.9269 13.0320 13.1250 13.3164 14.3533 14.3630 14.3630 14.3042 13.2460 13.1229 13.0428 13.0428 13.0428 13.0428 13.0428 13.0428 13.0428 13.0428 13.0428 13.0428 13.0428 13.4043 4.48627 4.30037 3.74378 3.60433 3.60433 3.60433 3.60433 3.60433 3.60433 3.60433 3.62538 3.66700 3.70860 3.75018 3.78963 3.68824 3.55275 3.37082 3.41409 3.27173 3.11845 3.11064 2.97869 2.86304 2.81145 2.81145 2.81145 2.81145 2.81145 2.81145 2.81145 2.81145 2.81145 2.81145 2.81145 2.81145 2.81145 2.81277 2.82271 3.58729 4.33052 4.44506 4.60125
11.4097 12.0633 13.1391 13.1391 13.1391 13.1391 13.9910 14.3630 14.3630 14.3630 13.6083 13.1790 13.0435 13.0428 13.0428 13.0428 13.0428 13.0428 13.0428 13.4243 14.0851 14.6808 15.2725 15.4151 4.54748 4.33211 3.98167 3.60433 3.60849 3.64373 3.68536 3.72693 3.76853 3.81013 3.82689 3.72736 3.53790 3.28229 3.03001 2.86893 3.14648 3.32536 3.58162 3.51283 3.10092 2.89269 2.81145 2.81145 2.81145 2.81145 2.81145 2.81145 2.81145 2.81145 2.81145 2.81145 2.81145 2.81145 2.81145 2.81145 2.81145 2.81145 2.81988 3.16256 4.18976 4.37833 4.57691
11.2197 11.5205 12.9894 13.1391 13.1391 13.1391 13.4513 14.3630 14.3630 14.3630 14.0295 13.1991 13.0803 13.0357 12.9964 13.3126 13.9067 14.5028 15.0921 15.2089 15.0114 14.8798 14.7633 14.7807 4.54748 4.47533 4.43087 3.80589 3.82430 3.83066 3.82467 3.71945 3.52655 3.27207 3.02186 2.86688 2.80225 2.80350 2.80350 2.80350 2.95396 3.28641 3.50225 3.58366 3.20278 2.99537 2.81145 2.81145 2.81145 2.81145 2.81145 2.81145 2.81145 2.81145 2.81145 2.81145 2.81145 2.81145 2.81145 2.81145 2.81145 2.81145 2.81557 2.84032 3.86233 4.03198 4.30710
10.9342 11.4798 12.3385 13.1391 13.1391 13.1391 13.1406 14.1339 14.3972 14.4798 14.5737 13.7792 14.1252 14.3317 14.9573 15.1346 15.0031 14.8716 14.7484 14.7607 14.8277 14.9032 14.9711 14.9773 4.54748 4.55582 4.59012 3.91534 3.51637 3.26228 3.01387 2.86482 2.80355 2.80350 2.80350 2.80350 2.80350 2.80350 2.80350 2.80350 2.81025 3.23239 3.38066 3.58366 3.37543 3.08627 2.82332 2.81145 2.81145 2.81145 2.81145 2.81145 2.81145 2.81145 2.81145 2.81145 2.81145 2.81145 2.81007 2.78390 2.72854 2.65404 2.57493 2.46310 3.00377 3.59190 3.84129
10.7932 11.3355 11.6716 13.1695 13.2815 13.3847 13.5062 14.5892 16.1753 16.9464 17.6771 16.8370 15.8709 14.8905 14.7397 14.7414 14.8060 14.8787 14.9567 14.9773 14.9773 14.9773 14.9773 14.9773 3.87419 3.35899 3.35961 3.12697 2.80350 2.80350 2.80350 2.80350 2.80350 2.80350 2.80350 2.80350 2.80350 2.80350 2.80350 2.80350 2.80350 3.04148 3.29101 3.55163 3.54063 3.10764 2.91210 2.81145 2.81145 2.81145 2.81145 2.81145 2.81145 2.81142 2.80501 2.77056 2.70823 2.63381 2.56060 2.51230 2.49316 2.49316 2.49424 2.46023 2.68682 3.49393 3.67081
11.0657 11.4259 11.9694 13.6270 15.0182 15.7684 16.4859 16.6334 17.5781 17.5618 17.4411 17.1075 15.7869 15.1998 14.9344 14.9773 14.9773 14.9773 14.9773 14.9773 14.9773 14.9773 14.9773 14.9773 2.45767 2.45767 2.81489 3.19766 2.82775 2.80350 2.80350 2.80350 2.80350 2.80350 2.80350 2.80350 2.80350 2.80350 2.80350 2.80350 2.80350 2.85245 3.27771 3.43458 3.58366 3.23730 3.01483 2.81145 2.81039 2.80655 2.79459 2.75534 2.68792 2.61346 2.54535 2.50532 2.49320 2.49889 2.50865 2.51842 2.52818 2.53795 2.54664 2.53268 2.51949 3.34540 3.63841
11.9633 12.3563 13.3087 14.2164 16.4614 16.3299 16.2126 16.2033 16.9362 17.8472 18.1171 18.3447 16.5055 15.7790 14.9773 14.9773 14.9773 14.9773 14.9773 14.9773 14.9773 14.9773 14.9773 14.9773 2.45767 2.45767 2.51628 3.19002 2.94532 2.80350 2.80350 2.80350 2.80350 2.80350 2.80350 2.80350 2.80350 2.80350 2.80350 2.80350 2.80350 2.80350 3.12778 3.28883 3.51165 3.33398 3.06597 2.76177 2.66867 2.59803 2.53536 2.50262 2.50489 2.51466 2.52443 2.53419 2.54393 2.54801 2.54801 2.54801 2.54801 2.54801 2.54801 2.54556 2.50281 2.98121 3.91665
13.3409 13.6187 13.3555 12.9608 15.7712 16.4072 16.5548 16.6931 16.8356 18.2954 18.3604 18.3604 17.3045 16.1186 15.0597 14.9773 14.9773 14.9773 14.9773 14.9773 14.9773 14.9773 14.9773 14.9773 2.45767 2.45767 2.45767 3.01420 3.09724 2.80350 2.80350 2.80350 2.80350 2.80350 2.80350 2.80350 2.80350 2.79387 2.75728 2.71913 2.68099 2.64290 2.76344 3.05290 3.21173 3.15739 2.84017 2.63895 2.52067 2.53044 2.54021 2.54758 2.54801 2.54801 2.54801 2.54801 2.54801 2.54801 2.54801 2.54801 2.54801 2.54801 2.68745 3.17247 3.78851 4.64843 5.97155
13.9086 14.0401 14.0607 13.4008 14.9044 16.7235 16.7235 16.7235 16.7235 17.6380 18.3604 18.3604 18.0920 16.1613 15.4520 14.9773 14.9773 14.9773 14.9773 14.9773 14.9773 14.9773 15.3037 16.1714 2.45767 2.45767 2.45767 2.74763 3.20764 2.84794 2.80350 2.80298 2.77823 2.74006 2.70189 2.66376 2.62560 2.59745 2.64165 2.75180 2.93939 3.14066 3.30105 3.42078 3.36342 3.16131 2.97208 2.79477 2.54801 2.54801 2.54801 2.54801 2.54801 2.54801 2.54801 2.54801 2.54801 2.54801 2.62549 3.08401 3.54341 3.95197 4.22883 4.24337 4.35828 4.64447 5.79730
14.4012 14.4174 14.4174 13.7472 13.6882 16.5944 16.7235 16.7235 16.7235 16.9619 18.3555 18.3604 18.3604 16.6935 15.8740 14.9773 14.9781 14.9901 15.5920 16.8489 18.2369 19.7741 20.8963 21.2575 2.45767 2.45767 2.45767 2.47821 3.07203 2.84106 2.64652 2.60887 2.59550 2.59649 2.64644 2.77189 2.97253 3.17392 3.33017 3.42189 3.43620 3.43687 3.43687 3.44915 3.46232 3.20766 3.07776 2.86658 2.58988 2.54801 2.54801 2.54801 2.54801 2.54801 2.55718 2.70939 3.23478 3.88059 4.20408 4.24337 4.24337 4.24337 4.24337 4.24337 4.25617 4.60970 5.30850
14.4174 14.4174 14.4174 14.1386 13.4755 15.4619 16.7235 16.7235 16.7235 16.7235 17.8497 18.3181 18.1451 17.2204 16.5504 17.5111 19.2068 20.9162 21.5932 21.2942 20.9943 20.6982 20.5912 20.5912 2.45767 2.45767 2.45767 2.45767 2.77545 2.87288 2.66860 2.80480 3.00629 3.20701 3.35924 3.43544 3.43687 3.43687 3.43687 3.43687 3.43687 3.43687 3.43687 3.43894 3.46317 3.32755 3.15980 2.89139 2.70247 2.54801 2.54801 2.64931 2.83791 3.00479 3.14742 3.18218 3.41774 4.24337 4.24337 4.24337 4.24337 4.24365 4.26194 4.30326 4.33204 4.53460 4.84385
14.4174 14.4174 14.4174 14.4085 13.5970 14.1170 16.6580 16.5099 16.3466 16.1854 16.7750 18.5502 19.2898 19.9762 19.0868 19.9107 20.9763 20.6837 20.5912 20.5912 20.5912 20.5912 20.5912 20.5912 2.45767 2.46375 2.57744 2.83128 3.26930 3.67437 3.45450 3.43633 3.43687 3.43687 3.43687 3.43687 3.43687 3.43687 3.43687 3.43687 3.43687 3.43687 3.43687 3.43687 3.45426 3.44048 3.17425 3.03359 3.03111 2.95607 3.10981 3.18218 3.18218 3.18218 3.18218 3.18218 3.18213 4.03796 4.31894 4.36555 4.39387 4.42194 4.43190 4.41890 4.41839 4.45751 4.58070
14.4139 14.3143 14.1611 13.9969 13.3949 12.7380 15.6562 16.8854 17.5020 18.1081 18.2302 19.6482 19.7816 19.5655 18.7025 18.5902 20.5888 20.5912 20.5912 20.5912 20.5912 20.5912 20.5912 20.5912 3.22516 3.59145 3.84991 3.96852 3.96862 3.94197 3.69134 3.43687 3.43687 3.43687 3.43687 3.43687 3.43687 3.43687 3.43687 3.43687 3.43687 3.43687 3.43687 3.44777 3.57068 3.71814 3.67096 3.61567 3.43798 3.23199 3.18218 3.18642 3.22009 3.26315 3.32598 3.36618 3.39450 3.79209 4.43667 4.41839 4.41953 4.42318 4.42692 4.43066 4.43441 4.44069 4.58595
13.6283 13.5676 14.2538 15.4719 16.6125 16.9653 17.5999 18.0297 17.8498 17.6800 17.6569 18.6039 19.5063 19.5063 19.1312 18.3124 20.0119 20.5912 20.5912 20.5912 20.5912 20.5912 20.5912 20.5912 3.96870 3.96870 3.96870 3.96870 3.96870 3.95090 3.88565 3.44402 3.43687 3.43687 3.43687 3.43687 3.43687 3.43687 3.43687 3.43727 3.52189 3.65628 3.77509 3.87393 3.89326 3.91125 3.84579 3.63676 3.53789 3.47093 3.39277 3.42373 3.41839 3.40365 3.36939 3.36051 3.36425 3.39505 4.33499 4.43666 4.43925 4.43934 4.43934 4.43934 4.43934 4.43934 4.52652
16.6095 17.8188 18.2982 18.2477 18.1972 17.2272 16.7010 17.7639 18.4029 18.9776 19.5359 19.6940 19.5221 19.5063 19.4761 18.3958 19.1517 20.5912 20.5912 20.5912 20.5912 20.5912 20.5912 20.5912 3.96870 3.96870 3.96870 3.96870 3.96870 3.96280 3.93900 3.55733 3.43687 3.43687 3.43687 3.43687 3.48134 3.61705 3.74028 3.84972 3.89060 3.86888 3.84346 3.81805 3.79262 3.77729 3.80781 3.60214 3.61435 3.62068 3.37118 3.36651 3.37024 3.37398 3.37745 3.37815 3.37815 3.37815 3.91257 4.43934 4.43934 4.43934 4.43934 4.43934 4.43934 4.46536 4.64685
18.2004 18.1529 18.1419 18.1906 18.6662 18.9123 18.3428 19.2486 19.7009 19.7009 19.7009 19.7009 19.6063 19.5063 19.5063 18.7942 18.4746 20.5480 20.5912 20.5912 20.5912 20.5912 20.5912 20.5912 3.96870 3.96870 3.96870 3.96870 3.96870 3.96870 3.94366 3.73187 3.45318 3.57629 3.70426 3.80709 3.85491 3.83221 3.80680 3.78137 3.75863 3.74489 3.71356 3.64696 3.56617 3.50495 3.65511 3.55563 3.43813 3.53069 3.41780 3.37815 3.37815 3.37815 3.37815 3.37815 3.37815 3.37815 3.48089 4.41482 4.43934 4.45138 4.57686 4.73017 4.88342 5.01065 5.02569
18.4275 19.0023 19.5772 20.1033 20.2026 20.2022 19.0085 18.8613 19.6937 19.7009 19.7009 19.7009 19.6818 19.5098 19.5063 19.2236 18.3124 19.8113 20.5912 20.5924 20.9978 21.4173 21.1814 20.8940 3.96870 3.96870 3.96870 3.96870 3.96870 4.09526 4.21427 4.19684 3.82597 3.79554 3.77012 3.75504 3.75492 3.74359 3.70437 3.62314 3.53973 3.46634 3.41432 3.39740 3.39485 3.39485 3.53351 3.60953 3.41875 3.50803 3.47171 3.37815 3.37815 3.37815 3.37815 3.37815 3.37815 3.37651 3.29119 4.16249 4.85500 4.99621 5.02404 5.02404 5.02404 5.02404 5.02404
20.2026 20.2026 20.2026 20.2026 20.2026 20.2026 19.6155 18.7296 19.4223 19.7009 19.7009 19.7009 19.7009 19.5807 19.4658 19.1116 18.9941 20.2747 22.5249 22.3205 21.4126 20.2456 19.7899 19.3485 3.96870 3.96870 3.96870 3.96870 3.96870 4.30972 4.51605 4.21591 3.90121 3.72973 3.67893 3.59676 3.51337 3.44125 3.39707 3.39485 3.39485 3.39485 3.39485 3.39485 3.39485 3.39485 3.44104 3.62233 3.49219 3.46520 3.52119 3.38253 3.37815 3.37815 3.33077 3.19268 3.03597 2.86092 2.79297 3.36550 5.02404 5.02404 5.02404 5.02404 5.02404 5.01447 5.03325
20.2026 20.2026 20.2026 20.2026 20.2026 20.2026 20.1362 18.8159 19.0200 19.6164 19.2961 18.9248 18.5459 17.7657 16.0847 15.2344 15.8779 16.9601 19.5558 19.3209 18.8800 18.6833 18.6833 18.6833 3.96870 3.96870 3.96870 3.90599 3.59881 3.36558 3.71908 3.41778 3.29212 3.42874 3.39609 3.39485 3.39485 3.39485 3.39485 3.39485 3.39485 3.39485 3.39485 3.39485 3.39485 3.39485 3.39485 3.57602 3.57821 3.42329 3.51174 3.28882 3.08589 2.91514 2.79502 2.79297 2.79297 2.79297 2.79297 2.79297 4.62490 4.98790 5.02528 5.18258 5.34104 5.50917 5.64912
20.2026 20.2026 20.2026 20.2026 20.0415 19.7006 19.3238 18.0996 17.1027 17.3113 16.8199 16.2327 15.6479 15.2263 14.0224 13.4718 13.5910 15.8374 17.3919 18.6833 18.6833 18.6833 18.6833 18.6833 3.25288 2.98896 2.71657 2.45974 2.33256 2.24163 2.78935 3.08165 3.09879 3.36427 3.39485 3.39485 3.39485 3.39485 3.39485 3.39485 3.39485 3.39485 3.39485 3.39485 3.39485 3.39485 3.39108 3.38959 3.40364 3.05624 2.96458 2.92151 2.79297 2.79297 2.79265 2.77487 2.74535 2.69957 2.79312 2.99132 4.08045 5.53631 5.65759 5.66097 5.67717 5.69594 5.71470
19.6001 19.2215 18.8427 18.4638 18.2463 17.7083 16.5509 14.9828 12.0226 13.2481 15.0387 14.8623 14.6885 14.6254 14.0049 13.1663 13.1663 15.1741 16.4358 18.6833 18.6833 18.6833 18.6833 18.6833 2.36537 2.23656 2.19078 2.19040 2.19040 2.19040 2.38824 3.07229 3.09458 3.26002 3.39485 3.39485 3.39485 3.39485 3.39485 3.39485 3.39485 3.39485 3.39485 3.33805 3.19846 3.04131 2.86885 2.82599 3.08125 2.99041 2.86852 2.91488 2.70978 2.65951 2.79364 3.00993 3.23784 3.48195 3.60077 3.62422 3.71117 5.57094 5.74536 5.76200 5.76458 5.76458 5.76458
18.3928 17.7665 16.6228 15.3395 13.8981 12.9005 12.6473 12.3558 10.7188 10.7734 14.4488 14.1965 13.7963 13.3472 13.1663 13.1663 13.1663 14.1626 15.8685 18.3186 18.6833 18.6833 18.6833 18.6833 2.35011 2.19040 2.19040 2.19040 2.19040 2.19040 2.19040 2.88885 3.08811 3.15258 3.39485 3.39485 3.39485 3.39485 3.39485 3.36934 3.24288 3.09138 2.92006 2.81394 2.80187 2.78269 2.76151 2.73799 2.90233 3.02437 2.96985 3.24620 3.36649 3.55120 3.63908 3.66253 3.68601 3.70933 3.71864 3.71864 3.71864 4.86254 5.76458 5.76458 5.76458 5.76458 5.76458
14.4787 12.9187 12.6614 12.3724 12.0434 11.9260 11.8847 11.2187 9.62702 7.83449 11.3908 13.1663 13.1663 13.1663 13.1663 13.1663 13.1663 13.3634 15.7934 17.1665 18.6833 18.6833 18.6833 18.6833 2.44774 2.21287 2.19040 2.19040 2.19040 2.19040 2.19040 2.51554 3.07973 3.09562 3.34423 3.38809 3.28575 3.13961 2.97290 2.80742 2.77342 2.75125 2.72653 2.69935 2.62322 2.42743 2.22720 1.95178 2.19862 4.18390 4.67326 4.52839 4.26040 3.71864 3.71864 3.71864 3.71864 3.71864 3.71864 3.71864 3.71864 3.96230 5.72742 5.76458 5.75300 5.52514 5.21526
