results/OMI_NO2_201009.asc
ncols      200
nrows      200
xllcorner       120.258
yllcorner       41.1236
cellsize     0.0166667
NODATA_Value      -999.000
[rows 116 to 144 of 164, columns 66 to 131 of 200]
2.42593 2.54907 2.69019 2.84544 2.89458 2.89458 2.89458 2.89458 2.89458 2.89458 2.89458 3.40564 4.02576 4.02547 4.33016 4.44607 4.37421 4.29657 4.57585 4.64379 4.63722 4.57558 4.42080 4.21963 3.93517 3.65981 3.50734 3.39554 3.32111 3.28374 3.23851 3.19329 3.15837 3.15599 3.15599 3.17857 3.70930 3.41261 3.33036 3.33036 3.33036 3.33036 3.33076 3.33658 3.34410 3.35162 3.35760 3.35809 3.00823 2.55804 2.55779 2.55779 2.55779 2.55731 2.54361 2.52390 2.50939 2.60203 2.70847 2.85615 3.00397 3.04940 2.92363 2.92363 2.92363 2.92363
2.89185 2.89458 2.89458 2.89458 2.89458 2.89458 2.89458 2.89458 2.89458 2.89458 2.88687 2.93608 3.91587 3.93049 4.00969 4.45354 4.29910 4.20395 4.12156 4.11778 3.82361 3.58438 3.43862 3.33884 3.32274 3.29790 3.25265 3.20740 3.16516 3.15599 3.15599 3.15599 3.15599 3.15599 3.15599 3.15599 3.50617 3.58975 3.33036 3.33422 3.34174 3.34927 3.35638 3.35809 3.35809 3.35809 3.35809 3.35809 3.25893 2.65617 2.53979 2.51965 2.45441 2.35966 2.31999 2.33804 2.36082 2.96014 3.17056 3.17056 3.17056 3.16182 2.94064 2.92363 2.92363 2.92363
2.89458 2.89458 2.89458 2.89458 2.89458 2.89458 2.89324 2.87081 2.84118 2.81147 2.78951 2.80748 3.65971 4.34662 4.46373 4.04123 3.26493 2.92974 2.86077 3.28820 3.32279 3.31048 3.26683 3.22158 3.17639 3.15599 3.15599 3.15599 3.15599 3.15599 3.15599 3.15599 3.15599 3.15599 3.15599 3.15747 3.28213 3.74460 3.38333 3.35809 3.35809 3.35809 3.35809 3.35809 3.35809 3.35444 3.33623 3.28820 3.19301 2.65184 2.24717 2.26279 2.32651 2.42017 2.47202 2.47216 2.47216 2.72750 3.17056 3.17056 3.17056 3.17056 3.03215 2.92363 2.92495 2.94424
2.89458 2.89458 2.89458 2.88306 2.85360 2.82392 2.79559 2.85654 2.99862 3.16781 3.49846 3.89369 4.23060 4.37568 4.35747 4.03343 3.07237 2.69630 2.72086 3.02205 3.19048 3.15754 3.15599 3.15599 3.15599 3.15599 3.15599 3.15599 3.15599 3.15599 3.15599 3.15643 3.16132 3.16733 3.17334 3.17789 3.17817 3.65814 3.54091 3.35809 3.35809 3.35174 3.31764 3.22779 3.13252 3.04092 2.96022 2.88324 2.84787 2.80797 2.52238 2.47216 2.47216 2.47216 2.47216 2.47216 2.47216 2.49981 3.13096 3.17056 3.17079 3.18640 3.17239 2.98996 3.01279 3.01840
2.86605 2.83637 2.82264 2.92208 3.07250 3.25235 3.59983 3.91898 4.12961 4.33001 4.38303 4.38303 4.38303 4.36501 4.30146 4.16150 3.38461 2.74201 2.74414 2.76972 3.14348 3.15599 3.15599 3.15599 3.15599 3.15599 3.15599 3.15600 3.15942 3.16544 3.17145 3.17703 3.17817 3.17817 3.17817 3.17817 3.17817 3.36396 3.42797 3.16497 3.07147 2.98258 2.92097 2.89332 2.85859 2.82386 2.79285 2.78785 2.78785 2.79072 2.69259 2.47216 2.47216 2.47216 2.47216 2.47216 2.47216 2.48326 2.92743 3.23139 3.25605 3.26533 3.26533 3.08043 3.01840 3.01840
3.15064 3.34889 3.67908 3.91904 4.12947 4.32943 4.38303 4.38303 4.38303 4.38303 4.36433 4.25651 4.15331 4.05883 4.00473 4.00465 3.66815 2.88956 2.74414 2.74086 2.98816 3.15599 3.15599 3.15599 3.15771 3.16355 3.16956 3.17557 3.17817 3.17817 3.17817 3.17817 3.17817 3.09152 2.91385 2.73611 2.52915 2.38119 2.74732 2.83717 2.86928 2.83455 2.80024 2.78785 2.78785 2.78785 2.78785 2.78785 2.78785 2.78785 2.81270 2.49297 2.47216 2.47921 2.50333 2.52821 2.55310 2.56690 2.71919 3.26533 3.26533 3.26533 3.26533 3.18066 3.01840 3.03809
4.12924 4.32201 4.38303 4.38303 4.38303 4.38303 4.38226 4.30580 4.19509 4.10101 4.03075 4.02238 4.02238 4.02200 4.00639 4.00465 3.88893 3.17297 2.74414 2.74414 2.81073 3.16124 3.16768 3.17369 3.17799 3.17817 3.17817 3.17817 3.17125 3.06158 2.88406 2.69631 2.46069 2.29458 2.21701 2.12638 2.05028 2.01556 2.36657 2.62494 2.78785 2.78785 2.78785 2.78785 2.78785 2.78785 2.78785 2.78785 2.78785 2.77375 2.68381 2.56770 2.54833 2.56618 2.56694 2.56694 2.56694 2.56694 2.56757 3.14968 3.26533 3.25736 3.23611 3.20877 3.34240 3.41950
4.38303 4.38303 4.38303 4.35239 4.23984 4.13920 4.05343 4.02238 4.02238 4.02238 4.02238 4.02238 4.02238 4.02238 4.01348 4.00465 4.00465 3.56965 2.91438 2.97738 3.05597 3.14271 3.17817 3.17722 3.15108 3.03166 2.85271 2.63717 2.39588 2.24749 2.16500 2.09180 2.06099 2.02625 1.99151 1.96183 1.95815 1.95815 2.11402 2.55545 2.76001 2.78785 2.78785 2.78785 2.78785 2.78584 2.70961 2.59618 2.48276 2.38342 2.36923 2.44533 2.56614 2.56694 2.56694 2.56694 2.56690 2.55500 2.53354 2.82814 3.17720 3.13259 3.09016 3.04794 3.15551 3.27316
4.28790 4.17996 4.08799 4.02621 4.02238 4.02238 4.02238 4.02238 4.02238 4.02238 4.02238 4.02238 4.02238 4.04239 4.14694 4.24756 4.36342 4.14338 3.34899 3.06393 3.02653 2.91562 2.80708 2.57216 2.34185 2.19748 2.11254 2.08637 2.07158 2.03696 2.00223 1.96842 1.95815 1.95815 1.95815 1.95815 1.95815 1.95815 1.96184 2.47516 2.66587 2.78785 2.74395 2.63129 2.51785 2.40645 2.36923 2.36923 2.36923 2.36923 2.36923 2.38866 2.53595 2.55081 2.52937 2.51498 2.51148 2.51265 2.50858 2.55065 2.99424 2.99271 2.99271 2.99271 3.02996 3.27106
4.02238 4.02238 4.02238 4.02238 4.02238 4.02238 4.02238 4.02238 4.02238 4.02396 4.09971 4.21597 4.33220 4.42845 4.42258 4.22601 4.00577 3.67956 3.13180 2.40442 2.17200 2.01172 2.05984 2.08637 2.07981 2.04766 2.01292 1.97818 1.95825 1.95815 1.95815 1.95815 1.95815 1.95815 1.95815 1.95815 1.95815 1.95815 1.93969 2.12764 2.33942 2.43423 2.37003 2.36923 2.36923 2.36923 2.36923 2.36923 2.36709 2.34894 2.33142 2.32699 2.42498 2.52982 2.52703 2.51553 2.49311 2.47797 2.47756 2.47756 2.83342 2.99271 2.99271 2.99271 2.99271 3.19448
4.02238 4.02238 4.02238 4.02238 4.02238 4.02238 4.05458 4.16697 4.28324 4.39784 4.35392 4.13288 3.93076 3.68691 3.39607 3.14577 2.56420 2.39863 2.43066 2.05798 1.95500 1.85068 1.89219 1.98890 1.96073 1.95815 1.95815 1.95815 1.95815 1.95815 1.95815 1.95815 1.95815 1.95815 1.95426 1.87183 1.75834 1.64498 1.54995 1.60694 2.12775 2.28861 2.36923 2.36923 2.36483 2.34647 2.34024 2.33685 2.33559 2.35899 2.49689 2.65765 2.68393 2.46166 2.47756 2.47756 2.47756 2.47756 2.47756 2.47756 2.63756 2.99271 2.99271 2.99271 2.98303 3.05159
4.02238 4.02238 4.02841 4.11801 4.23419 4.33864 4.24325 4.03368 3.83051 3.54321 3.30514 3.16693 3.03059 2.95207 2.95160 2.95102 2.48233 2.33842 2.24415 1.97325 1.48747 1.44834 1.60384 1.94453 1.95815 1.95815 1.95815 1.95815 1.95815 1.95815 1.95815 1.90679 1.79351 1.68002 1.57051 1.53953 1.53953 1.53953 1.53953 1.53953 1.94719 2.13450 2.35009 2.34670 2.34772 2.36269 2.44840 2.60824 2.76797 2.91915 2.95517 2.95517 2.94724 2.48709 2.47756 2.47756 2.47756 2.47756 2.47756 2.47756 2.48099 2.92170 2.94807 2.92873 2.91908 2.92329
4.18528 4.22805 4.11727 3.93917 3.70453 3.41267 3.24114 3.10490 2.97829 2.95160 2.95160 2.95160 2.95160 2.94202 2.84746 2.73302 2.38865 1.97069 1.96917 2.00073 1.46717 1.44834 1.46548 1.85652 1.95815 1.95815 1.95815 1.93479 1.82855 1.71514 1.60169 1.53966 1.53953 1.53953 1.53953 1.53953 1.56637 1.64035 1.71502 1.78999 1.90209 1.97307 2.33955 2.55866 2.71844 2.87827 2.95517 2.95517 2.95517 2.95517 2.95517 2.95517 2.95517 2.69521 2.46963 2.47756 2.47389 2.45598 2.43664 2.41730 2.40428 2.68729 2.91908 2.91908 2.91908 2.91908
3.56103 3.31837 3.17917 3.04281 2.95469 2.95160 2.95160 2.95160 2.95160 2.95160 2.89611 2.78163 2.66722 2.56235 2.54242 2.54242 2.51720 2.00430 1.96914 2.00672 1.68418 1.44834 1.44834 1.64957 1.86230 1.75022 1.63682 1.54677 1.53953 1.53953 1.53953 1.55385 1.64580 1.72114 1.79591 1.87059 1.91876 1.91956 1.93230 2.06314 2.22425 2.43118 2.72114 2.95517 2.95517 2.95517 2.95517 2.95517 2.95517 2.95517 2.95517 2.95517 2.95664 2.93667 2.45893 2.42102 2.40535 2.40393 2.40393 2.40393 2.40393 2.49163 2.91882 2.91908 2.93396 2.99289
2.95346 2.95160 2.95160 2.95160 2.95160 2.95160 2.93368 2.83032 2.71583 2.60143 2.54242 2.54242 2.54242 2.54242 2.54242 2.54242 2.54242 2.21898 1.96914 1.97511 1.89596 1.37456 1.32169 1.31225 1.56021 1.53953 1.53991 1.61790 1.72694 1.80196 1.87672 1.93716 1.91994 1.91956 1.92015 2.01367 2.17339 2.33324 2.48029 2.50918 2.50918 2.53861 2.58423 2.93713 2.95517 2.95517 2.95517 2.95517 2.95520 2.96735 2.98935 3.01135 3.03191 3.03633 2.69290 2.40501 2.40393 2.40393 2.40393 2.40393 2.42792 2.48931 2.95777 3.07932 2.99212 2.83317
2.95160 2.95160 2.95053 2.87897 2.76448 2.65004 2.55351 2.54242 2.54242 2.54242 2.54242 2.54242 2.54242 2.54242 2.54242 2.54242 2.53770 2.41498 1.88846 1.84342 1.87074 1.35908 1.29198 1.42160 1.74461 1.88289 1.95718 1.95398 1.91966 1.91956 1.91956 1.96803 2.12393 2.28365 2.44285 2.50918 2.50918 2.50918 2.50918 2.50918 2.50918 2.51828 2.56191 2.79755 2.95517 2.96123 2.98250 3.00450 3.02648 3.03633 3.03633 3.03633 3.03633 3.03633 2.94735 2.42624 2.43905 2.50090 2.55769 2.59994 2.60716 2.54509 2.51487 2.45728 2.42920 2.42884
2.81317 2.69865 2.58530 2.54242 2.54242 2.54242 2.54242 2.54242 2.54242 2.54242 2.54242 2.54242 2.54238 2.51917 2.47689 2.43460 2.39702 2.39336 2.04344 1.98383 2.08471 1.99700 1.72532 1.67051 1.71339 1.93827 1.91956 1.93714 2.07440 2.23418 2.39397 2.50523 2.50918 2.50918 2.50918 2.50918 2.50918 2.50918 2.50918 2.50918 2.50918 2.51122 2.57114 2.67822 3.01950 3.03559 3.03633 3.03633 3.03633 3.03633 3.03633 3.03835 3.08302 3.14264 3.18683 2.80436 2.59687 2.53806 2.47825 2.43295 2.39870 2.39635 2.39845 2.42775 2.42884 2.42884
2.54242 2.54242 2.54242 2.54242 2.54242 2.54242 2.54242 2.54242 2.54242 2.53412 2.49479 2.45249 2.41024 2.41382 2.50580 2.60258 2.63037 2.58520 2.35298 2.03804 2.00532 2.08996 1.64765 1.63894 1.60748 2.05073 2.34444 2.48672 2.50918 2.50918 2.50918 2.50918 2.50918 2.50918 2.50918 2.50918 2.50918 2.50934 2.52282 2.54481 2.56681 2.58678 2.61148 2.64309 2.94809 3.03633 3.03633 3.04236 3.09406 3.14144 3.18271 3.22198 3.21752 3.16215 3.10427 2.89569 2.41423 2.39635 2.39635 2.39635 2.39635 2.39635 2.39635 2.41752 2.42884 2.42884
2.62407 2.54242 2.54242 2.54242 2.54242 2.54155 2.51267 2.47039 2.42922 2.45740 2.55127 2.64783 2.67979 2.61417 2.47874 2.33856 2.26751 2.26707 2.26395 2.03385 1.99171 2.02626 1.71316 1.47447 1.45420 1.82053 2.52045 2.50918 2.50918 2.50918 2.50918 2.50918 2.50918 2.50918 2.51637 2.53796 2.55996 2.58182 2.59034 2.59034 2.59034 2.59034 2.59329 2.64817 2.82862 3.13723 3.17854 3.21376 3.20339 3.17586 3.12131 3.06640 3.01252 2.99469 2.99469 2.99243 2.51948 2.39635 2.39635 2.39635 2.39635 2.39635 2.39635 2.40934 2.44977 2.46743
3.13614 2.54242 2.52955 2.48827 2.46476 2.51334 2.59670 2.69093 2.72724 2.62273 2.48250 2.34265 2.26727 2.26707 2.26707 2.26707 2.26556 2.23519 2.19380 2.02718 1.85550 1.86877 1.86026 1.45420 1.45420 1.46822 2.40623 2.50918 2.50918 2.50918 2.51189 2.53112 2.55312 2.57512 2.58993 2.59034 2.59034 2.59034 2.59034 2.59399 2.60992 2.62677 2.64366 2.69645 2.72961 3.15072 3.13835 3.08344 3.02852 2.99505 2.99469 2.99469 2.99469 2.99469 2.99469 2.99469 2.77145 2.40212 2.39635 2.39848 2.41385 2.43152 2.44918 2.46298 2.49224 2.49606
3.73843 2.57588 2.64308 2.73166 2.75731 2.62649 2.48640 2.34888 2.26813 2.26707 2.26707 2.26707 2.26707 2.25220 2.21128 2.16987 2.13002 2.11900 2.11900 2.09710 1.86126 1.85356 1.95428 1.52059 1.45420 1.45420 1.94843 2.52898 2.54627 2.56827 2.58755 2.59034 2.59034 2.59034 2.58947 2.58179 2.59689 2.61374 2.63065 2.64381 2.64482 2.64294 2.60290 2.56517 2.56323 2.77867 2.99469 2.99469 2.99469 2.99469 2.99469 2.99469 2.99469 2.99469 2.99469 2.99311 2.93175 2.42243 2.44575 2.46129 2.46357 2.46357 2.46357 2.46357 2.48018 2.49606
4.24460 2.94128 2.49043 2.35738 2.26960 2.26707 2.26707 2.26707 2.26707 2.26332 2.22876 2.18736 2.14599 2.11947 2.11900 2.11900 2.11900 2.11900 2.11900 2.11900 1.95042 1.85356 1.90048 1.75137 1.46779 1.47862 1.55124 2.54090 2.59034 2.59034 2.58058 2.56815 2.58388 2.60075 2.61848 2.64304 2.64482 2.64482 2.61990 2.56502 2.51011 2.45708 2.44219 2.44244 2.50231 2.57884 2.99145 2.99469 2.99469 2.99469 2.99469 2.99469 2.97102 2.91720 2.86319 2.81079 2.79534 2.51882 2.45644 2.46357 2.46357 2.46357 2.46357 2.46373 2.46869 2.49719
3.78998 3.17896 2.26707 2.26707 2.26707 2.26707 2.24624 2.20486 2.16346 2.12580 2.11900 2.11900 2.11900 2.11900 2.11900 2.11900 2.11900 2.11900 2.11900 2.11949 2.06875 1.86946 1.88027 1.96140 1.49628 1.48979 1.46789 2.08124 2.57154 2.58778 2.61437 2.64370 2.64482 2.64482 2.63349 2.58207 2.52715 2.47222 2.44225 2.44219 2.44219 2.44219 2.44219 2.44219 2.47557 2.51235 2.85992 2.99469 2.98400 2.93372 2.87974 2.82578 2.79546 2.79534 2.79534 2.79534 2.79534 2.73040 2.38931 2.46381 2.46439 2.46695 2.48272 2.50010 2.51378 2.40665
3.78617 3.70544 2.33342 2.22235 2.18095 2.13955 2.11900 2.11900 2.11900 2.11900 2.11900 2.11900 2.11900 2.11900 2.11900 2.11900 2.12263 2.13127 2.13993 2.14811 2.14999 1.93457 1.87435 1.94543 1.63517 1.48063 1.51933 1.69057 2.64039 2.64482 2.64178 2.59913 2.54419 2.48928 2.44570 2.44219 2.44219 2.44219 2.44219 2.44219 2.44219 2.44219 2.44219 2.44219 2.44670 2.46701 2.56343 2.84230 2.79904 2.79534 2.79534 2.79534 2.79534 2.79534 2.79534 2.79568 2.79679 2.80999 2.50192 2.51376 2.52821 2.53941 2.53740 2.53364 2.53318 2.45695
3.71753 3.67393 2.71862 2.11900 2.11900 2.11900 2.11900 2.11900 2.11900 2.11900 2.11900 2.11900 2.12007 2.12764 2.13630 2.14497 2.14911 2.14328 2.13666 2.15622 2.24139 2.22083 2.11123 2.19017 2.06623 1.54747 1.54747 1.59894 2.30695 2.50636 2.45443 2.44219 2.44219 2.44219 2.44219 2.44219 2.44219 2.44219 2.44219 2.44219 2.44219 2.41432 2.36036 2.30637 2.25520 2.29242 2.31938 2.74035 2.79534 2.79534 2.79536 2.79579 2.80550 2.82367 2.84185 2.85972 2.88329 2.89964 2.77358 2.48032 2.53318 2.53318 2.53318 2.53318 2.53318 2.52413
3.63810 3.63788 3.31375 2.11900 2.11900 2.11900 2.11900 2.11900 2.11902 2.12400 2.13267 2.14133 2.14568 2.14015 2.13354 2.16755 2.25753 2.35353 2.45028 2.52091 2.52587 2.51414 2.22057 2.21065 2.33945 1.82770 1.87529 1.93098 2.05545 2.44890 2.44219 2.44219 2.44219 2.44219 2.44219 2.44219 2.44219 2.42861 2.37690 2.32292 2.26897 2.24284 2.24284 2.24284 2.24284 2.26543 2.31712 2.57579 2.81918 2.83735 2.85552 2.87327 2.88510 2.89617 2.90754 2.91888 2.92376 2.92376 2.92346 2.50537 2.53318 2.53318 2.53318 2.53318 2.53318 2.53318
3.63810 3.63810 3.63432 2.39872 2.11900 2.12088 2.12904 2.13699 2.13997 2.13702 2.13632 2.18364 2.27514 2.37188 2.46867 2.52483 2.52587 2.52587 2.52587 2.52673 2.58079 2.66651 2.57179 2.49574 2.53707 2.25291 1.93098 1.93098 1.93104 2.34762 2.44219 2.44219 2.44219 2.43780 2.39347 2.33948 2.28550 2.24511 2.24284 2.24284 2.24284 2.24284 2.25093 2.31038 2.37887 2.44893 2.54437 2.59656 2.87702 2.89269 2.90409 2.91544 2.92345 2.92376 2.92376 2.92376 2.92376 2.92376 2.92376 2.70108 2.50549 2.53318 2.53027 2.49636 2.45415 2.41193
3.63810 3.63835 3.64340 3.00918 2.13323 2.13338 2.14948 2.20068 2.29353 2.39030 2.48117 2.52400 2.52587 2.52587 2.52587 2.52587 2.54814 2.63055 2.71621 2.80103 2.83268 2.83268 2.78669 2.50620 2.50688 2.48954 1.93106 1.93098 1.93098 2.11811 2.41646 2.35603 2.30207 2.25245 2.24284 2.24284 2.24284 2.24291 2.26514 2.32984 2.39826 2.46686 2.52720 2.53631 2.53645 2.54377 2.57148 2.59591 2.81851 2.92376 2.92376 2.92376 2.92376 2.92376 2.92376 2.92376 2.92376 2.92376 2.92369 2.90142 2.43204 2.41989 2.38058 2.37226 2.37226 2.37226
3.57932 3.54675 3.54783 3.61480 2.37033 2.40868 2.48326 2.52290 2.52587 2.52587 2.52587 2.52587 2.52974 2.59461 2.68026 2.76595 2.82939 2.83268 2.83268 2.83268 2.83268 2.83268 2.83268 2.59678 2.50399 2.55810 2.08848 1.90134 1.87583 1.86042 2.26069 2.24284 2.24284 2.24952 2.28357 2.34927 2.41771 2.48618 2.53243 2.53631 2.53631 2.54043 2.55170 2.56304 2.57428 2.57832 2.58339 2.60769 2.69121 2.92376 2.92376 2.92376 2.92376 2.92376 2.92376 2.92104 2.91309 2.90503 2.89702 2.89396 2.59155 2.36848 2.37226 2.37226 2.37226 2.37226
