results/OMI_NO2_200612.asc
ncols      200
nrows      200
xllcorner       120.258
yllcorner       41.1236
cellsize     0.0166667
NODATA_Value      -999.000
[rows 29 to 57 of 175, columns 67 to 133 of 200]
2.48924 2.49006 2.49308 2.51795 2.61914 2.86109 3.10584 3.27781 3.32423 3.34176 3.35756 3.37120 3.37299 3.37299 3.37299 3.37299 3.36624 3.34218 3.42734 3.55218 3.30562 3.28002 3.28002 3.32893 4.09360 4.52486 4.82290 5.16561 5.15892 5.15224 5.20243 6.73130 6.84524 6.83059 6.75265 6.65678 6.51755 6.31195 6.11818 5.86327 5.73745 5.69630 5.84730 5.57136 5.40834 5.39427 5.39822 5.63031 5.77112 5.78990 5.80353 5.80935 5.82768 5.84608 5.83107 5.75862 5.68242 5.63394 5.59772 5.62976 5.97271 6.37261 6.55978 6.57578 6.53705 7.35559 7.40531
2.67711 2.69382 2.70792 2.72206 2.81236 2.89528 3.23664 3.37299 3.37299 3.37299 3.37299 3.37299 3.36959 3.34749 3.32259 3.29763 3.27946 3.27858 3.29640 3.53145 3.41259 3.27843 3.27267 3.26682 3.73874 4.38035 4.55518 4.98815 4.89737 4.80884 4.72310 5.42495 6.07222 5.89879 5.77728 5.68504 5.62877 5.62786 5.62786 5.64841 5.63367 5.63344 5.77224 5.66291 5.36643 5.29058 5.26058 5.32234 5.47331 5.45785 5.46738 5.45698 5.41051 5.36360 5.34238 5.33721 5.32879 5.29401 5.25865 5.20589 5.61368 5.80995 6.18253 6.19658 6.19594 6.62426 7.16779
2.74168 2.74168 2.74168 2.74168 2.77034 2.84451 3.11902 3.36874 3.37181 3.35284 3.32790 3.30298 3.28142 3.27858 3.27858 3.27858 3.27903 3.27276 3.24444 3.39888 3.46801 3.25872 3.26348 3.24840 3.20925 4.00440 3.95168 4.27724 4.27826 4.19764 4.11126 4.07151 5.44252 5.50978 5.46295 5.41999 5.37933 5.33854 5.29977 5.28423 5.26379 5.23270 5.32759 5.48144 5.15711 5.11659 5.13720 5.17017 5.35879 5.30918 5.23504 5.17838 5.14516 5.11283 5.08572 5.06814 5.04755 5.02695 5.00635 4.98877 5.36597 5.61375 6.06522 6.18907 6.19680 6.23538 7.07643
2.74168 2.74168 2.74168 2.74168 2.74185 2.80914 2.95608 3.24712 3.28456 3.27858 3.27858 3.27865 3.28237 3.27219 3.24257 3.20582 3.19224 3.22651 3.29320 3.47852 3.98460 3.91025 3.83094 3.80671 3.37267 3.76750 3.98692 3.77472 3.58835 3.53872 3.49857 3.49491 4.34017 5.16862 5.16594 5.17685 5.19954 5.22230 5.24323 5.25140 5.28023 5.25496 5.13153 5.47933 5.20339 4.97000 4.88884 4.86081 5.03028 5.08049 5.06584 5.04600 5.02538 5.00480 4.98591 4.98230 4.98230 4.98230 4.98230 4.98222 5.09951 5.61732 5.78888 6.12836 6.16936 6.15487 6.57537
2.74168 2.73467 2.71062 2.68587 2.66114 2.68168 2.75163 3.18426 3.28667 3.29970 3.35100 3.43108 3.51925 3.63561 3.78462 3.95320 4.07156 4.11460 4.15412 4.20073 4.34008 4.16885 3.89010 3.89007 3.60434 3.62692 4.20198 3.87460 3.49665 3.50334 3.51011 3.50607 3.58036 5.06708 5.15345 5.24303 5.26593 5.27388 5.29109 5.30832 5.33676 5.29602 4.98457 5.20019 5.17738 4.87213 4.82365 4.80314 4.89098 4.98505 4.98230 4.98230 4.98230 4.98192 4.97871 4.97887 4.97992 4.98098 4.98201 4.98315 4.99554 5.47588 5.61924 5.94865 5.99745 5.95412 6.02675
2.70101 2.70222 2.72193 2.72301 2.70014 2.62092 2.57314 2.75757 4.03094 4.20560 4.24466 4.24450 4.23374 4.21660 4.19942 4.18224 4.16633 4.16302 4.16302 4.16303 4.21865 4.24131 3.96281 3.89634 3.76402 3.54393 4.10746 4.06448 3.54854 3.50084 3.48373 3.47747 3.47747 4.37844 5.17184 5.22744 5.31767 5.30476 5.25984 5.22699 5.26514 5.14938 4.91917 4.94119 5.16655 4.81762 4.77591 4.76129 4.80304 4.97452 4.97487 4.97593 4.97699 4.97840 4.98268 5.00359 5.05120 5.10740 5.19649 5.29107 5.38772 5.81741 5.86940 5.76730 5.89745 5.91061 5.87909
2.51727 2.38607 2.23279 2.07890 1.93322 1.88668 1.92939 1.99502 3.71171 4.20363 4.18642 4.16945 4.16302 4.16302 4.16302 4.16504 4.16884 4.17264 4.17643 4.18023 4.20962 4.26430 4.13069 3.90581 3.87543 3.45592 3.80644 4.14168 3.64640 3.47747 3.47747 3.47747 3.47747 3.58875 5.09428 5.19573 5.33292 5.41165 5.50321 5.58423 5.59306 5.24889 4.89231 4.64043 4.93090 4.78349 4.79289 4.81190 4.86445 5.12367 5.19497 5.24674 5.29964 5.35959 5.45458 5.53263 5.57820 5.61562 5.61977 5.62068 5.62158 5.70993 6.04846 5.65271 5.76098 5.81382 5.81382
1.89714 1.88624 1.88321 1.86941 1.85470 1.83998 1.82959 1.90913 2.86435 4.16505 4.17115 4.17494 4.17874 4.18254 4.18633 4.18811 4.18811 4.18811 4.18811 4.18479 4.16529 4.20430 4.18022 3.85903 3.82750 3.52753 3.56959 4.16759 3.79450 3.47367 3.50971 3.55999 3.61277 3.67262 4.72707 5.46820 5.46499 5.44943 5.36227 5.26937 5.11425 4.81292 4.37848 4.12087 4.74863 5.12639 5.21192 5.20477 5.19874 5.35642 5.48343 5.52887 5.57433 5.61388 5.61948 5.62028 5.62114 5.62191 5.60012 5.56411 5.56968 5.61020 6.08188 5.64319 5.70538 5.84687 5.85352
1.88969 1.82887 1.82554 1.84031 1.85601 1.87172 1.88742 1.95405 2.34080 4.09706 4.18811 4.18811 4.18811 4.18811 4.18811 4.18700 4.16759 4.14167 4.11576 4.09318 4.09002 4.13014 4.16797 3.98925 3.82974 3.72293 3.57437 4.16242 4.25656 3.73851 3.68031 3.53397 3.38082 3.19130 3.14522 4.70957 4.66208 4.69227 4.61723 4.53904 4.51129 4.51033 4.19259 4.02310 4.36605 5.16521 5.21139 5.30954 5.31403 5.43915 5.62050 5.62126 5.62599 5.67612 5.73173 5.75910 5.78404 5.80919 5.85051 5.88949 5.88580 5.86287 6.19645 5.91625 5.80483 5.99911 6.06178
2.15560 1.90926 1.91664 1.91664 1.91664 1.91664 1.91664 1.92501 2.02845 3.75657 4.18811 4.18803 4.17312 4.14721 4.12130 4.09651 4.09002 4.09002 4.09002 4.08996 4.08503 4.11293 4.50838 4.60753 4.23406 4.21221 3.67604 3.90479 3.79969 2.86262 2.58391 2.51827 2.45550 2.41487 2.39880 3.59448 4.37809 4.43787 4.48867 4.48261 4.47652 4.47185 4.31415 4.11010 4.13427 5.16625 5.33124 5.46712 5.49416 5.57683 5.91533 5.94212 5.94933 5.91113 5.86196 5.83674 5.81381 5.79139 5.84063 5.95611 6.07696 6.20319 6.44666 6.23155 5.84004 5.96255 6.07855
2.38056 1.95201 1.91664 1.91664 1.91664 1.91664 1.91664 1.91664 1.97094 2.95775 4.10756 4.10102 4.09002 4.09002 4.09002 4.08690 4.07893 4.07091 4.06289 4.03965 3.94876 3.85115 4.28168 4.32194 3.97271 3.81008 3.51057 3.59563 3.67956 2.89454 2.34174 2.33416 2.32655 2.31895 2.31157 2.54068 4.27692 4.33191 4.46854 4.52938 4.58971 4.64864 4.63980 4.30568 4.09518 5.10563 5.63480 5.65217 5.61992 5.54610 5.74564 5.79478 5.78733 5.85246 5.96534 6.08677 6.21335 6.34487 6.40094 6.40094 6.40094 6.40094 6.46098 6.50358 5.85118 5.88909 6.15758
2.55297 2.08555 1.91664 1.91664 1.91836 1.92958 1.94230 1.95502 1.95890 2.36840 3.94034 4.08085 4.07270 4.05167 4.03281 4.01688 4.00630 3.99592 3.98608 3.98980 4.05885 4.14221 4.47562 4.91776 4.79149 4.37994 4.18314 3.95831 4.09331 3.54575 2.30929 2.30953 2.32173 2.34031 2.36064 2.38314 3.68351 4.41382 4.61202 4.72130 4.72155 4.72242 4.72332 4.45042 4.09222 4.49215 5.48141 5.45741 5.60694 5.64866 5.92755 6.22348 6.35413 6.40094 6.40094 6.40094 6.40094 6.41350 6.43169 6.44563 6.45951 6.47347 6.48728 6.76766 5.99987 5.87866 6.00900
2.96209 2.31037 1.94913 1.99539 2.07713 2.14877 2.22042 2.32775 2.47479 2.71151 4.18161 4.33230 4.31529 4.31317 4.31244 4.31395 4.31798 4.32205 4.32612 4.33016 4.33179 4.33179 4.36277 4.91734 4.90797 4.49167 4.37250 3.93468 4.15643 4.05532 2.53706 2.43499 2.44532 2.44920 2.45137 2.45138 2.74217 4.41209 4.48724 4.72323 4.71008 4.66871 4.62191 4.43492 4.20545 4.24310 5.71376 5.99121 6.10650 6.06605 6.12360 6.41283 6.43765 6.45503 6.46902 6.48287 6.49684 6.49815 6.49386 6.49386 6.49411 6.49680 6.50020 6.77059 6.20606 5.86604 5.86997
4.18765 3.59386 3.06840 3.06771 3.21367 3.36356 3.51050 3.59457 3.65623 3.69116 4.15688 4.28576 4.32107 4.32513 4.32920 4.33175 4.33179 4.33179 4.33451 4.35180 4.37122 4.39066 4.41008 4.80925 5.04469 4.84448 4.50906 4.11968 4.15910 4.22688 3.00872 2.45138 2.45138 2.45138 2.45138 2.45138 2.45050 3.77029 4.30274 4.39778 4.37685 4.30925 4.24880 4.23518 4.50648 4.27723 5.40977 6.04225 6.08886 6.20003 6.15829 6.47914 6.49744 6.49386 6.49386 6.49386 6.49400 6.49652 6.49988 6.50324 6.50635 6.51136 6.52646 6.65628 6.66082 5.96696 6.02821
5.10047 4.53139 4.22042 3.70222 3.70143 3.70177 3.70561 3.71035 3.71505 3.71984 4.09586 4.22268 4.34437 4.36380 4.38323 4.40267 4.42211 4.44154 4.45824 4.46039 4.46039 4.46039 4.46058 4.59096 5.09112 5.05796 4.57109 4.29569 4.08347 4.23544 3.55307 2.45138 2.44879 2.41827 2.37462 2.33307 2.29422 2.56849 3.96268 4.04479 4.23927 4.25278 4.29854 4.36512 4.65810 4.65228 5.13097 6.01243 6.01194 6.21464 6.14807 6.36784 6.49393 6.49620 6.49956 6.50292 6.50614 6.50773 6.51958 6.53517 6.55076 6.59356 6.67461 6.77968 7.40291 6.33555 6.37355
4.65419 4.54376 4.15192 3.74723 3.71869 3.72612 3.74328 3.76110 3.77893 3.79670 3.99998 4.36591 4.45820 4.46039 4.46039 4.46039 4.46039 4.46039 4.46040 4.46294 4.46738 4.47181 4.47605 4.47717 4.98783 5.07758 4.78029 4.46997 3.96432 4.09454 3.87027 2.32205 2.26507 2.26889 2.30090 2.33502 2.37354 2.44383 3.84309 4.48750 4.86801 5.05785 5.15382 5.22649 5.28444 5.43693 5.15107 5.96171 6.00951 6.13849 6.19119 6.28899 6.55152 6.57717 6.60753 6.64755 6.70792 6.82380 6.99128 7.16772 7.34422 7.50461 7.79648 8.17727 8.94221 7.69223 7.28600
4.22448 4.18718 3.94533 3.80742 3.82169 3.83650 3.83805 3.83805 3.83805 3.83805 3.83986 4.44910 4.40265 4.46039 4.46039 4.46203 4.46642 4.47085 4.47527 4.47717 4.47717 4.47717 4.47717 4.53031 4.81268 4.76313 4.59115 4.09228 3.89328 4.13295 4.39076 3.04094 2.64908 2.73141 2.80176 2.87335 2.94281 2.96913 3.41992 4.92155 5.04718 5.25800 5.26815 5.27829 5.28845 5.56177 5.20240 5.78310 6.11579 6.19649 6.45621 6.50124 7.07816 7.19553 7.40218 7.64803 7.87930 8.13636 8.47922 8.83936 9.23216 9.55773 9.46604 9.24247 9.02982 8.23619 7.30756
4.24802 4.25181 4.19554 3.86895 3.83580 3.83805 3.83805 3.83805 3.83805 3.83805 3.83805 4.39788 4.33101 4.46989 4.47433 4.47712 4.47717 4.47717 4.50508 4.63268 4.77672 4.93070 5.11694 5.36701 5.56037 5.06574 5.18987 4.98621 4.81785 4.80932 4.86531 3.84253 3.03110 3.05084 3.06385 3.07693 3.08998 3.10303 3.11606 4.58619 5.03857 5.32067 5.38561 5.47553 5.56695 5.82028 5.85520 6.20411 6.96832 7.11721 7.44275 7.58829 8.23374 8.71499 9.02233 9.29582 9.49419 9.44774 9.22722 9.01523 8.81367 8.68531 8.68213 8.68213 8.68213 8.62260 7.35659
4.44594 4.51100 4.51699 4.01811 3.83248 3.83805 3.83805 3.84509 3.96396 4.13442 4.32238 4.84735 4.47092 4.47465 4.59840 4.74057 4.91106 5.19645 5.33561 5.32853 5.30871 5.28542 5.23215 4.99472 4.62135 3.80601 3.28450 2.89877 2.52796 2.53700 2.87914 3.04120 3.14257 3.12509 3.12509 3.15068 3.25770 3.37430 3.50081 4.12829 5.52888 5.75393 5.96644 5.97018 5.98414 6.00765 6.54596 6.67467 7.57641 7.72943 7.92965 8.19883 9.04130 9.21191 9.00070 8.79986 8.68338 8.68213 8.68213 8.68213 8.69608 8.78136 8.90098 9.02615 9.15757 9.29901 8.10836
4.52631 4.52631 4.52631 4.29629 3.92964 4.07680 4.25911 4.35856 4.21270 4.11768 3.99594 3.84961 3.83428 3.67269 3.88820 3.78329 3.64046 3.38436 3.35650 3.32361 3.28770 3.25172 3.21583 3.19268 3.19223 3.08268 2.82105 2.84061 2.58146 2.51498 2.90311 3.30619 3.73536 3.69544 3.82098 3.92268 3.94289 3.95360 3.95424 3.95424 5.35658 5.72073 5.99539 6.03994 6.12085 6.20760 6.60446 6.72625 7.11866 7.28721 7.16875 7.31773 8.11746 8.68213 8.69518 8.76575 8.86263 8.98667 9.11693 9.25341 9.37694 9.41222 9.41275 9.41200 9.37763 9.32507 8.63462
4.12063 4.11048 4.10766 4.03025 2.92792 2.52312 2.21048 1.96053 1.85795 1.67452 1.48764 1.36847 1.38128 1.99281 3.33260 3.29669 3.26080 3.22490 3.19525 3.19223 3.19223 3.19225 3.19526 3.20098 3.20717 3.21392 2.82252 2.79764 2.63477 2.42370 2.86165 3.83870 4.15976 3.95238 3.95424 3.95424 3.95424 3.95424 3.95424 3.95451 4.54668 5.93271 6.30858 6.64181 6.79051 6.93846 6.91795 6.30559 6.51744 7.15243 7.23615 7.43255 7.95121 9.16310 9.33579 9.38744 9.41259 9.41275 9.41275 9.41258 9.38229 9.32960 9.27689 9.22498 9.20574 9.20064 9.10895
3.39536 3.38972 3.37236 3.26136 2.36416 1.38371 1.36420 1.36420 1.36402 1.33608 1.28822 1.24023 1.19203 1.26851 2.95042 3.19342 3.19867 3.20468 3.21119 3.21831 3.22607 3.23460 3.23863 3.23863 3.23863 3.23871 2.98730 2.82075 2.83730 2.51888 2.52042 3.76898 4.17006 4.01605 3.95424 3.95546 3.99208 4.09134 4.19835 4.31207 4.42836 6.36333 6.73254 7.07683 7.17296 7.26961 7.37224 6.87421 6.80096 7.65557 7.75835 7.77816 7.85801 9.14991 9.41275 9.41275 9.38691 9.33424 9.28155 9.22894 9.20666 9.20321 9.19739 9.19156 9.19676 9.23879 9.28808
3.05901 2.88134 2.70843 2.64286 2.65782 1.32552 1.25691 1.20447 1.15722 1.17297 1.23119 1.28933 1.34748 1.08527 2.04814 3.23812 3.23863 3.23863 3.23863 3.23863 3.23863 3.23863 3.25074 3.28345 3.31647 3.34946 3.32128 2.85395 2.88145 2.66077 2.49806 3.38405 4.06253 4.54208 4.29642 4.41562 4.49554 4.52096 4.56773 4.61738 4.67023 5.68008 7.19262 7.47733 7.60234 7.60553 7.60716 7.30619 6.88075 7.42905 7.77816 7.77816 7.75939 8.54346 9.28619 9.22820 9.18635 9.16990 9.14923 9.12822 9.11027 9.12720 9.15991 9.19258 9.21506 9.20512 9.19273
2.63122 2.61797 2.60922 2.62667 2.67534 2.06070 1.40353 1.42825 1.48594 1.50838 1.50838 1.50838 1.50838 1.30739 0.815036 3.21571 3.23863 3.23863 3.24552 3.27645 3.30952 3.34256 3.36349 3.36383 3.36383 3.36383 3.32904 2.98813 3.12089 3.18416 2.87059 3.31870 4.29869 4.80414 4.65809 4.71362 4.77448 4.80863 4.81310 4.81757 4.82205 4.84087 6.98853 7.31252 7.57241 7.53417 7.49513 7.43092 6.67361 6.82631 7.43438 7.29297 7.14194 7.30178 8.99485 9.01632 9.01314 9.02533 9.07183 9.11969 9.16451 9.17789 9.17789 9.17789 9.20820 9.41852 9.66975
2.73530 2.77021 2.80057 2.80476 2.80609 2.87874 1.56937 1.50906 1.50838 1.50838 1.50838 1.50838 1.50838 1.50401 0.502477 2.66614 3.30256 3.33558 3.36175 3.36383 3.36383 3.35157 3.20314 3.03531 2.88736 2.74050 2.41256 2.17456 2.37966 1.90405 1.27529 0.943080 3.15596 4.00751 4.56246 4.45594 4.34402 4.22462 4.10033 3.95798 3.75906 3.55432 4.77440 6.32561 6.53844 6.49305 6.45436 6.45756 6.08611 5.95581 6.33910 6.32319 6.32049 6.31919 8.39981 9.10068 9.14575 9.17686 9.17789 9.21753 9.43629 9.68913 9.95743 10.2432 10.5062 10.5435 10.5435
2.80712 2.92478 3.10755 3.29047 3.47198 3.63159 2.24660 1.52840 1.50838 1.50838 1.50784 1.43805 1.33475 1.24668 0.764956 1.67539 3.36278 3.24738 3.07441 2.92180 2.65823 2.23382 1.86918 1.48866 1.06582 0.617483 0.501893 0.510621 0.624630 0.795843 0.847910 0.937852 2.45830 3.37784 3.00718 2.95274 2.90405 2.85712 2.81277 2.88783 3.07898 3.32790 3.63878 6.31340 6.69224 6.80748 6.84656 6.84204 6.70592 6.18558 6.28719 6.36806 6.39086 6.40798 7.60951 9.45414 9.70833 9.97783 10.2648 10.5165 10.5435 10.5435 10.5435 10.5435 10.5870 10.8573 11.1797
3.47782 3.54292 3.54292 3.54292 3.54292 3.54292 3.23073 1.51938 1.36671 1.27392 1.19458 1.16499 1.15231 1.12836 1.00097 0.417932 2.01320 1.64635 1.24134 0.788918 0.501973 0.500809 0.508264 0.517808 0.527366 0.536918 0.544823 0.545636 0.564348 0.805575 0.811789 0.909812 1.55073 3.62424 3.25344 3.29429 3.45259 3.65680 3.99523 4.24888 4.31103 4.31958 4.31958 5.60933 6.86215 6.83600 6.83215 6.86322 6.88627 6.40246 6.47691 6.68562 6.83453 6.99545 7.56361 10.4480 10.5435 10.5435 10.5435 10.5990 10.8795 11.2031 11.5501 11.9240 12.2466 12.0333 11.7191
3.54292 3.54292 3.54292 3.52489 3.37668 3.21706 3.14058 1.47901 1.19597 1.19734 1.20393 1.14473 1.15404 1.17617 1.17040 0.448387 0.419679 0.462322 0.467732 0.473036 0.478242 0.482868 0.481819 0.479146 0.476518 0.473915 0.471376 0.468899 0.465933 0.554820 0.614731 0.680497 0.764538 3.70572 3.79064 3.56367 3.62057 3.63517 3.86577 4.31958 4.31958 4.31958 4.31956 4.40608 6.73713 6.89464 6.89886 6.88872 6.88788 6.89292 7.00840 7.13036 7.18630 7.15986 7.19024 9.95137 11.2269 11.5455 11.6575 11.6551 11.3868 11.1058 10.8384 10.5803 10.3404 10.2770 10.2663
3.44057 3.35239 3.28226 3.15008 3.09537 3.06391 3.04681 2.37118 1.28329 1.26923 1.26923 1.08772 1.06004 1.06571 1.07144 0.733225 0.349037 0.462497 0.462497 0.462497 0.462497 0.462497 0.462497 0.462497 0.462497 0.462497 0.462497 0.462497 0.462497 0.529675 0.778788 0.901478 1.05599 2.95376 4.13450 3.63517 3.63517 3.63517 3.71730 4.29223 4.26026 4.22829 4.19637 4.18169 5.69518 6.91088 6.92914 6.98868 7.04678 7.14551 7.41525 7.66138 7.63935 7.52463 7.35646 8.69273 10.5490 10.3377 10.3023 10.2991 10.2887 10.2780 10.2673 10.2606 10.2241 10.1303 10.0358
