results/OMI_NO2_200605.asc
ncols      200
nrows      200
xllcorner       120.258
yllcorner       41.1236
cellsize     0.0166667
NODATA_Value      -999.000
[rows 87 to 115 of 200, columns 67 to 133 of 200]
1.90989 1.89794 1.89728 1.89739 1.88855 1.88893 1.89091 1.89288 1.89485 1.89212 1.99047 2.00942 2.01149 2.01878 2.06043 2.01011 2.02200 1.97250 1.92355 1.96088 1.96543 1.93911 1.99769 1.99356 1.97768 1.97497 1.97916 1.98356 1.98541 1.98541 1.98346 1.96625 1.96380 2.05531 2.07100 2.33701 2.37227 2.38730 2.32353 2.31994 2.35280 2.42339 2.35016 2.33203 2.33733 2.27473 2.27567 2.28174 2.28782 2.29386 2.30669 2.49052 2.58637 2.67771 2.63176 2.61741 2.65105 2.67504 2.69656 2.71939 2.74997 2.78161 2.73538 2.63347 2.51151 2.56166 2.55690
1.89844 1.89844 1.89844 1.89844 1.90248 1.90688 1.90652 1.90423 1.90527 1.90512 1.95003 2.02051 2.02139 2.01748 2.08163 2.03199 1.97836 1.92646 1.83654 1.83340 1.87078 1.87235 1.91672 1.99024 1.99471 1.99582 2.00017 1.99341 1.98607 1.97846 1.97281 1.98371 1.98284 2.05329 2.09061 2.26211 2.37511 2.36747 2.29152 2.26890 2.29006 2.47487 2.43377 2.38104 2.37381 2.33081 2.29989 2.33239 2.37321 2.41757 2.46588 2.60298 2.73079 2.94639 2.91600 2.80598 2.81628 2.82653 2.83679 2.84557 2.84702 2.85034 2.82539 2.67219 2.57774 2.56983 2.59593
1.87972 1.87366 1.86765 1.86500 1.86634 1.87202 1.87168 1.87323 1.87148 1.86812 1.84973 1.91945 1.89032 1.85088 1.84875 1.89213 1.88216 1.89128 1.86980 1.86711 1.86860 1.88206 1.89786 1.98722 1.98257 1.97385 1.96125 1.96102 1.96102 1.96191 1.96697 1.97270 1.97863 2.02205 2.09027 2.10945 2.33734 2.33646 2.30462 2.24776 2.24776 2.43029 2.45211 2.43605 2.45689 2.48774 2.46967 2.48760 2.49769 2.49292 2.47611 2.51873 2.65365 2.80342 2.91353 2.85997 2.88467 2.88816 2.89128 2.89438 2.89715 2.89695 2.89684 2.73439 2.68012 2.59191 2.62933
1.83598 1.84403 1.85489 1.86610 1.87569 1.87820 1.85524 1.83205 1.80990 1.78952 1.78811 1.83500 1.87019 1.87636 1.86750 1.93676 1.90926 1.88835 1.89854 2.02069 1.95268 1.92831 1.92810 1.95194 1.97331 1.97926 1.98540 1.99175 1.99832 2.00399 2.00462 2.00462 2.00462 2.01004 2.12058 2.03852 2.28870 2.34386 2.34705 2.30544 2.34793 2.51394 2.64045 2.58764 2.56372 2.55669 2.47779 2.43966 2.42347 2.41756 2.41809 2.42838 2.68878 2.79317 2.99376 2.88932 2.89732 2.89695 2.89695 2.89867 2.91399 2.93270 2.95195 2.85217 2.79389 2.70564 2.72946
1.91220 1.90940 1.88065 1.84818 1.81627 1.80762 1.81233 1.81514 1.80819 1.78764 1.76704 1.75641 1.79069 1.76961 1.75778 1.81082 1.84397 1.83449 1.83907 2.02150 2.00348 1.96127 1.96600 1.97173 2.00437 2.00462 2.00462 2.00462 2.00462 2.00462 2.00462 2.00233 1.99715 1.99196 2.08780 2.05211 2.19390 2.35416 2.34798 2.37453 2.40339 2.44896 2.58634 2.51865 2.50393 2.50441 2.47601 2.41538 2.40512 2.39479 2.38447 2.37458 2.56489 2.70963 2.94620 2.93185 2.95397 2.97926 2.99996 3.01921 3.02264 3.02264 3.02264 2.95324 2.81982 2.76901 2.75157
1.70113 1.80027 1.79866 1.78194 1.76355 1.74757 1.73088 1.71024 1.69845 1.69664 1.69343 1.69012 1.73066 1.75591 1.75830 1.77860 1.86969 1.85101 1.85036 1.96308 2.04376 1.96632 1.96632 1.96632 1.99388 2.00462 2.00205 1.99685 1.99166 1.98647 1.98114 1.97477 1.96935 1.97108 2.04734 2.12512 2.15952 2.27944 2.26732 2.27274 2.35004 2.36156 2.56159 2.52412 2.48657 2.47677 2.46514 2.38047 2.37199 2.37199 2.37199 2.37199 2.47240 2.68924 2.87164 2.97630 2.99953 3.02264 3.02264 3.02264 3.02264 3.02257 3.01151 2.99569 2.81350 2.81471 2.97891
1.59758 1.72121 1.69209 1.69225 1.69304 1.69296 1.69594 1.69252 1.68886 1.68732 1.68732 1.68732 1.70097 1.76017 1.76028 1.76028 1.84833 1.85459 1.85070 1.88796 2.06339 1.97148 1.95826 1.95345 1.96137 1.98398 1.98249 1.98099 1.98652 2.01253 2.03956 2.06997 2.10228 2.12750 2.13851 2.22850 2.15529 2.21988 2.23923 2.22843 2.27044 2.29356 2.44089 2.47497 2.42986 2.42859 2.42732 2.38003 2.33584 2.33457 2.33334 2.33207 2.34671 2.61861 2.74973 2.95735 3.00362 3.08632 3.11338 3.12926 3.12987 3.13415 3.14923 3.15457 2.98688 2.94767 3.07931
1.48446 1.69483 1.66713 1.65977 1.65297 1.65120 1.71703 1.72003 1.72202 1.72402 1.72602 1.72802 1.73001 1.78606 1.80694 1.80894 1.85504 1.90674 1.89189 1.88718 2.06243 2.03818 2.00440 2.01329 2.03872 2.09768 2.12808 2.15651 2.17790 2.17874 2.17874 2.17874 2.17874 2.17847 2.17076 2.18669 2.09019 2.12128 2.16394 2.16137 2.17425 2.24371 2.34130 2.46061 2.39740 2.40067 2.40462 2.39823 2.32803 2.33476 2.34245 2.35021 2.35792 2.56476 2.94515 3.21069 3.19063 3.17452 3.14501 3.11671 3.10273 3.08541 3.06691 3.04837 2.89984 2.76566 2.80629
1.41580 1.64458 1.61891 1.61464 1.61464 1.61464 1.72740 1.75173 1.75173 1.75173 1.74978 1.74792 1.74832 1.77038 1.82208 1.82247 1.82341 1.88538 1.89057 1.91208 2.03543 2.14841 2.10886 2.12391 2.12171 2.13727 2.15475 2.15214 2.14953 2.14438 2.13028 2.11521 2.10016 2.08536 2.07799 2.07737 2.04365 2.03797 2.10598 2.11203 2.11204 2.17862 2.26252 2.53372 2.46750 2.45540 2.45920 2.46264 2.40095 2.37401 2.37388 2.37634 2.37832 2.48216 2.84955 3.03391 2.99207 2.95550 2.98364 2.98346 2.98329 2.98311 2.98293 2.98288 2.92589 2.75332 2.78838
1.41482 1.57876 1.62640 1.59599 1.58527 1.57448 1.64577 1.69620 1.68987 1.68352 1.67912 1.67463 1.66789 1.66383 1.72534 1.73558 1.73219 1.77098 1.84757 1.90761 1.96589 2.15055 2.08357 2.08193 2.08042 2.06820 2.09572 2.08567 2.07324 2.06330 2.06233 2.06233 2.06233 2.06233 2.06233 2.04563 2.07817 2.02832 2.09599 2.13426 2.13677 2.16286 2.22494 2.51578 2.50225 2.48524 2.49575 2.49825 2.47436 2.41198 2.41204 2.40965 2.40057 2.39633 2.68389 2.92512 2.92018 2.83420 2.95198 2.94734 2.95282 2.96152 2.97019 2.97890 2.97457 2.74475 2.73791
1.29796 1.37373 1.51973 1.48480 1.48918 1.49362 1.54233 1.62518 1.62018 1.62034 1.62082 1.62570 1.64555 1.66443 1.67655 1.66485 1.65815 1.67606 1.77801 1.90410 2.00097 2.07114 2.03301 2.00251 1.97813 1.96777 2.02868 2.06233 2.06233 2.06233 2.06233 2.06233 2.06233 2.06233 2.06233 2.05659 2.07104 2.02798 2.07427 2.14080 2.16555 2.19323 2.27805 2.49445 2.59128 2.51410 2.50605 2.48518 2.45323 2.35815 2.31553 2.28270 2.25737 2.24661 2.40477 2.75876 2.84051 2.80895 2.90115 2.97699 2.98019 2.98019 2.98019 2.98019 2.98019 2.80475 2.73457
1.35488 1.39265 1.49020 1.44638 1.43950 1.44001 1.45765 1.58820 1.61102 1.63198 1.65258 1.67332 1.70191 1.73340 1.76543 1.78029 1.80813 1.80982 1.85200 1.92495 1.99287 1.99749 1.98224 1.96777 1.96777 1.96777 1.98951 2.06233 2.06233 2.06233 2.06233 2.06233 2.06233 2.06233 2.06259 2.06372 2.04430 2.05220 2.13679 2.23572 2.24057 2.22479 2.21367 2.31572 2.48609 2.37043 2.33334 2.31072 2.30164 2.25624 2.21925 2.24266 2.26744 2.29221 2.40292 2.73368 2.89674 2.88282 2.86801 2.98019 2.98019 2.98019 2.98019 2.98019 2.98019 2.87151 2.73457
1.44064 1.44224 1.49596 1.47648 1.46982 1.49167 1.53290 1.70457 1.75814 1.79205 1.82728 1.85843 1.85012 1.82568 1.80123 1.76507 1.73556 1.73438 1.76850 1.85664 1.96882 1.99749 1.99063 1.96777 1.96777 1.96777 1.96783 2.04484 2.06233 2.06264 2.06379 2.06500 2.06620 2.06740 2.06303 2.07500 2.05239 2.02649 2.04261 2.14424 2.05127 2.01593 2.00762 2.07335 2.37320 2.30630 2.28599 2.27920 2.27618 2.27366 2.32492 2.32772 2.32772 2.32772 2.34632 2.62657 2.88509 2.90407 2.83861 2.96005 2.98019 2.98019 2.98019 2.98019 2.98019 2.94072 2.73449
1.47424 1.50169 1.57076 1.62430 1.66783 1.69985 1.70796 1.80533 1.84266 1.81823 1.79377 1.76933 1.75695 1.75695 1.75695 1.75472 1.73494 1.73438 1.74030 1.81800 1.94358 1.99749 1.99705 1.96969 1.96814 1.96932 1.97052 2.01456 2.10318 2.13954 2.16862 2.19204 2.24160 2.29730 2.36075 2.40160 2.40583 2.19741 2.05226 2.21017 2.03906 2.03133 2.02779 2.04887 2.32191 2.33774 2.29979 2.30227 2.30538 2.30923 2.35175 2.37484 2.37707 2.37933 2.38164 2.55061 2.90665 2.96053 2.92056 2.93839 2.98841 2.97581 2.96722 2.94706 2.90365 2.84872 2.55529
1.64477 1.66028 1.68060 1.68637 1.70027 1.67614 1.65641 1.68745 1.74736 1.74624 1.74513 1.74401 1.74289 1.74177 1.74065 1.73953 1.72420 1.71473 1.71362 1.76454 1.87273 2.01302 2.04698 2.06118 2.08616 2.12215 2.15768 2.20780 2.32395 2.34539 2.36885 2.39949 2.40379 2.40378 2.40378 2.40378 2.41748 2.38353 2.14435 2.19178 2.09877 2.07974 2.08318 2.09237 2.30182 2.43542 2.37069 2.38328 2.40216 2.41366 2.44410 2.51443 2.55639 2.59884 2.64126 2.77522 2.94904 2.95592 2.93925 2.87109 2.97496 2.93544 2.88818 2.85165 2.83844 2.83402 2.62268
1.87230 1.85641 1.86203 1.85796 1.82287 1.72702 1.72702 1.72602 1.72089 1.72089 1.72089 1.72089 1.72089 1.72270 1.73138 1.72958 1.72301 1.70232 1.69991 1.75142 2.02707 2.21724 2.25757 2.26235 2.26189 2.28268 2.30548 2.31370 2.37994 2.43053 2.43489 2.43928 2.43418 2.38892 2.35044 2.33748 2.32658 2.37599 2.15993 2.15793 2.26946 2.29089 2.38138 2.41063 2.54658 2.77791 2.69843 2.73191 2.76026 2.77388 2.76807 2.83705 2.84701 2.85074 2.85882 2.88688 3.03163 2.93626 2.92150 2.70723 2.76700 2.80073 2.79242 2.78419 2.77596 2.76774 2.64087
1.96007 1.88067 1.87655 1.86269 1.85609 1.74807 1.72853 1.74587 1.76213 1.77968 1.78443 1.78804 1.79169 1.79350 1.78845 1.79387 1.80496 1.82999 1.86759 1.89997 2.16594 2.37953 2.42013 2.44311 2.47415 2.51119 2.54010 2.53212 2.54489 2.59811 2.57712 2.55711 2.54664 2.57420 2.59766 2.59881 2.59881 2.65300 2.48998 2.37860 2.56128 2.52559 2.67274 2.70055 2.72492 2.96073 2.86328 2.83706 2.83781 2.84285 2.80774 2.83421 2.86388 2.85082 2.83340 2.82045 2.99208 2.93128 2.93480 2.83914 2.72010 2.75553 2.74912 2.74737 2.74756 2.74776 2.71583
2.04730 1.96547 1.96908 1.99322 2.01542 1.96625 1.89345 1.87974 1.85719 1.84095 1.84128 1.86127 1.91564 1.97723 2.03303 2.04742 2.04869 2.04500 2.11586 2.13547 2.27870 2.55448 2.59904 2.55479 2.61570 2.61592 2.59954 2.61676 2.63052 2.60689 2.59881 2.59881 2.59881 2.59881 2.59881 2.59881 2.59881 2.63528 2.57232 2.46216 2.58104 2.58890 2.69810 2.71080 2.71223 2.90381 2.91429 2.86303 2.85537 2.81535 2.77742 2.77970 2.84043 2.85469 2.86760 2.87888 2.96598 2.97417 2.92307 2.90564 2.67701 2.73113 2.74118 2.74313 2.74313 2.74313 2.74313
2.05415 2.07070 2.01231 2.02943 2.08038 2.09845 2.00527 2.05059 2.10936 2.16763 2.22615 2.22809 2.18006 2.12481 2.07499 2.04965 2.02444 2.00101 2.07188 2.06647 2.08055 2.37533 2.51424 2.53732 2.57647 2.63076 2.63076 2.63076 2.63076 2.62009 2.59881 2.59881 2.59881 2.59881 2.59881 2.59881 2.59881 2.61859 2.66772 2.46791 2.54308 2.65375 2.64463 2.73810 2.74353 2.82191 2.90029 2.78327 2.77041 2.78278 2.79310 2.82160 2.86539 2.88904 2.89476 2.90157 2.92783 3.02418 2.93931 2.93940 2.76892 2.71905 2.74313 2.74313 2.74313 2.74313 2.74313
2.12237 2.17354 2.09832 2.14691 2.27633 2.36375 2.32716 2.25315 2.19651 2.12413 2.04535 2.00582 1.98244 1.95995 1.93868 1.93728 1.95587 1.97496 2.03828 2.11837 2.12112 2.31709 2.51575 2.54508 2.55583 2.63076 2.63076 2.63076 2.63076 2.63011 2.60194 2.59881 2.60026 2.61198 2.62573 2.63951 2.65328 2.67228 2.75765 2.57502 2.57012 2.66541 2.61538 2.70611 2.68448 2.71173 2.90829 2.79813 2.79693 2.80139 2.81216 2.83669 2.87536 2.91862 2.91972 2.91972 2.91972 3.03626 2.94516 2.93940 2.86599 2.69604 2.74313 2.74313 2.74313 2.74313 2.74313
2.14224 2.22696 2.24956 2.22818 2.20453 2.18487 2.09619 1.97102 1.94867 1.93182 1.93166 1.94263 1.96174 1.98084 1.99995 2.01337 2.01387 2.01387 2.01829 2.11348 2.12112 2.20468 2.47992 2.54508 2.54148 2.62439 2.63076 2.63264 2.64484 2.65860 2.65605 2.65417 2.66649 2.67140 2.68094 2.69277 2.70558 2.70897 2.73146 2.60930 2.48264 2.53322 2.56771 2.66408 2.68279 2.69012 2.88672 2.84491 2.83056 2.83561 2.83440 2.83477 2.86040 2.89740 2.90403 2.90276 2.90152 2.97285 2.96222 2.91739 2.91292 2.68415 2.71550 2.75439 2.79558 2.85317 2.92183
1.99951 1.95454 1.91920 1.85801 1.87369 1.96013 1.98697 1.97782 1.97304 1.98825 2.00711 2.01599 2.01675 2.01750 2.01827 2.01902 2.01978 2.02054 2.02131 2.07870 2.13008 2.13570 2.43323 2.56538 2.58730 2.65700 2.70217 2.71495 2.71737 2.72060 2.72939 2.71512 2.72834 2.73906 2.71712 2.67438 2.63348 2.59991 2.59224 2.56813 2.40393 2.45944 2.57264 2.59012 2.67785 2.68009 2.79720 2.84588 2.79311 2.79738 2.80168 2.80446 2.81193 2.83396 2.84922 2.84655 2.84778 2.87275 2.98040 2.97562 3.00809 2.92602 2.89747 2.99575 3.05547 3.10053 3.13237
1.70697 1.70280 1.76944 1.77124 1.77747 1.86870 1.90593 1.96748 1.96352 2.00197 2.03860 2.03860 2.03860 2.03860 2.03860 2.03860 2.03860 2.04063 2.06562 2.10649 2.22951 2.26109 2.41952 2.61168 2.64277 2.68138 2.74458 2.75740 2.77022 2.77942 2.76767 2.69933 2.64314 2.59963 2.57910 2.57599 2.58332 2.59484 2.60156 2.60450 2.45733 2.46152 2.53780 2.55018 2.63995 2.63829 2.65858 2.70914 2.74158 2.73862 2.73542 2.73396 2.74672 2.78784 2.84020 2.84608 2.85517 2.87570 3.02591 3.13514 3.18801 3.19395 3.09368 3.15478 3.15894 3.16618 3.17342
1.67356 1.67095 1.72101 1.75125 1.75469 1.82017 1.90012 1.94075 1.96501 1.98414 2.03709 2.03215 2.03007 2.05354 2.08338 2.11316 2.14295 2.17074 2.17552 2.17554 2.23674 2.26507 2.31260 2.51764 2.62836 2.64728 2.71705 2.68416 2.63897 2.59792 2.57086 2.57028 2.56386 2.58076 2.59766 2.61408 2.62009 2.62186 2.62202 2.60933 2.51891 2.44828 2.51652 2.59387 2.66457 2.70434 2.71484 2.70864 2.77097 2.77139 2.77139 2.76760 2.76630 2.80388 2.86230 2.91805 2.96412 3.00054 3.12325 3.25679 3.29113 3.31364 3.20761 3.19213 3.18955 3.17753 3.16606
1.67028 1.67064 1.69176 1.75442 1.76871 1.79129 1.87927 1.89662 1.97982 2.00376 2.10573 2.14131 2.17323 2.17950 2.17936 2.18837 2.20733 2.22897 2.28837 2.36051 2.43928 2.46246 2.49524 2.73820 2.87024 2.93133 2.67530 2.60403 2.63241 2.66074 2.68695 2.70596 2.63611 2.62408 2.62408 2.62408 2.62408 2.62408 2.62408 2.61113 2.58821 2.44478 2.54202 2.64144 2.65559 2.72726 2.72079 2.68582 2.73558 2.76976 2.78939 2.82134 2.88221 2.93314 3.01016 3.08973 3.11386 3.14781 3.20932 3.30774 3.32006 3.30821 3.23020 3.11827 3.10543 3.10659 3.10719
1.71087 1.73000 1.74305 1.84417 1.89654 1.90864 2.03652 2.15223 2.25269 2.28461 2.36976 2.40307 2.42204 2.44122 2.49161 2.55430 2.60702 2.65704 2.68216 2.71821 2.75609 2.68017 2.65364 2.82203 3.03544 3.15574 2.95128 2.70770 2.70770 2.70770 2.70770 2.70770 2.66995 2.62408 2.62408 2.62408 2.62408 2.62408 2.62408 2.61451 2.60939 2.45711 2.54308 2.59314 2.60225 2.71819 2.75413 2.78416 2.85063 2.93859 3.02054 3.09642 3.13533 3.16817 3.18409 3.23638 3.25794 3.26047 3.26168 3.24670 3.28032 3.28208 3.27145 3.12268 3.10779 3.10719 3.10719
1.88344 1.95399 1.99940 2.04621 2.07909 2.07215 2.19934 2.35952 2.38128 2.40656 2.45822 2.54274 2.60163 2.68723 2.74660 2.78567 2.82639 2.86880 2.90158 2.92796 2.95638 2.86777 2.77298 2.83699 3.06202 3.18862 3.12013 2.71901 2.70770 2.70770 2.70770 2.70770 2.70152 2.62681 2.62408 2.62424 2.62986 2.63821 2.64656 2.64866 2.65969 2.61124 2.62346 2.71261 2.74709 2.92687 3.05779 3.13741 3.17055 3.20986 3.21046 3.21046 3.20398 3.17768 3.15000 3.17599 3.26480 3.26519 3.26519 3.25336 3.27149 3.28218 3.28218 3.17376 3.11139 3.10719 3.10719
1.97058 1.97466 1.93509 1.90091 1.91776 2.02583 2.10069 2.39901 2.50521 2.67395 2.76168 2.85819 2.89385 2.89733 2.90826 2.93649 2.96491 2.99333 3.01704 3.01958 3.01958 3.00158 2.79293 2.78120 3.01706 3.13856 3.19050 2.80265 2.70770 2.70770 2.70799 2.71406 2.72241 2.67798 2.65262 2.62899 2.60154 2.60616 2.60286 2.58433 2.54952 2.53386 2.69442 2.80505 2.84694 3.02043 3.19939 3.19886 3.15521 3.16242 3.13753 3.10984 3.08865 3.08717 3.08690 3.09456 3.25416 3.26397 3.26368 3.25863 3.25685 3.27981 3.27954 3.23230 3.11220 3.10370 3.08675
1.77696 1.84494 1.87677 1.94415 2.05696 2.24150 2.38553 2.64590 2.70089 2.78709 2.83823 2.94495 2.97342 3.00184 3.01936 3.01958 3.01958 3.01934 3.01716 3.01456 3.01196 3.00938 2.87026 2.76590 2.89863 3.06465 3.18366 2.93735 2.66625 2.63328 2.60093 2.56408 2.53213 2.50459 2.43209 2.44351 2.45356 2.44354 2.45944 2.48947 2.54697 2.55727 2.67264 2.81411 2.80520 2.85770 3.10376 3.07617 3.04490 3.06474 3.07588 3.07576 3.07548 3.07530 3.07529 3.07513 3.17726 3.24433 3.23504 3.21757 3.18224 3.12879 3.08782 3.04421 2.84977 2.77679 2.74684
