results/OMI_NO2_200703.asc
ncols      200
nrows      200
xllcorner       120.258
yllcorner       41.1236
cellsize     0.0166667
NODATA_Value      -999.000
[rows 58 to 86 of 162, columns 0 to 66 of 200]
1.45367 1.46974 1.51307 1.52485 1.53603 1.54752 1.55893 1.56290 1.55285 1.57882 1.61500 1.60245 1.56451 1.52993 1.49967 1.46136 1.41705 1.36902 1.34205 1.32851 1.44112 1.47155 1.45609 1.44249 1.44940 1.67305 1.65859 1.64301 1.49834 1.54795 1.58929 1.60169 1.54351 1.53952 1.53626 1.52964 1.52293 1.51628 1.50978 1.50339 1.49704 1.49085 1.48116 1.43771 1.46990 1.56127 1.56155 1.58082 1.53255 1.49541 1.46114 1.38591 1.23261 1.06145 1.05482 1.05397 1.05397 1.05397 1.05397 1.05753 1.06268 1.01245 0.991712 0.995196 1.04059 1.10174 1.16719
1.30664 1.31890 1.36788 1.37208 1.36512 1.35693 1.34965 1.34868 1.34728 1.33119 1.35922 1.32375 1.29123 1.26256 1.25189 1.24294 1.23431 1.22675 1.22660 1.22826 1.27729 1.30849 1.29160 1.26406 1.31424 1.52609 1.57641 1.57435 1.45307 1.48827 1.52309 1.52173 1.47768 1.45677 1.45677 1.45677 1.45677 1.45918 1.47815 1.49857 1.51873 1.53893 1.55932 1.54839 1.54072 1.60246 1.58439 1.55424 1.51083 1.41749 1.41529 1.35278 1.27925 1.06676 1.07637 1.08343 1.08709 1.09073 1.09438 1.09446 1.09295 1.07495 1.01148 1.01134 1.01921 1.11903 1.11873
1.29192 1.28374 1.30479 1.33206 1.33261 1.32895 1.32517 1.31506 1.30541 1.31892 1.28432 1.26714 1.26820 1.27688 1.27259 1.28174 1.29091 1.29933 1.29927 1.28734 1.25812 1.19091 1.17865 1.17664 1.26097 1.45816 1.53931 1.53931 1.47279 1.44104 1.51060 1.51634 1.51567 1.49202 1.51401 1.53426 1.55445 1.57222 1.57343 1.57322 1.57724 1.58445 1.59166 1.58288 1.57172 1.55859 1.54378 1.54511 1.55778 1.46784 1.45837 1.42613 1.38150 1.10846 1.09593 1.09251 1.09250 1.09250 1.09250 1.09250 1.09250 1.09250 1.03208 1.01134 1.01134 1.09757 1.10420
1.43155 1.44906 1.46722 1.44889 1.44370 1.44450 1.44450 1.44450 1.44450 1.44450 1.36785 1.30245 1.30245 1.31045 1.29972 1.28680 1.27315 1.25951 1.24750 1.24578 1.24474 1.18080 1.17664 1.17664 1.19396 1.40657 1.54280 1.57343 1.58665 1.50689 1.63503 1.67023 1.68443 1.58575 1.57328 1.57554 1.58130 1.58566 1.59020 1.60508 1.62235 1.63691 1.65201 1.65967 1.64883 1.66331 1.62760 1.60568 1.58936 1.50358 1.45145 1.43897 1.37813 1.16003 1.09250 1.09250 1.09250 1.09250 1.09250 1.09250 1.09250 1.09250 1.07057 1.01334 1.01647 1.06892 1.12542
1.48444 1.48444 1.48444 1.45669 1.44450 1.44450 1.44450 1.44450 1.44450 1.44450 1.40789 1.28780 1.27414 1.26353 1.25400 1.24578 1.24578 1.24578 1.24578 1.24578 1.24578 1.21160 1.22576 1.26212 1.29850 1.46360 1.72871 1.73165 1.71854 1.58556 1.64317 1.67405 1.68869 1.65066 1.62178 1.64164 1.65853 1.67758 1.69713 1.70443 1.70443 1.70443 1.70154 1.68663 1.63689 1.61934 1.58076 1.55817 1.55490 1.52391 1.45364 1.44887 1.38622 1.22225 1.09250 1.09250 1.09250 1.09250 1.09286 1.09585 1.09913 1.10121 1.10308 1.03866 1.03275 1.06493 1.20180
1.47793 1.48444 1.48444 1.47290 1.44450 1.44450 1.44193 1.42931 1.41566 1.40200 1.38852 1.25728 1.24730 1.24730 1.25658 1.24704 1.27349 1.30989 1.34625 1.38263 1.41471 1.39336 1.35160 1.35687 1.36224 1.39121 1.56696 1.56072 1.54203 1.52113 1.54836 1.58978 1.74156 1.74136 1.63296 1.62526 1.61762 1.60996 1.59759 1.57476 1.55160 1.52846 1.50821 1.49940 1.46594 1.44704 1.43056 1.38935 1.37599 1.36447 1.29005 1.26787 1.23547 1.16158 1.08475 1.08657 1.08849 1.09071 1.10381 1.11993 1.13577 1.15279 1.16888 1.14870 1.11030 1.10669 1.19590
1.45283 1.48444 1.48153 1.46839 1.42036 1.40185 1.39093 1.39008 1.39025 1.39042 1.39026 1.29644 1.24266 1.22825 1.21996 1.36263 1.37829 1.36320 1.36191 1.36576 1.36599 1.38112 1.35560 1.38149 1.40737 1.42462 1.36965 1.36405 1.36405 1.35966 1.35886 1.44652 1.53553 1.62475 1.51991 1.48043 1.46496 1.44949 1.43846 1.43624 1.43412 1.43200 1.42988 1.42776 1.40959 1.38658 1.38443 1.34893 1.33265 1.33086 1.30076 1.26474 1.25831 1.21117 1.14500 1.17326 1.20185 1.22953 1.23416 1.22843 1.22273 1.21698 1.21234 1.21998 1.19548 1.19883 1.27839
1.41459 1.44437 1.43380 1.43310 1.41406 1.38649 1.36896 1.35184 1.33525 1.31919 1.30395 1.24592 1.14090 1.13857 1.15094 1.24543 1.34694 1.38882 1.42184 1.44899 1.48422 1.50602 1.44586 1.43708 1.43708 1.43708 1.38803 1.36405 1.36445 1.36525 1.33789 1.40628 1.43081 1.55689 1.49352 1.42221 1.42009 1.41803 1.41649 1.41658 1.41693 1.41730 1.41765 1.41801 1.42174 1.48057 1.51090 1.53606 1.55189 1.59695 1.59294 1.48606 1.44609 1.44382 1.36492 1.33429 1.31718 1.30065 1.29594 1.29594 1.29594 1.29594 1.29705 1.30879 1.30359 1.29645 1.35005
1.39725 1.37245 1.35456 1.33855 1.31972 1.27871 1.27781 1.27821 1.27901 1.28055 1.29463 1.30536 1.21253 1.25760 1.29937 1.31816 1.50094 1.50621 1.50666 1.50770 1.50875 1.50979 1.46923 1.44314 1.44455 1.44644 1.43523 1.35792 1.33697 1.32364 1.30592 1.34028 1.37243 1.51213 1.53204 1.42308 1.42091 1.42122 1.42126 1.42126 1.42129 1.42534 1.44914 1.47925 1.51187 1.69689 1.72779 1.72489 1.66990 1.64287 1.61930 1.49918 1.38780 1.38045 1.33128 1.29591 1.30127 1.31889 1.34132 1.37561 1.41170 1.44895 1.48618 1.51270 1.53416 1.46424 1.45394
1.34738 1.32515 1.31465 1.31545 1.31625 1.29442 1.29718 1.32492 1.37697 1.42652 1.46005 1.48740 1.40736 1.37246 1.37235 1.34805 1.46007 1.50598 1.50540 1.50424 1.50308 1.50258 1.49817 1.48294 1.49980 1.51616 1.52100 1.37723 1.32081 1.32081 1.31547 1.31983 1.37399 1.45322 1.54315 1.46005 1.42569 1.43305 1.45944 1.49009 1.52267 1.55261 1.55864 1.55314 1.53664 1.62923 1.67262 1.65636 1.62652 1.60839 1.60619 1.57571 1.50420 1.48585 1.48679 1.47674 1.51001 1.52768 1.54058 1.54132 1.54132 1.54132 1.54132 1.54132 1.54132 1.50208 1.45443
1.37429 1.33227 1.30075 1.32248 1.34815 1.37746 1.42930 1.44768 1.44203 1.44120 1.44120 1.44120 1.41396 1.36791 1.36688 1.36171 1.38390 1.50174 1.51465 1.53150 1.54836 1.56455 1.56541 1.52144 1.52100 1.52100 1.52100 1.45518 1.32453 1.32090 1.32511 1.31395 1.38914 1.42885 1.61550 1.60412 1.52928 1.55551 1.55593 1.54163 1.54338 1.55195 1.55489 1.54314 1.54111 1.60648 1.71263 1.70974 1.67235 1.61304 1.62147 1.65389 1.68251 1.59884 1.59769 1.54132 1.54132 1.54132 1.54132 1.54132 1.54132 1.54132 1.54132 1.54132 1.54132 1.53779 1.46395
1.40103 1.33129 1.32913 1.37884 1.37884 1.37908 1.43189 1.44120 1.44120 1.44120 1.44120 1.44120 1.43180 1.37365 1.38131 1.39817 1.38333 1.55677 1.56892 1.56892 1.56892 1.56892 1.56892 1.53084 1.52227 1.52925 1.53693 1.53541 1.37674 1.36343 1.38644 1.39484 1.48234 1.54891 1.74379 1.80102 1.63094 1.59803 1.58106 1.57651 1.55491 1.52740 1.50650 1.50489 1.50489 1.52603 1.68528 1.69721 1.70882 1.66774 1.66231 1.66405 1.73102 1.62710 1.60580 1.54849 1.54132 1.54132 1.54132 1.54132 1.54490 1.55071 1.56144 1.57414 1.58655 1.59081 1.54138
1.42214 1.38389 1.29236 1.37814 1.37884 1.37884 1.40684 1.44120 1.44120 1.44250 1.45626 1.47312 1.48996 1.45026 1.43494 1.43494 1.41331 1.49864 1.56892 1.57272 1.58040 1.58807 1.59575 1.57829 1.57356 1.58131 1.57273 1.56384 1.48333 1.55538 1.58031 1.60496 1.65281 1.71184 1.71545 1.66641 1.55851 1.48627 1.48239 1.47852 1.47464 1.47281 1.47979 1.48779 1.49579 1.50276 1.64588 1.66656 1.66268 1.62997 1.59316 1.58928 1.63092 1.60131 1.51897 1.60482 1.65346 1.64744 1.64623 1.64572 1.64233 1.64763 1.66732 1.68555 1.70385 1.72944 1.75882
1.42214 1.41561 1.28495 1.34721 1.37884 1.38041 1.39920 1.47181 1.49061 1.50625 1.51215 1.51638 1.52059 1.49213 1.47749 1.50921 1.54449 1.57639 1.69416 1.72605 1.75478 1.76577 1.75820 1.74825 1.70397 1.68720 1.68701 1.68689 1.51826 1.52213 1.56383 1.55992 1.56761 1.65295 1.64222 1.56734 1.53184 1.40650 1.41806 1.42994 1.44182 1.45161 1.45173 1.43936 1.42345 1.40759 1.49196 1.54538 1.52952 1.50787 1.43719 1.42009 1.42819 1.46476 1.39245 1.48722 1.62791 1.66297 1.69332 1.72402 1.75517 1.78144 1.79487 1.80797 1.82103 1.83407 1.84045
1.46242 1.46666 1.37416 1.38400 1.50003 1.51956 1.52649 1.57051 1.60092 1.62509 1.64794 1.66939 1.69084 1.69541 1.75658 1.84908 1.86914 1.81901 1.86123 1.85006 1.81353 1.79109 1.78672 1.77118 1.70993 1.70695 1.70695 1.70695 1.58052 1.46678 1.55520 1.55520 1.55162 1.62002 1.63073 1.55964 1.53645 1.39063 1.34954 1.33365 1.31778 1.30187 1.28717 1.28570 1.28808 1.29048 1.34799 1.46216 1.46385 1.44308 1.38470 1.36061 1.35690 1.43945 1.53547 1.63965 1.79822 1.81124 1.82427 1.83633 1.84793 1.85378 1.85378 1.85378 1.85378 1.85281 1.82435
1.51006 1.51425 1.44599 1.38203 1.53083 1.57635 1.59782 1.63375 1.69947 1.70089 1.70295 1.71339 1.72463 1.71548 1.70918 1.81824 1.77010 1.72900 1.74003 1.76045 1.75488 1.75488 1.75219 1.74458 1.70247 1.68130 1.67360 1.66622 1.57887 1.39518 1.47938 1.51390 1.52294 1.54030 1.55020 1.51502 1.46887 1.39305 1.30960 1.31198 1.31435 1.31673 1.31885 1.31916 1.32966 1.33630 1.34150 1.47174 1.46305 1.47359 1.46776 1.43312 1.44456 1.50635 1.56663 1.66226 1.84463 1.85378 1.85378 1.85682 1.86200 1.85515 1.81365 1.76769 1.72297 1.68033 1.66397
1.54380 1.56069 1.55610 1.47224 1.54422 1.65305 1.66439 1.67579 1.73832 1.73975 1.71411 1.66708 1.61840 1.58489 1.53829 1.67648 1.68770 1.69146 1.69356 1.76950 1.77417 1.77858 1.78571 1.79765 1.74184 1.63391 1.59736 1.56052 1.48591 1.31308 1.37843 1.55334 1.55334 1.55713 1.56927 1.56053 1.48399 1.46423 1.32309 1.35038 1.38280 1.38364 1.37607 1.36898 1.35303 1.34143 1.34120 1.45391 1.48043 1.47909 1.47762 1.48441 1.47988 1.49621 1.56932 1.64237 1.79527 1.82696 1.78375 1.73814 1.69081 1.65341 1.64809 1.64809 1.64809 1.64809 1.64809
1.64932 1.64166 1.65202 1.56639 1.58582 1.73177 1.70094 1.64888 1.63145 1.65298 1.64271 1.64700 1.65474 1.66458 1.63509 1.70917 1.77325 1.77325 1.76333 1.82210 1.84164 1.81678 1.77816 1.73951 1.66844 1.50595 1.50595 1.50595 1.50385 1.33093 1.28204 1.54699 1.55334 1.55699 1.58142 1.59249 1.53123 1.47842 1.42553 1.38467 1.34902 1.34135 1.34031 1.33645 1.31844 1.29879 1.27750 1.32857 1.36743 1.34569 1.32452 1.36425 1.41463 1.41742 1.56494 1.56186 1.59483 1.64895 1.64809 1.64809 1.64809 1.64809 1.64809 1.64809 1.64809 1.64809 1.64809
1.68502 1.66851 1.64579 1.60918 1.57911 1.57745 1.57539 1.57539 1.58092 1.66306 1.66682 1.66682 1.66682 1.66682 1.65951 1.64802 1.77254 1.74642 1.70324 1.68648 1.69992 1.68617 1.68617 1.68617 1.68540 1.52221 1.50595 1.50623 1.51254 1.38920 1.31557 1.46407 1.58833 1.54847 1.51289 1.47073 1.38696 1.31950 1.29360 1.26269 1.24108 1.21998 1.20034 1.18347 1.17806 1.17443 1.17310 1.20828 1.29913 1.29868 1.29802 1.31992 1.41177 1.41153 1.51267 1.56604 1.52501 1.64853 1.64809 1.64809 1.64809 1.64809 1.64809 1.64809 1.64807 1.63798 1.61931
1.59093 1.56322 1.55674 1.54852 1.53841 1.54714 1.57536 1.57539 1.57539 1.63180 1.66682 1.66682 1.66591 1.64167 1.60733 1.51769 1.62555 1.61727 1.61696 1.60761 1.68283 1.68617 1.68819 1.69649 1.70521 1.59744 1.54245 1.55090 1.55195 1.46032 1.35674 1.31504 1.42308 1.42066 1.30468 1.30223 1.29985 1.19836 1.19181 1.17395 1.17280 1.17155 1.17026 1.16896 1.16761 1.16580 1.16384 1.16716 1.28287 1.28450 1.28321 1.28225 1.38129 1.39444 1.44022 1.55574 1.49612 1.54580 1.53872 1.53121 1.52253 1.50018 1.47398 1.44778 1.42517 1.43814 1.46471
1.55053 1.56736 1.55674 1.55172 1.53841 1.53844 1.56806 1.57539 1.57413 1.56856 1.60604 1.57170 1.53829 1.52818 1.52818 1.48743 1.56434 1.62113 1.63100 1.63161 1.68397 1.71773 1.72273 1.72143 1.71819 1.64354 1.52737 1.53008 1.52037 1.46596 1.29867 1.25609 1.42696 1.45335 1.31719 1.29560 1.29428 1.19340 1.15793 1.14606 1.13887 1.13821 1.13756 1.13690 1.13629 1.13617 1.13625 1.14259 1.24797 1.28910 1.29934 1.30958 1.38427 1.44519 1.44498 1.50399 1.49742 1.43278 1.41993 1.42514 1.44180 1.47197 1.50607 1.54018 1.57105 1.57720 1.57836
1.57915 1.60435 1.60148 1.60750 1.52992 1.50519 1.48797 1.45884 1.42424 1.41358 1.48622 1.50218 1.51230 1.54204 1.57411 1.59082 1.58767 1.63978 1.63978 1.63595 1.64915 1.71269 1.72417 1.72473 1.71768 1.69102 1.48973 1.45273 1.43189 1.41019 1.20958 1.18602 1.22546 1.32153 1.26779 1.28500 1.29183 1.24740 1.17725 1.18236 1.17983 1.19000 1.20023 1.21048 1.22070 1.23095 1.24109 1.24531 1.30828 1.36940 1.36861 1.36782 1.40715 1.54330 1.62018 1.67757 1.80633 1.60246 1.55778 1.56660 1.56764 1.56880 1.56996 1.57112 1.57193 1.57197 1.57197
1.67242 1.66958 1.64933 1.62447 1.47633 1.43147 1.45305 1.46795 1.49987 1.53419 1.61042 1.70730 1.73291 1.73467 1.73306 1.73042 1.64229 1.62427 1.60699 1.56485 1.59845 1.63503 1.60276 1.57441 1.55570 1.53767 1.37838 1.35039 1.35060 1.35080 1.21251 1.16499 1.16837 1.32447 1.30970 1.32357 1.42275 1.41625 1.28514 1.28494 1.27363 1.27521 1.27858 1.28197 1.28535 1.28872 1.29212 1.29861 1.35947 1.48018 1.55673 1.63784 1.70997 1.85141 1.86430 1.82427 1.89640 1.79414 1.57201 1.57185 1.57197 1.57197 1.57258 1.58788 1.61433 1.64721 1.68221
1.66726 1.67243 1.73186 1.77347 1.71912 1.63915 1.64952 1.64072 1.62980 1.62737 1.62972 1.69984 1.67273 1.63878 1.59490 1.54828 1.45369 1.39936 1.40035 1.39941 1.43154 1.49830 1.53242 1.53282 1.53322 1.53362 1.44754 1.39003 1.41647 1.47285 1.43569 1.39963 1.42228 1.38225 1.37487 1.33079 1.46512 1.46512 1.35492 1.31239 1.30352 1.29573 1.31466 1.35043 1.40799 1.48077 1.55769 1.63542 1.66602 1.73206 1.75065 1.76995 1.78924 1.87711 1.87460 1.83475 1.91657 1.96893 1.70174 1.68277 1.71491 1.75217 1.79027 1.81300 1.82165 1.82298 1.82298
1.50877 1.45997 1.66522 1.83968 1.76328 1.58491 1.55827 1.52901 1.48672 1.46800 1.47318 1.48509 1.44986 1.43196 1.42582 1.42439 1.40359 1.36164 1.40262 1.40276 1.41421 1.47480 1.53488 1.53499 1.55950 1.61217 1.62605 1.59186 1.62193 1.62206 1.57331 1.43582 1.43578 1.39277 1.37611 1.31913 1.45170 1.46254 1.40168 1.30731 1.35009 1.54640 1.60522 1.64865 1.66478 1.67614 1.69546 1.72293 1.76782 1.87310 1.96417 2.03631 2.11429 2.21089 2.23407 2.27298 2.16767 2.15633 1.98990 1.81933 1.82255 1.82298 1.82298 1.82298 1.82298 1.82298 1.82298
1.20272 1.14502 1.18028 1.53027 1.54001 1.48886 1.56561 1.63044 1.59624 1.55503 1.55582 1.52919 1.42367 1.42367 1.42367 1.42367 1.42128 1.35867 1.39336 1.40276 1.42641 1.53204 1.65140 1.71958 1.74775 1.74778 1.74058 1.62406 1.62206 1.62206 1.61433 1.43852 1.43214 1.40518 1.37293 1.34398 1.41821 1.53634 1.57273 1.45306 1.48426 1.70678 1.80087 1.87740 1.96868 2.05412 2.13702 2.21359 2.26690 2.34978 2.40402 2.40402 2.37971 2.32654 2.23596 2.14331 2.00557 2.04199 2.05946 1.83697 1.82298 1.82298 1.82298 1.82298 1.82298 1.82298 1.82298
1.10450 1.13382 1.18410 1.60412 1.78943 1.70725 1.71057 1.71057 1.68791 1.55751 1.55582 1.55582 1.45022 1.42367 1.42367 1.42371 1.44900 1.44849 1.49735 1.56862 1.59190 1.63282 1.70568 1.74778 1.74778 1.74759 1.74554 1.64566 1.61471 1.61215 1.60960 1.46274 1.43039 1.43744 1.40743 1.44700 1.59923 1.85091 1.87716 1.85853 1.91970 2.08605 2.29743 2.31104 2.31104 2.30314 2.26612 2.22707 2.16474 2.10909 2.10858 2.04069 1.99647 1.97763 2.07366 2.17301 2.09221 2.09349 2.12145 1.96843 1.86416 1.86630 1.87546 1.89793 1.95560 2.03827 2.12842
1.28048 1.30055 1.29588 1.48106 1.80013 1.72516 1.71057 1.71057 1.71057 1.59977 1.55582 1.55597 1.53051 1.49761 1.54448 1.59127 1.61281 1.58547 1.55244 1.59190 1.59524 1.62092 1.71397 1.73979 1.72292 1.70430 1.68796 1.61928 1.57630 1.59430 1.60055 1.52531 1.46431 1.48166 1.44228 1.44721 1.54932 1.90208 1.88518 1.92753 2.04645 2.04262 2.25186 2.22522 2.16463 2.10430 2.06806 2.03474 2.02391 2.02433 2.09696 2.10284 2.10080 2.09872 2.11847 2.32782 2.28341 2.37785 2.42794 2.38294 2.18943 2.28756 2.40404 2.53484 2.61315 2.65846 2.70385
1.24761 1.32061 1.29444 1.32048 1.76413 1.74828 1.73636 1.74995 1.76844 1.76503 1.72953 1.78162 1.80063 1.68718 1.68546 1.69678 1.70353 1.69442 1.63499 1.66981 1.67300 1.66031 1.71379 1.70752 1.71199 1.72558 1.74944 1.75687 1.67906 1.68891 1.72436 1.70382 1.60760 1.62536 1.61875 1.57869 1.65258 1.75996 1.77039 1.77085 1.89225 1.85906 1.98930 2.02547 2.01557 2.01350 2.01143 2.00936 2.00729 2.00523 2.05576 2.08154 2.08152 2.08447 2.09073 2.29369 2.30224 2.52667 2.56246 2.54573 2.52215 2.79561 2.83411 2.82481 2.81165 2.79850 2.78534
