results/OMI_NO2_201107.asc
ncols      200
nrows      200
xllcorner       120.258
yllcorner       41.1236
cellsize     0.0166667
NODATA_Value      -999.000
[rows 58 to 86 of 165, columns 67 to 133 of 200]
1.77305 1.76531 1.76531 1.76531 1.94050 2.34465 2.29359 2.15303 2.01086 1.86879 1.82490 1.93320 2.05256 2.17193 2.28733 2.32022 2.32022 2.33797 2.35817 2.35817 2.40304 2.44436 2.44436 2.44436 2.44436 2.44436 2.45612 2.52200 2.66936 2.82093 2.89351 2.95798 2.96804 2.96804 2.96804 2.96804 2.97993 3.05466 3.13859 3.22246 3.17229 3.06793 3.06793 3.06793 3.03209 2.52692 2.36135 2.24315 2.12737 2.09030 2.09030 2.31718 2.40625 2.40625 2.40625 2.40625 2.40625 2.40625 2.40625 2.41246 2.56277 2.57233 2.57233 2.57233 2.57233 2.57233 2.56436
1.95578 1.76531 1.72188 1.52244 1.30940 1.78560 1.85369 1.97062 2.08993 2.20930 2.30921 2.32022 2.32022 2.32022 2.32022 2.32022 2.32022 2.32277 2.35646 2.35817 2.37011 2.46001 2.52891 2.60152 2.67413 2.74667 2.80755 2.81425 2.82888 2.96482 2.96804 2.96804 2.97655 3.04779 3.13163 3.21556 3.28753 3.29666 3.29666 3.29550 3.18966 2.87513 2.75594 2.63752 2.54610 2.32379 2.09030 2.09030 2.09030 2.09030 2.09030 2.18906 2.40625 2.40625 2.40625 2.40625 2.40625 2.40625 2.40625 2.40625 2.50598 2.55355 2.52607 2.49761 2.45492 2.40759 2.36824
1.70297 1.14040 0.970481 0.956571 0.956571 1.58079 2.31940 2.32022 2.32022 2.32022 2.32022 2.32022 2.32022 2.32022 2.32022 2.32022 2.31633 2.29591 2.29572 2.28948 2.26725 2.66823 2.81425 2.81425 2.81425 2.81425 2.81425 2.81425 2.81990 2.98898 3.12476 3.20866 3.28401 3.29666 3.29666 3.27522 3.16615 3.04800 2.92964 2.81249 2.76849 2.59660 2.53976 2.53976 2.53976 2.50401 2.10555 2.09030 2.09030 2.09030 2.09030 2.09497 2.37207 2.40625 2.40625 2.40934 2.43685 2.46959 2.50229 2.53379 2.51671 2.38648 2.36665 2.34779 2.34316 2.34316 2.34316
1.20210 0.970928 0.956571 0.956571 0.956571 1.02831 2.25268 2.32022 2.32022 2.32022 2.32022 2.31729 2.29781 2.27560 2.25336 2.23113 2.21281 2.21095 2.21638 2.24856 2.24889 2.45176 2.81425 2.81425 2.81770 2.88017 2.96407 3.04793 3.12618 3.18118 3.29645 3.22948 3.11133 2.99296 2.87466 2.77789 2.76849 2.76849 2.76849 2.76849 2.76849 2.68411 2.53976 2.53976 2.53976 2.53976 2.26518 2.09030 2.09030 2.09030 2.09785 2.12892 2.31998 2.51030 2.54307 2.57111 2.56011 2.54028 2.52051 2.50187 2.49746 2.36663 2.34316 2.34316 2.34316 2.34315 2.34308
1.20882 1.03825 0.956571 0.956571 0.956571 0.956571 1.82811 2.29966 2.27741 2.25519 2.23298 2.21362 2.21095 2.21095 2.21095 2.21095 2.21095 2.21095 2.21095 2.23715 2.25066 2.32785 2.92135 3.04106 3.12148 3.14287 3.14411 3.15590 3.17009 3.18463 2.89082 2.76849 2.76849 2.76849 2.76849 2.76849 2.76849 2.76849 2.76849 2.76849 2.76849 2.75905 2.55229 2.53976 2.53976 2.55375 2.50624 2.17053 2.20237 2.23514 2.26029 2.26004 2.27805 2.53498 2.51964 2.50137 2.49777 2.49777 2.49777 2.49777 2.49777 2.42448 2.34301 2.34281 2.34278 2.34267 2.34263
1.20882 1.15309 0.930212 0.895119 0.861795 0.828439 1.06180 2.20260 2.21095 2.21095 2.21095 2.21095 2.21095 2.21095 2.21095 2.21095 2.21094 2.20679 2.19902 2.25262 2.55093 2.57751 2.91228 3.16046 3.17466 3.18887 3.20183 3.20424 3.20424 3.20424 3.01905 2.76849 2.76849 2.76849 2.76849 2.76849 2.76849 2.76849 2.76849 2.76831 2.74524 2.70594 2.63355 2.65985 2.69262 2.71133 2.71142 2.37571 2.24254 2.22270 2.20287 2.18496 2.18182 2.39979 2.49777 2.49777 2.49776 2.49766 2.49755 2.49743 2.49732 2.48051 2.34430 2.34263 2.34263 2.34263 2.34263
1.20882 1.20882 0.859618 0.792656 0.792656 0.792656 0.792656 1.89997 2.21095 2.21095 2.21095 2.21095 2.21095 2.20826 2.20060 2.19283 2.18506 2.18147 2.18942 2.20394 2.53676 2.62809 2.75069 3.20424 3.20424 3.20424 3.20424 3.20424 3.20424 3.20424 3.17883 2.78815 2.76849 2.76849 2.76787 2.74175 2.70252 2.66327 2.62396 2.58492 2.56876 2.56876 2.60041 2.70930 2.68813 2.66238 2.63663 2.48209 2.18182 2.18182 2.18182 2.18182 2.18725 2.28498 2.49748 2.49737 2.49726 2.49724 2.49724 2.49724 2.49724 2.49724 2.38579 2.34263 2.34263 2.34263 2.34263
1.20882 1.20882 1.00160 0.792656 0.792656 0.792656 0.792656 1.32139 2.21095 2.20942 2.20218 2.19441 2.18664 2.18261 2.19399 2.20819 2.22239 2.23657 2.24281 2.24281 2.38711 2.63888 2.63888 3.09786 3.20424 3.20424 3.20424 3.20424 3.20424 3.20284 3.17408 2.87239 2.65982 2.62055 2.58192 2.56876 2.56876 2.56876 2.56876 2.56738 2.54743 2.52168 2.49612 2.59217 2.61040 2.61040 2.61040 2.60750 2.25069 2.20377 2.21503 2.22631 2.23215 2.23456 2.46332 2.49724 2.49724 2.49724 2.49724 2.49724 2.49724 2.49724 2.44395 2.34263 2.34263 2.34263 2.34263
1.20882 1.20882 1.18979 0.810811 0.792656 0.791607 0.781886 0.783874 2.04563 2.18552 2.19856 2.21277 2.22697 2.24011 2.24281 2.24281 2.24281 2.24281 2.24281 2.24281 2.25204 2.59901 2.63888 2.87933 3.20172 3.17066 3.13137 3.09211 3.05286 3.01501 3.00450 2.92145 2.56889 2.56876 2.56876 2.56795 2.54939 2.52365 2.49791 2.47354 2.46774 2.46774 2.46774 2.53796 2.62633 2.63760 2.64887 2.65901 2.47227 2.23215 2.23215 2.23215 2.23215 2.23215 2.35807 2.49724 2.49724 2.49724 2.49724 2.49724 2.49724 2.49724 2.49222 2.35254 2.35528 2.38984 2.42560
1.20882 1.20826 1.19203 0.888202 0.760947 0.867693 1.10656 1.30355 1.81971 2.24220 2.24281 2.24281 2.24281 2.24281 2.24281 2.24281 2.24281 2.24281 2.24281 2.24509 2.28280 2.52306 2.77826 2.84949 3.00905 3.00450 3.00450 3.00450 3.00450 3.00450 3.00450 3.00410 2.64787 2.52561 2.49986 2.47495 2.46774 2.46774 2.46855 2.47765 2.48891 2.50019 2.51146 2.53161 2.65841 2.66073 2.66073 2.66073 2.63622 2.25413 2.23215 2.23215 2.23215 2.23215 2.25638 2.49141 2.49724 2.49724 2.49722 2.49557 2.49293 2.49028 2.48952 2.60198 2.81945 3.04157 3.31575
1.15223 1.38632 1.70049 1.78785 1.49379 1.57387 1.57442 1.57442 1.61881 2.21635 2.24281 2.24281 2.24281 2.24281 2.24406 2.27896 2.32861 2.37831 2.42803 2.47538 2.48739 2.51778 2.86868 2.88346 2.96267 3.00450 3.00450 3.00438 2.98906 2.96332 2.93756 2.91224 2.74366 2.46774 2.47176 2.48289 2.49417 2.50544 2.51590 2.51808 2.51808 2.51808 2.51808 2.51808 2.61767 2.66073 2.66073 2.66073 2.66073 2.41559 2.23215 2.23215 2.23215 2.23196 2.22982 2.40312 2.48961 2.48696 2.48758 2.59319 2.77282 2.99018 3.25559 3.45100 3.66651 3.79590 3.89995
2.11820 2.17339 2.17339 2.17339 1.67614 1.57442 1.57442 1.57442 1.57442 1.98197 2.27507 2.32475 2.37444 2.42417 2.47254 2.48739 2.48739 2.48739 2.48739 2.48739 2.48739 2.48739 2.72417 2.88346 2.90253 2.96528 2.93952 2.91392 2.90349 2.90435 2.93293 2.97462 3.00216 2.55373 2.51795 2.51808 2.51808 2.51808 2.51808 2.51808 2.51808 2.51808 2.51808 2.51808 2.56321 2.66073 2.66073 2.66073 2.66020 2.59544 2.22955 2.22386 2.22121 2.21876 2.22246 2.39140 2.78211 3.00183 3.26744 3.39304 3.55421 3.70003 3.81775 3.88289 3.93839 4.01945 4.09985
2.17339 2.17339 2.17339 2.17339 1.89065 1.60282 1.65252 1.70217 1.75194 1.92900 2.48712 2.48739 2.48739 2.48739 2.48739 2.48739 2.48739 2.48739 2.48739 2.48739 2.52549 2.62804 2.75927 2.79516 2.78330 2.89415 2.94638 2.98807 3.02980 3.07066 3.08380 3.08380 3.08380 2.77616 2.51808 2.51808 2.51808 2.51808 2.51808 2.51808 2.51808 2.51808 2.51808 2.53148 2.57311 2.65681 2.65177 2.64912 2.64701 2.64683 2.35144 2.32500 2.48035 2.66898 2.89391 2.97410 3.44515 3.65705 3.78273 3.87441 3.93931 4.01975 4.10023 4.18067 4.27072 4.30396 4.30396
2.17339 2.17339 2.17339 2.17339 2.15203 1.83305 1.81900 1.81900 1.81900 1.81900 2.33587 2.48739 2.48739 2.48739 2.48739 2.48739 2.50942 2.60671 2.71024 2.81369 2.87913 2.89524 2.93652 2.90825 2.92213 3.01818 3.08380 3.08380 3.08380 3.08380 3.08380 3.08380 3.08380 3.00534 2.52181 2.51808 2.51808 2.51808 2.53466 2.57379 2.61308 2.65238 2.69165 2.71754 2.71814 2.67844 2.64600 2.62526 2.59596 2.56668 2.62337 2.96751 2.96751 2.96751 2.96751 3.24446 3.78516 4.06906 4.14947 4.22853 4.25506 4.25506 4.25506 4.25506 4.26031 4.30344 4.30396
2.17339 2.17339 2.17339 2.17339 2.17339 1.93104 1.81900 1.81900 1.81900 1.81900 2.05655 2.48739 2.49772 2.58542 2.68895 2.79241 2.87457 2.90824 2.94997 2.99167 3.03338 3.06001 3.06046 3.03348 2.96276 2.97708 3.08271 3.08380 3.08380 3.08380 3.08380 3.08380 3.08380 3.10391 2.73525 2.61677 2.65604 2.69531 2.71801 2.71814 2.71814 2.71814 2.71777 2.69879 2.66949 2.62760 2.54047 2.53191 2.53191 2.53191 2.53318 2.87769 2.99072 3.00422 3.01759 3.04072 3.64851 4.23641 4.25506 4.25506 4.25506 4.25506 4.25506 4.25506 4.25506 4.29035 4.30396
2.17339 2.17339 2.17339 2.17339 2.17339 2.07722 1.81900 1.81900 1.82198 1.89578 2.01645 2.71227 2.86948 2.92169 2.96344 3.00514 3.04620 3.06046 3.06046 3.06046 3.06046 3.06046 3.06046 3.06012 2.97914 2.96276 3.05031 3.08402 3.10759 3.14688 3.18617 3.22542 3.26469 3.28386 3.10899 2.71814 2.71814 2.71814 2.71803 2.70102 2.67174 2.64246 2.61353 2.60322 2.60322 2.60322 2.54850 2.54260 2.55159 2.56059 2.56936 2.71550 3.02777 3.02777 3.02777 3.02777 3.36183 4.03984 4.25506 4.25506 4.25506 4.25506 4.25506 4.25506 4.25506 4.27225 4.30396
2.17339 2.17339 2.17339 2.17339 2.17351 2.25664 2.03752 2.08152 2.19616 2.27967 2.33577 2.71806 3.05516 3.06046 3.06046 3.06046 3.06046 3.06046 3.06046 3.06046 3.06046 3.06046 3.06042 3.04692 2.98434 2.90126 2.99178 3.26816 3.28386 3.28386 3.28386 3.28386 3.28386 3.28386 3.27656 2.76866 2.67398 2.64469 2.61550 2.60322 2.60322 2.60332 2.60910 2.61810 2.62709 2.63609 2.61317 2.57209 2.57209 2.57209 2.57209 2.58525 2.98377 3.02777 3.02777 3.02777 3.06817 3.77124 4.25506 4.25506 4.25506 4.25506 4.26568 4.29521 4.32510 4.35522 4.10035
2.17339 2.22689 2.38000 2.53518 2.72359 2.87929 2.64438 2.40173 2.44366 2.44601 2.44601 2.51765 3.05235 3.06046 3.06046 3.06046 3.06046 3.06046 3.04903 3.02506 3.00107 2.97708 2.95314 2.94267 2.93925 2.85273 2.85722 3.25151 3.28386 3.28386 3.28386 3.27116 3.24194 3.21265 3.18335 2.89423 2.60322 2.60501 2.61335 2.62230 2.63129 2.64018 2.64339 2.64339 2.64339 2.64339 2.63855 2.57427 2.57209 2.57209 2.57209 2.57209 2.77409 3.02777 3.02777 3.02777 3.02798 3.43729 4.20136 4.33271 4.36260 4.39250 4.29106 4.08077 3.89901 3.74047 3.53102
2.70605 2.89198 2.97831 3.06239 3.11338 3.11390 3.05385 2.46296 2.44601 2.44601 2.44601 2.44601 2.86873 3.05099 3.02718 3.00318 2.97920 2.95522 2.94267 2.94267 2.94267 2.94267 2.94267 2.94267 2.94267 2.89231 2.84496 3.08460 3.24417 3.21488 3.18554 3.16901 3.16894 3.16881 3.16844 3.11560 2.64654 2.64275 2.64339 2.64339 2.64339 2.64339 2.64339 2.64339 2.64339 2.64339 2.64339 2.59650 2.57209 2.57209 2.57209 2.57394 2.63825 3.10188 3.15567 3.20049 3.24509 3.33361 3.94382 4.07156 3.89094 3.73321 3.65870 3.58895 3.48570 3.36506 3.19619
3.11390 3.11390 3.11390 3.11390 3.11390 3.11390 3.11390 2.63231 2.43832 2.41482 2.39084 2.36685 2.50926 2.94282 2.94267 2.94267 2.94267 2.94267 2.94267 2.94267 2.94267 2.94267 2.94267 2.95985 3.02812 3.07905 2.76045 2.81221 3.16893 3.16872 3.16844 3.16816 3.16788 3.16774 3.16774 3.16774 2.81907 2.64339 2.64339 2.64339 2.64339 2.64339 2.64339 2.64339 2.64339 2.64339 2.63770 2.59930 2.63512 2.66497 2.69487 2.72290 2.72912 3.04159 3.13475 2.95754 2.81351 2.69423 3.05748 3.60060 3.52039 3.40575 3.27805 3.21987 3.16840 3.11684 3.06473
3.11390 3.11390 3.11390 3.09116 2.98215 2.88249 2.79867 2.63129 2.32870 2.32821 2.32821 2.32821 2.33110 2.85019 2.94267 2.94267 2.94267 2.94267 2.94267 2.95121 3.01350 3.08511 3.15675 3.21118 3.21450 3.21424 2.90599 2.72917 3.08102 3.16774 3.16774 3.16774 3.16774 3.16774 3.16774 3.16774 3.03339 2.64339 2.64339 2.64339 2.64339 2.63583 2.60207 2.56609 2.53007 2.49409 2.46382 2.46315 2.69939 2.72913 2.73236 2.73828 2.74424 2.73065 2.64753 2.64753 2.64753 2.64753 2.67389 3.02510 3.13676 3.08525 3.03361 3.00580 3.00576 3.00576 3.00576
2.90411 2.81696 2.74280 2.68927 2.68405 2.68405 2.68405 2.68302 2.38162 2.32821 2.32821 2.32821 2.32821 2.59742 2.94267 2.94558 2.99884 3.07048 3.14207 3.20523 3.21442 3.21415 3.21387 3.21359 3.21337 3.21336 3.11805 2.72914 2.91235 3.16774 3.16774 3.16774 3.16774 3.16774 3.16774 3.16774 3.15628 2.68065 2.56301 2.52701 2.49105 2.46259 2.46038 2.46038 2.46038 2.46038 2.46312 2.46907 2.61527 2.74973 2.75248 2.75248 2.75248 2.75234 2.71482 2.79014 2.88466 2.97926 3.06012 3.05621 3.00576 3.00576 3.00576 3.00576 3.00576 3.00576 3.00576
2.68405 2.68405 2.68405 2.68405 2.68405 2.68405 2.68405 2.68405 2.51910 2.32821 2.32821 2.32843 2.36978 2.48039 3.10179 3.19619 3.21425 3.21406 3.21378 3.21359 3.21336 3.21336 3.21336 3.21336 3.21336 3.21336 3.21336 2.84680 2.75814 3.15348 3.16774 3.15570 3.12029 3.08431 3.04831 3.01233 2.98601 2.75452 2.46038 2.46038 2.46038 2.46038 2.46269 2.46861 2.47456 2.48052 2.48373 2.48374 2.52316 2.76258 2.84488 2.93952 3.03408 3.12859 3.13440 3.07022 3.07022 3.07022 3.07022 3.07020 3.01764 3.00576 3.00576 3.00576 3.00576 3.00576 3.00576
2.68405 2.68405 2.68405 2.68405 2.68405 2.68405 2.68405 2.68405 2.67842 2.43337 2.49841 2.57763 2.65949 2.71772 3.04485 3.21342 3.21336 3.21336 3.21336 3.21336 3.21336 3.21336 3.21336 3.21336 3.21336 3.21336 3.23542 3.14851 2.88571 3.02437 3.00927 2.98531 2.98473 2.98473 2.98473 2.98473 2.98473 2.94947 2.48171 2.46814 2.47410 2.48006 2.48369 2.48374 2.48374 2.52622 2.62060 2.71516 2.80980 3.09938 3.17518 3.17518 3.17518 3.17518 3.17157 3.07833 3.07022 3.07022 3.07022 3.07022 3.04348 3.00576 3.00576 3.00576 3.00576 3.00381 2.99214
2.68405 2.68405 2.68405 2.68405 2.70015 2.76798 2.83954 2.92541 3.02507 2.84009 2.78621 2.83654 2.84322 2.84322 2.91403 3.21324 3.21336 3.21336 3.21336 3.21336 3.21336 3.23173 3.29732 3.36546 3.43343 3.50147 3.54741 3.54344 3.12871 3.04307 2.98473 2.98473 2.98473 2.98473 2.98630 2.99203 2.99799 3.00390 2.68198 2.48374 2.49202 2.57047 2.66507 2.75959 2.85419 2.90630 2.90643 2.90643 2.90643 3.01080 3.17518 3.17518 3.17518 3.17518 3.17518 3.11986 3.07022 3.07022 3.07022 3.07022 3.06243 2.99171 2.97593 2.96291 2.94991 2.93821 2.93498
2.69186 2.75330 2.82494 2.91883 3.03211 3.09415 3.15236 3.19641 3.19906 3.09387 2.84322 2.84322 2.84322 2.84322 2.84322 3.13067 3.22838 3.29259 3.36067 3.42864 3.49668 3.54634 3.54869 3.54869 3.54869 3.54869 3.54869 3.54869 3.33646 3.06361 2.99599 2.99157 2.99752 3.00348 3.00786 3.00809 2.99818 2.96768 2.87121 2.80405 2.89037 2.90643 2.90643 2.90643 2.90643 2.90643 2.90643 2.90643 2.90643 2.92056 3.16381 3.17518 3.17518 3.17518 3.17517 3.15625 3.05188 3.03718 3.02418 3.01118 3.00227 2.96180 2.93488 2.93295 2.93101 2.92972 2.92968
3.03476 3.10446 3.16267 3.19862 3.19906 3.19906 3.19906 3.19906 3.19906 3.19436 2.88122 2.85526 2.91766 2.98570 3.05377 3.25574 3.54493 3.54869 3.54869 3.54869 3.54869 3.54869 3.54869 3.54869 3.54869 3.54869 3.53901 3.46966 3.36534 3.09124 3.04772 3.00789 2.98891 2.95769 2.92649 2.89529 2.87397 2.87334 2.87334 2.90019 2.90643 2.90643 2.90643 2.90643 2.90643 2.90643 2.90643 2.90643 2.90643 2.90601 3.06662 3.15194 3.13893 3.12592 3.11293 3.10695 3.03696 3.00119 2.99925 2.99732 2.99538 2.98051 2.92968 2.92968 2.92968 2.92968 2.95696
3.21362 3.19906 3.19906 3.19906 3.19906 3.19906 3.19375 3.13625 3.06563 2.99488 3.02015 3.17302 3.17855 3.17855 3.17855 3.18925 3.51859 3.54869 3.54869 3.54869 3.54869 3.54869 3.54527 3.48557 3.40600 3.32640 3.25648 3.24336 3.21718 3.09684 2.98634 2.88623 2.87334 2.87334 2.87334 2.87334 2.87334 2.87334 2.87334 2.88674 2.90643 2.90643 2.90643 2.90643 2.90570 2.89630 2.88438 2.87249 2.86058 2.84909 2.91254 3.10695 3.10695 3.08963 3.04232 2.99449 2.95935 2.99416 2.99415 2.99415 2.99415 2.99431 3.00810 3.11275 3.21099 3.30929 3.38031
3.23385 3.19870 3.15339 3.08278 3.01203 2.94137 2.87600 2.86279 2.86279 2.86279 2.90510 3.17678 3.17855 3.17855 3.17855 3.17855 3.37594 3.54869 3.54832 3.50133 3.42191 3.34234 3.26613 3.23750 3.20729 3.17605 3.14486 3.11653 3.11151 3.09005 2.95439 2.89481 2.87334 2.87334 2.87334 2.87334 2.87334 2.87334 2.87334 2.87376 2.89353 2.88333 2.87143 2.85954 2.84836 2.84586 2.84586 2.84586 2.84586 2.83157 2.78648 2.96490 2.95038 2.91988 2.91936 2.91936 2.91940 2.98103 2.99790 3.00078 3.00366 3.00637 3.16113 3.38348 3.38348 3.38348 3.38348
