results/OMI_NO2_201004.asc
ncols      200
nrows      200
xllcorner       120.258
yllcorner       41.1236
cellsize     0.0166667
NODATA_Value      -999.000
[rows 150 to 179 of 200, columns 0 to 65 of 200]
0.692982 0.692982 0.692982 0.692982 0.697767 1.02784 1.64111 4.04292 4.08846 4.08846 4.08846 4.15202 5.18509 5.22028 5.22028 5.22028 5.22028 5.22028 5.22028 5.22028 5.22028 5.22028 5.22028 5.22028 5.22028 5.28838 7.00310 6.72565 6.46070 6.50552 6.55033 5.87520 5.50218 5.50218 5.50218 5.50218 5.50218 5.50218 5.51197 5.57132 5.63750 5.70377 5.76988 5.82366 5.82848 5.82848 5.82848 6.07016 6.53589 6.53589 6.53589 6.53589 6.53589 6.53589 6.29994 5.78920 5.78920 5.78920 5.78920 5.78920 5.79138 5.85624 5.94977 6.04334 6.13683 6.20441
0.692982 0.692982 0.692982 0.692982 0.692982 0.929726 1.09110 3.34140 4.08846 4.08846 4.08846 4.08846 4.79566 5.22028 5.22028 5.22028 5.22028 5.22028 5.22028 5.22028 5.22028 5.22028 5.22028 5.23424 5.26413 5.29011 6.33599 7.17499 6.59165 6.43240 6.03031 6.32482 5.50218 5.50955 5.56669 5.63280 5.69907 5.76525 5.82163 5.82848 5.82848 5.82848 5.82848 5.82848 5.82848 5.82848 5.82848 5.85041 6.48904 6.53589 6.53589 6.53589 6.53589 6.53589 6.52335 5.86552 5.81147 5.90056 5.99409 6.08757 6.17901 6.20768 6.20768 6.20768 6.20768 6.20768
0.692982 0.692982 0.692982 0.692982 0.692982 0.766619 1.05061 2.22059 4.08846 4.08846 4.08846 4.08846 4.39286 5.22028 5.22028 5.22028 5.22028 5.22028 5.22067 5.24005 5.26885 5.27300 5.26673 5.22503 4.96861 4.69476 4.73672 5.52971 4.80888 4.56662 4.60673 6.35400 5.93998 5.81932 5.82848 5.82848 5.82848 5.82848 5.82848 5.82848 5.82848 5.82848 5.82848 5.82848 5.82848 5.82848 5.82848 5.82848 6.24402 6.53589 6.53589 6.53565 6.43445 6.25053 6.06668 6.00697 6.20320 6.20768 6.20768 6.20768 6.20768 6.20768 6.20768 6.20768 6.20768 6.20768
0.692982 0.692982 0.692982 0.692982 0.692982 0.692982 0.993062 1.18585 3.72607 4.08846 4.08846 4.08846 4.11472 5.12847 5.22216 5.24586 5.25697 5.25067 5.10232 4.82142 4.56147 4.34726 4.16140 4.00280 3.91620 3.83266 3.75161 4.42146 4.59818 4.73774 4.73774 5.61632 6.44988 5.82848 5.82848 5.82848 5.82848 5.82848 5.82848 5.82848 5.82848 5.82848 5.82848 5.82848 5.82848 5.82848 5.82848 5.81486 5.81489 6.18924 6.00532 5.82172 5.73900 5.73900 5.73900 5.79609 6.20313 6.20768 6.20768 6.20768 6.20768 6.20780 6.21118 6.21595 6.22073 6.22551
0.692982 0.692982 0.692982 0.692982 0.692982 0.692982 0.871017 1.05628 2.73446 4.08846 4.09186 4.10337 4.12638 4.65783 4.67837 4.43783 4.23031 4.05500 3.97409 3.93423 3.85069 3.76714 3.68355 3.60153 3.57434 3.57434 3.57434 3.93896 4.48675 4.72982 4.73774 4.96498 6.84553 5.87238 5.82848 5.82848 5.82848 5.82848 5.82848 5.82848 5.82848 5.82848 5.82848 5.78196 5.60550 5.42188 5.23716 5.06634 5.03209 5.62094 5.73900 5.73900 5.73900 5.73900 5.73900 5.73900 6.07280 6.21160 6.21638 6.22115 6.22593 6.23058 6.23199 6.23199 6.23199 6.23199
0.692982 0.692982 0.692982 0.692982 0.692982 0.692982 0.709559 1.00020 1.48569 4.40557 4.72233 4.93587 5.14969 4.80534 3.94986 3.86875 3.78513 3.70162 3.61807 3.57434 3.57434 3.57434 3.57434 3.57434 3.57434 3.57434 3.57434 3.64928 4.45420 4.64579 4.73774 4.73774 6.30100 6.24788 5.82848 5.82848 5.82848 5.82848 5.82825 5.72520 5.54256 5.35864 5.17472 5.03869 5.03159 5.03159 5.03159 5.03159 5.03159 5.35467 5.73900 5.73940 5.74335 5.74827 5.75290 5.75768 5.90750 6.23199 6.23199 6.23199 6.23199 6.23199 6.23199 6.23199 6.23199 6.23199
0.692982 0.692982 0.692982 0.692982 0.692982 0.692982 0.692982 0.894171 1.01750 3.99511 5.05656 4.94521 4.83371 4.71269 3.67255 3.57434 3.57434 3.57434 3.57434 3.57434 3.57434 3.57434 3.57434 3.57434 3.57434 3.57434 3.57434 3.57434 4.15849 4.54261 4.73774 4.73774 5.47902 6.69182 5.81515 5.66637 5.48314 5.29658 5.11222 5.03159 5.03159 5.03159 5.03159 5.03159 5.03159 5.03159 5.02734 4.98293 4.92876 4.95017 5.74271 5.76233 5.76331 5.76331 5.76331 5.76331 5.77039 6.18235 6.23199 6.23199 6.23199 6.23199 6.23199 6.23199 6.23199 6.23199
0.692982 0.692982 0.00000 0.00000 0.884595 0.884595 0.884595 0.886740 0.889925 1.72028 4.63687 4.64002 4.64002 4.64002 3.99796 3.57434 3.57434 3.57434 3.57434 3.57434 3.57434 3.57434 3.57434 3.57434 3.57434 3.57434 3.57434 3.57434 3.81869 4.47038 4.69547 4.66675 4.73833 6.57639 5.36077 5.03159 5.03159 5.03159 5.03159 5.03159 5.03159 5.02860 4.98655 4.93227 4.87804 4.82382 4.77379 4.76394 4.76394 4.76394 5.46659 5.76331 5.76331 5.76331 5.76331 5.76331 5.76331 6.00140 6.23199 6.23199 6.23199 6.23199 6.23199 6.23199 6.44701 6.86025
0.884595 0.884595 0.884595 0.884594 0.884595 0.884595 0.884595 0.884595 0.888786 0.828084 3.95958 4.64002 4.64002 4.64002 4.40697 3.57434 3.57434 3.57434 3.57434 3.57434 3.57434 3.57434 3.57434 3.57434 3.57434 3.57434 3.55907 3.51172 3.48023 4.17260 4.34134 4.46700 4.49086 5.88977 5.92791 5.03159 5.02972 4.99011 4.93583 4.88163 4.82738 4.77609 4.76394 4.76394 4.76394 4.76394 4.76394 4.76394 4.76394 4.76394 5.09243 5.76331 5.76331 5.76331 5.76331 5.76331 5.76331 5.81852 6.22683 6.28228 6.64226 7.05586 7.46928 7.88252 8.08091 8.08091
0.884595 0.884595 0.884595 0.884595 0.884595 0.884595 0.884595 0.884595 0.887283 0.884954 2.46481 4.64002 4.64002 4.64002 4.64002 3.72955 3.57434 3.57434 3.57434 3.57434 3.57434 3.57434 3.55069 3.50224 3.44733 3.38720 3.34252 3.40416 3.53690 4.27416 5.26630 5.98066 6.39032 6.41973 6.29857 4.91499 4.77858 4.76394 4.76394 4.76394 4.76394 4.76394 4.76394 4.76394 4.76394 4.76394 4.76394 4.76394 4.76394 4.76394 4.79053 5.68962 5.76331 5.76331 5.76331 5.88733 6.21348 6.54233 7.42363 8.02766 8.08091 8.08091 8.08091 8.08091 8.08091 8.08091
0.884595 0.884595 0.884595 0.884595 0.884595 0.884595 0.884595 0.884595 0.885048 0.889267 0.924524 4.39675 4.64002 4.64002 4.64002 4.07726 3.57434 3.57353 3.54124 3.48876 3.42875 3.39838 3.49389 3.63458 3.79754 3.98452 4.19288 4.33481 4.41570 4.75840 6.53132 6.36102 6.24420 6.24420 6.24420 5.38206 4.76394 4.76394 4.76394 4.76394 4.76394 4.76394 4.76394 4.76394 4.76394 4.76394 4.76394 4.76394 4.76394 4.76394 4.77078 5.57300 6.32395 6.65210 6.98095 7.18594 7.18879 7.18879 7.46480 8.08091 8.08091 8.08091 8.08091 8.08091 8.08091 7.98315
0.884595 0.884595 0.884595 0.884595 0.884595 0.884595 0.884595 0.884595 0.884595 0.888240 0.857433 3.14199 4.64002 4.63539 4.58040 4.35190 3.52046 3.60643 3.73891 3.90968 4.10939 4.28149 4.31877 4.39766 4.47855 4.55940 4.64037 4.68099 4.68099 4.68099 6.16859 6.52316 6.24420 6.24420 6.24420 5.98177 4.76513 4.76394 4.76394 4.76394 4.76394 4.76394 4.76394 4.76394 4.76394 4.76394 4.81212 5.10606 5.43449 5.76349 6.08550 6.39179 7.18879 7.18879 7.18879 7.18879 7.18879 7.18879 7.20305 7.98697 7.96427 7.76395 7.56364 7.36322 7.16301 7.06045
0.884595 0.884595 0.884595 0.884595 0.884595 0.884595 0.884595 0.884595 0.884595 1.27076 2.60880 3.93083 3.99513 3.75359 3.59294 3.46963 4.01984 4.30679 4.37957 4.46046 4.54139 4.62218 4.67894 4.68099 4.68099 4.68099 4.68099 4.68099 4.68099 4.68099 5.35449 6.66765 6.26740 6.24420 6.24420 6.24420 5.10392 4.76394 4.76394 4.76394 4.76394 4.76394 4.88995 5.21625 5.54525 5.87410 6.15492 6.18942 6.18942 6.18942 6.18942 6.18972 7.01479 7.18879 7.18573 7.05307 6.85285 6.65244 6.45212 6.71026 7.06045 7.06045 7.06045 7.06045 7.06045 7.06045
0.884595 0.884595 0.884595 0.884595 0.884560 1.37556 3.13100 4.14503 4.74492 5.06559 4.91033 4.85344 3.85290 3.48771 3.54841 3.60907 3.96385 4.67287 4.68099 4.68099 4.68099 4.68099 4.68099 4.68099 4.68099 4.68099 4.68099 4.68099 4.68099 4.68099 4.78581 6.61082 6.41670 6.24420 6.24420 6.24420 5.70509 4.77135 4.99801 5.32701 5.65601 5.98486 6.18700 6.18942 6.18942 6.18942 6.18942 6.18942 6.18942 6.19075 6.24374 6.32287 6.53736 6.43324 6.23609 6.16833 6.16833 6.16833 6.16833 6.27859 7.05224 7.06045 7.06045 7.06045 7.06045 7.06045
0.884435 1.34322 2.83304 3.77095 4.37076 4.89007 4.96480 4.96480 4.96807 4.97486 4.94768 4.91627 4.67697 3.72734 3.72734 3.72734 3.76781 4.63687 4.68099 4.68099 4.68099 4.68099 4.68099 4.68099 4.68099 4.68099 4.68099 4.68099 4.68099 4.68099 4.68099 5.83574 6.58472 6.25377 6.33996 6.44278 6.50670 6.12253 6.18942 6.18942 6.18942 6.18942 6.18942 6.18942 6.19001 6.23889 6.31811 6.39720 6.47626 6.55406 6.58021 6.58021 6.54053 6.17496 6.16833 6.16833 6.16833 6.16833 6.16833 6.16833 6.80650 7.06045 7.06045 7.06045 7.06045 7.06045
4.27458 4.90914 4.96480 4.96606 4.97234 4.97912 4.98591 4.99269 4.99621 4.99621 4.98946 4.92347 5.01465 3.90648 3.72734 3.72734 3.72734 4.29432 4.68099 4.68099 4.68099 4.68099 4.68099 4.68099 4.68099 4.68099 4.68099 4.68099 4.68099 4.69417 4.75778 5.27146 7.00642 6.72550 6.67496 6.67496 6.67496 6.40592 6.18942 6.18958 6.23409 6.31326 6.39243 6.47149 6.55000 6.58021 6.58021 6.58021 6.58021 6.58021 6.58021 6.58021 6.58021 6.28948 6.16833 6.16833 6.16833 6.16833 6.16833 6.16833 6.45086 7.06045 7.06132 7.07473 7.09228 7.10982
4.97660 4.98328 4.99017 4.99569 4.99621 4.99621 4.99621 4.99621 4.99621 4.99621 4.99621 4.94543 4.96162 4.45291 3.72734 3.72734 3.72734 3.96148 4.68099 4.68099 4.68099 4.68099 4.68099 4.68099 4.68099 4.70344 4.77073 4.85177 4.95304 5.04138 5.07935 5.12945 6.82332 6.90936 6.67496 6.71486 6.79395 6.79883 6.46837 6.54566 6.58021 6.58021 6.58021 6.58021 6.58021 6.58021 6.58021 6.58021 6.58021 6.58021 6.58021 6.58021 6.58021 6.44458 6.16833 6.16833 6.16833 6.16833 6.25846 6.60836 6.98996 7.17573 7.13486 7.13899 7.13899 7.13899
4.99621 4.99621 4.99621 4.99621 4.99621 4.99621 4.99621 4.99621 4.99621 4.99621 4.99621 4.97425 4.92254 4.94929 3.76405 3.72734 3.72734 3.74251 4.58492 4.68099 4.68099 4.71516 4.79043 4.88982 4.99138 5.07050 5.10472 5.12526 5.12555 5.12555 5.10206 5.03351 5.78365 6.77047 7.02127 7.06575 7.06575 7.06575 6.70368 6.58021 6.58021 6.58021 6.58021 6.58021 6.58021 6.58021 6.58021 6.58021 6.58021 6.58021 6.58021 6.58021 6.58021 6.56836 6.39511 6.73165 7.09742 7.46286 7.73881 7.75516 7.75516 7.43169 7.13899 7.13899 7.13899 7.13899
4.99621 4.99621 4.99621 4.99621 4.99621 4.99621 4.99621 4.99621 4.99621 4.99621 4.99621 4.99508 4.92965 4.99909 4.20875 3.72734 3.72822 3.76476 4.34495 4.92816 5.02971 5.09711 5.12340 5.12555 5.12555 5.11301 5.04891 4.97936 4.90975 4.84017 4.79404 4.79294 4.98806 6.61267 6.93906 7.06575 7.06575 7.06575 6.90042 6.58021 6.58021 6.58021 6.58021 6.58021 6.58021 6.58021 6.58021 6.58021 6.58021 6.60591 6.90059 7.26683 7.63263 7.99772 7.92722 7.75516 7.75516 7.75516 7.75516 7.75516 7.75516 7.67336 7.14318 7.21071 7.40584 7.60308
5.07856 4.99621 4.99621 4.99621 4.99621 4.99621 4.99621 4.99621 4.99621 4.99621 4.99621 4.99621 4.95616 4.92659 4.74924 3.89042 3.93926 3.95253 4.14654 5.12555 5.12052 5.06441 4.99480 4.92515 4.85557 4.79849 4.79294 4.79294 4.79294 4.79294 4.79294 4.79294 4.79294 6.05469 6.76975 7.06575 7.06575 7.06575 7.05424 6.62274 6.58021 6.58021 6.58021 6.58021 6.58021 6.67288 7.02388 7.39012 7.75541 8.09562 8.16703 8.16703 8.16703 8.16703 8.08169 7.75516 7.75516 7.75516 7.84488 8.04155 8.23896 8.43610 8.18380 8.14270 8.14481 8.14481
5.47891 4.99621 4.99621 4.99621 4.99621 4.99621 4.99621 4.99621 4.98835 4.94947 4.90426 4.85906 4.81269 4.77185 4.88090 4.09517 3.88291 3.83068 3.78126 4.67534 4.80634 4.79294 4.79294 4.79294 4.79294 4.79294 4.79294 4.79294 4.79294 4.79294 4.79294 4.79294 4.79294 5.33977 6.63154 7.03499 7.06575 7.06575 7.06575 6.80768 6.58068 6.78094 7.14718 7.51342 7.87839 8.15180 8.16703 8.16703 8.16703 8.16703 8.16703 8.16703 8.16703 8.16814 8.17023 8.21172 8.45601 8.65336 8.76078 8.76098 8.76098 8.76098 8.55678 8.14481 8.14481 8.14481
5.99756 4.99621 4.99503 4.97626 4.95787 4.91785 4.87269 4.82742 4.79005 4.78371 4.78371 4.78763 4.79911 4.79857 4.79379 4.28089 3.66776 3.66776 3.66776 4.16347 4.79294 4.79294 4.79294 4.79294 4.79294 4.79294 4.79294 4.79294 4.79294 4.79294 4.79294 4.79294 4.79294 4.85885 6.50578 6.87768 7.06175 6.98590 6.88312 6.84837 7.99125 8.16703 8.16703 8.16703 8.16703 8.16703 8.16703 8.16703 8.16799 8.17028 8.17258 8.17488 8.17718 8.17838 8.17838 8.44512 8.76098 8.76098 8.76098 8.76098 8.76098 8.76098 8.74682 8.19877 8.14481 8.14481
6.39089 5.05730 4.84223 4.81576 4.78895 4.78371 4.78484 4.79470 4.80637 4.81804 4.82971 4.83746 4.83765 4.83166 4.81904 4.64185 3.71812 3.66776 3.66776 3.80447 4.79189 4.79294 4.79294 4.79294 4.79294 4.79294 4.79294 4.79294 4.79294 4.79294 4.79294 4.79294 4.78545 4.72671 5.59593 6.40316 6.66229 6.63553 6.63553 6.63553 7.74786 8.16703 8.16703 8.16785 8.17012 8.17242 8.17472 8.17702 8.17837 8.17838 8.17838 8.17838 8.17838 8.17838 8.17838 8.23578 8.75340 8.76098 8.76098 8.76098 8.76098 8.76098 8.76098 8.43010 8.14481 8.14251
6.28652 5.43154 4.79028 4.80195 4.81362 4.82530 4.83582 4.83765 4.83765 4.83765 4.83765 4.83765 4.83765 4.83698 4.82237 4.74632 4.08111 3.66776 3.66776 3.66776 4.50875 4.79294 4.79294 4.79294 4.79294 4.79294 4.79294 4.79294 4.77817 4.71375 4.69729 4.87629 5.11136 5.45407 5.94471 6.18829 6.55564 6.63553 6.63622 6.63846 7.13973 8.17457 8.17687 8.17835 8.17838 8.17838 8.17838 8.17838 8.17838 8.17838 8.17838 8.17838 8.17838 8.17838 8.17838 8.17838 8.59336 8.76098 8.76098 8.76098 8.76098 8.72939 8.53629 8.22794 7.44791 7.22337
6.33042 6.08158 4.84117 4.83765 4.83765 4.83765 4.83765 4.83765 4.83765 4.83765 4.83765 4.83765 4.83765 4.83765 4.82793 4.79914 4.49770 3.66837 3.66776 3.66776 4.08571 4.79294 4.79294 4.79294 4.76842 4.72308 4.87241 5.09467 5.37370 5.77494 6.15586 6.18820 6.18820 6.21223 6.33177 6.46127 6.62466 6.64521 6.64682 6.64688 6.67629 8.03258 8.17838 8.17838 8.17838 8.17838 8.17838 8.17838 8.17838 8.17838 8.17838 8.17838 8.17838 8.17838 8.17838 8.17838 8.37782 8.67901 8.46479 8.24870 8.03308 7.84895 7.82633 7.82633 7.31589 7.14139
6.35279 6.35279 5.11240 4.83765 4.83765 4.83765 4.83765 4.83765 4.83765 4.83765 4.83765 4.83765 4.83765 4.83765 4.83414 4.82148 4.71406 3.90007 3.66776 3.66774 3.72540 4.84868 5.08635 5.34150 5.67736 6.10141 6.18820 6.18820 6.19811 6.30371 6.43316 6.56272 6.69217 6.79764 6.80755 6.80755 6.79409 6.65040 6.64688 6.64688 6.64688 7.44831 8.17838 8.17838 8.17838 8.17838 8.17838 8.17838 8.17838 8.17838 8.17838 8.17838 8.17399 8.02650 7.81060 7.59497 7.39837 7.79174 7.82633 7.82633 7.82633 7.82633 7.82633 7.82633 7.58801 7.14139
6.35279 6.35279 5.62379 4.83765 4.83765 4.83765 4.83765 4.83765 4.83765 4.83765 4.83765 4.83765 4.83765 4.83765 4.83764 4.82200 4.75453 4.48922 4.21977 4.63583 5.22787 6.09993 6.18820 6.19019 6.27559 6.40510 6.53461 6.66411 6.78364 6.80755 6.80755 6.80755 6.80755 6.80755 6.80755 6.80755 6.80755 6.69846 6.64688 6.64688 6.64688 6.84536 8.16674 8.17838 8.17838 8.17838 8.17838 8.17838 8.14754 7.95519 7.73947 7.52375 7.31243 7.24373 7.24373 7.24373 7.24373 7.59247 7.82633 7.82633 7.82633 7.80996 7.74559 7.67819 7.59147 6.91133
6.35279 6.35279 6.20959 4.86531 4.83765 4.83765 4.83765 4.83765 4.83765 4.83765 4.83765 4.85767 4.89294 4.89741 4.90273 5.57463 7.40485 7.36747 6.28080 6.24766 6.37698 6.50649 6.63599 6.76352 6.80755 6.80755 6.80755 6.80755 6.80755 6.80755 6.80755 6.80755 6.80755 6.80755 6.80755 6.80755 6.80755 6.75950 6.64688 6.64688 6.64688 6.64688 7.75094 8.17838 8.09772 7.88397 7.66825 7.45263 7.26701 7.24373 7.24373 7.24373 7.24373 7.24373 7.24373 7.24373 7.25562 7.41064 7.67195 7.60456 7.53716 7.48611 7.48302 7.48302 7.48302 7.10410
6.35279 6.35279 6.35279 5.22419 4.83765 4.83765 4.94509 5.12807 5.18965 5.21086 5.23480 5.23075 5.19190 5.19190 5.18620 5.30459 7.50189 7.69239 7.28490 6.80743 6.80755 6.80755 6.80755 6.80755 6.80755 6.80755 6.80755 6.80755 6.80755 6.80755 6.80755 6.80755 6.80755 6.80755 6.80755 6.80755 6.80755 6.80479 6.66115 6.64753 6.71455 6.82567 7.17736 7.38066 7.24570 7.24373 7.24373 7.24373 7.24373 7.24373 7.24373 7.25358 7.29485 7.33838 7.38197 7.42554 7.45718 7.45874 7.47973 7.48302 7.48302 7.48302 7.48302 7.48302 7.48302 7.37439
6.35279 6.35279 6.32631 5.92081 5.53436 5.57813 5.46242 5.24438 5.19190 5.19095 5.17059 5.14261 5.11465 5.08663 5.06437 5.06255 6.47874 7.60378 7.83962 6.81417 6.80755 6.80755 6.80755 6.80755 6.80755 6.80755 6.80755 6.80755 6.80755 6.80755 6.80755 6.80755 6.80755 6.80755 6.80755 6.81278 6.89725 7.00832 7.03081 7.06946 7.11356 7.11356 7.11582 7.23161 7.24373 7.24373 7.25175 7.29193 7.33552 7.37909 7.42262 7.45637 7.45869 7.45869 7.45869 7.45869 7.45869 7.45869 7.47129 7.48302 7.48302 7.48302 7.48302 7.48302 7.48302 7.48302
