results/OMI_NO2_201108.asc
ncols      200
nrows      200
xllcorner       120.258
yllcorner       41.1236
cellsize     0.0166667
NODATA_Value      -999.000
[rows 135 to 161 of 166, columns 62 to 123 of 200]
0.00000 0.00000 0.00000 0.00000 0.00000 0.00000 0.00000 0.00000 0.00000 4.32492 4.32492 4.32492 4.32492 4.37500 5.24967 6.41604 7.58158 8.45000 8.49798 8.49798 8.49798 8.49798 8.49798 8.49798 8.49798 8.49798 8.49798 8.49798 8.49798 8.49798 8.49798 8.49798 8.49798 8.49798 8.49798 8.49798 8.49798 8.96307 9.78405 9.68166 9.68166 9.78797 12.2693 11.8740 11.2758 10.7378 10.6466 10.6466 10.6466 10.6466 10.6466 10.6466 10.6466 10.6466 10.6466 10.7030 10.8205 10.9161 10.9951 11.0865 11.1268 10.9935
0.00000 0.00000 0.00000 0.00000 0.00000 0.00000 0.00000 0.00000 0.00000 4.32492 4.76852 5.92571 7.09083 8.20670 8.49798 8.49798 8.49798 8.49798 8.49798 8.49798 8.49798 8.49798 8.49798 8.49798 8.49798 8.49798 8.49798 8.49798 8.49798 8.49798 8.49798 8.49798 8.49798 8.49798 8.49798 8.49798 8.49798 8.49798 9.61129 10.1725 10.5795 10.9836 10.8908 10.6466 10.6466 10.6466 10.6466 10.6466 10.6466 10.6466 10.6466 10.7096 10.8261 10.9208 10.9990 11.0393 11.0397 11.0397 11.0397 11.0561 11.1268 11.1212
0.00000 0.00000 0.00000 0.00000 0.00000 0.00000 0.00000 0.00000 0.00000 0.00000 8.48820 8.49798 8.49798 8.49798 8.49798 8.49798 8.49798 8.49798 8.49798 8.49798 8.49798 8.49798 8.49798 8.49798 8.49798 8.49798 8.49798 8.49798 8.49798 8.49798 8.49798 8.49798 8.49798 8.49798 8.53032 9.13548 9.94984 10.7643 11.2481 11.1385 11.1385 11.1385 11.0944 10.6612 10.6466 10.6466 10.6466 10.7165 10.8319 10.9254 11.0029 11.0396 11.0397 11.0397 11.0397 11.0397 11.0397 11.0397 11.0397 11.0400 11.1106 11.1268
0.00000 0.00000 0.00000 0.00000 0.00000 0.00000 0.00000 0.00000 0.00000 0.00000 8.49798 8.49798 8.49798 8.49798 8.49798 8.49798 8.49798 8.49798 8.49798 8.49798 8.49798 8.49798 8.49798 8.49798 8.49798 8.49798 8.49798 8.49798 8.49798 8.49798 8.49798 8.79954 9.60592 10.4204 11.2021 11.4116 11.4116 11.4116 11.3986 11.1502 11.1385 11.1385 11.1386 10.8997 10.8375 10.9300 11.0067 11.0397 11.0397 11.0397 11.0397 11.0397 11.0397 11.0397 11.0397 11.0569 11.3447 11.7249 12.1056 12.4824 12.0013 10.7549
0.00000 0.00000 0.00000 0.00000 0.00000 0.00000 0.00000 0.00000 0.00000 0.00000 8.49798 8.49798 8.49798 8.49798 8.49798 8.49798 8.49798 8.49798 8.49798 8.49798 8.49798 8.49798 8.49798 8.49798 8.49798 8.49798 8.49798 8.57607 9.26193 10.0763 10.8907 11.4037 11.4116 11.4116 11.4116 11.4116 11.4116 11.4116 11.4124 11.2724 11.2529 11.3063 11.3505 11.3100 11.0405 11.0397 11.0397 11.0397 11.0397 11.0397 11.0397 11.2018 11.5811 11.9616 12.3421 12.7053 12.7372 12.5946 12.4515 12.3123 12.1192 10.3657
0.00000 0.00000 0.00000 0.00000 0.00000 0.00000 0.00000 0.00000 0.00000 0.00000 0.00000 8.49798 8.49798 8.49798 8.49798 8.49798 8.49798 8.49798 8.49798 8.49798 8.49798 8.49798 8.49798 8.49798 8.91783 9.73248 10.5466 11.2831 11.4116 11.4116 11.4116 11.4116 11.4116 11.4116 11.4116 11.4116 11.4116 11.4116 11.5792 11.5630 11.3679 11.3676 11.3676 11.3676 11.1285 11.0397 11.0961 11.4369 11.8178 12.1979 12.5785 12.7971 12.7713 12.6389 12.4959 12.3528 12.2707 12.2703 12.2703 12.2703 12.2703 11.0541
0.00000 0.00000 0.00000 0.00000 0.00000 0.00000 0.00000 0.00000 0.00000 0.00000 0.00000 8.49798 8.49798 8.49798 8.49798 8.49798 8.49798 8.49798 8.49798 8.49798 8.64104 9.38839 10.2030 11.0171 11.4116 11.4116 11.4116 11.4116 11.4116 11.4116 11.4116 11.4116 11.4116 11.4116 11.4116 11.4116 11.4116 11.4116 11.5175 11.6187 11.4101 11.3727 11.6210 12.0017 12.2882 12.4346 12.7585 12.7981 12.7916 12.6834 12.5403 12.3972 12.2810 12.2703 12.2703 12.2703 12.2703 12.2703 12.2703 12.2703 12.2703 11.7885
0.00000 0.00000 0.00000 0.00000 0.00000 0.00000 0.00000 0.00000 0.00000 0.00000 0.00000 0.00000 8.49798 8.49798 8.49798 8.49798 8.50993 9.04429 9.85894 10.6730 11.3443 11.4116 11.4116 11.4116 11.4116 11.4116 11.4116 11.4116 11.4116 11.4116 11.4116 11.4116 11.4116 11.4116 11.4116 11.4116 11.4116 11.1691 10.4060 10.5629 11.1599 12.9938 13.1260 13.1260 13.1245 12.7977 12.5847 12.4416 12.3051 12.2703 12.2703 12.2703 12.2703 12.2703 12.2703 12.2703 12.2703 12.2703 12.2811 12.3216 12.3717 12.3898
0.00000 0.00000 0.00000 0.00000 0.00000 0.00000 0.00000 0.00000 0.00000 0.00000 0.00000 0.00000 8.49798 8.73373 9.51455 10.3292 11.1316 11.4116 11.4116 11.4116 11.4116 11.4116 11.4116 11.4116 11.4116 11.4116 11.4116 11.4116 11.4116 11.4116 11.4116 11.4116 11.3988 10.7831 10.0802 9.57506 9.19356 8.95896 8.94481 9.53000 10.0382 12.9650 13.2684 13.4022 13.5361 13.0705 12.2703 12.2703 12.2703 12.2703 12.2703 12.2703 12.2703 12.2703 12.2827 12.3241 12.3747 12.4367 12.4902 12.4926 12.4926 12.4926
0.00000 0.00000 0.00000 0.00000 0.00000 0.00000 0.00000 0.00000 0.00000 0.00000 0.00000 0.00000 0.00000 11.4077 11.4116 11.4116 11.4116 11.4116 11.4116 11.4116 11.4116 11.4116 11.4116 11.4116 11.4116 11.4116 11.4116 11.4116 11.2050 10.4195 9.82237 9.38218 9.04787 8.94481 8.94481 8.94481 8.94481 8.94697 9.07439 9.40651 10.2507 12.2894 13.6054 13.6054 13.6054 13.5558 12.3725 12.2703 12.2703 12.2703 12.2845 12.3266 12.3777 12.4405 12.4912 12.4926 12.4926 12.4926 12.4926 12.4926 12.4926 12.4926
0.00000 0.00000 0.00000 0.00000 0.00000 0.00000 0.00000 0.00000 0.00000 0.00000 0.00000 0.00000 0.00000 11.4116 11.4116 11.4116 11.4116 11.4116 11.4116 11.4116 11.4116 11.4116 11.4116 11.4062 10.8298 10.1126 9.59897 9.21192 8.96421 8.94481 8.94481 8.94481 8.94481 8.94481 8.99788 9.19116 9.39202 9.59052 9.66386 9.66386 10.2099 11.0492 13.6054 13.6054 13.6054 13.6054 12.9496 12.3292 12.3809 12.4443 12.4919 12.4926 12.4926 12.4926 12.4926 12.4926 12.4926 12.4926 12.5012 12.9999 13.7808 14.5625
0.00000 0.00000 0.00000 0.00000 0.00000 0.00000 0.00000 0.00000 0.00000 0.00000 0.00000 0.00000 0.00000 0.00000 11.4116 11.4116 11.4116 11.4116 11.4116 11.1508 10.4178 9.85049 9.40319 9.06227 8.94481 8.94481 8.94481 8.94481 8.94481 8.94481 8.95431 9.10710 9.30786 9.50869 9.65638 9.66386 9.66386 9.66386 9.66386 9.66386 9.91122 10.3851 13.0637 13.8512 14.0605 14.3179 14.2883 12.5368 12.4926 12.4926 12.4926 12.4926 12.4926 12.4926 12.7201 13.4801 14.2611 15.0429 15.8155 16.4523 17.6899 19.4385
0.00000 0.00000 0.00000 0.00000 0.00000 0.00000 0.00000 0.00000 0.00000 0.00000 0.00000 0.00000 0.00000 0.00000 11.4116 10.7807 9.53758 8.65610 8.00370 7.56960 8.43937 8.94481 8.94481 8.94481 8.94481 8.94481 8.94481 9.02427 9.22388 9.42456 9.61590 9.66386 9.66386 9.66386 9.66386 9.66386 9.66386 9.66386 9.66386 9.66386 9.66710 9.79170 11.7311 14.4952 14.4952 14.4952 14.4952 13.2122 12.4926 12.5484 13.1791 13.9597 14.7414 15.5231 16.0766 16.2357 17.2648 18.8345 21.1233 23.2956 23.3520 23.3520
0.00000 0.00000 0.00000 0.00000 0.00000 0.00000 0.00000 0.00000 0.00000 0.00000 3.63514 3.63514 3.63514 3.63514 3.64241 7.09596 7.52337 7.52337 7.52337 7.52337 7.87738 8.94481 8.94481 8.96711 9.13982 9.34058 9.54134 9.66264 9.66386 9.66386 9.66386 9.66386 9.66386 9.66386 9.66386 9.66386 9.66386 9.66386 9.66386 9.66386 9.66386 9.66386 10.0017 14.3440 14.4952 14.8799 15.6616 16.0398 15.2221 15.9471 16.0982 16.1218 16.8792 18.2962 20.3201 22.9198 23.3520 23.3520 23.3520 23.3520 23.3520 23.3520
0.00000 0.00000 0.00000 0.00000 0.00000 0.00000 3.63514 3.63514 3.63514 3.63514 3.63514 3.63514 3.63514 3.63514 3.63514 5.65339 7.52337 7.52337 7.52337 7.52359 7.63923 9.04467 9.45735 9.63575 9.66386 9.66386 9.66386 9.66386 9.66386 9.66386 9.66386 9.66386 9.66386 9.66386 9.66386 9.66386 9.66386 9.66386 9.66386 9.66386 9.80688 10.7676 11.8563 15.5510 17.7042 18.1008 18.1008 18.1008 16.9588 17.8124 19.6147 22.2438 23.3520 23.3520 23.3520 23.3520 23.3520 23.3520 23.3520 23.3520 23.3520 23.3520
0.00000 0.00000 3.63514 3.63514 3.63514 3.63514 3.63514 3.63514 3.63514 3.63514 3.63514 3.63514 3.63514 3.63514 3.63514 3.76738 7.32354 7.75109 7.95185 8.15239 8.24242 8.89506 9.66386 9.66386 9.66386 9.66386 9.66386 9.66386 9.66386 9.66386 9.66386 9.66386 9.66386 9.66386 9.66386 9.66386 10.1834 11.2721 12.3628 13.4519 14.3986 14.5285 14.5285 15.4579 18.0863 17.9771 17.8508 17.7250 18.7418 23.3520 23.3520 23.3520 23.3520 23.3520 23.3520 23.3520 23.3520 23.3520 23.3520 23.3520 23.3520 23.3520
3.63514 3.63514 3.63514 3.63514 3.63514 3.63514 3.63514 3.63514 3.63514 3.63514 3.63514 3.63514 3.63514 3.63514 3.63514 3.63514 6.49726 8.24242 8.24242 8.24242 8.24242 8.36547 9.63174 9.66386 9.66386 9.66386 9.66386 9.66386 9.66386 9.66386 9.66386 9.76942 10.6879 11.7785 12.8677 13.9574 14.5285 14.5285 14.5285 14.5285 14.5283 14.4577 14.3316 14.2254 17.1854 17.6497 17.6497 17.6497 17.6832 22.0408 23.3520 23.3520 23.3520 23.3520 23.3520 23.3520 23.3520 23.3520 23.3520 23.3520 23.3520 23.3520
3.63514 3.63514 3.63514 3.63514 3.63514 3.63514 3.63514 3.63514 3.63514 3.63514 3.63514 3.63514 3.63514 3.63514 3.63514 3.63514 4.13534 8.11311 8.24242 8.24242 8.24242 8.24242 9.19335 9.66386 9.66386 9.66386 9.66386 10.1090 11.1938 12.2835 13.3736 14.3577 14.5285 14.5285 14.5285 14.5285 14.5285 14.5026 14.3846 14.2585 14.1328 14.0773 14.0773 14.0773 15.7979 17.6497 17.6497 17.6497 17.6497 19.2693 23.3520 23.3520 23.3520 23.3520 23.3520 23.3520 23.3520 23.3520 23.3520 23.3520 23.3520 23.3520
3.63514 3.63514 3.63514 3.63514 3.63514 3.63514 3.63514 3.63514 3.63514 3.63514 3.63514 3.63514 3.63514 3.63514 3.63514 3.63514 3.63514 6.92432 8.24242 8.24242 8.24242 8.24242 8.66726 10.6095 11.6992 12.7894 13.8791 14.5236 14.5285 14.5285 14.5285 14.5285 14.5285 14.5254 14.4376 14.3116 14.1855 14.0854 14.0773 14.0773 14.0773 14.0773 14.0773 14.0773 14.4547 17.6016 17.6497 17.6497 17.6497 17.8151 22.7728 23.3520 23.3520 23.3520 23.3520 23.3520 23.3520 23.0635 21.5200 19.8307 18.1422 16.4529
3.71451 3.63514 3.63514 3.63514 3.63514 3.63514 3.63514 3.63514 3.63514 3.63514 3.63514 3.63514 3.63514 3.63514 3.63514 3.63514 3.63514 4.64073 8.23499 8.37930 8.49380 8.60835 8.75805 13.7868 14.5285 14.5285 14.5285 14.5285 14.5285 14.5285 14.4881 14.3645 14.2385 14.1156 14.0773 14.0773 14.0773 14.0773 14.0773 14.0773 14.0773 14.0773 14.0773 14.0773 14.0773 16.5886 17.6497 17.6497 17.6497 17.6497 19.8865 23.3520 23.3177 22.1686 20.4793 18.7905 17.1023 15.7022 15.5565 15.5565 15.5565 15.5565
4.20335 3.63514 3.63514 3.63514 3.63514 3.63514 3.63514 3.63514 3.63514 3.63514 3.63514 3.63514 3.63514 3.63524 3.75614 3.98524 4.21434 4.44334 7.88854 8.73874 8.73874 8.73874 8.73874 11.5478 14.5285 14.5285 14.5194 14.4175 14.2915 14.1654 14.0798 14.0773 14.0773 14.0773 14.0773 14.0773 14.0773 14.0773 14.0773 14.0773 14.0773 14.0773 14.0773 14.0773 14.0773 15.1981 17.6497 17.6497 17.3678 16.5380 15.9639 17.6912 16.0959 15.5565 15.5565 15.5565 15.5565 15.5565 15.5565 15.5565 15.5565 15.5565
4.75063 3.63582 3.63514 3.63514 3.63514 3.63514 3.63514 3.63514 3.63514 3.65013 3.83247 4.06157 4.29068 4.51968 4.62778 4.62778 4.62778 4.62778 6.06481 8.73833 8.73874 8.73874 8.73874 9.29102 14.2622 14.2184 14.1015 14.0773 14.0773 14.0773 14.0773 14.0773 14.0773 14.0773 14.0773 14.0773 14.0773 14.0773 14.0773 14.0773 14.0773 14.0773 14.0773 14.1137 14.5736 15.2213 15.4144 14.3288 13.7659 13.7519 13.7519 14.7018 15.5565 15.5565 15.5565 15.5565 15.5565 15.5565 15.5565 15.5565 15.5565 15.5565
4.99949 3.93526 3.63514 3.63514 3.63514 3.69043 3.90891 4.13791 4.36701 4.58112 4.62778 4.62778 4.62778 4.62778 4.62778 4.62778 4.62778 4.62778 4.62778 8.16766 8.60767 8.48161 8.35560 8.28765 12.3236 14.0773 14.0773 14.0773 14.0773 14.0773 14.0773 14.0773 14.0773 14.0773 14.0773 14.0773 14.0773 14.0773 14.0773 14.2728 14.8456 15.4289 16.0108 16.5579 16.6800 16.6800 15.1041 13.7622 13.8860 14.0412 14.1964 14.4780 15.5565 15.5565 15.5565 15.5565 15.5565 15.5565 15.5565 15.5565 15.5565 15.5565
4.99949 4.50735 3.98524 4.21434 4.44334 4.61715 4.62778 4.62778 4.62778 4.62778 4.62778 4.62778 4.62778 4.62778 4.62778 4.62778 4.62778 4.62778 4.62778 6.38747 8.28756 8.28756 8.28756 8.28756 10.0419 14.0773 14.0773 14.0773 14.0773 14.0773 14.0773 14.0773 14.0773 14.0773 14.1010 14.5356 15.1181 15.7009 16.2833 16.6706 16.6800 16.6800 16.6800 16.6800 16.7490 16.9037 16.6083 14.2821 14.3070 14.3070 14.3070 14.3076 15.1538 15.5565 15.5565 15.5565 15.5565 15.5565 15.5565 15.5565 15.5565 15.5565
4.74879 4.71162 4.63312 4.62778 4.62778 4.62778 4.62778 4.62778 4.62778 4.62778 4.62778 4.62778 4.62778 4.62778 4.62778 4.62778 4.62778 4.62778 4.62778 4.69738 8.01146 8.28756 8.28756 8.28756 8.36977 13.4676 14.0773 14.0773 14.0773 14.0773 14.2428 14.8076 15.3904 15.9728 16.5316 16.6800 16.6800 16.6800 16.6800 16.6800 16.7009 16.8383 16.9936 17.1485 17.2349 17.2351 17.2351 14.9945 14.3070 14.3070 14.3070 14.3070 14.5918 15.5565 15.5565 15.5565 15.5565 15.5565 15.5565 15.5565 15.5565 15.5565
4.71509 4.71509 4.66441 4.62778 4.62778 4.62778 4.62778 4.62778 4.62778 4.62778 4.62778 4.62778 4.62778 4.62778 4.62778 4.62778 4.62778 4.62778 4.62778 4.62778 6.80033 8.28756 8.28756 8.28756 8.28756 11.2833 14.4971 15.0796 15.6626 16.2448 16.6625 16.6800 16.6800 16.6800 16.6800 16.6800 16.6807 16.7728 16.9279 17.0830 17.2173 17.2351 17.2351 17.2351 17.2351 17.2351 17.2351 16.1260 14.3070 14.3070 14.3070 14.3070 14.3240 15.3451 15.5565 15.5565 15.5565 15.5565 15.5565 15.5565 15.3679 13.5910
4.71509 4.71509 4.69913 4.62781 4.62778 4.62778 4.62778 4.62778 4.62778 4.62778 4.62778 4.62778 4.62778 4.62778 4.62778 4.62778 4.62778 4.62778 4.62778 4.62778 4.93693 8.18779 8.49582 8.69447 8.89252 10.0532 16.6262 16.6800 16.6800 16.6800 16.6800 16.6800 16.6800 16.7154 16.8624 17.0174 17.1720 17.2351 17.2351 17.2351 17.2351 17.2351 17.2351 17.2351 17.2351 17.2351 17.2351 17.1048 14.4601 14.3070 14.3070 14.3070 14.3070 14.7199 15.5565 15.5545 14.4045 12.2663 10.1301 7.99391 6.04429 5.68497
