results/OMI_NO2_200811.asc
ncols      200
nrows      200
xllcorner       120.258
yllcorner       41.1236
cellsize     0.0166667
NODATA_Value      -999.000
[rows 120 to 149 of 165, columns 66 to 131 of 200]
8.82030 8.83687 8.84011 8.98880 8.99764 9.05332 9.86279 9.94129 9.98738 10.1338 10.4841 11.5156 11.7625 11.8198 11.8746 11.8927 11.9136 11.9950 12.1141 12.4024 13.3863 14.4536 14.9968 15.6704 16.3174 16.3431 16.3412 16.1880 14.3986 13.5555 13.7475 13.9074 13.8843 14.7586 15.2001 15.2299 15.3209 2.56093 2.64394 3.04751 2.86897 2.92518 3.07056 2.76432 2.76414 2.76396 2.76378 2.88798 3.68455 3.69689 4.04403 4.12340 4.12340 4.06887 4.10793 4.20077 4.26717 4.40751 4.47491 4.46231 4.42847 4.64960 4.70891 4.69870 4.69739 4.69302
8.90856 8.94373 8.98971 9.13590 9.24386 9.31067 9.97326 10.3082 10.3195 10.3306 10.6927 11.4227 11.9052 11.9706 12.4598 13.0624 13.6479 14.3232 15.1941 15.7241 15.9292 16.1967 16.3082 16.3167 16.3424 16.3299 16.2899 16.1797 15.1546 13.2181 13.1704 13.3579 13.2886 13.6217 14.8446 14.8669 15.0901 2.55946 2.55910 3.00812 2.87838 2.86707 3.11508 2.81981 2.76325 2.76325 2.76325 2.76325 3.43225 3.78442 4.06926 4.38133 4.51888 4.60552 4.61712 4.61816 4.51708 4.43427 4.35449 4.30806 4.34417 4.44438 4.61421 4.56930 4.52437 4.48381
9.04794 9.24862 9.27040 9.34479 9.46556 9.46665 9.75281 10.3289 10.3658 10.4931 11.6095 13.1215 14.4588 15.0771 15.3515 15.5661 15.7899 15.9173 16.0867 16.1017 16.0393 16.0610 16.1339 16.0860 16.0616 16.0325 16.0203 16.0180 15.7522 13.1677 12.9569 13.0891 13.0865 12.9810 14.0404 14.2536 14.2301 2.55805 2.55805 2.78580 2.96578 2.86705 3.03145 3.02938 2.90520 2.98061 3.06989 3.18295 3.67116 4.19829 4.31947 4.65078 4.60467 4.55810 4.49273 4.48717 4.49038 4.32326 4.25858 4.13083 4.12667 4.15070 4.49457 4.55460 4.60177 4.64899
9.04362 9.28028 9.30995 9.36493 9.61831 9.74982 9.92724 10.8211 10.9812 11.0456 12.2803 14.4477 15.7075 15.8160 15.8177 15.7568 15.6942 15.6489 15.6780 15.7378 15.7353 15.7887 15.9937 15.9937 15.9764 15.9109 15.8304 15.7527 15.5349 13.6730 12.3596 12.3975 12.5850 12.6358 13.3526 14.1068 14.2684 2.56286 2.59551 2.64656 3.21734 3.40852 3.55738 3.68416 3.43642 3.71118 3.95854 4.16777 4.18373 4.21487 4.22006 4.53928 4.62466 4.67157 4.65695 4.69432 4.71372 4.29169 4.23673 4.17575 4.20661 4.26028 4.58810 4.75938 4.78517 4.81116
9.30788 9.57656 9.83197 9.91514 10.0065 10.0998 10.1998 10.8637 11.3148 11.3940 11.6259 14.3518 15.5836 15.7639 15.8046 15.8457 15.8870 15.9250 15.9406 16.0652 16.0467 16.0300 16.2313 16.2264 16.2255 16.1403 16.1721 16.2076 16.2006 15.4878 13.6130 14.0528 14.9715 15.6093 15.7454 15.7156 15.7210 2.85025 2.85464 2.85464 3.27469 3.93517 4.25740 4.58195 4.29759 4.17306 4.17585 4.21200 4.25386 4.31367 4.38980 4.63928 4.82353 4.84841 4.83295 4.82768 4.84495 4.59184 4.30342 4.24618 4.22599 4.39942 4.57947 4.92637 4.92649 4.92649
10.1621 10.4693 10.8614 11.0564 11.1650 11.2451 11.3087 11.6474 12.3421 12.3868 12.3896 14.2521 16.0562 16.5116 16.4521 16.3926 16.3330 16.2763 16.2623 16.3942 16.4259 16.4259 16.5784 16.6236 16.6679 16.6351 16.7765 17.0341 17.3987 17.7130 15.2768 14.8178 14.9889 15.3141 15.1627 15.0560 14.9503 3.40034 3.98916 4.47908 4.78095 4.67450 4.70419 4.76417 4.59470 4.33474 4.38832 4.41235 4.43448 4.45745 4.51873 4.62437 4.89604 4.88785 4.86100 4.80096 4.79410 4.74056 4.27406 4.25367 4.16638 4.41865 4.48763 4.94832 5.00957 5.03631
10.9825 11.2864 11.4632 11.5558 11.5177 11.3519 11.3670 11.3809 12.1042 12.1180 12.0584 12.8559 15.4046 16.2623 16.2623 16.2623 16.2623 16.2623 16.2674 16.3663 16.4603 16.4782 16.6673 17.0917 17.4421 17.7446 17.8659 17.7227 17.9802 18.3366 16.7339 14.4519 14.3659 14.6602 14.7019 14.7019 14.7019 5.21899 4.91910 4.98565 4.94527 4.75141 4.61739 4.53014 4.47446 4.46547 4.45988 4.45259 4.44532 4.43812 4.45951 4.49698 4.84370 4.85999 4.84890 4.85329 4.88789 4.91501 4.57169 4.44230 4.39104 4.55224 4.64731 4.83309 4.90955 4.79304
10.2856 10.3861 10.4686 10.6060 10.6022 10.4568 10.4924 10.4935 11.6596 12.0099 12.0069 12.0245 14.7400 16.1801 16.2047 16.2293 16.2539 16.2785 16.3094 16.6055 17.0919 17.5246 18.0215 18.5831 18.8008 19.1282 19.3294 19.5505 19.4694 19.4884 18.8404 14.2525 14.2477 14.4582 14.7019 14.7019 14.6565 5.05642 4.56241 4.43369 4.40313 4.38117 4.37351 4.37778 4.38624 4.41635 4.42322 4.41450 4.40585 4.39711 4.39198 4.42900 4.66147 4.78531 4.78525 4.93882 5.02177 5.01714 4.82449 4.40184 4.22658 3.99897 4.09520 4.16940 4.50582 4.47856
10.2111 10.2791 10.3943 10.5129 10.5408 10.4084 10.3264 10.3194 11.0529 11.8223 11.8943 11.9530 13.6275 16.1763 16.2995 16.4627 16.8610 17.5170 18.3874 18.8973 19.2689 19.5722 19.7603 19.8784 19.8109 19.8118 19.7105 19.6463 19.4239 19.3074 19.3302 15.0798 13.7590 13.6772 13.8788 13.7642 13.6832 4.75707 4.41258 4.37126 4.35819 4.34304 4.30875 4.31471 4.31419 4.33293 4.36567 4.36567 4.36567 4.36567 4.36567 4.39454 4.53256 4.76497 4.74818 4.76940 4.85326 4.76263 4.63137 4.10630 3.98296 3.60811 3.77138 3.66118 3.99822 4.00817
10.3363 10.3791 10.4128 10.1821 10.3418 10.3325 10.1907 10.2824 10.7134 11.8149 12.0471 12.1051 13.0708 17.4635 18.8254 19.3915 19.6543 19.7053 19.5809 19.5206 19.5770 19.5702 19.5191 19.5398 19.3237 19.1420 18.9344 18.6829 18.4164 18.3148 18.5790 16.5910 13.3551 13.3551 13.5352 13.6382 13.6069 4.96613 4.32061 4.29833 4.29833 4.29833 4.27907 4.29895 4.30223 4.31911 4.35663 4.35130 4.34251 4.33868 4.34282 4.31952 4.33152 4.25726 4.13662 4.08923 4.23843 4.21514 4.22683 3.96344 3.77708 3.54602 3.59959 3.60775 3.82261 4.02180
10.4491 10.4643 10.5672 10.2368 10.3453 10.3930 10.2446 10.3984 10.9119 12.3879 13.3445 13.6933 13.7129 17.9961 19.3964 19.3676 19.3327 19.2215 19.1051 18.9886 18.9110 18.9129 18.8475 18.8368 18.7967 18.6687 18.6614 18.5239 18.4265 18.2704 18.3513 18.2667 13.3132 13.1907 13.2233 13.4742 13.4748 4.98770 4.40772 4.35530 4.29833 4.30612 4.31790 4.30698 4.31273 4.33328 4.37531 4.37696 4.32501 4.26795 4.20924 4.19957 4.24950 4.07197 4.00390 3.95463 4.05539 4.06042 4.00823 3.96068 3.91101 3.90080 3.84527 4.08463 4.10672 4.00442
10.4769 10.5177 10.6588 10.6093 10.7180 11.1915 11.4071 11.5109 11.6103 12.7309 13.3295 13.3963 13.3512 15.5574 18.8623 18.7949 18.7338 18.6754 18.6116 18.5480 18.4858 18.4982 18.4196 18.3333 18.2950 18.0020 17.9151 17.7323 17.6103 17.3584 17.2869 17.5462 13.6622 11.8793 11.8483 11.8984 11.8954 5.18010 4.86044 4.51829 4.46075 4.47505 4.47532 4.37343 4.27035 4.21046 4.17932 4.20071 4.21964 4.23241 4.19960 4.14774 4.10817 3.96511 3.82457 3.93121 4.12788 4.35818 4.46660 4.56624 4.44412 4.38142 4.05303 4.36063 4.31528 4.17422
10.9685 11.1804 11.3650 11.6491 11.7176 11.8744 11.8784 11.6333 11.6503 12.5084 13.2639 13.5600 13.5792 14.0449 17.2114 17.1333 17.0534 17.0210 16.9981 16.9753 16.9525 16.9963 17.0313 17.0313 17.0846 16.9383 16.8718 16.8484 16.8080 16.8438 16.9739 17.3006 15.5459 11.2074 11.1512 11.0834 10.9945 5.34169 5.28187 4.53437 4.45253 4.33914 4.28070 4.18683 4.13674 4.12228 4.11304 4.10188 4.07304 4.12497 4.22663 4.33500 4.44354 4.54748 4.35807 4.34343 4.35308 4.52392 4.50992 4.49549 4.42153 4.32263 4.10272 4.27791 4.40307 4.27077
11.4910 11.7261 11.7480 11.8199 11.7464 11.8852 12.0715 11.7902 11.7386 12.3416 13.0514 13.5619 13.5560 13.5332 16.0296 16.9382 16.9382 16.9382 16.9382 16.9382 16.9382 16.9711 17.0683 17.1024 17.1520 17.1864 17.0451 17.0454 16.8890 16.9206 17.0757 16.8721 16.4786 10.9055 10.5134 10.3589 10.4486 5.11842 4.96449 4.19367 4.29786 4.18415 4.11595 4.07329 4.00604 4.05959 4.15769 4.35497 4.57164 4.56755 4.55296 4.53840 4.52380 4.53170 4.32592 4.27988 4.28037 4.45657 4.49783 4.50245 4.49655 4.35002 4.25215 4.13959 4.48972 4.36084
11.7411 12.4582 12.4770 12.4891 12.4432 12.5006 12.7919 12.6321 12.4732 12.5655 12.7749 13.3623 13.5043 13.5043 14.6719 16.9179 16.9187 16.9571 16.9966 17.0362 17.0757 17.1128 17.1557 17.1574 17.1574 17.2080 16.5961 16.1815 15.7274 15.2877 14.8787 14.7028 14.8598 12.2017 10.3457 10.3457 10.3952 4.78959 4.93575 4.70181 4.38901 4.20618 4.22194 4.19768 4.06706 3.99846 4.06647 4.23254 4.51274 4.54351 4.58753 4.63180 4.67582 4.72175 4.65968 4.57564 4.61941 4.58221 4.52889 4.52889 4.51423 4.33241 4.14985 4.07328 4.61144 4.59542
11.6420 12.5691 12.6496 12.6487 12.5956 12.6657 12.8362 12.9115 12.6125 12.5962 12.5885 13.1127 13.5021 13.5417 13.6018 16.8848 17.1135 17.1148 17.1148 17.1148 16.9677 16.5159 16.0718 15.5753 15.1106 14.7482 14.8855 14.9230 14.8603 14.7388 14.7382 14.7381 14.8277 13.8379 10.4325 10.4646 10.5040 5.05039 4.92310 4.70953 4.08118 4.12055 4.10155 4.15833 4.18335 4.15557 4.23205 4.48110 4.78385 4.86769 4.86769 4.86769 4.86769 4.86769 4.82836 4.58499 4.51573 4.42269 4.22459 4.10143 3.99519 3.90501 3.79650 4.03447 4.58879 4.80044
11.5229 12.0364 12.5190 12.4806 12.4345 12.4687 12.5823 12.8780 12.5709 12.5394 12.5446 12.8348 13.6126 13.6809 13.6586 15.3724 16.3303 15.8690 15.3686 14.8686 14.5526 14.5432 14.5718 14.6468 14.6498 14.6754 14.9091 15.0049 14.9742 14.8110 14.8101 14.8228 14.8693 15.0465 11.1152 10.6041 10.6041 4.79335 4.67632 4.67632 4.66897 4.66481 4.45874 4.45874 4.45764 4.32266 4.30086 4.49075 4.67918 4.84558 4.77772 4.70850 4.63936 4.57473 4.52166 4.19492 4.11261 4.06747 3.98462 3.99668 4.01898 4.03856 3.89969 3.96270 4.44773 4.87037
11.2925 11.4154 12.3578 12.3796 12.3845 12.3804 12.5748 12.7767 12.6958 12.5350 12.4269 12.4188 12.9975 13.1501 12.9676 12.9786 14.5249 14.5255 14.5643 14.6022 14.5948 14.5815 14.5718 14.5969 14.5848 14.5734 14.7941 15.0662 14.9876 14.8649 14.8041 14.8712 14.9931 15.4213 13.1454 10.7618 10.8036 4.99490 4.67632 4.67632 4.68297 4.73743 4.49822 4.45697 4.42926 4.31396 4.11459 4.16337 4.25703 4.51303 4.52864 4.54526 4.56192 4.57874 4.60418 4.30017 4.12938 4.14824 4.08925 4.04425 4.04398 4.04371 3.97238 3.84061 4.06547 4.52662
11.3166 11.3169 12.0407 12.3898 12.3644 12.1830 12.2586 12.2182 12.2602 11.8328 11.7547 11.7339 12.2843 12.8955 12.9779 12.6987 14.3110 14.5501 14.5380 14.5260 14.5217 14.5217 14.5217 14.5540 14.5505 14.5574 14.7205 15.0246 15.0331 15.0531 15.1348 15.1625 15.1358 15.2688 14.4731 9.75044 9.65509 5.23688 4.68604 4.63337 4.58772 4.57298 4.51227 4.34702 4.34840 4.32978 4.01425 4.02039 4.23574 4.48504 4.60852 4.63013 4.65157 4.66812 4.66909 4.52461 4.15008 4.12558 3.99509 3.81055 3.70333 3.59604 3.47111 3.30287 3.45716 3.88319
11.1515 10.9951 11.0815 11.6945 11.5194 11.3815 11.2135 11.2423 11.4675 11.4304 11.4600 11.4709 11.7164 12.4402 12.5184 12.2957 12.7907 13.7764 13.7568 13.7704 13.7847 13.7986 13.8129 13.8463 13.8979 13.9054 13.9729 14.2020 14.2896 14.1626 14.1263 14.1074 14.0233 14.0609 14.3160 9.82108 8.88736 4.87040 4.50275 4.46131 4.45886 4.47231 4.50820 4.30278 4.28636 4.29087 4.17352 4.06701 4.27698 4.45360 4.66887 4.66496 4.58673 4.47938 4.37215 4.25216 3.68976 3.55557 3.54621 3.44264 3.43322 3.43004 3.42675 3.30644 3.31582 3.63405
9.55511 9.50611 9.51136 10.4367 10.7150 10.8400 10.7853 11.0076 11.0636 11.0492 10.9860 10.9874 11.1546 11.8454 12.2627 12.2816 12.0251 13.8282 13.8621 13.8628 13.8628 13.8628 13.8628 13.8686 13.9053 13.9060 13.9630 14.2707 14.5485 14.4934 14.5971 14.7117 14.8592 14.9983 15.1642 12.4949 9.94521 4.71341 4.48769 4.34644 4.32850 4.36489 4.41953 4.41216 4.36449 4.37477 4.31811 4.05227 4.12074 4.22029 4.20802 4.10953 4.08790 4.09650 4.10542 4.11467 3.78968 3.54347 3.54347 3.46454 3.41998 3.38807 3.35071 3.25585 3.11729 3.34787
9.66168 9.73822 9.80434 10.3516 11.0737 11.0822 11.0225 11.1353 11.2778 11.4173 11.4102 11.4965 11.5282 11.8273 12.4469 12.4547 11.9276 13.4192 13.8694 13.8804 13.8877 13.8946 13.9015 13.9083 14.3043 14.4649 14.4827 14.6481 14.8800 14.6264 14.0789 13.4955 12.8552 12.0461 11.4155 11.1016 9.96668 4.57702 4.51895 4.34424 4.34392 4.32145 4.31656 4.35675 4.25517 4.25060 4.25640 4.07078 4.07046 4.17822 4.14850 4.12675 4.12001 4.07859 4.03269 3.98642 3.78896 3.33105 3.26496 3.19390 3.11439 3.10891 3.10891 3.10591 2.99873 3.10223
9.93965 10.0304 10.1101 10.2508 11.4106 11.5512 11.5209 11.4197 11.5688 11.6117 11.5354 11.5408 11.5524 11.7110 12.3196 12.5090 12.1869 12.6936 13.9310 13.9269 13.9264 13.9264 13.9264 13.8736 13.8123 13.7074 13.4840 13.4924 13.6155 12.9942 12.2652 11.9839 11.9446 11.5620 11.4903 11.2474 10.4327 4.46187 4.44671 4.23151 4.20980 4.24099 4.35234 4.46646 4.40648 4.34034 4.29937 4.13622 3.94481 3.94037 3.88951 3.80030 3.76118 3.75629 3.75629 3.75629 3.72234 3.28034 3.19735 3.25127 3.24906 3.27454 3.28944 3.33737 3.24299 3.19976
10.3618 10.3620 10.3617 10.3543 11.0406 11.5408 11.5302 11.4088 11.6209 11.6520 11.6529 11.6095 11.6071 11.6631 12.1015 12.5183 12.3281 11.9839 13.7363 13.3717 12.9784 12.6804 12.4796 12.4595 12.8616 13.6179 13.7811 13.8121 14.1415 13.9580 12.5118 12.3180 12.2148 11.9490 11.7923 12.3019 11.9971 4.61074 4.61444 4.44590 4.36015 4.36015 4.19739 4.04439 4.13307 4.05530 4.05530 4.02806 3.78594 3.79653 3.81451 3.76206 3.76528 3.82775 3.90183 3.97955 4.06097 3.75392 3.53758 3.56635 3.53838 3.55175 3.58740 3.58676 3.53540 3.41836
10.2795 10.3002 10.2905 10.2876 10.4805 11.4866 11.4882 11.4376 11.5461 11.6461 11.6452 11.6034 11.6036 11.6139 11.8860 12.5262 12.5567 12.1457 12.1287 12.5162 12.8684 13.1358 13.3053 13.3308 13.2984 13.7544 13.7776 13.7367 14.2477 14.4144 13.0513 12.4132 12.1854 12.0558 11.7250 12.0698 12.3648 4.61444 4.61444 4.52515 4.36015 4.36015 4.24306 3.99116 4.11634 4.06069 4.05526 4.03485 3.90636 3.95765 4.08829 4.13636 4.18250 4.17990 4.10245 4.01845 3.92887 3.79969 3.72541 3.70085 3.62747 3.57256 3.56678 3.56101 3.55496 3.99960
10.2016 10.2811 10.2790 10.2770 10.2766 11.1685 11.4833 11.4627 11.4586 11.6723 11.6846 11.6641 11.8131 12.0088 12.3807 13.2656 13.8267 13.5591 13.2953 13.2827 13.2259 13.1594 13.0930 13.0433 13.0405 13.3656 13.5968 13.5969 13.9279 14.5074 13.9491 12.7155 12.2579 12.2443 11.8847 12.0236 12.6973 4.61444 4.61444 4.60263 4.36824 4.35342 4.29304 3.90975 3.88933 3.95754 3.86381 3.84568 3.95852 4.20424 4.22572 4.15099 4.00409 3.89254 3.84271 3.79947 3.75859 3.72189 3.59588 3.62983 3.61357 3.53754 3.52303 3.50855 3.49404 3.73470
10.1355 10.2757 10.2792 10.2913 10.3040 10.7004 11.5298 11.5759 11.6029 11.9623 12.2140 12.6450 12.9438 13.1207 13.3117 13.7152 14.1952 14.1143 13.6816 13.3296 13.3620 13.3866 13.4430 13.5070 13.5709 13.7873 14.2551 14.3190 14.4363 15.2973 15.2552 13.9063 13.3314 13.1091 12.9459 12.8390 13.6717 4.52341 4.45564 4.38779 4.16283 4.05307 4.04425 3.81859 3.72381 3.92044 3.80676 3.70002 3.59987 3.89878 3.87491 3.85732 3.76185 3.74331 3.73754 3.72546 3.70852 3.69401 3.54607 3.54689 3.56617 3.55949 3.60280 3.65584 3.70674 3.80424
9.67654 9.92258 9.94663 10.0137 10.1152 10.2574 11.4845 11.8603 12.0499 12.4569 12.9138 13.0050 12.9794 12.9791 12.9796 13.2246 13.8814 14.1831 14.4395 13.6959 13.8214 13.8607 13.8684 13.8684 13.8684 13.8810 14.3918 14.4247 14.4187 15.1106 15.3595 14.5962 13.6174 13.2659 13.3227 13.3674 13.9871 4.24811 4.24811 4.25677 4.19354 4.08764 4.06645 3.77420 3.40669 3.41232 3.39915 3.31417 3.28522 3.59845 3.77796 3.81635 3.76116 3.67685 3.70877 3.75327 3.80364 3.85207 3.82064 3.81983 3.87813 3.84486 3.81453 3.81453 3.81230 3.80292
9.69786 10.2394 10.4778 10.6086 10.7262 10.8734 11.7829 12.7347 12.7389 12.7289 13.1148 13.2460 13.3492 13.4253 13.5259 13.5507 13.8693 14.2349 14.6844 13.9425 13.8684 13.8804 13.9815 14.0891 14.1925 14.2960 14.5345 14.6147 14.6476 15.1019 15.6438 15.4591 14.0861 13.4521 13.2438 12.9731 12.9320 4.34600 4.37139 4.21588 3.96463 3.60757 3.46083 3.42672 3.19565 3.22189 3.43435 3.30102 3.30928 3.45308 3.80852 4.00111 4.08382 3.96575 3.97151 3.97151 3.97634 3.98990 3.96943 3.88221 3.93292 3.91331 3.74913 3.73922 3.73152 3.73098
10.1252 10.7055 10.9675 11.1093 11.2623 11.3646 11.6156 13.1913 13.3291 13.2984 13.4784 13.6118 13.6497 13.6009 13.6746 13.7776 13.9457 14.5963 15.1645 14.8762 14.5838 14.7009 14.7032 14.6987 14.6987 14.6987 14.6938 14.6782 14.6747 14.8697 15.7082 15.6174 14.0703 13.0920 12.8610 12.7889 12.7150 3.81776 3.59018 3.54702 3.55033 3.48186 3.47267 3.48369 3.30426 3.24506 3.44625 3.32938 3.32077 3.34072 3.79038 4.00809 4.21020 4.08661 4.05932 4.07306 4.08196 4.08214 4.07990 3.95580 3.96601 3.98720 3.75427 3.73149 3.78601 3.87649
