results/OMI_NO2_200503.asc
ncols      200
nrows      200
xllcorner       120.258
yllcorner       41.1236
cellsize     0.0166667
NODATA_Value      -999.000
[rows 116 to 144 of 196, columns 66 to 131 of 200]
1.60868 1.71404 1.80504 1.87853 1.89555 1.89555 1.89555 1.89555 1.89552 1.89550 1.95086 1.93213 1.83282 1.82457 1.66747 1.68972 2.13333 2.26614 2.26546 2.26525 2.26502 2.26480 2.26457 2.26438 2.26437 2.26437 2.26437 2.26437 2.26992 2.16175 2.62533 2.85811 3.34791 3.23040 2.90904 2.67583 2.77195 2.71919 2.70912 2.69617 2.61474 2.61405 2.61405 2.61405 2.61405 2.61405 2.61444 2.61731 2.62077 2.84189 2.91410 2.92922 3.20853 3.15971 3.13877 3.11854 3.11113 2.74699 2.58255 2.57473 2.56680 2.51135 2.39086 2.44734 2.61427 2.70556
1.64089 1.81418 1.89546 1.89490 1.88826 1.87996 1.87167 1.86336 1.85508 1.84681 1.91142 2.10830 1.90004 1.89827 1.77276 1.79320 1.99475 2.30048 2.26792 2.26437 2.26437 2.26437 2.26434 2.25263 2.25307 2.30739 2.38634 2.49429 2.59217 2.51683 2.63984 2.71031 2.80181 2.64281 2.58461 2.48316 2.59956 2.70974 2.71203 2.71442 2.64901 2.62531 2.62822 2.63146 2.63480 2.63814 2.64111 2.64158 2.64158 2.73626 2.82868 2.82879 3.05255 3.09998 3.09232 3.08537 3.06231 2.83618 2.55462 2.56382 2.58313 2.58137 2.64878 2.95433 3.00144 3.09517
1.61174 1.66310 1.84982 1.84210 1.84042 1.84042 1.84102 1.85702 1.88173 1.94113 2.02393 2.43529 2.20064 2.01383 1.89217 1.84928 1.87493 2.25131 2.25529 2.21396 2.23705 2.29376 2.38139 2.53513 2.63566 2.67960 2.69832 2.68649 2.67892 2.64108 2.42935 2.49232 2.81393 2.63302 2.63519 2.51705 2.54230 2.73489 2.73540 2.73514 2.70598 2.64103 2.64147 2.64158 2.64158 2.64158 2.64183 2.64664 2.65440 2.70845 2.83334 2.79376 2.81851 2.88695 2.76490 2.61737 2.50477 2.49295 2.50013 2.49233 2.47490 2.45858 2.72910 2.87336 2.89178 2.82101
1.58987 1.59388 1.81685 1.89370 1.94357 2.01878 2.09819 2.16571 2.22729 2.24412 2.24412 2.50206 2.47497 1.98678 1.90600 1.79907 1.85757 2.19348 2.51086 2.60152 2.66720 2.66349 2.62530 2.54006 2.49868 2.45945 2.42167 2.38519 2.35079 2.34037 2.23284 2.37153 2.75185 2.68904 2.64482 2.56924 2.50709 2.69337 2.73675 2.73682 2.73510 2.65485 2.66416 2.68722 2.71020 2.72727 2.74077 2.74963 2.74605 2.63498 2.43930 2.17767 2.06338 2.28110 2.47018 2.48339 2.42890 2.36484 2.31364 2.26508 2.21883 2.19268 2.37287 2.55807 2.75241 2.73868
1.76951 1.81788 1.96484 2.21449 2.24412 2.24412 2.23538 2.21892 2.20247 2.18601 2.16955 2.29364 2.65149 2.21778 2.22519 2.18479 2.21254 2.27589 2.47899 2.37823 2.34189 2.34037 2.34037 2.34037 2.34037 2.34037 2.34037 2.34037 2.34037 2.34037 2.33003 2.25400 2.60217 2.78849 2.64960 2.64014 2.54131 2.66612 2.81855 2.83572 2.84889 2.81279 2.75877 2.74940 2.73313 2.61704 2.46045 2.29537 2.15052 2.12094 2.15168 1.99409 1.96277 1.98630 2.09587 2.08941 2.19250 2.19250 2.19250 2.19250 2.18914 2.18036 2.23350 2.46054 2.66222 2.71296
1.96545 1.92763 1.91640 2.15624 2.16510 2.13343 2.11132 2.11826 2.15111 2.17059 2.18303 2.19663 2.40221 2.41520 2.28935 2.17746 2.13718 2.10016 2.32663 2.37164 2.34037 2.34037 2.34037 2.34037 2.34037 2.34037 2.34037 2.34703 2.37353 2.37402 2.42531 2.37245 2.64187 3.02640 2.79240 2.79093 2.64732 2.63276 2.83422 2.83211 2.83107 2.75340 2.46004 2.28860 2.10435 2.05190 2.04735 2.04280 2.02249 1.99872 2.01303 1.92834 1.89143 1.88747 1.96308 2.01828 2.18034 2.18415 2.17533 2.16651 2.16107 2.16100 2.16129 2.40043 2.55158 2.71296
1.72133 1.78048 1.79620 1.90978 2.07881 2.11184 2.13338 2.13319 2.12480 2.12534 2.12987 2.13552 2.31124 2.39471 2.32836 2.22588 2.13926 2.10562 2.21547 2.39234 2.32103 2.31434 2.31340 2.31230 2.31136 2.31045 2.31134 2.32334 2.32189 2.34262 2.48489 2.70343 2.66823 3.01763 2.90679 2.79777 2.70509 2.54204 2.60252 2.51357 2.36191 2.31396 2.08524 1.97368 1.98696 1.99147 1.99204 1.99204 1.99204 1.99204 1.99267 1.98106 1.89143 1.88781 1.90619 1.99334 2.09169 2.16100 2.16100 2.16075 2.15237 2.14011 2.12783 2.23029 2.40184 2.60437
1.73114 1.80491 1.88133 1.91152 2.10280 2.11485 2.12374 2.13552 2.13552 2.13552 2.13552 2.13927 2.23910 2.31366 2.25681 2.10100 2.04923 2.07259 2.06851 2.27395 2.28482 2.27754 2.29501 2.31797 2.34088 2.36381 2.38504 2.38934 2.38934 2.38934 2.41601 2.72746 2.62181 2.92458 2.92647 2.58205 2.44378 2.25097 2.27093 2.28735 2.32899 2.33919 2.24275 1.99204 1.99204 1.99204 1.99204 1.99204 1.99204 1.99070 1.98397 1.99848 1.84877 1.83555 1.82010 1.92061 1.96081 2.07355 2.06129 2.04925 2.04366 2.03667 2.02934 2.03783 2.27810 2.39478
1.79598 1.83820 1.91942 1.94664 2.08003 2.19556 2.22507 2.25265 2.25878 2.24429 2.22979 2.21131 2.14358 1.91363 1.89122 1.79964 1.93960 2.15169 2.15879 2.28329 2.39378 2.38391 2.38934 2.38934 2.38934 2.38934 2.39225 2.40775 2.44049 2.45610 2.43504 2.62729 2.55699 2.30378 2.54883 2.51339 2.55733 2.42117 2.36722 2.34187 2.34123 2.34098 2.33835 2.04491 2.00037 2.00303 2.00076 1.99568 1.99059 1.98685 1.98850 1.99874 1.80430 1.77374 1.77211 1.82766 1.87503 2.01175 2.02010 2.01241 1.99887 1.97844 1.92761 1.87155 1.94386 2.01755
1.94212 2.02265 2.05946 2.06590 2.05184 2.18454 2.14462 2.10593 2.08736 2.07759 2.07085 2.07342 2.06090 1.87403 1.81957 1.89023 2.00307 2.30688 2.30460 2.26994 2.42725 2.40272 2.41511 2.43613 2.47106 2.48953 2.42659 2.32772 2.20856 2.11014 2.05603 2.17510 2.34222 2.25497 2.52162 2.63745 2.60735 2.51547 2.38573 2.36906 2.36325 2.36563 2.36116 2.19228 1.99931 1.99156 1.98876 1.98876 1.98876 1.98876 1.99783 2.01629 1.91740 1.82909 1.85657 1.82045 1.83269 1.89683 1.92529 1.87154 1.83194 1.81413 1.82170 1.83714 1.87617 1.97115
1.73992 1.78723 1.79839 1.83508 1.82615 1.94778 2.01014 2.00368 1.98204 1.96854 1.95306 1.93079 1.92115 1.83210 1.74679 1.81837 1.96621 2.22050 2.32111 2.30358 2.42292 2.46172 2.39087 2.28833 2.18103 2.10626 2.11161 2.13884 2.16783 2.19777 2.22866 2.31452 2.67076 2.59566 2.40215 2.67864 2.62371 2.60677 2.39958 2.37829 2.35188 2.34403 2.33695 2.30522 1.99757 1.99328 1.99853 2.00380 2.00924 2.01505 2.01186 2.00042 2.00640 1.93525 1.92351 1.85540 1.72781 1.73963 1.82929 1.84226 1.84830 1.84331 1.83763 1.83195 1.82741 1.92107
1.63448 1.69414 1.75119 1.80111 1.79645 1.81894 1.93582 1.92147 1.92115 1.92105 1.92063 1.92019 1.91975 1.88609 1.74667 1.79129 2.02911 2.22568 2.43250 2.33712 2.22709 2.20696 2.24334 2.27574 2.29638 2.29661 2.29661 2.29661 2.29661 2.29661 2.29661 2.29671 2.61840 2.67886 2.36455 2.66648 2.62920 2.60180 2.42678 2.34540 2.31952 2.32324 2.32853 2.33124 2.11054 1.99251 1.99310 1.99369 1.98912 1.97810 1.96704 1.94378 1.93560 1.88667 1.91892 1.99352 1.87922 1.88318 1.84611 1.82695 1.82690 1.82690 1.82690 1.82706 1.82772 1.87506
1.61118 1.58653 1.68695 1.71922 1.74679 1.74634 1.88209 1.92008 1.92530 1.93191 1.94493 2.01897 2.12385 2.23426 2.08708 2.04607 1.96229 1.94979 2.25682 2.27307 2.24089 2.25966 2.29421 2.29661 2.29661 2.29661 2.29661 2.29661 2.29661 2.29661 2.29677 2.31015 2.53763 2.74548 2.58446 2.49045 2.52718 2.49675 2.41827 2.36405 2.35278 2.34288 2.34330 2.33873 2.22458 1.97302 1.96207 1.96802 1.99313 2.04165 2.10115 2.17391 2.25906 2.30237 2.26642 2.26642 2.08542 1.94215 1.88404 1.82692 1.82742 1.82811 1.82879 1.82931 1.82934 1.83608
1.69853 1.58535 1.73329 1.77044 1.76903 1.77427 1.86940 2.09971 2.20571 2.31110 2.37865 2.33770 2.25704 2.17309 1.98506 1.87484 1.87344 1.88078 2.16210 2.27647 2.25256 2.24858 2.28355 2.29877 2.33991 2.40291 2.46839 2.53600 2.60600 2.67842 2.72999 2.70620 2.64531 2.55691 2.44359 2.17199 2.21505 2.32347 2.33365 2.35992 2.31906 2.27294 2.28107 2.29948 2.36502 2.23076 2.25423 2.29816 2.33530 2.35044 2.35044 2.35044 2.35044 2.34968 2.26642 2.26642 2.20859 1.94470 1.92467 1.82916 1.82934 1.82934 1.82934 1.82937 1.83018 1.83134
1.88631 1.63940 1.76868 1.95814 2.04986 2.14781 2.21514 2.33442 2.26437 2.18349 2.14261 2.14223 2.14223 2.14223 2.06998 1.88425 1.91976 1.94381 2.17162 2.50998 2.57044 2.61309 2.72168 2.82789 2.85104 2.78368 2.68786 2.59724 2.51135 2.43003 2.37262 2.36475 2.36475 2.36475 2.36420 2.17746 2.14748 2.20282 2.24519 2.29157 2.35754 2.53158 2.55064 2.54451 2.57289 2.48141 2.35044 2.35044 2.35044 2.35044 2.35044 2.35044 2.35051 2.36173 2.28180 2.26979 2.27139 2.01291 1.94878 1.85665 1.83652 1.83768 1.83884 1.84044 1.84508 1.85023
2.27722 2.03972 2.01841 2.21726 2.21151 2.21145 2.22883 2.18300 2.10744 2.08420 2.06116 2.03887 2.04562 2.05818 2.07208 2.28359 2.35034 2.45851 2.58619 2.82977 2.81619 2.66311 2.50424 2.46319 2.38196 2.33239 2.30825 2.28470 2.26179 2.24022 2.22790 2.18732 2.13825 2.09228 2.08398 2.06408 2.03618 2.19293 2.39960 2.37153 2.36510 2.46119 2.53787 2.53787 2.55430 2.56636 2.35046 2.33491 2.32763 2.32076 2.31428 2.30777 2.30121 2.29670 2.32579 2.27985 2.27985 2.13906 1.95546 1.90837 1.85158 1.85673 1.86188 1.86940 1.89630 1.94086
2.35909 2.12725 1.94350 2.09544 2.12145 2.10646 2.11731 2.13222 2.08363 2.11406 2.15187 2.19093 2.19759 2.19539 2.19094 2.33057 2.42910 2.45232 2.21208 2.48691 2.45377 2.34680 2.09580 2.11001 2.12031 2.13480 2.14025 2.11530 2.08907 2.09294 2.10841 2.15508 2.21429 2.27446 2.29156 2.25923 2.16939 2.11986 2.28756 2.30204 2.32918 2.36256 2.49373 2.48648 2.48058 2.51586 2.37356 2.28716 2.28792 2.28831 2.28831 2.28831 2.28831 2.27873 2.29367 2.21675 2.19369 2.16280 2.03121 2.06203 2.01663 2.07778 2.13341 2.18832 2.21011 2.20608
2.16101 2.05730 1.97178 2.09270 2.26736 2.26995 2.26221 2.25832 2.20958 2.16554 2.16174 2.16059 2.15970 2.16103 2.16461 2.23498 2.40600 2.40122 2.09160 2.27657 2.38492 2.39512 2.14644 2.10335 2.12080 2.12693 2.14865 2.20495 2.26596 2.29052 2.29156 2.29156 2.29156 2.29156 2.29156 2.28588 2.13145 2.09769 2.18592 2.25919 2.28058 2.29830 2.44802 2.47426 2.47502 2.50068 2.47022 2.28831 2.27828 2.26369 2.25184 2.23924 2.21991 2.20857 2.22904 2.23988 2.26024 2.27277 2.25576 2.32163 2.24332 2.20592 2.20421 2.20856 2.21500 2.22169
1.99433 1.98337 1.96050 2.03300 2.24557 2.24608 2.23960 2.24273 2.23580 2.16491 2.16671 2.16699 2.16786 2.17789 2.19038 2.21192 2.45258 2.47668 2.30301 2.25373 2.53252 2.60293 2.48749 2.33633 2.27350 2.29142 2.29156 2.29156 2.29156 2.29156 2.29156 2.29156 2.29156 2.29156 2.29156 2.29156 2.16755 2.15063 2.14907 2.25690 2.26847 2.30368 2.40921 2.50065 2.48886 2.48292 2.50256 2.29221 2.23777 2.23145 2.22240 2.21865 2.23250 2.24845 2.25815 2.28837 2.27760 2.22768 2.14268 2.24076 2.21945 2.23013 2.23558 2.23608 2.23608 2.23608
1.95880 2.00734 1.96265 2.03709 2.18824 2.26468 2.25241 2.25708 2.26801 2.22658 2.21050 2.22299 2.23460 2.23717 2.22699 2.19686 2.31581 2.34947 2.30609 2.41441 2.77220 2.77964 2.72580 2.42351 2.28567 2.29156 2.29156 2.29156 2.29156 2.29156 2.29156 2.29156 2.29156 2.29156 2.29970 2.33457 2.27369 2.22439 2.23981 2.30613 2.32296 2.31669 2.29586 2.41885 2.40992 2.40156 2.43324 2.35009 2.24003 2.25597 2.26845 2.24673 2.18900 2.10833 2.03530 1.98977 1.94676 1.91992 1.91981 2.12498 2.18412 2.23530 2.23627 2.24913 2.26969 2.29025
1.91063 2.02265 1.99990 2.09631 2.20861 2.40821 2.35671 2.31309 2.31309 2.29147 2.20260 2.17338 2.14561 2.11810 2.09960 2.09779 2.16645 2.29073 2.28402 2.34643 2.66781 2.77964 2.77964 2.49588 2.34269 2.29065 2.29156 2.29674 2.33144 2.34563 2.35461 2.36334 2.37167 2.38551 2.41743 2.43679 2.46006 2.34626 2.46164 2.53084 2.39560 2.31226 2.22335 2.35284 2.37562 2.34761 2.35447 2.28719 2.10562 2.02332 1.95246 1.91141 1.89140 1.88539 1.87822 1.87579 1.89101 1.88397 1.87702 1.98328 2.20145 2.26352 2.30181 2.30950 2.30950 2.30950
1.90778 2.17128 2.16650 2.15487 2.22197 2.41500 2.36103 2.23161 2.20598 2.18462 2.11727 2.09750 2.09622 2.09600 2.09600 2.09600 2.11163 2.28886 2.28883 2.30331 2.54050 2.82112 2.83128 2.67369 2.47354 2.36086 2.37870 2.38196 2.37639 2.41457 2.45725 2.49992 2.54256 2.57961 2.59123 2.59123 2.59123 2.44183 2.48952 2.60255 2.38850 2.34795 2.20855 2.21556 2.18417 2.15630 2.09959 1.94904 1.87277 1.82841 1.82212 1.81591 1.81021 1.80900 1.80900 1.80629 1.84444 1.86073 1.87634 1.91421 2.23324 2.28060 2.32742 2.33173 2.33605 2.34038
1.82165 2.10927 2.12193 2.05981 2.11392 2.22831 2.31048 2.18881 2.17181 2.16932 2.14555 2.09391 2.09090 2.08787 2.11085 2.16256 2.21425 2.44692 2.57068 2.62021 2.84979 2.90295 2.78231 2.75984 2.55512 2.50904 2.52292 2.56558 2.59190 2.60338 2.61748 2.63158 2.64568 2.66312 2.67619 2.68502 2.69381 2.60415 2.55769 2.63470 2.34020 2.22752 2.08021 2.03495 2.02172 2.02158 2.02158 1.95657 1.88348 1.80802 1.80453 1.80087 1.80265 1.81379 1.82511 1.83554 1.89353 1.91451 1.91699 1.91718 2.15744 2.28550 2.35502 2.36455 2.37207 2.37961
1.77930 1.96534 2.08039 2.03353 2.08669 2.13606 2.29116 2.22439 2.20678 2.25273 2.29783 2.30215 2.35048 2.40522 2.43401 2.43401 2.43401 2.55368 2.71650 2.71847 2.83560 3.07969 2.92891 2.95521 2.85457 2.79037 2.72116 2.73984 2.76016 2.76875 2.76502 2.75972 2.73072 2.71455 2.71797 2.72557 2.73327 2.70131 2.54048 2.69236 2.42615 2.18412 2.11388 2.02219 2.00830 2.00079 1.99677 1.97695 1.87429 1.80951 1.80516 1.82008 1.82962 1.82979 1.82979 1.82979 1.87824 1.96136 2.00459 2.04378 2.13893 2.25281 2.24619 2.22286 2.22151 2.25513
1.76957 1.82790 2.05907 2.06662 2.20358 2.28514 2.52632 2.58095 2.48538 2.49352 2.50167 2.49668 2.48863 2.49737 2.50170 2.50482 2.50793 2.54838 2.78523 2.79926 2.87159 3.26011 3.08929 3.09689 3.05974 2.99689 2.85026 2.74383 2.68696 2.67959 2.68544 2.69213 2.70974 2.70765 2.69086 2.67452 2.65862 2.64306 2.51786 2.62103 2.53480 2.21599 2.13884 2.00130 1.99396 1.99385 2.01030 2.02674 1.95290 1.88651 1.82979 1.83793 1.87972 1.92742 1.97514 2.03835 2.12342 2.11355 2.12476 2.16478 2.22895 2.14938 2.24663 2.40374 2.48972 2.54405
1.87496 1.86246 2.16034 2.21761 2.37145 2.43861 2.56289 2.68942 2.58045 2.55359 2.54821 2.54128 2.51190 2.50490 2.50371 2.50374 2.51815 2.54476 2.81324 2.89382 2.97602 3.31209 3.43369 3.27845 3.24520 3.10938 2.91575 2.60430 2.63414 2.62206 2.60679 2.59261 2.58822 2.58719 2.58617 2.58515 2.58414 2.58314 2.52478 2.51450 2.63958 2.34151 2.17660 2.08881 2.06440 2.06372 2.07935 2.12614 2.13437 2.10647 2.10145 2.15424 2.19329 2.22735 2.26830 2.32090 2.36281 2.35304 2.42343 2.51928 2.60234 2.56498 2.52302 2.55573 2.54386 2.53272
1.99621 1.90033 2.05777 2.23628 2.31014 2.43381 2.46306 2.67077 2.60491 2.53140 2.53659 2.55888 2.57083 2.58781 2.61441 2.63447 2.63458 2.66649 2.86010 3.04557 3.11752 3.14476 3.09512 2.93636 2.94038 2.92811 3.01899 2.59811 2.56967 2.56967 2.56967 2.56967 2.56967 2.56967 2.56967 2.56967 2.56967 2.56966 2.54128 2.46811 2.65482 2.54068 2.31661 2.29863 2.29925 2.37238 2.43880 2.47876 2.51555 2.38752 2.32285 2.33769 2.37896 2.42956 2.52829 2.61432 2.70834 2.76950 2.72490 2.73401 2.74261 2.72003 2.54212 2.52954 2.52291 2.52291
2.05678 1.91071 1.92143 2.20793 2.22368 2.41063 2.41383 2.59451 2.62936 2.61456 2.62135 2.61176 2.60221 2.61883 2.65983 2.70641 2.76436 2.78421 2.85208 3.08336 3.10101 3.10355 3.12799 2.95499 2.94040 2.90918 3.01051 2.76830 2.56967 2.56967 2.56967 2.56045 2.53134 2.50116 2.47171 2.44292 2.41487 2.51890 2.53297 2.45118 2.63067 2.72352 2.61353 2.55071 2.55071 2.54444 2.50729 2.47074 2.43277 2.31816 2.32896 2.60911 2.72140 2.80777 2.83198 2.84119 2.84196 2.84496 2.73975 2.73479 2.73071 2.75858 2.52377 2.48764 2.47228 2.46959
2.16337 2.00564 1.92063 2.10660 2.17250 2.30049 2.35145 2.43547 2.56525 2.61513 2.66538 2.71341 2.76826 2.80165 2.79337 2.80171 2.80382 2.80382 2.80650 3.06080 3.09357 3.10735 3.09422 3.00300 2.88928 2.85507 2.82140 2.80678 2.41221 2.38416 2.35740 2.34017 2.34619 2.35481 2.36371 2.37290 2.38313 2.53299 2.60209 2.53096 2.56794 2.82179 2.63132 2.49975 2.44729 2.39698 2.33446 2.34038 2.35676 2.39940 2.52719 2.72295 2.81060 2.80650 2.80242 2.79831 2.79421 2.79709 2.72425 2.69605 2.70123 2.70896 2.58517 2.44121 2.41584 2.40508
