results/OMI_NO2_200801.asc
ncols      200
nrows      200
xllcorner       120.258
yllcorner       41.1236
cellsize     0.0166667
NODATA_Value      -999.000
[rows 30 to 59 of 181, columns 0 to 65 of 200]
0.00000 0.269704 0.274567 0.381286 0.554583 0.582459 0.571506 0.570019 0.570019 0.570019 0.570019 0.570019 0.585599 0.589198 0.569873 0.570978 0.547028 0.504834 0.567527 0.641125 0.723890 0.874942 0.941624 0.949570 0.896608 0.826452 0.809766 0.743383 0.577517 0.577800 0.577991 0.580335 0.585897 0.591492 0.523178 0.576134 0.585337 0.591785 0.594303 0.591245 0.586406 0.579646 0.578586 0.549011 0.517460 0.532887 0.548805 0.566569 0.591393 0.623846 0.430040 0.408937 0.408937 0.422332 0.455327 0.484941 0.557194 0.648044 0.674700 0.629482 0.564034 0.542475 0.493017 0.513398 0.516534 0.507538
0.330774 0.329269 0.297854 0.300636 0.490478 0.595635 0.601456 0.605724 0.608282 0.591089 0.570385 0.552194 0.541686 0.578483 0.638031 0.708273 0.836338 0.788086 0.856510 0.868396 0.881557 0.952103 0.958694 0.958694 0.903467 0.837663 0.826337 0.829999 0.637912 0.610662 0.616265 0.619083 0.616452 0.612436 0.560315 0.560992 0.579567 0.576337 0.575598 0.575360 0.571297 0.552108 0.537802 0.523107 0.496376 0.502414 0.497044 0.491663 0.500236 0.612601 0.550368 0.415441 0.441809 0.455971 0.452255 0.451162 0.468164 0.533982 0.606638 0.628934 0.572526 0.555181 0.504300 0.499456 0.506311 0.525521
0.330774 0.330774 0.304165 0.296763 0.430574 0.587262 0.581050 0.558699 0.541192 0.582447 0.668936 0.757302 0.853827 0.921712 0.941191 0.959750 1.07524 0.987806 0.932278 0.958694 0.958694 0.958694 0.958694 0.958694 0.943837 0.858326 0.850899 0.850498 0.747219 0.624850 0.626580 0.624737 0.552612 0.549837 0.530784 0.494100 0.524419 0.524419 0.524419 0.524419 0.524419 0.517079 0.491026 0.491073 0.492535 0.608761 0.707225 0.805734 0.888917 0.915320 0.892091 0.458646 0.460182 0.468179 0.475542 0.482358 0.486551 0.550038 0.592361 0.654958 0.619893 0.601310 0.585710 0.568112 0.558590 0.555007
0.330181 0.296070 0.258341 0.238503 0.250156 0.516651 0.736647 0.831241 0.930071 0.974822 0.971967 0.965215 0.956281 0.928675 0.908587 0.908905 1.02409 1.07830 0.914444 0.958694 0.958694 0.958694 0.958694 0.954535 0.936031 0.866378 0.836815 0.830852 0.814900 0.636052 0.634531 0.643860 0.595469 0.583034 0.589394 0.533117 0.524941 0.524419 0.524419 0.539842 0.594195 0.650368 0.704096 0.768605 0.792565 0.874069 0.884756 0.875874 0.871302 0.868008 0.899544 0.631839 0.507738 0.512148 0.516540 0.522282 0.547350 0.603842 0.663662 0.775434 0.729932 0.645674 0.625962 0.568696 0.563820 0.557493
0.236149 0.232170 0.238217 0.272431 0.307243 0.417831 0.829645 0.911830 0.897892 0.891303 0.891303 0.891303 0.891303 0.885441 0.870629 0.870629 0.968788 1.11732 0.939246 0.943155 0.958694 0.958694 0.965393 0.975273 0.945039 0.919475 0.868013 0.875435 0.881335 0.766656 0.688040 0.686571 0.645470 0.603026 0.605798 0.597147 0.624179 0.679115 0.734848 0.775490 0.777521 0.776760 0.779975 0.783235 0.781966 0.810458 0.849362 0.850340 0.848154 0.845655 0.857481 0.779435 0.527025 0.549881 0.572543 0.593825 0.598000 0.601575 0.598234 0.649423 0.689741 0.611581 0.591907 0.601091 0.616454 0.611772
0.427863 0.455171 0.477888 0.484797 0.489074 0.516073 0.710035 0.929918 0.922076 0.909388 0.910423 0.911451 0.912467 0.912978 0.893493 0.903837 0.988334 1.10575 1.05475 0.999968 1.04140 1.05001 1.05538 1.05759 1.03101 1.01376 0.939803 0.931157 0.868868 0.798950 0.680794 0.732258 0.765228 0.745708 0.788219 0.772895 0.741665 0.746939 0.745065 0.743192 0.742343 0.742343 0.742719 0.743598 0.737078 0.726140 0.770272 0.763565 0.765359 0.787631 0.804738 0.812821 0.559010 0.507430 0.499469 0.491895 0.486139 0.482216 0.480761 0.516318 0.569958 0.573519 0.576201 0.599992 0.621404 0.612021
0.571418 0.571418 0.571418 0.571418 0.571418 0.573737 0.626081 0.918528 0.942584 0.925636 0.930686 0.941188 0.952124 0.963466 0.994011 1.02025 1.06755 1.17414 1.14853 1.07275 1.08584 1.09326 1.09382 1.09382 1.08076 1.04421 1.02807 1.01463 1.01758 0.990293 0.914765 0.877917 0.867739 0.775051 0.763063 0.749847 0.698264 0.697870 0.692712 0.687511 0.682405 0.677354 0.668692 0.650488 0.641916 0.644492 0.691557 0.727074 0.737364 0.729481 0.724656 0.724062 0.618308 0.486973 0.489151 0.491245 0.492090 0.492090 0.490594 0.509537 0.561680 0.590476 0.625979 0.672455 0.746234 0.780463
0.559707 0.555088 0.550619 0.546298 0.542360 0.543741 0.582760 0.771383 0.923403 0.918457 0.917488 0.917488 0.917488 0.917488 0.965045 1.04138 1.08071 1.29554 1.36929 1.30593 1.15682 1.12577 1.17927 1.23345 1.28753 1.26180 1.24246 1.10726 0.990335 0.901747 0.863697 0.794326 0.793407 0.739570 0.717506 0.711641 0.660979 0.646331 0.638567 0.631001 0.623571 0.627030 0.641626 0.657328 0.671924 0.673725 0.685195 0.718012 0.715842 0.713981 0.712531 0.712729 0.701771 0.500820 0.492090 0.492090 0.496132 0.518884 0.546568 0.584252 0.672500 0.737783 0.758534 0.760848 0.802935 0.815066
0.528242 0.535149 0.542568 0.550517 0.558801 0.561223 0.586684 0.656720 0.942028 0.944236 0.936605 0.940001 0.965155 1.00903 1.07138 1.25423 1.28123 1.53151 1.66499 1.59463 1.51282 1.36075 1.36147 1.36147 1.36147 1.30848 1.25449 1.14481 0.980125 0.878081 0.860892 0.769524 0.753376 0.715999 0.672165 0.667282 0.637870 0.618884 0.632714 0.651448 0.672249 0.680554 0.680025 0.678866 0.671547 0.671877 0.671797 0.712133 0.717968 0.718401 0.717974 0.717542 0.711225 0.600769 0.568890 0.594376 0.615813 0.618547 0.622897 0.633435 0.711605 0.797727 0.836577 0.854478 0.899179 0.933732
0.561223 0.561223 0.561223 0.561223 0.561223 0.561223 0.576694 0.649579 0.887262 1.02251 1.06221 1.11119 1.14985 1.20892 1.27000 1.45121 1.53771 1.71079 1.86860 1.76323 1.56674 1.34775 1.27883 1.25815 1.23871 1.21514 1.15841 1.11698 0.930482 0.825863 0.799142 0.752200 0.704910 0.698433 0.693126 0.708401 0.712354 0.683126 0.688139 0.688386 0.688386 0.688386 0.688386 0.688386 0.680917 0.678499 0.677880 0.695614 0.705420 0.692332 0.678759 0.665368 0.662811 0.660964 0.619426 0.618641 0.617823 0.616970 0.616782 0.630510 0.686013 0.804989 0.835883 0.872506 0.897627 0.974297
0.561223 0.561223 0.561223 0.561223 0.571069 0.597814 0.627896 0.735862 0.857639 1.13048 1.19231 1.25604 1.29732 1.29445 1.27026 1.31216 1.35376 1.39043 1.42608 1.40698 1.30775 1.25080 1.14339 1.14339 1.14339 1.14339 1.11619 1.11362 0.964069 0.827654 0.797263 0.809271 0.742319 0.759752 0.750605 0.751815 0.751125 0.688516 0.688075 0.688386 0.688386 0.688386 0.686727 0.673881 0.656435 0.639676 0.626304 0.623014 0.662732 0.663234 0.663247 0.662212 0.661785 0.666653 0.622274 0.607872 0.605544 0.603203 0.600860 0.618358 0.657966 0.785582 0.835100 0.903004 0.904043 0.982930
0.593734 0.633619 0.675788 0.725564 0.763666 0.772689 0.780401 0.832644 0.850470 1.20721 1.27463 1.27824 1.25279 1.23354 1.23198 1.26125 1.35662 1.40513 1.40902 1.40902 1.33928 1.30040 1.17021 1.14339 1.14339 1.14401 1.16333 1.21326 1.16294 0.947094 0.884243 0.888056 0.814683 0.775999 0.764649 0.760153 0.761656 0.708205 0.680765 0.665311 0.648934 0.632460 0.617580 0.616211 0.623343 0.628494 0.635172 0.640999 0.650754 0.651164 0.649782 0.647114 0.646058 0.649391 0.638702 0.599930 0.595503 0.590623 0.585321 0.610063 0.662335 0.804789 0.847220 0.917291 0.959593 1.03981
0.778000 0.803123 0.786102 0.761626 0.738501 0.717247 0.698772 0.712481 0.764102 0.935323 1.20232 1.23671 1.23884 1.23958 1.24033 1.24311 1.36564 1.40961 1.42230 1.38202 1.37786 1.36839 1.31577 1.24828 1.31780 1.39694 1.45150 1.46157 1.42972 1.03419 0.967826 0.969759 0.937411 0.824822 0.800153 0.770873 0.754286 0.692843 0.646347 0.655775 0.666217 0.676654 0.687090 0.694967 0.695431 0.686963 0.683126 0.682414 0.687852 0.702145 0.708097 0.701826 0.688833 0.696767 0.702969 0.640251 0.643328 0.651686 0.660048 0.683705 0.767444 0.943304 0.979216 1.01662 1.04303 1.07709
0.581768 0.572234 0.564110 0.562754 0.562754 0.562754 0.562754 0.569022 0.691336 0.684018 1.17355 1.24225 1.25850 1.24316 1.20113 1.15964 1.21807 1.24790 1.26965 1.27229 1.34849 1.53472 1.54429 1.55155 1.56474 1.57555 1.58354 1.58388 1.58254 1.08276 0.768049 0.622634 0.464426 0.687760 0.759281 0.758560 0.782323 0.790343 0.727449 0.735451 0.741749 0.747787 0.753750 0.759678 0.765517 0.763357 0.751295 0.757304 0.778572 0.809101 0.819159 0.796201 0.733203 0.756601 0.766887 0.724348 0.689663 0.692035 0.694550 0.697512 0.797471 0.950755 1.04303 1.04303 1.04236 1.03889
0.562754 0.562754 0.561939 0.555571 0.548184 0.540780 0.533376 0.525989 0.618158 0.614635 0.862249 1.08218 1.05815 1.03567 1.03349 1.03349 1.10087 1.23524 1.28953 1.28969 1.27441 1.46258 1.44932 1.48568 1.54165 1.38673 1.19680 0.979473 0.720831 0.538974 0.409259 0.428784 0.447772 0.655449 0.909249 0.890652 0.893809 0.901482 0.796665 0.781856 0.779889 0.778109 0.776332 0.774549 0.772771 0.770595 0.749580 0.751598 0.812605 0.842026 0.866834 0.869680 0.761645 0.773068 0.790942 0.776697 0.697264 0.696912 0.696912 0.696551 0.753850 0.856832 0.964736 0.940154 0.917899 0.900118
0.492858 0.485454 0.478874 0.467715 0.449542 0.433369 0.418974 0.406004 0.465718 0.536242 0.564613 1.01352 1.02071 1.01713 1.01330 1.00716 1.01233 1.15995 1.17013 1.18758 1.12153 1.07836 0.991942 0.798168 0.582439 0.548823 0.538181 0.530304 0.525590 0.517368 0.443997 0.422486 0.407676 0.417936 0.865233 0.889108 0.877829 0.875692 0.807111 0.770731 0.769435 0.763051 0.756456 0.750193 0.744228 0.739874 0.755492 0.755468 0.778496 0.791133 0.858411 0.933603 0.832018 0.809210 0.853110 0.862057 0.790589 0.763715 0.726785 0.706790 0.743338 0.826436 0.858918 0.844557 0.826597 0.810263
0.480642 0.449134 0.405046 0.399174 0.399174 0.399174 0.399174 0.399174 0.413354 0.480634 0.455014 0.830015 0.980035 0.975037 0.970846 0.950967 0.830598 0.799709 0.690566 0.600427 0.538657 0.544794 0.591540 0.589574 0.563079 0.530284 0.493845 0.486848 0.479954 0.481141 0.417148 0.375515 0.377543 0.379104 0.728260 0.940475 0.919681 0.908522 0.866400 0.803760 0.805755 0.801692 0.773040 0.753111 0.758585 0.766791 0.759313 0.787684 0.805151 0.850719 0.892174 1.03288 0.963365 0.888639 0.939839 0.951283 0.909760 0.820825 0.779745 0.730465 0.728773 0.790813 0.778756 0.775425 0.775425 0.775425
0.489648 0.469683 0.400754 0.399174 0.399174 0.399174 0.399174 0.409819 0.441890 0.520339 0.532102 0.645737 0.843113 0.710150 0.591580 0.487261 0.463610 0.493695 0.529681 0.548692 0.540385 0.535020 0.578170 0.594164 0.587955 0.532587 0.488293 0.477104 0.473247 0.471418 0.436281 0.375394 0.393631 0.421171 0.512412 0.850796 0.861177 0.865318 0.854475 0.768425 0.750577 0.733501 0.680667 0.676112 0.698330 0.753243 0.755013 0.787849 0.797417 0.855570 0.877693 0.986831 1.00245 0.869503 0.879213 0.884643 0.866910 0.762021 0.746126 0.699722 0.697724 0.748544 0.755536 0.744069 0.728353 0.713651
0.501699 0.477968 0.421360 0.404289 0.429458 0.453912 0.475754 0.513092 0.529411 0.553164 0.557227 0.528643 0.514330 0.489155 0.492548 0.494572 0.486592 0.497374 0.558309 0.546209 0.506379 0.506379 0.525862 0.563583 0.563583 0.527197 0.480194 0.478668 0.505516 0.526143 0.539271 0.495412 0.500947 0.500947 0.497500 0.749801 0.815734 0.795745 0.781384 0.734594 0.722003 0.722714 0.700181 0.681775 0.687606 0.761035 0.761229 0.765115 0.766056 0.785786 0.794375 0.842078 0.926253 0.821441 0.818049 0.843593 0.840524 0.772990 0.708904 0.667011 0.647072 0.658301 0.664804 0.661269 0.661291 0.661625
0.547154 0.542918 0.530394 0.480180 0.468979 0.457519 0.447182 0.447994 0.462337 0.464732 0.498482 0.479304 0.473492 0.491736 0.505525 0.508418 0.505296 0.497804 0.569562 0.577824 0.530856 0.530077 0.533355 0.613903 0.636670 0.644399 0.629344 0.626749 0.629299 0.621620 0.609985 0.536820 0.477794 0.469562 0.464579 0.572464 0.773930 0.774739 0.775945 0.749733 0.722961 0.721298 0.700649 0.645942 0.631377 0.677348 0.680585 0.681076 0.702449 0.719468 0.763494 0.797217 0.891831 0.849316 0.814080 0.841070 0.827250 0.740663 0.661106 0.646101 0.626243 0.637143 0.661988 0.656813 0.651766 0.646728
0.498252 0.475311 0.531446 0.493931 0.491181 0.495729 0.498860 0.502585 0.531137 0.536411 0.570115 0.565194 0.549129 0.557742 0.582361 0.581172 0.578308 0.555676 0.597133 0.620850 0.584767 0.570128 0.570336 0.640144 0.693173 0.692819 0.671472 0.644719 0.628974 0.613253 0.594807 0.564904 0.480283 0.480967 0.480967 0.486115 0.743233 0.759506 0.746659 0.722704 0.666350 0.655939 0.654997 0.612599 0.600670 0.642815 0.680996 0.682068 0.704253 0.717116 0.783245 0.809259 0.906054 0.963144 0.870835 0.876730 0.882922 0.791652 0.692098 0.649876 0.614743 0.611651 0.642719 0.643739 0.643739 0.643739
0.457559 0.457559 0.540907 0.548860 0.514456 0.514456 0.514504 0.517464 0.538250 0.549190 0.574183 0.583568 0.564740 0.564659 0.594284 0.599156 0.602036 0.588384 0.596575 0.618377 0.599302 0.576019 0.574168 0.589073 0.679555 0.673824 0.649970 0.601908 0.590967 0.584352 0.571423 0.563933 0.470529 0.443528 0.428450 0.414385 0.568506 0.714199 0.715563 0.716549 0.664208 0.660053 0.667385 0.655925 0.631663 0.668166 0.743470 0.755322 0.784362 0.821172 0.821304 0.821258 0.886111 1.02184 0.870586 0.852637 0.836990 0.780684 0.704170 0.638191 0.615619 0.608340 0.634414 0.649521 0.664033 0.679413
0.494007 0.501078 0.557220 0.622619 0.558999 0.562056 0.558488 0.557701 0.562827 0.573310 0.584212 0.597907 0.586315 0.575937 0.590243 0.597181 0.590566 0.575213 0.557881 0.575301 0.553647 0.506687 0.493231 0.486882 0.574841 0.592938 0.592916 0.552089 0.536822 0.542323 0.542881 0.539604 0.488551 0.404427 0.406137 0.416400 0.464822 0.748663 0.765261 0.775631 0.746551 0.734820 0.738503 0.735688 0.693061 0.699824 0.792260 0.801332 0.810981 0.823980 0.847700 0.887402 0.969642 1.00905 0.841134 0.818423 0.818423 0.809872 0.712481 0.645004 0.659062 0.665648 0.697740 0.727180 0.724667 0.721491
0.538798 0.538798 0.558976 0.655118 0.600132 0.578922 0.574108 0.574335 0.578522 0.594143 0.592130 0.537833 0.528905 0.504499 0.506675 0.514329 0.502423 0.488623 0.470320 0.502097 0.505998 0.465812 0.455372 0.447590 0.493254 0.575981 0.562825 0.521362 0.529211 0.517019 0.506162 0.497532 0.488645 0.474992 0.474069 0.473165 0.479935 0.694362 0.804827 0.812009 0.798012 0.757957 0.759003 0.760132 0.747518 0.750975 0.812919 0.840466 0.867008 0.893242 0.895235 0.905351 0.911070 0.976478 0.744870 0.602859 0.504915 0.398692 0.296685 0.452917 0.628305 0.637583 0.657182 0.702097 0.714124 0.726156
0.589707 0.603223 0.606035 0.679847 0.662974 0.607887 0.602785 0.594155 0.594155 0.602361 0.604767 0.522850 0.490564 0.450761 0.423207 0.423306 0.412866 0.400531 0.387673 0.397511 0.411215 0.385273 0.371653 0.366874 0.365961 0.455822 0.452233 0.446587 0.451718 0.463169 0.463294 0.467458 0.467138 0.483806 0.472362 0.469214 0.457231 0.569984 0.927942 0.927779 0.908878 0.803714 0.809006 0.889801 0.934284 0.975676 0.906973 0.851090 0.851090 0.813568 0.715970 0.573398 0.386913 0.300405 0.307636 0.303255 0.319681 0.336509 0.342764 0.369141 0.680542 0.692316 0.695420 0.724691 0.721678 0.716078
0.570990 0.606021 0.605382 0.658039 0.677750 0.609178 0.597487 0.578226 0.567381 0.542074 0.499006 0.438552 0.386317 0.362665 0.360186 0.353110 0.335597 0.330635 0.326355 0.331786 0.358567 0.359266 0.359723 0.359734 0.359638 0.419358 0.460004 0.457930 0.458080 0.468946 0.460172 0.447884 0.441594 0.405561 0.383829 0.360541 0.353264 0.346325 0.765432 0.845097 0.860479 0.810583 0.795194 0.923014 0.969747 0.871070 0.715906 0.538971 0.414113 0.335512 0.347574 0.328130 0.200925 0.300243 0.465019 0.417772 0.420028 0.424362 0.426638 0.388466 0.653269 0.801852 0.812048 0.738241 0.704295 0.706046
0.531652 0.580530 0.582332 0.608083 0.641190 0.596603 0.554076 0.550966 0.552668 0.552392 0.504380 0.480193 0.410680 0.390158 0.389124 0.372577 0.322725 0.324489 0.325723 0.326198 0.357342 0.363220 0.367391 0.371418 0.375592 0.403718 0.446800 0.431262 0.416871 0.414194 0.405904 0.405122 0.409657 0.353283 0.394363 0.386577 0.392074 0.397604 0.636636 0.887706 0.834332 0.735847 0.643084 0.586547 0.562144 0.583009 0.639019 0.598181 0.644745 0.691310 0.714738 0.716807 0.668404 0.670042 0.727976 0.594764 0.562896 0.565313 0.570192 0.574524 0.672621 0.871169 0.858613 0.809838 0.736064 0.694170
0.536960 0.555108 0.554948 0.595635 0.795081 0.805435 0.720487 0.714334 0.699142 0.704962 0.665299 0.644932 0.551294 0.518528 0.507730 0.508596 0.457534 0.453717 0.456071 0.458642 0.493150 0.520472 0.536201 0.550502 0.563609 0.552145 0.470411 0.454042 0.444582 0.458645 0.481543 0.486667 0.502491 0.429819 0.427804 0.405181 0.405006 0.405103 0.446161 0.494597 0.467096 0.497002 0.570924 0.618701 0.939661 1.00548 1.04230 0.885882 0.871960 0.898399 0.923583 0.947858 1.00137 1.02837 0.988010 0.799421 0.597557 0.591473 0.583492 0.573622 0.565189 0.796750 0.839994 0.840940 0.759416 0.723619
0.581450 0.580376 0.580376 0.584361 0.932888 0.951881 0.852581 0.813460 0.771975 0.769885 0.726716 0.671541 0.609302 0.562699 0.528823 0.536235 0.518916 0.508325 0.525060 0.541140 0.545111 0.538655 0.529819 0.519578 0.511177 0.504114 0.448092 0.421133 0.421133 0.439092 0.482836 0.500562 0.518858 0.503479 0.480062 0.509045 0.535776 0.569591 0.650793 0.772473 0.795965 0.817830 0.966573 0.997166 1.22910 1.33573 1.35745 1.21745 1.10915 1.12026 1.13227 1.14528 1.07024 0.907659 0.904857 0.841326 0.566228 0.565496 0.569110 0.573046 0.577354 0.732028 0.873412 0.873391 0.782966 0.734146
0.591354 0.582448 0.583615 0.584787 0.864687 0.957273 0.912548 0.821245 0.807976 0.812038 0.829885 0.748297 0.719472 0.666436 0.626579 0.609857 0.596180 0.547124 0.547731 0.549834 0.550838 0.542012 0.549284 0.560274 0.571250 0.582226 0.561473 0.522389 0.532783 0.550931 0.616112 0.649253 0.644463 0.657505 0.593683 0.711258 0.746163 0.755562 0.765971 0.866839 0.868060 0.869324 0.978274 1.05166 1.21504 1.58040 1.58557 1.42171 1.10423 1.05930 1.01853 1.07168 1.15541 0.918945 0.907659 0.895869 0.612573 0.579876 0.579876 0.577455 0.567588 0.578441 0.830819 0.865108 0.799646 0.728885
