results/OMI_NO2_200801.asc
ncols      200
nrows      200
xllcorner       120.258
yllcorner       41.1236
cellsize     0.0166667
NODATA_Value      -999.000
[rows 150 to 179 of 181, columns 66 to 131 of 200]
3.47422 3.67926 3.81320 3.94872 4.48839 4.68090 4.56496 4.40729 4.29858 4.28549 4.33519 4.44624 4.48152 4.49454 4.58641 4.52985 4.53528 4.36182 4.32630 3.92234 3.66581 3.81506 3.84181 3.51728 3.44781 3.37526 2.94560 2.89174 2.85022 2.68998 2.81486 2.85785 2.87523 2.96929 3.13684 3.09447 3.07757 2.48517 2.37688 2.37055 2.36099 2.33803 2.28133 2.28751 2.54640 2.73155 2.85698 2.91849 2.88040 2.54601 2.54409 2.56156 2.50931 2.50733 2.73882 2.74242 2.74275 2.70377 2.68233 2.68233 2.94280 2.94062 2.67771 2.71257 2.72732 2.62289
3.57544 3.79815 4.13169 4.20714 4.74309 5.16487 5.20189 4.86376 4.71291 4.62990 4.62529 4.58277 4.60293 4.63744 4.63509 4.40294 4.33378 4.08142 3.97428 3.73341 3.42208 3.55973 3.71273 3.50565 3.35544 3.26020 2.81170 2.56424 2.48090 2.52645 2.80262 2.87663 2.87663 2.88915 3.14010 3.12610 3.15576 2.80202 2.50455 2.35601 2.35396 2.37422 2.37068 2.35484 2.74776 2.96582 3.13185 3.13491 3.07924 2.71628 2.58470 2.58895 2.56457 2.46556 2.67939 2.74275 2.74142 2.70100 2.64610 2.62676 2.76357 3.00734 2.86853 2.85610 2.85768 2.78433
4.08942 4.17726 4.50292 4.45258 4.60972 5.13440 5.10431 4.88656 4.73279 4.89166 4.86763 4.61363 4.61707 4.62546 4.60477 4.44439 4.29571 4.06391 4.06675 3.95601 3.45993 3.40725 3.49622 3.26381 2.97398 2.95574 2.76567 2.49089 2.49895 2.51214 2.78445 2.93413 2.96854 3.02280 3.24836 3.39827 3.42985 3.20814 2.79515 2.46144 2.47708 2.49260 2.49304 2.44199 2.67043 2.99935 3.21921 3.22600 3.21587 2.82441 2.57835 2.57343 2.56317 2.43449 2.49477 2.65206 2.63010 2.62995 2.72284 2.73028 2.79184 3.15230 3.07435 2.97677 2.99482 2.98075
3.92954 4.06422 4.41603 4.52320 4.56844 5.15911 5.24354 5.18740 4.82114 4.82548 4.82628 4.44726 4.34656 4.29551 4.27067 4.23222 4.20433 3.98632 3.85029 3.73883 3.08305 3.05218 3.23949 3.15916 2.90410 2.82509 2.80035 2.59545 2.57719 2.61071 2.81747 3.19348 3.22964 3.24534 3.34180 3.58170 3.58576 3.47399 3.01222 2.66112 2.52616 2.52478 2.53884 2.53430 2.63062 2.95425 3.16417 3.19561 3.17872 2.80645 2.42028 2.38867 2.33796 2.30693 2.29217 2.53790 2.55650 2.55154 2.80564 2.81572 2.79984 3.13225 3.14461 2.94738 3.00806 3.00855
4.00518 4.31257 4.50759 4.64813 4.63063 4.86872 4.93992 4.83707 4.58057 4.44538 4.52324 4.33682 4.18034 4.06415 3.96005 3.83631 3.73850 3.64480 3.47033 3.50775 3.02063 2.87529 3.01183 3.05181 2.84170 2.78524 2.83522 2.73854 2.66114 2.67352 2.75931 3.19343 3.24303 3.24303 3.24708 3.51668 3.57946 3.65597 3.28148 2.99177 2.73643 2.78544 2.81901 2.80128 2.75411 2.92218 2.97382 2.94583 2.86420 2.62469 2.26638 2.17741 2.17221 2.24315 2.25051 2.39892 2.52860 2.52489 2.72203 2.79868 2.80353 3.06829 3.23838 3.06978 3.10751 3.13494
4.34127 4.31293 4.31438 4.42935 4.31931 4.28499 4.42666 4.39284 4.27869 4.00983 4.06107 3.89546 3.67335 3.67229 3.68046 3.68838 3.67339 3.67158 3.43881 3.49358 3.16770 2.91861 3.04044 3.16811 3.00247 2.94508 2.94965 2.88837 2.70439 2.71261 2.76753 3.19774 3.39742 3.46229 3.53959 3.79893 4.02994 4.06579 3.71631 3.39046 2.90325 2.75666 2.65368 2.55571 2.42178 2.40548 2.42108 2.61944 2.60475 2.48348 2.26789 2.27513 2.27402 2.29202 2.35167 2.35508 2.58785 2.58979 2.72479 2.87036 2.87002 3.06487 3.38527 3.22781 3.14011 3.19113
3.68431 3.91395 3.84454 4.09594 4.08769 4.04566 4.02776 3.93548 3.87058 3.75948 3.85657 3.91985 3.70603 3.70793 3.71418 3.72965 3.73728 3.76947 3.64085 3.64422 3.47657 3.08476 3.13950 3.26580 3.09383 2.91138 2.88384 2.83274 2.86250 2.93708 2.97080 3.30085 3.65688 3.65680 3.62971 3.66924 3.78693 3.59091 3.24486 2.87547 2.47391 2.27594 2.26125 2.24965 2.21821 2.22844 2.25860 2.43561 2.47141 2.42100 2.18403 2.24550 2.24252 2.24252 2.32352 2.31471 2.54135 2.65620 2.76589 3.03287 3.07812 3.17221 3.60316 3.29598 3.09572 3.17893
3.49812 3.87788 3.78324 3.97093 4.02709 4.03480 3.97872 3.95717 3.96497 3.91171 3.85275 3.97463 3.76961 3.67823 3.65048 3.76436 3.84544 3.82548 3.72102 3.54818 3.48930 2.94798 2.92350 3.07995 3.02623 2.80527 2.84497 2.88087 2.94234 3.08790 3.14097 3.22785 3.49433 3.47207 3.44822 3.41779 3.32406 3.11256 2.99514 2.73304 2.56744 2.26034 2.24552 2.24191 2.21725 2.17708 2.21088 2.30590 2.42053 2.42085 2.19545 2.27749 2.31592 2.34549 2.43684 2.47901 2.57737 2.79095 2.80337 3.09750 3.10428 3.10428 3.59256 3.39371 3.12824 3.16813
3.43646 3.72555 3.77503 3.90288 4.03326 4.00801 3.94329 3.92826 3.91754 3.89383 3.76276 3.86728 3.74251 3.59823 3.58345 3.59843 3.70895 3.59853 3.56159 3.44104 3.52356 2.99603 2.97645 3.17409 3.28520 3.08874 3.12734 3.17191 3.17764 3.35109 3.33813 3.30476 3.43551 3.37694 3.37694 3.37694 3.34188 3.19575 3.05117 2.75468 2.68546 2.33959 2.18574 2.17357 2.17749 2.15272 2.23376 2.32824 2.53610 2.59115 2.40525 2.36722 2.40751 2.40829 2.42383 2.50118 2.48869 2.75693 2.79177 3.03687 3.11768 3.13721 3.50358 3.57427 3.26621 3.17745
3.44109 3.56229 3.76761 3.75716 3.96675 3.97270 3.96935 3.98011 4.02304 4.03236 3.97029 3.73094 3.54771 3.37813 3.33925 3.31735 3.50329 3.44794 3.45835 3.49410 3.70669 3.45450 3.34017 3.47505 3.58521 3.40244 3.33082 3.29534 3.15993 3.25921 3.30160 3.30596 3.47642 3.53171 3.58639 3.59702 3.36204 3.27887 3.07352 2.88080 2.80697 2.59780 2.28188 2.31240 2.33564 2.28508 2.29820 2.38541 2.55248 2.64980 2.51795 2.35803 2.42881 2.42846 2.42292 2.54010 2.92692 3.14941 2.84151 3.04203 3.20452 3.20433 3.40958 3.72280 3.36021 3.17164
3.41981 3.49012 3.78179 3.66737 3.95629 3.95380 3.90430 3.80419 3.86856 3.86828 3.86137 3.68082 3.45820 3.32084 3.30142 3.32392 3.43671 3.53732 3.56840 3.60666 3.75953 3.69808 3.40596 3.46889 3.63725 3.50368 3.32326 3.36389 3.28736 3.44723 3.63384 3.71033 3.78478 3.83950 3.81798 3.85220 3.61155 3.52732 3.36409 3.18945 3.00184 2.92108 2.50707 2.41723 2.41909 2.40206 2.35382 2.45234 2.54520 2.68976 2.58739 2.28362 2.80402 3.26479 3.72991 4.22270 4.29555 4.13573 2.76665 2.87661 3.17636 3.17593 3.23969 3.74505 3.50403 3.20956
3.74689 3.74093 3.63949 3.48884 3.69555 3.79272 3.77682 3.69881 3.74840 3.75603 3.74729 3.69414 3.45869 3.36103 3.30927 3.29816 3.30392 3.46539 3.44487 3.50487 3.52592 3.66315 3.26902 3.38770 3.92493 3.95974 3.79971 3.84357 3.76420 3.74944 3.95053 3.98543 3.99846 4.01048 3.92079 3.91677 3.77770 3.56184 3.41888 3.23924 2.94644 2.91203 2.68713 2.45813 2.47394 2.48795 2.41320 2.56515 2.98237 3.61778 4.16116 4.08429 4.17306 4.14940 4.09769 4.04723 4.20415 4.22947 3.17685 2.73923 3.18293 3.22530 3.26780 3.80848 3.75779 3.37159
3.51329 3.48180 3.39590 3.27594 3.41920 3.62224 3.62517 3.66011 3.72601 3.78570 3.79648 3.79634 3.53584 3.37055 3.27765 3.29144 3.29224 3.39386 3.48489 3.61895 3.70539 3.97761 3.63819 3.64671 4.04756 4.14195 3.91023 3.92145 4.00630 3.84164 3.98082 4.02275 4.01375 4.00745 3.95950 3.93318 3.89804 3.56995 3.43838 3.19189 2.88644 2.84944 2.81803 2.63624 2.93185 3.28341 3.61808 3.97928 4.16520 4.28878 4.38745 4.02081 3.91099 3.95293 3.97610 4.01543 4.33448 4.59915 4.18862 2.93858 3.36327 3.43361 3.43318 3.88429 4.14804 3.73650
3.47928 3.42395 3.42531 3.30177 3.38863 3.69575 3.70418 3.72771 3.79373 3.89326 3.90864 3.92522 3.70259 3.43827 3.29154 3.29743 3.52739 3.61231 3.72724 3.75725 3.80074 3.93102 3.69762 3.61161 3.88011 4.06620 3.91522 3.82515 3.95830 3.82246 3.89619 4.07146 4.07634 4.02126 3.95863 3.83343 3.81500 3.60442 3.46543 3.49045 3.56326 3.79229 4.12979 4.08744 3.91745 3.90662 3.91972 4.02547 4.29164 4.36924 4.55617 4.34290 4.12238 4.14648 4.16999 4.17731 4.29150 4.67877 4.62113 3.07831 3.05588 3.14585 3.07424 3.26807 3.66144 3.83012
3.70217 3.49159 3.50769 3.42527 3.45959 3.70368 3.74685 3.76729 3.79576 3.83577 3.82168 3.81163 3.70258 3.37680 3.23070 3.20155 3.49965 3.59458 3.67159 3.71790 3.77995 3.80449 3.76000 3.56274 3.73078 4.03147 3.94470 3.80479 3.88985 3.85860 3.74620 3.99211 3.97495 4.01203 4.07078 4.21096 4.58490 4.84815 4.99436 4.91718 4.53105 4.35128 4.35128 4.28511 3.95148 3.94590 3.94882 3.98999 4.27840 4.41250 4.50910 4.42039 4.02843 3.96454 3.86867 3.77789 3.69477 3.92638 3.90941 3.26264 2.66421 2.91002 2.91147 2.98499 3.60331 3.69792
4.03278 3.78749 3.77413 3.74947 3.69092 3.70558 3.69957 3.70908 3.76989 3.81956 3.81169 3.82830 3.82392 3.54417 3.34683 3.25389 3.37370 3.56666 3.53206 3.56544 3.59863 3.60642 3.61683 3.49145 3.66258 4.06306 4.00622 3.76646 3.74853 3.86513 3.70917 3.98000 4.12327 4.21273 4.37057 4.76057 5.37555 5.37332 5.16675 5.09354 4.60926 4.34964 4.33685 4.29109 4.04405 3.98359 3.99357 4.00143 4.00353 3.97909 3.97989 4.01412 3.58309 3.55005 3.55189 3.55741 3.56295 3.74844 3.91343 3.80431 2.62125 2.91147 2.90486 2.97701 3.70417 3.95433
4.19811 4.02243 3.86135 3.87914 3.80434 3.81038 3.78746 3.78916 3.81912 3.83736 3.80450 3.76495 3.73798 3.54793 3.28483 3.24783 3.27326 3.57140 3.55068 3.54420 3.60258 3.64402 3.62768 3.38134 3.49408 3.88759 3.94939 3.79008 3.79194 3.95431 3.96601 4.06992 4.25897 4.26045 4.37942 4.36918 5.20174 5.21925 5.12708 5.07552 4.64974 4.24178 4.18136 4.19099 4.13030 4.02199 4.03322 4.02607 3.79393 3.80283 3.83264 3.93688 3.63924 3.57164 3.57982 3.58242 3.56462 3.60411 3.84584 3.83996 3.16191 3.29486 3.47856 3.56688 3.95319 4.21144
4.35313 4.32787 4.01264 4.01933 3.96688 3.81501 3.72732 3.74295 3.75772 3.78221 3.77586 3.73289 3.73224 3.64107 3.35565 3.28645 3.29431 3.51183 3.62644 3.50828 3.58384 3.54210 3.55064 3.33990 3.52205 3.89767 4.14063 4.05319 3.99141 4.09752 4.17802 3.89893 4.08112 4.02176 4.03025 4.0r,fI!cm 5z c $vBsBccOr+c1c=gsz?cmtcw,qc(cqmpc1m pc\wMnwic rcq?cwcBr~qjc3m/umcxcw4cc3{wcm:Qs1cIp"vwZcotcsSz]lcUcLupnc pKscWcwccur c)m(p7c=^pw$cc 5vIc>mm(Cs1c(pw<c~ctBc^c{dzcmUq?c4wtcc}vo`q fc m=ucxwzgcWcwWcczsc3mvccr7rc3>c(ss clMmazDcMw@zYcc r.cc w.rc;wq7cc)+v7c5c.Tp)Bt%c$mLs?kc;v&]{6c(cktQI^cmu5cw&uc;cKRu&c8RcprcmTRv cw6{LcUcZq{ c mvJcUwvcoc9z crcysr&c5&m0t:c YcgFpcc}cRuA {]cfmscJv{>c.cpFcc{<bw,c2u&[p/c<Vc2w,4c8#c%z>t&cmuctpcc|vI cJKmr%w=Ac{sc0cJ@pqcRc0r{&cmQvcrpccmrcrz(cruc*ac$Cr tcc mswowcy;pQrdcZcuccFmscv1{cr{5c*Tc:u$c6 c'm$w3c/r$z=cc}vc0ctmw}cvrcP_rdzccpmI cJ^wpu >c/drSzchc{vc'm8{kcpwBc?cwmcMczx{ c,m.%z.cKc{r9ckcbsXVzMDcYmpcpq\ccw3cTc{]z!c'w<(v6c0c!r: c+c2s8scmUtcwp2dc/c-sIWpcqm{$schp1pcRcPsc6cvp c%m/scpvchczu cm z-cp{2c#Pc z!Yc]c rs chma:zUcLPcWjsOcc{vcmzVcMqop5c]c-Hu7c(Qc:{2v%rc!qrccAr'c&ct;Jzc6m5u^cyq?s4c
sNcvqcc q=cKcWs}vcTw9pcczccvCu5cmgpcwDwccu Icym7\p'3c+w>D{'c2Tc<w)c/\c8{1z cmuTc p v#c?c{v{c 9m|wsc+pRrAoc8c{zcKc&s1pcMmzcEc&vccpTqcFmsOc|w;rYcc zc c-w scw;scc{@cFcuscmCwcwKv3c'Mc$Vp;HI-c-m?it)c%w6ct ccr{cc?v<ns-c44m/v_c wqrkclcl6wPrOc[m s\cnwrcc-pCccs {cmuccrccF{r,cmGzcv7pcczccpErcJvscct[ccns4=r#c%m7Pq(2c'v2:w0,cc-pIDc|mTtcNvzc!c&p$c9cs zocdmfz|XcH|uF(zFccprcPm,zcOuqcc4pccvqcAmv8ccuvhccrtc<m/vc]{z c0czuccmrcrrc c0s3c cmHvcp.q^c+rzcccvIcp{&zc0&r4T{ Fcc t~[ctrcQ+m]vVc@vV{crzc=cmpc*vv6crl{Pccpc3c$m:{cuscbcu]ccm&qcqscLcuccqpPscmvcw'ucczKIcmvchww,cLcqcc2z!z<cmq ck@waq[LcM-cC ut3cmuc\wthcclqccGurc~mpcctWc5ctzc3mznc-p+rccxzc(c zrNcDppScwc`zecc{ qcmSs1cpwccuIc.moq]cLq5u>:c2c0jz ccsz~rwcB mZvTc\Pqlvcnc~{wrc~mp c,qscczEcPcuwcImvccDtcfc*upcmqAcquccucc1{JrcqqcBcnrAccW{HucUmphc3q{cHcsIc(Km {?c p<rz5clcx@slcGc\ pDgw]XcTm#rcp{cpc trcMmzcp+r c>cu}ccq:tAcmyvccWq\ccpp4cm rchwvc=cGpccvqwcp%piccHrcc@tp c mpc p{0c5cpI{c`^mvrczwR)w\+cQcWuxccszcWmzcp u[c'cvqcmGqecpprcGc@rPccp zcm9wcc{{ccqucDmvc\phpTcc[tcckzucppcVcqcc{{fc)m"r?c wJz kcdccivcI~cGm@vY`cwwcscHqcVcpCucjm{&cvOtbcrcu3vcbmpcw{cc9rccw{c$mkucctcc.qMQtR;cDmJuY\c\dp\uc@c{\ccz(u&c pz:c]c{=c2c/{uc mxukcupfuYNcScRp=IcOms4c.wUrcc{c0ckryu cm^ucwqRccPu{(cmu,cwt`cclz5ccuzSc[mYvjcqcHzT~cIcYt@{X&c_.m+wcw{ cc\wc,cv{c%w<p/ccvcbcz p`atDHcO`mHzpcvqMcc)zIcm<spcvpccMv@c7cHrbwc<mtcvzdc@cs wcmscqvqNLcK6crq{ c c`vpeDsw?czmoGvicJ\c\6zKmcYcuGp cm~tZcvzgccw: c,c-z 1pc ZuzvbxcAcCqNUccLvErcNmp"ctscc6{Icmrc{rc c=pWcmcvmwNcmrczzGc cD6mWwycjr q cdrjts cgcxdsdcv clm\7pMcVp{cctccmvcv{c#r!r$4c caqw;cscP.mXwZcrrc^crcAcmuVcvSwchrLv>chcv*Ict_rTcrw ccrqlc3mNHvQcDp`z~c#c u cGczvrcm vHechcauic@c^A{MZw^cImj{xckvpccrccz1t8c]vtv^ctbcLvBc]c{k{ cmtr[cfwtccqIcmpVc\psc cpccupcmrLcYVpVqUcscvu nvc3m4pcpu *cXc+v ccDqt5zkzctimoumcR~cS8pcc{jtcpmrcsqt7Ic6cs (cgcdzTuTcqqpccs!czctuXc:mzcpq4q2cZczu\Icmct>cpqtcocQ#{McJcmsgn{bcms1ecqw%c3c t&yw5#c7m+ vbc@qSpc cisbBc{cWtDr[Tcxm$qcc3pc%c`pt%Zc6mIucjpiSqZcZc w1ccp*rcp0{Eccvwcpcw&vcmBpic[w#z.cScqvKI[cQ mPw{ScnwsqVc+c!{Jcc p>.r%3c#Nm6ur$pc&w92v:c3c.Nst c
r*rcNmwc9wrccdqI^cmscNwoq+ccpccOtbwc:m3{cv{|cXcP{`|{icagm Mwc 'wxrKcs@cq@pURc\cz{ctmYs_c c>1scc z~wuWc@m^wWcwqPccv ccspcwuc.cuc&cv sc1mrcw_zM`cImcyteI"cm{gc^wk.qcc90csc}cztPc}:m|Wp cv wc<c8q sbcmmosIcYvs cZcvyc`cv>{6;cm r0Qcec|rn9cHcAHvMtcmuHcv{c8cpccv q/cvKsccs"ccMwB<rCcs"mr(c,v{vccszI8cpm{cvv\`cuYcmzc cutcm uc v}$sccFcCt{cmQtcBu qc* c;qc czproc|&m\'syc_ic pccswcsmpc{vccu+ccuv(c\W{Uzgcnc "s;kc,cv|pcmw8crvccMuUIovc 5s|rc<Xr6s(c:Dc.r@cc msqucDrErEcr?vccm)wcq0s3Rc?Drzcdc`~uecIcD}mitcypwc!ct&cZc~m@zcXw}ucZr1zzcUcRplHcjbcm wcrwcAcUw)ccmsGcZEvS%{jcrlt$c5`c$w=QI0c4v,8zDc rPuwctcWvFXtCc]m qc vuac<csoc(Dc zwcm|Eq_'cAcBsGccqr7c3mrc5vzccwc cpBuNcAvdysscnc6ucctqDc m#qcwesKcXcpswIcqm*az/c*w;t?c,dc?z*'cnc q~rfctmZTzRUcpp[cncpqucimtcp<r!c*c{ryfcn.cigsWqPcZmwccj{c$cbzucmt#c]pC.vQ(c|%ca {qc ac.s/{scpa{^cbGc3Lq]ccsvXc~ mtqcq,r8c&c-r6I%c*\m!r9c+qp cgc{VtScQc q0ulcm's cp{ ccz0t3cjmtchqm{T*cJcZ'qKNccyz{6cmpgc crOcTcX[pQ vv*cj>mcpcIcpq)c<cqXcfctrtcwrOc]ci{cc!r>w%`c!m9q!c%w:-r+Mc;kc HwI cimfuDFcQwH{Accvcczzcmr!c/w$dw ccpzc4qzcDm\rUKc[wpzhc[c7zc^_cMuBtLcCmc`{Ecdcs{c-c1WuscmB-{kqcw7Psc*c6tOcBc~v tc7w? s5&c!c{1`c"c3r8s5c?2m upYc`rptri?cEc_{LIcm"rcpqcjczc{c> u)zcmx{l1cvBpfrPcN cGsGqXcX mNwScOpS uUc{c}du~c ]c[zwz8c+mzccYu`c Lc3pkvncm{Hcpw t zc;c>s: c#c4ez2p"c&?v2Pu c:hc HpcAcwz~ {zcFmI q[cwwcic{pIccm_zkcw2{!c4c oz chCceumrA#cFTmX)zKcL@p\YrYcEcTsbwt(clmpDrcw`zc2uct"ccK vhsfc/moztcc=tGMcwcvdzZpc75m<Or(c$v3Nr2;c&c$v&xc7c* s.qcvwRtec{QcKuWscXcEvp:cCmtVcv@{kc cq<WI7Jcm tucd0vyvbcyNcsZvjc@[cj{os{jcwmd'zkcdv r Nc cnvw9com?w0cvVXqTc9cw4ccpB qAzckm L{
vcpmv?cc "rccv$fz7c3'm6w*lc&`w6p cfc{&ccEvqcvqc!c+s1Fc-c%u'{9c=ms cw s c*c {{I Lc Nm\w cw>r &c/fc<r c8|c/v*qcm t c vpp/cc%tpcm jqcSw sc0ctcc -u*pc>m#,u c1c"q9c$c5z{cmq=cv zpc7c_qvc!^c0>q;w,c1#v's!c=ctc c u u -c m\p c v qc 1c t 0I c#m1z*c-v$u$c8c5t-c7c1us c mzcvzc c/u vcm|q uc vkt*Uc;Ac9q c.c?w0t"cmEpcc*vccG{uNcmr c$}v1t=:c0c:w c<1c)s;{ c_uGz c ~cs c *c _tscm_vYc{$tcSc,cu2uI*c."m(p5c9b{)w*cc dv c c>s t c 3m p c zsc/c'q.t7Fc3m:{+c'z7,w0cCcp"c=czuc^stcctc#[c6m9$u/4c3#r'u:c>urs^cctc cmq c lrtcnc{~ccmu,cuqs"cMr-w=2c,c# v*I7Lc:w,@v?cr wccr^cckm' r<c9v"Tu3!c/Xr%{:Nc$c0~m#{9cDv uPcrucpcsccmv"Ic&&w1rc1c&z(c<c.mt4cprccxpcc|rucdm.qFc<wpc=c{IcmXs<c"w09v<>c.c<zz%ac7c-v#z<c<m+z;c:Nw,u.c4$c%kw9is+c(0m7z!cw{cct$c%cq{_cmq cc?s1Xc$c<p;Lu0`c3m {:c=pwcc s]c cstclpwRcc0qjccDz1qc)m^tcfqs#ccuI"bc&zm<p,c/q$s -c3c:?z"c2c#u;p.$c+m1ds&c$
v2cTm zc6 c%s8qc c%pu3swctmnqcw1pncct-c`cftsc w {cc,w>uc7cr w Vcnmh{O"c_w]zccqI cmu&Cc0w/Qw"c3c ucc vrzftcipmsqmecnuw}qcmcxBr~[{gcdmru cw { c,c4p)@c'cLttAc5=m;v cc<{Gccrq)cFmucu{-cc>{cjcVvCt4c(u&Ntc<cm$zdcD}c@ztrcnm t cOusUcc.s8I0ic7m$rKcvgp Xcc{ 8cc sr cm "qcus iccs,v4c+m2qcpuFr>c9Lc"p2cclzuncmwc0cv)ccxp6tcLmvcu+s{ccqv5c6cw twhcyru_AuCJc%c#zCcc}zCwc^mpLc{2t?c1c8z*I?cm2rc zrc qc sfccm)w9'c3us8{$cr pHccm_z>Tc0Pr2p(crv ccqhccemrcqvccrwncvcim{cqpc)r4as {c c~ri cOc mtcrzccZvcJcm{cp39r)c-r?tz ,c6 c$v(hI8@c7p!s{4?c1r#w0/c#Fcs%ccnmYwcpfr,c4r+tc"cm}ucpyqcrvc0ctJccQmvcWptccVtIcAcm66u?Dcpqwj cCc]qMcrcq+zcm-rlc>psScc{-Icmyp",c$4w4Zq3c%c*z1c Mc#pscmuXcw zcXcq /s9c(mts_cjww8cncvcjc)q"v[cW[mLvycTRcXsHDcKcwp"vFc,mscmw\u5c3yc scfcesRwScp=pcczcczktDcm{bcp!qSc8cs)IFcmOrbcqsc"cNs6cct=zc mz>bc,$q{\cct{c4m {cWBqYvScA^csCroczcntT pFcNmA~vmccSt'ccv7{c' m+w zcq}ub6cD.cApNLccmpSwcpqRccxuycc[tBpc mrcpzccpIcmw!cprqc`cmuc/c({Nz}cmscpuARcG:coN{fwrkcfUmrsamcb"p||ws$crcrqXZcUc.svcmcucc{?c<c u ;tgcrmisFcPnwO{ ccpc%c`t;u cw u?ccCvcct,wcmNqcvkv2c%czwIU c gmt3cqvqcjci{c=c@ w]Gqwbcjm tcv6tgclc pzvc`m{vxcFvE}s^cGcr_c&cWwtc.[m%{ >ccn%sctcjtRzQcZmzc pstcJcvuc"cwtcBwuccucc{sc[mZ{CceXwq(!c cvIc ms\cIw`,wsccpic9c't(r/lc1m#t<Bcnw,{ cjQcmt_rZqcm pcvyqcrcu?c8cau {*cbDmxu\c@cD uAhc[c.uFpcmirc)wU{c"c+{5ccuprc'wKpEcIcpwdclcw/Tu#cm{pc~v sGc~cei{iI .c:m7w$cuucdc<s;zc*c#,q&rc Zm{q}cNuXzcDcBwqc#mTvc&v)xw$'cc pcfcfrlFtCcLFmGwqccTqpcc4zwcmvcv rIcVcCvRcxc{Grprscvu>^ccuc c{\ttc sm [v9Jc)_vtccs7IHcmu!cu5{&cc ws'cs,cRpqGz c-m{>cuscKcp5zv+Uc6mz cGuuw~ctcsu\cM*cK^tLp]Dcm<t/ccwN
ccmpsc>w-vz"4c8<c8ir&c3Fc! z(s0c/w?z$oc1rc<v-Gc6Zc,p-"r=c $mqcw uc cpI ]c mPv c wzc>1c4wwcScJ{^uc"mq3cw8rcc{z2cmHR{PVcHwVuhvcuc~|uy cftcu{ scm {'#c ctwxc Rc(w"p9~c7Am#p4 c2v%t$c0pc>mz c1c&v#s6c9-v.[s-c dc w9c c ts qc m z c vq cc qI 0c<m5tc0v{ccUubcczp cZmpc^w@vWGcHzcTro{vScqmyrh,ccYv<z cc {c ~c .q pc? m%p@c8nc8Ct%c3Pc'np$st0c0m#|w2c3v! {!<c9 c5{,c pcv=pc v {hc jcr c @cj{ p +cmpc>uizzcZc{dI cmtwc~uw cac {c[cB}uYpGrcAommpvcrpuyw|Bcdcvwetcum @z c {u/r$c c3r+&c8c z$ t3c2m)wc1"c?t+Xc3c#~{%w9bc;Hm(t cu uccp !c cq u Rc Zt q cc wc ct0wcmqscovpcKcpIclmF?rWcQv\zUc@zcucudcrc{k{~secam Swrc|uz c mcqs c><m-q9c7v,d{ c2c?u!;c1/c$z'Vr3c5tm$ t>c;nc3{)c cv tc ymv c \uz zc cNv
mmzcw q c rhw\c}c uc #c,hm)p8'c5Zw wc.wc8pq3c)c9m?]q'6c'-p3Et(9c)!r$s=_c-#c=q(Zc2dc%m$6s7c9r5gp$c>c,u{ c cmz=cp{`cr tccp.Icwt"c&@r$z?c2c%Xq(?p=pc {mrcp iq dc cqchc"qscm&{c:c6ir'c3Nc%6q:t,c*m>Zs(5c':w4Is2`c&tc(v4oc( c=vp?u,5c-w<ep 3c2c:r'Pc8.c-s"'u<@c=Em.wp>c? w/qc cpIuc>mqchptcbc rwcVcst#c(m5nq1c5w)z.Dc>c/usNcmsrcYp{z/c>c2t* c8&c&v&v1xc/m?qbc)c&)s2c&4c6w2Fz%c%m?r'\c(p>{9c,c  w:c1c z&u6Fc7p s+Kc;Jc2t$c<c.Wt'r>c?mv[cbprccwIbcmtcyp{cc.wq3c*c<0s'%q6c9cm(\{<c=q'+p/c=c/p,t:qc8m w55c3>p($w9=c- c%av=c(2c2q0s%#c$m0sc%c+t2c'c<t<t+c-9m;v0 c1w+ s#c6!c9xq!jc9ac-v,Us:c;w/s)c=c0Kt'Pc c tkrQcemzc_wiqYccs,I cmwuac$w1{=c1fc=w%c7c,?{*@z8Hc7m$pv6c4v#u%c0c;Xs?u*c)dm4p&Qc%nv6\s6c#c-z2c${c0,w<z&c'm9{ Nc+c#q=c0,c$^{'u4#c5m/s6c7v.u( c8c7Ir/uc; c)0z-9{=cvwccqFccttc"m|t@cuqccs=I(c,m<v0Ac1v*Gp&c2c<Dp%c0c:u;Jt-/c+m86r(c'w<s4c#c7w5s"Pc"m3t#Dc$,v1t4c&c)p? c*Kc>p?:{.lc/m)qc2c=t-Mc5'c tp#s6>c6m!q8c9v-Au,xcScYwsNccF{wcvqc(ctrPc`c{ucmfr c#t7t<c*c"r<I-{c-Wm>&q,c+u<z>c(Gc){4c$c5v4z!c!gm44z!8c!ru4s7Jc"c5p7v%c&m4p(c*.u; t<Dc-c {<c0Xc'z s2pc2m+rlc3c:q&c6c s.Ks|xcm\vJcRtK`{ccIvcc {tt<cuWzc3cw?cBcr5w#c%Bm2p'Xc'u7s7c'jc(z2I$c#m;t!c!>u1mzcLccvcc6s6q!c"om3r$ c%9v?*z>"c(c?kq;{+lc, m9+{-c.u?9p7Hc/c!p rc0c'q s3c4m"lvO:chccueNc| cRt]E{XcWmXsctrccz'chcqvLchtucqcr0c!c5@v2z"Zc" m5{!/c ~zucqct^I cbsu<crvuc c0p1]c#vc5tm=u& c')q14p(c)r$_t<c+c=<m<|v,Jc,w58p-c.Rr!ht!c1>c%zqccUmspfQcovirncPMcI}sCccmfrccv vc6rp.cBc?wccm_rcVrz cbc6tcIcmpcwwcrKt,cctq-Icp8Ou!qc" r-2w3c$c6Wr7c&c6m:<q(^c(p9u))c)r'w:;c*c:m4p-Vc.sp#u;crrw?ccvt`_c}c[SmDmqycqptcTc0scpcmtw)c qpc c qc$crrc!m/p"cprcc{Ihcmrvc4pucGcwcc4r8v"#c"m:hs#c$Dw6t1.c%zc1Xq=Gr%c%m0@p'c'w9t:c*dc,br>c+c zz)wpcm sAcxcHit@ccjrqGcm wcw"t cczc(cZsGr0ctpww(ccvchcFwtc?mscpscJc w3Icmds,cpSw+cc.p2c!$c2z{5r!c!m1z!c"$p5q0(c#c7{1dt%cmhr cp?w&c>ct cgcfwR,zRcmqq cc-pccBp{c{m'q}c psccvc]cqtcp3tYc%crccSpZqncm3tcwxpccvIbcm(v~cwrccpccbsu^c m5v!DcwTqEcctw,"c9zmVp0ce0vd wUhcR(c{c|czwSczmtqcjcFqctc6q@v]cmrcvpc`crcVcNwAucvsccvjccvw>cmpcv sOccpIVcvmzrWcvfzcUc=pGcczHtDcm[{&c'v/ t QccqzapCQcR myrpcvscc8zccis`{c3mscc8rcc{prjcrmvptcYv{7cxcqcctGs cwpccpcc?qpfcvmrcvrc>czIXcmzfcvzcczcc0t p.cm|vtcD=vJvcic4{vwcm vc^v{ckcSu ccrwCcmitccwuccVuvGcmt.c6u3vcc{tcFcu
5.29283 5.30423 5.53363 5.71197 5.79124 5.81207 5.73626 5.44627 5.09734 4.85775 4.64436 5.05167 5.24394 5.24259 5.13769 5.16969 5.20617 5.24260 5.32687 5.42706 5.63421 5.77511 5.80969 5.84435 5.88679 5.91824 6.39521 7.23999 6.84214 6.00090 5.62994 5.31249 5.25654 5.25820 5.26642 5.15681 5.08813 4.90929 5.70843 5.90206 5.85867 5.73317 5.72199 5.70788 5.70691 5.59641 5.60640 5.70602 5.71586 5.72363 5.92936 7.13300 7.25355 7.37199 7.51373 7.46779 7.37453 7.37453 7.37453 7.67757 7.94840 8.33202 8.44189 8.75278 9.00366 9.31655
5.74929 5.76428 5.86138 6.05206 6.03291 6.00330 5.85740 5.69670 5.30506 4.94254 4.84731 5.09246 5.47372 5.52690 5.46129 5.44690 5.46816 5.49422 5.54586 5.69689 5.82834 6.16042 6.21213 6.24590 6.23803 6.22239 6.20528 6.13340 6.09064 5.39536 5.31391 5.31391 5.31391 5.31391 5.31395 5.28895 5.09155 4.95866 5.41193 5.83676 5.83830 5.69699 5.72751 5.73528 5.74283 5.67393 5.64307 5.79377 5.91909 6.01752 6.10255 7.20439 7.46040 7.46040 7.47194 7.55414 7.47485 7.59649 7.71844 7.99950 8.38225 8.65507 8.72146 8.83644 9.07493 9.32148
5.77278 5.77059 5.77828 6.07252 6.14322 6.17723 6.21822 6.23636 5.84606 5.30106 5.26233 5.26015 5.73619 5.74499 5.71491 5.69637 5.75521 5.80934 5.85468 6.03450 6.17779 6.23547 6.16196 6.13123 6.13059 6.13059 6.13059 6.11066 6.03282 5.58983 5.32588 5.33458 5.34534 5.35611 5.36682 5.37284 5.14917 5.01878 5.19699 5.87129 5.87752 5.74536 5.75658 5.81785 5.91174 5.96984 5.97070 6.04036 6.11165 6.11231 6.11577 6.78122 7.59952 7.71142 7.82324 8.04273 7.95547 7.94000 7.95711 8.04213 8.41678 8.66543 8.82036 8.90780 9.22567 9.50872
5.83678 5.79803 5.81982 5.99887 6.23004 6.22661 6.25328 6.27889 6.06460 5.36596 5.40720 5.34844 5.92898 6.00844 6.05322 6.03189 6.11535 6.20159 6.27885 6.32618 6.41269 6.27503 6.14066 6.08731 6.00197 5.91399 5.82321 5.74905 5.73063 5.71831 5.37256 5.37057 5.36731 5.36406 5.36079 5.35848 5.26188 5.04648 5.02255 5.91114 6.00224 5.99442 6.02761 6.09198 6.09200 6.09908 5.99014 6.01305 6.11308 6.12691 6.13205 6.39047 7.89754 7.99582 8.01828 8.11434 8.12039 8.07178 8.08845 8.18058 8.64933 8.91621 9.23325 9.31601 9.94531 10.2559
5.95779 5.80875 5.84388 5.95153 6.29870 6.41103 6.53253 6.67517 6.64488 5.95421 5.87938 5.83303 6.20659 6.47195 6.55791 6.47018 6.51328 6.56695 6.59289 6.55396 6.26263 6.15403 5.85106 5.83594 5.85808 5.87766 5.89680 5.91179 5.90593 5.96232 5.64665 5.58469 5.60108 5.61755 5.63422 5.66278 5.72053 5.62437 5.61911 6.39856 6.49494 6.50007 6.27803 6.41862 6.43450 6.43895 6.39018 6.42244 6.36172 6.37981 6.42247 6.51874 7.81663 8.34013 8.37706 8.53601 8.80307 8.83915 9.01490 9.10730 9.26969 9.29743 9.65512 9.73815 10.2473 10.7616
6.39094 6.16471 6.24081 6.41353 6.98697 7.44174 7.79593 7.87536 7.95511 7.30123 6.93332 6.97570 6.73873 6.84213 6.75360 6.52770 6.35984 6.24141 6.15538 6.19606 6.05543 6.29329 6.25825 6.18124 6.17863 6.17841 6.17841 6.17841 6.16617 6.19399 6.02284 5.83295 5.89792 5.98538 6.08614 6.17792 6.22145 6.15321 6.01783 6.45354 6.71086 6.86444 6.72007 6.89261 7.09681 7.32371 7.43218 7.44711 6.92254 6.73586 6.78834 6.93656 7.95186 9.34477 9.58124 9.69612 9.92904 9.84489 9.88810 9.96074 10.0539 10.1061 10.4699 10.7042 11.0582 11.7274
