results/OMI_NO2_200805.asc
ncols      200
nrows      200
xllcorner       120.258
yllcorner       41.1236
cellsize     0.0166667
NODATA_Value      -999.000
[rows 58 to 86 of 200, columns 67 to 133 of 200]
1.52006 1.49647 1.46958 1.44814 1.43187 1.41831 1.39316 1.39308 1.40132 1.46349 1.51765 1.57283 1.60621 1.61657 1.65602 2.10100 2.17012 2.18137 2.10552 2.11207 2.11339 2.11339 2.11339 2.21743 2.31765 2.33804 2.38918 2.40120 2.36230 2.36524 2.49599 2.57204 2.62710 2.62698 2.58136 2.56660 2.64600 2.64134 2.67040 2.64445 2.62207 2.61780 2.61609 2.61437 2.61264 2.61350 2.65271 2.79829 2.77529 2.74538 2.71360 2.79378 2.70800 2.44426 2.41572 2.47231 2.44948 2.43218 2.45706 2.56351 2.57203 2.60934 2.61937 2.63314 2.64593 2.64253 2.70590
1.37491 1.40436 1.41513 1.42030 1.42030 1.42030 1.40797 1.40179 1.40096 1.41800 1.44430 1.48553 1.52161 1.53348 1.68066 2.03047 2.20750 2.21547 2.16075 2.13446 2.14897 2.16349 2.17802 2.23458 2.35082 2.33272 2.33004 2.33617 2.28550 2.25195 2.27579 2.28426 2.38758 2.43590 2.41857 2.41813 2.50388 2.54282 2.60391 2.61718 2.61707 2.60982 2.59661 2.57563 2.55245 2.52537 2.51129 2.63072 2.65545 2.63882 2.62090 2.69550 2.64757 2.39853 2.31338 2.38964 2.37930 2.36361 2.35074 2.44337 2.45751 2.48063 2.46435 2.43442 2.40543 2.39201 2.50365
1.39035 1.43845 1.44001 1.44154 1.43768 1.41308 1.38410 1.37524 1.37049 1.38428 1.49187 1.53752 1.59579 1.64772 1.71306 1.94268 2.16616 2.11134 2.03115 2.08342 2.06335 2.03443 2.00551 1.99804 2.18986 2.20103 2.21566 2.23944 2.23047 2.21263 2.23342 2.25654 2.35663 2.41981 2.42923 2.41396 2.44211 2.51340 2.52553 2.54816 2.52307 2.50281 2.48171 2.46189 2.44419 2.43052 2.41873 2.48573 2.54937 2.53149 2.51541 2.51948 2.58828 2.33047 2.13256 2.15002 2.20789 2.20899 2.20728 2.25799 2.34320 2.36151 2.39156 2.39156 2.39156 2.39156 2.42713
1.44719 1.41227 1.38470 1.37319 1.36915 1.38582 1.40921 1.43329 1.43329 1.43329 1.50017 1.53184 1.55658 1.58701 1.56796 1.67247 1.83558 1.88520 1.88396 1.91755 1.98942 1.99471 2.00001 2.00372 2.16692 2.20612 2.21788 2.22863 2.23991 2.21123 2.21541 2.24427 2.28761 2.37424 2.36591 2.32915 2.31149 2.39873 2.38436 2.43408 2.42110 2.40521 2.39680 2.39459 2.38900 2.38285 2.37695 2.37394 2.39344 2.37396 2.36174 2.35573 2.46502 2.32192 2.08697 2.09239 2.19626 2.20728 2.20728 2.21171 2.33295 2.34491 2.38808 2.39156 2.39156 2.39156 2.39156
1.37863 1.39148 1.40747 1.40955 1.40955 1.40955 1.40958 1.42965 1.41329 1.38845 1.39607 1.42098 1.45760 1.50516 1.53874 1.61125 1.79378 1.88208 1.90180 1.88683 2.00090 2.00386 2.00386 2.00146 2.10924 2.18989 2.19335 2.18973 2.20181 2.17079 2.15300 2.17913 2.15841 2.24618 2.23793 2.19197 2.17683 2.25378 2.29873 2.33929 2.37077 2.35667 2.33738 2.31893 2.30419 2.29037 2.28311 2.29100 2.33942 2.35564 2.35836 2.35836 2.42761 2.42245 2.09665 2.08687 2.16739 2.20728 2.20700 2.20638 2.27930 2.34103 2.36691 2.38628 2.37241 2.35557 2.33217
1.41766 1.41445 1.40955 1.40952 1.39548 1.37097 1.34768 1.33980 1.34215 1.34215 1.34918 1.41709 1.43959 1.48867 1.55372 1.57682 1.75968 1.88540 1.88947 1.85992 1.90464 1.94049 1.91944 1.90119 1.96033 2.08280 2.06677 2.04041 2.01678 2.02760 2.05387 2.08955 2.11839 2.20173 2.27862 2.28877 2.29603 2.28409 2.25618 2.23504 2.28593 2.28270 2.28829 2.29809 2.30791 2.31763 2.32161 2.32219 2.35055 2.37216 2.37271 2.37326 2.38449 2.49609 2.18422 2.09956 2.11648 2.18046 2.18019 2.18378 2.20964 2.32903 2.32210 2.24577 2.20664 2.17103 2.14267
1.40783 1.38223 1.35116 1.32821 1.31809 1.31766 1.31724 1.32447 1.34035 1.34589 1.36482 1.44917 1.48927 1.55316 1.61305 1.64947 1.71404 1.85511 1.76597 1.75040 1.72654 1.83728 1.82167 1.80284 1.80470 1.98022 1.99260 2.03009 2.04866 2.09525 2.15178 2.17489 2.20411 2.22486 2.31692 2.32086 2.30483 2.30360 2.26570 2.23156 2.29302 2.32350 2.32772 2.32772 2.32748 2.32644 2.32535 2.32426 2.33467 2.37096 2.36987 2.36878 2.36768 2.48056 2.26877 2.11322 2.10979 2.14046 2.12417 2.08821 2.05371 2.13603 2.16414 2.12914 2.12218 2.13070 2.13837
1.31881 1.31674 1.31161 1.31821 1.35019 1.38632 1.42303 1.46431 1.51890 1.55093 1.57154 1.56222 1.53952 1.56350 1.59669 1.64051 1.63758 1.76543 1.70915 1.62717 1.61774 1.75481 1.79563 1.79818 1.80371 1.99179 2.02958 2.07214 2.07477 2.09195 2.14713 2.16544 2.20493 2.20493 2.29440 2.33818 2.32769 2.33608 2.31116 2.25924 2.26624 2.30790 2.29733 2.28674 2.27640 2.26681 2.25731 2.24774 2.23836 2.27179 2.27085 2.27175 2.26796 2.28901 2.14988 1.81712 1.81742 2.10989 2.16339 2.17290 2.17702 2.22402 2.33164 2.31577 2.27844 2.27321 2.26280
1.42010 1.48577 1.52144 1.54688 1.55677 1.56202 1.56588 1.56614 1.58244 1.58332 1.56882 1.54637 1.49036 1.47954 1.48759 1.49767 1.47817 1.52713 1.59220 1.51282 1.54768 1.70900 1.82485 1.82439 1.81962 1.93631 2.00509 2.03598 2.03645 2.03527 2.08098 2.11321 2.11313 2.11041 2.14994 2.21337 2.17825 2.15602 2.13016 2.08834 2.05564 2.11792 2.12794 2.12766 2.12843 2.13260 2.14170 2.15149 2.15364 2.18167 2.19474 2.16285 2.13420 2.11151 2.07288 1.81209 1.79854 2.10485 2.21493 2.21375 2.20512 2.19219 2.31009 2.31618 2.25530 2.24321 2.24285
1.45846 1.56606 1.57444 1.55841 1.54161 1.52580 1.51198 1.49984 1.48468 1.45946 1.44901 1.43882 1.39072 1.37288 1.37693 1.38466 1.39555 1.38982 1.55279 1.49156 1.53259 1.72727 1.74578 1.73871 1.73992 1.81248 1.92829 1.94812 1.95565 1.94723 2.01960 2.09209 2.06273 2.04692 2.05201 2.15133 2.15163 2.12612 2.12644 2.09386 2.06271 2.10114 2.15300 2.15998 2.15935 2.14914 2.11797 2.08534 2.06053 2.06208 2.06673 2.05555 2.04837 2.04104 2.03515 1.82153 1.73192 1.98420 2.14848 2.14881 2.14531 2.14762 2.21987 2.29976 2.27275 2.24372 2.24372
1.50548 1.57118 1.62107 1.55115 1.51428 1.51721 1.51568 1.51170 1.46710 1.36367 1.36247 1.36247 1.33917 1.31607 1.32311 1.37309 1.44944 1.48931 1.67570 1.66572 1.62352 1.71565 1.77105 1.73595 1.72752 1.74611 1.89921 1.91502 1.94107 1.94107 1.96615 2.08512 2.07521 2.05310 2.05923 2.13092 2.18236 2.15284 2.16013 2.11845 2.07909 2.04017 2.07838 2.04796 2.02058 2.01003 2.03030 2.04898 2.06470 2.06771 2.01667 1.98608 1.99021 1.99136 1.99309 1.86426 1.68964 1.90392 2.16157 2.14842 2.14842 2.14842 2.16135 2.29578 2.29462 2.24501 2.24372
1.52294 1.55569 1.62713 1.59024 1.50783 1.50462 1.50385 1.50385 1.49718 1.36553 1.36251 1.39114 1.43580 1.45110 1.50291 1.53228 1.54698 1.55945 1.61281 1.69496 1.60987 1.63523 1.75708 1.71561 1.71113 1.71139 1.88101 1.90975 1.95204 1.95818 1.96445 2.07898 2.11907 2.07950 2.07577 2.07433 2.11233 2.03240 1.97359 1.92793 1.89900 1.89469 1.96566 2.01924 2.04254 2.06229 2.06750 2.07543 2.08669 2.09573 2.08599 2.00299 1.99645 1.99334 1.99336 1.92796 1.70060 1.77628 2.17171 2.14941 2.14842 2.14842 2.14842 2.24620 2.29976 2.26301 2.24364
1.50662 1.51287 1.61665 1.61420 1.51223 1.50385 1.50385 1.52200 1.57437 1.52017 1.53930 1.56383 1.56378 1.52373 1.51743 1.52262 1.52452 1.53928 1.52636 1.69234 1.60271 1.59624 1.74217 1.75078 1.73024 1.73323 1.86153 1.92173 1.95847 1.96319 1.95323 1.96793 2.03007 1.95979 1.92567 1.91684 1.94455 1.94321 1.94284 1.95233 1.89929 1.98177 2.01119 2.09563 2.10345 2.10129 2.09490 2.08841 2.08193 2.07807 2.08076 2.01555 1.98907 1.98885 1.98862 1.96325 1.73788 1.70596 2.13088 2.17238 2.16254 2.16295 2.15361 2.15429 2.22937 2.18896 2.20550
1.49819 1.50879 1.59123 1.62659 1.60847 1.61621 1.66903 1.70303 1.70273 1.63198 1.55917 1.55608 1.54699 1.51168 1.47904 1.47099 1.47537 1.48266 1.47460 1.62914 1.63277 1.59069 1.66891 1.74489 1.70442 1.70307 1.76343 1.84110 1.85271 1.84072 1.82004 1.82185 1.93953 1.91532 1.90557 1.91500 1.93879 1.95742 1.91066 1.90978 1.86433 1.95288 1.99893 2.06320 2.07845 2.07433 2.07424 2.07424 2.08056 2.10031 2.12100 2.12100 2.07247 2.09262 2.11278 2.13311 1.91345 1.69055 1.99276 2.12569 2.05786 2.00698 1.96599 1.95037 2.00196 1.98844 2.11210
1.57017 1.58643 1.68297 1.79740 1.76349 1.67751 1.67669 1.67506 1.66766 1.62689 1.50642 1.49651 1.49262 1.47156 1.40171 1.39715 1.40893 1.41915 1.43969 1.53436 1.65693 1.59002 1.59831 1.67648 1.62417 1.57543 1.60420 1.74158 1.75159 1.77316 1.77983 1.78929 1.86991 1.94011 1.91276 1.91276 1.91482 1.94617 1.90864 1.90126 1.89548 1.90453 2.04669 2.09882 2.17905 2.19919 2.22448 2.25663 2.28245 2.29502 2.30701 2.32464 2.25798 2.24821 2.23208 2.21429 2.03464 1.64554 1.74626 1.85246 1.81529 1.78215 1.75466 1.72598 1.74330 1.79358 1.90715
1.74205 1.69062 1.69129 1.81568 1.78273 1.67140 1.64707 1.63678 1.63227 1.62679 1.49490 1.48694 1.48705 1.49369 1.42486 1.42962 1.45746 1.46069 1.46971 1.47790 1.63003 1.55053 1.55631 1.58851 1.54411 1.48995 1.49836 1.67566 1.71629 1.78219 1.77634 1.75538 1.74717 1.83177 1.87361 1.85688 1.83919 1.84567 2.00084 2.13082 2.13819 2.06380 2.23115 2.25861 2.34689 2.36261 2.36448 2.35961 2.35731 2.33652 2.30192 2.27033 2.20028 2.11439 2.11298 2.11461 2.08505 1.80998 1.68970 1.74965 1.74075 1.71993 1.71993 1.72465 1.75012 1.85947 1.93508
1.75168 1.69900 1.66789 1.74501 1.74985 1.68391 1.63659 1.64849 1.66077 1.67307 1.58741 1.56460 1.59254 1.61355 1.57644 1.55708 1.57332 1.50923 1.49743 1.47755 1.63889 1.65730 1.60795 1.57003 1.41912 1.44241 1.44695 1.42631 1.40506 1.44753 1.44955 1.46957 1.49862 1.54853 1.75683 1.79884 1.79884 1.80759 1.91511 2.12730 2.12730 2.07354 2.13511 2.23090 2.27760 2.29576 2.26604 2.23541 2.20289 2.19436 2.20077 2.20892 2.21209 2.12963 2.13023 2.13949 2.14662 1.96867 1.72664 1.80984 1.84779 1.84460 1.85830 1.87296 1.87173 1.92385 1.98175
1.69346 1.65056 1.60413 1.63047 1.72230 1.66466 1.62705 1.63248 1.64239 1.65218 1.64881 1.64313 1.66209 1.68024 1.67501 1.63028 1.63250 1.58619 1.54119 1.48539 1.49066 1.51037 1.41327 1.41661 1.28435 1.27263 1.35926 1.39022 1.42137 1.49784 1.52216 1.52216 1.52216 1.54952 1.69037 1.79880 1.79659 1.79318 1.82673 2.12054 2.14731 2.13522 2.09912 2.26515 2.26849 2.20708 2.21855 2.23216 2.23897 2.22293 2.20493 2.18965 2.24706 2.27312 2.27618 2.28018 2.28806 2.22796 1.88354 1.90871 1.90418 1.89032 1.86774 1.86774 1.86774 1.88456 1.96398
1.59525 1.58093 1.53471 1.55177 1.72154 1.70390 1.70925 1.72444 1.74152 1.75821 1.75713 1.71554 1.71554 1.71554 1.71207 1.63128 1.62114 1.60427 1.52749 1.49726 1.46572 1.48892 1.43982 1.44770 1.41472 1.34556 1.42488 1.44691 1.45260 1.48705 1.52071 1.51725 1.51377 1.52708 1.61644 1.78013 1.78665 1.80071 1.83849 2.10419 2.24107 2.26198 2.18599 2.31447 2.35842 2.28612 2.23826 2.21737 2.20258 2.20517 2.20855 2.20920 2.25916 2.31196 2.31297 2.32357 2.33114 2.30934 2.00290 1.91946 1.90586 1.90319 1.87093 1.86774 1.86774 1.86774 1.94079
1.65523 1.67737 1.61249 1.61351 1.70581 1.74994 1.78518 1.76524 1.76524 1.76524 1.76423 1.71523 1.70522 1.70034 1.69715 1.64388 1.61404 1.61404 1.55594 1.54854 1.52114 1.53991 1.55576 1.50671 1.50422 1.35376 1.37729 1.43696 1.45603 1.48778 1.55438 1.57208 1.59483 1.62108 1.64228 1.88441 1.90292 1.90255 1.89818 2.04412 2.23290 2.19624 2.16017 2.20684 2.29304 2.26991 2.20825 2.20802 2.20958 2.21849 2.22819 2.23790 2.26457 2.33752 2.33174 2.32811 2.32785 2.33260 2.12322 1.89062 1.87498 1.86820 1.84828 1.82866 1.82721 1.82594 1.85965
1.67830 1.69017 1.63236 1.61268 1.64153 1.78324 1.77078 1.76087 1.75596 1.75109 1.74714 1.71530 1.69708 1.69703 1.69871 1.69046 1.65581 1.67495 1.65754 1.59722 1.56123 1.54326 1.57883 1.54567 1.56294 1.47745 1.44222 1.53309 1.55742 1.57321 1.67038 1.67881 1.68011 1.67843 1.64118 1.79655 1.82263 1.79566 1.76711 1.78942 2.07003 2.07581 2.08016 2.11644 2.27359 2.29397 2.23510 2.23151 2.23965 2.24045 2.24045 2.24045 2.24027 2.32071 2.32665 2.31691 2.31507 2.31861 2.22944 1.89781 1.85038 1.84095 1.83941 1.80605 1.80242 1.79960 1.79922
1.64599 1.66380 1.62386 1.58078 1.57325 1.71460 1.71124 1.72617 1.71572 1.71423 1.71243 1.70324 1.68583 1.69662 1.70205 1.68766 1.69874 1.70759 1.71364 1.64187 1.62030 1.57862 1.60172 1.59622 1.59515 1.55981 1.45269 1.49688 1.55077 1.55052 1.62373 1.64118 1.63578 1.61242 1.56824 1.64105 1.70972 1.70599 1.70599 1.72131 1.98094 2.08332 2.09253 2.12428 2.25086 2.31918 2.28269 2.23327 2.23158 2.22991 2.22823 2.22654 2.22295 2.27157 2.30269 2.28711 2.27728 2.27274 2.25317 1.93587 1.82218 1.82742 1.81881 1.79020 1.77216 1.76781 1.76348
1.60149 1.62513 1.60105 1.54131 1.53597 1.61254 1.67908 1.69615 1.69572 1.70432 1.71322 1.70596 1.65468 1.65095 1.65095 1.65095 1.70005 1.72464 1.72785 1.69276 1.67322 1.65019 1.67739 1.69086 1.66736 1.62413 1.45666 1.45137 1.52146 1.50962 1.53652 1.55635 1.53265 1.52550 1.51805 1.54864 1.68034 1.67654 1.67822 1.68034 1.84585 2.03438 2.02528 2.03062 2.08181 2.20080 2.19187 2.10975 2.09735 2.08916 2.08096 2.07200 2.06499 2.08902 2.14955 2.13355 2.10593 2.09035 2.13793 1.92650 1.75610 1.79985 1.79298 1.78624 1.75662 1.75663 1.75670
1.55275 1.57566 1.58495 1.53389 1.53944 1.59822 1.77919 1.72318 1.70471 1.70563 1.70888 1.71295 1.67533 1.67137 1.67373 1.68232 1.71703 1.76088 1.75943 1.73525 1.67379 1.65767 1.64852 1.63855 1.58170 1.57651 1.49293 1.46568 1.45289 1.35951 1.38678 1.45169 1.44992 1.46394 1.48729 1.48749 1.59616 1.56074 1.56074 1.56074 1.61131 1.91857 1.92696 1.93190 1.96020 2.09245 2.12139 2.07112 2.03627 2.03542 2.03044 2.02512 2.01418 2.00171 2.07395 2.06766 2.02878 2.02082 2.07429 1.99574 1.71544 1.76315 1.75505 1.76219 1.73775 1.71354 1.71123
1.65740 1.75787 1.84369 1.82561 1.68868 1.67548 1.78910 1.78372 1.78822 1.80471 1.80836 1.82089 1.75548 1.68862 1.67056 1.64567 1.62550 1.67071 1.65376 1.64736 1.61573 1.60619 1.61683 1.63003 1.60653 1.59490 1.54061 1.47045 1.46750 1.37702 1.39179 1.50533 1.52894 1.53776 1.53776 1.51961 1.60023 1.56600 1.56074 1.56343 1.57894 1.85298 1.92122 1.91983 1.94254 2.02462 2.11098 2.08630 2.00150 1.98270 1.96658 1.95097 1.93788 1.92742 1.96515 1.97798 1.96474 1.94827 1.98931 2.03717 1.75239 1.79947 1.86794 1.89679 1.84574 1.72527 1.72527
1.90577 1.89807 1.90982 1.86419 1.76119 1.70266 1.76083 1.85293 1.81826 1.81914 1.80349 1.77808 1.70380 1.57762 1.57702 1.57702 1.57702 1.62980 1.65097 1.65412 1.64254 1.61663 1.62065 1.63069 1.62046 1.60075 1.60332 1.53247 1.54556 1.48675 1.43954 1.52178 1.53776 1.53908 1.54771 1.55042 1.59871 1.63489 1.60965 1.61746 1.61617 1.76663 1.89474 1.87757 1.87264 1.89763 1.99798 2.00773 1.93986 1.91790 1.91837 1.91943 1.92417 1.92955 1.95279 1.98970 2.01221 2.02613 2.07266 2.17236 1.95177 1.85401 1.88668 1.89871 1.89727 1.74997 1.72527
1.91232 1.84951 1.89273 1.90935 1.86965 1.80771 1.84981 1.99022 1.88352 1.73981 1.74051 1.74051 1.73079 1.57966 1.57996 1.58311 1.58626 1.61864 1.65928 1.65928 1.65811 1.62264 1.63912 1.67035 1.69584 1.68290 1.67884 1.59956 1.56694 1.53823 1.46685 1.53417 1.57891 1.58299 1.57982 1.57680 1.56907 1.64531 1.56979 1.55589 1.55037 1.60083 1.84033 1.84700 1.85525 1.86994 1.97453 2.01870 1.98925 1.93315 1.93315 1.93530 1.95786 1.98554 2.01730 2.09058 2.09552 2.09073 2.08808 2.17570 2.06873 1.85952 1.88659 1.90798 1.90859 1.83523 1.73636
2.03664 2.00397 2.03951 2.03342 1.97329 1.87915 1.85900 1.95717 1.98248 1.74778 1.74277 1.74592 1.74907 1.62432 1.58894 1.58894 1.58894 1.59773 1.67593 1.69781 1.71757 1.70619 1.68723 1.69079 1.70563 1.71600 1.73051 1.69423 1.61615 1.60358 1.50167 1.52422 1.56645 1.56437 1.56937 1.57333 1.55304 1.66528 1.63510 1.62271 1.63988 1.65037 1.89754 1.95014 1.96799 1.97383 1.97430 2.02831 2.05460 2.00766 2.02693 2.05245 2.05756 2.05756 2.05756 2.09817 2.09722 2.06782 2.02584 2.06487 2.03938 1.86470 1.90859 1.92179 1.92964 1.93752 1.79476
2.02308 2.06797 2.04140 2.05387 2.01359 1.95559 1.89766 1.95521 2.04569 1.90017 1.80214 1.80530 1.80847 1.72701 1.65642 1.67160 1.68815 1.70907 1.76427 1.77380 1.77323 1.76997 1.73037 1.73114 1.75465 1.77413 1.79321 1.77646 1.70786 1.69414 1.60846 1.58544 1.61436 1.62353 1.63614 1.65054 1.64869 1.72357 1.75798 1.70012 1.69893 1.69893 1.85603 1.98243 2.00077 2.02522 2.04962 2.09269 2.10334 2.03157 1.95922 1.92925 1.89868 1.86748 1.83565 1.82961 1.84517 1.84517 1.82604 1.87723 1.95083 1.94392 1.95187 1.93080 1.94090 1.92816 1.82652
