results/OMI_NO2_200901.asc
ncols      200
nrows      200
xllcorner       120.258
yllcorner       41.1236
cellsize     0.0166667
NODATA_Value      -999.000
[rows 150 to 179 of 190, columns 132 to 197 of 200]
4.66603 4.69366 4.63010 4.51287 4.51287 4.50282 3.30047 3.25635 3.58218 3.58749 3.57824 3.55887 3.27373 3.25935 3.25898 3.18616 3.35786 3.42561 3.48132 3.49089 3.69339 3.89616 3.88856 3.88305 3.87756 3.89228 4.16605 4.19760 4.30754 4.43103 3.86608 3.46732 3.66327 4.43583 4.72591 4.94235 5.06385 3.84999 4.34665 5.19917 5.21169 5.25278 5.57905 5.57957 5.57957 5.57957 5.57957 5.57957 5.64510 5.86552 6.12446 9.65844 10.3377 10.9725 11.1086 11.1086 11.1086 11.1086 0.00000 0.00000 0.00000 0.00000 0.00000 0.00000 0.00000 0.00000
5.64308 5.53990 5.57286 5.42176 5.48335 5.54401 4.95852 4.84594 5.13967 5.33546 5.40761 5.48084 5.48748 5.53432 5.61420 5.65187 5.80260 6.00268 6.39753 6.55579 6.72065 7.02940 7.11214 7.19389 7.27493 7.35906 7.83740 8.20880 8.32294 8.62334 8.69533 7.96100 7.97358 8.58285 9.20379 9.21845 9.23274 4.94275 4.44738 5.43465 5.43916 5.43916 5.55406 5.72823 5.95477 6.18142 6.40808 6.63461 6.79574 6.80210 6.81557 9.94951 11.1086 11.1086 11.1086 11.1086 11.1086 11.1086 0.00000 0.00000 0.00000 0.00000 0.00000 0.00000 0.00000 0.00000
7.63476 7.15692 7.12218 6.92253 6.87609 6.88616 6.59486 6.40578 6.51139 6.75737 6.76921 6.78671 6.80488 6.86541 6.99821 7.16559 7.05846 7.30060 7.40130 7.41876 7.43665 7.62527 7.68311 7.72094 7.84274 7.97515 8.23194 8.97807 9.02658 9.14720 9.23432 8.38139 8.12060 8.27758 9.30048 9.34278 9.34278 6.23039 4.43008 5.50605 5.95757 6.12756 6.52151 6.80210 6.80210 6.80210 6.80210 6.80210 6.80210 6.80210 6.80357 8.31832 11.1086 11.1086 11.1086 11.1086 11.1086 11.1086 11.1086 0.00000 0.00000 0.00000 0.00000 0.00000 0.00000 0.00000
7.81054 7.42716 7.20279 7.09138 6.95331 6.96998 6.85657 6.54574 6.69390 7.07877 7.28604 7.43761 7.61656 7.86159 7.89954 7.89954 7.36787 7.41416 7.43277 7.50966 7.65800 7.90421 8.15551 8.25007 8.26063 8.26063 8.26191 8.83063 9.02658 9.06497 9.23427 8.82912 8.12820 8.17062 8.98282 9.44900 9.48193 7.49561 4.58840 5.31559 6.35605 6.35605 6.48880 6.80210 6.80210 6.80210 6.80210 6.80210 6.80210 6.80210 6.80210 7.23735 11.1086 11.1086 11.1086 11.1086 11.1086 11.1086 11.1086 0.00000 0.00000 0.00000 0.00000 0.00000 0.00000 0.00000
8.16677 8.10286 7.76422 7.84570 7.49621 7.64300 7.71834 7.14839 7.37941 7.61037 7.83326 7.85624 7.87920 7.91463 7.94283 8.07080 7.89164 7.78265 7.94615 8.00163 8.00876 8.05127 8.25997 8.26802 8.27541 8.28280 8.28891 8.53179 9.06388 9.08949 9.27894 9.30167 8.34743 8.32595 8.67871 9.50684 9.51497 8.51390 4.58840 4.77460 6.34075 6.35605 6.39751 6.80210 6.80210 6.80210 6.80210 6.80259 6.86096 6.95895 7.05691 7.11918 10.2792 11.1086 11.1086 11.1086 11.1086 11.1086 11.1086 0.00000 0.00000 0.00000 0.00000 0.00000 0.00000 0.00000
9.32568 9.41881 8.99692 8.80390 8.28602 8.12005 8.14299 7.55158 7.54717 7.67173 8.03622 8.18600 8.31844 8.43220 8.53361 8.55268 8.47957 7.89709 8.00226 8.00837 8.01622 8.04488 8.24741 8.32841 8.35144 8.37450 8.39755 8.42256 9.07707 9.19337 9.31106 9.47348 8.87757 8.41650 8.52535 9.23538 9.51497 9.37405 4.71153 4.59552 5.91479 6.35605 6.35605 6.75539 6.91843 7.01638 7.14341 7.36989 7.54673 7.68392 7.82110 7.95838 9.22559 11.1086 11.1086 11.1086 11.1086 11.1086 11.1086 11.1086 0.00000 0.00000 0.00000 0.00000 0.00000 0.00000
10.0481 10.0448 9.70541 8.94952 8.63279 8.19679 8.25911 7.89704 7.73129 7.94280 8.33072 8.56142 8.56142 8.55971 8.55311 8.55944 8.56863 8.05607 8.07364 8.10011 8.12531 8.15920 8.27137 8.41007 8.41007 8.42541 8.45794 8.49054 8.87446 9.28960 9.29950 9.48655 9.29366 8.41442 8.43669 8.86526 9.50897 9.50782 5.72879 4.67405 5.52334 6.84995 7.02630 7.59723 8.04982 8.18701 8.29526 8.30347 8.30347 8.30347 8.30347 8.30347 8.65285 11.1086 11.1086 11.1086 11.1097 11.3419 11.7442 12.2556 0.00000 0.00000 0.00000 0.00000 0.00000 0.00000
10.0284 10.1154 10.0206 9.44906 9.18932 8.53006 8.52761 8.25226 7.78233 7.95671 8.10482 8.56800 8.59491 8.62748 8.66164 8.69571 8.75884 8.45594 8.27780 8.21123 8.15795 8.16552 8.22735 8.47231 8.50891 8.52607 8.52530 8.52451 8.58717 9.26485 9.28479 9.41831 9.52946 8.70766 8.53123 8.87534 9.72700 10.0300 7.52955 5.33041 5.61342 7.40891 7.48208 7.75428 8.30347 8.30347 8.30347 8.30347 8.30347 8.30347 8.30347 8.31898 8.46451 11.4575 12.3080 12.7109 13.1123 13.2830 13.2830 13.2830 0.00000 0.00000 0.00000 0.00000 0.00000 0.00000
10.2700 10.7217 10.7253 10.4452 9.76658 9.25786 9.07160 9.05142 8.50786 8.69429 8.88101 9.36915 9.53280 9.58049 9.68676 9.77415 9.79711 9.71328 9.19458 8.96562 8.69424 8.77665 8.84656 8.96298 9.01058 9.05134 9.09276 9.13380 9.17572 9.74023 10.1478 10.3479 10.7073 10.4133 9.59838 9.80884 10.3909 11.1108 9.23089 5.27694 5.37350 6.80200 7.42280 7.52867 8.30347 8.30347 8.35580 8.48901 8.62303 8.75726 8.89149 9.01021 9.02826 10.6623 13.2830 13.2830 13.2830 13.2830 13.2830 13.2830 13.2830 0.00000 0.00000 0.00000 0.00000 0.00000
11.2221 11.8887 11.8871 11.7690 11.0616 10.5670 10.0390 10.0588 9.37365 9.35839 9.66181 9.88047 10.2149 10.2411 10.3490 10.5548 10.6308 10.5984 9.96333 9.71501 9.26619 9.29108 9.32392 9.36046 9.37245 9.38829 9.44478 9.61610 9.81672 10.2024 11.1245 11.2218 11.3284 11.2600 9.71743 9.69537 10.0912 10.9555 10.3705 5.24604 5.30231 6.02466 7.59945 7.70217 8.69944 8.94548 9.02731 9.02826 9.02826 9.02826 9.02826 9.02826 9.02826 9.59797 13.2830 13.2830 13.2830 13.2830 13.2830 13.2830 13.2830 0.00000 0.00000 0.00000 0.00000 0.00000
11.2120 12.2186 12.2766 12.2470 11.8999 11.1433 10.3234 10.2813 9.78324 9.56318 9.78296 9.80634 10.1953 10.1590 10.0716 10.0693 9.96255 9.94549 9.97053 9.94143 9.37369 9.38692 9.48810 9.70158 9.90698 10.0921 10.2362 10.2656 10.2656 10.2651 11.0099 11.2222 11.2765 11.3534 10.3288 9.63725 9.94280 10.3932 10.9119 5.50974 4.92676 5.14788 7.66598 7.96354 8.61556 9.02826 9.02826 9.02826 9.02826 9.02826 9.02826 9.02826 9.02826 9.12310 14.1365 16.8374 18.2518 19.3863 20.3181 17.7596 13.2830 13.2830 0.00000 0.00000 0.00000 0.00000
11.2159 11.9358 12.0375 11.6425 11.2281 10.2083 9.88313 9.86059 9.44683 9.00995 9.19881 9.36851 9.66796 9.89689 9.92976 9.95810 9.95670 10.0026 10.1578 10.3450 10.1210 10.1413 10.2421 10.2557 10.2639 10.2652 10.2611 10.2559 10.2507 10.2460 10.5787 11.1693 11.1324 11.2059 10.7997 9.39770 9.63741 9.94737 10.7414 6.81767 4.89721 5.03361 6.67261 7.96354 8.35681 9.02826 9.02826 9.23882 10.1814 11.1029 11.9405 12.6688 13.2817 13.8254 17.2256 21.5157 21.5157 21.5157 21.5157 20.3471 13.2830 13.2830 0.00000 0.00000 0.00000 0.00000
10.2873 10.1634 10.1083 10.1248 10.1099 9.89026 9.63383 9.89024 9.75494 9.25506 9.37091 9.64212 9.76894 10.2267 10.3897 10.4986 10.5851 10.7216 10.7574 10.7635 10.5176 10.2440 10.2402 10.2404 10.2477 10.2296 10.1886 10.1486 10.1085 10.0684 10.0658 10.9089 11.0159 11.1317 11.2132 9.82905 9.58953 9.95369 10.3905 8.12938 4.89721 5.00544 6.26336 9.90682 10.8596 12.9755 13.6463 14.0790 14.0338 13.9465 13.9740 14.1342 14.3467 14.5594 15.6786 21.4378 21.5157 21.5157 21.5157 21.4760 14.7457 13.2830 0.00000 0.00000 0.00000 0.00000
10.3100 10.3476 10.4061 10.4178 10.3806 10.3488 9.81338 10.0021 10.0097 9.41369 9.54531 9.97190 10.2007 10.7373 10.8719 10.8579 10.7575 10.7574 10.7542 10.7395 10.6336 10.2308 10.2331 10.2361 10.0696 10.0358 10.0359 10.0359 10.0466 10.0769 10.1076 10.6263 11.1113 11.1410 11.2426 10.5401 9.54608 9.93214 10.1087 9.44098 5.02767 5.11269 6.33503 11.9950 12.5386 14.4513 14.7167 14.9182 15.1313 15.3440 15.4418 15.4418 15.4418 15.4418 15.5183 19.6128 21.5157 21.5157 21.5157 21.5157 18.1010 12.7292 11.2374 0.00000 0.00000 0.00000
10.3920 10.3920 10.4108 10.4205 10.4149 10.4791 10.3009 10.2380 10.4651 9.95929 9.81261 10.0438 10.2798 10.5038 10.8693 10.8667 10.7710 10.7491 10.7509 10.7281 10.7522 10.2578 10.2425 10.2425 10.1212 10.0618 10.0943 10.1250 10.1455 10.1562 10.1701 10.2930 11.1573 11.1855 11.3102 11.2334 9.70950 10.0155 10.4255 10.7644 5.73589 5.83826 6.22649 11.4990 13.3073 14.7439 15.4418 15.4418 15.4418 15.4418 15.4418 15.4418 15.4418 15.4418 15.4401 17.2011 21.1746 20.9720 20.7698 20.5672 19.1644 11.1002 11.1002 0.00000 0.00000 0.00000
10.4303 10.5467 10.6775 10.7920 10.8749 10.8121 10.7534 10.2014 10.2982 9.89430 9.73279 9.90258 10.1959 10.3071 10.8930 10.9577 10.9280 10.9016 10.9293 10.9417 10.9739 11.0485 11.1332 11.2118 11.2433 11.1450 11.2712 11.3442 11.4343 11.5403 11.6402 11.7423 12.6357 13.1451 13.3499 13.6455 12.7227 12.3154 13.3840 13.7965 7.77536 6.03254 6.42362 9.79100 14.7566 15.1973 15.4418 15.4418 15.4418 15.4249 15.3326 15.2315 15.1303 15.0291 14.9297 15.2933 19.8521 20.4243 20.4243 20.4243 20.3883 12.8768 11.1002 0.00000 0.00000 0.00000
6.83698 6.63199 6.42153 6.27817 6.11492 5.91437 5.71858 5.40398 5.51592 7.65355 11.4061 11.5360 11.7803 11.9754 12.3561 12.6388 12.6589 12.7064 12.7342 12.7652 13.1153 13.3375 13.3866 13.4434 13.5027 13.3716 13.5414 13.6123 13.6437 13.6409 13.7523 13.9229 14.4810 15.8684 16.0140 16.0150 15.4775 13.7145 14.8637 15.0047 10.4450 6.25197 6.49289 7.80504 14.6407 15.2930 15.1917 15.0906 14.9894 14.9051 14.8961 14.8961 14.8961 14.8961 14.8961 14.9986 17.8473 20.4243 20.4243 20.4243 20.4243 16.7459 11.1002 11.1002 0.00000 0.00000
c]=cX{hcr]cx-m{vr {cugucq3r!$c'cUrDc]cmqc/qKvz{c c&Mw>c#c=\mq5cur\scss ccWsIycms2c]s7s0cYc^mxau c&s uczv{c8c&pcOcurr"cms c cscc{wcOZmup:c&{tsnPc}P 8.92554c cppsbcIzB q_cFzcxt6c3c1]puscmsAcBzzcctIcmz0cD{8wcHcpccuwc\mltc?]t?'q2c$c8p'qacAmvct qXcTcwbccLg{WzzcwmcFqncGicH r[czj 6.93838 6m-/pzTczT6.81196 6.74353 6.67569 6.38674 6.24716 6.2180rp&c mrc7u>]v<c%@c,zIc<mtcvr.c+c8uGcyct/w$cmwczu!c c}vksMcZm!sczzkcc!vmcc9mIrLcss u@cc*tccm/uTcs;r}c0rvcKcrc3cmzcrHqEclctc<cOmhI{}Pc,.70890 rlsscgbcc{lIkcWsq'Scyru+cc=sc9cmTwc>siq~c2r[sccztc=mrWcgzuc@cn uc+ecwt{c%m/=s37cycWzcc>s;qRc`m&z~cDuzcctv3cghcvpqp 3.31631 cJs,c0)c$56928 6.53202 6.92855 7.20796 7.44476 7.67vc3Oc, sEccg{{cmv{Vcy{{cVc*z{^icH~mwqc5E{wvLccscctIrjc9m MqKco cvzznoccfsmt}mc}mnv~c|{ntyacc9hucWcWspsczIwI;cZIcSOtRc$cpvpcTmr)cmzr6ccTqbIcmu/cvdA{iPc, c"8439 5.{qtcYm szcew1Orcc+p{_cQ m]uIecMvDpNcc{c(cwrpcmwjccqccgrW{ecqm8Owcv{c$c=ucocX%zzbcuqPcc4vYcjxc9sv<c>mprc u)p> 6.13012I5?c#1mr* 5.77736 5.67862 5.68204 10.8893 11.5459 11msq cq:tcrtcc>uqc"c`my{cVqP[u\c`c{2~ccVm8u-c#p zrcrDt ccz7c;cm *{ Ec rq2cOcwycvc m "p0(cqwq}crsNcSc[LwX+IRcWwH{crv ccuwcc]mv\act3uz cMrucJ?ct`m/7pc 5.3158 rOu1c!c+Bw$c(cm]rcNmN_zhctcbr}"cq"cnpS,rGscK s[rNcP6r_rCcXcI>{ccmErRcBrgz c2c{GccmWsIc)v}wac}&rXLzccuIcLvup c5 r+rccrcc_m4 24.12qcQqq  24.1229 24.0856 13.7108 11.1002 0.00000 0msctcscVcGs@sL!cJrGwWcD
R`(,w sUubc u1 u%cU(lj-pjb_xv^1sLcwVd cs:c@|cAwwexv|cmrb xcc,q-CcBtcXwu+bo810 Fc 9110 6.36110 6.36110 6.32852 6.21758 6.22926 6.22851 5.84807 5.83963 5.80601 Q947 5.7rs0d~d.=zl6pLc)wsNw~h j6968 10.6720 10.9476 10.8497 10.5110 10.1240 9.64239 9.22378 9.06314 9.06314 9.06314 9.52876 9.89336 10.0529 10.0325 10.0109 9.24621 9.22023 11.0444 11.0280 10.4269 10.3432 10.3475 10.3475 10.3176 9.93873 a\mlvZa$My?r a*`18G`ma]ptwT cFmy wtcbavubIcuju< zt7i|d5 mm-rE~;c@Htj"wtwzcscwP {(H7c8cEu;q)c&vVw% > 4.7to  8 79 7.82427 SA /809 7.93077 7.93073 7.93073 7.93073 7.93048 7.92408
8.97795 8.87180 8.87180 8.87180 8.87317 8.91826 9.06314 cd7r:,cA,cJZsR2z 9n 9.93334 10.0377 10.0955 10.0663 9.46267 9.25959 10.2975 11.1675 10.6879 10.1423 9.65744 9.14912 8.65171 8.53785 - 8.39896 8.24674 8.30934 8.49549 8.59342 8.95954 9.13141 7.86244 7.75089 7.72511 7.68910  3869480 bmO@pa7hvs?cb[cPtVcd)0|zgugd mtVcFc? qk7cd3}9F z-cm0w"ds +{d7Kdz7v !cMnb !x3 W hK 8.63454ackqj{&u"cMm Lv 9.36Ei 9.65317 10.1214 10.1214 10.1214 9.76282 9.65882 9.88857 10.232{5tc s.qbr8'p51 10.8342 10.8276 11.0680 8.70178 8.82735 9.06657 9.34502 9.32307
8_ 8. G.0 8.59615 8.73125 8.87679 9.04928 8.62425 8.77678 9.29361 9.12105 9.04504 8.81513 7.28679 6.22211 5.66589 5.07268 t +xil X UB8026 4.6952%xT.02154 7.74273 7.82517 7.81512 7.80866 7.80866 7.80866 7.80866 7.80E`a s~pDcp(l|zqpcd{FudqLdpu',d[$dMTwIStjd j%u*d'dvtdkB;d`j tp5jdFt[M rdVWu8qy[dj~c{>IEa^`.9805 11.2 xG 11.5562 `qot&r%aP-r{[ Kz457 12.3901 10.4786 9.66239 9.64627 9.74793 9.87307 8.59181 7.ps`zM 7.15219 6.97723 6.16739 6.11160 6.04022 6.04022 6.04022 6.19643 6.25290 6.25290 6.38037 6.40538 6.43181 6.50581 6.68240 a*q~x/50@`3E97 7.12128 < *0332
7.76445 7.80866 7.80866 7.80866 7.80866 7.80866 7.8086tc?|t3u=(dc2dlvp+RcSb U4ygw P.23267 r{/df Re 9.96447 11.2783 11.7165 12.0544 12.388 [ 12.21 3s(z3rd%7LcblwsFceq]hTrdk#ubwfdhd |{ddbNjHtvd[ vvpfdTdsMVydRdvdjvsw.dN.tsn$vpKdq utbb q #.b;%c m\0q5;b\x459 `,x-ao5.asf y8` }n@ t7"`Zwp 360 7.89906 7mb93 8.18303 8.37638 8.53853 8.71584 8.97983 t<(wvZ .81163 10.1280 10.4000 10.5791 10.7766 10.9479 11.1094 10.9254 11.0306 10.9803 11.8153 12.0826 12.3283 12.3403 12.3624 12.3uc c~C]sMeN.dCc w@V u8c sNCt:c"Lb w2830 13.359(tl s63 14.1688 14.1868 14.2091 14.2E/ `
pE 1sVzhL b?`q:J2f : 12.1419 12.2822 12.3470 12.3613 12.4129 12.7489 13.2861 13.3795 13.4106 13.4267 13.9594 14.2897 14.3087 14.3087 14.3087 14.2909 cNru(`d6!d$Vp)IfcW&wnuPd1uHqvc_]c \"vccb6b.*o@U 14.45 kgG 15.8417 15.9949 !p{RJcac|d?'dIbdZ:TmN'qD cdw]{Lb&c4t{ dw$ dv~|QdjHud| gr:dd|qdSzdjq(d fu.p QdZ'dqd Pd3j a| GDdUs?Tuc6frT5vc.c>v=HBbeYto||uv;Fcurnwt=>c c>#waXa!=okzbmt'r2bp;w#Da w 7$.1765 ;3.5289 \699 bzFcBEayO.271 F 11.3646 11.3646 0.00000 12.7023 12.8004 12.9575 13.1815 13.4838 13.5710 13.6093 12.7296 11.7350 10.9671 10.9557 10.5187 9.9697rU.cj"}.&d>{}5Rzc3cSHwcd5`poqcv{m)%rba= m 9.32305 9.23526 7.99902 6.25365 5.u^9-r rc qB}dBPc9"qCcRbpwcjXfwKddjq pQqd0d@r0 N|!dj%vd9q,
o;ve`ZMYc 8`:p bYMc9z|Id>sq}dc:c2}t c<cv\ q*b-}mwukd,stt"dKdsNdj\Eudd7stuNdKdv(ddR@p,r dgjVv_(dmtspa|W d d;rr-zNc shBpDc K{'zH(cc^rfd"d'N+prc_mp/cPc8quc4c]>{pcB(m t bnwrl aO 6.6 @ 6.v@w3fdsGtX 7.26728 X 7.12731 wk.07889 6.88073 6.72870 6.75598 6.81216 7.03115 6.87948 6.76700 6.70637 6.71116 6.83164 6.96898 6.85511 6.39245 cNmbuacI@cv_Ac&czuUpcU'mrK6cvzccpRcDc:qvatt{qa)a/s a!,` / a/l~-pch{.qodd;sfIFcmuDrctrY{sTc6`jcd&;v*zdd&bj0qQdt@l|TUdB9uudd+j\xtXdytMv{XdITuvZdcdpOdxdxjl }vjd'v v5wcEczccXm7qfc]w5vv= 0d98rt=!d c={LcXcMmqc$rt$vcd3v3cc0G2l ar>{< 14.5772 qscJdpdLrvv 14.51@`qn 16.3949+OO 16.4490 16.4831 16.5906 16.0959 13.7825 13.5969 13.6207 13.6207 13.2317 12.9361 13.0064 13.0382 13.0547 c(cnte;cCcm6 vvc]yr_1vH2+ccu+cc^m Wz cqY\st{xc os[=sb;atmK"atsn u.`qpa7\bywck$cm5},Ldw2vuXFc[kSr Dp>cc:mQur&ciSq qhd2Ku
`p&zcc"p.md|d/:$j1rCrdwDq3d!r sJcEc"j:fq+d++px8G}`e3t q(I ese+6p6fYe%qe&7jUudp/s%e:e=w0ie!&dk jvqdr}Vdu}HdEPTd\ vjDGdBd,2j?*s:*dfu.tcqoMc|mqjc"c`mKRv:Ed<>u)X{fc0r}+qcc{HI%cp@ms WcA[t%u81a'b 7.6 j p 8.93878 4.20967 11.6790 s 14.9817 LO[40 16.1690 17.0268 17.8021 18.3981 18.7945 18.8762 18.9345 18.9777 18.9800 19.1143 19.9414 22.3942 cZm{5d%}3_p/d!u8C|(r d;cLv9Ic&\wt#cr'{~ c(c mLtfmec?w]1r a|pZpUana`Tpe9c0f cPij:UsYdq t` c?cMl{bbddjovdp_rcLrvP}*/4d3dwle,De<?kVv89eft:{q<ldHd|d0e k0}}/8e,@hu){%q2 d up}dd*uNd;4tUpm9dt':}s.bc>c$ p&3d,>cs8qq(cl {tlctXtNcp^cBw&UwSNc )m"{&c $s,Gzc>cu:d cp x8 7.264g 7.16380 7.10330 7.38030 7.98693  7.75197 7.6102 ; 7.61020 7.61020 7.68620 8.14811 7.93053 7.43235 7.34249 7.27805 7.27070 7.41141 7.55473 c~tmvmjc~>c!sXwwcj5\uwcl{4{c`cGrwWcuLcf'pb{z ckvmzx.bbqpGa_a?Zr_,rx\a!lds8cr:qruvdv~ds\=w2 Yc c<w&vrd5_r:v|ddy?{dc\cUr)Rep$df
c<?qhc{8bHl4zbt|$rkbAdbj:u}:mbblrI7sbb  Oo_p:b)bkrb(bN%vrctmTdoji;pd,sswe %drdrdt .{cuq al)`cvqei&e u::s<Be`#\keQtb+e| rrJeucrele{pO Ove6k.%w e>sMu- dfgd1qz51d,_\d &s_rr6djqd{D\sv zd d%7rqcmtcXBtAwb ?bv'cc`w9ot,b0q0w'bbq bcNcS mRr /d t;7p9crptKaC 10.2518 n.2518 10.2518 10.2518 10.4302 1PtL` *11.3364 zRy 11.89841O 12.7479 O12.8850 14.4223 14.8211 14.8886 15.0118 14.9634 15.0176 15.0884 Yc-zcc@mj*p`c3w'~s bb.np+b"blT qEbJVwERpa@vb *s^tFb|Rbtzcd.j?q deu"u;dlYe23t!de."be/kpx3edmv="pd_u8s*d/cUuP I5dw(rsveDXtRwvsme@e\K2|AeF2eO ZkAB vG[eviwzT"rrxUe^xt2D}e9{dZjY q c?kqG{ckZut B@dsVd[sjdCdelj v=cTq0{c*Jc0tbbD bOl0Vtbyq 4rcjry!{/c \0bpy+ca/$b`El9r'oWcar,v:d cs+ccm/rb`Qb2.9483 13.0132 13.2764 13.6144 14.1412 14. d`l:`^4 14.6634 15.1763 15.5772 15.7686 15.7686 15.7654 15.7539 15.7493
7.80517 7.25786 7.08227 7.08227 tDQs?"c%c?fu::#I$ c"2m1z3^xbuf@uc-cJ2twd`dd=Cv |^e"?kh}p/efrFu"eeexUq,L}beDkD0}$e}9ueevwepme@u6|ekk/ve{eAGulRleBxet3ttxe?k5s~e}b_uheere`eWpB ar}VteU=}Msbwo<dd^6sczd ^q r+c,mwcdt7}3d'!nd4P}TWNr[dW1jv7dVT~s|uPc,^bvXObi&b]{7wtaoBq cru\rc 0auZqrc6mzct|pB`HappG`Pa7+8p vhj 7.18658 7.22392 7.34659 7.54364 b593 4% ;{ 8.42373 8.56547 8.56547 8.56547 8.56698 8.57247 8.45205 8.06742 8.14338 '<3848 k$c9h{*%q5kBc8m*~z0c&t'r5b~bz*zdzj pds%r &eZ\eD}eea uv8eSkr0e e@wmev e(Lkqre]uat,e,tp7eee^>we#e+kG|}et8ree ve\e kwXe{t?|*Be tNrNeN eX}_QOnydq!p}q1c\r6 pY(c cRYvf(c3bcm%4t+d#+w>e!p/odj%#uD)}!d dXuj rSc<pp2Xc#sCt{uybubrAsvqAc%d$j9vr[bq"9qd00ba;b{w4cer\c lzp&=`% b612 q}! p 16.6601 16.7564 16.8557 16.9561 17.0619 vP- <787 16.5597 16.5726 16.0932 15.7365 15.7436 15.7543 15.4560 15.0957 1b [crs"cc$u<c-&c06m?zlc'vwi|~=dUe"s9eqe kqsesqIeEzt-}U%e3ervDe bekw&eU#tQ|e,e^wMe8ev(tPek}|LJe} g}ee7|O-enqkw|dew}k.w'ete|ee0 }uUreHkK'qGe`|UuYd-cUq
CH3845 19.2431 19.2502 19.2502 19.2502 19.2502   azjb)rsJ I.2313 19.0499 18.8317 18.6394 18.6390 19.3344 20.6692 19.0872 7.0461 ca{wUcqcdm!ordeu }BrdleSv~Le~$eZ-kreNuywbe t4p<e2erOGes[u9P}eV|8f|Bjefeqa ee{vIrHe^kZr}e|YuOe57exsu*^ez k|Ze|MresVep1eEe=q rBeBikJ rJXePe_@v^eMeJq\qQ.|s^ejt|d}v~vddYtf{dbrdh}\'|cpdD|$Rpd= c}-p[cWQcv uw&{+XcVm/`tTb_u3 u.mfaaJsApK(a#l<HvYbgvp^`Q `$s~a-8 Y42505 7_57 8.39279 8.88521 9.24836 9.48899 9.78067 a$oqtb/r41 9.73875 9.64715 9.09291 8.92204 8.79466 8.90582 8.75452 8.69892 8.69892 c|mgpacg)\t{@qd>dW[vWO0^eEMk_pers]eN`eqQ ei\e |sekreMru !eeWswroeQSkBrTelH}vteY.e:vee|%3t8e$k0|eJe=t+e6e<p|we-kSvl e|M}#ee&p!eTxeE3wXrUeEtT |~e>1ye2Av:dJdQBjisWdtEsd uxuIwdd_qVxNoW*dj;e\p)d)Azzq c4brVNb?-b?{~u)aQco(w=vayxv\a a 6pAta+o& r} b8.17609  s2058 8.52814 9.05226 12.7795  G5 13.0855 as&{c bG
e<ttyqpXeSekHunewirwu"epty~ueDeseseIkv<e<rueheweekOp)Ter} etuele r8_eoe xk+}%et^}eeteeXk@E%tLeGsG+qQqevTtxi}p:e e+ks7@N`drXuDd8u{v*d`d&s^dXd mqclr aqrPdr:rc bJl%Lz+bvM pa bX\{%asobebUtbE!(b^qwqa&? 47 9834 9.16129 9.34181 Az [ 8.5 8.2' # 8.25-b<c||JpIccer6 rbc+m)s'= 8.24029 A 8.24434 8.29859 8.47560 9.39718 9.65315 9.81538 9.87043 cH|]wqe(kwetv$eAeLw^e8Dedkoq|ekwuvjeUerbeexk7Z}ew4 qYeDtv(r~eJeJt0e e^kTwetkqe*eweOeWkkrer!rRYeitNsfe:ecqO.e/}<OvL"eFNt^vV5PeK#eY9rWMezeg}k Tw7H0e,|+:uduAp>dQdlwjBs' d+tO|{dWvV4pqYd( 6d8C~p dId@T2jzec{7 tk:bZLbVPpyub{awxor:c=XrUqbYb[s 10.248 $_ 10.2486 10.2486 10.24864}_W OJY$UxavVpQm:tW| 10.1736`.vaB.042p5bs#s b'q% v`74ckcl 8 1p"D25 10.4m!m 10.4085 10.315 * 9.97057 * 9.95422 9.95951 9.92612 cr}Aps e5+?ehx|&ve eJrD}eE.|es#eae3peQe w`|C]e k~\qe7}8reespOOde.kRz} e2 }hueHesp< eeFIsu6e Lk sOeq }I4}DeXe~rv&eVk_seA"|Osede=vYew4^exfkSA}K4eE>tw6wqae@e? s?e)1ge"jv`'d}tvGvdM}Kuxdld2vd
ebtfKHWb0el'saE$F267 9.5 X 9.64230 .72601 x\suQce>c { l w4c zrj 25 \ e `*.v! ccmtfzsbhqtc&cCqe3c .1051 10.5114  t7 ( 11.6044 10.2779 9.62712 dqle4ep|qeoe^=k|seX|7F| eae!uPOetTw/et/stk e/eTs eDekpq^e`q.}d0etBvKe7de'k[|et5pxwettK}$eweJsvaeeeyk 5*ule p |e "xerreuw e@:JklqrejZ#pek@|cTent ps8 em e}NvBe2[dHjL|Gdu|ddBNw dd-jvFdkptBeBdXuBQq|dd\,wN?d=pXG;q/apS v0a a:r7`(`z>opUqwakvitt{bXs8uFbbo1y  17.6120 17.6151 17.6233abO{m/q-ctOrnoc]tb?'7727 17 +. 1w!8s =cSrdvFc?cM4bsc)com!z`"16.9012 16.3619 Y` J$9 6.3619 16.7986 17.0636 e.r~Avetse0eKIu;e&+exk:q7e-rt7eTt}e|e=k;Kte sre tqqdeIea veepw^eYk6tmeerjebey(tMotIG/ek`kseT| r jeeue~0es~TqV4BeI&}J toeoemHwVe@exrqh-wfcexk8tdWH|>rG^ddw!N{d?j3Zud[U|qqd Rdd|AydMldjnjpdMtX2qdxul'DrZ#b;av+Qo>whYa q-uGa lq]yaR /H y*bVc%"m bsb]rtV  11.1589 11.6094 1 !p.b/r7&sfcy:'cx"_zcp1b++T.2718
