results/OMI_NO2_2011_06-08.asc
ncols      200
nrows      200
xllcorner       120.258
yllcorner       41.1236
cellsize     0.0166667
NODATA_Value      -999.000
[rows 29 to 57 of 175, columns 0 to 66 of 200]
2.95499 3.06470 3.23551 3.33079 3.32465 3.30760 3.29036 3.14727 3.09427 3.19621 3.39836 3.46491 3.67291 3.74142 3.75977 4.18294 5.12585 5.12157 4.11950 3.63154 3.24880 3.24329 3.99789 3.98944 2.52380 2.39532 2.51902 2.26988 2.28738 2.28914 2.28914 2.26391 2.13930 2.12448 2.13494 2.14735 2.21772 2.28383 2.28095 2.25957 2.22789 2.22097 2.20844 2.20279 2.20148 2.20554 2.20443 2.21868 2.23927 2.25264 2.26005 2.24954 2.33263 2.26884 2.25373 2.26974 2.27750 2.24036 2.17980 2.12411 2.15649 2.14652 2.13192 2.14857 2.16084 2.19046 2.18788
2.89392 3.06340 3.11089 3.24563 3.23197 3.23148 3.22300 3.19678 3.01096 3.11755 3.22843 3.52808 3.77720 3.83000 3.73031 3.78165 4.81551 4.96648 3.85536 3.24329 0.476313 0.476313 0.607233 1.44786 2.63714 2.60588 2.70348 2.49414 2.30558 2.32701 2.35924 2.37851 2.26617 2.17838 2.16114 2.13325 2.11349 2.18293 2.16866 2.19059 2.20325 2.19621 2.19655 2.21120 2.22751 2.25133 2.24939 2.24638 2.25122 2.26790 2.30898 2.26398 2.31598 2.29318 2.24136 2.32786 2.33773 2.33813 2.27318 2.22225 2.26404 2.25258 2.24338 2.26686 2.28727 2.29048 2.26890
2.84731 2.95412 3.07735 3.18030 3.18572 3.16413 3.15613 3.15034 3.08792 3.02379 2.96622 3.12953 3.19503 3.27866 2.92235 2.71117 2.85080 1.69351 0.598272 0.975241 1.39881 1.62740 2.31734 3.16322 2.53145 2.56868 2.68750 2.80622 2.44121 2.40533 2.37405 2.31477 2.21479 2.06885 2.04833 2.04775 2.04374 2.09844 2.14326 2.16304 2.20824 2.22958 2.24037 2.23011 2.22764 2.24600 2.24555 2.20794 2.14882 2.08113 2.14987 2.10083 2.16066 2.27920 2.18297 2.26659 2.33319 2.35281 2.33621 2.28770 2.23840 2.24419 2.20053 2.20941 2.24571 2.29027 2.28366
2.58602 2.54861 2.90187 3.04297 3.10069 3.05174 3.00277 2.95740 2.88565 2.87508 2.86778 2.80598 2.75879 2.90464 2.74793 2.79008 3.00640 2.22953 2.28329 1.61610 1.93932 1.93932 2.42415 3.21915 2.72285 2.75277 2.78393 2.78699 2.38606 2.22141 2.19519 2.19721 2.19249 2.07839 2.06558 2.07486 2.10068 2.13531 2.21286 2.21639 2.23463 2.27514 2.28370 2.24368 2.20957 2.15515 2.12059 2.11671 2.09876 2.10954 2.21676 2.16911 2.20824 2.22186 2.16270 2.14838 2.35483 2.39569 2.39143 2.33206 2.25128 2.25939 2.18855 2.24051 2.31478 2.29892 2.21903
2.62727 2.53094 2.62899 2.79071 2.94157 2.93100 2.91951 2.97487 3.02995 3.13496 3.29073 3.36602 3.12799 2.89038 2.67789 2.64954 2.71447 2.71343 1.89947 1.34233 1.61610 1.61610 1.93932 2.42415 2.25081 2.12173 2.27752 2.40177 2.36834 2.19576 2.19528 2.20026 2.22470 2.17242 2.15169 2.16342 2.16043 2.17172 2.22612 2.20955 2.18202 2.18097 2.15889 2.13705 2.16458 2.19766 2.21568 2.22219 2.19798 2.16167 2.19372 2.15551 2.19764 2.20836 2.25219 2.14939 2.26837 2.39591 2.37657 2.31673 2.21895 2.13655 2.00008 1.96826 2.13159 2.04541 2.04655
2.81883 2.50698 2.49643 2.68350 2.85336 2.98418 3.16911 3.32107 3.42550 3.54480 3.59126 3.61051 3.41387 2.88779 2.72765 2.72697 2.86802 2.86757 2.16663 2.27093 1.61610 1.61610 1.93932 2.42415 2.04106 1.94906 2.11186 2.29364 2.37036 2.26623 2.26502 2.28708 2.27831 2.24095 2.16175 2.13308 2.11521 2.06241 2.06134 2.11374 2.12877 2.17375 2.21159 2.19903 2.18798 2.15431 2.14437 2.13122 2.11668 2.11159 2.14499 2.10287 2.11334 2.09253 2.14244 2.08079 2.08911 2.29302 2.27738 2.22722 2.12646 2.04401 2.02442 2.01597 2.21385 2.25145 2.31007
2.95009 2.70553 2.83291 3.08325 3.31712 3.59642 3.60269 3.58924 3.61533 3.61533 3.61533 3.63787 3.59037 3.03308 2.99521 2.89818 3.06505 3.06338 3.06328 2.40553 2.07134 2.07784 2.42415 2.90891 1.85595 1.80482 2.02054 2.30344 2.27808 2.27344 2.23844 2.20396 2.15192 2.10658 2.03537 2.06225 2.09380 2.09201 2.11519 2.15712 2.13414 2.13100 2.15468 2.12661 2.13998 2.14883 2.13794 2.12309 2.10794 2.08520 2.09168 2.06845 2.07375 2.02803 2.00152 1.95800 1.84585 2.01330 2.12656 2.12932 2.08669 2.02806 2.05328 2.10615 2.18355 2.24089 2.25525
2.90586 2.96384 3.03167 3.08682 3.26747 3.39774 3.40911 3.39743 3.43487 3.43266 3.43046 3.42825 3.38353 2.95171 2.64087 2.49049 2.70528 2.85871 2.85871 1.90936 1.79398 1.93648 2.41888 3.22297 1.88226 1.83325 1.81623 2.15428 2.27922 2.23460 2.04757 2.01256 2.01406 2.04125 2.03142 2.06344 2.07009 2.04528 2.03790 2.06753 2.08073 2.08068 2.11025 2.08471 2.08134 2.09009 2.08770 2.08652 2.07558 2.03191 1.99419 1.93338 1.88322 1.87190 1.88021 1.94537 1.85963 1.93379 2.14821 2.15354 2.16148 2.06326 2.05156 2.07718 2.10153 2.25226 2.27638
2.99262 3.01828 3.14409 3.17081 3.38543 3.37396 3.45114 3.44268 3.46263 3.46263 3.42632 3.42632 3.38340 3.20699 2.78787 2.64609 2.85781 3.06146 3.06070 2.28752 2.97068 2.41676 3.22235 3.22235 1.70412 1.70412 1.70412 1.99218 2.21254 2.30360 2.08510 2.02698 2.01761 2.02682 1.99412 2.01394 2.02389 2.02314 2.01962 2.04048 2.08185 2.07401 2.06646 2.05062 2.04991 2.04972 1.98910 1.93672 1.89458 1.88288 1.89684 1.89915 1.90979 1.91159 1.91584 1.97566 1.98845 1.95719 2.10843 2.17671 2.17402 2.15041 2.09679 2.14015 2.18245 2.29444 2.39803
3.02985 3.06788 3.14276 3.19806 3.31378 3.37408 3.48947 3.48854 3.49559 3.49375 3.46261 3.46201 3.42502 3.32781 3.13078 2.85274 2.98497 3.17835 3.17835 3.09805 3.07198 2.81934 3.49988 3.32258 1.70412 1.70412 1.70412 1.75403 2.11733 2.26977 2.16046 1.98209 1.97308 1.99184 1.97658 1.98144 2.00693 2.00334 2.00301 2.01662 2.05393 2.03961 1.99876 1.93627 1.90121 1.86466 1.86435 1.88900 1.90122 1.91059 1.93174 1.93542 1.93961 1.94815 1.95865 1.97473 1.94939 1.90272 1.97032 2.13585 2.15165 2.16795 2.10107 2.12035 2.18591 2.19428 2.30091
3.00759 3.09138 3.12580 3.23194 3.26734 3.39140 3.48411 3.51393 3.53441 3.52042 3.48302 3.42707 3.33037 3.02993 3.03365 2.93905 2.98103 3.19464 3.26998 3.32828 2.71114 2.53581 2.86091 2.86091 1.76955 1.76955 1.78782 1.80349 2.00713 2.19988 2.27403 2.01505 1.96385 1.97787 1.96796 1.96277 2.00943 2.01445 2.00730 1.96984 1.93029 1.88642 1.88847 1.89780 1.90899 1.92093 1.92918 1.93529 1.92908 1.93841 1.96712 1.95707 1.94278 1.92018 1.91283 1.95041 2.06140 2.08381 2.12514 2.15161 2.16145 2.18134 2.14827 2.10579 2.20988 2.22803 2.21811
3.03195 3.12711 3.13957 3.22470 3.25175 3.38590 3.41443 3.46998 3.42154 3.28148 2.92449 2.81203 2.80007 2.82382 3.14287 3.32783 3.47379 3.44490 3.37508 3.47106 3.34616 1.98317 2.28596 2.28873 1.74679 1.73868 1.75255 1.76430 1.78911 2.11195 2.26407 2.13260 1.98674 2.00422 1.99340 1.95254 1.92184 1.89180 1.86827 1.88495 1.91227 1.94152 1.97122 1.95042 1.95153 1.94976 1.94341 1.94482 1.92471 1.92372 1.94870 1.97468 2.03755 2.10792 2.16156 2.16899 2.19935 2.19347 2.15057 2.18305 2.21451 2.25185 2.24474 2.14136 2.20536 2.28435 2.27304
3.10294 3.19501 3.26077 3.29595 3.35209 3.36016 3.31107 3.10678 3.29201 3.35879 3.36943 3.51776 3.63661 3.68643 3.54410 3.53767 3.53274 3.30868 3.29368 3.46484 3.34925 1.98842 2.20078 2.28873 1.73397 1.73300 1.76552 1.79475 1.80200 2.03935 2.20841 2.22021 1.93074 1.86096 1.81931 1.82325 1.84280 1.92966 1.93599 1.92857 1.93418 1.93873 1.94788 1.89431 1.88495 1.86961 1.86034 1.93768 2.00810 2.09099 2.20319 2.18422 2.18422 2.18425 2.19566 2.21592 2.25088 2.29843 2.28069 2.29933 2.31138 2.33374 2.33865 2.26869 2.34758 2.47021 2.40419
3.05521 3.04739 3.10310 3.10159 3.22801 3.21466 3.48664 3.64475 3.63372 3.53592 3.52594 3.47586 3.47586 3.55031 3.43637 3.43780 3.52997 3.43444 3.38044 3.57944 3.53438 2.34885 2.43076 2.54303 1.70281 1.71238 1.72996 1.71140 1.67229 1.73371 1.85122 2.06577 1.92996 1.83112 1.79991 1.77329 1.75225 1.84343 1.84499 1.82847 1.81752 1.83494 1.88432 1.90356 1.96040 1.99940 2.06065 2.12471 2.11509 2.12443 2.20491 2.18660 2.20500 2.22335 2.23140 2.23272 2.24217 2.30064 2.29885 2.27380 2.29485 2.31745 2.31831 2.27675 2.18959 2.25432 2.15466
2.91996 3.05516 3.20020 3.23377 3.20100 3.12618 3.42647 3.65980 3.73351 3.72001 3.69826 3.66933 3.69026 3.75001 3.63328 3.65754 3.77743 3.71384 3.62900 3.88178 3.82274 3.82274 2.15236 2.22866 1.77039 1.75336 1.74132 1.72123 1.74047 1.77685 1.80985 1.91822 1.96165 1.77760 1.75513 1.76717 1.78270 1.77297 1.83599 1.86625 1.91839 1.96388 2.05067 2.04135 2.07787 2.07166 2.11527 2.19329 2.20094 2.21596 2.21799 2.17543 2.18428 2.19788 2.21160 2.22389 2.22488 2.26474 2.28693 2.23608 2.20409 2.24777 2.24476 2.23472 2.13912 2.14493 2.08616
2.78465 3.09695 3.17117 3.23078 3.17231 3.03492 3.13944 3.39521 3.78154 3.80363 3.80443 3.71483 3.71483 3.71483 3.51678 3.51678 3.64426 3.53773 3.46291 3.66517 3.59259 3.50521 2.35974 2.32492 1.76169 1.76801 1.75742 1.74001 1.73949 1.79712 1.83233 1.93367 2.01361 1.89215 1.81186 1.83759 1.88386 1.91424 2.00271 2.03119 2.04587 2.04936 2.12040 2.11360 2.23690 2.21039 2.24282 2.31827 2.32242 2.33267 2.34407 2.31237 2.32054 2.32467 2.32503 2.30704 2.26628 2.27787 2.30683 2.32777 2.32727 2.35155 2.35564 2.32778 2.28864 2.17137 2.14563
2.55133 2.80537 2.87376 3.03164 3.05906 3.01709 3.08962 3.24853 3.81752 3.85382 3.85305 3.74265 3.74265 3.74265 3.58225 3.54399 3.59175 3.43718 3.35759 3.46468 3.46468 3.46468 3.46468 2.07100 1.77654 1.80840 1.83466 1.84114 1.86141 1.87748 1.86177 1.93190 1.99065 1.96841 1.93847 1.97074 1.97406 1.99057 1.99616 2.04985 2.09218 2.07221 2.08622 2.03697 2.16730 2.16137 2.18509 2.27330 2.27552 2.28110 2.27361 2.25188 2.22621 2.21396 2.21222 2.23286 2.23078 2.26501 2.30054 2.34154 2.30380 2.31929 2.28092 2.16734 2.11601 1.92683 1.93350
2.37408 2.53653 2.78410 3.03479 3.10249 3.11963 3.21801 3.20562 3.53846 3.82835 3.84025 3.65285 3.60823 3.56003 3.38548 3.38541 3.46461 3.35749 3.34080 3.46468 3.47066 3.57148 3.74752 2.10530 1.88341 1.88341 1.88789 1.86834 1.87320 1.88618 1.86998 1.89208 1.98425 2.06919 2.02403 2.08135 2.09944 2.08408 2.07259 2.13721 2.16459 2.15680 2.16750 2.10591 2.24968 2.20912 2.22001 2.27219 2.20238 2.19581 2.20855 2.23580 2.26814 2.27708 2.27659 2.27659 2.24675 2.27496 2.28840 2.31779 2.28672 2.29425 2.19427 2.05848 2.05066 2.00187 1.89055
2.42934 2.46561 2.99717 3.16881 3.24997 3.25656 3.36941 3.30097 3.33170 3.76804 3.81102 3.65533 3.58330 3.57985 3.43858 3.41833 3.62198 3.65378 3.79114 4.18000 4.33877 4.37931 4.37931 1.82033 1.87819 1.87819 1.88341 1.86364 1.88984 1.94212 1.95416 1.98434 2.07514 2.15749 2.12991 2.13527 2.15156 2.16888 2.16719 2.20541 2.24892 2.23157 2.19519 2.13359 2.21961 2.20307 2.28596 2.34763 2.33150 2.34144 2.34144 2.34141 2.33952 2.33669 2.34208 2.35161 2.32602 2.37189 2.37402 2.37061 2.31009 2.33363 2.33763 2.07304 2.07018 2.07412 1.85049
2.65618 2.66716 2.99069 3.35238 3.39936 3.46371 3.64783 3.42075 3.31737 3.65765 3.76884 3.73850 3.74261 3.88642 3.89109 4.01945 4.28344 4.06041 4.05539 4.37931 4.37931 4.37931 4.37931 4.37921 1.89007 1.92017 1.98685 1.98953 1.99533 2.03982 2.03737 2.05322 2.09197 2.18314 2.20761 2.14062 2.16753 2.15803 2.13304 2.09739 2.11069 2.07984 2.07790 2.13119 2.24993 2.30818 2.38183 2.40114 2.35391 2.35075 2.35533 2.36508 2.37681 2.38952 2.39378 2.43323 2.36075 2.39735 2.40729 2.41904 2.36308 2.40031 2.37715 2.13632 2.08705 2.09151 1.94260
2.65816 2.68730 2.78427 3.28719 3.26340 3.32208 3.58419 3.40470 3.43407 3.70374 4.46539 4.27869 4.34513 4.29874 4.11294 4.11294 4.40356 4.17965 4.17964 4.57147 4.55889 4.54632 4.53372 4.52125 2.02093 2.03321 2.08230 2.07324 2.08151 2.11984 2.09830 2.08073 2.06566 2.08643 2.12172 2.05035 2.01672 2.04763 2.09269 2.06229 2.11647 2.10986 2.08828 2.12359 2.22654 2.24667 2.29885 2.35725 2.30159 2.31262 2.31703 2.31703 2.31742 2.32394 2.33258 2.38740 2.30044 2.33356 2.33315 2.36026 2.26904 2.25699 2.19330 2.09451 2.02390 2.06148 2.00396
2.49695 2.51507 2.62066 3.36705 3.50948 3.66859 3.85866 3.68266 3.65935 3.80204 4.89083 4.66206 4.89948 4.75173 4.57424 4.56706 5.02186 4.82197 4.81192 4.80729 4.80729 4.80729 4.80729 4.80729 2.07957 2.10403 2.12675 2.10246 2.06747 2.05413 1.98970 1.94489 1.91242 1.95214 2.05807 2.09192 2.12163 2.17869 2.15300 2.10876 2.10048 2.10806 2.09230 2.14146 2.25195 2.27314 2.32427 2.32291 2.24454 2.24935 2.25654 2.26374 2.27061 2.24609 2.26942 2.31451 2.21238 2.23140 2.22524 2.30334 2.22070 2.20930 2.12574 2.06653 1.99470 2.01340 1.97785
2.71782 2.76908 2.89134 3.45420 3.79882 3.77135 3.95977 3.79883 3.74291 3.67967 4.45469 4.27668 4.63764 4.30859 3.97069 3.97068 4.51637 4.51637 4.51637 4.51637 4.51637 4.51637 4.51637 4.51637 1.90305 1.98481 1.98520 1.90290 1.87411 1.91650 1.91118 1.90674 1.90414 1.90320 2.02590 2.08070 2.11452 2.18293 2.16589 2.12994 2.15801 2.23250 2.21287 2.26744 2.35809 2.39466 2.44806 2.46775 2.39896 2.37980 2.37438 2.36730 2.36071 2.31685 2.35018 2.39815 2.33409 2.36474 2.35767 2.40692 2.29962 2.22116 2.13904 2.08936 2.08943 2.01605 1.96264
3.07672 3.08129 3.20009 3.43664 3.97013 4.00213 4.16449 4.05754 3.98475 3.87200 4.16524 4.44446 4.77701 4.46373 4.12659 4.12659 4.51637 4.51637 4.51637 4.51637 4.51637 4.51637 4.51637 4.80729 1.59154 1.80832 1.86833 1.81515 1.81427 1.86099 1.86158 1.86237 1.86265 1.86265 1.91392 2.01880 2.04832 2.14352 2.15926 2.11341 2.12098 2.12866 2.12791 2.18663 2.28374 2.28900 2.31308 2.34523 2.33253 2.29395 2.29084 2.28733 2.28329 2.24418 2.27394 2.32570 2.23180 2.21407 2.16909 2.20769 2.12148 2.08997 2.06104 2.04982 2.14525 2.19013 2.30192
2.99224 3.00238 3.11885 3.34657 3.58758 3.90633 4.03401 4.05016 4.03110 3.85991 3.92270 4.43756 4.77701 4.63025 4.12659 4.12659 4.51637 4.51637 4.51637 4.51637 4.51637 4.51637 4.51637 4.80729 1.56742 1.78049 1.91268 1.86399 1.86265 1.90577 1.90436 1.89506 1.88641 1.87939 1.87318 1.99730 2.05319 2.12792 2.21373 2.17371 2.18678 2.17138 2.11003 2.15354 2.23316 2.17186 2.23601 2.29877 2.29449 2.26601 2.25214 2.24634 2.21542 2.12762 2.10858 2.13342 2.05886 2.11407 2.12021 2.22017 2.15020 2.07256 1.94936 2.06631 2.38352 2.45972 2.44710
3.01536 3.01905 3.12837 3.35066 3.28010 3.93531 4.00220 4.02600 4.04389 3.90076 3.85841 4.33878 4.90967 4.88579 4.36689 4.35714 4.72417 4.72417 4.72417 4.85293 5.13023 5.40389 5.67255 6.43726 1.54515 1.63696 1.91593 1.85692 1.84747 1.88300 1.87732 1.88124 1.89007 1.89890 1.94280 2.00591 2.10152 2.14204 2.21853 2.18135 2.18629 2.17174 2.14924 2.25411 2.41495 2.37747 2.41643 2.41525 2.38912 2.32322 2.24503 2.20711 2.18757 2.15989 2.22307 2.30744 2.26565 2.28797 2.26324 2.29646 2.12651 2.07497 1.91109 1.87766 2.37422 2.54986 2.56184
3.28924 3.04577 3.17526 3.42034 3.17051 3.72679 3.95698 3.95000 3.97271 3.87961 3.79439 4.02105 4.90881 4.91319 4.62344 4.71550 5.39160 5.66422 5.93104 6.06279 6.05558 6.05558 6.05558 6.58432 1.61323 1.65198 1.84469 1.84169 1.84938 1.90171 1.91054 1.91468 1.90815 1.88254 1.89701 1.87389 1.97952 2.05545 2.08768 2.10795 2.13569 2.17424 2.14248 2.23772 2.39045 2.33154 2.29494 2.27775 2.26743 2.29025 2.27589 2.29645 2.36587 2.28209 2.27744 2.26694 2.17330 2.15912 2.15910 2.18797 2.08234 2.11624 1.99932 1.92147 2.20337 2.60336 2.62194
3.09156 2.87424 2.95269 3.13994 2.92528 3.21258 3.65237 3.57408 3.47756 3.56902 3.59689 3.77062 5.35041 5.70057 5.44833 5.10314 5.57518 5.57553 5.57553 5.57553 5.57553 5.57553 5.58621 6.12594 1.68175 1.68360 1.78329 1.86861 1.85319 1.82633 1.79949 1.77237 1.74413 1.74263 1.79684 1.80273 1.82204 2.01577 2.04398 2.10990 2.14034 2.14452 2.03680 2.01562 2.12810 2.16844 2.19942 2.24588 2.27209 2.26409 2.21086 2.15219 2.14692 2.06626 2.08981 2.12082 2.09861 2.11479 2.13096 2.14713 2.07353 2.11880 2.11253 1.93628 1.96939 2.54584 2.61017
3.02237 2.83458 2.92302 2.92302 2.68142 2.74298 3.78580 4.16908 4.17503 4.30818 4.33732 4.39311 5.86880 6.80531 6.47346 6.15560 6.11401 6.11924 6.13968 6.16106 6.18247 6.20382 6.21885 6.92150 1.64088 1.64907 1.64957 1.73724 1.74058 1.74539 1.75230 1.76408 1.79788 1.82734 1.90151 1.96752 1.95770 2.06388 1.99344 1.96499 1.98306 2.00091 1.95599 2.09844 2.11107 2.13562 2.11019 2.09298 2.07826 2.05817 2.03428 2.02637 2.07503 2.02885 2.06051 2.11077 2.10958 2.10081 2.09846 2.09537 2.00640 2.04413 2.08074 1.85273 1.82768 2.19127 2.40472
