results/OMI_NO2_2008_06-08.asc
ncols      200
nrows      200
xllcorner       120.258
yllcorner       41.1236
cellsize     0.0166667
NODATA_Value      -999.000
[rows 0 to 28 of 165, columns 0 to 66 of 200]
1.36650 1.39759 1.37825 1.32877 1.27946 1.21084 1.17747 1.15521 1.17670 1.25450 1.27418 1.27418 1.26947 1.23342 1.23621 1.20328 1.23014 1.19980 1.20128 1.27821 1.26083 1.26898 1.27118 1.17791 1.16056 1.09126 1.08075 1.22668 1.32185 1.26053 1.12947 1.04406 1.05371 1.09228 1.09154 1.11726 1.21342 1.26730 1.34149 1.34167 1.41719 1.45699 1.55801 1.61734 1.66353 1.63441 1.63957 1.63036 1.68147 1.62621 1.62397 1.73103 1.77610 1.83305 1.91324 1.97133 2.05234 2.14722 2.14692 1.96536 1.92333 1.84288 1.78984 1.75733 1.78604 1.78152 1.84992
1.04703 1.09524 1.09912 1.11343 1.11283 1.09741 1.10314 1.11784 1.12367 1.24214 1.27339 1.28193 1.28159 1.22937 1.14821 1.13295 1.16340 1.15994 1.16863 1.21198 1.18599 1.23142 1.22515 1.10996 1.09444 1.04369 1.01988 1.00366 0.983670 0.956575 0.949620 0.959170 1.00937 1.09284 1.11694 1.17074 1.29108 1.30202 1.34093 1.34187 1.38363 1.41290 1.49002 1.58209 1.60883 1.60008 1.64475 1.65598 1.72551 1.74535 1.76022 1.85639 1.88704 1.89291 1.96071 1.98112 1.99663 2.01880 2.02992 1.92669 1.85454 1.80495 1.73117 1.70071 1.70495 1.64516 1.68839
1.00329 1.04092 1.08648 1.09403 1.09058 1.09047 1.09327 1.09824 1.10208 1.15875 1.19859 1.22170 1.23331 1.20968 1.15145 1.13427 1.09146 1.09762 1.11698 1.16387 1.16219 1.18036 1.16283 1.05820 1.01966 1.00576 1.00190 1.00194 0.996691 0.993040 1.00132 1.01560 1.04023 1.10920 1.16451 1.15817 1.25458 1.24794 1.27014 1.28478 1.27854 1.30854 1.37609 1.50936 1.57933 1.60473 1.66659 1.70045 1.74965 1.80389 1.81298 1.85422 1.84785 1.83470 1.87431 1.91761 1.93812 1.98958 1.96456 1.88483 1.80077 1.74494 1.72084 1.72034 1.75705 1.71908 1.72904
0.959960 0.967637 1.02909 1.04087 1.03905 1.03301 1.04333 1.06459 1.09648 1.13600 1.19790 1.22495 1.22183 1.20921 1.16141 1.14676 1.11432 1.12839 1.13791 1.12608 1.09162 1.08669 1.08391 1.03108 0.995399 0.998171 1.00612 0.999657 1.03156 1.03440 1.04268 1.04068 1.03135 1.05540 1.10667 1.10683 1.15949 1.20552 1.21522 1.27055 1.27280 1.34116 1.39722 1.53290 1.60817 1.62689 1.66460 1.68187 1.68919 1.67984 1.69087 1.72892 1.73266 1.75117 1.80737 1.82789 1.84482 1.92422 1.93597 1.92291 1.85475 1.79981 1.77003 1.75501 1.78627 1.78828 1.78660
0.970138 0.977576 1.00073 1.05811 1.10039 1.12974 1.16354 1.17651 1.18994 1.19653 1.23159 1.24004 1.20525 1.17391 1.10978 1.06527 1.04053 1.03610 1.07053 1.09168 1.09583 1.10626 1.12145 1.08429 1.04566 1.00947 0.989170 0.969255 0.995256 0.978170 0.974219 0.983216 0.977476 0.979709 1.03728 1.10608 1.15199 1.24007 1.27232 1.31244 1.31581 1.33897 1.36808 1.48621 1.56493 1.58100 1.57383 1.62304 1.66387 1.65674 1.70317 1.74660 1.75473 1.75951 1.73998 1.72073 1.73105 1.77543 1.87865 1.89433 1.86444 1.84245 1.80883 1.78452 1.79971 1.81023 1.76925
0.970138 0.980433 1.00976 1.09939 1.14050 1.18020 1.17481 1.16220 1.15992 1.15568 1.13978 1.12606 1.10545 1.10402 1.09542 1.07212 1.08144 1.08648 1.11448 1.12427 1.11102 1.10146 1.10869 1.05690 1.00581 0.981403 0.979462 1.03075 1.05230 1.02802 1.03242 1.09305 1.14298 1.18300 1.23737 1.31095 1.30510 1.35781 1.38959 1.37651 1.38573 1.34653 1.35982 1.43947 1.53644 1.57935 1.57868 1.62599 1.65512 1.62063 1.63927 1.66256 1.64940 1.64263 1.59211 1.57050 1.60512 1.63885 1.73821 1.77557 1.75275 1.75987 1.72270 1.72360 1.73272 1.74478 1.71914
0.980837 0.990820 0.979345 1.06807 1.08914 1.14835 1.12944 1.10964 1.10835 1.12757 1.14668 1.17886 1.16213 1.14933 1.15342 1.10780 1.11897 1.10322 1.11732 1.15884 1.16658 1.16965 1.18567 1.17254 1.10355 1.09256 1.08967 1.09904 1.10913 1.13839 1.21861 1.22761 1.24539 1.24838 1.26443 1.33315 1.34657 1.36440 1.38771 1.36367 1.35283 1.31943 1.32370 1.36239 1.44338 1.48221 1.47373 1.47226 1.50117 1.49307 1.49943 1.52105 1.51128 1.50773 1.48065 1.44784 1.49272 1.53013 1.62002 1.70179 1.68120 1.70603 1.67550 1.68283 1.69236 1.69382 1.69188
0.964905 0.968524 0.946627 0.993189 1.07131 1.15908 1.21321 1.22668 1.25325 1.27721 1.34181 1.36077 1.32437 1.29962 1.33139 1.31306 1.34076 1.33429 1.38725 1.38172 1.37691 1.34465 1.32741 1.32193 1.23751 1.20738 1.17709 1.14043 1.12132 1.10862 1.19668 1.23114 1.29234 1.33151 1.38026 1.42376 1.35477 1.35029 1.38990 1.36831 1.33014 1.31137 1.26762 1.28458 1.37640 1.41061 1.40933 1.40392 1.45016 1.45384 1.47050 1.52478 1.54526 1.56545 1.53136 1.45065 1.45872 1.47671 1.51685 1.65189 1.64522 1.66754 1.66313 1.65534 1.66353 1.66036 1.67166
1.16465 1.19186 1.27244 1.33159 1.39351 1.46308 1.51560 1.48097 1.45000 1.43158 1.46082 1.47033 1.45081 1.38674 1.40038 1.38682 1.39587 1.37931 1.39946 1.41423 1.40892 1.38820 1.37101 1.36026 1.29414 1.19637 1.14993 1.16128 1.14015 1.14177 1.23930 1.33687 1.38391 1.40746 1.41322 1.43637 1.37915 1.35617 1.36469 1.35516 1.32956 1.29337 1.26381 1.26639 1.32348 1.39026 1.39972 1.43059 1.50902 1.54058 1.53779 1.56643 1.57537 1.57194 1.54651 1.46231 1.46417 1.47913 1.47150 1.59011 1.60625 1.60385 1.62149 1.58431 1.57080 1.56185 1.57115
1.25625 1.26694 1.31638 1.34146 1.36351 1.41952 1.47612 1.46904 1.44451 1.42161 1.41373 1.42713 1.43331 1.35795 1.37428 1.37562 1.40431 1.39330 1.38407 1.41567 1.38721 1.37726 1.36107 1.36435 1.38906 1.32076 1.31381 1.35622 1.29274 1.29211 1.28830 1.38517 1.40980 1.42730 1.41266 1.43679 1.40100 1.36439 1.36491 1.37338 1.34230 1.26901 1.25707 1.26282 1.30222 1.41300 1.44059 1.46080 1.51426 1.53591 1.47981 1.50212 1.52738 1.51975 1.50573 1.42998 1.42156 1.41480 1.41135 1.47341 1.56685 1.55132 1.57514 1.57658 1.59322 1.59665 1.59345
1.22114 1.21086 1.24315 1.26804 1.28472 1.36799 1.42039 1.43687 1.44194 1.40958 1.39656 1.42312 1.43944 1.40006 1.37764 1.36710 1.39194 1.37367 1.34897 1.41965 1.42563 1.44692 1.45669 1.47092 1.50011 1.46179 1.41797 1.42234 1.34644 1.31078 1.27251 1.32223 1.39173 1.40340 1.38997 1.42669 1.40183 1.39515 1.38451 1.39200 1.40507 1.35072 1.31284 1.33888 1.35012 1.42056 1.44793 1.46235 1.49251 1.50515 1.44474 1.43503 1.47999 1.48182 1.46536 1.39637 1.36797 1.34870 1.37626 1.37873 1.56340 1.59871 1.57957 1.61899 1.61100 1.63752 1.64380
1.17967 1.18756 1.22817 1.26280 1.26839 1.34575 1.40528 1.44819 1.46289 1.42222 1.41381 1.38368 1.38952 1.37811 1.34401 1.34508 1.42132 1.43045 1.43248 1.49291 1.51722 1.50853 1.47976 1.46662 1.45677 1.44894 1.35879 1.34341 1.31670 1.29784 1.27869 1.28464 1.40742 1.42100 1.41726 1.45658 1.42197 1.44619 1.41049 1.38786 1.43096 1.38522 1.32376 1.33721 1.35413 1.39327 1.44145 1.46674 1.48830 1.51413 1.48744 1.44932 1.50728 1.50897 1.53019 1.50478 1.46265 1.45888 1.48081 1.47981 1.63028 1.68424 1.64972 1.68476 1.67882 1.72342 1.73498
1.19039 1.22705 1.26124 1.26536 1.28057 1.33594 1.38801 1.42309 1.43144 1.42428 1.41329 1.39369 1.42528 1.45929 1.46620 1.44371 1.48511 1.46952 1.43356 1.43148 1.45933 1.42311 1.40455 1.41390 1.43143 1.43803 1.36751 1.34333 1.34495 1.32628 1.27392 1.28093 1.37658 1.42252 1.41982 1.46254 1.42742 1.44905 1.42601 1.39965 1.45962 1.44469 1.37741 1.36156 1.38267 1.41081 1.47174 1.51538 1.53121 1.60121 1.60163 1.57216 1.63644 1.64348 1.64881 1.66541 1.61205 1.60906 1.59797 1.57970 1.64753 1.72426 1.72195 1.73806 1.75668 1.77801 1.79009
1.08316 1.16884 1.20667 1.20177 1.22251 1.22549 1.28748 1.35096 1.36812 1.39398 1.37710 1.39527 1.40153 1.42052 1.43490 1.36929 1.38264 1.36033 1.33350 1.33087 1.36724 1.36607 1.34979 1.37286 1.38035 1.37911 1.30278 1.27381 1.29934 1.31135 1.25821 1.28368 1.32608 1.36838 1.35316 1.40226 1.39256 1.42613 1.41750 1.38203 1.42515 1.43558 1.39235 1.35130 1.39121 1.42282 1.46407 1.50080 1.50864 1.55737 1.56496 1.61233 1.66747 1.66598 1.64173 1.65692 1.63854 1.64133 1.62725 1.62711 1.65008 1.77782 1.78723 1.78296 1.82490 1.82683 1.83020
1.06579 1.18600 1.23063 1.22365 1.28782 1.30018 1.33157 1.37399 1.41363 1.45040 1.47821 1.49135 1.44746 1.42316 1.44673 1.40570 1.40939 1.38454 1.36540 1.31422 1.31938 1.33303 1.31440 1.32579 1.33212 1.34357 1.31816 1.28908 1.32918 1.37758 1.31758 1.33646 1.35103 1.36968 1.35065 1.39780 1.37877 1.39583 1.40466 1.40313 1.40633 1.39530 1.37884 1.31767 1.33306 1.34396 1.37835 1.42513 1.45764 1.51530 1.54167 1.57248 1.64504 1.67627 1.64851 1.64396 1.65664 1.63509 1.60997 1.63322 1.64743 1.75913 1.80949 1.79357 1.81838 1.84516 1.83555
1.13811 1.29130 1.31659 1.30820 1.33968 1.37022 1.38857 1.44832 1.50383 1.50848 1.57983 1.59687 1.57043 1.49386 1.47230 1.43485 1.39890 1.36563 1.34748 1.31123 1.31414 1.32221 1.30434 1.30076 1.31928 1.32148 1.30770 1.27957 1.28257 1.34692 1.29745 1.32235 1.32332 1.31367 1.32445 1.38132 1.39779 1.40295 1.39784 1.39228 1.36311 1.35837 1.36906 1.33244 1.34358 1.35609 1.39285 1.44202 1.49724 1.52448 1.53714 1.55562 1.62168 1.66061 1.62992 1.59716 1.59485 1.57364 1.55230 1.62759 1.65354 1.70025 1.81047 1.80792 1.80466 1.79428 1.81323
1.21116 1.36616 1.44119 1.44451 1.46599 1.49975 1.49782 1.53469 1.59395 1.61006 1.63326 1.63238 1.61001 1.54946 1.50896 1.48329 1.43785 1.40665 1.41191 1.39358 1.37390 1.39913 1.37433 1.36306 1.37750 1.37224 1.36501 1.34804 1.31282 1.36793 1.34553 1.37527 1.35581 1.32806 1.35494 1.39055 1.41902 1.42273 1.42770 1.42851 1.41547 1.38765 1.41349 1.40797 1.40833 1.43466 1.47134 1.47655 1.51694 1.51236 1.48671 1.46972 1.49493 1.55857 1.56821 1.53603 1.54342 1.54442 1.52133 1.55950 1.63450 1.65042 1.86755 1.89842 1.89491 1.86960 1.89078
1.22561 1.36947 1.52723 1.52848 1.53464 1.57197 1.57854 1.58086 1.63112 1.63685 1.63084 1.61358 1.60505 1.56123 1.51805 1.49279 1.47641 1.43558 1.43979 1.42862 1.37667 1.41763 1.37898 1.38674 1.41165 1.40081 1.41770 1.36691 1.32681 1.37393 1.38255 1.41222 1.40872 1.36922 1.39186 1.43206 1.45529 1.47631 1.48779 1.50332 1.51839 1.48532 1.48982 1.47667 1.43844 1.42941 1.40410 1.37835 1.37021 1.37024 1.37783 1.37041 1.40158 1.52918 1.56059 1.54393 1.55404 1.59960 1.60475 1.64285 1.74753 1.75739 1.87423 1.91114 1.88675 1.83406 1.83966
1.31658 1.35476 1.55533 1.54796 1.53661 1.55853 1.56147 1.55597 1.58834 1.60857 1.62610 1.61682 1.61834 1.58088 1.54220 1.50131 1.50293 1.44640 1.44803 1.46189 1.39265 1.42605 1.36753 1.37558 1.40566 1.40894 1.44876 1.40508 1.39482 1.41157 1.42309 1.47081 1.48123 1.46580 1.45261 1.50434 1.51671 1.51663 1.50857 1.50592 1.49283 1.46123 1.43495 1.41769 1.36681 1.35896 1.34898 1.36035 1.34857 1.36866 1.38172 1.38355 1.39187 1.53426 1.59479 1.59377 1.64035 1.69184 1.66232 1.64996 1.68195 1.72631 1.75282 1.77504 1.74237 1.72249 1.73981
1.34543 1.32491 1.54893 1.55978 1.54792 1.55531 1.56150 1.54975 1.55214 1.60077 1.62090 1.60655 1.64390 1.60699 1.56757 1.48883 1.47667 1.47637 1.45819 1.43307 1.36768 1.41368 1.38665 1.40225 1.44837 1.44692 1.48060 1.42041 1.43966 1.48658 1.51646 1.54838 1.54762 1.53229 1.45448 1.44330 1.45977 1.46316 1.44526 1.43247 1.41467 1.39433 1.34929 1.34551 1.32009 1.28589 1.25417 1.26168 1.24930 1.28215 1.29371 1.30033 1.30506 1.38667 1.47526 1.45688 1.46364 1.51474 1.53516 1.54765 1.56378 1.69586 1.72529 1.76382 1.78636 1.80322 1.78618
1.30878 1.30634 1.45460 1.51327 1.50736 1.49451 1.50696 1.50798 1.50621 1.55676 1.58753 1.57976 1.58375 1.54927 1.49321 1.38500 1.36864 1.39049 1.47864 1.47065 1.43445 1.45492 1.46724 1.45988 1.50024 1.49753 1.53884 1.49410 1.49545 1.54043 1.55709 1.50578 1.52183 1.51249 1.43842 1.38919 1.39148 1.40460 1.41383 1.41775 1.41553 1.41597 1.36925 1.35021 1.34184 1.36355 1.33609 1.33302 1.33576 1.34653 1.35906 1.37087 1.37085 1.37670 1.32726 1.32553 1.34209 1.42282 1.50179 1.58503 1.61726 1.69052 1.73250 1.74891 1.75760 1.75878 1.73897
1.45334 1.42782 1.49734 1.57916 1.57311 1.53073 1.51634 1.50426 1.48112 1.47931 1.51898 1.53447 1.53018 1.50677 1.45295 1.42061 1.41199 1.42693 1.49236 1.49155 1.46891 1.49441 1.52785 1.52353 1.57712 1.58460 1.63042 1.61807 1.57763 1.61638 1.60350 1.54849 1.55504 1.55628 1.51466 1.46232 1.46049 1.47442 1.49412 1.48070 1.46294 1.43757 1.40673 1.44163 1.45234 1.46343 1.46562 1.44904 1.44401 1.37250 1.35314 1.35829 1.36968 1.38888 1.41793 1.42551 1.44530 1.50881 1.56345 1.61078 1.65844 1.66594 1.69344 1.68483 1.70093 1.69460 1.69185
1.45020 1.39861 1.40992 1.52776 1.50247 1.46416 1.42505 1.40512 1.38849 1.37688 1.42195 1.49823 1.53815 1.52515 1.43926 1.41249 1.40606 1.40854 1.47456 1.51669 1.50023 1.53362 1.60454 1.64411 1.67039 1.66716 1.67615 1.64611 1.53959 1.57236 1.58564 1.56605 1.56056 1.57627 1.55751 1.46787 1.41407 1.40435 1.39355 1.37601 1.36135 1.38716 1.39296 1.43400 1.43991 1.41997 1.44318 1.43393 1.44937 1.41710 1.39989 1.42051 1.45363 1.46749 1.51447 1.46325 1.46708 1.49531 1.56395 1.57957 1.65218 1.65354 1.65453 1.65915 1.69320 1.69777 1.69477
1.20078 1.23577 1.23029 1.38434 1.38881 1.39045 1.35163 1.36635 1.38001 1.40115 1.43304 1.48443 1.54275 1.57163 1.50944 1.48311 1.48261 1.46956 1.50775 1.54309 1.53201 1.53502 1.56664 1.60583 1.61277 1.61780 1.63755 1.62328 1.54892 1.54674 1.53800 1.55272 1.48667 1.47997 1.43602 1.35671 1.29028 1.30536 1.32342 1.31594 1.29685 1.28970 1.30135 1.30727 1.34697 1.32338 1.34409 1.43521 1.42756 1.39583 1.36605 1.38853 1.41395 1.45323 1.50598 1.47007 1.47223 1.48027 1.55898 1.58852 1.65288 1.68611 1.68630 1.67815 1.70313 1.71191 1.70324
1.12081 1.32230 1.34716 1.42944 1.46195 1.46870 1.43699 1.42200 1.42352 1.43041 1.44576 1.51892 1.59889 1.69319 1.64078 1.57200 1.56475 1.52054 1.55257 1.54939 1.58430 1.59320 1.58730 1.56786 1.59397 1.62350 1.63880 1.62176 1.55760 1.48826 1.40581 1.47825 1.35157 1.31934 1.32683 1.29214 1.24399 1.23508 1.26306 1.22539 1.19913 1.17618 1.18955 1.17510 1.21046 1.22519 1.23827 1.34008 1.39899 1.40509 1.37150 1.42194 1.43972 1.51430 1.55928 1.55125 1.52530 1.52506 1.55879 1.60390 1.61310 1.66823 1.65286 1.64558 1.66571 1.69961 1.70898
1.22628 1.38814 1.42884 1.45926 1.49380 1.50637 1.49938 1.48600 1.52461 1.54840 1.55374 1.57670 1.60656 1.67483 1.69942 1.59755 1.58034 1.54499 1.58567 1.59477 1.67185 1.67219 1.64723 1.58086 1.59094 1.60158 1.61194 1.59972 1.56146 1.46584 1.41706 1.48800 1.40337 1.34713 1.32975 1.28255 1.21495 1.16095 1.18565 1.17806 1.15844 1.16310 1.19197 1.20886 1.22868 1.27490 1.26149 1.30366 1.41951 1.42433 1.40015 1.45925 1.47035 1.51324 1.56169 1.57675 1.49679 1.47700 1.45446 1.55163 1.54286 1.59452 1.61098 1.63035 1.68754 1.76808 1.83597
1.19930 1.33294 1.47392 1.50972 1.54977 1.55548 1.52839 1.52741 1.55741 1.57451 1.58680 1.60202 1.62966 1.67733 1.74958 1.66645 1.63881 1.62207 1.62885 1.65272 1.63187 1.63868 1.62624 1.56279 1.55786 1.53844 1.56667 1.56693 1.54798 1.50374 1.42184 1.42792 1.34862 1.22855 1.22236 1.22072 1.22599 1.21717 1.21841 1.23758 1.19794 1.18576 1.18788 1.20100 1.19553 1.25151 1.24969 1.27021 1.40392 1.44320 1.41961 1.43903 1.43730 1.43278 1.48435 1.49899 1.42890 1.43417 1.43758 1.54107 1.59762 1.66188 1.73457 1.74756 1.76339 1.81514 1.89717
1.33750 1.35024 1.53812 1.56100 1.59369 1.61214 1.61030 1.62695 1.63936 1.63481 1.64269 1.64124 1.65810 1.68912 1.75944 1.75802 1.71087 1.69134 1.67298 1.66783 1.59935 1.54939 1.53905 1.50531 1.48721 1.46916 1.48839 1.48828 1.46981 1.44199 1.37719 1.39063 1.33575 1.22357 1.23640 1.23392 1.23679 1.23220 1.20708 1.21336 1.18166 1.17295 1.18006 1.20917 1.22694 1.26538 1.30593 1.33238 1.35865 1.42943 1.41720 1.39932 1.43351 1.43875 1.52642 1.56444 1.58515 1.70438 1.67896 1.59731 1.62971 1.64465 1.72748 1.74484 1.73691 1.77281 1.84477
0.948153 1.31535 1.41683 1.46177 1.47695 1.50397 1.52166 1.54202 1.57085 1.59026 1.60872 1.62399 1.63502 1.67265 1.72396 1.80403 1.68891 1.60062 1.58097 1.56671 1.52436 1.48036 1.45500 1.39816 1.37375 1.37944 1.39458 1.42597 1.40591 1.40933 1.39204 1.40382 1.40782 1.38643 1.39506 1.38773 1.34841 1.32838 1.30735 1.30148 1.28846 1.27986 1.28823 1.31602 1.34551 1.34952 1.35879 1.34381 1.34760 1.46717 1.49049 1.47437 1.51618 1.52063 1.57723 1.62720 1.64894 1.82901 1.82722 1.75124 1.66483 1.67266 1.72288 1.75584 1.73291 1.74965 1.83656
