results/OMI_NO2_200708.asc
ncols      200
nrows      200
xllcorner       120.258
yllcorner       41.1236
cellsize     0.0166667
NODATA_Value      -999.000
[rows 87 to 115 of 164, columns 67 to 133 of 200]
1.77445 1.82700 1.86884 1.88717 1.89807 1.88596 1.86588 1.84348 1.82735 1.81159 1.86357 1.83434 1.69577 1.50111 1.72607 1.66378 1.65758 1.64807 1.63829 1.62857 1.61999 1.61023 1.59904 1.58954 1.59053 1.53647 1.51517 1.47612 1.49799 1.51481 1.55138 1.52169 1.46834 1.48361 1.49669 1.47945 1.46637 1.47237 1.47443 1.46778 1.46243 1.46182 1.46105 1.46027 1.45949 1.45746 1.40318 1.35752 1.34159 1.35600 1.40572 1.40650 1.42738 1.47332 1.52011 1.56747 1.63270 1.68160 1.73599 1.75710 1.76931 1.73010 1.74450 1.71646 1.61330 1.64902 1.78383
1.89177 1.86251 1.91288 1.89722 1.89738 1.92151 1.95669 1.93280 1.86851 1.80398 1.78540 1.82555 1.80806 1.63418 1.67597 1.62389 1.59886 1.59879 1.59748 1.59994 1.60457 1.61034 1.60552 1.58807 1.56753 1.50281 1.43413 1.39137 1.39456 1.42746 1.51888 1.53392 1.51383 1.51658 1.52360 1.52040 1.48543 1.48878 1.49290 1.49389 1.48598 1.48855 1.49157 1.49459 1.49759 1.50058 1.47128 1.42009 1.41174 1.46527 1.55034 1.60669 1.63082 1.62894 1.62765 1.62661 1.65278 1.73390 1.82429 1.92460 1.95673 1.96404 1.88474 1.87949 1.82879 1.80011 1.87842
2.05750 1.93383 2.01289 2.03366 1.96380 1.88338 1.79283 1.75779 1.75779 1.75779 1.77433 1.83012 1.82925 1.66196 1.65454 1.67387 1.62936 1.61451 1.60127 1.58416 1.56381 1.54346 1.53503 1.53943 1.55269 1.55428 1.52489 1.51996 1.50075 1.54009 1.59268 1.62131 1.60698 1.59061 1.59625 1.59512 1.55959 1.54071 1.54183 1.54245 1.53442 1.51965 1.50920 1.50062 1.51518 1.55141 1.58773 1.61308 1.60180 1.59763 1.62290 1.66065 1.66465 1.68003 1.71156 1.74302 1.76890 1.85007 1.89203 1.97605 1.94594 1.92415 1.86719 1.84291 1.85019 1.82096 1.88966
2.12078 1.89952 1.78741 1.76192 1.75779 1.75779 1.75779 1.75779 1.75294 1.73753 1.72365 1.77470 1.75925 1.64967 1.64601 1.63492 1.56710 1.56800 1.56893 1.56985 1.57511 1.58873 1.60531 1.62476 1.63532 1.64067 1.58426 1.56873 1.52095 1.54913 1.57589 1.62898 1.62692 1.60110 1.59621 1.58794 1.56323 1.51236 1.50396 1.49703 1.51176 1.54861 1.59528 1.64011 1.66182 1.66182 1.66254 1.66789 1.63196 1.62251 1.63304 1.69624 1.70538 1.70596 1.76235 1.73948 1.71998 1.77303 1.81643 1.96640 1.98402 2.00094 2.01374 1.93847 1.94473 1.90020 1.91881
1.82990 1.77995 1.68998 1.75161 1.74613 1.73009 1.71335 1.69588 1.68348 1.68311 1.68311 1.73887 1.75517 1.71967 1.61071 1.63196 1.58602 1.58898 1.60420 1.62308 1.63767 1.64390 1.64717 1.64717 1.64717 1.64717 1.60174 1.59387 1.55134 1.51237 1.48537 1.59846 1.59194 1.55487 1.54690 1.54973 1.53242 1.54260 1.60726 1.65349 1.67377 1.66532 1.66301 1.66552 1.66868 1.67974 1.69573 1.72259 1.70143 1.63513 1.60998 1.64321 1.66014 1.66435 1.74754 1.78814 1.80025 1.84475 1.88544 2.02105 2.05330 2.05713 2.06834 2.00406 1.97074 1.94103 1.92304
1.82918 1.85441 1.72948 1.70924 1.68311 1.68311 1.68311 1.68311 1.68708 1.70120 1.71637 1.77699 1.83616 1.83501 1.63220 1.67667 1.65922 1.64343 1.64720 1.65351 1.66371 1.67390 1.68410 1.69431 1.70451 1.71471 1.68072 1.64978 1.60349 1.52976 1.43038 1.53882 1.56774 1.53123 1.48865 1.47077 1.46032 1.53308 1.67936 1.68304 1.68743 1.68908 1.69657 1.70814 1.72281 1.71986 1.70213 1.69097 1.68178 1.62958 1.61330 1.65303 1.72546 1.72546 1.75832 1.81675 1.81675 1.84077 1.89641 1.98770 2.05853 2.05853 2.05876 2.05318 1.94055 1.89818 1.83624
1.88673 1.88916 1.78892 1.73511 1.70288 1.71764 1.73352 1.75007 1.76241 1.74930 1.69818 1.66840 1.66061 1.61939 1.76410 1.75822 1.74164 1.70618 1.71630 1.72025 1.72025 1.72025 1.72025 1.72025 1.72025 1.72025 1.69684 1.65428 1.61599 1.55515 1.40417 1.43261 1.49620 1.49374 1.46257 1.46401 1.46663 1.46269 1.66529 1.69359 1.70214 1.69612 1.69634 1.68504 1.66547 1.65568 1.65568 1.65669 1.67970 1.65925 1.61983 1.62061 1.72091 1.72546 1.72914 1.81183 1.81675 1.82417 1.89580 1.93589 1.98519 1.92317 1.86120 1.85084 1.84950 1.84329 1.78995
1.92772 1.94720 1.92041 1.80803 1.77055 1.74293 1.69320 1.64115 1.60776 1.59320 1.61757 1.65329 1.75129 1.77473 1.86472 1.81154 1.78959 1.72233 1.72025 1.72039 1.72641 1.73545 1.74449 1.75243 1.73893 1.70314 1.66173 1.56886 1.52539 1.48901 1.41398 1.37962 1.48867 1.50071 1.47955 1.47407 1.49290 1.48155 1.56368 1.65441 1.63605 1.63412 1.64132 1.65568 1.65568 1.65567 1.65563 1.65557 1.67041 1.67964 1.62212 1.61532 1.68746 1.72502 1.72497 1.76825 1.75832 1.71123 1.70130 1.67257 1.77234 1.77108 1.76870 1.77625 1.77308 1.74378 1.75075
1.90282 1.87431 1.81811 1.64886 1.58186 1.48998 1.49486 1.50465 1.50396 1.51932 1.57536 1.67115 1.96826 2.12206 1.94623 1.84119 1.80571 1.74275 1.72139 1.71719 1.69857 1.65715 1.61586 1.57641 1.55575 1.55814 1.57069 1.53787 1.53676 1.51117 1.50571 1.43177 1.52414 1.54690 1.50712 1.44479 1.42846 1.40081 1.40229 1.60177 1.60535 1.61464 1.61242 1.62772 1.62869 1.62847 1.62847 1.62845 1.63533 1.65824 1.60856 1.57418 1.56223 1.59222 1.54657 1.53455 1.59943 1.59620 1.62362 1.62746 1.64898 1.63361 1.60904 1.59599 1.59806 1.59882 1.63273
1.75663 1.56973 1.54490 1.55632 1.58609 1.55368 1.59437 1.69662 1.79873 1.87879 1.91812 1.91825 2.07835 2.17307 1.76938 1.71968 1.69472 1.64700 1.58975 1.56181 1.55523 1.57030 1.58598 1.60144 1.61685 1.62977 1.63330 1.59789 1.58226 1.63641 1.63983 1.51422 1.53492 1.58396 1.58447 1.52962 1.53235 1.49388 1.43178 1.57207 1.65923 1.67018 1.67873 1.69064 1.70458 1.70256 1.69879 1.67817 1.62948 1.62044 1.54908 1.46871 1.45628 1.55165 1.55402 1.54839 1.61373 1.61021 1.61895 1.62867 1.58315 1.58881 1.60131 1.61604 1.63524 1.61678 1.59789
1.74786 1.61669 1.69548 1.76344 1.83297 1.87406 1.90972 1.91825 1.91825 1.91825 1.91825 1.91825 2.02032 2.17307 1.52363 1.51812 1.53472 1.62299 1.61728 1.63186 1.63506 1.63653 1.63801 1.64038 1.64615 1.64325 1.62150 1.56947 1.50841 1.57838 1.62389 1.56140 1.53088 1.62145 1.62302 1.58256 1.55912 1.52883 1.46305 1.47306 1.65354 1.65173 1.65926 1.63737 1.60604 1.55879 1.51147 1.48105 1.48044 1.51695 1.52918 1.46610 1.44031 1.49819 1.52752 1.51727 1.53466 1.55950 1.58516 1.63003 1.59260 1.56520 1.55298 1.54075 1.53593 1.52312 1.50445
1.72400 1.72234 1.87486 1.95789 1.95789 1.95449 1.91917 1.91825 1.91825 1.91825 1.91825 1.91825 1.96570 2.17307 1.35225 1.48815 1.52897 1.62619 1.65378 1.65208 1.65579 1.65307 1.63036 1.60562 1.57749 1.55804 1.55743 1.54565 1.49719 1.55356 1.61220 1.58743 1.51082 1.57881 1.59744 1.57536 1.52633 1.50847 1.45402 1.41876 1.54689 1.52045 1.48351 1.45917 1.46960 1.47746 1.47009 1.46765 1.45908 1.46192 1.48523 1.42896 1.38449 1.43426 1.51810 1.52826 1.53712 1.55166 1.54595 1.58342 1.55035 1.51689 1.52027 1.52200 1.52864 1.53582 1.52397
1.87605 1.84190 1.83152 1.95899 1.96021 1.96145 1.93435 1.91825 1.91825 1.91825 1.91825 1.91825 1.92265 2.16197 1.27159 1.44882 1.50704 1.58039 1.63997 1.60661 1.57965 1.55856 1.55585 1.54620 1.53542 1.52464 1.51386 1.50241 1.43979 1.45718 1.54933 1.56193 1.50327 1.53818 1.58892 1.59815 1.57083 1.58861 1.56338 1.51045 1.46484 1.40874 1.41035 1.41776 1.41638 1.42223 1.41308 1.41062 1.43941 1.49288 1.59755 1.63679 1.63717 1.65019 1.52734 1.51622 1.51676 1.53571 1.54216 1.58367 1.57734 1.51532 1.52623 1.52623 1.52864 1.53658 1.53209
1.87878 1.87402 1.78127 1.95028 1.96322 1.96322 1.95275 1.91825 1.91825 1.91825 1.91825 1.91825 1.92355 2.16134 1.16980 1.37215 1.35869 1.40458 1.50087 1.51218 1.50140 1.49063 1.48143 1.48030 1.48030 1.48030 1.48030 1.48030 1.43970 1.43025 1.54643 1.56504 1.56226 1.57604 1.63964 1.64734 1.59072 1.54075 1.52888 1.48465 1.47617 1.42685 1.44490 1.48284 1.51942 1.55884 1.60162 1.63991 1.65302 1.65331 1.70028 1.72545 1.67736 1.65690 1.57586 1.51676 1.51676 1.52621 1.54216 1.57457 1.58553 1.51870 1.52699 1.53260 1.53980 1.55798 1.56770
1.88138 1.88138 1.79997 1.88588 1.96656 1.97109 1.97554 1.94484 1.94629 1.98657 2.03646 2.08981 2.14004 2.31284 1.04270 1.20405 1.21542 1.30410 1.39932 1.48051 1.48030 1.48030 1.48030 1.48003 1.47857 1.47695 1.47534 1.48199 1.48724 1.49513 1.62601 1.67104 1.63845 1.57732 1.57109 1.56420 1.55733 1.57806 1.62092 1.64799 1.64517 1.62946 1.59997 1.63056 1.66960 1.66750 1.65350 1.65331 1.65331 1.65331 1.67567 1.73203 1.69128 1.65446 1.62122 1.51274 1.51197 1.51237 1.53536 1.56145 1.61360 1.57194 1.57933 1.58304 1.58840 1.60062 1.60486
1.94374 1.95243 1.90992 1.90413 2.07210 2.12728 2.19433 2.26220 2.33785 2.37566 2.40189 2.42407 2.42724 2.48918 1.03828 1.19124 1.20851 1.27036 1.33945 1.47498 1.48150 1.48398 1.48646 1.49516 1.53136 1.56890 1.59704 1.61562 1.58654 1.53298 1.59605 1.65270 1.63927 1.57242 1.57483 1.57596 1.57568 1.66768 1.67790 1.73124 1.69492 1.68309 1.61517 1.61620 1.66440 1.66800 1.65766 1.65290 1.65355 1.65423 1.66180 1.73221 1.72239 1.67936 1.67800 1.56457 1.55804 1.56884 1.59588 1.62333 1.70348 1.69146 1.64884 1.65046 1.65036 1.64052 1.62654
1.96801 1.98504 2.04946 2.27325 2.49968 2.53390 2.52447 2.50178 2.48266 2.43976 2.40145 2.36448 2.34801 2.36975 1.15587 1.21899 1.25829 1.26861 1.36160 1.46014 1.52774 1.54844 1.56916 1.59046 1.58628 1.57759 1.57798 1.57963 1.57711 1.53557 1.57040 1.63969 1.62758 1.57170 1.55844 1.57376 1.58009 1.64056 1.69848 1.75323 1.70393 1.69247 1.64509 1.61627 1.65002 1.67637 1.67465 1.66287 1.67005 1.68314 1.69719 1.75511 1.78109 1.73669 1.73213 1.65129 1.57952 1.58271 1.59264 1.61424 1.65911 1.66820 1.64333 1.62698 1.62300 1.63239 1.64258
2.09967 2.12048 2.15340 2.42640 2.45393 2.37732 2.34596 2.33541 2.34322 2.35213 2.35410 2.35410 2.35410 2.35410 1.04255 1.20508 1.32436 1.36920 1.44545 1.50986 1.54612 1.54950 1.55273 1.54988 1.54763 1.55292 1.55845 1.56126 1.56550 1.56814 1.59130 1.70027 1.71264 1.67481 1.62964 1.63803 1.64521 1.66626 1.75607 1.78014 1.74987 1.71681 1.71336 1.65563 1.67666 1.74329 1.75975 1.76552 1.77570 1.78373 1.78927 1.79693 1.83379 1.77891 1.75113 1.71125 1.56996 1.57666 1.58625 1.62274 1.68001 1.74049 1.75405 1.76717 1.79608 1.80951 1.81040
2.25973 2.31819 2.33597 2.50351 2.57909 2.35066 2.34887 2.34892 2.34983 2.35410 2.35410 2.35410 2.35410 2.35410 0.965047 1.26962 1.55342 1.53914 1.47946 1.48221 1.59083 1.60309 1.60901 1.61300 1.61570 1.62236 1.63021 1.64081 1.64995 1.64369 1.63902 1.73155 1.74470 1.72189 1.66243 1.67336 1.68926 1.70247 1.81750 1.85124 1.88783 1.82038 1.80726 1.73598 1.73118 1.78552 1.81030 1.80427 1.78969 1.79152 1.78955 1.78565 1.81900 1.83079 1.82195 1.83687 1.71555 1.69917 1.70928 1.73388 1.79080 1.85779 1.87628 1.86825 1.86934 1.87029 1.86071
2.30635 2.34294 2.35348 2.45607 2.63628 2.43491 2.41374 2.50789 2.60187 2.44290 2.35410 2.35410 2.35410 2.35410 0.842624 1.12357 1.53795 1.55353 1.49305 1.47825 1.57532 1.62309 1.63057 1.63996 1.64958 1.65085 1.65005 1.64832 1.64660 1.64038 1.63131 1.69672 1.73261 1.71960 1.73019 1.74050 1.74620 1.74623 1.80107 1.84026 1.81349 1.75128 1.71499 1.73088 1.75672 1.77333 1.82271 1.82000 1.79476 1.78129 1.77841 1.76375 1.76211 1.76763 1.78115 1.74845 1.74969 1.77125 1.77212 1.77684 1.81937 1.88115 1.89455 1.87773 1.87460 1.87460 1.86729
3.27668 3.27373 3.29430 3.30907 3.31724 3.32673 3.33497 3.30900 3.22912 3.60971 4.10952 4.10653 4.10356 4.20907 4.18502 4.07693 4.07829 4.04346 4.04161 4.04422 4.09375 4.27161 4.42836 4.57036 4.70040 4.73291 4.76529 4.80100 4.83303 4.83364 4.82872 5.09726 5.40343 5.39834 5.40504 5.80535 6.24207 6.97766 2.06605 2.06246 2.05929 2.04095 2.02137 2.00251 1.98434 1.96675 1.97982 2.01675 2.00929 1.99809 1.93581 1.84661 1.77884 1.76419 1.77937 1.78164 1.79948 1.81679 1.83021 1.85533 1.87462 1.88340 1.89205 1.90626 1.93092 1.92441 1.93703
3.25144 3.26381 3.27790 3.29860 3.29742 3.29157 3.28569 3.27788 3.18077 3.19806 3.99211 4.04899 4.04640 4.08698 4.14083 3.98568 4.00370 4.09710 4.23697 4.40608 4.58294 4.70889 4.74857 4.78585 4.79290 4.79290 4.79290 4.79290 4.80430 4.83518 4.83475 4.97348 5.48242 5.48711 5.53458 6.08266 6.32030 7.30177 1.93992 1.92384 1.91064 1.90907 1.90689 1.89883 1.89044 1.88206 1.90185 2.00339 1.97823 1.94422 1.97290 1.94905 1.72040 1.71728 1.84208 1.90881 1.93017 1.93360 1.93703 1.93901 1.94975 1.96924 1.98842 2.00208 2.00524 1.98914 1.97137
3.20664 3.20305 3.20156 3.22263 3.22398 3.22747 3.23096 3.23443 3.17650 3.11754 3.62702 4.03949 4.05276 4.17309 4.45270 4.47588 4.63884 4.69730 4.69182 4.70036 4.69684 4.78305 4.83320 4.86697 4.90198 4.93801 4.94769 4.93529 4.90901 4.85569 4.83176 4.86091 5.46919 5.51888 5.51212 5.84463 6.13547 6.90047 1.84402 1.83566 1.82731 1.81899 1.81054 1.78922 1.76399 1.73867 1.72222 1.84816 1.87022 1.87764 1.96428 2.06103 1.82535 1.76340 1.82662 1.93409 1.97032 1.98906 2.00482 2.01851 2.01295 2.01261 2.01260 2.01260 2.01260 2.00533 1.97246
3.21263 3.21388 3.21388 3.23044 3.23949 3.24318 3.25590 3.26904 3.26314 3.19470 3.35695 4.55868 4.79979 4.90854 4.98985 4.88769 4.81487 4.84685 4.82989 4.85986 4.89609 4.97097 5.02151 4.97074 4.91587 4.85499 4.82249 4.81259 4.80268 4.79699 4.79696 4.79696 5.27928 5.51212 5.51212 5.67754 6.13547 6.41035 1.84684 1.82157 1.79625 1.77098 1.74790 1.74354 1.74354 1.74354 1.74354 1.85736 1.91380 1.91380 1.95108 2.08066 1.94557 1.78707 1.81275 1.96372 2.01509 2.02137 2.02136 2.02136 2.01380 2.01260 2.01260 2.01260 2.01260 2.01254 1.97721
3.21388 3.21963 3.23273 3.25377 3.29842 3.35947 3.41359 3.46727 3.52605 3.47156 3.45295 4.53398 5.09058 5.13083 5.20860 5.17943 4.96280 4.96954 4.93474 4.86319 4.80474 4.74556 4.80801 4.80333 4.79706 4.79696 4.79696 4.79696 4.79696 4.79696 4.79696 4.79696 5.08388 5.51323 5.62361 5.60579 5.84440 5.45080 1.74354 1.74354 1.74354 1.74354 1.74354 1.74354 1.74354 1.74354 1.74354 1.81301 1.91318 1.91425 1.92131 2.07782 2.07696 1.87563 1.83397 1.91418 2.00714 2.02134 2.02136 2.02136 2.01574 2.01260 2.01260 2.01260 2.01260 2.01228 1.98772
3.31765 3.36904 3.38353 3.39467 3.56762 3.60567 3.62017 3.63528 3.64269 3.58278 3.50105 3.88631 5.17699 5.17729 5.18108 5.20969 4.87357 4.82390 4.77422 4.71077 4.70702 4.68079 4.74993 4.79696 4.79696 4.79696 4.79696 4.79696 4.79696 4.80987 4.92482 4.94790 4.83202 5.02533 4.53351 4.18024 4.49463 4.62583 1.74354 1.74354 1.74354 1.74354 1.74354 1.74354 1.74354 1.74348 1.74217 1.77884 1.91093 1.93080 1.93155 2.05108 2.12408 1.93803 1.83374 1.85785 1.98842 2.01867 2.02090 2.01984 2.01512 2.00897 2.00688 2.01261 2.03757 2.06502 2.10492
3.30761 3.25184 3.24786 3.24786 3.48616 3.64269 3.64269 3.64269 3.64269 3.61370 3.51508 3.44782 4.72245 5.02055 4.97158 5.04099 4.84510 4.77982 4.77986 4.72654 4.71061 4.68871 4.70232 4.79691 4.79696 4.83622 4.96929 5.04340 4.82075 4.53266 4.12639 3.81130 3.84963 4.21300 4.20714 4.21134 4.40616 4.67583 1.74354 1.74354 1.74354 1.74354 1.74252 1.74065 1.73862 1.73650 1.73588 1.74453 1.89328 1.93155 1.93155 2.00371 2.12016 2.00965 1.85604 1.83201 1.93694 2.00902 2.01111 2.01643 2.04116 2.07463 2.12240 2.16566 2.23162 2.31126 2.38145
3.29218 3.25816 3.26272 3.26728 3.38032 3.67287 3.67363 3.67174 3.66692 3.65012 3.51275 3.32096 3.93671 5.02894 5.03351 5.08510 5.00032 4.83399 4.83471 4.81349 4.77757 4.82569 4.92015 5.18637 5.09358 4.80737 4.40400 4.07179 4.09420 4.15782 4.20467 4.24860 4.29249 4.61542 4.74892 4.99702 5.26399 5.66257 1.74284 1.74103 1.73903 1.73687 1.73588 1.73588 1.73219 1.71979 1.70696 1.69417 1.80881 1.93985 1.94136 1.96764 2.11839 2.06581 1.91538 1.84108 1.94075 2.11090 2.19844 2.29489 2.36193 2.43268 2.48797 2.53748 2.54238 2.53239 2.52311
3.41686 3.37249 3.36045 3.35548 3.35634 3.72024 3.74291 3.73997 3.73997 3.74052 3.69188 3.46056 3.45774 4.93935 5.13081 5.15566 5.24909 5.13166 5.25878 5.38718 5.29055 4.98507 4.56792 4.31638 4.49991 4.54388 4.58045 4.58896 4.61256 4.75178 4.89992 5.04142 5.17676 5.54721 6.02384 6.12452 6.20933 6.46890 1.65669 1.65507 1.64051 1.62600 1.61143 1.59692 1.58604 1.58394 1.58251 1.58650 1.70789 1.95992 1.99645 2.04684 2.12379 2.15253 2.07414 2.09872 2.27423 2.48686 2.44395 2.43375 2.44350 2.54572 2.58776 2.60122 2.61166 2.61131 2.60963
