results/OMI_NO2_200906.asc
ncols      200
nrows      200
xllcorner       120.258
yllcorner       41.1236
cellsize     0.0166667
NODATA_Value      -999.000
[rows 58 to 86 of 175, columns 67 to 133 of 200]
1.89560 1.83438 1.82886 1.82966 1.84878 2.12452 2.14041 2.00346 1.93876 1.93876 1.93876 1.93876 1.94269 1.97053 2.00241 2.03425 2.02392 1.72197 1.62788 1.62788 1.62788 1.62788 1.62788 1.63203 1.70437 1.79397 1.86542 1.35222 1.32269 1.36098 1.39007 1.47453 1.56021 1.68126 1.80563 1.88181 2.17530 2.50693 2.11172 2.11336 2.11336 2.11336 2.11336 2.11336 2.11431 2.13247 2.15692 2.18138 2.20394 2.21795 2.20131 2.18343 2.13412 2.14896 2.05358 1.29990 1.29773 1.29773 1.29773 1.29773 1.29773 1.29773 1.29777 1.31100 1.33495 1.35890 1.38917
2.05063 1.92335 1.82966 1.82966 1.82966 2.06044 2.13723 2.08605 1.95840 1.99024 2.02210 2.05397 2.08188 2.08589 2.08589 2.08589 2.08589 1.85103 1.66055 1.74448 1.83082 1.91020 1.97940 2.03227 2.03633 2.02386 2.00022 1.77601 1.64700 1.79171 1.90328 1.97637 2.05399 2.08127 2.08127 2.08127 2.21950 2.53452 2.24878 2.11336 2.11344 2.12762 2.15208 2.17665 2.20845 2.22815 2.24152 2.25492 2.26735 2.27001 2.26819 2.23776 2.19258 2.15205 2.15205 1.53250 1.29773 1.29773 1.29942 1.31872 1.34268 1.36663 1.39053 1.40125 1.40125 1.40125 1.40125
2.03468 2.01829 1.83122 1.82587 1.80535 1.93080 2.04470 2.03069 2.07641 2.08589 2.08589 2.08589 2.08589 2.09154 2.10259 2.11365 2.12470 2.13726 2.10676 2.05281 2.04025 2.02774 2.03632 2.06907 2.10471 2.14353 2.20817 2.27246 2.10946 2.09722 2.08341 2.08127 2.08127 2.08127 2.08127 2.08127 2.13567 2.35461 2.53584 2.17699 2.21468 2.23834 2.25172 2.26498 2.27001 2.27001 2.27001 2.27001 2.27001 2.27001 2.27001 2.24925 2.22680 2.15336 2.15299 1.81682 1.35041 1.37436 1.39659 1.40125 1.40125 1.40125 1.40125 1.40125 1.40125 1.40125 1.40142
1.96992 1.99329 1.81555 1.73110 1.72912 1.80525 1.99988 2.01806 2.05838 2.10546 2.11652 2.12756 2.13862 2.14404 2.14384 2.13555 2.12675 2.15097 2.17853 2.17625 2.21880 2.26512 2.28726 2.28726 2.28726 2.28726 2.28726 2.28726 2.18243 2.09738 2.08974 2.08127 2.08127 2.08127 2.08414 2.09674 2.11107 2.31833 2.64203 2.34723 2.27001 2.27001 2.27001 2.27001 2.27001 2.27001 2.27001 2.27001 2.27001 2.22823 2.16686 2.16866 2.14896 1.79698 1.45504 1.40125 1.40125 1.40125 1.40125 1.40125 1.40125 1.40125 1.40125 1.42973 1.51478 1.61943 1.74985
1.92316 2.00098 1.95139 1.80482 1.82155 1.85464 2.04296 2.06393 2.08307 2.14210 2.14404 2.14905 2.17557 2.20340 2.20834 2.20964 2.21150 2.18312 2.19862 2.27555 2.28726 2.28726 2.28726 2.28726 2.28726 2.28726 2.28726 2.28726 2.26197 2.09622 2.05893 2.10184 2.12031 2.13369 2.14418 2.14497 2.14497 2.25691 2.45142 2.58356 2.27001 2.27001 2.27001 2.25661 2.15694 2.03289 1.98066 1.98231 1.98393 2.04708 2.14001 2.14053 2.10344 1.91919 1.40125 1.40125 1.40125 1.40125 1.40125 1.41800 1.49648 1.59678 1.72146 1.81575 1.81713 1.81713 1.81685
2.03481 2.10961 2.14241 1.96141 1.92301 1.92301 2.04723 2.11557 2.16329 2.23477 2.26183 2.24979 2.21631 2.18160 2.16985 2.16985 2.16985 2.16985 2.18193 2.24607 2.28726 2.28726 2.28726 2.28726 2.28726 2.26622 2.22407 2.18189 2.13976 1.96863 1.90253 2.06474 2.14497 2.14497 2.14497 2.14497 2.15759 2.26747 2.52720 2.60608 1.98822 1.80772 1.76131 1.77125 1.91268 2.07543 2.14056 2.14056 2.14056 2.14056 2.14056 2.14056 2.12119 2.09400 1.51856 1.40940 1.47872 1.57512 1.69440 1.80833 1.81713 1.81695 1.81369 1.80933 1.80497 1.80060 1.79650
2.16135 2.10327 2.20222 2.14968 2.04123 2.06030 2.12676 2.15236 2.13289 2.12955 2.16985 2.16985 2.16985 2.16985 2.16985 2.16985 2.16985 2.16985 2.17031 2.21617 2.27859 2.23995 2.19784 2.15568 2.11353 2.09241 2.09241 2.09241 2.09241 2.04183 1.90253 1.96750 2.14633 2.20001 2.28696 2.38841 2.48675 2.51000 2.30662 2.38457 2.23623 2.09991 2.14056 2.14056 2.14056 2.14056 2.14056 2.14056 2.14056 2.14056 2.14056 2.14571 2.25149 2.37836 2.20747 1.79464 1.81703 1.81400 1.80963 1.80526 1.80089 1.79669 1.79557 1.79557 1.79557 1.79557 1.79557
2.26783 2.18926 2.23762 2.14910 1.97482 1.94129 1.97264 2.07049 2.07378 2.10290 2.15844 2.16985 2.16985 2.16985 2.16985 2.16885 2.14476 2.11105 2.07732 2.06636 2.08479 2.09241 2.09241 2.09241 2.09241 2.09241 2.09241 2.08902 2.08223 2.10824 2.01121 2.05183 2.40636 2.52420 2.67906 2.84263 3.00648 3.15106 3.10066 2.92609 2.84948 2.16535 2.14056 2.14056 2.14056 2.14056 2.14056 2.14098 2.22389 2.39200 2.59850 2.84693 2.92453 2.87691 2.79614 1.86023 1.79692 1.79557 1.79557 1.79557 1.79557 1.79557 1.79557 1.79557 1.79557 1.79557 1.83983
2.11946 1.94922 1.98082 2.00078 1.96593 1.93383 1.94283 2.06959 2.07049 2.09074 2.13162 2.15721 2.12376 2.09006 2.05632 2.02361 2.01397 2.01397 2.01397 2.02046 2.06852 2.09174 2.08600 2.07921 2.07243 2.07994 2.14806 2.23745 2.34648 2.41861 2.39519 2.55010 2.86458 3.16402 3.17300 3.17300 3.17300 3.17300 3.16410 2.94057 2.92609 2.40463 2.14056 2.14056 2.19518 2.35601 2.55399 2.79954 2.92250 2.91989 2.91728 2.91469 2.91363 2.89480 2.83698 2.24191 1.79557 1.79557 1.79557 1.79557 1.79557 1.79697 1.87951 2.00883 2.13816 2.26742 2.35254
2.17936 2.05197 2.00078 2.00078 1.99375 1.93517 1.93564 2.07740 2.15597 2.21502 2.28964 2.02591 2.01397 2.01397 2.01397 2.01397 2.01278 2.00864 2.00435 2.00007 2.02607 2.05807 2.11788 2.20658 2.31019 2.40953 2.42373 2.42838 2.43302 2.43613 2.45503 2.82432 2.87797 3.16553 3.17300 3.17300 3.17300 3.17300 3.17300 3.03828 2.92609 2.79091 2.51046 2.74432 2.91801 2.91787 2.91520 2.91365 2.91363 2.91363 2.91363 2.91363 2.91363 2.91345 2.84856 2.67566 1.79994 1.80993 1.92104 2.05036 2.17968 2.30766 2.35444 2.35444 2.35444 2.35444 2.35444
2.22860 2.10505 2.01200 2.04615 2.08395 2.07529 2.08719 2.20634 2.30790 2.30790 2.33634 2.12510 2.00756 2.00328 1.99899 1.99471 1.99161 1.99147 2.01918 2.08133 2.18598 2.36219 2.42400 2.42865 2.43329 2.43618 2.43622 2.43622 2.43622 2.43622 2.43622 2.66718 2.84975 3.06429 3.17300 3.17300 3.17300 3.17284 3.17134 3.11996 2.91845 2.91585 2.91379 2.91363 2.91363 2.91363 2.91363 2.91363 2.91363 2.91363 2.91363 2.91363 2.91363 2.91132 2.86718 2.81629 2.36580 2.33628 2.35444 2.35444 2.35444 2.35444 2.35444 2.35444 2.35444 2.35444 2.35444
2.35984 2.34598 2.22402 2.20416 2.21436 2.20653 2.14657 2.19981 2.29318 2.28782 2.29164 2.24092 1.99147 1.99147 2.00607 2.08523 2.18305 2.29536 2.37721 2.41268 2.43124 2.46677 2.43622 2.43622 2.43622 2.43622 2.43622 2.43622 2.43622 2.43622 2.43622 2.49432 2.84738 2.96394 3.17004 3.16830 3.16656 3.16498 3.16469 3.16296 2.95215 2.91363 2.91363 2.91363 2.91363 2.91363 2.91363 2.91363 2.91363 2.90990 2.90055 2.89116 2.88176 2.87467 2.86748 2.79930 2.65846 2.35444 2.35444 2.35444 2.35444 2.35444 2.35444 2.35444 2.35444 2.35444 2.35444
2.74070 2.65394 2.49864 2.39227 2.38691 2.38172 2.30196 2.27977 2.27977 2.28660 2.31885 2.45053 2.26735 2.30736 2.41054 2.42534 2.42883 2.43062 2.43062 2.43062 2.43062 2.45994 2.44330 2.43622 2.43622 2.43622 2.43622 2.43622 2.45279 2.50577 2.56013 2.61446 2.96059 3.10079 3.15551 3.16469 3.16469 3.16469 3.16469 3.17482 3.21834 3.32117 3.19425 2.91363 2.91360 2.90818 2.89877 2.88938 2.87991 2.87430 2.87425 2.87425 2.87425 2.87425 2.87425 2.82270 2.79181 2.40630 2.35444 2.35444 2.35444 2.35444 2.35444 2.35444 2.35456 2.42281 2.54840
2.37733 2.36618 2.49937 2.38721 2.39375 2.42586 2.42354 2.40441 2.47188 2.53473 2.57359 2.68746 2.74268 2.43062 2.43062 2.43062 2.43062 2.43062 2.43062 2.43062 2.43062 2.44294 2.45950 2.44042 2.48491 2.53924 2.59353 2.64789 2.68565 2.68695 2.68695 2.68695 2.80352 3.10048 3.13028 3.16797 3.33810 3.58138 3.78883 3.96357 4.01553 3.58532 3.50386 2.89415 2.87823 2.87425 2.87425 2.87425 2.87425 2.87425 2.87425 2.87425 2.87425 2.87425 2.87425 2.85287 2.79760 2.58582 2.35444 2.35444 2.41482 2.54034 2.66581 2.79158 2.91705 2.97433 2.97433
2.33182 2.30949 2.36033 2.50302 2.58459 2.64569 2.72312 2.61219 2.58857 2.58997 2.58997 2.59157 2.89453 2.45581 2.43062 2.43062 2.43062 2.43062 2.43062 2.45149 2.49222 2.53340 2.61472 2.67688 2.68695 2.68695 2.68695 2.68695 2.68695 2.68695 2.71635 2.84124 3.02239 3.60621 3.87271 4.09148 4.14893 4.14492 4.14022 4.13552 4.13099 3.70973 3.56337 3.14492 2.87425 2.87425 2.87425 2.87425 2.87425 2.87425 2.87425 2.87425 2.87425 2.87425 2.87425 2.88632 2.95889 3.06277 2.79521 2.90887 2.97433 2.97433 2.97433 2.97433 2.97433 2.97433 2.97433
2.27203 2.33000 2.42011 2.68765 2.83014 2.84833 2.84833 2.72538 2.58997 2.58997 2.58997 2.58997 2.72298 2.63506 2.43863 2.47657 2.51731 2.55804 2.59881 2.61866 2.61866 2.61866 2.64240 2.67973 2.68789 2.76867 2.90092 3.03316 3.17937 3.42390 3.62827 3.72798 3.79557 3.94969 4.09117 4.11869 4.13042 4.12973 4.12973 4.12973 4.12973 3.92854 3.56337 3.43911 2.87425 2.87425 2.87425 2.87425 2.87425 2.87425 2.88114 2.91223 2.94538 2.97855 3.01173 3.03216 3.22293 3.41749 3.13314 2.97433 2.97433 2.97433 2.97433 2.97433 2.97433 2.93795 2.85522
2.52966 2.55096 2.55096 2.66765 2.83267 2.84833 2.84833 2.82832 2.59899 2.58962 2.56494 2.52834 2.50130 2.69248 2.61592 2.61866 2.61866 2.61866 2.61866 2.61790 2.61137 2.60370 2.63255 3.11360 3.35708 3.48768 3.60239 3.70032 3.78666 3.83672 3.87592 3.91510 3.94703 3.95740 4.07492 4.09471 4.12973 4.12973 4.12973 4.12973 4.12973 4.09630 3.58068 3.56309 3.06492 2.87708 2.90453 2.93771 2.97086 3.00404 3.03031 3.03240 3.03240 3.03240 3.03240 3.03240 3.07622 3.41329 3.31835 2.97433 2.97149 2.91126 2.82828 2.74537 2.66235 2.61571 2.61557
2.55096 2.55096 2.55096 2.59825 2.78890 2.83815 2.79021 2.74327 2.56667 2.45217 2.44193 2.44193 2.44193 2.55530 2.64082 2.60943 2.60174 2.59405 2.58637 2.57945 2.57828 2.62814 2.76938 3.33092 3.76262 3.83897 3.87816 3.91731 3.94787 3.95005 3.95005 3.95005 3.95005 3.95005 4.02631 4.08191 4.12338 4.12973 4.12973 4.12973 4.13000 4.14104 3.81241 3.62266 3.47526 3.02669 3.03240 3.03240 3.03240 3.03240 3.03240 3.03240 3.03240 3.03240 3.03240 3.04086 3.29833 3.84427 4.17650 4.02425 4.09172 2.80690 2.61557 2.61557 2.61557 2.61557 2.61557
2.55082 2.52872 2.49392 2.46354 2.57718 2.65064 2.64861 2.64861 2.61188 2.43951 2.43298 2.42682 2.42068 2.42675 2.62581 2.57828 2.57828 2.59710 2.72983 2.87733 3.03037 3.16676 3.23325 3.53982 3.94851 3.95005 3.95005 3.95005 3.95005 3.95005 3.95005 3.95005 3.95005 3.95005 3.97087 4.08104 4.13741 4.15377 4.17036 4.18694 4.20326 4.20881 4.07018 3.66880 3.66180 3.14072 3.03240 3.03240 3.03240 3.03240 3.16671 3.51507 3.81075 4.04701 4.25158 4.42745 4.46752 4.54693 4.72137 4.55109 4.28178 3.48617 2.61557 2.61557 2.61557 2.61557 2.61557
2.42135 2.41072 2.41072 2.41112 2.48865 2.61304 2.63195 2.62580 2.61964 2.46284 2.40962 2.40962 2.40915 2.40249 2.56188 2.85779 3.01786 3.18960 3.25609 3.29520 3.32255 3.32351 3.32351 3.35947 3.92662 3.95005 3.95005 3.95005 3.95005 3.95005 3.95005 3.97157 4.10336 4.26622 4.45015 4.78222 4.87138 4.21910 4.20881 4.20881 4.20881 4.20881 4.19876 3.64783 3.47278 3.48350 3.70781 3.98332 4.21290 4.39958 4.50287 4.48311 4.46576 4.46465 4.46465 4.46465 4.46465 4.46965 4.69788 4.70459 4.31185 4.02516 2.61557 2.61557 2.61557 2.61557 2.61557
2.45220 2.47550 2.49877 2.52165 2.52858 2.55584 2.61631 2.61646 2.61720 2.54859 2.36378 2.27353 2.18817 2.13671 2.26723 3.31284 3.32300 3.32351 3.32351 3.32351 3.32351 3.32351 3.32351 3.32351 3.72763 3.95005 3.95239 4.04737 4.20329 4.37892 4.57824 4.76857 4.79198 4.79198 4.79198 4.84515 4.96735 4.40561 4.20881 4.17996 4.09714 4.00012 3.88728 4.10809 4.51851 4.52421 4.50151 4.47884 4.46482 4.46465 4.46465 4.46465 4.46465 4.46465 4.46465 4.46465 4.46465 4.46465 4.60251 4.72137 4.47880 4.28011 2.96431 2.55792 2.34048 2.11366 1.88706
2.52938 2.52938 2.52610 2.51553 2.50470 2.49254 2.60543 2.55193 2.45543 2.34220 2.15546 2.18562 2.20919 2.20943 2.20943 2.94674 3.32378 3.32351 3.32351 3.32351 3.32351 3.32351 3.35807 3.46871 3.78823 4.50093 4.71380 4.79198 4.79198 4.79198 4.79198 4.79198 4.79198 4.78986 4.76404 4.73058 4.84210 4.51966 3.87020 3.78877 3.77113 3.74845 3.72575 3.86341 4.46465 4.46465 4.46465 4.46465 4.46465 4.46465 4.46465 4.46465 4.46465 4.46465 4.46465 4.46465 4.46465 4.46465 4.51562 4.55152 4.33599 3.80973 2.88657 1.50749 1.49822 1.49822 1.49822
2.49283 2.48202 2.47448 2.44801 2.37253 2.28194 2.23776 2.23169 2.21738 2.21722 2.21371 2.20943 2.20943 2.20943 2.20943 2.41185 3.34378 3.33353 3.42536 3.54615 3.68238 3.83746 3.95347 3.95659 3.96419 4.69666 4.79198 4.79198 4.78161 4.74980 4.71739 4.68437 4.63232 4.56324 4.50921 4.45113 4.50156 4.63724 3.79793 3.69952 3.69315 3.69315 3.69315 3.69369 4.33986 4.46465 4.46465 4.46465 4.46465 4.46465 4.46465 4.46465 4.46465 4.46977 4.52440 4.59155 4.65870 4.72578 4.77999 4.17526 3.97647 3.66157 3.35368 1.51165 1.49822 1.49822 1.49822
2.40368 2.31570 2.22703 2.16456 2.15132 2.15075 2.15793 2.21722 2.21722 2.21722 2.21671 2.20979 2.20943 2.18269 2.12321 2.06363 2.99758 3.92854 3.95659 3.95659 3.95659 3.95659 3.95727 3.99663 4.05816 4.43494 4.67071 4.63828 4.60357 4.56796 4.52478 4.46086 4.34968 4.24296 4.13615 4.03814 4.05679 4.55116 4.05490 3.69315 3.69315 3.69315 3.69315 3.69315 4.05586 4.46465 4.46465 4.46465 4.46551 4.50900 4.57611 4.64323 4.71038 4.77240 4.78486 4.78486 4.78486 4.78486 4.78486 4.49053 3.97647 3.84517 3.53688 2.14908 1.48100 1.44972 1.41846
2.15164 2.15098 2.15098 2.15098 2.15098 2.15098 2.14720 2.20274 2.21200 2.16254 2.10290 2.03882 1.97600 1.94316 1.94308 1.94308 2.25389 3.87766 4.01268 4.07418 4.13572 4.19725 4.25810 4.28028 4.26939 4.26316 4.53846 4.47523 4.34383 4.23659 4.12996 4.03459 4.01929 4.01929 4.01929 4.01929 4.01929 4.35454 4.44109 3.70175 3.69315 3.69315 3.69315 3.69315 3.80755 4.55350 4.62779 4.69494 4.76123 4.78486 4.78486 4.78486 4.78486 4.78486 4.78486 4.78486 4.78486 4.78486 4.78486 4.79844 4.17330 4.21856 3.92469 3.17394 1.36294 1.36294 1.36294
2.15098 2.15098 2.15098 2.15098 2.13212 2.08477 2.03570 1.99592 1.96096 1.95087 1.95087 1.94959 1.95355 1.99719 2.04331 2.08946 2.13610 3.51085 4.28028 4.28028 4.27782 4.22968 4.15290 4.04157 3.84612 3.72737 4.01085 4.03142 4.01929 4.01929 4.01929 4.01929 4.01929 4.01929 4.01929 4.01929 4.01929 4.12110 4.57254 3.91069 3.77378 3.84086 3.90798 3.97516 4.01320 4.57831 4.78486 4.78486 4.78486 4.78486 4.78486 4.78486 4.78486 4.79807 4.89759 5.01074 5.11300 5.21314 5.31325 5.37032 4.89566 4.55921 4.34214 3.97017 1.48032 1.36294 1.36294
2.10998 2.06231 2.01467 1.96700 1.93817 1.93790 1.93792 1.94944 2.01631 2.06315 2.10930 2.15545 2.18548 2.18584 2.18584 2.18584 2.18584 2.69878 4.17231 4.07095 3.86500 3.72113 3.61437 3.52567 3.51631 3.51631 3.71932 4.01929 4.01929 4.01929 4.01929 4.01929 4.01929 4.01929 4.01929 4.01929 4.01929 4.01929 4.44034 4.35619 4.01336 4.01336 4.01336 4.01336 4.01336 4.29377 4.78486 4.78525 4.85241 4.96739 5.08224 5.19382 5.29482 5.38172 5.38251 5.36952 5.36759 5.36759 5.36759 5.36759 5.21101 4.55921 4.52231 4.10558 2.51280 1.36294 1.36294
1.93790 1.93790 1.94604 1.96147 1.97690 1.99235 2.00776 2.06684 2.16971 2.19363 2.19363 2.19363 2.19135 2.20688 2.35067 2.52193 2.67556 2.73781 3.28006 3.52329 3.51631 3.51631 3.51631 3.51631 3.51631 3.51631 3.54824 4.00311 4.01929 4.01929 4.01929 4.01929 4.01929 4.01929 4.01929 4.01929 4.01929 4.01929 4.20634 4.56270 4.05622 4.01336 4.02657 4.09590 4.17132 4.28134 5.21841 5.37598 5.40918 5.39444 5.37969 5.36835 5.36759 5.36759 5.36759 5.36759 5.36759 5.36759 5.36759 5.36759 5.36759 4.71806 4.55921 4.26357 3.46148 1.36294 1.37873
1.99391 2.00934 2.01665 2.01665 2.01665 2.02247 2.06755 2.13051 2.26243 2.19449 2.28835 2.44773 2.58372 2.70627 2.66265 2.60889 2.60566 2.60566 2.83437 3.51631 3.51631 3.51631 3.51631 3.51631 3.51631 3.51631 3.51631 3.84782 4.01929 4.01929 4.01929 4.01929 4.01929 4.01929 4.01929 4.01929 4.01935 4.08070 4.20436 4.80356 4.55357 4.35622 4.41853 4.41656 4.40181 4.38707 5.00424 5.36772 5.36759 5.36759 5.36759 5.36759 5.36759 5.36759 5.36759 5.36759 5.36759 5.36759 5.36759 5.36759 5.36759 5.03840 4.65290 4.65891 4.35877 2.25811 2.12790
