results/OMI_NO2_201101.asc
ncols      200
nrows      200
xllcorner       120.258
yllcorner       41.1236
cellsize     0.0166667
NODATA_Value      -999.000
[rows 87 to 115 of 165, columns 64 to 127 of 200]
0.647374 0.664276 0.821784 1.01488 1.09677 1.14825 1.15133 1.12279 1.09331 0.969125 1.06129 1.25920 1.25920 1.25920 1.25920 1.25920 1.25920 1.25920 1.25920 1.24525 1.20601 1.16626 1.12741 1.29276 1.31741 1.31741 1.31725 1.24641 1.32309 1.29835 1.26293 1.26293 1.26293 1.26293 1.26293 1.26293 1.26293 1.26293 1.23606 1.14855 1.03616 0.889431 0.689209 0.537013 0.536287 0.536287 0.536287 0.536287 0.536287 0.536287 0.579678 1.11005 1.13133 1.13411 1.13706 1.14001 1.14290 1.14383 1.14383 1.14383 1.14383 1.14383 1.14263 1.01964
0.742456 0.708994 0.801172 1.08703 1.08440 1.08440 1.08440 1.08440 1.08440 1.01615 0.965718 1.24160 1.25920 1.25920 1.25920 1.23893 1.19918 1.15943 1.11967 1.09389 1.09335 1.09335 1.09335 1.21165 1.31741 1.31741 1.31741 1.27906 1.28847 1.31805 1.26297 1.26293 1.26293 1.24138 1.15689 1.04698 0.903571 0.708919 0.540200 0.536287 0.536287 0.536287 0.536287 0.536287 0.536287 0.536287 0.536287 0.536287 0.482145 0.375788 0.269432 0.767137 1.14366 1.14383 1.14383 1.14383 1.14383 1.14383 1.14383 1.09424 0.932856 0.819860 0.740853 0.715159
0.653660 0.653660 0.655839 1.01800 1.08440 1.08440 1.08440 1.08440 1.08440 1.06425 0.954199 1.11236 1.19235 1.15259 1.11286 1.09335 1.09335 1.09335 1.09335 1.09335 1.09335 1.09335 1.09335 1.11788 1.31338 1.31741 1.31741 1.31329 1.24818 1.26825 1.10252 0.917589 0.728149 0.545242 0.536287 0.536287 0.536287 0.536287 0.536287 0.536287 0.536287 0.536287 0.536287 0.530735 0.448651 0.342294 0.235983 0.129672 0.0774576 0.0774576 0.0774576 0.298895 1.14383 1.14383 1.14383 1.13804 0.999515 0.864446 0.772400 0.718638 0.715159 0.715159 0.715159 0.715159
0.653660 0.653660 0.653660 0.835106 1.08440 1.08440 1.08193 1.05047 1.01071 0.970960 0.830493 0.860418 1.09335 1.09335 1.09335 1.09335 1.09335 1.09335 1.09335 1.09335 1.09335 1.09335 1.09335 1.09335 1.22921 1.26021 1.24312 1.22396 1.14458 0.989025 0.830299 0.536287 0.536287 0.536287 0.536287 0.536287 0.536287 0.536287 0.536287 0.514584 0.415202 0.308891 0.202489 0.101732 0.0774576 0.0774576 0.0774576 0.0774576 0.0774576 0.0774576 0.0774576 0.0774576 0.873084 0.917165 0.809130 0.734280 0.715159 0.715159 0.715159 0.715159 0.715159 0.715159 0.715159 0.715159
0.653660 0.653660 0.660020 0.730095 0.999962 0.964127 0.926862 0.918554 0.918554 0.918554 0.865425 0.789842 1.05077 1.09335 1.09335 1.09335 1.09335 1.09335 1.09335 1.10795 1.13826 1.16855 1.19885 1.22473 1.23411 1.22010 1.20032 1.18053 1.14289 0.926651 0.815063 0.547435 0.536287 0.536287 0.536287 0.487926 0.381753 0.275397 0.169040 0.0843859 0.0774576 0.0774576 0.0774576 0.0774576 0.0774576 0.0774576 0.0774576 0.0774576 0.0807494 0.117301 0.148650 0.170198 0.384311 0.715159 0.715159 0.715159 0.715159 0.715159 0.715159 0.715159 0.715159 0.715159 0.715159 0.715159
0.767500 0.823894 0.873907 0.881612 0.902377 0.918554 0.918554 0.918554 0.918554 0.918554 0.909850 0.792690 0.938572 1.09848 1.12613 1.15643 1.18673 1.21642 1.23252 1.22843 1.20863 1.18885 1.16907 1.15370 1.15262 1.15262 1.15262 1.15262 1.15262 1.03112 0.825792 0.608901 0.348259 0.241902 0.135591 0.0775952 0.0774576 0.0774576 0.0774576 0.0774576 0.0774576 0.0774576 0.0774576 0.0774576 0.0774576 0.0986967 0.136376 0.161581 0.178662 0.181972 0.181972 0.181972 0.200941 0.677219 0.715159 0.715159 0.715159 0.715159 0.715159 0.715159 0.715159 0.715159 0.715159 0.715159
0.881612 0.881612 0.881612 0.881612 0.886828 0.918273 0.918554 0.918581 0.922508 0.929042 0.935529 0.911130 0.969855 1.23307 1.21697 1.19718 1.17740 1.15820 1.15262 1.15262 1.15262 1.15262 1.15262 1.15262 1.15262 1.15262 1.15215 1.14862 1.14453 1.07725 0.662312 0.494803 0.0774576 0.0774576 0.0774576 0.0774576 0.0774576 0.0774576 0.0774576 0.0774576 0.0774576 0.0774576 0.0774576 0.143031 0.172301 0.181894 0.181972 0.181972 0.181972 0.181972 0.181972 0.181972 0.181972 0.475219 0.715159 0.715159 0.715159 0.715159 0.715159 0.715159 0.708529 0.694162 0.679794 0.665420
0.881612 0.881612 0.882747 0.888740 0.895271 0.927765 0.945248 0.953577 0.958798 0.961418 0.964042 0.967907 0.972659 1.10739 1.15262 1.15262 1.15262 1.15262 1.15262 1.15262 1.15262 1.15262 1.15176 1.14792 1.14383 1.13974 1.13611 1.13556 1.13556 1.13360 0.805007 0.590323 0.140665 0.0774576 0.0774576 0.0774576 0.0774576 0.0774576 0.0774576 0.0774576 0.0774576 0.0774576 0.0774576 0.141970 0.181972 0.181972 0.181972 0.181972 0.181972 0.181972 0.181972 0.181972 0.181972 0.257622 0.711853 0.713904 0.701964 0.687589 0.673215 0.658847 0.651116 0.651103 0.651103 0.651103
0.904911 0.911939 0.919804 0.922959 0.925580 0.938361 0.967702 0.968490 0.968490 0.968490 0.968490 0.968574 0.972325 1.04071 1.15262 1.15262 1.15262 1.15262 1.15124 1.14721 1.14312 1.13904 1.13581 1.13556 1.13556 1.13556 1.13556 1.13556 1.13556 1.13556 0.997598 0.599268 0.375443 0.0774576 0.0774576 0.0774576 0.0774576 0.0774576 0.0774576 0.0774576 0.0774576 0.0774576 0.0774576 0.0867837 0.178035 0.181972 0.181972 0.181972 0.181972 0.181972 0.181972 0.195855 0.240676 0.286636 0.578942 0.653531 0.651103 0.651103 0.651103 0.651103 0.651103 0.651103 0.656768 0.708350
0.929306 0.931384 0.931548 0.931548 0.931548 0.931707 0.962656 0.968490 0.968490 0.968490 0.968490 0.968490 0.970831 0.981728 1.14288 1.14651 1.14242 1.13833 1.13562 1.13556 1.13556 1.13556 1.13556 1.13556 1.13556 1.13556 1.13556 1.13556 1.13556 1.13556 1.11796 0.695719 0.529538 0.0774576 0.0774576 0.0774576 0.0774576 0.0774576 0.0774576 0.0774576 0.0774576 0.0774576 0.0774576 0.0774576 0.147347 0.181972 0.182171 0.209235 0.255173 0.301144 0.347076 0.379164 0.380295 0.380295 0.463678 0.651103 0.651103 0.651103 0.651121 0.680283 0.750730 0.851696 0.987739 1.01572
0.931548 0.931548 0.931548 0.931548 0.931548 0.931548 0.946986 0.968490 0.968490 0.968433 0.965765 0.961675 0.958364 0.957718 1.07016 1.13556 1.13556 1.13556 1.13556 1.13556 1.13556 1.13556 1.13556 1.13556 1.13556 1.13556 1.13556 1.13555 1.12609 1.10672 1.08462 0.813331 0.622364 0.241384 0.0774576 0.0774576 0.0774576 0.0774576 0.0774576 0.0774576 0.0774576 0.0774576 0.0850732 0.160991 0.255200 0.316289 0.361375 0.380295 0.380295 0.380295 0.380295 0.380295 0.380295 0.380295 0.383625 0.627414 0.716966 0.802465 0.930401 1.01572 1.01572 1.01572 1.01572 1.01572
0.931548 0.931548 0.931548 0.931548 0.931548 0.931246 0.927686 0.958197 0.956881 0.952849 0.951428 0.951428 0.951428 0.954834 1.00347 1.13556 1.13556 1.13556 1.13556 1.13556 1.13556 1.13556 1.13216 1.11495 1.09404 1.07005 1.04686 1.08059 1.15393 1.24142 1.32891 1.34285 1.08474 0.749533 0.0774576 0.0774576 0.0774576 0.0774576 0.101494 0.189946 0.281849 0.373751 0.458038 0.474102 0.474102 0.406900 0.380295 0.380295 0.380295 0.380295 0.380295 0.380445 0.389731 0.408593 0.435910 0.724105 1.01572 1.01572 1.01572 1.01363 0.970853 0.925869 0.892467 0.866625
0.931548 0.931134 0.925580 0.918486 0.911386 0.904585 0.902828 0.930165 0.951428 0.951428 0.951428 0.951428 0.951428 0.953302 0.957213 1.11510 1.13516 1.12276 1.10293 1.08029 1.05417 1.05881 1.11966 1.20535 1.29284 1.38028 1.46263 1.48150 1.48150 1.48150 1.48150 1.48150 1.17979 1.01209 0.133242 0.218941 0.310843 0.402746 0.470612 0.474102 0.474102 0.474102 0.474102 0.474102 0.474102 0.455510 0.381419 0.380295 0.383757 0.399535 0.422558 0.456860 0.474102 0.474102 0.475970 0.542827 0.913675 0.890313 0.864965 0.845245 0.840160 0.840160 0.840160 0.844364
0.911064 0.904378 0.902828 0.902828 0.902828 0.902828 0.902828 0.909816 0.951097 0.951428 0.951428 0.943838 0.914079 0.879310 0.841191 0.931455 1.09080 1.16923 1.25672 1.34421 1.43165 1.48131 1.48150 1.48150 1.48150 1.48150 1.48150 1.48150 1.48150 1.48026 1.45344 1.41638 1.31721 1.26415 0.778469 0.474102 0.474102 0.474102 0.474102 0.474102 0.474102 0.474102 0.474102 0.474102 0.474102 0.474102 0.427149 0.440131 0.471951 0.476936 0.502585 0.525844 0.543264 0.556792 0.567119 0.569351 0.746325 0.840160 0.840160 0.840160 0.867165 0.920541 0.962904 0.994818
0.902828 0.902828 0.902828 0.902828 0.902828 0.902440 0.881518 0.845489 0.845476 0.818995 0.785381 0.784852 0.824464 0.866074 0.907775 1.02644 1.48076 1.48150 1.48150 1.48150 1.48150 1.48150 1.48150 1.48150 1.48150 1.47802 1.44697 1.40993 1.37290 1.33710 1.32693 1.32693 1.32595 1.28931 1.08078 0.474102 0.474102 0.474102 0.474102 0.474102 0.474102 0.474102 0.474102 0.474102 0.481926 0.582070 0.677812 0.748803 0.803566 0.624007 0.569351 0.569351 0.569351 0.569351 0.569351 0.569351 0.645267 0.898770 0.945377 0.981093 0.999527 0.998143 0.996320 0.994799
0.897409 0.866666 0.828482 0.784536 0.735868 0.708729 0.727583 0.769306 0.831743 0.925495 0.948820 0.948888 0.948888 0.948888 0.948888 0.948888 1.36580 1.48150 1.48150 1.48150 1.48150 1.47468 1.44049 1.40347 1.36644 1.33288 1.32693 1.32693 1.32693 1.32693 1.32693 1.32693 1.32693 1.30575 1.25769 0.520136 0.474102 0.474102 0.474102 0.478221 0.572027 0.670504 0.743334 0.799259 0.841551 0.850572 0.850572 0.850572 0.850572 0.734238 0.569351 0.569351 0.569465 0.622846 0.706566 0.783100 0.841378 0.970034 0.995411 0.994737 0.994737 0.994737 0.994737 0.994737
0.709182 0.745302 0.787026 0.828636 0.867557 0.875987 0.875987 0.875987 0.876446 0.938252 0.948888 0.948888 0.948888 0.948888 0.948888 0.948888 1.16832 1.47019 1.43403 1.39697 1.35999 1.32977 1.32693 1.32693 1.32693 1.32693 1.32693 1.32693 1.32693 1.32693 1.32693 1.32693 1.32693 1.32254 1.28606 0.907664 0.663084 0.737707 0.794839 0.839008 0.850572 0.850572 0.850572 0.850572 0.850572 0.850572 0.850572 0.850572 0.850572 0.845226 0.686062 0.761919 0.829911 0.863521 0.873776 0.874800 0.874800 0.913310 0.994737 0.994737 0.994737 0.994737 0.953402 0.857373
0.875987 0.875987 0.875987 0.875987 0.875987 0.875987 0.875987 0.875987 0.875987 0.907692 0.948888 0.948888 0.948888 0.931962 0.894957 0.857951 0.857772 1.31289 1.32693 1.32693 1.32693 1.32693 1.32693 1.32693 1.32693 1.32693 1.32693 1.32693 1.32693 1.32686 1.32145 1.31325 1.30629 1.30037 1.27629 1.17030 0.850572 0.850572 0.850572 0.850572 0.850572 0.850572 0.850572 0.850572 0.850572 0.850974 0.894064 0.966472 1.01662 1.05286 0.941896 0.874800 0.874800 0.872476 0.853583 0.833951 0.858790 0.879122 0.976236 0.896883 0.811970 0.744052 0.707128 0.704248
0.875987 0.875987 0.875987 0.875987 0.875987 0.875987 0.875987 0.875987 0.876066 0.891796 0.894354 0.851475 0.814454 0.794344 0.794313 0.794313 0.794313 1.15138 1.32693 1.32693 1.32693 1.32693 1.32693 1.32693 1.32693 1.31291 1.27629 1.24528 1.21913 1.19677 1.24880 1.23781 1.20091 1.16408 1.12033 1.06307 0.874732 0.850572 0.850572 0.850572 0.850572 0.853057 0.869541 0.888205 0.906876 0.925138 0.980925 1.06228 1.06228 1.05148 0.974253 0.828283 0.811792 0.798559 0.796399 0.774939 0.751122 0.734857 0.706173 0.705187 0.680725 0.651700 0.626684 0.636289
0.875987 0.875987 0.875987 0.875987 0.876169 0.888405 0.907940 0.927476 0.946948 0.954982 0.861269 0.794313 0.794313 0.794313 0.794313 0.794313 0.794313 0.953880 1.32693 1.32693 1.31985 1.28466 1.25229 1.22505 1.19460 1.14711 1.11002 1.07312 1.03627 0.999440 1.02008 1.08741 1.08741 1.08741 1.08736 1.06449 0.960037 0.856900 0.875266 0.893930 0.912610 0.928805 0.930984 0.930984 0.930873 0.908024 0.874661 0.960795 0.953937 0.937659 0.936292 0.808513 0.751178 0.713040 0.679337 0.662794 0.651226 0.648702 0.660719 0.705964 0.761088 0.823159 0.885324 0.917717
0.876303 0.889250 0.908794 0.928321 0.947683 0.954982 0.954982 0.954982 0.954982 0.954982 0.929117 0.794907 0.794313 0.794313 0.794313 0.794971 0.803561 0.820712 1.19392 1.17930 1.12627 1.08805 1.05116 1.01433 0.984365 0.981560 0.981560 0.981560 0.981560 0.981560 0.985368 1.08063 1.08746 1.11185 1.16230 1.16540 1.07629 0.930686 0.930984 0.930984 0.927795 0.896513 0.864637 0.838295 0.816205 0.807721 0.807721 0.862015 0.937010 0.914304 0.812447 0.724615 0.652484 0.664266 0.691283 0.716172 0.751515 0.817633 0.861159 0.902246 0.917717 0.917717 0.917717 0.900507
0.948386 0.954982 0.954982 0.954982 0.954982 0.954982 0.954982 0.954982 0.954982 0.954982 0.954961 0.841723 0.810797 0.803736 0.747959 0.695143 0.635857 0.573206 0.782267 0.981560 0.981560 0.981560 0.981560 0.981560 0.981560 0.981560 0.981560 0.981560 0.982496 1.00798 1.04969 1.17839 1.31205 1.35251 1.35251 1.33542 1.11143 0.922463 0.855766 0.830888 0.811349 0.807721 0.807721 0.807721 0.807721 0.807721 0.807721 0.810274 0.925260 0.915418 0.741517 0.709610 0.794712 0.811165 0.811165 0.811165 0.811165 0.818445 0.861063 0.875983 0.867353 0.805146 0.786190 0.823151
0.954982 0.954982 0.954982 0.954982 0.954982 0.954982 0.952941 0.945900 0.897528 0.826153 0.768631 0.684048 0.546922 0.497141 0.493134 0.493134 0.493134 0.493134 0.586776 0.981560 0.981560 0.981560 0.981560 0.981560 0.984537 1.01508 1.05816 1.11013 1.17227 1.19374 1.19374 1.22354 1.32300 1.26544 1.20301 1.12331 1.01679 0.905549 0.807721 0.807721 0.807721 0.807721 0.807721 0.809351 0.812568 0.815785 0.819001 0.822205 0.884285 0.939138 0.772460 0.702329 0.779976 0.811165 0.811165 0.811165 0.795271 0.754062 0.733682 0.693975 0.895856 0.988422 1.01746 1.01746
0.967066 0.954575 0.938753 0.865293 0.794297 0.734238 0.679209 0.617241 0.589668 0.589668 0.589811 0.598059 0.507201 0.493134 0.493134 0.493134 0.493134 0.493134 0.493183 0.895714 0.987760 1.02235 1.06688 1.12083 1.18110 1.19374 1.19374 1.19345 1.16425 1.12350 1.09019 1.06245 1.13299 1.15456 1.15204 1.09322 1.06528 0.958852 0.810089 0.812294 0.815508 0.818726 0.821944 0.823528 0.823528 0.823528 0.823528 0.823528 0.829179 0.940249 0.862792 0.712929 0.733991 0.771926 0.729635 0.687304 0.660895 0.659772 0.665666 0.679291 0.860761 1.01863 1.02163 1.02441
0.814420 0.649675 0.598089 0.589668 0.589668 0.589668 0.589668 0.589668 0.589668 0.589668 0.589668 0.595054 0.551767 0.493134 0.493134 0.493134 0.491531 0.485835 0.478884 0.772709 1.18775 1.19374 1.19374 1.19170 1.15657 1.11726 1.08505 1.05826 1.04871 1.04871 1.04871 1.04871 1.09142 1.15568 1.16469 1.19380 1.20970 1.00971 0.871830 0.823528 0.823528 0.823528 0.823528 0.823528 0.823528 0.823528 0.823528 0.823528 0.823528 0.873620 0.834263 0.644248 0.560521 0.650810 0.659609 0.659609 0.660441 0.681505 0.711774 0.728818 0.778317 1.02851 1.06061 1.10792
0.831772 0.591238 0.589668 0.589668 0.589668 0.589668 0.589668 0.589668 0.589668 0.589668 0.589668 0.590954 0.616758 0.498528 0.477461 0.468684 0.461366 0.461097 0.461097 0.538208 1.14122 1.11125 1.08005 1.05485 1.04871 1.04871 1.04871 1.04871 1.03867 1.02809 1.05635 1.08175 1.11999 1.42696 1.45322 1.42281 1.34290 0.934068 0.823704 0.823528 0.823528 0.823528 0.823528 0.823528 0.823444 0.822128 0.820406 0.818684 0.816964 0.808425 0.725450 0.652565 0.560361 0.642687 0.720558 0.750216 0.779040 0.787658 0.797052 0.807026 0.821397 1.09768 1.20970 1.23796
0.867055 0.659588 0.589668 0.589668 0.589668 0.589668 0.589668 0.589668 0.615767 0.670769 0.725793 0.780839 0.819566 0.641016 0.461097 0.467901 0.496444 0.521492 0.542172 0.557876 0.912929 1.04871 1.04871 1.05881 1.08978 1.11392 1.13558 1.15391 1.15520 1.15120 1.11913 1.08707 1.05502 1.21224 1.32107 1.32107 1.28542 1.06376 0.813610 0.822927 0.823194 0.821593 0.819873 0.818152 0.816514 0.816109 0.816109 0.816109 0.838620 0.897446 0.877520 0.837399 0.724518 0.697550 0.789362 0.814537 0.849577 0.888369 0.918085 0.929759 0.920398 1.06546 1.37619 1.37815
0.867055 0.763207 0.589668 0.589668 0.618148 0.673172 0.728174 0.783223 0.812145 0.812167 0.812167 0.816401 0.812585 0.773421 0.545814 0.559168 0.560285 0.560285 0.560044 0.673473 0.895594 1.18625 1.19057 1.16786 1.13240 1.10036 1.06827 1.03745 1.02901 1.02901 1.02901 1.02901 1.02901 1.09677 1.32107 1.32107 1.31520 1.24402 0.903671 0.812104 0.816231 0.816109 0.816109 0.817159 0.856880 0.916244 0.975556 1.03489 1.07172 1.07221 1.05154 0.916732 0.797795 0.748321 0.882063 0.933363 0.953917 0.949017 0.942366 0.908772 0.791054 0.723305 1.21397 1.27719
0.897894 0.939877 0.743370 0.785578 0.812167 0.812167 0.812167 0.816951 0.829552 0.840604 0.850219 0.856264 0.823428 0.805929 0.615588 0.484616 0.428907 0.382843 0.339998 0.658511 0.891919 1.03779 0.990827 0.980948 1.02901 1.02901 1.02901 1.02901 1.02901 1.02901 1.02901 1.02905 1.05107 1.08858 1.33429 1.39227 1.40190 1.36746 1.10532 0.818100 0.875703 0.935016 0.994354 1.05264 1.07221 1.07221 1.07221 1.07221 1.07221 1.07221 1.07221 0.973435 0.901445 0.901949 0.937462 0.839832 0.794225 0.793318 0.793318 0.793318 0.769643 0.713576 0.991768 1.31355
