results/OMI_NO2_200705.asc
ncols      200
nrows      200
xllcorner       120.258
yllcorner       41.1236
cellsize     0.0166667
NODATA_Value      -999.000
[rows 29 to 57 of 181, columns 0 to 66 of 200]
1.68530 1.84151 1.90147 1.98099 2.06379 2.14492 2.14902 2.10169 2.03766 1.93855 1.83738 1.77592 1.77820 1.82736 1.85434 1.85293 1.86742 1.86818 1.86818 1.86818 1.86818 1.86818 1.90827 2.06179 2.22330 2.18965 2.15726 2.12606 2.09599 2.05745 2.01926 2.01700 2.06573 1.99556 2.10414 2.20888 2.20916 2.20916 2.20916 2.20916 2.20916 2.20916 2.20916 2.21015 2.30303 2.25991 2.32656 2.41823 2.50861 2.56449 2.56781 2.55708 2.89606 3.01270 2.61372 2.43761 2.18922 2.16592 2.14919 1.93644 1.81893 1.82385 1.85341 1.88432 1.91921 1.90948 1.84089
1.86184 1.94341 2.04364 1.99464 1.90463 1.80768 1.79482 1.81323 1.84484 1.90374 1.95965 1.98444 1.98444 1.98444 1.94675 1.80390 1.77906 1.75482 1.73145 1.70892 1.68716 1.66616 1.65278 1.71037 1.95248 1.97008 1.97008 1.97451 2.01595 2.06561 2.22708 2.30732 2.31139 2.18404 2.13565 2.20916 2.20916 2.20916 2.20916 2.21467 2.23340 2.25456 2.27574 2.29669 2.39418 2.51755 2.56808 2.57748 2.59770 2.61554 2.63339 2.62370 2.82527 2.91811 2.66382 2.37878 2.18993 2.10519 2.05089 1.96286 1.91824 1.93809 1.93828 1.93828 1.93828 1.92721 1.89339
1.71129 1.78549 1.85483 1.86824 1.91786 1.97076 1.98444 1.98444 1.98444 1.98444 1.98444 1.98444 1.98444 1.98444 1.95830 1.65403 1.63361 1.63361 1.63361 1.63361 1.63361 1.63361 1.63361 1.67875 1.88136 2.04954 2.09932 2.14462 2.15296 2.15296 2.23803 2.31139 2.31139 2.25092 2.13481 2.22826 2.24942 2.27059 2.29177 2.30742 2.30987 2.31032 2.32479 2.34264 2.37690 2.55601 2.64841 2.66278 2.66038 2.66038 2.66038 2.64459 2.66021 2.93780 2.72446 2.27073 2.09912 1.90839 1.90605 1.90930 1.94543 1.96639 1.97852 1.99056 2.00242 2.00595 1.97772
2.23304 2.13632 2.02885 1.98444 1.98444 1.98444 1.98444 1.98444 1.98444 1.98444 1.98444 1.98167 1.93564 1.87844 1.88473 1.73995 1.63361 1.63361 1.63361 1.63361 1.64846 1.69691 1.74665 1.81333 1.92427 2.15177 2.15296 2.15296 2.15296 2.15415 2.18263 2.34189 2.36768 2.38656 2.23207 2.29145 2.31010 2.32791 2.34575 2.36359 2.38142 2.39879 2.40217 2.40217 2.40217 2.52110 2.62496 2.66038 2.66038 2.65641 2.59203 2.50722 2.36027 2.54034 2.48533 2.28498 2.13618 1.99377 1.96969 1.97866 1.98775 2.00935 2.00994 2.00843 1.99877 1.98824 1.95743
2.24108 2.20578 2.07142 1.98617 1.98444 1.98444 1.97490 1.92063 1.86445 1.81213 1.76320 1.71944 1.70857 1.70857 1.72752 1.84261 1.64338 1.68074 1.73046 1.78026 1.81519 1.81649 1.81649 1.81667 1.87300 2.09070 2.18293 2.20410 2.23147 2.26808 2.29411 2.41285 2.50019 2.52436 2.32493 2.32133 2.40217 2.40217 2.40217 2.40217 2.40217 2.40217 2.40217 2.40217 2.40217 2.44798 2.54250 2.52475 2.43499 2.34502 2.31545 2.30617 2.25933 2.39295 2.54956 2.44103 2.18919 2.04466 1.90895 1.89405 1.87632 1.88186 1.85092 1.79370 1.74254 1.69223 1.71001
2.20937 2.20213 2.00256 1.86826 1.79933 1.75123 1.71290 1.70857 1.70857 1.70857 1.70857 1.70857 1.70893 1.73951 1.78929 1.98326 1.84806 1.81649 1.81649 1.81649 1.81831 1.83308 1.86446 1.90020 1.97773 2.14901 2.34456 2.36873 2.38671 2.39426 2.40063 2.42430 2.55824 2.55991 2.46580 2.28078 2.40231 2.40217 2.40217 2.40217 2.40217 2.40217 2.36635 2.27335 2.17940 2.08655 2.19417 2.27076 2.27889 2.26416 2.24987 2.23598 2.21113 2.17839 2.46605 2.35940 2.18957 1.96939 1.74441 1.67436 1.63134 1.59893 1.59303 1.59119 1.59119 1.59119 1.59482
1.60594 1.76433 1.75099 1.72568 1.70857 1.70857 1.70857 1.70857 1.70857 1.72433 1.77311 1.82287 1.87225 1.89145 1.89145 1.96849 1.94058 1.88089 1.91661 1.95288 1.99276 2.02109 2.03285 2.04023 2.05346 2.15074 2.37461 2.40148 2.40148 2.40148 2.40148 2.40148 2.50625 2.55991 2.55481 2.26958 2.41358 2.38986 2.34548 2.24330 2.14005 2.03986 1.97561 1.96532 1.95617 1.94723 2.00829 2.10756 2.14779 2.14779 2.14779 2.14779 2.12873 2.02136 2.18237 2.14974 2.00313 1.78865 1.62413 1.56218 1.56218 1.56271 1.59227 1.60399 1.61223 1.62713 1.64799
1.36739 1.65778 1.68009 1.66368 1.64963 1.64955 1.68611 1.72895 1.77140 1.79750 1.79040 1.78570 1.79264 1.80188 1.79756 1.75747 1.79624 1.86831 1.90170 1.90363 1.90072 1.89665 1.89261 1.88842 1.88440 1.93290 2.07188 2.18464 2.20453 2.22566 2.24686 2.25660 2.37676 2.66416 2.63545 2.42778 2.15418 1.98614 1.93013 1.92647 1.92647 1.92647 1.92647 1.92647 1.92647 1.92591 1.93522 2.05707 2.06875 2.00642 1.94457 1.88325 1.84102 1.80706 1.88013 2.05759 1.96828 1.87279 1.68771 1.62527 1.62632 1.64585 1.67302 1.69977 1.71985 1.74700 1.76513
1.35248 1.37991 1.58376 1.63769 1.67485 1.70165 1.70445 1.71065 1.72297 1.71312 1.67789 1.63952 1.59014 1.53863 1.49994 1.49770 1.54900 1.70247 1.88074 1.90186 1.92353 1.94579 1.96874 1.99241 2.01706 2.05995 2.16415 2.35316 2.31500 2.27449 2.23464 2.15511 2.11416 2.34219 2.31497 2.26955 2.06379 1.89899 1.89407 1.89264 1.89122 1.88980 1.88573 1.89015 1.91025 1.93068 1.95205 1.99781 1.91132 1.81396 1.81517 1.82126 1.81751 1.80822 1.86320 2.14846 2.10615 2.05236 1.84513 1.75014 1.68751 1.68994 1.69411 1.75910 1.78335 1.79665 1.79665
1.32501 1.22629 1.70274 1.72687 1.67929 1.65565 1.62264 1.57727 1.52576 1.49775 1.49770 1.49770 1.49770 1.49770 1.49770 1.49770 1.51949 1.75711 2.08390 2.08711 2.07984 2.04579 2.01117 1.97848 1.94760 1.91889 1.97612 2.10957 2.09994 2.01963 1.94073 1.91440 1.91724 2.15882 2.30322 2.30076 2.14119 1.91382 1.88384 1.90453 1.92593 1.94734 1.97142 1.98706 1.98646 1.98107 1.97641 1.97909 1.97276 1.79107 1.78350 1.77274 1.77184 1.77184 1.89402 2.09914 2.16971 2.08389 1.95197 1.78464 1.71533 1.69757 1.69667 1.72240 1.74040 1.72937 1.71414
1.06726 0.905418 1.16194 1.37491 1.39664 1.46475 1.49770 1.49770 1.49770 1.49770 1.49770 1.49770 1.49770 1.49770 1.49770 1.49823 1.49935 1.59918 1.88891 1.93506 1.91186 1.90983 1.90983 1.89802 1.82607 1.74576 1.69655 1.75682 1.91440 1.91440 1.91440 1.91440 1.91421 2.06021 2.28628 2.35187 2.30440 2.05013 1.97986 1.96744 1.96221 1.95755 1.95290 1.94825 1.94419 1.94493 1.94493 1.94496 1.97136 1.83024 1.77184 1.77184 1.77186 1.77408 1.84477 2.00152 2.21611 2.09456 2.01966 1.73647 1.67486 1.59659 1.57705 1.59569 1.69129 1.73056 1.75642
0.688340 0.671512 0.737297 1.32830 1.36987 1.42932 1.49733 1.49770 1.49770 1.49773 1.49852 1.49964 1.50076 1.50188 1.50300 1.50359 1.50359 1.52749 1.71192 1.90791 1.85202 1.77174 1.69143 1.62293 1.61457 1.61457 1.61716 1.69404 1.87748 1.92626 1.95073 1.97405 1.98382 2.10127 2.25556 2.35569 2.31120 2.04419 1.93854 1.94436 1.94493 1.94493 1.94493 1.94493 1.94493 1.94493 1.94493 1.94493 1.95839 1.91489 1.77707 1.78670 1.81164 1.83510 1.87104 2.03556 2.06965 1.97373 1.90753 1.75927 1.69427 1.67967 1.71481 1.74115 1.82707 1.93317 2.05224
0.751848 0.671378 0.671826 1.08779 1.35243 1.40723 1.47981 1.50105 1.50217 1.50326 1.50359 1.50359 1.50359 1.50359 1.50359 1.50359 1.47135 1.39368 1.40488 1.62282 1.61457 1.61457 1.61457 1.61742 1.62956 1.63222 1.62118 1.57629 1.72375 1.95169 1.93310 1.91572 1.91200 1.96968 2.12060 2.27416 2.29984 2.11880 1.95476 1.94493 1.94493 1.94493 1.94493 1.94493 1.94493 1.94702 1.96766 1.99333 2.02093 2.07111 1.91466 1.90826 1.90809 1.90513 1.90212 2.01416 2.04922 2.00312 1.97101 1.97835 1.89642 1.97228 2.06579 2.15184 2.24655 2.42942 2.50626
0.842648 0.677218 0.678388 0.767836 1.34572 1.38839 1.44990 1.50359 1.50359 1.50359 1.50359 1.50359 1.49045 1.41737 1.33706 1.25678 1.20878 1.20833 1.24823 1.50526 1.60224 1.58978 1.57644 1.55901 1.53097 1.51559 1.51516 1.50373 1.46869 1.89637 1.91224 1.91224 1.91224 1.92842 2.11849 2.19121 2.30071 2.22455 1.96994 1.94510 1.95454 1.97648 1.99906 2.02176 2.04448 2.06510 2.06716 2.06414 2.06112 2.07768 1.98461 1.87897 1.87692 1.87686 1.87686 1.94727 2.11346 2.18621 2.25265 2.37422 2.36103 2.30631 2.30631 2.30631 2.30631 2.38734 2.49923
0.893761 0.715307 0.683170 0.682346 1.13726 1.38327 1.44101 1.51720 1.52613 1.46925 1.38864 1.30744 1.24082 1.25296 1.28298 1.31324 1.33763 1.36321 1.39862 1.44457 1.58668 1.59142 1.59537 1.59924 1.60310 1.60702 1.61087 1.61474 1.55048 1.86756 2.04986 2.04777 2.02451 2.00052 2.01911 2.00533 2.13298 2.11353 2.01103 2.04120 2.04908 2.04983 2.04995 2.04995 2.04995 2.04995 2.04995 2.04995 2.04995 2.05653 2.06765 1.95167 2.03784 2.12636 2.21447 2.30134 2.46530 2.46074 2.42850 2.45913 2.43817 2.29342 2.26727 2.24328 2.21929 2.21978 2.27822
0.768711 0.786451 0.685072 0.685072 0.834077 1.46293 1.38650 1.38748 1.37534 1.37563 1.41258 1.44113 1.46749 1.46659 1.45125 1.43127 1.41894 1.40749 1.40507 1.47077 1.61384 1.67678 1.64855 1.62002 1.59278 1.56631 1.54079 1.51618 1.46483 1.50319 1.87088 1.86104 1.86879 1.87778 1.91237 1.97038 2.04324 2.05852 2.00132 2.05005 2.03665 2.03574 2.03481 2.03390 2.03299 2.03307 2.04669 2.06784 2.08917 2.11048 2.27800 2.30100 2.29049 2.29003 2.28001 2.28015 2.34810 2.32756 2.27652 2.31010 2.29118 2.19174 2.13067 2.12993 2.11502 2.09463 2.07689
0.544451 0.878770 0.796908 0.848766 0.899140 1.13753 1.26623 1.41139 1.45344 1.43894 1.41144 1.39509 1.41030 1.42600 1.43734 1.44827 1.45874 1.46884 1.47854 1.32035 1.31567 1.43075 1.42973 1.43013 1.43789 1.44838 1.45886 1.46935 1.47863 1.41168 1.81171 1.95208 2.00864 2.06524 2.09535 2.09539 2.09335 2.06193 1.99587 2.03974 2.02661 2.03603 2.05758 2.07985 2.10209 2.12334 2.13103 2.13121 2.13495 2.14408 2.22837 2.34297 2.33016 2.33930 2.35838 2.36726 2.31608 2.21398 2.20290 2.24702 2.25535 2.21770 2.08216 2.05879 2.05335 2.05335 2.02906
0.645739 0.888767 0.976736 1.00024 1.01058 1.05993 1.20835 1.34909 1.39892 1.40823 1.41726 1.42574 1.47337 1.50291 1.50291 1.50291 1.50291 1.50291 1.50899 1.38871 1.27499 1.45012 1.47384 1.48392 1.48665 1.48665 1.48999 1.54070 1.60671 1.63115 1.83072 2.09539 2.09539 2.09539 2.09539 2.09539 2.10277 2.10731 2.08892 2.07780 2.12678 2.13256 2.15386 2.16696 2.17603 2.18502 2.19408 2.20311 2.20843 2.20832 2.21729 2.38737 2.37112 2.36726 2.36726 2.36726 2.35298 2.19062 2.15328 2.15271 2.17559 2.15200 2.05294 1.98305 1.96091 1.93878 1.90886
1.07093 1.09495 1.12122 1.12848 1.12848 1.12848 1.23674 1.32916 1.42820 1.42820 1.42820 1.42820 1.45456 1.51458 1.54327 1.57208 1.60091 1.62974 1.65248 1.59446 1.33366 1.39163 1.48665 1.51935 1.58533 1.65127 1.71393 1.72924 1.72924 1.72071 1.66672 2.07360 2.12023 2.14564 2.17106 2.19849 2.22166 2.22049 2.17957 2.15628 2.24530 2.22396 2.21241 2.20832 2.20832 2.20832 2.20832 2.20832 2.20832 2.20832 2.20832 2.32019 2.37833 2.34082 2.31752 2.28957 2.26863 2.16337 2.08625 2.00170 2.03820 2.03690 2.02255 1.92737 1.92500 1.92773 1.94289
1.13294 1.12030 1.11844 1.12810 1.12848 1.12848 1.16719 1.27784 1.42976 1.46903 1.49372 1.51838 1.55431 1.65410 1.65424 1.65424 1.65424 1.65424 1.65424 1.66818 1.45605 1.46809 1.69593 1.72924 1.72924 1.72924 1.72834 1.71120 1.68824 1.66956 1.70891 2.04128 2.22508 2.21547 2.20587 2.19426 2.17954 2.16954 2.14775 2.12037 2.25104 2.21580 2.20832 2.20832 2.20832 2.20832 2.20832 2.20832 2.20602 2.18370 2.15432 2.16043 2.28696 2.25219 2.24549 2.24408 2.24355 2.19474 2.08423 1.97989 1.99116 1.98072 1.97022 1.90652 1.84130 1.77589 1.69632
0.994919 1.18434 1.12064 1.15884 1.19429 1.22888 1.26346 1.39094 1.49554 1.55791 1.55791 1.55791 1.55793 1.64151 1.65424 1.65824 1.71015 1.77616 1.84217 1.89326 1.71751 1.54910 1.68018 1.70451 1.68735 1.67014 1.64985 1.63348 1.62202 1.60626 1.62220 1.78332 2.16808 2.16926 2.16926 2.16926 2.16926 2.16926 2.16397 2.09999 2.22336 2.23285 2.20832 2.20731 2.20082 2.17789 2.14611 2.11344 2.08310 2.07277 2.06949 2.06621 2.21135 2.22855 2.21530 2.21201 2.20927 2.20536 2.06316 1.94492 1.79380 1.69995 1.61878 1.54413 1.52915 1.52907 1.52907
0.979961 1.32632 1.38602 1.33368 1.31007 1.31007 1.31007 1.34761 1.44044 1.55541 1.55791 1.55793 1.58754 1.71009 1.82080 1.88278 1.88907 1.86789 1.82922 1.78744 1.65960 1.39481 1.51463 1.61594 1.59872 1.58148 1.56826 1.56739 1.56739 1.56739 1.56791 1.67426 2.06200 2.16926 2.16926 2.17050 2.17661 2.18313 2.18076 2.12781 2.13583 2.19162 2.11915 2.08677 2.06061 2.05089 2.05003 2.05003 2.05003 2.05003 2.05003 2.05003 2.12207 2.22922 2.16036 2.08052 1.99938 1.91820 1.74725 1.64466 1.53828 1.51634 1.51408 1.51635 1.52916 1.53970 1.55066
0.979961 1.22772 1.42227 1.35292 1.31289 1.31007 1.31007 1.31042 1.42334 1.58842 1.67281 1.71346 1.72443 1.73816 1.77470 1.73323 1.70435 1.69052 1.69414 1.70087 1.69918 1.41846 1.43351 1.56485 1.56739 1.56876 1.57588 1.58354 1.59120 1.59885 1.60651 1.67007 1.92047 2.20671 2.19762 2.18729 2.17212 2.14479 2.09802 2.05365 1.98029 2.06929 2.05025 2.03521 2.03369 2.03219 2.03068 2.02917 2.02760 2.00185 1.90218 1.78528 1.66747 1.59631 1.74531 1.77694 1.77543 1.78146 1.76796 1.68754 1.63408 1.56801 1.54286 1.55308 1.56171 1.57205 1.57227
0.979961 1.02466 1.43729 1.37864 1.31333 1.27032 1.24806 1.22581 1.34813 1.58791 1.63289 1.61030 1.59601 1.60421 1.70255 1.70801 1.69167 1.66743 1.64325 1.61905 1.59485 1.48285 1.46129 1.59078 1.63706 1.64334 1.64395 1.63591 1.61766 1.59937 1.58111 1.57164 1.68051 2.10772 2.11144 2.07014 2.02877 1.99912 1.99784 1.99784 1.93093 2.01564 2.04011 2.00951 1.99786 1.91285 1.79858 1.67793 1.55024 1.44447 1.42953 1.43211 1.46701 1.54620 1.74802 1.91958 1.95871 1.99035 1.99845 1.83662 1.77771 1.66262 1.56559 1.58361 1.63486 1.68211 1.72619
0.933922 0.927565 1.35837 1.38775 1.29842 1.20475 1.23562 1.24686 1.25811 1.48858 1.53449 1.49316 1.45931 1.43839 1.49790 1.48784 1.48161 1.48161 1.48161 1.48161 1.48161 1.48304 1.48725 1.51733 1.59148 1.57320 1.55491 1.54468 1.54465 1.54440 1.51567 1.46740 1.49784 1.78319 1.99784 1.99784 1.99784 1.99784 1.99784 1.99239 1.86876 1.78292 1.75091 1.58476 1.46096 1.43492 1.46380 1.50855 1.55331 1.59802 1.64274 1.68490 1.69476 1.70518 1.77883 1.99627 2.00142 2.00142 2.00142 1.90756 1.87393 1.81801 1.74080 1.76354 1.78728 1.81292 1.82275
1.03678 1.18663 1.27224 1.25477 1.25952 1.15314 1.12163 1.12095 1.12095 1.24561 1.42607 1.42935 1.39235 1.39235 1.44475 1.48161 1.48609 1.50936 1.53470 1.56004 1.58540 1.60930 1.60754 1.41557 1.53240 1.54465 1.53013 1.48315 1.43487 1.38689 1.36739 1.36739 1.39453 1.56459 1.99154 1.94360 1.81754 1.68074 1.53430 1.37852 1.29477 1.32079 1.48428 1.55138 1.63958 1.67893 1.69476 1.69476 1.69476 1.69476 1.69476 1.69476 1.69476 1.69476 1.74094 1.92981 2.04917 2.10118 2.15286 2.15296 2.01549 2.00598 1.96472 1.93018 1.93719 1.93439 1.90395
1.37548 1.37552 1.35238 1.19436 1.21217 1.17368 1.12095 1.12095 1.12095 1.12971 1.38786 1.44867 1.42809 1.44350 1.49931 1.59198 1.61285 1.61493 1.61493 1.61493 1.61493 1.61493 1.61001 1.43537 1.39357 1.40233 1.36862 1.36739 1.36739 1.36739 1.36977 1.37440 1.37658 1.36073 1.38190 1.29037 1.26366 1.24029 1.21752 1.20044 1.18646 1.18515 1.43780 1.53532 1.69476 1.69476 1.69476 1.69476 1.69476 1.69476 1.69476 1.69609 1.73696 1.79575 1.87664 2.03088 2.19631 2.19576 2.19549 2.19476 2.03663 2.03215 2.05334 1.91572 1.86986 1.86621 1.86114
1.37552 1.37552 1.37552 1.21992 1.20384 1.21150 1.13504 1.15603 1.17775 1.19946 1.35607 1.53104 1.52719 1.50662 1.51786 1.61491 1.61493 1.61493 1.61455 1.58479 1.53653 1.48833 1.44490 1.38967 1.25314 1.36778 1.36716 1.36413 1.36109 1.35704 1.33910 1.31571 1.29480 1.25128 1.19375 1.18493 1.18490 1.18490 1.18490 1.18490 1.18490 1.17294 1.34419 1.48941 1.65734 1.69476 1.69475 1.69432 1.72370 1.78246 1.84477 1.90917 1.93407 1.94097 1.95008 2.01176 2.20722 2.24126 2.24735 2.25345 2.16227 2.07911 2.09251 1.91768 1.79222 1.75034 1.70781
1.37552 1.37552 1.37552 1.27303 1.26696 1.35163 1.26387 1.23522 1.23522 1.23522 1.25022 1.50108 1.54085 1.50763 1.50662 1.58334 1.55227 1.50400 1.45618 1.43756 1.43668 1.43875 1.44220 1.44556 1.26174 1.30229 1.30368 1.28796 1.27225 1.25758 1.25440 1.25440 1.25440 1.25118 1.18879 1.18490 1.18490 1.18490 1.18490 1.18456 1.18216 1.17091 1.25201 1.49221 1.63627 1.81229 1.87809 1.94422 1.98059 1.98757 1.99099 1.99099 1.99099 1.99099 1.99099 2.02485 2.15336 2.26089 2.23646 2.20377 2.13255 1.93113 1.90300 1.80109 1.67383 1.66215 1.66132
