results/SampleNumber_2006_06-08.asc
ncols      200
nrows      200
xllcorner       120.258
yllcorner       41.1236
cellsize     0.0166667
NODATA_Value      -999.000
[rows 55 to 109 of 173, columns 96 to 191 of 200]
36 36 35 30 30 29 28 28 28 28 30 33 33 37 39 39 39 39 40 39 39 38 39 39 40 39 40 40 39 41 42 42 43 43 45 46 47 47 44 46 42 42 43 41 41 41 40 40 40 40 38 41 40 42 41 39 39 38 39 37 35 35 36 35 37 39 41 38 40 39 37 39 37 37 36 35 37 35 35 35 35 36 34 34 35 34 36 36 37 38 39 39 37 38 34 33
38 38 36 32 32 31 30 30 31 31 33 36 35 39 41 41 42 39 39 38 38 36 37 36 37 36 36 36 35 37 38 37 38 38 39 40 41 40 39 41 37 38 39 38 38 38 37 37 36 35 33 36 36 38 37 35 34 33 33 31 30 30 31 30 33 36 37 34 38 37 36 38 36 36 35 34 36 34 35 36 36 37 35 35 36 36 38 39 40 40 41 41 39 40 35 35
37 37 36 33 33 33 32 32 33 33 35 38 37 42 44 44 45 42 42 41 42 40 41 40 41 40 40 40 39 41 43 41 42 42 43 44 43 42 42 44 40 41 42 41 40 40 38 38 37 36 34 37 36 37 36 34 33 32 32 30 28 28 29 29 32 34 34 32 36 36 35 35 34 34 33 34 35 33 34 35 35 35 35 35 36 36 38 39 39 39 39 40 38 39 35 35
35 34 33 30 30 30 31 31 32 32 35 37 37 42 43 42 43 40 41 39 41 39 40 39 40 39 39 40 40 42 44 42 44 45 45 46 46 44 43 44 39 40 41 41 39 41 39 39 38 37 35 39 38 38 37 35 34 33 32 31 29 29 30 30 33 35 34 31 35 35 34 34 32 33 31 33 34 32 32 33 33 33 33 33 34 34 36 38 37 37 37 37 34 35 31 31
34 33 31 28 28 28 29 29 30 30 33 35 35 40 41 39 40 38 39 37 39 37 37 36 37 37 37 38 38 39 41 40 43 45 44 44 43 41 42 43 38 41 42 42 40 43 41 41 40 39 38 42 41 40 39 38 37 37 36 34 33 33 34 35 37 38 37 34 38 37 36 35 32 33 30 31 32 30 30 31 31 31 31 31 33 34 37 40 38 37 37 37 34 35 32 33
37 34 33 30 30 30 31 31 32 33 36 38 39 43 44 41 41 40 40 39 41 39 38 36 37 37 37 38 38 39 41 39 42 42 41 41 41 39 40 40 35 38 38 38 36 40 40 41 40 39 38 42 41 40 39 39 38 38 37 36 35 35 36 37 39 38 38 35 39 37 37 35 32 33 30 31 32 30 30 31 30 30 30 30 31 32 35 37 35 34 35 35 36 36 33 34
38 35 33 30 30 30 31 31 32 32 35 37 38 42 43 41 42 42 43 41 43 41 40 39 40 40 39 41 41 42 42 40 42 43 42 41 42 40 41 41 37 40 39 39 37 40 39 39 39 38 38 42 41 40 39 39 38 38 37 37 37 36 38 39 40 39 40 36 39 38 38 37 34 37 34 35 35 35 34 35 34 34 34 35 36 37 38 40 38 37 37 36 37 37 33 34
41 38 36 34 34 34 35 35 36 37 40 42 44 45 44 42 42 42 42 39 41 39 38 38 39 39 38 40 40 41 42 41 44 45 46 45 46 44 45 45 42 44 44 43 41 44 43 44 44 43 44 47 44 42 42 42 40 38 36 36 35 34 38 39 40 39 39 36 38 38 38 37 35 38 35 36 35 36 35 36 35 35 36 36 38 39 40 43 41 40 39 37 37 37 34 34
40 37 36 34 34 35 36 36 38 39 41 43 45 46 44 42 41 41 40 38 39 36 35 35 35 35 34 37 36 37 38 37 39 40 40 38 40 39 40 40 39 41 41 40 38 41 39 39 39 39 39 42 39 37 36 37 35 33 32 32 31 31 36 38 38 37 39 37 39 39 39 38 36 39 36 38 38 39 38 39 38 37 38 39 40 42 43 44 42 42 41 39 39 39 36 36
38 35 34 33 33 34 35 35 37 38 40 43 45 47 45 43 42 43 42 40 41 39 38 38 38 38 37 41 40 40 41 40 42 42 41 41 43 42 43 43 42 43 43 41 39 42 40 40 40 40 40 42 39 37 36 37 35 33 32 32 31 31 36 36 36 36 38 37 37 38 38 36 36 38 35 37 37 38 37 37 36 35 36 37 38 39 39 40 38 38 37 35 35 35 33 32
35 32 32 33 33 34 35 36 37 38 40 42 44 44 42 40 40 41 41 40 41 39 38 38 38 40 40 44 43 43 44 43 44 45 44 44 44 42 43 43 42 43 43 42 40 43 40 40 40 40 40 42 38 36 36 37 36 34 32 32 30 30 35 35 35 34 36 35 35 36 36 35 34 37 34 36 35 36 37 38 37 36 37 38 39 41 40 41 40 40 39 36 36 36 34 33
35 32 32 33 33 34 35 35 36 38 40 42 44 44 42 40 39 40 40 38 39 37 36 37 37 39 39 42 42 42 43 44 43 44 43 43 45 42 44 45 44 45 45 45 43 46 43 43 45 44 45 47 44 42 42 43 40 39 37 37 36 36 41 39 38 37 38 38 37 37 36 34 33 35 32 34 33 34 35 36 35 34 36 38 39 43 40 41 39 39 38 35 36 37 36 35
36 33 33 34 34 35 37 37 38 39 40 42 43 42 39 39 38 40 40 38 38 36 35 36 36 38 38 41 40 40 41 41 40 41 40 39 42 39 41 41 40 41 42 43 42 45 42 42 44 43 44 46 43 42 42 44 42 41 39 39 38 37 42 40 39 38 39 40 38 38 37 35 34 36 33 35 34 35 35 36 36 35 38 40 40 43 40 41 39 41 40 37 38 39 38 37
35 32 32 33 34 35 37 37 38 39 40 41 43 42 40 41 40 41 41 39 39 38 37 38 37 39 38 40 38 38 38 39 38 38 37 36 40 38 40 39 39 40 40 40 39 41 39 39 42 41 42 43 41 40 40 42 41 40 39 39 39 38 43 41 39 38 38 39 38 38 38 36 35 36 34 34 33 34 34 35 35 34 36 37 38 40 37 37 36 37 36 33 34 34 33 33
38 36 36 37 38 39 41 41 42 44 43 42 43 42 39 39 37 38 38 36 36 37 36 37 36 38 38 41 40 40 41 42 42 42 41 40 43 42 43 44 44 44 44 44 44 46 44 45 48 46 46 46 45 45 44 45 43 41 40 40 40 39 44 42 40 39 40 42 40 40 40 38 37 37 36 37 36 37 37 38 38 38 40 41 42 44 41 39 38 38 36 34 35 34 33 33
38 36 36 37 38 39 42 41 41 44 42 41 41 40 38 37 37 38 38 35 35 35 35 36 35 37 37 39 38 38 40 41 41 42 42 41 43 42 41 42 42 42 42 42 41 43 42 43 46 44 44 42 39 40 39 39 37 35 35 37 38 38 43 42 40 39 40 42 40 40 40 38 38 38 38 39 38 39 39 40 40 39 43 44 43 45 41 41 40 40 38 36 37 36 35 35
36 35 35 36 37 38 41 40 40 44 42 43 42 40 38 38 38 38 38 36 36 36 36 36 36 38 38 39 38 38 40 40 39 41 41 41 43 42 41 42 41 40 40 40 39 40 38 40 42 40 40 38 35 37 36 36 34 33 33 35 36 36 39 39 37 38 40 42 40 40 41 38 38 38 38 39 38 38 38 38 38 37 41 40 39 41 36 37 37 37 35 33 33 31 30 30
34 34 34 35 37 37 40 39 39 41 38 39 38 36 35 35 37 37 37 35 35 35 36 37 37 40 40 41 40 40 42 43 42 42 40 40 42 42 41 43 41 41 41 40 39 40 38 40 41 40 39 37 35 37 37 37 35 34 35 36 37 37 40 39 37 37 38 40 39 38 41 38 38 37 37 38 38 39 39 39 39 38 42 41 40 42 40 40 40 39 36 34 34 32 32 32
34 34 34 35 37 37 41 41 40 42 39 40 38 36 35 35 37 36 36 34 34 35 36 37 37 39 40 41 40 42 43 44 43 45 42 43 45 45 44 46 44 44 44 43 42 43 43 45 46 45 44 42 40 42 40 39 37 36 37 38 39 39 41 39 36 36 36 37 35 33 35 32 32 31 31 32 33 34 34 35 35 35 40 39 38 40 38 38 38 38 36 35 35 34 34 34
34 34 34 36 38 38 41 40 39 41 37 36 35 34 34 34 36 34 34 32 32 33 34 35 35 36 36 37 37 38 39 39 39 40 38 39 40 41 40 42 42 42 42 42 41 42 42 44 44 43 43 42 41 44 42 41 39 37 38 38 42 40 42 41 38 39 40 40 38 36 38 35 35 34 34 35 35 37 38 39 40 41 45 43 42 43 42 41 41 41 39 38 38 38 37 39
35 35 36 38 40 40 43 42 42 44 41 41 40 38 38 37 39 37 37 35 35 36 36 36 36 36 36 35 36 36 37 36 36 38 37 38 38 39 38 39 38 38 39 38 37 38 39 41 41 40 40 39 38 42 40 39 38 36 38 38 42 38 40 39 36 37 38 39 37 35 36 34 33 32 32 33 33 35 35 35 35 37 41 38 38 39 37 37 37 37 35 34 34 35 34 36
35 35 36 38 40 40 44 42 41 44 40 40 37 36 37 36 38 36 37 35 36 37 37 37 38 39 39 39 40 40 42 41 41 42 41 41 42 43 42 42 41 42 43 43 42 44 45 46 46 45 46 44 43 46 42 41 40 38 39 39 43 39 40 40 37 39 39 40 38 36 37 34 34 33 33 34 34 36 36 37 37 39 44 41 41 40 37 37 37 37 35 34 34 35 34 36
35 35 36 39 40 39 44 41 40 42 39 39 35 35 36 35 37 34 34 32 34 35 35 35 36 37 39 38 40 41 43 43 43 44 44 44 44 45 44 44 43 44 44 45 44 46 47 48 45 44 43 41 40 42 38 39 39 38 39 39 43 39 39 39 36 38 38 38 36 34 36 34 34 33 33 34 34 36 35 37 37 39 42 39 40 39 36 36 37 37 35 34 34 35 34 36
34 34 35 38 38 37 42 40 40 43 39 39 36 36 37 35 37 35 35 33 35 35 36 36 37 38 39 38 40 41 42 43 45 46 46 46 46 46 43 43 42 43 42 43 41 44 45 46 43 42 41 39 39 41 37 39 38 37 38 37 43 39 40 42 39 41 40 41 39 37 39 37 37 36 36 36 36 37 36 38 38 39 41 37 38 39 37 37 38 36 33 32 32 33 32 34
34 35 35 38 39 37 41 38 38 41 37 37 35 35 38 36 38 36 36 35 38 38 39 40 41 42 43 42 45 46 45 45 46 46 46 47 48 48 44 45 44 44 43 44 43 45 46 46 43 42 41 40 40 42 38 40 40 38 39 38 43 38 39 41 37 39 39 40 38 36 38 36 36 35 36 37 37 38 37 39 39 40 40 36 37 38 36 36 36 34 32 31 31 32 31 34
34 35 35 39 40 39 42 39 40 43 38 38 36 36 37 35 37 35 35 35 38 38 38 39 40 41 42 42 44 46 45 45 46 46 46 47 48 48 45 46 45 45 44 46 46 48 49 49 46 45 45 44 44 45 41 43 42 41 43 42 45 39 40 42 38 40 38 39 37 35 37 35 35 35 36 37 38 39 38 40 40 41 42 39 40 41 40 40 40 38 36 35 35 36 35 38
35 36 36 39 41 39 43 39 40 42 39 40 38 37 37 35 36 34 34 34 37 37 37 37 38 38 39 38 40 42 40 40 42 40 40 42 43 44 41 42 42 42 41 43 43 45 45 45 42 42 42 42 42 43 39 41 39 39 42 41 45 39 41 44 40 42 40 40 38 36 38 36 36 36 37 39 40 42 42 44 43 44 45 42 40 42 41 41 42 41 41 40 40 42 41 44
41 42 42 46 47 45 50 48 50 51 48 48 46 44 43 41 42 40 40 40 43 42 42 42 42 42 44 43 44 46 45 45 47 44 44 46 46 45 43 44 45 44 42 45 45 47 47 47 44 45 46 46 46 46 41 43 41 41 41 40 44 38 40 42 39 42 40 39 37 36 36 34 34 34 34 36 38 38 39 41 40 42 42 40 38 40 38 38 39 38 39 39 39 41 40 43
43 45 45 50 49 47 51 49 51 50 47 48 47 45 44 43 44 42 43 43 46 45 47 46 46 46 47 46 48 49 47 46 48 46 46 48 48 47 46 47 49 48 46 51 50 52 52 52 50 50 51 50 49 48 44 46 44 45 44 42 46 40 43 44 41 44 42 41 38 38 38 37 37 37 37 39 41 42 43 45 45 47 46 43 40 43 41 41 42 41 42 42 42 44 44 47
47 49 49 55 54 51 54 52 53 50 49 49 48 46 45 44 44 42 44 44 47 46 49 49 49 48 48 49 51 52 50 49 51 48 47 49 49 47 47 48 50 49 46 51 50 50 49 48 47 47 48 46 47 46 43 47 45 46 45 42 45 40 43 44 41 43 41 41 39 39 39 38 38 38 38 40 42 43 43 45 44 46 44 41 38 41 39 39 40 39 40 40 40 43 43 46
49 51 50 56 55 52 55 53 52 50 50 51 49 47 46 45 45 43 45 46 48 47 50 51 49 48 49 50 51 54 53 52 53 51 49 50 49 47 47 48 49 47 44 50 49 49 48 47 46 46 48 46 47 46 43 47 44 45 46 43 47 43 46 46 43 46 44 44 42 42 42 41 41 41 41 42 44 45 44 45 44 45 43 43 41 44 41 40 40 39 40 40 40 43 44 47
51 54 52 57 55 52 56 54 53 51 51 52 51 49 48 47 47 46 49 50 52 52 55 56 54 54 54 53 53 56 53 52 53 53 51 52 50 49 49 49 50 48 46 50 49 48 47 46 45 45 47 45 46 45 43 46 43 44 45 41 45 41 43 43 41 45 43 43 41 41 41 41 41 42 42 43 45 45 44 44 42 43 41 41 39 42 39 38 38 37 38 39 39 42 42 45
51 56 55 59 57 55 60 57 55 53 52 52 52 50 49 48 48 48 51 52 53 53 55 55 53 54 55 53 52 56 53 52 53 53 51 52 50 49 50 51 53 51 50 54 54 53 52 51 51 52 52 50 51 49 48 51 49 49 49 44 48 44 46 45 41 45 43 43 41 41 41 42 43 45 45 46 48 46 46 46 46 47 44 44 42 45 42 41 42 41 42 43 43 46 46 49
49 54 54 58 55 53 57 56 55 53 52 51 51 49 48 47 47 47 50 52 52 52 53 53 51 51 51 50 49 52 49 48 49 50 49 50 48 48 49 50 52 50 49 53 52 51 50 50 51 51 52 50 50 46 46 49 48 50 50 44 49 46 48 47 43 46 44 44 42 42 42 43 44 46 46 48 51 50 50 50 51 49 47 46 43 46 44 45 45 44 45 47 47 49 49 52
51 56 55 60 60 60 64 63 61 59 58 57 56 55 53 52 52 52 55 58 58 58 59 60 59 57 57 56 55 58 54 52 53 52 50 51 49 49 51 50 52 50 49 53 52 50 49 51 52 52 52 49 49 45 45 47 45 47 47 41 44 44 45 43 41 44 42 42 40 40 40 41 42 44 42 44 47 46 46 45 46 45 43 43 40 42 40 42 42 42 43 45 45 47 48 50
58 63 61 66 66 66 69 67 65 63 63 61 61 60 58 57 57 57 60 62 61 63 64 64 63 61 61 57 55 58 54 52 54 53 51 53 51 51 54 53 57 55 54 58 57 56 54 56 56 56 56 53 54 50 52 51 50 52 52 45 48 46 47 45 42 45 42 42 40 41 41 42 43 45 43 47 49 49 51 51 50 48 46 46 43 45 43 45 46 46 47 49 49 51 52 53
60 66 64 68 68 68 69 67 65 63 62 60 60 59 57 56 57 57 60 62 62 64 64 63 63 61 63 59 57 60 56 53 55 55 53 54 52 53 56 55 58 56 54 56 56 54 53 55 55 56 55 52 54 51 53 51 50 52 51 46 49 47 47 45 42 46 43 43 41 42 42 43 44 46 44 48 48 49 51 50 49 46 44 45 42 44 42 44 44 44 45 47 48 50 51 52
60 66 63 66 66 65 65 65 63 60 59 57 57 56 54 53 56 56 58 60 60 63 62 62 62 61 64 62 60 61 58 56 55 55 52 53 52 53 53 52 56 54 52 54 53 51 50 52 53 54 52 49 52 48 50 49 50 50 50 46 49 46 47 44 41 45 43 43 41 42 42 43 44 46 44 48 47 46 48 47 48 46 44 44 42 42 40 42 42 42 43 46 47 49 50 53
60 65 63 67 66 65 65 64 62 59 58 57 57 56 56 55 58 58 60 62 62 65 63 64 61 60 61 58 55 56 54 52 51 52 49 50 49 50 50 49 53 51 50 51 50 48 48 49 50 51 49 46 49 46 48 48 49 49 50 46 49 47 48 45 42 45 43 43 42 43 44 44 45 47 45 48 46 44 46 44 45 43 41 40 39 39 38 40 41 41 42 45 45 47 48 51
62 66 65 70 68 68 67 66 64 63 62 61 61 60 60 59 63 63 66 68 66 68 66 69 65 64 66 63 60 61 59 57 56 57 55 56 55 56 57 56 59 58 57 57 56 55 55 56 55 56 53 51 54 51 52 50 51 49 50 45 47 45 45 43 40 42 40 40 40 41 43 43 44 46 42 45 44 44 46 43 44 42 41 40 38 39 38 40 41 41 42 45 45 46 46 48
58 61 59 63 63 63 63 62 59 58 57 56 56 55 55 55 59 59 61 63 60 62 59 61 59 57 59 54 52 53 52 51 50 51 49 50 50 51 51 50 54 52 52 52 52 52 52 54 53 54 49 47 50 47 50 48 49 47 49 46 48 46 45 43 40 42 40 40 40 41 43 43 45 48 44 49 48 49 49 46 48 45 43 44 42 43 42 44 46 46 47 50 50 51 51 53
57 63 63 68 68 69 68 67 64 62 62 60 59 58 58 58 63 63 65 68 65 69 65 66 64 61 64 57 55 55 51 50 50 51 50 51 52 52 52 51 55 54 53 52 53 54 53 55 53 54 49 47 49 48 50 48 48 46 48 45 45 44 44 42 40 41 39 39 39 41 42 41 42 45 41 46 43 44 44 41 43 40 38 38 36 38 38 40 42 42 43 47 46 48 49 51
57 62 62 66 65 66 65 65 64 62 63 61 60 59 59 59 64 64 65 66 62 67 63 64 60 55 59 52 52 53 49 49 49 50 49 51 52 52 52 52 56 55 54 53 53 53 52 54 52 53 49 48 49 50 52 50 49 47 48 46 46 44 44 42 41 41 39 40 40 42 43 42 44 48 43 49 47 48 47 43 45 42 40 40 38 40 41 43 45 45 46 49 48 50 49 52
60 65 65 67 65 66 64 64 63 61 61 59 58 57 57 58 65 64 65 67 63 67 64 65 62 58 62 56 56 57 53 54 54 54 54 56 57 57 58 56 58 57 55 55 55 55 55 56 54 54 51 50 50 50 52 49 47 47 48 46 46 43 44 41 40 40 38 39 39 41 42 41 44 47 42 50 47 48 46 43 44 41 40 40 39 41 42 43 45 46 48 50 48 50 48 51
59 63 61 62 62 61 60 59 58 56 56 53 52 52 53 54 61 60 61 64 62 65 63 65 63 60 63 56 56 56 52 53 53 53 54 53 54 54 55 53 55 53 50 50 51 51 53 53 51 52 49 48 49 50 49 48 48 48 49 48 47 44 45 43 42 42 40 41 41 43 44 42 45 48 42 47 44 46 44 41 43 40 38 38 37 39 40 41 43 44 46 48 47 50 48 52
59 64 62 62 61 59 58 57 56 54 54 53 53 53 54 55 61 60 61 64 62 63 61 61 58 55 57 52 52 51 47 49 49 49 50 49 50 49 51 50 51 49 46 46 47 47 49 49 47 48 45 45 46 49 48 48 47 47 48 48 47 44 45 43 42 42 41 42 43 44 46 44 47 49 43 47 44 46 44 41 43 39 38 38 37 39 40 41 44 44 46 48 48 51 48 51
60 65 63 63 62 59 59 59 59 57 58 57 57 58 59 60 67 64 67 70 68 69 65 66 63 60 62 57 57 56 53 55 55 55 56 56 56 55 55 55 55 53 50 51 53 52 54 53 52 53 50 50 49 51 48 48 47 46 46 46 45 43 43 41 40 40 40 42 44 45 47 44 45 47 43 48 45 45 43 40 43 40 39 39 38 40 41 42 45 45 47 48 48 49 46 49
55 59 60 60 58 54 54 54 54 52 53 52 52 54 55 56 62 59 62 64 62 64 62 62 57 54 56 52 52 51 49 50 50 50 52 52 52 51 52 51 52 51 48 49 51 51 52 50 49 50 47 49 48 50 46 48 47 48 47 46 45 43 43 41 40 40 40 42 44 45 49 46 47 51 48 52 48 49 47 44 47 45 44 44 43 45 45 45 48 48 50 50 50 51 48 51
62 67 67 66 64 60 60 59 59 57 58 57 57 59 59 61 68 65 67 69 64 66 63 63 59 55 57 51 50 51 50 51 52 52 54 54 54 53 54 54 53 53 51 52 54 53 54 52 51 50 48 50 49 49 46 47 46 46 45 44 42 41 41 39 38 38 39 41 41 43 47 45 46 48 44 47 44 46 42 40 42 40 39 41 40 42 43 43 47 46 47 47 47 49 46 49
62 67 67 67 66 63 64 63 63 61 61 60 60 62 64 64 68 63 66 68 62 63 59 59 54 52 55 49 49 50 49 50 51 52 54 54 55 54 56 55 54 54 51 52 54 53 54 52 53 50 49 53 52 52 48 49 48 49 47 46 44 43 42 40 39 39 40 42 42 45 48 45 47 50 46 49 45 46 42 40 42 40 39 42 41 43 44 44 47 46 47 47 49 51 48 50
64 68 65 64 63 60 61 59 59 57 57 56 56 59 62 62 66 62 65 68 63 64 62 62 58 56 59 53 53 54 54 54 56 58 60 59 59 57 58 57 55 54 51 53 55 54 56 52 54 50 49 53 50 50 47 49 47 49 47 46 44 43 43 41 40 40 42 44 44 46 48 46 49 51 47 49 44 44 40 39 41 39 39 42 41 42 43 44 48 47 47 47 49 50 47 48
61 65 62 60 59 56 57 55 55 52 52 53 53 56 59 59 64 60 63 66 63 64 63 63 58 57 58 53 53 54 54 55 56 55 57 56 56 54 55 53 51 51 48 51 52 50 52 48 50 46 47 51 47 47 45 47 45 47 45 44 43 42 42 40 40 40 42 43 45 47 50 47 49 51 47 49 46 46 42 41 42 40 40 43 42 43 44 45 48 48 48 48 50 52 49 50
63 67 65 63 62 59 60 58 59 58 58 59 59 62 65 64 68 64 66 66 62 63 61 61 57 56 56 51 51 52 52 53 54 53 54 54 56 55 56 54 51 50 47 50 52 50 52 47 49 46 49 52 48 49 47 49 47 49 44 43 42 41 41 40 40 40 42 43 45 46 48 44 46 46 43 45 42 41 38 39 40 38 38 41 40 42 43 44 47 47 47 47 49 48 46 47
65 68 65 64 64 61 63 61 62 61 61 63 64 67 70 68 73 69 71 69 66 66 64 64 60 59 59 55 55 56 56 57 59 58 58 57 59 57 57 55 52 53 50 52 53 52 54 49 50 49 52 54 48 49 46 48 47 48 44 44 43 42 42 42 43 43 47 48 50 49 50 48 51 51 48 48 45 44 42 43 44 42 42 45 44 46 47 47 49 48 47 46 48 45 43 44
64 66 61 60 61 58 60 58 59 58 58 61 62 66 68 66 68 65 67 66 62 62 59 59 56 55 55 52 51 52 52 53 55 55 53 53 55 54 54 53 50 51 49 51 50 50 51 47 49 48 50 51 47 48 46 48 46 46 42 42 41 40 40 40 41 41 45 47 50 49 50 52 54 53 51 51 48 49 47 48 49 47 47 48 47 50 51 52 53 51 50 50 51 47 46 47
