results/SampleNumber_2006_06-08.asc
ncols      200
nrows      200
xllcorner       120.258
yllcorner       41.1236
cellsize     0.0166667
NODATA_Value      -999.000
[rows 0 to 54 of 173, columns 0 to 95 of 200]
12 12 14 14 15 16 16 16 18 18 18 19 18 17 18 19 19 20 20 23 22 19 19 19 19 19 17 17 17 19 19 21 21 20 20 19 20 22 21 21 20 21 22 20 20 19 19 22 22 22 22 20 20 20 20 23 20 21 22 21 22 22 20 19 21 20 19 19 21 20 20 19 21 22 22 20 19 19 19 18 18 19 19 19 20 21 23 20 22 20 21 18 18 17 16 18
12 12 14 14 15 16 16 16 18 18 19 20 19 18 20 21 21 22 22 25 24 21 22 22 22 22 20 20 20 22 21 23 23 22 22 21 22 24 23 22 21 22 23 21 21 20 20 23 23 22 22 20 21 21 21 24 21 22 23 22 23 23 21 20 22 21 20 21 23 22 22 21 23 23 23 21 21 21 21 20 20 22 22 22 24 25 27 23 25 23 25 22 22 21 21 23
15 15 17 17 18 19 19 19 22 22 23 25 25 25 27 28 28 29 28 29 29 26 27 27 27 27 25 25 25 27 25 27 25 24 24 23 25 27 26 25 24 24 25 23 23 22 22 25 25 24 24 22 24 25 25 28 24 25 26 25 26 27 25 24 26 25 24 26 28 26 26 25 26 26 25 24 24 24 24 23 23 25 26 28 30 31 33 29 30 28 30 28 28 27 27 29
17 18 20 20 21 22 22 22 25 25 26 28 28 28 30 30 31 32 31 32 32 29 30 30 29 29 27 28 28 30 28 30 27 26 26 25 28 29 28 27 26 26 27 25 25 24 24 27 28 27 27 25 27 28 28 31 27 29 29 28 29 30 29 28 31 30 29 31 32 29 29 28 29 29 28 27 27 27 27 26 26 28 29 32 32 33 34 30 31 29 31 29 29 28 28 31
19 20 22 22 23 24 24 24 27 27 28 30 30 30 32 32 33 34 33 34 33 30 31 31 30 30 28 29 29 33 31 33 30 29 29 27 30 31 31 30 29 29 30 28 28 27 27 30 31 29 29 27 29 30 30 33 29 31 32 30 31 32 30 29 32 31 30 32 33 30 31 30 31 31 30 29 29 29 29 29 29 31 31 34 34 35 36 32 33 31 33 30 30 29 29 32
20 21 22 23 24 25 25 26 29 29 30 32 32 32 33 32 33 35 34 35 34 32 32 32 31 31 29 30 31 35 33 36 33 33 33 32 35 36 36 36 35 35 36 34 34 34 34 37 36 34 34 32 34 35 35 38 34 36 37 35 36 37 33 31 34 33 31 33 34 32 33 32 33 32 31 30 31 31 31 31 31 33 33 36 36 38 39 35 36 33 35 32 32 31 31 34
19 20 21 22 23 25 25 26 29 29 30 31 31 31 31 31 32 35 34 35 34 33 33 33 32 32 31 33 34 37 35 38 36 37 38 38 41 40 40 39 38 39 40 38 38 39 39 43 42 39 40 38 40 40 40 42 39 41 42 40 41 41 37 36 38 38 37 39 38 35 35 35 36 34 33 33 33 32 32 32 32 36 36 39 39 41 41 37 37 34 36 33 33 31 31 34
21 22 23 24 24 25 25 26 28 28 29 29 29 28 29 30 30 31 30 29 28 27 27 26 25 25 25 27 28 31 29 32 30 32 33 34 37 36 37 36 33 34 36 34 34 36 36 40 39 36 37 35 37 37 37 38 35 37 38 36 37 39 35 34 35 35 35 37 36 33 34 35 36 34 33 33 33 32 32 32 32 36 37 40 39 41 41 38 38 35 37 34 34 33 33 35
20 21 22 23 23 24 24 26 28 28 30 31 31 30 31 31 31 32 31 30 30 30 31 30 29 29 29 31 31 34 32 35 32 33 34 35 37 35 36 35 32 33 34 32 32 35 35 36 35 32 33 31 33 33 33 34 31 33 34 32 33 35 31 30 32 30 31 33 33 31 33 33 34 32 32 33 33 32 32 32 32 35 36 39 37 39 38 36 37 35 37 35 35 35 35 37
21 22 23 24 24 25 25 27 29 30 33 35 35 35 36 35 33 34 35 34 34 34 35 34 33 33 33 35 35 37 34 36 33 33 34 36 38 36 37 35 32 33 34 32 32 35 35 36 35 32 34 33 35 35 34 34 32 34 35 33 34 35 31 30 32 31 32 33 31 29 30 30 29 27 27 28 29 28 28 29 30 34 34 38 37 39 37 35 37 35 37 35 35 37 37 39
20 21 21 22 23 24 24 26 28 29 32 34 34 34 35 34 33 35 36 34 34 34 34 34 32 33 33 35 35 37 33 35 32 32 34 36 37 35 36 34 32 32 33 31 31 36 35 36 35 33 35 34 36 36 36 35 34 37 38 36 37 38 35 34 36 36 35 35 32 30 31 32 31 28 28 29 30 28 28 29 30 33 32 35 34 36 35 35 37 36 37 35 35 37 37 37
21 22 22 23 24 25 25 27 29 30 32 34 36 36 38 37 36 38 37 35 35 35 34 34 32 33 33 36 36 37 34 36 32 32 33 36 36 34 35 33 32 32 31 29 29 34 33 33 32 30 32 32 34 34 34 34 34 35 36 34 34 35 33 32 33 33 33 34 30 29 30 31 30 27 27 28 28 26 27 27 28 32 31 34 33 35 34 34 35 34 35 34 34 36 36 36
20 20 20 21 22 23 23 25 27 28 30 32 33 33 35 35 34 36 36 35 35 35 34 34 32 33 34 38 38 39 36 39 36 36 37 41 42 39 39 37 36 37 35 34 34 39 36 35 34 32 34 35 36 36 36 36 36 37 38 34 35 35 34 33 33 34 34 35 31 30 31 31 30 28 29 30 30 28 29 29 30 34 35 37 34 35 34 34 35 34 34 32 32 34 33 33
18 19 20 21 22 24 24 26 27 28 30 31 32 32 34 34 33 34 33 32 33 33 32 32 32 33 34 37 37 38 35 39 37 38 39 42 41 38 39 38 37 38 37 38 39 44 40 39 39 37 39 38 39 39 40 40 40 41 42 38 39 39 39 39 39 40 38 37 34 33 34 33 33 30 31 31 31 29 31 31 32 35 36 38 34 34 33 33 35 33 34 31 31 33 32 31
18 19 20 21 22 24 24 25 25 26 28 29 31 30 31 31 29 29 28 28 29 28 27 27 27 28 29 32 32 33 31 35 33 34 35 38 36 33 34 34 33 34 33 35 36 41 37 36 35 33 35 34 35 34 35 35 35 36 38 35 36 36 36 36 35 36 33 32 30 31 32 31 31 28 30 29 29 27 30 31 32 35 35 37 34 34 33 33 35 33 34 32 32 34 33 32
19 20 21 21 22 24 24 26 26 27 29 30 32 30 30 29 27 27 28 28 29 28 27 27 27 28 29 32 32 31 29 32 30 31 33 36 34 31 33 33 32 33 33 35 36 38 34 33 32 31 33 32 33 32 33 33 33 34 35 32 33 32 31 30 31 32 30 29 28 28 29 28 29 27 29 29 28 26 29 29 30 33 33 34 31 33 33 33 35 34 35 33 33 35 32 32
20 21 22 22 23 26 26 28 31 32 34 35 37 33 34 33 31 31 32 32 33 32 31 31 31 32 32 35 33 32 29 31 29 30 32 35 33 30 32 32 31 31 31 33 34 36 32 32 32 31 33 32 33 32 33 33 33 34 34 31 32 31 31 30 31 32 28 27 25 26 25 24 25 24 26 26 25 25 28 28 30 33 34 34 31 32 33 33 35 34 35 36 36 38 35 35
17 18 19 19 20 23 23 25 28 29 31 33 35 32 34 34 33 32 33 33 33 32 31 31 31 32 32 35 32 31 28 31 29 29 31 34 31 29 30 30 29 29 30 32 33 35 31 31 32 31 33 32 33 32 34 34 34 35 35 33 34 33 34 33 33 33 28 27 26 26 25 23 24 23 25 24 23 23 26 25 26 29 30 30 28 29 31 31 32 31 32 34 34 34 31 32
19 20 21 21 22 25 25 27 30 32 34 37 39 36 38 37 35 34 35 34 33 33 32 33 33 35 36 38 35 34 30 33 29 29 31 33 30 29 30 29 28 28 29 31 31 32 28 28 29 29 31 30 31 31 33 33 33 34 33 30 31 30 31 31 31 32 27 27 26 26 25 23 24 23 24 23 22 22 25 25 26 29 30 30 28 29 30 30 31 30 31 33 33 33 30 31
16 17 18 18 19 22 22 23 26 28 30 33 35 33 35 35 33 33 35 34 33 33 32 34 35 37 38 40 39 38 35 38 35 35 37 38 35 34 35 34 32 32 33 34 32 33 29 29 30 30 32 31 32 32 34 34 33 34 32 30 31 30 32 32 32 34 29 29 28 28 27 26 27 26 27 26 25 25 28 28 30 30 30 30 28 29 29 28 28 27 28 30 29 29 28 29
29 28 29 27 25 26 24 24 23 22 21 21 20 20 18 17 26 27 27 28 29 29 29 30 31 32 32 32 36 37 38 40 42 40 41 42 41 43 42 42 43 44 43 45 45 42 41 41 42 42 46 42 45 42 42 42 43 42 41 40 42 40 39 41 40 40 41 42 44 43 44 41 38 39 37 36 31 31 34 32 33 32 31 32 31 34 34 37 36 37 37 37 36 35 36 35
27 26 27 26 24 24 22 22 21 20 19 19 19 19 17 16 25 25 25 26 27 27 28 29 30 31 32 32 36 38 38 40 41 38 38 39 38 42 42 44 45 45 44 46 46 42 42 43 45 44 47 43 46 42 42 41 42 41 40 40 42 40 39 40 39 39 40 42 44 41 43 40 38 38 37 36 32 32 34 32 33 32 31 32 31 35 35 38 36 35 36 35 34 33 34 33
29 28 29 28 27 26 24 24 23 22 21 21 21 20 18 17 25 25 25 26 26 26 27 28 29 30 31 32 37 39 39 41 42 39 41 43 42 44 43 45 45 45 44 46 46 43 44 45 46 44 48 44 47 45 44 43 43 42 40 41 43 41 40 41 39 39 40 42 44 41 43 41 39 39 37 37 33 33 35 32 34 32 33 33 33 37 37 39 37 35 36 35 34 33 33 32
29 28 29 27 26 25 23 23 23 22 21 21 21 20 19 18 22 22 22 22 22 22 23 24 24 25 26 27 31 34 34 36 37 34 36 38 37 40 40 41 42 44 44 45 45 42 44 45 47 45 48 45 48 46 45 45 44 43 41 42 44 43 42 42 40 40 41 43 43 40 42 39 38 38 35 35 32 33 34 31 33 31 32 32 32 36 36 38 37 35 36 35 34 34 33 32
29 28 29 27 26 26 24 24 24 23 22 22 22 21 20 18 22 22 22 22 22 22 23 24 24 25 27 28 31 34 34 36 36 32 34 35 34 37 37 37 38 39 40 40 40 38 40 40 43 42 44 41 44 42 42 42 41 40 38 39 41 40 40 40 38 38 39 41 41 38 40 38 38 37 34 34 32 34 36 33 36 34 35 35 35 39 38 40 39 37 38 37 36 37 36 35
30 29 30 28 27 27 25 25 25 25 24 24 24 22 21 19 26 26 26 26 26 26 27 28 28 29 32 33 36 39 38 41 40 37 38 39 38 41 42 42 43 45 46 45 45 43 45 45 46 46 48 46 49 47 47 47 46 45 44 46 47 45 45 45 43 44 45 48 48 45 46 42 42 41 37 37 36 38 39 36 39 36 37 38 39 42 40 42 39 38 38 37 36 37 35 34
29 29 31 28 27 26 25 25 24 24 23 22 22 20 19 17 24 24 24 24 24 25 27 28 28 30 33 34 38 41 40 43 43 40 41 40 39 41 42 42 41 42 43 42 42 42 44 44 45 45 45 43 45 43 43 43 42 42 40 43 44 42 42 43 42 44 45 47 45 42 44 41 41 41 36 36 35 37 36 34 36 33 34 34 35 38 36 37 34 33 35 34 33 34 32 31
30 30 31 28 27 26 25 25 24 24 23 22 22 19 18 16 23 23 23 23 23 24 26 27 27 29 32 33 39 41 40 43 43 41 44 43 42 43 44 44 43 44 44 43 42 42 44 44 45 44 43 42 44 42 42 42 41 41 39 41 42 42 42 43 43 46 47 48 46 44 46 43 43 43 38 39 39 41 40 38 39 36 37 36 37 40 38 39 36 34 34 33 32 33 32 30
30 30 31 28 28 27 26 26 25 25 24 23 23 20 19 18 19 19 19 19 19 20 22 23 24 26 30 31 37 40 39 41 41 40 43 44 44 45 45 46 45 47 47 46 45 45 48 47 48 46 45 42 44 42 42 42 41 41 39 41 40 40 40 41 42 45 47 47 45 43 45 43 43 43 39 40 41 43 42 41 42 38 39 39 39 41 39 38 35 33 33 32 31 32 31 28
29 30 30 26 26 25 24 24 23 23 23 21 21 18 17 16 19 19 19 19 19 20 22 22 24 27 31 32 38 42 40 43 44 44 48 47 47 48 47 48 47 49 48 47 48 47 50 49 50 49 48 44 45 44 43 43 41 42 40 43 42 41 41 42 43 46 47 46 45 43 44 42 43 42 39 40 41 41 41 40 41 37 39 39 38 40 37 36 33 32 31 29 29 30 29 27
31 31 31 27 27 26 26 26 24 24 24 22 22 19 18 17 17 17 17 17 17 18 20 20 22 25 28 29 35 38 36 39 40 40 44 43 43 44 44 45 45 47 46 45 47 46 50 49 49 48 47 45 46 45 44 44 42 44 43 46 44 43 43 44 45 47 47 46 45 43 44 42 41 39 36 37 38 38 38 37 38 34 36 36 35 37 35 34 31 30 30 28 28 29 29 27
31 31 31 28 28 27 27 27 25 25 25 23 23 19 18 17 18 18 18 18 18 19 20 20 22 25 28 29 35 38 36 38 38 38 42 41 41 42 42 43 44 45 44 43 46 45 49 49 49 49 48 48 49 48 47 47 45 47 46 50 48 46 47 48 49 50 50 49 47 45 46 44 43 41 40 41 43 43 43 41 42 38 40 39 38 40 37 36 33 32 32 31 31 32 32 30
33 33 33 30 30 29 29 29 27 27 26 24 24 20 19 18 23 23 23 23 23 24 25 26 28 30 33 33 40 41 37 38 38 38 42 41 42 42 42 43 44 44 43 42 45 44 47 47 47 48 47 47 48 48 47 48 47 48 47 50 48 46 46 48 50 51 51 50 48 44 44 43 42 40 41 42 44 44 44 42 42 40 41 40 38 39 36 35 32 32 32 31 31 32 32 30
32 30 29 27 27 27 27 27 24 24 23 21 21 17 16 15 21 21 22 22 23 25 26 27 29 31 34 34 40 41 38 39 38 38 41 40 42 41 40 42 42 43 43 42 45 44 47 46 45 46 45 45 47 47 47 48 47 50 49 52 50 49 49 52 53 54 52 51 50 47 48 45 44 41 42 42 43 42 42 39 39 36 37 36 34 35 32 32 30 30 30 28 29 30 30 29
31 29 28 26 26 26 26 25 22 22 20 18 18 14 14 14 20 20 21 21 22 24 25 26 28 31 36 35 41 42 39 40 39 39 41 40 42 42 40 42 42 42 41 41 44 43 45 43 41 43 42 42 44 44 44 44 42 45 45 49 47 47 48 51 52 54 53 52 51 48 49 47 46 44 46 46 48 47 46 43 43 40 41 40 38 38 34 33 31 31 31 30 30 31 31 30
30 28 28 26 26 26 26 25 22 22 20 18 18 15 14 14 18 18 19 19 21 23 24 26 29 32 37 36 41 42 39 41 41 43 45 43 45 44 43 45 45 44 43 43 46 44 46 44 42 42 40 41 43 43 43 43 41 43 43 47 45 46 47 50 52 52 52 50 50 47 48 47 46 44 47 47 49 48 48 45 46 43 43 42 39 39 34 33 31 31 31 30 30 31 32 30
31 29 29 27 27 28 28 27 25 24 22 20 20 17 14 14 19 19 21 21 23 25 25 28 31 34 39 39 43 45 43 45 45 47 48 46 48 46 45 47 47 45 46 44 48 45 47 45 43 42 40 40 42 41 41 42 41 43 43 46 45 46 46 48 50 48 49 47 47 44 46 46 45 43 46 46 48 47 47 44 46 43 42 40 37 37 34 32 30 29 29 28 28 29 30 28
30 28 28 27 27 28 28 27 25 24 22 20 20 17 14 14 17 17 19 19 21 23 23 26 29 32 36 36 40 42 40 42 42 43 44 44 46 44 44 46 46 44 46 45 49 45 47 46 45 45 42 42 43 42 42 44 44 46 45 48 47 47 47 48 49 47 48 46 46 43 45 43 42 40 43 43 46 44 44 41 43 42 42 41 38 38 35 34 32 31 32 32 32 33 35 33
31 29 29 28 28 29 29 28 26 25 22 20 20 17 14 14 17 17 19 19 21 23 23 26 28 32 36 36 40 40 38 40 40 41 42 42 44 42 43 44 44 43 46 45 50 45 47 46 45 46 43 44 45 44 44 46 47 49 47 49 49 48 48 49 50 48 48 46 47 44 45 43 44 42 45 45 47 45 45 43 44 43 43 43 39 39 36 35 33 32 33 33 33 33 36 34
33 31 31 30 30 31 31 30 27 26 23 21 21 19 16 15 21 21 23 23 25 28 28 32 34 39 42 40 42 42 40 42 42 43 44 45 46 44 45 46 45 44 47 45 49 43 45 45 44 44 42 43 45 45 45 46 47 49 46 48 49 48 49 50 51 49 48 46 45 43 44 42 44 43 47 47 48 46 48 46 47 44 44 43 39 39 36 36 35 34 35 35 34 34 38 37
28 27 27 27 27 27 27 26 24 23 20 18 18 16 13 12 21 21 24 25 27 30 30 34 36 40 43 41 43 43 41 43 42 44 44 44 45 43 44 46 46 45 48 46 49 45 45 45 44 44 42 43 45 45 45 47 48 48 45 48 50 48 49 49 50 48 49 47 46 44 44 41 43 42 44 44 45 42 44 43 43 41 41 40 37 37 34 34 33 31 33 33 32 33 37 36
27 26 26 26 26 26 26 25 23 22 19 18 18 17 14 13 22 22 25 26 28 31 31 36 37 41 44 42 44 43 40 42 41 43 43 43 43 41 42 43 43 42 47 45 48 43 44 44 43 44 42 45 46 45 45 47 48 50 48 51 53 52 53 53 53 51 52 50 49 47 48 46 48 47 49 49 49 45 45 44 44 42 41 40 36 35 33 33 33 30 32 32 31 32 36 36
28 27 28 28 28 28 28 27 24 23 21 20 19 18 15 14 21 21 24 25 28 32 33 39 41 44 47 45 46 46 44 44 43 45 45 46 46 44 45 45 45 44 47 45 46 40 41 40 39 41 39 41 42 41 39 41 42 45 44 47 49 49 51 52 52 51 52 50 50 48 49 47 49 49 51 51 52 48 49 47 48 46 44 41 37 36 34 34 34 31 33 34 33 34 37 38
29 28 29 29 29 29 28 28 25 24 22 20 18 18 15 13 21 21 24 26 28 33 34 40 43 47 50 49 50 49 48 48 47 49 49 49 50 48 48 49 50 49 52 49 50 44 45 44 43 44 41 43 44 44 42 44 45 45 45 48 50 49 50 50 49 48 49 47 46 45 46 44 47 46 48 49 50 47 48 45 46 44 42 41 36 35 33 33 33 31 33 34 33 34 37 34
27 27 28 28 28 28 27 27 24 23 21 19 17 17 15 12 21 21 24 26 29 34 35 40 43 47 50 49 50 48 48 47 47 49 49 49 51 49 49 50 51 51 53 50 51 47 48 47 45 46 43 44 45 46 44 45 46 46 46 48 49 47 48 48 48 48 48 46 45 44 43 41 45 44 46 46 47 44 45 44 45 44 42 42 37 36 34 34 34 32 34 36 35 36 39 37
27 27 28 28 28 28 27 27 24 23 21 19 17 17 15 12 19 19 21 23 26 31 33 37 40 44 46 45 46 44 44 44 44 46 46 46 47 46 46 48 49 51 53 49 50 48 49 49 47 48 46 46 47 49 47 48 48 48 48 48 50 48 49 48 48 48 49 47 46 46 45 44 48 46 47 47 49 45 47 47 49 48 45 45 40 39 37 37 37 35 36 39 37 38 41 40
30 30 31 31 31 31 29 29 24 24 23 21 18 18 17 13 19 19 22 24 27 32 35 39 41 45 46 45 46 44 44 44 44 46 45 46 46 46 45 47 47 50 51 47 48 47 48 46 45 47 46 46 46 48 46 46 45 46 45 46 49 47 48 47 45 45 45 44 43 43 42 44 48 45 45 47 50 46 48 47 49 48 45 45 41 40 40 40 40 38 38 41 39 41 43 43
29 30 30 30 30 29 27 27 22 22 21 19 16 16 15 11 21 21 24 26 29 34 37 40 42 46 47 46 47 44 45 44 44 45 44 44 45 46 45 47 47 50 51 48 49 48 49 47 45 47 47 47 47 49 46 45 45 47 47 48 50 48 49 49 46 47 46 45 43 42 41 43 45 42 42 44 47 43 44 43 44 43 41 41 37 36 35 36 36 34 34 38 36 38 39 39
29 30 30 29 29 29 27 27 22 22 21 19 16 16 15 11 20 21 24 26 29 34 37 40 42 46 47 44 45 42 43 42 42 43 42 41 42 44 43 46 47 50 50 47 47 46 48 47 45 48 48 48 48 51 50 49 50 52 52 53 54 52 52 52 50 51 50 49 48 47 46 48 50 47 47 46 48 44 45 43 44 43 40 40 37 37 35 36 36 34 34 38 36 39 40 39
30 31 32 31 32 32 30 30 25 25 24 22 19 19 18 14 20 22 25 28 32 37 40 43 45 47 49 48 47 45 46 44 45 46 45 44 45 45 44 47 46 49 47 44 44 44 45 44 42 45 43 42 42 46 45 45 46 48 49 51 53 52 52 52 50 51 50 49 48 47 45 48 51 48 49 49 50 47 48 45 46 44 41 41 38 38 36 37 38 36 36 39 38 41 40 39
29 30 31 30 31 32 30 30 26 24 23 22 19 18 17 13 18 20 23 26 30 36 40 43 45 47 49 49 48 46 47 45 47 48 48 47 48 49 48 52 51 54 51 47 47 47 47 45 43 47 45 44 44 48 46 46 48 50 50 52 54 52 51 51 49 50 49 49 48 48 46 48 51 48 49 49 50 46 46 42 44 41 37 37 34 35 33 34 35 33 33 36 34 35 34 34
29 29 30 29 30 32 30 30 26 24 23 22 19 18 17 13 18 20 24 27 31 36 40 42 45 47 49 49 49 48 49 47 49 49 49 49 49 50 48 54 52 55 51 49 49 49 49 47 44 48 47 46 45 49 47 47 49 51 50 51 52 51 51 51 49 50 49 48 46 47 46 48 50 47 48 48 50 46 46 42 45 43 39 39 36 37 36 37 38 37 37 40 37 39 37 36
28 28 28 27 28 29 28 28 24 22 21 20 17 16 15 12 16 18 22 25 29 33 37 39 41 43 45 45 46 45 46 45 47 47 46 46 47 48 46 53 51 54 51 50 51 51 51 49 47 50 49 49 48 51 49 49 51 51 51 52 52 51 51 51 48 49 49 48 46 48 46 48 50 47 48 47 50 48 49 45 47 45 41 41 38 39 38 38 40 38 38 41 38 40 37 36
32 32 32 30 31 31 29 29 26 23 22 22 19 18 17 14 18 21 26 29 33 36 40 41 43 45 47 47 48 47 48 47 48 48 46 48 48 47 46 52 50 52 50 49 50 49 50 48 46 48 47 47 45 48 46 45 47 49 49 50 50 48 47 47 45 46 47 47 45 48 46 48 50 50 51 50 52 50 51 47 48 46 43 44 42 43 42 42 44 44 43 46 43 44 40 38
31 31 31 29 30 30 29 29 26 23 22 22 19 18 17 15 20 23 28 31 34 37 41 42 44 46 48 48 48 47 48 48 49 49 47 49 49 48 47 52 52 54 53 52 53 51 52 51 49 51 50 50 48 51 49 48 51 53 53 53 53 51 49 48 46 46 47 46 44 48 46 45 47 48 48 47 47 46 46 43 44 42 39 40 39 40 39 39 41 41 40 42 40 41 38 37
