results/SampleNumber_2006_06-08.asc
ncols      200
nrows      200
xllcorner       120.258
yllcorner       41.1236
cellsize     0.0166667
NODATA_Value      -999.000
[rows 55 to 109 of 173, columns 0 to 95 of 200]
31 30 30 29 30 30 29 29 26 23 22 21 19 18 17 15 18 21 26 29 31 34 38 39 40 42 43 43 43 43 43 43 44 44 43 46 47 47 46 51 50 52 50 50 52 50 51 52 50 52 51 53 52 56 55 54 57 57 56 56 55 54 52 51 49 49 49 47 46 50 48 47 49 47 47 46 45 44 44 42 42 40 39 39 38 39 38 38 40 42 42 44 42 42 39 38
33 32 33 32 33 33 31 31 28 25 24 23 21 20 19 17 20 24 28 32 34 37 39 41 43 43 44 45 45 45 46 46 47 47 46 48 48 46 45 50 47 49 47 48 51 49 50 49 46 48 48 50 50 54 53 52 56 55 57 58 57 55 53 52 50 50 50 48 46 51 49 48 49 47 48 47 46 45 44 41 41 39 38 38 37 38 38 38 39 42 42 45 43 43 39 38
34 32 33 32 33 33 31 30 28 25 24 23 21 20 19 19 19 23 28 33 35 38 40 42 44 44 46 47 47 48 49 50 51 51 50 53 54 53 52 57 53 53 51 52 52 50 52 51 48 50 50 50 51 54 54 52 56 55 56 55 54 52 50 50 49 49 49 47 45 49 49 48 50 48 48 47 44 44 43 38 38 37 37 37 36 37 37 37 38 41 41 44 42 41 37 36
33 31 33 33 34 33 31 30 28 25 23 22 20 19 18 18 22 26 30 35 37 40 42 44 46 46 48 49 49 49 50 51 52 52 50 53 52 51 50 55 51 51 48 49 49 47 49 48 46 48 48 48 49 51 53 51 54 52 53 52 51 49 48 48 48 47 49 47 46 51 49 48 50 48 47 47 44 45 44 40 40 38 38 38 37 38 39 39 40 43 42 43 40 39 35 34
29 27 28 28 29 28 26 25 24 21 20 19 18 16 15 15 21 25 29 33 35 38 40 42 44 44 46 48 48 49 51 52 52 54 52 55 56 56 55 59 55 55 52 53 53 50 53 52 50 51 50 49 50 51 52 50 54 51 51 50 50 48 47 48 48 46 48 45 44 49 47 46 48 49 49 50 47 48 46 42 42 40 40 39 39 40 41 40 41 44 42 42 39 39 35 32
34 31 32 32 31 30 27 26 25 22 21 20 19 17 16 16 23 27 31 34 35 37 39 41 43 43 45 47 47 48 50 51 50 54 52 53 55 54 53 56 53 53 53 54 54 51 53 52 50 50 49 48 49 49 52 50 53 50 50 48 48 46 45 47 48 46 48 46 46 51 50 50 52 52 52 52 50 50 49 46 46 45 45 44 44 45 46 47 47 50 48 47 44 42 38 35
36 33 35 35 34 32 29 28 26 24 22 21 20 18 18 18 24 28 31 34 35 37 39 41 43 43 44 46 46 47 50 50 49 53 51 51 53 54 54 57 54 54 53 53 53 51 53 52 50 50 49 48 49 50 53 51 53 50 51 47 46 44 43 44 45 43 45 45 45 49 49 49 51 51 50 50 48 49 48 45 45 44 45 44 44 45 45 46 45 48 47 45 44 42 38 35
35 32 35 34 33 31 28 27 25 23 21 20 19 18 18 18 24 28 31 34 35 36 38 40 41 41 42 43 43 44 47 45 44 49 48 48 50 51 51 53 51 53 52 53 53 52 54 53 53 54 53 54 55 56 59 55 57 54 54 51 50 48 47 48 47 46 49 49 47 49 49 47 49 48 47 47 45 47 46 44 44 43 44 43 43 44 45 48 47 50 49 47 47 45 42 39
35 32 35 33 32 31 27 26 24 22 20 19 18 17 17 17 25 31 33 36 38 40 40 42 43 43 44 45 45 46 49 48 47 51 49 49 50 50 50 52 50 52 50 51 49 49 50 50 51 52 52 53 54 55 59 56 58 56 56 53 52 50 49 50 49 48 51 51 50 50 48 47 50 49 48 48 44 46 44 42 42 41 42 42 42 42 44 47 47 49 48 44 45 42 41 38
37 34 37 35 33 33 29 28 26 24 22 21 20 19 19 19 27 33 35 38 40 42 42 43 44 45 46 47 48 49 52 51 50 55 53 52 53 53 51 52 50 52 50 52 50 50 51 50 52 52 52 53 54 54 58 56 58 55 55 51 51 49 48 49 48 48 50 50 50 49 48 48 51 48 47 47 43 43 42 41 41 40 41 41 41 41 42 45 45 47 45 40 40 40 38 36
34 32 35 33 31 32 28 27 25 23 21 20 20 19 19 19 26 31 34 38 40 42 42 43 44 45 46 46 47 48 52 50 49 54 52 51 52 53 50 52 48 49 46 48 46 46 48 47 49 49 50 51 52 52 55 53 55 52 52 48 48 48 48 52 51 52 54 54 54 53 52 52 54 51 51 51 48 48 45 44 44 43 44 44 44 44 45 47 45 45 44 39 39 38 36 34
33 31 34 32 30 30 27 25 24 23 20 19 19 18 18 18 27 32 35 38 40 42 42 43 44 45 46 47 49 50 54 54 53 59 57 56 58 58 55 56 54 55 51 53 51 52 54 52 54 52 53 54 53 52 55 52 54 52 52 48 49 48 48 52 49 49 51 51 50 48 50 51 53 51 51 51 48 48 45 44 43 43 45 45 44 44 45 48 46 46 46 41 41 39 38 35
36 35 36 34 31 31 28 26 25 24 21 20 20 19 19 19 26 29 32 34 36 38 38 39 40 41 42 43 46 47 50 50 49 55 52 51 54 55 52 53 54 56 52 53 52 53 54 52 54 52 52 55 54 54 56 53 55 53 52 48 50 50 50 54 50 52 54 55 55 53 54 55 57 54 54 53 51 51 48 48 47 47 49 49 48 50 51 54 51 49 48 42 43 41 40 36
39 39 39 37 34 34 30 28 27 26 23 23 23 22 22 21 28 31 34 36 38 40 40 40 41 42 43 44 48 48 51 51 49 54 54 53 57 56 53 53 53 53 50 51 49 50 51 50 51 50 50 54 53 53 54 50 51 48 48 45 47 46 45 50 47 50 51 54 56 53 55 55 56 54 54 53 51 51 48 48 47 47 49 49 48 50 50 53 51 48 48 41 42 42 40 36
39 39 38 36 33 33 29 27 26 25 23 23 23 22 22 21 28 31 33 35 36 37 37 37 37 38 39 40 44 43 46 47 47 52 51 50 53 53 52 52 53 55 53 54 53 56 57 57 60 59 59 63 59 59 60 57 57 55 54 51 53 51 50 54 51 53 53 54 55 50 51 50 50 48 49 48 47 46 44 45 44 44 46 47 47 50 50 53 51 48 49 41 42 43 42 39
39 39 38 35 33 33 29 27 26 25 23 23 23 22 22 21 29 33 35 36 37 38 38 38 38 39 39 40 44 43 43 44 44 48 46 46 48 48 47 46 47 48 45 46 46 50 51 51 55 54 54 60 58 58 60 57 57 55 54 51 53 51 50 55 53 55 54 54 54 49 50 49 49 45 46 44 43 42 40 41 41 41 42 44 44 49 49 51 49 45 47 40 42 43 41 39
41 41 40 39 38 37 33 31 30 29 27 27 27 26 26 24 34 38 40 41 42 43 43 43 44 45 46 47 52 50 51 52 51 54 52 50 52 52 50 49 50 51 48 49 48 52 53 52 56 56 55 61 59 60 62 59 59 56 56 53 55 53 52 57 54 56 55 56 56 52 53 50 49 45 44 42 42 41 39 40 40 40 41 42 42 47 47 49 45 41 42 37 40 41 39 37
38 38 38 38 37 36 32 30 30 29 28 28 28 28 28 26 34 38 40 41 42 43 43 43 44 44 45 46 51 48 49 51 50 53 51 49 50 49 47 45 47 47 44 46 45 49 50 50 53 53 52 58 55 56 56 54 54 51 51 51 54 53 54 59 56 59 57 58 59 54 54 53 52 49 48 46 45 44 42 43 43 43 44 45 44 48 46 47 43 39 40 36 37 37 35 33
37 36 34 35 34 33 31 28 28 27 26 26 26 26 25 23 36 39 41 42 43 44 44 44 45 45 47 48 54 51 53 56 55 58 56 54 55 54 53 50 52 52 49 50 50 53 53 53 56 55 53 58 54 55 55 53 53 50 51 51 53 52 52 55 51 54 51 53 55 52 54 54 53 50 49 47 46 44 43 44 44 43 44 45 44 49 48 50 47 43 45 38 39 38 35 33
38 36 35 36 35 33 31 28 28 27 26 26 26 26 25 23 36 38 40 41 42 43 43 43 44 44 47 48 53 50 52 55 54 57 56 54 55 55 56 53 54 54 50 51 51 54 54 54 57 57 55 60 55 56 55 53 52 50 51 52 54 53 52 54 52 54 51 52 53 50 51 50 49 46 45 43 44 42 41 42 42 41 43 44 42 48 47 48 45 40 43 37 38 38 35 33
42 39 38 38 38 35 33 30 30 30 29 29 28 28 27 25 37 39 41 42 42 43 43 43 44 44 48 48 53 50 52 58 56 59 58 54 55 54 55 53 52 52 48 49 50 53 54 54 57 58 56 61 55 55 53 52 51 50 50 51 52 53 52 54 54 57 55 55 55 51 52 51 49 46 45 43 44 42 41 42 42 41 43 43 41 47 44 46 45 40 43 39 39 39 36 34
43 40 39 39 39 36 34 31 31 31 30 30 29 29 28 26 36 37 39 39 39 39 39 39 40 40 44 44 49 47 49 54 52 55 55 52 53 53 56 54 54 55 51 52 53 57 59 59 62 63 60 64 58 59 57 55 54 53 53 53 54 54 52 54 54 54 51 50 51 47 48 47 47 43 42 39 40 39 38 39 40 40 42 42 40 46 43 45 42 37 40 38 38 38 35 34
40 36 36 36 36 34 32 29 29 29 28 28 27 26 25 23 38 39 41 41 41 41 41 41 42 42 46 46 48 47 49 53 50 53 53 51 52 50 52 49 47 49 47 48 49 53 55 55 57 61 58 62 57 57 55 53 52 51 51 51 52 52 51 53 53 51 49 48 49 45 45 44 44 40 39 37 38 38 37 37 39 39 42 43 41 46 43 45 43 38 42 40 40 38 35 34
42 39 40 38 38 36 34 31 31 31 30 30 29 28 27 25 41 42 43 43 43 43 44 45 46 47 51 51 54 52 54 58 53 55 57 54 55 54 56 52 50 51 50 51 52 55 57 56 58 61 58 62 57 57 55 54 52 51 51 51 51 51 50 50 52 50 48 48 48 43 43 41 41 38 37 35 36 36 35 35 37 37 40 41 40 44 39 40 39 36 40 38 38 36 33 33
44 41 42 40 40 38 37 36 36 36 35 35 34 32 31 28 42 43 44 44 44 44 45 46 47 48 52 51 54 53 55 60 56 58 59 56 56 55 57 54 51 52 51 52 54 55 58 57 59 61 59 62 56 56 54 53 51 51 51 52 53 53 52 53 54 52 51 50 50 46 47 44 44 41 40 38 39 39 38 38 40 39 41 41 40 43 38 39 38 36 37 35 36 34 33 33
41 38 39 37 38 37 36 35 35 35 35 35 34 32 31 28 42 43 44 44 44 44 45 46 47 48 52 51 55 55 57 61 57 59 59 56 55 54 56 54 51 51 50 50 52 53 55 54 54 56 53 56 52 52 50 50 49 50 49 50 49 49 47 47 50 47 47 47 48 45 46 43 43 40 38 37 38 38 37 37 39 38 40 41 41 44 39 42 40 38 39 37 36 34 33 33
39 36 35 33 33 32 31 30 30 30 30 30 29 27 26 24 42 43 44 44 44 44 45 47 48 49 53 52 57 56 57 61 57 59 59 58 58 56 58 55 52 53 52 52 53 54 56 55 55 58 54 56 52 52 51 51 50 52 51 51 50 51 49 48 50 47 47 47 48 45 46 42 42 40 38 37 38 38 37 37 40 38 41 42 41 44 39 42 39 37 38 37 36 34 33 33
44 40 39 37 36 35 35 34 34 34 33 33 32 30 30 27 43 43 44 44 44 44 45 47 49 51 54 53 59 61 60 65 62 62 61 59 60 58 58 55 52 53 53 53 54 55 58 57 57 59 54 55 50 49 49 48 47 49 49 49 48 51 50 51 53 50 51 48 51 48 49 46 46 44 43 42 43 43 42 42 45 43 47 47 44 47 43 46 44 43 44 42 41 39 38 39
44 41 40 37 36 35 35 34 34 34 33 33 32 30 30 26 40 40 40 40 40 40 41 43 45 47 51 50 56 59 57 61 60 60 59 60 61 60 61 58 54 55 56 58 58 59 62 60 60 61 57 58 54 53 53 52 50 52 52 50 49 51 50 50 49 45 47 44 47 46 46 43 43 41 41 40 41 42 41 42 45 43 47 47 44 46 42 45 43 43 44 42 41 40 40 41
44 42 41 37 36 35 35 34 34 34 33 32 31 29 29 25 43 43 43 43 43 43 44 46 48 50 53 52 57 59 57 61 60 61 59 58 58 55 57 56 53 54 55 57 57 57 62 60 60 62 58 58 54 53 53 52 50 50 50 48 48 50 48 48 47 43 45 42 44 43 42 39 39 38 39 38 38 40 39 41 46 45 49 49 48 51 47 49 47 47 48 45 45 44 44 45
46 44 44 40 39 38 38 37 37 37 36 34 33 31 31 27 44 44 44 44 45 46 47 50 52 55 58 56 61 63 60 63 64 65 63 62 62 58 59 59 56 57 58 59 59 58 64 61 62 64 60 60 57 56 55 54 52 52 51 49 48 50 49 48 49 45 46 42 44 41 41 38 38 37 38 37 37 39 38 40 46 47 50 49 47 48 47 49 48 48 49 47 47 46 46 47
50 48 48 45 44 44 44 43 43 43 42 40 37 35 35 31 47 47 47 47 48 49 50 53 55 58 61 59 65 67 64 68 68 67 65 64 65 61 61 60 57 59 60 61 62 61 66 64 64 65 60 60 57 56 56 56 54 54 54 52 52 54 53 51 52 48 49 46 48 46 45 42 42 41 42 41 41 43 41 43 48 48 50 49 47 49 48 49 47 48 48 46 47 48 49 49
46 45 44 42 41 41 41 41 41 41 40 38 35 33 33 29 47 47 47 47 48 49 49 52 54 57 60 58 64 64 61 64 64 63 61 60 62 60 59 57 54 56 57 57 58 57 61 58 58 59 56 56 54 54 54 54 53 52 51 49 48 50 49 48 49 45 47 44 46 44 43 39 40 39 40 39 39 41 39 41 46 49 51 50 49 52 51 51 49 50 48 46 47 48 49 49
46 44 43 41 40 40 40 40 40 39 38 36 33 33 32 28 47 47 47 47 48 50 51 54 56 60 64 60 66 66 63 66 67 66 64 64 65 63 62 61 58 60 60 60 60 60 64 61 61 62 59 60 58 58 58 58 56 55 54 53 50 51 50 49 51 48 49 46 48 45 44 40 41 40 41 40 40 42 39 42 46 48 50 48 47 49 48 48 47 48 46 44 45 47 48 48
47 44 43 42 41 41 41 41 40 39 38 35 32 32 30 27 47 47 47 47 48 50 52 56 58 62 67 63 69 70 67 67 70 70 67 67 66 64 63 62 60 62 62 62 61 61 65 60 60 59 56 56 54 54 54 55 53 52 54 54 51 53 54 52 53 52 53 50 52 50 49 46 47 46 47 46 46 48 45 48 52 52 52 50 49 51 49 49 48 49 47 45 47 48 49 50
47 44 43 43 42 42 42 42 41 40 39 36 33 32 30 26 42 42 42 42 43 45 47 52 54 57 63 60 66 69 66 66 70 70 68 68 68 65 64 64 63 65 64 64 64 64 67 63 63 63 59 59 57 56 56 58 55 53 55 55 50 52 52 49 51 49 52 49 51 49 48 46 47 46 47 47 48 50 47 50 54 54 54 53 53 55 53 53 52 53 52 50 53 54 56 58
46 43 42 41 40 41 41 41 40 39 38 35 32 31 28 25 44 44 44 44 45 47 49 53 57 59 65 62 68 69 68 68 72 70 66 67 67 64 64 64 66 67 67 68 69 68 70 66 66 65 62 62 60 59 58 59 56 53 54 54 49 49 48 45 47 44 46 43 44 42 41 40 40 40 41 41 42 44 42 46 50 51 53 52 52 53 51 51 52 54 53 51 54 55 58 60
46 43 42 41 40 41 41 41 39 38 37 34 31 30 27 24 42 42 42 43 44 46 49 53 56 58 63 60 63 64 66 66 70 68 64 66 67 64 64 64 66 66 66 67 68 67 71 68 68 67 65 65 63 62 61 62 59 56 57 57 52 54 52 49 51 47 48 44 45 43 42 42 42 42 43 43 44 47 47 51 52 53 52 53 54 54 52 52 54 55 54 52 55 56 58 60
48 46 46 45 44 45 45 45 43 41 40 37 34 33 30 26 42 42 42 43 45 47 50 54 57 59 65 63 66 67 69 68 72 71 67 68 68 64 65 64 66 67 66 68 69 68 70 67 66 64 63 63 63 63 62 62 60 57 59 60 55 58 55 52 56 51 52 50 49 47 46 46 46 46 47 47 47 49 49 53 54 54 52 54 55 55 53 54 55 56 55 55 57 58 61 62
46 44 44 43 43 45 45 45 43 41 40 37 34 31 28 25 41 41 41 42 43 45 48 52 56 58 62 60 62 61 63 61 65 65 62 63 62 57 59 57 60 61 59 60 61 59 61 59 59 57 56 57 57 57 56 56 54 51 53 55 50 52 49 46 51 47 48 46 44 43 41 42 42 42 43 43 43 45 46 52 52 53 50 52 54 53 51 52 53 54 53 54 56 57 61 64
41 40 40 39 39 41 41 41 39 37 36 35 32 29 26 22 39 39 39 41 42 45 49 53 57 60 64 62 65 64 67 65 69 68 65 66 65 61 63 61 64 64 62 64 64 63 65 63 64 63 62 63 63 63 62 61 59 55 55 56 51 54 52 50 54 50 51 48 46 45 43 44 43 43 44 43 43 45 46 51 50 51 47 47 49 49 47 48 48 49 48 50 51 52 56 60
44 43 43 42 42 44 43 42 39 37 36 34 32 29 26 22 37 37 37 40 41 46 50 55 59 62 67 66 66 67 71 69 71 71 67 68 67 63 66 64 68 66 64 66 66 63 63 60 60 58 58 59 60 59 58 58 58 55 57 59 53 56 53 52 55 51 52 51 50 50 48 49 48 48 48 48 48 50 51 53 51 52 48 49 50 49 47 48 48 49 47 49 51 52 56 59
45 44 44 44 44 46 45 44 41 39 37 35 33 29 26 22 35 35 36 39 40 46 49 53 58 62 67 67 67 68 71 68 71 71 65 66 67 64 67 66 68 66 65 67 66 63 64 61 61 59 58 59 60 58 57 56 57 52 55 58 51 54 51 52 56 51 52 50 49 49 47 48 48 49 49 49 49 51 52 53 52 53 49 50 51 50 49 50 50 51 50 52 55 54 58 59
41 40 40 41 41 43 42 41 38 36 34 32 30 26 23 19 33 33 34 37 38 44 48 52 58 62 67 67 68 69 71 67 70 72 66 66 67 64 68 69 71 70 69 71 69 66 67 64 64 62 61 61 63 60 59 57 56 51 53 55 46 49 45 46 49 43 44 42 41 41 40 41 41 42 42 42 43 45 47 49 49 50 46 47 48 48 49 51 51 52 52 54 57 56 61 62
41 40 40 41 41 43 41 39 37 36 34 32 30 26 23 20 28 28 29 33 34 40 43 45 51 54 58 61 63 64 66 62 65 68 63 63 65 62 67 68 71 70 69 73 72 69 70 68 68 66 65 65 67 64 63 61 61 56 58 58 50 53 48 48 49 43 44 42 41 42 41 42 42 43 43 45 46 47 48 49 49 51 48 49 50 51 52 54 52 53 53 55 57 56 61 62
44 43 43 44 44 46 44 42 40 39 37 35 33 27 24 20 28 30 31 35 36 42 45 46 52 56 60 62 63 64 67 63 66 68 63 63 64 61 66 65 68 67 67 70 69 66 67 65 65 65 65 65 66 63 62 61 61 57 60 60 53 56 51 50 52 47 47 45 44 45 45 46 46 46 45 49 49 50 51 52 52 54 52 53 53 54 56 58 55 57 58 59 61 58 61 62
43 43 43 45 45 46 44 41 38 37 34 32 30 25 23 19 28 30 31 35 36 42 45 46 52 56 59 60 61 62 64 61 63 63 57 57 57 55 60 60 61 60 60 63 62 59 60 58 58 58 58 57 58 55 55 55 56 53 56 54 47 51 47 46 47 43 43 40 40 41 42 43 43 43 42 47 47 49 50 50 50 52 49 50 50 50 52 54 51 54 55 57 60 58 61 63
40 40 40 42 43 44 42 39 37 36 33 30 28 23 22 18 28 31 33 38 40 46 50 52 57 61 65 66 67 69 72 69 71 71 65 66 66 62 67 66 66 65 64 66 65 64 66 64 64 64 64 63 64 61 61 58 59 55 57 57 51 55 51 50 51 47 47 44 44 45 45 47 46 47 46 50 48 51 51 50 49 51 49 50 50 50 51 52 49 51 52 54 56 54 56 58
40 40 40 42 43 43 41 38 35 33 31 29 26 21 20 16 24 28 32 36 39 45 49 52 56 60 65 67 69 70 73 70 72 72 66 68 69 66 72 69 69 69 68 68 66 65 65 63 63 64 63 61 64 62 63 59 60 56 58 56 52 55 51 50 51 49 50 47 47 48 48 50 50 51 51 55 51 53 53 52 51 53 52 52 52 53 55 55 53 56 57 59 62 59 61 64
42 42 42 45 45 44 42 39 36 34 32 29 26 21 20 16 26 30 34 38 42 48 52 57 61 64 68 70 72 71 73 69 69 70 65 67 68 65 70 68 68 66 66 67 64 63 63 60 61 62 60 58 61 59 59 56 58 55 55 53 50 53 50 49 50 47 48 45 45 47 47 48 48 49 49 53 49 50 50 48 49 51 51 51 50 51 53 53 52 58 57 59 60 58 61 64
40 40 40 43 43 42 40 37 33 31 29 26 23 18 17 13 22 26 30 35 40 46 50 56 59 62 66 67 70 71 75 71 71 73 68 70 73 70 75 73 72 70 69 70 67 66 66 63 64 66 64 62 64 63 60 57 58 54 51 49 46 49 45 44 45 42 42 41 41 43 44 45 45 46 47 51 49 51 51 49 50 52 53 52 52 54 56 56 55 62 61 63 64 61 64 65
42 42 42 45 44 42 40 38 34 32 30 26 23 18 17 13 21 25 29 32 37 41 45 52 56 59 64 65 67 68 72 68 68 70 66 68 72 70 77 74 75 75 74 75 72 71 71 68 68 70 68 65 67 65 63 61 61 56 53 51 48 47 43 41 42 39 40 39 39 41 42 43 43 46 47 49 47 51 50 49 50 52 54 55 55 57 58 58 57 62 61 63 65 62 63 63
45 45 45 48 49 47 46 43 39 37 34 29 26 20 19 16 22 26 30 33 38 41 45 52 55 58 63 65 67 68 72 68 68 69 66 68 71 68 75 74 74 75 73 74 71 70 71 69 70 71 69 67 69 67 65 63 63 59 57 54 52 50 47 45 45 42 43 43 43 45 45 46 47 50 50 52 50 53 50 51 52 53 54 56 57 58 59 61 59 64 62 62 65 62 64 65
45 45 45 48 48 47 46 42 38 36 34 30 27 21 20 17 20 24 27 30 35 38 42 48 50 53 58 60 62 62 66 62 61 61 59 61 64 61 67 65 66 67 65 66 63 64 64 62 63 64 62 60 62 64 62 60 60 55 53 50 50 47 45 43 42 40 41 42 42 44 44 44 46 48 49 52 49 52 49 50 50 51 52 53 54 55 56 58 58 64 63 63 67 64 66 68
41 43 43 45 45 44 44 40 35 33 31 27 25 20 19 17 21 26 30 34 39 42 46 52 55 58 63 67 68 69 72 68 67 68 65 67 69 66 70 67 66 67 67 69 66 67 67 65 66 67 66 64 63 64 63 59 61 57 56 54 54 51 49 48 47 45 46 46 46 47 47 48 49 50 50 53 50 51 47 48 49 50 51 51 52 52 52 54 54 60 59 59 62 59 61 65
