results/SampleNumber_2005_06-08.asc
ncols      200
nrows      200
xllcorner       120.258
yllcorner       41.1236
cellsize     0.0166667
NODATA_Value      -999.000
[rows 55 to 109 of 158, columns 0 to 95 of 200]
32 33 35 37 33 34 30 30 29 30 31 29 29 29 29 30 32 35 36 38 38 40 41 40 41 40 39 41 39 39 41 38 38 37 40 37 39 41 38 41 41 40 40 38 39 43 42 43 41 41 39 38 38 39 39 38 40 37 36 36 37 35 34 34 33 29 30 27 27 29 26 29 27 28 28 27 26 23 25 24 23 22 21 21 19 19 19 19 19 20 20 23 22 26 24 25
31 33 35 37 33 34 30 30 30 30 31 29 30 30 31 32 34 37 38 41 41 41 42 41 41 40 38 40 37 37 38 36 36 35 39 36 38 40 37 39 39 37 38 36 37 41 39 41 39 39 38 37 37 38 38 36 37 34 33 33 34 32 31 31 30 27 28 25 25 26 24 27 25 26 26 25 24 23 25 23 21 20 19 18 16 16 16 17 17 18 18 21 20 24 23 24
29 32 34 35 31 32 28 29 30 30 31 29 29 29 31 32 33 36 37 40 39 39 40 39 38 38 36 39 36 36 37 35 36 35 39 36 39 41 38 40 40 39 39 37 38 42 40 40 39 39 38 38 38 38 40 38 39 35 35 35 36 35 33 33 33 30 31 28 28 29 27 29 28 29 27 25 24 24 25 22 20 19 17 16 15 15 15 16 16 18 18 21 22 25 24 25
31 33 35 36 33 34 32 33 34 35 36 34 34 34 35 36 37 39 40 42 42 41 42 41 39 38 35 38 34 34 35 33 34 33 38 35 38 40 38 39 38 37 36 34 35 39 37 37 36 36 36 36 37 37 39 36 36 33 33 33 35 34 32 32 32 29 29 27 27 28 26 28 27 27 24 22 21 20 22 19 18 17 15 15 14 14 14 15 15 17 17 20 21 24 24 25
9 9 8 8 8 15 20 22 23 28 30 33 36 36 37 37 39 38 39 38 38 38 38 38 40 41 45 44 43 41 41 39 38 40 38 36 38 35 34 35 33 35 36 37 37 39 37 35 37 34 35 37 37 39 38 38 36 37 39 39 40 38 39 41 40 40 38 36 38 35 36 34 33 33 32 33 36 34 36 33 37 35 36 38 34 33 32 31 29 29 27 27 27 27 29 28
9 9 8 8 8 16 21 23 23 31 33 37 40 40 41 42 44 43 44 44 44 45 45 45 47 49 51 50 50 48 48 46 45 44 42 39 41 38 37 38 35 37 38 39 39 40 37 36 38 34 35 37 35 36 33 33 31 32 34 33 34 33 34 36 35 34 34 32 34 32 33 31 30 30 30 30 33 32 33 30 33 31 32 33 29 28 27 26 25 25 23 23 23 23 25 25
10 10 10 10 10 17 22 24 24 32 34 37 39 40 41 42 44 43 44 44 43 44 45 47 50 51 53 52 51 49 50 49 48 46 44 41 43 40 38 39 36 38 40 41 39 40 37 36 37 33 34 36 33 34 33 34 33 34 37 35 36 37 37 39 37 36 36 34 36 35 36 34 33 33 33 33 36 34 36 32 34 33 34 35 31 30 29 28 27 27 25 26 25 25 27 27
10 10 10 10 10 16 22 24 24 30 32 35 37 38 39 40 41 40 41 41 41 42 42 44 47 47 50 47 47 44 48 47 47 45 43 40 42 39 38 39 36 38 40 40 38 39 37 35 36 33 34 37 34 35 33 33 33 34 37 37 38 40 40 40 38 37 36 34 34 34 35 33 32 32 32 32 34 32 34 30 32 31 30 32 29 29 28 28 27 27 25 26 25 26 28 28
11 11 11 11 11 17 22 24 24 30 33 34 35 36 37 38 39 38 39 39 40 41 41 43 46 45 49 48 48 45 48 46 47 45 43 41 43 40 39 40 38 41 42 42 39 40 38 36 37 33 34 36 35 36 34 33 34 35 38 38 39 40 40 41 38 36 37 35 35 35 35 33 32 34 35 35 37 34 36 32 34 33 33 35 32 31 31 31 30 30 29 31 30 33 34 33
13 13 13 13 13 17 23 25 25 31 34 35 36 37 38 39 40 39 40 40 41 43 43 45 48 47 50 49 49 46 49 48 47 45 44 41 43 40 39 39 37 41 41 41 38 39 37 36 38 35 36 37 37 37 35 34 35 36 38 37 38 38 38 38 35 34 35 33 33 32 31 30 30 32 33 33 36 33 36 34 35 34 34 34 30 29 29 29 27 27 26 28 27 30 31 31
12 12 12 12 12 19 25 27 27 33 35 37 37 38 39 40 41 40 41 41 42 44 45 47 50 48 50 50 49 46 49 48 46 43 42 39 42 39 38 40 38 42 42 42 39 40 39 38 40 37 38 39 39 39 38 37 37 39 40 39 40 39 39 39 35 34 35 33 33 32 32 31 31 32 34 34 37 36 39 37 38 38 37 36 32 32 32 31 29 29 28 30 29 32 33 33
13 13 13 13 13 21 26 29 29 35 37 39 39 40 41 42 42 42 42 42 43 46 47 49 51 48 49 48 45 42 44 43 41 38 38 35 38 35 34 37 36 40 40 40 37 37 37 36 38 36 38 39 39 40 37 37 37 38 41 39 41 40 40 40 36 37 38 36 36 35 36 35 35 36 37 36 38 37 40 38 39 39 37 35 34 33 32 31 29 29 29 31 30 33 36 37
14 14 14 14 14 22 28 32 33 39 41 43 44 45 46 47 47 48 48 49 50 53 54 55 57 54 56 54 51 48 49 46 44 40 40 37 39 35 34 37 36 40 40 39 37 38 38 36 38 36 37 36 36 36 33 33 33 33 36 34 37 37 36 36 33 35 36 34 34 33 34 34 34 35 36 36 37 36 38 36 37 37 33 31 30 30 30 29 28 28 28 30 29 32 35 36
15 15 15 15 15 24 30 34 35 41 43 45 46 47 48 49 49 50 50 51 52 56 57 58 60 56 57 57 56 53 53 51 49 45 45 41 43 39 38 41 41 45 44 43 40 41 40 38 40 37 38 37 37 37 34 34 34 33 37 34 37 36 35 35 32 34 36 34 34 33 34 34 34 35 36 36 37 36 39 37 38 39 35 33 32 32 32 32 30 30 30 32 31 34 35 36
18 18 18 18 18 25 31 34 35 39 41 43 44 45 45 46 46 47 47 48 49 53 53 54 55 50 51 52 51 50 50 48 47 43 43 40 42 39 38 40 40 44 42 41 39 40 40 38 40 38 39 37 37 36 34 34 36 35 39 38 40 38 37 36 32 35 36 34 34 33 34 34 35 36 36 37 38 36 41 39 39 41 38 36 36 36 36 36 34 34 35 37 36 39 40 41
19 19 19 19 19 25 30 33 35 36 38 40 41 42 42 43 43 44 45 46 47 51 50 51 53 49 50 52 50 49 49 47 46 43 44 40 42 40 39 40 40 42 40 39 37 38 38 36 38 36 38 36 36 35 35 36 38 37 41 40 42 39 39 39 35 38 39 37 36 35 36 37 38 39 39 39 40 37 42 41 41 44 40 37 38 38 38 39 38 39 41 42 41 43 45 46
22 22 22 22 22 25 29 32 34 35 37 39 40 41 41 42 42 44 45 47 48 52 51 52 55 51 52 54 53 54 52 50 48 45 46 42 43 40 41 42 41 43 41 40 38 39 40 38 40 38 40 38 38 37 37 38 38 37 41 38 40 37 37 38 34 37 36 35 34 33 34 36 37 38 39 39 40 38 42 41 42 44 40 37 38 38 37 38 37 38 40 41 41 43 45 45
22 22 22 21 21 27 31 34 37 37 39 41 42 43 43 44 44 46 47 51 52 56 54 54 56 53 54 56 55 55 53 51 50 48 49 45 46 43 44 45 44 46 44 43 43 44 44 42 44 42 44 41 41 38 38 39 38 36 40 37 39 35 34 35 31 34 33 32 32 31 32 34 36 37 39 39 41 40 43 42 43 44 40 37 38 37 36 37 36 38 40 41 41 43 45 46
24 24 24 23 23 30 34 37 40 40 41 42 43 43 43 43 43 45 46 49 50 54 51 51 52 49 48 49 47 47 45 44 44 42 44 41 43 41 43 44 44 46 43 42 42 43 43 42 44 42 44 42 41 39 39 40 41 39 43 40 42 38 37 38 35 38 37 36 36 35 36 38 40 40 41 41 43 42 46 44 45 46 42 38 39 38 37 38 37 39 41 43 45 47 49 51
24 24 24 23 23 37 41 44 47 48 49 50 51 51 51 52 52 54 55 59 59 63 61 61 62 57 56 56 53 52 49 48 48 46 46 43 46 44 46 47 47 46 43 43 43 43 43 42 44 41 43 41 39 37 36 37 37 34 40 36 38 36 35 37 34 36 34 33 33 33 34 35 37 37 38 38 39 38 42 39 38 41 38 36 37 36 36 38 38 40 42 44 46 48 50 52
22 22 22 21 21 38 42 45 48 49 50 51 52 52 52 53 53 56 57 62 61 64 61 60 62 59 60 58 56 56 52 51 50 48 48 45 48 47 49 49 49 48 46 45 45 45 45 43 44 42 43 40 39 37 37 38 37 34 40 35 37 35 34 36 34 36 34 33 33 33 34 35 36 37 38 39 41 40 44 41 40 43 40 38 40 38 38 40 40 42 44 45 47 49 52 52
24 24 24 21 21 39 43 45 48 49 50 50 51 51 51 52 52 54 55 60 57 61 57 56 58 56 58 56 54 54 50 50 50 49 49 46 49 48 50 49 49 48 46 46 46 46 46 44 45 42 43 40 39 39 40 41 40 38 41 36 37 34 34 36 33 35 33 32 32 33 33 34 35 37 38 38 41 39 43 41 41 44 42 40 42 41 42 44 43 45 47 48 51 52 54 54
23 23 23 20 20 38 40 41 44 45 46 46 47 47 47 49 49 51 52 57 53 58 54 53 56 54 55 53 51 51 47 49 49 49 49 46 48 47 49 47 47 46 43 43 43 43 43 42 43 40 41 40 40 40 41 42 41 40 42 37 38 34 34 36 33 34 32 31 31 33 33 34 35 37 38 37 41 38 42 41 41 43 43 41 43 42 46 47 46 48 49 51 54 54 56 57
24 24 24 21 21 40 42 43 46 47 48 48 49 49 50 52 52 55 56 61 57 61 58 58 61 60 61 60 57 56 52 53 51 50 50 46 50 48 51 49 49 48 45 47 46 45 45 44 46 43 44 43 42 41 42 43 43 40 42 37 38 35 34 35 32 33 31 32 32 34 35 37 38 39 40 39 42 38 42 41 41 43 43 42 43 42 46 47 46 48 49 51 54 54 57 58
24 24 23 20 19 41 43 44 47 48 49 49 50 50 51 53 54 57 58 63 58 60 58 56 58 57 58 57 55 54 51 53 52 51 51 47 51 49 51 50 51 50 49 51 50 49 49 48 50 47 46 45 43 42 41 43 42 39 41 34 34 31 30 31 28 29 28 29 29 31 33 35 36 37 40 38 40 37 39 38 38 40 39 39 40 39 43 44 43 45 46 47 50 51 55 56
24 24 23 20 19 43 45 46 47 48 48 48 48 48 49 51 52 56 57 62 56 58 54 53 54 52 52 51 50 49 47 49 48 49 49 47 51 50 52 51 51 50 49 51 50 49 49 48 50 48 46 45 43 44 44 46 45 43 45 38 38 36 35 36 33 34 33 34 34 36 38 38 40 42 43 42 43 40 41 40 39 41 39 39 40 39 43 43 43 47 48 49 52 53 58 59
25 25 24 22 21 47 50 51 52 53 53 53 53 53 55 57 59 62 63 67 62 64 59 56 56 54 54 53 52 51 49 50 48 49 50 49 53 53 52 51 51 50 49 50 49 49 47 46 47 45 43 42 40 41 40 41 41 40 42 37 37 37 36 36 33 33 33 34 33 36 38 39 39 41 42 41 42 37 38 37 37 38 36 36 38 37 42 42 42 46 47 48 50 51 54 56
23 23 22 20 19 49 52 53 54 55 55 55 55 55 57 59 63 66 67 69 64 67 63 62 60 60 59 56 55 53 51 52 50 51 52 51 55 54 53 52 53 51 50 51 48 48 47 46 46 45 43 43 42 42 40 41 41 40 42 37 37 37 37 37 34 34 34 35 34 37 38 40 40 43 45 44 45 41 41 40 40 42 39 39 41 40 46 45 45 48 49 50 51 52 54 54
24 22 21 19 18 48 51 52 52 53 53 53 53 53 55 56 61 63 63 65 60 63 59 59 58 58 57 53 54 53 52 53 51 52 53 52 56 54 53 51 53 51 50 51 48 48 47 46 46 45 44 45 44 43 41 41 40 39 39 35 35 35 34 34 31 31 31 32 31 34 36 38 37 40 42 41 42 40 40 40 40 41 39 40 42 41 45 44 45 49 50 50 50 51 53 51
25 23 22 19 18 45 48 49 49 50 50 50 51 51 53 54 59 60 60 62 57 60 57 56 55 55 54 50 52 51 51 52 50 50 51 50 53 51 49 47 48 47 46 47 44 46 46 45 46 46 45 48 47 46 46 46 43 44 43 39 39 39 38 37 34 34 34 36 35 38 39 40 38 41 44 43 44 42 42 43 43 45 43 47 48 47 51 50 50 54 54 54 55 56 56 53
26 24 23 19 18 44 47 48 48 49 49 49 50 50 52 53 58 59 59 62 57 60 58 58 57 56 54 50 51 48 48 49 46 47 49 48 51 49 47 45 47 46 45 45 42 44 45 44 45 45 44 47 45 45 45 44 42 42 41 37 36 36 35 34 33 33 33 35 35 39 40 40 39 42 44 43 43 42 42 44 45 46 43 47 48 47 51 50 50 55 55 55 57 58 57 54
25 23 22 19 18 46 49 50 50 51 51 51 52 53 56 57 62 62 62 63 57 59 55 55 53 54 51 48 49 48 48 49 46 47 49 46 50 49 47 47 49 48 47 47 45 47 48 48 48 48 47 49 48 48 47 46 44 43 40 36 35 35 34 33 33 33 33 35 36 40 40 41 40 41 41 40 38 36 36 38 39 41 38 42 43 42 46 44 44 48 48 49 51 53 53 51
26 24 23 19 18 46 48 49 49 49 49 49 50 51 54 55 60 60 60 61 57 57 53 52 49 52 49 46 46 46 47 49 46 48 51 48 52 50 48 48 50 49 49 49 47 49 50 50 49 48 46 49 49 49 48 48 46 44 41 38 37 37 36 35 35 35 35 37 38 43 43 44 42 44 43 42 39 37 37 39 39 41 38 42 43 42 47 46 46 50 50 51 52 53 53 51
28 26 25 21 21 49 51 51 51 51 51 51 53 55 57 57 61 60 60 62 56 56 52 51 48 52 49 46 46 46 47 47 47 49 52 49 52 51 48 48 50 48 49 49 47 49 49 49 48 47 45 49 48 47 45 45 43 42 40 39 38 37 36 36 36 35 36 38 40 43 43 43 41 43 42 41 38 37 36 38 37 39 37 41 43 42 47 46 46 49 50 49 50 52 52 50
25 23 23 19 19 51 53 53 53 53 53 53 55 58 61 62 66 64 64 67 61 63 58 57 52 55 51 48 48 48 49 49 49 51 53 50 52 52 49 48 50 46 47 45 44 46 45 46 46 45 43 47 46 44 44 44 42 41 39 39 38 37 36 36 37 36 37 39 40 43 43 43 42 44 43 42 39 39 39 40 39 41 39 43 45 44 49 49 49 52 53 51 52 51 50 47
24 22 22 18 18 45 46 46 46 46 46 46 48 51 54 55 60 59 59 63 58 61 58 59 52 55 52 51 51 51 52 52 53 55 58 54 56 55 52 51 52 48 49 47 46 48 47 48 49 49 46 48 47 44 45 42 41 40 38 38 37 36 35 35 36 35 36 37 39 43 42 42 41 43 42 42 40 40 40 42 42 43 42 45 46 46 51 52 51 53 54 52 52 50 47 43
22 20 19 15 15 40 41 41 41 42 42 42 44 47 50 52 57 56 57 61 57 59 56 57 50 54 52 52 52 52 52 52 53 55 57 53 54 52 50 49 50 46 47 48 47 50 50 51 53 54 51 53 53 48 49 47 46 45 43 43 41 40 39 39 40 39 40 40 42 44 44 45 44 45 46 46 44 45 44 47 47 48 47 50 51 51 55 56 56 59 60 57 56 54 50 46
22 20 19 15 14 40 41 41 41 42 42 42 44 47 50 52 57 56 58 63 59 63 61 61 54 56 52 52 51 51 50 52 53 54 57 53 54 52 51 50 51 47 48 48 48 50 50 50 53 54 52 54 53 49 49 47 45 43 42 41 39 38 38 38 39 39 41 42 44 45 45 46 45 45 45 46 45 48 47 50 49 50 49 52 53 53 55 59 59 62 63 60 58 56 53 49
19 18 17 14 13 36 37 37 37 38 38 39 42 45 48 50 53 52 54 59 54 58 56 57 51 53 51 52 51 51 50 52 53 52 56 53 54 54 53 53 53 49 50 50 50 50 50 50 52 53 52 53 52 48 48 44 41 39 38 37 35 34 35 35 36 36 39 40 43 43 44 43 43 42 41 42 41 44 43 46 45 46 45 48 48 49 49 53 53 57 58 55 56 54 53 50
19 18 17 14 13 36 36 36 36 37 37 38 41 44 47 49 52 52 54 58 52 57 55 56 50 52 49 51 50 50 49 52 55 54 57 54 55 55 55 55 56 52 53 53 53 53 51 51 53 54 53 54 53 48 47 43 41 39 38 37 35 34 35 35 36 35 39 40 43 43 43 43 43 43 41 42 42 43 42 45 44 45 44 48 48 50 50 54 54 59 60 58 59 58 57 55
22 21 20 17 15 37 37 37 37 38 39 40 43 46 49 51 54 51 52 56 50 55 52 53 47 48 46 48 47 49 48 51 54 52 55 53 54 54 55 56 57 53 54 54 54 54 53 52 56 58 56 57 56 51 50 47 44 42 42 40 39 38 39 39 40 40 44 45 47 45 44 43 42 42 39 40 39 41 39 42 41 43 43 47 47 49 48 52 51 55 57 55 56 55 56 54
20 19 18 17 15 40 40 40 40 41 43 45 48 51 54 56 59 58 61 65 59 63 59 59 53 54 52 54 53 55 54 57 59 56 58 57 57 57 58 56 56 53 53 53 51 52 49 48 50 52 49 50 50 45 45 42 40 39 39 37 36 36 37 37 38 38 42 43 45 44 45 44 43 42 40 42 41 43 41 44 43 46 46 50 50 53 52 55 54 58 59 56 55 54 53 52
18 17 16 15 13 33 33 33 33 34 36 38 41 44 48 51 56 56 59 64 59 62 59 59 56 57 55 57 57 60 59 62 63 60 62 60 58 57 58 56 55 52 52 52 50 53 51 51 52 52 48 48 46 42 42 39 37 37 38 36 35 35 36 36 36 37 40 42 42 42 43 42 42 41 40 42 44 46 44 45 45 47 47 51 52 54 52 56 54 58 57 54 52 50 49 48
18 17 16 15 12 27 27 28 28 29 31 33 37 39 44 48 54 55 58 62 58 62 60 60 59 59 57 58 58 60 59 62 62 58 60 59 57 56 57 55 55 53 54 55 53 55 55 55 56 56 54 52 51 48 48 45 43 43 42 40 39 39 40 40 39 40 42 43 43 44 44 44 45 44 44 46 49 50 48 49 49 51 51 54 55 57 56 59 57 60 57 55 53 51 50 49
16 15 14 12 9 28 28 30 30 31 33 35 40 41 46 50 57 58 61 64 61 64 61 59 58 57 55 56 55 57 56 59 59 55 57 58 56 55 56 54 53 52 54 54 51 53 54 55 56 56 55 53 51 49 47 45 42 42 41 40 39 39 40 40 40 41 43 43 43 44 43 42 43 42 42 45 48 49 47 48 48 50 50 52 55 59 57 61 59 62 57 55 54 53 52 51
15 14 14 12 9 24 24 26 27 29 31 33 38 39 43 47 53 55 58 61 60 62 59 57 57 57 55 56 55 58 55 59 60 56 59 60 58 57 58 56 55 54 55 54 51 53 53 55 56 56 55 53 50 47 44 43 40 40 39 39 38 38 39 39 39 42 43 43 43 43 41 39 40 40 40 43 46 46 44 45 45 46 47 48 50 54 51 56 54 58 55 55 55 54 53 52
15 14 14 13 10 24 24 26 27 29 31 33 38 39 42 46 51 52 54 57 57 59 56 54 54 54 52 53 53 57 55 59 59 55 57 60 58 58 59 57 56 55 56 54 51 53 53 55 55 53 51 49 46 44 41 41 38 38 37 37 37 37 37 37 38 41 42 42 41 41 40 38 39 39 40 41 44 44 43 44 45 46 47 48 50 55 53 58 56 60 57 56 56 56 55 55
18 17 17 16 12 25 25 27 29 31 33 35 40 41 44 46 50 51 52 55 54 55 51 49 49 50 49 51 51 55 52 56 56 53 55 58 58 58 59 57 56 55 56 56 52 55 57 60 59 58 56 55 52 51 48 48 45 45 44 44 43 43 44 44 46 48 47 47 44 45 43 41 40 39 40 41 44 43 42 43 45 46 46 47 49 53 52 55 54 57 54 54 55 54 53 53
18 18 17 16 12 28 29 31 35 38 40 43 47 48 52 56 60 61 61 64 62 62 58 56 56 57 56 57 57 60 57 59 60 58 58 61 59 58 58 55 54 54 56 53 49 50 52 54 53 53 51 50 49 49 46 46 44 44 43 44 43 43 44 44 46 49 48 48 45 47 43 42 42 39 41 42 45 44 43 45 47 48 48 49 51 53 51 54 53 53 50 49 49 49 48 49
17 17 16 15 11 26 27 29 33 37 39 43 48 50 54 59 62 63 63 66 65 65 61 59 59 60 61 62 62 65 61 63 63 60 59 61 58 57 58 55 54 54 55 52 49 49 50 52 48 49 46 45 44 44 41 43 41 41 40 41 40 40 40 41 44 47 46 46 43 45 41 41 41 40 42 42 44 43 42 45 47 49 49 48 51 54 51 54 53 52 48 47 47 47 46 47
15 15 14 13 9 24 25 27 31 35 36 40 46 49 53 58 61 62 65 68 66 66 64 62 62 63 64 65 65 68 64 66 64 63 62 64 62 61 62 60 61 61 63 60 59 59 60 61 55 55 52 51 50 51 48 50 47 47 46 47 46 45 45 44 47 49 46 47 44 47 46 46 47 47 49 48 49 48 47 50 51 52 52 51 54 56 52 54 53 52 48 46 45 45 44 45
13 13 12 11 8 22 23 25 29 34 35 39 45 49 53 58 61 63 65 65 63 63 61 59 58 59 60 61 60 62 57 59 57 58 57 59 57 55 56 55 57 55 57 54 56 56 58 59 54 53 52 51 49 50 46 47 45 45 44 45 45 44 44 43 46 47 44 45 42 45 44 44 46 47 48 47 49 48 47 48 49 51 53 52 56 59 55 57 56 54 50 48 47 47 46 47
14 14 13 12 9 20 21 24 28 33 34 37 43 47 52 57 61 64 66 66 63 62 61 59 58 59 60 62 60 63 59 61 60 61 60 61 59 57 57 56 58 56 58 54 57 56 58 59 53 53 50 49 48 49 45 46 45 45 44 45 45 44 46 45 48 48 45 44 40 42 41 41 43 44 45 43 45 43 42 42 44 46 48 47 50 54 51 54 54 53 51 49 48 47 46 47
13 13 11 10 8 20 21 24 28 33 34 37 42 46 50 54 58 61 63 63 61 61 59 58 57 59 60 62 60 63 59 61 61 62 61 62 62 60 60 59 61 57 60 56 59 58 60 60 53 53 49 49 47 48 44 45 44 44 44 45 45 45 47 46 48 48 45 45 42 43 42 42 42 43 44 42 44 42 42 42 44 45 47 46 49 53 52 55 55 53 52 50 49 49 48 49
16 15 13 12 11 19 20 23 27 32 33 36 39 43 46 50 54 57 57 56 54 53 52 53 53 55 56 57 56 59 56 58 58 61 60 62 62 60 60 60 62 58 61 59 64 62 64 64 57 57 55 55 53 54 51 52 51 50 50 52 52 52 55 54 54 53 49 50 47 47 47 46 47 47 48 45 47 45 45 45 46 47 48 47 50 52 52 54 54 52 53 50 49 49 48 49
